cost_values:
  wind_capex: 5000.0
  wind_opex: 100
  wind_lifetime: 20
  solar_capex: 1000.0
  solar_opex: 10
  solar_lifetime: 20
  carbon_price: 1.0
timeseries_values:
  load_level: 252142.46085170782
  wind_year: 2010
  solar_year: 2018
  price_year: 2023
  carbon_year: 2023
storage_values:
  CAES:
    cost: 42.667
    lifetime: 24.2115
    annual_cost: 1.76226173512587
    efficiency: 0.554336
    discharge_ratio: 0.1
    depth_of_discharge: 0.4
  Li-ion:
    cost: 228.104
    lifetime: 23.5758
    annual_cost: 9.675345057219692
    efficiency: 0.861495
    discharge_ratio: 2
    depth_of_discharge: 0.9
  Pb-acid:
    cost: 123.077
    lifetime: 11.341
    annual_cost: 10.852393968785822
    efficiency: 0.728775
    discharge_ratio: 5
    depth_of_discharge: 0.5
  VRBF:
    cost: 192.893
    lifetime: 24.1213
    annual_cost: 7.996791217720437
    efficiency: 0.74327
    discharge_ratio: 0.5
    depth_of_discharge: 1.0
