cost_values:
  wind_capex: 5000.0
  wind_opex: 100
  wind_lifetime: 20
  solar_capex: 1000.0
  solar_opex: 10
  solar_lifetime: 20
  carbon_price: 1.0
timeseries_values:
  load_level: 252142.46085170782
  wind_year: 2010
  solar_year: 2018
  price_year: 2023
  carbon_year: 2023
storage_values:
  CAES:
    cost: 49.4123
    lifetime: 24.382
    annual_cost: 2.0265892871790663
    efficiency: 0.559862
    discharge_ratio: 0.1
    depth_of_discharge: 0.4
  Li-ion:
    cost: 237.794
    lifetime: 22.2161
    annual_cost: 10.703678863526902
    efficiency: 0.860684
    discharge_ratio: 2
    depth_of_discharge: 0.9
  Pb-acid:
    cost: 124.916
    lifetime: 9.73143
    annual_cost: 12.836345737471266
    efficiency: 0.733272
    discharge_ratio: 5
    depth_of_discharge: 0.5
  VRBF:
    cost: 191.631
    lifetime: 23.7109
    annual_cost: 8.081979174135103
    efficiency: 0.718411
    discharge_ratio: 0.5
    depth_of_discharge: 1.0
