cost_values:
  wind_capex: 5000.0
  wind_opex: 100
  wind_lifetime: 20
  solar_capex: 1000.0
  solar_opex: 10
  solar_lifetime: 20
  carbon_price: 1.0
timeseries_values:
  load_level: 252142.46085170782
  wind_year: 2010
  solar_year: 2018
  price_year: 2023
  carbon_year: 2023
storage_values:
  CAES:
    cost: 51.7757
    lifetime: 24.6684
    annual_cost: 2.09886737688703
    efficiency: 0.569681
    discharge_ratio: 0.1
    depth_of_discharge: 0.4
  Li-ion:
    cost: 224.996
    lifetime: 22.6465
    annual_cost: 9.935133464332237
    efficiency: 0.862131
    discharge_ratio: 2
    depth_of_discharge: 0.9
  Pb-acid:
    cost: 128.738
    lifetime: 10.9305
    annual_cost: 11.777869264900964
    efficiency: 0.724343
    discharge_ratio: 5
    depth_of_discharge: 0.5
  VRBF:
    cost: 179.182
    lifetime: 24.4037
    annual_cost: 7.342411191745513
    efficiency: 0.73806
    discharge_ratio: 0.5
    depth_of_discharge: 1.0
