cost_values:
  wind_capex: 5000.0
  wind_opex: 100
  wind_lifetime: 20
  solar_capex: 1000.0
  solar_opex: 10
  solar_lifetime: 20
  carbon_price: 1.0
timeseries_values:
  load_level: 252142.46085170782
  wind_year: 2010
  solar_year: 2018
  price_year: 2023
  carbon_year: 2023
storage_values:
  CAES:
    cost: 51.1362
    lifetime: 24.6147
    annual_cost: 2.0774659045204698
    efficiency: 0.552216
    discharge_ratio: 0.1
    depth_of_discharge: 0.4
  Li-ion:
    cost: 230.443
    lifetime: 22.5928
    annual_cost: 10.199842427676074
    efficiency: 0.858117
    discharge_ratio: 2
    depth_of_discharge: 0.9
  Pb-acid:
    cost: 141.581
    lifetime: 10.2191
    annual_cost: 13.854546877905099
    efficiency: 0.741471
    discharge_ratio: 5
    depth_of_discharge: 0.5
  VRBF:
    cost: 165.567
    lifetime: 24.3103
    annual_cost: 6.810570005306393
    efficiency: 0.732933
    discharge_ratio: 0.5
    depth_of_discharge: 1.0
