cost_values:
  wind_capex: 5000.0
  wind_opex: 100
  wind_lifetime: 20
  solar_capex: 1000.0
  solar_opex: 10
  solar_lifetime: 20
  carbon_price: 1.0
timeseries_values:
  load_level: 252142.46085170782
  wind_year: 2010
  solar_year: 2018
  price_year: 2023
  carbon_year: 2023
storage_values:
  CAES:
    cost: 57.2749
    lifetime: 23.6703
    annual_cost: 2.4196947229228187
    efficiency: 0.566602
    discharge_ratio: 0.1
    depth_of_discharge: 0.4
  Li-ion:
    cost: 247.113
    lifetime: 22.328
    annual_cost: 11.06740415621641
    efficiency: 0.8552
    discharge_ratio: 2
    depth_of_discharge: 0.9
  Pb-acid:
    cost: 143.147
    lifetime: 12.7498
    annual_cost: 11.227391802224348
    efficiency: 0.736066
    discharge_ratio: 5
    depth_of_discharge: 0.5
  VRBF:
    cost: 227.269
    lifetime: 23.1952
    annual_cost: 9.798104780299372
    efficiency: 0.719601
    discharge_ratio: 0.5
    depth_of_discharge: 1.0
