cost_values:
  wind_capex: 5000.0
  wind_opex: 100
  wind_lifetime: 20
  solar_capex: 1000.0
  solar_opex: 10
  solar_lifetime: 20
  carbon_price: 1.0
timeseries_values:
  load_level: 252142.46085170782
  wind_year: 2010
  solar_year: 2018
  price_year: 2023
  carbon_year: 2023
storage_values:
  CAES:
    cost: 47.9163
    lifetime: 24.4565
    annual_cost: 1.959246008218674
    efficiency: 0.559128
    discharge_ratio: 0.1
    depth_of_discharge: 0.4
  Li-ion:
    cost: 248.267
    lifetime: 21.7571
    annual_cost: 11.410849791562294
    efficiency: 0.85892
    discharge_ratio: 2
    depth_of_discharge: 0.9
  Pb-acid:
    cost: 135.956
    lifetime: 9.47805
    annual_cost: 14.34430077916871
    efficiency: 0.732849
    discharge_ratio: 5
    depth_of_discharge: 0.5
  VRBF:
    cost: 197.546
    lifetime: 24.65
    annual_cost: 8.014036511156187
    efficiency: 0.744324
    discharge_ratio: 0.5
    depth_of_discharge: 1.0
