cost_values:
  wind_capex: 5000.0
  wind_opex: 100
  wind_lifetime: 20
  solar_capex: 1000.0
  solar_opex: 10
  solar_lifetime: 20
  carbon_price: 1.0
timeseries_values:
  load_level: 252142.46085170782
  wind_year: 2010
  solar_year: 2018
  price_year: 2023
  carbon_year: 2023
storage_values:
  CAES:
    cost: 52.2906
    lifetime: 24.615
    annual_cost: 2.124338817794028
    efficiency: 0.566481
    discharge_ratio: 0.1
    depth_of_discharge: 0.4
  Li-ion:
    cost: 220.947
    lifetime: 21.4257
    annual_cost: 10.312241840406616
    efficiency: 0.850629
    discharge_ratio: 2
    depth_of_discharge: 0.9
  Pb-acid:
    cost: 131.726
    lifetime: 9.7329
    annual_cost: 13.53409569604126
    efficiency: 0.727774
    discharge_ratio: 5
    depth_of_discharge: 0.5
  VRBF:
    cost: 164.802
    lifetime: 24.7758
    annual_cost: 6.651732739205192
    efficiency: 0.72341
    discharge_ratio: 0.5
    depth_of_discharge: 1.0
