cost_values:
  wind_capex: 5000.0
  wind_opex: 100
  wind_lifetime: 20
  solar_capex: 1000.0
  solar_opex: 10
  solar_lifetime: 20
  carbon_price: 1.0
timeseries_values:
  load_level: 252142.46085170782
  wind_year: 2010
  solar_year: 2018
  price_year: 2023
  carbon_year: 2023
storage_values:
  CAES:
    cost: 47.9039
    lifetime: 24.4167
    annual_cost: 1.9619317925845836
    efficiency: 0.562695
    discharge_ratio: 0.1
    depth_of_discharge: 0.4
  Li-ion:
    cost: 223.207
    lifetime: 22.6209
    annual_cost: 9.867290868179428
    efficiency: 0.859435
    discharge_ratio: 2
    depth_of_discharge: 0.9
  Pb-acid:
    cost: 144.627
    lifetime: 11.2341
    annual_cost: 12.873928485592973
    efficiency: 0.730036
    discharge_ratio: 5
    depth_of_discharge: 0.5
  VRBF:
    cost: 190.593
    lifetime: 24.2019
    annual_cost: 7.875125506675096
    efficiency: 0.75447
    discharge_ratio: 0.5
    depth_of_discharge: 1.0
