cost_values:
  wind_capex: 5000.0
  wind_opex: 100
  wind_lifetime: 20
  solar_capex: 1000.0
  solar_opex: 10
  solar_lifetime: 20
  carbon_price: 1.0
timeseries_values:
  load_level: 252142.46085170782
  wind_year: 2010
  solar_year: 2018
  price_year: 2023
  carbon_year: 2023
storage_values:
  CAES:
    cost: 52.0669
    lifetime: 23.5632
    annual_cost: 2.2096701636450056
    efficiency: 0.556591
    discharge_ratio: 0.1
    depth_of_discharge: 0.4
  Li-ion:
    cost: 249.032
    lifetime: 24.3351
    annual_cost: 10.233448804401872
    efficiency: 0.863149
    discharge_ratio: 2
    depth_of_discharge: 0.9
  Pb-acid:
    cost: 130.199
    lifetime: 11.1378
    annual_cost: 11.689831025875847
    efficiency: 0.722525
    discharge_ratio: 5
    depth_of_discharge: 0.5
  VRBF:
    cost: 163.963
    lifetime: 22.9108
    annual_cost: 7.156581175690068
    efficiency: 0.735957
    discharge_ratio: 0.5
    depth_of_discharge: 1.0
