cost_values:
  wind_capex: 5000.0
  wind_opex: 100
  wind_lifetime: 20
  solar_capex: 1000.0
  solar_opex: 10
  solar_lifetime: 20
  carbon_price: 1.0
timeseries_values:
  load_level: 252142.46085170782
  wind_year: 2010
  solar_year: 2018
  price_year: 2023
  carbon_year: 2023
storage_values:
  CAES:
    cost: 47.6922
    lifetime: 24.4511
    annual_cost: 1.9505134738314431
    efficiency: 0.55484
    discharge_ratio: 0.1
    depth_of_discharge: 0.4
  Li-ion:
    cost: 233.371
    lifetime: 22.4701
    annual_cost: 10.385846079901738
    efficiency: 0.877574
    discharge_ratio: 2
    depth_of_discharge: 0.9
  Pb-acid:
    cost: 136.04
    lifetime: 10.9631
    annual_cost: 12.408898942817267
    efficiency: 0.731557
    discharge_ratio: 5
    depth_of_discharge: 0.5
  VRBF:
    cost: 196.696
    lifetime: 27.6003
    annual_cost: 7.126589203740539
    efficiency: 0.759679
    discharge_ratio: 0.5
    depth_of_discharge: 1.0
