cost_values:
  wind_capex: 5000.0
  wind_opex: 100
  wind_lifetime: 20
  solar_capex: 1000.0
  solar_opex: 10
  solar_lifetime: 20
  carbon_price: 1.0
timeseries_values:
  load_level: 252142.46085170782
  wind_year: 2010
  solar_year: 2018
  price_year: 2023
  carbon_year: 2023
storage_values:
  CAES:
    cost: 47.1203
    lifetime: 24.3989
    annual_cost: 1.9312469004750212
    efficiency: 0.567008
    discharge_ratio: 0.1
    depth_of_discharge: 0.4
  Li-ion:
    cost: 224.147
    lifetime: 21.7294
    annual_cost: 10.31537916371368
    efficiency: 0.85343
    discharge_ratio: 2
    depth_of_discharge: 0.9
  Pb-acid:
    cost: 135.357
    lifetime: 8.71175
    annual_cost: 15.537291588945964
    efficiency: 0.720961
    discharge_ratio: 5
    depth_of_discharge: 0.5
  VRBF:
    cost: 181.622
    lifetime: 24.8683
    annual_cost: 7.30335406923674
    efficiency: 0.730526
    discharge_ratio: 0.5
    depth_of_discharge: 1.0
