cost_values:
  wind_capex: 5000.0
  wind_opex: 100
  wind_lifetime: 20
  solar_capex: 1000.0
  solar_opex: 10
  solar_lifetime: 20
  carbon_price: 1.0
timeseries_values:
  load_level: 252142.46085170782
  wind_year: 2010
  solar_year: 2018
  price_year: 2023
  carbon_year: 2023
storage_values:
  CAES:
    cost: 53.4448
    lifetime: 24.4753
    annual_cost: 2.1836218555033033
    efficiency: 0.561402
    discharge_ratio: 0.1
    depth_of_discharge: 0.4
  Li-ion:
    cost: 241.745
    lifetime: 18.9471
    annual_cost: 12.758944640604632
    efficiency: 0.874036
    discharge_ratio: 2
    depth_of_discharge: 0.9
  Pb-acid:
    cost: 135.158
    lifetime: 10.5197
    annual_cost: 12.84808502143597
    efficiency: 0.738122
    discharge_ratio: 5
    depth_of_discharge: 0.5
  VRBF:
    cost: 213.424
    lifetime: 23.8878
    annual_cost: 8.934435150997581
    efficiency: 0.745986
    discharge_ratio: 0.5
    depth_of_discharge: 1.0
