cost_values:
  wind_capex: 5000.0
  wind_opex: 100
  wind_lifetime: 20
  solar_capex: 1000.0
  solar_opex: 10
  solar_lifetime: 20
  carbon_price: 1.0
timeseries_values:
  load_level: 252142.46085170782
  wind_year: 2010
  solar_year: 2018
  price_year: 2023
  carbon_year: 2023
storage_values:
  CAES:
    cost: 43.2999
    lifetime: 24.1088
    annual_cost: 1.79602054021768
    efficiency: 0.557524
    discharge_ratio: 0.1
    depth_of_discharge: 0.4
  Li-ion:
    cost: 233.522
    lifetime: 24.0542
    annual_cost: 9.70815907409101
    efficiency: 0.851788
    discharge_ratio: 2
    depth_of_discharge: 0.9
  Pb-acid:
    cost: 130.558
    lifetime: 11.6109
    annual_cost: 11.244434109328303
    efficiency: 0.725521
    discharge_ratio: 5
    depth_of_discharge: 0.5
  VRBF:
    cost: 182.703
    lifetime: 24.6045
    annual_cost: 7.4255928793513375
    efficiency: 0.746999
    discharge_ratio: 0.5
    depth_of_discharge: 1.0
