cost_values:
  wind_capex: 5000.0
  wind_opex: 100
  wind_lifetime: 20
  solar_capex: 1000.0
  solar_opex: 10
  solar_lifetime: 20
  carbon_price: 1.0
timeseries_values:
  load_level: 252142.46085170782
  wind_year: 2010
  solar_year: 2018
  price_year: 2023
  carbon_year: 2023
storage_values:
  CAES:
    cost: 49.5982
    lifetime: 24.3506
    annual_cost: 2.036836874656066
    efficiency: 0.563493
    discharge_ratio: 0.1
    depth_of_discharge: 0.4
  Li-ion:
    cost: 241.426
    lifetime: 23.2147
    annual_cost: 10.399703636058186
    efficiency: 0.85118
    discharge_ratio: 2
    depth_of_discharge: 0.9
  Pb-acid:
    cost: 147.2
    lifetime: 7.95195
    annual_cost: 18.5111827916423
    efficiency: 0.719916
    discharge_ratio: 5
    depth_of_discharge: 0.5
  VRBF:
    cost: 190.919
    lifetime: 23.6094
    annual_cost: 8.086567214753446
    efficiency: 0.738371
    discharge_ratio: 0.5
    depth_of_discharge: 1.0
