cost_values:
  wind_capex: 5000.0
  wind_opex: 100
  wind_lifetime: 20
  solar_capex: 1000.0
  solar_opex: 10
  solar_lifetime: 20
  carbon_price: 1.0
timeseries_values:
  load_level: 252142.46085170782
  wind_year: 2010
  solar_year: 2018
  price_year: 2023
  carbon_year: 2023
storage_values:
  CAES:
    cost: 50.7368
    lifetime: 24.2296
    annual_cost: 2.094000726384257
    efficiency: 0.562952
    discharge_ratio: 0.1
    depth_of_discharge: 0.4
  Li-ion:
    cost: 239.626
    lifetime: 22.4571
    annual_cost: 10.6703893200814
    efficiency: 0.86613
    discharge_ratio: 2
    depth_of_discharge: 0.9
  Pb-acid:
    cost: 167.746
    lifetime: 11.1942
    annual_cost: 14.98508156009362
    efficiency: 0.738661
    discharge_ratio: 5
    depth_of_discharge: 0.5
  VRBF:
    cost: 186.388
    lifetime: 24.4093
    annual_cost: 7.635942038485331
    efficiency: 0.725776
    discharge_ratio: 0.5
    depth_of_discharge: 1.0
