cost_values:
  wind_capex: 5000.0
  wind_opex: 100
  wind_lifetime: 20
  solar_capex: 1000.0
  solar_opex: 10
  solar_lifetime: 20
  carbon_price: 1.0
timeseries_values:
  load_level: 252142.46085170782
  wind_year: 2010
  solar_year: 2018
  price_year: 2023
  carbon_year: 2023
storage_values:
  CAES:
    cost: 55.6069
    lifetime: 24.0827
    annual_cost: 2.308997745269426
    efficiency: 0.560868
    discharge_ratio: 0.1
    depth_of_discharge: 0.4
  Li-ion:
    cost: 229.251
    lifetime: 22.9498
    annual_cost: 9.98923737897498
    efficiency: 0.853699
    discharge_ratio: 2
    depth_of_discharge: 0.9
  Pb-acid:
    cost: 126.529
    lifetime: 8.93655
    annual_cost: 14.158595878722773
    efficiency: 0.729023
    discharge_ratio: 5
    depth_of_discharge: 0.5
  VRBF:
    cost: 178.364
    lifetime: 22.8371
    annual_cost: 7.810273633692544
    efficiency: 0.739167
    discharge_ratio: 0.5
    depth_of_discharge: 1.0
