cost_values:
  wind_capex: 5000.0
  wind_opex: 100
  wind_lifetime: 20
  solar_capex: 1000.0
  solar_opex: 10
  solar_lifetime: 20
  carbon_price: 1.0
timeseries_values:
  load_level: 252142.46085170782
  wind_year: 2010
  solar_year: 2018
  price_year: 2023
  carbon_year: 2023
storage_values:
  CAES:
    cost: 50.7358
    lifetime: 24.2744
    annual_cost: 2.090094914807369
    efficiency: 0.566079
    discharge_ratio: 0.1
    depth_of_discharge: 0.4
  Li-ion:
    cost: 238.545
    lifetime: 21.5918
    annual_cost: 11.047944126937077
    efficiency: 0.860072
    discharge_ratio: 2
    depth_of_discharge: 0.9
  Pb-acid:
    cost: 144.787
    lifetime: 8.88201
    annual_cost: 16.301152554433063
    efficiency: 0.722934
    discharge_ratio: 5
    depth_of_discharge: 0.5
  VRBF:
    cost: 166.224
    lifetime: 23.8712
    annual_cost: 6.963370086128891
    efficiency: 0.729375
    discharge_ratio: 0.5
    depth_of_discharge: 1.0
