cost_values:
  wind_capex: 5000.0
  wind_opex: 100
  wind_lifetime: 20
  solar_capex: 1000.0
  solar_opex: 10
  solar_lifetime: 20
  carbon_price: 1.0
timeseries_values:
  load_level: 252142.46085170782
  wind_year: 2010
  solar_year: 2018
  price_year: 2023
  carbon_year: 2023
storage_values:
  CAES:
    cost: 35.6912
    lifetime: 24.366
    annual_cost: 1.4647952064351968
    efficiency: 0.569368
    discharge_ratio: 0.1
    depth_of_discharge: 0.4
  Li-ion:
    cost: 244.89
    lifetime: 22.922
    annual_cost: 10.683622720530494
    efficiency: 0.852838
    discharge_ratio: 2
    depth_of_discharge: 0.9
  Pb-acid:
    cost: 113.441
    lifetime: 10.1791
    annual_cost: 11.144501969722274
    efficiency: 0.722112
    discharge_ratio: 5
    depth_of_discharge: 0.5
  VRBF:
    cost: 155.312
    lifetime: 25.0394
    annual_cost: 6.202704537648666
    efficiency: 0.73489
    discharge_ratio: 0.5
    depth_of_discharge: 1.0
