cost_values:
  wind_capex: 5000.0
  wind_opex: 100
  wind_lifetime: 20
  solar_capex: 1000.0
  solar_opex: 10
  solar_lifetime: 20
  carbon_price: 1.0
timeseries_values:
  load_level: 252142.46085170782
  wind_year: 2010
  solar_year: 2018
  price_year: 2023
  carbon_year: 2023
storage_values:
  CAES:
    cost: 51.6561
    lifetime: 24.3768
    annual_cost: 2.119068130353451
    efficiency: 0.560205
    discharge_ratio: 0.1
    depth_of_discharge: 0.4
  Li-ion:
    cost: 241.159
    lifetime: 23.7537
    annual_cost: 10.152481508143994
    efficiency: 0.853706
    discharge_ratio: 2
    depth_of_discharge: 0.9
  Pb-acid:
    cost: 136.895
    lifetime: 10.1765
    annual_cost: 13.452070947771828
    efficiency: 0.722942
    discharge_ratio: 5
    depth_of_discharge: 0.5
  VRBF:
    cost: 191.323
    lifetime: 23.3632
    annual_cost: 8.189075126694974
    efficiency: 0.733598
    discharge_ratio: 0.5
    depth_of_discharge: 1.0
