cost_values:
  wind_capex: 5000.0
  wind_opex: 100
  wind_lifetime: 20
  solar_capex: 1000.0
  solar_opex: 10
  solar_lifetime: 20
  carbon_price: 1.0
timeseries_values:
  load_level: 252142.46085170782
  wind_year: 2010
  solar_year: 2018
  price_year: 2023
  carbon_year: 2023
storage_values:
  CAES:
    cost: 42.969
    lifetime: 24.1977
    annual_cost: 1.7757472817664488
    efficiency: 0.568842
    discharge_ratio: 0.1
    depth_of_discharge: 0.4
  Li-ion:
    cost: 241.421
    lifetime: 22.7801
    annual_cost: 10.597890263870658
    efficiency: 0.861814
    discharge_ratio: 2
    depth_of_discharge: 0.9
  Pb-acid:
    cost: 137.193
    lifetime: 13.155
    annual_cost: 10.42896237172178
    efficiency: 0.741891
    discharge_ratio: 5
    depth_of_discharge: 0.5
  VRBF:
    cost: 190.607
    lifetime: 24.871
    annual_cost: 7.66382533874794
    efficiency: 0.722728
    discharge_ratio: 0.5
    depth_of_discharge: 1.0
