cost_values:
  wind_capex: 5000.0
  wind_opex: 100
  wind_lifetime: 20
  solar_capex: 1000.0
  solar_opex: 10
  solar_lifetime: 20
  carbon_price: 1.0
timeseries_values:
  load_level: 252142.46085170782
  wind_year: 2010
  solar_year: 2018
  price_year: 2023
  carbon_year: 2023
storage_values:
  CAES:
    cost: 52.3212
    lifetime: 23.4517
    annual_cost: 2.231019499652477
    efficiency: 0.557959
    discharge_ratio: 0.1
    depth_of_discharge: 0.4
  Li-ion:
    cost: 247.99
    lifetime: 22.4331
    annual_cost: 11.054646927976963
    efficiency: 0.851177
    discharge_ratio: 2
    depth_of_discharge: 0.9
  Pb-acid:
    cost: 129.101
    lifetime: 10.3092
    annual_cost: 12.522892173980521
    efficiency: 0.731353
    discharge_ratio: 5
    depth_of_discharge: 0.5
  VRBF:
    cost: 214.199
    lifetime: 26.1962
    annual_cost: 8.176720287675312
    efficiency: 0.736883
    discharge_ratio: 0.5
    depth_of_discharge: 1.0
