cost_values:
  wind_capex: 5000.0
  wind_opex: 100
  wind_lifetime: 20
  solar_capex: 1000.0
  solar_opex: 10
  solar_lifetime: 20
  carbon_price: 1.0
timeseries_values:
  load_level: 252142.46085170782
  wind_year: 2010
  solar_year: 2018
  price_year: 2023
  carbon_year: 2023
storage_values:
  CAES:
    cost: 49.4305
    lifetime: 22.9566
    annual_cost: 2.153215197372433
    efficiency: 0.561018
    discharge_ratio: 0.1
    depth_of_discharge: 0.4
  Li-ion:
    cost: 236.396
    lifetime: 23.2338
    annual_cost: 10.174659332524167
    efficiency: 0.856663
    discharge_ratio: 2
    depth_of_discharge: 0.9
  Pb-acid:
    cost: 145.845
    lifetime: 10.7213
    annual_cost: 13.603294376614777
    efficiency: 0.719081
    discharge_ratio: 5
    depth_of_discharge: 0.5
  VRBF:
    cost: 196.199
    lifetime: 25.6611
    annual_cost: 7.645775122656472
    efficiency: 0.716962
    discharge_ratio: 0.5
    depth_of_discharge: 1.0
