cost_values:
  wind_capex: 5000.0
  wind_opex: 100
  wind_lifetime: 20
  solar_capex: 1000.0
  solar_opex: 10
  solar_lifetime: 20
  carbon_price: 1.0
timeseries_values:
  load_level: 252142.46085170782
  wind_year: 2010
  solar_year: 2018
  price_year: 2023
  carbon_year: 2023
storage_values:
  CAES:
    cost: 56.6803
    lifetime: 24.4193
    annual_cost: 2.3211271412366448
    efficiency: 0.561931
    discharge_ratio: 0.1
    depth_of_discharge: 0.4
  Li-ion:
    cost: 214.978
    lifetime: 23.7807
    annual_cost: 9.040019848028024
    efficiency: 0.856859
    discharge_ratio: 2
    depth_of_discharge: 0.9
  Pb-acid:
    cost: 149.859
    lifetime: 10.2199
    annual_cost: 14.663450718695877
    efficiency: 0.717294
    discharge_ratio: 5
    depth_of_discharge: 0.5
  VRBF:
    cost: 198.235
    lifetime: 25.8439
    annual_cost: 7.670475431339697
    efficiency: 0.716045
    discharge_ratio: 0.5
    depth_of_discharge: 1.0
