cost_values:
  wind_capex: 5000.0
  wind_opex: 100
  wind_lifetime: 20
  solar_capex: 1000.0
  solar_opex: 10
  solar_lifetime: 20
  carbon_price: 1.0
timeseries_values:
  load_level: 252142.46085170782
  wind_year: 2010
  solar_year: 2018
  price_year: 2023
  carbon_year: 2023
storage_values:
  CAES:
    cost: 46.0491
    lifetime: 23.053
    annual_cost: 1.997531774606342
    efficiency: 0.561568
    discharge_ratio: 0.1
    depth_of_discharge: 0.4
  Li-ion:
    cost: 232.603
    lifetime: 22.9729
    annual_cost: 10.12510392680071
    efficiency: 0.857957
    discharge_ratio: 2
    depth_of_discharge: 0.9
  Pb-acid:
    cost: 133.915
    lifetime: 11.2366
    annual_cost: 11.917750921097129
    efficiency: 0.719654
    discharge_ratio: 5
    depth_of_discharge: 0.5
  VRBF:
    cost: 214.285
    lifetime: 24.3395
    annual_cost: 8.804001725590089
    efficiency: 0.726074
    discharge_ratio: 0.5
    depth_of_discharge: 1.0
