cost_values:
  wind_capex: 5000.0
  wind_opex: 100
  wind_lifetime: 20
  solar_capex: 1000.0
  solar_opex: 10
  solar_lifetime: 20
  carbon_price: 1.0
timeseries_values:
  load_level: 252142.46085170782
  wind_year: 2010
  solar_year: 2018
  price_year: 2023
  carbon_year: 2023
storage_values:
  CAES:
    cost: 48.4231
    lifetime: 23.9937
    annual_cost: 2.0181589333866805
    efficiency: 0.563506
    discharge_ratio: 0.1
    depth_of_discharge: 0.4
  Li-ion:
    cost: 218.224
    lifetime: 21.3176
    annual_cost: 10.236799639734304
    efficiency: 0.874865
    discharge_ratio: 2
    depth_of_discharge: 0.9
  Pb-acid:
    cost: 134.222
    lifetime: 10.6316
    annual_cost: 12.624816584521614
    efficiency: 0.743746
    discharge_ratio: 5
    depth_of_discharge: 0.5
  VRBF:
    cost: 178.835
    lifetime: 26.1914
    annual_cost: 6.828004612200951
    efficiency: 0.73576
    discharge_ratio: 0.5
    depth_of_discharge: 1.0
