cost_values:
  wind_capex: 5000.0
  wind_opex: 100
  wind_lifetime: 20
  solar_capex: 1000.0
  solar_opex: 10
  solar_lifetime: 20
  carbon_price: 1.0
timeseries_values:
  load_level: 252142.46085170782
  wind_year: 2010
  solar_year: 2018
  price_year: 2023
  carbon_year: 2023
storage_values:
  CAES:
    cost: 48.1152
    lifetime: 24.3526
    annual_cost: 1.9757726074423267
    efficiency: 0.561825
    discharge_ratio: 0.1
    depth_of_discharge: 0.4
  Li-ion:
    cost: 234.911
    lifetime: 21.5061
    annual_cost: 10.922993941253877
    efficiency: 0.853781
    discharge_ratio: 2
    depth_of_discharge: 0.9
  Pb-acid:
    cost: 140.023
    lifetime: 10.5059
    annual_cost: 13.328034723345928
    efficiency: 0.736927
    discharge_ratio: 5
    depth_of_discharge: 0.5
  VRBF:
    cost: 162.37
    lifetime: 26.6866
    annual_cost: 6.0843269655932195
    efficiency: 0.724928
    discharge_ratio: 0.5
    depth_of_discharge: 1.0
