cost_values:
  wind_capex: 5000.0
  wind_opex: 100
  wind_lifetime: 20
  solar_capex: 1000.0
  solar_opex: 10
  solar_lifetime: 20
  carbon_price: 1.0
timeseries_values:
  load_level: 252142.46085170782
  wind_year: 2010
  solar_year: 2018
  price_year: 2023
  carbon_year: 2023
storage_values:
  CAES:
    cost: 47.8959
    lifetime: 24.7057
    annual_cost: 1.9386578805700707
    efficiency: 0.558567
    discharge_ratio: 0.1
    depth_of_discharge: 0.4
  Li-ion:
    cost: 223.908
    lifetime: 23.2672
    annual_cost: 9.623332416448907
    efficiency: 0.856208
    discharge_ratio: 2
    depth_of_discharge: 0.9
  Pb-acid:
    cost: 145.608
    lifetime: 9.46826
    annual_cost: 15.37853840093111
    efficiency: 0.739379
    discharge_ratio: 5
    depth_of_discharge: 0.5
  VRBF:
    cost: 192.439
    lifetime: 24.9564
    annual_cost: 7.711007997948422
    efficiency: 0.729967
    discharge_ratio: 0.5
    depth_of_discharge: 1.0
