cost_values:
  wind_capex: 5000.0
  wind_opex: 100
  wind_lifetime: 20
  solar_capex: 1000.0
  solar_opex: 10
  solar_lifetime: 20
  carbon_price: 1.0
timeseries_values:
  load_level: 252142.46085170782
  wind_year: 2010
  solar_year: 2018
  price_year: 2023
  carbon_year: 2023
storage_values:
  CAES:
    cost: 50.4891
    lifetime: 24.1627
    annual_cost: 2.089547111870776
    efficiency: 0.570807
    discharge_ratio: 0.1
    depth_of_discharge: 0.4
  Li-ion:
    cost: 231.538
    lifetime: 22.3897
    annual_cost: 10.341272996065156
    efficiency: 0.861707
    discharge_ratio: 2
    depth_of_discharge: 0.9
  Pb-acid:
    cost: 137.217
    lifetime: 10.7623
    annual_cost: 12.749783968110908
    efficiency: 0.733889
    discharge_ratio: 5
    depth_of_discharge: 0.5
  VRBF:
    cost: 171.423
    lifetime: 25.4129
    annual_cost: 6.745511138044064
    efficiency: 0.736222
    discharge_ratio: 0.5
    depth_of_discharge: 1.0
