cost_values:
  wind_capex: 5000.0
  wind_opex: 100
  wind_lifetime: 20
  solar_capex: 1000.0
  solar_opex: 10
  solar_lifetime: 20
  carbon_price: 1.0
timeseries_values:
  load_level: 252142.46085170782
  wind_year: 2010
  solar_year: 2018
  price_year: 2023
  carbon_year: 2023
storage_values:
  CAES:
    cost: 40.7056
    lifetime: 24.9207
    annual_cost: 1.633405161171235
    efficiency: 0.56034
    discharge_ratio: 0.1
    depth_of_discharge: 0.4
  Li-ion:
    cost: 205.585
    lifetime: 21.3995
    annual_cost: 9.607000163555224
    efficiency: 0.863027
    discharge_ratio: 2
    depth_of_discharge: 0.9
  Pb-acid:
    cost: 110.912
    lifetime: 11.6148
    annual_cost: 9.54919585356614
    efficiency: 0.726616
    discharge_ratio: 5
    depth_of_discharge: 0.5
  VRBF:
    cost: 189.881
    lifetime: 23.5902
    annual_cost: 8.049147527363058
    efficiency: 0.741754
    discharge_ratio: 0.5
    depth_of_discharge: 1.0
