cost_values:
  wind_capex: 5000.0
  wind_opex: 100
  wind_lifetime: 20
  solar_capex: 1000.0
  solar_opex: 10
  solar_lifetime: 20
  carbon_price: 1.0
timeseries_values:
  load_level: 252142.46085170782
  wind_year: 2010
  solar_year: 2018
  price_year: 2023
  carbon_year: 2023
storage_values:
  CAES:
    cost: 48.0657
    lifetime: 23.2825
    annual_cost: 2.0644561365832708
    efficiency: 0.570307
    discharge_ratio: 0.1
    depth_of_discharge: 0.4
  Li-ion:
    cost: 218.195
    lifetime: 22.5703
    annual_cost: 9.667350456130402
    efficiency: 0.86903
    discharge_ratio: 2
    depth_of_discharge: 0.9
  Pb-acid:
    cost: 127.343
    lifetime: 11.0697
    annual_cost: 11.50374445558597
    efficiency: 0.739484
    discharge_ratio: 5
    depth_of_discharge: 0.5
  VRBF:
    cost: 204.958
    lifetime: 22.527
    annual_cost: 9.098326452701203
    efficiency: 0.727306
    discharge_ratio: 0.5
    depth_of_discharge: 1.0
