cost_values:
  wind_capex: 5000.0
  wind_opex: 100
  wind_lifetime: 20
  solar_capex: 1000.0
  solar_opex: 10
  solar_lifetime: 20
  carbon_price: 1.0
timeseries_values:
  load_level: 252142.46085170782
  wind_year: 2010
  solar_year: 2018
  price_year: 2023
  carbon_year: 2023
storage_values:
  CAES:
    cost: 51.5939
    lifetime: 23.5023
    annual_cost: 2.19527025014573
    efficiency: 0.557843
    discharge_ratio: 0.1
    depth_of_discharge: 0.4
  Li-ion:
    cost: 246.151
    lifetime: 23.9336
    annual_cost: 10.284746130962331
    efficiency: 0.863012
    discharge_ratio: 2
    depth_of_discharge: 0.9
  Pb-acid:
    cost: 127.295
    lifetime: 11.4464
    annual_cost: 11.120963796477495
    efficiency: 0.740307
    discharge_ratio: 5
    depth_of_discharge: 0.5
  VRBF:
    cost: 177.201
    lifetime: 24.6663
    annual_cost: 7.1839311124895096
    efficiency: 0.708625
    discharge_ratio: 0.5
    depth_of_discharge: 1.0
