cost_values:
  wind_capex: 5000.0
  wind_opex: 100
  wind_lifetime: 20
  solar_capex: 1000.0
  solar_opex: 10
  solar_lifetime: 20
  carbon_price: 1.0
timeseries_values:
  load_level: 252142.46085170782
  wind_year: 2010
  solar_year: 2018
  price_year: 2023
  carbon_year: 2023
storage_values:
  CAES:
    cost: 45.381
    lifetime: 24.8003
    annual_cost: 1.8298568968923763
    efficiency: 0.56845
    discharge_ratio: 0.1
    depth_of_discharge: 0.4
  Li-ion:
    cost: 224.786
    lifetime: 23.7887
    annual_cost: 9.449276337084415
    efficiency: 0.85241
    discharge_ratio: 2
    depth_of_discharge: 0.9
  Pb-acid:
    cost: 143.179
    lifetime: 10.6558
    annual_cost: 13.43671990840669
    efficiency: 0.746618
    discharge_ratio: 5
    depth_of_discharge: 0.5
  VRBF:
    cost: 190.509
    lifetime: 26.6006
    annual_cost: 7.161830936144297
    efficiency: 0.736017
    discharge_ratio: 0.5
    depth_of_discharge: 1.0
