cost_values:
  wind_capex: 5000.0
  wind_opex: 100
  wind_lifetime: 20
  solar_capex: 1000.0
  solar_opex: 10
  solar_lifetime: 20
  carbon_price: 1.0
timeseries_values:
  load_level: 252142.46085170782
  wind_year: 2010
  solar_year: 2018
  price_year: 2023
  carbon_year: 2023
storage_values:
  CAES:
    cost: 41.9453
    lifetime: 24.7865
    annual_cost: 1.6922639339963288
    efficiency: 0.562244
    discharge_ratio: 0.1
    depth_of_discharge: 0.4
  Li-ion:
    cost: 245.682
    lifetime: 23.2225
    annual_cost: 10.579481106685327
    efficiency: 0.85887
    discharge_ratio: 2
    depth_of_discharge: 0.9
  Pb-acid:
    cost: 155.87
    lifetime: 12.1957
    annual_cost: 12.780734193199242
    efficiency: 0.721224
    discharge_ratio: 5
    depth_of_discharge: 0.5
  VRBF:
    cost: 195.45
    lifetime: 24.0896
    annual_cost: 8.113459750265674
    efficiency: 0.731672
    discharge_ratio: 0.5
    depth_of_discharge: 1.0
