cost_values:
  wind_capex: 5000.0
  wind_opex: 100
  wind_lifetime: 20
  solar_capex: 1000.0
  solar_opex: 10
  solar_lifetime: 20
  carbon_price: 1.0
timeseries_values:
  load_level: 252142.46085170782
  wind_year: 2010
  solar_year: 2018
  price_year: 2023
  carbon_year: 2023
storage_values:
  CAES:
    cost: 51.5406
    lifetime: 23.0901
    annual_cost: 2.232151441526888
    efficiency: 0.563697
    discharge_ratio: 0.1
    depth_of_discharge: 0.4
  Li-ion:
    cost: 254.796
    lifetime: 21.1511
    annual_cost: 12.046465668452232
    efficiency: 0.858522
    discharge_ratio: 2
    depth_of_discharge: 0.9
  Pb-acid:
    cost: 144.406
    lifetime: 11.7519
    annual_cost: 12.287885363217864
    efficiency: 0.724039
    discharge_ratio: 5
    depth_of_discharge: 0.5
  VRBF:
    cost: 177.817
    lifetime: 24.4812
    annual_cost: 7.263410290345244
    efficiency: 0.735384
    discharge_ratio: 0.5
    depth_of_discharge: 1.0
