cost_values:
  wind_capex: 5000.0
  wind_opex: 100
  wind_lifetime: 20
  solar_capex: 1000.0
  solar_opex: 10
  solar_lifetime: 20
  carbon_price: 1.0
timeseries_values:
  load_level: 252142.46085170782
  wind_year: 2010
  solar_year: 2018
  price_year: 2023
  carbon_year: 2023
storage_values:
  CAES:
    cost: 51.4972
    lifetime: 24.2015
    annual_cost: 2.127851579447555
    efficiency: 0.559002
    discharge_ratio: 0.1
    depth_of_discharge: 0.4
  Li-ion:
    cost: 229.438
    lifetime: 21.9839
    annual_cost: 10.436637721241453
    efficiency: 0.857001
    discharge_ratio: 2
    depth_of_discharge: 0.9
  Pb-acid:
    cost: 166.162
    lifetime: 10.1619
    annual_cost: 16.351469705468467
    efficiency: 0.731469
    discharge_ratio: 5
    depth_of_discharge: 0.5
  VRBF:
    cost: 164.92
    lifetime: 24.5246
    annual_cost: 6.72467644732228
    efficiency: 0.727386
    discharge_ratio: 0.5
    depth_of_discharge: 1.0
