cost_values:
  wind_capex: 5000.0
  wind_opex: 100
  wind_lifetime: 20
  solar_capex: 1000.0
  solar_opex: 10
  solar_lifetime: 20
  carbon_price: 1.0
timeseries_values:
  load_level: 252142.46085170782
  wind_year: 2010
  solar_year: 2018
  price_year: 2023
  carbon_year: 2023
storage_values:
  CAES:
    cost: 56.0748
    lifetime: 23.8261
    annual_cost: 2.353503091147943
    efficiency: 0.558755
    discharge_ratio: 0.1
    depth_of_discharge: 0.4
  Li-ion:
    cost: 241.119
    lifetime: 22.8466
    annual_cost: 10.553824201412903
    efficiency: 0.856046
    discharge_ratio: 2
    depth_of_discharge: 0.9
  Pb-acid:
    cost: 134.431
    lifetime: 10.0675
    annual_cost: 13.352967469580333
    efficiency: 0.729731
    discharge_ratio: 5
    depth_of_discharge: 0.5
  VRBF:
    cost: 204.992
    lifetime: 26.4142
    annual_cost: 7.760674182825904
    efficiency: 0.739818
    discharge_ratio: 0.5
    depth_of_discharge: 1.0
