cost_values:
  wind_capex: 5000.0
  wind_opex: 100
  wind_lifetime: 20
  solar_capex: 1000.0
  solar_opex: 10
  solar_lifetime: 20
  carbon_price: 1.0
timeseries_values:
  load_level: 252142.46085170782
  wind_year: 2010
  solar_year: 2018
  price_year: 2023
  carbon_year: 2023
storage_values:
  CAES:
    cost: 48.4191
    lifetime: 23.687
    annual_cost: 2.044121247941909
    efficiency: 0.561256
    discharge_ratio: 0.1
    depth_of_discharge: 0.4
  Li-ion:
    cost: 218.21
    lifetime: 24.913
    annual_cost: 8.758880905551319
    efficiency: 0.858273
    discharge_ratio: 2
    depth_of_discharge: 0.9
  Pb-acid:
    cost: 147.366
    lifetime: 9.8397
    annual_cost: 14.976676118174336
    efficiency: 0.733678
    discharge_ratio: 5
    depth_of_discharge: 0.5
  VRBF:
    cost: 177.267
    lifetime: 24.0719
    annual_cost: 7.3640634931185325
    efficiency: 0.724002
    discharge_ratio: 0.5
    depth_of_discharge: 1.0
