cost_values:
  wind_capex: 5000.0
  wind_opex: 100
  wind_lifetime: 20
  solar_capex: 1000.0
  solar_opex: 10
  solar_lifetime: 20
  carbon_price: 1.0
timeseries_values:
  load_level: 252142.46085170782
  wind_year: 2010
  solar_year: 2018
  price_year: 2023
  carbon_year: 2023
storage_values:
  CAES:
    cost: 42.4686
    lifetime: 24.283
    annual_cost: 1.7489025243997858
    efficiency: 0.574084
    discharge_ratio: 0.1
    depth_of_discharge: 0.4
  Li-ion:
    cost: 224.547
    lifetime: 23.7808
    annual_cost: 9.442365269461078
    efficiency: 0.857654
    discharge_ratio: 2
    depth_of_discharge: 0.9
  Pb-acid:
    cost: 145.871
    lifetime: 12.5131
    annual_cost: 11.65746297879822
    efficiency: 0.736844
    discharge_ratio: 5
    depth_of_discharge: 0.5
  VRBF:
    cost: 161.265
    lifetime: 22.5871
    annual_cost: 7.139694781534592
    efficiency: 0.720462
    discharge_ratio: 0.5
    depth_of_discharge: 1.0
