cost_values:
  wind_capex: 5000.0
  wind_opex: 100
  wind_lifetime: 20
  solar_capex: 1000.0
  solar_opex: 10
  solar_lifetime: 20
  carbon_price: 1.0
timeseries_values:
  load_level: 252142.46085170782
  wind_year: 2010
  solar_year: 2018
  price_year: 2023
  carbon_year: 2023
storage_values:
  CAES:
    cost: 56.9655
    lifetime: 24.156
    annual_cost: 2.3582339791356186
    efficiency: 0.558868
    discharge_ratio: 0.1
    depth_of_discharge: 0.4
  Li-ion:
    cost: 234.62
    lifetime: 22.6321
    annual_cost: 10.366691557566465
    efficiency: 0.859512
    discharge_ratio: 2
    depth_of_discharge: 0.9
  Pb-acid:
    cost: 123.589
    lifetime: 12.1546
    annual_cost: 10.168084511213861
    efficiency: 0.722752
    discharge_ratio: 5
    depth_of_discharge: 0.5
  VRBF:
    cost: 158.547
    lifetime: 25.3762
    annual_cost: 6.247862170064864
    efficiency: 0.729198
    discharge_ratio: 0.5
    depth_of_discharge: 1.0
