cost_values:
  wind_capex: 5000.0
  wind_opex: 100
  wind_lifetime: 20
  solar_capex: 1000.0
  solar_opex: 10
  solar_lifetime: 20
  carbon_price: 1.0
timeseries_values:
  load_level: 252142.46085170782
  wind_year: 2010
  solar_year: 2018
  price_year: 2023
  carbon_year: 2023
storage_values:
  CAES:
    cost: 52.8035
    lifetime: 24.8702
    annual_cost: 2.123163464708768
    efficiency: 0.554938
    discharge_ratio: 0.1
    depth_of_discharge: 0.4
  Li-ion:
    cost: 228.79
    lifetime: 22.6732
    annual_cost: 10.090767955118817
    efficiency: 0.856865
    discharge_ratio: 2
    depth_of_discharge: 0.9
  Pb-acid:
    cost: 150.023
    lifetime: 10.1055
    annual_cost: 14.84567809608629
    efficiency: 0.718192
    discharge_ratio: 5
    depth_of_discharge: 0.5
  VRBF:
    cost: 192.992
    lifetime: 24.4848
    annual_cost: 7.882114618048749
    efficiency: 0.742641
    discharge_ratio: 0.5
    depth_of_discharge: 1.0
