cost_values:
  wind_capex: 5000.0
  wind_opex: 100
  wind_lifetime: 20
  solar_capex: 1000.0
  solar_opex: 10
  solar_lifetime: 20
  carbon_price: 1.0
timeseries_values:
  load_level: 252142.46085170782
  wind_year: 2010
  solar_year: 2018
  price_year: 2023
  carbon_year: 2023
storage_values:
  CAES:
    cost: 45.4062
    lifetime: 23.6309
    annual_cost: 1.9214756949587193
    efficiency: 0.557968
    discharge_ratio: 0.1
    depth_of_discharge: 0.4
  Li-ion:
    cost: 254.213
    lifetime: 23.0729
    annual_cost: 11.017817439506954
    efficiency: 0.857964
    discharge_ratio: 2
    depth_of_discharge: 0.9
  Pb-acid:
    cost: 131.448
    lifetime: 11.876
    annual_cost: 11.068373189626138
    efficiency: 0.732751
    discharge_ratio: 5
    depth_of_discharge: 0.5
  VRBF:
    cost: 188.716
    lifetime: 24.3749
    annual_cost: 7.742226634775938
    efficiency: 0.719022
    discharge_ratio: 0.5
    depth_of_discharge: 1.0
