cost_values:
  wind_capex: 5000.0
  wind_opex: 100
  wind_lifetime: 20
  solar_capex: 1000.0
  solar_opex: 10
  solar_lifetime: 20
  carbon_price: 1.0
timeseries_values:
  load_level: 252142.46085170782
  wind_year: 2010
  solar_year: 2018
  price_year: 2023
  carbon_year: 2023
storage_values:
  CAES:
    cost: 46.8177
    lifetime: 23.1827
    annual_cost: 2.0195102382379964
    efficiency: 0.560096
    discharge_ratio: 0.1
    depth_of_discharge: 0.4
  Li-ion:
    cost: 220.023
    lifetime: 25.3487
    annual_cost: 8.67985340471109
    efficiency: 0.85178
    discharge_ratio: 2
    depth_of_discharge: 0.9
  Pb-acid:
    cost: 138.056
    lifetime: 9.70645
    annual_cost: 14.223119678152157
    efficiency: 0.704586
    discharge_ratio: 5
    depth_of_discharge: 0.5
  VRBF:
    cost: 203.885
    lifetime: 24.0798
    annual_cost: 8.467055374214072
    efficiency: 0.728224
    discharge_ratio: 0.5
    depth_of_discharge: 1.0
