cost_values:
  wind_capex: 5000.0
  wind_opex: 100
  wind_lifetime: 20
  solar_capex: 1000.0
  solar_opex: 10
  solar_lifetime: 20
  carbon_price: 1.0
timeseries_values:
  load_level: 252142.46085170782
  wind_year: 2010
  solar_year: 2018
  price_year: 2023
  carbon_year: 2023
storage_values:
  CAES:
    cost: 49.0978
    lifetime: 24.4773
    annual_cost: 2.0058503184583265
    efficiency: 0.567557
    discharge_ratio: 0.1
    depth_of_discharge: 0.4
  Li-ion:
    cost: 232.736
    lifetime: 21.0707
    annual_cost: 11.0454802166041
    efficiency: 0.853003
    discharge_ratio: 2
    depth_of_discharge: 0.9
  Pb-acid:
    cost: 131.563
    lifetime: 10.1953
    annual_cost: 12.904279422871323
    efficiency: 0.734801
    discharge_ratio: 5
    depth_of_discharge: 0.5
  VRBF:
    cost: 209.644
    lifetime: 22.7199
    annual_cost: 9.227329345639726
    efficiency: 0.71611
    discharge_ratio: 0.5
    depth_of_discharge: 1.0
