cost_values:
  wind_capex: 5000.0
  wind_opex: 100
  wind_lifetime: 20
  solar_capex: 1000.0
  solar_opex: 10
  solar_lifetime: 20
  carbon_price: 1.0
timeseries_values:
  load_level: 252142.46085170782
  wind_year: 2010
  solar_year: 2018
  price_year: 2023
  carbon_year: 2023
storage_values:
  CAES:
    cost: 56.8432
    lifetime: 25.0658
    annual_cost: 2.267759257633908
    efficiency: 0.561538
    discharge_ratio: 0.1
    depth_of_discharge: 0.4
  Li-ion:
    cost: 249.347
    lifetime: 23.546
    annual_cost: 10.589781703898751
    efficiency: 0.853069
    discharge_ratio: 2
    depth_of_discharge: 0.9
  Pb-acid:
    cost: 139.755
    lifetime: 11.119
    annual_cost: 12.569025991546003
    efficiency: 0.732105
    discharge_ratio: 5
    depth_of_discharge: 0.5
  VRBF:
    cost: 194.243
    lifetime: 23.2144
    annual_cost: 8.367349576125163
    efficiency: 0.717724
    discharge_ratio: 0.5
    depth_of_discharge: 1.0
