cost_values:
  wind_capex: 5000.0
  wind_opex: 100
  wind_lifetime: 20
  solar_capex: 1000.0
  solar_opex: 10
  solar_lifetime: 20
  carbon_price: 1.0
timeseries_values:
  load_level: 252142.46085170782
  wind_year: 2010
  solar_year: 2018
  price_year: 2023
  carbon_year: 2023
storage_values:
  CAES:
    cost: 45.7101
    lifetime: 24.0892
    annual_cost: 1.8975349949354896
    efficiency: 0.551824
    discharge_ratio: 0.1
    depth_of_discharge: 0.4
  Li-ion:
    cost: 214.946
    lifetime: 22.6985
    annual_cost: 9.4696125294623
    efficiency: 0.865112
    discharge_ratio: 2
    depth_of_discharge: 0.9
  Pb-acid:
    cost: 137.827
    lifetime: 10.6763
    annual_cost: 12.90962224740781
    efficiency: 0.724697
    discharge_ratio: 5
    depth_of_discharge: 0.5
  VRBF:
    cost: 166.953
    lifetime: 24.0449
    annual_cost: 6.943385083739172
    efficiency: 0.713597
    discharge_ratio: 0.5
    depth_of_discharge: 1.0
