cost_values:
  wind_capex: 5000.0
  wind_opex: 100
  wind_lifetime: 20
  solar_capex: 1000.0
  solar_opex: 10
  solar_lifetime: 20
  carbon_price: 1.0
timeseries_values:
  load_level: 252142.46085170782
  wind_year: 2010
  solar_year: 2018
  price_year: 2023
  carbon_year: 2023
storage_values:
  CAES:
    cost: 51.6778
    lifetime: 24.2438
    annual_cost: 2.1315882823649757
    efficiency: 0.550258
    discharge_ratio: 0.1
    depth_of_discharge: 0.4
  Li-ion:
    cost: 227.488
    lifetime: 23.5117
    annual_cost: 9.675523250126533
    efficiency: 0.855859
    discharge_ratio: 2
    depth_of_discharge: 0.9
  Pb-acid:
    cost: 144.383
    lifetime: 8.90044
    annual_cost: 16.22200700190103
    efficiency: 0.740838
    discharge_ratio: 5
    depth_of_discharge: 0.5
  VRBF:
    cost: 163.17
    lifetime: 24.3537
    annual_cost: 6.70000862291972
    efficiency: 0.722095
    discharge_ratio: 0.5
    depth_of_discharge: 1.0
