cost_values:
  wind_capex: 5000.0
  wind_opex: 100
  wind_lifetime: 20
  solar_capex: 1000.0
  solar_opex: 10
  solar_lifetime: 20
  carbon_price: 1.0
timeseries_values:
  load_level: 246537.59801169753
  wind_year: 2010
  solar_year: 2019
  price_year: 2023
  carbon_year: 2023
storage_values:
  CAES:
    cost: 65.7097
    lifetime: 22.8633
    annual_cost: 2.8740251844659346
    efficiency: 0.577921
    discharge_ratio: 0.1
    depth_of_discharge: 0.4
  Li-ion:
    cost: 111.809
    lifetime: 21.7628
    annual_cost: 5.137620159170695
    efficiency: 0.899635
    discharge_ratio: 2
    depth_of_discharge: 0.9
  Pb-acid:
    cost: 222.853
    lifetime: 12.6031
    annual_cost: 17.682395601082273
    efficiency: 0.774355
    discharge_ratio: 5
    depth_of_discharge: 0.5
  VRBF:
    cost: 214.735
    lifetime: 24.7107
    annual_cost: 8.689960219661929
    efficiency: 0.783722
    discharge_ratio: 0.5
    depth_of_discharge: 1.0
