cost_values:
  wind_capex: 5000.0
  wind_opex: 100
  wind_lifetime: 20
  solar_capex: 1000.0
  solar_opex: 10
  solar_lifetime: 20
  carbon_price: 1.0
timeseries_values:
  load_level: 246537.59801169753
  wind_year: 2010
  solar_year: 2019
  price_year: 2023
  carbon_year: 2023
storage_values:
  CAES:
    cost: 51.0178
    lifetime: 23.2375
    annual_cost: 2.195494351802044
    efficiency: 0.573638
    discharge_ratio: 0.1
    depth_of_discharge: 0.4
  Li-ion:
    cost: 115.829
    lifetime: 19.2913
    annual_cost: 6.004209151275445
    efficiency: 0.893766
    discharge_ratio: 2
    depth_of_discharge: 0.9
  Pb-acid:
    cost: 230.612
    lifetime: 13.9354
    annual_cost: 16.54864589462807
    efficiency: 0.78193
    discharge_ratio: 5
    depth_of_discharge: 0.5
  VRBF:
    cost: 231.196
    lifetime: 24.036
    annual_cost: 9.618738558828424
    efficiency: 0.769932
    discharge_ratio: 0.5
    depth_of_discharge: 1.0
