cost_values:
  wind_capex: 5000.0
  wind_opex: 100
  wind_lifetime: 20
  solar_capex: 1000.0
  solar_opex: 10
  solar_lifetime: 20
  carbon_price: 1.0
timeseries_values:
  load_level: 246537.59801169753
  wind_year: 2010
  solar_year: 2019
  price_year: 2023
  carbon_year: 2023
storage_values:
  CAES:
    cost: 54.943
    lifetime: 22.3953
    annual_cost: 2.4533272606305787
    efficiency: 0.592451
    discharge_ratio: 0.1
    depth_of_discharge: 0.4
  Li-ion:
    cost: 111.7
    lifetime: 22.8215
    annual_cost: 4.894507372433889
    efficiency: 0.914079
    discharge_ratio: 2
    depth_of_discharge: 0.9
  Pb-acid:
    cost: 199.864
    lifetime: 10.4708
    annual_cost: 19.08774878710318
    efficiency: 0.783451
    discharge_ratio: 5
    depth_of_discharge: 0.5
  VRBF:
    cost: 170.38
    lifetime: 24.8498
    annual_cost: 6.856393210408132
    efficiency: 0.76565
    discharge_ratio: 0.5
    depth_of_discharge: 1.0
