cost_values:
  wind_capex: 5000.0
  wind_opex: 100
  wind_lifetime: 20
  solar_capex: 1000.0
  solar_opex: 10
  solar_lifetime: 20
  carbon_price: 1.0
timeseries_values:
  load_level: 246537.59801169753
  wind_year: 2010
  solar_year: 2019
  price_year: 2023
  carbon_year: 2023
storage_values:
  CAES:
    cost: 59.6726
    lifetime: 23.4386
    annual_cost: 2.5459114452228375
    efficiency: 0.577762
    discharge_ratio: 0.1
    depth_of_discharge: 0.4
  Li-ion:
    cost: 107.038
    lifetime: 19.2008
    annual_cost: 5.574663555685179
    efficiency: 0.908103
    discharge_ratio: 2
    depth_of_discharge: 0.9
  Pb-acid:
    cost: 195.77
    lifetime: 12.8621
    annual_cost: 15.220687135071257
    efficiency: 0.777354
    discharge_ratio: 5
    depth_of_discharge: 0.5
  VRBF:
    cost: 165.835
    lifetime: 25.702
    annual_cost: 6.452221616994787
    efficiency: 0.794295
    discharge_ratio: 0.5
    depth_of_discharge: 1.0
