cost_values:
  wind_capex: 5000.0
  wind_opex: 100
  wind_lifetime: 20
  solar_capex: 1000.0
  solar_opex: 10
  solar_lifetime: 20
  carbon_price: 1.0
timeseries_values:
  load_level: 246537.59801169753
  wind_year: 2010
  solar_year: 2019
  price_year: 2023
  carbon_year: 2023
storage_values:
  CAES:
    cost: 60.8798
    lifetime: 23.1409
    annual_cost: 2.630831125842124
    efficiency: 0.574474
    discharge_ratio: 0.1
    depth_of_discharge: 0.4
  Li-ion:
    cost: 107.718
    lifetime: 20.868
    annual_cost: 5.161874640598046
    efficiency: 0.888694
    discharge_ratio: 2
    depth_of_discharge: 0.9
  Pb-acid:
    cost: 205.557
    lifetime: 12.0281
    annual_cost: 17.089731545298093
    efficiency: 0.771745
    discharge_ratio: 5
    depth_of_discharge: 0.5
  VRBF:
    cost: 190.427
    lifetime: 27.0095
    annual_cost: 7.050371165700957
    efficiency: 0.770152
    discharge_ratio: 0.5
    depth_of_discharge: 1.0
