cost_values:
  wind_capex: 5000.0
  wind_opex: 100
  wind_lifetime: 20
  solar_capex: 1000.0
  solar_opex: 10
  solar_lifetime: 20
  carbon_price: 1.0
timeseries_values:
  load_level: 246537.59801169753
  wind_year: 2010
  solar_year: 2019
  price_year: 2023
  carbon_year: 2023
storage_values:
  CAES:
    cost: 56.2684
    lifetime: 23.296
    annual_cost: 2.415367445054945
    efficiency: 0.572114
    discharge_ratio: 0.1
    depth_of_discharge: 0.4
  Li-ion:
    cost: 122.998
    lifetime: 22.3207
    annual_cost: 5.510490262402166
    efficiency: 0.896219
    discharge_ratio: 2
    depth_of_discharge: 0.9
  Pb-acid:
    cost: 223.11
    lifetime: 12.0081
    annual_cost: 18.579958527993604
    efficiency: 0.78888
    discharge_ratio: 5
    depth_of_discharge: 0.5
  VRBF:
    cost: 165.235
    lifetime: 23.1172
    annual_cost: 7.147708199955012
    efficiency: 0.783264
    discharge_ratio: 0.5
    depth_of_discharge: 1.0
