cost_values:
  wind_capex: 5000.0
  wind_opex: 100
  wind_lifetime: 20
  solar_capex: 1000.0
  solar_opex: 10
  solar_lifetime: 20
  carbon_price: 1.0
timeseries_values:
  load_level: 246537.59801169753
  wind_year: 2010
  solar_year: 2019
  price_year: 2023
  carbon_year: 2023
storage_values:
  CAES:
    cost: 59.88
    lifetime: 21.7424
    annual_cost: 2.7540657885054087
    efficiency: 0.577814
    discharge_ratio: 0.1
    depth_of_discharge: 0.4
  Li-ion:
    cost: 137.657
    lifetime: 21.9909
    annual_cost: 6.259725613776608
    efficiency: 0.902515
    discharge_ratio: 2
    depth_of_discharge: 0.9
  Pb-acid:
    cost: 241.293
    lifetime: 10.6824
    annual_cost: 22.58790159514716
    efficiency: 0.782837
    discharge_ratio: 5
    depth_of_discharge: 0.5
  VRBF:
    cost: 215.965
    lifetime: 27.3116
    annual_cost: 7.907445920414769
    efficiency: 0.775882
    discharge_ratio: 0.5
    depth_of_discharge: 1.0
