cost_values:
  wind_capex: 5000.0
  wind_opex: 100
  wind_lifetime: 20
  solar_capex: 1000.0
  solar_opex: 10
  solar_lifetime: 20
  carbon_price: 1.0
timeseries_values:
  load_level: 246537.59801169753
  wind_year: 2010
  solar_year: 2019
  price_year: 2023
  carbon_year: 2023
storage_values:
  CAES:
    cost: 59.6575
    lifetime: 22.9608
    annual_cost: 2.5982326399777014
    efficiency: 0.569733
    discharge_ratio: 0.1
    depth_of_discharge: 0.4
  Li-ion:
    cost: 128.444
    lifetime: 20.3601
    annual_cost: 6.3086134154547375
    efficiency: 0.913673
    discharge_ratio: 2
    depth_of_discharge: 0.9
  Pb-acid:
    cost: 202.279
    lifetime: 11.251
    annual_cost: 17.978757443782776
    efficiency: 0.763051
    discharge_ratio: 5
    depth_of_discharge: 0.5
  VRBF:
    cost: 208.571
    lifetime: 27.5934
    annual_cost: 7.558727811723093
    efficiency: 0.78833
    discharge_ratio: 0.5
    depth_of_discharge: 1.0
