cost_values:
  wind_capex: 5000.0
  wind_opex: 100
  wind_lifetime: 20
  solar_capex: 1000.0
  solar_opex: 10
  solar_lifetime: 20
  carbon_price: 1.0
timeseries_values:
  load_level: 246537.59801169753
  wind_year: 2010
  solar_year: 2019
  price_year: 2023
  carbon_year: 2023
storage_values:
  CAES:
    cost: 56.0393
    lifetime: 21.8036
    annual_cost: 2.5701856574143718
    efficiency: 0.577174
    discharge_ratio: 0.1
    depth_of_discharge: 0.4
  Li-ion:
    cost: 126.12
    lifetime: 22.1437
    annual_cost: 5.69552513807539
    efficiency: 0.907453
    discharge_ratio: 2
    depth_of_discharge: 0.9
  Pb-acid:
    cost: 197.004
    lifetime: 11.9865
    annual_cost: 16.435489926166937
    efficiency: 0.771527
    discharge_ratio: 5
    depth_of_discharge: 0.5
  VRBF:
    cost: 198.535
    lifetime: 26.4741
    annual_cost: 7.4992162150932415
    efficiency: 0.770574
    discharge_ratio: 0.5
    depth_of_discharge: 1.0
