cost_values:
  wind_capex: 5000.0
  wind_opex: 100
  wind_lifetime: 20
  solar_capex: 1000.0
  solar_opex: 10
  solar_lifetime: 20
  carbon_price: 1.0
timeseries_values:
  load_level: 246537.59801169753
  wind_year: 2010
  solar_year: 2019
  price_year: 2023
  carbon_year: 2023
storage_values:
  CAES:
    cost: 52.1004
    lifetime: 22.9898
    annual_cost: 2.2662398106986577
    efficiency: 0.583819
    discharge_ratio: 0.1
    depth_of_discharge: 0.4
  Li-ion:
    cost: 116.696
    lifetime: 22.8714
    annual_cost: 5.102267460671406
    efficiency: 0.896955
    discharge_ratio: 2
    depth_of_discharge: 0.9
  Pb-acid:
    cost: 221.466
    lifetime: 12.324
    annual_cost: 17.970301850048685
    efficiency: 0.757462
    discharge_ratio: 5
    depth_of_discharge: 0.5
  VRBF:
    cost: 194.107
    lifetime: 24.2116
    annual_cost: 8.017107502189033
    efficiency: 0.769364
    discharge_ratio: 0.5
    depth_of_discharge: 1.0
