cost_values:
  wind_capex: 5000.0
  wind_opex: 100
  wind_lifetime: 20
  solar_capex: 1000.0
  solar_opex: 10
  solar_lifetime: 20
  carbon_price: 1.0
timeseries_values:
  load_level: 246537.59801169753
  wind_year: 2010
  solar_year: 2019
  price_year: 2023
  carbon_year: 2023
storage_values:
  CAES:
    cost: 58.9024
    lifetime: 22.1358
    annual_cost: 2.660956459671663
    efficiency: 0.575513
    discharge_ratio: 0.1
    depth_of_discharge: 0.4
  Li-ion:
    cost: 138.655
    lifetime: 19.1397
    annual_cost: 7.244366421626252
    efficiency: 0.891451
    discharge_ratio: 2
    depth_of_discharge: 0.9
  Pb-acid:
    cost: 193.16
    lifetime: 11.387
    annual_cost: 16.963203653288836
    efficiency: 0.775544
    discharge_ratio: 5
    depth_of_discharge: 0.5
  VRBF:
    cost: 198.561
    lifetime: 25.0201
    annual_cost: 7.936059408235779
    efficiency: 0.796619
    discharge_ratio: 0.5
    depth_of_discharge: 1.0
