cost_values:
  wind_capex: 5000.0
  wind_opex: 100
  wind_lifetime: 20
  solar_capex: 1000.0
  solar_opex: 10
  solar_lifetime: 20
  carbon_price: 1.0
timeseries_values:
  load_level: 246537.59801169753
  wind_year: 2010
  solar_year: 2019
  price_year: 2023
  carbon_year: 2023
storage_values:
  CAES:
    cost: 67.878
    lifetime: 22.6803
    annual_cost: 2.9928175553233425
    efficiency: 0.57252
    discharge_ratio: 0.1
    depth_of_discharge: 0.4
  Li-ion:
    cost: 112.92
    lifetime: 22.4834
    annual_cost: 5.022372061165126
    efficiency: 0.900969
    discharge_ratio: 2
    depth_of_discharge: 0.9
  Pb-acid:
    cost: 231.064
    lifetime: 11.2296
    annual_cost: 20.576333974495974
    efficiency: 0.763614
    discharge_ratio: 5
    depth_of_discharge: 0.5
  VRBF:
    cost: 220.088
    lifetime: 24.2968
    annual_cost: 9.058312205722563
    efficiency: 0.778639
    discharge_ratio: 0.5
    depth_of_discharge: 1.0
