cost_values:
  wind_capex: 5000.0
  wind_opex: 100
  wind_lifetime: 20
  solar_capex: 1000.0
  solar_opex: 10
  solar_lifetime: 20
  carbon_price: 1.0
timeseries_values:
  load_level: 246537.59801169753
  wind_year: 2010
  solar_year: 2019
  price_year: 2023
  carbon_year: 2023
storage_values:
  CAES:
    cost: 55.1598
    lifetime: 22.8488
    annual_cost: 2.4141224046777072
    efficiency: 0.579236
    discharge_ratio: 0.1
    depth_of_discharge: 0.4
  Li-ion:
    cost: 125.11
    lifetime: 19.618
    annual_cost: 6.377306555204404
    efficiency: 0.896948
    discharge_ratio: 2
    depth_of_discharge: 0.9
  Pb-acid:
    cost: 218.812
    lifetime: 13.3779
    annual_cost: 16.356229303552876
    efficiency: 0.783113
    discharge_ratio: 5
    depth_of_discharge: 0.5
  VRBF:
    cost: 186.899
    lifetime: 24.4083
    annual_cost: 7.657190381960235
    efficiency: 0.779314
    discharge_ratio: 0.5
    depth_of_discharge: 1.0
