cost_values:
  wind_capex: 5000.0
  wind_opex: 100
  wind_lifetime: 20
  solar_capex: 1000.0
  solar_opex: 10
  solar_lifetime: 20
  carbon_price: 1.0
timeseries_values:
  load_level: 246537.59801169753
  wind_year: 2010
  solar_year: 2019
  price_year: 2023
  carbon_year: 2023
storage_values:
  CAES:
    cost: 55.243
    lifetime: 23.7355
    annual_cost: 2.327442017231573
    efficiency: 0.568892
    discharge_ratio: 0.1
    depth_of_discharge: 0.4
  Li-ion:
    cost: 121.737
    lifetime: 22.1301
    annual_cost: 5.500969268100913
    efficiency: 0.907745
    discharge_ratio: 2
    depth_of_discharge: 0.9
  Pb-acid:
    cost: 233.24
    lifetime: 13.7554
    annual_cost: 16.956249909126598
    efficiency: 0.779095
    discharge_ratio: 5
    depth_of_discharge: 0.5
  VRBF:
    cost: 200.922
    lifetime: 24.5284
    annual_cost: 8.191402619004908
    efficiency: 0.783195
    discharge_ratio: 0.5
    depth_of_discharge: 1.0
