cost_values:
  wind_capex: 5000.0
  wind_opex: 100
  wind_lifetime: 20
  solar_capex: 1000.0
  solar_opex: 10
  solar_lifetime: 20
  carbon_price: 1.0
timeseries_values:
  load_level: 246537.59801169753
  wind_year: 2010
  solar_year: 2019
  price_year: 2023
  carbon_year: 2023
storage_values:
  CAES:
    cost: 58.8091
    lifetime: 22.2943
    annual_cost: 2.6378536217777637
    efficiency: 0.58159
    discharge_ratio: 0.1
    depth_of_discharge: 0.4
  Li-ion:
    cost: 132.415
    lifetime: 21.1452
    annual_cost: 6.262177704632729
    efficiency: 0.896218
    discharge_ratio: 2
    depth_of_discharge: 0.9
  Pb-acid:
    cost: 213.424
    lifetime: 11.5542
    annual_cost: 18.47155147046096
    efficiency: 0.78187
    discharge_ratio: 5
    depth_of_discharge: 0.5
  VRBF:
    cost: 180.289
    lifetime: 25.9845
    annual_cost: 6.938328618984394
    efficiency: 0.758728
    discharge_ratio: 0.5
    depth_of_discharge: 1.0
