cost_values:
  wind_capex: 5000.0
  wind_opex: 100
  wind_lifetime: 20
  solar_capex: 1000.0
  solar_opex: 10
  solar_lifetime: 20
  carbon_price: 1.0
timeseries_values:
  load_level: 246537.59801169753
  wind_year: 2010
  solar_year: 2019
  price_year: 2023
  carbon_year: 2023
storage_values:
  CAES:
    cost: 59.1
    lifetime: 23.2284
    annual_cost: 2.5442992199204424
    efficiency: 0.580509
    discharge_ratio: 0.1
    depth_of_discharge: 0.4
  Li-ion:
    cost: 119.729
    lifetime: 21.2278
    annual_cost: 5.640198230622109
    efficiency: 0.90708
    discharge_ratio: 2
    depth_of_discharge: 0.9
  Pb-acid:
    cost: 199.431
    lifetime: 13.2073
    annual_cost: 15.100058301091064
    efficiency: 0.782241
    discharge_ratio: 5
    depth_of_discharge: 0.5
  VRBF:
    cost: 209.141
    lifetime: 25.7632
    annual_cost: 8.117819215004346
    efficiency: 0.788686
    discharge_ratio: 0.5
    depth_of_discharge: 1.0
