cost_values:
  wind_capex: 5000.0
  wind_opex: 100
  wind_lifetime: 20
  solar_capex: 1000.0
  solar_opex: 10
  solar_lifetime: 20
  carbon_price: 1.0
timeseries_values:
  load_level: 246537.59801169753
  wind_year: 2010
  solar_year: 2019
  price_year: 2023
  carbon_year: 2023
storage_values:
  CAES:
    cost: 56.6892
    lifetime: 21.9267
    annual_cost: 2.585395887206009
    efficiency: 0.581633
    discharge_ratio: 0.1
    depth_of_discharge: 0.4
  Li-ion:
    cost: 129.672
    lifetime: 21.1782
    annual_cost: 6.122899963169674
    efficiency: 0.911713
    discharge_ratio: 2
    depth_of_discharge: 0.9
  Pb-acid:
    cost: 211.249
    lifetime: 11.9919
    annual_cost: 17.61597411586154
    efficiency: 0.780062
    discharge_ratio: 5
    depth_of_discharge: 0.5
  VRBF:
    cost: 219.268
    lifetime: 25.35
    annual_cost: 8.649625246548323
    efficiency: 0.789127
    discharge_ratio: 0.5
    depth_of_discharge: 1.0
