cost_values:
  wind_capex: 5000.0
  wind_opex: 100
  wind_lifetime: 20
  solar_capex: 1000.0
  solar_opex: 10
  solar_lifetime: 20
  carbon_price: 1.0
timeseries_values:
  load_level: 246537.59801169753
  wind_year: 2010
  solar_year: 2019
  price_year: 2023
  carbon_year: 2023
storage_values:
  CAES:
    cost: 60.5761
    lifetime: 22.8659
    annual_cost: 2.6491894043094737
    efficiency: 0.584196
    discharge_ratio: 0.1
    depth_of_discharge: 0.4
  Li-ion:
    cost: 130.989
    lifetime: 18.8545
    annual_cost: 6.947360046673207
    efficiency: 0.88889
    discharge_ratio: 2
    depth_of_discharge: 0.9
  Pb-acid:
    cost: 234.488
    lifetime: 11.6157
    annual_cost: 20.18716048107303
    efficiency: 0.770951
    discharge_ratio: 5
    depth_of_discharge: 0.5
  VRBF:
    cost: 203.995
    lifetime: 27.1083
    annual_cost: 7.525186013139887
    efficiency: 0.773934
    discharge_ratio: 0.5
    depth_of_discharge: 1.0
