cost_values:
  wind_capex: 5000.0
  wind_opex: 100
  wind_lifetime: 20
  solar_capex: 1000.0
  solar_opex: 10
  solar_lifetime: 20
  carbon_price: 1.0
timeseries_values:
  load_level: 246537.59801169753
  wind_year: 2010
  solar_year: 2019
  price_year: 2023
  carbon_year: 2023
storage_values:
  CAES:
    cost: 54.7346
    lifetime: 22.8181
    annual_cost: 2.3987360910855853
    efficiency: 0.577869
    discharge_ratio: 0.1
    depth_of_discharge: 0.4
  Li-ion:
    cost: 136.078
    lifetime: 22.4553
    annual_cost: 6.059950212199347
    efficiency: 0.892771
    discharge_ratio: 2
    depth_of_discharge: 0.9
  Pb-acid:
    cost: 218.583
    lifetime: 12.2937
    annual_cost: 17.780082481270895
    efficiency: 0.78386
    discharge_ratio: 5
    depth_of_discharge: 0.5
  VRBF:
    cost: 192.591
    lifetime: 25.2735
    annual_cost: 7.620274200249273
    efficiency: 0.769296
    discharge_ratio: 0.5
    depth_of_discharge: 1.0
