cost_values:
  wind_capex: 5000.0
  wind_opex: 100
  wind_lifetime: 20
  solar_capex: 1000.0
  solar_opex: 10
  solar_lifetime: 20
  carbon_price: 1.0
timeseries_values:
  load_level: 246537.59801169753
  wind_year: 2010
  solar_year: 2019
  price_year: 2023
  carbon_year: 2023
storage_values:
  CAES:
    cost: 56.911
    lifetime: 22.8764
    annual_cost: 2.487760311937193
    efficiency: 0.5792
    discharge_ratio: 0.1
    depth_of_discharge: 0.4
  Li-ion:
    cost: 116.97
    lifetime: 20.0103
    annual_cost: 5.845489572869972
    efficiency: 0.897573
    discharge_ratio: 2
    depth_of_discharge: 0.9
  Pb-acid:
    cost: 213.373
    lifetime: 14.1308
    annual_cost: 15.099852803804454
    efficiency: 0.785139
    discharge_ratio: 5
    depth_of_discharge: 0.5
  VRBF:
    cost: 151.791
    lifetime: 26.8482
    annual_cost: 5.653675106711065
    efficiency: 0.794098
    discharge_ratio: 0.5
    depth_of_discharge: 1.0
