cost_values:
  wind_capex: 5000.0
  wind_opex: 100
  wind_lifetime: 20
  solar_capex: 1000.0
  solar_opex: 10
  solar_lifetime: 20
  carbon_price: 1.0
timeseries_values:
  load_level: 246537.59801169753
  wind_year: 2010
  solar_year: 2019
  price_year: 2023
  carbon_year: 2023
storage_values:
  CAES:
    cost: 49.9783
    lifetime: 22.3969
    annual_cost: 2.2314829284409896
    efficiency: 0.575643
    discharge_ratio: 0.1
    depth_of_discharge: 0.4
  Li-ion:
    cost: 127.842
    lifetime: 19.9474
    annual_cost: 6.408955553104666
    efficiency: 0.899212
    discharge_ratio: 2
    depth_of_discharge: 0.9
  Pb-acid:
    cost: 236.34
    lifetime: 12.2596
    annual_cost: 19.277953603706482
    efficiency: 0.787901
    discharge_ratio: 5
    depth_of_discharge: 0.5
  VRBF:
    cost: 208.983
    lifetime: 26.8042
    annual_cost: 7.796651271069459
    efficiency: 0.770892
    discharge_ratio: 0.5
    depth_of_discharge: 1.0
