cost_values:
  wind_capex: 5000.0
  wind_opex: 100
  wind_lifetime: 20
  solar_capex: 1000.0
  solar_opex: 10
  solar_lifetime: 20
  carbon_price: 1.0
timeseries_values:
  load_level: 246537.59801169753
  wind_year: 2010
  solar_year: 2019
  price_year: 2023
  carbon_year: 2023
storage_values:
  CAES:
    cost: 58.4755
    lifetime: 22.8933
    annual_cost: 2.554262600848283
    efficiency: 0.571551
    discharge_ratio: 0.1
    depth_of_discharge: 0.4
  Li-ion:
    cost: 134.249
    lifetime: 20.8217
    annual_cost: 6.447552313211697
    efficiency: 0.895353
    discharge_ratio: 2
    depth_of_discharge: 0.9
  Pb-acid:
    cost: 196.471
    lifetime: 11.5461
    annual_cost: 17.016221927750497
    efficiency: 0.770669
    discharge_ratio: 5
    depth_of_discharge: 0.5
  VRBF:
    cost: 166.32
    lifetime: 25.271
    annual_cost: 6.58145700605437
    efficiency: 0.785802
    discharge_ratio: 0.5
    depth_of_discharge: 1.0
