cost_values:
  wind_capex: 5000.0
  wind_opex: 100
  wind_lifetime: 20
  solar_capex: 1000.0
  solar_opex: 10
  solar_lifetime: 20
  carbon_price: 1.0
timeseries_values:
  load_level: 246537.59801169753
  wind_year: 2010
  solar_year: 2019
  price_year: 2023
  carbon_year: 2023
storage_values:
  CAES:
    cost: 55.5092
    lifetime: 22.613
    annual_cost: 2.454747269269889
    efficiency: 0.586001
    discharge_ratio: 0.1
    depth_of_discharge: 0.4
  Li-ion:
    cost: 124.845
    lifetime: 19.5186
    annual_cost: 6.396206695152316
    efficiency: 0.884896
    discharge_ratio: 2
    depth_of_discharge: 0.9
  Pb-acid:
    cost: 191.171
    lifetime: 12.1405
    annual_cost: 15.746550801037849
    efficiency: 0.762222
    discharge_ratio: 5
    depth_of_discharge: 0.5
  VRBF:
    cost: 192.794
    lifetime: 26.0226
    annual_cost: 7.408713964015894
    efficiency: 0.780218
    discharge_ratio: 0.5
    depth_of_discharge: 1.0
