cost_values:
  wind_capex: 5000.0
  wind_opex: 100
  wind_lifetime: 20
  solar_capex: 1000.0
  solar_opex: 10
  solar_lifetime: 20
  carbon_price: 1.0
timeseries_values:
  load_level: 246537.59801169753
  wind_year: 2010
  solar_year: 2019
  price_year: 2023
  carbon_year: 2023
storage_values:
  CAES:
    cost: 58.7726
    lifetime: 23.425
    annual_cost: 2.508969050160085
    efficiency: 0.576651
    discharge_ratio: 0.1
    depth_of_discharge: 0.4
  Li-ion:
    cost: 128.388
    lifetime: 20.3586
    annual_cost: 6.306327547080841
    efficiency: 0.912369
    discharge_ratio: 2
    depth_of_discharge: 0.9
  Pb-acid:
    cost: 200.661
    lifetime: 10.2491
    annual_cost: 19.578402006029798
    efficiency: 0.775516
    discharge_ratio: 5
    depth_of_discharge: 0.5
  VRBF:
    cost: 173.19
    lifetime: 25.2699
    annual_cost: 6.853608443246708
    efficiency: 0.782617
    discharge_ratio: 0.5
    depth_of_discharge: 1.0
