cost_values:
  wind_capex: 5000.0
  wind_opex: 100
  wind_lifetime: 20
  solar_capex: 1000.0
  solar_opex: 10
  solar_lifetime: 20
  carbon_price: 1.0
timeseries_values:
  load_level: 246537.59801169753
  wind_year: 2010
  solar_year: 2019
  price_year: 2023
  carbon_year: 2023
storage_values:
  CAES:
    cost: 55.0311
    lifetime: 23.3437
    annual_cost: 2.357428342550667
    efficiency: 0.583761
    discharge_ratio: 0.1
    depth_of_discharge: 0.4
  Li-ion:
    cost: 116.91
    lifetime: 20.4282
    annual_cost: 5.722971186888713
    efficiency: 0.906602
    discharge_ratio: 2
    depth_of_discharge: 0.9
  Pb-acid:
    cost: 210.773
    lifetime: 12.2877
    annual_cost: 17.153169429592193
    efficiency: 0.779142
    discharge_ratio: 5
    depth_of_discharge: 0.5
  VRBF:
    cost: 216.801
    lifetime: 24.6617
    annual_cost: 8.790999809421086
    efficiency: 0.789245
    discharge_ratio: 0.5
    depth_of_discharge: 1.0
