cost_values:
  wind_capex: 5000.0
  wind_opex: 100
  wind_lifetime: 20
  solar_capex: 1000.0
  solar_opex: 10
  solar_lifetime: 20
  carbon_price: 1.0
timeseries_values:
  load_level: 246537.59801169753
  wind_year: 2010
  solar_year: 2019
  price_year: 2023
  carbon_year: 2023
storage_values:
  CAES:
    cost: 55.1125
    lifetime: 21.3641
    annual_cost: 2.579678058050655
    efficiency: 0.583896
    discharge_ratio: 0.1
    depth_of_discharge: 0.4
  Li-ion:
    cost: 132.185
    lifetime: 21.5689
    annual_cost: 6.128499830774866
    efficiency: 0.901284
    discharge_ratio: 2
    depth_of_discharge: 0.9
  Pb-acid:
    cost: 206.854
    lifetime: 11.9277
    annual_cost: 17.34232081625125
    efficiency: 0.765394
    discharge_ratio: 5
    depth_of_discharge: 0.5
  VRBF:
    cost: 189.922
    lifetime: 27.2746
    annual_cost: 6.9633285181084235
    efficiency: 0.783678
    discharge_ratio: 0.5
    depth_of_discharge: 1.0
