cost_values:
  wind_capex: 5000.0
  wind_opex: 100
  wind_lifetime: 20
  solar_capex: 1000.0
  solar_opex: 10
  solar_lifetime: 20
  carbon_price: 1.0
timeseries_values:
  load_level: 246537.59801169753
  wind_year: 2010
  solar_year: 2019
  price_year: 2023
  carbon_year: 2023
storage_values:
  CAES:
    cost: 60.9074
    lifetime: 22.2661
    annual_cost: 2.7354318897337206
    efficiency: 0.580096
    discharge_ratio: 0.1
    depth_of_discharge: 0.4
  Li-ion:
    cost: 102.72
    lifetime: 20.8288
    annual_cost: 4.931633123367645
    efficiency: 0.896787
    discharge_ratio: 2
    depth_of_discharge: 0.9
  Pb-acid:
    cost: 198.392
    lifetime: 13.0994
    annual_cost: 15.14512115058705
    efficiency: 0.763898
    discharge_ratio: 5
    depth_of_discharge: 0.5
  VRBF:
    cost: 185.436
    lifetime: 23.952
    annual_cost: 7.741983967935871
    efficiency: 0.79045
    discharge_ratio: 0.5
    depth_of_discharge: 1.0
