cost_values:
  wind_capex: 5000.0
  wind_opex: 100
  wind_lifetime: 20
  solar_capex: 1000.0
  solar_opex: 10
  solar_lifetime: 20
  carbon_price: 1.0
timeseries_values:
  load_level: 246537.59801169753
  wind_year: 2010
  solar_year: 2019
  price_year: 2023
  carbon_year: 2023
storage_values:
  CAES:
    cost: 59.2307
    lifetime: 21.4352
    annual_cost: 2.763244569679779
    efficiency: 0.576384
    discharge_ratio: 0.1
    depth_of_discharge: 0.4
  Li-ion:
    cost: 129.755
    lifetime: 20.3845
    annual_cost: 6.3653756530697345
    efficiency: 0.896089
    discharge_ratio: 2
    depth_of_discharge: 0.9
  Pb-acid:
    cost: 199.35
    lifetime: 12.7146
    annual_cost: 15.678825916662733
    efficiency: 0.7825
    discharge_ratio: 5
    depth_of_discharge: 0.5
  VRBF:
    cost: 192.489
    lifetime: 24.5068
    annual_cost: 7.854513849217361
    efficiency: 0.779118
    discharge_ratio: 0.5
    depth_of_discharge: 1.0
