cost_values:
  wind_capex: 5000.0
  wind_opex: 100
  wind_lifetime: 20
  solar_capex: 1000.0
  solar_opex: 10
  solar_lifetime: 20
  carbon_price: 1.0
timeseries_values:
  load_level: 246537.59801169753
  wind_year: 2010
  solar_year: 2019
  price_year: 2023
  carbon_year: 2023
storage_values:
  CAES:
    cost: 57.8146
    lifetime: 23.3792
    annual_cost: 2.4729075417465096
    efficiency: 0.564803
    discharge_ratio: 0.1
    depth_of_discharge: 0.4
  Li-ion:
    cost: 129.048
    lifetime: 21.2112
    annual_cost: 6.083955646073772
    efficiency: 0.902414
    discharge_ratio: 2
    depth_of_discharge: 0.9
  Pb-acid:
    cost: 230.102
    lifetime: 10.7359
    annual_cost: 21.43294926368539
    efficiency: 0.778637
    discharge_ratio: 5
    depth_of_discharge: 0.5
  VRBF:
    cost: 163.695
    lifetime: 26.8625
    annual_cost: 6.093811074918566
    efficiency: 0.775591
    discharge_ratio: 0.5
    depth_of_discharge: 1.0
