cost_values:
  wind_capex: 5000.0
  wind_opex: 100
  wind_lifetime: 20
  solar_capex: 1000.0
  solar_opex: 10
  solar_lifetime: 20
  carbon_price: 1.0
timeseries_values:
  load_level: 246537.59801169753
  wind_year: 2010
  solar_year: 2019
  price_year: 2023
  carbon_year: 2023
storage_values:
  CAES:
    cost: 60.7693
    lifetime: 22.5124
    annual_cost: 2.6993701249089392
    efficiency: 0.578295
    discharge_ratio: 0.1
    depth_of_discharge: 0.4
  Li-ion:
    cost: 134.239
    lifetime: 20.6656
    annual_cost: 6.495770749458036
    efficiency: 0.900077
    discharge_ratio: 2
    depth_of_discharge: 0.9
  Pb-acid:
    cost: 222.319
    lifetime: 12.5059
    annual_cost: 17.77712919501995
    efficiency: 0.767524
    discharge_ratio: 5
    depth_of_discharge: 0.5
  VRBF:
    cost: 178.555
    lifetime: 25.3179
    annual_cost: 7.05252015372523
    efficiency: 0.789317
    discharge_ratio: 0.5
    depth_of_discharge: 1.0
