cost_values:
  wind_capex: 5000.0
  wind_opex: 100
  wind_lifetime: 20
  solar_capex: 1000.0
  solar_opex: 10
  solar_lifetime: 20
  carbon_price: 1.0
timeseries_values:
  load_level: 246537.59801169753
  wind_year: 2010
  solar_year: 2019
  price_year: 2023
  carbon_year: 2023
storage_values:
  CAES:
    cost: 57.6696
    lifetime: 23.1934
    annual_cost: 2.48646597739012
    efficiency: 0.579517
    discharge_ratio: 0.1
    depth_of_discharge: 0.4
  Li-ion:
    cost: 123.215
    lifetime: 20.6492
    annual_cost: 5.967059256532941
    efficiency: 0.907946
    discharge_ratio: 2
    depth_of_discharge: 0.9
  Pb-acid:
    cost: 211.921
    lifetime: 12.464
    annual_cost: 17.00264762516046
    efficiency: 0.759414
    discharge_ratio: 5
    depth_of_discharge: 0.5
  VRBF:
    cost: 195.102
    lifetime: 24.0559
    annual_cost: 8.110359620716746
    efficiency: 0.799455
    discharge_ratio: 0.5
    depth_of_discharge: 1.0
