cost_values:
  wind_capex: 5000.0
  wind_opex: 100
  wind_lifetime: 20
  solar_capex: 1000.0
  solar_opex: 10
  solar_lifetime: 20
  carbon_price: 1.0
timeseries_values:
  load_level: 246537.59801169753
  wind_year: 2010
  solar_year: 2019
  price_year: 2023
  carbon_year: 2023
storage_values:
  CAES:
    cost: 63.1413
    lifetime: 23.7342
    annual_cost: 2.6603508860631493
    efficiency: 0.577706
    discharge_ratio: 0.1
    depth_of_discharge: 0.4
  Li-ion:
    cost: 118.515
    lifetime: 19.1387
    annual_cost: 6.192426862848574
    efficiency: 0.902416
    discharge_ratio: 2
    depth_of_discharge: 0.9
  Pb-acid:
    cost: 222.389
    lifetime: 12.5453
    annual_cost: 17.72687779487139
    efficiency: 0.774698
    discharge_ratio: 5
    depth_of_discharge: 0.5
  VRBF:
    cost: 222.816
    lifetime: 23.9793
    annual_cost: 9.29201436238756
    efficiency: 0.769459
    discharge_ratio: 0.5
    depth_of_discharge: 1.0
