cost_values:
  wind_capex: 5000.0
  wind_opex: 100
  wind_lifetime: 20
  solar_capex: 1000.0
  solar_opex: 10
  solar_lifetime: 20
  carbon_price: 1.0
timeseries_values:
  load_level: 246537.59801169753
  wind_year: 2010
  solar_year: 2019
  price_year: 2023
  carbon_year: 2023
storage_values:
  CAES:
    cost: 64.9077
    lifetime: 23.4586
    annual_cost: 2.7669042483353654
    efficiency: 0.579407
    discharge_ratio: 0.1
    depth_of_discharge: 0.4
  Li-ion:
    cost: 128.22
    lifetime: 22.1313
    annual_cost: 5.793604532946551
    efficiency: 0.899911
    discharge_ratio: 2
    depth_of_discharge: 0.9
  Pb-acid:
    cost: 215.482
    lifetime: 11.9366
    annual_cost: 18.052209171790963
    efficiency: 0.768655
    discharge_ratio: 5
    depth_of_discharge: 0.5
  VRBF:
    cost: 205.533
    lifetime: 25.7746
    annual_cost: 7.974245963079931
    efficiency: 0.786466
    discharge_ratio: 0.5
    depth_of_discharge: 1.0
