cost_values:
  wind_capex: 5000.0
  wind_opex: 100
  wind_lifetime: 20
  solar_capex: 1000.0
  solar_opex: 10
  solar_lifetime: 20
  carbon_price: 1.0
timeseries_values:
  load_level: 246537.59801169753
  wind_year: 2010
  solar_year: 2019
  price_year: 2023
  carbon_year: 2023
storage_values:
  CAES:
    cost: 58.5652
    lifetime: 22.4822
    annual_cost: 2.6049585894618854
    efficiency: 0.566969
    discharge_ratio: 0.1
    depth_of_discharge: 0.4
  Li-ion:
    cost: 114.092
    lifetime: 21.0839
    annual_cost: 5.411332817932166
    efficiency: 0.908995
    discharge_ratio: 2
    depth_of_discharge: 0.9
  Pb-acid:
    cost: 224.837
    lifetime: 11.6324
    annual_cost: 19.328513462398128
    efficiency: 0.776213
    discharge_ratio: 5
    depth_of_discharge: 0.5
  VRBF:
    cost: 170.454
    lifetime: 23.3861
    annual_cost: 7.2886885799684435
    efficiency: 0.793138
    discharge_ratio: 0.5
    depth_of_discharge: 1.0
