cost_values:
  wind_capex: 5000.0
  wind_opex: 100
  wind_lifetime: 20
  solar_capex: 1000.0
  solar_opex: 10
  solar_lifetime: 20
  carbon_price: 1.0
timeseries_values:
  load_level: 246537.59801169753
  wind_year: 2010
  solar_year: 2019
  price_year: 2023
  carbon_year: 2023
storage_values:
  CAES:
    cost: 62.109
    lifetime: 22.9991
    annual_cost: 2.7004969759686253
    efficiency: 0.579517
    discharge_ratio: 0.1
    depth_of_discharge: 0.4
  Li-ion:
    cost: 108.951
    lifetime: 21.5715
    annual_cost: 5.0506918851262075
    efficiency: 0.917262
    discharge_ratio: 2
    depth_of_discharge: 0.9
  Pb-acid:
    cost: 223.049
    lifetime: 12.7482
    annual_cost: 17.496509311118434
    efficiency: 0.777463
    discharge_ratio: 5
    depth_of_discharge: 0.5
  VRBF:
    cost: 221.891
    lifetime: 26.1893
    annual_cost: 8.472582314151198
    efficiency: 0.782913
    discharge_ratio: 0.5
    depth_of_discharge: 1.0
