cost_values:
  wind_capex: 5000.0
  wind_opex: 100
  wind_lifetime: 20
  solar_capex: 1000.0
  solar_opex: 10
  solar_lifetime: 20
  carbon_price: 1.0
timeseries_values:
  load_level: 246537.59801169753
  wind_year: 2010
  solar_year: 2019
  price_year: 2023
  carbon_year: 2023
storage_values:
  CAES:
    cost: 58.3037
    lifetime: 22.2313
    annual_cost: 2.6225951698731067
    efficiency: 0.577275
    discharge_ratio: 0.1
    depth_of_discharge: 0.4
  Li-ion:
    cost: 110.469
    lifetime: 20.7796
    annual_cost: 5.316223603919228
    efficiency: 0.919742
    discharge_ratio: 2
    depth_of_discharge: 0.9
  Pb-acid:
    cost: 197.788
    lifetime: 11.1646
    annual_cost: 17.715636923848592
    efficiency: 0.764685
    discharge_ratio: 5
    depth_of_discharge: 0.5
  VRBF:
    cost: 187.393
    lifetime: 23.8498
    annual_cost: 7.857214735553338
    efficiency: 0.798372
    discharge_ratio: 0.5
    depth_of_discharge: 1.0
