cost_values:
  wind_capex: 5000.0
  wind_opex: 100
  wind_lifetime: 20
  solar_capex: 1000.0
  solar_opex: 10
  solar_lifetime: 20
  carbon_price: 1.0
timeseries_values:
  load_level: 246537.59801169753
  wind_year: 2010
  solar_year: 2019
  price_year: 2023
  carbon_year: 2023
storage_values:
  CAES:
    cost: 63.5102
    lifetime: 21.9878
    annual_cost: 2.888429037921029
    efficiency: 0.584022
    discharge_ratio: 0.1
    depth_of_discharge: 0.4
  Li-ion:
    cost: 138.601
    lifetime: 21.0551
    annual_cost: 6.582775669552745
    efficiency: 0.901023
    discharge_ratio: 2
    depth_of_discharge: 0.9
  Pb-acid:
    cost: 203.3
    lifetime: 11.0037
    annual_cost: 18.475603660586895
    efficiency: 0.771075
    discharge_ratio: 5
    depth_of_discharge: 0.5
  VRBF:
    cost: 208.25
    lifetime: 23.2954
    annual_cost: 8.93953312671171
    efficiency: 0.783679
    discharge_ratio: 0.5
    depth_of_discharge: 1.0
