cost_values:
  wind_capex: 5000.0
  wind_opex: 100
  wind_lifetime: 20
  solar_capex: 1000.0
  solar_opex: 10
  solar_lifetime: 20
  carbon_price: 1.0
timeseries_values:
  load_level: 246537.59801169753
  wind_year: 2010
  solar_year: 2019
  price_year: 2023
  carbon_year: 2023
storage_values:
  CAES:
    cost: 60.6015
    lifetime: 22.5104
    annual_cost: 2.6921556258440544
    efficiency: 0.574848
    discharge_ratio: 0.1
    depth_of_discharge: 0.4
  Li-ion:
    cost: 113.214
    lifetime: 20.4884
    annual_cost: 5.525760918373324
    efficiency: 0.889912
    discharge_ratio: 2
    depth_of_discharge: 0.9
  Pb-acid:
    cost: 231.422
    lifetime: 12.0345
    annual_cost: 19.22988075948315
    efficiency: 0.785687
    discharge_ratio: 5
    depth_of_discharge: 0.5
  VRBF:
    cost: 174.271
    lifetime: 26.3099
    annual_cost: 6.623780402053979
    efficiency: 0.7968
    discharge_ratio: 0.5
    depth_of_discharge: 1.0
