cost_values:
  wind_capex: 5000.0
  wind_opex: 100
  wind_lifetime: 20
  solar_capex: 1000.0
  solar_opex: 10
  solar_lifetime: 20
  carbon_price: 1.0
timeseries_values:
  load_level: 246537.59801169753
  wind_year: 2010
  solar_year: 2019
  price_year: 2023
  carbon_year: 2023
storage_values:
  CAES:
    cost: 60.4654
    lifetime: 22.9411
    annual_cost: 2.6356800676515078
    efficiency: 0.585705
    discharge_ratio: 0.1
    depth_of_discharge: 0.4
  Li-ion:
    cost: 105.357
    lifetime: 22.1837
    annual_cost: 4.749297907923385
    efficiency: 0.902544
    discharge_ratio: 2
    depth_of_discharge: 0.9
  Pb-acid:
    cost: 229.616
    lifetime: 11.1401
    annual_cost: 20.611664168185204
    efficiency: 0.776782
    discharge_ratio: 5
    depth_of_discharge: 0.5
  VRBF:
    cost: 196.633
    lifetime: 25.8176
    annual_cost: 7.616238534952901
    efficiency: 0.797436
    discharge_ratio: 0.5
    depth_of_discharge: 1.0
