cost_values:
  wind_capex: 5000.0
  wind_opex: 100
  wind_lifetime: 20
  solar_capex: 1000.0
  solar_opex: 10
  solar_lifetime: 20
  carbon_price: 1.0
timeseries_values:
  load_level: 246537.59801169753
  wind_year: 2010
  solar_year: 2019
  price_year: 2023
  carbon_year: 2023
storage_values:
  CAES:
    cost: 57.3609
    lifetime: 23.3229
    annual_cost: 2.4594239995883873
    efficiency: 0.570797
    discharge_ratio: 0.1
    depth_of_discharge: 0.4
  Li-ion:
    cost: 138.722
    lifetime: 19.9101
    annual_cost: 6.9674185463659155
    efficiency: 0.895703
    discharge_ratio: 2
    depth_of_discharge: 0.9
  Pb-acid:
    cost: 213.918
    lifetime: 11.8584
    annual_cost: 18.039364501113138
    efficiency: 0.791061
    discharge_ratio: 5
    depth_of_discharge: 0.5
  VRBF:
    cost: 156.188
    lifetime: 25.7858
    annual_cost: 6.057132220059103
    efficiency: 0.785037
    discharge_ratio: 0.5
    depth_of_discharge: 1.0
