cost_values:
  wind_capex: 5000.0
  wind_opex: 100
  wind_lifetime: 20
  solar_capex: 1000.0
  solar_opex: 10
  solar_lifetime: 20
  carbon_price: 1.0
timeseries_values:
  load_level: 284606.18761491956
  wind_year: 2010
  solar_year: 2018
  price_year: 2023
  carbon_year: 2023
storage_values:
  CAES:
    cost: 44.7698
    lifetime: 27.2767
    annual_cost: 1.6413202476839204
    efficiency: 0.613663
    discharge_ratio: 0.1
    depth_of_discharge: 0.4
  Li-ion:
    cost: 122.508
    lifetime: 22.3139
    annual_cost: 5.49021013807537
    efficiency: 0.956463
    discharge_ratio: 2
    depth_of_discharge: 0.9
  Pb-acid:
    cost: 156.393
    lifetime: 13.6789
    annual_cost: 11.43315617483862
    efficiency: 0.6868
    discharge_ratio: 5
    depth_of_discharge: 0.5
  VRBF:
    cost: 184.85
    lifetime: 25.296
    annual_cost: 7.3074794433902595
    efficiency: 0.792284
    discharge_ratio: 0.5
    depth_of_discharge: 1.0
