cost_values:
  wind_capex: 5000.0
  wind_opex: 100
  wind_lifetime: 20
  solar_capex: 1000.0
  solar_opex: 10
  solar_lifetime: 20
  carbon_price: 1.0
timeseries_values:
  load_level: 284606.18761491956
  wind_year: 2010
  solar_year: 2018
  price_year: 2023
  carbon_year: 2023
storage_values:
  CAES:
    cost: 37.0884
    lifetime: 28.0606
    annual_cost: 1.321725123482748
    efficiency: 0.625591
    discharge_ratio: 0.1
    depth_of_discharge: 0.4
  Li-ion:
    cost: 165.067
    lifetime: 22.0073
    annual_cost: 7.500556633480708
    efficiency: 0.959226
    discharge_ratio: 2
    depth_of_discharge: 0.9
  Pb-acid:
    cost: 164.457
    lifetime: 13.715
    annual_cost: 11.991031717098068
    efficiency: 0.706935
    discharge_ratio: 5
    depth_of_discharge: 0.5
  VRBF:
    cost: 172.243
    lifetime: 26.1526
    annual_cost: 6.58607557183607
    efficiency: 0.820305
    discharge_ratio: 0.5
    depth_of_discharge: 1.0
