cost_values:
  wind_capex: 5000.0
  wind_opex: 100
  wind_lifetime: 20
  solar_capex: 1000.0
  solar_opex: 10
  solar_lifetime: 20
  carbon_price: 1.0
timeseries_values:
  load_level: 284606.18761491956
  wind_year: 2010
  solar_year: 2018
  price_year: 2023
  carbon_year: 2023
storage_values:
  CAES:
    cost: 38.3343
    lifetime: 27.8353
    annual_cost: 1.3771829295894062
    efficiency: 0.611352
    discharge_ratio: 0.1
    depth_of_discharge: 0.4
  Li-ion:
    cost: 141.418
    lifetime: 22.4599
    annual_cost: 6.296466146331907
    efficiency: 0.950909
    discharge_ratio: 2
    depth_of_discharge: 0.9
  Pb-acid:
    cost: 154.597
    lifetime: 13.1598
    annual_cost: 11.747670937248287
    efficiency: 0.689826
    discharge_ratio: 5
    depth_of_discharge: 0.5
  VRBF:
    cost: 182.286
    lifetime: 25.4784
    annual_cost: 7.154530896759608
    efficiency: 0.787778
    discharge_ratio: 0.5
    depth_of_discharge: 1.0
