cost_values:
  wind_capex: 5000.0
  wind_opex: 100
  wind_lifetime: 20
  solar_capex: 1000.0
  solar_opex: 10
  solar_lifetime: 20
  carbon_price: 1.0
timeseries_values:
  load_level: 284606.18761491956
  wind_year: 2010
  solar_year: 2018
  price_year: 2023
  carbon_year: 2023
storage_values:
  CAES:
    cost: 40.9259
    lifetime: 26.8556
    annual_cost: 1.523924246712045
    efficiency: 0.622139
    discharge_ratio: 0.1
    depth_of_discharge: 0.4
  Li-ion:
    cost: 189.446
    lifetime: 22.5466
    annual_cost: 8.402419877054633
    efficiency: 0.949245
    discharge_ratio: 2
    depth_of_discharge: 0.9
  Pb-acid:
    cost: 151.248
    lifetime: 15.0685
    annual_cost: 10.037362710289676
    efficiency: 0.686569
    discharge_ratio: 5
    depth_of_discharge: 0.5
  VRBF:
    cost: 131.945
    lifetime: 24.8618
    annual_cost: 5.3071378580794635
    efficiency: 0.810476
    discharge_ratio: 0.5
    depth_of_discharge: 1.0
