cost_values:
  wind_capex: 5000.0
  wind_opex: 100
  wind_lifetime: 20
  solar_capex: 1000.0
  solar_opex: 10
  solar_lifetime: 20
  carbon_price: 1.0
timeseries_values:
  load_level: 284606.18761491956
  wind_year: 2010
  solar_year: 2018
  price_year: 2023
  carbon_year: 2023
storage_values:
  CAES:
    cost: 35.7713
    lifetime: 27.613
    annual_cost: 1.2954514178104515
    efficiency: 0.61559
    discharge_ratio: 0.1
    depth_of_discharge: 0.4
  Li-ion:
    cost: 147.232
    lifetime: 21.7785
    annual_cost: 6.760428863328512
    efficiency: 0.94424
    discharge_ratio: 2
    depth_of_discharge: 0.9
  Pb-acid:
    cost: 153.744
    lifetime: 14.6691
    annual_cost: 10.480806593451542
    efficiency: 0.698906
    discharge_ratio: 5
    depth_of_discharge: 0.5
  VRBF:
    cost: 183.224
    lifetime: 24.927
    annual_cost: 7.350423235848678
    efficiency: 0.836532
    discharge_ratio: 0.5
    depth_of_discharge: 1.0
