cost_values:
  wind_capex: 5000.0
  wind_opex: 100
  wind_lifetime: 20
  solar_capex: 1000.0
  solar_opex: 10
  solar_lifetime: 20
  carbon_price: 1.0
timeseries_values:
  load_level: 284606.18761491956
  wind_year: 2010
  solar_year: 2018
  price_year: 2023
  carbon_year: 2023
storage_values:
  CAES:
    cost: 40.7603
    lifetime: 26.7846
    annual_cost: 1.5217811727634536
    efficiency: 0.619254
    discharge_ratio: 0.1
    depth_of_discharge: 0.4
  Li-ion:
    cost: 136.951
    lifetime: 20.1521
    annual_cost: 6.795867428208474
    efficiency: 0.957074
    discharge_ratio: 2
    depth_of_discharge: 0.9
  Pb-acid:
    cost: 168.611
    lifetime: 13.5645
    annual_cost: 12.430314423679457
    efficiency: 0.718232
    discharge_ratio: 5
    depth_of_discharge: 0.5
  VRBF:
    cost: 174.469
    lifetime: 24.8203
    annual_cost: 7.029286511444261
    efficiency: 0.827511
    discharge_ratio: 0.5
    depth_of_discharge: 1.0
