cost_values:
  wind_capex: 5000.0
  wind_opex: 100
  wind_lifetime: 20
  solar_capex: 1000.0
  solar_opex: 10
  solar_lifetime: 20
  carbon_price: 1.0
timeseries_values:
  load_level: 284606.18761491956
  wind_year: 2010
  solar_year: 2018
  price_year: 2023
  carbon_year: 2023
storage_values:
  CAES:
    cost: 40.771
    lifetime: 26.8885
    annual_cost: 1.516298789445302
    efficiency: 0.6243
    discharge_ratio: 0.1
    depth_of_discharge: 0.4
  Li-ion:
    cost: 164.208
    lifetime: 22.043
    annual_cost: 7.4494397314340155
    efficiency: 0.941888
    discharge_ratio: 2
    depth_of_discharge: 0.9
  Pb-acid:
    cost: 151.538
    lifetime: 13.8573
    annual_cost: 10.935607946714006
    efficiency: 0.695229
    discharge_ratio: 5
    depth_of_discharge: 0.5
  VRBF:
    cost: 141.02
    lifetime: 25.3778
    annual_cost: 5.556825256720441
    efficiency: 0.783951
    discharge_ratio: 0.5
    depth_of_discharge: 1.0
