cost_values:
  wind_capex: 5000.0
  wind_opex: 100
  wind_lifetime: 20
  solar_capex: 1000.0
  solar_opex: 10
  solar_lifetime: 20
  carbon_price: 1.0
timeseries_values:
  load_level: 284606.18761491956
  wind_year: 2010
  solar_year: 2018
  price_year: 2023
  carbon_year: 2023
storage_values:
  CAES:
    cost: 35.454
    lifetime: 26.6713
    annual_cost: 1.3292940351613909
    efficiency: 0.619325
    discharge_ratio: 0.1
    depth_of_discharge: 0.4
  Li-ion:
    cost: 149.381
    lifetime: 21.0545
    annual_cost: 7.094967821605832
    efficiency: 0.950035
    discharge_ratio: 2
    depth_of_discharge: 0.9
  Pb-acid:
    cost: 156.759
    lifetime: 13.3995
    annual_cost: 11.698869360797044
    efficiency: 0.702978
    discharge_ratio: 5
    depth_of_discharge: 0.5
  VRBF:
    cost: 162.148
    lifetime: 22.6718
    annual_cost: 7.151968524775271
    efficiency: 0.82541
    discharge_ratio: 0.5
    depth_of_discharge: 1.0
