cost_values:
  wind_capex: 5000.0
  wind_opex: 100
  wind_lifetime: 20
  solar_capex: 1000.0
  solar_opex: 10
  solar_lifetime: 20
  carbon_price: 1.0
timeseries_values:
  load_level: 284606.18761491956
  wind_year: 2010
  solar_year: 2018
  price_year: 2023
  carbon_year: 2023
storage_values:
  CAES:
    cost: 35.2783
    lifetime: 27.2867
    annual_cost: 1.2928752835630546
    efficiency: 0.626881
    discharge_ratio: 0.1
    depth_of_discharge: 0.4
  Li-ion:
    cost: 150.235
    lifetime: 24.1997
    annual_cost: 6.208134811588574
    efficiency: 0.962388
    discharge_ratio: 2
    depth_of_discharge: 0.9
  Pb-acid:
    cost: 160.37
    lifetime: 12.9068
    annual_cost: 12.42523321040072
    efficiency: 0.702845
    discharge_ratio: 5
    depth_of_discharge: 0.5
  VRBF:
    cost: 169.244
    lifetime: 26.0294
    annual_cost: 6.502032317302742
    efficiency: 0.802905
    discharge_ratio: 0.5
    depth_of_discharge: 1.0
