cost_values:
  wind_capex: 5000.0
  wind_opex: 100
  wind_lifetime: 20
  solar_capex: 1000.0
  solar_opex: 10
  solar_lifetime: 20
  carbon_price: 1.0
timeseries_values:
  load_level: 284606.18761491956
  wind_year: 2010
  solar_year: 2018
  price_year: 2023
  carbon_year: 2023
storage_values:
  CAES:
    cost: 41.7029
    lifetime: 28.0027
    annual_cost: 1.4892456798808686
    efficiency: 0.62346
    discharge_ratio: 0.1
    depth_of_discharge: 0.4
  Li-ion:
    cost: 140.514
    lifetime: 23.0492
    annual_cost: 6.096263644725197
    efficiency: 0.954795
    discharge_ratio: 2
    depth_of_discharge: 0.9
  Pb-acid:
    cost: 142.01
    lifetime: 14.1203
    annual_cost: 10.057151760231722
    efficiency: 0.699525
    discharge_ratio: 5
    depth_of_discharge: 0.5
  VRBF:
    cost: 159.421
    lifetime: 23.6802
    annual_cost: 6.732248883033082
    efficiency: 0.820242
    discharge_ratio: 0.5
    depth_of_discharge: 1.0
