cost_values:
  wind_capex: 5000.0
  wind_opex: 100
  wind_lifetime: 20
  solar_capex: 1000.0
  solar_opex: 10
  solar_lifetime: 20
  carbon_price: 1.0
timeseries_values:
  load_level: 284606.18761491956
  wind_year: 2010
  solar_year: 2018
  price_year: 2023
  carbon_year: 2023
storage_values:
  CAES:
    cost: 39.7335
    lifetime: 27.5741
    annual_cost: 1.4409717814906016
    efficiency: 0.640521
    discharge_ratio: 0.1
    depth_of_discharge: 0.4
  Li-ion:
    cost: 173.935
    lifetime: 23.0846
    annual_cost: 7.534676797518693
    efficiency: 0.956552
    discharge_ratio: 2
    depth_of_discharge: 0.9
  Pb-acid:
    cost: 155.481
    lifetime: 12.8144
    annual_cost: 12.133303158946186
    efficiency: 0.700882
    discharge_ratio: 5
    depth_of_discharge: 0.5
  VRBF:
    cost: 155.986
    lifetime: 24.5376
    annual_cost: 6.357019431403233
    efficiency: 0.832378
    discharge_ratio: 0.5
    depth_of_discharge: 1.0
