cost_values:
  wind_capex: 5000.0
  wind_opex: 100
  wind_lifetime: 20
  solar_capex: 1000.0
  solar_opex: 10
  solar_lifetime: 20
  carbon_price: 1.0
timeseries_values:
  load_level: 284606.18761491956
  wind_year: 2010
  solar_year: 2018
  price_year: 2023
  carbon_year: 2023
storage_values:
  CAES:
    cost: 33.2974
    lifetime: 27.5259
    annual_cost: 1.2096752513087674
    efficiency: 0.61395
    discharge_ratio: 0.1
    depth_of_discharge: 0.4
  Li-ion:
    cost: 155.521
    lifetime: 22.9776
    annual_cost: 6.768374416823341
    efficiency: 0.955937
    discharge_ratio: 2
    depth_of_discharge: 0.9
  Pb-acid:
    cost: 161.43
    lifetime: 13.4458
    annual_cost: 12.00597956239123
    efficiency: 0.698458
    discharge_ratio: 5
    depth_of_discharge: 0.5
  VRBF:
    cost: 206.953
    lifetime: 25.4599
    annual_cost: 8.128586522335123
    efficiency: 0.796166
    discharge_ratio: 0.5
    depth_of_discharge: 1.0
