cost_values:
  wind_capex: 5000.0
  wind_opex: 100
  wind_lifetime: 20
  solar_capex: 1000.0
  solar_opex: 10
  solar_lifetime: 20
  carbon_price: 1.0
timeseries_values:
  load_level: 284606.18761491956
  wind_year: 2010
  solar_year: 2018
  price_year: 2023
  carbon_year: 2023
storage_values:
  CAES:
    cost: 36.2485
    lifetime: 27.5104
    annual_cost: 1.317628969407933
    efficiency: 0.628072
    discharge_ratio: 0.1
    depth_of_discharge: 0.4
  Li-ion:
    cost: 141.592
    lifetime: 21.085
    annual_cost: 6.715295233578374
    efficiency: 0.949487
    discharge_ratio: 2
    depth_of_discharge: 0.9
  Pb-acid:
    cost: 166.035
    lifetime: 14.0696
    annual_cost: 11.800975152100984
    efficiency: 0.699928
    discharge_ratio: 5
    depth_of_discharge: 0.5
  VRBF:
    cost: 193.404
    lifetime: 27.6012
    annual_cost: 7.007086648406592
    efficiency: 0.808523
    discharge_ratio: 0.5
    depth_of_discharge: 1.0
