cost_values:
  wind_capex: 5000.0
  wind_opex: 100
  wind_lifetime: 20
  solar_capex: 1000.0
  solar_opex: 10
  solar_lifetime: 20
  carbon_price: 1.0
timeseries_values:
  load_level: 284606.18761491956
  wind_year: 2010
  solar_year: 2018
  price_year: 2023
  carbon_year: 2023
storage_values:
  CAES:
    cost: 39.4824
    lifetime: 25.8173
    annual_cost: 1.5293001204618608
    efficiency: 0.619455
    discharge_ratio: 0.1
    depth_of_discharge: 0.4
  Li-ion:
    cost: 149.493
    lifetime: 20.6005
    annual_cost: 7.256765612485133
    efficiency: 0.951314
    discharge_ratio: 2
    depth_of_discharge: 0.9
  Pb-acid:
    cost: 149.81
    lifetime: 14.7786
    annual_cost: 10.136954785974314
    efficiency: 0.67953
    discharge_ratio: 5
    depth_of_discharge: 0.5
  VRBF:
    cost: 187.023
    lifetime: 24.8072
    annual_cost: 7.539061240285078
    efficiency: 0.831689
    discharge_ratio: 0.5
    depth_of_discharge: 1.0
