cost_values:
  wind_capex: 5000.0
  wind_opex: 100
  wind_lifetime: 20
  solar_capex: 1000.0
  solar_opex: 10
  solar_lifetime: 20
  carbon_price: 1.0
timeseries_values:
  load_level: 284606.18761491956
  wind_year: 2010
  solar_year: 2018
  price_year: 2023
  carbon_year: 2023
storage_values:
  CAES:
    cost: 39.7294
    lifetime: 27.6886
    annual_cost: 1.434864890243638
    efficiency: 0.604964
    discharge_ratio: 0.1
    depth_of_discharge: 0.4
  Li-ion:
    cost: 183.768
    lifetime: 22.3283
    annual_cost: 8.230272792823458
    efficiency: 0.955942
    discharge_ratio: 2
    depth_of_discharge: 0.9
  Pb-acid:
    cost: 149.045
    lifetime: 14.3275
    annual_cost: 10.402722038038736
    efficiency: 0.690358
    discharge_ratio: 5
    depth_of_discharge: 0.5
  VRBF:
    cost: 167.264
    lifetime: 23.119
    annual_cost: 7.234915004974264
    efficiency: 0.805759
    discharge_ratio: 0.5
    depth_of_discharge: 1.0
