cost_values:
  wind_capex: 5000.0
  wind_opex: 100
  wind_lifetime: 20
  solar_capex: 1000.0
  solar_opex: 10
  solar_lifetime: 20
  carbon_price: 1.0
timeseries_values:
  load_level: 284606.18761491956
  wind_year: 2010
  solar_year: 2018
  price_year: 2023
  carbon_year: 2023
storage_values:
  CAES:
    cost: 41.7028
    lifetime: 27.579
    annual_cost: 1.512121541752783
    efficiency: 0.615701
    discharge_ratio: 0.1
    depth_of_discharge: 0.4
  Li-ion:
    cost: 149.066
    lifetime: 23.4476
    annual_cost: 6.357409713574097
    efficiency: 0.97023
    discharge_ratio: 2
    depth_of_discharge: 0.9
  Pb-acid:
    cost: 145.478
    lifetime: 13.6473
    annual_cost: 10.659837477010106
    efficiency: 0.692624
    discharge_ratio: 5
    depth_of_discharge: 0.5
  VRBF:
    cost: 202.436
    lifetime: 25.2537
    annual_cost: 8.016092691367998
    efficiency: 0.795361
    discharge_ratio: 0.5
    depth_of_discharge: 1.0
