cost_values:
  wind_capex: 5000.0
  wind_opex: 100
  wind_lifetime: 20
  solar_capex: 1000.0
  solar_opex: 10
  solar_lifetime: 20
  carbon_price: 1.0
timeseries_values:
  load_level: 284606.18761491956
  wind_year: 2010
  solar_year: 2018
  price_year: 2023
  carbon_year: 2023
storage_values:
  CAES:
    cost: 35.328
    lifetime: 27.707
    annual_cost: 1.275056844840654
    efficiency: 0.614048
    discharge_ratio: 0.1
    depth_of_discharge: 0.4
  Li-ion:
    cost: 141.394
    lifetime: 21.6761
    annual_cost: 6.523036893168051
    efficiency: 0.954433
    discharge_ratio: 2
    depth_of_discharge: 0.9
  Pb-acid:
    cost: 155.419
    lifetime: 13.8011
    annual_cost: 11.261348733072003
    efficiency: 0.698282
    discharge_ratio: 5
    depth_of_discharge: 0.5
  VRBF:
    cost: 157.0
    lifetime: 24.129
    annual_cost: 6.506693190766297
    efficiency: 0.82487
    discharge_ratio: 0.5
    depth_of_discharge: 1.0
