cost_values:
  wind_capex: 5000.0
  wind_opex: 100
  wind_lifetime: 20
  solar_capex: 1000.0
  solar_opex: 10
  solar_lifetime: 20
  carbon_price: 1.0
timeseries_values:
  load_level: 284606.18761491956
  wind_year: 2010
  solar_year: 2018
  price_year: 2023
  carbon_year: 2023
storage_values:
  CAES:
    cost: 41.8909
    lifetime: 27.4668
    annual_cost: 1.5251467225887254
    efficiency: 0.621774
    discharge_ratio: 0.1
    depth_of_discharge: 0.4
  Li-ion:
    cost: 166.961
    lifetime: 20.9526
    annual_cost: 7.9685098746694925
    efficiency: 0.955748
    discharge_ratio: 2
    depth_of_discharge: 0.9
  Pb-acid:
    cost: 142.787
    lifetime: 13.1596
    annual_cost: 10.850405787409953
    efficiency: 0.699584
    discharge_ratio: 5
    depth_of_discharge: 0.5
  VRBF:
    cost: 154.863
    lifetime: 24.1951
    annual_cost: 6.400593508602982
    efficiency: 0.808695
    discharge_ratio: 0.5
    depth_of_discharge: 1.0
