cost_values:
  wind_capex: 5000.0
  wind_opex: 100
  wind_lifetime: 20
  solar_capex: 1000.0
  solar_opex: 10
  solar_lifetime: 20
  carbon_price: 1.0
timeseries_values:
  load_level: 284606.18761491956
  wind_year: 2010
  solar_year: 2018
  price_year: 2023
  carbon_year: 2023
storage_values:
  CAES:
    cost: 38.8435
    lifetime: 27.4905
    annual_cost: 1.4129790291191502
    efficiency: 0.619664
    discharge_ratio: 0.1
    depth_of_discharge: 0.4
  Li-ion:
    cost: 148.089
    lifetime: 22.1464
    annual_cost: 6.686820431311635
    efficiency: 0.948621
    discharge_ratio: 2
    depth_of_discharge: 0.9
  Pb-acid:
    cost: 152.839
    lifetime: 14.6255
    annual_cost: 10.450172643670301
    efficiency: 0.686766
    discharge_ratio: 5
    depth_of_discharge: 0.5
  VRBF:
    cost: 162.348
    lifetime: 22.3854
    annual_cost: 7.252405585783592
    efficiency: 0.798227
    discharge_ratio: 0.5
    depth_of_discharge: 1.0
