cost_values:
  wind_capex: 5000.0
  wind_opex: 100
  wind_lifetime: 20
  solar_capex: 1000.0
  solar_opex: 10
  solar_lifetime: 20
  carbon_price: 1.0
timeseries_values:
  load_level: 284606.18761491956
  wind_year: 2010
  solar_year: 2018
  price_year: 2023
  carbon_year: 2023
storage_values:
  CAES:
    cost: 40.9278
    lifetime: 26.7539
    annual_cost: 1.529788180414818
    efficiency: 0.609365
    discharge_ratio: 0.1
    depth_of_discharge: 0.4
  Li-ion:
    cost: 155.162
    lifetime: 21.3707
    annual_cost: 7.260501527792726
    efficiency: 0.971128
    discharge_ratio: 2
    depth_of_discharge: 0.9
  Pb-acid:
    cost: 165.007
    lifetime: 12.6684
    annual_cost: 13.025086040857568
    efficiency: 0.689836
    discharge_ratio: 5
    depth_of_discharge: 0.5
  VRBF:
    cost: 150.758
    lifetime: 27.8112
    annual_cost: 5.420765734668048
    efficiency: 0.824959
    discharge_ratio: 0.5
    depth_of_discharge: 1.0
