cost_values:
  wind_capex: 5000.0
  wind_opex: 100
  wind_lifetime: 20
  solar_capex: 1000.0
  solar_opex: 10
  solar_lifetime: 20
  carbon_price: 1.0
timeseries_values:
  load_level: 284606.18761491956
  wind_year: 2010
  solar_year: 2018
  price_year: 2023
  carbon_year: 2023
storage_values:
  CAES:
    cost: 39.3656
    lifetime: 28.2579
    annual_cost: 1.393082996259453
    efficiency: 0.614719
    discharge_ratio: 0.1
    depth_of_discharge: 0.4
  Li-ion:
    cost: 167.51
    lifetime: 22.7792
    annual_cost: 7.35363840696776
    efficiency: 0.953861
    discharge_ratio: 2
    depth_of_discharge: 0.9
  Pb-acid:
    cost: 151.56
    lifetime: 12.7738
    annual_cost: 11.864910989682006
    efficiency: 0.675785
    discharge_ratio: 5
    depth_of_discharge: 0.5
  VRBF:
    cost: 165.425
    lifetime: 21.2699
    annual_cost: 7.7774225548780205
    efficiency: 0.818568
    discharge_ratio: 0.5
    depth_of_discharge: 1.0
