cost_values:
  wind_capex: 5000.0
  wind_opex: 100
  wind_lifetime: 20
  solar_capex: 1000.0
  solar_opex: 10
  solar_lifetime: 20
  carbon_price: 1.0
timeseries_values:
  load_level: 284606.18761491956
  wind_year: 2010
  solar_year: 2018
  price_year: 2023
  carbon_year: 2023
storage_values:
  CAES:
    cost: 37.7312
    lifetime: 28.1137
    annual_cost: 1.342093000921259
    efficiency: 0.63437
    discharge_ratio: 0.1
    depth_of_discharge: 0.4
  Li-ion:
    cost: 159.495
    lifetime: 22.8786
    annual_cost: 6.971361884031366
    efficiency: 0.969616
    discharge_ratio: 2
    depth_of_discharge: 0.9
  Pb-acid:
    cost: 155.799
    lifetime: 13.3677
    annual_cost: 11.654884535110753
    efficiency: 0.686733
    discharge_ratio: 5
    depth_of_discharge: 0.5
  VRBF:
    cost: 159.759
    lifetime: 25.613
    annual_cost: 6.237418498418771
    efficiency: 0.816986
    discharge_ratio: 0.5
    depth_of_discharge: 1.0
