cost_values:
  wind_capex: 5000.0
  wind_opex: 100
  wind_lifetime: 20
  solar_capex: 1000.0
  solar_opex: 10
  solar_lifetime: 20
  carbon_price: 1.0
timeseries_values:
  load_level: 284606.18761491956
  wind_year: 2010
  solar_year: 2018
  price_year: 2023
  carbon_year: 2023
storage_values:
  CAES:
    cost: 44.297
    lifetime: 27.7869
    annual_cost: 1.594168475072786
    efficiency: 0.616202
    discharge_ratio: 0.1
    depth_of_discharge: 0.4
  Li-ion:
    cost: 153.131
    lifetime: 21.0365
    annual_cost: 7.279300263827158
    efficiency: 0.938887
    discharge_ratio: 2
    depth_of_discharge: 0.9
  Pb-acid:
    cost: 139.593
    lifetime: 14.1733
    annual_cost: 9.849011874439968
    efficiency: 0.706478
    discharge_ratio: 5
    depth_of_discharge: 0.5
  VRBF:
    cost: 182.53
    lifetime: 22.8781
    annual_cost: 7.978372329870051
    efficiency: 0.789789
    discharge_ratio: 0.5
    depth_of_discharge: 1.0
