cost_values:
  wind_capex: 5000.0
  wind_opex: 100
  wind_lifetime: 20
  solar_capex: 1000.0
  solar_opex: 10
  solar_lifetime: 20
  carbon_price: 1.0
timeseries_values:
  load_level: 284606.18761491956
  wind_year: 2010
  solar_year: 2018
  price_year: 2023
  carbon_year: 2023
storage_values:
  CAES:
    cost: 36.5762
    lifetime: 27.3035
    annual_cost: 1.3396158001721392
    efficiency: 0.626809
    discharge_ratio: 0.1
    depth_of_discharge: 0.4
  Li-ion:
    cost: 143.926
    lifetime: 22.0975
    annual_cost: 6.513225477995248
    efficiency: 0.958882
    discharge_ratio: 2
    depth_of_discharge: 0.9
  Pb-acid:
    cost: 149.507
    lifetime: 14.3021
    annual_cost: 10.453499835688467
    efficiency: 0.694609
    discharge_ratio: 5
    depth_of_discharge: 0.5
  VRBF:
    cost: 187.038
    lifetime: 24.6666
    annual_cost: 7.5826421152489605
    efficiency: 0.794131
    discharge_ratio: 0.5
    depth_of_discharge: 1.0
