cost_values:
  wind_capex: 5000.0
  wind_opex: 100
  wind_lifetime: 20
  solar_capex: 1000.0
  solar_opex: 10
  solar_lifetime: 20
  carbon_price: 1.0
timeseries_values:
  load_level: 284606.18761491956
  wind_year: 2010
  solar_year: 2018
  price_year: 2023
  carbon_year: 2023
storage_values:
  CAES:
    cost: 43.4037
    lifetime: 27.5097
    annual_cost: 1.5777598447093208
    efficiency: 0.624178
    discharge_ratio: 0.1
    depth_of_discharge: 0.4
  Li-ion:
    cost: 166.401
    lifetime: 21.8805
    annual_cost: 7.604990745184068
    efficiency: 0.947646
    discharge_ratio: 2
    depth_of_discharge: 0.9
  Pb-acid:
    cost: 160.809
    lifetime: 13.3294
    annual_cost: 12.064233949014959
    efficiency: 0.69743
    discharge_ratio: 5
    depth_of_discharge: 0.5
  VRBF:
    cost: 175.985
    lifetime: 24.1564
    annual_cost: 7.285232898941896
    efficiency: 0.814549
    discharge_ratio: 0.5
    depth_of_discharge: 1.0
