cost_values:
  wind_capex: 5000.0
  wind_opex: 100
  wind_lifetime: 20
  solar_capex: 1000.0
  solar_opex: 10
  solar_lifetime: 20
  carbon_price: 1.0
timeseries_values:
  load_level: 284606.18761491956
  wind_year: 2010
  solar_year: 2018
  price_year: 2023
  carbon_year: 2023
storage_values:
  CAES:
    cost: 36.3092
    lifetime: 27.5888
    annual_cost: 1.3160847880299251
    efficiency: 0.618167
    discharge_ratio: 0.1
    depth_of_discharge: 0.4
  Li-ion:
    cost: 147.772
    lifetime: 21.6464
    annual_cost: 6.826631680094612
    efficiency: 0.956399
    discharge_ratio: 2
    depth_of_discharge: 0.9
  Pb-acid:
    cost: 148.464
    lifetime: 12.8306
    annual_cost: 11.571087868065405
    efficiency: 0.696971
    discharge_ratio: 5
    depth_of_discharge: 0.5
  VRBF:
    cost: 165.107
    lifetime: 26.5812
    annual_cost: 6.211420101425068
    efficiency: 0.819461
    discharge_ratio: 0.5
    depth_of_discharge: 1.0
