cost_values:
  wind_capex: 5000.0
  wind_opex: 100
  wind_lifetime: 20
  solar_capex: 1000.0
  solar_opex: 10
  solar_lifetime: 20
  carbon_price: 1.0
timeseries_values:
  load_level: 284606.18761491956
  wind_year: 2010
  solar_year: 2018
  price_year: 2023
  carbon_year: 2023
storage_values:
  CAES:
    cost: 33.5574
    lifetime: 26.7988
    annual_cost: 1.252197859605654
    efficiency: 0.611748
    discharge_ratio: 0.1
    depth_of_discharge: 0.4
  Li-ion:
    cost: 154.395
    lifetime: 24.7328
    annual_cost: 6.242520054340795
    efficiency: 0.939475
    discharge_ratio: 2
    depth_of_discharge: 0.9
  Pb-acid:
    cost: 159.769
    lifetime: 11.922
    annual_cost: 13.401191075322933
    efficiency: 0.699218
    discharge_ratio: 5
    depth_of_discharge: 0.5
  VRBF:
    cost: 174.899
    lifetime: 26.4971
    annual_cost: 6.60068460322073
    efficiency: 0.775224
    discharge_ratio: 0.5
    depth_of_discharge: 1.0
