cost_values:
  wind_capex: 5000.0
  wind_opex: 100
  wind_lifetime: 20
  solar_capex: 1000.0
  solar_opex: 10
  solar_lifetime: 20
  carbon_price: 1.0
timeseries_values:
  load_level: 284606.18761491956
  wind_year: 2010
  solar_year: 2018
  price_year: 2023
  carbon_year: 2023
storage_values:
  CAES:
    cost: 35.5942
    lifetime: 27.5526
    annual_cost: 1.2918635627853632
    efficiency: 0.618171
    discharge_ratio: 0.1
    depth_of_discharge: 0.4
  Li-ion:
    cost: 151.441
    lifetime: 21.9103
    annual_cost: 6.911863370195753
    efficiency: 0.959012
    discharge_ratio: 2
    depth_of_discharge: 0.9
  Pb-acid:
    cost: 151.028
    lifetime: 13.1364
    annual_cost: 11.496909351115983
    efficiency: 0.682877
    discharge_ratio: 5
    depth_of_discharge: 0.5
  VRBF:
    cost: 172.182
    lifetime: 26.6078
    annual_cost: 6.471109975270409
    efficiency: 0.829794
    discharge_ratio: 0.5
    depth_of_discharge: 1.0
