cost_values:
  wind_capex: 5000.0
  wind_opex: 100
  wind_lifetime: 20
  solar_capex: 1000.0
  solar_opex: 10
  solar_lifetime: 20
  carbon_price: 1.0
timeseries_values:
  load_level: 284606.18761491956
  wind_year: 2010
  solar_year: 2018
  price_year: 2023
  carbon_year: 2023
storage_values:
  CAES:
    cost: 40.0708
    lifetime: 27.6222
    annual_cost: 1.450673733446286
    efficiency: 0.61565
    discharge_ratio: 0.1
    depth_of_discharge: 0.4
  Li-ion:
    cost: 162.806
    lifetime: 23.5046
    annual_cost: 6.9265590565251065
    efficiency: 0.948011
    discharge_ratio: 2
    depth_of_discharge: 0.9
  Pb-acid:
    cost: 160.146
    lifetime: 12.6898
    annual_cost: 12.62005705369667
    efficiency: 0.689682
    discharge_ratio: 5
    depth_of_discharge: 0.5
  VRBF:
    cost: 162.907
    lifetime: 24.639
    annual_cost: 6.611753723771257
    efficiency: 0.811947
    discharge_ratio: 0.5
    depth_of_discharge: 1.0
