cost_values:
  wind_capex: 5000.0
  wind_opex: 100
  wind_lifetime: 20
  solar_capex: 1000.0
  solar_opex: 10
  solar_lifetime: 20
  carbon_price: 1.0
timeseries_values:
  load_level: 284606.18761491956
  wind_year: 2010
  solar_year: 2018
  price_year: 2023
  carbon_year: 2023
storage_values:
  CAES:
    cost: 40.3447
    lifetime: 27.7219
    annual_cost: 1.4553367554171972
    efficiency: 0.63341
    discharge_ratio: 0.1
    depth_of_discharge: 0.4
  Li-ion:
    cost: 151.591
    lifetime: 23.0534
    annual_cost: 6.575646108600034
    efficiency: 0.948922
    discharge_ratio: 2
    depth_of_discharge: 0.9
  Pb-acid:
    cost: 149.994
    lifetime: 13.692
    annual_cost: 10.954864154250657
    efficiency: 0.679919
    discharge_ratio: 5
    depth_of_discharge: 0.5
  VRBF:
    cost: 191.377
    lifetime: 26.0476
    annual_cost: 7.347202813311016
    efficiency: 0.812492
    discharge_ratio: 0.5
    depth_of_discharge: 1.0
