cost_values:
  wind_capex: 5000.0
  wind_opex: 100
  wind_lifetime: 20
  solar_capex: 1000.0
  solar_opex: 10
  solar_lifetime: 20
  carbon_price: 1.0
timeseries_values:
  load_level: 284606.18761491956
  wind_year: 2010
  solar_year: 2018
  price_year: 2023
  carbon_year: 2023
storage_values:
  CAES:
    cost: 39.7898
    lifetime: 27.5079
    annual_cost: 1.4464862821225903
    efficiency: 0.61951
    discharge_ratio: 0.1
    depth_of_discharge: 0.4
  Li-ion:
    cost: 166.849
    lifetime: 21.9838
    annual_cost: 7.589634185172718
    efficiency: 0.967589
    discharge_ratio: 2
    depth_of_discharge: 0.9
  Pb-acid:
    cost: 173.32
    lifetime: 13.6415
    annual_cost: 12.705347652384267
    efficiency: 0.72351
    discharge_ratio: 5
    depth_of_discharge: 0.5
  VRBF:
    cost: 178.317
    lifetime: 24.2898
    annual_cost: 7.341229651952672
    efficiency: 0.800099
    discharge_ratio: 0.5
    depth_of_discharge: 1.0
