cost_values:
  wind_capex: 5000.0
  wind_opex: 100
  wind_lifetime: 20
  solar_capex: 1000.0
  solar_opex: 10
  solar_lifetime: 20
  carbon_price: 1.0
timeseries_values:
  load_level: 284606.18761491956
  wind_year: 2010
  solar_year: 2018
  price_year: 2023
  carbon_year: 2023
storage_values:
  CAES:
    cost: 35.1531
    lifetime: 28.1496
    annual_cost: 1.248795720010231
    efficiency: 0.621102
    discharge_ratio: 0.1
    depth_of_discharge: 0.4
  Li-ion:
    cost: 150.0
    lifetime: 22.8643
    annual_cost: 6.560445760421268
    efficiency: 0.94889
    discharge_ratio: 2
    depth_of_discharge: 0.9
  Pb-acid:
    cost: 168.226
    lifetime: 12.6679
    annual_cost: 13.279706975899716
    efficiency: 0.694664
    discharge_ratio: 5
    depth_of_discharge: 0.5
  VRBF:
    cost: 171.294
    lifetime: 24.9374
    annual_cost: 6.868959875528323
    efficiency: 0.784505
    discharge_ratio: 0.5
    depth_of_discharge: 1.0
