cost_values:
  wind_capex: 5000.0
  wind_opex: 100
  wind_lifetime: 20
  solar_capex: 1000.0
  solar_opex: 10
  solar_lifetime: 20
  carbon_price: 1.0
timeseries_values:
  load_level: 284606.18761491956
  wind_year: 2010
  solar_year: 2018
  price_year: 2023
  carbon_year: 2023
storage_values:
  CAES:
    cost: 34.035
    lifetime: 27.6485
    annual_cost: 1.2309890229126355
    efficiency: 0.62963
    discharge_ratio: 0.1
    depth_of_discharge: 0.4
  Li-ion:
    cost: 139.819
    lifetime: 20.631
    annual_cost: 6.777131501139062
    efficiency: 0.953813
    discharge_ratio: 2
    depth_of_discharge: 0.9
  Pb-acid:
    cost: 149.05
    lifetime: 14.0756
    annual_cost: 10.589246639574869
    efficiency: 0.699371
    discharge_ratio: 5
    depth_of_discharge: 0.5
  VRBF:
    cost: 169.486
    lifetime: 24.6096
    annual_cost: 6.8869871919901176
    efficiency: 0.811867
    discharge_ratio: 0.5
    depth_of_discharge: 1.0
