cost_values:
  wind_capex: 5000.0
  wind_opex: 100
  wind_lifetime: 20
  solar_capex: 1000.0
  solar_opex: 10
  solar_lifetime: 20
  carbon_price: 1.0
timeseries_values:
  load_level: 284606.18761491956
  wind_year: 2010
  solar_year: 2018
  price_year: 2023
  carbon_year: 2023
storage_values:
  CAES:
    cost: 40.3682
    lifetime: 27.4251
    annual_cost: 1.4719435845265834
    efficiency: 0.612977
    discharge_ratio: 0.1
    depth_of_discharge: 0.4
  Li-ion:
    cost: 145.941
    lifetime: 21.0717
    annual_cost: 6.9259243440253995
    efficiency: 0.946716
    discharge_ratio: 2
    depth_of_discharge: 0.9
  Pb-acid:
    cost: 157.559
    lifetime: 13.1676
    annual_cost: 11.965658130562897
    efficiency: 0.683467
    discharge_ratio: 5
    depth_of_discharge: 0.5
  VRBF:
    cost: 169.294
    lifetime: 24.9172
    annual_cost: 6.794262597723661
    efficiency: 0.802493
    discharge_ratio: 0.5
    depth_of_discharge: 1.0
