cost_values:
  wind_capex: 5000.0
  wind_opex: 100
  wind_lifetime: 20
  solar_capex: 1000.0
  solar_opex: 10
  solar_lifetime: 20
  carbon_price: 1.0
timeseries_values:
  load_level: 284606.18761491956
  wind_year: 2010
  solar_year: 2018
  price_year: 2023
  carbon_year: 2023
storage_values:
  CAES:
    cost: 35.5144
    lifetime: 27.0875
    annual_cost: 1.311099215505307
    efficiency: 0.631308
    discharge_ratio: 0.1
    depth_of_discharge: 0.4
  Li-ion:
    cost: 155.834
    lifetime: 22.1959
    annual_cost: 7.020846192314797
    efficiency: 0.939424
    discharge_ratio: 2
    depth_of_discharge: 0.9
  Pb-acid:
    cost: 168.26
    lifetime: 14.6001
    annual_cost: 11.52457859877672
    efficiency: 0.687569
    discharge_ratio: 5
    depth_of_discharge: 0.5
  VRBF:
    cost: 169.233
    lifetime: 28.542
    annual_cost: 5.929262140004204
    efficiency: 0.805751
    discharge_ratio: 0.5
    depth_of_discharge: 1.0
