cost_values:
  wind_capex: 5000.0
  wind_opex: 100
  wind_lifetime: 20
  solar_capex: 1000.0
  solar_opex: 10
  solar_lifetime: 20
  carbon_price: 1.0
timeseries_values:
  load_level: 284606.18761491956
  wind_year: 2010
  solar_year: 2018
  price_year: 2023
  carbon_year: 2023
storage_values:
  CAES:
    cost: 38.0282
    lifetime: 26.3965
    annual_cost: 1.4406531168904968
    efficiency: 0.630008
    discharge_ratio: 0.1
    depth_of_discharge: 0.4
  Li-ion:
    cost: 144.578
    lifetime: 20.2916
    annual_cost: 7.125017248516628
    efficiency: 0.953597
    discharge_ratio: 2
    depth_of_discharge: 0.9
  Pb-acid:
    cost: 148.601
    lifetime: 14.4722
    annual_cost: 10.268031121736847
    efficiency: 0.701612
    discharge_ratio: 5
    depth_of_discharge: 0.5
  VRBF:
    cost: 139.26
    lifetime: 22.0004
    annual_cost: 6.3298849111834325
    efficiency: 0.810499
    discharge_ratio: 0.5
    depth_of_discharge: 1.0
