cost_values:
  wind_capex: 5000.0
  wind_opex: 100
  wind_lifetime: 20
  solar_capex: 1000.0
  solar_opex: 10
  solar_lifetime: 20
  carbon_price: 1.0
timeseries_values:
  load_level: 284606.18761491956
  wind_year: 2010
  solar_year: 2018
  price_year: 2023
  carbon_year: 2023
storage_values:
  CAES:
    cost: 39.8362
    lifetime: 28.4877
    annual_cost: 1.3983649083639604
    efficiency: 0.625948
    discharge_ratio: 0.1
    depth_of_discharge: 0.4
  Li-ion:
    cost: 162.108
    lifetime: 21.4454
    annual_cost: 7.559103583985377
    efficiency: 0.940743
    discharge_ratio: 2
    depth_of_discharge: 0.9
  Pb-acid:
    cost: 165.662
    lifetime: 13.7434
    annual_cost: 12.053931341589418
    efficiency: 0.699566
    discharge_ratio: 5
    depth_of_discharge: 0.5
  VRBF:
    cost: 174.374
    lifetime: 25.2891
    annual_cost: 6.895223633897608
    efficiency: 0.826759
    discharge_ratio: 0.5
    depth_of_discharge: 1.0
