cost_values:
  wind_capex: 5000.0
  wind_opex: 100
  wind_lifetime: 20
  solar_capex: 1000.0
  solar_opex: 10
  solar_lifetime: 20
  carbon_price: 1.0
timeseries_values:
  load_level: 284606.18761491956
  wind_year: 2010
  solar_year: 2018
  price_year: 2023
  carbon_year: 2023
storage_values:
  CAES:
    cost: 39.837
    lifetime: 28.0131
    annual_cost: 1.4220846675305483
    efficiency: 0.624752
    discharge_ratio: 0.1
    depth_of_discharge: 0.4
  Li-ion:
    cost: 139.79
    lifetime: 23.2276
    annual_cost: 6.018271366822229
    efficiency: 0.971216
    discharge_ratio: 2
    depth_of_discharge: 0.9
  Pb-acid:
    cost: 173.516
    lifetime: 14.3999
    annual_cost: 12.04980590142987
    efficiency: 0.697
    discharge_ratio: 5
    depth_of_discharge: 0.5
  VRBF:
    cost: 174.822
    lifetime: 25.6374
    annual_cost: 6.819022209740457
    efficiency: 0.811418
    discharge_ratio: 0.5
    depth_of_discharge: 1.0
