cost_values:
  wind_capex: 5000.0
  wind_opex: 100
  wind_lifetime: 20
  solar_capex: 1000.0
  solar_opex: 10
  solar_lifetime: 20
  carbon_price: 1.0
timeseries_values:
  load_level: 284606.18761491956
  wind_year: 2010
  solar_year: 2018
  price_year: 2023
  carbon_year: 2023
storage_values:
  CAES:
    cost: 39.8095
    lifetime: 26.4503
    annual_cost: 1.5050679954480668
    efficiency: 0.620312
    discharge_ratio: 0.1
    depth_of_discharge: 0.4
  Li-ion:
    cost: 148.274
    lifetime: 22.0089
    annual_cost: 6.737001849251893
    efficiency: 0.947999
    discharge_ratio: 2
    depth_of_discharge: 0.9
  Pb-acid:
    cost: 165.232
    lifetime: 14.261
    annual_cost: 11.586284271790198
    efficiency: 0.69839
    discharge_ratio: 5
    depth_of_discharge: 0.5
  VRBF:
    cost: 168.318
    lifetime: 26.6142
    annual_cost: 6.324368194422527
    efficiency: 0.802138
    discharge_ratio: 0.5
    depth_of_discharge: 1.0
