cost_values:
  wind_capex: 5000.0
  wind_opex: 100
  wind_lifetime: 20
  solar_capex: 1000.0
  solar_opex: 10
  solar_lifetime: 20
  carbon_price: 1.0
timeseries_values:
  load_level: 284606.18761491956
  wind_year: 2010
  solar_year: 2018
  price_year: 2023
  carbon_year: 2023
storage_values:
  CAES:
    cost: 37.2672
    lifetime: 28.0164
    annual_cost: 1.3301923159292415
    efficiency: 0.629755
    discharge_ratio: 0.1
    depth_of_discharge: 0.4
  Li-ion:
    cost: 136.0
    lifetime: 19.9376
    annual_cost: 6.8212824010914055
    efficiency: 0.959775
    discharge_ratio: 2
    depth_of_discharge: 0.9
  Pb-acid:
    cost: 143.191
    lifetime: 12.3046
    annual_cost: 11.637192594639403
    efficiency: 0.692169
    discharge_ratio: 5
    depth_of_discharge: 0.5
  VRBF:
    cost: 169.08
    lifetime: 25.4279
    annual_cost: 6.649389056902065
    efficiency: 0.815674
    discharge_ratio: 0.5
    depth_of_discharge: 1.0
