cost_values:
  wind_capex: 5000.0
  wind_opex: 100
  wind_lifetime: 20
  solar_capex: 1000.0
  solar_opex: 10
  solar_lifetime: 20
  carbon_price: 1.0
timeseries_values:
  load_level: 215410.16979042004
  wind_year: 2011
  solar_year: 2017
  price_year: 2023
  carbon_year: 2023
storage_values:
  CAES:
    cost: 60.3961
    lifetime: 25.272
    annual_cost: 2.3898425134536248
    efficiency: 0.605036
    discharge_ratio: 0.1
    depth_of_discharge: 0.4
  Li-ion:
    cost: 223.948
    lifetime: 20.7198
    annual_cost: 10.808405486539446
    efficiency: 0.907114
    discharge_ratio: 2
    depth_of_discharge: 0.9
  Pb-acid:
    cost: 149.92
    lifetime: 9.47484
    annual_cost: 15.822958487953356
    efficiency: 0.772604
    discharge_ratio: 5
    depth_of_discharge: 0.5
  VRBF:
    cost: 349.142
    lifetime: 26.823
    annual_cost: 13.016515676844499
    efficiency: 0.720894
    discharge_ratio: 0.5
    depth_of_discharge: 1.0
