cost_values:
  wind_capex: 5000.0
  wind_opex: 100
  wind_lifetime: 20
  solar_capex: 1000.0
  solar_opex: 10
  solar_lifetime: 20
  carbon_price: 1.0
timeseries_values:
  load_level: 215410.16979042004
  wind_year: 2011
  solar_year: 2017
  price_year: 2023
  carbon_year: 2023
storage_values:
  CAES:
    cost: 57.2919
    lifetime: 24.507
    annual_cost: 2.3377769616844164
    efficiency: 0.618004
    discharge_ratio: 0.1
    depth_of_discharge: 0.4
  Li-ion:
    cost: 229.275
    lifetime: 22.2754
    annual_cost: 10.292744462501235
    efficiency: 0.897784
    discharge_ratio: 2
    depth_of_discharge: 0.9
  Pb-acid:
    cost: 140.856
    lifetime: 10.744
    annual_cost: 13.110201042442293
    efficiency: 0.793217
    discharge_ratio: 5
    depth_of_discharge: 0.5
  VRBF:
    cost: 339.146
    lifetime: 24.2855
    annual_cost: 13.964958514339834
    efficiency: 0.690489
    discharge_ratio: 0.5
    depth_of_discharge: 1.0
