cost_values:
  wind_capex: 5000.0
  wind_opex: 100
  wind_lifetime: 20
  solar_capex: 1000.0
  solar_opex: 10
  solar_lifetime: 20
  carbon_price: 1.0
timeseries_values:
  load_level: 215410.16979042004
  wind_year: 2011
  solar_year: 2017
  price_year: 2023
  carbon_year: 2023
storage_values:
  CAES:
    cost: 70.2295
    lifetime: 24.3466
    annual_cost: 2.8845711516187067
    efficiency: 0.607059
    discharge_ratio: 0.1
    depth_of_discharge: 0.4
  Li-ion:
    cost: 235.297
    lifetime: 19.7614
    annual_cost: 11.90689930875343
    efficiency: 0.921187
    discharge_ratio: 2
    depth_of_discharge: 0.9
  Pb-acid:
    cost: 173.996
    lifetime: 9.47601
    annual_cost: 18.361736638099792
    efficiency: 0.764453
    discharge_ratio: 5
    depth_of_discharge: 0.5
  VRBF:
    cost: 366.831
    lifetime: 26.9266
    annual_cost: 13.623368713465496
    efficiency: 0.698431
    discharge_ratio: 0.5
    depth_of_discharge: 1.0
