cost_values:
  wind_capex: 5000.0
  wind_opex: 100
  wind_lifetime: 20
  solar_capex: 1000.0
  solar_opex: 10
  solar_lifetime: 20
  carbon_price: 1.0
timeseries_values:
  load_level: 215410.16979042004
  wind_year: 2011
  solar_year: 2017
  price_year: 2023
  carbon_year: 2023
storage_values:
  CAES:
    cost: 63.4093
    lifetime: 24.6819
    annual_cost: 2.569060728712133
    efficiency: 0.607146
    discharge_ratio: 0.1
    depth_of_discharge: 0.4
  Li-ion:
    cost: 225.418
    lifetime: 21.2278
    annual_cost: 10.618999613714093
    efficiency: 0.901712
    discharge_ratio: 2
    depth_of_discharge: 0.9
  Pb-acid:
    cost: 142.387
    lifetime: 9.28959
    annual_cost: 15.32758711633129
    efficiency: 0.773578
    discharge_ratio: 5
    depth_of_discharge: 0.5
  VRBF:
    cost: 300.701
    lifetime: 27.333
    annual_cost: 11.00139026085684
    efficiency: 0.700143
    discharge_ratio: 0.5
    depth_of_discharge: 1.0
