cost_values:
  wind_capex: 5000.0
  wind_opex: 100
  wind_lifetime: 20
  solar_capex: 1000.0
  solar_opex: 10
  solar_lifetime: 20
  carbon_price: 1.0
timeseries_values:
  load_level: 215410.16979042004
  wind_year: 2011
  solar_year: 2017
  price_year: 2023
  carbon_year: 2023
storage_values:
  CAES:
    cost: 66.276
    lifetime: 24.161
    annual_cost: 2.7430983816894994
    efficiency: 0.609856
    discharge_ratio: 0.1
    depth_of_discharge: 0.4
  Li-ion:
    cost: 224.942
    lifetime: 24.3924
    annual_cost: 9.221806792279564
    efficiency: 0.93617
    discharge_ratio: 2
    depth_of_discharge: 0.9
  Pb-acid:
    cost: 149.881
    lifetime: 9.0317
    annual_cost: 16.594993190650708
    efficiency: 0.77357
    discharge_ratio: 5
    depth_of_discharge: 0.5
  VRBF:
    cost: 356.292
    lifetime: 26.9104
    annual_cost: 13.239936976039003
    efficiency: 0.712696
    discharge_ratio: 0.5
    depth_of_discharge: 1.0
