cost_values:
  wind_capex: 5000.0
  wind_opex: 100
  wind_lifetime: 20
  solar_capex: 1000.0
  solar_opex: 10
  solar_lifetime: 20
  carbon_price: 1.0
timeseries_values:
  load_level: 215410.16979042004
  wind_year: 2011
  solar_year: 2017
  price_year: 2023
  carbon_year: 2023
storage_values:
  CAES:
    cost: 62.0492
    lifetime: 23.2733
    annual_cost: 2.6661109511758108
    efficiency: 0.612072
    discharge_ratio: 0.1
    depth_of_discharge: 0.4
  Li-ion:
    cost: 249.113
    lifetime: 21.443
    annual_cost: 11.617450916382968
    efficiency: 0.899573
    discharge_ratio: 2
    depth_of_discharge: 0.9
  Pb-acid:
    cost: 149.041
    lifetime: 10.1171
    annual_cost: 14.73159304543792
    efficiency: 0.776253
    discharge_ratio: 5
    depth_of_discharge: 0.5
  VRBF:
    cost: 318.393
    lifetime: 25.737
    annual_cost: 12.371022263667093
    efficiency: 0.697312
    discharge_ratio: 0.5
    depth_of_discharge: 1.0
