cost_values:
  wind_capex: 5000.0
  wind_opex: 100
  wind_lifetime: 20
  solar_capex: 1000.0
  solar_opex: 10
  solar_lifetime: 20
  carbon_price: 1.0
timeseries_values:
  load_level: 215410.16979042004
  wind_year: 2011
  solar_year: 2017
  price_year: 2023
  carbon_year: 2023
storage_values:
  CAES:
    cost: 57.1183
    lifetime: 25.0443
    annual_cost: 2.280690616228044
    efficiency: 0.600816
    discharge_ratio: 0.1
    depth_of_discharge: 0.4
  Li-ion:
    cost: 224.588
    lifetime: 20.1302
    annual_cost: 11.156769431004163
    efficiency: 0.901973
    discharge_ratio: 2
    depth_of_discharge: 0.9
  Pb-acid:
    cost: 149.884
    lifetime: 10.0968
    annual_cost: 14.844703272323903
    efficiency: 0.762406
    discharge_ratio: 5
    depth_of_discharge: 0.5
  VRBF:
    cost: 308.555
    lifetime: 24.7776
    annual_cost: 12.45298172542942
    efficiency: 0.707415
    discharge_ratio: 0.5
    depth_of_discharge: 1.0
