cost_values:
  wind_capex: 5000.0
  wind_opex: 100
  wind_lifetime: 20
  solar_capex: 1000.0
  solar_opex: 10
  solar_lifetime: 20
  carbon_price: 1.0
timeseries_values:
  load_level: 215410.16979042004
  wind_year: 2011
  solar_year: 2017
  price_year: 2023
  carbon_year: 2023
storage_values:
  CAES:
    cost: 61.1741
    lifetime: 24.2202
    annual_cost: 2.5257471036572783
    efficiency: 0.601026
    discharge_ratio: 0.1
    depth_of_discharge: 0.4
  Li-ion:
    cost: 221.194
    lifetime: 21.8623
    annual_cost: 10.117599703599346
    efficiency: 0.907501
    discharge_ratio: 2
    depth_of_discharge: 0.9
  Pb-acid:
    cost: 161.142
    lifetime: 10.1341
    annual_cost: 15.900968018866992
    efficiency: 0.761691
    discharge_ratio: 5
    depth_of_discharge: 0.5
  VRBF:
    cost: 363.965
    lifetime: 27.7427
    annual_cost: 13.119307060956576
    efficiency: 0.707535
    discharge_ratio: 0.5
    depth_of_discharge: 1.0
