cost_values:
  wind_capex: 5000.0
  wind_opex: 100
  wind_lifetime: 20
  solar_capex: 1000.0
  solar_opex: 10
  solar_lifetime: 20
  carbon_price: 1.0
timeseries_values:
  load_level: 215410.16979042004
  wind_year: 2011
  solar_year: 2017
  price_year: 2023
  carbon_year: 2023
storage_values:
  CAES:
    cost: 63.2457
    lifetime: 23.2159
    annual_cost: 2.724240714338018
    efficiency: 0.599943
    discharge_ratio: 0.1
    depth_of_discharge: 0.4
  Li-ion:
    cost: 244.475
    lifetime: 22.0835
    annual_cost: 11.070482486924627
    efficiency: 0.919557
    discharge_ratio: 2
    depth_of_discharge: 0.9
  Pb-acid:
    cost: 143.923
    lifetime: 9.27929
    annual_cost: 15.510130624218018
    efficiency: 0.775405
    discharge_ratio: 5
    depth_of_discharge: 0.5
  VRBF:
    cost: 375.37
    lifetime: 28.1269
    annual_cost: 13.34558732032325
    efficiency: 0.707993
    discharge_ratio: 0.5
    depth_of_discharge: 1.0
