cost_values:
  wind_capex: 5000.0
  wind_opex: 100
  wind_lifetime: 20
  solar_capex: 1000.0
  solar_opex: 10
  solar_lifetime: 20
  carbon_price: 1.0
timeseries_values:
  load_level: 215410.16979042004
  wind_year: 2011
  solar_year: 2017
  price_year: 2023
  carbon_year: 2023
storage_values:
  CAES:
    cost: 57.5458
    lifetime: 23.6846
    annual_cost: 2.4296716009558956
    efficiency: 0.610967
    discharge_ratio: 0.1
    depth_of_discharge: 0.4
  Li-ion:
    cost: 219.386
    lifetime: 20.1476
    annual_cost: 10.888939625563342
    efficiency: 0.891843
    discharge_ratio: 2
    depth_of_discharge: 0.9
  Pb-acid:
    cost: 151.686
    lifetime: 10.5726
    annual_cost: 14.347085863458375
    efficiency: 0.771505
    discharge_ratio: 5
    depth_of_discharge: 0.5
  VRBF:
    cost: 308.261
    lifetime: 26.3961
    annual_cost: 11.678278230496172
    efficiency: 0.72152
    discharge_ratio: 0.5
    depth_of_discharge: 1.0
