cost_values:
  wind_capex: 5000.0
  wind_opex: 100
  wind_lifetime: 20
  solar_capex: 1000.0
  solar_opex: 10
  solar_lifetime: 20
  carbon_price: 1.0
timeseries_values:
  load_level: 215410.16979042004
  wind_year: 2011
  solar_year: 2017
  price_year: 2023
  carbon_year: 2023
storage_values:
  CAES:
    cost: 65.1926
    lifetime: 24.5742
    annual_cost: 2.6528879882152827
    efficiency: 0.607684
    discharge_ratio: 0.1
    depth_of_discharge: 0.4
  Li-ion:
    cost: 231.424
    lifetime: 19.9277
    annual_cost: 11.61318165167079
    efficiency: 0.902479
    discharge_ratio: 2
    depth_of_discharge: 0.9
  Pb-acid:
    cost: 142.291
    lifetime: 9.94992
    annual_cost: 14.300717995722577
    efficiency: 0.769617
    discharge_ratio: 5
    depth_of_discharge: 0.5
  VRBF:
    cost: 313.564
    lifetime: 27.7572
    annual_cost: 11.296672575043592
    efficiency: 0.715719
    discharge_ratio: 0.5
    depth_of_discharge: 1.0
