cost_values:
  wind_capex: 5000.0
  wind_opex: 100
  wind_lifetime: 20
  solar_capex: 1000.0
  solar_opex: 10
  solar_lifetime: 20
  carbon_price: 1.0
timeseries_values:
  load_level: 215410.16979042004
  wind_year: 2011
  solar_year: 2017
  price_year: 2023
  carbon_year: 2023
storage_values:
  CAES:
    cost: 59.5016
    lifetime: 24.1773
    annual_cost: 2.461052309397658
    efficiency: 0.611316
    discharge_ratio: 0.1
    depth_of_discharge: 0.4
  Li-ion:
    cost: 221.179
    lifetime: 21.2728
    annual_cost: 10.39726787258847
    efficiency: 0.914343
    discharge_ratio: 2
    depth_of_discharge: 0.9
  Pb-acid:
    cost: 179.272
    lifetime: 9.39578
    annual_cost: 19.080055088561032
    efficiency: 0.773379
    discharge_ratio: 5
    depth_of_discharge: 0.5
  VRBF:
    cost: 308.963
    lifetime: 28.103
    annual_cost: 10.99395082375547
    efficiency: 0.709378
    discharge_ratio: 0.5
    depth_of_discharge: 1.0
