cost_values:
  wind_capex: 5000.0
  wind_opex: 100
  wind_lifetime: 20
  solar_capex: 1000.0
  solar_opex: 10
  solar_lifetime: 20
  carbon_price: 1.0
timeseries_values:
  load_level: 215410.16979042004
  wind_year: 2011
  solar_year: 2017
  price_year: 2023
  carbon_year: 2023
storage_values:
  CAES:
    cost: 63.8326
    lifetime: 24.5503
    annual_cost: 2.6000741335136435
    efficiency: 0.615735
    discharge_ratio: 0.1
    depth_of_discharge: 0.4
  Li-ion:
    cost: 237.768
    lifetime: 21.6133
    annual_cost: 11.001004011418896
    efficiency: 0.931851
    discharge_ratio: 2
    depth_of_discharge: 0.9
  Pb-acid:
    cost: 181.292
    lifetime: 10.5332
    annual_cost: 17.211483689666956
    efficiency: 0.766771
    discharge_ratio: 5
    depth_of_discharge: 0.5
  VRBF:
    cost: 339.591
    lifetime: 26.6391
    annual_cost: 12.747840580199782
    efficiency: 0.683574
    discharge_ratio: 0.5
    depth_of_discharge: 1.0
