cost_values:
  wind_capex: 5000.0
  wind_opex: 100
  wind_lifetime: 20
  solar_capex: 1000.0
  solar_opex: 10
  solar_lifetime: 20
  carbon_price: 1.0
timeseries_values:
  load_level: 215410.16979042004
  wind_year: 2011
  solar_year: 2017
  price_year: 2023
  carbon_year: 2023
storage_values:
  CAES:
    cost: 59.9605
    lifetime: 23.8496
    annual_cost: 2.514109251308198
    efficiency: 0.608097
    discharge_ratio: 0.1
    depth_of_discharge: 0.4
  Li-ion:
    cost: 213.257
    lifetime: 19.9968
    annual_cost: 10.664556329012642
    efficiency: 0.92873
    discharge_ratio: 2
    depth_of_discharge: 0.9
  Pb-acid:
    cost: 154.159
    lifetime: 10.7495
    annual_cost: 14.341039118098516
    efficiency: 0.763763
    discharge_ratio: 5
    depth_of_discharge: 0.5
  VRBF:
    cost: 303.851
    lifetime: 24.4661
    annual_cost: 12.41926584130695
    efficiency: 0.715884
    discharge_ratio: 0.5
    depth_of_discharge: 1.0
