cost_values:
  wind_capex: 5000.0
  wind_opex: 100
  wind_lifetime: 20
  solar_capex: 1000.0
  solar_opex: 10
  solar_lifetime: 20
  carbon_price: 1.0
timeseries_values:
  load_level: 215410.16979042004
  wind_year: 2011
  solar_year: 2017
  price_year: 2023
  carbon_year: 2023
storage_values:
  CAES:
    cost: 57.0752
    lifetime: 23.6364
    annual_cost: 2.4147162850518695
    efficiency: 0.606578
    discharge_ratio: 0.1
    depth_of_discharge: 0.4
  Li-ion:
    cost: 223.39
    lifetime: 21.4174
    annual_cost: 10.430304331991744
    efficiency: 0.907097
    discharge_ratio: 2
    depth_of_discharge: 0.9
  Pb-acid:
    cost: 160.8
    lifetime: 10.9476
    annual_cost: 14.68815082757865
    efficiency: 0.779788
    discharge_ratio: 5
    depth_of_discharge: 0.5
  VRBF:
    cost: 308.352
    lifetime: 26.8989
    annual_cost: 11.463368390528979
    efficiency: 0.710303
    discharge_ratio: 0.5
    depth_of_discharge: 1.0
