cost_values:
  wind_capex: 5000.0
  wind_opex: 100
  wind_lifetime: 20
  solar_capex: 1000.0
  solar_opex: 10
  solar_lifetime: 20
  carbon_price: 1.0
timeseries_values:
  load_level: 215410.16979042004
  wind_year: 2011
  solar_year: 2017
  price_year: 2023
  carbon_year: 2023
storage_values:
  CAES:
    cost: 61.4571
    lifetime: 24.9542
    annual_cost: 2.462795841982512
    efficiency: 0.612667
    discharge_ratio: 0.1
    depth_of_discharge: 0.4
  Li-ion:
    cost: 220.926
    lifetime: 20.5735
    annual_cost: 10.738377038423215
    efficiency: 0.905108
    discharge_ratio: 2
    depth_of_discharge: 0.9
  Pb-acid:
    cost: 129.079
    lifetime: 9.59651
    annual_cost: 13.450619027125487
    efficiency: 0.763045
    discharge_ratio: 5
    depth_of_discharge: 0.5
  VRBF:
    cost: 293.384
    lifetime: 27.1619
    annual_cost: 10.801306241463227
    efficiency: 0.702431
    discharge_ratio: 0.5
    depth_of_discharge: 1.0
