cost_values:
  wind_capex: 5000.0
  wind_opex: 100
  wind_lifetime: 20
  solar_capex: 1000.0
  solar_opex: 10
  solar_lifetime: 20
  carbon_price: 1.0
timeseries_values:
  load_level: 215410.16979042004
  wind_year: 2011
  solar_year: 2017
  price_year: 2023
  carbon_year: 2023
storage_values:
  CAES:
    cost: 61.3819
    lifetime: 23.7049
    annual_cost: 2.5894182215491313
    efficiency: 0.60106
    discharge_ratio: 0.1
    depth_of_discharge: 0.4
  Li-ion:
    cost: 242.514
    lifetime: 22.3171
    annual_cost: 10.866734477149809
    efficiency: 0.917478
    discharge_ratio: 2
    depth_of_discharge: 0.9
  Pb-acid:
    cost: 147.78
    lifetime: 9.88746
    annual_cost: 14.946204586415519
    efficiency: 0.772535
    discharge_ratio: 5
    depth_of_discharge: 0.5
  VRBF:
    cost: 337.282
    lifetime: 28.5509
    annual_cost: 11.81335789764946
    efficiency: 0.689475
    discharge_ratio: 0.5
    depth_of_discharge: 1.0
