cost_values:
  wind_capex: 5000.0
  wind_opex: 100
  wind_lifetime: 20
  solar_capex: 1000.0
  solar_opex: 10
  solar_lifetime: 20
  carbon_price: 1.0
timeseries_values:
  load_level: 215410.16979042004
  wind_year: 2011
  solar_year: 2017
  price_year: 2023
  carbon_year: 2023
storage_values:
  CAES:
    cost: 55.9852
    lifetime: 23.0894
    annual_cost: 2.4247143710966936
    efficiency: 0.612641
    discharge_ratio: 0.1
    depth_of_discharge: 0.4
  Li-ion:
    cost: 216.548
    lifetime: 20.2475
    annual_cost: 10.695048771453267
    efficiency: 0.923912
    discharge_ratio: 2
    depth_of_discharge: 0.9
  Pb-acid:
    cost: 138.328
    lifetime: 9.52386
    annual_cost: 14.524363020875988
    efficiency: 0.768185
    discharge_ratio: 5
    depth_of_discharge: 0.5
  VRBF:
    cost: 347.244
    lifetime: 25.7627
    annual_cost: 13.478556207229834
    efficiency: 0.714046
    discharge_ratio: 0.5
    depth_of_discharge: 1.0
