cost_values:
  wind_capex: 5000.0
  wind_opex: 100
  wind_lifetime: 20
  solar_capex: 1000.0
  solar_opex: 10
  solar_lifetime: 20
  carbon_price: 1.0
timeseries_values:
  load_level: 215410.16979042004
  wind_year: 2011
  solar_year: 2017
  price_year: 2023
  carbon_year: 2023
storage_values:
  CAES:
    cost: 57.839
    lifetime: 22.8432
    annual_cost: 2.5320007704699865
    efficiency: 0.613631
    discharge_ratio: 0.1
    depth_of_discharge: 0.4
  Li-ion:
    cost: 227.089
    lifetime: 20.5767
    annual_cost: 11.036220579587592
    efficiency: 0.912096
    discharge_ratio: 2
    depth_of_discharge: 0.9
  Pb-acid:
    cost: 147.331
    lifetime: 9.17481
    annual_cost: 16.058207199931115
    efficiency: 0.771091
    discharge_ratio: 5
    depth_of_discharge: 0.5
  VRBF:
    cost: 340.717
    lifetime: 28.0484
    annual_cost: 12.147466522154561
    efficiency: 0.721238
    discharge_ratio: 0.5
    depth_of_discharge: 1.0
