cost_values:
  wind_capex: 5000.0
  wind_opex: 100
  wind_lifetime: 20
  solar_capex: 1000.0
  solar_opex: 10
  solar_lifetime: 20
  carbon_price: 1.0
timeseries_values:
  load_level: 215410.16979042004
  wind_year: 2011
  solar_year: 2017
  price_year: 2023
  carbon_year: 2023
storage_values:
  CAES:
    cost: 53.4636
    lifetime: 24.285
    annual_cost: 2.201507103150093
    efficiency: 0.606765
    discharge_ratio: 0.1
    depth_of_discharge: 0.4
  Li-ion:
    cost: 223.213
    lifetime: 19.7867
    annual_cost: 11.280961453905906
    efficiency: 0.914789
    discharge_ratio: 2
    depth_of_discharge: 0.9
  Pb-acid:
    cost: 153.39
    lifetime: 12.0621
    annual_cost: 12.716691123436217
    efficiency: 0.775041
    discharge_ratio: 5
    depth_of_discharge: 0.5
  VRBF:
    cost: 316.622
    lifetime: 27.8956
    annual_cost: 11.350248784754585
    efficiency: 0.716166
    discharge_ratio: 0.5
    depth_of_discharge: 1.0
