cost_values:
  wind_capex: 5000.0
  wind_opex: 100
  wind_lifetime: 20
  solar_capex: 1000.0
  solar_opex: 10
  solar_lifetime: 20
  carbon_price: 1.0
timeseries_values:
  load_level: 215410.16979042004
  wind_year: 2011
  solar_year: 2017
  price_year: 2023
  carbon_year: 2023
storage_values:
  CAES:
    cost: 59.2961
    lifetime: 24.2169
    annual_cost: 2.448542133799124
    efficiency: 0.613308
    discharge_ratio: 0.1
    depth_of_discharge: 0.4
  Li-ion:
    cost: 225.801
    lifetime: 20.6186
    annual_cost: 10.951325502216445
    efficiency: 0.905999
    discharge_ratio: 2
    depth_of_discharge: 0.9
  Pb-acid:
    cost: 173.061
    lifetime: 10.9371
    annual_cost: 15.823298680637466
    efficiency: 0.778169
    discharge_ratio: 5
    depth_of_discharge: 0.5
  VRBF:
    cost: 318.532
    lifetime: 26.4283
    annual_cost: 12.052685946504315
    efficiency: 0.695224
    discharge_ratio: 0.5
    depth_of_discharge: 1.0
