cost_values:
  wind_capex: 5000.0
  wind_opex: 100
  wind_lifetime: 20
  solar_capex: 1000.0
  solar_opex: 10
  solar_lifetime: 20
  carbon_price: 1.0
timeseries_values:
  load_level: 215410.16979042004
  wind_year: 2011
  solar_year: 2017
  price_year: 2023
  carbon_year: 2023
storage_values:
  CAES:
    cost: 63.1124
    lifetime: 24.9912
    annual_cost: 2.525384935497295
    efficiency: 0.614478
    discharge_ratio: 0.1
    depth_of_discharge: 0.4
  Li-ion:
    cost: 245.466
    lifetime: 21.095
    annual_cost: 11.636217113059967
    efficiency: 0.916904
    discharge_ratio: 2
    depth_of_discharge: 0.9
  Pb-acid:
    cost: 148.404
    lifetime: 10.9387
    annual_cost: 13.566877234040607
    efficiency: 0.758239
    discharge_ratio: 5
    depth_of_discharge: 0.5
  VRBF:
    cost: 325.923
    lifetime: 28.1177
    annual_cost: 11.591381940912663
    efficiency: 0.745653
    discharge_ratio: 0.5
    depth_of_discharge: 1.0
