cost_values:
  wind_capex: 5000.0
  wind_opex: 100
  wind_lifetime: 20
  solar_capex: 1000.0
  solar_opex: 10
  solar_lifetime: 20
  carbon_price: 1.0
timeseries_values:
  load_level: 215410.16979042004
  wind_year: 2011
  solar_year: 2017
  price_year: 2023
  carbon_year: 2023
storage_values:
  CAES:
    cost: 57.8938
    lifetime: 24.2837
    annual_cost: 2.384060089689792
    efficiency: 0.615347
    discharge_ratio: 0.1
    depth_of_discharge: 0.4
  Li-ion:
    cost: 234.008
    lifetime: 22.3157
    annual_cost: 10.48624959109506
    efficiency: 0.916962
    discharge_ratio: 2
    depth_of_discharge: 0.9
  Pb-acid:
    cost: 140.522
    lifetime: 8.6747
    annual_cost: 16.199061639019217
    efficiency: 0.767948
    discharge_ratio: 5
    depth_of_discharge: 0.5
  VRBF:
    cost: 301.672
    lifetime: 26.1787
    annual_cost: 11.523566869248665
    efficiency: 0.721624
    discharge_ratio: 0.5
    depth_of_discharge: 1.0
