cost_values:
  wind_capex: 5000.0
  wind_opex: 100
  wind_lifetime: 20
  solar_capex: 1000.0
  solar_opex: 10
  solar_lifetime: 20
  carbon_price: 1.0
timeseries_values:
  load_level: 215410.16979042004
  wind_year: 2011
  solar_year: 2017
  price_year: 2023
  carbon_year: 2023
storage_values:
  CAES:
    cost: 59.4951
    lifetime: 24.055
    annual_cost: 2.473294533361048
    efficiency: 0.604483
    discharge_ratio: 0.1
    depth_of_discharge: 0.4
  Li-ion:
    cost: 247.451
    lifetime: 21.0161
    annual_cost: 11.774353947687723
    efficiency: 0.924407
    discharge_ratio: 2
    depth_of_discharge: 0.9
  Pb-acid:
    cost: 148.579
    lifetime: 11.0045
    annual_cost: 13.501658412467627
    efficiency: 0.758596
    discharge_ratio: 5
    depth_of_discharge: 0.5
  VRBF:
    cost: 310.574
    lifetime: 24.5474
    annual_cost: 12.652012025713518
    efficiency: 0.739262
    discharge_ratio: 0.5
    depth_of_discharge: 1.0
