cost_values:
  wind_capex: 5000.0
  wind_opex: 100
  wind_lifetime: 20
  solar_capex: 1000.0
  solar_opex: 10
  solar_lifetime: 20
  carbon_price: 1.0
timeseries_values:
  load_level: 215410.16979042004
  wind_year: 2011
  solar_year: 2017
  price_year: 2023
  carbon_year: 2023
storage_values:
  CAES:
    cost: 59.1702
    lifetime: 24.6118
    annual_cost: 2.4041394778114564
    efficiency: 0.603021
    discharge_ratio: 0.1
    depth_of_discharge: 0.4
  Li-ion:
    cost: 236.515
    lifetime: 21.9435
    annual_cost: 10.778362613074487
    efficiency: 0.912318
    discharge_ratio: 2
    depth_of_discharge: 0.9
  Pb-acid:
    cost: 149.312
    lifetime: 10.0897
    annual_cost: 14.798457833235874
    efficiency: 0.767415
    discharge_ratio: 5
    depth_of_discharge: 0.5
  VRBF:
    cost: 335.384
    lifetime: 26.2005
    annual_cost: 12.800671742905669
    efficiency: 0.715179
    discharge_ratio: 0.5
    depth_of_discharge: 1.0
