cost_values:
  wind_capex: 5000.0
  wind_opex: 100
  wind_lifetime: 20
  solar_capex: 1000.0
  solar_opex: 10
  solar_lifetime: 20
  carbon_price: 1.0
timeseries_values:
  load_level: 215410.16979042004
  wind_year: 2011
  solar_year: 2017
  price_year: 2023
  carbon_year: 2023
storage_values:
  CAES:
    cost: 60.8323
    lifetime: 24.7037
    annual_cost: 2.462477280731226
    efficiency: 0.609356
    discharge_ratio: 0.1
    depth_of_discharge: 0.4
  Li-ion:
    cost: 208.699
    lifetime: 21.1889
    annual_cost: 9.849449475904837
    efficiency: 0.913173
    discharge_ratio: 2
    depth_of_discharge: 0.9
  Pb-acid:
    cost: 150.014
    lifetime: 10.2612
    annual_cost: 14.619537675905352
    efficiency: 0.793207
    discharge_ratio: 5
    depth_of_discharge: 0.5
  VRBF:
    cost: 326.249
    lifetime: 29.9015
    annual_cost: 10.910790428573819
    efficiency: 0.707271
    discharge_ratio: 0.5
    depth_of_discharge: 1.0
