cost_values:
  wind_capex: 5000.0
  wind_opex: 100
  wind_lifetime: 20
  solar_capex: 1000.0
  solar_opex: 10
  solar_lifetime: 20
  carbon_price: 1.0
timeseries_values:
  load_level: 215410.16979042004
  wind_year: 2011
  solar_year: 2017
  price_year: 2023
  carbon_year: 2023
storage_values:
  CAES:
    cost: 58.6771
    lifetime: 24.9526
    annual_cost: 2.351542524626692
    efficiency: 0.610401
    discharge_ratio: 0.1
    depth_of_discharge: 0.4
  Li-ion:
    cost: 220.172
    lifetime: 18.1131
    annual_cost: 12.15540133936212
    efficiency: 0.921781
    discharge_ratio: 2
    depth_of_discharge: 0.9
  Pb-acid:
    cost: 156.868
    lifetime: 10.6458
    annual_cost: 14.735200736440662
    efficiency: 0.765177
    discharge_ratio: 5
    depth_of_discharge: 0.5
  VRBF:
    cost: 303.719
    lifetime: 27.5094
    annual_cost: 11.040553410834114
    efficiency: 0.722624
    discharge_ratio: 0.5
    depth_of_discharge: 1.0
