cost_values:
  wind_capex: 5000.0
  wind_opex: 100
  wind_lifetime: 20
  solar_capex: 1000.0
  solar_opex: 10
  solar_lifetime: 20
  carbon_price: 1.0
timeseries_values:
  load_level: 215410.16979042004
  wind_year: 2011
  solar_year: 2017
  price_year: 2023
  carbon_year: 2023
storage_values:
  CAES:
    cost: 60.5462
    lifetime: 25.1867
    annual_cost: 2.403895706861161
    efficiency: 0.596963
    discharge_ratio: 0.1
    depth_of_discharge: 0.4
  Li-ion:
    cost: 225.96
    lifetime: 19.9617
    annual_cost: 11.319677181803153
    efficiency: 0.901202
    discharge_ratio: 2
    depth_of_discharge: 0.9
  Pb-acid:
    cost: 148.651
    lifetime: 9.39915
    annual_cost: 15.815366283121346
    efficiency: 0.773245
    discharge_ratio: 5
    depth_of_discharge: 0.5
  VRBF:
    cost: 307.652
    lifetime: 27.0117
    annual_cost: 11.389583032537752
    efficiency: 0.72119
    discharge_ratio: 0.5
    depth_of_discharge: 1.0
