cost_values:
  wind_capex: 5000.0
  wind_opex: 100
  wind_lifetime: 20
  solar_capex: 1000.0
  solar_opex: 10
  solar_lifetime: 20
  carbon_price: 1.0
timeseries_values:
  load_level: 215410.16979042004
  wind_year: 2011
  solar_year: 2017
  price_year: 2023
  carbon_year: 2023
storage_values:
  CAES:
    cost: 69.0677
    lifetime: 24.3137
    annual_cost: 2.840690639433735
    efficiency: 0.61343
    discharge_ratio: 0.1
    depth_of_discharge: 0.4
  Li-ion:
    cost: 228.062
    lifetime: 21.8031
    annual_cost: 10.46007219156909
    efficiency: 0.918692
    discharge_ratio: 2
    depth_of_discharge: 0.9
  Pb-acid:
    cost: 154.265
    lifetime: 10.7101
    annual_cost: 14.403693709675911
    efficiency: 0.754142
    discharge_ratio: 5
    depth_of_discharge: 0.5
  VRBF:
    cost: 339.478
    lifetime: 24.1008
    annual_cost: 14.085756489411141
    efficiency: 0.697455
    discharge_ratio: 0.5
    depth_of_discharge: 1.0
