cost_values:
  wind_capex: 5000.0
  wind_opex: 100
  wind_lifetime: 20
  solar_capex: 1000.0
  solar_opex: 10
  solar_lifetime: 20
  carbon_price: 1.0
timeseries_values:
  load_level: 215410.16979042004
  wind_year: 2011
  solar_year: 2017
  price_year: 2023
  carbon_year: 2023
storage_values:
  CAES:
    cost: 57.9316
    lifetime: 23.9416
    annual_cost: 2.419704614562101
    efficiency: 0.616059
    discharge_ratio: 0.1
    depth_of_discharge: 0.4
  Li-ion:
    cost: 225.059
    lifetime: 20.8131
    annual_cost: 10.81333390989329
    efficiency: 0.930337
    discharge_ratio: 2
    depth_of_discharge: 0.9
  Pb-acid:
    cost: 180.836
    lifetime: 10.4036
    annual_cost: 17.382060056134414
    efficiency: 0.776457
    discharge_ratio: 5
    depth_of_discharge: 0.5
  VRBF:
    cost: 352.535
    lifetime: 28.1227
    annual_cost: 12.535602911526988
    efficiency: 0.696578
    discharge_ratio: 0.5
    depth_of_discharge: 1.0
