cost_values:
  wind_capex: 5000.0
  wind_opex: 100
  wind_lifetime: 20
  solar_capex: 1000.0
  solar_opex: 10
  solar_lifetime: 20
  carbon_price: 1.0
timeseries_values:
  load_level: 215410.16979042004
  wind_year: 2011
  solar_year: 2017
  price_year: 2023
  carbon_year: 2023
storage_values:
  CAES:
    cost: 60.4588
    lifetime: 24.903
    annual_cost: 2.4277717544070994
    efficiency: 0.593889
    discharge_ratio: 0.1
    depth_of_discharge: 0.4
  Li-ion:
    cost: 223.144
    lifetime: 21.1341
    annual_cost: 10.558481316923833
    efficiency: 0.891834
    discharge_ratio: 2
    depth_of_discharge: 0.9
  Pb-acid:
    cost: 172.407
    lifetime: 10.4858
    annual_cost: 16.44195006580328
    efficiency: 0.781262
    discharge_ratio: 5
    depth_of_discharge: 0.5
  VRBF:
    cost: 318.724
    lifetime: 26.8688
    annual_cost: 11.86223426427678
    efficiency: 0.684359
    discharge_ratio: 0.5
    depth_of_discharge: 1.0
