cost_values:
  wind_capex: 5000.0
  wind_opex: 100
  wind_lifetime: 20
  solar_capex: 1000.0
  solar_opex: 10
  solar_lifetime: 20
  carbon_price: 1.0
timeseries_values:
  load_level: 215410.16979042004
  wind_year: 2011
  solar_year: 2017
  price_year: 2023
  carbon_year: 2023
storage_values:
  CAES:
    cost: 64.5342
    lifetime: 24.1046
    annual_cost: 2.677256623217145
    efficiency: 0.609228
    discharge_ratio: 0.1
    depth_of_discharge: 0.4
  Li-ion:
    cost: 239.117
    lifetime: 20.8904
    annual_cost: 11.446262398039291
    efficiency: 0.913184
    discharge_ratio: 2
    depth_of_discharge: 0.9
  Pb-acid:
    cost: 160.977
    lifetime: 11.4573
    annual_cost: 14.050168887957897
    efficiency: 0.77264
    discharge_ratio: 5
    depth_of_discharge: 0.5
  VRBF:
    cost: 300.369
    lifetime: 26.3266
    annual_cost: 11.409335045163449
    efficiency: 0.718018
    discharge_ratio: 0.5
    depth_of_discharge: 1.0
