cost_values:
  wind_capex: 5000.0
  wind_opex: 100
  wind_lifetime: 20
  solar_capex: 1000.0
  solar_opex: 10
  solar_lifetime: 20
  carbon_price: 1.0
timeseries_values:
  load_level: 215410.16979042004
  wind_year: 2011
  solar_year: 2017
  price_year: 2023
  carbon_year: 2023
storage_values:
  CAES:
    cost: 63.1925
    lifetime: 25.158
    annual_cost: 2.511825264329438
    efficiency: 0.607985
    discharge_ratio: 0.1
    depth_of_discharge: 0.4
  Li-ion:
    cost: 241.435
    lifetime: 23.7046
    annual_cost: 10.185153936366781
    efficiency: 0.905642
    discharge_ratio: 2
    depth_of_discharge: 0.9
  Pb-acid:
    cost: 119.134
    lifetime: 11.2056
    annual_cost: 10.631648461483543
    efficiency: 0.76837
    discharge_ratio: 5
    depth_of_discharge: 0.5
  VRBF:
    cost: 294.067
    lifetime: 29.0923
    annual_cost: 10.108069832911113
    efficiency: 0.702445
    discharge_ratio: 0.5
    depth_of_discharge: 1.0
