cost_values:
  wind_capex: 5000.0
  wind_opex: 100
  wind_lifetime: 20
  solar_capex: 1000.0
  solar_opex: 10
  solar_lifetime: 20
  carbon_price: 1.0
timeseries_values:
  load_level: 215410.16979042004
  wind_year: 2011
  solar_year: 2017
  price_year: 2023
  carbon_year: 2023
storage_values:
  CAES:
    cost: 63.2069
    lifetime: 23.9833
    annual_cost: 2.635454670541585
    efficiency: 0.613627
    discharge_ratio: 0.1
    depth_of_discharge: 0.4
  Li-ion:
    cost: 245.241
    lifetime: 19.6284
    annual_cost: 12.494192089013879
    efficiency: 0.914669
    discharge_ratio: 2
    depth_of_discharge: 0.9
  Pb-acid:
    cost: 139.813
    lifetime: 8.59624
    annual_cost: 16.26443654434962
    efficiency: 0.761694
    discharge_ratio: 5
    depth_of_discharge: 0.5
  VRBF:
    cost: 296.202
    lifetime: 27.2203
    annual_cost: 10.881658174230262
    efficiency: 0.680717
    discharge_ratio: 0.5
    depth_of_discharge: 1.0
