cost_values:
  wind_capex: 5000.0
  wind_opex: 100
  wind_lifetime: 20
  solar_capex: 1000.0
  solar_opex: 10
  solar_lifetime: 20
  carbon_price: 1.0
timeseries_values:
  load_level: 215410.16979042004
  wind_year: 2011
  solar_year: 2017
  price_year: 2023
  carbon_year: 2023
storage_values:
  CAES:
    cost: 65.4554
    lifetime: 24.6254
    annual_cost: 2.6580441332932665
    efficiency: 0.602452
    discharge_ratio: 0.1
    depth_of_discharge: 0.4
  Li-ion:
    cost: 248.883
    lifetime: 21.1941
    annual_cost: 11.743032258977735
    efficiency: 0.895656
    discharge_ratio: 2
    depth_of_discharge: 0.9
  Pb-acid:
    cost: 169.276
    lifetime: 11.7087
    annual_cost: 14.45728390000598
    efficiency: 0.772984
    discharge_ratio: 5
    depth_of_discharge: 0.5
  VRBF:
    cost: 306.3
    lifetime: 26.546
    annual_cost: 11.538461538461538
    efficiency: 0.710347
    discharge_ratio: 0.5
    depth_of_discharge: 1.0
