cost_values:
  wind_capex: 5000.0
  wind_opex: 100
  wind_lifetime: 20
  solar_capex: 1000.0
  solar_opex: 10
  solar_lifetime: 20
  carbon_price: 1.0
timeseries_values:
  load_level: 215410.16979042004
  wind_year: 2011
  solar_year: 2017
  price_year: 2023
  carbon_year: 2023
storage_values:
  CAES:
    cost: 56.5461
    lifetime: 23.9262
    annual_cost: 2.3633548160593825
    efficiency: 0.610755
    discharge_ratio: 0.1
    depth_of_discharge: 0.4
  Li-ion:
    cost: 231.5
    lifetime: 22.8345
    annual_cost: 10.138168122796646
    efficiency: 0.916263
    discharge_ratio: 2
    depth_of_discharge: 0.9
  Pb-acid:
    cost: 152.825
    lifetime: 10.9486
    annual_cost: 13.958405640903857
    efficiency: 0.76034
    discharge_ratio: 5
    depth_of_discharge: 0.5
  VRBF:
    cost: 334.284
    lifetime: 25.1571
    annual_cost: 13.287859093456717
    efficiency: 0.706028
    discharge_ratio: 0.5
    depth_of_discharge: 1.0
