cost_values:
  wind_capex: 5000.0
  wind_opex: 100
  wind_lifetime: 20
  solar_capex: 1000.0
  solar_opex: 10
  solar_lifetime: 20
  carbon_price: 1.0
timeseries_values:
  load_level: 215410.16979042004
  wind_year: 2011
  solar_year: 2017
  price_year: 2023
  carbon_year: 2023
storage_values:
  CAES:
    cost: 65.7569
    lifetime: 24.9034
    annual_cost: 2.6404788101223127
    efficiency: 0.6171
    discharge_ratio: 0.1
    depth_of_discharge: 0.4
  Li-ion:
    cost: 219.04
    lifetime: 22.1385
    annual_cost: 9.894075931070306
    efficiency: 0.905114
    discharge_ratio: 2
    depth_of_discharge: 0.9
  Pb-acid:
    cost: 153.339
    lifetime: 10.1968
    annual_cost: 15.037953083320257
    efficiency: 0.766828
    discharge_ratio: 5
    depth_of_discharge: 0.5
  VRBF:
    cost: 313.319
    lifetime: 24.7912
    annual_cost: 12.638315208622416
    efficiency: 0.709789
    discharge_ratio: 0.5
    depth_of_discharge: 1.0
