cost_values:
  wind_capex: 5000.0
  wind_opex: 100
  wind_lifetime: 20
  solar_capex: 1000.0
  solar_opex: 10
  solar_lifetime: 20
  carbon_price: 1.0
timeseries_values:
  load_level: 215410.16979042004
  wind_year: 2011
  solar_year: 2017
  price_year: 2023
  carbon_year: 2023
storage_values:
  CAES:
    cost: 67.1707
    lifetime: 24.6872
    annual_cost: 2.720871544768139
    efficiency: 0.613044
    discharge_ratio: 0.1
    depth_of_discharge: 0.4
  Li-ion:
    cost: 226.363
    lifetime: 22.4689
    annual_cost: 10.074502979674127
    efficiency: 0.918474
    discharge_ratio: 2
    depth_of_discharge: 0.9
  Pb-acid:
    cost: 111.895
    lifetime: 11.4253
    annual_cost: 9.793615922557832
    efficiency: 0.771314
    discharge_ratio: 5
    depth_of_discharge: 0.5
  VRBF:
    cost: 321.926
    lifetime: 27.1476
    annual_cost: 11.85835948665812
    efficiency: 0.707332
    discharge_ratio: 0.5
    depth_of_discharge: 1.0
