cost_values:
  wind_capex: 5000.0
  wind_opex: 100
  wind_lifetime: 20
  solar_capex: 1000.0
  solar_opex: 10
  solar_lifetime: 20
  carbon_price: 1.0
timeseries_values:
  load_level: 215410.16979042004
  wind_year: 2011
  solar_year: 2017
  price_year: 2023
  carbon_year: 2023
storage_values:
  CAES:
    cost: 60.2731
    lifetime: 24.8582
    annual_cost: 2.42467676662027
    efficiency: 0.60238
    discharge_ratio: 0.1
    depth_of_discharge: 0.4
  Li-ion:
    cost: 235.231
    lifetime: 22.0181
    annual_cost: 10.683528551509893
    efficiency: 0.911339
    discharge_ratio: 2
    depth_of_discharge: 0.9
  Pb-acid:
    cost: 184.44
    lifetime: 9.6533
    annual_cost: 19.106419566365908
    efficiency: 0.776925
    discharge_ratio: 5
    depth_of_discharge: 0.5
  VRBF:
    cost: 334.624
    lifetime: 27.4735
    annual_cost: 12.179882432161902
    efficiency: 0.70731
    discharge_ratio: 0.5
    depth_of_discharge: 1.0
