cost_values:
  wind_capex: 5000.0
  wind_opex: 100
  wind_lifetime: 20
  solar_capex: 1000.0
  solar_opex: 10
  solar_lifetime: 20
  carbon_price: 1.0
timeseries_values:
  load_level: 259495.22321838085
  wind_year: 2012
  solar_year: 2012
  price_year: 2023
  carbon_year: 2023
storage_values:
  CAES:
    cost: 41.86041560795189
    lifetime: 24.140907814338245
    annual_cost: 1.734003374267861
    efficiency: 0.592960457509625
    discharge_ratio: 0.1
    depth_of_discharge: 0.4
  Li-ion:
    cost: 195.9056559373261
    lifetime: 24.590372407671897
    annual_cost: 7.966762466606887
    efficiency: 0.896151488215066
    discharge_ratio: 2
    depth_of_discharge: 0.9
  Pb-acid:
    cost: 185.87093776253272
    lifetime: 11.643026746164274
    annual_cost: 15.964142470407602
    efficiency: 0.7342310122076466
    discharge_ratio: 5
    depth_of_discharge: 0.5
  VRBF:
    cost: 274.19678252299747
    lifetime: 18.454648923804346
    annual_cost: 14.857870429023203
    efficiency: 0.7515093710893889
    discharge_ratio: 0.5
    depth_of_discharge: 1.0
