cost_values:
  wind_capex: 5000.0
  wind_opex: 100
  wind_lifetime: 20
  solar_capex: 1000.0
  solar_opex: 10
  solar_lifetime: 20
  carbon_price: 1.0
timeseries_values:
  load_level: 236768.18841863016
  wind_year: 2013
  solar_year: 2010
  price_year: 2023
  carbon_year: 2023
storage_values:
  CAES:
    cost: 58.364519870275366
    lifetime: 25.66825207113398
    annual_cost: 2.2738018821278048
    efficiency: 0.6366844218839015
    discharge_ratio: 0.1
    depth_of_discharge: 0.4
  Li-ion:
    cost: 187.50752304604953
    lifetime: 27.509009493923614
    annual_cost: 6.816222266652949
    efficiency: 0.8839654768165086
    discharge_ratio: 2
    depth_of_discharge: 0.9
  Pb-acid:
    cost: 148.0561336117541
    lifetime: 10.31857976484525
    annual_cost: 14.348499210731694
    efficiency: 0.7285801892975832
    discharge_ratio: 5
    depth_of_discharge: 0.5
  VRBF:
    cost: 180.59886438792887
    lifetime: 24.692183249341962
    annual_cost: 7.31400956182122
    efficiency: 0.7978360992411654
    discharge_ratio: 0.5
    depth_of_discharge: 1.0
