cost_values:
  wind_capex: 5000.0
  wind_opex: 100
  wind_lifetime: 20
  solar_capex: 1000.0
  solar_opex: 10
  solar_lifetime: 20
  carbon_price: 1.0
timeseries_values:
  load_level: 266312.53431341436
  wind_year: 2018
  solar_year: 2010
  price_year: 2023
  carbon_year: 2023
storage_values:
  CAES:
    cost: 51.23335467436798
    lifetime: 24.97943073609948
    annual_cost: 2.0510217072452
    efficiency: 0.5933188897480814
    discharge_ratio: 0.1
    depth_of_discharge: 0.4
  Li-ion:
    cost: 174.75902760052497
    lifetime: 14.079473226243515
    annual_cost: 12.412327136982787
    efficiency: 0.8693183250413727
    discharge_ratio: 2
    depth_of_discharge: 0.9
  Pb-acid:
    cost: 226.77836802365977
    lifetime: 16.098147331349363
    annual_cost: 14.087233975181352
    efficiency: 0.7117087463841638
    discharge_ratio: 5
    depth_of_discharge: 0.5
  VRBF:
    cost: 364.1624921010106
    lifetime: 22.182001331743173
    annual_cost: 16.417025977718346
    efficiency: 0.7479083922898737
    discharge_ratio: 0.5
    depth_of_discharge: 1.0
