cost_values:
  wind_capex: 5000.0
  wind_opex: 100
  wind_lifetime: 20
  solar_capex: 1000.0
  solar_opex: 10
  solar_lifetime: 20
  carbon_price: 1.0
timeseries_values:
  load_level: 234654.57078171597
  wind_year: 2011
  solar_year: 2010
  price_year: 2023
  carbon_year: 2023
storage_values:
  CAES:
    cost: 52.15512260797892
    lifetime: 22.222951680782757
    annual_cost: 2.3469034787615515
    efficiency: 0.5925142348024479
    discharge_ratio: 0.1
    depth_of_discharge: 0.4
  Li-ion:
    cost: 106.97664875013244
    lifetime: 24.283224580384232
    annual_cost: 4.405372457682049
    efficiency: 0.8830201205862007
    discharge_ratio: 2
    depth_of_discharge: 0.9
  Pb-acid:
    cost: 122.79711753878915
    lifetime: 5.949645494137562
    annual_cost: 20.639400727284734
    efficiency: 0.7188936561710442
    discharge_ratio: 5
    depth_of_discharge: 0.5
  VRBF:
    cost: 319.9912326178504
    lifetime: 18.695156984497554
    annual_cost: 17.116263473112014
    efficiency: 0.7068521000031354
    discharge_ratio: 0.5
    depth_of_discharge: 1.0
