cost_values:
  wind_capex: 5000.0
  wind_opex: 100
  wind_lifetime: 20
  solar_capex: 1000.0
  solar_opex: 10
  solar_lifetime: 20
  carbon_price: 1.0
timeseries_values:
  load_level: 266250.122375751
  wind_year: 2015
  solar_year: 2013
  price_year: 2023
  carbon_year: 2023
storage_values:
  CAES:
    cost: 36.753869613494835
    lifetime: 26.75395592375253
    annual_cost: 1.3737732736886301
    efficiency: 0.6363353747126743
    discharge_ratio: 0.1
    depth_of_discharge: 0.4
  Li-ion:
    cost: 154.52772271986586
    lifetime: 23.509904069757226
    annual_cost: 6.572877637499505
    efficiency: 0.9382616648359079
    discharge_ratio: 2
    depth_of_discharge: 0.9
  Pb-acid:
    cost: 146.83656671904433
    lifetime: 7.180953436671791
    annual_cost: 20.44805999843661
    efficiency: 0.6756408173708791
    discharge_ratio: 5
    depth_of_discharge: 0.5
  VRBF:
    cost: 323.4765316074427
    lifetime: 29.250226696764077
    annual_cost: 11.05894101132654
    efficiency: 0.7717256240164245
    discharge_ratio: 0.5
    depth_of_discharge: 1.0
