cost_values:
  wind_capex: 5000.0
  wind_opex: 100
  wind_lifetime: 20
  solar_capex: 1000.0
  solar_opex: 10
  solar_lifetime: 20
  carbon_price: 1.0
timeseries_values:
  load_level: 232183.50414871398
  wind_year: 2015
  solar_year: 2015
  price_year: 2023
  carbon_year: 2023
storage_values:
  CAES:
    cost: 43.560229655847564
    lifetime: 25.544175165027823
    annual_cost: 1.705290124829917
    efficiency: 0.5959900663144506
    discharge_ratio: 0.1
    depth_of_discharge: 0.4
  Li-ion:
    cost: 288.9092672938482
    lifetime: 15.139990786127134
    annual_cost: 19.08252596550967
    efficiency: 0.9170319271896072
    discharge_ratio: 2
    depth_of_discharge: 0.9
  Pb-acid:
    cost: 172.30615028607068
    lifetime: 11.55283874926115
    annual_cost: 14.914615708376466
    efficiency: 0.7878385082308024
    discharge_ratio: 5
    depth_of_discharge: 0.5
  VRBF:
    cost: 291.8969891671644
    lifetime: 21.924456858572086
    annual_cost: 13.313761478795207
    efficiency: 0.7829984289087621
    discharge_ratio: 0.5
    depth_of_discharge: 1.0
