cost_values:
  wind_capex: 5000.0
  wind_opex: 100
  wind_lifetime: 20
  solar_capex: 1000.0
  solar_opex: 10
  solar_lifetime: 20
  carbon_price: 1.0
timeseries_values:
  load_level: 229807.5926200441
  wind_year: 2011
  solar_year: 2012
  price_year: 2023
  carbon_year: 2023
storage_values:
  CAES:
    cost: 54.30223635619032
    lifetime: 23.996012405860544
    annual_cost: 2.2629691732834782
    efficiency: 0.6095410956732351
    discharge_ratio: 0.1
    depth_of_discharge: 0.4
  Li-ion:
    cost: 186.11366805828052
    lifetime: 22.24591533332283
    annual_cost: 8.366195109063245
    efficiency: 0.9063128763641977
    discharge_ratio: 2
    depth_of_discharge: 0.9
  Pb-acid:
    cost: 119.59837965832402
    lifetime: 12.464446872901725
    annual_cost: 9.595161412123016
    efficiency: 0.7429712624474871
    discharge_ratio: 5
    depth_of_discharge: 0.5
  VRBF:
    cost: 222.158598698412
    lifetime: 26.918686489058267
    annual_cost: 8.252950930154544
    efficiency: 0.6723256726642949
    discharge_ratio: 0.5
    depth_of_discharge: 1.0
