cost_values:
  wind_capex: 5000.0
  wind_opex: 100
  wind_lifetime: 20
  solar_capex: 1000.0
  solar_opex: 10
  solar_lifetime: 20
  carbon_price: 1.0
timeseries_values:
  load_level: 244759.89362174043
  wind_year: 2015
  solar_year: 2018
  price_year: 2023
  carbon_year: 2023
storage_values:
  CAES:
    cost: 40.29111320128964
    lifetime: 27.63305840246596
    annual_cost: 1.4580765043978658
    efficiency: 0.5967190728942952
    discharge_ratio: 0.1
    depth_of_discharge: 0.4
  Li-ion:
    cost: 201.7729537555172
    lifetime: 18.2828605214655
    annual_cost: 11.036180772621442
    efficiency: 0.9278490156673596
    discharge_ratio: 2
    depth_of_discharge: 0.9
  Pb-acid:
    cost: 104.0090402048614
    lifetime: 11.511434562828846
    annual_cost: 9.035280497594384
    efficiency: 0.7859851437517628
    discharge_ratio: 5
    depth_of_discharge: 0.5
  VRBF:
    cost: 203.84343911396783
    lifetime: 21.921272754504677
    annual_cost: 9.298887039853986
    efficiency: 0.7284375909937968
    discharge_ratio: 0.5
    depth_of_discharge: 1.0
