cost_values:
  wind_capex: 5000.0
  wind_opex: 100
  wind_lifetime: 20
  solar_capex: 1000.0
  solar_opex: 10
  solar_lifetime: 20
  carbon_price: 1.0
timeseries_values:
  load_level: 249183.83600752553
  wind_year: 2013
  solar_year: 2011
  price_year: 2023
  carbon_year: 2023
storage_values:
  CAES:
    cost: 22.70363552903163
    lifetime: 25.5943816575878
    annual_cost: 0.88705544180634
    efficiency: 0.6039345245913386
    discharge_ratio: 0.1
    depth_of_discharge: 0.4
  Li-ion:
    cost: 227.13660565436695
    lifetime: 21.195983928937963
    annual_cost: 10.716020846961822
    efficiency: 0.9509760007506035
    discharge_ratio: 2
    depth_of_discharge: 0.9
  Pb-acid:
    cost: 226.98644289756348
    lifetime: 11.051903616663632
    annual_cost: 20.53822135720783
    efficiency: 0.6984842831431678
    discharge_ratio: 5
    depth_of_discharge: 0.5
  VRBF:
    cost: 236.21271463726762
    lifetime: 17.34311639497764
    annual_cost: 13.619969402135364
    efficiency: 0.7639294660939254
    discharge_ratio: 0.5
    depth_of_discharge: 1.0
