cost_values:
  wind_capex: 5000.0
  wind_opex: 100
  wind_lifetime: 20
  solar_capex: 1000.0
  solar_opex: 10
  solar_lifetime: 20
  carbon_price: 1.0
timeseries_values:
  load_level: 251811.87570603524
  wind_year: 2019
  solar_year: 2016
  price_year: 2023
  carbon_year: 2023
storage_values:
  CAES:
    cost: 46.54171830970253
    lifetime: 25.435413599396743
    annual_cost: 1.8297999412443748
    efficiency: 0.6201731938910423
    discharge_ratio: 0.1
    depth_of_discharge: 0.4
  Li-ion:
    cost: 204.60040681823656
    lifetime: 21.98477695794904
    annual_cost: 9.306458155549272
    efficiency: 0.9411352715032031
    discharge_ratio: 2
    depth_of_discharge: 0.9
  Pb-acid:
    cost: 152.41362386632784
    lifetime: 11.839999319008808
    annual_cost: 12.872773026399738
    efficiency: 0.7654323755662552
    discharge_ratio: 5
    depth_of_discharge: 0.5
  VRBF:
    cost: 235.099583682356
    lifetime: 19.544095943744075
    annual_cost: 12.029186940090197
    efficiency: 0.8426303558490151
    discharge_ratio: 0.5
    depth_of_discharge: 1.0
