cost_values:
  wind_capex: 5000.0
  wind_opex: 100
  wind_lifetime: 20
  solar_capex: 1000.0
  solar_opex: 10
  solar_lifetime: 20
  carbon_price: 1.0
timeseries_values:
  load_level: 264995.4296290285
  wind_year: 2017
  solar_year: 2018
  price_year: 2023
  carbon_year: 2023
storage_values:
  CAES:
    cost: 69.76613430793965
    lifetime: 24.705267330246915
    annual_cost: 2.823937639505898
    efficiency: 0.5719387781325785
    discharge_ratio: 0.1
    depth_of_discharge: 0.4
  Li-ion:
    cost: 289.1954642016776
    lifetime: 24.64350818815689
    annual_cost: 11.735158078696701
    efficiency: 0.8824613883917667
    discharge_ratio: 2
    depth_of_discharge: 0.9
  Pb-acid:
    cost: 214.5630674615482
    lifetime: 16.43627734922668
    annual_cost: 13.054237459167926
    efficiency: 0.7266907533020114
    discharge_ratio: 5
    depth_of_discharge: 0.5
  VRBF:
    cost: 266.5111627643878
    lifetime: 18.779776592219264
    annual_cost: 14.19139154588278
    efficiency: 0.678030526039161
    discharge_ratio: 0.5
    depth_of_discharge: 1.0
