cost_values:
  wind_capex: 5000.0
  wind_opex: 100
  wind_lifetime: 20
  solar_capex: 1000.0
  solar_opex: 10
  solar_lifetime: 20
  carbon_price: 1.0
timeseries_values:
  load_level: 258100.9459334124
  wind_year: 2018
  solar_year: 2018
  price_year: 2023
  carbon_year: 2023
storage_values:
  CAES:
    cost: 44.46527032214143
    lifetime: 26.425099410830985
    annual_cost: 1.6826907490806347
    efficiency: 0.6292552342288921
    discharge_ratio: 0.1
    depth_of_discharge: 0.4
  Li-ion:
    cost: 256.1953807612862
    lifetime: 23.647321231426716
    annual_cost: 10.834012793838514
    efficiency: 0.9321324060029377
    discharge_ratio: 2
    depth_of_discharge: 0.9
  Pb-acid:
    cost: 86.78514535830874
    lifetime: 9.024637264888106
    annual_cost: 9.616469095767558
    efficiency: 0.7691408112516674
    discharge_ratio: 5
    depth_of_discharge: 0.5
  VRBF:
    cost: 269.3091802085085
    lifetime: 10.706068339917982
    annual_cost: 25.15481609662242
    efficiency: 0.6911517386521748
    discharge_ratio: 0.5
    depth_of_discharge: 1.0
