cost_values:
  wind_capex: 5000.0
  wind_opex: 100
  wind_lifetime: 20
  solar_capex: 1000.0
  solar_opex: 10
  solar_lifetime: 20
  carbon_price: 1.0
timeseries_values:
  load_level: 257162.56340274966
  wind_year: 2017
  solar_year: 2016
  price_year: 2023
  carbon_year: 2023
storage_values:
  CAES:
    cost: 56.341472243755675
    lifetime: 25.12151712881543
    annual_cost: 2.242757551419124
    efficiency: 0.6176517609784032
    discharge_ratio: 0.1
    depth_of_discharge: 0.4
  Li-ion:
    cost: 202.41307188248348
    lifetime: 24.89393027107842
    annual_cost: 8.131021083386155
    efficiency: 0.9243579212163597
    discharge_ratio: 2
    depth_of_discharge: 0.9
  Pb-acid:
    cost: 157.31595778726506
    lifetime: 16.54304863177548
    annual_cost: 9.509490136243476
    efficiency: 0.7162618932888666
    discharge_ratio: 5
    depth_of_discharge: 0.5
  VRBF:
    cost: 172.4819347424434
    lifetime: 11.78653282520687
    annual_cost: 14.633814481352035
    efficiency: 0.7827130929968598
    discharge_ratio: 0.5
    depth_of_discharge: 1.0
