cost_values:
  wind_capex: 5000.0
  wind_opex: 100
  wind_lifetime: 20
  solar_capex: 1000.0
  solar_opex: 10
  solar_lifetime: 20
  carbon_price: 1.0
timeseries_values:
  load_level: 269681.1214960883
  wind_year: 2014
  solar_year: 2015
  price_year: 2023
  carbon_year: 2023
storage_values:
  CAES:
    cost: 76.3274563542115
    lifetime: 27.777523207752953
    annual_cost: 2.7478136111468654
    efficiency: 0.606088864177354
    discharge_ratio: 0.1
    depth_of_discharge: 0.4
  Li-ion:
    cost: 260.1093403367796
    lifetime: 29.187155968647176
    annual_cost: 8.91177409050025
    efficiency: 0.9416903358803516
    discharge_ratio: 2
    depth_of_discharge: 0.9
  Pb-acid:
    cost: 81.31893572645164
    lifetime: 11.608639211831834
    annual_cost: 7.005036011763482
    efficiency: 0.7596784936519776
    discharge_ratio: 5
    depth_of_discharge: 0.5
  VRBF:
    cost: 197.70749466453572
    lifetime: 24.493583230846234
    annual_cost: 8.071807738426399
    efficiency: 0.695444774333492
    discharge_ratio: 0.5
    depth_of_discharge: 1.0
