cost_values:
  wind_capex: 5000.0
  wind_opex: 100
  wind_lifetime: 20
  solar_capex: 1000.0
  solar_opex: 10
  solar_lifetime: 20
  carbon_price: 1.0
timeseries_values:
  load_level: 233517.99475067863
  wind_year: 2017
  solar_year: 2013
  price_year: 2023
  carbon_year: 2023
storage_values:
  CAES:
    cost: 71.50738237829202
    lifetime: 22.487129214929794
    annual_cost: 3.1799249114829826
    efficiency: 0.5943532639653709
    discharge_ratio: 0.1
    depth_of_discharge: 0.4
  Li-ion:
    cost: 178.27993952129896
    lifetime: 13.751922955877529
    annual_cost: 12.96400075053523
    efficiency: 0.931353620344727
    discharge_ratio: 2
    depth_of_discharge: 0.9
  Pb-acid:
    cost: 179.91361787069965
    lifetime: 16.112175758751217
    annual_cost: 11.166314256035893
    efficiency: 0.6844780223551121
    discharge_ratio: 5
    depth_of_discharge: 0.5
  VRBF:
    cost: 330.79377273012756
    lifetime: 21.744561341781278
    annual_cost: 15.212713079409008
    efficiency: 0.7754560840440979
    discharge_ratio: 0.5
    depth_of_discharge: 1.0
