cost_values:
  wind_capex: 5000.0
  wind_opex: 100
  wind_lifetime: 20
  solar_capex: 1000.0
  solar_opex: 10
  solar_lifetime: 20
  carbon_price: 1.0
timeseries_values:
  load_level: 266971.0706409207
  wind_year: 2014
  solar_year: 2016
  price_year: 2023
  carbon_year: 2023
storage_values:
  CAES:
    cost: 44.353505271626176
    lifetime: 24.788446318237824
    annual_cost: 1.789281373354714
    efficiency: 0.6091594806526367
    discharge_ratio: 0.1
    depth_of_discharge: 0.4
  Li-ion:
    cost: 125.6934974196226
    lifetime: 27.33123450609849
    annual_cost: 4.5988957209955625
    efficiency: 0.9592728890736039
    discharge_ratio: 2
    depth_of_discharge: 0.9
  Pb-acid:
    cost: 119.6270280853454
    lifetime: 5.816750009603756
    annual_cost: 20.56595657159668
    efficiency: 0.7761496722246908
    discharge_ratio: 5
    depth_of_discharge: 0.5
  VRBF:
    cost: 250.18660029197494
    lifetime: 20.471766749610644
    annual_cost: 12.221055630029259
    efficiency: 0.7727705723660847
    discharge_ratio: 0.5
    depth_of_discharge: 1.0
