cost_values:
  wind_capex: 5000.0
  wind_opex: 100
  wind_lifetime: 20
  solar_capex: 1000.0
  solar_opex: 10
  solar_lifetime: 20
  carbon_price: 1.0
timeseries_values:
  load_level: 249709.68589743457
  wind_year: 2012
  solar_year: 2019
  price_year: 2023
  carbon_year: 2023
storage_values:
  CAES:
    cost: 52.57208892099542
    lifetime: 25.99534570063284
    annual_cost: 2.022365446739013
    efficiency: 0.6026234159118585
    discharge_ratio: 0.1
    depth_of_discharge: 0.4
  Li-ion:
    cost: 251.37519139749588
    lifetime: 22.962871459364536
    annual_cost: 10.947027763593653
    efficiency: 0.9217811104150441
    discharge_ratio: 2
    depth_of_discharge: 0.9
  Pb-acid:
    cost: 202.12486038559183
    lifetime: 10.051214732553632
    annual_cost: 20.109495793673048
    efficiency: 0.6896508847557067
    discharge_ratio: 5
    depth_of_discharge: 0.5
  VRBF:
    cost: 180.1533090210072
    lifetime: 17.958974042910487
    annual_cost: 10.031380890164202
    efficiency: 0.7163666689588832
    discharge_ratio: 0.5
    depth_of_discharge: 1.0
