cost_values:
  wind_capex: 5000.0
  wind_opex: 100
  wind_lifetime: 20
  solar_capex: 1000.0
  solar_opex: 10
  solar_lifetime: 20
  carbon_price: 1.0
timeseries_values:
  load_level: 237826.41864515425
  wind_year: 2015
  solar_year: 2018
  price_year: 2023
  carbon_year: 2023
storage_values:
  CAES:
    cost: 42.165393764680516
    lifetime: 25.677233949631557
    annual_cost: 1.6421314635132476
    efficiency: 0.5747133773863453
    discharge_ratio: 0.1
    depth_of_discharge: 0.4
  Li-ion:
    cost: 174.01009069629626
    lifetime: 18.373042774589127
    annual_cost: 9.470945712757022
    efficiency: 0.916314493828135
    discharge_ratio: 2
    depth_of_discharge: 0.9
  Pb-acid:
    cost: 187.30564310538904
    lifetime: 9.519161964459972
    annual_cost: 19.67669462970578
    efficiency: 0.7262773835910972
    discharge_ratio: 5
    depth_of_discharge: 0.5
  VRBF:
    cost: 266.72065104141257
    lifetime: 12.510785603677656
    annual_cost: 21.319256798950153
    efficiency: 0.7630108148173397
    discharge_ratio: 0.5
    depth_of_discharge: 1.0
