cost_values:
  wind_capex: 5000.0
  wind_opex: 100
  wind_lifetime: 20
  solar_capex: 1000.0
  solar_opex: 10
  solar_lifetime: 20
  carbon_price: 1.0
timeseries_values:
  load_level: 200104.54069594597
  wind_year: 2011
  solar_year: 2012
  price_year: 2023
  carbon_year: 2023
storage_values:
  CAES:
    cost: 35.0605
    lifetime: 20.5461
    annual_cost: 1.7064309041618604
    efficiency: 0.557969
    discharge_ratio: 0.1
    depth_of_discharge: 0.4
  Li-ion:
    cost: 148.03
    lifetime: 10.94
    annual_cost: 13.531078610603291
    efficiency: 0.904637
    discharge_ratio: 2
    depth_of_discharge: 0.9
  Pb-acid:
    cost: 145.812
    lifetime: 11.2851
    annual_cost: 12.920753914453572
    efficiency: 0.713119
    discharge_ratio: 5
    depth_of_discharge: 0.5
  VRBF:
    cost: 173.715
    lifetime: 17.7039
    annual_cost: 9.812244759629234
    efficiency: 0.742428
    discharge_ratio: 0.5
    depth_of_discharge: 1.0
