cost_values:
  wind_capex: 5000.0
  wind_opex: 100
  wind_lifetime: 20
  solar_capex: 1000.0
  solar_opex: 10
  solar_lifetime: 20
  carbon_price: 1.0
timeseries_values:
  load_level: 200104.54069594597
  wind_year: 2011
  solar_year: 2012
  price_year: 2023
  carbon_year: 2023
storage_values:
  CAES:
    cost: 31.2482
    lifetime: 20.0405
    annual_cost: 1.5592525136598387
    efficiency: 0.55784
    discharge_ratio: 0.1
    depth_of_discharge: 0.4
  Li-ion:
    cost: 143.095
    lifetime: 11.6619
    annual_cost: 12.270299007880363
    efficiency: 0.901792
    discharge_ratio: 2
    depth_of_discharge: 0.9
  Pb-acid:
    cost: 149.275
    lifetime: 10.3234
    annual_cost: 14.459867872987584
    efficiency: 0.712646
    discharge_ratio: 5
    depth_of_discharge: 0.5
  VRBF:
    cost: 181.987
    lifetime: 19.1779
    annual_cost: 9.489412292273919
    efficiency: 0.74952
    discharge_ratio: 0.5
    depth_of_discharge: 1.0
