cost_values:
  wind_capex: 5000.0
  wind_opex: 100
  wind_lifetime: 20
  solar_capex: 1000.0
  solar_opex: 10
  solar_lifetime: 20
  carbon_price: 1.0
timeseries_values:
  load_level: 200104.54069594597
  wind_year: 2011
  solar_year: 2012
  price_year: 2023
  carbon_year: 2023
storage_values:
  CAES:
    cost: 31.3146
    lifetime: 21.1222
    annual_cost: 1.4825444319247048
    efficiency: 0.57249
    discharge_ratio: 0.1
    depth_of_discharge: 0.4
  Li-ion:
    cost: 151.231
    lifetime: 10.7466
    annual_cost: 14.07245082165522
    efficiency: 0.889047
    discharge_ratio: 2
    depth_of_discharge: 0.9
  Pb-acid:
    cost: 161.218
    lifetime: 9.15284
    annual_cost: 17.613986478513773
    efficiency: 0.700076
    discharge_ratio: 5
    depth_of_discharge: 0.5
  VRBF:
    cost: 167.051
    lifetime: 15.5946
    annual_cost: 10.712105472407115
    efficiency: 0.765324
    discharge_ratio: 0.5
    depth_of_discharge: 1.0
