cost_values:
  wind_capex: 5000.0
  wind_opex: 100
  wind_lifetime: 20
  solar_capex: 1000.0
  solar_opex: 10
  solar_lifetime: 20
  carbon_price: 1.0
timeseries_values:
  load_level: 200104.54069594597
  wind_year: 2011
  solar_year: 2012
  price_year: 2023
  carbon_year: 2023
storage_values:
  CAES:
    cost: 29.8572
    lifetime: 20.7399
    annual_cost: 1.439601926720958
    efficiency: 0.560468
    discharge_ratio: 0.1
    depth_of_discharge: 0.4
  Li-ion:
    cost: 129.056
    lifetime: 10.4794
    annual_cost: 12.315208886004925
    efficiency: 0.888062
    discharge_ratio: 2
    depth_of_discharge: 0.9
  Pb-acid:
    cost: 156.972
    lifetime: 9.87541
    annual_cost: 15.895238779959517
    efficiency: 0.72685
    discharge_ratio: 5
    depth_of_discharge: 0.5
  VRBF:
    cost: 134.407
    lifetime: 18.4434
    annual_cost: 7.287539173905029
    efficiency: 0.76412
    discharge_ratio: 0.5
    depth_of_discharge: 1.0
