cost_values:
  wind_capex: 5000.0
  wind_opex: 100
  wind_lifetime: 20
  solar_capex: 1000.0
  solar_opex: 10
  solar_lifetime: 20
  carbon_price: 1.0
timeseries_values:
  load_level: 200104.54069594597
  wind_year: 2011
  solar_year: 2012
  price_year: 2023
  carbon_year: 2023
storage_values:
  CAES:
    cost: 31.8543
    lifetime: 22.0543
    annual_cost: 1.444357789637395
    efficiency: 0.557673
    discharge_ratio: 0.1
    depth_of_discharge: 0.4
  Li-ion:
    cost: 170.362
    lifetime: 10.6905
    annual_cost: 15.935830877882232
    efficiency: 0.891579
    discharge_ratio: 2
    depth_of_discharge: 0.9
  Pb-acid:
    cost: 149.539
    lifetime: 9.16609
    annual_cost: 16.314371776842687
    efficiency: 0.707506
    discharge_ratio: 5
    depth_of_discharge: 0.5
  VRBF:
    cost: 184.132
    lifetime: 17.5089
    annual_cost: 10.516480190074763
    efficiency: 0.779682
    discharge_ratio: 0.5
    depth_of_discharge: 1.0
