cost_values:
  wind_capex: 5000.0
  wind_opex: 100
  wind_lifetime: 20
  solar_capex: 1000.0
  solar_opex: 10
  solar_lifetime: 20
  carbon_price: 1.0
timeseries_values:
  load_level: 200104.54069594597
  wind_year: 2011
  solar_year: 2012
  price_year: 2023
  carbon_year: 2023
storage_values:
  CAES:
    cost: 24.3728
    lifetime: 21.1092
    annual_cost: 1.1546055748204573
    efficiency: 0.556349
    discharge_ratio: 0.1
    depth_of_discharge: 0.4
  Li-ion:
    cost: 138.214
    lifetime: 10.7784
    annual_cost: 12.823239070734061
    efficiency: 0.90518
    discharge_ratio: 2
    depth_of_discharge: 0.9
  Pb-acid:
    cost: 147.208
    lifetime: 9.69696
    annual_cost: 15.18084018084018
    efficiency: 0.720496
    discharge_ratio: 5
    depth_of_discharge: 0.5
  VRBF:
    cost: 144.736
    lifetime: 16.3496
    annual_cost: 8.852571316729462
    efficiency: 0.755882
    discharge_ratio: 0.5
    depth_of_discharge: 1.0
