cost_values:
  wind_capex: 5000.0
  wind_opex: 100
  wind_lifetime: 20
  solar_capex: 1000.0
  solar_opex: 10
  solar_lifetime: 20
  carbon_price: 1.0
timeseries_values:
  load_level: 200104.54069594597
  wind_year: 2011
  solar_year: 2012
  price_year: 2023
  carbon_year: 2023
storage_values:
  CAES:
    cost: 25.8123
    lifetime: 20.1142
    annual_cost: 1.2832874287816567
    efficiency: 0.565329
    discharge_ratio: 0.1
    depth_of_discharge: 0.4
  Li-ion:
    cost: 132.656
    lifetime: 12.3177
    annual_cost: 10.769543015335655
    efficiency: 0.905457
    discharge_ratio: 2
    depth_of_discharge: 0.9
  Pb-acid:
    cost: 176.881
    lifetime: 9.80424
    annual_cost: 18.041276019354893
    efficiency: 0.715216
    discharge_ratio: 5
    depth_of_discharge: 0.5
  VRBF:
    cost: 186.246
    lifetime: 19.1576
    annual_cost: 9.721781434000084
    efficiency: 0.740801
    discharge_ratio: 0.5
    depth_of_discharge: 1.0
