cost_values:
  wind_capex: 5000.0
  wind_opex: 100
  wind_lifetime: 20
  solar_capex: 1000.0
  solar_opex: 10
  solar_lifetime: 20
  carbon_price: 1.0
timeseries_values:
  load_level: 200104.54069594597
  wind_year: 2011
  solar_year: 2012
  price_year: 2023
  carbon_year: 2023
storage_values:
  CAES:
    cost: 25.1126
    lifetime: 20.3749
    annual_cost: 1.232526294607581
    efficiency: 0.560781
    discharge_ratio: 0.1
    depth_of_discharge: 0.4
  Li-ion:
    cost: 143.711
    lifetime: 11.6278
    annual_cost: 12.359259705189288
    efficiency: 0.895232
    discharge_ratio: 2
    depth_of_discharge: 0.9
  Pb-acid:
    cost: 140.227
    lifetime: 10.0043
    annual_cost: 14.016672830682806
    efficiency: 0.724065
    discharge_ratio: 5
    depth_of_discharge: 0.5
  VRBF:
    cost: 170.115
    lifetime: 18.1201
    annual_cost: 9.388193221891711
    efficiency: 0.765932
    discharge_ratio: 0.5
    depth_of_discharge: 1.0
