cost_values:
  wind_capex: 5000.0
  wind_opex: 100
  wind_lifetime: 20
  solar_capex: 1000.0
  solar_opex: 10
  solar_lifetime: 20
  carbon_price: 1.0
timeseries_values:
  load_level: 200104.54069594597
  wind_year: 2011
  solar_year: 2012
  price_year: 2023
  carbon_year: 2023
storage_values:
  CAES:
    cost: 33.9154
    lifetime: 21.297
    annual_cost: 1.5924965957646615
    efficiency: 0.563443
    discharge_ratio: 0.1
    depth_of_discharge: 0.4
  Li-ion:
    cost: 127.137
    lifetime: 12.3763
    annual_cost: 10.272617826006156
    efficiency: 0.909438
    discharge_ratio: 2
    depth_of_discharge: 0.9
  Pb-acid:
    cost: 158.391
    lifetime: 8.89065
    annual_cost: 17.815457812420913
    efficiency: 0.714812
    discharge_ratio: 5
    depth_of_discharge: 0.5
  VRBF:
    cost: 156.326
    lifetime: 17.8611
    annual_cost: 8.752316486666555
    efficiency: 0.769253
    discharge_ratio: 0.5
    depth_of_discharge: 1.0
