cost_values:
  wind_capex: 5000.0
  wind_opex: 100
  wind_lifetime: 20
  solar_capex: 1000.0
  solar_opex: 10
  solar_lifetime: 20
  carbon_price: 1.0
timeseries_values:
  load_level: 200104.54069594597
  wind_year: 2011
  solar_year: 2012
  price_year: 2023
  carbon_year: 2023
storage_values:
  CAES:
    cost: 31.5561
    lifetime: 20.2629
    annual_cost: 1.557333846586619
    efficiency: 0.562322
    discharge_ratio: 0.1
    depth_of_discharge: 0.4
  Li-ion:
    cost: 143.354
    lifetime: 10.403
    annual_cost: 13.780063443237529
    efficiency: 0.898308
    discharge_ratio: 2
    depth_of_discharge: 0.9
  Pb-acid:
    cost: 166.261
    lifetime: 8.84729
    annual_cost: 18.792308153118075
    efficiency: 0.719039
    discharge_ratio: 5
    depth_of_discharge: 0.5
  VRBF:
    cost: 140.244
    lifetime: 17.8507
    annual_cost: 7.856498624703793
    efficiency: 0.750544
    discharge_ratio: 0.5
    depth_of_discharge: 1.0
