cost_values:
  wind_capex: 5000.0
  wind_opex: 100
  wind_lifetime: 20
  solar_capex: 1000.0
  solar_opex: 10
  solar_lifetime: 20
  carbon_price: 1.0
timeseries_values:
  load_level: 200104.54069594597
  wind_year: 2011
  solar_year: 2012
  price_year: 2023
  carbon_year: 2023
storage_values:
  CAES:
    cost: 26.4893
    lifetime: 20.767
    annual_cost: 1.27554774401695
    efficiency: 0.566142
    discharge_ratio: 0.1
    depth_of_discharge: 0.4
  Li-ion:
    cost: 150.015
    lifetime: 13.3484
    annual_cost: 11.23842557909562
    efficiency: 0.915919
    discharge_ratio: 2
    depth_of_discharge: 0.9
  Pb-acid:
    cost: 126.169
    lifetime: 10.339
    annual_cost: 12.203211142276816
    efficiency: 0.705026
    discharge_ratio: 5
    depth_of_discharge: 0.5
  VRBF:
    cost: 174.775
    lifetime: 17.561
    annual_cost: 9.952451454928536
    efficiency: 0.731564
    discharge_ratio: 0.5
    depth_of_discharge: 1.0
