cost_values:
  wind_capex: 5000.0
  wind_opex: 100
  wind_lifetime: 20
  solar_capex: 1000.0
  solar_opex: 10
  solar_lifetime: 20
  carbon_price: 1.0
timeseries_values:
  load_level: 200104.54069594597
  wind_year: 2011
  solar_year: 2012
  price_year: 2023
  carbon_year: 2023
storage_values:
  CAES:
    cost: 22.6383
    lifetime: 21.2232
    annual_cost: 1.066677032681217
    efficiency: 0.55617
    discharge_ratio: 0.1
    depth_of_discharge: 0.4
  Li-ion:
    cost: 126.613
    lifetime: 11.7097
    annual_cost: 10.812659589912636
    efficiency: 0.912157
    discharge_ratio: 2
    depth_of_discharge: 0.9
  Pb-acid:
    cost: 176.535
    lifetime: 10.3234
    annual_cost: 17.100470775132223
    efficiency: 0.722167
    discharge_ratio: 5
    depth_of_discharge: 0.5
  VRBF:
    cost: 190.523
    lifetime: 16.5221
    annual_cost: 11.531403393031153
    efficiency: 0.736298
    discharge_ratio: 0.5
    depth_of_discharge: 1.0
