cost_values:
  wind_capex: 5000.0
  wind_opex: 100
  wind_lifetime: 20
  solar_capex: 1000.0
  solar_opex: 10
  solar_lifetime: 20
  carbon_price: 1.0
timeseries_values:
  load_level: 200104.54069594597
  wind_year: 2011
  solar_year: 2012
  price_year: 2023
  carbon_year: 2023
storage_values:
  CAES:
    cost: 28.0187
    lifetime: 20.1317
    annual_cost: 1.3917701932772693
    efficiency: 0.559019
    discharge_ratio: 0.1
    depth_of_discharge: 0.4
  Li-ion:
    cost: 144.91
    lifetime: 10.5715
    annual_cost: 13.70761008371565
    efficiency: 0.903429
    discharge_ratio: 2
    depth_of_discharge: 0.9
  Pb-acid:
    cost: 152.211
    lifetime: 10.7733
    annual_cost: 14.128540001670798
    efficiency: 0.719079
    discharge_ratio: 5
    depth_of_discharge: 0.5
  VRBF:
    cost: 167.265
    lifetime: 18.7032
    annual_cost: 8.943122032593353
    efficiency: 0.774121
    discharge_ratio: 0.5
    depth_of_discharge: 1.0
