cost_values:
  wind_capex: 5000.0
  wind_opex: 100
  wind_lifetime: 20
  solar_capex: 1000.0
  solar_opex: 10
  solar_lifetime: 20
  carbon_price: 1.0
timeseries_values:
  load_level: 200104.54069594597
  wind_year: 2011
  solar_year: 2012
  price_year: 2023
  carbon_year: 2023
storage_values:
  CAES:
    cost: 27.962
    lifetime: 20.2795
    annual_cost: 1.3788308390246309
    efficiency: 0.556751
    discharge_ratio: 0.1
    depth_of_discharge: 0.4
  Li-ion:
    cost: 137.101
    lifetime: 10.2477
    annual_cost: 13.378709368931565
    efficiency: 0.898969
    discharge_ratio: 2
    depth_of_discharge: 0.9
  Pb-acid:
    cost: 182.851
    lifetime: 9.61973
    annual_cost: 19.00791394353064
    efficiency: 0.717178
    discharge_ratio: 5
    depth_of_discharge: 0.5
  VRBF:
    cost: 156.59
    lifetime: 17.3322
    annual_cost: 9.034629187293016
    efficiency: 0.737759
    discharge_ratio: 0.5
    depth_of_discharge: 1.0
