cost_values:
  wind_capex: 5000.0
  wind_opex: 100
  wind_lifetime: 20
  solar_capex: 1000.0
  solar_opex: 10
  solar_lifetime: 20
  carbon_price: 1.0
timeseries_values:
  load_level: 200104.54069594597
  wind_year: 2011
  solar_year: 2012
  price_year: 2023
  carbon_year: 2023
storage_values:
  CAES:
    cost: 26.9389
    lifetime: 20.4465
    annual_cost: 1.3175311177952216
    efficiency: 0.570301
    discharge_ratio: 0.1
    depth_of_discharge: 0.4
  Li-ion:
    cost: 121.068
    lifetime: 10.7687
    annual_cost: 11.242582670145884
    efficiency: 0.902817
    discharge_ratio: 2
    depth_of_discharge: 0.9
  Pb-acid:
    cost: 141.977
    lifetime: 10.8845
    annual_cost: 13.043961596766044
    efficiency: 0.716431
    discharge_ratio: 5
    depth_of_discharge: 0.5
  VRBF:
    cost: 151.436
    lifetime: 17.8913
    annual_cost: 8.464225629216434
    efficiency: 0.755224
    discharge_ratio: 0.5
    depth_of_discharge: 1.0
