cost_values:
  wind_capex: 5000.0
  wind_opex: 100
  wind_lifetime: 20
  solar_capex: 1000.0
  solar_opex: 10
  solar_lifetime: 20
  carbon_price: 1.0
timeseries_values:
  load_level: 200104.54069594597
  wind_year: 2011
  solar_year: 2012
  price_year: 2023
  carbon_year: 2023
storage_values:
  CAES:
    cost: 27.143
    lifetime: 20.7136
    annual_cost: 1.3103951027344354
    efficiency: 0.563808
    discharge_ratio: 0.1
    depth_of_discharge: 0.4
  Li-ion:
    cost: 155.644
    lifetime: 11.9807
    annual_cost: 12.991227557655229
    efficiency: 0.888623
    discharge_ratio: 2
    depth_of_discharge: 0.9
  Pb-acid:
    cost: 164.317
    lifetime: 10.6957
    annual_cost: 15.3629028488084
    efficiency: 0.718074
    discharge_ratio: 5
    depth_of_discharge: 0.5
  VRBF:
    cost: 175.594
    lifetime: 16.0663
    annual_cost: 10.929336561622776
    efficiency: 0.74518
    discharge_ratio: 0.5
    depth_of_discharge: 1.0
