cost_values:
  wind_capex: 5000.0
  wind_opex: 100
  wind_lifetime: 20
  solar_capex: 1000.0
  solar_opex: 10
  solar_lifetime: 20
  carbon_price: 1.0
timeseries_values:
  load_level: 200104.54069594597
  wind_year: 2011
  solar_year: 2012
  price_year: 2023
  carbon_year: 2023
storage_values:
  CAES:
    cost: 31.7653
    lifetime: 21.2327
    annual_cost: 1.4960556123338058
    efficiency: 0.562856
    discharge_ratio: 0.1
    depth_of_discharge: 0.4
  Li-ion:
    cost: 160.676
    lifetime: 11.4282
    annual_cost: 14.059606937225459
    efficiency: 0.905735
    discharge_ratio: 2
    depth_of_discharge: 0.9
  Pb-acid:
    cost: 160.856
    lifetime: 10.0745
    annual_cost: 15.966648468906644
    efficiency: 0.711169
    discharge_ratio: 5
    depth_of_discharge: 0.5
  VRBF:
    cost: 187.861
    lifetime: 19.3866
    annual_cost: 9.690249966471685
    efficiency: 0.775797
    discharge_ratio: 0.5
    depth_of_discharge: 1.0
