cost_values:
  wind_capex: 5000.0
  wind_opex: 100
  wind_lifetime: 20
  solar_capex: 1000.0
  solar_opex: 10
  solar_lifetime: 20
  carbon_price: 1.0
timeseries_values:
  load_level: 200104.54069594597
  wind_year: 2011
  solar_year: 2012
  price_year: 2023
  carbon_year: 2023
storage_values:
  CAES:
    cost: 32.0928
    lifetime: 20.9966
    annual_cost: 1.528476038977739
    efficiency: 0.563485
    discharge_ratio: 0.1
    depth_of_discharge: 0.4
  Li-ion:
    cost: 127.576
    lifetime: 11.822
    annual_cost: 10.791405853493487
    efficiency: 0.916841
    discharge_ratio: 2
    depth_of_discharge: 0.9
  Pb-acid:
    cost: 142.378
    lifetime: 8.77715
    annual_cost: 16.221438621876118
    efficiency: 0.728523
    discharge_ratio: 5
    depth_of_discharge: 0.5
  VRBF:
    cost: 144.822
    lifetime: 17.8517
    annual_cost: 8.112504691429947
    efficiency: 0.756614
    discharge_ratio: 0.5
    depth_of_discharge: 1.0
