cost_values:
  wind_capex: 5000.0
  wind_opex: 100
  wind_lifetime: 20
  solar_capex: 1000.0
  solar_opex: 10
  solar_lifetime: 20
  carbon_price: 1.0
timeseries_values:
  load_level: 200104.54069594597
  wind_year: 2011
  solar_year: 2012
  price_year: 2023
  carbon_year: 2023
storage_values:
  CAES:
    cost: 27.7076
    lifetime: 20.4268
    annual_cost: 1.3564337047408306
    efficiency: 0.554139
    discharge_ratio: 0.1
    depth_of_discharge: 0.4
  Li-ion:
    cost: 139.87
    lifetime: 10.5549
    annual_cost: 13.251665103411685
    efficiency: 0.889859
    discharge_ratio: 2
    depth_of_discharge: 0.9
  Pb-acid:
    cost: 141.591
    lifetime: 11.5604
    annual_cost: 12.247932597487978
    efficiency: 0.735809
    discharge_ratio: 5
    depth_of_discharge: 0.5
  VRBF:
    cost: 177.751
    lifetime: 19.0812
    annual_cost: 9.31550426597908
    efficiency: 0.730719
    discharge_ratio: 0.5
    depth_of_discharge: 1.0
