cost_values:
  wind_capex: 5000.0
  wind_opex: 100
  wind_lifetime: 20
  solar_capex: 1000.0
  solar_opex: 10
  solar_lifetime: 20
  carbon_price: 1.0
timeseries_values:
  load_level: 200104.54069594597
  wind_year: 2011
  solar_year: 2012
  price_year: 2023
  carbon_year: 2023
storage_values:
  CAES:
    cost: 26.6489
    lifetime: 20.5914
    annual_cost: 1.2941762094855134
    efficiency: 0.56421
    discharge_ratio: 0.1
    depth_of_discharge: 0.4
  Li-ion:
    cost: 151.033
    lifetime: 11.7411
    annual_cost: 12.86361584519338
    efficiency: 0.915647
    discharge_ratio: 2
    depth_of_discharge: 0.9
  Pb-acid:
    cost: 151.521
    lifetime: 9.3693
    annual_cost: 16.17207262015305
    efficiency: 0.729958
    discharge_ratio: 5
    depth_of_discharge: 0.5
  VRBF:
    cost: 165.325
    lifetime: 16.7814
    annual_cost: 9.851681027804592
    efficiency: 0.770512
    discharge_ratio: 0.5
    depth_of_discharge: 1.0
