cost_values:
  wind_capex: 5000.0
  wind_opex: 100
  wind_lifetime: 20
  solar_capex: 1000.0
  solar_opex: 10
  solar_lifetime: 20
  carbon_price: 1.0
timeseries_values:
  load_level: 200104.54069594597
  wind_year: 2011
  solar_year: 2012
  price_year: 2023
  carbon_year: 2023
storage_values:
  CAES:
    cost: 25.2439
    lifetime: 20.6663
    annual_cost: 1.2215007040447492
    efficiency: 0.559357
    discharge_ratio: 0.1
    depth_of_discharge: 0.4
  Li-ion:
    cost: 130.036
    lifetime: 10.5066
    annual_cost: 12.376601374374202
    efficiency: 0.911489
    discharge_ratio: 2
    depth_of_discharge: 0.9
  Pb-acid:
    cost: 164.326
    lifetime: 11.1227
    annual_cost: 14.773930790185835
    efficiency: 0.717077
    discharge_ratio: 5
    depth_of_discharge: 0.5
  VRBF:
    cost: 158.032
    lifetime: 19.3969
    annual_cost: 8.147281266594147
    efficiency: 0.772278
    discharge_ratio: 0.5
    depth_of_discharge: 1.0
