cost_values:
  wind_capex: 5000.0
  wind_opex: 100
  wind_lifetime: 20
  solar_capex: 1000.0
  solar_opex: 10
  solar_lifetime: 20
  carbon_price: 1.0
timeseries_values:
  load_level: 200104.54069594597
  wind_year: 2011
  solar_year: 2012
  price_year: 2023
  carbon_year: 2023
storage_values:
  CAES:
    cost: 25.6253
    lifetime: 20.3045
    annual_cost: 1.26205028441971
    efficiency: 0.554696
    discharge_ratio: 0.1
    depth_of_discharge: 0.4
  Li-ion:
    cost: 158.478
    lifetime: 10.2837
    annual_cost: 15.410601242743372
    efficiency: 0.906613
    discharge_ratio: 2
    depth_of_discharge: 0.9
  Pb-acid:
    cost: 160.01
    lifetime: 11.531
    annual_cost: 13.876506807735668
    efficiency: 0.712754
    discharge_ratio: 5
    depth_of_discharge: 0.5
  VRBF:
    cost: 186.867
    lifetime: 18.0952
    annual_cost: 10.326882267120563
    efficiency: 0.764145
    discharge_ratio: 0.5
    depth_of_discharge: 1.0
