cost_values:
  wind_capex: 5000.0
  wind_opex: 100
  wind_lifetime: 20
  solar_capex: 1000.0
  solar_opex: 10
  solar_lifetime: 20
  carbon_price: 1.0
timeseries_values:
  load_level: 200104.54069594597
  wind_year: 2011
  solar_year: 2012
  price_year: 2023
  carbon_year: 2023
storage_values:
  CAES:
    cost: 35.363
    lifetime: 21.1905
    annual_cost: 1.668813855265331
    efficiency: 0.561377
    discharge_ratio: 0.1
    depth_of_discharge: 0.4
  Li-ion:
    cost: 126.129
    lifetime: 12.4583
    annual_cost: 10.12409397750897
    efficiency: 0.910678
    discharge_ratio: 2
    depth_of_discharge: 0.9
  Pb-acid:
    cost: 139.321
    lifetime: 9.80724
    annual_cost: 14.205933575603328
    efficiency: 0.732433
    discharge_ratio: 5
    depth_of_discharge: 0.5
  VRBF:
    cost: 169.249
    lifetime: 18.017
    annual_cost: 9.393850252539268
    efficiency: 0.762247
    discharge_ratio: 0.5
    depth_of_discharge: 1.0
