cost_values:
  wind_capex: 5000.0
  wind_opex: 100
  wind_lifetime: 20
  solar_capex: 1000.0
  solar_opex: 10
  solar_lifetime: 20
  carbon_price: 1.0
timeseries_values:
  load_level: 200104.54069594597
  wind_year: 2011
  solar_year: 2012
  price_year: 2023
  carbon_year: 2023
storage_values:
  CAES:
    cost: 24.1707
    lifetime: 20.99
    annual_cost: 1.1515340638399238
    efficiency: 0.571962
    discharge_ratio: 0.1
    depth_of_discharge: 0.4
  Li-ion:
    cost: 155.594
    lifetime: 10.3845
    annual_cost: 14.983292406952671
    efficiency: 0.908251
    discharge_ratio: 2
    depth_of_discharge: 0.9
  Pb-acid:
    cost: 176.864
    lifetime: 10.0841
    annual_cost: 17.538897868922366
    efficiency: 0.710994
    discharge_ratio: 5
    depth_of_discharge: 0.5
  VRBF:
    cost: 139.275
    lifetime: 17.7219
    annual_cost: 7.858920318927429
    efficiency: 0.758814
    discharge_ratio: 0.5
    depth_of_discharge: 1.0
