cost_values:
  wind_capex: 5000.0
  wind_opex: 100
  wind_lifetime: 20
  solar_capex: 1000.0
  solar_opex: 10
  solar_lifetime: 20
  carbon_price: 1.0
timeseries_values:
  load_level: 200104.54069594597
  wind_year: 2011
  solar_year: 2012
  price_year: 2023
  carbon_year: 2023
storage_values:
  CAES:
    cost: 30.3306
    lifetime: 21.1616
    annual_cost: 1.4332848177831543
    efficiency: 0.551528
    discharge_ratio: 0.1
    depth_of_discharge: 0.4
  Li-ion:
    cost: 130.269
    lifetime: 12.3922
    annual_cost: 10.512177014573684
    efficiency: 0.905812
    discharge_ratio: 2
    depth_of_discharge: 0.9
  Pb-acid:
    cost: 145.975
    lifetime: 9.60517
    annual_cost: 15.197544655638579
    efficiency: 0.73163
    discharge_ratio: 5
    depth_of_discharge: 0.5
  VRBF:
    cost: 156.802
    lifetime: 18.9659
    annual_cost: 8.2675749634871
    efficiency: 0.75986
    discharge_ratio: 0.5
    depth_of_discharge: 1.0
