cost_values:
  wind_capex: 5000.0
  wind_opex: 100
  wind_lifetime: 20
  solar_capex: 1000.0
  solar_opex: 10
  solar_lifetime: 20
  carbon_price: 1.0
timeseries_values:
  load_level: 200104.54069594597
  wind_year: 2011
  solar_year: 2012
  price_year: 2023
  carbon_year: 2023
storage_values:
  CAES:
    cost: 36.6199
    lifetime: 20.7219
    annual_cost: 1.767207640226041
    efficiency: 0.561593
    discharge_ratio: 0.1
    depth_of_discharge: 0.4
  Li-ion:
    cost: 134.428
    lifetime: 11.8669
    annual_cost: 11.327979506020949
    efficiency: 0.918153
    discharge_ratio: 2
    depth_of_discharge: 0.9
  Pb-acid:
    cost: 144.572
    lifetime: 8.75044
    annual_cost: 16.521683481059238
    efficiency: 0.722058
    discharge_ratio: 5
    depth_of_discharge: 0.5
  VRBF:
    cost: 179.867
    lifetime: 17.4146
    annual_cost: 10.328517450874553
    efficiency: 0.746365
    discharge_ratio: 0.5
    depth_of_discharge: 1.0
