cost_values:
  wind_capex: 5000.0
  wind_opex: 100
  wind_lifetime: 20
  solar_capex: 1000.0
  solar_opex: 10
  solar_lifetime: 20
  carbon_price: 1.0
timeseries_values:
  load_level: 200104.54069594597
  wind_year: 2011
  solar_year: 2012
  price_year: 2023
  carbon_year: 2023
storage_values:
  CAES:
    cost: 32.5614
    lifetime: 20.0357
    annual_cost: 1.6251690732043302
    efficiency: 0.566276
    discharge_ratio: 0.1
    depth_of_discharge: 0.4
  Li-ion:
    cost: 137.52
    lifetime: 10.03
    annual_cost: 13.710867397806583
    efficiency: 0.892821
    discharge_ratio: 2
    depth_of_discharge: 0.9
  Pb-acid:
    cost: 176.833
    lifetime: 9.75828
    annual_cost: 18.12132875875667
    efficiency: 0.713292
    discharge_ratio: 5
    depth_of_discharge: 0.5
  VRBF:
    cost: 168.106
    lifetime: 18.0182
    annual_cost: 9.329788769133431
    efficiency: 0.776408
    discharge_ratio: 0.5
    depth_of_discharge: 1.0
