cost_values:
  wind_capex: 5000.0
  wind_opex: 100
  wind_lifetime: 20
  solar_capex: 1000.0
  solar_opex: 10
  solar_lifetime: 20
  carbon_price: 1.0
timeseries_values:
  load_level: 200104.54069594597
  wind_year: 2011
  solar_year: 2012
  price_year: 2023
  carbon_year: 2023
storage_values:
  CAES:
    cost: 30.1512
    lifetime: 20.6
    annual_cost: 1.463650485436893
    efficiency: 0.563727
    discharge_ratio: 0.1
    depth_of_discharge: 0.4
  Li-ion:
    cost: 129.583
    lifetime: 13.8571
    annual_cost: 9.351379437255991
    efficiency: 0.895297
    discharge_ratio: 2
    depth_of_discharge: 0.9
  Pb-acid:
    cost: 170.309
    lifetime: 10.3759
    annual_cost: 16.413901444693956
    efficiency: 0.720443
    discharge_ratio: 5
    depth_of_discharge: 0.5
  VRBF:
    cost: 153.552
    lifetime: 16.964
    annual_cost: 9.051638764442348
    efficiency: 0.74817
    discharge_ratio: 0.5
    depth_of_discharge: 1.0
