cost_values:
  wind_capex: 5000.0
  wind_opex: 100
  wind_lifetime: 20
  solar_capex: 1000.0
  solar_opex: 10
  solar_lifetime: 20
  carbon_price: 1.0
timeseries_values:
  load_level: 200104.54069594597
  wind_year: 2011
  solar_year: 2012
  price_year: 2023
  carbon_year: 2023
storage_values:
  CAES:
    cost: 32.5294
    lifetime: 20.0683
    annual_cost: 1.6209345086529503
    efficiency: 0.555906
    discharge_ratio: 0.1
    depth_of_discharge: 0.4
  Li-ion:
    cost: 112.827
    lifetime: 11.8908
    annual_cost: 9.488596225653446
    efficiency: 0.905064
    discharge_ratio: 2
    depth_of_discharge: 0.9
  Pb-acid:
    cost: 162.134
    lifetime: 11.0838
    annual_cost: 14.62801566249842
    efficiency: 0.702927
    discharge_ratio: 5
    depth_of_discharge: 0.5
  VRBF:
    cost: 158.216
    lifetime: 20.0938
    annual_cost: 7.873871542465835
    efficiency: 0.750823
    discharge_ratio: 0.5
    depth_of_discharge: 1.0
