cost_values:
  wind_capex: 5000.0
  wind_opex: 100
  wind_lifetime: 20
  solar_capex: 1000.0
  solar_opex: 10
  solar_lifetime: 20
  carbon_price: 1.0
timeseries_values:
  load_level: 200104.54069594597
  wind_year: 2011
  solar_year: 2012
  price_year: 2023
  carbon_year: 2023
storage_values:
  CAES:
    cost: 27.48
    lifetime: 20.6149
    annual_cost: 1.3330164104603952
    efficiency: 0.558355
    discharge_ratio: 0.1
    depth_of_discharge: 0.4
  Li-ion:
    cost: 135.516
    lifetime: 10.1105
    annual_cost: 13.403491419811086
    efficiency: 0.899165
    discharge_ratio: 2
    depth_of_discharge: 0.9
  Pb-acid:
    cost: 147.96
    lifetime: 10.2537
    annual_cost: 14.429913104537874
    efficiency: 0.723958
    discharge_ratio: 5
    depth_of_discharge: 0.5
  VRBF:
    cost: 163.607
    lifetime: 18.5108
    annual_cost: 8.838461870907794
    efficiency: 0.759802
    discharge_ratio: 0.5
    depth_of_discharge: 1.0
