cost_values:
  wind_capex: 5000.0
  wind_opex: 100
  wind_lifetime: 20
  solar_capex: 1000.0
  solar_opex: 10
  solar_lifetime: 20
  carbon_price: 1.0
timeseries_values:
  load_level: 200104.54069594597
  wind_year: 2011
  solar_year: 2012
  price_year: 2023
  carbon_year: 2023
storage_values:
  CAES:
    cost: 34.0774
    lifetime: 21.2905
    annual_cost: 1.600591813250041
    efficiency: 0.561629
    discharge_ratio: 0.1
    depth_of_discharge: 0.4
  Li-ion:
    cost: 136.831
    lifetime: 10.8179
    annual_cost: 12.648573198125328
    efficiency: 0.910629
    discharge_ratio: 2
    depth_of_discharge: 0.9
  Pb-acid:
    cost: 153.409
    lifetime: 10.8263
    annual_cost: 14.170030388960217
    efficiency: 0.713297
    discharge_ratio: 5
    depth_of_discharge: 0.5
  VRBF:
    cost: 159.086
    lifetime: 18.0898
    annual_cost: 8.794237636679235
    efficiency: 0.754418
    discharge_ratio: 0.5
    depth_of_discharge: 1.0
