cost_values:
  wind_capex: 5000.0
  wind_opex: 100
  wind_lifetime: 20
  solar_capex: 1000.0
  solar_opex: 10
  solar_lifetime: 20
  carbon_price: 1.0
timeseries_values:
  load_level: 200104.54069594597
  wind_year: 2011
  solar_year: 2012
  price_year: 2023
  carbon_year: 2023
storage_values:
  CAES:
    cost: 25.5445
    lifetime: 20.8881
    annual_cost: 1.2229211847894255
    efficiency: 0.55219
    discharge_ratio: 0.1
    depth_of_discharge: 0.4
  Li-ion:
    cost: 130.143
    lifetime: 10.1733
    annual_cost: 12.792604169738434
    efficiency: 0.917922
    discharge_ratio: 2
    depth_of_discharge: 0.9
  Pb-acid:
    cost: 152.152
    lifetime: 11.4279
    annual_cost: 13.314082202329386
    efficiency: 0.719256
    discharge_ratio: 5
    depth_of_discharge: 0.5
  VRBF:
    cost: 166.353
    lifetime: 18.2296
    annual_cost: 9.125433361126959
    efficiency: 0.77264
    discharge_ratio: 0.5
    depth_of_discharge: 1.0
