cost_values:
  wind_capex: 5000.0
  wind_opex: 100
  wind_lifetime: 20
  solar_capex: 1000.0
  solar_opex: 10
  solar_lifetime: 20
  carbon_price: 1.0
timeseries_values:
  load_level: 200104.54069594597
  wind_year: 2011
  solar_year: 2012
  price_year: 2023
  carbon_year: 2023
storage_values:
  CAES:
    cost: 33.1365
    lifetime: 20.8434
    annual_cost: 1.5897838164598865
    efficiency: 0.55864
    discharge_ratio: 0.1
    depth_of_discharge: 0.4
  Li-ion:
    cost: 163.702
    lifetime: 11.1776
    annual_cost: 14.645541082164328
    efficiency: 0.909003
    discharge_ratio: 2
    depth_of_discharge: 0.9
  Pb-acid:
    cost: 168.243
    lifetime: 11.2326
    annual_cost: 14.978099460498905
    efficiency: 0.719942
    discharge_ratio: 5
    depth_of_discharge: 0.5
  VRBF:
    cost: 139.186
    lifetime: 19.6494
    annual_cost: 7.083473286716134
    efficiency: 0.778596
    discharge_ratio: 0.5
    depth_of_discharge: 1.0
