cost_values:
  wind_capex: 5000.0
  wind_opex: 100
  wind_lifetime: 20
  solar_capex: 1000.0
  solar_opex: 10
  solar_lifetime: 20
  carbon_price: 1.0
timeseries_values:
  load_level: 200104.54069594597
  wind_year: 2011
  solar_year: 2012
  price_year: 2023
  carbon_year: 2023
storage_values:
  CAES:
    cost: 34.5645
    lifetime: 20.1136
    annual_cost: 1.718464123776947
    efficiency: 0.560806
    discharge_ratio: 0.1
    depth_of_discharge: 0.4
  Li-ion:
    cost: 170.734
    lifetime: 11.5841
    annual_cost: 14.738650391484882
    efficiency: 0.904366
    discharge_ratio: 2
    depth_of_discharge: 0.9
  Pb-acid:
    cost: 174.808
    lifetime: 9.37139
    annual_cost: 18.653369457465754
    efficiency: 0.71932
    discharge_ratio: 5
    depth_of_discharge: 0.5
  VRBF:
    cost: 145.147
    lifetime: 17.977
    annual_cost: 8.07403904989709
    efficiency: 0.759267
    discharge_ratio: 0.5
    depth_of_discharge: 1.0
