cost_values:
  wind_capex: 5000.0
  wind_opex: 100
  wind_lifetime: 20
  solar_capex: 1000.0
  solar_opex: 10
  solar_lifetime: 20
  carbon_price: 1.0
timeseries_values:
  load_level: 200104.54069594597
  wind_year: 2011
  solar_year: 2012
  price_year: 2023
  carbon_year: 2023
storage_values:
  CAES:
    cost: 29.839
    lifetime: 20.4542
    annual_cost: 1.4588201934077107
    efficiency: 0.552824
    discharge_ratio: 0.1
    depth_of_discharge: 0.4
  Li-ion:
    cost: 141.127
    lifetime: 13.8455
    annual_cost: 10.192986891047633
    efficiency: 0.888234
    discharge_ratio: 2
    depth_of_discharge: 0.9
  Pb-acid:
    cost: 165.786
    lifetime: 10.04
    annual_cost: 16.512549800796815
    efficiency: 0.736663
    discharge_ratio: 5
    depth_of_discharge: 0.5
  VRBF:
    cost: 162.63
    lifetime: 18.1241
    annual_cost: 8.973135217748744
    efficiency: 0.742527
    discharge_ratio: 0.5
    depth_of_discharge: 1.0
