cost_values:
  wind_capex: 5000.0
  wind_opex: 100
  wind_lifetime: 20
  solar_capex: 1000.0
  solar_opex: 10
  solar_lifetime: 20
  carbon_price: 1.0
timeseries_values:
  load_level: 200104.54069594597
  wind_year: 2011
  solar_year: 2012
  price_year: 2023
  carbon_year: 2023
storage_values:
  CAES:
    cost: 32.0164
    lifetime: 20.5437
    annual_cost: 1.5584534431480208
    efficiency: 0.560428
    discharge_ratio: 0.1
    depth_of_discharge: 0.4
  Li-ion:
    cost: 147.576
    lifetime: 12.2964
    annual_cost: 12.001561432614423
    efficiency: 0.919313
    discharge_ratio: 2
    depth_of_discharge: 0.9
  Pb-acid:
    cost: 161.967
    lifetime: 10.6513
    annual_cost: 15.206312844441523
    efficiency: 0.73405
    discharge_ratio: 5
    depth_of_discharge: 0.5
  VRBF:
    cost: 177.575
    lifetime: 17.2292
    annual_cost: 10.306630603858565
    efficiency: 0.75132
    discharge_ratio: 0.5
    depth_of_discharge: 1.0
