cost_values:
  wind_capex: 5000.0
  wind_opex: 100
  wind_lifetime: 20
  solar_capex: 1000.0
  solar_opex: 10
  solar_lifetime: 20
  carbon_price: 1.0
timeseries_values:
  load_level: 200104.54069594597
  wind_year: 2011
  solar_year: 2012
  price_year: 2023
  carbon_year: 2023
storage_values:
  CAES:
    cost: 26.9884
    lifetime: 20.6942
    annual_cost: 1.3041528544229783
    efficiency: 0.559138
    discharge_ratio: 0.1
    depth_of_discharge: 0.4
  Li-ion:
    cost: 159.009
    lifetime: 11.7548
    annual_cost: 13.52715486439582
    efficiency: 0.905342
    discharge_ratio: 2
    depth_of_discharge: 0.9
  Pb-acid:
    cost: 150.811
    lifetime: 8.12874
    annual_cost: 18.552813843227856
    efficiency: 0.70369
    discharge_ratio: 5
    depth_of_discharge: 0.5
  VRBF:
    cost: 172.073
    lifetime: 17.6752
    annual_cost: 9.73527880872635
    efficiency: 0.756033
    discharge_ratio: 0.5
    depth_of_discharge: 1.0
