cost_values:
  wind_capex: 5000.0
  wind_opex: 100
  wind_lifetime: 20
  solar_capex: 1000.0
  solar_opex: 10
  solar_lifetime: 20
  carbon_price: 1.0
timeseries_values:
  load_level: 200104.54069594597
  wind_year: 2011
  solar_year: 2012
  price_year: 2023
  carbon_year: 2023
storage_values:
  CAES:
    cost: 25.3397
    lifetime: 21.5115
    annual_cost: 1.1779606257118285
    efficiency: 0.569931
    discharge_ratio: 0.1
    depth_of_discharge: 0.4
  Li-ion:
    cost: 134.135
    lifetime: 10.1208
    annual_cost: 13.253398940795194
    efficiency: 0.900246
    discharge_ratio: 2
    depth_of_discharge: 0.9
  Pb-acid:
    cost: 171.291
    lifetime: 12.0509
    annual_cost: 14.213959123384974
    efficiency: 0.71837
    discharge_ratio: 5
    depth_of_discharge: 0.5
  VRBF:
    cost: 154.918
    lifetime: 18.5365
    annual_cost: 8.35745690934103
    efficiency: 0.748596
    discharge_ratio: 0.5
    depth_of_discharge: 1.0
