cost_values:
  wind_capex: 5000.0
  wind_opex: 100
  wind_lifetime: 20
  solar_capex: 1000.0
  solar_opex: 10
  solar_lifetime: 20
  carbon_price: 1.0
timeseries_values:
  load_level: 200104.54069594597
  wind_year: 2011
  solar_year: 2012
  price_year: 2023
  carbon_year: 2023
storage_values:
  CAES:
    cost: 26.3698
    lifetime: 21.2004
    annual_cost: 1.2438350219807175
    efficiency: 0.564743
    discharge_ratio: 0.1
    depth_of_discharge: 0.4
  Li-ion:
    cost: 126.361
    lifetime: 10.8196
    annual_cost: 11.67889755628674
    efficiency: 0.904511
    discharge_ratio: 2
    depth_of_discharge: 0.9
  Pb-acid:
    cost: 146.894
    lifetime: 10.2278
    annual_cost: 14.362228436222845
    efficiency: 0.708402
    discharge_ratio: 5
    depth_of_discharge: 0.5
  VRBF:
    cost: 160.927
    lifetime: 16.4251
    annual_cost: 9.797626802880956
    efficiency: 0.743704
    discharge_ratio: 0.5
    depth_of_discharge: 1.0
