cost_values:
  wind_capex: 5000.0
  wind_opex: 100
  wind_lifetime: 20
  solar_capex: 1000.0
  solar_opex: 10
  solar_lifetime: 20
  carbon_price: 1.0
timeseries_values:
  load_level: 200104.54069594597
  wind_year: 2011
  solar_year: 2012
  price_year: 2023
  carbon_year: 2023
storage_values:
  CAES:
    cost: 27.97
    lifetime: 20.8869
    annual_cost: 1.3391168627225676
    efficiency: 0.556302
    discharge_ratio: 0.1
    depth_of_discharge: 0.4
  Li-ion:
    cost: 161.552
    lifetime: 12.3041
    annual_cost: 13.129932298989766
    efficiency: 0.904543
    discharge_ratio: 2
    depth_of_discharge: 0.9
  Pb-acid:
    cost: 140.92
    lifetime: 11.1947
    annual_cost: 12.588099725763085
    efficiency: 0.711485
    discharge_ratio: 5
    depth_of_discharge: 0.5
  VRBF:
    cost: 168.737
    lifetime: 18.1893
    annual_cost: 9.27671763069497
    efficiency: 0.780997
    discharge_ratio: 0.5
    depth_of_discharge: 1.0
