cost_values:
  wind_capex: 5000.0
  wind_opex: 100
  wind_lifetime: 20
  solar_capex: 1000.0
  solar_opex: 10
  solar_lifetime: 20
  carbon_price: 1.0
timeseries_values:
  load_level: 200104.54069594597
  wind_year: 2011
  solar_year: 2012
  price_year: 2023
  carbon_year: 2023
storage_values:
  CAES:
    cost: 30.5717
    lifetime: 20.6741
    annual_cost: 1.478743935648952
    efficiency: 0.563537
    discharge_ratio: 0.1
    depth_of_discharge: 0.4
  Li-ion:
    cost: 138.124
    lifetime: 10.5139
    annual_cost: 13.137275416353589
    efficiency: 0.903873
    discharge_ratio: 2
    depth_of_discharge: 0.9
  Pb-acid:
    cost: 138.558
    lifetime: 10.1626
    annual_cost: 13.6341093814575
    efficiency: 0.692124
    discharge_ratio: 5
    depth_of_discharge: 0.5
  VRBF:
    cost: 140.34
    lifetime: 18.5446
    annual_cost: 7.567701648997552
    efficiency: 0.759957
    discharge_ratio: 0.5
    depth_of_discharge: 1.0
