cost_values:
  wind_capex: 5000.0
  wind_opex: 100
  wind_lifetime: 20
  solar_capex: 1000.0
  solar_opex: 10
  solar_lifetime: 20
  carbon_price: 1.0
timeseries_values:
  load_level: 200104.54069594597
  wind_year: 2011
  solar_year: 2012
  price_year: 2023
  carbon_year: 2023
storage_values:
  CAES:
    cost: 31.8177
    lifetime: 20.3819
    annual_cost: 1.56107624902487
    efficiency: 0.564097
    discharge_ratio: 0.1
    depth_of_discharge: 0.4
  Li-ion:
    cost: 121.028
    lifetime: 10.6765
    annual_cost: 11.33592469442233
    efficiency: 0.900576
    discharge_ratio: 2
    depth_of_discharge: 0.9
  Pb-acid:
    cost: 135.279
    lifetime: 10.05
    annual_cost: 13.460597014925371
    efficiency: 0.736211
    discharge_ratio: 5
    depth_of_discharge: 0.5
  VRBF:
    cost: 154.323
    lifetime: 18.614
    annual_cost: 8.290695175674223
    efficiency: 0.762205
    discharge_ratio: 0.5
    depth_of_discharge: 1.0
