cost_values:
  wind_capex: 5000.0
  wind_opex: 100
  wind_lifetime: 20
  solar_capex: 1000.0
  solar_opex: 10
  solar_lifetime: 20
  carbon_price: 1.0
timeseries_values:
  load_level: 200104.54069594597
  wind_year: 2011
  solar_year: 2012
  price_year: 2023
  carbon_year: 2023
storage_values:
  CAES:
    cost: 24.6975
    lifetime: 21.5382
    annual_cost: 1.1466835668718836
    efficiency: 0.550856
    discharge_ratio: 0.1
    depth_of_discharge: 0.4
  Li-ion:
    cost: 152.888
    lifetime: 10.3542
    annual_cost: 14.765795522589867
    efficiency: 0.912315
    discharge_ratio: 2
    depth_of_discharge: 0.9
  Pb-acid:
    cost: 166.629
    lifetime: 11.3537
    annual_cost: 14.67618485603812
    efficiency: 0.717257
    discharge_ratio: 5
    depth_of_discharge: 0.5
  VRBF:
    cost: 141.091
    lifetime: 17.3682
    annual_cost: 8.123524602434333
    efficiency: 0.751805
    discharge_ratio: 0.5
    depth_of_discharge: 1.0
