cost_values:
  wind_capex: 5000.0
  wind_opex: 100
  wind_lifetime: 20
  solar_capex: 1000.0
  solar_opex: 10
  solar_lifetime: 20
  carbon_price: 1.0
timeseries_values:
  load_level: 200104.54069594597
  wind_year: 2011
  solar_year: 2012
  price_year: 2023
  carbon_year: 2023
storage_values:
  CAES:
    cost: 22.8409
    lifetime: 21.6581
    annual_cost: 1.0546123621185608
    efficiency: 0.556221
    discharge_ratio: 0.1
    depth_of_discharge: 0.4
  Li-ion:
    cost: 157.81
    lifetime: 12.1654
    annual_cost: 12.972035444786032
    efficiency: 0.896621
    discharge_ratio: 2
    depth_of_discharge: 0.9
  Pb-acid:
    cost: 141.588
    lifetime: 10.9214
    annual_cost: 12.964271979782811
    efficiency: 0.710585
    discharge_ratio: 5
    depth_of_discharge: 0.5
  VRBF:
    cost: 145.17
    lifetime: 18.0623
    annual_cost: 8.037182418628856
    efficiency: 0.760186
    discharge_ratio: 0.5
    depth_of_discharge: 1.0
