cost_values:
  wind_capex: 5000.0
  wind_opex: 100
  wind_lifetime: 20
  solar_capex: 1000.0
  solar_opex: 10
  solar_lifetime: 20
  carbon_price: 1.0
timeseries_values:
  load_level: 200104.54069594597
  wind_year: 2011
  solar_year: 2012
  price_year: 2023
  carbon_year: 2023
storage_values:
  CAES:
    cost: 26.4408
    lifetime: 21.2131
    annual_cost: 1.2464373429626032
    efficiency: 0.552066
    discharge_ratio: 0.1
    depth_of_discharge: 0.4
  Li-ion:
    cost: 146.994
    lifetime: 11.1471
    annual_cost: 13.186748122830153
    efficiency: 0.898109
    discharge_ratio: 2
    depth_of_discharge: 0.9
  Pb-acid:
    cost: 149.055
    lifetime: 8.73021
    annual_cost: 17.073472459425375
    efficiency: 0.714658
    discharge_ratio: 5
    depth_of_discharge: 0.5
  VRBF:
    cost: 156.094
    lifetime: 16.1221
    annual_cost: 9.68198931900931
    efficiency: 0.768471
    discharge_ratio: 0.5
    depth_of_discharge: 1.0
