cost_values:
  wind_capex: 5000.0
  wind_opex: 100
  wind_lifetime: 20
  solar_capex: 1000.0
  solar_opex: 10
  solar_lifetime: 20
  carbon_price: 1.0
timeseries_values:
  load_level: 200104.54069594597
  wind_year: 2011
  solar_year: 2012
  price_year: 2023
  carbon_year: 2023
storage_values:
  CAES:
    cost: 32.9863
    lifetime: 21.1629
    annual_cost: 1.5586852463509253
    efficiency: 0.565468
    discharge_ratio: 0.1
    depth_of_discharge: 0.4
  Li-ion:
    cost: 138.784
    lifetime: 11.2532
    annual_cost: 12.332847545587033
    efficiency: 0.920743
    discharge_ratio: 2
    depth_of_discharge: 0.9
  Pb-acid:
    cost: 177.893
    lifetime: 9.66086
    annual_cost: 18.413785108158073
    efficiency: 0.720878
    discharge_ratio: 5
    depth_of_discharge: 0.5
  VRBF:
    cost: 159.291
    lifetime: 17.2284
    annual_cost: 9.245838267047432
    efficiency: 0.765365
    discharge_ratio: 0.5
    depth_of_discharge: 1.0
