cost_values:
  wind_capex: 5000.0
  wind_opex: 100
  wind_lifetime: 20
  solar_capex: 1000.0
  solar_opex: 10
  solar_lifetime: 20
  carbon_price: 1.0
timeseries_values:
  load_level: 238327.7131929391
  wind_year: 2014
  solar_year: 2016
  price_year: 2023
  carbon_year: 2023
storage_values:
  CAES:
    cost: 29.5459
    lifetime: 23.1346
    annual_cost: 1.2771303588564316
    efficiency: 0.604881
    discharge_ratio: 0.1
    depth_of_discharge: 0.4
  Li-ion:
    cost: 207.395
    lifetime: 24.58
    annual_cost: 8.437550854353134
    efficiency: 0.863653
    discharge_ratio: 2
    depth_of_discharge: 0.9
  Pb-acid:
    cost: 159.232
    lifetime: 11.4642
    annual_cost: 13.889499485354408
    efficiency: 0.7326
    discharge_ratio: 5
    depth_of_discharge: 0.5
  VRBF:
    cost: 266.991
    lifetime: 19.6095
    annual_cost: 13.61539049950279
    efficiency: 0.749498
    discharge_ratio: 0.5
    depth_of_discharge: 1.0
