cost_values:
  wind_capex: 5000.0
  wind_opex: 100
  wind_lifetime: 20
  solar_capex: 1000.0
  solar_opex: 10
  solar_lifetime: 20
  carbon_price: 1.0
timeseries_values:
  load_level: 238327.7131929391
  wind_year: 2014
  solar_year: 2016
  price_year: 2023
  carbon_year: 2023
storage_values:
  CAES:
    cost: 32.856
    lifetime: 22.8549
    annual_cost: 1.437591063623118
    efficiency: 0.60718
    discharge_ratio: 0.1
    depth_of_discharge: 0.4
  Li-ion:
    cost: 206.061
    lifetime: 23.4238
    annual_cost: 8.797078185435327
    efficiency: 0.871729
    discharge_ratio: 2
    depth_of_discharge: 0.9
  Pb-acid:
    cost: 151.196
    lifetime: 12.6526
    annual_cost: 11.94979687969271
    efficiency: 0.734257
    discharge_ratio: 5
    depth_of_discharge: 0.5
  VRBF:
    cost: 296.012
    lifetime: 20.5412
    annual_cost: 14.41064786867369
    efficiency: 0.749169
    discharge_ratio: 0.5
    depth_of_discharge: 1.0
