cost_values:
  wind_capex: 5000.0
  wind_opex: 100
  wind_lifetime: 20
  solar_capex: 1000.0
  solar_opex: 10
  solar_lifetime: 20
  carbon_price: 1.0
timeseries_values:
  load_level: 238327.7131929391
  wind_year: 2014
  solar_year: 2016
  price_year: 2023
  carbon_year: 2023
storage_values:
  CAES:
    cost: 27.749
    lifetime: 22.6583
    annual_cost: 1.2246726365173026
    efficiency: 0.598673
    discharge_ratio: 0.1
    depth_of_discharge: 0.4
  Li-ion:
    cost: 207.379
    lifetime: 23.6403
    annual_cost: 8.772266003392511
    efficiency: 0.867579
    discharge_ratio: 2
    depth_of_discharge: 0.9
  Pb-acid:
    cost: 158.468
    lifetime: 11.4137
    annual_cost: 13.88401657657026
    efficiency: 0.731642
    discharge_ratio: 5
    depth_of_discharge: 0.5
  VRBF:
    cost: 257.157
    lifetime: 20.5228
    annual_cost: 12.530307755277057
    efficiency: 0.749166
    discharge_ratio: 0.5
    depth_of_discharge: 1.0
