cost_values:
  wind_capex: 5000.0
  wind_opex: 100
  wind_lifetime: 20
  solar_capex: 1000.0
  solar_opex: 10
  solar_lifetime: 20
  carbon_price: 1.0
timeseries_values:
  load_level: 238327.7131929391
  wind_year: 2014
  solar_year: 2016
  price_year: 2023
  carbon_year: 2023
storage_values:
  CAES:
    cost: 30.8415
    lifetime: 23.2804
    annual_cost: 1.324783938420302
    efficiency: 0.607345
    discharge_ratio: 0.1
    depth_of_discharge: 0.4
  Li-ion:
    cost: 206.713
    lifetime: 24.2959
    annual_cost: 8.508143349289385
    efficiency: 0.881384
    discharge_ratio: 2
    depth_of_discharge: 0.9
  Pb-acid:
    cost: 178.286
    lifetime: 11.0759
    annual_cost: 16.096750602659828
    efficiency: 0.720141
    discharge_ratio: 5
    depth_of_discharge: 0.5
  VRBF:
    cost: 284.099
    lifetime: 22.5687
    annual_cost: 12.588186293406354
    efficiency: 0.771573
    discharge_ratio: 0.5
    depth_of_discharge: 1.0
