cost_values:
  wind_capex: 5000.0
  wind_opex: 100
  wind_lifetime: 20
  solar_capex: 1000.0
  solar_opex: 10
  solar_lifetime: 20
  carbon_price: 1.0
timeseries_values:
  load_level: 238327.7131929391
  wind_year: 2014
  solar_year: 2016
  price_year: 2023
  carbon_year: 2023
storage_values:
  CAES:
    cost: 27.7855
    lifetime: 22.6075
    annual_cost: 1.229039035718235
    efficiency: 0.598299
    discharge_ratio: 0.1
    depth_of_discharge: 0.4
  Li-ion:
    cost: 210.154
    lifetime: 26.783
    annual_cost: 7.846544449837583
    efficiency: 0.877389
    discharge_ratio: 2
    depth_of_discharge: 0.9
  Pb-acid:
    cost: 153.767
    lifetime: 11.603
    annual_cost: 13.252348530552442
    efficiency: 0.72289
    discharge_ratio: 5
    depth_of_discharge: 0.5
  VRBF:
    cost: 277.052
    lifetime: 19.8652
    annual_cost: 13.946600084570003
    efficiency: 0.726573
    discharge_ratio: 0.5
    depth_of_discharge: 1.0
