cost_values:
  wind_capex: 5000.0
  wind_opex: 100
  wind_lifetime: 20
  solar_capex: 1000.0
  solar_opex: 10
  solar_lifetime: 20
  carbon_price: 1.0
timeseries_values:
  load_level: 238327.7131929391
  wind_year: 2014
  solar_year: 2016
  price_year: 2023
  carbon_year: 2023
storage_values:
  CAES:
    cost: 30.3114
    lifetime: 22.3026
    annual_cost: 1.3590971456242769
    efficiency: 0.597875
    discharge_ratio: 0.1
    depth_of_discharge: 0.4
  Li-ion:
    cost: 213.423
    lifetime: 25.254
    annual_cost: 8.451057258256117
    efficiency: 0.858256
    discharge_ratio: 2
    depth_of_discharge: 0.9
  Pb-acid:
    cost: 175.973
    lifetime: 11.5612
    annual_cost: 15.220997820295473
    efficiency: 0.732708
    discharge_ratio: 5
    depth_of_discharge: 0.5
  VRBF:
    cost: 285.909
    lifetime: 21.9303
    annual_cost: 13.03716775420309
    efficiency: 0.756799
    discharge_ratio: 0.5
    depth_of_discharge: 1.0
