cost_values:
  wind_capex: 5000.0
  wind_opex: 100
  wind_lifetime: 20
  solar_capex: 1000.0
  solar_opex: 10
  solar_lifetime: 20
  carbon_price: 1.0
timeseries_values:
  load_level: 238327.7131929391
  wind_year: 2014
  solar_year: 2016
  price_year: 2023
  carbon_year: 2023
storage_values:
  CAES:
    cost: 31.731
    lifetime: 23.0954
    annual_cost: 1.373909956095153
    efficiency: 0.600179
    discharge_ratio: 0.1
    depth_of_discharge: 0.4
  Li-ion:
    cost: 215.901
    lifetime: 25.8768
    annual_cost: 8.343419588202561
    efficiency: 0.887868
    discharge_ratio: 2
    depth_of_discharge: 0.9
  Pb-acid:
    cost: 168.049
    lifetime: 13.2657
    annual_cost: 12.667933090602078
    efficiency: 0.726783
    discharge_ratio: 5
    depth_of_discharge: 0.5
  VRBF:
    cost: 271.628
    lifetime: 19.9712
    annual_cost: 13.600985419003365
    efficiency: 0.750032
    discharge_ratio: 0.5
    depth_of_discharge: 1.0
