cost_values:
  wind_capex: 5000.0
  wind_opex: 100
  wind_lifetime: 20
  solar_capex: 1000.0
  solar_opex: 10
  solar_lifetime: 20
  carbon_price: 1.0
timeseries_values:
  load_level: 238327.7131929391
  wind_year: 2014
  solar_year: 2016
  price_year: 2023
  carbon_year: 2023
storage_values:
  CAES:
    cost: 26.6257
    lifetime: 22.6321
    annual_cost: 1.1764573327265255
    efficiency: 0.614965
    discharge_ratio: 0.1
    depth_of_discharge: 0.4
  Li-ion:
    cost: 205.285
    lifetime: 21.5861
    annual_cost: 9.510055081742419
    efficiency: 0.871761
    discharge_ratio: 2
    depth_of_discharge: 0.9
  Pb-acid:
    cost: 149.55
    lifetime: 9.90571
    annual_cost: 15.097352940879556
    efficiency: 0.737713
    discharge_ratio: 5
    depth_of_discharge: 0.5
  VRBF:
    cost: 243.573
    lifetime: 21.945
    annual_cost: 11.099248120300752
    efficiency: 0.747809
    discharge_ratio: 0.5
    depth_of_discharge: 1.0
