cost_values:
  wind_capex: 5000.0
  wind_opex: 100
  wind_lifetime: 20
  solar_capex: 1000.0
  solar_opex: 10
  solar_lifetime: 20
  carbon_price: 1.0
timeseries_values:
  load_level: 238327.7131929391
  wind_year: 2014
  solar_year: 2016
  price_year: 2023
  carbon_year: 2023
storage_values:
  CAES:
    cost: 29.8419
    lifetime: 22.7918
    annual_cost: 1.3093261611632254
    efficiency: 0.613055
    discharge_ratio: 0.1
    depth_of_discharge: 0.4
  Li-ion:
    cost: 210.013
    lifetime: 25.9785
    annual_cost: 8.084108012394864
    efficiency: 0.87736
    discharge_ratio: 2
    depth_of_discharge: 0.9
  Pb-acid:
    cost: 164.406
    lifetime: 10.9232
    annual_cost: 15.05108393144866
    efficiency: 0.729994
    discharge_ratio: 5
    depth_of_discharge: 0.5
  VRBF:
    cost: 246.675
    lifetime: 22.0691
    annual_cost: 11.177392825262473
    efficiency: 0.737665
    discharge_ratio: 0.5
    depth_of_discharge: 1.0
