cost_values:
  wind_capex: 5000.0
  wind_opex: 100
  wind_lifetime: 20
  solar_capex: 1000.0
  solar_opex: 10
  solar_lifetime: 20
  carbon_price: 1.0
timeseries_values:
  load_level: 238327.7131929391
  wind_year: 2014
  solar_year: 2016
  price_year: 2023
  carbon_year: 2023
storage_values:
  CAES:
    cost: 29.8131
    lifetime: 21.8924
    annual_cost: 1.3618013557216204
    efficiency: 0.594013
    discharge_ratio: 0.1
    depth_of_discharge: 0.4
  Li-ion:
    cost: 196.908
    lifetime: 25.8416
    annual_cost: 7.619806823106928
    efficiency: 0.86025
    discharge_ratio: 2
    depth_of_discharge: 0.9
  Pb-acid:
    cost: 169.942
    lifetime: 13.4985
    annual_cost: 12.58969515131311
    efficiency: 0.728483
    discharge_ratio: 5
    depth_of_discharge: 0.5
  VRBF:
    cost: 273.694
    lifetime: 23.0584
    annual_cost: 11.869600666134685
    efficiency: 0.739258
    discharge_ratio: 0.5
    depth_of_discharge: 1.0
