cost_values:
  wind_capex: 5000.0
  wind_opex: 100
  wind_lifetime: 20
  solar_capex: 1000.0
  solar_opex: 10
  solar_lifetime: 20
  carbon_price: 1.0
timeseries_values:
  load_level: 238327.7131929391
  wind_year: 2014
  solar_year: 2016
  price_year: 2023
  carbon_year: 2023
storage_values:
  CAES:
    cost: 27.5356
    lifetime: 22.5796
    annual_cost: 1.2194901592587999
    efficiency: 0.59152
    discharge_ratio: 0.1
    depth_of_discharge: 0.4
  Li-ion:
    cost: 203.612
    lifetime: 23.6359
    annual_cost: 8.614522823332305
    efficiency: 0.883137
    discharge_ratio: 2
    depth_of_discharge: 0.9
  Pb-acid:
    cost: 152.644
    lifetime: 11.7121
    annual_cost: 13.03301713612418
    efficiency: 0.733895
    discharge_ratio: 5
    depth_of_discharge: 0.5
  VRBF:
    cost: 267.318
    lifetime: 19.7653
    annual_cost: 13.524611313767055
    efficiency: 0.744822
    discharge_ratio: 0.5
    depth_of_discharge: 1.0
