cost_values:
  wind_capex: 5000.0
  wind_opex: 100
  wind_lifetime: 20
  solar_capex: 1000.0
  solar_opex: 10
  solar_lifetime: 20
  carbon_price: 1.0
timeseries_values:
  load_level: 238327.7131929391
  wind_year: 2014
  solar_year: 2016
  price_year: 2023
  carbon_year: 2023
storage_values:
  CAES:
    cost: 23.3332
    lifetime: 23.3973
    annual_cost: 0.9972603676492586
    efficiency: 0.595272
    discharge_ratio: 0.1
    depth_of_discharge: 0.4
  Li-ion:
    cost: 196.731
    lifetime: 24.4438
    annual_cost: 8.048298546052578
    efficiency: 0.86537
    discharge_ratio: 2
    depth_of_discharge: 0.9
  Pb-acid:
    cost: 162.283
    lifetime: 13.8197
    annual_cost: 11.742874302625962
    efficiency: 0.733818
    discharge_ratio: 5
    depth_of_discharge: 0.5
  VRBF:
    cost: 259.382
    lifetime: 19.3515
    annual_cost: 13.40371547425264
    efficiency: 0.744194
    discharge_ratio: 0.5
    depth_of_discharge: 1.0
