cost_values:
  wind_capex: 5000.0
  wind_opex: 100
  wind_lifetime: 20
  solar_capex: 1000.0
  solar_opex: 10
  solar_lifetime: 20
  carbon_price: 1.0
timeseries_values:
  load_level: 238327.7131929391
  wind_year: 2014
  solar_year: 2016
  price_year: 2023
  carbon_year: 2023
storage_values:
  CAES:
    cost: 38.0485
    lifetime: 22.7962
    annual_cost: 1.6690720383221764
    efficiency: 0.606729
    discharge_ratio: 0.1
    depth_of_discharge: 0.4
  Li-ion:
    cost: 206.103
    lifetime: 23.7282
    annual_cost: 8.685993880698915
    efficiency: 0.875777
    discharge_ratio: 2
    depth_of_discharge: 0.9
  Pb-acid:
    cost: 173.803
    lifetime: 13.3542
    annual_cost: 13.014856749187521
    efficiency: 0.732149
    discharge_ratio: 5
    depth_of_discharge: 0.5
  VRBF:
    cost: 290.154
    lifetime: 20.2603
    annual_cost: 14.321308174113907
    efficiency: 0.740715
    discharge_ratio: 0.5
    depth_of_discharge: 1.0
