cost_values:
  wind_capex: 5000.0
  wind_opex: 100
  wind_lifetime: 20
  solar_capex: 1000.0
  solar_opex: 10
  solar_lifetime: 20
  carbon_price: 1.0
timeseries_values:
  load_level: 238327.7131929391
  wind_year: 2014
  solar_year: 2016
  price_year: 2023
  carbon_year: 2023
storage_values:
  CAES:
    cost: 25.8272
    lifetime: 23.2458
    annual_cost: 1.1110480172762391
    efficiency: 0.603459
    discharge_ratio: 0.1
    depth_of_discharge: 0.4
  Li-ion:
    cost: 204.307
    lifetime: 23.8802
    annual_cost: 8.555497860151926
    efficiency: 0.872245
    discharge_ratio: 2
    depth_of_discharge: 0.9
  Pb-acid:
    cost: 169.006
    lifetime: 13.1019
    annual_cost: 12.899350475885177
    efficiency: 0.739257
    discharge_ratio: 5
    depth_of_discharge: 0.5
  VRBF:
    cost: 224.275
    lifetime: 21.9549
    annual_cost: 10.215259463718807
    efficiency: 0.750894
    discharge_ratio: 0.5
    depth_of_discharge: 1.0
