cost_values:
  wind_capex: 5000.0
  wind_opex: 100
  wind_lifetime: 20
  solar_capex: 1000.0
  solar_opex: 10
  solar_lifetime: 20
  carbon_price: 1.0
timeseries_values:
  load_level: 238327.7131929391
  wind_year: 2014
  solar_year: 2016
  price_year: 2023
  carbon_year: 2023
storage_values:
  CAES:
    cost: 27.855
    lifetime: 22.6902
    annual_cost: 1.2276224978184413
    efficiency: 0.603754
    discharge_ratio: 0.1
    depth_of_discharge: 0.4
  Li-ion:
    cost: 218.986
    lifetime: 23.3479
    annual_cost: 9.37925894834225
    efficiency: 0.877417
    discharge_ratio: 2
    depth_of_discharge: 0.9
  Pb-acid:
    cost: 179.132
    lifetime: 12.0907
    annual_cost: 14.815684782518796
    efficiency: 0.740036
    discharge_ratio: 5
    depth_of_discharge: 0.5
  VRBF:
    cost: 268.394
    lifetime: 22.1143
    annual_cost: 12.13667174633608
    efficiency: 0.741012
    discharge_ratio: 0.5
    depth_of_discharge: 1.0
