cost_values:
  wind_capex: 5000.0
  wind_opex: 100
  wind_lifetime: 20
  solar_capex: 1000.0
  solar_opex: 10
  solar_lifetime: 20
  carbon_price: 1.0
timeseries_values:
  load_level: 238327.7131929391
  wind_year: 2014
  solar_year: 2016
  price_year: 2023
  carbon_year: 2023
storage_values:
  CAES:
    cost: 34.9366
    lifetime: 23.6583
    annual_cost: 1.4767164166487026
    efficiency: 0.598819
    discharge_ratio: 0.1
    depth_of_discharge: 0.4
  Li-ion:
    cost: 196.37
    lifetime: 25.398
    annual_cost: 7.731711158358926
    efficiency: 0.865068
    discharge_ratio: 2
    depth_of_discharge: 0.9
  Pb-acid:
    cost: 173.428
    lifetime: 11.5441
    annual_cost: 15.023085385608232
    efficiency: 0.714898
    discharge_ratio: 5
    depth_of_discharge: 0.5
  VRBF:
    cost: 260.496
    lifetime: 19.5607
    annual_cost: 13.317314820021776
    efficiency: 0.737909
    discharge_ratio: 0.5
    depth_of_discharge: 1.0
