cost_values:
  wind_capex: 5000.0
  wind_opex: 100
  wind_lifetime: 20
  solar_capex: 1000.0
  solar_opex: 10
  solar_lifetime: 20
  carbon_price: 1.0
timeseries_values:
  load_level: 238327.7131929391
  wind_year: 2014
  solar_year: 2016
  price_year: 2023
  carbon_year: 2023
storage_values:
  CAES:
    cost: 21.7876
    lifetime: 23.2999
    annual_cost: 0.9350941420349443
    efficiency: 0.604161
    discharge_ratio: 0.1
    depth_of_discharge: 0.4
  Li-ion:
    cost: 217.119
    lifetime: 23.1791
    annual_cost: 9.367015975598708
    efficiency: 0.868534
    discharge_ratio: 2
    depth_of_discharge: 0.9
  Pb-acid:
    cost: 128.012
    lifetime: 11.1927
    annual_cost: 11.437097393837055
    efficiency: 0.733432
    discharge_ratio: 5
    depth_of_discharge: 0.5
  VRBF:
    cost: 251.141
    lifetime: 21.0601
    annual_cost: 11.92496711791492
    efficiency: 0.746785
    discharge_ratio: 0.5
    depth_of_discharge: 1.0
