cost_values:
  wind_capex: 5000.0
  wind_opex: 100
  wind_lifetime: 20
  solar_capex: 1000.0
  solar_opex: 10
  solar_lifetime: 20
  carbon_price: 1.0
timeseries_values:
  load_level: 238327.7131929391
  wind_year: 2014
  solar_year: 2016
  price_year: 2023
  carbon_year: 2023
storage_values:
  CAES:
    cost: 27.4242
    lifetime: 22.9641
    annual_cost: 1.1942205442407934
    efficiency: 0.610297
    discharge_ratio: 0.1
    depth_of_discharge: 0.4
  Li-ion:
    cost: 211.768
    lifetime: 22.6435
    annual_cost: 9.352264446750723
    efficiency: 0.885153
    discharge_ratio: 2
    depth_of_discharge: 0.9
  Pb-acid:
    cost: 174.652
    lifetime: 12.4453
    annual_cost: 14.033570906285906
    efficiency: 0.726387
    discharge_ratio: 5
    depth_of_discharge: 0.5
  VRBF:
    cost: 265.779
    lifetime: 22.8115
    annual_cost: 11.65109703439055
    efficiency: 0.734456
    discharge_ratio: 0.5
    depth_of_discharge: 1.0
