cost_values:
  wind_capex: 5000.0
  wind_opex: 100
  wind_lifetime: 20
  solar_capex: 1000.0
  solar_opex: 10
  solar_lifetime: 20
  carbon_price: 1.0
timeseries_values:
  load_level: 238327.7131929391
  wind_year: 2014
  solar_year: 2016
  price_year: 2023
  carbon_year: 2023
storage_values:
  CAES:
    cost: 25.5944
    lifetime: 24.175
    annual_cost: 1.0587135470527405
    efficiency: 0.596262
    discharge_ratio: 0.1
    depth_of_discharge: 0.4
  Li-ion:
    cost: 187.134
    lifetime: 24.511
    annual_cost: 7.634694626902207
    efficiency: 0.86576
    discharge_ratio: 2
    depth_of_discharge: 0.9
  Pb-acid:
    cost: 152.677
    lifetime: 11.7537
    annual_cost: 12.989696861413853
    efficiency: 0.726204
    discharge_ratio: 5
    depth_of_discharge: 0.5
  VRBF:
    cost: 254.917
    lifetime: 20.663
    annual_cost: 12.336882350094372
    efficiency: 0.750484
    discharge_ratio: 0.5
    depth_of_discharge: 1.0
