cost_values:
  wind_capex: 5000.0
  wind_opex: 100
  wind_lifetime: 20
  solar_capex: 1000.0
  solar_opex: 10
  solar_lifetime: 20
  carbon_price: 1.0
timeseries_values:
  load_level: 238327.7131929391
  wind_year: 2014
  solar_year: 2016
  price_year: 2023
  carbon_year: 2023
storage_values:
  CAES:
    cost: 31.7927
    lifetime: 22.1462
    annual_cost: 1.435582628170973
    efficiency: 0.607959
    discharge_ratio: 0.1
    depth_of_discharge: 0.4
  Li-ion:
    cost: 217.705
    lifetime: 25.0375
    annual_cost: 8.695157264103845
    efficiency: 0.864281
    discharge_ratio: 2
    depth_of_discharge: 0.9
  Pb-acid:
    cost: 165.646
    lifetime: 14.1184
    annual_cost: 11.732632592928377
    efficiency: 0.738473
    discharge_ratio: 5
    depth_of_discharge: 0.5
  VRBF:
    cost: 303.04
    lifetime: 21.2089
    annual_cost: 14.288341215244545
    efficiency: 0.7519
    discharge_ratio: 0.5
    depth_of_discharge: 1.0
