cost_values:
  wind_capex: 5000.0
  wind_opex: 100
  wind_lifetime: 20
  solar_capex: 1000.0
  solar_opex: 10
  solar_lifetime: 20
  carbon_price: 1.0
timeseries_values:
  load_level: 238327.7131929391
  wind_year: 2014
  solar_year: 2016
  price_year: 2023
  carbon_year: 2023
storage_values:
  CAES:
    cost: 26.8688
    lifetime: 23.0121
    annual_cost: 1.1675944394470734
    efficiency: 0.601203
    discharge_ratio: 0.1
    depth_of_discharge: 0.4
  Li-ion:
    cost: 184.711
    lifetime: 23.0765
    annual_cost: 8.004290078651442
    efficiency: 0.871261
    discharge_ratio: 2
    depth_of_discharge: 0.9
  Pb-acid:
    cost: 146.892
    lifetime: 14.1238
    annual_cost: 10.40031719508914
    efficiency: 0.724208
    discharge_ratio: 5
    depth_of_discharge: 0.5
  VRBF:
    cost: 287.92
    lifetime: 18.4313
    annual_cost: 15.621252977272357
    efficiency: 0.749668
    discharge_ratio: 0.5
    depth_of_discharge: 1.0
