cost_values:
  wind_capex: 5000.0
  wind_opex: 100
  wind_lifetime: 20
  solar_capex: 1000.0
  solar_opex: 10
  solar_lifetime: 20
  carbon_price: 1.0
timeseries_values:
  load_level: 238327.7131929391
  wind_year: 2014
  solar_year: 2016
  price_year: 2023
  carbon_year: 2023
storage_values:
  CAES:
    cost: 25.1103
    lifetime: 22.6557
    annual_cost: 1.1083435956514254
    efficiency: 0.599381
    discharge_ratio: 0.1
    depth_of_discharge: 0.4
  Li-ion:
    cost: 218.63
    lifetime: 25.5734
    annual_cost: 8.549117442342434
    efficiency: 0.871925
    discharge_ratio: 2
    depth_of_discharge: 0.9
  Pb-acid:
    cost: 158.064
    lifetime: 12.8194
    annual_cost: 12.330062249403248
    efficiency: 0.723622
    discharge_ratio: 5
    depth_of_discharge: 0.5
  VRBF:
    cost: 290.263
    lifetime: 18.4286
    annual_cost: 15.750681006696112
    efficiency: 0.780353
    discharge_ratio: 0.5
    depth_of_discharge: 1.0
