cost_values:
  wind_capex: 5000.0
  wind_opex: 100
  wind_lifetime: 20
  solar_capex: 1000.0
  solar_opex: 10
  solar_lifetime: 20
  carbon_price: 1.0
timeseries_values:
  load_level: 238327.7131929391
  wind_year: 2014
  solar_year: 2016
  price_year: 2023
  carbon_year: 2023
storage_values:
  CAES:
    cost: 28.917
    lifetime: 22.288
    annual_cost: 1.297424623115578
    efficiency: 0.595498
    discharge_ratio: 0.1
    depth_of_discharge: 0.4
  Li-ion:
    cost: 189.967
    lifetime: 23.9407
    annual_cost: 7.934897475846571
    efficiency: 0.885502
    discharge_ratio: 2
    depth_of_discharge: 0.9
  Pb-acid:
    cost: 172.577
    lifetime: 11.5388
    annual_cost: 14.956234617117898
    efficiency: 0.717899
    discharge_ratio: 5
    depth_of_discharge: 0.5
  VRBF:
    cost: 274.133
    lifetime: 20.0055
    annual_cost: 13.702881707530427
    efficiency: 0.740175
    discharge_ratio: 0.5
    depth_of_discharge: 1.0
