cost_values:
  wind_capex: 5000.0
  wind_opex: 100
  wind_lifetime: 20
  solar_capex: 1000.0
  solar_opex: 10
  solar_lifetime: 20
  carbon_price: 1.0
timeseries_values:
  load_level: 238327.7131929391
  wind_year: 2014
  solar_year: 2016
  price_year: 2023
  carbon_year: 2023
storage_values:
  CAES:
    cost: 34.6337
    lifetime: 22.8479
    annual_cost: 1.51583734172506
    efficiency: 0.606901
    discharge_ratio: 0.1
    depth_of_discharge: 0.4
  Li-ion:
    cost: 208.671
    lifetime: 24.1915
    annual_cost: 8.625798317590888
    efficiency: 0.874633
    discharge_ratio: 2
    depth_of_discharge: 0.9
  Pb-acid:
    cost: 157.159
    lifetime: 12.6112
    annual_cost: 12.461859299670135
    efficiency: 0.717456
    discharge_ratio: 5
    depth_of_discharge: 0.5
  VRBF:
    cost: 298.573
    lifetime: 21.4333
    annual_cost: 13.930332706582748
    efficiency: 0.756053
    discharge_ratio: 0.5
    depth_of_discharge: 1.0
