cost_values:
  wind_capex: 5000.0
  wind_opex: 100
  wind_lifetime: 20
  solar_capex: 1000.0
  solar_opex: 10
  solar_lifetime: 20
  carbon_price: 1.0
timeseries_values:
  load_level: 238327.7131929391
  wind_year: 2014
  solar_year: 2016
  price_year: 2023
  carbon_year: 2023
storage_values:
  CAES:
    cost: 28.9459
    lifetime: 23.2218
    annual_cost: 1.2464968262580851
    efficiency: 0.610573
    discharge_ratio: 0.1
    depth_of_discharge: 0.4
  Li-ion:
    cost: 221.164
    lifetime: 24.3634
    annual_cost: 9.07771493305532
    efficiency: 0.88093
    discharge_ratio: 2
    depth_of_discharge: 0.9
  Pb-acid:
    cost: 154.473
    lifetime: 12.8449
    annual_cost: 12.026018108354288
    efficiency: 0.720882
    discharge_ratio: 5
    depth_of_discharge: 0.5
  VRBF:
    cost: 276.29
    lifetime: 21.2357
    annual_cost: 13.010637746813149
    efficiency: 0.786296
    discharge_ratio: 0.5
    depth_of_discharge: 1.0
