cost_values:
  wind_capex: 5000.0
  wind_opex: 100
  wind_lifetime: 20
  solar_capex: 1000.0
  solar_opex: 10
  solar_lifetime: 20
  carbon_price: 1.0
timeseries_values:
  load_level: 238327.7131929391
  wind_year: 2014
  solar_year: 2016
  price_year: 2023
  carbon_year: 2023
storage_values:
  CAES:
    cost: 31.5075
    lifetime: 23.1515
    annual_cost: 1.3609269377794095
    efficiency: 0.598155
    discharge_ratio: 0.1
    depth_of_discharge: 0.4
  Li-ion:
    cost: 219.739
    lifetime: 22.8374
    annual_cost: 9.621892159352642
    efficiency: 0.878036
    discharge_ratio: 2
    depth_of_discharge: 0.9
  Pb-acid:
    cost: 159.607
    lifetime: 11.6135
    annual_cost: 13.743229861798769
    efficiency: 0.734514
    discharge_ratio: 5
    depth_of_discharge: 0.5
  VRBF:
    cost: 270.281
    lifetime: 21.4242
    annual_cost: 12.615686933467762
    efficiency: 0.753306
    discharge_ratio: 0.5
    depth_of_discharge: 1.0
