cost_values:
  wind_capex: 5000.0
  wind_opex: 100
  wind_lifetime: 20
  solar_capex: 1000.0
  solar_opex: 10
  solar_lifetime: 20
  carbon_price: 1.0
timeseries_values:
  load_level: 238327.7131929391
  wind_year: 2014
  solar_year: 2016
  price_year: 2023
  carbon_year: 2023
storage_values:
  CAES:
    cost: 29.3554
    lifetime: 23.0155
    annual_cost: 1.2754621885251243
    efficiency: 0.597925
    discharge_ratio: 0.1
    depth_of_discharge: 0.4
  Li-ion:
    cost: 235.655
    lifetime: 23.3223
    annual_cost: 10.104277879968958
    efficiency: 0.884664
    discharge_ratio: 2
    depth_of_discharge: 0.9
  Pb-acid:
    cost: 163.636
    lifetime: 12.6694
    annual_cost: 12.915844475665777
    efficiency: 0.727042
    discharge_ratio: 5
    depth_of_discharge: 0.5
  VRBF:
    cost: 266.883
    lifetime: 21.9053
    annual_cost: 12.183489840358268
    efficiency: 0.741224
    discharge_ratio: 0.5
    depth_of_discharge: 1.0
