cost_values:
  wind_capex: 5000.0
  wind_opex: 100
  wind_lifetime: 20
  solar_capex: 1000.0
  solar_opex: 10
  solar_lifetime: 20
  carbon_price: 1.0
timeseries_values:
  load_level: 238327.7131929391
  wind_year: 2014
  solar_year: 2016
  price_year: 2023
  carbon_year: 2023
storage_values:
  CAES:
    cost: 33.3115
    lifetime: 21.2905
    annual_cost: 1.564618022122543
    efficiency: 0.591948
    discharge_ratio: 0.1
    depth_of_discharge: 0.4
  Li-ion:
    cost: 195.182
    lifetime: 25.8761
    annual_cost: 7.542945034220766
    efficiency: 0.875398
    discharge_ratio: 2
    depth_of_discharge: 0.9
  Pb-acid:
    cost: 147.909
    lifetime: 12.9436
    annual_cost: 11.427191816805216
    efficiency: 0.747265
    discharge_ratio: 5
    depth_of_discharge: 0.5
  VRBF:
    cost: 274.219
    lifetime: 21.0891
    annual_cost: 13.002878264126966
    efficiency: 0.73928
    discharge_ratio: 0.5
    depth_of_discharge: 1.0
