cost_values:
  wind_capex: 5000.0
  wind_opex: 100
  wind_lifetime: 20
  solar_capex: 1000.0
  solar_opex: 10
  solar_lifetime: 20
  carbon_price: 1.0
timeseries_values:
  load_level: 238327.7131929391
  wind_year: 2014
  solar_year: 2016
  price_year: 2023
  carbon_year: 2023
storage_values:
  CAES:
    cost: 29.2327
    lifetime: 21.963
    annual_cost: 1.3309975868506123
    efficiency: 0.610033
    discharge_ratio: 0.1
    depth_of_discharge: 0.4
  Li-ion:
    cost: 225.458
    lifetime: 23.4098
    annual_cost: 9.63092380114311
    efficiency: 0.857365
    discharge_ratio: 2
    depth_of_discharge: 0.9
  Pb-acid:
    cost: 168.537
    lifetime: 9.52033
    annual_cost: 17.702852737247554
    efficiency: 0.719939
    discharge_ratio: 5
    depth_of_discharge: 0.5
  VRBF:
    cost: 293.528
    lifetime: 20.5175
    annual_cost: 14.306226392104303
    efficiency: 0.753722
    discharge_ratio: 0.5
    depth_of_discharge: 1.0
