cost_values:
  wind_capex: 5000.0
  wind_opex: 100
  wind_lifetime: 20
  solar_capex: 1000.0
  solar_opex: 10
  solar_lifetime: 20
  carbon_price: 1.0
timeseries_values:
  load_level: 238327.7131929391
  wind_year: 2014
  solar_year: 2016
  price_year: 2023
  carbon_year: 2023
storage_values:
  CAES:
    cost: 29.9813
    lifetime: 23.6316
    annual_cost: 1.2686953062848052
    efficiency: 0.60012
    discharge_ratio: 0.1
    depth_of_discharge: 0.4
  Li-ion:
    cost: 201.069
    lifetime: 25.0833
    annual_cost: 8.016050519668465
    efficiency: 0.893562
    discharge_ratio: 2
    depth_of_discharge: 0.9
  Pb-acid:
    cost: 150.526
    lifetime: 12.6984
    annual_cost: 11.853934353934354
    efficiency: 0.724863
    discharge_ratio: 5
    depth_of_discharge: 0.5
  VRBF:
    cost: 271.96
    lifetime: 19.3159
    annual_cost: 14.07959246009764
    efficiency: 0.732638
    discharge_ratio: 0.5
    depth_of_discharge: 1.0
