cost_values:
  wind_capex: 5000.0
  wind_opex: 100
  wind_lifetime: 20
  solar_capex: 1000.0
  solar_opex: 10
  solar_lifetime: 20
  carbon_price: 1.0
timeseries_values:
  load_level: 238327.7131929391
  wind_year: 2014
  solar_year: 2016
  price_year: 2023
  carbon_year: 2023
storage_values:
  CAES:
    cost: 25.8998
    lifetime: 25.0382
    annual_cost: 1.0344114193512313
    efficiency: 0.602254
    discharge_ratio: 0.1
    depth_of_discharge: 0.4
  Li-ion:
    cost: 197.067
    lifetime: 23.8377
    annual_cost: 8.267030795756302
    efficiency: 0.865958
    discharge_ratio: 2
    depth_of_discharge: 0.9
  Pb-acid:
    cost: 145.318
    lifetime: 11.5054
    annual_cost: 12.63041702157248
    efficiency: 0.730013
    discharge_ratio: 5
    depth_of_discharge: 0.5
  VRBF:
    cost: 265.013
    lifetime: 21.4964
    annual_cost: 12.328250311680094
    efficiency: 0.759626
    discharge_ratio: 0.5
    depth_of_discharge: 1.0
