cost_values:
  wind_capex: 5000.0
  wind_opex: 100
  wind_lifetime: 20
  solar_capex: 1000.0
  solar_opex: 10
  solar_lifetime: 20
  carbon_price: 1.0
timeseries_values:
  load_level: 238327.7131929391
  wind_year: 2014
  solar_year: 2016
  price_year: 2023
  carbon_year: 2023
storage_values:
  CAES:
    cost: 27.4175
    lifetime: 22.9244
    annual_cost: 1.195996405576591
    efficiency: 0.612508
    discharge_ratio: 0.1
    depth_of_discharge: 0.4
  Li-ion:
    cost: 202.567
    lifetime: 24.3797
    annual_cost: 8.308838911061253
    efficiency: 0.883803
    discharge_ratio: 2
    depth_of_discharge: 0.9
  Pb-acid:
    cost: 173.508
    lifetime: 12.6149
    annual_cost: 13.754211289823939
    efficiency: 0.72228
    discharge_ratio: 5
    depth_of_discharge: 0.5
  VRBF:
    cost: 257.899
    lifetime: 21.5951
    annual_cost: 11.942477691698581
    efficiency: 0.74716
    discharge_ratio: 0.5
    depth_of_discharge: 1.0
