cost_values:
  wind_capex: 5000.0
  wind_opex: 100
  wind_lifetime: 20
  solar_capex: 1000.0
  solar_opex: 10
  solar_lifetime: 20
  carbon_price: 1.0
timeseries_values:
  load_level: 238327.7131929391
  wind_year: 2014
  solar_year: 2016
  price_year: 2023
  carbon_year: 2023
storage_values:
  CAES:
    cost: 35.3545
    lifetime: 23.5434
    annual_cost: 1.5016735051012176
    efficiency: 0.606549
    discharge_ratio: 0.1
    depth_of_discharge: 0.4
  Li-ion:
    cost: 224.113
    lifetime: 25.4656
    annual_cost: 8.800617303342548
    efficiency: 0.867422
    discharge_ratio: 2
    depth_of_discharge: 0.9
  Pb-acid:
    cost: 156.795
    lifetime: 11.5398
    annual_cost: 13.58732387043103
    efficiency: 0.733161
    discharge_ratio: 5
    depth_of_discharge: 0.5
  VRBF:
    cost: 239.367
    lifetime: 20.4591
    annual_cost: 11.699781515315923
    efficiency: 0.747196
    discharge_ratio: 0.5
    depth_of_discharge: 1.0
