cost_values:
  wind_capex: 5000.0
  wind_opex: 100
  wind_lifetime: 20
  solar_capex: 1000.0
  solar_opex: 10
  solar_lifetime: 20
  carbon_price: 1.0
timeseries_values:
  load_level: 238327.7131929391
  wind_year: 2014
  solar_year: 2016
  price_year: 2023
  carbon_year: 2023
storage_values:
  CAES:
    cost: 27.3292
    lifetime: 22.2775
    annual_cost: 1.2267624284592078
    efficiency: 0.613454
    discharge_ratio: 0.1
    depth_of_discharge: 0.4
  Li-ion:
    cost: 188.757
    lifetime: 24.8352
    annual_cost: 7.600381716273676
    efficiency: 0.865424
    discharge_ratio: 2
    depth_of_discharge: 0.9
  Pb-acid:
    cost: 160.273
    lifetime: 11.4224
    annual_cost: 14.031464490825046
    efficiency: 0.71961
    discharge_ratio: 5
    depth_of_discharge: 0.5
  VRBF:
    cost: 275.113
    lifetime: 21.0195
    annual_cost: 13.088465472537406
    efficiency: 0.723469
    discharge_ratio: 0.5
    depth_of_discharge: 1.0
