cost_values:
  wind_capex: 5000.0
  wind_opex: 100
  wind_lifetime: 20
  solar_capex: 1000.0
  solar_opex: 10
  solar_lifetime: 20
  carbon_price: 1.0
timeseries_values:
  load_level: 238327.7131929391
  wind_year: 2014
  solar_year: 2016
  price_year: 2023
  carbon_year: 2023
storage_values:
  CAES:
    cost: 31.9942
    lifetime: 22.9176
    annual_cost: 1.3960536879952525
    efficiency: 0.61022
    discharge_ratio: 0.1
    depth_of_discharge: 0.4
  Li-ion:
    cost: 194.762
    lifetime: 25.4372
    annual_cost: 7.6565816992436275
    efficiency: 0.868161
    discharge_ratio: 2
    depth_of_discharge: 0.9
  Pb-acid:
    cost: 160.291
    lifetime: 12.4572
    annual_cost: 12.867337764505667
    efficiency: 0.734953
    discharge_ratio: 5
    depth_of_discharge: 0.5
  VRBF:
    cost: 246.057
    lifetime: 21.8504
    annual_cost: 11.260983780617288
    efficiency: 0.758717
    discharge_ratio: 0.5
    depth_of_discharge: 1.0
