cost_values:
  wind_capex: 5000.0
  wind_opex: 100
  wind_lifetime: 20
  solar_capex: 1000.0
  solar_opex: 10
  solar_lifetime: 20
  carbon_price: 1.0
timeseries_values:
  load_level: 238327.7131929391
  wind_year: 2014
  solar_year: 2016
  price_year: 2023
  carbon_year: 2023
storage_values:
  CAES:
    cost: 28.2792
    lifetime: 23.6337
    annual_cost: 1.1965625357011385
    efficiency: 0.596858
    discharge_ratio: 0.1
    depth_of_discharge: 0.4
  Li-ion:
    cost: 213.914
    lifetime: 24.5046
    annual_cost: 8.729544656921558
    efficiency: 0.868784
    discharge_ratio: 2
    depth_of_discharge: 0.9
  Pb-acid:
    cost: 164.411
    lifetime: 10.5024
    annual_cost: 15.654612279098112
    efficiency: 0.728846
    discharge_ratio: 5
    depth_of_discharge: 0.5
  VRBF:
    cost: 272.311
    lifetime: 22.8069
    annual_cost: 11.939851536157917
    efficiency: 0.744686
    discharge_ratio: 0.5
    depth_of_discharge: 1.0
