cost_values:
  wind_capex: 5000.0
  wind_opex: 100
  wind_lifetime: 20
  solar_capex: 1000.0
  solar_opex: 10
  solar_lifetime: 20
  carbon_price: 1.0
timeseries_values:
  load_level: 238327.7131929391
  wind_year: 2014
  solar_year: 2016
  price_year: 2023
  carbon_year: 2023
storage_values:
  CAES:
    cost: 31.3273
    lifetime: 23.064
    annual_cost: 1.3582769684356573
    efficiency: 0.602549
    discharge_ratio: 0.1
    depth_of_discharge: 0.4
  Li-ion:
    cost: 232.199
    lifetime: 25.1884
    annual_cost: 9.218489463403788
    efficiency: 0.881546
    discharge_ratio: 2
    depth_of_discharge: 0.9
  Pb-acid:
    cost: 148.404
    lifetime: 13.117
    annual_cost: 11.313867500190591
    efficiency: 0.726467
    discharge_ratio: 5
    depth_of_discharge: 0.5
  VRBF:
    cost: 286.377
    lifetime: 21.1054
    annual_cost: 13.568897059520314
    efficiency: 0.742076
    discharge_ratio: 0.5
    depth_of_discharge: 1.0
