cost_values:
  wind_capex: 5000.0
  wind_opex: 100
  wind_lifetime: 20
  solar_capex: 1000.0
  solar_opex: 10
  solar_lifetime: 20
  carbon_price: 1.0
timeseries_values:
  load_level: 238327.7131929391
  wind_year: 2014
  solar_year: 2016
  price_year: 2023
  carbon_year: 2023
storage_values:
  CAES:
    cost: 26.3693
    lifetime: 23.5276
    annual_cost: 1.1207815501793639
    efficiency: 0.606845
    discharge_ratio: 0.1
    depth_of_discharge: 0.4
  Li-ion:
    cost: 209.308
    lifetime: 23.7774
    annual_cost: 8.802812754969004
    efficiency: 0.89003
    discharge_ratio: 2
    depth_of_discharge: 0.9
  Pb-acid:
    cost: 169.322
    lifetime: 12.647
    annual_cost: 13.388313434015972
    efficiency: 0.713524
    discharge_ratio: 5
    depth_of_discharge: 0.5
  VRBF:
    cost: 295.977
    lifetime: 19.5349
    annual_cost: 15.151190945436115
    efficiency: 0.736547
    discharge_ratio: 0.5
    depth_of_discharge: 1.0
