cost_values:
  wind_capex: 5000.0
  wind_opex: 100
  wind_lifetime: 20
  solar_capex: 1000.0
  solar_opex: 10
  solar_lifetime: 20
  carbon_price: 1.0
timeseries_values:
  load_level: 238327.7131929391
  wind_year: 2014
  solar_year: 2016
  price_year: 2023
  carbon_year: 2023
storage_values:
  CAES:
    cost: 31.4304
    lifetime: 22.3146
    annual_cost: 1.4085128122395203
    efficiency: 0.601504
    discharge_ratio: 0.1
    depth_of_discharge: 0.4
  Li-ion:
    cost: 198.437
    lifetime: 23.2491
    annual_cost: 8.5352551281555
    efficiency: 0.87589
    discharge_ratio: 2
    depth_of_discharge: 0.9
  Pb-acid:
    cost: 141.46
    lifetime: 12.5479
    annual_cost: 11.273599566461321
    efficiency: 0.714774
    discharge_ratio: 5
    depth_of_discharge: 0.5
  VRBF:
    cost: 297.669
    lifetime: 22.9966
    annual_cost: 12.944043902142054
    efficiency: 0.765909
    discharge_ratio: 0.5
    depth_of_discharge: 1.0
