cost_values:
  wind_capex: 5000.0
  wind_opex: 100
  wind_lifetime: 20
  solar_capex: 1000.0
  solar_opex: 10
  solar_lifetime: 20
  carbon_price: 1.0
timeseries_values:
  load_level: 238327.7131929391
  wind_year: 2014
  solar_year: 2016
  price_year: 2023
  carbon_year: 2023
storage_values:
  CAES:
    cost: 32.159
    lifetime: 22.5753
    annual_cost: 1.424521490301347
    efficiency: 0.608075
    discharge_ratio: 0.1
    depth_of_discharge: 0.4
  Li-ion:
    cost: 226.329
    lifetime: 22.4636
    annual_cost: 10.075366370483806
    efficiency: 0.868757
    discharge_ratio: 2
    depth_of_discharge: 0.9
  Pb-acid:
    cost: 143.98
    lifetime: 11.8059
    annual_cost: 12.19559711669589
    efficiency: 0.724184
    discharge_ratio: 5
    depth_of_discharge: 0.5
  VRBF:
    cost: 246.142
    lifetime: 20.2863
    annual_cost: 12.133410232521454
    efficiency: 0.727721
    discharge_ratio: 0.5
    depth_of_discharge: 1.0
