cost_values:
  wind_capex: 5000.0
  wind_opex: 100
  wind_lifetime: 20
  solar_capex: 1000.0
  solar_opex: 10
  solar_lifetime: 20
  carbon_price: 1.0
timeseries_values:
  load_level: 238327.7131929391
  wind_year: 2014
  solar_year: 2016
  price_year: 2023
  carbon_year: 2023
storage_values:
  CAES:
    cost: 33.0036
    lifetime: 23.2392
    annual_cost: 1.4201693689972115
    efficiency: 0.603591
    discharge_ratio: 0.1
    depth_of_discharge: 0.4
  Li-ion:
    cost: 223.446
    lifetime: 22.5341
    annual_cost: 9.91590522807656
    efficiency: 0.870575
    discharge_ratio: 2
    depth_of_discharge: 0.9
  Pb-acid:
    cost: 157.625
    lifetime: 11.0819
    annual_cost: 14.223643959970763
    efficiency: 0.72093
    discharge_ratio: 5
    depth_of_discharge: 0.5
  VRBF:
    cost: 275.402
    lifetime: 20.7415
    annual_cost: 13.27782465106188
    efficiency: 0.758408
    discharge_ratio: 0.5
    depth_of_discharge: 1.0
