cost_values:
  wind_capex: 5000.0
  wind_opex: 100
  wind_lifetime: 20
  solar_capex: 1000.0
  solar_opex: 10
  solar_lifetime: 20
  carbon_price: 1.0
timeseries_values:
  load_level: 238327.7131929391
  wind_year: 2014
  solar_year: 2016
  price_year: 2023
  carbon_year: 2023
storage_values:
  CAES:
    cost: 33.5827
    lifetime: 21.8017
    annual_cost: 1.5403707050367632
    efficiency: 0.60272
    discharge_ratio: 0.1
    depth_of_discharge: 0.4
  Li-ion:
    cost: 209.252
    lifetime: 23.0691
    annual_cost: 9.070661620956171
    efficiency: 0.869996
    discharge_ratio: 2
    depth_of_discharge: 0.9
  Pb-acid:
    cost: 173.077
    lifetime: 12.0648
    annual_cost: 14.345617001525097
    efficiency: 0.73205
    discharge_ratio: 5
    depth_of_discharge: 0.5
  VRBF:
    cost: 262.579
    lifetime: 22.007
    annual_cost: 11.931612668696323
    efficiency: 0.727353
    discharge_ratio: 0.5
    depth_of_discharge: 1.0
