cost_values:
  wind_capex: 5000.0
  wind_opex: 100
  wind_lifetime: 20
  solar_capex: 1000.0
  solar_opex: 10
  solar_lifetime: 20
  carbon_price: 1.0
timeseries_values:
  load_level: 238327.7131929391
  wind_year: 2014
  solar_year: 2016
  price_year: 2023
  carbon_year: 2023
storage_values:
  CAES:
    cost: 31.8256
    lifetime: 23.4959
    annual_cost: 1.354517171080912
    efficiency: 0.600713
    discharge_ratio: 0.1
    depth_of_discharge: 0.4
  Li-ion:
    cost: 193.785
    lifetime: 21.7798
    annual_cost: 8.897464623182948
    efficiency: 0.895125
    discharge_ratio: 2
    depth_of_discharge: 0.9
  Pb-acid:
    cost: 152.389
    lifetime: 12.2126
    annual_cost: 12.478014509604835
    efficiency: 0.732687
    discharge_ratio: 5
    depth_of_discharge: 0.5
  VRBF:
    cost: 261.653
    lifetime: 19.0527
    annual_cost: 13.733119190455946
    efficiency: 0.759887
    discharge_ratio: 0.5
    depth_of_discharge: 1.0
