cost_values:
  wind_capex: 5000.0
  wind_opex: 100
  wind_lifetime: 20
  solar_capex: 1000.0
  solar_opex: 10
  solar_lifetime: 20
  carbon_price: 1.0
timeseries_values:
  load_level: 236768.18841863016
  wind_year: 2013
  solar_year: 2010
  price_year: 2023
  carbon_year: 2023
storage_values:
  CAES:
    cost: 57.6675
    lifetime: 25.7031
    annual_cost: 2.243600966420393
    efficiency: 0.625748
    discharge_ratio: 0.1
    depth_of_discharge: 0.4
  Li-ion:
    cost: 182.621
    lifetime: 26.8234
    annual_cost: 6.808271882013466
    efficiency: 0.887008
    discharge_ratio: 2
    depth_of_discharge: 0.9
  Pb-acid:
    cost: 142.521
    lifetime: 8.35964
    annual_cost: 17.04870066175098
    efficiency: 0.723916
    discharge_ratio: 5
    depth_of_discharge: 0.5
  VRBF:
    cost: 182.548
    lifetime: 24.0052
    annual_cost: 7.6045190208788105
    efficiency: 0.800774
    discharge_ratio: 0.5
    depth_of_discharge: 1.0
