cost_values:
  wind_capex: 5000.0
  wind_opex: 100
  wind_lifetime: 20
  solar_capex: 1000.0
  solar_opex: 10
  solar_lifetime: 20
  carbon_price: 1.0
timeseries_values:
  load_level: 236768.18841863016
  wind_year: 2013
  solar_year: 2010
  price_year: 2023
  carbon_year: 2023
storage_values:
  CAES:
    cost: 56.2777
    lifetime: 24.9602
    annual_cost: 2.25469747838559
    efficiency: 0.635222
    discharge_ratio: 0.1
    depth_of_discharge: 0.4
  Li-ion:
    cost: 157.99
    lifetime: 25.8007
    annual_cost: 6.123477269996551
    efficiency: 0.897618
    discharge_ratio: 2
    depth_of_discharge: 0.9
  Pb-acid:
    cost: 153.569
    lifetime: 9.37157
    annual_cost: 16.386688676497105
    efficiency: 0.732196
    discharge_ratio: 5
    depth_of_discharge: 0.5
  VRBF:
    cost: 140.83
    lifetime: 24.817
    annual_cost: 5.674739090139824
    efficiency: 0.802054
    discharge_ratio: 0.5
    depth_of_discharge: 1.0
