cost_values:
  wind_capex: 5000.0
  wind_opex: 100
  wind_lifetime: 20
  solar_capex: 1000.0
  solar_opex: 10
  solar_lifetime: 20
  carbon_price: 1.0
timeseries_values:
  load_level: 236768.18841863016
  wind_year: 2013
  solar_year: 2010
  price_year: 2023
  carbon_year: 2023
storage_values:
  CAES:
    cost: 53.3162
    lifetime: 25.7894
    annual_cost: 2.067368763910754
    efficiency: 0.63388
    discharge_ratio: 0.1
    depth_of_discharge: 0.4
  Li-ion:
    cost: 155.092
    lifetime: 28.0678
    annual_cost: 5.525620105601437
    efficiency: 0.891311
    discharge_ratio: 2
    depth_of_discharge: 0.9
  Pb-acid:
    cost: 145.041
    lifetime: 8.77805
    annual_cost: 16.52314580117452
    efficiency: 0.734772
    discharge_ratio: 5
    depth_of_discharge: 0.5
  VRBF:
    cost: 181.135
    lifetime: 25.8064
    annual_cost: 7.018995287990576
    efficiency: 0.83853
    discharge_ratio: 0.5
    depth_of_discharge: 1.0
