cost_values:
  wind_capex: 5000.0
  wind_opex: 100
  wind_lifetime: 20
  solar_capex: 1000.0
  solar_opex: 10
  solar_lifetime: 20
  carbon_price: 1.0
timeseries_values:
  load_level: 236768.18841863016
  wind_year: 2013
  solar_year: 2010
  price_year: 2023
  carbon_year: 2023
storage_values:
  CAES:
    cost: 53.299
    lifetime: 25.4815
    annual_cost: 2.0916743519808487
    efficiency: 0.618972
    discharge_ratio: 0.1
    depth_of_discharge: 0.4
  Li-ion:
    cost: 187.099
    lifetime: 25.1702
    annual_cost: 7.433353727820994
    efficiency: 0.890471
    discharge_ratio: 2
    depth_of_discharge: 0.9
  Pb-acid:
    cost: 143.175
    lifetime: 9.13665
    annual_cost: 15.670404360460346
    efficiency: 0.733093
    discharge_ratio: 5
    depth_of_discharge: 0.5
  VRBF:
    cost: 175.541
    lifetime: 25.557
    annual_cost: 6.868607426536761
    efficiency: 0.835352
    discharge_ratio: 0.5
    depth_of_discharge: 1.0
