cost_values:
  wind_capex: 5000.0
  wind_opex: 100
  wind_lifetime: 20
  solar_capex: 1000.0
  solar_opex: 10
  solar_lifetime: 20
  carbon_price: 1.0
timeseries_values:
  load_level: 236768.18841863016
  wind_year: 2013
  solar_year: 2010
  price_year: 2023
  carbon_year: 2023
storage_values:
  CAES:
    cost: 58.4449
    lifetime: 25.8128
    annual_cost: 2.2641828860100417
    efficiency: 0.622811
    discharge_ratio: 0.1
    depth_of_discharge: 0.4
  Li-ion:
    cost: 197.653
    lifetime: 26.7545
    annual_cost: 7.3876544132762705
    efficiency: 0.879136
    discharge_ratio: 2
    depth_of_discharge: 0.9
  Pb-acid:
    cost: 162.577
    lifetime: 10.4613
    annual_cost: 15.540802768298395
    efficiency: 0.736703
    discharge_ratio: 5
    depth_of_discharge: 0.5
  VRBF:
    cost: 186.867
    lifetime: 24.2277
    annual_cost: 7.712948402035686
    efficiency: 0.811785
    discharge_ratio: 0.5
    depth_of_discharge: 1.0
