cost_values:
  wind_capex: 5000.0
  wind_opex: 100
  wind_lifetime: 20
  solar_capex: 1000.0
  solar_opex: 10
  solar_lifetime: 20
  carbon_price: 1.0
timeseries_values:
  load_level: 236768.18841863016
  wind_year: 2013
  solar_year: 2010
  price_year: 2023
  carbon_year: 2023
storage_values:
  CAES:
    cost: 63.8234
    lifetime: 25.0998
    annual_cost: 2.5427852014757093
    efficiency: 0.624064
    discharge_ratio: 0.1
    depth_of_discharge: 0.4
  Li-ion:
    cost: 198.013
    lifetime: 26.3664
    annual_cost: 7.510050670550398
    efficiency: 0.88441
    discharge_ratio: 2
    depth_of_discharge: 0.9
  Pb-acid:
    cost: 156.249
    lifetime: 8.76536
    annual_cost: 17.82573676380662
    efficiency: 0.735085
    discharge_ratio: 5
    depth_of_discharge: 0.5
  VRBF:
    cost: 156.781
    lifetime: 22.6176
    annual_cost: 6.931814162422185
    efficiency: 0.818185
    discharge_ratio: 0.5
    depth_of_discharge: 1.0
