cost_values:
  wind_capex: 5000.0
  wind_opex: 100
  wind_lifetime: 20
  solar_capex: 1000.0
  solar_opex: 10
  solar_lifetime: 20
  carbon_price: 1.0
timeseries_values:
  load_level: 236768.18841863016
  wind_year: 2013
  solar_year: 2010
  price_year: 2023
  carbon_year: 2023
storage_values:
  CAES:
    cost: 46.0031
    lifetime: 25.278
    annual_cost: 1.8198868581375112
    efficiency: 0.631075
    discharge_ratio: 0.1
    depth_of_discharge: 0.4
  Li-ion:
    cost: 181.16
    lifetime: 26.0001
    annual_cost: 6.967665508978811
    efficiency: 0.883784
    discharge_ratio: 2
    depth_of_discharge: 0.9
  Pb-acid:
    cost: 166.288
    lifetime: 9.28133
    annual_cost: 17.91639775764896
    efficiency: 0.718073
    discharge_ratio: 5
    depth_of_discharge: 0.5
  VRBF:
    cost: 146.978
    lifetime: 24.9841
    annual_cost: 5.882861499913945
    efficiency: 0.80821
    discharge_ratio: 0.5
    depth_of_discharge: 1.0
