cost_values:
  wind_capex: 5000.0
  wind_opex: 100
  wind_lifetime: 20
  solar_capex: 1000.0
  solar_opex: 10
  solar_lifetime: 20
  carbon_price: 1.0
timeseries_values:
  load_level: 236768.18841863016
  wind_year: 2013
  solar_year: 2010
  price_year: 2023
  carbon_year: 2023
storage_values:
  CAES:
    cost: 53.5407
    lifetime: 25.6068
    annual_cost: 2.0908782042270024
    efficiency: 0.63178
    discharge_ratio: 0.1
    depth_of_discharge: 0.4
  Li-ion:
    cost: 182.7
    lifetime: 27.3274
    annual_cost: 6.68559760533384
    efficiency: 0.893313
    discharge_ratio: 2
    depth_of_discharge: 0.9
  Pb-acid:
    cost: 148.353
    lifetime: 8.37171
    annual_cost: 17.72075239108856
    efficiency: 0.743435
    discharge_ratio: 5
    depth_of_discharge: 0.5
  VRBF:
    cost: 186.444
    lifetime: 24.0337
    annual_cost: 7.757607026799868
    efficiency: 0.828827
    discharge_ratio: 0.5
    depth_of_discharge: 1.0
