cost_values:
  wind_capex: 5000.0
  wind_opex: 100
  wind_lifetime: 20
  solar_capex: 1000.0
  solar_opex: 10
  solar_lifetime: 20
  carbon_price: 1.0
timeseries_values:
  load_level: 236768.18841863016
  wind_year: 2013
  solar_year: 2010
  price_year: 2023
  carbon_year: 2023
storage_values:
  CAES:
    cost: 55.648
    lifetime: 24.6109
    annual_cost: 2.2611119463327225
    efficiency: 0.625365
    discharge_ratio: 0.1
    depth_of_discharge: 0.4
  Li-ion:
    cost: 172.19
    lifetime: 24.3969
    annual_cost: 7.057863908939251
    efficiency: 0.894386
    discharge_ratio: 2
    depth_of_discharge: 0.9
  Pb-acid:
    cost: 175.274
    lifetime: 9.49256
    annual_cost: 18.464355242421433
    efficiency: 0.718786
    discharge_ratio: 5
    depth_of_discharge: 0.5
  VRBF:
    cost: 185.034
    lifetime: 25.8022
    annual_cost: 7.171248963266698
    efficiency: 0.815795
    discharge_ratio: 0.5
    depth_of_discharge: 1.0
