cost_values:
  wind_capex: 5000.0
  wind_opex: 100
  wind_lifetime: 20
  solar_capex: 1000.0
  solar_opex: 10
  solar_lifetime: 20
  carbon_price: 1.0
timeseries_values:
  load_level: 236768.18841863016
  wind_year: 2013
  solar_year: 2010
  price_year: 2023
  carbon_year: 2023
storage_values:
  CAES:
    cost: 52.4882
    lifetime: 25.361
    annual_cost: 2.0696423642600843
    efficiency: 0.630168
    discharge_ratio: 0.1
    depth_of_discharge: 0.4
  Li-ion:
    cost: 176.451
    lifetime: 27.2613
    annual_cost: 6.472582011862971
    efficiency: 0.895702
    discharge_ratio: 2
    depth_of_discharge: 0.9
  Pb-acid:
    cost: 158.022
    lifetime: 9.85511
    annual_cost: 16.03452422144451
    efficiency: 0.738383
    discharge_ratio: 5
    depth_of_discharge: 0.5
  VRBF:
    cost: 174.365
    lifetime: 25.7283
    annual_cost: 6.777167554793748
    efficiency: 0.820154
    discharge_ratio: 0.5
    depth_of_discharge: 1.0
