cost_values:
  wind_capex: 5000.0
  wind_opex: 100
  wind_lifetime: 20
  solar_capex: 1000.0
  solar_opex: 10
  solar_lifetime: 20
  carbon_price: 1.0
timeseries_values:
  load_level: 236768.18841863016
  wind_year: 2013
  solar_year: 2010
  price_year: 2023
  carbon_year: 2023
storage_values:
  CAES:
    cost: 55.6967
    lifetime: 25.0541
    annual_cost: 2.223057303994157
    efficiency: 0.643382
    discharge_ratio: 0.1
    depth_of_discharge: 0.4
  Li-ion:
    cost: 176.688
    lifetime: 28.6655
    annual_cost: 6.163785735465978
    efficiency: 0.89747
    discharge_ratio: 2
    depth_of_discharge: 0.9
  Pb-acid:
    cost: 166.37
    lifetime: 8.95785
    annual_cost: 18.572536936876595
    efficiency: 0.727023
    discharge_ratio: 5
    depth_of_discharge: 0.5
  VRBF:
    cost: 104.743
    lifetime: 25.8005
    annual_cost: 4.059727524660374
    efficiency: 0.826294
    discharge_ratio: 0.5
    depth_of_discharge: 1.0
