cost_values:
  wind_capex: 5000.0
  wind_opex: 100
  wind_lifetime: 20
  solar_capex: 1000.0
  solar_opex: 10
  solar_lifetime: 20
  carbon_price: 1.0
timeseries_values:
  load_level: 236768.18841863016
  wind_year: 2013
  solar_year: 2010
  price_year: 2023
  carbon_year: 2023
storage_values:
  CAES:
    cost: 50.4332
    lifetime: 25.0382
    annual_cost: 2.014250225655199
    efficiency: 0.63374
    discharge_ratio: 0.1
    depth_of_discharge: 0.4
  Li-ion:
    cost: 177.042
    lifetime: 28.6475
    annual_cost: 6.180015708176978
    efficiency: 0.886082
    discharge_ratio: 2
    depth_of_discharge: 0.9
  Pb-acid:
    cost: 153.967
    lifetime: 9.73955
    annual_cost: 15.80843057430785
    efficiency: 0.727776
    discharge_ratio: 5
    depth_of_discharge: 0.5
  VRBF:
    cost: 143.858
    lifetime: 24.404
    annual_cost: 5.894853302737256
    efficiency: 0.798486
    discharge_ratio: 0.5
    depth_of_discharge: 1.0
