cost_values:
  wind_capex: 5000.0
  wind_opex: 100
  wind_lifetime: 20
  solar_capex: 1000.0
  solar_opex: 10
  solar_lifetime: 20
  carbon_price: 1.0
timeseries_values:
  load_level: 236768.18841863016
  wind_year: 2013
  solar_year: 2010
  price_year: 2023
  carbon_year: 2023
storage_values:
  CAES:
    cost: 59.9541
    lifetime: 24.5119
    annual_cost: 2.445918105083653
    efficiency: 0.624055
    discharge_ratio: 0.1
    depth_of_discharge: 0.4
  Li-ion:
    cost: 170.346
    lifetime: 27.0802
    annual_cost: 6.290426215463697
    efficiency: 0.888308
    discharge_ratio: 2
    depth_of_discharge: 0.9
  Pb-acid:
    cost: 159.175
    lifetime: 10.619
    annual_cost: 14.989641209153406
    efficiency: 0.729608
    discharge_ratio: 5
    depth_of_discharge: 0.5
  VRBF:
    cost: 156.926
    lifetime: 24.1511
    annual_cost: 6.497675054138321
    efficiency: 0.829024
    discharge_ratio: 0.5
    depth_of_discharge: 1.0
