cost_values:
  wind_capex: 5000.0
  wind_opex: 100
  wind_lifetime: 20
  solar_capex: 1000.0
  solar_opex: 10
  solar_lifetime: 20
  carbon_price: 1.0
timeseries_values:
  load_level: 236768.18841863016
  wind_year: 2013
  solar_year: 2010
  price_year: 2023
  carbon_year: 2023
storage_values:
  CAES:
    cost: 53.0515
    lifetime: 24.7493
    annual_cost: 2.1435555753092004
    efficiency: 0.632956
    discharge_ratio: 0.1
    depth_of_discharge: 0.4
  Li-ion:
    cost: 160.385
    lifetime: 26.5667
    annual_cost: 6.0370689622723175
    efficiency: 0.889478
    discharge_ratio: 2
    depth_of_discharge: 0.9
  Pb-acid:
    cost: 160.512
    lifetime: 9.10242
    annual_cost: 17.633991839532783
    efficiency: 0.730219
    discharge_ratio: 5
    depth_of_discharge: 0.5
  VRBF:
    cost: 148.796
    lifetime: 25.4591
    annual_cost: 5.844511392782934
    efficiency: 0.824418
    discharge_ratio: 0.5
    depth_of_discharge: 1.0
