cost_values:
  wind_capex: 5000.0
  wind_opex: 100
  wind_lifetime: 20
  solar_capex: 1000.0
  solar_opex: 10
  solar_lifetime: 20
  carbon_price: 1.0
timeseries_values:
  load_level: 236768.18841863016
  wind_year: 2013
  solar_year: 2010
  price_year: 2023
  carbon_year: 2023
storage_values:
  CAES:
    cost: 54.2958
    lifetime: 25.976
    annual_cost: 2.0902294425623653
    efficiency: 0.630041
    discharge_ratio: 0.1
    depth_of_discharge: 0.4
  Li-ion:
    cost: 187.968
    lifetime: 25.8716
    annual_cost: 7.265418451120147
    efficiency: 0.885609
    discharge_ratio: 2
    depth_of_discharge: 0.9
  Pb-acid:
    cost: 160.113
    lifetime: 8.80208
    annual_cost: 18.190359551378766
    efficiency: 0.736562
    discharge_ratio: 5
    depth_of_discharge: 0.5
  VRBF:
    cost: 168.085
    lifetime: 23.7376
    annual_cost: 7.080960164464815
    efficiency: 0.815502
    discharge_ratio: 0.5
    depth_of_discharge: 1.0
