cost_values:
  wind_capex: 5000.0
  wind_opex: 100
  wind_lifetime: 20
  solar_capex: 1000.0
  solar_opex: 10
  solar_lifetime: 20
  carbon_price: 1.0
timeseries_values:
  load_level: 236768.18841863016
  wind_year: 2013
  solar_year: 2010
  price_year: 2023
  carbon_year: 2023
storage_values:
  CAES:
    cost: 53.6725
    lifetime: 24.9484
    annual_cost: 2.15134036651649
    efficiency: 0.632568
    discharge_ratio: 0.1
    depth_of_discharge: 0.4
  Li-ion:
    cost: 164.208
    lifetime: 25.5089
    annual_cost: 6.437282673890289
    efficiency: 0.889874
    discharge_ratio: 2
    depth_of_discharge: 0.9
  Pb-acid:
    cost: 144.621
    lifetime: 10.2132
    annual_cost: 14.160204441311244
    efficiency: 0.729151
    discharge_ratio: 5
    depth_of_discharge: 0.5
  VRBF:
    cost: 132.69
    lifetime: 25.3839
    annual_cost: 5.227329133821044
    efficiency: 0.821905
    discharge_ratio: 0.5
    depth_of_discharge: 1.0
