cost_values:
  wind_capex: 5000.0
  wind_opex: 100
  wind_lifetime: 20
  solar_capex: 1000.0
  solar_opex: 10
  solar_lifetime: 20
  carbon_price: 1.0
timeseries_values:
  load_level: 236768.18841863016
  wind_year: 2013
  solar_year: 2010
  price_year: 2023
  carbon_year: 2023
storage_values:
  CAES:
    cost: 53.1304
    lifetime: 25.2055
    annual_cost: 2.1078891511773223
    efficiency: 0.623792
    discharge_ratio: 0.1
    depth_of_discharge: 0.4
  Li-ion:
    cost: 177.458
    lifetime: 26.3087
    annual_cost: 6.745221162581199
    efficiency: 0.893911
    discharge_ratio: 2
    depth_of_discharge: 0.9
  Pb-acid:
    cost: 164.965
    lifetime: 8.20041
    annual_cost: 20.11667709297462
    efficiency: 0.72928
    discharge_ratio: 5
    depth_of_discharge: 0.5
  VRBF:
    cost: 150.484
    lifetime: 23.8152
    annual_cost: 6.318821592932245
    efficiency: 0.813649
    discharge_ratio: 0.5
    depth_of_discharge: 1.0
