cost_values:
  wind_capex: 5000.0
  wind_opex: 100
  wind_lifetime: 20
  solar_capex: 1000.0
  solar_opex: 10
  solar_lifetime: 20
  carbon_price: 1.0
timeseries_values:
  load_level: 236768.18841863016
  wind_year: 2013
  solar_year: 2010
  price_year: 2023
  carbon_year: 2023
storage_values:
  CAES:
    cost: 50.5829
    lifetime: 26.0277
    annual_cost: 1.9434256580489249
    efficiency: 0.626886
    discharge_ratio: 0.1
    depth_of_discharge: 0.4
  Li-ion:
    cost: 177.676
    lifetime: 26.367
    annual_cost: 6.738574733568475
    efficiency: 0.897473
    discharge_ratio: 2
    depth_of_discharge: 0.9
  Pb-acid:
    cost: 153.481
    lifetime: 9.70547
    annual_cost: 15.813865789085948
    efficiency: 0.714663
    discharge_ratio: 5
    depth_of_discharge: 0.5
  VRBF:
    cost: 197.184
    lifetime: 23.9748
    annual_cost: 8.224635867661044
    efficiency: 0.810975
    discharge_ratio: 0.5
    depth_of_discharge: 1.0
