cost_values:
  wind_capex: 5000.0
  wind_opex: 100
  wind_lifetime: 20
  solar_capex: 1000.0
  solar_opex: 10
  solar_lifetime: 20
  carbon_price: 1.0
timeseries_values:
  load_level: 236768.18841863016
  wind_year: 2013
  solar_year: 2010
  price_year: 2023
  carbon_year: 2023
storage_values:
  CAES:
    cost: 52.8337
    lifetime: 24.4956
    annual_cost: 2.1568649063505285
    efficiency: 0.635928
    discharge_ratio: 0.1
    depth_of_discharge: 0.4
  Li-ion:
    cost: 180.452
    lifetime: 29.116
    annual_cost: 6.197691990658058
    efficiency: 0.888989
    discharge_ratio: 2
    depth_of_discharge: 0.9
  Pb-acid:
    cost: 162.735
    lifetime: 9.74084
    annual_cost: 16.70646474020721
    efficiency: 0.720653
    discharge_ratio: 5
    depth_of_discharge: 0.5
  VRBF:
    cost: 146.719
    lifetime: 25.5465
    annual_cost: 5.74321335603703
    efficiency: 0.808992
    discharge_ratio: 0.5
    depth_of_discharge: 1.0
