cost_values:
  wind_capex: 5000.0
  wind_opex: 100
  wind_lifetime: 20
  solar_capex: 1000.0
  solar_opex: 10
  solar_lifetime: 20
  carbon_price: 1.0
timeseries_values:
  load_level: 236768.18841863016
  wind_year: 2013
  solar_year: 2010
  price_year: 2023
  carbon_year: 2023
storage_values:
  CAES:
    cost: 57.7346
    lifetime: 25.1742
    annual_cost: 2.293403563966283
    efficiency: 0.635105
    discharge_ratio: 0.1
    depth_of_discharge: 0.4
  Li-ion:
    cost: 169.126
    lifetime: 28.7909
    annual_cost: 5.874286666967688
    efficiency: 0.896158
    discharge_ratio: 2
    depth_of_discharge: 0.9
  Pb-acid:
    cost: 161.568
    lifetime: 9.43065
    annual_cost: 17.132223123538676
    efficiency: 0.713524
    discharge_ratio: 5
    depth_of_discharge: 0.5
  VRBF:
    cost: 160.802
    lifetime: 24.4199
    annual_cost: 6.584875449940418
    efficiency: 0.822471
    discharge_ratio: 0.5
    depth_of_discharge: 1.0
