cost_values:
  wind_capex: 5000.0
  wind_opex: 100
  wind_lifetime: 20
  solar_capex: 1000.0
  solar_opex: 10
  solar_lifetime: 20
  carbon_price: 1.0
timeseries_values:
  load_level: 236768.18841863016
  wind_year: 2013
  solar_year: 2010
  price_year: 2023
  carbon_year: 2023
storage_values:
  CAES:
    cost: 57.736
    lifetime: 26.1602
    annual_cost: 2.207016765926866
    efficiency: 0.626946
    discharge_ratio: 0.1
    depth_of_discharge: 0.4
  Li-ion:
    cost: 169.041
    lifetime: 26.4334
    annual_cost: 6.394977566260867
    efficiency: 0.891882
    discharge_ratio: 2
    depth_of_discharge: 0.9
  Pb-acid:
    cost: 171.087
    lifetime: 10.4216
    annual_cost: 16.41657710908114
    efficiency: 0.727661
    discharge_ratio: 5
    depth_of_discharge: 0.5
  VRBF:
    cost: 163.298
    lifetime: 23.2025
    annual_cost: 7.03794849692921
    efficiency: 0.811005
    discharge_ratio: 0.5
    depth_of_discharge: 1.0
