cost_values:
  wind_capex: 5000.0
  wind_opex: 100
  wind_lifetime: 20
  solar_capex: 1000.0
  solar_opex: 10
  solar_lifetime: 20
  carbon_price: 1.0
timeseries_values:
  load_level: 236768.18841863016
  wind_year: 2013
  solar_year: 2010
  price_year: 2023
  carbon_year: 2023
storage_values:
  CAES:
    cost: 46.8995
    lifetime: 25.0068
    annual_cost: 1.8754698721947634
    efficiency: 0.630496
    discharge_ratio: 0.1
    depth_of_discharge: 0.4
  Li-ion:
    cost: 168.912
    lifetime: 26.5006
    annual_cost: 6.3738934212810285
    efficiency: 0.883585
    discharge_ratio: 2
    depth_of_discharge: 0.9
  Pb-acid:
    cost: 164.429
    lifetime: 9.70794
    annual_cost: 16.937578930236487
    efficiency: 0.731085
    discharge_ratio: 5
    depth_of_discharge: 0.5
  VRBF:
    cost: 184.881
    lifetime: 22.3893
    annual_cost: 8.257560531146575
    efficiency: 0.802188
    discharge_ratio: 0.5
    depth_of_discharge: 1.0
