cost_values:
  wind_capex: 5000.0
  wind_opex: 100
  wind_lifetime: 20
  solar_capex: 1000.0
  solar_opex: 10
  solar_lifetime: 20
  carbon_price: 1.0
timeseries_values:
  load_level: 236768.18841863016
  wind_year: 2013
  solar_year: 2010
  price_year: 2023
  carbon_year: 2023
storage_values:
  CAES:
    cost: 57.2985
    lifetime: 24.6622
    annual_cost: 2.3233328737906596
    efficiency: 0.617408
    discharge_ratio: 0.1
    depth_of_discharge: 0.4
  Li-ion:
    cost: 189.455
    lifetime: 25.8497
    annual_cost: 7.329098596888939
    efficiency: 0.898448
    discharge_ratio: 2
    depth_of_discharge: 0.9
  Pb-acid:
    cost: 143.946
    lifetime: 7.92365
    annual_cost: 18.166627753623644
    efficiency: 0.714224
    discharge_ratio: 5
    depth_of_discharge: 0.5
  VRBF:
    cost: 170.487
    lifetime: 25.9968
    annual_cost: 6.557999446085672
    efficiency: 0.814635
    discharge_ratio: 0.5
    depth_of_discharge: 1.0
