cost_values:
  wind_capex: 5000.0
  wind_opex: 100
  wind_lifetime: 20
  solar_capex: 1000.0
  solar_opex: 10
  solar_lifetime: 20
  carbon_price: 1.0
timeseries_values:
  load_level: 236768.18841863016
  wind_year: 2013
  solar_year: 2010
  price_year: 2023
  carbon_year: 2023
storage_values:
  CAES:
    cost: 51.2996
    lifetime: 24.8378
    annual_cost: 2.0653842127724675
    efficiency: 0.625433
    discharge_ratio: 0.1
    depth_of_discharge: 0.4
  Li-ion:
    cost: 181.17
    lifetime: 28.1787
    annual_cost: 6.429324276847406
    efficiency: 0.891043
    discharge_ratio: 2
    depth_of_discharge: 0.9
  Pb-acid:
    cost: 150.885
    lifetime: 7.63752
    annual_cost: 19.75575841372592
    efficiency: 0.730619
    discharge_ratio: 5
    depth_of_discharge: 0.5
  VRBF:
    cost: 158.559
    lifetime: 26.5903
    annual_cost: 5.963039153375479
    efficiency: 0.815392
    discharge_ratio: 0.5
    depth_of_discharge: 1.0
