cost_values:
  wind_capex: 5000.0
  wind_opex: 100
  wind_lifetime: 20
  solar_capex: 1000.0
  solar_opex: 10
  solar_lifetime: 20
  carbon_price: 1.0
timeseries_values:
  load_level: 236768.18841863016
  wind_year: 2013
  solar_year: 2010
  price_year: 2023
  carbon_year: 2023
storage_values:
  CAES:
    cost: 54.5085
    lifetime: 25.4647
    annual_cost: 2.14055143001881
    efficiency: 0.632476
    discharge_ratio: 0.1
    depth_of_discharge: 0.4
  Li-ion:
    cost: 176.683
    lifetime: 27.5209
    annual_cost: 6.419957196167276
    efficiency: 0.882513
    discharge_ratio: 2
    depth_of_discharge: 0.9
  Pb-acid:
    cost: 177.496
    lifetime: 8.80536
    annual_cost: 20.157722114711948
    efficiency: 0.733623
    discharge_ratio: 5
    depth_of_discharge: 0.5
  VRBF:
    cost: 186.011
    lifetime: 25.2316
    annual_cost: 7.37214445378018
    efficiency: 0.823913
    discharge_ratio: 0.5
    depth_of_discharge: 1.0
