cost_values:
  wind_capex: 5000.0
  wind_opex: 100
  wind_lifetime: 20
  solar_capex: 1000.0
  solar_opex: 10
  solar_lifetime: 20
  carbon_price: 1.0
timeseries_values:
  load_level: 236768.18841863016
  wind_year: 2013
  solar_year: 2010
  price_year: 2023
  carbon_year: 2023
storage_values:
  CAES:
    cost: 55.3897
    lifetime: 24.3522
    annual_cost: 2.2745255048825155
    efficiency: 0.632995
    discharge_ratio: 0.1
    depth_of_discharge: 0.4
  Li-ion:
    cost: 203.094
    lifetime: 27.7697
    annual_cost: 7.3135107689316055
    efficiency: 0.893544
    discharge_ratio: 2
    depth_of_discharge: 0.9
  Pb-acid:
    cost: 165.481
    lifetime: 9.64471
    annual_cost: 17.157695773123297
    efficiency: 0.719879
    discharge_ratio: 5
    depth_of_discharge: 0.5
  VRBF:
    cost: 191.466
    lifetime: 23.2662
    annual_cost: 8.22936276658844
    efficiency: 0.823777
    discharge_ratio: 0.5
    depth_of_discharge: 1.0
