cost_values:
  wind_capex: 5000.0
  wind_opex: 100
  wind_lifetime: 20
  solar_capex: 1000.0
  solar_opex: 10
  solar_lifetime: 20
  carbon_price: 1.0
timeseries_values:
  load_level: 236768.18841863016
  wind_year: 2013
  solar_year: 2010
  price_year: 2023
  carbon_year: 2023
storage_values:
  CAES:
    cost: 56.7196
    lifetime: 25.8989
    annual_cost: 2.1900389591835947
    efficiency: 0.620604
    discharge_ratio: 0.1
    depth_of_discharge: 0.4
  Li-ion:
    cost: 181.07
    lifetime: 24.8935
    annual_cost: 7.273786329764798
    efficiency: 0.891887
    discharge_ratio: 2
    depth_of_discharge: 0.9
  Pb-acid:
    cost: 148.988
    lifetime: 10.5062
    annual_cost: 14.180959814204947
    efficiency: 0.715186
    discharge_ratio: 5
    depth_of_discharge: 0.5
  VRBF:
    cost: 179.87
    lifetime: 26.1046
    annual_cost: 6.890356488894677
    efficiency: 0.830149
    discharge_ratio: 0.5
    depth_of_discharge: 1.0
