cost_values:
  wind_capex: 5000.0
  wind_opex: 100
  wind_lifetime: 20
  solar_capex: 1000.0
  solar_opex: 10
  solar_lifetime: 20
  carbon_price: 1.0
timeseries_values:
  load_level: 236768.18841863016
  wind_year: 2013
  solar_year: 2010
  price_year: 2023
  carbon_year: 2023
storage_values:
  CAES:
    cost: 55.282
    lifetime: 24.7177
    annual_cost: 2.236534952685727
    efficiency: 0.625001
    discharge_ratio: 0.1
    depth_of_discharge: 0.4
  Li-ion:
    cost: 198.812
    lifetime: 26.3641
    annual_cost: 7.5410122097852765
    efficiency: 0.887439
    discharge_ratio: 2
    depth_of_discharge: 0.9
  Pb-acid:
    cost: 155.206
    lifetime: 8.62356
    annual_cost: 17.997903418077918
    efficiency: 0.724397
    discharge_ratio: 5
    depth_of_discharge: 0.5
  VRBF:
    cost: 187.742
    lifetime: 25.8033
    annual_cost: 7.275891068196703
    efficiency: 0.835153
    discharge_ratio: 0.5
    depth_of_discharge: 1.0
