cost_values:
  wind_capex: 5000.0
  wind_opex: 100
  wind_lifetime: 20
  solar_capex: 1000.0
  solar_opex: 10
  solar_lifetime: 20
  carbon_price: 1.0
timeseries_values:
  load_level: 236768.18841863016
  wind_year: 2013
  solar_year: 2010
  price_year: 2023
  carbon_year: 2023
storage_values:
  CAES:
    cost: 48.6447
    lifetime: 24.5483
    annual_cost: 1.9815913932940366
    efficiency: 0.630194
    discharge_ratio: 0.1
    depth_of_discharge: 0.4
  Li-ion:
    cost: 172.744
    lifetime: 28.2924
    annual_cost: 6.105667953231256
    efficiency: 0.892996
    discharge_ratio: 2
    depth_of_discharge: 0.9
  Pb-acid:
    cost: 164.207
    lifetime: 10.1965
    annual_cost: 16.10425145883391
    efficiency: 0.724248
    discharge_ratio: 5
    depth_of_discharge: 0.5
  VRBF:
    cost: 146.398
    lifetime: 21.6056
    annual_cost: 6.775928462991076
    efficiency: 0.831545
    discharge_ratio: 0.5
    depth_of_discharge: 1.0
