cost_values:
  wind_capex: 5000.0
  wind_opex: 100
  wind_lifetime: 20
  solar_capex: 1000.0
  solar_opex: 10
  solar_lifetime: 20
  carbon_price: 1.0
timeseries_values:
  load_level: 236768.18841863016
  wind_year: 2013
  solar_year: 2010
  price_year: 2023
  carbon_year: 2023
storage_values:
  CAES:
    cost: 59.2048
    lifetime: 25.2926
    annual_cost: 2.3407953314408165
    efficiency: 0.625829
    discharge_ratio: 0.1
    depth_of_discharge: 0.4
  Li-ion:
    cost: 161.811
    lifetime: 27.8787
    annual_cost: 5.804108512950748
    efficiency: 0.884784
    discharge_ratio: 2
    depth_of_discharge: 0.9
  Pb-acid:
    cost: 177.803
    lifetime: 7.75382
    annual_cost: 22.931019807011253
    efficiency: 0.734819
    discharge_ratio: 5
    depth_of_discharge: 0.5
  VRBF:
    cost: 172.57
    lifetime: 21.3278
    annual_cost: 8.091317435459823
    efficiency: 0.822407
    discharge_ratio: 0.5
    depth_of_discharge: 1.0
