cost_values:
  wind_capex: 5000.0
  wind_opex: 100
  wind_lifetime: 20
  solar_capex: 1000.0
  solar_opex: 10
  solar_lifetime: 20
  carbon_price: 1.0
timeseries_values:
  load_level: 236768.18841863016
  wind_year: 2013
  solar_year: 2010
  price_year: 2023
  carbon_year: 2023
storage_values:
  CAES:
    cost: 57.311
    lifetime: 24.8024
    annual_cost: 2.310703802857788
    efficiency: 0.627183
    discharge_ratio: 0.1
    depth_of_discharge: 0.4
  Li-ion:
    cost: 197.912
    lifetime: 27.9887
    annual_cost: 7.071139424124736
    efficiency: 0.899318
    discharge_ratio: 2
    depth_of_discharge: 0.9
  Pb-acid:
    cost: 166.066
    lifetime: 8.25462
    annual_cost: 20.11794607141213
    efficiency: 0.71231
    discharge_ratio: 5
    depth_of_discharge: 0.5
  VRBF:
    cost: 168.372
    lifetime: 24.5146
    annual_cost: 6.868233624044447
    efficiency: 0.805434
    discharge_ratio: 0.5
    depth_of_discharge: 1.0
