cost_values:
  wind_capex: 5000.0
  wind_opex: 100
  wind_lifetime: 20
  solar_capex: 1000.0
  solar_opex: 10
  solar_lifetime: 20
  carbon_price: 1.0
timeseries_values:
  load_level: 236768.18841863016
  wind_year: 2013
  solar_year: 2010
  price_year: 2023
  carbon_year: 2023
storage_values:
  CAES:
    cost: 54.7958
    lifetime: 25.9192
    annual_cost: 2.114100743850119
    efficiency: 0.620256
    discharge_ratio: 0.1
    depth_of_discharge: 0.4
  Li-ion:
    cost: 182.59
    lifetime: 27.3932
    annual_cost: 6.665522830483478
    efficiency: 0.897672
    discharge_ratio: 2
    depth_of_discharge: 0.9
  Pb-acid:
    cost: 169.566
    lifetime: 8.9489
    annual_cost: 18.948250622981597
    efficiency: 0.734471
    discharge_ratio: 5
    depth_of_discharge: 0.5
  VRBF:
    cost: 182.997
    lifetime: 21.6595
    annual_cost: 8.448809990997022
    efficiency: 0.813159
    discharge_ratio: 0.5
    depth_of_discharge: 1.0
