cost_values:
  wind_capex: 5000.0
  wind_opex: 100
  wind_lifetime: 20
  solar_capex: 1000.0
  solar_opex: 10
  solar_lifetime: 20
  carbon_price: 1.0
timeseries_values:
  load_level: 236768.18841863016
  wind_year: 2013
  solar_year: 2010
  price_year: 2023
  carbon_year: 2023
storage_values:
  CAES:
    cost: 48.4308
    lifetime: 24.9043
    annual_cost: 1.944676220572351
    efficiency: 0.625679
    discharge_ratio: 0.1
    depth_of_discharge: 0.4
  Li-ion:
    cost: 185.895
    lifetime: 26.6205
    annual_cost: 6.983152082042036
    efficiency: 0.893237
    discharge_ratio: 2
    depth_of_discharge: 0.9
  Pb-acid:
    cost: 163.856
    lifetime: 8.64091
    annual_cost: 18.96281757361204
    efficiency: 0.736055
    discharge_ratio: 5
    depth_of_discharge: 0.5
  VRBF:
    cost: 181.337
    lifetime: 23.0233
    annual_cost: 7.876238419340408
    efficiency: 0.832478
    discharge_ratio: 0.5
    depth_of_discharge: 1.0
