cost_values:
  wind_capex: 5000.0
  wind_opex: 100
  wind_lifetime: 20
  solar_capex: 1000.0
  solar_opex: 10
  solar_lifetime: 20
  carbon_price: 1.0
timeseries_values:
  load_level: 236768.18841863016
  wind_year: 2013
  solar_year: 2010
  price_year: 2023
  carbon_year: 2023
storage_values:
  CAES:
    cost: 57.3983
    lifetime: 24.9618
    annual_cost: 2.2994455528046855
    efficiency: 0.633817
    discharge_ratio: 0.1
    depth_of_discharge: 0.4
  Li-ion:
    cost: 174.182
    lifetime: 27.2954
    annual_cost: 6.381368289162276
    efficiency: 0.904489
    discharge_ratio: 2
    depth_of_discharge: 0.9
  Pb-acid:
    cost: 163.426
    lifetime: 8.0521
    annual_cost: 20.296071832192844
    efficiency: 0.731267
    discharge_ratio: 5
    depth_of_discharge: 0.5
  VRBF:
    cost: 172.018
    lifetime: 23.8402
    annual_cost: 7.215459601848978
    efficiency: 0.812755
    discharge_ratio: 0.5
    depth_of_discharge: 1.0
