cost_values:
  wind_capex: 5000.0
  wind_opex: 100
  wind_lifetime: 20
  solar_capex: 1000.0
  solar_opex: 10
  solar_lifetime: 20
  carbon_price: 1.0
timeseries_values:
  load_level: 236768.18841863016
  wind_year: 2013
  solar_year: 2010
  price_year: 2023
  carbon_year: 2023
storage_values:
  CAES:
    cost: 53.1432
    lifetime: 25.9072
    annual_cost: 2.0512907608695654
    efficiency: 0.614816
    discharge_ratio: 0.1
    depth_of_discharge: 0.4
  Li-ion:
    cost: 170.44
    lifetime: 26.9244
    annual_cost: 6.330317481540908
    efficiency: 0.892965
    discharge_ratio: 2
    depth_of_discharge: 0.9
  Pb-acid:
    cost: 159.632
    lifetime: 7.24031
    annual_cost: 22.04767475425776
    efficiency: 0.715625
    discharge_ratio: 5
    depth_of_discharge: 0.5
  VRBF:
    cost: 173.043
    lifetime: 24.203
    annual_cost: 7.1496508697268935
    efficiency: 0.817147
    discharge_ratio: 0.5
    depth_of_discharge: 1.0
