cost_values:
  wind_capex: 5000.0
  wind_opex: 100
  wind_lifetime: 20
  solar_capex: 1000.0
  solar_opex: 10
  solar_lifetime: 20
  carbon_price: 1.0
timeseries_values:
  load_level: 236768.18841863016
  wind_year: 2013
  solar_year: 2010
  price_year: 2023
  carbon_year: 2023
storage_values:
  CAES:
    cost: 54.7771
    lifetime: 25.8633
    annual_cost: 2.117947052386973
    efficiency: 0.627332
    discharge_ratio: 0.1
    depth_of_discharge: 0.4
  Li-ion:
    cost: 160.536
    lifetime: 26.4451
    annual_cost: 6.070538587488797
    efficiency: 0.888565
    discharge_ratio: 2
    depth_of_discharge: 0.9
  Pb-acid:
    cost: 150.35
    lifetime: 7.72632
    annual_cost: 19.459458060240838
    efficiency: 0.710549
    discharge_ratio: 5
    depth_of_discharge: 0.5
  VRBF:
    cost: 138.684
    lifetime: 26.0285
    annual_cost: 5.328159517452024
    efficiency: 0.823203
    discharge_ratio: 0.5
    depth_of_discharge: 1.0
