cost_values:
  wind_capex: 5000.0
  wind_opex: 100
  wind_lifetime: 20
  solar_capex: 1000.0
  solar_opex: 10
  solar_lifetime: 20
  carbon_price: 1.0
timeseries_values:
  load_level: 236768.18841863016
  wind_year: 2013
  solar_year: 2010
  price_year: 2023
  carbon_year: 2023
storage_values:
  CAES:
    cost: 53.8499
    lifetime: 25.4274
    annual_cost: 2.1177902577534473
    efficiency: 0.628417
    discharge_ratio: 0.1
    depth_of_discharge: 0.4
  Li-ion:
    cost: 172.667
    lifetime: 25.5217
    annual_cost: 6.765497596163265
    efficiency: 0.890976
    discharge_ratio: 2
    depth_of_discharge: 0.9
  Pb-acid:
    cost: 173.497
    lifetime: 9.69568
    annual_cost: 17.89425806132216
    efficiency: 0.733796
    discharge_ratio: 5
    depth_of_discharge: 0.5
  VRBF:
    cost: 178.776
    lifetime: 25.6323
    annual_cost: 6.974637469130745
    efficiency: 0.81123
    discharge_ratio: 0.5
    depth_of_discharge: 1.0
