cost_values:
  wind_capex: 5000.0
  wind_opex: 100
  wind_lifetime: 20
  solar_capex: 1000.0
  solar_opex: 10
  solar_lifetime: 20
  carbon_price: 1.0
timeseries_values:
  load_level: 236768.18841863016
  wind_year: 2013
  solar_year: 2010
  price_year: 2023
  carbon_year: 2023
storage_values:
  CAES:
    cost: 50.3985
    lifetime: 24.8384
    annual_cost: 2.0290558167997936
    efficiency: 0.62569
    discharge_ratio: 0.1
    depth_of_discharge: 0.4
  Li-ion:
    cost: 186.406
    lifetime: 28.1635
    annual_cost: 6.618708612210841
    efficiency: 0.894403
    discharge_ratio: 2
    depth_of_discharge: 0.9
  Pb-acid:
    cost: 141.839
    lifetime: 9.42862
    annual_cost: 15.043452806455239
    efficiency: 0.726065
    discharge_ratio: 5
    depth_of_discharge: 0.5
  VRBF:
    cost: 149.72
    lifetime: 23.3518
    annual_cost: 6.411497186512388
    efficiency: 0.840346
    discharge_ratio: 0.5
    depth_of_discharge: 1.0
