cost_values:
  wind_capex: 5000.0
  wind_opex: 100
  wind_lifetime: 20
  solar_capex: 1000.0
  solar_opex: 10
  solar_lifetime: 20
  carbon_price: 1.0
timeseries_values:
  load_level: 236768.18841863016
  wind_year: 2013
  solar_year: 2010
  price_year: 2023
  carbon_year: 2023
storage_values:
  CAES:
    cost: 51.2898
    lifetime: 25.4245
    annual_cost: 2.017337607425908
    efficiency: 0.62209
    discharge_ratio: 0.1
    depth_of_discharge: 0.4
  Li-ion:
    cost: 175.017
    lifetime: 26.8467
    annual_cost: 6.519125255618009
    efficiency: 0.878584
    discharge_ratio: 2
    depth_of_discharge: 0.9
  Pb-acid:
    cost: 167.645
    lifetime: 8.95989
    annual_cost: 18.710609170425084
    efficiency: 0.733455
    discharge_ratio: 5
    depth_of_discharge: 0.5
  VRBF:
    cost: 150.283
    lifetime: 24.0974
    annual_cost: 6.236481944110152
    efficiency: 0.842129
    discharge_ratio: 0.5
    depth_of_discharge: 1.0
