cost_values:
  wind_capex: 5000.0
  wind_opex: 100
  wind_lifetime: 20
  solar_capex: 1000.0
  solar_opex: 10
  solar_lifetime: 20
  carbon_price: 1.0
timeseries_values:
  load_level: 236768.18841863016
  wind_year: 2013
  solar_year: 2010
  price_year: 2023
  carbon_year: 2023
storage_values:
  CAES:
    cost: 58.3198
    lifetime: 24.8827
    annual_cost: 2.3437890582613625
    efficiency: 0.6258
    discharge_ratio: 0.1
    depth_of_discharge: 0.4
  Li-ion:
    cost: 192.733
    lifetime: 28.082
    annual_cost: 6.86322199273556
    efficiency: 0.887056
    discharge_ratio: 2
    depth_of_discharge: 0.9
  Pb-acid:
    cost: 168.265
    lifetime: 7.62935
    annual_cost: 22.054958810383585
    efficiency: 0.71813
    discharge_ratio: 5
    depth_of_discharge: 0.5
  VRBF:
    cost: 146.163
    lifetime: 23.1645
    annual_cost: 6.309784368322218
    efficiency: 0.822608
    discharge_ratio: 0.5
    depth_of_discharge: 1.0
