cost_values:
  wind_capex: 5000.0
  wind_opex: 100
  wind_lifetime: 20
  solar_capex: 1000.0
  solar_opex: 10
  solar_lifetime: 20
  carbon_price: 1.0
timeseries_values:
  load_level: 236768.18841863016
  wind_year: 2013
  solar_year: 2010
  price_year: 2023
  carbon_year: 2023
storage_values:
  CAES:
    cost: 49.3378
    lifetime: 25.1424
    annual_cost: 1.9623345424462264
    efficiency: 0.61456
    discharge_ratio: 0.1
    depth_of_discharge: 0.4
  Li-ion:
    cost: 182.982
    lifetime: 25.8974
    annual_cost: 7.065651378130623
    efficiency: 0.895365
    discharge_ratio: 2
    depth_of_discharge: 0.9
  Pb-acid:
    cost: 176.719
    lifetime: 8.6912
    annual_cost: 20.333095544918997
    efficiency: 0.732235
    discharge_ratio: 5
    depth_of_discharge: 0.5
  VRBF:
    cost: 161.093
    lifetime: 23.6863
    annual_cost: 6.801104435897544
    efficiency: 0.832089
    discharge_ratio: 0.5
    depth_of_discharge: 1.0
