cost_values:
  wind_capex: 5000.0
  wind_opex: 100
  wind_lifetime: 20
  solar_capex: 1000.0
  solar_opex: 10
  solar_lifetime: 20
  carbon_price: 1.0
timeseries_values:
  load_level: 236768.18841863016
  wind_year: 2013
  solar_year: 2010
  price_year: 2023
  carbon_year: 2023
storage_values:
  CAES:
    cost: 58.9964
    lifetime: 24.8922
    annual_cost: 2.3700757667060364
    efficiency: 0.637145
    discharge_ratio: 0.1
    depth_of_discharge: 0.4
  Li-ion:
    cost: 185.574
    lifetime: 25.4057
    annual_cost: 7.304423810404752
    efficiency: 0.886713
    discharge_ratio: 2
    depth_of_discharge: 0.9
  Pb-acid:
    cost: 168.229
    lifetime: 8.46698
    annual_cost: 19.868831625916208
    efficiency: 0.734188
    discharge_ratio: 5
    depth_of_discharge: 0.5
  VRBF:
    cost: 182.409
    lifetime: 22.4931
    annual_cost: 8.10955359643624
    efficiency: 0.825918
    discharge_ratio: 0.5
    depth_of_discharge: 1.0
