cost_values:
  wind_capex: 5000.0
  wind_opex: 100
  wind_lifetime: 20
  solar_capex: 1000.0
  solar_opex: 10
  solar_lifetime: 20
  carbon_price: 1.0
timeseries_values:
  load_level: 236768.18841863016
  wind_year: 2013
  solar_year: 2010
  price_year: 2023
  carbon_year: 2023
storage_values:
  CAES:
    cost: 57.0838
    lifetime: 25.0925
    annual_cost: 2.2749347414566103
    efficiency: 0.631265
    discharge_ratio: 0.1
    depth_of_discharge: 0.4
  Li-ion:
    cost: 158.794
    lifetime: 26.4172
    annual_cost: 6.011007979649622
    efficiency: 0.899577
    discharge_ratio: 2
    depth_of_discharge: 0.9
  Pb-acid:
    cost: 155.699
    lifetime: 7.65661
    annual_cost: 20.33523974709434
    efficiency: 0.71995
    discharge_ratio: 5
    depth_of_discharge: 0.5
  VRBF:
    cost: 176.175
    lifetime: 24.4029
    annual_cost: 7.219428838375768
    efficiency: 0.811024
    discharge_ratio: 0.5
    depth_of_discharge: 1.0
