cost_values:
  wind_capex: 5000.0
  wind_opex: 100
  wind_lifetime: 20
  solar_capex: 1000.0
  solar_opex: 10
  solar_lifetime: 20
  carbon_price: 1.0
timeseries_values:
  load_level: 236768.18841863016
  wind_year: 2013
  solar_year: 2010
  price_year: 2023
  carbon_year: 2023
storage_values:
  CAES:
    cost: 52.4245
    lifetime: 24.7026
    annual_cost: 2.1222260005019713
    efficiency: 0.630791
    discharge_ratio: 0.1
    depth_of_discharge: 0.4
  Li-ion:
    cost: 178.581
    lifetime: 28.5551
    annual_cost: 6.253909109055825
    efficiency: 0.895429
    discharge_ratio: 2
    depth_of_discharge: 0.9
  Pb-acid:
    cost: 153.686
    lifetime: 8.46188
    annual_cost: 18.162157818357148
    efficiency: 0.71668
    discharge_ratio: 5
    depth_of_discharge: 0.5
  VRBF:
    cost: 169.4
    lifetime: 22.5935
    annual_cost: 7.497731648482971
    efficiency: 0.832624
    discharge_ratio: 0.5
    depth_of_discharge: 1.0
