cost_values:
  wind_capex: 5000.0
  wind_opex: 100
  wind_lifetime: 20
  solar_capex: 1000.0
  solar_opex: 10
  solar_lifetime: 20
  carbon_price: 1.0
timeseries_values:
  load_level: 264995.4296290285
  wind_year: 2017
  solar_year: 2018
  price_year: 2023
  carbon_year: 2023
storage_values:
  CAES:
    cost: 57.9565
    lifetime: 23.2616
    annual_cost: 2.4915096124084326
    efficiency: 0.568649
    discharge_ratio: 0.1
    depth_of_discharge: 0.4
  Li-ion:
    cost: 291.472
    lifetime: 26.0267
    annual_cost: 11.19896106690437
    efficiency: 0.883732
    discharge_ratio: 2
    depth_of_discharge: 0.9
  Pb-acid:
    cost: 234.155
    lifetime: 15.4489
    annual_cost: 15.156742551249604
    efficiency: 0.741451
    discharge_ratio: 5
    depth_of_discharge: 0.5
  VRBF:
    cost: 274.511
    lifetime: 18.4629
    annual_cost: 14.868249299947463
    efficiency: 0.660035
    discharge_ratio: 0.5
    depth_of_discharge: 1.0
