cost_values:
  wind_capex: 5000.0
  wind_opex: 100
  wind_lifetime: 20
  solar_capex: 1000.0
  solar_opex: 10
  solar_lifetime: 20
  carbon_price: 1.0
timeseries_values:
  load_level: 264995.4296290285
  wind_year: 2017
  solar_year: 2018
  price_year: 2023
  carbon_year: 2023
storage_values:
  CAES:
    cost: 71.4025
    lifetime: 24.3854
    annual_cost: 2.928084017485873
    efficiency: 0.577184
    discharge_ratio: 0.1
    depth_of_discharge: 0.4
  Li-ion:
    cost: 288.969
    lifetime: 27.9305
    annual_cost: 10.34600168274825
    efficiency: 0.890735
    discharge_ratio: 2
    depth_of_discharge: 0.9
  Pb-acid:
    cost: 218.392
    lifetime: 16.7137
    annual_cost: 13.066645925199088
    efficiency: 0.727299
    discharge_ratio: 5
    depth_of_discharge: 0.5
  VRBF:
    cost: 275.197
    lifetime: 20.2043
    annual_cost: 13.620714402379692
    efficiency: 0.673975
    discharge_ratio: 0.5
    depth_of_discharge: 1.0
