cost_values:
  wind_capex: 5000.0
  wind_opex: 100
  wind_lifetime: 20
  solar_capex: 1000.0
  solar_opex: 10
  solar_lifetime: 20
  carbon_price: 1.0
timeseries_values:
  load_level: 264995.4296290285
  wind_year: 2017
  solar_year: 2018
  price_year: 2023
  carbon_year: 2023
storage_values:
  CAES:
    cost: 64.6829
    lifetime: 23.8471
    annual_cost: 2.7124010886019683
    efficiency: 0.573684
    discharge_ratio: 0.1
    depth_of_discharge: 0.4
  Li-ion:
    cost: 287.491
    lifetime: 24.6888
    annual_cost: 11.644591879718739
    efficiency: 0.86854
    discharge_ratio: 2
    depth_of_discharge: 0.9
  Pb-acid:
    cost: 243.288
    lifetime: 18.0405
    annual_cost: 13.485657271139935
    efficiency: 0.702099
    discharge_ratio: 5
    depth_of_discharge: 0.5
  VRBF:
    cost: 252.453
    lifetime: 18.733
    annual_cost: 13.476378583248811
    efficiency: 0.656519
    discharge_ratio: 0.5
    depth_of_discharge: 1.0
