cost_values:
  wind_capex: 5000.0
  wind_opex: 100
  wind_lifetime: 20
  solar_capex: 1000.0
  solar_opex: 10
  solar_lifetime: 20
  carbon_price: 1.0
timeseries_values:
  load_level: 264995.4296290285
  wind_year: 2017
  solar_year: 2018
  price_year: 2023
  carbon_year: 2023
storage_values:
  CAES:
    cost: 65.7421
    lifetime: 24.1079
    annual_cost: 2.7269940558903922
    efficiency: 0.565305
    discharge_ratio: 0.1
    depth_of_discharge: 0.4
  Li-ion:
    cost: 282.504
    lifetime: 27.77
    annual_cost: 10.172992437882607
    efficiency: 0.882441
    discharge_ratio: 2
    depth_of_discharge: 0.9
  Pb-acid:
    cost: 238.98
    lifetime: 14.5747
    annual_cost: 16.396906968925602
    efficiency: 0.7201
    discharge_ratio: 5
    depth_of_discharge: 0.5
  VRBF:
    cost: 262.916
    lifetime: 19.1163
    annual_cost: 13.753498323420327
    efficiency: 0.652847
    discharge_ratio: 0.5
    depth_of_discharge: 1.0
