cost_values:
  wind_capex: 5000.0
  wind_opex: 100
  wind_lifetime: 20
  solar_capex: 1000.0
  solar_opex: 10
  solar_lifetime: 20
  carbon_price: 1.0
timeseries_values:
  load_level: 264995.4296290285
  wind_year: 2017
  solar_year: 2018
  price_year: 2023
  carbon_year: 2023
storage_values:
  CAES:
    cost: 61.7922
    lifetime: 24.0369
    annual_cost: 2.5707225141345185
    efficiency: 0.570641
    discharge_ratio: 0.1
    depth_of_discharge: 0.4
  Li-ion:
    cost: 271.584
    lifetime: 24.3322
    annual_cost: 11.161506152341342
    efficiency: 0.890471
    discharge_ratio: 2
    depth_of_discharge: 0.9
  Pb-acid:
    cost: 222.663
    lifetime: 16.7526
    annual_cost: 13.291250313384191
    efficiency: 0.72825
    discharge_ratio: 5
    depth_of_discharge: 0.5
  VRBF:
    cost: 283.195
    lifetime: 18.9231
    annual_cost: 14.965571180197745
    efficiency: 0.660808
    discharge_ratio: 0.5
    depth_of_discharge: 1.0
