cost_values:
  wind_capex: 5000.0
  wind_opex: 100
  wind_lifetime: 20
  solar_capex: 1000.0
  solar_opex: 10
  solar_lifetime: 20
  carbon_price: 1.0
timeseries_values:
  load_level: 264995.4296290285
  wind_year: 2017
  solar_year: 2018
  price_year: 2023
  carbon_year: 2023
storage_values:
  CAES:
    cost: 66.7941
    lifetime: 23.1403
    annual_cost: 2.8864837534517704
    efficiency: 0.578387
    discharge_ratio: 0.1
    depth_of_discharge: 0.4
  Li-ion:
    cost: 281.136
    lifetime: 26.0433
    annual_cost: 10.794945341028212
    efficiency: 0.897006
    discharge_ratio: 2
    depth_of_discharge: 0.9
  Pb-acid:
    cost: 235.25
    lifetime: 15.5598
    annual_cost: 15.119088934305069
    efficiency: 0.713725
    discharge_ratio: 5
    depth_of_discharge: 0.5
  VRBF:
    cost: 237.051
    lifetime: 17.313
    annual_cost: 13.692081095130828
    efficiency: 0.675268
    discharge_ratio: 0.5
    depth_of_discharge: 1.0
