cost_values:
  wind_capex: 5000.0
  wind_opex: 100
  wind_lifetime: 20
  solar_capex: 1000.0
  solar_opex: 10
  solar_lifetime: 20
  carbon_price: 1.0
timeseries_values:
  load_level: 264995.4296290285
  wind_year: 2017
  solar_year: 2018
  price_year: 2023
  carbon_year: 2023
storage_values:
  CAES:
    cost: 65.8621
    lifetime: 23.6728
    annual_cost: 2.7821846169443414
    efficiency: 0.57017
    discharge_ratio: 0.1
    depth_of_discharge: 0.4
  Li-ion:
    cost: 284.515
    lifetime: 25.4667
    annual_cost: 11.172040350732525
    efficiency: 0.895614
    discharge_ratio: 2
    depth_of_discharge: 0.9
  Pb-acid:
    cost: 233.357
    lifetime: 17.5469
    annual_cost: 13.299044275627033
    efficiency: 0.755089
    discharge_ratio: 5
    depth_of_discharge: 0.5
  VRBF:
    cost: 250.527
    lifetime: 16.7315
    annual_cost: 14.9733735767863
    efficiency: 0.664452
    discharge_ratio: 0.5
    depth_of_discharge: 1.0
