cost_values:
  wind_capex: 5000.0
  wind_opex: 100
  wind_lifetime: 20
  solar_capex: 1000.0
  solar_opex: 10
  solar_lifetime: 20
  carbon_price: 1.0
timeseries_values:
  load_level: 264995.4296290285
  wind_year: 2017
  solar_year: 2018
  price_year: 2023
  carbon_year: 2023
storage_values:
  CAES:
    cost: 65.0875
    lifetime: 22.5129
    annual_cost: 2.8911202021951863
    efficiency: 0.576431
    discharge_ratio: 0.1
    depth_of_discharge: 0.4
  Li-ion:
    cost: 274.015
    lifetime: 24.9308
    annual_cost: 10.99102315208497
    efficiency: 0.907886
    discharge_ratio: 2
    depth_of_discharge: 0.9
  Pb-acid:
    cost: 247.945
    lifetime: 15.933
    annual_cost: 15.561727232787296
    efficiency: 0.709414
    discharge_ratio: 5
    depth_of_discharge: 0.5
  VRBF:
    cost: 288.341
    lifetime: 16.5737
    annual_cost: 17.397503273258238
    efficiency: 0.667336
    discharge_ratio: 0.5
    depth_of_discharge: 1.0
