cost_values:
  wind_capex: 5000.0
  wind_opex: 100
  wind_lifetime: 20
  solar_capex: 1000.0
  solar_opex: 10
  solar_lifetime: 20
  carbon_price: 1.0
timeseries_values:
  load_level: 264995.4296290285
  wind_year: 2017
  solar_year: 2018
  price_year: 2023
  carbon_year: 2023
storage_values:
  CAES:
    cost: 73.8394
    lifetime: 23.2359
    annual_cost: 3.17781536329559
    efficiency: 0.582136
    discharge_ratio: 0.1
    depth_of_discharge: 0.4
  Li-ion:
    cost: 299.878
    lifetime: 24.8584
    annual_cost: 12.063447365880346
    efficiency: 0.886193
    discharge_ratio: 2
    depth_of_discharge: 0.9
  Pb-acid:
    cost: 245.955
    lifetime: 15.3402
    annual_cost: 16.033363319904566
    efficiency: 0.724978
    discharge_ratio: 5
    depth_of_discharge: 0.5
  VRBF:
    cost: 245.408
    lifetime: 16.6802
    annual_cost: 14.712533422860638
    efficiency: 0.660497
    discharge_ratio: 0.5
    depth_of_discharge: 1.0
