cost_values:
  wind_capex: 5000.0
  wind_opex: 100
  wind_lifetime: 20
  solar_capex: 1000.0
  solar_opex: 10
  solar_lifetime: 20
  carbon_price: 1.0
timeseries_values:
  load_level: 264995.4296290285
  wind_year: 2017
  solar_year: 2018
  price_year: 2023
  carbon_year: 2023
storage_values:
  CAES:
    cost: 64.4385
    lifetime: 23.1234
    annual_cost: 2.786722540802823
    efficiency: 0.580581
    discharge_ratio: 0.1
    depth_of_discharge: 0.4
  Li-ion:
    cost: 292.395
    lifetime: 27.8812
    annual_cost: 10.487174153192832
    efficiency: 0.875262
    discharge_ratio: 2
    depth_of_discharge: 0.9
  Pb-acid:
    cost: 241.028
    lifetime: 17.1842
    annual_cost: 14.026140291663271
    efficiency: 0.737006
    discharge_ratio: 5
    depth_of_discharge: 0.5
  VRBF:
    cost: 260.977
    lifetime: 18.7585
    annual_cost: 13.912466348588637
    efficiency: 0.659302
    discharge_ratio: 0.5
    depth_of_discharge: 1.0
