cost_values:
  wind_capex: 5000.0
  wind_opex: 100
  wind_lifetime: 20
  solar_capex: 1000.0
  solar_opex: 10
  solar_lifetime: 20
  carbon_price: 1.0
timeseries_values:
  load_level: 264995.4296290285
  wind_year: 2017
  solar_year: 2018
  price_year: 2023
  carbon_year: 2023
storage_values:
  CAES:
    cost: 62.5647
    lifetime: 23.3455
    annual_cost: 2.67994688483862
    efficiency: 0.584995
    discharge_ratio: 0.1
    depth_of_discharge: 0.4
  Li-ion:
    cost: 290.091
    lifetime: 26.5584
    annual_cost: 10.922758901138623
    efficiency: 0.883029
    discharge_ratio: 2
    depth_of_discharge: 0.9
  Pb-acid:
    cost: 223.823
    lifetime: 15.4489
    annual_cost: 14.48795707137725
    efficiency: 0.723334
    discharge_ratio: 5
    depth_of_discharge: 0.5
  VRBF:
    cost: 274.284
    lifetime: 19.29
    annual_cost: 14.218973561430793
    efficiency: 0.685645
    discharge_ratio: 0.5
    depth_of_discharge: 1.0
