cost_values:
  wind_capex: 5000.0
  wind_opex: 100
  wind_lifetime: 20
  solar_capex: 1000.0
  solar_opex: 10
  solar_lifetime: 20
  carbon_price: 1.0
timeseries_values:
  load_level: 264995.4296290285
  wind_year: 2017
  solar_year: 2018
  price_year: 2023
  carbon_year: 2023
storage_values:
  CAES:
    cost: 67.1673
    lifetime: 23.623
    annual_cost: 2.8433010201921856
    efficiency: 0.58265
    discharge_ratio: 0.1
    depth_of_discharge: 0.4
  Li-ion:
    cost: 287.039
    lifetime: 24.629
    annual_cost: 11.654512972512078
    efficiency: 0.872245
    discharge_ratio: 2
    depth_of_discharge: 0.9
  Pb-acid:
    cost: 236.193
    lifetime: 16.4531
    annual_cost: 14.355531784283814
    efficiency: 0.726968
    discharge_ratio: 5
    depth_of_discharge: 0.5
  VRBF:
    cost: 258.58
    lifetime: 19.3815
    annual_cost: 13.34158862833114
    efficiency: 0.650936
    discharge_ratio: 0.5
    depth_of_discharge: 1.0
