cost_values:
  wind_capex: 5000.0
  wind_opex: 100
  wind_lifetime: 20
  solar_capex: 1000.0
  solar_opex: 10
  solar_lifetime: 20
  carbon_price: 1.0
timeseries_values:
  load_level: 264995.4296290285
  wind_year: 2017
  solar_year: 2018
  price_year: 2023
  carbon_year: 2023
storage_values:
  CAES:
    cost: 71.1288
    lifetime: 23.5888
    annual_cost: 3.0153632232245813
    efficiency: 0.562624
    discharge_ratio: 0.1
    depth_of_discharge: 0.4
  Li-ion:
    cost: 276.392
    lifetime: 24.7901
    annual_cost: 11.149289434088608
    efficiency: 0.888427
    discharge_ratio: 2
    depth_of_discharge: 0.9
  Pb-acid:
    cost: 243.938
    lifetime: 15.3509
    annual_cost: 15.890794676533623
    efficiency: 0.723367
    discharge_ratio: 5
    depth_of_discharge: 0.5
  VRBF:
    cost: 271.459
    lifetime: 17.5647
    annual_cost: 15.454804238045627
    efficiency: 0.664043
    discharge_ratio: 0.5
    depth_of_discharge: 1.0
