cost_values:
  wind_capex: 5000.0
  wind_opex: 100
  wind_lifetime: 20
  solar_capex: 1000.0
  solar_opex: 10
  solar_lifetime: 20
  carbon_price: 1.0
timeseries_values:
  load_level: 264995.4296290285
  wind_year: 2017
  solar_year: 2018
  price_year: 2023
  carbon_year: 2023
storage_values:
  CAES:
    cost: 68.1471
    lifetime: 23.3898
    annual_cost: 2.913539235051176
    efficiency: 0.580607
    discharge_ratio: 0.1
    depth_of_discharge: 0.4
  Li-ion:
    cost: 278.173
    lifetime: 24.7887
    annual_cost: 11.221766369353778
    efficiency: 0.884995
    discharge_ratio: 2
    depth_of_discharge: 0.9
  Pb-acid:
    cost: 235.229
    lifetime: 17.283
    annual_cost: 13.61042643059654
    efficiency: 0.710837
    discharge_ratio: 5
    depth_of_discharge: 0.5
  VRBF:
    cost: 294.458
    lifetime: 20.7331
    annual_cost: 14.202314173953727
    efficiency: 0.65762
    discharge_ratio: 0.5
    depth_of_discharge: 1.0
