cost_values:
  wind_capex: 5000.0
  wind_opex: 100
  wind_lifetime: 20
  solar_capex: 1000.0
  solar_opex: 10
  solar_lifetime: 20
  carbon_price: 1.0
timeseries_values:
  load_level: 264995.4296290285
  wind_year: 2017
  solar_year: 2018
  price_year: 2023
  carbon_year: 2023
storage_values:
  CAES:
    cost: 66.9881
    lifetime: 23.4644
    annual_cost: 2.8548822897666253
    efficiency: 0.579376
    discharge_ratio: 0.1
    depth_of_discharge: 0.4
  Li-ion:
    cost: 267.739
    lifetime: 26.3619
    annual_cost: 10.15628615539851
    efficiency: 0.88808
    discharge_ratio: 2
    depth_of_discharge: 0.9
  Pb-acid:
    cost: 229.67
    lifetime: 16.4724
    annual_cost: 13.942716301206866
    efficiency: 0.735942
    discharge_ratio: 5
    depth_of_discharge: 0.5
  VRBF:
    cost: 255.824
    lifetime: 17.4645
    annual_cost: 14.648229265080593
    efficiency: 0.654876
    discharge_ratio: 0.5
    depth_of_discharge: 1.0
