cost_values:
  wind_capex: 5000.0
  wind_opex: 100
  wind_lifetime: 20
  solar_capex: 1000.0
  solar_opex: 10
  solar_lifetime: 20
  carbon_price: 1.0
timeseries_values:
  load_level: 264995.4296290285
  wind_year: 2017
  solar_year: 2018
  price_year: 2023
  carbon_year: 2023
storage_values:
  CAES:
    cost: 64.6007
    lifetime: 23.3366
    annual_cost: 2.7682138786284205
    efficiency: 0.578452
    discharge_ratio: 0.1
    depth_of_discharge: 0.4
  Li-ion:
    cost: 278.274
    lifetime: 24.6147
    annual_cost: 11.305195675754732
    efficiency: 0.895209
    discharge_ratio: 2
    depth_of_discharge: 0.9
  Pb-acid:
    cost: 247.44
    lifetime: 17.2294
    annual_cost: 14.36149836906683
    efficiency: 0.725778
    discharge_ratio: 5
    depth_of_discharge: 0.5
  VRBF:
    cost: 289.175
    lifetime: 16.9326
    annual_cost: 17.07800337809905
    efficiency: 0.672523
    discharge_ratio: 0.5
    depth_of_discharge: 1.0
