cost_values:
  wind_capex: 5000.0
  wind_opex: 100
  wind_lifetime: 20
  solar_capex: 1000.0
  solar_opex: 10
  solar_lifetime: 20
  carbon_price: 1.0
timeseries_values:
  load_level: 264995.4296290285
  wind_year: 2017
  solar_year: 2018
  price_year: 2023
  carbon_year: 2023
storage_values:
  CAES:
    cost: 67.6795
    lifetime: 22.7129
    annual_cost: 2.979782414398866
    efficiency: 0.588623
    discharge_ratio: 0.1
    depth_of_discharge: 0.4
  Li-ion:
    cost: 257.318
    lifetime: 24.7337
    annual_cost: 10.403538492016965
    efficiency: 0.886085
    discharge_ratio: 2
    depth_of_discharge: 0.9
  Pb-acid:
    cost: 238.512
    lifetime: 16.5995
    annual_cost: 14.368625561010875
    efficiency: 0.733135
    discharge_ratio: 5
    depth_of_discharge: 0.5
  VRBF:
    cost: 263.118
    lifetime: 17.0519
    annual_cost: 15.430421243380502
    efficiency: 0.670761
    discharge_ratio: 0.5
    depth_of_discharge: 1.0
