cost_values:
  wind_capex: 5000.0
  wind_opex: 100
  wind_lifetime: 20
  solar_capex: 1000.0
  solar_opex: 10
  solar_lifetime: 20
  carbon_price: 1.0
timeseries_values:
  load_level: 264995.4296290285
  wind_year: 2017
  solar_year: 2018
  price_year: 2023
  carbon_year: 2023
storage_values:
  CAES:
    cost: 67.9331
    lifetime: 24.1189
    annual_cost: 2.8165919672953574
    efficiency: 0.571051
    discharge_ratio: 0.1
    depth_of_discharge: 0.4
  Li-ion:
    cost: 269.668
    lifetime: 25.5338
    annual_cost: 10.561216896819118
    efficiency: 0.892283
    discharge_ratio: 2
    depth_of_discharge: 0.9
  Pb-acid:
    cost: 241.707
    lifetime: 16.6808
    annual_cost: 14.490132367752144
    efficiency: 0.734753
    discharge_ratio: 5
    depth_of_discharge: 0.5
  VRBF:
    cost: 249.211
    lifetime: 18.4428
    annual_cost: 13.512644500835016
    efficiency: 0.653993
    discharge_ratio: 0.5
    depth_of_discharge: 1.0
