cost_values:
  wind_capex: 5000.0
  wind_opex: 100
  wind_lifetime: 20
  solar_capex: 1000.0
  solar_opex: 10
  solar_lifetime: 20
  carbon_price: 1.0
timeseries_values:
  load_level: 264995.4296290285
  wind_year: 2017
  solar_year: 2018
  price_year: 2023
  carbon_year: 2023
storage_values:
  CAES:
    cost: 68.6315
    lifetime: 22.4221
    annual_cost: 3.0608863576560625
    efficiency: 0.579138
    discharge_ratio: 0.1
    depth_of_discharge: 0.4
  Li-ion:
    cost: 279.191
    lifetime: 27.5833
    annual_cost: 10.121740328387103
    efficiency: 0.884874
    discharge_ratio: 2
    depth_of_discharge: 0.9
  Pb-acid:
    cost: 232.419
    lifetime: 16.3386
    annual_cost: 14.225147809481841
    efficiency: 0.719259
    discharge_ratio: 5
    depth_of_discharge: 0.5
  VRBF:
    cost: 303.198
    lifetime: 17.9997
    annual_cost: 16.84461407690128
    efficiency: 0.671205
    discharge_ratio: 0.5
    depth_of_discharge: 1.0
