cost_values:
  wind_capex: 5000.0
  wind_opex: 100
  wind_lifetime: 20
  solar_capex: 1000.0
  solar_opex: 10
  solar_lifetime: 20
  carbon_price: 1.0
timeseries_values:
  load_level: 264995.4296290285
  wind_year: 2017
  solar_year: 2018
  price_year: 2023
  carbon_year: 2023
storage_values:
  CAES:
    cost: 71.2038
    lifetime: 22.69
    annual_cost: 3.1381137064786246
    efficiency: 0.577645
    discharge_ratio: 0.1
    depth_of_discharge: 0.4
  Li-ion:
    cost: 273.343
    lifetime: 27.2668
    annual_cost: 10.02475538016929
    efficiency: 0.874559
    discharge_ratio: 2
    depth_of_discharge: 0.9
  Pb-acid:
    cost: 237.437
    lifetime: 16.1589
    annual_cost: 14.693883865857208
    efficiency: 0.710711
    discharge_ratio: 5
    depth_of_discharge: 0.5
  VRBF:
    cost: 308.779
    lifetime: 18.7195
    annual_cost: 16.49504527364513
    efficiency: 0.659597
    discharge_ratio: 0.5
    depth_of_discharge: 1.0
