cost_values:
  wind_capex: 5000.0
  wind_opex: 100
  wind_lifetime: 20
  solar_capex: 1000.0
  solar_opex: 10
  solar_lifetime: 20
  carbon_price: 1.0
timeseries_values:
  load_level: 264995.4296290285
  wind_year: 2017
  solar_year: 2018
  price_year: 2023
  carbon_year: 2023
storage_values:
  CAES:
    cost: 66.7399
    lifetime: 22.7449
    annual_cost: 2.934279772608365
    efficiency: 0.57982
    discharge_ratio: 0.1
    depth_of_discharge: 0.4
  Li-ion:
    cost: 272.611
    lifetime: 28.4346
    annual_cost: 9.587298572865452
    efficiency: 0.885276
    discharge_ratio: 2
    depth_of_discharge: 0.9
  Pb-acid:
    cost: 231.641
    lifetime: 15.3354
    annual_cost: 15.104985849733296
    efficiency: 0.72152
    discharge_ratio: 5
    depth_of_discharge: 0.5
  VRBF:
    cost: 284.38
    lifetime: 18.7786
    annual_cost: 15.143833938632271
    efficiency: 0.651194
    discharge_ratio: 0.5
    depth_of_discharge: 1.0
