cost_values:
  wind_capex: 5000.0
  wind_opex: 100
  wind_lifetime: 20
  solar_capex: 1000.0
  solar_opex: 10
  solar_lifetime: 20
  carbon_price: 1.0
timeseries_values:
  load_level: 264995.4296290285
  wind_year: 2017
  solar_year: 2018
  price_year: 2023
  carbon_year: 2023
storage_values:
  CAES:
    cost: 66.6478
    lifetime: 23.4997
    annual_cost: 2.8361128014400183
    efficiency: 0.574003
    discharge_ratio: 0.1
    depth_of_discharge: 0.4
  Li-ion:
    cost: 272.787
    lifetime: 25.7028
    annual_cost: 10.613123861991689
    efficiency: 0.880325
    discharge_ratio: 2
    depth_of_discharge: 0.9
  Pb-acid:
    cost: 242.817
    lifetime: 17.3863
    annual_cost: 13.965996215410986
    efficiency: 0.724656
    discharge_ratio: 5
    depth_of_discharge: 0.5
  VRBF:
    cost: 249.614
    lifetime: 19.3618
    annual_cost: 12.892086479562852
    efficiency: 0.655043
    discharge_ratio: 0.5
    depth_of_discharge: 1.0
