cost_values:
  wind_capex: 5000.0
  wind_opex: 100
  wind_lifetime: 20
  solar_capex: 1000.0
  solar_opex: 10
  solar_lifetime: 20
  carbon_price: 1.0
timeseries_values:
  load_level: 264995.4296290285
  wind_year: 2017
  solar_year: 2018
  price_year: 2023
  carbon_year: 2023
storage_values:
  CAES:
    cost: 68.8094
    lifetime: 24.5556
    annual_cost: 2.8021876883480754
    efficiency: 0.585929
    discharge_ratio: 0.1
    depth_of_discharge: 0.4
  Li-ion:
    cost: 298.979
    lifetime: 26.0937
    annual_cost: 11.457899799568478
    efficiency: 0.890218
    discharge_ratio: 2
    depth_of_discharge: 0.9
  Pb-acid:
    cost: 218.528
    lifetime: 16.1621
    annual_cost: 13.521015214607013
    efficiency: 0.704787
    discharge_ratio: 5
    depth_of_discharge: 0.5
  VRBF:
    cost: 273.968
    lifetime: 15.7138
    annual_cost: 17.434866168590666
    efficiency: 0.681791
    discharge_ratio: 0.5
    depth_of_discharge: 1.0
