cost_values:
  wind_capex: 5000.0
  wind_opex: 100
  wind_lifetime: 20
  solar_capex: 1000.0
  solar_opex: 10
  solar_lifetime: 20
  carbon_price: 1.0
timeseries_values:
  load_level: 264995.4296290285
  wind_year: 2017
  solar_year: 2018
  price_year: 2023
  carbon_year: 2023
storage_values:
  CAES:
    cost: 62.4872
    lifetime: 23.7737
    annual_cost: 2.6284171163933254
    efficiency: 0.567658
    discharge_ratio: 0.1
    depth_of_discharge: 0.4
  Li-ion:
    cost: 295.533
    lifetime: 26.8211
    annual_cost: 11.018675594960683
    efficiency: 0.900064
    discharge_ratio: 2
    depth_of_discharge: 0.9
  Pb-acid:
    cost: 231.3
    lifetime: 16.9516
    annual_cost: 13.644729701031173
    efficiency: 0.714727
    discharge_ratio: 5
    depth_of_discharge: 0.5
  VRBF:
    cost: 286.878
    lifetime: 18.2459
    annual_cost: 15.72287472802109
    efficiency: 0.654684
    discharge_ratio: 0.5
    depth_of_discharge: 1.0
