cost_values:
  wind_capex: 5000.0
  wind_opex: 100
  wind_lifetime: 20
  solar_capex: 1000.0
  solar_opex: 10
  solar_lifetime: 20
  carbon_price: 1.0
timeseries_values:
  load_level: 264995.4296290285
  wind_year: 2017
  solar_year: 2018
  price_year: 2023
  carbon_year: 2023
storage_values:
  CAES:
    cost: 68.4334
    lifetime: 22.9344
    annual_cost: 2.9838757499651183
    efficiency: 0.572491
    discharge_ratio: 0.1
    depth_of_discharge: 0.4
  Li-ion:
    cost: 277.896
    lifetime: 26.1374
    annual_cost: 10.632121021983824
    efficiency: 0.890483
    discharge_ratio: 2
    depth_of_discharge: 0.9
  Pb-acid:
    cost: 235.035
    lifetime: 16.4987
    annual_cost: 14.245667840496525
    efficiency: 0.731728
    discharge_ratio: 5
    depth_of_discharge: 0.5
  VRBF:
    cost: 253.983
    lifetime: 18.827
    annual_cost: 13.490359589950602
    efficiency: 0.657826
    discharge_ratio: 0.5
    depth_of_discharge: 1.0
