cost_values:
  wind_capex: 5000.0
  wind_opex: 100
  wind_lifetime: 20
  solar_capex: 1000.0
  solar_opex: 10
  solar_lifetime: 20
  carbon_price: 1.0
timeseries_values:
  load_level: 264995.4296290285
  wind_year: 2017
  solar_year: 2018
  price_year: 2023
  carbon_year: 2023
storage_values:
  CAES:
    cost: 71.5373
    lifetime: 22.8321
    annual_cost: 3.1331896759387003
    efficiency: 0.580042
    discharge_ratio: 0.1
    depth_of_discharge: 0.4
  Li-ion:
    cost: 274.364
    lifetime: 26.2069
    annual_cost: 10.469151254059044
    efficiency: 0.894012
    discharge_ratio: 2
    depth_of_discharge: 0.9
  Pb-acid:
    cost: 249.099
    lifetime: 15.6209
    annual_cost: 15.946520366944284
    efficiency: 0.733019
    discharge_ratio: 5
    depth_of_discharge: 0.5
  VRBF:
    cost: 255.704
    lifetime: 19.4736
    annual_cost: 13.13080272779558
    efficiency: 0.663156
    discharge_ratio: 0.5
    depth_of_discharge: 1.0
