cost_values:
  wind_capex: 5000.0
  wind_opex: 100
  wind_lifetime: 20
  solar_capex: 1000.0
  solar_opex: 10
  solar_lifetime: 20
  carbon_price: 1.0
timeseries_values:
  load_level: 264995.4296290285
  wind_year: 2017
  solar_year: 2018
  price_year: 2023
  carbon_year: 2023
storage_values:
  CAES:
    cost: 72.3806
    lifetime: 22.2548
    annual_cost: 3.2523590416449486
    efficiency: 0.566947
    discharge_ratio: 0.1
    depth_of_discharge: 0.4
  Li-ion:
    cost: 286.931
    lifetime: 26.8639
    annual_cost: 10.680913791370575
    efficiency: 0.881563
    discharge_ratio: 2
    depth_of_discharge: 0.9
  Pb-acid:
    cost: 220.551
    lifetime: 16.7806
    annual_cost: 13.143212995959619
    efficiency: 0.7213
    discharge_ratio: 5
    depth_of_discharge: 0.5
  VRBF:
    cost: 287.182
    lifetime: 14.164
    annual_cost: 20.27548715052245
    efficiency: 0.674886
    discharge_ratio: 0.5
    depth_of_discharge: 1.0
