cost_values:
  wind_capex: 5000.0
  wind_opex: 100
  wind_lifetime: 20
  solar_capex: 1000.0
  solar_opex: 10
  solar_lifetime: 20
  carbon_price: 1.0
timeseries_values:
  load_level: 264995.4296290285
  wind_year: 2017
  solar_year: 2018
  price_year: 2023
  carbon_year: 2023
storage_values:
  CAES:
    cost: 64.0089
    lifetime: 24.1474
    annual_cost: 2.6507574314418942
    efficiency: 0.576527
    discharge_ratio: 0.1
    depth_of_discharge: 0.4
  Li-ion:
    cost: 282.989
    lifetime: 27.3786
    annual_cost: 10.336138443894136
    efficiency: 0.893952
    discharge_ratio: 2
    depth_of_discharge: 0.9
  Pb-acid:
    cost: 234.749
    lifetime: 17.6623
    annual_cost: 13.290964370438733
    efficiency: 0.731729
    discharge_ratio: 5
    depth_of_discharge: 0.5
  VRBF:
    cost: 256.943
    lifetime: 18.9541
    annual_cost: 13.556064387124684
    efficiency: 0.650837
    discharge_ratio: 0.5
    depth_of_discharge: 1.0
