cost_values:
  wind_capex: 5000.0
  wind_opex: 100
  wind_lifetime: 20
  solar_capex: 1000.0
  solar_opex: 10
  solar_lifetime: 20
  carbon_price: 1.0
timeseries_values:
  load_level: 264995.4296290285
  wind_year: 2017
  solar_year: 2018
  price_year: 2023
  carbon_year: 2023
storage_values:
  CAES:
    cost: 74.2459
    lifetime: 23.4946
    annual_cost: 3.1601261566487624
    efficiency: 0.572181
    discharge_ratio: 0.1
    depth_of_discharge: 0.4
  Li-ion:
    cost: 284.743
    lifetime: 26.6309
    annual_cost: 10.69220341783417
    efficiency: 0.894955
    discharge_ratio: 2
    depth_of_discharge: 0.9
  Pb-acid:
    cost: 218.697
    lifetime: 16.7568
    annual_cost: 13.051238900028647
    efficiency: 0.718481
    discharge_ratio: 5
    depth_of_discharge: 0.5
  VRBF:
    cost: 251.438
    lifetime: 19.8905
    annual_cost: 12.641110077675272
    efficiency: 0.669539
    discharge_ratio: 0.5
    depth_of_discharge: 1.0
