cost_values:
  wind_capex: 5000.0
  wind_opex: 100
  wind_lifetime: 20
  solar_capex: 1000.0
  solar_opex: 10
  solar_lifetime: 20
  carbon_price: 1.0
timeseries_values:
  load_level: 264995.4296290285
  wind_year: 2017
  solar_year: 2018
  price_year: 2023
  carbon_year: 2023
storage_values:
  CAES:
    cost: 65.8564
    lifetime: 22.3727
    annual_cost: 2.943605376195095
    efficiency: 0.576138
    discharge_ratio: 0.1
    depth_of_discharge: 0.4
  Li-ion:
    cost: 282.173
    lifetime: 25.9078
    annual_cost: 10.891430380039987
    efficiency: 0.881947
    discharge_ratio: 2
    depth_of_discharge: 0.9
  Pb-acid:
    cost: 243.599
    lifetime: 16.3783
    annual_cost: 14.873277446377218
    efficiency: 0.718923
    discharge_ratio: 5
    depth_of_discharge: 0.5
  VRBF:
    cost: 262.87
    lifetime: 18.1015
    annual_cost: 14.522000939148688
    efficiency: 0.650541
    discharge_ratio: 0.5
    depth_of_discharge: 1.0
