cost_values:
  wind_capex: 5000.0
  wind_opex: 100
  wind_lifetime: 20
  solar_capex: 1000.0
  solar_opex: 10
  solar_lifetime: 20
  carbon_price: 1.0
timeseries_values:
  load_level: 264995.4296290285
  wind_year: 2017
  solar_year: 2018
  price_year: 2023
  carbon_year: 2023
storage_values:
  CAES:
    cost: 66.7014
    lifetime: 23.0592
    annual_cost: 2.8926155287260618
    efficiency: 0.582476
    discharge_ratio: 0.1
    depth_of_discharge: 0.4
  Li-ion:
    cost: 294.609
    lifetime: 26.5656
    annual_cost: 11.089868100099375
    efficiency: 0.877163
    discharge_ratio: 2
    depth_of_discharge: 0.9
  Pb-acid:
    cost: 234.692
    lifetime: 15.4994
    annual_cost: 15.14200549698698
    efficiency: 0.727891
    discharge_ratio: 5
    depth_of_discharge: 0.5
  VRBF:
    cost: 257.762
    lifetime: 18.2101
    annual_cost: 14.154892065392282
    efficiency: 0.654626
    discharge_ratio: 0.5
    depth_of_discharge: 1.0
