cost_values:
  wind_capex: 5000.0
  wind_opex: 100
  wind_lifetime: 20
  solar_capex: 1000.0
  solar_opex: 10
  solar_lifetime: 20
  carbon_price: 1.0
timeseries_values:
  load_level: 264995.4296290285
  wind_year: 2017
  solar_year: 2018
  price_year: 2023
  carbon_year: 2023
storage_values:
  CAES:
    cost: 67.2336
    lifetime: 23.2518
    annual_cost: 2.89154388047377
    efficiency: 0.572911
    discharge_ratio: 0.1
    depth_of_discharge: 0.4
  Li-ion:
    cost: 279.047
    lifetime: 28.9881
    annual_cost: 9.626260431004448
    efficiency: 0.883145
    discharge_ratio: 2
    depth_of_discharge: 0.9
  Pb-acid:
    cost: 238.756
    lifetime: 15.2326
    annual_cost: 15.674014941638328
    efficiency: 0.714593
    discharge_ratio: 5
    depth_of_discharge: 0.5
  VRBF:
    cost: 251.699
    lifetime: 19.7589
    annual_cost: 12.73851277145995
    efficiency: 0.658464
    discharge_ratio: 0.5
    depth_of_discharge: 1.0
