cost_values:
  wind_capex: 5000.0
  wind_opex: 100
  wind_lifetime: 20
  solar_capex: 1000.0
  solar_opex: 10
  solar_lifetime: 20
  carbon_price: 1.0
timeseries_values:
  load_level: 264995.4296290285
  wind_year: 2017
  solar_year: 2018
  price_year: 2023
  carbon_year: 2023
storage_values:
  CAES:
    cost: 69.7633
    lifetime: 23.2071
    annual_cost: 3.00611881708615
    efficiency: 0.576538
    discharge_ratio: 0.1
    depth_of_discharge: 0.4
  Li-ion:
    cost: 275.977
    lifetime: 26.7093
    annual_cost: 10.332618226610206
    efficiency: 0.907095
    discharge_ratio: 2
    depth_of_discharge: 0.9
  Pb-acid:
    cost: 218.532
    lifetime: 14.8472
    annual_cost: 14.718734845627457
    efficiency: 0.734748
    discharge_ratio: 5
    depth_of_discharge: 0.5
  VRBF:
    cost: 257.574
    lifetime: 17.9662
    annual_cost: 14.33658759225657
    efficiency: 0.654333
    discharge_ratio: 0.5
    depth_of_discharge: 1.0
