cost_values:
  wind_capex: 5000.0
  wind_opex: 100
  wind_lifetime: 20
  solar_capex: 1000.0
  solar_opex: 10
  solar_lifetime: 20
  carbon_price: 1.0
timeseries_values:
  load_level: 264995.4296290285
  wind_year: 2017
  solar_year: 2018
  price_year: 2023
  carbon_year: 2023
storage_values:
  CAES:
    cost: 68.9889
    lifetime: 24.1946
    annual_cost: 2.8514172583965016
    efficiency: 0.576468
    discharge_ratio: 0.1
    depth_of_discharge: 0.4
  Li-ion:
    cost: 279.416
    lifetime: 24.4966
    annual_cost: 11.406317611423626
    efficiency: 0.887248
    discharge_ratio: 2
    depth_of_discharge: 0.9
  Pb-acid:
    cost: 244.435
    lifetime: 16.6864
    annual_cost: 14.648755873046314
    efficiency: 0.728128
    discharge_ratio: 5
    depth_of_discharge: 0.5
  VRBF:
    cost: 258.97
    lifetime: 17.0399
    annual_cost: 15.19785914236586
    efficiency: 0.663782
    discharge_ratio: 0.5
    depth_of_discharge: 1.0
