cost_values:
  wind_capex: 5000.0
  wind_opex: 100
  wind_lifetime: 20
  solar_capex: 1000.0
  solar_opex: 10
  solar_lifetime: 20
  carbon_price: 1.0
timeseries_values:
  load_level: 264995.4296290285
  wind_year: 2017
  solar_year: 2018
  price_year: 2023
  carbon_year: 2023
storage_values:
  CAES:
    cost: 64.0779
    lifetime: 23.4383
    annual_cost: 2.7338970829795675
    efficiency: 0.58283
    discharge_ratio: 0.1
    depth_of_discharge: 0.4
  Li-ion:
    cost: 285.492
    lifetime: 28.9725
    annual_cost: 9.85389593580119
    efficiency: 0.900924
    discharge_ratio: 2
    depth_of_discharge: 0.9
  Pb-acid:
    cost: 227.146
    lifetime: 16.8329
    annual_cost: 13.49416915682978
    efficiency: 0.736907
    discharge_ratio: 5
    depth_of_discharge: 0.5
  VRBF:
    cost: 247.003
    lifetime: 18.3578
    annual_cost: 13.454934687162948
    efficiency: 0.659546
    discharge_ratio: 0.5
    depth_of_discharge: 1.0
