cost_values:
  wind_capex: 5000.0
  wind_opex: 100
  wind_lifetime: 20
  solar_capex: 1000.0
  solar_opex: 10
  solar_lifetime: 20
  carbon_price: 1.0
timeseries_values:
  load_level: 264995.4296290285
  wind_year: 2017
  solar_year: 2018
  price_year: 2023
  carbon_year: 2023
storage_values:
  CAES:
    cost: 58.6124
    lifetime: 23.5346
    annual_cost: 2.4904778496341557
    efficiency: 0.565464
    discharge_ratio: 0.1
    depth_of_discharge: 0.4
  Li-ion:
    cost: 288.752
    lifetime: 28.4403
    annual_cost: 10.15291681170733
    efficiency: 0.892437
    discharge_ratio: 2
    depth_of_discharge: 0.9
  Pb-acid:
    cost: 235.066
    lifetime: 16.7731
    annual_cost: 14.01446363522545
    efficiency: 0.718981
    discharge_ratio: 5
    depth_of_discharge: 0.5
  VRBF:
    cost: 283.0
    lifetime: 17.0301
    annual_cost: 16.617635833025055
    efficiency: 0.660728
    discharge_ratio: 0.5
    depth_of_discharge: 1.0
