cost_values:
  wind_capex: 5000.0
  wind_opex: 100
  wind_lifetime: 20
  solar_capex: 1000.0
  solar_opex: 10
  solar_lifetime: 20
  carbon_price: 1.0
timeseries_values:
  load_level: 264995.4296290285
  wind_year: 2017
  solar_year: 2018
  price_year: 2023
  carbon_year: 2023
storage_values:
  CAES:
    cost: 69.876
    lifetime: 23.1025
    annual_cost: 3.024607726436533
    efficiency: 0.577726
    discharge_ratio: 0.1
    depth_of_discharge: 0.4
  Li-ion:
    cost: 285.162
    lifetime: 26.9357
    annual_cost: 10.586767746893527
    efficiency: 0.879434
    discharge_ratio: 2
    depth_of_discharge: 0.9
  Pb-acid:
    cost: 249.197
    lifetime: 16.7415
    annual_cost: 14.884986411014546
    efficiency: 0.724556
    discharge_ratio: 5
    depth_of_discharge: 0.5
  VRBF:
    cost: 274.246
    lifetime: 20.5545
    annual_cost: 13.342382446666178
    efficiency: 0.667846
    discharge_ratio: 0.5
    depth_of_discharge: 1.0
