cost_values:
  wind_capex: 5000.0
  wind_opex: 100
  wind_lifetime: 20
  solar_capex: 1000.0
  solar_opex: 10
  solar_lifetime: 20
  carbon_price: 1.0
timeseries_values:
  load_level: 264995.4296290285
  wind_year: 2017
  solar_year: 2018
  price_year: 2023
  carbon_year: 2023
storage_values:
  CAES:
    cost: 71.6104
    lifetime: 23.0616
    annual_cost: 3.105179172303743
    efficiency: 0.56594
    discharge_ratio: 0.1
    depth_of_discharge: 0.4
  Li-ion:
    cost: 292.583
    lifetime: 24.3125
    annual_cost: 12.034262210796916
    efficiency: 0.887925
    discharge_ratio: 2
    depth_of_discharge: 0.9
  Pb-acid:
    cost: 243.639
    lifetime: 15.4948
    annual_cost: 15.72392028293363
    efficiency: 0.739722
    discharge_ratio: 5
    depth_of_discharge: 0.5
  VRBF:
    cost: 297.475
    lifetime: 18.0602
    annual_cost: 16.471301535974135
    efficiency: 0.67119
    discharge_ratio: 0.5
    depth_of_discharge: 1.0
