cost_values:
  wind_capex: 5000.0
  wind_opex: 100
  wind_lifetime: 20
  solar_capex: 1000.0
  solar_opex: 10
  solar_lifetime: 20
  carbon_price: 1.0
timeseries_values:
  load_level: 264995.4296290285
  wind_year: 2017
  solar_year: 2018
  price_year: 2023
  carbon_year: 2023
storage_values:
  CAES:
    cost: 67.5063
    lifetime: 23.7358
    annual_cost: 2.8440709813867655
    efficiency: 0.58742
    discharge_ratio: 0.1
    depth_of_discharge: 0.4
  Li-ion:
    cost: 297.849
    lifetime: 24.7111
    annual_cost: 12.053247326100417
    efficiency: 0.897071
    discharge_ratio: 2
    depth_of_discharge: 0.9
  Pb-acid:
    cost: 243.799
    lifetime: 16.011
    annual_cost: 15.226968958840798
    efficiency: 0.722839
    discharge_ratio: 5
    depth_of_discharge: 0.5
  VRBF:
    cost: 256.918
    lifetime: 20.4798
    annual_cost: 12.54494672799539
    efficiency: 0.668106
    discharge_ratio: 0.5
    depth_of_discharge: 1.0
