cost_values:
  wind_capex: 5000.0
  wind_opex: 100
  wind_lifetime: 20
  solar_capex: 1000.0
  solar_opex: 10
  solar_lifetime: 20
  carbon_price: 1.0
timeseries_values:
  load_level: 242379.29994153598
  wind_year: 2017
  solar_year: 2014
  price_year: 2023
  carbon_year: 2023
storage_values:
  CAES:
    cost: 40.4441
    lifetime: 23.7543
    annual_cost: 1.7026012132540214
    efficiency: 0.572692
    discharge_ratio: 0.1
    depth_of_discharge: 0.4
  Li-ion:
    cost: 261.228
    lifetime: 21.0924
    annual_cost: 12.384934858053137
    efficiency: 0.945581
    discharge_ratio: 2
    depth_of_discharge: 0.9
  Pb-acid:
    cost: 59.3701
    lifetime: 19.2358
    annual_cost: 3.086437787874692
    efficiency: 0.764016
    discharge_ratio: 5
    depth_of_discharge: 0.5
  VRBF:
    cost: 222.65
    lifetime: 13.895
    annual_cost: 16.023749550197913
    efficiency: 0.693176
    discharge_ratio: 0.5
    depth_of_discharge: 1.0
