cost_values:
  wind_capex: 5000.0
  wind_opex: 100
  wind_lifetime: 20
  solar_capex: 1000.0
  solar_opex: 10
  solar_lifetime: 20
  carbon_price: 1.0
timeseries_values:
  load_level: 242379.29994153598
  wind_year: 2017
  solar_year: 2014
  price_year: 2023
  carbon_year: 2023
storage_values:
  CAES:
    cost: 31.8557
    lifetime: 23.5906
    annual_cost: 1.3503556501318321
    efficiency: 0.575324
    discharge_ratio: 0.1
    depth_of_discharge: 0.4
  Li-ion:
    cost: 257.293
    lifetime: 23.4352
    annual_cost: 10.978912063903872
    efficiency: 0.937717
    discharge_ratio: 2
    depth_of_discharge: 0.9
  Pb-acid:
    cost: 98.7826
    lifetime: 18.9144
    annual_cost: 5.222613458528952
    efficiency: 0.753363
    discharge_ratio: 5
    depth_of_discharge: 0.5
  VRBF:
    cost: 220.104
    lifetime: 13.1058
    annual_cost: 16.794396374124435
    efficiency: 0.717954
    discharge_ratio: 0.5
    depth_of_discharge: 1.0
