cost_values:
  wind_capex: 5000.0
  wind_opex: 100
  wind_lifetime: 20
  solar_capex: 1000.0
  solar_opex: 10
  solar_lifetime: 20
  carbon_price: 1.0
timeseries_values:
  load_level: 242379.29994153598
  wind_year: 2017
  solar_year: 2014
  price_year: 2023
  carbon_year: 2023
storage_values:
  CAES:
    cost: 27.5946
    lifetime: 23.3585
    annual_cost: 1.1813515422651284
    efficiency: 0.562238
    discharge_ratio: 0.1
    depth_of_discharge: 0.4
  Li-ion:
    cost: 252.486
    lifetime: 22.9398
    annual_cost: 11.006460387623257
    efficiency: 0.942019
    discharge_ratio: 2
    depth_of_discharge: 0.9
  Pb-acid:
    cost: 95.5616
    lifetime: 17.6797
    annual_cost: 5.405159589812044
    efficiency: 0.756812
    discharge_ratio: 5
    depth_of_discharge: 0.5
  VRBF:
    cost: 216.543
    lifetime: 15.2952
    annual_cost: 14.157578848266123
    efficiency: 0.705927
    discharge_ratio: 0.5
    depth_of_discharge: 1.0
