cost_values:
  wind_capex: 5000.0
  wind_opex: 100
  wind_lifetime: 20
  solar_capex: 1000.0
  solar_opex: 10
  solar_lifetime: 20
  carbon_price: 1.0
timeseries_values:
  load_level: 242379.29994153598
  wind_year: 2017
  solar_year: 2014
  price_year: 2023
  carbon_year: 2023
storage_values:
  CAES:
    cost: 27.1322
    lifetime: 24.8209
    annual_cost: 1.0931191052701554
    efficiency: 0.55096
    discharge_ratio: 0.1
    depth_of_discharge: 0.4
  Li-ion:
    cost: 259.288
    lifetime: 23.6995
    annual_cost: 10.940652756387266
    efficiency: 0.928068
    discharge_ratio: 2
    depth_of_discharge: 0.9
  Pb-acid:
    cost: 67.7896
    lifetime: 19.5412
    annual_cost: 3.4690602419503405
    efficiency: 0.748035
    discharge_ratio: 5
    depth_of_discharge: 0.5
  VRBF:
    cost: 187.618
    lifetime: 14.7918
    annual_cost: 12.683919468894928
    efficiency: 0.684874
    discharge_ratio: 0.5
    depth_of_discharge: 1.0
