cost_values:
  wind_capex: 5000.0
  wind_opex: 100
  wind_lifetime: 20
  solar_capex: 1000.0
  solar_opex: 10
  solar_lifetime: 20
  carbon_price: 1.0
timeseries_values:
  load_level: 242379.29994153598
  wind_year: 2017
  solar_year: 2014
  price_year: 2023
  carbon_year: 2023
storage_values:
  CAES:
    cost: 31.0942
    lifetime: 23.6849
    annual_cost: 1.3128280043403182
    efficiency: 0.55929
    discharge_ratio: 0.1
    depth_of_discharge: 0.4
  Li-ion:
    cost: 247.445
    lifetime: 21.3992
    annual_cost: 11.563282739541664
    efficiency: 0.920273
    discharge_ratio: 2
    depth_of_discharge: 0.9
  Pb-acid:
    cost: 67.6657
    lifetime: 18.4626
    annual_cost: 3.6650146783226636
    efficiency: 0.773191
    discharge_ratio: 5
    depth_of_discharge: 0.5
  VRBF:
    cost: 195.165
    lifetime: 14.0902
    annual_cost: 13.851116378759706
    efficiency: 0.691399
    discharge_ratio: 0.5
    depth_of_discharge: 1.0
