cost_values:
  wind_capex: 5000.0
  wind_opex: 100
  wind_lifetime: 20
  solar_capex: 1000.0
  solar_opex: 10
  solar_lifetime: 20
  carbon_price: 1.0
timeseries_values:
  load_level: 242379.29994153598
  wind_year: 2017
  solar_year: 2014
  price_year: 2023
  carbon_year: 2023
storage_values:
  CAES:
    cost: 26.6677
    lifetime: 24.6706
    annual_cost: 1.0809506051737696
    efficiency: 0.567151
    discharge_ratio: 0.1
    depth_of_discharge: 0.4
  Li-ion:
    cost: 243.267
    lifetime: 23.0717
    annual_cost: 10.543956448809581
    efficiency: 0.952479
    discharge_ratio: 2
    depth_of_discharge: 0.9
  Pb-acid:
    cost: 76.791
    lifetime: 18.9012
    annual_cost: 4.062757920132055
    efficiency: 0.765917
    discharge_ratio: 5
    depth_of_discharge: 0.5
  VRBF:
    cost: 224.514
    lifetime: 13.1179
    annual_cost: 17.115087018501438
    efficiency: 0.688687
    discharge_ratio: 0.5
    depth_of_discharge: 1.0
