cost_values:
  wind_capex: 5000.0
  wind_opex: 100
  wind_lifetime: 20
  solar_capex: 1000.0
  solar_opex: 10
  solar_lifetime: 20
  carbon_price: 1.0
timeseries_values:
  load_level: 242379.29994153598
  wind_year: 2017
  solar_year: 2014
  price_year: 2023
  carbon_year: 2023
storage_values:
  CAES:
    cost: 35.1931
    lifetime: 23.7851
    annual_cost: 1.479628002404867
    efficiency: 0.561451
    discharge_ratio: 0.1
    depth_of_discharge: 0.4
  Li-ion:
    cost: 258.383
    lifetime: 21.2732
    annual_cost: 12.145939491942913
    efficiency: 0.925029
    discharge_ratio: 2
    depth_of_discharge: 0.9
  Pb-acid:
    cost: 103.585
    lifetime: 19.3968
    annual_cost: 5.340313866204735
    efficiency: 0.757694
    discharge_ratio: 5
    depth_of_discharge: 0.5
  VRBF:
    cost: 169.881
    lifetime: 14.3044
    annual_cost: 11.876136014093566
    efficiency: 0.710951
    discharge_ratio: 0.5
    depth_of_discharge: 1.0
