cost_values:
  wind_capex: 5000.0
  wind_opex: 100
  wind_lifetime: 20
  solar_capex: 1000.0
  solar_opex: 10
  solar_lifetime: 20
  carbon_price: 1.0
timeseries_values:
  load_level: 242379.29994153598
  wind_year: 2017
  solar_year: 2014
  price_year: 2023
  carbon_year: 2023
storage_values:
  CAES:
    cost: 32.9116
    lifetime: 23.9734
    annual_cost: 1.3728382290371828
    efficiency: 0.554086
    discharge_ratio: 0.1
    depth_of_discharge: 0.4
  Li-ion:
    cost: 231.04
    lifetime: 23.6657
    annual_cost: 9.762652277346538
    efficiency: 0.926553
    discharge_ratio: 2
    depth_of_discharge: 0.9
  Pb-acid:
    cost: 58.5489
    lifetime: 19.718
    annual_cost: 2.9693123034790547
    efficiency: 0.750475
    discharge_ratio: 5
    depth_of_discharge: 0.5
  VRBF:
    cost: 199.303
    lifetime: 13.3976
    annual_cost: 14.876022571206782
    efficiency: 0.687367
    discharge_ratio: 0.5
    depth_of_discharge: 1.0
