cost_values:
  wind_capex: 5000.0
  wind_opex: 100
  wind_lifetime: 20
  solar_capex: 1000.0
  solar_opex: 10
  solar_lifetime: 20
  carbon_price: 1.0
timeseries_values:
  load_level: 242379.29994153598
  wind_year: 2017
  solar_year: 2014
  price_year: 2023
  carbon_year: 2023
storage_values:
  CAES:
    cost: 32.6338
    lifetime: 24.4923
    annual_cost: 1.332410594350061
    efficiency: 0.559322
    discharge_ratio: 0.1
    depth_of_discharge: 0.4
  Li-ion:
    cost: 254.452
    lifetime: 24.4211
    annual_cost: 10.419350479708122
    efficiency: 0.945001
    discharge_ratio: 2
    depth_of_discharge: 0.9
  Pb-acid:
    cost: 61.0794
    lifetime: 18.2904
    annual_cost: 3.3394239601102216
    efficiency: 0.779412
    discharge_ratio: 5
    depth_of_discharge: 0.5
  VRBF:
    cost: 206.287
    lifetime: 13.3185
    annual_cost: 15.488756241318468
    efficiency: 0.702668
    discharge_ratio: 0.5
    depth_of_discharge: 1.0
