cost_values:
  wind_capex: 5000.0
  wind_opex: 100
  wind_lifetime: 20
  solar_capex: 1000.0
  solar_opex: 10
  solar_lifetime: 20
  carbon_price: 1.0
timeseries_values:
  load_level: 242379.29994153598
  wind_year: 2017
  solar_year: 2014
  price_year: 2023
  carbon_year: 2023
storage_values:
  CAES:
    cost: 33.4253
    lifetime: 23.6854
    annual_cost: 1.4112195698616024
    efficiency: 0.55705
    discharge_ratio: 0.1
    depth_of_discharge: 0.4
  Li-ion:
    cost: 268.275
    lifetime: 20.6311
    annual_cost: 13.003426865266514
    efficiency: 0.92609
    discharge_ratio: 2
    depth_of_discharge: 0.9
  Pb-acid:
    cost: 67.5745
    lifetime: 18.6494
    annual_cost: 3.623414158096239
    efficiency: 0.756474
    discharge_ratio: 5
    depth_of_discharge: 0.5
  VRBF:
    cost: 209.173
    lifetime: 13.2886
    annual_cost: 15.740785334798247
    efficiency: 0.69288
    discharge_ratio: 0.5
    depth_of_discharge: 1.0
