cost_values:
  wind_capex: 5000.0
  wind_opex: 100
  wind_lifetime: 20
  solar_capex: 1000.0
  solar_opex: 10
  solar_lifetime: 20
  carbon_price: 1.0
timeseries_values:
  load_level: 242379.29994153598
  wind_year: 2017
  solar_year: 2014
  price_year: 2023
  carbon_year: 2023
storage_values:
  CAES:
    cost: 31.3993
    lifetime: 23.5076
    annual_cost: 1.3357084517347582
    efficiency: 0.551415
    discharge_ratio: 0.1
    depth_of_discharge: 0.4
  Li-ion:
    cost: 259.592
    lifetime: 23.2074
    annual_cost: 11.185742478692141
    efficiency: 0.938227
    discharge_ratio: 2
    depth_of_discharge: 0.9
  Pb-acid:
    cost: 71.0689
    lifetime: 18.349
    annual_cost: 3.873175649899177
    efficiency: 0.763155
    discharge_ratio: 5
    depth_of_discharge: 0.5
  VRBF:
    cost: 190.813
    lifetime: 13.155
    annual_cost: 14.504979095400987
    efficiency: 0.718508
    discharge_ratio: 0.5
    depth_of_discharge: 1.0
