cost_values:
  wind_capex: 5000.0
  wind_opex: 100
  wind_lifetime: 20
  solar_capex: 1000.0
  solar_opex: 10
  solar_lifetime: 20
  carbon_price: 1.0
timeseries_values:
  load_level: 242379.29994153598
  wind_year: 2017
  solar_year: 2014
  price_year: 2023
  carbon_year: 2023
storage_values:
  CAES:
    cost: 33.1035
    lifetime: 23.9592
    annual_cost: 1.381661324251227
    efficiency: 0.556858
    discharge_ratio: 0.1
    depth_of_discharge: 0.4
  Li-ion:
    cost: 246.476
    lifetime: 21.0899
    annual_cost: 11.68692122769667
    efficiency: 0.936811
    discharge_ratio: 2
    depth_of_discharge: 0.9
  Pb-acid:
    cost: 62.5438
    lifetime: 19.7887
    annual_cost: 3.160581544012492
    efficiency: 0.766932
    discharge_ratio: 5
    depth_of_discharge: 0.5
  VRBF:
    cost: 196.285
    lifetime: 15.0033
    annual_cost: 13.08278845320696
    efficiency: 0.680404
    discharge_ratio: 0.5
    depth_of_discharge: 1.0
