cost_values:
  wind_capex: 5000.0
  wind_opex: 100
  wind_lifetime: 20
  solar_capex: 1000.0
  solar_opex: 10
  solar_lifetime: 20
  carbon_price: 1.0
timeseries_values:
  load_level: 242379.29994153598
  wind_year: 2017
  solar_year: 2014
  price_year: 2023
  carbon_year: 2023
storage_values:
  CAES:
    cost: 37.4373
    lifetime: 24.7176
    annual_cost: 1.514600932129333
    efficiency: 0.560096
    discharge_ratio: 0.1
    depth_of_discharge: 0.4
  Li-ion:
    cost: 241.834
    lifetime: 21.538
    annual_cost: 11.228247748166032
    efficiency: 0.950969
    discharge_ratio: 2
    depth_of_discharge: 0.9
  Pb-acid:
    cost: 83.45
    lifetime: 18.6264
    annual_cost: 4.480200146029292
    efficiency: 0.76913
    discharge_ratio: 5
    depth_of_discharge: 0.5
  VRBF:
    cost: 216.561
    lifetime: 14.026
    annual_cost: 15.439968629687723
    efficiency: 0.690334
    discharge_ratio: 0.5
    depth_of_discharge: 1.0
