cost_values:
  wind_capex: 5000.0
  wind_opex: 100
  wind_lifetime: 20
  solar_capex: 1000.0
  solar_opex: 10
  solar_lifetime: 20
  carbon_price: 1.0
timeseries_values:
  load_level: 242379.29994153598
  wind_year: 2017
  solar_year: 2014
  price_year: 2023
  carbon_year: 2023
storage_values:
  CAES:
    cost: 29.443
    lifetime: 24.1669
    annual_cost: 1.2183192714001383
    efficiency: 0.558592
    discharge_ratio: 0.1
    depth_of_discharge: 0.4
  Li-ion:
    cost: 266.137
    lifetime: 21.1394
    annual_cost: 12.58961938371004
    efficiency: 0.937196
    discharge_ratio: 2
    depth_of_discharge: 0.9
  Pb-acid:
    cost: 91.4489
    lifetime: 18.6975
    annual_cost: 4.890969380933279
    efficiency: 0.752727
    discharge_ratio: 5
    depth_of_discharge: 0.5
  VRBF:
    cost: 189.769
    lifetime: 14.2801
    annual_cost: 13.289052597670885
    efficiency: 0.717047
    discharge_ratio: 0.5
    depth_of_discharge: 1.0
