cost_values:
  wind_capex: 5000.0
  wind_opex: 100
  wind_lifetime: 20
  solar_capex: 1000.0
  solar_opex: 10
  solar_lifetime: 20
  carbon_price: 1.0
timeseries_values:
  load_level: 242379.29994153598
  wind_year: 2017
  solar_year: 2014
  price_year: 2023
  carbon_year: 2023
storage_values:
  CAES:
    cost: 38.4852
    lifetime: 22.731
    annual_cost: 1.693071136333641
    efficiency: 0.559962
    discharge_ratio: 0.1
    depth_of_discharge: 0.4
  Li-ion:
    cost: 253.058
    lifetime: 23.1524
    annual_cost: 10.93009795960678
    efficiency: 0.936893
    discharge_ratio: 2
    depth_of_discharge: 0.9
  Pb-acid:
    cost: 86.0039
    lifetime: 19.7594
    annual_cost: 4.352556251708048
    efficiency: 0.765356
    discharge_ratio: 5
    depth_of_discharge: 0.5
  VRBF:
    cost: 207.826
    lifetime: 14.0303
    annual_cost: 14.812655467096212
    efficiency: 0.719359
    discharge_ratio: 0.5
    depth_of_discharge: 1.0
