cost_values:
  wind_capex: 5000.0
  wind_opex: 100
  wind_lifetime: 20
  solar_capex: 1000.0
  solar_opex: 10
  solar_lifetime: 20
  carbon_price: 1.0
timeseries_values:
  load_level: 242379.29994153598
  wind_year: 2017
  solar_year: 2014
  price_year: 2023
  carbon_year: 2023
storage_values:
  CAES:
    cost: 30.4408
    lifetime: 22.8113
    annual_cost: 1.3344614292039472
    efficiency: 0.558703
    discharge_ratio: 0.1
    depth_of_discharge: 0.4
  Li-ion:
    cost: 274.55
    lifetime: 22.4478
    annual_cost: 12.23059720774419
    efficiency: 0.926384
    discharge_ratio: 2
    depth_of_discharge: 0.9
  Pb-acid:
    cost: 80.8905
    lifetime: 18.977
    annual_cost: 4.26255467144438
    efficiency: 0.785966
    discharge_ratio: 5
    depth_of_discharge: 0.5
  VRBF:
    cost: 202.292
    lifetime: 11.0213
    annual_cost: 18.3546405596436
    efficiency: 0.696361
    discharge_ratio: 0.5
    depth_of_discharge: 1.0
