cost_values:
  wind_capex: 5000.0
  wind_opex: 100
  wind_lifetime: 20
  solar_capex: 1000.0
  solar_opex: 10
  solar_lifetime: 20
  carbon_price: 1.0
timeseries_values:
  load_level: 242379.29994153598
  wind_year: 2017
  solar_year: 2014
  price_year: 2023
  carbon_year: 2023
storage_values:
  CAES:
    cost: 35.4124
    lifetime: 22.3578
    annual_cost: 1.5838946586873484
    efficiency: 0.569872
    discharge_ratio: 0.1
    depth_of_discharge: 0.4
  Li-ion:
    cost: 260.423
    lifetime: 22.9531
    annual_cost: 11.345874849148917
    efficiency: 0.940162
    discharge_ratio: 2
    depth_of_discharge: 0.9
  Pb-acid:
    cost: 52.1253
    lifetime: 19.1285
    annual_cost: 2.7250071882269915
    efficiency: 0.766372
    discharge_ratio: 5
    depth_of_discharge: 0.5
  VRBF:
    cost: 191.688
    lifetime: 15.7914
    annual_cost: 12.13875907139329
    efficiency: 0.702796
    discharge_ratio: 0.5
    depth_of_discharge: 1.0
