cost_values:
  wind_capex: 5000.0
  wind_opex: 100
  wind_lifetime: 20
  solar_capex: 1000.0
  solar_opex: 10
  solar_lifetime: 20
  carbon_price: 1.0
timeseries_values:
  load_level: 242379.29994153598
  wind_year: 2017
  solar_year: 2014
  price_year: 2023
  carbon_year: 2023
storage_values:
  CAES:
    cost: 35.4688
    lifetime: 23.2436
    annual_cost: 1.525959834104872
    efficiency: 0.568989
    discharge_ratio: 0.1
    depth_of_discharge: 0.4
  Li-ion:
    cost: 238.234
    lifetime: 22.0693
    annual_cost: 10.794814516092492
    efficiency: 0.945992
    discharge_ratio: 2
    depth_of_discharge: 0.9
  Pb-acid:
    cost: 73.8109
    lifetime: 19.0297
    annual_cost: 3.878721156928381
    efficiency: 0.765457
    discharge_ratio: 5
    depth_of_discharge: 0.5
  VRBF:
    cost: 196.943
    lifetime: 14.6216
    annual_cost: 13.469319363133994
    efficiency: 0.686717
    discharge_ratio: 0.5
    depth_of_discharge: 1.0
