cost_values:
  wind_capex: 5000.0
  wind_opex: 100
  wind_lifetime: 20
  solar_capex: 1000.0
  solar_opex: 10
  solar_lifetime: 20
  carbon_price: 1.0
timeseries_values:
  load_level: 242379.29994153598
  wind_year: 2017
  solar_year: 2014
  price_year: 2023
  carbon_year: 2023
storage_values:
  CAES:
    cost: 28.6051
    lifetime: 23.6078
    annual_cost: 1.2116800379535577
    efficiency: 0.572805
    discharge_ratio: 0.1
    depth_of_discharge: 0.4
  Li-ion:
    cost: 280.64
    lifetime: 24.117
    annual_cost: 11.63660488452129
    efficiency: 0.943747
    discharge_ratio: 2
    depth_of_discharge: 0.9
  Pb-acid:
    cost: 82.8802
    lifetime: 19.7546
    annual_cost: 4.195488645682524
    efficiency: 0.756538
    discharge_ratio: 5
    depth_of_discharge: 0.5
  VRBF:
    cost: 227.055
    lifetime: 13.8213
    annual_cost: 16.427904755703153
    efficiency: 0.671588
    discharge_ratio: 0.5
    depth_of_discharge: 1.0
