cost_values:
  wind_capex: 5000.0
  wind_opex: 100
  wind_lifetime: 20
  solar_capex: 1000.0
  solar_opex: 10
  solar_lifetime: 20
  carbon_price: 1.0
timeseries_values:
  load_level: 242379.29994153598
  wind_year: 2017
  solar_year: 2014
  price_year: 2023
  carbon_year: 2023
storage_values:
  CAES:
    cost: 41.0364
    lifetime: 23.23
    annual_cost: 1.7665260439087387
    efficiency: 0.56136
    discharge_ratio: 0.1
    depth_of_discharge: 0.4
  Li-ion:
    cost: 240.763
    lifetime: 22.3687
    annual_cost: 10.763388127159827
    efficiency: 0.944336
    discharge_ratio: 2
    depth_of_discharge: 0.9
  Pb-acid:
    cost: 80.0575
    lifetime: 18.8328
    annual_cost: 4.250961089163588
    efficiency: 0.772118
    discharge_ratio: 5
    depth_of_discharge: 0.5
  VRBF:
    cost: 202.855
    lifetime: 14.1202
    annual_cost: 14.36629792779139
    efficiency: 0.708967
    discharge_ratio: 0.5
    depth_of_discharge: 1.0
