cost_values:
  wind_capex: 5000.0
  wind_opex: 100
  wind_lifetime: 20
  solar_capex: 1000.0
  solar_opex: 10
  solar_lifetime: 20
  carbon_price: 1.0
timeseries_values:
  load_level: 242379.29994153598
  wind_year: 2017
  solar_year: 2014
  price_year: 2023
  carbon_year: 2023
storage_values:
  CAES:
    cost: 30.9997
    lifetime: 23.5314
    annual_cost: 1.3173759317337685
    efficiency: 0.560324
    discharge_ratio: 0.1
    depth_of_discharge: 0.4
  Li-ion:
    cost: 264.293
    lifetime: 20.5779
    annual_cost: 12.843536026513881
    efficiency: 0.924007
    discharge_ratio: 2
    depth_of_discharge: 0.9
  Pb-acid:
    cost: 61.9818
    lifetime: 19.5065
    annual_cost: 3.177494681260093
    efficiency: 0.764986
    discharge_ratio: 5
    depth_of_discharge: 0.5
  VRBF:
    cost: 202.632
    lifetime: 13.2004
    annual_cost: 15.350443925941638
    efficiency: 0.704654
    discharge_ratio: 0.5
    depth_of_discharge: 1.0
