cost_values:
  wind_capex: 5000.0
  wind_opex: 100
  wind_lifetime: 20
  solar_capex: 1000.0
  solar_opex: 10
  solar_lifetime: 20
  carbon_price: 1.0
timeseries_values:
  load_level: 242379.29994153598
  wind_year: 2017
  solar_year: 2014
  price_year: 2023
  carbon_year: 2023
storage_values:
  CAES:
    cost: 31.6427
    lifetime: 22.6087
    annual_cost: 1.3995806923883285
    efficiency: 0.560292
    discharge_ratio: 0.1
    depth_of_discharge: 0.4
  Li-ion:
    cost: 245.506
    lifetime: 21.7364
    annual_cost: 11.294694613643474
    efficiency: 0.939913
    discharge_ratio: 2
    depth_of_discharge: 0.9
  Pb-acid:
    cost: 60.0852
    lifetime: 18.9658
    annual_cost: 3.168081494057725
    efficiency: 0.752598
    discharge_ratio: 5
    depth_of_discharge: 0.5
  VRBF:
    cost: 204.028
    lifetime: 13.614
    annual_cost: 14.986631408843836
    efficiency: 0.685964
    discharge_ratio: 0.5
    depth_of_discharge: 1.0
