cost_values:
  wind_capex: 5000.0
  wind_opex: 100
  wind_lifetime: 20
  solar_capex: 1000.0
  solar_opex: 10
  solar_lifetime: 20
  carbon_price: 1.0
timeseries_values:
  load_level: 242379.29994153598
  wind_year: 2017
  solar_year: 2014
  price_year: 2023
  carbon_year: 2023
storage_values:
  CAES:
    cost: 35.5506
    lifetime: 23.95
    annual_cost: 1.4843674321503133
    efficiency: 0.568831
    discharge_ratio: 0.1
    depth_of_discharge: 0.4
  Li-ion:
    cost: 244.24
    lifetime: 23.295
    annual_cost: 10.484653359089933
    efficiency: 0.942258
    discharge_ratio: 2
    depth_of_discharge: 0.9
  Pb-acid:
    cost: 56.0132
    lifetime: 19.05
    annual_cost: 2.940325459317585
    efficiency: 0.773938
    discharge_ratio: 5
    depth_of_discharge: 0.5
  VRBF:
    cost: 193.287
    lifetime: 15.4003
    annual_cost: 12.55085939884288
    efficiency: 0.716302
    discharge_ratio: 0.5
    depth_of_discharge: 1.0
