cost_values:
  wind_capex: 5000.0
  wind_opex: 100
  wind_lifetime: 20
  solar_capex: 1000.0
  solar_opex: 10
  solar_lifetime: 20
  carbon_price: 1.0
timeseries_values:
  load_level: 242379.29994153598
  wind_year: 2017
  solar_year: 2014
  price_year: 2023
  carbon_year: 2023
storage_values:
  CAES:
    cost: 33.4994
    lifetime: 23.6062
    annual_cost: 1.4190932890511814
    efficiency: 0.565669
    discharge_ratio: 0.1
    depth_of_discharge: 0.4
  Li-ion:
    cost: 237.839
    lifetime: 21.878
    annual_cost: 10.871149099552062
    efficiency: 0.9439
    discharge_ratio: 2
    depth_of_discharge: 0.9
  Pb-acid:
    cost: 58.1387
    lifetime: 18.2844
    annual_cost: 3.1796886963750515
    efficiency: 0.773886
    discharge_ratio: 5
    depth_of_discharge: 0.5
  VRBF:
    cost: 182.786
    lifetime: 15.8918
    annual_cost: 11.501906643677872
    efficiency: 0.69031
    discharge_ratio: 0.5
    depth_of_discharge: 1.0
