cost_values:
  wind_capex: 5000.0
  wind_opex: 100
  wind_lifetime: 20
  solar_capex: 1000.0
  solar_opex: 10
  solar_lifetime: 20
  carbon_price: 1.0
timeseries_values:
  load_level: 242379.29994153598
  wind_year: 2017
  solar_year: 2014
  price_year: 2023
  carbon_year: 2023
storage_values:
  CAES:
    cost: 35.9527
    lifetime: 25.1688
    annual_cost: 1.4284630177044595
    efficiency: 0.569741
    discharge_ratio: 0.1
    depth_of_discharge: 0.4
  Li-ion:
    cost: 247.417
    lifetime: 23.1036
    annual_cost: 10.709023701933898
    efficiency: 0.942011
    discharge_ratio: 2
    depth_of_discharge: 0.9
  Pb-acid:
    cost: 52.3641
    lifetime: 17.6538
    annual_cost: 2.966165924616796
    efficiency: 0.751869
    discharge_ratio: 5
    depth_of_discharge: 0.5
  VRBF:
    cost: 188.387
    lifetime: 13.8132
    annual_cost: 13.638186662033418
    efficiency: 0.697694
    discharge_ratio: 0.5
    depth_of_discharge: 1.0
