cost_values:
  wind_capex: 5000.0
  wind_opex: 100
  wind_lifetime: 20
  solar_capex: 1000.0
  solar_opex: 10
  solar_lifetime: 20
  carbon_price: 1.0
timeseries_values:
  load_level: 242379.29994153598
  wind_year: 2017
  solar_year: 2014
  price_year: 2023
  carbon_year: 2023
storage_values:
  CAES:
    cost: 29.7836
    lifetime: 24.2036
    annual_cost: 1.2305442165628253
    efficiency: 0.569085
    discharge_ratio: 0.1
    depth_of_discharge: 0.4
  Li-ion:
    cost: 261.42
    lifetime: 23.3442
    annual_cost: 11.198498984758528
    efficiency: 0.938575
    discharge_ratio: 2
    depth_of_discharge: 0.9
  Pb-acid:
    cost: 64.4207
    lifetime: 19.2636
    annual_cost: 3.344167237691812
    efficiency: 0.76107
    discharge_ratio: 5
    depth_of_discharge: 0.5
  VRBF:
    cost: 215.644
    lifetime: 14.4944
    annual_cost: 14.877745888067116
    efficiency: 0.692583
    discharge_ratio: 0.5
    depth_of_discharge: 1.0
