cost_values:
  wind_capex: 5000.0
  wind_opex: 100
  wind_lifetime: 20
  solar_capex: 1000.0
  solar_opex: 10
  solar_lifetime: 20
  carbon_price: 1.0
timeseries_values:
  load_level: 242379.29994153598
  wind_year: 2017
  solar_year: 2014
  price_year: 2023
  carbon_year: 2023
storage_values:
  CAES:
    cost: 29.0003
    lifetime: 23.6529
    annual_cost: 1.2260779862088793
    efficiency: 0.560948
    discharge_ratio: 0.1
    depth_of_discharge: 0.4
  Li-ion:
    cost: 251.185
    lifetime: 23.2552
    annual_cost: 10.801240152740034
    efficiency: 0.927097
    discharge_ratio: 2
    depth_of_discharge: 0.9
  Pb-acid:
    cost: 80.0762
    lifetime: 18.6761
    annual_cost: 4.287629644304753
    efficiency: 0.772105
    discharge_ratio: 5
    depth_of_discharge: 0.5
  VRBF:
    cost: 163.509
    lifetime: 14.1757
    annual_cost: 11.534456852218936
    efficiency: 0.696564
    discharge_ratio: 0.5
    depth_of_discharge: 1.0
