cost_values:
  wind_capex: 5000.0
  wind_opex: 100
  wind_lifetime: 20
  solar_capex: 1000.0
  solar_opex: 10
  solar_lifetime: 20
  carbon_price: 1.0
timeseries_values:
  load_level: 242379.29994153598
  wind_year: 2017
  solar_year: 2014
  price_year: 2023
  carbon_year: 2023
storage_values:
  CAES:
    cost: 36.052
    lifetime: 23.1821
    annual_cost: 1.5551654077930819
    efficiency: 0.559727
    discharge_ratio: 0.1
    depth_of_discharge: 0.4
  Li-ion:
    cost: 265.847
    lifetime: 21.4136
    annual_cost: 12.414867187208129
    efficiency: 0.930079
    discharge_ratio: 2
    depth_of_discharge: 0.9
  Pb-acid:
    cost: 59.1616
    lifetime: 18.6743
    annual_cost: 3.168075911814633
    efficiency: 0.778165
    discharge_ratio: 5
    depth_of_discharge: 0.5
  VRBF:
    cost: 177.246
    lifetime: 13.5869
    annual_cost: 13.045359868697055
    efficiency: 0.686052
    discharge_ratio: 0.5
    depth_of_discharge: 1.0
