cost_values:
  wind_capex: 5000.0
  wind_opex: 100
  wind_lifetime: 20
  solar_capex: 1000.0
  solar_opex: 10
  solar_lifetime: 20
  carbon_price: 1.0
timeseries_values:
  load_level: 242379.29994153598
  wind_year: 2017
  solar_year: 2014
  price_year: 2023
  carbon_year: 2023
storage_values:
  CAES:
    cost: 35.0847
    lifetime: 23.2565
    annual_cost: 1.508597596370907
    efficiency: 0.552633
    discharge_ratio: 0.1
    depth_of_discharge: 0.4
  Li-ion:
    cost: 237.774
    lifetime: 22.0432
    annual_cost: 10.786727879799667
    efficiency: 0.930387
    discharge_ratio: 2
    depth_of_discharge: 0.9
  Pb-acid:
    cost: 91.7354
    lifetime: 19.8058
    annual_cost: 4.631744236536772
    efficiency: 0.765851
    discharge_ratio: 5
    depth_of_discharge: 0.5
  VRBF:
    cost: 217.965
    lifetime: 13.447
    annual_cost: 16.209191641258275
    efficiency: 0.692547
    discharge_ratio: 0.5
    depth_of_discharge: 1.0
