cost_values:
  wind_capex: 5000.0
  wind_opex: 100
  wind_lifetime: 20
  solar_capex: 1000.0
  solar_opex: 10
  solar_lifetime: 20
  carbon_price: 1.0
timeseries_values:
  load_level: 242379.29994153598
  wind_year: 2017
  solar_year: 2014
  price_year: 2023
  carbon_year: 2023
storage_values:
  CAES:
    cost: 37.0567
    lifetime: 24.5104
    annual_cost: 1.5118765911613028
    efficiency: 0.56508
    discharge_ratio: 0.1
    depth_of_discharge: 0.4
  Li-ion:
    cost: 260.304
    lifetime: 22.4561
    annual_cost: 11.591683328805981
    efficiency: 0.929915
    discharge_ratio: 2
    depth_of_discharge: 0.9
  Pb-acid:
    cost: 80.0895
    lifetime: 18.7866
    annual_cost: 4.263118392897065
    efficiency: 0.763733
    discharge_ratio: 5
    depth_of_discharge: 0.5
  VRBF:
    cost: 188.014
    lifetime: 12.7341
    annual_cost: 14.764608413629547
    efficiency: 0.703368
    discharge_ratio: 0.5
    depth_of_discharge: 1.0
