cost_values:
  wind_capex: 5000.0
  wind_opex: 100
  wind_lifetime: 20
  solar_capex: 1000.0
  solar_opex: 10
  solar_lifetime: 20
  carbon_price: 1.0
timeseries_values:
  load_level: 242379.29994153598
  wind_year: 2017
  solar_year: 2014
  price_year: 2023
  carbon_year: 2023
storage_values:
  CAES:
    cost: 28.6618
    lifetime: 24.1273
    annual_cost: 1.1879406315667314
    efficiency: 0.567233
    discharge_ratio: 0.1
    depth_of_discharge: 0.4
  Li-ion:
    cost: 253.217
    lifetime: 22.1735
    annual_cost: 11.41980291789749
    efficiency: 0.962322
    discharge_ratio: 2
    depth_of_discharge: 0.9
  Pb-acid:
    cost: 74.6155
    lifetime: 18.133
    annual_cost: 4.114901009209728
    efficiency: 0.756341
    discharge_ratio: 5
    depth_of_discharge: 0.5
  VRBF:
    cost: 184.962
    lifetime: 12.7331
    annual_cost: 14.526077702994556
    efficiency: 0.684711
    discharge_ratio: 0.5
    depth_of_discharge: 1.0
