cost_values:
  wind_capex: 5000.0
  wind_opex: 100
  wind_lifetime: 20
  solar_capex: 1000.0
  solar_opex: 10
  solar_lifetime: 20
  carbon_price: 1.0
timeseries_values:
  load_level: 242379.29994153598
  wind_year: 2017
  solar_year: 2014
  price_year: 2023
  carbon_year: 2023
storage_values:
  CAES:
    cost: 30.7581
    lifetime: 24.744
    annual_cost: 1.243052861299709
    efficiency: 0.565989
    discharge_ratio: 0.1
    depth_of_discharge: 0.4
  Li-ion:
    cost: 273.733
    lifetime: 22.6267
    annual_cost: 12.097787127597043
    efficiency: 0.919581
    discharge_ratio: 2
    depth_of_discharge: 0.9
  Pb-acid:
    cost: 75.1029
    lifetime: 19.0506
    annual_cost: 3.9422852823533123
    efficiency: 0.755955
    discharge_ratio: 5
    depth_of_discharge: 0.5
  VRBF:
    cost: 185.617
    lifetime: 14.3781
    annual_cost: 12.909702951015781
    efficiency: 0.709296
    discharge_ratio: 0.5
    depth_of_discharge: 1.0
