cost_values:
  wind_capex: 5000.0
  wind_opex: 100
  wind_lifetime: 20
  solar_capex: 1000.0
  solar_opex: 10
  solar_lifetime: 20
  carbon_price: 1.0
timeseries_values:
  load_level: 242379.29994153598
  wind_year: 2017
  solar_year: 2014
  price_year: 2023
  carbon_year: 2023
storage_values:
  CAES:
    cost: 37.0985
    lifetime: 22.6315
    annual_cost: 1.639241764796854
    efficiency: 0.560364
    discharge_ratio: 0.1
    depth_of_discharge: 0.4
  Li-ion:
    cost: 259.819
    lifetime: 22.623
    annual_cost: 11.484727931750873
    efficiency: 0.943949
    discharge_ratio: 2
    depth_of_discharge: 0.9
  Pb-acid:
    cost: 87.5726
    lifetime: 17.6605
    annual_cost: 4.958670479318252
    efficiency: 0.769535
    discharge_ratio: 5
    depth_of_discharge: 0.5
  VRBF:
    cost: 192.522
    lifetime: 14.0349
    annual_cost: 13.717375969903596
    efficiency: 0.709182
    discharge_ratio: 0.5
    depth_of_discharge: 1.0
