cost_values:
  wind_capex: 5000.0
  wind_opex: 100
  wind_lifetime: 20
  solar_capex: 1000.0
  solar_opex: 10
  solar_lifetime: 20
  carbon_price: 1.0
timeseries_values:
  load_level: 242379.29994153598
  wind_year: 2017
  solar_year: 2014
  price_year: 2023
  carbon_year: 2023
storage_values:
  CAES:
    cost: 32.2164
    lifetime: 23.6154
    annual_cost: 1.3642114891130364
    efficiency: 0.566412
    discharge_ratio: 0.1
    depth_of_discharge: 0.4
  Li-ion:
    cost: 245.322
    lifetime: 20.9369
    annual_cost: 11.717207418481246
    efficiency: 0.919502
    discharge_ratio: 2
    depth_of_discharge: 0.9
  Pb-acid:
    cost: 59.0762
    lifetime: 19.9792
    annual_cost: 2.9568851605669897
    efficiency: 0.767959
    discharge_ratio: 5
    depth_of_discharge: 0.5
  VRBF:
    cost: 184.226
    lifetime: 14.5439
    annual_cost: 12.666891274004909
    efficiency: 0.697839
    discharge_ratio: 0.5
    depth_of_discharge: 1.0
