cost_values:
  wind_capex: 5000.0
  wind_opex: 100
  wind_lifetime: 20
  solar_capex: 1000.0
  solar_opex: 10
  solar_lifetime: 20
  carbon_price: 1.0
timeseries_values:
  load_level: 242379.29994153598
  wind_year: 2017
  solar_year: 2014
  price_year: 2023
  carbon_year: 2023
storage_values:
  CAES:
    cost: 27.5655
    lifetime: 23.3065
    annual_cost: 1.1827387209576727
    efficiency: 0.569014
    discharge_ratio: 0.1
    depth_of_discharge: 0.4
  Li-ion:
    cost: 246.548
    lifetime: 21.5894
    annual_cost: 11.41986345150861
    efficiency: 0.939095
    discharge_ratio: 2
    depth_of_discharge: 0.9
  Pb-acid:
    cost: 81.9494
    lifetime: 19.3002
    annual_cost: 4.246038901151283
    efficiency: 0.756494
    discharge_ratio: 5
    depth_of_discharge: 0.5
  VRBF:
    cost: 180.984
    lifetime: 10.7192
    annual_cost: 16.88409582804687
    efficiency: 0.697374
    discharge_ratio: 0.5
    depth_of_discharge: 1.0
