cost_values:
  wind_capex: 5000.0
  wind_opex: 100
  wind_lifetime: 20
  solar_capex: 1000.0
  solar_opex: 10
  solar_lifetime: 20
  carbon_price: 1.0
timeseries_values:
  load_level: 242379.29994153598
  wind_year: 2017
  solar_year: 2014
  price_year: 2023
  carbon_year: 2023
storage_values:
  CAES:
    cost: 32.6765
    lifetime: 23.3233
    annual_cost: 1.4010238688350276
    efficiency: 0.568677
    discharge_ratio: 0.1
    depth_of_discharge: 0.4
  Li-ion:
    cost: 252.666
    lifetime: 22.3382
    annual_cost: 11.310938213463931
    efficiency: 0.946688
    discharge_ratio: 2
    depth_of_discharge: 0.9
  Pb-acid:
    cost: 96.4701
    lifetime: 19.9343
    annual_cost: 4.839402437005563
    efficiency: 0.751496
    discharge_ratio: 5
    depth_of_discharge: 0.5
  VRBF:
    cost: 198.268
    lifetime: 13.4404
    annual_cost: 14.751644296300706
    efficiency: 0.704963
    discharge_ratio: 0.5
    depth_of_discharge: 1.0
