cost_values:
  wind_capex: 5000.0
  wind_opex: 100
  wind_lifetime: 20
  solar_capex: 1000.0
  solar_opex: 10
  solar_lifetime: 20
  carbon_price: 1.0
timeseries_values:
  load_level: 242379.29994153598
  wind_year: 2017
  solar_year: 2014
  price_year: 2023
  carbon_year: 2023
storage_values:
  CAES:
    cost: 31.1527
    lifetime: 23.6299
    annual_cost: 1.3183593667345186
    efficiency: 0.556733
    discharge_ratio: 0.1
    depth_of_discharge: 0.4
  Li-ion:
    cost: 237.605
    lifetime: 19.1905
    annual_cost: 12.381386623589796
    efficiency: 0.941019
    discharge_ratio: 2
    depth_of_discharge: 0.9
  Pb-acid:
    cost: 78.403
    lifetime: 18.5203
    annual_cost: 4.233354751272928
    efficiency: 0.760058
    discharge_ratio: 5
    depth_of_discharge: 0.5
  VRBF:
    cost: 220.348
    lifetime: 13.4782
    annual_cost: 16.348473831817305
    efficiency: 0.699598
    discharge_ratio: 0.5
    depth_of_discharge: 1.0
