cost_values:
  wind_capex: 5000.0
  wind_opex: 100
  wind_lifetime: 20
  solar_capex: 1000.0
  solar_opex: 10
  solar_lifetime: 20
  carbon_price: 1.0
timeseries_values:
  load_level: 242379.29994153598
  wind_year: 2017
  solar_year: 2014
  price_year: 2023
  carbon_year: 2023
storage_values:
  CAES:
    cost: 35.0767
    lifetime: 23.7445
    annual_cost: 1.477255785550338
    efficiency: 0.559113
    discharge_ratio: 0.1
    depth_of_discharge: 0.4
  Li-ion:
    cost: 255.081
    lifetime: 19.3205
    annual_cost: 13.202608628141094
    efficiency: 0.931236
    discharge_ratio: 2
    depth_of_discharge: 0.9
  Pb-acid:
    cost: 90.526
    lifetime: 19.6593
    annual_cost: 4.604741776156831
    efficiency: 0.762184
    discharge_ratio: 5
    depth_of_discharge: 0.5
  VRBF:
    cost: 180.645
    lifetime: 14.3636
    annual_cost: 12.576582472360691
    efficiency: 0.706238
    discharge_ratio: 0.5
    depth_of_discharge: 1.0
