cost_values:
  wind_capex: 5000.0
  wind_opex: 100
  wind_lifetime: 20
  solar_capex: 1000.0
  solar_opex: 10
  solar_lifetime: 20
  carbon_price: 1.0
timeseries_values:
  load_level: 242379.29994153598
  wind_year: 2017
  solar_year: 2014
  price_year: 2023
  carbon_year: 2023
storage_values:
  CAES:
    cost: 35.963
    lifetime: 23.5335
    annual_cost: 1.5281619818556527
    efficiency: 0.563076
    discharge_ratio: 0.1
    depth_of_discharge: 0.4
  Li-ion:
    cost: 243.768
    lifetime: 21.6545
    annual_cost: 11.257152093098433
    efficiency: 0.923157
    discharge_ratio: 2
    depth_of_discharge: 0.9
  Pb-acid:
    cost: 76.4414
    lifetime: 19.2916
    annual_cost: 3.962418876609509
    efficiency: 0.747263
    discharge_ratio: 5
    depth_of_discharge: 0.5
  VRBF:
    cost: 194.332
    lifetime: 14.4377
    annual_cost: 13.460038648815255
    efficiency: 0.701494
    discharge_ratio: 0.5
    depth_of_discharge: 1.0
