cost_values:
  wind_capex: 5000.0
  wind_opex: 100
  wind_lifetime: 20
  solar_capex: 1000.0
  solar_opex: 10
  solar_lifetime: 20
  carbon_price: 1.0
timeseries_values:
  load_level: 242379.29994153598
  wind_year: 2017
  solar_year: 2014
  price_year: 2023
  carbon_year: 2023
storage_values:
  CAES:
    cost: 32.195
    lifetime: 24.2856
    annual_cost: 1.3256827090951018
    efficiency: 0.567113
    discharge_ratio: 0.1
    depth_of_discharge: 0.4
  Li-ion:
    cost: 252.781
    lifetime: 21.5429
    annual_cost: 11.733842704556954
    efficiency: 0.937184
    discharge_ratio: 2
    depth_of_discharge: 0.9
  Pb-acid:
    cost: 86.4793
    lifetime: 19.0923
    annual_cost: 4.529538086034684
    efficiency: 0.764978
    discharge_ratio: 5
    depth_of_discharge: 0.5
  VRBF:
    cost: 190.959
    lifetime: 14.8735
    annual_cost: 12.838874508353785
    efficiency: 0.717871
    discharge_ratio: 0.5
    depth_of_discharge: 1.0
