cost_values:
  wind_capex: 5000.0
  wind_opex: 100
  wind_lifetime: 20
  solar_capex: 1000.0
  solar_opex: 10
  solar_lifetime: 20
  carbon_price: 1.0
timeseries_values:
  load_level: 252050.47366953324
  wind_year: 2018
  solar_year: 2010
  price_year: 2023
  carbon_year: 2023
storage_values:
  CAES:
    cost: 52.3242
    lifetime: 23.8629
    annual_cost: 2.1927008033390742
    efficiency: 0.597301
    discharge_ratio: 0.1
    depth_of_discharge: 0.4
  Li-ion:
    cost: 295.369
    lifetime: 15.2778
    annual_cost: 19.33321551532289
    efficiency: 0.914803
    discharge_ratio: 2
    depth_of_discharge: 0.9
  Pb-acid:
    cost: 200.102
    lifetime: 6.56359
    annual_cost: 30.486669642680305
    efficiency: 0.742675
    discharge_ratio: 5
    depth_of_discharge: 0.5
  VRBF:
    cost: 319.589
    lifetime: 15.6435
    annual_cost: 20.429507463163613
    efficiency: 0.791903
    discharge_ratio: 0.5
    depth_of_discharge: 1.0
