cost_values:
  wind_capex: 5000.0
  wind_opex: 100
  wind_lifetime: 20
  solar_capex: 1000.0
  solar_opex: 10
  solar_lifetime: 20
  carbon_price: 1.0
timeseries_values:
  load_level: 252050.47366953324
  wind_year: 2018
  solar_year: 2010
  price_year: 2023
  carbon_year: 2023
storage_values:
  CAES:
    cost: 58.7926
    lifetime: 24.4498
    annual_cost: 2.4046249867074576
    efficiency: 0.584776
    discharge_ratio: 0.1
    depth_of_discharge: 0.4
  Li-ion:
    cost: 273.504
    lifetime: 15.2228
    annual_cost: 17.966734109362275
    efficiency: 0.924813
    discharge_ratio: 2
    depth_of_discharge: 0.9
  Pb-acid:
    cost: 169.804
    lifetime: 8.09006
    annual_cost: 20.98921392424778
    efficiency: 0.752461
    discharge_ratio: 5
    depth_of_discharge: 0.5
  VRBF:
    cost: 357.783
    lifetime: 14.8902
    annual_cost: 24.02808558649313
    efficiency: 0.802906
    discharge_ratio: 0.5
    depth_of_discharge: 1.0
