cost_values:
  wind_capex: 5000.0
  wind_opex: 100
  wind_lifetime: 20
  solar_capex: 1000.0
  solar_opex: 10
  solar_lifetime: 20
  carbon_price: 1.0
timeseries_values:
  load_level: 252050.47366953324
  wind_year: 2018
  solar_year: 2010
  price_year: 2023
  carbon_year: 2023
storage_values:
  CAES:
    cost: 64.0892
    lifetime: 25.3935
    annual_cost: 2.5238427156555816
    efficiency: 0.58595
    discharge_ratio: 0.1
    depth_of_discharge: 0.4
  Li-ion:
    cost: 298.83
    lifetime: 14.862
    annual_cost: 20.106984255147353
    efficiency: 0.919984
    discharge_ratio: 2
    depth_of_discharge: 0.9
  Pb-acid:
    cost: 179.859
    lifetime: 6.95797
    annual_cost: 25.849349738501317
    efficiency: 0.740649
    discharge_ratio: 5
    depth_of_discharge: 0.5
  VRBF:
    cost: 374.806
    lifetime: 15.3582
    annual_cost: 24.404292169655296
    efficiency: 0.802485
    discharge_ratio: 0.5
    depth_of_discharge: 1.0
