cost_values:
  wind_capex: 5000.0
  wind_opex: 100
  wind_lifetime: 20
  solar_capex: 1000.0
  solar_opex: 10
  solar_lifetime: 20
  carbon_price: 1.0
timeseries_values:
  load_level: 252050.47366953324
  wind_year: 2018
  solar_year: 2010
  price_year: 2023
  carbon_year: 2023
storage_values:
  CAES:
    cost: 65.491
    lifetime: 24.9311
    annual_cost: 2.62687968039918
    efficiency: 0.598138
    discharge_ratio: 0.1
    depth_of_discharge: 0.4
  Li-ion:
    cost: 270.466
    lifetime: 15.5269
    annual_cost: 17.419188633919198
    efficiency: 0.934038
    discharge_ratio: 2
    depth_of_discharge: 0.9
  Pb-acid:
    cost: 192.39
    lifetime: 6.27406
    annual_cost: 30.66435450091328
    efficiency: 0.742852
    discharge_ratio: 5
    depth_of_discharge: 0.5
  VRBF:
    cost: 392.019
    lifetime: 14.7216
    annual_cost: 26.62883110531464
    efficiency: 0.78963
    discharge_ratio: 0.5
    depth_of_discharge: 1.0
