cost_values:
  wind_capex: 5000.0
  wind_opex: 100
  wind_lifetime: 20
  solar_capex: 1000.0
  solar_opex: 10
  solar_lifetime: 20
  carbon_price: 1.0
timeseries_values:
  load_level: 252050.47366953324
  wind_year: 2018
  solar_year: 2010
  price_year: 2023
  carbon_year: 2023
storage_values:
  CAES:
    cost: 57.4699
    lifetime: 25.1231
    annual_cost: 2.287532191489108
    efficiency: 0.591342
    discharge_ratio: 0.1
    depth_of_discharge: 0.4
  Li-ion:
    cost: 286.3
    lifetime: 14.2038
    annual_cost: 20.15657781720385
    efficiency: 0.907695
    discharge_ratio: 2
    depth_of_discharge: 0.9
  Pb-acid:
    cost: 187.725
    lifetime: 8.05524
    annual_cost: 23.304706005035232
    efficiency: 0.730856
    discharge_ratio: 5
    depth_of_discharge: 0.5
  VRBF:
    cost: 379.448
    lifetime: 16.3514
    annual_cost: 23.205841701627993
    efficiency: 0.792711
    discharge_ratio: 0.5
    depth_of_discharge: 1.0
