cost_values:
  wind_capex: 5000.0
  wind_opex: 100
  wind_lifetime: 20
  solar_capex: 1000.0
  solar_opex: 10
  solar_lifetime: 20
  carbon_price: 1.0
timeseries_values:
  load_level: 252050.47366953324
  wind_year: 2018
  solar_year: 2010
  price_year: 2023
  carbon_year: 2023
storage_values:
  CAES:
    cost: 60.3364
    lifetime: 24.2516
    annual_cost: 2.4879348166718898
    efficiency: 0.598912
    discharge_ratio: 0.1
    depth_of_discharge: 0.4
  Li-ion:
    cost: 281.456
    lifetime: 16.7502
    annual_cost: 16.803142649042996
    efficiency: 0.933092
    discharge_ratio: 2
    depth_of_discharge: 0.9
  Pb-acid:
    cost: 192.352
    lifetime: 5.3978
    annual_cost: 35.63525880914447
    efficiency: 0.727
    discharge_ratio: 5
    depth_of_discharge: 0.5
  VRBF:
    cost: 370.869
    lifetime: 15.5729
    annual_cost: 23.81502481875566
    efficiency: 0.803183
    discharge_ratio: 0.5
    depth_of_discharge: 1.0
