cost_values:
  wind_capex: 5000.0
  wind_opex: 100
  wind_lifetime: 20
  solar_capex: 1000.0
  solar_opex: 10
  solar_lifetime: 20
  carbon_price: 1.0
timeseries_values:
  load_level: 252050.47366953324
  wind_year: 2018
  solar_year: 2010
  price_year: 2023
  carbon_year: 2023
storage_values:
  CAES:
    cost: 62.4794
    lifetime: 24.6637
    annual_cost: 2.5332533237105546
    efficiency: 0.591103
    discharge_ratio: 0.1
    depth_of_discharge: 0.4
  Li-ion:
    cost: 268.309
    lifetime: 15.3646
    annual_cost: 17.4628041081447
    efficiency: 0.922033
    discharge_ratio: 2
    depth_of_discharge: 0.9
  Pb-acid:
    cost: 193.701
    lifetime: 6.90231
    annual_cost: 28.063213619788158
    efficiency: 0.728229
    discharge_ratio: 5
    depth_of_discharge: 0.5
  VRBF:
    cost: 308.68
    lifetime: 15.4315
    annual_cost: 20.00324012571688
    efficiency: 0.799808
    discharge_ratio: 0.5
    depth_of_discharge: 1.0
