cost_values:
  wind_capex: 5000.0
  wind_opex: 100
  wind_lifetime: 20
  solar_capex: 1000.0
  solar_opex: 10
  solar_lifetime: 20
  carbon_price: 1.0
timeseries_values:
  load_level: 252050.47366953324
  wind_year: 2018
  solar_year: 2010
  price_year: 2023
  carbon_year: 2023
storage_values:
  CAES:
    cost: 59.571
    lifetime: 23.7761
    annual_cost: 2.505499219804762
    efficiency: 0.587995
    discharge_ratio: 0.1
    depth_of_discharge: 0.4
  Li-ion:
    cost: 282.81
    lifetime: 14.7449
    annual_cost: 19.180191116928565
    efficiency: 0.924662
    discharge_ratio: 2
    depth_of_discharge: 0.9
  Pb-acid:
    cost: 198.152
    lifetime: 7.53129
    annual_cost: 26.310499263738347
    efficiency: 0.736684
    discharge_ratio: 5
    depth_of_discharge: 0.5
  VRBF:
    cost: 375.925
    lifetime: 16.6958
    annual_cost: 22.516141784161288
    efficiency: 0.821195
    discharge_ratio: 0.5
    depth_of_discharge: 1.0
