cost_values:
  wind_capex: 5000.0
  wind_opex: 100
  wind_lifetime: 20
  solar_capex: 1000.0
  solar_opex: 10
  solar_lifetime: 20
  carbon_price: 1.0
timeseries_values:
  load_level: 252050.47366953324
  wind_year: 2018
  solar_year: 2010
  price_year: 2023
  carbon_year: 2023
storage_values:
  CAES:
    cost: 64.0784
    lifetime: 24.1875
    annual_cost: 2.649236175710594
    efficiency: 0.592506
    discharge_ratio: 0.1
    depth_of_discharge: 0.4
  Li-ion:
    cost: 281.225
    lifetime: 16.8361
    annual_cost: 16.703690284567095
    efficiency: 0.925311
    discharge_ratio: 2
    depth_of_discharge: 0.9
  Pb-acid:
    cost: 196.116
    lifetime: 7.58706
    annual_cost: 25.848747736277293
    efficiency: 0.739818
    discharge_ratio: 5
    depth_of_discharge: 0.5
  VRBF:
    cost: 390.506
    lifetime: 14.2993
    annual_cost: 27.309448714272722
    efficiency: 0.796997
    discharge_ratio: 0.5
    depth_of_discharge: 1.0
