cost_values:
  wind_capex: 5000.0
  wind_opex: 100
  wind_lifetime: 20
  solar_capex: 1000.0
  solar_opex: 10
  solar_lifetime: 20
  carbon_price: 1.0
timeseries_values:
  load_level: 252050.47366953324
  wind_year: 2018
  solar_year: 2010
  price_year: 2023
  carbon_year: 2023
storage_values:
  CAES:
    cost: 60.3451
    lifetime: 25.4301
    annual_cost: 2.3729792647295924
    efficiency: 0.584721
    discharge_ratio: 0.1
    depth_of_discharge: 0.4
  Li-ion:
    cost: 284.338
    lifetime: 16.0512
    annual_cost: 17.71443879585327
    efficiency: 0.934726
    discharge_ratio: 2
    depth_of_discharge: 0.9
  Pb-acid:
    cost: 182.116
    lifetime: 8.02279
    annual_cost: 22.699833848324584
    efficiency: 0.742601
    discharge_ratio: 5
    depth_of_discharge: 0.5
  VRBF:
    cost: 341.701
    lifetime: 15.5322
    annual_cost: 21.999523570389258
    efficiency: 0.81377
    discharge_ratio: 0.5
    depth_of_discharge: 1.0
