cost_values:
  wind_capex: 5000.0
  wind_opex: 100
  wind_lifetime: 20
  solar_capex: 1000.0
  solar_opex: 10
  solar_lifetime: 20
  carbon_price: 1.0
timeseries_values:
  load_level: 252050.47366953324
  wind_year: 2018
  solar_year: 2010
  price_year: 2023
  carbon_year: 2023
storage_values:
  CAES:
    cost: 68.1131
    lifetime: 23.3471
    annual_cost: 2.917411584308115
    efficiency: 0.583379
    discharge_ratio: 0.1
    depth_of_discharge: 0.4
  Li-ion:
    cost: 257.173
    lifetime: 15.7761
    annual_cost: 16.301430645089724
    efficiency: 0.926985
    discharge_ratio: 2
    depth_of_discharge: 0.9
  Pb-acid:
    cost: 194.011
    lifetime: 6.31853
    annual_cost: 30.70508488525021
    efficiency: 0.743617
    discharge_ratio: 5
    depth_of_discharge: 0.5
  VRBF:
    cost: 381.963
    lifetime: 16.5587
    annual_cost: 23.06720938237905
    efficiency: 0.799774
    discharge_ratio: 0.5
    depth_of_discharge: 1.0
