cost_values:
  wind_capex: 5000.0
  wind_opex: 100
  wind_lifetime: 20
  solar_capex: 1000.0
  solar_opex: 10
  solar_lifetime: 20
  carbon_price: 1.0
timeseries_values:
  load_level: 252050.47366953324
  wind_year: 2018
  solar_year: 2010
  price_year: 2023
  carbon_year: 2023
storage_values:
  CAES:
    cost: 62.323
    lifetime: 23.9104
    annual_cost: 2.6065226846895078
    efficiency: 0.590294
    discharge_ratio: 0.1
    depth_of_discharge: 0.4
  Li-ion:
    cost: 287.941
    lifetime: 16.4723
    annual_cost: 17.48031543864548
    efficiency: 0.907067
    discharge_ratio: 2
    depth_of_discharge: 0.9
  Pb-acid:
    cost: 179.931
    lifetime: 7.61212
    annual_cost: 23.63743608876371
    efficiency: 0.730092
    discharge_ratio: 5
    depth_of_discharge: 0.5
  VRBF:
    cost: 347.404
    lifetime: 15.0551
    annual_cost: 23.07550265358583
    efficiency: 0.783657
    discharge_ratio: 0.5
    depth_of_discharge: 1.0
