cost_values:
  wind_capex: 5000.0
  wind_opex: 100
  wind_lifetime: 20
  solar_capex: 1000.0
  solar_opex: 10
  solar_lifetime: 20
  carbon_price: 1.0
timeseries_values:
  load_level: 252050.47366953324
  wind_year: 2018
  solar_year: 2010
  price_year: 2023
  carbon_year: 2023
storage_values:
  CAES:
    cost: 68.6284
    lifetime: 25.2211
    annual_cost: 2.721070849407837
    efficiency: 0.590936
    discharge_ratio: 0.1
    depth_of_discharge: 0.4
  Li-ion:
    cost: 293.372
    lifetime: 14.2513
    annual_cost: 20.585630784560006
    efficiency: 0.917275
    discharge_ratio: 2
    depth_of_discharge: 0.9
  Pb-acid:
    cost: 201.925
    lifetime: 6.26129
    annual_cost: 32.24974406232582
    efficiency: 0.752723
    discharge_ratio: 5
    depth_of_discharge: 0.5
  VRBF:
    cost: 370.282
    lifetime: 14.7382
    annual_cost: 25.12396357764177
    efficiency: 0.795811
    discharge_ratio: 0.5
    depth_of_discharge: 1.0
