cost_values:
  wind_capex: 5000.0
  wind_opex: 100
  wind_lifetime: 20
  solar_capex: 1000.0
  solar_opex: 10
  solar_lifetime: 20
  carbon_price: 1.0
timeseries_values:
  load_level: 252050.47366953324
  wind_year: 2018
  solar_year: 2010
  price_year: 2023
  carbon_year: 2023
storage_values:
  CAES:
    cost: 70.4994
    lifetime: 22.8057
    annual_cost: 3.091306120838211
    efficiency: 0.596437
    discharge_ratio: 0.1
    depth_of_discharge: 0.4
  Li-ion:
    cost: 281.299
    lifetime: 16.2698
    annual_cost: 17.289640929820894
    efficiency: 0.914823
    discharge_ratio: 2
    depth_of_discharge: 0.9
  Pb-acid:
    cost: 217.65
    lifetime: 6.59176
    annual_cost: 33.01849581902254
    efficiency: 0.742237
    discharge_ratio: 5
    depth_of_discharge: 0.5
  VRBF:
    cost: 358.158
    lifetime: 16.0202
    annual_cost: 22.356649729716235
    efficiency: 0.795581
    discharge_ratio: 0.5
    depth_of_discharge: 1.0
