cost_values:
  wind_capex: 5000.0
  wind_opex: 100
  wind_lifetime: 20
  solar_capex: 1000.0
  solar_opex: 10
  solar_lifetime: 20
  carbon_price: 1.0
timeseries_values:
  load_level: 252050.47366953324
  wind_year: 2018
  solar_year: 2010
  price_year: 2023
  carbon_year: 2023
storage_values:
  CAES:
    cost: 67.4502
    lifetime: 23.6786
    annual_cost: 2.8485721284197543
    efficiency: 0.592216
    discharge_ratio: 0.1
    depth_of_discharge: 0.4
  Li-ion:
    cost: 290.551
    lifetime: 15.2372
    annual_cost: 19.068529651117004
    efficiency: 0.926875
    discharge_ratio: 2
    depth_of_discharge: 0.9
  Pb-acid:
    cost: 198.475
    lifetime: 6.97478
    annual_cost: 28.456094672520138
    efficiency: 0.739571
    discharge_ratio: 5
    depth_of_discharge: 0.5
  VRBF:
    cost: 366.147
    lifetime: 16.7599
    annual_cost: 21.846610063305867
    efficiency: 0.827538
    discharge_ratio: 0.5
    depth_of_discharge: 1.0
