cost_values:
  wind_capex: 5000.0
  wind_opex: 100
  wind_lifetime: 20
  solar_capex: 1000.0
  solar_opex: 10
  solar_lifetime: 20
  carbon_price: 1.0
timeseries_values:
  load_level: 252050.47366953324
  wind_year: 2018
  solar_year: 2010
  price_year: 2023
  carbon_year: 2023
storage_values:
  CAES:
    cost: 60.7669
    lifetime: 24.5731
    annual_cost: 2.4729032966943527
    efficiency: 0.600645
    discharge_ratio: 0.1
    depth_of_discharge: 0.4
  Li-ion:
    cost: 278.934
    lifetime: 16.672
    annual_cost: 16.730686180422264
    efficiency: 0.926078
    discharge_ratio: 2
    depth_of_discharge: 0.9
  Pb-acid:
    cost: 184.312
    lifetime: 7.87689
    annual_cost: 23.399082632866524
    efficiency: 0.74138
    discharge_ratio: 5
    depth_of_discharge: 0.5
  VRBF:
    cost: 355.981
    lifetime: 16.8688
    annual_cost: 21.102923740870718
    efficiency: 0.78702
    discharge_ratio: 0.5
    depth_of_discharge: 1.0
