cost_values:
  wind_capex: 5000.0
  wind_opex: 100
  wind_lifetime: 20
  solar_capex: 1000.0
  solar_opex: 10
  solar_lifetime: 20
  carbon_price: 1.0
timeseries_values:
  load_level: 252050.47366953324
  wind_year: 2018
  solar_year: 2010
  price_year: 2023
  carbon_year: 2023
storage_values:
  CAES:
    cost: 60.5934
    lifetime: 23.8928
    annual_cost: 2.5360527020692425
    efficiency: 0.598742
    discharge_ratio: 0.1
    depth_of_discharge: 0.4
  Li-ion:
    cost: 293.802
    lifetime: 15.9676
    annual_cost: 18.399884766652473
    efficiency: 0.922945
    discharge_ratio: 2
    depth_of_discharge: 0.9
  Pb-acid:
    cost: 170.948
    lifetime: 6.07937
    annual_cost: 28.119361052214295
    efficiency: 0.757108
    discharge_ratio: 5
    depth_of_discharge: 0.5
  VRBF:
    cost: 368.15
    lifetime: 16.4925
    annual_cost: 22.322267697438228
    efficiency: 0.797625
    discharge_ratio: 0.5
    depth_of_discharge: 1.0
