cost_values:
  wind_capex: 5000.0
  wind_opex: 100
  wind_lifetime: 20
  solar_capex: 1000.0
  solar_opex: 10
  solar_lifetime: 20
  carbon_price: 1.0
timeseries_values:
  load_level: 252050.47366953324
  wind_year: 2018
  solar_year: 2010
  price_year: 2023
  carbon_year: 2023
storage_values:
  CAES:
    cost: 65.2922
    lifetime: 25.0212
    annual_cost: 2.609475165060029
    efficiency: 0.583211
    discharge_ratio: 0.1
    depth_of_discharge: 0.4
  Li-ion:
    cost: 279.61
    lifetime: 16.0227
    annual_cost: 17.450866583035317
    efficiency: 0.916679
    discharge_ratio: 2
    depth_of_discharge: 0.9
  Pb-acid:
    cost: 159.52
    lifetime: 5.52209
    annual_cost: 28.88761320442079
    efficiency: 0.73851
    discharge_ratio: 5
    depth_of_discharge: 0.5
  VRBF:
    cost: 363.494
    lifetime: 15.2076
    annual_cost: 23.90212788342671
    efficiency: 0.804486
    discharge_ratio: 0.5
    depth_of_discharge: 1.0
