cost_values:
  wind_capex: 5000.0
  wind_opex: 100
  wind_lifetime: 20
  solar_capex: 1000.0
  solar_opex: 10
  solar_lifetime: 20
  carbon_price: 1.0
timeseries_values:
  load_level: 252050.47366953324
  wind_year: 2018
  solar_year: 2010
  price_year: 2023
  carbon_year: 2023
storage_values:
  CAES:
    cost: 67.86
    lifetime: 25.0788
    annual_cost: 2.7058710943107322
    efficiency: 0.580699
    discharge_ratio: 0.1
    depth_of_discharge: 0.4
  Li-ion:
    cost: 276.574
    lifetime: 17.7446
    annual_cost: 15.586375573413886
    efficiency: 0.911007
    discharge_ratio: 2
    depth_of_discharge: 0.9
  Pb-acid:
    cost: 173.978
    lifetime: 7.95784
    annual_cost: 21.86246519155952
    efficiency: 0.735769
    discharge_ratio: 5
    depth_of_discharge: 0.5
  VRBF:
    cost: 367.912
    lifetime: 15.5992
    annual_cost: 23.5853120672855
    efficiency: 0.822198
    discharge_ratio: 0.5
    depth_of_discharge: 1.0
