cost_values:
  wind_capex: 5000.0
  wind_opex: 100
  wind_lifetime: 20
  solar_capex: 1000.0
  solar_opex: 10
  solar_lifetime: 20
  carbon_price: 1.0
timeseries_values:
  load_level: 252050.47366953324
  wind_year: 2018
  solar_year: 2010
  price_year: 2023
  carbon_year: 2023
storage_values:
  CAES:
    cost: 66.8844
    lifetime: 24.3288
    annual_cost: 2.749186149748446
    efficiency: 0.594016
    discharge_ratio: 0.1
    depth_of_discharge: 0.4
  Li-ion:
    cost: 268.032
    lifetime: 15.2703
    annual_cost: 17.55250388008094
    efficiency: 0.914057
    discharge_ratio: 2
    depth_of_discharge: 0.9
  Pb-acid:
    cost: 177.458
    lifetime: 8.23462
    annual_cost: 21.550235469274842
    efficiency: 0.732358
    discharge_ratio: 5
    depth_of_discharge: 0.5
  VRBF:
    cost: 359.193
    lifetime: 14.812
    annual_cost: 24.250135025654874
    efficiency: 0.812824
    discharge_ratio: 0.5
    depth_of_discharge: 1.0
