cost_values:
  wind_capex: 5000.0
  wind_opex: 100
  wind_lifetime: 20
  solar_capex: 1000.0
  solar_opex: 10
  solar_lifetime: 20
  carbon_price: 1.0
timeseries_values:
  load_level: 252050.47366953324
  wind_year: 2018
  solar_year: 2010
  price_year: 2023
  carbon_year: 2023
storage_values:
  CAES:
    cost: 63.0556
    lifetime: 24.3869
    annual_cost: 2.5856340904337984
    efficiency: 0.590331
    discharge_ratio: 0.1
    depth_of_discharge: 0.4
  Li-ion:
    cost: 261.994
    lifetime: 15.6145
    annual_cost: 16.778891415030902
    efficiency: 0.925876
    discharge_ratio: 2
    depth_of_discharge: 0.9
  Pb-acid:
    cost: 189.301
    lifetime: 6.8759
    annual_cost: 27.531086839541004
    efficiency: 0.742673
    discharge_ratio: 5
    depth_of_discharge: 0.5
  VRBF:
    cost: 368.411
    lifetime: 16.5528
    annual_cost: 22.256717896670047
    efficiency: 0.793442
    discharge_ratio: 0.5
    depth_of_discharge: 1.0
