cost_values:
  wind_capex: 5000.0
  wind_opex: 100
  wind_lifetime: 20
  solar_capex: 1000.0
  solar_opex: 10
  solar_lifetime: 20
  carbon_price: 1.0
timeseries_values:
  load_level: 252050.47366953324
  wind_year: 2018
  solar_year: 2010
  price_year: 2023
  carbon_year: 2023
storage_values:
  CAES:
    cost: 73.0444
    lifetime: 25.0475
    annual_cost: 2.916235153208903
    efficiency: 0.595053
    discharge_ratio: 0.1
    depth_of_discharge: 0.4
  Li-ion:
    cost: 276.489
    lifetime: 12.0146
    annual_cost: 23.012751152764135
    efficiency: 0.92356
    discharge_ratio: 2
    depth_of_discharge: 0.9
  Pb-acid:
    cost: 196.833
    lifetime: 5.53559
    annual_cost: 35.55772736058848
    efficiency: 0.751351
    discharge_ratio: 5
    depth_of_discharge: 0.5
  VRBF:
    cost: 385.266
    lifetime: 14.7488
    annual_cost: 26.12185398134086
    efficiency: 0.801061
    discharge_ratio: 0.5
    depth_of_discharge: 1.0
