cost_values:
  wind_capex: 5000.0
  wind_opex: 100
  wind_lifetime: 20
  solar_capex: 1000.0
  solar_opex: 10
  solar_lifetime: 20
  carbon_price: 1.0
timeseries_values:
  load_level: 252050.47366953324
  wind_year: 2018
  solar_year: 2010
  price_year: 2023
  carbon_year: 2023
storage_values:
  CAES:
    cost: 69.3588
    lifetime: 23.7756
    annual_cost: 2.9172260636955536
    efficiency: 0.586296
    discharge_ratio: 0.1
    depth_of_discharge: 0.4
  Li-ion:
    cost: 279.08
    lifetime: 13.6796
    annual_cost: 20.401181321091258
    efficiency: 0.929861
    discharge_ratio: 2
    depth_of_discharge: 0.9
  Pb-acid:
    cost: 194.626
    lifetime: 7.69363
    annual_cost: 25.297031440295413
    efficiency: 0.729873
    discharge_ratio: 5
    depth_of_discharge: 0.5
  VRBF:
    cost: 377.985
    lifetime: 16.7591
    annual_cost: 22.554015430422876
    efficiency: 0.801802
    discharge_ratio: 0.5
    depth_of_discharge: 1.0
