cost_values:
  wind_capex: 5000.0
  wind_opex: 100
  wind_lifetime: 20
  solar_capex: 1000.0
  solar_opex: 10
  solar_lifetime: 20
  carbon_price: 1.0
timeseries_values:
  load_level: 252050.47366953324
  wind_year: 2018
  solar_year: 2010
  price_year: 2023
  carbon_year: 2023
storage_values:
  CAES:
    cost: 74.0663
    lifetime: 24.2711
    annual_cost: 3.0516251838606405
    efficiency: 0.580224
    discharge_ratio: 0.1
    depth_of_discharge: 0.4
  Li-ion:
    cost: 279.419
    lifetime: 16.7996
    annual_cost: 16.6324793447463
    efficiency: 0.915794
    discharge_ratio: 2
    depth_of_discharge: 0.9
  Pb-acid:
    cost: 184.678
    lifetime: 7.65741
    annual_cost: 24.117554107720498
    efficiency: 0.735926
    discharge_ratio: 5
    depth_of_discharge: 0.5
  VRBF:
    cost: 351.232
    lifetime: 15.5222
    annual_cost: 22.627720297380527
    efficiency: 0.816979
    discharge_ratio: 0.5
    depth_of_discharge: 1.0
