cost_values:
  wind_capex: 5000.0
  wind_opex: 100
  wind_lifetime: 20
  solar_capex: 1000.0
  solar_opex: 10
  solar_lifetime: 20
  carbon_price: 1.0
timeseries_values:
  load_level: 252050.47366953324
  wind_year: 2018
  solar_year: 2010
  price_year: 2023
  carbon_year: 2023
storage_values:
  CAES:
    cost: 64.5363
    lifetime: 24.1317
    annual_cost: 2.674337075299295
    efficiency: 0.58868
    discharge_ratio: 0.1
    depth_of_discharge: 0.4
  Li-ion:
    cost: 267.76
    lifetime: 15.4231
    annual_cost: 17.36097152971841
    efficiency: 0.912002
    discharge_ratio: 2
    depth_of_discharge: 0.9
  Pb-acid:
    cost: 166.528
    lifetime: 9.54402
    annual_cost: 17.44841272335976
    efficiency: 0.747833
    discharge_ratio: 5
    depth_of_discharge: 0.5
  VRBF:
    cost: 374.719
    lifetime: 14.0848
    annual_cost: 26.60449562649097
    efficiency: 0.793249
    discharge_ratio: 0.5
    depth_of_discharge: 1.0
