cost_values:
  wind_capex: 5000.0
  wind_opex: 100
  wind_lifetime: 20
  solar_capex: 1000.0
  solar_opex: 10
  solar_lifetime: 20
  carbon_price: 1.0
timeseries_values:
  load_level: 252050.47366953324
  wind_year: 2018
  solar_year: 2010
  price_year: 2023
  carbon_year: 2023
storage_values:
  CAES:
    cost: 75.071
    lifetime: 23.5092
    annual_cost: 3.193260510778759
    efficiency: 0.597389
    discharge_ratio: 0.1
    depth_of_discharge: 0.4
  Li-ion:
    cost: 270.717
    lifetime: 15.6712
    annual_cost: 17.27480984225841
    efficiency: 0.926545
    discharge_ratio: 2
    depth_of_discharge: 0.9
  Pb-acid:
    cost: 176.679
    lifetime: 5.71401
    annual_cost: 30.92031690529068
    efficiency: 0.734479
    discharge_ratio: 5
    depth_of_discharge: 0.5
  VRBF:
    cost: 339.685
    lifetime: 13.9174
    annual_cost: 24.407216865219077
    efficiency: 0.811341
    discharge_ratio: 0.5
    depth_of_discharge: 1.0
