cost_values:
  wind_capex: 5000.0
  wind_opex: 100
  wind_lifetime: 20
  solar_capex: 1000.0
  solar_opex: 10
  solar_lifetime: 20
  carbon_price: 1.0
timeseries_values:
  load_level: 252050.47366953324
  wind_year: 2018
  solar_year: 2010
  price_year: 2023
  carbon_year: 2023
storage_values:
  CAES:
    cost: 64.1173
    lifetime: 24.3546
    annual_cost: 2.632656664449426
    efficiency: 0.591811
    discharge_ratio: 0.1
    depth_of_discharge: 0.4
  Li-ion:
    cost: 287.609
    lifetime: 14.1016
    annual_cost: 20.39548703693198
    efficiency: 0.91151
    discharge_ratio: 2
    depth_of_discharge: 0.9
  Pb-acid:
    cost: 180.59
    lifetime: 7.85079
    annual_cost: 23.002780611887466
    efficiency: 0.757202
    discharge_ratio: 5
    depth_of_discharge: 0.5
  VRBF:
    cost: 350.183
    lifetime: 15.3153
    annual_cost: 22.864912864912863
    efficiency: 0.774919
    discharge_ratio: 0.5
    depth_of_discharge: 1.0
