cost_values:
  wind_capex: 5000.0
  wind_opex: 100
  wind_lifetime: 20
  solar_capex: 1000.0
  solar_opex: 10
  solar_lifetime: 20
  carbon_price: 1.0
timeseries_values:
  load_level: 252050.47366953324
  wind_year: 2018
  solar_year: 2010
  price_year: 2023
  carbon_year: 2023
storage_values:
  CAES:
    cost: 57.7648
    lifetime: 23.2453
    annual_cost: 2.485009872963567
    efficiency: 0.588207
    discharge_ratio: 0.1
    depth_of_discharge: 0.4
  Li-ion:
    cost: 282.894
    lifetime: 16.6566
    annual_cost: 16.98389827455783
    efficiency: 0.934311
    discharge_ratio: 2
    depth_of_discharge: 0.9
  Pb-acid:
    cost: 195.443
    lifetime: 8.61609
    annual_cost: 22.683491003459807
    efficiency: 0.731655
    discharge_ratio: 5
    depth_of_discharge: 0.5
  VRBF:
    cost: 369.764
    lifetime: 14.5681
    annual_cost: 25.38175877430825
    efficiency: 0.792656
    discharge_ratio: 0.5
    depth_of_discharge: 1.0
