cost_values:
  wind_capex: 5000.0
  wind_opex: 100
  wind_lifetime: 20
  solar_capex: 1000.0
  solar_opex: 10
  solar_lifetime: 20
  carbon_price: 1.0
timeseries_values:
  load_level: 252050.47366953324
  wind_year: 2018
  solar_year: 2010
  price_year: 2023
  carbon_year: 2023
storage_values:
  CAES:
    cost: 65.9726
    lifetime: 24.4932
    annual_cost: 2.693506769225744
    efficiency: 0.595721
    discharge_ratio: 0.1
    depth_of_discharge: 0.4
  Li-ion:
    cost: 261.57
    lifetime: 15.9393
    annual_cost: 16.41038188628108
    efficiency: 0.929258
    discharge_ratio: 2
    depth_of_discharge: 0.9
  Pb-acid:
    cost: 192.084
    lifetime: 6.7152
    annual_cost: 28.60436025732666
    efficiency: 0.739181
    discharge_ratio: 5
    depth_of_discharge: 0.5
  VRBF:
    cost: 351.026
    lifetime: 15.9925
    annual_cost: 21.94941378771299
    efficiency: 0.804057
    discharge_ratio: 0.5
    depth_of_discharge: 1.0
