cost_values:
  wind_capex: 5000.0
  wind_opex: 100
  wind_lifetime: 20
  solar_capex: 1000.0
  solar_opex: 10
  solar_lifetime: 20
  carbon_price: 1.0
timeseries_values:
  load_level: 252050.47366953324
  wind_year: 2018
  solar_year: 2010
  price_year: 2023
  carbon_year: 2023
storage_values:
  CAES:
    cost: 68.9996
    lifetime: 23.9989
    annual_cost: 2.8751151094425165
    efficiency: 0.591461
    discharge_ratio: 0.1
    depth_of_discharge: 0.4
  Li-ion:
    cost: 284.632
    lifetime: 14.5257
    annual_cost: 19.595062544318
    efficiency: 0.940527
    discharge_ratio: 2
    depth_of_discharge: 0.9
  Pb-acid:
    cost: 165.509
    lifetime: 7.10447
    annual_cost: 23.296459834442256
    efficiency: 0.734866
    discharge_ratio: 5
    depth_of_discharge: 0.5
  VRBF:
    cost: 358.044
    lifetime: 15.7508
    annual_cost: 22.731797749955557
    efficiency: 0.79649
    discharge_ratio: 0.5
    depth_of_discharge: 1.0
