cost_values:
  wind_capex: 5000.0
  wind_opex: 100
  wind_lifetime: 20
  solar_capex: 1000.0
  solar_opex: 10
  solar_lifetime: 20
  carbon_price: 1.0
timeseries_values:
  load_level: 252050.47366953324
  wind_year: 2018
  solar_year: 2010
  price_year: 2023
  carbon_year: 2023
storage_values:
  CAES:
    cost: 63.888
    lifetime: 24.5007
    annual_cost: 2.6075989665601393
    efficiency: 0.592024
    discharge_ratio: 0.1
    depth_of_discharge: 0.4
  Li-ion:
    cost: 276.816
    lifetime: 14.7858
    annual_cost: 18.721746540599764
    efficiency: 0.912115
    discharge_ratio: 2
    depth_of_discharge: 0.9
  Pb-acid:
    cost: 178.673
    lifetime: 7.07115
    annual_cost: 25.267884290391237
    efficiency: 0.727655
    discharge_ratio: 5
    depth_of_discharge: 0.5
  VRBF:
    cost: 354.41
    lifetime: 13.9037
    annual_cost: 25.49033710451175
    efficiency: 0.815946
    discharge_ratio: 0.5
    depth_of_discharge: 1.0
