cost_values:
  wind_capex: 5000.0
  wind_opex: 100
  wind_lifetime: 20
  solar_capex: 1000.0
  solar_opex: 10
  solar_lifetime: 20
  carbon_price: 1.0
timeseries_values:
  load_level: 252050.47366953324
  wind_year: 2018
  solar_year: 2010
  price_year: 2023
  carbon_year: 2023
storage_values:
  CAES:
    cost: 67.0225
    lifetime: 24.728
    annual_cost: 2.710389032675509
    efficiency: 0.584514
    discharge_ratio: 0.1
    depth_of_discharge: 0.4
  Li-ion:
    cost: 264.393
    lifetime: 15.2239
    annual_cost: 17.366969042098276
    efficiency: 0.924487
    discharge_ratio: 2
    depth_of_discharge: 0.9
  Pb-acid:
    cost: 176.332
    lifetime: 9.01773
    annual_cost: 19.553923215709496
    efficiency: 0.729384
    discharge_ratio: 5
    depth_of_discharge: 0.5
  VRBF:
    cost: 357.449
    lifetime: 16.9533
    annual_cost: 21.084331664041812
    efficiency: 0.786351
    discharge_ratio: 0.5
    depth_of_discharge: 1.0
