cost_values:
  wind_capex: 5000.0
  wind_opex: 100
  wind_lifetime: 20
  solar_capex: 1000.0
  solar_opex: 10
  solar_lifetime: 20
  carbon_price: 1.0
timeseries_values:
  load_level: 252050.47366953324
  wind_year: 2018
  solar_year: 2010
  price_year: 2023
  carbon_year: 2023
storage_values:
  CAES:
    cost: 58.9249
    lifetime: 25.364
    annual_cost: 2.3231706355464437
    efficiency: 0.589383
    discharge_ratio: 0.1
    depth_of_discharge: 0.4
  Li-ion:
    cost: 299.958
    lifetime: 17.418
    annual_cost: 17.22115053393042
    efficiency: 0.933538
    discharge_ratio: 2
    depth_of_discharge: 0.9
  Pb-acid:
    cost: 170.589
    lifetime: 7.0201
    annual_cost: 24.300081195424564
    efficiency: 0.733822
    discharge_ratio: 5
    depth_of_discharge: 0.5
  VRBF:
    cost: 334.662
    lifetime: 16.0426
    annual_cost: 20.86083303205216
    efficiency: 0.797775
    discharge_ratio: 0.5
    depth_of_discharge: 1.0
