cost_values:
  wind_capex: 5000.0
  wind_opex: 100
  wind_lifetime: 20
  solar_capex: 1000.0
  solar_opex: 10
  solar_lifetime: 20
  carbon_price: 1.0
timeseries_values:
  load_level: 252050.47366953324
  wind_year: 2018
  solar_year: 2010
  price_year: 2023
  carbon_year: 2023
storage_values:
  CAES:
    cost: 62.9283
    lifetime: 24.0919
    annual_cost: 2.612010675787298
    efficiency: 0.587536
    discharge_ratio: 0.1
    depth_of_discharge: 0.4
  Li-ion:
    cost: 285.132
    lifetime: 16.0891
    annual_cost: 17.722060276833385
    efficiency: 0.920648
    discharge_ratio: 2
    depth_of_discharge: 0.9
  Pb-acid:
    cost: 207.697
    lifetime: 8.14263
    annual_cost: 25.507360643919714
    efficiency: 0.751214
    discharge_ratio: 5
    depth_of_discharge: 0.5
  VRBF:
    cost: 390.38
    lifetime: 14.7243
    annual_cost: 26.512635575205614
    efficiency: 0.802137
    discharge_ratio: 0.5
    depth_of_discharge: 1.0
