cost_values:
  wind_capex: 5000.0
  wind_opex: 100
  wind_lifetime: 20
  solar_capex: 1000.0
  solar_opex: 10
  solar_lifetime: 20
  carbon_price: 1.0
timeseries_values:
  load_level: 252050.47366953324
  wind_year: 2018
  solar_year: 2010
  price_year: 2023
  carbon_year: 2023
storage_values:
  CAES:
    cost: 61.3875
    lifetime: 23.6198
    annual_cost: 2.598984750082558
    efficiency: 0.582111
    discharge_ratio: 0.1
    depth_of_discharge: 0.4
  Li-ion:
    cost: 270.123
    lifetime: 14.7098
    annual_cost: 18.363471971066907
    efficiency: 0.927744
    discharge_ratio: 2
    depth_of_discharge: 0.9
  Pb-acid:
    cost: 162.746
    lifetime: 8.63504
    annual_cost: 18.84716225981582
    efficiency: 0.749047
    discharge_ratio: 5
    depth_of_discharge: 0.5
  VRBF:
    cost: 341.063
    lifetime: 16.511
    annual_cost: 20.656713706014173
    efficiency: 0.80924
    discharge_ratio: 0.5
    depth_of_discharge: 1.0
