cost_values:
  wind_capex: 5000.0
  wind_opex: 100
  wind_lifetime: 20
  solar_capex: 1000.0
  solar_opex: 10
  solar_lifetime: 20
  carbon_price: 1.0
timeseries_values:
  load_level: 252050.47366953324
  wind_year: 2018
  solar_year: 2010
  price_year: 2023
  carbon_year: 2023
storage_values:
  CAES:
    cost: 67.9666
    lifetime: 24.7231
    annual_cost: 2.749113177554595
    efficiency: 0.593183
    discharge_ratio: 0.1
    depth_of_discharge: 0.4
  Li-ion:
    cost: 284.027
    lifetime: 13.8552
    annual_cost: 20.499667994687915
    efficiency: 0.919521
    discharge_ratio: 2
    depth_of_discharge: 0.9
  Pb-acid:
    cost: 176.969
    lifetime: 7.38963
    annual_cost: 23.94828969786038
    efficiency: 0.739816
    discharge_ratio: 5
    depth_of_discharge: 0.5
  VRBF:
    cost: 383.126
    lifetime: 13.7728
    annual_cost: 27.817582481412636
    efficiency: 0.78263
    discharge_ratio: 0.5
    depth_of_discharge: 1.0
