cost_values:
  wind_capex: 5000.0
  wind_opex: 100
  wind_lifetime: 20
  solar_capex: 1000.0
  solar_opex: 10
  solar_lifetime: 20
  carbon_price: 1.0
timeseries_values:
  load_level: 252050.47366953324
  wind_year: 2018
  solar_year: 2010
  price_year: 2023
  carbon_year: 2023
storage_values:
  CAES:
    cost: 61.2787
    lifetime: 23.3758
    annual_cost: 2.6214589447206085
    efficiency: 0.583647
    discharge_ratio: 0.1
    depth_of_discharge: 0.4
  Li-ion:
    cost: 299.787
    lifetime: 16.1884
    annual_cost: 18.518630624397712
    efficiency: 0.928521
    discharge_ratio: 2
    depth_of_discharge: 0.9
  Pb-acid:
    cost: 202.823
    lifetime: 7.4916
    annual_cost: 27.073388862192324
    efficiency: 0.743475
    discharge_ratio: 5
    depth_of_discharge: 0.5
  VRBF:
    cost: 352.466
    lifetime: 15.2875
    annual_cost: 23.055829926410468
    efficiency: 0.807016
    discharge_ratio: 0.5
    depth_of_discharge: 1.0
