cost_values:
  wind_capex: 5000.0
  wind_opex: 100
  wind_lifetime: 20
  solar_capex: 1000.0
  solar_opex: 10
  solar_lifetime: 20
  carbon_price: 1.0
timeseries_values:
  load_level: 252050.47366953324
  wind_year: 2018
  solar_year: 2010
  price_year: 2023
  carbon_year: 2023
storage_values:
  CAES:
    cost: 66.6046
    lifetime: 24.7185
    annual_cost: 2.694524344114732
    efficiency: 0.593332
    discharge_ratio: 0.1
    depth_of_discharge: 0.4
  Li-ion:
    cost: 287.138
    lifetime: 14.5123
    annual_cost: 19.785836841851395
    efficiency: 0.922744
    discharge_ratio: 2
    depth_of_discharge: 0.9
  Pb-acid:
    cost: 181.239
    lifetime: 6.5094
    annual_cost: 27.842658309521614
    efficiency: 0.737381
    discharge_ratio: 5
    depth_of_discharge: 0.5
  VRBF:
    cost: 369.447
    lifetime: 15.587
    annual_cost: 23.702251876563803
    efficiency: 0.779255
    discharge_ratio: 0.5
    depth_of_discharge: 1.0
