cost_values:
  wind_capex: 5000.0
  wind_opex: 100
  wind_lifetime: 20
  solar_capex: 1000.0
  solar_opex: 10
  solar_lifetime: 20
  carbon_price: 1.0
timeseries_values:
  load_level: 252050.47366953324
  wind_year: 2018
  solar_year: 2010
  price_year: 2023
  carbon_year: 2023
storage_values:
  CAES:
    cost: 65.2338
    lifetime: 24.7968
    annual_cost: 2.630734610917538
    efficiency: 0.58703
    discharge_ratio: 0.1
    depth_of_discharge: 0.4
  Li-ion:
    cost: 291.833
    lifetime: 17.5136
    annual_cost: 16.66322172483099
    efficiency: 0.930843
    discharge_ratio: 2
    depth_of_discharge: 0.9
  Pb-acid:
    cost: 192.08
    lifetime: 6.46209
    annual_cost: 29.72412949989864
    efficiency: 0.738323
    discharge_ratio: 5
    depth_of_discharge: 0.5
  VRBF:
    cost: 344.521
    lifetime: 17.8659
    annual_cost: 19.2837192640729
    efficiency: 0.792788
    discharge_ratio: 0.5
    depth_of_discharge: 1.0
