cost_values:
  wind_capex: 5000.0
  wind_opex: 100
  wind_lifetime: 20
  solar_capex: 1000.0
  solar_opex: 10
  solar_lifetime: 20
  carbon_price: 1.0
timeseries_values:
  load_level: 252050.47366953324
  wind_year: 2018
  solar_year: 2010
  price_year: 2023
  carbon_year: 2023
storage_values:
  CAES:
    cost: 59.3826
    lifetime: 24.8569
    annual_cost: 2.3889785130084604
    efficiency: 0.59013
    discharge_ratio: 0.1
    depth_of_discharge: 0.4
  Li-ion:
    cost: 284.172
    lifetime: 14.4187
    annual_cost: 19.708572894921183
    efficiency: 0.910929
    discharge_ratio: 2
    depth_of_discharge: 0.9
  Pb-acid:
    cost: 166.488
    lifetime: 6.55091
    annual_cost: 25.414484399877267
    efficiency: 0.725826
    discharge_ratio: 5
    depth_of_discharge: 0.5
  VRBF:
    cost: 363.437
    lifetime: 17.0274
    annual_cost: 21.34424515780448
    efficiency: 0.763928
    discharge_ratio: 0.5
    depth_of_discharge: 1.0
