cost_values:
  wind_capex: 5000.0
  wind_opex: 100
  wind_lifetime: 20
  solar_capex: 1000.0
  solar_opex: 10
  solar_lifetime: 20
  carbon_price: 1.0
timeseries_values:
  load_level: 252050.47366953324
  wind_year: 2018
  solar_year: 2010
  price_year: 2023
  carbon_year: 2023
storage_values:
  CAES:
    cost: 69.5191
    lifetime: 24.6535
    annual_cost: 2.8198470805362317
    efficiency: 0.587159
    discharge_ratio: 0.1
    depth_of_discharge: 0.4
  Li-ion:
    cost: 276.728
    lifetime: 13.24
    annual_cost: 20.900906344410878
    efficiency: 0.920033
    discharge_ratio: 2
    depth_of_discharge: 0.9
  Pb-acid:
    cost: 194.782
    lifetime: 7.45954
    annual_cost: 26.111797778415294
    efficiency: 0.736979
    discharge_ratio: 5
    depth_of_discharge: 0.5
  VRBF:
    cost: 366.27
    lifetime: 13.8056
    annual_cost: 26.53053833227096
    efficiency: 0.802166
    discharge_ratio: 0.5
    depth_of_discharge: 1.0
