cost_values:
  wind_capex: 5000.0
  wind_opex: 100
  wind_lifetime: 20
  solar_capex: 1000.0
  solar_opex: 10
  solar_lifetime: 20
  carbon_price: 1.0
timeseries_values:
  load_level: 252050.47366953324
  wind_year: 2018
  solar_year: 2010
  price_year: 2023
  carbon_year: 2023
storage_values:
  CAES:
    cost: 66.2003
    lifetime: 24.5666
    annual_cost: 2.6947278011609255
    efficiency: 0.588295
    discharge_ratio: 0.1
    depth_of_discharge: 0.4
  Li-ion:
    cost: 285.757
    lifetime: 15.8251
    annual_cost: 18.057200270456427
    efficiency: 0.916806
    discharge_ratio: 2
    depth_of_discharge: 0.9
  Pb-acid:
    cost: 207.031
    lifetime: 7.59282
    annual_cost: 27.266680890630887
    efficiency: 0.742644
    discharge_ratio: 5
    depth_of_discharge: 0.5
  VRBF:
    cost: 349.756
    lifetime: 16.5978
    annual_cost: 21.072431286074057
    efficiency: 0.804372
    discharge_ratio: 0.5
    depth_of_discharge: 1.0
