cost_values:
  wind_capex: 5000.0
  wind_opex: 100
  wind_lifetime: 20
  solar_capex: 1000.0
  solar_opex: 10
  solar_lifetime: 20
  carbon_price: 1.0
timeseries_values:
  load_level: 252050.47366953324
  wind_year: 2018
  solar_year: 2010
  price_year: 2023
  carbon_year: 2023
storage_values:
  CAES:
    cost: 69.0119
    lifetime: 24.0657
    annual_cost: 2.867645653357268
    efficiency: 0.578831
    discharge_ratio: 0.1
    depth_of_discharge: 0.4
  Li-ion:
    cost: 291.803
    lifetime: 14.4482
    annual_cost: 20.19649506512922
    efficiency: 0.929591
    discharge_ratio: 2
    depth_of_discharge: 0.9
  Pb-acid:
    cost: 176.862
    lifetime: 6.55801
    annual_cost: 26.968851831576956
    efficiency: 0.751123
    discharge_ratio: 5
    depth_of_discharge: 0.5
  VRBF:
    cost: 347.205
    lifetime: 15.7862
    annual_cost: 21.99421013290089
    efficiency: 0.80386
    discharge_ratio: 0.5
    depth_of_discharge: 1.0
