cost_values:
  wind_capex: 5000.0
  wind_opex: 100
  wind_lifetime: 20
  solar_capex: 1000.0
  solar_opex: 10
  solar_lifetime: 20
  carbon_price: 1.0
timeseries_values:
  load_level: 235626.6083122505
  wind_year: 2015
  solar_year: 2011
  price_year: 2023
  carbon_year: 2023
storage_values:
  CAES:
    cost: 54.8223
    lifetime: 25.7439
    annual_cost: 2.129525829419785
    efficiency: 0.600534
    discharge_ratio: 0.1
    depth_of_discharge: 0.4
  Li-ion:
    cost: 142.849
    lifetime: 17.2872
    annual_cost: 8.26328150307742
    efficiency: 0.920708
    discharge_ratio: 2
    depth_of_discharge: 0.9
  Pb-acid:
    cost: 149.814
    lifetime: 8.40843
    annual_cost: 17.817119248183076
    efficiency: 0.66102
    discharge_ratio: 5
    depth_of_discharge: 0.5
  VRBF:
    cost: 188.337
    lifetime: 16.4165
    annual_cost: 11.47242103980751
    efficiency: 0.785664
    discharge_ratio: 0.5
    depth_of_discharge: 1.0
