cost_values:
  wind_capex: 5000.0
  wind_opex: 100
  wind_lifetime: 20
  solar_capex: 1000.0
  solar_opex: 10
  solar_lifetime: 20
  carbon_price: 1.0
timeseries_values:
  load_level: 235626.6083122505
  wind_year: 2015
  solar_year: 2011
  price_year: 2023
  carbon_year: 2023
storage_values:
  CAES:
    cost: 60.6402
    lifetime: 26.7594
    annual_cost: 2.2661270432072467
    efficiency: 0.603012
    discharge_ratio: 0.1
    depth_of_discharge: 0.4
  Li-ion:
    cost: 125.586
    lifetime: 19.556
    annual_cost: 6.421865412149724
    efficiency: 0.917306
    discharge_ratio: 2
    depth_of_discharge: 0.9
  Pb-acid:
    cost: 149.325
    lifetime: 8.64097
    annual_cost: 17.28104599367895
    efficiency: 0.678052
    discharge_ratio: 5
    depth_of_discharge: 0.5
  VRBF:
    cost: 203.426
    lifetime: 15.3984
    annual_cost: 13.210853075644222
    efficiency: 0.783827
    discharge_ratio: 0.5
    depth_of_discharge: 1.0
