cost_values:
  wind_capex: 5000.0
  wind_opex: 100
  wind_lifetime: 20
  solar_capex: 1000.0
  solar_opex: 10
  solar_lifetime: 20
  carbon_price: 1.0
timeseries_values:
  load_level: 235626.6083122505
  wind_year: 2015
  solar_year: 2011
  price_year: 2023
  carbon_year: 2023
storage_values:
  CAES:
    cost: 46.2124
    lifetime: 27.0423
    annual_cost: 1.7088931045066433
    efficiency: 0.605968
    discharge_ratio: 0.1
    depth_of_discharge: 0.4
  Li-ion:
    cost: 155.136
    lifetime: 20.965
    annual_cost: 7.399761507274028
    efficiency: 0.923209
    discharge_ratio: 2
    depth_of_discharge: 0.9
  Pb-acid:
    cost: 159.537
    lifetime: 9.7923
    annual_cost: 16.292086639502468
    efficiency: 0.672136
    discharge_ratio: 5
    depth_of_discharge: 0.5
  VRBF:
    cost: 215.834
    lifetime: 16.7531
    annual_cost: 12.883227581760988
    efficiency: 0.758012
    discharge_ratio: 0.5
    depth_of_discharge: 1.0
