cost_values:
  wind_capex: 5000.0
  wind_opex: 100
  wind_lifetime: 20
  solar_capex: 1000.0
  solar_opex: 10
  solar_lifetime: 20
  carbon_price: 1.0
timeseries_values:
  load_level: 235626.6083122505
  wind_year: 2015
  solar_year: 2011
  price_year: 2023
  carbon_year: 2023
storage_values:
  CAES:
    cost: 51.4649
    lifetime: 26.6623
    annual_cost: 1.930249828409402
    efficiency: 0.605401
    discharge_ratio: 0.1
    depth_of_discharge: 0.4
  Li-ion:
    cost: 132.75
    lifetime: 21.4102
    annual_cost: 6.200315737358829
    efficiency: 0.919748
    discharge_ratio: 2
    depth_of_discharge: 0.9
  Pb-acid:
    cost: 171.223
    lifetime: 7.69026
    annual_cost: 22.26491692088434
    efficiency: 0.674739
    discharge_ratio: 5
    depth_of_discharge: 0.5
  VRBF:
    cost: 246.67
    lifetime: 16.642
    annual_cost: 14.822136762408364
    efficiency: 0.795319
    discharge_ratio: 0.5
    depth_of_discharge: 1.0
