cost_values:
  wind_capex: 5000.0
  wind_opex: 100
  wind_lifetime: 20
  solar_capex: 1000.0
  solar_opex: 10
  solar_lifetime: 20
  carbon_price: 1.0
timeseries_values:
  load_level: 235626.6083122505
  wind_year: 2015
  solar_year: 2011
  price_year: 2023
  carbon_year: 2023
storage_values:
  CAES:
    cost: 50.1287
    lifetime: 26.8263
    annual_cost: 1.868640103182325
    efficiency: 0.59741
    discharge_ratio: 0.1
    depth_of_discharge: 0.4
  Li-ion:
    cost: 134.766
    lifetime: 18.6365
    annual_cost: 7.23129342956027
    efficiency: 0.920381
    discharge_ratio: 2
    depth_of_discharge: 0.9
  Pb-acid:
    cost: 196.487
    lifetime: 8.03814
    annual_cost: 24.444336625139645
    efficiency: 0.67535
    discharge_ratio: 5
    depth_of_discharge: 0.5
  VRBF:
    cost: 175.204
    lifetime: 15.5026
    annual_cost: 11.301588120702334
    efficiency: 0.777069
    discharge_ratio: 0.5
    depth_of_discharge: 1.0
