cost_values:
  wind_capex: 5000.0
  wind_opex: 100
  wind_lifetime: 20
  solar_capex: 1000.0
  solar_opex: 10
  solar_lifetime: 20
  carbon_price: 1.0
timeseries_values:
  load_level: 235626.6083122505
  wind_year: 2015
  solar_year: 2011
  price_year: 2023
  carbon_year: 2023
storage_values:
  CAES:
    cost: 55.3403
    lifetime: 26.1515
    annual_cost: 2.1161424774869513
    efficiency: 0.60179
    discharge_ratio: 0.1
    depth_of_discharge: 0.4
  Li-ion:
    cost: 121.668
    lifetime: 17.6766
    annual_cost: 6.882997861579716
    efficiency: 0.912637
    discharge_ratio: 2
    depth_of_discharge: 0.9
  Pb-acid:
    cost: 142.781
    lifetime: 7.61778
    annual_cost: 18.743124637361543
    efficiency: 0.680345
    discharge_ratio: 5
    depth_of_discharge: 0.5
  VRBF:
    cost: 210.09
    lifetime: 17.4419
    annual_cost: 12.045132697699218
    efficiency: 0.768534
    discharge_ratio: 0.5
    depth_of_discharge: 1.0
