cost_values:
  wind_capex: 5000.0
  wind_opex: 100
  wind_lifetime: 20
  solar_capex: 1000.0
  solar_opex: 10
  solar_lifetime: 20
  carbon_price: 1.0
timeseries_values:
  load_level: 235626.6083122505
  wind_year: 2015
  solar_year: 2011
  price_year: 2023
  carbon_year: 2023
storage_values:
  CAES:
    cost: 47.4447
    lifetime: 26.5213
    annual_cost: 1.788928144547967
    efficiency: 0.598108
    discharge_ratio: 0.1
    depth_of_discharge: 0.4
  Li-ion:
    cost: 144.789
    lifetime: 19.4998
    annual_cost: 7.425153078493112
    efficiency: 0.928382
    discharge_ratio: 2
    depth_of_discharge: 0.9
  Pb-acid:
    cost: 180.645
    lifetime: 8.31857
    annual_cost: 21.715871838549177
    efficiency: 0.66217
    discharge_ratio: 5
    depth_of_discharge: 0.5
  VRBF:
    cost: 208.992
    lifetime: 16.8615
    annual_cost: 12.39462681256116
    efficiency: 0.778221
    discharge_ratio: 0.5
    depth_of_discharge: 1.0
