cost_values:
  wind_capex: 5000.0
  wind_opex: 100
  wind_lifetime: 20
  solar_capex: 1000.0
  solar_opex: 10
  solar_lifetime: 20
  carbon_price: 1.0
timeseries_values:
  load_level: 235626.6083122505
  wind_year: 2015
  solar_year: 2011
  price_year: 2023
  carbon_year: 2023
storage_values:
  CAES:
    cost: 49.3515
    lifetime: 26.4624
    annual_cost: 1.8649668964266282
    efficiency: 0.601149
    discharge_ratio: 0.1
    depth_of_discharge: 0.4
  Li-ion:
    cost: 135.29
    lifetime: 20.7297
    annual_cost: 6.526384848791829
    efficiency: 0.942737
    discharge_ratio: 2
    depth_of_discharge: 0.9
  Pb-acid:
    cost: 189.21
    lifetime: 7.32082
    annual_cost: 25.845465398684848
    efficiency: 0.675161
    discharge_ratio: 5
    depth_of_discharge: 0.5
  VRBF:
    cost: 193.13
    lifetime: 19.1825
    annual_cost: 10.068030757200573
    efficiency: 0.786888
    discharge_ratio: 0.5
    depth_of_discharge: 1.0
