cost_values:
  wind_capex: 5000.0
  wind_opex: 100
  wind_lifetime: 20
  solar_capex: 1000.0
  solar_opex: 10
  solar_lifetime: 20
  carbon_price: 1.0
timeseries_values:
  load_level: 235626.6083122505
  wind_year: 2015
  solar_year: 2011
  price_year: 2023
  carbon_year: 2023
storage_values:
  CAES:
    cost: 53.605
    lifetime: 27.2725
    annual_cost: 1.9655330461087175
    efficiency: 0.597052
    discharge_ratio: 0.1
    depth_of_discharge: 0.4
  Li-ion:
    cost: 132.778
    lifetime: 17.9097
    annual_cost: 7.413747857306375
    efficiency: 0.926444
    discharge_ratio: 2
    depth_of_discharge: 0.9
  Pb-acid:
    cost: 180.855
    lifetime: 8.65068
    annual_cost: 20.906448972797513
    efficiency: 0.688532
    discharge_ratio: 5
    depth_of_discharge: 0.5
  VRBF:
    cost: 203.943
    lifetime: 17.5064
    annual_cost: 11.649625279897638
    efficiency: 0.774428
    discharge_ratio: 0.5
    depth_of_discharge: 1.0
