cost_values:
  wind_capex: 5000.0
  wind_opex: 100
  wind_lifetime: 20
  solar_capex: 1000.0
  solar_opex: 10
  solar_lifetime: 20
  carbon_price: 1.0
timeseries_values:
  load_level: 235626.6083122505
  wind_year: 2015
  solar_year: 2011
  price_year: 2023
  carbon_year: 2023
storage_values:
  CAES:
    cost: 48.1263
    lifetime: 25.519
    annual_cost: 1.8859007014381444
    efficiency: 0.606957
    discharge_ratio: 0.1
    depth_of_discharge: 0.4
  Li-ion:
    cost: 115.666
    lifetime: 19.3546
    annual_cost: 5.976150372521261
    efficiency: 0.925783
    discharge_ratio: 2
    depth_of_discharge: 0.9
  Pb-acid:
    cost: 166.581
    lifetime: 9.3168
    annual_cost: 17.879636785162287
    efficiency: 0.689167
    discharge_ratio: 5
    depth_of_discharge: 0.5
  VRBF:
    cost: 221.303
    lifetime: 17.5926
    annual_cost: 12.579323124495525
    efficiency: 0.77785
    discharge_ratio: 0.5
    depth_of_discharge: 1.0
