cost_values:
  wind_capex: 5000.0
  wind_opex: 100
  wind_lifetime: 20
  solar_capex: 1000.0
  solar_opex: 10
  solar_lifetime: 20
  carbon_price: 1.0
timeseries_values:
  load_level: 235626.6083122505
  wind_year: 2015
  solar_year: 2011
  price_year: 2023
  carbon_year: 2023
storage_values:
  CAES:
    cost: 50.9523
    lifetime: 25.6853
    annual_cost: 1.9837144203104498
    efficiency: 0.597534
    discharge_ratio: 0.1
    depth_of_discharge: 0.4
  Li-ion:
    cost: 112.305
    lifetime: 19.2175
    annual_cost: 5.843892285677117
    efficiency: 0.9253
    discharge_ratio: 2
    depth_of_discharge: 0.9
  Pb-acid:
    cost: 173.09
    lifetime: 8.49314
    annual_cost: 20.379977252229445
    efficiency: 0.67105
    discharge_ratio: 5
    depth_of_discharge: 0.5
  VRBF:
    cost: 225.164
    lifetime: 15.6596
    annual_cost: 14.378655904365374
    efficiency: 0.756352
    discharge_ratio: 0.5
    depth_of_discharge: 1.0
