cost_values:
  wind_capex: 5000.0
  wind_opex: 100
  wind_lifetime: 20
  solar_capex: 1000.0
  solar_opex: 10
  solar_lifetime: 20
  carbon_price: 1.0
timeseries_values:
  load_level: 235626.6083122505
  wind_year: 2015
  solar_year: 2011
  price_year: 2023
  carbon_year: 2023
storage_values:
  CAES:
    cost: 50.5074
    lifetime: 25.6749
    annual_cost: 1.967189745627052
    efficiency: 0.589658
    discharge_ratio: 0.1
    depth_of_discharge: 0.4
  Li-ion:
    cost: 121.08
    lifetime: 19.5006
    annual_cost: 6.209039721854713
    efficiency: 0.918439
    discharge_ratio: 2
    depth_of_discharge: 0.9
  Pb-acid:
    cost: 165.072
    lifetime: 7.4661
    annual_cost: 22.10953509864588
    efficiency: 0.670949
    discharge_ratio: 5
    depth_of_discharge: 0.5
  VRBF:
    cost: 198.051
    lifetime: 16.0615
    annual_cost: 12.330791022009153
    efficiency: 0.769715
    discharge_ratio: 0.5
    depth_of_discharge: 1.0
