cost_values:
  wind_capex: 5000.0
  wind_opex: 100
  wind_lifetime: 20
  solar_capex: 1000.0
  solar_opex: 10
  solar_lifetime: 20
  carbon_price: 1.0
timeseries_values:
  load_level: 235626.6083122505
  wind_year: 2015
  solar_year: 2011
  price_year: 2023
  carbon_year: 2023
storage_values:
  CAES:
    cost: 51.2709
    lifetime: 26.1857
    annual_cost: 1.9579732449390315
    efficiency: 0.58833
    discharge_ratio: 0.1
    depth_of_discharge: 0.4
  Li-ion:
    cost: 105.263
    lifetime: 18.3771
    annual_cost: 5.727944017282379
    efficiency: 0.917166
    discharge_ratio: 2
    depth_of_discharge: 0.9
  Pb-acid:
    cost: 158.379
    lifetime: 9.12657
    annual_cost: 17.35361696672463
    efficiency: 0.678933
    discharge_ratio: 5
    depth_of_discharge: 0.5
  VRBF:
    cost: 199.035
    lifetime: 18.8207
    annual_cost: 10.575323978385502
    efficiency: 0.768412
    discharge_ratio: 0.5
    depth_of_discharge: 1.0
