cost_values:
  wind_capex: 5000.0
  wind_opex: 100
  wind_lifetime: 20
  solar_capex: 1000.0
  solar_opex: 10
  solar_lifetime: 20
  carbon_price: 1.0
timeseries_values:
  load_level: 235626.6083122505
  wind_year: 2015
  solar_year: 2011
  price_year: 2023
  carbon_year: 2023
storage_values:
  CAES:
    cost: 42.5648
    lifetime: 26.185
    annual_cost: 1.6255413404620966
    efficiency: 0.603372
    discharge_ratio: 0.1
    depth_of_discharge: 0.4
  Li-ion:
    cost: 132.016
    lifetime: 19.4354
    annual_cost: 6.792553793593133
    efficiency: 0.917373
    discharge_ratio: 2
    depth_of_discharge: 0.9
  Pb-acid:
    cost: 167.328
    lifetime: 7.58887
    annual_cost: 22.049132479539114
    efficiency: 0.689196
    discharge_ratio: 5
    depth_of_discharge: 0.5
  VRBF:
    cost: 200.699
    lifetime: 18.8072
    annual_cost: 10.671391807392913
    efficiency: 0.764357
    discharge_ratio: 0.5
    depth_of_discharge: 1.0
