cost_values:
  wind_capex: 5000.0
  wind_opex: 100
  wind_lifetime: 20
  solar_capex: 1000.0
  solar_opex: 10
  solar_lifetime: 20
  carbon_price: 1.0
timeseries_values:
  load_level: 235626.6083122505
  wind_year: 2015
  solar_year: 2011
  price_year: 2023
  carbon_year: 2023
storage_values:
  CAES:
    cost: 51.4629
    lifetime: 26.7883
    annual_cost: 1.9210961501849688
    efficiency: 0.592928
    discharge_ratio: 0.1
    depth_of_discharge: 0.4
  Li-ion:
    cost: 139.123
    lifetime: 18.5733
    annual_cost: 7.490483651262834
    efficiency: 0.915684
    discharge_ratio: 2
    depth_of_discharge: 0.9
  Pb-acid:
    cost: 157.086
    lifetime: 6.8673
    annual_cost: 22.874492158490238
    efficiency: 0.670498
    discharge_ratio: 5
    depth_of_discharge: 0.5
  VRBF:
    cost: 166.046
    lifetime: 17.6253
    annual_cost: 9.420889289827691
    efficiency: 0.768211
    discharge_ratio: 0.5
    depth_of_discharge: 1.0
