cost_values:
  wind_capex: 5000.0
  wind_opex: 100
  wind_lifetime: 20
  solar_capex: 1000.0
  solar_opex: 10
  solar_lifetime: 20
  carbon_price: 1.0
timeseries_values:
  load_level: 235626.6083122505
  wind_year: 2015
  solar_year: 2011
  price_year: 2023
  carbon_year: 2023
storage_values:
  CAES:
    cost: 47.1179
    lifetime: 26.4941
    annual_cost: 1.7784299145847566
    efficiency: 0.603848
    discharge_ratio: 0.1
    depth_of_discharge: 0.4
  Li-ion:
    cost: 126.309
    lifetime: 20.0837
    annual_cost: 6.289129990987716
    efficiency: 0.918267
    discharge_ratio: 2
    depth_of_discharge: 0.9
  Pb-acid:
    cost: 161.748
    lifetime: 7.83322
    annual_cost: 20.648979602258073
    efficiency: 0.664262
    discharge_ratio: 5
    depth_of_discharge: 0.5
  VRBF:
    cost: 198.95
    lifetime: 18.4461
    annual_cost: 10.7854776890508
    efficiency: 0.76502
    discharge_ratio: 0.5
    depth_of_discharge: 1.0
