cost_values:
  wind_capex: 5000.0
  wind_opex: 100
  wind_lifetime: 20
  solar_capex: 1000.0
  solar_opex: 10
  solar_lifetime: 20
  carbon_price: 1.0
timeseries_values:
  load_level: 235626.6083122505
  wind_year: 2015
  solar_year: 2011
  price_year: 2023
  carbon_year: 2023
storage_values:
  CAES:
    cost: 53.2755
    lifetime: 26.0115
    annual_cost: 2.0481517790208175
    efficiency: 0.601477
    discharge_ratio: 0.1
    depth_of_discharge: 0.4
  Li-ion:
    cost: 124.723
    lifetime: 20.5572
    annual_cost: 6.067120035802541
    efficiency: 0.925955
    discharge_ratio: 2
    depth_of_discharge: 0.9
  Pb-acid:
    cost: 152.956
    lifetime: 6.0505
    annual_cost: 25.27989422361788
    efficiency: 0.672618
    discharge_ratio: 5
    depth_of_discharge: 0.5
  VRBF:
    cost: 226.124
    lifetime: 17.504
    annual_cost: 12.91841864716636
    efficiency: 0.780401
    discharge_ratio: 0.5
    depth_of_discharge: 1.0
