cost_values:
  wind_capex: 5000.0
  wind_opex: 100
  wind_lifetime: 20
  solar_capex: 1000.0
  solar_opex: 10
  solar_lifetime: 20
  carbon_price: 1.0
timeseries_values:
  load_level: 235626.6083122505
  wind_year: 2015
  solar_year: 2011
  price_year: 2023
  carbon_year: 2023
storage_values:
  CAES:
    cost: 53.6611
    lifetime: 26.181
    annual_cost: 2.0496199534013213
    efficiency: 0.596095
    discharge_ratio: 0.1
    depth_of_discharge: 0.4
  Li-ion:
    cost: 118.332
    lifetime: 16.5615
    annual_cost: 7.145004981432842
    efficiency: 0.912454
    discharge_ratio: 2
    depth_of_discharge: 0.9
  Pb-acid:
    cost: 179.153
    lifetime: 8.10329
    annual_cost: 22.10867437793785
    efficiency: 0.67203
    discharge_ratio: 5
    depth_of_discharge: 0.5
  VRBF:
    cost: 175.84
    lifetime: 16.449
    annual_cost: 10.690011550854154
    efficiency: 0.782304
    discharge_ratio: 0.5
    depth_of_discharge: 1.0
