cost_values:
  wind_capex: 5000.0
  wind_opex: 100
  wind_lifetime: 20
  solar_capex: 1000.0
  solar_opex: 10
  solar_lifetime: 20
  carbon_price: 1.0
timeseries_values:
  load_level: 235626.6083122505
  wind_year: 2015
  solar_year: 2011
  price_year: 2023
  carbon_year: 2023
storage_values:
  CAES:
    cost: 53.1808
    lifetime: 26.6428
    annual_cost: 1.9960664794991516
    efficiency: 0.599822
    discharge_ratio: 0.1
    depth_of_discharge: 0.4
  Li-ion:
    cost: 118.462
    lifetime: 18.1263
    annual_cost: 6.535365739284907
    efficiency: 0.922249
    discharge_ratio: 2
    depth_of_discharge: 0.9
  Pb-acid:
    cost: 161.896
    lifetime: 6.49723
    annual_cost: 24.917695694934608
    efficiency: 0.666559
    discharge_ratio: 5
    depth_of_discharge: 0.5
  VRBF:
    cost: 197.109
    lifetime: 15.1049
    annual_cost: 13.049341604380036
    efficiency: 0.802497
    discharge_ratio: 0.5
    depth_of_discharge: 1.0
