cost_values:
  wind_capex: 5000.0
  wind_opex: 100
  wind_lifetime: 20
  solar_capex: 1000.0
  solar_opex: 10
  solar_lifetime: 20
  carbon_price: 1.0
timeseries_values:
  load_level: 235626.6083122505
  wind_year: 2015
  solar_year: 2011
  price_year: 2023
  carbon_year: 2023
storage_values:
  CAES:
    cost: 48.822
    lifetime: 25.9516
    annual_cost: 1.881271289631468
    efficiency: 0.597027
    discharge_ratio: 0.1
    depth_of_discharge: 0.4
  Li-ion:
    cost: 123.645
    lifetime: 17.7611
    annual_cost: 6.961562065412616
    efficiency: 0.932828
    discharge_ratio: 2
    depth_of_discharge: 0.9
  Pb-acid:
    cost: 161.951
    lifetime: 7.87688
    annual_cost: 20.56029798600461
    efficiency: 0.680153
    discharge_ratio: 5
    depth_of_discharge: 0.5
  VRBF:
    cost: 171.446
    lifetime: 17.581
    annual_cost: 9.751777487059895
    efficiency: 0.80105
    discharge_ratio: 0.5
    depth_of_discharge: 1.0
