cost_values:
  wind_capex: 5000.0
  wind_opex: 100
  wind_lifetime: 20
  solar_capex: 1000.0
  solar_opex: 10
  solar_lifetime: 20
  carbon_price: 1.0
timeseries_values:
  load_level: 235626.6083122505
  wind_year: 2015
  solar_year: 2011
  price_year: 2023
  carbon_year: 2023
storage_values:
  CAES:
    cost: 52.6306
    lifetime: 26.8201
    annual_cost: 1.9623565907658809
    efficiency: 0.600708
    discharge_ratio: 0.1
    depth_of_discharge: 0.4
  Li-ion:
    cost: 128.209
    lifetime: 21.4221
    annual_cost: 5.984894104686282
    efficiency: 0.931488
    discharge_ratio: 2
    depth_of_discharge: 0.9
  Pb-acid:
    cost: 164.463
    lifetime: 8.40783
    annual_cost: 19.56069520910865
    efficiency: 0.67769
    discharge_ratio: 5
    depth_of_discharge: 0.5
  VRBF:
    cost: 197.873
    lifetime: 16.328
    annual_cost: 12.118630573248408
    efficiency: 0.785799
    discharge_ratio: 0.5
    depth_of_discharge: 1.0
