cost_values:
  wind_capex: 5000.0
  wind_opex: 100
  wind_lifetime: 20
  solar_capex: 1000.0
  solar_opex: 10
  solar_lifetime: 20
  carbon_price: 1.0
timeseries_values:
  load_level: 235626.6083122505
  wind_year: 2015
  solar_year: 2011
  price_year: 2023
  carbon_year: 2023
storage_values:
  CAES:
    cost: 48.1836
    lifetime: 26.2994
    annual_cost: 1.832117842992616
    efficiency: 0.601521
    discharge_ratio: 0.1
    depth_of_discharge: 0.4
  Li-ion:
    cost: 134.792
    lifetime: 19.4945
    annual_cost: 6.914360460642746
    efficiency: 0.91987
    discharge_ratio: 2
    depth_of_discharge: 0.9
  Pb-acid:
    cost: 169.891
    lifetime: 7.26528
    annual_cost: 23.383957672656802
    efficiency: 0.684412
    discharge_ratio: 5
    depth_of_discharge: 0.5
  VRBF:
    cost: 222.869
    lifetime: 14.6915
    annual_cost: 15.169928189769594
    efficiency: 0.755471
    discharge_ratio: 0.5
    depth_of_discharge: 1.0
