cost_values:
  wind_capex: 5000.0
  wind_opex: 100
  wind_lifetime: 20
  solar_capex: 1000.0
  solar_opex: 10
  solar_lifetime: 20
  carbon_price: 1.0
timeseries_values:
  load_level: 235626.6083122505
  wind_year: 2015
  solar_year: 2011
  price_year: 2023
  carbon_year: 2023
storage_values:
  CAES:
    cost: 53.6865
    lifetime: 25.9005
    annual_cost: 2.0727978224358603
    efficiency: 0.600701
    discharge_ratio: 0.1
    depth_of_discharge: 0.4
  Li-ion:
    cost: 129.887
    lifetime: 20.2295
    annual_cost: 6.420672779851207
    efficiency: 0.909751
    discharge_ratio: 2
    depth_of_discharge: 0.9
  Pb-acid:
    cost: 174.947
    lifetime: 7.48805
    annual_cost: 23.363492498046888
    efficiency: 0.666993
    discharge_ratio: 5
    depth_of_discharge: 0.5
  VRBF:
    cost: 217.03
    lifetime: 17.4573
    annual_cost: 12.432048484015283
    efficiency: 0.778358
    discharge_ratio: 0.5
    depth_of_discharge: 1.0
