cost_values:
  wind_capex: 5000.0
  wind_opex: 100
  wind_lifetime: 20
  solar_capex: 1000.0
  solar_opex: 10
  solar_lifetime: 20
  carbon_price: 1.0
timeseries_values:
  load_level: 235626.6083122505
  wind_year: 2015
  solar_year: 2011
  price_year: 2023
  carbon_year: 2023
storage_values:
  CAES:
    cost: 48.6036
    lifetime: 25.9605
    annual_cost: 1.872213555208875
    efficiency: 0.585626
    discharge_ratio: 0.1
    depth_of_discharge: 0.4
  Li-ion:
    cost: 148.118
    lifetime: 18.7182
    annual_cost: 7.913047194708893
    efficiency: 0.917601
    discharge_ratio: 2
    depth_of_discharge: 0.9
  Pb-acid:
    cost: 175.909
    lifetime: 9.68452
    annual_cost: 18.16393584813703
    efficiency: 0.67234
    discharge_ratio: 5
    depth_of_discharge: 0.5
  VRBF:
    cost: 230.711
    lifetime: 17.6123
    annual_cost: 13.099424833780937
    efficiency: 0.79246
    discharge_ratio: 0.5
    depth_of_discharge: 1.0
