cost_values:
  wind_capex: 5000.0
  wind_opex: 100
  wind_lifetime: 20
  solar_capex: 1000.0
  solar_opex: 10
  solar_lifetime: 20
  carbon_price: 1.0
timeseries_values:
  load_level: 235626.6083122505
  wind_year: 2015
  solar_year: 2011
  price_year: 2023
  carbon_year: 2023
storage_values:
  CAES:
    cost: 54.4783
    lifetime: 25.836
    annual_cost: 2.1086197553800896
    efficiency: 0.602714
    discharge_ratio: 0.1
    depth_of_discharge: 0.4
  Li-ion:
    cost: 134.415
    lifetime: 18.4709
    annual_cost: 7.277122392520126
    efficiency: 0.909539
    discharge_ratio: 2
    depth_of_discharge: 0.9
  Pb-acid:
    cost: 168.786
    lifetime: 7.9566
    annual_cost: 21.213332327878742
    efficiency: 0.687706
    discharge_ratio: 5
    depth_of_discharge: 0.5
  VRBF:
    cost: 216.945
    lifetime: 16.4255
    annual_cost: 13.207817113634288
    efficiency: 0.782131
    discharge_ratio: 0.5
    depth_of_discharge: 1.0
