cost_values:
  wind_capex: 5000.0
  wind_opex: 100
  wind_lifetime: 20
  solar_capex: 1000.0
  solar_opex: 10
  solar_lifetime: 20
  carbon_price: 1.0
timeseries_values:
  load_level: 235626.6083122505
  wind_year: 2015
  solar_year: 2011
  price_year: 2023
  carbon_year: 2023
storage_values:
  CAES:
    cost: 52.8951
    lifetime: 25.7111
    annual_cost: 2.057286541610433
    efficiency: 0.60552
    discharge_ratio: 0.1
    depth_of_discharge: 0.4
  Li-ion:
    cost: 121.008
    lifetime: 18.7288
    annual_cost: 6.461065311178506
    efficiency: 0.934042
    discharge_ratio: 2
    depth_of_discharge: 0.9
  Pb-acid:
    cost: 164.712
    lifetime: 8.70834
    annual_cost: 18.914282170884462
    efficiency: 0.662076
    discharge_ratio: 5
    depth_of_discharge: 0.5
  VRBF:
    cost: 197.473
    lifetime: 16.4569
    annual_cost: 11.999404505101204
    efficiency: 0.795923
    discharge_ratio: 0.5
    depth_of_discharge: 1.0
