cost_values:
  wind_capex: 5000.0
  wind_opex: 100
  wind_lifetime: 20
  solar_capex: 1000.0
  solar_opex: 10
  solar_lifetime: 20
  carbon_price: 1.0
timeseries_values:
  load_level: 235626.6083122505
  wind_year: 2015
  solar_year: 2011
  price_year: 2023
  carbon_year: 2023
storage_values:
  CAES:
    cost: 53.7212
    lifetime: 26.8101
    annual_cost: 2.0037672369741255
    efficiency: 0.605115
    discharge_ratio: 0.1
    depth_of_discharge: 0.4
  Li-ion:
    cost: 140.075
    lifetime: 18.5387
    annual_cost: 7.555815672080566
    efficiency: 0.912023
    discharge_ratio: 2
    depth_of_discharge: 0.9
  Pb-acid:
    cost: 155.818
    lifetime: 8.59801
    annual_cost: 18.122565570405246
    efficiency: 0.681899
    discharge_ratio: 5
    depth_of_discharge: 0.5
  VRBF:
    cost: 168.48
    lifetime: 18.735
    annual_cost: 8.99279423538831
    efficiency: 0.783665
    discharge_ratio: 0.5
    depth_of_discharge: 1.0
