cost_values:
  wind_capex: 5000.0
  wind_opex: 100
  wind_lifetime: 20
  solar_capex: 1000.0
  solar_opex: 10
  solar_lifetime: 20
  carbon_price: 1.0
timeseries_values:
  load_level: 235626.6083122505
  wind_year: 2015
  solar_year: 2011
  price_year: 2023
  carbon_year: 2023
storage_values:
  CAES:
    cost: 52.7827
    lifetime: 26.7965
    annual_cost: 1.9697609762468977
    efficiency: 0.593834
    discharge_ratio: 0.1
    depth_of_discharge: 0.4
  Li-ion:
    cost: 148.277
    lifetime: 18.8189
    annual_cost: 7.879153404290367
    efficiency: 0.93962
    discharge_ratio: 2
    depth_of_discharge: 0.9
  Pb-acid:
    cost: 139.319
    lifetime: 8.62642
    annual_cost: 16.150268593460556
    efficiency: 0.681682
    discharge_ratio: 5
    depth_of_discharge: 0.5
  VRBF:
    cost: 192.812
    lifetime: 18.9121
    annual_cost: 10.195166057709088
    efficiency: 0.785443
    discharge_ratio: 0.5
    depth_of_discharge: 1.0
