cost_values:
  wind_capex: 5000.0
  wind_opex: 100
  wind_lifetime: 20
  solar_capex: 1000.0
  solar_opex: 10
  solar_lifetime: 20
  carbon_price: 1.0
timeseries_values:
  load_level: 235626.6083122505
  wind_year: 2015
  solar_year: 2011
  price_year: 2023
  carbon_year: 2023
storage_values:
  CAES:
    cost: 44.9419
    lifetime: 27.7341
    annual_cost: 1.6204564056522475
    efficiency: 0.607634
    discharge_ratio: 0.1
    depth_of_discharge: 0.4
  Li-ion:
    cost: 144.059
    lifetime: 18.0309
    annual_cost: 7.989562362389011
    efficiency: 0.916883
    discharge_ratio: 2
    depth_of_discharge: 0.9
  Pb-acid:
    cost: 161.216
    lifetime: 8.4844
    annual_cost: 19.00146150582245
    efficiency: 0.688539
    discharge_ratio: 5
    depth_of_discharge: 0.5
  VRBF:
    cost: 232.194
    lifetime: 17.4589
    annual_cost: 13.299463310976064
    efficiency: 0.78224
    discharge_ratio: 0.5
    depth_of_discharge: 1.0
