cost_values:
  wind_capex: 5000.0
  wind_opex: 100
  wind_lifetime: 20
  solar_capex: 1000.0
  solar_opex: 10
  solar_lifetime: 20
  carbon_price: 1.0
timeseries_values:
  load_level: 235626.6083122505
  wind_year: 2015
  solar_year: 2011
  price_year: 2023
  carbon_year: 2023
storage_values:
  CAES:
    cost: 52.6686
    lifetime: 26.1569
    annual_cost: 2.013564298521614
    efficiency: 0.609983
    discharge_ratio: 0.1
    depth_of_discharge: 0.4
  Li-ion:
    cost: 121.571
    lifetime: 20.7059
    annual_cost: 5.871321700578096
    efficiency: 0.930009
    discharge_ratio: 2
    depth_of_discharge: 0.9
  Pb-acid:
    cost: 179.366
    lifetime: 8.68907
    annual_cost: 20.642715503500376
    efficiency: 0.697841
    discharge_ratio: 5
    depth_of_discharge: 0.5
  VRBF:
    cost: 220.077
    lifetime: 15.0688
    annual_cost: 14.6048125929072
    efficiency: 0.802888
    discharge_ratio: 0.5
    depth_of_discharge: 1.0
