cost_values:
  wind_capex: 5000.0
  wind_opex: 100
  wind_lifetime: 20
  solar_capex: 1000.0
  solar_opex: 10
  solar_lifetime: 20
  carbon_price: 1.0
timeseries_values:
  load_level: 235626.6083122505
  wind_year: 2015
  solar_year: 2011
  price_year: 2023
  carbon_year: 2023
storage_values:
  CAES:
    cost: 53.7458
    lifetime: 25.4327
    annual_cost: 2.1132557691475937
    efficiency: 0.602956
    discharge_ratio: 0.1
    depth_of_discharge: 0.4
  Li-ion:
    cost: 129.129
    lifetime: 18.3033
    annual_cost: 7.054957302781465
    efficiency: 0.92728
    discharge_ratio: 2
    depth_of_discharge: 0.9
  Pb-acid:
    cost: 171.609
    lifetime: 8.93528
    annual_cost: 19.2057775469823
    efficiency: 0.66532
    discharge_ratio: 5
    depth_of_discharge: 0.5
  VRBF:
    cost: 181.648
    lifetime: 15.7214
    annual_cost: 11.554187286119557
    efficiency: 0.785625
    discharge_ratio: 0.5
    depth_of_discharge: 1.0
