cost_values:
  wind_capex: 5000.0
  wind_opex: 100
  wind_lifetime: 20
  solar_capex: 1000.0
  solar_opex: 10
  solar_lifetime: 20
  carbon_price: 1.0
timeseries_values:
  load_level: 235626.6083122505
  wind_year: 2015
  solar_year: 2011
  price_year: 2023
  carbon_year: 2023
storage_values:
  CAES:
    cost: 46.9378
    lifetime: 25.4573
    annual_cost: 1.8437854760716967
    efficiency: 0.597927
    discharge_ratio: 0.1
    depth_of_discharge: 0.4
  Li-ion:
    cost: 122.4
    lifetime: 19.4004
    annual_cost: 6.309148264984227
    efficiency: 0.920335
    discharge_ratio: 2
    depth_of_discharge: 0.9
  Pb-acid:
    cost: 130.08
    lifetime: 9.61602
    annual_cost: 13.527426107682805
    efficiency: 0.686106
    discharge_ratio: 5
    depth_of_discharge: 0.5
  VRBF:
    cost: 227.683
    lifetime: 16.1257
    annual_cost: 14.119263039744013
    efficiency: 0.784715
    discharge_ratio: 0.5
    depth_of_discharge: 1.0
