cost_values:
  wind_capex: 5000.0
  wind_opex: 100
  wind_lifetime: 20
  solar_capex: 1000.0
  solar_opex: 10
  solar_lifetime: 20
  carbon_price: 1.0
timeseries_values:
  load_level: 235626.6083122505
  wind_year: 2015
  solar_year: 2011
  price_year: 2023
  carbon_year: 2023
storage_values:
  CAES:
    cost: 47.6373
    lifetime: 26.3156
    annual_cost: 1.8102304336591224
    efficiency: 0.601113
    discharge_ratio: 0.1
    depth_of_discharge: 0.4
  Li-ion:
    cost: 142.799
    lifetime: 19.8188
    annual_cost: 7.2052293781661865
    efficiency: 0.930589
    discharge_ratio: 2
    depth_of_discharge: 0.9
  Pb-acid:
    cost: 173.038
    lifetime: 7.96962
    annual_cost: 21.712202087427006
    efficiency: 0.675148
    discharge_ratio: 5
    depth_of_discharge: 0.5
  VRBF:
    cost: 212.233
    lifetime: 17.7118
    annual_cost: 11.982576587359839
    efficiency: 0.793211
    discharge_ratio: 0.5
    depth_of_discharge: 1.0
