cost_values:
  wind_capex: 5000.0
  wind_opex: 100
  wind_lifetime: 20
  solar_capex: 1000.0
  solar_opex: 10
  solar_lifetime: 20
  carbon_price: 1.0
timeseries_values:
  load_level: 235626.6083122505
  wind_year: 2015
  solar_year: 2011
  price_year: 2023
  carbon_year: 2023
storage_values:
  CAES:
    cost: 50.4889
    lifetime: 26.1234
    annual_cost: 1.9327078404801825
    efficiency: 0.601055
    discharge_ratio: 0.1
    depth_of_discharge: 0.4
  Li-ion:
    cost: 130.2
    lifetime: 17.4635
    annual_cost: 7.455550147450396
    efficiency: 0.945319
    discharge_ratio: 2
    depth_of_discharge: 0.9
  Pb-acid:
    cost: 161.51
    lifetime: 7.05532
    annual_cost: 22.891945368884755
    efficiency: 0.672799
    discharge_ratio: 5
    depth_of_discharge: 0.5
  VRBF:
    cost: 229.634
    lifetime: 17.1027
    annual_cost: 13.426768872751087
    efficiency: 0.766471
    discharge_ratio: 0.5
    depth_of_discharge: 1.0
