cost_values:
  wind_capex: 5000.0
  wind_opex: 100
  wind_lifetime: 20
  solar_capex: 1000.0
  solar_opex: 10
  solar_lifetime: 20
  carbon_price: 1.0
timeseries_values:
  load_level: 235626.6083122505
  wind_year: 2015
  solar_year: 2011
  price_year: 2023
  carbon_year: 2023
storage_values:
  CAES:
    cost: 49.4126
    lifetime: 25.4717
    annual_cost: 1.9399019303776348
    efficiency: 0.596368
    discharge_ratio: 0.1
    depth_of_discharge: 0.4
  Li-ion:
    cost: 138.923
    lifetime: 17.6086
    annual_cost: 7.8894971775155325
    efficiency: 0.919151
    discharge_ratio: 2
    depth_of_discharge: 0.9
  Pb-acid:
    cost: 175.005
    lifetime: 8.14068
    annual_cost: 21.497589881926327
    efficiency: 0.659777
    discharge_ratio: 5
    depth_of_discharge: 0.5
  VRBF:
    cost: 218.222
    lifetime: 16.7309
    annual_cost: 13.04305207729411
    efficiency: 0.750901
    discharge_ratio: 0.5
    depth_of_discharge: 1.0
