cost_values:
  wind_capex: 5000.0
  wind_opex: 100
  wind_lifetime: 20
  solar_capex: 1000.0
  solar_opex: 10
  solar_lifetime: 20
  carbon_price: 1.0
timeseries_values:
  load_level: 235626.6083122505
  wind_year: 2015
  solar_year: 2011
  price_year: 2023
  carbon_year: 2023
storage_values:
  CAES:
    cost: 50.0097
    lifetime: 26.6099
    annual_cost: 1.8793644470666933
    efficiency: 0.603377
    discharge_ratio: 0.1
    depth_of_discharge: 0.4
  Li-ion:
    cost: 136.376
    lifetime: 17.6858
    annual_cost: 7.71104501916792
    efficiency: 0.924519
    discharge_ratio: 2
    depth_of_discharge: 0.9
  Pb-acid:
    cost: 148.701
    lifetime: 7.48371
    annual_cost: 19.869957547793806
    efficiency: 0.667339
    discharge_ratio: 5
    depth_of_discharge: 0.5
  VRBF:
    cost: 187.941
    lifetime: 19.5426
    annual_cost: 9.616990574437382
    efficiency: 0.787486
    discharge_ratio: 0.5
    depth_of_discharge: 1.0
