cost_values:
  wind_capex: 5000.0
  wind_opex: 100
  wind_lifetime: 20
  solar_capex: 1000.0
  solar_opex: 10
  solar_lifetime: 20
  carbon_price: 1.0
timeseries_values:
  load_level: 235626.6083122505
  wind_year: 2015
  solar_year: 2011
  price_year: 2023
  carbon_year: 2023
storage_values:
  CAES:
    cost: 47.9502
    lifetime: 27.131
    annual_cost: 1.767358372341602
    efficiency: 0.602805
    discharge_ratio: 0.1
    depth_of_discharge: 0.4
  Li-ion:
    cost: 111.011
    lifetime: 19.0029
    annual_cost: 5.841792568502702
    efficiency: 0.91361
    discharge_ratio: 2
    depth_of_discharge: 0.9
  Pb-acid:
    cost: 162.34
    lifetime: 7.44144
    annual_cost: 21.815670085359823
    efficiency: 0.684871
    discharge_ratio: 5
    depth_of_discharge: 0.5
  VRBF:
    cost: 222.247
    lifetime: 18.4736
    annual_cost: 12.030519227438074
    efficiency: 0.77341
    discharge_ratio: 0.5
    depth_of_discharge: 1.0
