cost_values:
  wind_capex: 5000.0
  wind_opex: 100
  wind_lifetime: 20
  solar_capex: 1000.0
  solar_opex: 10
  solar_lifetime: 20
  carbon_price: 1.0
timeseries_values:
  load_level: 235626.6083122505
  wind_year: 2015
  solar_year: 2011
  price_year: 2023
  carbon_year: 2023
storage_values:
  CAES:
    cost: 55.2099
    lifetime: 25.676
    annual_cost: 2.150253154696993
    efficiency: 0.603048
    discharge_ratio: 0.1
    depth_of_discharge: 0.4
  Li-ion:
    cost: 130.295
    lifetime: 18.0656
    annual_cost: 7.212326189000088
    efficiency: 0.924026
    discharge_ratio: 2
    depth_of_discharge: 0.9
  Pb-acid:
    cost: 158.573
    lifetime: 6.27831
    annual_cost: 25.257274648751018
    efficiency: 0.671503
    discharge_ratio: 5
    depth_of_discharge: 0.5
  VRBF:
    cost: 229.841
    lifetime: 16.0297
    annual_cost: 14.338446758205084
    efficiency: 0.758054
    discharge_ratio: 0.5
    depth_of_discharge: 1.0
