cost_values:
  wind_capex: 5000.0
  wind_opex: 100
  wind_lifetime: 20
  solar_capex: 1000.0
  solar_opex: 10
  solar_lifetime: 20
  carbon_price: 1.0
timeseries_values:
  load_level: 235626.6083122505
  wind_year: 2015
  solar_year: 2011
  price_year: 2023
  carbon_year: 2023
storage_values:
  CAES:
    cost: 51.7473
    lifetime: 25.6797
    annual_cost: 2.0151053166508954
    efficiency: 0.59553
    discharge_ratio: 0.1
    depth_of_discharge: 0.4
  Li-ion:
    cost: 155.337
    lifetime: 20.0378
    annual_cost: 7.752198345127708
    efficiency: 0.91758
    discharge_ratio: 2
    depth_of_discharge: 0.9
  Pb-acid:
    cost: 162.964
    lifetime: 9.12349
    annual_cost: 17.862024291142973
    efficiency: 0.668102
    discharge_ratio: 5
    depth_of_discharge: 0.5
  VRBF:
    cost: 207.319
    lifetime: 17.1039
    annual_cost: 12.121153655014353
    efficiency: 0.764669
    discharge_ratio: 0.5
    depth_of_discharge: 1.0
