cost_values:
  wind_capex: 5000.0
  wind_opex: 100
  wind_lifetime: 20
  solar_capex: 1000.0
  solar_opex: 10
  solar_lifetime: 20
  carbon_price: 1.0
timeseries_values:
  load_level: 235626.6083122505
  wind_year: 2015
  solar_year: 2011
  price_year: 2023
  carbon_year: 2023
storage_values:
  CAES:
    cost: 51.717
    lifetime: 25.337
    annual_cost: 2.0411650945257924
    efficiency: 0.609382
    discharge_ratio: 0.1
    depth_of_discharge: 0.4
  Li-ion:
    cost: 128.35
    lifetime: 17.8371
    annual_cost: 7.195676427221914
    efficiency: 0.919865
    discharge_ratio: 2
    depth_of_discharge: 0.9
  Pb-acid:
    cost: 155.068
    lifetime: 9.79446
    annual_cost: 15.832215354394219
    efficiency: 0.671774
    discharge_ratio: 5
    depth_of_discharge: 0.5
  VRBF:
    cost: 190.841
    lifetime: 16.5853
    annual_cost: 11.506635393993477
    efficiency: 0.756612
    discharge_ratio: 0.5
    depth_of_discharge: 1.0
