cost_values:
  wind_capex: 5000.0
  wind_opex: 100
  wind_lifetime: 20
  solar_capex: 1000.0
  solar_opex: 10
  solar_lifetime: 20
  carbon_price: 1.0
timeseries_values:
  load_level: 235626.6083122505
  wind_year: 2015
  solar_year: 2011
  price_year: 2023
  carbon_year: 2023
storage_values:
  CAES:
    cost: 48.4457
    lifetime: 26.07
    annual_cost: 1.8582930571538168
    efficiency: 0.589058
    discharge_ratio: 0.1
    depth_of_discharge: 0.4
  Li-ion:
    cost: 144.611
    lifetime: 20.2538
    annual_cost: 7.139944109253572
    efficiency: 0.936221
    discharge_ratio: 2
    depth_of_discharge: 0.9
  Pb-acid:
    cost: 186.969
    lifetime: 7.51667
    annual_cost: 24.873913581413042
    efficiency: 0.668761
    discharge_ratio: 5
    depth_of_discharge: 0.5
  VRBF:
    cost: 171.243
    lifetime: 18.5278
    annual_cost: 9.242489664180313
    efficiency: 0.77533
    discharge_ratio: 0.5
    depth_of_discharge: 1.0
