cost_values:
  wind_capex: 5000.0
  wind_opex: 100
  wind_lifetime: 20
  solar_capex: 1000.0
  solar_opex: 10
  solar_lifetime: 20
  carbon_price: 1.0
timeseries_values:
  load_level: 235626.6083122505
  wind_year: 2015
  solar_year: 2011
  price_year: 2023
  carbon_year: 2023
storage_values:
  CAES:
    cost: 54.7981
    lifetime: 25.1497
    annual_cost: 2.1788768852113543
    efficiency: 0.589525
    discharge_ratio: 0.1
    depth_of_discharge: 0.4
  Li-ion:
    cost: 120.763
    lifetime: 18.231
    annual_cost: 6.624046952992156
    efficiency: 0.916938
    discharge_ratio: 2
    depth_of_discharge: 0.9
  Pb-acid:
    cost: 160.037
    lifetime: 7.46621
    annual_cost: 21.434837755702024
    efficiency: 0.684314
    discharge_ratio: 5
    depth_of_discharge: 0.5
  VRBF:
    cost: 185.977
    lifetime: 21.1813
    annual_cost: 8.78024483860764
    efficiency: 0.77925
    discharge_ratio: 0.5
    depth_of_discharge: 1.0
