cost_values:
  wind_capex: 5000.0
  wind_opex: 100
  wind_lifetime: 20
  solar_capex: 1000.0
  solar_opex: 10
  solar_lifetime: 20
  carbon_price: 1.0
timeseries_values:
  load_level: 235626.6083122505
  wind_year: 2015
  solar_year: 2011
  price_year: 2023
  carbon_year: 2023
storage_values:
  CAES:
    cost: 48.8706
    lifetime: 26.9427
    annual_cost: 1.8138716609693908
    efficiency: 0.594871
    discharge_ratio: 0.1
    depth_of_discharge: 0.4
  Li-ion:
    cost: 135.051
    lifetime: 19.3925
    annual_cost: 6.964084053113317
    efficiency: 0.92033
    discharge_ratio: 2
    depth_of_discharge: 0.9
  Pb-acid:
    cost: 162.407
    lifetime: 6.15791
    annual_cost: 26.373720954024986
    efficiency: 0.673218
    discharge_ratio: 5
    depth_of_discharge: 0.5
  VRBF:
    cost: 171.138
    lifetime: 15.5774
    annual_cost: 10.986300666349969
    efficiency: 0.79297
    discharge_ratio: 0.5
    depth_of_discharge: 1.0
