cost_values:
  wind_capex: 5000.0
  wind_opex: 100
  wind_lifetime: 20
  solar_capex: 1000.0
  solar_opex: 10
  solar_lifetime: 20
  carbon_price: 1.0
timeseries_values:
  load_level: 283599.27630870184
  wind_year: 2013
  solar_year: 2015
  price_year: 2023
  carbon_year: 2023
storage_values:
  CAES:
    cost: 36.6228
    lifetime: 26.3494
    annual_cost: 1.3898912309198692
    efficiency: 0.640476
    discharge_ratio: 0.1
    depth_of_discharge: 0.4
  Li-ion:
    cost: 179.082
    lifetime: 23.9438
    annual_cost: 7.479263943066681
    efficiency: 0.852833
    discharge_ratio: 2
    depth_of_discharge: 0.9
  Pb-acid:
    cost: 170.316
    lifetime: 11.607
    annual_cost: 14.673559059188422
    efficiency: 0.762782
    discharge_ratio: 5
    depth_of_discharge: 0.5
  VRBF:
    cost: 107.88
    lifetime: 22.5978
    annual_cost: 4.773916044924727
    efficiency: 0.794516
    discharge_ratio: 0.5
    depth_of_discharge: 1.0
