cost_values:
  wind_capex: 5000.0
  wind_opex: 100
  wind_lifetime: 20
  solar_capex: 1000.0
  solar_opex: 10
  solar_lifetime: 20
  carbon_price: 1.0
timeseries_values:
  load_level: 283599.27630870184
  wind_year: 2013
  solar_year: 2015
  price_year: 2023
  carbon_year: 2023
storage_values:
  CAES:
    cost: 33.9358
    lifetime: 27.1603
    annual_cost: 1.2494633711704215
    efficiency: 0.64201
    discharge_ratio: 0.1
    depth_of_discharge: 0.4
  Li-ion:
    cost: 192.565
    lifetime: 22.1149
    annual_cost: 8.707477763860565
    efficiency: 0.855574
    discharge_ratio: 2
    depth_of_discharge: 0.9
  Pb-acid:
    cost: 162.414
    lifetime: 10.7733
    annual_cost: 15.07560357550611
    efficiency: 0.76596
    discharge_ratio: 5
    depth_of_discharge: 0.5
  VRBF:
    cost: 106.486
    lifetime: 23.1747
    annual_cost: 4.594924637643637
    efficiency: 0.760369
    discharge_ratio: 0.5
    depth_of_discharge: 1.0
