cost_values:
  wind_capex: 5000.0
  wind_opex: 100
  wind_lifetime: 20
  solar_capex: 1000.0
  solar_opex: 10
  solar_lifetime: 20
  carbon_price: 1.0
timeseries_values:
  load_level: 283599.27630870184
  wind_year: 2013
  solar_year: 2015
  price_year: 2023
  carbon_year: 2023
storage_values:
  CAES:
    cost: 36.7601
    lifetime: 28.8547
    annual_cost: 1.2739726976887646
    efficiency: 0.645527
    discharge_ratio: 0.1
    depth_of_discharge: 0.4
  Li-ion:
    cost: 203.816
    lifetime: 21.1272
    annual_cost: 9.647090007194517
    efficiency: 0.851884
    discharge_ratio: 2
    depth_of_discharge: 0.9
  Pb-acid:
    cost: 164.809
    lifetime: 9.64262
    annual_cost: 17.091724033509564
    efficiency: 0.764694
    discharge_ratio: 5
    depth_of_discharge: 0.5
  VRBF:
    cost: 114.166
    lifetime: 22.2373
    annual_cost: 5.133986590098617
    efficiency: 0.7725
    discharge_ratio: 0.5
    depth_of_discharge: 1.0
