cost_values:
  wind_capex: 5000.0
  wind_opex: 100
  wind_lifetime: 20
  solar_capex: 1000.0
  solar_opex: 10
  solar_lifetime: 20
  carbon_price: 1.0
timeseries_values:
  load_level: 283599.27630870184
  wind_year: 2013
  solar_year: 2015
  price_year: 2023
  carbon_year: 2023
storage_values:
  CAES:
    cost: 38.8462
    lifetime: 28.2941
    annual_cost: 1.3729434758483219
    efficiency: 0.628014
    discharge_ratio: 0.1
    depth_of_discharge: 0.4
  Li-ion:
    cost: 191.248
    lifetime: 22.4251
    annual_cost: 8.528300877142131
    efficiency: 0.862307
    discharge_ratio: 2
    depth_of_discharge: 0.9
  Pb-acid:
    cost: 142.988
    lifetime: 10.4442
    annual_cost: 13.690660845253825
    efficiency: 0.740145
    discharge_ratio: 5
    depth_of_discharge: 0.5
  VRBF:
    cost: 110.682
    lifetime: 23.9154
    annual_cost: 4.628063925336812
    efficiency: 0.788243
    discharge_ratio: 0.5
    depth_of_discharge: 1.0
