cost_values:
  wind_capex: 5000.0
  wind_opex: 100
  wind_lifetime: 20
  solar_capex: 1000.0
  solar_opex: 10
  solar_lifetime: 20
  carbon_price: 1.0
timeseries_values:
  load_level: 283599.27630870184
  wind_year: 2013
  solar_year: 2015
  price_year: 2023
  carbon_year: 2023
storage_values:
  CAES:
    cost: 36.2853
    lifetime: 28.2847
    annual_cost: 1.2828596378961064
    efficiency: 0.636861
    discharge_ratio: 0.1
    depth_of_discharge: 0.4
  Li-ion:
    cost: 188.585
    lifetime: 21.0817
    annual_cost: 8.945436089119948
    efficiency: 0.850258
    discharge_ratio: 2
    depth_of_discharge: 0.9
  Pb-acid:
    cost: 188.941
    lifetime: 9.9558
    annual_cost: 18.977982683460898
    efficiency: 0.766031
    discharge_ratio: 5
    depth_of_discharge: 0.5
  VRBF:
    cost: 109.021
    lifetime: 22.3151
    annual_cost: 4.885525944315733
    efficiency: 0.783803
    discharge_ratio: 0.5
    depth_of_discharge: 1.0
