cost_values:
  wind_capex: 5000.0
  wind_opex: 100
  wind_lifetime: 20
  solar_capex: 1000.0
  solar_opex: 10
  solar_lifetime: 20
  carbon_price: 1.0
timeseries_values:
  load_level: 283599.27630870184
  wind_year: 2013
  solar_year: 2015
  price_year: 2023
  carbon_year: 2023
storage_values:
  CAES:
    cost: 36.3001
    lifetime: 27.6847
    annual_cost: 1.3111971594418579
    efficiency: 0.634637
    discharge_ratio: 0.1
    depth_of_discharge: 0.4
  Li-ion:
    cost: 186.723
    lifetime: 21.7073
    annual_cost: 8.60185283291796
    efficiency: 0.863561
    discharge_ratio: 2
    depth_of_discharge: 0.9
  Pb-acid:
    cost: 190.583
    lifetime: 10.4799
    annual_cost: 18.18557428983101
    efficiency: 0.754077
    discharge_ratio: 5
    depth_of_discharge: 0.5
  VRBF:
    cost: 128.403
    lifetime: 22.5345
    annual_cost: 5.698062970112494
    efficiency: 0.793911
    discharge_ratio: 0.5
    depth_of_discharge: 1.0
