cost_values:
  wind_capex: 5000.0
  wind_opex: 100
  wind_lifetime: 20
  solar_capex: 1000.0
  solar_opex: 10
  solar_lifetime: 20
  carbon_price: 1.0
timeseries_values:
  load_level: 283599.27630870184
  wind_year: 2013
  solar_year: 2015
  price_year: 2023
  carbon_year: 2023
storage_values:
  CAES:
    cost: 39.5507
    lifetime: 27.3847
    annual_cost: 1.4442626722220802
    efficiency: 0.644597
    discharge_ratio: 0.1
    depth_of_discharge: 0.4
  Li-ion:
    cost: 209.399
    lifetime: 21.1499
    annual_cost: 9.900708750395983
    efficiency: 0.858372
    discharge_ratio: 2
    depth_of_discharge: 0.9
  Pb-acid:
    cost: 165.747
    lifetime: 9.93147
    annual_cost: 16.68907019806736
    efficiency: 0.746526
    discharge_ratio: 5
    depth_of_discharge: 0.5
  VRBF:
    cost: 132.899
    lifetime: 23.38
    annual_cost: 5.684302822925578
    efficiency: 0.801036
    discharge_ratio: 0.5
    depth_of_discharge: 1.0
