cost_values:
  wind_capex: 5000.0
  wind_opex: 100
  wind_lifetime: 20
  solar_capex: 1000.0
  solar_opex: 10
  solar_lifetime: 20
  carbon_price: 1.0
timeseries_values:
  load_level: 283599.27630870184
  wind_year: 2013
  solar_year: 2015
  price_year: 2023
  carbon_year: 2023
storage_values:
  CAES:
    cost: 37.5391
    lifetime: 27.9944
    annual_cost: 1.3409503329237276
    efficiency: 0.647832
    discharge_ratio: 0.1
    depth_of_discharge: 0.4
  Li-ion:
    cost: 183.541
    lifetime: 22.6782
    annual_cost: 8.093279008034147
    efficiency: 0.862291
    discharge_ratio: 2
    depth_of_discharge: 0.9
  Pb-acid:
    cost: 162.473
    lifetime: 10.721
    annual_cost: 15.154649752821566
    efficiency: 0.737358
    discharge_ratio: 5
    depth_of_discharge: 0.5
  VRBF:
    cost: 120.579
    lifetime: 21.904
    annual_cost: 5.504884952520087
    efficiency: 0.775947
    discharge_ratio: 0.5
    depth_of_discharge: 1.0
