cost_values:
  wind_capex: 5000.0
  wind_opex: 100
  wind_lifetime: 20
  solar_capex: 1000.0
  solar_opex: 10
  solar_lifetime: 20
  carbon_price: 1.0
timeseries_values:
  load_level: 283599.27630870184
  wind_year: 2013
  solar_year: 2015
  price_year: 2023
  carbon_year: 2023
storage_values:
  CAES:
    cost: 28.1441
    lifetime: 28.3794
    annual_cost: 0.991708774674588
    efficiency: 0.64261
    discharge_ratio: 0.1
    depth_of_discharge: 0.4
  Li-ion:
    cost: 202.707
    lifetime: 22.0421
    annual_cost: 9.196356064077378
    efficiency: 0.855836
    discharge_ratio: 2
    depth_of_discharge: 0.9
  Pb-acid:
    cost: 160.136
    lifetime: 9.04129
    annual_cost: 17.711631857843294
    efficiency: 0.755406
    discharge_ratio: 5
    depth_of_discharge: 0.5
  VRBF:
    cost: 108.903
    lifetime: 22.3869
    annual_cost: 4.864585985554052
    efficiency: 0.764787
    discharge_ratio: 0.5
    depth_of_discharge: 1.0
