cost_values:
  wind_capex: 5000.0
  wind_opex: 100
  wind_lifetime: 20
  solar_capex: 1000.0
  solar_opex: 10
  solar_lifetime: 20
  carbon_price: 1.0
timeseries_values:
  load_level: 283599.27630870184
  wind_year: 2013
  solar_year: 2015
  price_year: 2023
  carbon_year: 2023
storage_values:
  CAES:
    cost: 38.8211
    lifetime: 28.34
    annual_cost: 1.369834156669019
    efficiency: 0.642746
    discharge_ratio: 0.1
    depth_of_discharge: 0.4
  Li-ion:
    cost: 193.812
    lifetime: 19.8817
    annual_cost: 9.748260963599693
    efficiency: 0.866829
    discharge_ratio: 2
    depth_of_discharge: 0.9
  Pb-acid:
    cost: 165.349
    lifetime: 8.8049
    annual_cost: 18.779202489522877
    efficiency: 0.74688
    discharge_ratio: 5
    depth_of_discharge: 0.5
  VRBF:
    cost: 112.339
    lifetime: 23.3056
    annual_cost: 4.820257792118633
    efficiency: 0.774878
    discharge_ratio: 0.5
    depth_of_discharge: 1.0
