cost_values:
  wind_capex: 5000.0
  wind_opex: 100
  wind_lifetime: 20
  solar_capex: 1000.0
  solar_opex: 10
  solar_lifetime: 20
  carbon_price: 1.0
timeseries_values:
  load_level: 283599.27630870184
  wind_year: 2013
  solar_year: 2015
  price_year: 2023
  carbon_year: 2023
storage_values:
  CAES:
    cost: 45.5152
    lifetime: 27.9969
    annual_cost: 1.6257228478867303
    efficiency: 0.640728
    discharge_ratio: 0.1
    depth_of_discharge: 0.4
  Li-ion:
    cost: 202.28
    lifetime: 20.7144
    annual_cost: 9.765187502413779
    efficiency: 0.868939
    discharge_ratio: 2
    depth_of_discharge: 0.9
  Pb-acid:
    cost: 176.267
    lifetime: 9.44124
    annual_cost: 18.669899292889493
    efficiency: 0.751114
    discharge_ratio: 5
    depth_of_discharge: 0.5
  VRBF:
    cost: 109.254
    lifetime: 21.3031
    annual_cost: 5.128549366054706
    efficiency: 0.758989
    discharge_ratio: 0.5
    depth_of_discharge: 1.0
