cost_values:
  wind_capex: 5000.0
  wind_opex: 100
  wind_lifetime: 20
  solar_capex: 1000.0
  solar_opex: 10
  solar_lifetime: 20
  carbon_price: 1.0
timeseries_values:
  load_level: 283599.27630870184
  wind_year: 2013
  solar_year: 2015
  price_year: 2023
  carbon_year: 2023
storage_values:
  CAES:
    cost: 37.5911
    lifetime: 28.0785
    annual_cost: 1.3387859038054026
    efficiency: 0.636487
    discharge_ratio: 0.1
    depth_of_discharge: 0.4
  Li-ion:
    cost: 203.672
    lifetime: 21.9197
    annual_cost: 9.291733007294809
    efficiency: 0.854281
    discharge_ratio: 2
    depth_of_discharge: 0.9
  Pb-acid:
    cost: 181.677
    lifetime: 9.07861
    annual_cost: 20.011543617359926
    efficiency: 0.75323
    discharge_ratio: 5
    depth_of_discharge: 0.5
  VRBF:
    cost: 110.569
    lifetime: 24.0401
    annual_cost: 4.599356907833163
    efficiency: 0.765177
    discharge_ratio: 0.5
    depth_of_discharge: 1.0
