cost_values:
  wind_capex: 5000.0
  wind_opex: 100
  wind_lifetime: 20
  solar_capex: 1000.0
  solar_opex: 10
  solar_lifetime: 20
  carbon_price: 1.0
timeseries_values:
  load_level: 283599.27630870184
  wind_year: 2013
  solar_year: 2015
  price_year: 2023
  carbon_year: 2023
storage_values:
  CAES:
    cost: 35.9378
    lifetime: 28.4538
    annual_cost: 1.263022865135764
    efficiency: 0.632016
    discharge_ratio: 0.1
    depth_of_discharge: 0.4
  Li-ion:
    cost: 189.251
    lifetime: 21.8308
    annual_cost: 8.668990600436082
    efficiency: 0.864682
    discharge_ratio: 2
    depth_of_discharge: 0.9
  Pb-acid:
    cost: 166.077
    lifetime: 9.33175
    annual_cost: 17.79698341682964
    efficiency: 0.741741
    discharge_ratio: 5
    depth_of_discharge: 0.5
  VRBF:
    cost: 124.712
    lifetime: 21.7915
    annual_cost: 5.722965376408233
    efficiency: 0.768491
    discharge_ratio: 0.5
    depth_of_discharge: 1.0
