cost_values:
  wind_capex: 5000.0
  wind_opex: 100
  wind_lifetime: 20
  solar_capex: 1000.0
  solar_opex: 10
  solar_lifetime: 20
  carbon_price: 1.0
timeseries_values:
  load_level: 283599.27630870184
  wind_year: 2013
  solar_year: 2015
  price_year: 2023
  carbon_year: 2023
storage_values:
  CAES:
    cost: 36.1058
    lifetime: 27.5079
    annual_cost: 1.3125611188058703
    efficiency: 0.634472
    discharge_ratio: 0.1
    depth_of_discharge: 0.4
  Li-ion:
    cost: 207.62
    lifetime: 23.0486
    annual_cost: 9.007922390080092
    efficiency: 0.850508
    discharge_ratio: 2
    depth_of_discharge: 0.9
  Pb-acid:
    cost: 162.999
    lifetime: 10.2743
    annual_cost: 15.864730443923186
    efficiency: 0.756206
    discharge_ratio: 5
    depth_of_discharge: 0.5
  VRBF:
    cost: 123.549
    lifetime: 23.1082
    annual_cost: 5.346543651171446
    efficiency: 0.779544
    discharge_ratio: 0.5
    depth_of_discharge: 1.0
