cost_values:
  wind_capex: 5000.0
  wind_opex: 100
  wind_lifetime: 20
  solar_capex: 1000.0
  solar_opex: 10
  solar_lifetime: 20
  carbon_price: 1.0
timeseries_values:
  load_level: 283599.27630870184
  wind_year: 2013
  solar_year: 2015
  price_year: 2023
  carbon_year: 2023
storage_values:
  CAES:
    cost: 32.1252
    lifetime: 28.4257
    annual_cost: 1.1301463112605847
    efficiency: 0.642682
    discharge_ratio: 0.1
    depth_of_discharge: 0.4
  Li-ion:
    cost: 219.704
    lifetime: 21.3268
    annual_cost: 10.301779920100532
    efficiency: 0.859732
    discharge_ratio: 2
    depth_of_discharge: 0.9
  Pb-acid:
    cost: 172.481
    lifetime: 7.70158
    annual_cost: 22.395534422806747
    efficiency: 0.76823
    discharge_ratio: 5
    depth_of_discharge: 0.5
  VRBF:
    cost: 117.22
    lifetime: 22.5294
    annual_cost: 5.20297921826591
    efficiency: 0.776337
    discharge_ratio: 0.5
    depth_of_discharge: 1.0
