cost_values:
  wind_capex: 5000.0
  wind_opex: 100
  wind_lifetime: 20
  solar_capex: 1000.0
  solar_opex: 10
  solar_lifetime: 20
  carbon_price: 1.0
timeseries_values:
  load_level: 283599.27630870184
  wind_year: 2013
  solar_year: 2015
  price_year: 2023
  carbon_year: 2023
storage_values:
  CAES:
    cost: 34.8821
    lifetime: 27.2509
    annual_cost: 1.2800347878418694
    efficiency: 0.64406
    discharge_ratio: 0.1
    depth_of_discharge: 0.4
  Li-ion:
    cost: 204.133
    lifetime: 24.2761
    annual_cost: 8.40880536824284
    efficiency: 0.86436
    discharge_ratio: 2
    depth_of_discharge: 0.9
  Pb-acid:
    cost: 177.305
    lifetime: 9.34865
    annual_cost: 18.965839987591792
    efficiency: 0.762995
    discharge_ratio: 5
    depth_of_discharge: 0.5
  VRBF:
    cost: 103.217
    lifetime: 22.1571
    annual_cost: 4.658416489522546
    efficiency: 0.784117
    discharge_ratio: 0.5
    depth_of_discharge: 1.0
