cost_values:
  wind_capex: 5000.0
  wind_opex: 100
  wind_lifetime: 20
  solar_capex: 1000.0
  solar_opex: 10
  solar_lifetime: 20
  carbon_price: 1.0
timeseries_values:
  load_level: 283599.27630870184
  wind_year: 2013
  solar_year: 2015
  price_year: 2023
  carbon_year: 2023
storage_values:
  CAES:
    cost: 33.3531
    lifetime: 27.5863
    annual_cost: 1.2090457944704436
    efficiency: 0.648547
    discharge_ratio: 0.1
    depth_of_discharge: 0.4
  Li-ion:
    cost: 180.594
    lifetime: 20.7981
    annual_cost: 8.683197022804967
    efficiency: 0.864893
    discharge_ratio: 2
    depth_of_discharge: 0.9
  Pb-acid:
    cost: 179.688
    lifetime: 9.83129
    annual_cost: 18.27715386281963
    efficiency: 0.755119
    discharge_ratio: 5
    depth_of_discharge: 0.5
  VRBF:
    cost: 105.845
    lifetime: 22.1691
    annual_cost: 4.774438294743584
    efficiency: 0.769705
    discharge_ratio: 0.5
    depth_of_discharge: 1.0
