cost_values:
  wind_capex: 5000.0
  wind_opex: 100
  wind_lifetime: 20
  solar_capex: 1000.0
  solar_opex: 10
  solar_lifetime: 20
  carbon_price: 1.0
timeseries_values:
  load_level: 283599.27630870184
  wind_year: 2013
  solar_year: 2015
  price_year: 2023
  carbon_year: 2023
storage_values:
  CAES:
    cost: 32.4464
    lifetime: 26.9872
    annual_cost: 1.2022884923222859
    efficiency: 0.640627
    discharge_ratio: 0.1
    depth_of_discharge: 0.4
  Li-ion:
    cost: 195.675
    lifetime: 23.055
    annual_cost: 8.487312947299936
    efficiency: 0.855871
    discharge_ratio: 2
    depth_of_discharge: 0.9
  Pb-acid:
    cost: 159.745
    lifetime: 8.59491
    annual_cost: 18.58600031879333
    efficiency: 0.740905
    discharge_ratio: 5
    depth_of_discharge: 0.5
  VRBF:
    cost: 124.05
    lifetime: 20.8671
    annual_cost: 5.9447647253331795
    efficiency: 0.797185
    discharge_ratio: 0.5
    depth_of_discharge: 1.0
