cost_values:
  wind_capex: 5000.0
  wind_opex: 100
  wind_lifetime: 20
  solar_capex: 1000.0
  solar_opex: 10
  solar_lifetime: 20
  carbon_price: 1.0
timeseries_values:
  load_level: 283599.27630870184
  wind_year: 2013
  solar_year: 2015
  price_year: 2023
  carbon_year: 2023
storage_values:
  CAES:
    cost: 40.1888
    lifetime: 28.7324
    annual_cost: 1.3987275688769474
    efficiency: 0.640885
    discharge_ratio: 0.1
    depth_of_discharge: 0.4
  Li-ion:
    cost: 201.783
    lifetime: 21.0286
    annual_cost: 9.5956459298289
    efficiency: 0.864694
    discharge_ratio: 2
    depth_of_discharge: 0.9
  Pb-acid:
    cost: 163.456
    lifetime: 11.2454
    annual_cost: 14.535365571700428
    efficiency: 0.749162
    discharge_ratio: 5
    depth_of_discharge: 0.5
  VRBF:
    cost: 103.685
    lifetime: 24.7288
    annual_cost: 4.192884410080554
    efficiency: 0.786299
    discharge_ratio: 0.5
    depth_of_discharge: 1.0
