cost_values:
  wind_capex: 5000.0
  wind_opex: 100
  wind_lifetime: 20
  solar_capex: 1000.0
  solar_opex: 10
  solar_lifetime: 20
  carbon_price: 1.0
timeseries_values:
  load_level: 283599.27630870184
  wind_year: 2013
  solar_year: 2015
  price_year: 2023
  carbon_year: 2023
storage_values:
  CAES:
    cost: 40.0159
    lifetime: 28.3109
    annual_cost: 1.4134449982162347
    efficiency: 0.641651
    discharge_ratio: 0.1
    depth_of_discharge: 0.4
  Li-ion:
    cost: 176.55
    lifetime: 24.4919
    annual_cost: 7.208505669221253
    efficiency: 0.850455
    discharge_ratio: 2
    depth_of_discharge: 0.9
  Pb-acid:
    cost: 167.161
    lifetime: 8.94271
    annual_cost: 18.69243215982627
    efficiency: 0.752351
    discharge_ratio: 5
    depth_of_discharge: 0.5
  VRBF:
    cost: 107.568
    lifetime: 21.1417
    annual_cost: 5.087954138030527
    efficiency: 0.768717
    discharge_ratio: 0.5
    depth_of_discharge: 1.0
