cost_values:
  wind_capex: 5000.0
  wind_opex: 100
  wind_lifetime: 20
  solar_capex: 1000.0
  solar_opex: 10
  solar_lifetime: 20
  carbon_price: 1.0
timeseries_values:
  load_level: 283599.27630870184
  wind_year: 2013
  solar_year: 2015
  price_year: 2023
  carbon_year: 2023
storage_values:
  CAES:
    cost: 34.7723
    lifetime: 27.1801
    annual_cost: 1.2793293622907937
    efficiency: 0.639536
    discharge_ratio: 0.1
    depth_of_discharge: 0.4
  Li-ion:
    cost: 177.491
    lifetime: 21.3559
    annual_cost: 8.311099040546173
    efficiency: 0.862741
    discharge_ratio: 2
    depth_of_discharge: 0.9
  Pb-acid:
    cost: 162.255
    lifetime: 10.7716
    annual_cost: 15.063221805488507
    efficiency: 0.758316
    discharge_ratio: 5
    depth_of_discharge: 0.5
  VRBF:
    cost: 123.784
    lifetime: 18.6315
    annual_cost: 6.6438021630035164
    efficiency: 0.767712
    discharge_ratio: 0.5
    depth_of_discharge: 1.0
