cost_values:
  wind_capex: 5000.0
  wind_opex: 100
  wind_lifetime: 20
  solar_capex: 1000.0
  solar_opex: 10
  solar_lifetime: 20
  carbon_price: 1.0
timeseries_values:
  load_level: 283599.27630870184
  wind_year: 2013
  solar_year: 2015
  price_year: 2023
  carbon_year: 2023
storage_values:
  CAES:
    cost: 35.7111
    lifetime: 26.7873
    annual_cost: 1.33313547837968
    efficiency: 0.641115
    discharge_ratio: 0.1
    depth_of_discharge: 0.4
  Li-ion:
    cost: 201.949
    lifetime: 22.4633
    annual_cost: 8.990175085584042
    efficiency: 0.859395
    discharge_ratio: 2
    depth_of_discharge: 0.9
  Pb-acid:
    cost: 185.532
    lifetime: 10.8936
    annual_cost: 17.031284423881914
    efficiency: 0.754505
    discharge_ratio: 5
    depth_of_discharge: 0.5
  VRBF:
    cost: 106.11
    lifetime: 21.6475
    annual_cost: 4.901720752973784
    efficiency: 0.7913
    discharge_ratio: 0.5
    depth_of_discharge: 1.0
