cost_values:
  wind_capex: 5000.0
  wind_opex: 100
  wind_lifetime: 20
  solar_capex: 1000.0
  solar_opex: 10
  solar_lifetime: 20
  carbon_price: 1.0
timeseries_values:
  load_level: 283599.27630870184
  wind_year: 2013
  solar_year: 2015
  price_year: 2023
  carbon_year: 2023
storage_values:
  CAES:
    cost: 42.1373
    lifetime: 26.8293
    annual_cost: 1.5705702347806318
    efficiency: 0.641095
    discharge_ratio: 0.1
    depth_of_discharge: 0.4
  Li-ion:
    cost: 182.887
    lifetime: 23.246
    annual_cost: 7.867461068570937
    efficiency: 0.861008
    discharge_ratio: 2
    depth_of_discharge: 0.9
  Pb-acid:
    cost: 198.636
    lifetime: 8.21
    annual_cost: 24.194397076735687
    efficiency: 0.75379
    discharge_ratio: 5
    depth_of_discharge: 0.5
  VRBF:
    cost: 110.877
    lifetime: 24.3401
    annual_cost: 4.5553222870900285
    efficiency: 0.772261
    discharge_ratio: 0.5
    depth_of_discharge: 1.0
