cost_values:
  wind_capex: 5000.0
  wind_opex: 100
  wind_lifetime: 20
  solar_capex: 1000.0
  solar_opex: 10
  solar_lifetime: 20
  carbon_price: 1.0
timeseries_values:
  load_level: 283599.27630870184
  wind_year: 2013
  solar_year: 2015
  price_year: 2023
  carbon_year: 2023
storage_values:
  CAES:
    cost: 36.9226
    lifetime: 27.4629
    annual_cost: 1.344453790386303
    efficiency: 0.640929
    discharge_ratio: 0.1
    depth_of_discharge: 0.4
  Li-ion:
    cost: 196.951
    lifetime: 20.942
    annual_cost: 9.404593639575971
    efficiency: 0.854383
    discharge_ratio: 2
    depth_of_discharge: 0.9
  Pb-acid:
    cost: 172.491
    lifetime: 9.64387
    annual_cost: 17.88607685503849
    efficiency: 0.761466
    discharge_ratio: 5
    depth_of_discharge: 0.5
  VRBF:
    cost: 125.826
    lifetime: 21.11
    annual_cost: 5.96049265750829
    efficiency: 0.767453
    discharge_ratio: 0.5
    depth_of_discharge: 1.0
