cost_values:
  wind_capex: 5000.0
  wind_opex: 100
  wind_lifetime: 20
  solar_capex: 1000.0
  solar_opex: 10
  solar_lifetime: 20
  carbon_price: 1.0
timeseries_values:
  load_level: 283599.27630870184
  wind_year: 2013
  solar_year: 2015
  price_year: 2023
  carbon_year: 2023
storage_values:
  CAES:
    cost: 37.6081
    lifetime: 27.5577
    annual_cost: 1.3647038758677248
    efficiency: 0.635057
    discharge_ratio: 0.1
    depth_of_discharge: 0.4
  Li-ion:
    cost: 193.415
    lifetime: 20.9981
    annual_cost: 9.211071477895619
    efficiency: 0.86254
    discharge_ratio: 2
    depth_of_discharge: 0.9
  Pb-acid:
    cost: 171.509
    lifetime: 9.27072
    annual_cost: 18.500073349211277
    efficiency: 0.755119
    discharge_ratio: 5
    depth_of_discharge: 0.5
  VRBF:
    cost: 128.224
    lifetime: 23.1236
    annual_cost: 5.5451573284436675
    efficiency: 0.790716
    discharge_ratio: 0.5
    depth_of_discharge: 1.0
