cost_values:
  wind_capex: 5000.0
  wind_opex: 100
  wind_lifetime: 20
  solar_capex: 1000.0
  solar_opex: 10
  solar_lifetime: 20
  carbon_price: 1.0
timeseries_values:
  load_level: 283599.27630870184
  wind_year: 2013
  solar_year: 2015
  price_year: 2023
  carbon_year: 2023
storage_values:
  CAES:
    cost: 44.1523
    lifetime: 26.5481
    annual_cost: 1.6631058343158265
    efficiency: 0.645736
    discharge_ratio: 0.1
    depth_of_discharge: 0.4
  Li-ion:
    cost: 194.889
    lifetime: 23.8636
    annual_cost: 8.166789587488894
    efficiency: 0.85477
    discharge_ratio: 2
    depth_of_discharge: 0.9
  Pb-acid:
    cost: 196.336
    lifetime: 11.8665
    annual_cost: 16.54540091855223
    efficiency: 0.743084
    discharge_ratio: 5
    depth_of_discharge: 0.5
  VRBF:
    cost: 101.987
    lifetime: 24.8727
    annual_cost: 4.100359028171449
    efficiency: 0.777269
    discharge_ratio: 0.5
    depth_of_discharge: 1.0
