cost_values:
  wind_capex: 5000.0
  wind_opex: 100
  wind_lifetime: 20
  solar_capex: 1000.0
  solar_opex: 10
  solar_lifetime: 20
  carbon_price: 1.0
timeseries_values:
  load_level: 283599.27630870184
  wind_year: 2013
  solar_year: 2015
  price_year: 2023
  carbon_year: 2023
storage_values:
  CAES:
    cost: 35.2829
    lifetime: 28.2997
    annual_cost: 1.246758799563246
    efficiency: 0.647326
    discharge_ratio: 0.1
    depth_of_discharge: 0.4
  Li-ion:
    cost: 214.486
    lifetime: 22.0688
    annual_cost: 9.718969767273254
    efficiency: 0.868798
    discharge_ratio: 2
    depth_of_discharge: 0.9
  Pb-acid:
    cost: 173.32
    lifetime: 10.816
    annual_cost: 16.024408284023668
    efficiency: 0.766041
    discharge_ratio: 5
    depth_of_discharge: 0.5
  VRBF:
    cost: 103.482
    lifetime: 23.229
    annual_cost: 4.454862456412243
    efficiency: 0.77883
    discharge_ratio: 0.5
    depth_of_discharge: 1.0
