cost_values:
  wind_capex: 5000.0
  wind_opex: 100
  wind_lifetime: 20
  solar_capex: 1000.0
  solar_opex: 10
  solar_lifetime: 20
  carbon_price: 1.0
timeseries_values:
  load_level: 283599.27630870184
  wind_year: 2013
  solar_year: 2015
  price_year: 2023
  carbon_year: 2023
storage_values:
  CAES:
    cost: 34.2671
    lifetime: 27.9949
    annual_cost: 1.2240479515911826
    efficiency: 0.641646
    discharge_ratio: 0.1
    depth_of_discharge: 0.4
  Li-ion:
    cost: 180.409
    lifetime: 23.3449
    annual_cost: 7.727983413936235
    efficiency: 0.867614
    discharge_ratio: 2
    depth_of_discharge: 0.9
  Pb-acid:
    cost: 180.443
    lifetime: 9.50056
    annual_cost: 18.992880419680525
    efficiency: 0.760021
    discharge_ratio: 5
    depth_of_discharge: 0.5
  VRBF:
    cost: 112.803
    lifetime: 23.3587
    annual_cost: 4.829164294245827
    efficiency: 0.764488
    discharge_ratio: 0.5
    depth_of_discharge: 1.0
