cost_values:
  wind_capex: 5000.0
  wind_opex: 100
  wind_lifetime: 20
  solar_capex: 1000.0
  solar_opex: 10
  solar_lifetime: 20
  carbon_price: 1.0
timeseries_values:
  load_level: 283599.27630870184
  wind_year: 2013
  solar_year: 2015
  price_year: 2023
  carbon_year: 2023
storage_values:
  CAES:
    cost: 39.433
    lifetime: 27.9182
    annual_cost: 1.412447793912215
    efficiency: 0.638256
    discharge_ratio: 0.1
    depth_of_discharge: 0.4
  Li-ion:
    cost: 192.929
    lifetime: 20.6299
    annual_cost: 9.351911545863043
    efficiency: 0.855621
    discharge_ratio: 2
    depth_of_discharge: 0.9
  Pb-acid:
    cost: 201.06
    lifetime: 10.4999
    annual_cost: 19.148753797655214
    efficiency: 0.754587
    discharge_ratio: 5
    depth_of_discharge: 0.5
  VRBF:
    cost: 118.471
    lifetime: 21.2571
    annual_cost: 5.573243763260275
    efficiency: 0.75676
    discharge_ratio: 0.5
    depth_of_discharge: 1.0
