cost_values:
  wind_capex: 5000.0
  wind_opex: 100
  wind_lifetime: 20
  solar_capex: 1000.0
  solar_opex: 10
  solar_lifetime: 20
  carbon_price: 1.0
timeseries_values:
  load_level: 283599.27630870184
  wind_year: 2013
  solar_year: 2015
  price_year: 2023
  carbon_year: 2023
storage_values:
  CAES:
    cost: 30.4021
    lifetime: 27.0929
    annual_cost: 1.1221427015934065
    efficiency: 0.634855
    discharge_ratio: 0.1
    depth_of_discharge: 0.4
  Li-ion:
    cost: 192.27
    lifetime: 20.5484
    annual_cost: 9.35693289988515
    efficiency: 0.858932
    discharge_ratio: 2
    depth_of_discharge: 0.9
  Pb-acid:
    cost: 191.495
    lifetime: 10.0762
    annual_cost: 19.004684305591393
    efficiency: 0.739478
    discharge_ratio: 5
    depth_of_discharge: 0.5
  VRBF:
    cost: 100.513
    lifetime: 22.7728
    annual_cost: 4.413730415232207
    efficiency: 0.787115
    discharge_ratio: 0.5
    depth_of_discharge: 1.0
