cost_values:
  wind_capex: 5000.0
  wind_opex: 100
  wind_lifetime: 20
  solar_capex: 1000.0
  solar_opex: 10
  solar_lifetime: 20
  carbon_price: 1.0
timeseries_values:
  load_level: 283599.27630870184
  wind_year: 2013
  solar_year: 2015
  price_year: 2023
  carbon_year: 2023
storage_values:
  CAES:
    cost: 37.4451
    lifetime: 27.4875
    annual_cost: 1.3622592087312413
    efficiency: 0.640713
    discharge_ratio: 0.1
    depth_of_discharge: 0.4
  Li-ion:
    cost: 201.644
    lifetime: 21.3976
    annual_cost: 9.423673683029872
    efficiency: 0.854891
    discharge_ratio: 2
    depth_of_discharge: 0.9
  Pb-acid:
    cost: 175.157
    lifetime: 9.64418
    annual_cost: 18.161938080790694
    efficiency: 0.752555
    discharge_ratio: 5
    depth_of_discharge: 0.5
  VRBF:
    cost: 103.01
    lifetime: 22.2523
    annual_cost: 4.629184398916067
    efficiency: 0.792024
    discharge_ratio: 0.5
    depth_of_discharge: 1.0
