cost_values:
  wind_capex: 5000.0
  wind_opex: 100
  wind_lifetime: 20
  solar_capex: 1000.0
  solar_opex: 10
  solar_lifetime: 20
  carbon_price: 1.0
timeseries_values:
  load_level: 283599.27630870184
  wind_year: 2013
  solar_year: 2015
  price_year: 2023
  carbon_year: 2023
storage_values:
  CAES:
    cost: 36.2088
    lifetime: 28.2505
    annual_cost: 1.2817047485885205
    efficiency: 0.641447
    discharge_ratio: 0.1
    depth_of_discharge: 0.4
  Li-ion:
    cost: 192.167
    lifetime: 20.9095
    annual_cost: 9.190415839690093
    efficiency: 0.866535
    discharge_ratio: 2
    depth_of_discharge: 0.9
  Pb-acid:
    cost: 187.942
    lifetime: 8.87052
    annual_cost: 21.187258469627483
    efficiency: 0.769626
    discharge_ratio: 5
    depth_of_discharge: 0.5
  VRBF:
    cost: 102.651
    lifetime: 19.4658
    annual_cost: 5.273402582991708
    efficiency: 0.77701
    discharge_ratio: 0.5
    depth_of_discharge: 1.0
