cost_values:
  wind_capex: 5000.0
  wind_opex: 100
  wind_lifetime: 20
  solar_capex: 1000.0
  solar_opex: 10
  solar_lifetime: 20
  carbon_price: 1.0
timeseries_values:
  load_level: 283599.27630870184
  wind_year: 2013
  solar_year: 2015
  price_year: 2023
  carbon_year: 2023
storage_values:
  CAES:
    cost: 33.9143
    lifetime: 27.9068
    annual_cost: 1.2152701133773847
    efficiency: 0.641645
    discharge_ratio: 0.1
    depth_of_discharge: 0.4
  Li-ion:
    cost: 200.728
    lifetime: 21.5199
    annual_cost: 9.327552637326383
    efficiency: 0.856862
    discharge_ratio: 2
    depth_of_discharge: 0.9
  Pb-acid:
    cost: 174.059
    lifetime: 10.2532
    annual_cost: 16.976066008660712
    efficiency: 0.766054
    discharge_ratio: 5
    depth_of_discharge: 0.5
  VRBF:
    cost: 124.612
    lifetime: 22.2109
    annual_cost: 5.6103984980347485
    efficiency: 0.773323
    discharge_ratio: 0.5
    depth_of_discharge: 1.0
