cost_values:
  wind_capex: 5000.0
  wind_opex: 100
  wind_lifetime: 20
  solar_capex: 1000.0
  solar_opex: 10
  solar_lifetime: 20
  carbon_price: 1.0
timeseries_values:
  load_level: 283599.27630870184
  wind_year: 2013
  solar_year: 2015
  price_year: 2023
  carbon_year: 2023
storage_values:
  CAES:
    cost: 32.8568
    lifetime: 28.7563
    annual_cost: 1.1425948400872157
    efficiency: 0.633289
    discharge_ratio: 0.1
    depth_of_discharge: 0.4
  Li-ion:
    cost: 201.285
    lifetime: 22.4257
    annual_cost: 8.975639556401807
    efficiency: 0.867188
    discharge_ratio: 2
    depth_of_discharge: 0.9
  Pb-acid:
    cost: 167.621
    lifetime: 10.498
    annual_cost: 15.966946084968567
    efficiency: 0.752931
    discharge_ratio: 5
    depth_of_discharge: 0.5
  VRBF:
    cost: 105.46
    lifetime: 22.2245
    annual_cost: 4.745213615604401
    efficiency: 0.799286
    discharge_ratio: 0.5
    depth_of_discharge: 1.0
