cost_values:
  wind_capex: 5000.0
  wind_opex: 100
  wind_lifetime: 20
  solar_capex: 1000.0
  solar_opex: 10
  solar_lifetime: 20
  carbon_price: 1.0
timeseries_values:
  load_level: 283599.27630870184
  wind_year: 2013
  solar_year: 2015
  price_year: 2023
  carbon_year: 2023
storage_values:
  CAES:
    cost: 34.6175
    lifetime: 28.0637
    annual_cost: 1.2335329981435093
    efficiency: 0.646985
    discharge_ratio: 0.1
    depth_of_discharge: 0.4
  Li-ion:
    cost: 195.528
    lifetime: 21.145
    annual_cost: 9.247008749113265
    efficiency: 0.871882
    discharge_ratio: 2
    depth_of_discharge: 0.9
  Pb-acid:
    cost: 163.655
    lifetime: 11.8465
    annual_cost: 13.81462879331448
    efficiency: 0.753632
    discharge_ratio: 5
    depth_of_discharge: 0.5
  VRBF:
    cost: 107.654
    lifetime: 22.4994
    annual_cost: 4.7847498155506365
    efficiency: 0.76882
    discharge_ratio: 0.5
    depth_of_discharge: 1.0
