cost_values:
  wind_capex: 5000.0
  wind_opex: 100
  wind_lifetime: 20
  solar_capex: 1000.0
  solar_opex: 10
  solar_lifetime: 20
  carbon_price: 1.0
timeseries_values:
  load_level: 283599.27630870184
  wind_year: 2013
  solar_year: 2015
  price_year: 2023
  carbon_year: 2023
storage_values:
  CAES:
    cost: 34.1875
    lifetime: 26.7601
    annual_cost: 1.2775550166105507
    efficiency: 0.648941
    discharge_ratio: 0.1
    depth_of_discharge: 0.4
  Li-ion:
    cost: 203.239
    lifetime: 23.7054
    annual_cost: 8.57353176913277
    efficiency: 0.858948
    discharge_ratio: 2
    depth_of_discharge: 0.9
  Pb-acid:
    cost: 148.88
    lifetime: 9.82159
    annual_cost: 15.158441759429989
    efficiency: 0.767412
    discharge_ratio: 5
    depth_of_discharge: 0.5
  VRBF:
    cost: 105.452
    lifetime: 20.4314
    annual_cost: 5.161271376410818
    efficiency: 0.786906
    discharge_ratio: 0.5
    depth_of_discharge: 1.0
