cost_values:
  wind_capex: 5000.0
  wind_opex: 100
  wind_lifetime: 20
  solar_capex: 1000.0
  solar_opex: 10
  solar_lifetime: 20
  carbon_price: 1.0
timeseries_values:
  load_level: 283599.27630870184
  wind_year: 2013
  solar_year: 2015
  price_year: 2023
  carbon_year: 2023
storage_values:
  CAES:
    cost: 37.1838
    lifetime: 27.8611
    annual_cost: 1.3346134933653013
    efficiency: 0.631837
    discharge_ratio: 0.1
    depth_of_discharge: 0.4
  Li-ion:
    cost: 174.646
    lifetime: 19.9397
    annual_cost: 8.758707503121913
    efficiency: 0.85862
    discharge_ratio: 2
    depth_of_discharge: 0.9
  Pb-acid:
    cost: 161.845
    lifetime: 9.08559
    annual_cost: 17.813372604310782
    efficiency: 0.751651
    discharge_ratio: 5
    depth_of_discharge: 0.5
  VRBF:
    cost: 101.624
    lifetime: 22.1582
    annual_cost: 4.5862931104512095
    efficiency: 0.780699
    discharge_ratio: 0.5
    depth_of_discharge: 1.0
