cost_values:
  wind_capex: 5000.0
  wind_opex: 100
  wind_lifetime: 20
  solar_capex: 1000.0
  solar_opex: 10
  solar_lifetime: 20
  carbon_price: 1.0
timeseries_values:
  load_level: 283599.27630870184
  wind_year: 2013
  solar_year: 2015
  price_year: 2023
  carbon_year: 2023
storage_values:
  CAES:
    cost: 34.9871
    lifetime: 27.3856
    annual_cost: 1.2775728850198644
    efficiency: 0.641204
    discharge_ratio: 0.1
    depth_of_discharge: 0.4
  Li-ion:
    cost: 180.455
    lifetime: 22.9208
    annual_cost: 7.872980000698057
    efficiency: 0.864435
    discharge_ratio: 2
    depth_of_discharge: 0.9
  Pb-acid:
    cost: 199.161
    lifetime: 8.58308
    annual_cost: 23.203908154182415
    efficiency: 0.757464
    discharge_ratio: 5
    depth_of_discharge: 0.5
  VRBF:
    cost: 103.467
    lifetime: 20.7786
    annual_cost: 4.979498137506858
    efficiency: 0.778599
    discharge_ratio: 0.5
    depth_of_discharge: 1.0
