cost_values:
  wind_capex: 5000.0
  wind_opex: 100
  wind_lifetime: 20
  solar_capex: 1000.0
  solar_opex: 10
  solar_lifetime: 20
  carbon_price: 1.0
timeseries_values:
  load_level: 283599.27630870184
  wind_year: 2013
  solar_year: 2015
  price_year: 2023
  carbon_year: 2023
storage_values:
  CAES:
    cost: 33.2083
    lifetime: 26.9093
    annual_cost: 1.2340826405740766
    efficiency: 0.640458
    discharge_ratio: 0.1
    depth_of_discharge: 0.4
  Li-ion:
    cost: 166.331
    lifetime: 22.5807
    annual_cost: 7.366069253831812
    efficiency: 0.852427
    discharge_ratio: 2
    depth_of_discharge: 0.9
  Pb-acid:
    cost: 181.707
    lifetime: 9.53535
    annual_cost: 19.056143717849896
    efficiency: 0.756334
    discharge_ratio: 5
    depth_of_discharge: 0.5
  VRBF:
    cost: 103.659
    lifetime: 21.8464
    annual_cost: 4.744900761681559
    efficiency: 0.788428
    discharge_ratio: 0.5
    depth_of_discharge: 1.0
