cost_values:
  wind_capex: 5000.0
  wind_opex: 100
  wind_lifetime: 20
  solar_capex: 1000.0
  solar_opex: 10
  solar_lifetime: 20
  carbon_price: 1.0
timeseries_values:
  load_level: 232183.50414871398
  wind_year: 2015
  solar_year: 2015
  price_year: 2023
  carbon_year: 2023
storage_values:
  CAES:
    cost: 39.1411
    lifetime: 25.5484
    annual_cost: 1.5320372312943276
    efficiency: 0.599656
    discharge_ratio: 0.1
    depth_of_discharge: 0.4
  Li-ion:
    cost: 286.625
    lifetime: 16.2993
    annual_cost: 17.585111017037544
    efficiency: 0.902447
    discharge_ratio: 2
    depth_of_discharge: 0.9
  Pb-acid:
    cost: 180.023
    lifetime: 14.2123
    annual_cost: 12.66670419284704
    efficiency: 0.77919
    discharge_ratio: 5
    depth_of_discharge: 0.5
  VRBF:
    cost: 293.58
    lifetime: 20.4567
    annual_cost: 14.35128833096247
    efficiency: 0.806415
    discharge_ratio: 0.5
    depth_of_discharge: 1.0
