cost_values:
  wind_capex: 5000.0
  wind_opex: 100
  wind_lifetime: 20
  solar_capex: 1000.0
  solar_opex: 10
  solar_lifetime: 20
  carbon_price: 1.0
timeseries_values:
  load_level: 232183.50414871398
  wind_year: 2015
  solar_year: 2015
  price_year: 2023
  carbon_year: 2023
storage_values:
  CAES:
    cost: 39.6828
    lifetime: 25.9617
    annual_cost: 1.5285131559181409
    efficiency: 0.601663
    discharge_ratio: 0.1
    depth_of_discharge: 0.4
  Li-ion:
    cost: 278.948
    lifetime: 16.2483
    annual_cost: 17.167826788033206
    efficiency: 0.899893
    discharge_ratio: 2
    depth_of_discharge: 0.9
  Pb-acid:
    cost: 171.098
    lifetime: 12.5491
    annual_cost: 13.634284530364729
    efficiency: 0.773582
    discharge_ratio: 5
    depth_of_discharge: 0.5
  VRBF:
    cost: 267.002
    lifetime: 20.2191
    annual_cost: 13.205434465431201
    efficiency: 0.827326
    discharge_ratio: 0.5
    depth_of_discharge: 1.0
