cost_values:
  wind_capex: 5000.0
  wind_opex: 100
  wind_lifetime: 20
  solar_capex: 1000.0
  solar_opex: 10
  solar_lifetime: 20
  carbon_price: 1.0
timeseries_values:
  load_level: 232183.50414871398
  wind_year: 2015
  solar_year: 2015
  price_year: 2023
  carbon_year: 2023
storage_values:
  CAES:
    cost: 37.2625
    lifetime: 26.6346
    annual_cost: 1.3990260788598292
    efficiency: 0.604201
    discharge_ratio: 0.1
    depth_of_discharge: 0.4
  Li-ion:
    cost: 279.989
    lifetime: 14.9844
    annual_cost: 18.685366114091988
    efficiency: 0.89755
    discharge_ratio: 2
    depth_of_discharge: 0.9
  Pb-acid:
    cost: 198.602
    lifetime: 13.1115
    annual_cost: 15.147160889295657
    efficiency: 0.773149
    discharge_ratio: 5
    depth_of_discharge: 0.5
  VRBF:
    cost: 269.074
    lifetime: 23.2896
    annual_cost: 11.55339722451223
    efficiency: 0.783771
    discharge_ratio: 0.5
    depth_of_discharge: 1.0
