cost_values:
  wind_capex: 5000.0
  wind_opex: 100
  wind_lifetime: 20
  solar_capex: 1000.0
  solar_opex: 10
  solar_lifetime: 20
  carbon_price: 1.0
timeseries_values:
  load_level: 232183.50414871398
  wind_year: 2015
  solar_year: 2015
  price_year: 2023
  carbon_year: 2023
storage_values:
  CAES:
    cost: 32.5752
    lifetime: 25.2112
    annual_cost: 1.2920924033762773
    efficiency: 0.60394
    discharge_ratio: 0.1
    depth_of_discharge: 0.4
  Li-ion:
    cost: 266.361
    lifetime: 16.1936
    annual_cost: 16.448535223792113
    efficiency: 0.891192
    discharge_ratio: 2
    depth_of_discharge: 0.9
  Pb-acid:
    cost: 175.608
    lifetime: 13.2429
    annual_cost: 13.260539609904175
    efficiency: 0.777608
    discharge_ratio: 5
    depth_of_discharge: 0.5
  VRBF:
    cost: 298.555
    lifetime: 21.1907
    annual_cost: 14.08896355476695
    efficiency: 0.774321
    discharge_ratio: 0.5
    depth_of_discharge: 1.0
