cost_values:
  wind_capex: 5000.0
  wind_opex: 100
  wind_lifetime: 20
  solar_capex: 1000.0
  solar_opex: 10
  solar_lifetime: 20
  carbon_price: 1.0
timeseries_values:
  load_level: 232183.50414871398
  wind_year: 2015
  solar_year: 2015
  price_year: 2023
  carbon_year: 2023
storage_values:
  CAES:
    cost: 39.3601
    lifetime: 25.3324
    annual_cost: 1.553745401146358
    efficiency: 0.612476
    discharge_ratio: 0.1
    depth_of_discharge: 0.4
  Li-ion:
    cost: 279.044
    lifetime: 15.1251
    annual_cost: 18.449068105334838
    efficiency: 0.900617
    discharge_ratio: 2
    depth_of_discharge: 0.9
  Pb-acid:
    cost: 163.943
    lifetime: 12.4149
    annual_cost: 13.205341968118956
    efficiency: 0.772022
    discharge_ratio: 5
    depth_of_discharge: 0.5
  VRBF:
    cost: 306.893
    lifetime: 20.63
    annual_cost: 14.876054289869122
    efficiency: 0.780859
    discharge_ratio: 0.5
    depth_of_discharge: 1.0
