cost_values:
  wind_capex: 5000.0
  wind_opex: 100
  wind_lifetime: 20
  solar_capex: 1000.0
  solar_opex: 10
  solar_lifetime: 20
  carbon_price: 1.0
timeseries_values:
  load_level: 232183.50414871398
  wind_year: 2015
  solar_year: 2015
  price_year: 2023
  carbon_year: 2023
storage_values:
  CAES:
    cost: 38.5207
    lifetime: 25.6371
    annual_cost: 1.502537338466519
    efficiency: 0.589568
    discharge_ratio: 0.1
    depth_of_discharge: 0.4
  Li-ion:
    cost: 268.954
    lifetime: 17.6885
    annual_cost: 15.205020210871469
    efficiency: 0.920383
    discharge_ratio: 2
    depth_of_discharge: 0.9
  Pb-acid:
    cost: 186.056
    lifetime: 12.0041
    annual_cost: 15.499371048225191
    efficiency: 0.778884
    discharge_ratio: 5
    depth_of_discharge: 0.5
  VRBF:
    cost: 276.336
    lifetime: 23.3142
    annual_cost: 11.85269063489204
    efficiency: 0.783153
    discharge_ratio: 0.5
    depth_of_discharge: 1.0
