cost_values:
  wind_capex: 5000.0
  wind_opex: 100
  wind_lifetime: 20
  solar_capex: 1000.0
  solar_opex: 10
  solar_lifetime: 20
  carbon_price: 1.0
timeseries_values:
  load_level: 232183.50414871398
  wind_year: 2015
  solar_year: 2015
  price_year: 2023
  carbon_year: 2023
storage_values:
  CAES:
    cost: 36.4853
    lifetime: 26.9584
    annual_cost: 1.3533926345777199
    efficiency: 0.606254
    discharge_ratio: 0.1
    depth_of_discharge: 0.4
  Li-ion:
    cost: 294.621
    lifetime: 15.356
    annual_cost: 19.186051054962228
    efficiency: 0.910717
    discharge_ratio: 2
    depth_of_discharge: 0.9
  Pb-acid:
    cost: 180.492
    lifetime: 11.8572
    annual_cost: 15.22214350774213
    efficiency: 0.761494
    discharge_ratio: 5
    depth_of_discharge: 0.5
  VRBF:
    cost: 292.427
    lifetime: 21.2051
    annual_cost: 13.790408911063848
    efficiency: 0.796452
    discharge_ratio: 0.5
    depth_of_discharge: 1.0
