cost_values:
  wind_capex: 5000.0
  wind_opex: 100
  wind_lifetime: 20
  solar_capex: 1000.0
  solar_opex: 10
  solar_lifetime: 20
  carbon_price: 1.0
timeseries_values:
  load_level: 232183.50414871398
  wind_year: 2015
  solar_year: 2015
  price_year: 2023
  carbon_year: 2023
storage_values:
  CAES:
    cost: 32.7635
    lifetime: 25.6973
    annual_cost: 1.2749783051137669
    efficiency: 0.601319
    discharge_ratio: 0.1
    depth_of_discharge: 0.4
  Li-ion:
    cost: 268.324
    lifetime: 14.1854
    annual_cost: 18.915504673819562
    efficiency: 0.904779
    discharge_ratio: 2
    depth_of_discharge: 0.9
  Pb-acid:
    cost: 160.735
    lifetime: 11.1233
    annual_cost: 14.450298023068694
    efficiency: 0.768133
    discharge_ratio: 5
    depth_of_discharge: 0.5
  VRBF:
    cost: 272.122
    lifetime: 22.1743
    annual_cost: 12.271954469814155
    efficiency: 0.783469
    discharge_ratio: 0.5
    depth_of_discharge: 1.0
