cost_values:
  wind_capex: 5000.0
  wind_opex: 100
  wind_lifetime: 20
  solar_capex: 1000.0
  solar_opex: 10
  solar_lifetime: 20
  carbon_price: 1.0
timeseries_values:
  load_level: 232183.50414871398
  wind_year: 2015
  solar_year: 2015
  price_year: 2023
  carbon_year: 2023
storage_values:
  CAES:
    cost: 39.1615
    lifetime: 27.2778
    annual_cost: 1.4356546349045742
    efficiency: 0.591483
    discharge_ratio: 0.1
    depth_of_discharge: 0.4
  Li-ion:
    cost: 277.64
    lifetime: 14.8315
    annual_cost: 18.719617031318478
    efficiency: 0.902863
    discharge_ratio: 2
    depth_of_discharge: 0.9
  Pb-acid:
    cost: 172.686
    lifetime: 11.3407
    annual_cost: 15.227102383450758
    efficiency: 0.768869
    discharge_ratio: 5
    depth_of_discharge: 0.5
  VRBF:
    cost: 291.848
    lifetime: 24.241
    annual_cost: 12.03943731694237
    efficiency: 0.797958
    discharge_ratio: 0.5
    depth_of_discharge: 1.0
