cost_values:
  wind_capex: 5000.0
  wind_opex: 100
  wind_lifetime: 20
  solar_capex: 1000.0
  solar_opex: 10
  solar_lifetime: 20
  carbon_price: 1.0
timeseries_values:
  load_level: 232183.50414871398
  wind_year: 2015
  solar_year: 2015
  price_year: 2023
  carbon_year: 2023
storage_values:
  CAES:
    cost: 45.6348
    lifetime: 26.3878
    annual_cost: 1.7293900969387368
    efficiency: 0.599157
    discharge_ratio: 0.1
    depth_of_discharge: 0.4
  Li-ion:
    cost: 294.213
    lifetime: 15.9195
    annual_cost: 18.48129652313201
    efficiency: 0.909042
    discharge_ratio: 2
    depth_of_discharge: 0.9
  Pb-acid:
    cost: 153.113
    lifetime: 11.1566
    annual_cost: 13.72398400946525
    efficiency: 0.760857
    discharge_ratio: 5
    depth_of_discharge: 0.5
  VRBF:
    cost: 273.056
    lifetime: 21.5685
    annual_cost: 12.659943899668496
    efficiency: 0.78789
    discharge_ratio: 0.5
    depth_of_discharge: 1.0
