cost_values:
  wind_capex: 5000.0
  wind_opex: 100
  wind_lifetime: 20
  solar_capex: 1000.0
  solar_opex: 10
  solar_lifetime: 20
  carbon_price: 1.0
timeseries_values:
  load_level: 232183.50414871398
  wind_year: 2015
  solar_year: 2015
  price_year: 2023
  carbon_year: 2023
storage_values:
  CAES:
    cost: 37.0291
    lifetime: 25.8105
    annual_cost: 1.4346525638790415
    efficiency: 0.597779
    discharge_ratio: 0.1
    depth_of_discharge: 0.4
  Li-ion:
    cost: 271.573
    lifetime: 13.9222
    annual_cost: 19.5064716783267
    efficiency: 0.885055
    discharge_ratio: 2
    depth_of_discharge: 0.9
  Pb-acid:
    cost: 184.197
    lifetime: 12.4518
    annual_cost: 14.792801040813377
    efficiency: 0.770487
    discharge_ratio: 5
    depth_of_discharge: 0.5
  VRBF:
    cost: 271.93
    lifetime: 21.0951
    annual_cost: 12.890671293333524
    efficiency: 0.772915
    discharge_ratio: 0.5
    depth_of_discharge: 1.0
