cost_values:
  wind_capex: 5000.0
  wind_opex: 100
  wind_lifetime: 20
  solar_capex: 1000.0
  solar_opex: 10
  solar_lifetime: 20
  carbon_price: 1.0
timeseries_values:
  load_level: 232183.50414871398
  wind_year: 2015
  solar_year: 2015
  price_year: 2023
  carbon_year: 2023
storage_values:
  CAES:
    cost: 37.3994
    lifetime: 25.8168
    annual_cost: 1.4486458430169502
    efficiency: 0.593755
    discharge_ratio: 0.1
    depth_of_discharge: 0.4
  Li-ion:
    cost: 291.424
    lifetime: 16.618
    annual_cost: 17.53664700926706
    efficiency: 0.909032
    discharge_ratio: 2
    depth_of_discharge: 0.9
  Pb-acid:
    cost: 168.4
    lifetime: 12.402
    annual_cost: 13.57845508788905
    efficiency: 0.779464
    discharge_ratio: 5
    depth_of_discharge: 0.5
  VRBF:
    cost: 292.053
    lifetime: 23.5638
    annual_cost: 12.394138466631018
    efficiency: 0.79966
    discharge_ratio: 0.5
    depth_of_discharge: 1.0
