cost_values:
  wind_capex: 5000.0
  wind_opex: 100
  wind_lifetime: 20
  solar_capex: 1000.0
  solar_opex: 10
  solar_lifetime: 20
  carbon_price: 1.0
timeseries_values:
  load_level: 232183.50414871398
  wind_year: 2015
  solar_year: 2015
  price_year: 2023
  carbon_year: 2023
storage_values:
  CAES:
    cost: 36.005
    lifetime: 26.0274
    annual_cost: 1.383349854384226
    efficiency: 0.587637
    discharge_ratio: 0.1
    depth_of_discharge: 0.4
  Li-ion:
    cost: 266.499
    lifetime: 12.8078
    annual_cost: 20.807554771311235
    efficiency: 0.90093
    discharge_ratio: 2
    depth_of_discharge: 0.9
  Pb-acid:
    cost: 186.184
    lifetime: 12.7498
    annual_cost: 14.602895731697751
    efficiency: 0.766102
    discharge_ratio: 5
    depth_of_discharge: 0.5
  VRBF:
    cost: 267.498
    lifetime: 23.9016
    annual_cost: 11.191635706396225
    efficiency: 0.788164
    discharge_ratio: 0.5
    depth_of_discharge: 1.0
