cost_values:
  wind_capex: 5000.0
  wind_opex: 100
  wind_lifetime: 20
  solar_capex: 1000.0
  solar_opex: 10
  solar_lifetime: 20
  carbon_price: 1.0
timeseries_values:
  load_level: 232183.50414871398
  wind_year: 2015
  solar_year: 2015
  price_year: 2023
  carbon_year: 2023
storage_values:
  CAES:
    cost: 44.9231
    lifetime: 26.1969
    annual_cost: 1.714825036550126
    efficiency: 0.602983
    discharge_ratio: 0.1
    depth_of_discharge: 0.4
  Li-ion:
    cost: 288.749
    lifetime: 14.832
    annual_cost: 19.46797464940669
    efficiency: 0.89287
    discharge_ratio: 2
    depth_of_discharge: 0.9
  Pb-acid:
    cost: 161.272
    lifetime: 11.5181
    annual_cost: 14.001614849671386
    efficiency: 0.752827
    discharge_ratio: 5
    depth_of_discharge: 0.5
  VRBF:
    cost: 305.792
    lifetime: 21.0868
    annual_cost: 14.501583929282774
    efficiency: 0.794875
    discharge_ratio: 0.5
    depth_of_discharge: 1.0
