cost_values:
  wind_capex: 5000.0
  wind_opex: 100
  wind_lifetime: 20
  solar_capex: 1000.0
  solar_opex: 10
  solar_lifetime: 20
  carbon_price: 1.0
timeseries_values:
  load_level: 232183.50414871398
  wind_year: 2015
  solar_year: 2015
  price_year: 2023
  carbon_year: 2023
storage_values:
  CAES:
    cost: 42.4724
    lifetime: 25.6673
    annual_cost: 1.6547280002181763
    efficiency: 0.608155
    discharge_ratio: 0.1
    depth_of_discharge: 0.4
  Li-ion:
    cost: 274.973
    lifetime: 14.9886
    annual_cost: 18.345475895013546
    efficiency: 0.92249
    discharge_ratio: 2
    depth_of_discharge: 0.9
  Pb-acid:
    cost: 166.069
    lifetime: 11.918
    annual_cost: 13.934301057224367
    efficiency: 0.76893
    discharge_ratio: 5
    depth_of_discharge: 0.5
  VRBF:
    cost: 270.467
    lifetime: 20.9151
    annual_cost: 12.931661813713538
    efficiency: 0.780673
    discharge_ratio: 0.5
    depth_of_discharge: 1.0
