cost_values:
  wind_capex: 5000.0
  wind_opex: 100
  wind_lifetime: 20
  solar_capex: 1000.0
  solar_opex: 10
  solar_lifetime: 20
  carbon_price: 1.0
timeseries_values:
  load_level: 232183.50414871398
  wind_year: 2015
  solar_year: 2015
  price_year: 2023
  carbon_year: 2023
storage_values:
  CAES:
    cost: 39.8248
    lifetime: 25.4071
    annual_cost: 1.5674673614855692
    efficiency: 0.603827
    discharge_ratio: 0.1
    depth_of_discharge: 0.4
  Li-ion:
    cost: 285.718
    lifetime: 14.9881
    annual_cost: 19.06298997204449
    efficiency: 0.891511
    discharge_ratio: 2
    depth_of_discharge: 0.9
  Pb-acid:
    cost: 176.404
    lifetime: 12.2384
    annual_cost: 14.41397568309583
    efficiency: 0.771172
    discharge_ratio: 5
    depth_of_discharge: 0.5
  VRBF:
    cost: 281.474
    lifetime: 21.5733
    annual_cost: 13.047331655333213
    efficiency: 0.7881
    discharge_ratio: 0.5
    depth_of_discharge: 1.0
