cost_values:
  wind_capex: 5000.0
  wind_opex: 100
  wind_lifetime: 20
  solar_capex: 1000.0
  solar_opex: 10
  solar_lifetime: 20
  carbon_price: 1.0
timeseries_values:
  load_level: 232183.50414871398
  wind_year: 2015
  solar_year: 2015
  price_year: 2023
  carbon_year: 2023
storage_values:
  CAES:
    cost: 33.4199
    lifetime: 25.4655
    annual_cost: 1.3123598594176435
    efficiency: 0.595402
    discharge_ratio: 0.1
    depth_of_discharge: 0.4
  Li-ion:
    cost: 277.644
    lifetime: 16.6989
    annual_cost: 16.62648437921061
    efficiency: 0.898062
    discharge_ratio: 2
    depth_of_discharge: 0.9
  Pb-acid:
    cost: 189.788
    lifetime: 11.7377
    annual_cost: 16.16909616023582
    efficiency: 0.784349
    discharge_ratio: 5
    depth_of_discharge: 0.5
  VRBF:
    cost: 277.64
    lifetime: 23.3893
    annual_cost: 11.870385176127545
    efficiency: 0.802481
    discharge_ratio: 0.5
    depth_of_discharge: 1.0
