cost_values:
  wind_capex: 5000.0
  wind_opex: 100
  wind_lifetime: 20
  solar_capex: 1000.0
  solar_opex: 10
  solar_lifetime: 20
  carbon_price: 1.0
timeseries_values:
  load_level: 232183.50414871398
  wind_year: 2015
  solar_year: 2015
  price_year: 2023
  carbon_year: 2023
storage_values:
  CAES:
    cost: 37.002
    lifetime: 27.2832
    annual_cost: 1.3562192118226601
    efficiency: 0.607083
    discharge_ratio: 0.1
    depth_of_discharge: 0.4
  Li-ion:
    cost: 286.548
    lifetime: 15.253
    annual_cost: 18.786337114010358
    efficiency: 0.906101
    discharge_ratio: 2
    depth_of_discharge: 0.9
  Pb-acid:
    cost: 166.45
    lifetime: 12.2731
    annual_cost: 13.562180704141577
    efficiency: 0.781904
    discharge_ratio: 5
    depth_of_discharge: 0.5
  VRBF:
    cost: 289.834
    lifetime: 21.964
    annual_cost: 13.195865962484065
    efficiency: 0.791995
    discharge_ratio: 0.5
    depth_of_discharge: 1.0
