cost_values:
  wind_capex: 5000.0
  wind_opex: 100
  wind_lifetime: 20
  solar_capex: 1000.0
  solar_opex: 10
  solar_lifetime: 20
  carbon_price: 1.0
timeseries_values:
  load_level: 232183.50414871398
  wind_year: 2015
  solar_year: 2015
  price_year: 2023
  carbon_year: 2023
storage_values:
  CAES:
    cost: 39.0954
    lifetime: 26.5178
    annual_cost: 1.474307823424266
    efficiency: 0.601803
    discharge_ratio: 0.1
    depth_of_discharge: 0.4
  Li-ion:
    cost: 282.631
    lifetime: 14.8898
    annual_cost: 18.98151754892611
    efficiency: 0.909134
    discharge_ratio: 2
    depth_of_discharge: 0.9
  Pb-acid:
    cost: 171.542
    lifetime: 12.1358
    annual_cost: 14.135203282849092
    efficiency: 0.784248
    discharge_ratio: 5
    depth_of_discharge: 0.5
  VRBF:
    cost: 298.415
    lifetime: 21.2134
    annual_cost: 14.067287657801202
    efficiency: 0.799085
    discharge_ratio: 0.5
    depth_of_discharge: 1.0
