cost_values:
  wind_capex: 5000.0
  wind_opex: 100
  wind_lifetime: 20
  solar_capex: 1000.0
  solar_opex: 10
  solar_lifetime: 20
  carbon_price: 1.0
timeseries_values:
  load_level: 232183.50414871398
  wind_year: 2015
  solar_year: 2015
  price_year: 2023
  carbon_year: 2023
storage_values:
  CAES:
    cost: 38.3542
    lifetime: 25.9328
    annual_cost: 1.478984143632774
    efficiency: 0.591504
    discharge_ratio: 0.1
    depth_of_discharge: 0.4
  Li-ion:
    cost: 286.803
    lifetime: 13.5428
    annual_cost: 21.177526065510826
    efficiency: 0.907167
    discharge_ratio: 2
    depth_of_discharge: 0.9
  Pb-acid:
    cost: 167.359
    lifetime: 13.3348
    annual_cost: 12.550544440111588
    efficiency: 0.785855
    discharge_ratio: 5
    depth_of_discharge: 0.5
  VRBF:
    cost: 289.854
    lifetime: 23.2247
    annual_cost: 12.480419553320388
    efficiency: 0.780327
    discharge_ratio: 0.5
    depth_of_discharge: 1.0
