cost_values:
  wind_capex: 5000.0
  wind_opex: 100
  wind_lifetime: 20
  solar_capex: 1000.0
  solar_opex: 10
  solar_lifetime: 20
  carbon_price: 1.0
timeseries_values:
  load_level: 232183.50414871398
  wind_year: 2015
  solar_year: 2015
  price_year: 2023
  carbon_year: 2023
storage_values:
  CAES:
    cost: 40.4232
    lifetime: 26.7826
    annual_cost: 1.5093082822429489
    efficiency: 0.599964
    discharge_ratio: 0.1
    depth_of_discharge: 0.4
  Li-ion:
    cost: 265.261
    lifetime: 13.0156
    annual_cost: 20.380236024462956
    efficiency: 0.891495
    discharge_ratio: 2
    depth_of_discharge: 0.9
  Pb-acid:
    cost: 168.782
    lifetime: 12.4962
    annual_cost: 13.506666026472049
    efficiency: 0.76761
    discharge_ratio: 5
    depth_of_discharge: 0.5
  VRBF:
    cost: 283.729
    lifetime: 23.2121
    annual_cost: 12.22332318058254
    efficiency: 0.783836
    discharge_ratio: 0.5
    depth_of_discharge: 1.0
