cost_values:
  wind_capex: 5000.0
  wind_opex: 100
  wind_lifetime: 20
  solar_capex: 1000.0
  solar_opex: 10
  solar_lifetime: 20
  carbon_price: 1.0
timeseries_values:
  load_level: 232183.50414871398
  wind_year: 2015
  solar_year: 2015
  price_year: 2023
  carbon_year: 2023
storage_values:
  CAES:
    cost: 42.5816
    lifetime: 26.6132
    annual_cost: 1.600018036162506
    efficiency: 0.602663
    discharge_ratio: 0.1
    depth_of_discharge: 0.4
  Li-ion:
    cost: 274.472
    lifetime: 16.9878
    annual_cost: 16.157006793110348
    efficiency: 0.876119
    discharge_ratio: 2
    depth_of_discharge: 0.9
  Pb-acid:
    cost: 178.251
    lifetime: 11.9387
    annual_cost: 14.930520073374822
    efficiency: 0.797152
    discharge_ratio: 5
    depth_of_discharge: 0.5
  VRBF:
    cost: 296.272
    lifetime: 21.8106
    annual_cost: 13.583853722501901
    efficiency: 0.777634
    discharge_ratio: 0.5
    depth_of_discharge: 1.0
