cost_values:
  wind_capex: 5000.0
  wind_opex: 100
  wind_lifetime: 20
  solar_capex: 1000.0
  solar_opex: 10
  solar_lifetime: 20
  carbon_price: 1.0
timeseries_values:
  load_level: 232183.50414871398
  wind_year: 2015
  solar_year: 2015
  price_year: 2023
  carbon_year: 2023
storage_values:
  CAES:
    cost: 41.9061
    lifetime: 25.9446
    annual_cost: 1.615214726763951
    efficiency: 0.603557
    discharge_ratio: 0.1
    depth_of_discharge: 0.4
  Li-ion:
    cost: 277.935
    lifetime: 14.6887
    annual_cost: 18.92168810037648
    efficiency: 0.892937
    discharge_ratio: 2
    depth_of_discharge: 0.9
  Pb-acid:
    cost: 185.439
    lifetime: 11.5996
    annual_cost: 15.986671954205317
    efficiency: 0.776748
    discharge_ratio: 5
    depth_of_discharge: 0.5
  VRBF:
    cost: 323.504
    lifetime: 22.5416
    annual_cost: 14.351421372041028
    efficiency: 0.794766
    discharge_ratio: 0.5
    depth_of_discharge: 1.0
