cost_values:
  wind_capex: 5000.0
  wind_opex: 100
  wind_lifetime: 20
  solar_capex: 1000.0
  solar_opex: 10
  solar_lifetime: 20
  carbon_price: 1.0
timeseries_values:
  load_level: 232183.50414871398
  wind_year: 2015
  solar_year: 2015
  price_year: 2023
  carbon_year: 2023
storage_values:
  CAES:
    cost: 44.5317
    lifetime: 26.7596
    annual_cost: 1.6641392248015667
    efficiency: 0.593033
    discharge_ratio: 0.1
    depth_of_discharge: 0.4
  Li-ion:
    cost: 275.44
    lifetime: 14.4505
    annual_cost: 19.06093214767655
    efficiency: 0.906641
    discharge_ratio: 2
    depth_of_discharge: 0.9
  Pb-acid:
    cost: 164.747
    lifetime: 11.1264
    annual_cost: 14.806855766465345
    efficiency: 0.765136
    discharge_ratio: 5
    depth_of_discharge: 0.5
  VRBF:
    cost: 258.004
    lifetime: 22.4619
    annual_cost: 11.48629456991617
    efficiency: 0.806564
    discharge_ratio: 0.5
    depth_of_discharge: 1.0
