cost_values:
  wind_capex: 5000.0
  wind_opex: 100
  wind_lifetime: 20
  solar_capex: 1000.0
  solar_opex: 10
  solar_lifetime: 20
  carbon_price: 1.0
timeseries_values:
  load_level: 232183.50414871398
  wind_year: 2015
  solar_year: 2015
  price_year: 2023
  carbon_year: 2023
storage_values:
  CAES:
    cost: 41.4857
    lifetime: 26.3485
    annual_cost: 1.5744994971250734
    efficiency: 0.617821
    discharge_ratio: 0.1
    depth_of_discharge: 0.4
  Li-ion:
    cost: 284.182
    lifetime: 14.4544
    annual_cost: 19.660587779499668
    efficiency: 0.914676
    discharge_ratio: 2
    depth_of_discharge: 0.9
  Pb-acid:
    cost: 199.335
    lifetime: 13.7884
    annual_cost: 14.456717240579039
    efficiency: 0.766666
    discharge_ratio: 5
    depth_of_discharge: 0.5
  VRBF:
    cost: 298.664
    lifetime: 21.6345
    annual_cost: 13.804987404377268
    efficiency: 0.797907
    discharge_ratio: 0.5
    depth_of_discharge: 1.0
