cost_values:
  wind_capex: 5000.0
  wind_opex: 100
  wind_lifetime: 20
  solar_capex: 1000.0
  solar_opex: 10
  solar_lifetime: 20
  carbon_price: 1.0
timeseries_values:
  load_level: 232183.50414871398
  wind_year: 2015
  solar_year: 2015
  price_year: 2023
  carbon_year: 2023
storage_values:
  CAES:
    cost: 39.554
    lifetime: 26.1308
    annual_cost: 1.5136926538797129
    efficiency: 0.595246
    discharge_ratio: 0.1
    depth_of_discharge: 0.4
  Li-ion:
    cost: 277.481
    lifetime: 13.8816
    annual_cost: 19.989122291378514
    efficiency: 0.907276
    discharge_ratio: 2
    depth_of_discharge: 0.9
  Pb-acid:
    cost: 168.197
    lifetime: 13.863
    annual_cost: 12.132799538339466
    efficiency: 0.777029
    discharge_ratio: 5
    depth_of_discharge: 0.5
  VRBF:
    cost: 284.781
    lifetime: 21.4292
    annual_cost: 13.289390177888114
    efficiency: 0.794881
    discharge_ratio: 0.5
    depth_of_discharge: 1.0
