cost_values:
  wind_capex: 5000.0
  wind_opex: 100
  wind_lifetime: 20
  solar_capex: 1000.0
  solar_opex: 10
  solar_lifetime: 20
  carbon_price: 1.0
timeseries_values:
  load_level: 232183.50414871398
  wind_year: 2015
  solar_year: 2015
  price_year: 2023
  carbon_year: 2023
storage_values:
  CAES:
    cost: 36.032
    lifetime: 26.1788
    annual_cost: 1.3763808883524071
    efficiency: 0.600759
    discharge_ratio: 0.1
    depth_of_discharge: 0.4
  Li-ion:
    cost: 279.038
    lifetime: 16.3528
    annual_cost: 17.063622131989632
    efficiency: 0.907097
    discharge_ratio: 2
    depth_of_discharge: 0.9
  Pb-acid:
    cost: 191.831
    lifetime: 13.5791
    annual_cost: 14.126930356209174
    efficiency: 0.770241
    discharge_ratio: 5
    depth_of_discharge: 0.5
  VRBF:
    cost: 264.671
    lifetime: 20.4016
    annual_cost: 12.973051133244452
    efficiency: 0.77618
    discharge_ratio: 0.5
    depth_of_discharge: 1.0
