cost_values:
  wind_capex: 5000.0
  wind_opex: 100
  wind_lifetime: 20
  solar_capex: 1000.0
  solar_opex: 10
  solar_lifetime: 20
  carbon_price: 1.0
timeseries_values:
  load_level: 232183.50414871398
  wind_year: 2015
  solar_year: 2015
  price_year: 2023
  carbon_year: 2023
storage_values:
  CAES:
    cost: 34.3796
    lifetime: 25.0915
    annual_cost: 1.3701691807982785
    efficiency: 0.595693
    discharge_ratio: 0.1
    depth_of_discharge: 0.4
  Li-ion:
    cost: 262.709
    lifetime: 16.3478
    annual_cost: 16.069991069134687
    efficiency: 0.879245
    discharge_ratio: 2
    depth_of_discharge: 0.9
  Pb-acid:
    cost: 186.565
    lifetime: 12.8572
    annual_cost: 14.5105466197928
    efficiency: 0.76926
    discharge_ratio: 5
    depth_of_discharge: 0.5
  VRBF:
    cost: 266.655
    lifetime: 22.5181
    annual_cost: 11.841807257273036
    efficiency: 0.793359
    discharge_ratio: 0.5
    depth_of_discharge: 1.0
