cost_values:
  wind_capex: 5000.0
  wind_opex: 100
  wind_lifetime: 20
  solar_capex: 1000.0
  solar_opex: 10
  solar_lifetime: 20
  carbon_price: 1.0
timeseries_values:
  load_level: 232183.50414871398
  wind_year: 2015
  solar_year: 2015
  price_year: 2023
  carbon_year: 2023
storage_values:
  CAES:
    cost: 44.606
    lifetime: 25.8988
    annual_cost: 1.7223191808114662
    efficiency: 0.603358
    discharge_ratio: 0.1
    depth_of_discharge: 0.4
  Li-ion:
    cost: 284.343
    lifetime: 14.3438
    annual_cost: 19.82340802297857
    efficiency: 0.90382
    discharge_ratio: 2
    depth_of_discharge: 0.9
  Pb-acid:
    cost: 179.232
    lifetime: 11.2451
    annual_cost: 15.938675512000781
    efficiency: 0.771575
    discharge_ratio: 5
    depth_of_discharge: 0.5
  VRBF:
    cost: 268.205
    lifetime: 21.1494
    annual_cost: 12.681447227817337
    efficiency: 0.771966
    discharge_ratio: 0.5
    depth_of_discharge: 1.0
