cost_values:
  wind_capex: 5000.0
  wind_opex: 100
  wind_lifetime: 20
  solar_capex: 1000.0
  solar_opex: 10
  solar_lifetime: 20
  carbon_price: 1.0
timeseries_values:
  load_level: 232183.50414871398
  wind_year: 2015
  solar_year: 2015
  price_year: 2023
  carbon_year: 2023
storage_values:
  CAES:
    cost: 46.8303
    lifetime: 26.3219
    annual_cost: 1.7791382840904342
    efficiency: 0.586305
    discharge_ratio: 0.1
    depth_of_discharge: 0.4
  Li-ion:
    cost: 279.446
    lifetime: 13.7556
    annual_cost: 20.315071679897645
    efficiency: 0.915813
    discharge_ratio: 2
    depth_of_discharge: 0.9
  Pb-acid:
    cost: 171.429
    lifetime: 11.8654
    annual_cost: 14.447806226507325
    efficiency: 0.762969
    discharge_ratio: 5
    depth_of_discharge: 0.5
  VRBF:
    cost: 275.025
    lifetime: 20.6879
    annual_cost: 13.294002774568709
    efficiency: 0.790747
    discharge_ratio: 0.5
    depth_of_discharge: 1.0
