cost_values:
  wind_capex: 5000.0
  wind_opex: 100
  wind_lifetime: 20
  solar_capex: 1000.0
  solar_opex: 10
  solar_lifetime: 20
  carbon_price: 1.0
timeseries_values:
  load_level: 232183.50414871398
  wind_year: 2015
  solar_year: 2015
  price_year: 2023
  carbon_year: 2023
storage_values:
  CAES:
    cost: 33.1496
    lifetime: 25.604
    annual_cost: 1.2947039525074207
    efficiency: 0.606076
    discharge_ratio: 0.1
    depth_of_discharge: 0.4
  Li-ion:
    cost: 266.688
    lifetime: 16.3213
    annual_cost: 16.339874887417054
    efficiency: 0.917575
    discharge_ratio: 2
    depth_of_discharge: 0.9
  Pb-acid:
    cost: 163.981
    lifetime: 12.6813
    annual_cost: 12.930929794263994
    efficiency: 0.785433
    discharge_ratio: 5
    depth_of_discharge: 0.5
  VRBF:
    cost: 302.182
    lifetime: 20.2039
    annual_cost: 14.956617286761468
    efficiency: 0.800888
    discharge_ratio: 0.5
    depth_of_discharge: 1.0
