cost_values:
  wind_capex: 5000.0
  wind_opex: 100
  wind_lifetime: 20
  solar_capex: 1000.0
  solar_opex: 10
  solar_lifetime: 20
  carbon_price: 1.0
timeseries_values:
  load_level: 232183.50414871398
  wind_year: 2015
  solar_year: 2015
  price_year: 2023
  carbon_year: 2023
storage_values:
  CAES:
    cost: 43.4407
    lifetime: 26.4658
    annual_cost: 1.6413900203281215
    efficiency: 0.597451
    discharge_ratio: 0.1
    depth_of_discharge: 0.4
  Li-ion:
    cost: 297.129
    lifetime: 15.3298
    annual_cost: 19.38244465028898
    efficiency: 0.89686
    discharge_ratio: 2
    depth_of_discharge: 0.9
  Pb-acid:
    cost: 164.708
    lifetime: 10.9716
    annual_cost: 15.01221335083306
    efficiency: 0.786401
    discharge_ratio: 5
    depth_of_discharge: 0.5
  VRBF:
    cost: 288.579
    lifetime: 20.9142
    annual_cost: 13.79823277964254
    efficiency: 0.780887
    discharge_ratio: 0.5
    depth_of_discharge: 1.0
