cost_values:
  wind_capex: 5000.0
  wind_opex: 100
  wind_lifetime: 20
  solar_capex: 1000.0
  solar_opex: 10
  solar_lifetime: 20
  carbon_price: 1.0
timeseries_values:
  load_level: 232183.50414871398
  wind_year: 2015
  solar_year: 2015
  price_year: 2023
  carbon_year: 2023
storage_values:
  CAES:
    cost: 35.3
    lifetime: 25.4852
    annual_cost: 1.3851176369029867
    efficiency: 0.60801
    discharge_ratio: 0.1
    depth_of_discharge: 0.4
  Li-ion:
    cost: 269.711
    lifetime: 15.0223
    annual_cost: 17.95404165806834
    efficiency: 0.893143
    discharge_ratio: 2
    depth_of_discharge: 0.9
  Pb-acid:
    cost: 176.608
    lifetime: 11.6476
    annual_cost: 15.162608606064769
    efficiency: 0.772621
    discharge_ratio: 5
    depth_of_discharge: 0.5
  VRBF:
    cost: 292.681
    lifetime: 23.6286
    annual_cost: 12.386726255470066
    efficiency: 0.797173
    discharge_ratio: 0.5
    depth_of_discharge: 1.0
