cost_values:
  wind_capex: 5000.0
  wind_opex: 100
  wind_lifetime: 20
  solar_capex: 1000.0
  solar_opex: 10
  solar_lifetime: 20
  carbon_price: 1.0
timeseries_values:
  load_level: 232183.50414871398
  wind_year: 2015
  solar_year: 2015
  price_year: 2023
  carbon_year: 2023
storage_values:
  CAES:
    cost: 42.4625
    lifetime: 25.7365
    annual_cost: 1.6498941192469838
    efficiency: 0.59586
    discharge_ratio: 0.1
    depth_of_discharge: 0.4
  Li-ion:
    cost: 269.583
    lifetime: 15.428
    annual_cost: 17.473619393310866
    efficiency: 0.892978
    discharge_ratio: 2
    depth_of_discharge: 0.9
  Pb-acid:
    cost: 190.575
    lifetime: 11.3943
    annual_cost: 16.72546799715647
    efficiency: 0.779647
    discharge_ratio: 5
    depth_of_discharge: 0.5
  VRBF:
    cost: 297.351
    lifetime: 23.007
    annual_cost: 12.924370843656277
    efficiency: 0.792899
    discharge_ratio: 0.5
    depth_of_discharge: 1.0
