cost_values:
  wind_capex: 5000.0
  wind_opex: 100
  wind_lifetime: 20
  solar_capex: 1000.0
  solar_opex: 10
  solar_lifetime: 20
  carbon_price: 1.0
timeseries_values:
  load_level: 232183.50414871398
  wind_year: 2015
  solar_year: 2015
  price_year: 2023
  carbon_year: 2023
storage_values:
  CAES:
    cost: 43.4357
    lifetime: 27.2413
    annual_cost: 1.5944797054472437
    efficiency: 0.597982
    discharge_ratio: 0.1
    depth_of_discharge: 0.4
  Li-ion:
    cost: 268.527
    lifetime: 16.5605
    annual_cost: 16.21490897013979
    efficiency: 0.903733
    discharge_ratio: 2
    depth_of_discharge: 0.9
  Pb-acid:
    cost: 181.902
    lifetime: 10.5722
    annual_cost: 17.20569039556573
    efficiency: 0.766856
    discharge_ratio: 5
    depth_of_discharge: 0.5
  VRBF:
    cost: 308.636
    lifetime: 21.6509
    annual_cost: 14.255111796738243
    efficiency: 0.791649
    discharge_ratio: 0.5
    depth_of_discharge: 1.0
