cost_values:
  wind_capex: 5000.0
  wind_opex: 100
  wind_lifetime: 20
  solar_capex: 1000.0
  solar_opex: 10
  solar_lifetime: 20
  carbon_price: 1.0
timeseries_values:
  load_level: 232183.50414871398
  wind_year: 2015
  solar_year: 2015
  price_year: 2023
  carbon_year: 2023
storage_values:
  CAES:
    cost: 43.6915
    lifetime: 26.6213
    annual_cost: 1.641223381277398
    efficiency: 0.598565
    discharge_ratio: 0.1
    depth_of_discharge: 0.4
  Li-ion:
    cost: 289.496
    lifetime: 15.2769
    annual_cost: 18.949917849825553
    efficiency: 0.922315
    discharge_ratio: 2
    depth_of_discharge: 0.9
  Pb-acid:
    cost: 170.288
    lifetime: 13.2224
    annual_cost: 12.878751210067763
    efficiency: 0.784424
    discharge_ratio: 5
    depth_of_discharge: 0.5
  VRBF:
    cost: 294.924
    lifetime: 21.1566
    annual_cost: 13.940047077507726
    efficiency: 0.79233
    discharge_ratio: 0.5
    depth_of_discharge: 1.0
