cost_values:
  wind_capex: 5000.0
  wind_opex: 100
  wind_lifetime: 20
  solar_capex: 1000.0
  solar_opex: 10
  solar_lifetime: 20
  carbon_price: 1.0
timeseries_values:
  load_level: 232183.50414871398
  wind_year: 2015
  solar_year: 2015
  price_year: 2023
  carbon_year: 2023
storage_values:
  CAES:
    cost: 33.1202
    lifetime: 26.1948
    annual_cost: 1.2643807167834835
    efficiency: 0.591144
    discharge_ratio: 0.1
    depth_of_discharge: 0.4
  Li-ion:
    cost: 263.382
    lifetime: 15.1115
    annual_cost: 17.429242629785264
    efficiency: 0.911094
    discharge_ratio: 2
    depth_of_discharge: 0.9
  Pb-acid:
    cost: 185.42
    lifetime: 12.8354
    annual_cost: 14.445985321844274
    efficiency: 0.782287
    discharge_ratio: 5
    depth_of_discharge: 0.5
  VRBF:
    cost: 282.341
    lifetime: 21.0539
    annual_cost: 13.410389524031178
    efficiency: 0.782916
    discharge_ratio: 0.5
    depth_of_discharge: 1.0
