cost_values:
  wind_capex: 5000.0
  wind_opex: 100
  wind_lifetime: 20
  solar_capex: 1000.0
  solar_opex: 10
  solar_lifetime: 20
  carbon_price: 1.0
timeseries_values:
  load_level: 232183.50414871398
  wind_year: 2015
  solar_year: 2015
  price_year: 2023
  carbon_year: 2023
storage_values:
  CAES:
    cost: 39.7474
    lifetime: 26.0955
    annual_cost: 1.5231515012166847
    efficiency: 0.605494
    discharge_ratio: 0.1
    depth_of_discharge: 0.4
  Li-ion:
    cost: 291.975
    lifetime: 15.1414
    annual_cost: 19.283223479995247
    efficiency: 0.90823
    discharge_ratio: 2
    depth_of_discharge: 0.9
  Pb-acid:
    cost: 194.355
    lifetime: 10.7914
    annual_cost: 18.010174768797377
    efficiency: 0.764839
    discharge_ratio: 5
    depth_of_discharge: 0.5
  VRBF:
    cost: 272.329
    lifetime: 22.0028
    annual_cost: 12.377015652553311
    efficiency: 0.773777
    discharge_ratio: 0.5
    depth_of_discharge: 1.0
