cost_values:
  wind_capex: 5000.0
  wind_opex: 100
  wind_lifetime: 20
  solar_capex: 1000.0
  solar_opex: 10
  solar_lifetime: 20
  carbon_price: 1.0
timeseries_values:
  load_level: 232183.50414871398
  wind_year: 2015
  solar_year: 2015
  price_year: 2023
  carbon_year: 2023
storage_values:
  CAES:
    cost: 40.2049
    lifetime: 24.7885
    annual_cost: 1.6219174213849166
    efficiency: 0.592086
    discharge_ratio: 0.1
    depth_of_discharge: 0.4
  Li-ion:
    cost: 266.257
    lifetime: 16.0265
    annual_cost: 16.613546313917574
    efficiency: 0.906298
    discharge_ratio: 2
    depth_of_discharge: 0.9
  Pb-acid:
    cost: 172.168
    lifetime: 11.4788
    annual_cost: 14.99878036031641
    efficiency: 0.778073
    discharge_ratio: 5
    depth_of_discharge: 0.5
  VRBF:
    cost: 288.264
    lifetime: 21.2797
    annual_cost: 13.546431575633116
    efficiency: 0.796423
    discharge_ratio: 0.5
    depth_of_discharge: 1.0
