cost_values:
  wind_capex: 5000.0
  wind_opex: 100
  wind_lifetime: 20
  solar_capex: 1000.0
  solar_opex: 10
  solar_lifetime: 20
  carbon_price: 1.0
timeseries_values:
  load_level: 232183.50414871398
  wind_year: 2015
  solar_year: 2015
  price_year: 2023
  carbon_year: 2023
storage_values:
  CAES:
    cost: 36.5717
    lifetime: 26.1365
    annual_cost: 1.39925774300308
    efficiency: 0.596593
    discharge_ratio: 0.1
    depth_of_discharge: 0.4
  Li-ion:
    cost: 265.764
    lifetime: 17.3095
    annual_cost: 15.353649729917098
    efficiency: 0.908701
    discharge_ratio: 2
    depth_of_discharge: 0.9
  Pb-acid:
    cost: 173.423
    lifetime: 12.9052
    annual_cost: 13.438226451352943
    efficiency: 0.777349
    discharge_ratio: 5
    depth_of_discharge: 0.5
  VRBF:
    cost: 299.632
    lifetime: 22.2839
    annual_cost: 13.446120293126429
    efficiency: 0.796674
    discharge_ratio: 0.5
    depth_of_discharge: 1.0
