cost_values:
  wind_capex: 5000.0
  wind_opex: 100
  wind_lifetime: 20
  solar_capex: 1000.0
  solar_opex: 10
  solar_lifetime: 20
  carbon_price: 1.0
timeseries_values:
  load_level: 232183.50414871398
  wind_year: 2015
  solar_year: 2015
  price_year: 2023
  carbon_year: 2023
storage_values:
  CAES:
    cost: 45.7596
    lifetime: 25.8525
    annual_cost: 1.7700261096605745
    efficiency: 0.60636
    discharge_ratio: 0.1
    depth_of_discharge: 0.4
  Li-ion:
    cost: 285.122
    lifetime: 20.0816
    annual_cost: 14.198171460441399
    efficiency: 0.900918
    discharge_ratio: 2
    depth_of_discharge: 0.9
  Pb-acid:
    cost: 179.574
    lifetime: 12.7047
    annual_cost: 14.134454178374932
    efficiency: 0.788008
    discharge_ratio: 5
    depth_of_discharge: 0.5
  VRBF:
    cost: 314.211
    lifetime: 18.8881
    annual_cost: 16.635394772369903
    efficiency: 0.772329
    discharge_ratio: 0.5
    depth_of_discharge: 1.0
