cost_values:
  wind_capex: 5000.0
  wind_opex: 100
  wind_lifetime: 20
  solar_capex: 1000.0
  solar_opex: 10
  solar_lifetime: 20
  carbon_price: 1.0
timeseries_values:
  load_level: 242134.68881215857
  wind_year: 2013
  solar_year: 2010
  price_year: 2023
  carbon_year: 2023
storage_values:
  CAES:
    cost: 64.1496
    lifetime: 27.7285
    annual_cost: 2.313489730782408
    efficiency: 0.623656
    discharge_ratio: 0.1
    depth_of_discharge: 0.4
  Li-ion:
    cost: 189.108
    lifetime: 13.9764
    annual_cost: 13.530522881428695
    efficiency: 0.926426
    discharge_ratio: 2
    depth_of_discharge: 0.9
  Pb-acid:
    cost: 161.776
    lifetime: 12.3523
    annual_cost: 13.096832168907817
    efficiency: 0.74494
    discharge_ratio: 5
    depth_of_discharge: 0.5
  VRBF:
    cost: 212.91
    lifetime: 22.3151
    annual_cost: 9.54107308504107
    efficiency: 0.658106
    discharge_ratio: 0.5
    depth_of_discharge: 1.0
