cost_values:
  wind_capex: 5000.0
  wind_opex: 100
  wind_lifetime: 20
  solar_capex: 1000.0
  solar_opex: 10
  solar_lifetime: 20
  carbon_price: 1.0
timeseries_values:
  load_level: 242134.68881215857
  wind_year: 2013
  solar_year: 2010
  price_year: 2023
  carbon_year: 2023
storage_values:
  CAES:
    cost: 70.0949
    lifetime: 28.3673
    annual_cost: 2.4709753836283324
    efficiency: 0.627159
    discharge_ratio: 0.1
    depth_of_discharge: 0.4
  Li-ion:
    cost: 178.045
    lifetime: 13.856
    annual_cost: 12.849668013856812
    efficiency: 0.91906
    discharge_ratio: 2
    depth_of_discharge: 0.9
  Pb-acid:
    cost: 160.3
    lifetime: 11.4583
    annual_cost: 13.98985887958947
    efficiency: 0.770415
    discharge_ratio: 5
    depth_of_discharge: 0.5
  VRBF:
    cost: 179.647
    lifetime: 20.8131
    annual_cost: 8.631438853414437
    efficiency: 0.653792
    discharge_ratio: 0.5
    depth_of_discharge: 1.0
