cost_values:
  wind_capex: 5000.0
  wind_opex: 100
  wind_lifetime: 20
  solar_capex: 1000.0
  solar_opex: 10
  solar_lifetime: 20
  carbon_price: 1.0
timeseries_values:
  load_level: 242134.68881215857
  wind_year: 2013
  solar_year: 2010
  price_year: 2023
  carbon_year: 2023
storage_values:
  CAES:
    cost: 64.2316
    lifetime: 28.7995
    annual_cost: 2.2303026094203027
    efficiency: 0.614921
    discharge_ratio: 0.1
    depth_of_discharge: 0.4
  Li-ion:
    cost: 185.942
    lifetime: 13.6949
    annual_cost: 13.577463143213897
    efficiency: 0.927707
    discharge_ratio: 2
    depth_of_discharge: 0.9
  Pb-acid:
    cost: 174.583
    lifetime: 11.2992
    annual_cost: 15.450916879071084
    efficiency: 0.743446
    discharge_ratio: 5
    depth_of_discharge: 0.5
  VRBF:
    cost: 182.601
    lifetime: 22.3275
    annual_cost: 8.17830030231777
    efficiency: 0.659538
    discharge_ratio: 0.5
    depth_of_discharge: 1.0
