cost_values:
  wind_capex: 5000.0
  wind_opex: 100
  wind_lifetime: 20
  solar_capex: 1000.0
  solar_opex: 10
  solar_lifetime: 20
  carbon_price: 1.0
timeseries_values:
  load_level: 242134.68881215857
  wind_year: 2013
  solar_year: 2010
  price_year: 2023
  carbon_year: 2023
storage_values:
  CAES:
    cost: 69.471
    lifetime: 28.9649
    annual_cost: 2.39845468135571
    efficiency: 0.615507
    discharge_ratio: 0.1
    depth_of_discharge: 0.4
  Li-ion:
    cost: 192.971
    lifetime: 11.4416
    annual_cost: 16.865735561459935
    efficiency: 0.938295
    discharge_ratio: 2
    depth_of_discharge: 0.9
  Pb-acid:
    cost: 143.929
    lifetime: 11.7702
    annual_cost: 12.228254405192775
    efficiency: 0.751192
    discharge_ratio: 5
    depth_of_discharge: 0.5
  VRBF:
    cost: 188.028
    lifetime: 21.3146
    annual_cost: 8.821558931436668
    efficiency: 0.653822
    discharge_ratio: 0.5
    depth_of_discharge: 1.0
