cost_values:
  wind_capex: 5000.0
  wind_opex: 100
  wind_lifetime: 20
  solar_capex: 1000.0
  solar_opex: 10
  solar_lifetime: 20
  carbon_price: 1.0
timeseries_values:
  load_level: 242134.68881215857
  wind_year: 2013
  solar_year: 2010
  price_year: 2023
  carbon_year: 2023
storage_values:
  CAES:
    cost: 66.1146
    lifetime: 27.9909
    annual_cost: 2.3620033653794623
    efficiency: 0.612433
    discharge_ratio: 0.1
    depth_of_discharge: 0.4
  Li-ion:
    cost: 161.646
    lifetime: 12.9974
    annual_cost: 12.436795051317954
    efficiency: 0.916462
    discharge_ratio: 2
    depth_of_discharge: 0.9
  Pb-acid:
    cost: 179.135
    lifetime: 12.311
    annual_cost: 14.550808220290795
    efficiency: 0.749141
    discharge_ratio: 5
    depth_of_discharge: 0.5
  VRBF:
    cost: 187.334
    lifetime: 23.4551
    annual_cost: 7.9869196891081256
    efficiency: 0.6589
    discharge_ratio: 0.5
    depth_of_discharge: 1.0
