cost_values:
  wind_capex: 5000.0
  wind_opex: 100
  wind_lifetime: 20
  solar_capex: 1000.0
  solar_opex: 10
  solar_lifetime: 20
  carbon_price: 1.0
timeseries_values:
  load_level: 242134.68881215857
  wind_year: 2013
  solar_year: 2010
  price_year: 2023
  carbon_year: 2023
storage_values:
  CAES:
    cost: 76.5628
    lifetime: 28.9895
    annual_cost: 2.6410527949774916
    efficiency: 0.619578
    discharge_ratio: 0.1
    depth_of_discharge: 0.4
  Li-ion:
    cost: 171.267
    lifetime: 15.6483
    annual_cost: 10.944767163206226
    efficiency: 0.913997
    discharge_ratio: 2
    depth_of_discharge: 0.9
  Pb-acid:
    cost: 165.516
    lifetime: 14.6537
    annual_cost: 11.295167773326872
    efficiency: 0.761737
    discharge_ratio: 5
    depth_of_discharge: 0.5
  VRBF:
    cost: 199.825
    lifetime: 23.6026
    annual_cost: 8.466228296882546
    efficiency: 0.65119
    discharge_ratio: 0.5
    depth_of_discharge: 1.0
