cost_values:
  wind_capex: 5000.0
  wind_opex: 100
  wind_lifetime: 20
  solar_capex: 1000.0
  solar_opex: 10
  solar_lifetime: 20
  carbon_price: 1.0
timeseries_values:
  load_level: 242134.68881215857
  wind_year: 2013
  solar_year: 2010
  price_year: 2023
  carbon_year: 2023
storage_values:
  CAES:
    cost: 65.9284
    lifetime: 28.9776
    annual_cost: 2.275150461045773
    efficiency: 0.606061
    discharge_ratio: 0.1
    depth_of_discharge: 0.4
  Li-ion:
    cost: 178.901
    lifetime: 14.2964
    annual_cost: 12.513709745110658
    efficiency: 0.919744
    discharge_ratio: 2
    depth_of_discharge: 0.9
  Pb-acid:
    cost: 157.344
    lifetime: 13.0148
    annual_cost: 12.089621046808249
    efficiency: 0.766071
    discharge_ratio: 5
    depth_of_discharge: 0.5
  VRBF:
    cost: 171.144
    lifetime: 24.0419
    annual_cost: 7.1185721594383145
    efficiency: 0.664521
    discharge_ratio: 0.5
    depth_of_discharge: 1.0
