cost_values:
  wind_capex: 5000.0
  wind_opex: 100
  wind_lifetime: 20
  solar_capex: 1000.0
  solar_opex: 10
  solar_lifetime: 20
  carbon_price: 1.0
timeseries_values:
  load_level: 242134.68881215857
  wind_year: 2013
  solar_year: 2010
  price_year: 2023
  carbon_year: 2023
storage_values:
  CAES:
    cost: 70.033
    lifetime: 28.9037
    annual_cost: 2.422976989105201
    efficiency: 0.614731
    discharge_ratio: 0.1
    depth_of_discharge: 0.4
  Li-ion:
    cost: 159.23
    lifetime: 12.669
    annual_cost: 12.568474228431603
    efficiency: 0.927337
    discharge_ratio: 2
    depth_of_discharge: 0.9
  Pb-acid:
    cost: 147.558
    lifetime: 13.8521
    annual_cost: 10.652392056078138
    efficiency: 0.732837
    discharge_ratio: 5
    depth_of_discharge: 0.5
  VRBF:
    cost: 192.305
    lifetime: 22.7305
    annual_cost: 8.46021864895185
    efficiency: 0.680686
    discharge_ratio: 0.5
    depth_of_discharge: 1.0
