cost_values:
  wind_capex: 5000.0
  wind_opex: 100
  wind_lifetime: 20
  solar_capex: 1000.0
  solar_opex: 10
  solar_lifetime: 20
  carbon_price: 1.0
timeseries_values:
  load_level: 242134.68881215857
  wind_year: 2013
  solar_year: 2010
  price_year: 2023
  carbon_year: 2023
storage_values:
  CAES:
    cost: 59.3449
    lifetime: 28.3203
    annual_cost: 2.095489807664467
    efficiency: 0.609785
    discharge_ratio: 0.1
    depth_of_discharge: 0.4
  Li-ion:
    cost: 193.167
    lifetime: 13.9375
    annual_cost: 13.859515695067264
    efficiency: 0.912164
    discharge_ratio: 2
    depth_of_discharge: 0.9
  Pb-acid:
    cost: 161.005
    lifetime: 11.2429
    annual_cost: 14.320593441193997
    efficiency: 0.761452
    discharge_ratio: 5
    depth_of_discharge: 0.5
  VRBF:
    cost: 190.007
    lifetime: 20.1549
    annual_cost: 9.427335288192944
    efficiency: 0.658676
    discharge_ratio: 0.5
    depth_of_discharge: 1.0
