cost_values:
  wind_capex: 5000.0
  wind_opex: 100
  wind_lifetime: 20
  solar_capex: 1000.0
  solar_opex: 10
  solar_lifetime: 20
  carbon_price: 1.0
timeseries_values:
  load_level: 242134.68881215857
  wind_year: 2013
  solar_year: 2010
  price_year: 2023
  carbon_year: 2023
storage_values:
  CAES:
    cost: 64.7637
    lifetime: 27.6968
    annual_cost: 2.3383098408480403
    efficiency: 0.615454
    discharge_ratio: 0.1
    depth_of_discharge: 0.4
  Li-ion:
    cost: 164.446
    lifetime: 13.4611
    annual_cost: 12.216386476588095
    efficiency: 0.913705
    discharge_ratio: 2
    depth_of_discharge: 0.9
  Pb-acid:
    cost: 126.629
    lifetime: 11.643
    annual_cost: 10.875976981877523
    efficiency: 0.740612
    discharge_ratio: 5
    depth_of_discharge: 0.5
  VRBF:
    cost: 199.882
    lifetime: 21.6749
    annual_cost: 9.221818785784478
    efficiency: 0.669432
    discharge_ratio: 0.5
    depth_of_discharge: 1.0
