cost_values:
  wind_capex: 5000.0
  wind_opex: 100
  wind_lifetime: 20
  solar_capex: 1000.0
  solar_opex: 10
  solar_lifetime: 20
  carbon_price: 1.0
timeseries_values:
  load_level: 242134.68881215857
  wind_year: 2013
  solar_year: 2010
  price_year: 2023
  carbon_year: 2023
storage_values:
  CAES:
    cost: 69.8912
    lifetime: 29.4028
    annual_cost: 2.377025317316718
    efficiency: 0.607562
    discharge_ratio: 0.1
    depth_of_discharge: 0.4
  Li-ion:
    cost: 168.65
    lifetime: 12.0572
    annual_cost: 13.98749295027038
    efficiency: 0.941773
    discharge_ratio: 2
    depth_of_discharge: 0.9
  Pb-acid:
    cost: 173.219
    lifetime: 13.69
    annual_cost: 12.652958363769175
    efficiency: 0.754681
    discharge_ratio: 5
    depth_of_discharge: 0.5
  VRBF:
    cost: 200.878
    lifetime: 19.5295
    annual_cost: 10.285875214419212
    efficiency: 0.65946
    discharge_ratio: 0.5
    depth_of_discharge: 1.0
