cost_values:
  wind_capex: 5000.0
  wind_opex: 100
  wind_lifetime: 20
  solar_capex: 1000.0
  solar_opex: 10
  solar_lifetime: 20
  carbon_price: 1.0
timeseries_values:
  load_level: 242134.68881215857
  wind_year: 2013
  solar_year: 2010
  price_year: 2023
  carbon_year: 2023
storage_values:
  CAES:
    cost: 69.237
    lifetime: 29.3388
    annual_cost: 2.3599124708577035
    efficiency: 0.619637
    discharge_ratio: 0.1
    depth_of_discharge: 0.4
  Li-ion:
    cost: 165.607
    lifetime: 12.2682
    annual_cost: 13.498883291762443
    efficiency: 0.926055
    discharge_ratio: 2
    depth_of_discharge: 0.9
  Pb-acid:
    cost: 193.215
    lifetime: 12.6207
    annual_cost: 15.309372697235496
    efficiency: 0.743521
    discharge_ratio: 5
    depth_of_discharge: 0.5
  VRBF:
    cost: 184.829
    lifetime: 19.0101
    annual_cost: 9.722673736592654
    efficiency: 0.679674
    discharge_ratio: 0.5
    depth_of_discharge: 1.0
