cost_values:
  wind_capex: 5000.0
  wind_opex: 100
  wind_lifetime: 20
  solar_capex: 1000.0
  solar_opex: 10
  solar_lifetime: 20
  carbon_price: 1.0
timeseries_values:
  load_level: 242134.68881215857
  wind_year: 2013
  solar_year: 2010
  price_year: 2023
  carbon_year: 2023
storage_values:
  CAES:
    cost: 67.2133
    lifetime: 27.3602
    annual_cost: 2.456608504323799
    efficiency: 0.622831
    discharge_ratio: 0.1
    depth_of_discharge: 0.4
  Li-ion:
    cost: 161.96
    lifetime: 11.8537
    annual_cost: 13.663244387828273
    efficiency: 0.932947
    discharge_ratio: 2
    depth_of_discharge: 0.9
  Pb-acid:
    cost: 171.155
    lifetime: 12.8047
    annual_cost: 13.3665763352519
    efficiency: 0.762003
    discharge_ratio: 5
    depth_of_discharge: 0.5
  VRBF:
    cost: 173.605
    lifetime: 20.8716
    annual_cost: 8.317761934878016
    efficiency: 0.651665
    discharge_ratio: 0.5
    depth_of_discharge: 1.0
