cost_values:
  wind_capex: 5000.0
  wind_opex: 100
  wind_lifetime: 20
  solar_capex: 1000.0
  solar_opex: 10
  solar_lifetime: 20
  carbon_price: 1.0
timeseries_values:
  load_level: 242134.68881215857
  wind_year: 2013
  solar_year: 2010
  price_year: 2023
  carbon_year: 2023
storage_values:
  CAES:
    cost: 66.3671
    lifetime: 29.0686
    annual_cost: 2.2831199300963925
    efficiency: 0.620596
    discharge_ratio: 0.1
    depth_of_discharge: 0.4
  Li-ion:
    cost: 169.182
    lifetime: 12.642
    annual_cost: 13.382534409112482
    efficiency: 0.929544
    discharge_ratio: 2
    depth_of_discharge: 0.9
  Pb-acid:
    cost: 152.184
    lifetime: 11.5412
    annual_cost: 13.186150486951098
    efficiency: 0.752244
    discharge_ratio: 5
    depth_of_discharge: 0.5
  VRBF:
    cost: 211.565
    lifetime: 20.9861
    annual_cost: 10.08119660156008
    efficiency: 0.685383
    discharge_ratio: 0.5
    depth_of_discharge: 1.0
