cost_values:
  wind_capex: 5000.0
  wind_opex: 100
  wind_lifetime: 20
  solar_capex: 1000.0
  solar_opex: 10
  solar_lifetime: 20
  carbon_price: 1.0
timeseries_values:
  load_level: 242134.68881215857
  wind_year: 2013
  solar_year: 2010
  price_year: 2023
  carbon_year: 2023
storage_values:
  CAES:
    cost: 66.8182
    lifetime: 29.1652
    annual_cost: 2.2910249201102686
    efficiency: 0.618524
    discharge_ratio: 0.1
    depth_of_discharge: 0.4
  Li-ion:
    cost: 155.754
    lifetime: 13.5398
    annual_cost: 11.503419548294657
    efficiency: 0.922215
    discharge_ratio: 2
    depth_of_discharge: 0.9
  Pb-acid:
    cost: 159.609
    lifetime: 11.141
    annual_cost: 14.32627232743919
    efficiency: 0.756418
    discharge_ratio: 5
    depth_of_discharge: 0.5
  VRBF:
    cost: 222.149
    lifetime: 24.3122
    annual_cost: 9.137346681912785
    efficiency: 0.666604
    discharge_ratio: 0.5
    depth_of_discharge: 1.0
