cost_values:
  wind_capex: 5000.0
  wind_opex: 100
  wind_lifetime: 20
  solar_capex: 1000.0
  solar_opex: 10
  solar_lifetime: 20
  carbon_price: 1.0
timeseries_values:
  load_level: 242134.68881215857
  wind_year: 2013
  solar_year: 2010
  price_year: 2023
  carbon_year: 2023
storage_values:
  CAES:
    cost: 66.173
    lifetime: 28.3108
    annual_cost: 2.337376548878873
    efficiency: 0.608611
    discharge_ratio: 0.1
    depth_of_discharge: 0.4
  Li-ion:
    cost: 160.695
    lifetime: 11.1702
    annual_cost: 14.386045012622871
    efficiency: 0.93029
    discharge_ratio: 2
    depth_of_discharge: 0.9
  Pb-acid:
    cost: 170.115
    lifetime: 11.7737
    annual_cost: 14.448728946720234
    efficiency: 0.7536
    discharge_ratio: 5
    depth_of_discharge: 0.5
  VRBF:
    cost: 193.653
    lifetime: 22.8597
    annual_cost: 8.471371015367655
    efficiency: 0.658651
    discharge_ratio: 0.5
    depth_of_discharge: 1.0
