cost_values:
  wind_capex: 5000.0
  wind_opex: 100
  wind_lifetime: 20
  solar_capex: 1000.0
  solar_opex: 10
  solar_lifetime: 20
  carbon_price: 1.0
timeseries_values:
  load_level: 242134.68881215857
  wind_year: 2013
  solar_year: 2010
  price_year: 2023
  carbon_year: 2023
storage_values:
  CAES:
    cost: 64.3178
    lifetime: 29.8498
    annual_cost: 2.1547146044529613
    efficiency: 0.621546
    discharge_ratio: 0.1
    depth_of_discharge: 0.4
  Li-ion:
    cost: 192.36
    lifetime: 12.1495
    annual_cost: 15.832750318943168
    efficiency: 0.938079
    discharge_ratio: 2
    depth_of_discharge: 0.9
  Pb-acid:
    cost: 188.753
    lifetime: 12.1546
    annual_cost: 15.52934691392559
    efficiency: 0.751481
    discharge_ratio: 5
    depth_of_discharge: 0.5
  VRBF:
    cost: 175.278
    lifetime: 21.2639
    annual_cost: 8.242984588904198
    efficiency: 0.67364
    discharge_ratio: 0.5
    depth_of_discharge: 1.0
