cost_values:
  wind_capex: 5000.0
  wind_opex: 100
  wind_lifetime: 20
  solar_capex: 1000.0
  solar_opex: 10
  solar_lifetime: 20
  carbon_price: 1.0
timeseries_values:
  load_level: 242134.68881215857
  wind_year: 2013
  solar_year: 2010
  price_year: 2023
  carbon_year: 2023
storage_values:
  CAES:
    cost: 68.7312
    lifetime: 28.4604
    annual_cost: 2.4149765990639627
    efficiency: 0.61919
    discharge_ratio: 0.1
    depth_of_discharge: 0.4
  Li-ion:
    cost: 195.871
    lifetime: 15.2371
    annual_cost: 12.854873958955444
    efficiency: 0.916433
    discharge_ratio: 2
    depth_of_discharge: 0.9
  Pb-acid:
    cost: 149.829
    lifetime: 11.0958
    annual_cost: 13.503217433623533
    efficiency: 0.756419
    discharge_ratio: 5
    depth_of_discharge: 0.5
  VRBF:
    cost: 224.274
    lifetime: 22.7109
    annual_cost: 9.875170072520245
    efficiency: 0.658675
    discharge_ratio: 0.5
    depth_of_discharge: 1.0
