cost_values:
  wind_capex: 5000.0
  wind_opex: 100
  wind_lifetime: 20
  solar_capex: 1000.0
  solar_opex: 10
  solar_lifetime: 20
  carbon_price: 1.0
timeseries_values:
  load_level: 242134.68881215857
  wind_year: 2013
  solar_year: 2010
  price_year: 2023
  carbon_year: 2023
storage_values:
  CAES:
    cost: 77.7533
    lifetime: 27.43
    annual_cost: 2.8346080933284723
    efficiency: 0.611269
    discharge_ratio: 0.1
    depth_of_discharge: 0.4
  Li-ion:
    cost: 179.59
    lifetime: 14.1919
    annual_cost: 12.65440145435072
    efficiency: 0.922766
    discharge_ratio: 2
    depth_of_discharge: 0.9
  Pb-acid:
    cost: 152.253
    lifetime: 12.5883
    annual_cost: 12.09480231643669
    efficiency: 0.758591
    discharge_ratio: 5
    depth_of_discharge: 0.5
  VRBF:
    cost: 179.969
    lifetime: 22.4907
    annual_cost: 8.00192968649264
    efficiency: 0.665033
    discharge_ratio: 0.5
    depth_of_discharge: 1.0
