cost_values:
  wind_capex: 5000.0
  wind_opex: 100
  wind_lifetime: 20
  solar_capex: 1000.0
  solar_opex: 10
  solar_lifetime: 20
  carbon_price: 1.0
timeseries_values:
  load_level: 242134.68881215857
  wind_year: 2013
  solar_year: 2010
  price_year: 2023
  carbon_year: 2023
storage_values:
  CAES:
    cost: 65.9333
    lifetime: 28.066
    annual_cost: 2.349223259459845
    efficiency: 0.59935
    discharge_ratio: 0.1
    depth_of_discharge: 0.4
  Li-ion:
    cost: 187.036
    lifetime: 12.6027
    annual_cost: 14.840946781245288
    efficiency: 0.92838
    discharge_ratio: 2
    depth_of_discharge: 0.9
  Pb-acid:
    cost: 156.591
    lifetime: 10.0245
    annual_cost: 15.620828969025888
    efficiency: 0.745443
    discharge_ratio: 5
    depth_of_discharge: 0.5
  VRBF:
    cost: 182.51
    lifetime: 22.0758
    annual_cost: 8.267424057112311
    efficiency: 0.663718
    discharge_ratio: 0.5
    depth_of_discharge: 1.0
