cost_values:
  wind_capex: 5000.0
  wind_opex: 100
  wind_lifetime: 20
  solar_capex: 1000.0
  solar_opex: 10
  solar_lifetime: 20
  carbon_price: 1.0
timeseries_values:
  load_level: 242134.68881215857
  wind_year: 2013
  solar_year: 2010
  price_year: 2023
  carbon_year: 2023
storage_values:
  CAES:
    cost: 72.2104
    lifetime: 28.8579
    annual_cost: 2.502274940310972
    efficiency: 0.606375
    discharge_ratio: 0.1
    depth_of_discharge: 0.4
  Li-ion:
    cost: 183.322
    lifetime: 11.1031
    annual_cost: 16.51088434761463
    efficiency: 0.9357
    discharge_ratio: 2
    depth_of_discharge: 0.9
  Pb-acid:
    cost: 165.078
    lifetime: 12.5243
    annual_cost: 13.180616880783756
    efficiency: 0.754947
    discharge_ratio: 5
    depth_of_discharge: 0.5
  VRBF:
    cost: 218.433
    lifetime: 21.0705
    annual_cost: 10.36676870506158
    efficiency: 0.665148
    discharge_ratio: 0.5
    depth_of_discharge: 1.0
