cost_values:
  wind_capex: 5000.0
  wind_opex: 100
  wind_lifetime: 20
  solar_capex: 1000.0
  solar_opex: 10
  solar_lifetime: 20
  carbon_price: 1.0
timeseries_values:
  load_level: 242134.68881215857
  wind_year: 2013
  solar_year: 2010
  price_year: 2023
  carbon_year: 2023
storage_values:
  CAES:
    cost: 73.6006
    lifetime: 29.0045
    annual_cost: 2.53755796514334
    efficiency: 0.612747
    discharge_ratio: 0.1
    depth_of_discharge: 0.4
  Li-ion:
    cost: 185.849
    lifetime: 11.901
    annual_cost: 15.616250735232333
    efficiency: 0.937905
    discharge_ratio: 2
    depth_of_discharge: 0.9
  Pb-acid:
    cost: 160.789
    lifetime: 11.2839
    annual_cost: 14.249417311390566
    efficiency: 0.751876
    discharge_ratio: 5
    depth_of_discharge: 0.5
  VRBF:
    cost: 196.168
    lifetime: 24.7032
    annual_cost: 7.940995498558892
    efficiency: 0.650332
    discharge_ratio: 0.5
    depth_of_discharge: 1.0
