cost_values:
  wind_capex: 5000.0
  wind_opex: 100
  wind_lifetime: 20
  solar_capex: 1000.0
  solar_opex: 10
  solar_lifetime: 20
  carbon_price: 1.0
timeseries_values:
  load_level: 242134.68881215857
  wind_year: 2013
  solar_year: 2010
  price_year: 2023
  carbon_year: 2023
storage_values:
  CAES:
    cost: 68.0312
    lifetime: 29.0119
    annual_cost: 2.3449412137777945
    efficiency: 0.611546
    discharge_ratio: 0.1
    depth_of_discharge: 0.4
  Li-ion:
    cost: 179.574
    lifetime: 15.3377
    annual_cost: 11.708013587434884
    efficiency: 0.925132
    discharge_ratio: 2
    depth_of_discharge: 0.9
  Pb-acid:
    cost: 198.232
    lifetime: 11.8378
    annual_cost: 16.74567909577793
    efficiency: 0.748284
    discharge_ratio: 5
    depth_of_discharge: 0.5
  VRBF:
    cost: 180.489
    lifetime: 20.789
    annual_cost: 8.681947183606715
    efficiency: 0.653037
    discharge_ratio: 0.5
    depth_of_discharge: 1.0
