cost_values:
  wind_capex: 5000.0
  wind_opex: 100
  wind_lifetime: 20
  solar_capex: 1000.0
  solar_opex: 10
  solar_lifetime: 20
  carbon_price: 1.0
timeseries_values:
  load_level: 242134.68881215857
  wind_year: 2013
  solar_year: 2010
  price_year: 2023
  carbon_year: 2023
storage_values:
  CAES:
    cost: 65.8023
    lifetime: 28.842
    annual_cost: 2.2814749323902643
    efficiency: 0.613309
    discharge_ratio: 0.1
    depth_of_discharge: 0.4
  Li-ion:
    cost: 180.452
    lifetime: 12.8401
    annual_cost: 14.053784627845578
    efficiency: 0.928753
    discharge_ratio: 2
    depth_of_discharge: 0.9
  Pb-acid:
    cost: 175.518
    lifetime: 10.8813
    annual_cost: 16.13024179096248
    efficiency: 0.745764
    discharge_ratio: 5
    depth_of_discharge: 0.5
  VRBF:
    cost: 194.423
    lifetime: 21.4112
    annual_cost: 9.080434538932895
    efficiency: 0.664165
    discharge_ratio: 0.5
    depth_of_discharge: 1.0
