cost_values:
  wind_capex: 5000.0
  wind_opex: 100
  wind_lifetime: 20
  solar_capex: 1000.0
  solar_opex: 10
  solar_lifetime: 20
  carbon_price: 1.0
timeseries_values:
  load_level: 242134.68881215857
  wind_year: 2013
  solar_year: 2010
  price_year: 2023
  carbon_year: 2023
storage_values:
  CAES:
    cost: 60.6932
    lifetime: 29.1717
    annual_cost: 2.080550670684259
    efficiency: 0.62017
    discharge_ratio: 0.1
    depth_of_discharge: 0.4
  Li-ion:
    cost: 153.687
    lifetime: 12.2782
    annual_cost: 12.517062761642586
    efficiency: 0.932115
    discharge_ratio: 2
    depth_of_discharge: 0.9
  Pb-acid:
    cost: 182.462
    lifetime: 11.2266
    annual_cost: 16.25264995635366
    efficiency: 0.752683
    discharge_ratio: 5
    depth_of_discharge: 0.5
  VRBF:
    cost: 248.587
    lifetime: 22.991
    annual_cost: 10.81236135879257
    efficiency: 0.650306
    discharge_ratio: 0.5
    depth_of_discharge: 1.0
