cost_values:
  wind_capex: 5000.0
  wind_opex: 100
  wind_lifetime: 20
  solar_capex: 1000.0
  solar_opex: 10
  solar_lifetime: 20
  carbon_price: 1.0
timeseries_values:
  load_level: 242134.68881215857
  wind_year: 2013
  solar_year: 2010
  price_year: 2023
  carbon_year: 2023
storage_values:
  CAES:
    cost: 68.1402
    lifetime: 27.8112
    annual_cost: 2.4500992405937176
    efficiency: 0.605713
    discharge_ratio: 0.1
    depth_of_discharge: 0.4
  Li-ion:
    cost: 182.823
    lifetime: 11.2945
    annual_cost: 16.186905130815884
    efficiency: 0.930149
    discharge_ratio: 2
    depth_of_discharge: 0.9
  Pb-acid:
    cost: 179.275
    lifetime: 11.5666
    annual_cost: 15.49936887244307
    efficiency: 0.769966
    discharge_ratio: 5
    depth_of_discharge: 0.5
  VRBF:
    cost: 195.976
    lifetime: 19.1608
    annual_cost: 10.227965429418397
    efficiency: 0.673257
    discharge_ratio: 0.5
    depth_of_discharge: 1.0
