cost_values:
  wind_capex: 5000.0
  wind_opex: 100
  wind_lifetime: 20
  solar_capex: 1000.0
  solar_opex: 10
  solar_lifetime: 20
  carbon_price: 1.0
timeseries_values:
  load_level: 242134.68881215857
  wind_year: 2013
  solar_year: 2010
  price_year: 2023
  carbon_year: 2023
storage_values:
  CAES:
    cost: 72.1706
    lifetime: 28.7863
    annual_cost: 2.5071162323744276
    efficiency: 0.615656
    discharge_ratio: 0.1
    depth_of_discharge: 0.4
  Li-ion:
    cost: 155.55
    lifetime: 12.0729
    annual_cost: 12.884228312998534
    efficiency: 0.923072
    discharge_ratio: 2
    depth_of_discharge: 0.9
  Pb-acid:
    cost: 165.378
    lifetime: 11.5297
    annual_cost: 14.343651612791312
    efficiency: 0.743133
    discharge_ratio: 5
    depth_of_discharge: 0.5
  VRBF:
    cost: 180.952
    lifetime: 24.0084
    annual_cost: 7.537028706619349
    efficiency: 0.655567
    discharge_ratio: 0.5
    depth_of_discharge: 1.0
