cost_values:
  wind_capex: 5000.0
  wind_opex: 100
  wind_lifetime: 20
  solar_capex: 1000.0
  solar_opex: 10
  solar_lifetime: 20
  carbon_price: 1.0
timeseries_values:
  load_level: 242134.68881215857
  wind_year: 2013
  solar_year: 2010
  price_year: 2023
  carbon_year: 2023
storage_values:
  CAES:
    cost: 73.1418
    lifetime: 29.6417
    annual_cost: 2.4675305397463707
    efficiency: 0.606044
    discharge_ratio: 0.1
    depth_of_discharge: 0.4
  Li-ion:
    cost: 161.9
    lifetime: 12.8795
    annual_cost: 12.570363756357002
    efficiency: 0.937183
    discharge_ratio: 2
    depth_of_discharge: 0.9
  Pb-acid:
    cost: 140.381
    lifetime: 12.3032
    annual_cost: 11.410120944144612
    efficiency: 0.749656
    discharge_ratio: 5
    depth_of_discharge: 0.5
  VRBF:
    cost: 201.408
    lifetime: 22.5102
    annual_cost: 8.947410507236718
    efficiency: 0.668935
    discharge_ratio: 0.5
    depth_of_discharge: 1.0
