cost_values:
  wind_capex: 5000.0
  wind_opex: 100
  wind_lifetime: 20
  solar_capex: 1000.0
  solar_opex: 10
  solar_lifetime: 20
  carbon_price: 1.0
timeseries_values:
  load_level: 242134.68881215857
  wind_year: 2013
  solar_year: 2010
  price_year: 2023
  carbon_year: 2023
storage_values:
  CAES:
    cost: 67.4226
    lifetime: 28.547
    annual_cost: 2.3618103478474097
    efficiency: 0.613704
    discharge_ratio: 0.1
    depth_of_discharge: 0.4
  Li-ion:
    cost: 181.414
    lifetime: 15.4723
    annual_cost: 11.725082890068055
    efficiency: 0.907324
    discharge_ratio: 2
    depth_of_discharge: 0.9
  Pb-acid:
    cost: 149.444
    lifetime: 13.6326
    annual_cost: 10.962252248287193
    efficiency: 0.756109
    discharge_ratio: 5
    depth_of_discharge: 0.5
  VRBF:
    cost: 193.11
    lifetime: 21.6025
    annual_cost: 8.939243143154728
    efficiency: 0.665388
    discharge_ratio: 0.5
    depth_of_discharge: 1.0
