cost_values:
  wind_capex: 5000.0
  wind_opex: 100
  wind_lifetime: 20
  solar_capex: 1000.0
  solar_opex: 10
  solar_lifetime: 20
  carbon_price: 1.0
timeseries_values:
  load_level: 242134.68881215857
  wind_year: 2013
  solar_year: 2010
  price_year: 2023
  carbon_year: 2023
storage_values:
  CAES:
    cost: 66.6917
    lifetime: 28.8175
    annual_cost: 2.31427778259738
    efficiency: 0.616673
    discharge_ratio: 0.1
    depth_of_discharge: 0.4
  Li-ion:
    cost: 180.782
    lifetime: 11.6699
    annual_cost: 15.491306695001672
    efficiency: 0.934661
    discharge_ratio: 2
    depth_of_discharge: 0.9
  Pb-acid:
    cost: 165.811
    lifetime: 10.2623
    annual_cost: 16.157294173820684
    efficiency: 0.758501
    discharge_ratio: 5
    depth_of_discharge: 0.5
  VRBF:
    cost: 173.237
    lifetime: 22.428
    annual_cost: 7.72413946852149
    efficiency: 0.650575
    discharge_ratio: 0.5
    depth_of_discharge: 1.0
