cost_values:
  wind_capex: 5000.0
  wind_opex: 100
  wind_lifetime: 20
  solar_capex: 1000.0
  solar_opex: 10
  solar_lifetime: 20
  carbon_price: 1.0
timeseries_values:
  load_level: 242134.68881215857
  wind_year: 2013
  solar_year: 2010
  price_year: 2023
  carbon_year: 2023
storage_values:
  CAES:
    cost: 68.499
    lifetime: 28.1523
    annual_cost: 2.4331582144265296
    efficiency: 0.627966
    discharge_ratio: 0.1
    depth_of_discharge: 0.4
  Li-ion:
    cost: 185.889
    lifetime: 12.145
    annual_cost: 15.305804857966242
    efficiency: 0.927804
    discharge_ratio: 2
    depth_of_discharge: 0.9
  Pb-acid:
    cost: 140.416
    lifetime: 11.0456
    annual_cost: 12.71239226479322
    efficiency: 0.772279
    discharge_ratio: 5
    depth_of_discharge: 0.5
  VRBF:
    cost: 203.733
    lifetime: 21.3677
    annual_cost: 9.534624690537587
    efficiency: 0.672075
    discharge_ratio: 0.5
    depth_of_discharge: 1.0
