cost_values:
  wind_capex: 5000.0
  wind_opex: 100
  wind_lifetime: 20
  solar_capex: 1000.0
  solar_opex: 10
  solar_lifetime: 20
  carbon_price: 1.0
timeseries_values:
  load_level: 242134.68881215857
  wind_year: 2013
  solar_year: 2010
  price_year: 2023
  carbon_year: 2023
storage_values:
  CAES:
    cost: 74.6264
    lifetime: 28.3182
    annual_cost: 2.635280490991659
    efficiency: 0.618823
    discharge_ratio: 0.1
    depth_of_discharge: 0.4
  Li-ion:
    cost: 202.79
    lifetime: 12.9649
    annual_cost: 15.64146271857091
    efficiency: 0.900134
    discharge_ratio: 2
    depth_of_discharge: 0.9
  Pb-acid:
    cost: 179.795
    lifetime: 10.1885
    annual_cost: 17.646856750257644
    efficiency: 0.770117
    discharge_ratio: 5
    depth_of_discharge: 0.5
  VRBF:
    cost: 206.849
    lifetime: 22.8283
    annual_cost: 9.061077697419432
    efficiency: 0.667061
    discharge_ratio: 0.5
    depth_of_discharge: 1.0
