cost_values:
  wind_capex: 5000.0
  wind_opex: 100
  wind_lifetime: 20
  solar_capex: 1000.0
  solar_opex: 10
  solar_lifetime: 20
  carbon_price: 1.0
timeseries_values:
  load_level: 242134.68881215857
  wind_year: 2013
  solar_year: 2010
  price_year: 2023
  carbon_year: 2023
storage_values:
  CAES:
    cost: 65.1159
    lifetime: 28.722
    annual_cost: 2.267108836432003
    efficiency: 0.616567
    discharge_ratio: 0.1
    depth_of_discharge: 0.4
  Li-ion:
    cost: 181.49
    lifetime: 12.5103
    annual_cost: 14.50724602927188
    efficiency: 0.908954
    discharge_ratio: 2
    depth_of_discharge: 0.9
  Pb-acid:
    cost: 180.958
    lifetime: 10.6902
    annual_cost: 16.92746627752521
    efficiency: 0.752024
    discharge_ratio: 5
    depth_of_discharge: 0.5
  VRBF:
    cost: 186.901
    lifetime: 23.7917
    annual_cost: 7.855722794083652
    efficiency: 0.663207
    discharge_ratio: 0.5
    depth_of_discharge: 1.0
