cost_values:
  wind_capex: 5000.0
  wind_opex: 100
  wind_lifetime: 20
  solar_capex: 1000.0
  solar_opex: 10
  solar_lifetime: 20
  carbon_price: 1.0
timeseries_values:
  load_level: 242134.68881215857
  wind_year: 2013
  solar_year: 2010
  price_year: 2023
  carbon_year: 2023
storage_values:
  CAES:
    cost: 67.787
    lifetime: 28.0457
    annual_cost: 2.417019364822415
    efficiency: 0.620864
    discharge_ratio: 0.1
    depth_of_discharge: 0.4
  Li-ion:
    cost: 176.371
    lifetime: 13.5676
    annual_cost: 12.999425100975854
    efficiency: 0.926964
    discharge_ratio: 2
    depth_of_discharge: 0.9
  Pb-acid:
    cost: 153.041
    lifetime: 12.072
    annual_cost: 12.677352551358517
    efficiency: 0.765161
    discharge_ratio: 5
    depth_of_discharge: 0.5
  VRBF:
    cost: 200.22
    lifetime: 21.6544
    annual_cost: 9.246157824737699
    efficiency: 0.660722
    discharge_ratio: 0.5
    depth_of_discharge: 1.0
