cost_values:
  wind_capex: 5000.0
  wind_opex: 100
  wind_lifetime: 20
  solar_capex: 1000.0
  solar_opex: 10
  solar_lifetime: 20
  carbon_price: 1.0
timeseries_values:
  load_level: 242134.68881215857
  wind_year: 2013
  solar_year: 2010
  price_year: 2023
  carbon_year: 2023
storage_values:
  CAES:
    cost: 73.3948
    lifetime: 29.5843
    annual_cost: 2.4808699208701914
    efficiency: 0.601505
    discharge_ratio: 0.1
    depth_of_discharge: 0.4
  Li-ion:
    cost: 159.497
    lifetime: 14.3689
    annual_cost: 11.100153804396998
    efficiency: 0.936388
    discharge_ratio: 2
    depth_of_discharge: 0.9
  Pb-acid:
    cost: 139.816
    lifetime: 11.8545
    annual_cost: 11.794339702222786
    efficiency: 0.758192
    discharge_ratio: 5
    depth_of_discharge: 0.5
  VRBF:
    cost: 174.507
    lifetime: 21.8299
    annual_cost: 7.993944085863885
    efficiency: 0.658014
    discharge_ratio: 0.5
    depth_of_discharge: 1.0
