cost_values:
  wind_capex: 5000.0
  wind_opex: 100
  wind_lifetime: 20
  solar_capex: 1000.0
  solar_opex: 10
  solar_lifetime: 20
  carbon_price: 1.0
timeseries_values:
  load_level: 242134.68881215857
  wind_year: 2013
  solar_year: 2010
  price_year: 2023
  carbon_year: 2023
storage_values:
  CAES:
    cost: 70.3968
    lifetime: 29.0027
    annual_cost: 2.427249876735614
    efficiency: 0.619609
    discharge_ratio: 0.1
    depth_of_discharge: 0.4
  Li-ion:
    cost: 177.393
    lifetime: 12.0444
    annual_cost: 14.728255454817177
    efficiency: 0.92435
    discharge_ratio: 2
    depth_of_discharge: 0.9
  Pb-acid:
    cost: 147.885
    lifetime: 13.4526
    annual_cost: 10.99304223718835
    efficiency: 0.751361
    discharge_ratio: 5
    depth_of_discharge: 0.5
  VRBF:
    cost: 177.114
    lifetime: 18.849
    annual_cost: 9.396466656056024
    efficiency: 0.660818
    discharge_ratio: 0.5
    depth_of_discharge: 1.0
