cost_values:
  wind_capex: 5000.0
  wind_opex: 100
  wind_lifetime: 20
  solar_capex: 1000.0
  solar_opex: 10
  solar_lifetime: 20
  carbon_price: 1.0
timeseries_values:
  load_level: 242134.68881215857
  wind_year: 2013
  solar_year: 2010
  price_year: 2023
  carbon_year: 2023
storage_values:
  CAES:
    cost: 69.3599
    lifetime: 29.8883
    annual_cost: 2.3206371724052555
    efficiency: 0.609466
    discharge_ratio: 0.1
    depth_of_discharge: 0.4
  Li-ion:
    cost: 173.319
    lifetime: 12.3307
    annual_cost: 14.055893014995092
    efficiency: 0.914984
    discharge_ratio: 2
    depth_of_discharge: 0.9
  Pb-acid:
    cost: 179.054
    lifetime: 11.8106
    annual_cost: 15.160449088107292
    efficiency: 0.755925
    discharge_ratio: 5
    depth_of_discharge: 0.5
  VRBF:
    cost: 184.71
    lifetime: 21.3801
    annual_cost: 8.639342192038391
    efficiency: 0.656153
    discharge_ratio: 0.5
    depth_of_discharge: 1.0
