cost_values:
  wind_capex: 5000.0
  wind_opex: 100
  wind_lifetime: 20
  solar_capex: 1000.0
  solar_opex: 10
  solar_lifetime: 20
  carbon_price: 1.0
timeseries_values:
  load_level: 242134.68881215857
  wind_year: 2013
  solar_year: 2010
  price_year: 2023
  carbon_year: 2023
storage_values:
  CAES:
    cost: 70.0876
    lifetime: 27.3841
    annual_cost: 2.5594268206733104
    efficiency: 0.608925
    discharge_ratio: 0.1
    depth_of_discharge: 0.4
  Li-ion:
    cost: 169.617
    lifetime: 12.732
    annual_cost: 13.32210179076343
    efficiency: 0.926225
    discharge_ratio: 2
    depth_of_discharge: 0.9
  Pb-acid:
    cost: 174.5
    lifetime: 12.4422
    annual_cost: 14.024850910610665
    efficiency: 0.747611
    discharge_ratio: 5
    depth_of_discharge: 0.5
  VRBF:
    cost: 211.058
    lifetime: 22.3379
    annual_cost: 9.44842621732571
    efficiency: 0.651558
    discharge_ratio: 0.5
    depth_of_discharge: 1.0
