cost_values:
  wind_capex: 5000.0
  wind_opex: 100
  wind_lifetime: 20
  solar_capex: 1000.0
  solar_opex: 10
  solar_lifetime: 20
  carbon_price: 1.0
timeseries_values:
  load_level: 242134.68881215857
  wind_year: 2013
  solar_year: 2010
  price_year: 2023
  carbon_year: 2023
storage_values:
  CAES:
    cost: 66.4509
    lifetime: 28.3247
    annual_cost: 2.346040734765064
    efficiency: 0.610568
    discharge_ratio: 0.1
    depth_of_discharge: 0.4
  Li-ion:
    cost: 178.06
    lifetime: 12.0162
    annual_cost: 14.818328589737188
    efficiency: 0.92295
    discharge_ratio: 2
    depth_of_discharge: 0.9
  Pb-acid:
    cost: 148.204
    lifetime: 12.9806
    annual_cost: 11.417345885398209
    efficiency: 0.74262
    discharge_ratio: 5
    depth_of_discharge: 0.5
  VRBF:
    cost: 200.328
    lifetime: 21.3037
    annual_cost: 9.403436961654549
    efficiency: 0.652451
    discharge_ratio: 0.5
    depth_of_discharge: 1.0
