cost_values:
  wind_capex: 5000.0
  wind_opex: 100
  wind_lifetime: 20
  solar_capex: 1000.0
  solar_opex: 10
  solar_lifetime: 20
  carbon_price: 1.0
timeseries_values:
  load_level: 242134.68881215857
  wind_year: 2013
  solar_year: 2010
  price_year: 2023
  carbon_year: 2023
storage_values:
  CAES:
    cost: 70.9794
    lifetime: 29.3507
    annual_cost: 2.4183205170575146
    efficiency: 0.612756
    discharge_ratio: 0.1
    depth_of_discharge: 0.4
  Li-ion:
    cost: 177.074
    lifetime: 12.8771
    annual_cost: 13.751077494156293
    efficiency: 0.929348
    discharge_ratio: 2
    depth_of_discharge: 0.9
  Pb-acid:
    cost: 155.044
    lifetime: 11.7363
    annual_cost: 13.210637083237478
    efficiency: 0.736114
    discharge_ratio: 5
    depth_of_discharge: 0.5
  VRBF:
    cost: 193.055
    lifetime: 22.7005
    annual_cost: 8.504438228232859
    efficiency: 0.659039
    discharge_ratio: 0.5
    depth_of_discharge: 1.0
