cost_values:
  wind_capex: 5000.0
  wind_opex: 100
  wind_lifetime: 20
  solar_capex: 1000.0
  solar_opex: 10
  solar_lifetime: 20
  carbon_price: 1.0
timeseries_values:
  load_level: 242134.68881215857
  wind_year: 2013
  solar_year: 2010
  price_year: 2023
  carbon_year: 2023
storage_values:
  CAES:
    cost: 67.3301
    lifetime: 29.2482
    annual_cost: 2.302025423786763
    efficiency: 0.610424
    discharge_ratio: 0.1
    depth_of_discharge: 0.4
  Li-ion:
    cost: 171.091
    lifetime: 14.9748
    annual_cost: 11.42526110532361
    efficiency: 0.919566
    discharge_ratio: 2
    depth_of_discharge: 0.9
  Pb-acid:
    cost: 120.153
    lifetime: 13.1683
    annual_cost: 9.124412414662485
    efficiency: 0.764952
    discharge_ratio: 5
    depth_of_discharge: 0.5
  VRBF:
    cost: 200.955
    lifetime: 21.1127
    annual_cost: 9.518204682489687
    efficiency: 0.666425
    discharge_ratio: 0.5
    depth_of_discharge: 1.0
