cost_values:
  wind_capex: 5000.0
  wind_opex: 100
  wind_lifetime: 20
  solar_capex: 1000.0
  solar_opex: 10
  solar_lifetime: 20
  carbon_price: 1.0
timeseries_values:
  load_level: 242134.68881215857
  wind_year: 2013
  solar_year: 2010
  price_year: 2023
  carbon_year: 2023
storage_values:
  CAES:
    cost: 64.7994
    lifetime: 29.0726
    annual_cost: 2.228882177720603
    efficiency: 0.615973
    discharge_ratio: 0.1
    depth_of_discharge: 0.4
  Li-ion:
    cost: 163.901
    lifetime: 13.9708
    annual_cost: 11.73168322501217
    efficiency: 0.929762
    discharge_ratio: 2
    depth_of_discharge: 0.9
  Pb-acid:
    cost: 172.297
    lifetime: 12.4614
    annual_cost: 13.826456096425764
    efficiency: 0.754603
    discharge_ratio: 5
    depth_of_discharge: 0.5
  VRBF:
    cost: 176.974
    lifetime: 22.9333
    annual_cost: 7.716900751309232
    efficiency: 0.655058
    discharge_ratio: 0.5
    depth_of_discharge: 1.0
