cost_values:
  wind_capex: 5000.0
  wind_opex: 100
  wind_lifetime: 20
  solar_capex: 1000.0
  solar_opex: 10
  solar_lifetime: 20
  carbon_price: 1.0
timeseries_values:
  load_level: 242134.68881215857
  wind_year: 2013
  solar_year: 2010
  price_year: 2023
  carbon_year: 2023
storage_values:
  CAES:
    cost: 65.5667
    lifetime: 27.8266
    annual_cost: 2.356259837709242
    efficiency: 0.591291
    discharge_ratio: 0.1
    depth_of_discharge: 0.4
  Li-ion:
    cost: 168.716
    lifetime: 12.4666
    annual_cost: 13.533441355301367
    efficiency: 0.921893
    discharge_ratio: 2
    depth_of_discharge: 0.9
  Pb-acid:
    cost: 161.483
    lifetime: 12.021
    annual_cost: 13.433408202312618
    efficiency: 0.75659
    discharge_ratio: 5
    depth_of_discharge: 0.5
  VRBF:
    cost: 175.155
    lifetime: 21.4945
    annual_cost: 8.148828770150503
    efficiency: 0.669548
    discharge_ratio: 0.5
    depth_of_discharge: 1.0
