cost_values:
  wind_capex: 5000.0
  wind_opex: 100
  wind_lifetime: 20
  solar_capex: 1000.0
  solar_opex: 10
  solar_lifetime: 20
  carbon_price: 1.0
timeseries_values:
  load_level: 242134.68881215857
  wind_year: 2013
  solar_year: 2010
  price_year: 2023
  carbon_year: 2023
storage_values:
  CAES:
    cost: 69.9803
    lifetime: 29.6337
    annual_cost: 2.3615107124658747
    efficiency: 0.610757
    discharge_ratio: 0.1
    depth_of_discharge: 0.4
  Li-ion:
    cost: 178.312
    lifetime: 11.8042
    annual_cost: 15.105809796513107
    efficiency: 0.924382
    discharge_ratio: 2
    depth_of_discharge: 0.9
  Pb-acid:
    cost: 161.704
    lifetime: 11.1644
    annual_cost: 14.483895238436459
    efficiency: 0.755599
    discharge_ratio: 5
    depth_of_discharge: 0.5
  VRBF:
    cost: 187.777
    lifetime: 21.5657
    annual_cost: 8.707206350825617
    efficiency: 0.653513
    discharge_ratio: 0.5
    depth_of_discharge: 1.0
