cost_values:
  wind_capex: 5000.0
  wind_opex: 100
  wind_lifetime: 20
  solar_capex: 1000.0
  solar_opex: 10
  solar_lifetime: 20
  carbon_price: 1.0
timeseries_values:
  load_level: 242134.68881215857
  wind_year: 2013
  solar_year: 2010
  price_year: 2023
  carbon_year: 2023
storage_values:
  CAES:
    cost: 63.8369
    lifetime: 29.2764
    annual_cost: 2.180490087579074
    efficiency: 0.612464
    discharge_ratio: 0.1
    depth_of_discharge: 0.4
  Li-ion:
    cost: 207.055
    lifetime: 11.8023
    annual_cost: 17.543614380247917
    efficiency: 0.932708
    discharge_ratio: 2
    depth_of_discharge: 0.9
  Pb-acid:
    cost: 150.204
    lifetime: 11.7582
    annual_cost: 12.774404245547789
    efficiency: 0.751387
    discharge_ratio: 5
    depth_of_discharge: 0.5
  VRBF:
    cost: 192.492
    lifetime: 21.2671
    annual_cost: 9.051163534285351
    efficiency: 0.651318
    discharge_ratio: 0.5
    depth_of_discharge: 1.0
