cost_values:
  wind_capex: 5000.0
  wind_opex: 100
  wind_lifetime: 20
  solar_capex: 1000.0
  solar_opex: 10
  solar_lifetime: 20
  carbon_price: 1.0
timeseries_values:
  load_level: 242134.68881215857
  wind_year: 2013
  solar_year: 2010
  price_year: 2023
  carbon_year: 2023
storage_values:
  CAES:
    cost: 58.0503
    lifetime: 29.5277
    annual_cost: 1.9659607758138968
    efficiency: 0.61378
    discharge_ratio: 0.1
    depth_of_discharge: 0.4
  Li-ion:
    cost: 182.508
    lifetime: 13.4099
    annual_cost: 13.609944891460787
    efficiency: 0.933163
    discharge_ratio: 2
    depth_of_discharge: 0.9
  Pb-acid:
    cost: 173.608
    lifetime: 12.0289
    annual_cost: 14.432574882158802
    efficiency: 0.739473
    discharge_ratio: 5
    depth_of_discharge: 0.5
  VRBF:
    cost: 223.141
    lifetime: 21.3639
    annual_cost: 10.444768979446636
    efficiency: 0.660985
    discharge_ratio: 0.5
    depth_of_discharge: 1.0
