cost_values:
  wind_capex: 5000.0
  wind_opex: 100
  wind_lifetime: 20
  solar_capex: 1000.0
  solar_opex: 10
  solar_lifetime: 20
  carbon_price: 1.0
timeseries_values:
  load_level: 242134.68881215857
  wind_year: 2013
  solar_year: 2010
  price_year: 2023
  carbon_year: 2023
storage_values:
  CAES:
    cost: 74.7659
    lifetime: 28.3307
    annual_cost: 2.639041746232885
    efficiency: 0.608546
    discharge_ratio: 0.1
    depth_of_discharge: 0.4
  Li-ion:
    cost: 176.553
    lifetime: 13.4559
    annual_cost: 13.120861480837402
    efficiency: 0.926663
    discharge_ratio: 2
    depth_of_discharge: 0.9
  Pb-acid:
    cost: 171.4
    lifetime: 11.3094
    annual_cost: 15.155534334270607
    efficiency: 0.753721
    discharge_ratio: 5
    depth_of_discharge: 0.5
  VRBF:
    cost: 194.753
    lifetime: 22.9567
    annual_cost: 8.483492836513959
    efficiency: 0.660517
    discharge_ratio: 0.5
    depth_of_discharge: 1.0
