cost_values:
  wind_capex: 5000.0
  wind_opex: 100
  wind_lifetime: 20
  solar_capex: 1000.0
  solar_opex: 10
  solar_lifetime: 20
  carbon_price: 1.0
timeseries_values:
  load_level: 242134.68881215857
  wind_year: 2013
  solar_year: 2010
  price_year: 2023
  carbon_year: 2023
storage_values:
  CAES:
    cost: 71.6923
    lifetime: 29.2359
    annual_cost: 2.452200890001676
    efficiency: 0.612605
    discharge_ratio: 0.1
    depth_of_discharge: 0.4
  Li-ion:
    cost: 188.754
    lifetime: 10.5369
    annual_cost: 17.913617857244542
    efficiency: 0.913145
    discharge_ratio: 2
    depth_of_discharge: 0.9
  Pb-acid:
    cost: 169.719
    lifetime: 12.0363
    annual_cost: 14.100595698013509
    efficiency: 0.746825
    discharge_ratio: 5
    depth_of_discharge: 0.5
  VRBF:
    cost: 188.264
    lifetime: 21.7702
    annual_cost: 8.647784586269305
    efficiency: 0.651535
    discharge_ratio: 0.5
    depth_of_discharge: 1.0
