cost_values:
  wind_capex: 5000.0
  wind_opex: 100
  wind_lifetime: 20
  solar_capex: 1000.0
  solar_opex: 10
  solar_lifetime: 20
  carbon_price: 1.0
timeseries_values:
  load_level: 242134.68881215857
  wind_year: 2013
  solar_year: 2010
  price_year: 2023
  carbon_year: 2023
storage_values:
  CAES:
    cost: 65.6479
    lifetime: 29.6447
    annual_cost: 2.2144902798813955
    efficiency: 0.611703
    discharge_ratio: 0.1
    depth_of_discharge: 0.4
  Li-ion:
    cost: 154.478
    lifetime: 14.4799
    annual_cost: 10.66844384284422
    efficiency: 0.918715
    discharge_ratio: 2
    depth_of_discharge: 0.9
  Pb-acid:
    cost: 167.356
    lifetime: 12.4866
    annual_cost: 13.402847852898308
    efficiency: 0.747585
    discharge_ratio: 5
    depth_of_discharge: 0.5
  VRBF:
    cost: 197.067
    lifetime: 23.0906
    annual_cost: 8.534511879292873
    efficiency: 0.652376
    discharge_ratio: 0.5
    depth_of_discharge: 1.0
