cost_values:
  wind_capex: 5000.0
  wind_opex: 100
  wind_lifetime: 20
  solar_capex: 1000.0
  solar_opex: 10
  solar_lifetime: 20
  carbon_price: 1.0
timeseries_values:
  load_level: 242134.68881215857
  wind_year: 2013
  solar_year: 2010
  price_year: 2023
  carbon_year: 2023
storage_values:
  CAES:
    cost: 60.1174
    lifetime: 29.2152
    annual_cost: 2.057743914126893
    efficiency: 0.618159
    discharge_ratio: 0.1
    depth_of_discharge: 0.4
  Li-ion:
    cost: 164.815
    lifetime: 13.3093
    annual_cost: 12.383446161706475
    efficiency: 0.917891
    discharge_ratio: 2
    depth_of_discharge: 0.9
  Pb-acid:
    cost: 164.985
    lifetime: 10.1277
    annual_cost: 16.29047068929767
    efficiency: 0.758269
    discharge_ratio: 5
    depth_of_discharge: 0.5
  VRBF:
    cost: 204.271
    lifetime: 20.7427
    annual_cost: 9.847850087018566
    efficiency: 0.673398
    discharge_ratio: 0.5
    depth_of_discharge: 1.0
