cost_values:
  wind_capex: 5000.0
  wind_opex: 100
  wind_lifetime: 20
  solar_capex: 1000.0
  solar_opex: 10
  solar_lifetime: 20
  carbon_price: 1.0
timeseries_values:
  load_level: 242134.68881215857
  wind_year: 2013
  solar_year: 2010
  price_year: 2023
  carbon_year: 2023
storage_values:
  CAES:
    cost: 68.4039
    lifetime: 28.432
    annual_cost: 2.4058771806415304
    efficiency: 0.598397
    discharge_ratio: 0.1
    depth_of_discharge: 0.4
  Li-ion:
    cost: 169.65
    lifetime: 12.4241
    annual_cost: 13.654912629486242
    efficiency: 0.924736
    discharge_ratio: 2
    depth_of_discharge: 0.9
  Pb-acid:
    cost: 168.603
    lifetime: 11.4355
    annual_cost: 14.743824056665648
    efficiency: 0.742497
    discharge_ratio: 5
    depth_of_discharge: 0.5
  VRBF:
    cost: 140.181
    lifetime: 22.5406
    annual_cost: 6.219044745925131
    efficiency: 0.665032
    discharge_ratio: 0.5
    depth_of_discharge: 1.0
