cost_values:
  wind_capex: 5000.0
  wind_opex: 100
  wind_lifetime: 20
  solar_capex: 1000.0
  solar_opex: 10
  solar_lifetime: 20
  carbon_price: 1.0
timeseries_values:
  load_level: 242134.68881215857
  wind_year: 2013
  solar_year: 2010
  price_year: 2023
  carbon_year: 2023
storage_values:
  CAES:
    cost: 63.3076
    lifetime: 29.6885
    annual_cost: 2.1323946982838473
    efficiency: 0.615699
    discharge_ratio: 0.1
    depth_of_discharge: 0.4
  Li-ion:
    cost: 182.798
    lifetime: 12.2472
    annual_cost: 14.925697302240513
    efficiency: 0.929996
    discharge_ratio: 2
    depth_of_discharge: 0.9
  Pb-acid:
    cost: 149.368
    lifetime: 10.5903
    annual_cost: 14.104227453424361
    efficiency: 0.756695
    discharge_ratio: 5
    depth_of_discharge: 0.5
  VRBF:
    cost: 199.119
    lifetime: 20.0338
    annual_cost: 9.939152831714402
    efficiency: 0.671134
    discharge_ratio: 0.5
    depth_of_discharge: 1.0
