cost_values:
  wind_capex: 5000.0
  wind_opex: 100
  wind_lifetime: 20
  solar_capex: 1000.0
  solar_opex: 10
  solar_lifetime: 20
  carbon_price: 1.0
timeseries_values:
  load_level: 242134.68881215857
  wind_year: 2013
  solar_year: 2010
  price_year: 2023
  carbon_year: 2023
storage_values:
  CAES:
    cost: 70.524
    lifetime: 28.2747
    annual_cost: 2.4942439707583106
    efficiency: 0.607319
    discharge_ratio: 0.1
    depth_of_discharge: 0.4
  Li-ion:
    cost: 157.819
    lifetime: 13.1726
    annual_cost: 11.980854197349043
    efficiency: 0.918733
    discharge_ratio: 2
    depth_of_discharge: 0.9
  Pb-acid:
    cost: 197.159
    lifetime: 12.9632
    annual_cost: 15.209130461614414
    efficiency: 0.74128
    discharge_ratio: 5
    depth_of_discharge: 0.5
  VRBF:
    cost: 179.094
    lifetime: 20.9323
    annual_cost: 8.555868203685213
    efficiency: 0.658329
    discharge_ratio: 0.5
    depth_of_discharge: 1.0
