cost_values:
  wind_capex: 5000.0
  wind_opex: 100
  wind_lifetime: 20
  solar_capex: 1000.0
  solar_opex: 10
  solar_lifetime: 20
  carbon_price: 1.0
timeseries_values:
  load_level: 242134.68881215857
  wind_year: 2013
  solar_year: 2010
  price_year: 2023
  carbon_year: 2023
storage_values:
  CAES:
    cost: 67.345
    lifetime: 28.4595
    annual_cost: 2.3663451571531477
    efficiency: 0.618438
    discharge_ratio: 0.1
    depth_of_discharge: 0.4
  Li-ion:
    cost: 186.727
    lifetime: 12.5922
    annual_cost: 14.828782897349154
    efficiency: 0.928663
    discharge_ratio: 2
    depth_of_discharge: 0.9
  Pb-acid:
    cost: 168.236
    lifetime: 11.7883
    annual_cost: 14.27143862982788
    efficiency: 0.744784
    discharge_ratio: 5
    depth_of_discharge: 0.5
  VRBF:
    cost: 220.947
    lifetime: 21.0953
    annual_cost: 10.473754817423785
    efficiency: 0.650118
    discharge_ratio: 0.5
    depth_of_discharge: 1.0
