cost_values:
  wind_capex: 5000.0
  wind_opex: 100
  wind_lifetime: 20
  solar_capex: 1000.0
  solar_opex: 10
  solar_lifetime: 20
  carbon_price: 1.0
timeseries_values:
  load_level: 242134.68881215857
  wind_year: 2013
  solar_year: 2010
  price_year: 2023
  carbon_year: 2023
storage_values:
  CAES:
    cost: 60.1472
    lifetime: 28.377
    annual_cost: 2.1195757127250943
    efficiency: 0.616297
    discharge_ratio: 0.1
    depth_of_discharge: 0.4
  Li-ion:
    cost: 176.823
    lifetime: 12.215
    annual_cost: 14.475890298812935
    efficiency: 0.926348
    discharge_ratio: 2
    depth_of_discharge: 0.9
  Pb-acid:
    cost: 142.798
    lifetime: 12.9287
    annual_cost: 11.045039331100575
    efficiency: 0.764601
    discharge_ratio: 5
    depth_of_discharge: 0.5
  VRBF:
    cost: 190.75
    lifetime: 22.9132
    annual_cost: 8.324895693312152
    efficiency: 0.651426
    discharge_ratio: 0.5
    depth_of_discharge: 1.0
