cost_values:
  wind_capex: 5000.0
  wind_opex: 100
  wind_lifetime: 20
  solar_capex: 1000.0
  solar_opex: 10
  solar_lifetime: 20
  carbon_price: 1.0
timeseries_values:
  load_level: 242134.68881215857
  wind_year: 2013
  solar_year: 2010
  price_year: 2023
  carbon_year: 2023
storage_values:
  CAES:
    cost: 73.8709
    lifetime: 29.91
    annual_cost: 2.469772651287195
    efficiency: 0.607986
    discharge_ratio: 0.1
    depth_of_discharge: 0.4
  Li-ion:
    cost: 161.851
    lifetime: 14.318
    annual_cost: 11.304022908227406
    efficiency: 0.932082
    discharge_ratio: 2
    depth_of_discharge: 0.9
  Pb-acid:
    cost: 171.367
    lifetime: 11.2062
    annual_cost: 15.292159697310415
    efficiency: 0.754788
    discharge_ratio: 5
    depth_of_discharge: 0.5
  VRBF:
    cost: 215.29
    lifetime: 21.7871
    annual_cost: 9.881535403977583
    efficiency: 0.663624
    discharge_ratio: 0.5
    depth_of_discharge: 1.0
