cost_values:
  wind_capex: 5000.0
  wind_opex: 100
  wind_lifetime: 20
  solar_capex: 1000.0
  solar_opex: 10
  solar_lifetime: 20
  carbon_price: 1.0
timeseries_values:
  load_level: 242134.68881215857
  wind_year: 2013
  solar_year: 2010
  price_year: 2023
  carbon_year: 2023
storage_values:
  CAES:
    cost: 72.2636
    lifetime: 28.983
    annual_cost: 2.4933098713038677
    efficiency: 0.616223
    discharge_ratio: 0.1
    depth_of_discharge: 0.4
  Li-ion:
    cost: 183.075
    lifetime: 12.405
    annual_cost: 14.758162031438935
    efficiency: 0.923465
    discharge_ratio: 2
    depth_of_discharge: 0.9
  Pb-acid:
    cost: 161.626
    lifetime: 11.9458
    annual_cost: 13.529943578496209
    efficiency: 0.74764
    discharge_ratio: 5
    depth_of_discharge: 0.5
  VRBF:
    cost: 188.687
    lifetime: 20.3978
    annual_cost: 9.250360332977086
    efficiency: 0.65797
    discharge_ratio: 0.5
    depth_of_discharge: 1.0
