cost_values:
  wind_capex: 5000.0
  wind_opex: 100
  wind_lifetime: 20
  solar_capex: 1000.0
  solar_opex: 10
  solar_lifetime: 20
  carbon_price: 1.0
timeseries_values:
  load_level: 242134.68881215857
  wind_year: 2013
  solar_year: 2010
  price_year: 2023
  carbon_year: 2023
storage_values:
  CAES:
    cost: 67.1381
    lifetime: 28.189
    annual_cost: 2.381712724821739
    efficiency: 0.617185
    discharge_ratio: 0.1
    depth_of_discharge: 0.4
  Li-ion:
    cost: 180.535
    lifetime: 14.0879
    annual_cost: 12.814897891098035
    efficiency: 0.919975
    discharge_ratio: 2
    depth_of_discharge: 0.9
  Pb-acid:
    cost: 156.991
    lifetime: 11.3262
    annual_cost: 13.860871254260035
    efficiency: 0.754523
    discharge_ratio: 5
    depth_of_discharge: 0.5
  VRBF:
    cost: 153.659
    lifetime: 20.4209
    annual_cost: 7.524594900322708
    efficiency: 0.653697
    discharge_ratio: 0.5
    depth_of_discharge: 1.0
