cost_values:
  wind_capex: 5000.0
  wind_opex: 100
  wind_lifetime: 20
  solar_capex: 1000.0
  solar_opex: 10
  solar_lifetime: 20
  carbon_price: 1.0
timeseries_values:
  load_level: 242134.68881215857
  wind_year: 2013
  solar_year: 2010
  price_year: 2023
  carbon_year: 2023
storage_values:
  CAES:
    cost: 58.6278
    lifetime: 29.1171
    annual_cost: 2.0135178297289222
    efficiency: 0.614674
    discharge_ratio: 0.1
    depth_of_discharge: 0.4
  Li-ion:
    cost: 172.505
    lifetime: 10.1292
    annual_cost: 17.030466374442206
    efficiency: 0.912476
    discharge_ratio: 2
    depth_of_discharge: 0.9
  Pb-acid:
    cost: 160.731
    lifetime: 12.5053
    annual_cost: 12.853030315146377
    efficiency: 0.759815
    discharge_ratio: 5
    depth_of_discharge: 0.5
  VRBF:
    cost: 221.433
    lifetime: 24.4291
    annual_cost: 9.064312643527597
    efficiency: 0.667314
    discharge_ratio: 0.5
    depth_of_discharge: 1.0
