cost_values:
  wind_capex: 5000.0
  wind_opex: 100
  wind_lifetime: 20
  solar_capex: 1000.0
  solar_opex: 10
  solar_lifetime: 20
  carbon_price: 1.0
timeseries_values:
  load_level: 242134.68881215857
  wind_year: 2013
  solar_year: 2010
  price_year: 2023
  carbon_year: 2023
storage_values:
  CAES:
    cost: 66.7093
    lifetime: 27.4504
    annual_cost: 2.4301758808614813
    efficiency: 0.609044
    discharge_ratio: 0.1
    depth_of_discharge: 0.4
  Li-ion:
    cost: 180.743
    lifetime: 11.1251
    annual_cost: 16.246415762554943
    efficiency: 0.936725
    discharge_ratio: 2
    depth_of_discharge: 0.9
  Pb-acid:
    cost: 169.566
    lifetime: 12.6856
    annual_cost: 13.366809610897395
    efficiency: 0.762679
    discharge_ratio: 5
    depth_of_discharge: 0.5
  VRBF:
    cost: 203.045
    lifetime: 20.0913
    annual_cost: 10.106115582366495
    efficiency: 0.667114
    discharge_ratio: 0.5
    depth_of_discharge: 1.0
