cost_values:
  wind_capex: 5000.0
  wind_opex: 100
  wind_lifetime: 20
  solar_capex: 1000.0
  solar_opex: 10
  solar_lifetime: 20
  carbon_price: 1.0
timeseries_values:
  load_level: 242134.68881215857
  wind_year: 2013
  solar_year: 2010
  price_year: 2023
  carbon_year: 2023
storage_values:
  CAES:
    cost: 77.5723
    lifetime: 28.9549
    annual_cost: 2.679073317469582
    efficiency: 0.609632
    discharge_ratio: 0.1
    depth_of_discharge: 0.4
  Li-ion:
    cost: 166.095
    lifetime: 14.3796
    annual_cost: 11.550738546273887
    efficiency: 0.936794
    discharge_ratio: 2
    depth_of_discharge: 0.9
  Pb-acid:
    cost: 175.74
    lifetime: 12.3613
    annual_cost: 14.216951291530826
    efficiency: 0.751125
    discharge_ratio: 5
    depth_of_discharge: 0.5
  VRBF:
    cost: 195.453
    lifetime: 21.772
    annual_cost: 8.977264376263092
    efficiency: 0.659535
    discharge_ratio: 0.5
    depth_of_discharge: 1.0
