cost_values:
  wind_capex: 5000.0
  wind_opex: 100
  wind_lifetime: 20
  solar_capex: 1000.0
  solar_opex: 10
  solar_lifetime: 20
  carbon_price: 1.0
timeseries_values:
  load_level: 242134.68881215857
  wind_year: 2013
  solar_year: 2010
  price_year: 2023
  carbon_year: 2023
storage_values:
  CAES:
    cost: 64.7773
    lifetime: 28.2117
    annual_cost: 2.2961147325400453
    efficiency: 0.60996
    discharge_ratio: 0.1
    depth_of_discharge: 0.4
  Li-ion:
    cost: 164.636
    lifetime: 13.446
    annual_cost: 12.24423620407556
    efficiency: 0.919483
    discharge_ratio: 2
    depth_of_discharge: 0.9
  Pb-acid:
    cost: 169.839
    lifetime: 11.3788
    annual_cost: 14.925914859211867
    efficiency: 0.758135
    discharge_ratio: 5
    depth_of_discharge: 0.5
  VRBF:
    cost: 217.155
    lifetime: 23.4374
    annual_cost: 9.265319532030004
    efficiency: 0.661081
    discharge_ratio: 0.5
    depth_of_discharge: 1.0
