cost_values:
  wind_capex: 5000.0
  wind_opex: 100
  wind_lifetime: 20
  solar_capex: 1000.0
  solar_opex: 10
  solar_lifetime: 20
  carbon_price: 1.0
timeseries_values:
  load_level: 242134.68881215857
  wind_year: 2013
  solar_year: 2010
  price_year: 2023
  carbon_year: 2023
storage_values:
  CAES:
    cost: 73.122
    lifetime: 29.3896
    annual_cost: 2.4880229741132918
    efficiency: 0.614831
    discharge_ratio: 0.1
    depth_of_discharge: 0.4
  Li-ion:
    cost: 176.143
    lifetime: 15.7873
    annual_cost: 11.157259316032507
    efficiency: 0.919538
    discharge_ratio: 2
    depth_of_discharge: 0.9
  Pb-acid:
    cost: 150.724
    lifetime: 12.0891
    annual_cost: 12.467760213746267
    efficiency: 0.750721
    discharge_ratio: 5
    depth_of_discharge: 0.5
  VRBF:
    cost: 215.449
    lifetime: 24.1069
    annual_cost: 8.9372337380584
    efficiency: 0.656492
    discharge_ratio: 0.5
    depth_of_discharge: 1.0
