cost_values:
  wind_capex: 5000.0
  wind_opex: 100
  wind_lifetime: 20
  solar_capex: 1000.0
  solar_opex: 10
  solar_lifetime: 20
  carbon_price: 1.0
timeseries_values:
  load_level: 242134.68881215857
  wind_year: 2013
  solar_year: 2010
  price_year: 2023
  carbon_year: 2023
storage_values:
  CAES:
    cost: 65.9409
    lifetime: 29.811
    annual_cost: 2.211965381906008
    efficiency: 0.598762
    discharge_ratio: 0.1
    depth_of_discharge: 0.4
  Li-ion:
    cost: 181.161
    lifetime: 11.3103
    annual_cost: 16.017347019972945
    efficiency: 0.931427
    discharge_ratio: 2
    depth_of_discharge: 0.9
  Pb-acid:
    cost: 167.424
    lifetime: 12.6029
    annual_cost: 13.284561489815836
    efficiency: 0.748999
    discharge_ratio: 5
    depth_of_discharge: 0.5
  VRBF:
    cost: 205.82
    lifetime: 22.1592
    annual_cost: 9.288241452760028
    efficiency: 0.667573
    discharge_ratio: 0.5
    depth_of_discharge: 1.0
