cost_values:
  wind_capex: 5000.0
  wind_opex: 100
  wind_lifetime: 20
  solar_capex: 1000.0
  solar_opex: 10
  solar_lifetime: 20
  carbon_price: 1.0
timeseries_values:
  load_level: 242134.68881215857
  wind_year: 2013
  solar_year: 2010
  price_year: 2023
  carbon_year: 2023
storage_values:
  CAES:
    cost: 67.3576
    lifetime: 28.6311
    annual_cost: 2.3526025894918465
    efficiency: 0.611371
    discharge_ratio: 0.1
    depth_of_discharge: 0.4
  Li-ion:
    cost: 179.222
    lifetime: 13.836
    annual_cost: 12.953310205261637
    efficiency: 0.924985
    discharge_ratio: 2
    depth_of_discharge: 0.9
  Pb-acid:
    cost: 150.215
    lifetime: 12.5758
    annual_cost: 11.944766933316371
    efficiency: 0.742159
    discharge_ratio: 5
    depth_of_discharge: 0.5
  VRBF:
    cost: 178.712
    lifetime: 21.1909
    annual_cost: 8.433431331373372
    efficiency: 0.667438
    discharge_ratio: 0.5
    depth_of_discharge: 1.0
