cost_values:
  wind_capex: 5000.0
  wind_opex: 100
  wind_lifetime: 20
  solar_capex: 1000.0
  solar_opex: 10
  solar_lifetime: 20
  carbon_price: 1.0
timeseries_values:
  load_level: 242134.68881215857
  wind_year: 2013
  solar_year: 2010
  price_year: 2023
  carbon_year: 2023
storage_values:
  CAES:
    cost: 60.068
    lifetime: 29.1727
    annual_cost: 2.059048356854182
    efficiency: 0.617098
    discharge_ratio: 0.1
    depth_of_discharge: 0.4
  Li-ion:
    cost: 193.092
    lifetime: 12.6893
    annual_cost: 15.216915038654616
    efficiency: 0.942119
    discharge_ratio: 2
    depth_of_discharge: 0.9
  Pb-acid:
    cost: 159.59
    lifetime: 13.0596
    annual_cost: 12.220129253575914
    efficiency: 0.756121
    discharge_ratio: 5
    depth_of_discharge: 0.5
  VRBF:
    cost: 192.956
    lifetime: 21.898
    annual_cost: 8.811580966298292
    efficiency: 0.655079
    discharge_ratio: 0.5
    depth_of_discharge: 1.0
