cost_values:
  wind_capex: 5000.0
  wind_opex: 100
  wind_lifetime: 20
  solar_capex: 1000.0
  solar_opex: 10
  solar_lifetime: 20
  carbon_price: 1.0
timeseries_values:
  load_level: 242134.68881215857
  wind_year: 2013
  solar_year: 2010
  price_year: 2023
  carbon_year: 2023
storage_values:
  CAES:
    cost: 64.9416
    lifetime: 27.5331
    annual_cost: 2.3586737417871575
    efficiency: 0.614396
    discharge_ratio: 0.1
    depth_of_discharge: 0.4
  Li-ion:
    cost: 165.047
    lifetime: 16.1295
    annual_cost: 10.232617254099631
    efficiency: 0.928882
    discharge_ratio: 2
    depth_of_discharge: 0.9
  Pb-acid:
    cost: 154.1
    lifetime: 13.1558
    annual_cost: 11.713464783593547
    efficiency: 0.754059
    discharge_ratio: 5
    depth_of_discharge: 0.5
  VRBF:
    cost: 181.525
    lifetime: 22.2975
    annual_cost: 8.14104720260119
    efficiency: 0.662928
    discharge_ratio: 0.5
    depth_of_discharge: 1.0
