cost_values:
  wind_capex: 5000.0
  wind_opex: 100
  wind_lifetime: 20
  solar_capex: 1000.0
  solar_opex: 10
  solar_lifetime: 20
  carbon_price: 1.0
timeseries_values:
  load_level: 242134.68881215857
  wind_year: 2013
  solar_year: 2010
  price_year: 2023
  carbon_year: 2023
storage_values:
  CAES:
    cost: 62.2844
    lifetime: 28.961
    annual_cost: 2.150630157798419
    efficiency: 0.602383
    discharge_ratio: 0.1
    depth_of_discharge: 0.4
  Li-ion:
    cost: 167.166
    lifetime: 10.9616
    annual_cost: 15.250145964092832
    efficiency: 0.935958
    discharge_ratio: 2
    depth_of_discharge: 0.9
  Pb-acid:
    cost: 158.281
    lifetime: 11.7156
    annual_cost: 13.510276895762914
    efficiency: 0.750006
    discharge_ratio: 5
    depth_of_discharge: 0.5
  VRBF:
    cost: 177.128
    lifetime: 22.026
    annual_cost: 8.041768818668846
    efficiency: 0.664745
    discharge_ratio: 0.5
    depth_of_discharge: 1.0
