cost_values:
  wind_capex: 5000.0
  wind_opex: 100
  wind_lifetime: 20
  solar_capex: 1000.0
  solar_opex: 10
  solar_lifetime: 20
  carbon_price: 1.0
timeseries_values:
  load_level: 242134.68881215857
  wind_year: 2013
  solar_year: 2010
  price_year: 2023
  carbon_year: 2023
storage_values:
  CAES:
    cost: 72.2708
    lifetime: 27.6134
    annual_cost: 2.6172365590619044
    efficiency: 0.605869
    discharge_ratio: 0.1
    depth_of_discharge: 0.4
  Li-ion:
    cost: 176.443
    lifetime: 13.6736
    annual_cost: 12.903917037210391
    efficiency: 0.927782
    discharge_ratio: 2
    depth_of_discharge: 0.9
  Pb-acid:
    cost: 156.796
    lifetime: 11.2016
    annual_cost: 13.997643193829454
    efficiency: 0.740537
    discharge_ratio: 5
    depth_of_discharge: 0.5
  VRBF:
    cost: 177.19
    lifetime: 23.7547
    annual_cost: 7.45915545134226
    efficiency: 0.658441
    discharge_ratio: 0.5
    depth_of_discharge: 1.0
