cost_values:
  wind_capex: 5000.0
  wind_opex: 100
  wind_lifetime: 20
  solar_capex: 1000.0
  solar_opex: 10
  solar_lifetime: 20
  carbon_price: 1.0
timeseries_values:
  load_level: 242134.68881215857
  wind_year: 2013
  solar_year: 2010
  price_year: 2023
  carbon_year: 2023
storage_values:
  CAES:
    cost: 63.4133
    lifetime: 27.7733
    annual_cost: 2.2832468593937345
    efficiency: 0.605555
    discharge_ratio: 0.1
    depth_of_discharge: 0.4
  Li-ion:
    cost: 172.888
    lifetime: 15.9119
    annual_cost: 10.865327207938714
    efficiency: 0.930769
    discharge_ratio: 2
    depth_of_discharge: 0.9
  Pb-acid:
    cost: 180.438
    lifetime: 12.2247
    annual_cost: 14.760116812682519
    efficiency: 0.753933
    discharge_ratio: 5
    depth_of_discharge: 0.5
  VRBF:
    cost: 208.162
    lifetime: 22.7916
    annual_cost: 9.133277172291546
    efficiency: 0.652174
    discharge_ratio: 0.5
    depth_of_discharge: 1.0
