cost_values:
  wind_capex: 5000.0
  wind_opex: 100
  wind_lifetime: 20
  solar_capex: 1000.0
  solar_opex: 10
  solar_lifetime: 20
  carbon_price: 1.0
timeseries_values:
  load_level: 242134.68881215857
  wind_year: 2013
  solar_year: 2010
  price_year: 2023
  carbon_year: 2023
storage_values:
  CAES:
    cost: 77.1254
    lifetime: 28.2069
    annual_cost: 2.7342742378637848
    efficiency: 0.608208
    discharge_ratio: 0.1
    depth_of_discharge: 0.4
  Li-ion:
    cost: 180.072
    lifetime: 12.4841
    annual_cost: 14.424107464695092
    efficiency: 0.919976
    discharge_ratio: 2
    depth_of_discharge: 0.9
  Pb-acid:
    cost: 165.279
    lifetime: 10.4642
    annual_cost: 15.794709581238891
    efficiency: 0.732962
    discharge_ratio: 5
    depth_of_discharge: 0.5
  VRBF:
    cost: 220.921
    lifetime: 20.9552
    annual_cost: 10.54253836756509
    efficiency: 0.655951
    discharge_ratio: 0.5
    depth_of_discharge: 1.0
