cost_values:
  wind_capex: 5000.0
  wind_opex: 100
  wind_lifetime: 20
  solar_capex: 1000.0
  solar_opex: 10
  solar_lifetime: 20
  carbon_price: 1.0
timeseries_values:
  load_level: 242134.68881215857
  wind_year: 2013
  solar_year: 2010
  price_year: 2023
  carbon_year: 2023
storage_values:
  CAES:
    cost: 62.8995
    lifetime: 29.049
    annual_cost: 2.165289682949499
    efficiency: 0.607562
    discharge_ratio: 0.1
    depth_of_discharge: 0.4
  Li-ion:
    cost: 165.296
    lifetime: 11.6533
    annual_cost: 14.184479932722919
    efficiency: 0.929552
    discharge_ratio: 2
    depth_of_discharge: 0.9
  Pb-acid:
    cost: 146.462
    lifetime: 13.3282
    annual_cost: 10.988880719076842
    efficiency: 0.745251
    discharge_ratio: 5
    depth_of_discharge: 0.5
  VRBF:
    cost: 204.56
    lifetime: 22.5433
    annual_cost: 9.074092967755387
    efficiency: 0.657624
    discharge_ratio: 0.5
    depth_of_discharge: 1.0
