cost_values:
  wind_capex: 5000.0
  wind_opex: 100
  wind_lifetime: 20
  solar_capex: 1000.0
  solar_opex: 10
  solar_lifetime: 20
  carbon_price: 1.0
timeseries_values:
  load_level: 242134.68881215857
  wind_year: 2013
  solar_year: 2010
  price_year: 2023
  carbon_year: 2023
storage_values:
  CAES:
    cost: 58.9317
    lifetime: 28.2147
    annual_cost: 2.0886878116726386
    efficiency: 0.615807
    discharge_ratio: 0.1
    depth_of_discharge: 0.4
  Li-ion:
    cost: 185.539
    lifetime: 13.5847
    annual_cost: 13.657938710461032
    efficiency: 0.916549
    discharge_ratio: 2
    depth_of_discharge: 0.9
  Pb-acid:
    cost: 160.499
    lifetime: 12.7777
    annual_cost: 12.560867761803769
    efficiency: 0.767767
    discharge_ratio: 5
    depth_of_discharge: 0.5
  VRBF:
    cost: 190.047
    lifetime: 19.7476
    annual_cost: 9.623802386112743
    efficiency: 0.673849
    discharge_ratio: 0.5
    depth_of_discharge: 1.0
