cost_values:
  wind_capex: 5000.0
  wind_opex: 100
  wind_lifetime: 20
  solar_capex: 1000.0
  solar_opex: 10
  solar_lifetime: 20
  carbon_price: 1.0
timeseries_values:
  load_level: 242134.68881215857
  wind_year: 2013
  solar_year: 2010
  price_year: 2023
  carbon_year: 2023
storage_values:
  CAES:
    cost: 68.2466
    lifetime: 27.5309
    annual_cost: 2.478909152988097
    efficiency: 0.613726
    discharge_ratio: 0.1
    depth_of_discharge: 0.4
  Li-ion:
    cost: 165.572
    lifetime: 14.6291
    annual_cost: 11.317989486708
    efficiency: 0.945803
    discharge_ratio: 2
    depth_of_discharge: 0.9
  Pb-acid:
    cost: 180.552
    lifetime: 12.1743
    annual_cost: 14.830585742096053
    efficiency: 0.771203
    discharge_ratio: 5
    depth_of_discharge: 0.5
  VRBF:
    cost: 233.917
    lifetime: 22.3169
    annual_cost: 10.481608108653083
    efficiency: 0.664699
    discharge_ratio: 0.5
    depth_of_discharge: 1.0
