cost_values:
  wind_capex: 5000.0
  wind_opex: 100
  wind_lifetime: 20
  solar_capex: 1000.0
  solar_opex: 10
  solar_lifetime: 20
  carbon_price: 1.0
timeseries_values:
  load_level: 242134.68881215857
  wind_year: 2013
  solar_year: 2010
  price_year: 2023
  carbon_year: 2023
storage_values:
  CAES:
    cost: 69.5982
    lifetime: 27.974
    annual_cost: 2.4879602488024597
    efficiency: 0.619363
    discharge_ratio: 0.1
    depth_of_discharge: 0.4
  Li-ion:
    cost: 167.749
    lifetime: 13.278
    annual_cost: 12.633604458502786
    efficiency: 0.92488
    discharge_ratio: 2
    depth_of_discharge: 0.9
  Pb-acid:
    cost: 164.157
    lifetime: 12.0196
    annual_cost: 13.657442843355852
    efficiency: 0.749469
    discharge_ratio: 5
    depth_of_discharge: 0.5
  VRBF:
    cost: 192.559
    lifetime: 22.8886
    annual_cost: 8.41287802661587
    efficiency: 0.656463
    discharge_ratio: 0.5
    depth_of_discharge: 1.0
