cost_values:
  wind_capex: 5000.0
  wind_opex: 100
  wind_lifetime: 20
  solar_capex: 1000.0
  solar_opex: 10
  solar_lifetime: 20
  carbon_price: 1.0
timeseries_values:
  load_level: 242134.68881215857
  wind_year: 2013
  solar_year: 2010
  price_year: 2023
  carbon_year: 2023
storage_values:
  CAES:
    cost: 61.7936
    lifetime: 28.1132
    annual_cost: 2.198027972624959
    efficiency: 0.60974
    discharge_ratio: 0.1
    depth_of_discharge: 0.4
  Li-ion:
    cost: 176.33
    lifetime: 12.3712
    annual_cost: 14.253265649249872
    efficiency: 0.933019
    discharge_ratio: 2
    depth_of_discharge: 0.9
  Pb-acid:
    cost: 167.892
    lifetime: 12.6369
    annual_cost: 13.285853334282931
    efficiency: 0.767272
    discharge_ratio: 5
    depth_of_discharge: 0.5
  VRBF:
    cost: 176.338
    lifetime: 21.6048
    annual_cost: 8.161982522402429
    efficiency: 0.661163
    discharge_ratio: 0.5
    depth_of_discharge: 1.0
