cost_values:
  wind_capex: 5000.0
  wind_opex: 100
  wind_lifetime: 20
  solar_capex: 1000.0
  solar_opex: 10
  solar_lifetime: 20
  carbon_price: 1.0
timeseries_values:
  load_level: 242134.68881215857
  wind_year: 2013
  solar_year: 2010
  price_year: 2023
  carbon_year: 2023
storage_values:
  CAES:
    cost: 63.2914
    lifetime: 29.118
    annual_cost: 2.173617693522907
    efficiency: 0.617567
    discharge_ratio: 0.1
    depth_of_discharge: 0.4
  Li-ion:
    cost: 169.198
    lifetime: 12.8448
    annual_cost: 13.172490034877928
    efficiency: 0.939366
    discharge_ratio: 2
    depth_of_discharge: 0.9
  Pb-acid:
    cost: 166.454
    lifetime: 12.4288
    annual_cost: 13.392604273944388
    efficiency: 0.752449
    discharge_ratio: 5
    depth_of_discharge: 0.5
  VRBF:
    cost: 169.801
    lifetime: 23.1631
    annual_cost: 7.330668174812525
    efficiency: 0.650552
    discharge_ratio: 0.5
    depth_of_discharge: 1.0
