cost_values:
  wind_capex: 5000.0
  wind_opex: 100
  wind_lifetime: 20
  solar_capex: 1000.0
  solar_opex: 10
  solar_lifetime: 20
  carbon_price: 1.0
timeseries_values:
  load_level: 242134.68881215857
  wind_year: 2013
  solar_year: 2010
  price_year: 2023
  carbon_year: 2023
storage_values:
  CAES:
    cost: 74.5398
    lifetime: 27.3892
    annual_cost: 2.7215033662903627
    efficiency: 0.611926
    discharge_ratio: 0.1
    depth_of_discharge: 0.4
  Li-ion:
    cost: 174.427
    lifetime: 12.9573
    annual_cost: 13.461677973034504
    efficiency: 0.921932
    discharge_ratio: 2
    depth_of_discharge: 0.9
  Pb-acid:
    cost: 160.363
    lifetime: 12.1834
    annual_cost: 13.16241771590853
    efficiency: 0.751477
    discharge_ratio: 5
    depth_of_discharge: 0.5
  VRBF:
    cost: 176.92
    lifetime: 23.3834
    annual_cost: 7.566051130289007
    efficiency: 0.673014
    discharge_ratio: 0.5
    depth_of_discharge: 1.0
