cost_values:
  wind_capex: 5000.0
  wind_opex: 100
  wind_lifetime: 20
  solar_capex: 1000.0
  solar_opex: 10
  solar_lifetime: 20
  carbon_price: 1.0
timeseries_values:
  load_level: 242134.68881215857
  wind_year: 2013
  solar_year: 2010
  price_year: 2023
  carbon_year: 2023
storage_values:
  CAES:
    cost: 70.5557
    lifetime: 29.5912
    annual_cost: 2.384347373543486
    efficiency: 0.613823
    discharge_ratio: 0.1
    depth_of_discharge: 0.4
  Li-ion:
    cost: 177.496
    lifetime: 16.4565
    annual_cost: 10.785768541305869
    efficiency: 0.932816
    discharge_ratio: 2
    depth_of_discharge: 0.9
  Pb-acid:
    cost: 151.091
    lifetime: 13.5771
    annual_cost: 11.128370565142777
    efficiency: 0.759049
    discharge_ratio: 5
    depth_of_discharge: 0.5
  VRBF:
    cost: 202.563
    lifetime: 21.1953
    annual_cost: 9.556977254391303
    efficiency: 0.657257
    discharge_ratio: 0.5
    depth_of_discharge: 1.0
