cost_values:
  wind_capex: 5000.0
  wind_opex: 100
  wind_lifetime: 20
  solar_capex: 1000.0
  solar_opex: 10
  solar_lifetime: 20
  carbon_price: 1.0
timeseries_values:
  load_level: 242134.68881215857
  wind_year: 2013
  solar_year: 2010
  price_year: 2023
  carbon_year: 2023
storage_values:
  CAES:
    cost: 65.5963
    lifetime: 28.656
    annual_cost: 2.2890947794528196
    efficiency: 0.604015
    discharge_ratio: 0.1
    depth_of_discharge: 0.4
  Li-ion:
    cost: 188.486
    lifetime: 13.012
    annual_cost: 14.485551798339992
    efficiency: 0.919705
    discharge_ratio: 2
    depth_of_discharge: 0.9
  Pb-acid:
    cost: 177.817
    lifetime: 11.5259
    annual_cost: 15.427602182909794
    efficiency: 0.736223
    discharge_ratio: 5
    depth_of_discharge: 0.5
  VRBF:
    cost: 177.009
    lifetime: 23.5768
    annual_cost: 7.507761867598656
    efficiency: 0.658015
    discharge_ratio: 0.5
    depth_of_discharge: 1.0
