cost_values:
  wind_capex: 5000.0
  wind_opex: 100
  wind_lifetime: 20
  solar_capex: 1000.0
  solar_opex: 10
  solar_lifetime: 20
  carbon_price: 1.0
timeseries_values:
  load_level: 242134.68881215857
  wind_year: 2013
  solar_year: 2010
  price_year: 2023
  carbon_year: 2023
storage_values:
  CAES:
    cost: 58.0826
    lifetime: 28.6745
    annual_cost: 2.025583706777799
    efficiency: 0.610862
    discharge_ratio: 0.1
    depth_of_discharge: 0.4
  Li-ion:
    cost: 167.113
    lifetime: 14.3355
    annual_cost: 11.65728436399149
    efficiency: 0.923066
    discharge_ratio: 2
    depth_of_discharge: 0.9
  Pb-acid:
    cost: 169.181
    lifetime: 10.6131
    annual_cost: 15.940771310927063
    efficiency: 0.764427
    discharge_ratio: 5
    depth_of_discharge: 0.5
  VRBF:
    cost: 194.661
    lifetime: 21.0712
    annual_cost: 9.238249364060898
    efficiency: 0.665115
    discharge_ratio: 0.5
    depth_of_discharge: 1.0
