cost_values:
  wind_capex: 5000.0
  wind_opex: 100
  wind_lifetime: 20
  solar_capex: 1000.0
  solar_opex: 10
  solar_lifetime: 20
  carbon_price: 1.0
timeseries_values:
  load_level: 242134.68881215857
  wind_year: 2013
  solar_year: 2010
  price_year: 2023
  carbon_year: 2023
storage_values:
  CAES:
    cost: 65.1615
    lifetime: 28.4673
    annual_cost: 2.2889947413347946
    efficiency: 0.615693
    discharge_ratio: 0.1
    depth_of_discharge: 0.4
  Li-ion:
    cost: 160.488
    lifetime: 12.6302
    annual_cost: 12.70668714668018
    efficiency: 0.91437
    discharge_ratio: 2
    depth_of_discharge: 0.9
  Pb-acid:
    cost: 170.124
    lifetime: 12.1921
    annual_cost: 13.953625708450554
    efficiency: 0.752379
    discharge_ratio: 5
    depth_of_discharge: 0.5
  VRBF:
    cost: 213.545
    lifetime: 21.2375
    annual_cost: 10.055091230135373
    efficiency: 0.667634
    discharge_ratio: 0.5
    depth_of_discharge: 1.0
