cost_values:
  wind_capex: 5000.0
  wind_opex: 100
  wind_lifetime: 20
  solar_capex: 1000.0
  solar_opex: 10
  solar_lifetime: 20
  carbon_price: 1.0
timeseries_values:
  load_level: 242134.68881215857
  wind_year: 2013
  solar_year: 2010
  price_year: 2023
  carbon_year: 2023
storage_values:
  CAES:
    cost: 65.3096
    lifetime: 28.2946
    annual_cost: 2.3082001512656127
    efficiency: 0.607307
    discharge_ratio: 0.1
    depth_of_discharge: 0.4
  Li-ion:
    cost: 160.993
    lifetime: 11.3192
    annual_cost: 14.223001625556575
    efficiency: 0.928175
    discharge_ratio: 2
    depth_of_discharge: 0.9
  Pb-acid:
    cost: 175.985
    lifetime: 12.1588
    annual_cost: 14.473879001217227
    efficiency: 0.744732
    discharge_ratio: 5
    depth_of_discharge: 0.5
  VRBF:
    cost: 195.802
    lifetime: 22.812
    annual_cost: 8.583289496756093
    efficiency: 0.684379
    discharge_ratio: 0.5
    depth_of_discharge: 1.0
