cost_values:
  wind_capex: 5000.0
  wind_opex: 100
  wind_lifetime: 20
  solar_capex: 1000.0
  solar_opex: 10
  solar_lifetime: 20
  carbon_price: 1.0
timeseries_values:
  load_level: 242134.68881215857
  wind_year: 2013
  solar_year: 2010
  price_year: 2023
  carbon_year: 2023
storage_values:
  CAES:
    cost: 70.5987
    lifetime: 28.1477
    annual_cost: 2.5081516429406308
    efficiency: 0.611042
    discharge_ratio: 0.1
    depth_of_discharge: 0.4
  Li-ion:
    cost: 162.362
    lifetime: 11.8301
    annual_cost: 13.724482464222618
    efficiency: 0.922254
    discharge_ratio: 2
    depth_of_discharge: 0.9
  Pb-acid:
    cost: 160.388
    lifetime: 13.8136
    annual_cost: 11.610876237910466
    efficiency: 0.755564
    discharge_ratio: 5
    depth_of_discharge: 0.5
  VRBF:
    cost: 210.204
    lifetime: 20.2827
    annual_cost: 10.363708973657355
    efficiency: 0.652679
    discharge_ratio: 0.5
    depth_of_discharge: 1.0
