cost_values:
  wind_capex: 5000.0
  wind_opex: 100
  wind_lifetime: 20
  solar_capex: 1000.0
  solar_opex: 10
  solar_lifetime: 20
  carbon_price: 1.0
timeseries_values:
  load_level: 242134.68881215857
  wind_year: 2013
  solar_year: 2010
  price_year: 2023
  carbon_year: 2023
storage_values:
  CAES:
    cost: 65.9576
    lifetime: 28.9146
    annual_cost: 2.281117497734708
    efficiency: 0.620313
    discharge_ratio: 0.1
    depth_of_discharge: 0.4
  Li-ion:
    cost: 164.564
    lifetime: 14.5843
    annual_cost: 11.28364062724985
    efficiency: 0.935457
    discharge_ratio: 2
    depth_of_discharge: 0.9
  Pb-acid:
    cost: 156.769
    lifetime: 12.2641
    annual_cost: 12.78275617452565
    efficiency: 0.767329
    discharge_ratio: 5
    depth_of_discharge: 0.5
  VRBF:
    cost: 209.273
    lifetime: 20.6791
    annual_cost: 10.12002456586602
    efficiency: 0.664958
    discharge_ratio: 0.5
    depth_of_discharge: 1.0
