cost_values:
  wind_capex: 5000.0
  wind_opex: 100
  wind_lifetime: 20
  solar_capex: 1000.0
  solar_opex: 10
  solar_lifetime: 20
  carbon_price: 1.0
timeseries_values:
  load_level: 242134.68881215857
  wind_year: 2013
  solar_year: 2010
  price_year: 2023
  carbon_year: 2023
storage_values:
  CAES:
    cost: 68.3175
    lifetime: 29.0749
    annual_cost: 2.3497071357081194
    efficiency: 0.618373
    discharge_ratio: 0.1
    depth_of_discharge: 0.4
  Li-ion:
    cost: 179.759
    lifetime: 13.6892
    annual_cost: 13.131446687899949
    efficiency: 0.934039
    discharge_ratio: 2
    depth_of_discharge: 0.9
  Pb-acid:
    cost: 155.947
    lifetime: 12.1832
    annual_cost: 12.800167443692954
    efficiency: 0.741401
    discharge_ratio: 5
    depth_of_discharge: 0.5
  VRBF:
    cost: 212.417
    lifetime: 19.6594
    annual_cost: 10.804856709767337
    efficiency: 0.650262
    discharge_ratio: 0.5
    depth_of_discharge: 1.0
