cost_values:
  wind_capex: 5000.0
  wind_opex: 100
  wind_lifetime: 20
  solar_capex: 1000.0
  solar_opex: 10
  solar_lifetime: 20
  carbon_price: 1.0
timeseries_values:
  load_level: 242134.68881215857
  wind_year: 2013
  solar_year: 2010
  price_year: 2023
  carbon_year: 2023
storage_values:
  CAES:
    cost: 69.7857
    lifetime: 28.208
    annual_cost: 2.4739683777651735
    efficiency: 0.61127
    discharge_ratio: 0.1
    depth_of_discharge: 0.4
  Li-ion:
    cost: 170.328
    lifetime: 12.4945
    annual_cost: 13.632238184801313
    efficiency: 0.924413
    discharge_ratio: 2
    depth_of_discharge: 0.9
  Pb-acid:
    cost: 150.256
    lifetime: 10.7889
    annual_cost: 13.926906357459982
    efficiency: 0.74315
    discharge_ratio: 5
    depth_of_discharge: 0.5
  VRBF:
    cost: 149.935
    lifetime: 22.0314
    annual_cost: 6.805513948273827
    efficiency: 0.658537
    discharge_ratio: 0.5
    depth_of_discharge: 1.0
