cost_values:
  wind_capex: 5000.0
  wind_opex: 100
  wind_lifetime: 20
  solar_capex: 1000.0
  solar_opex: 10
  solar_lifetime: 20
  carbon_price: 1.0
timeseries_values:
  load_level: 240884.55874430586
  wind_year: 2011
  solar_year: 2018
  price_year: 2023
  carbon_year: 2023
storage_values:
  CAES:
    cost: 63.5917
    lifetime: 25.4052
    annual_cost: 2.503097791003417
    efficiency: 0.578714
    discharge_ratio: 0.1
    depth_of_discharge: 0.4
  Li-ion:
    cost: 136.174
    lifetime: 23.8003
    annual_cost: 5.721524518598505
    efficiency: 0.861772
    discharge_ratio: 2
    depth_of_discharge: 0.9
  Pb-acid:
    cost: 206.849
    lifetime: 15.6888
    annual_cost: 13.1845010453317
    efficiency: 0.659065
    discharge_ratio: 5
    depth_of_discharge: 0.5
  VRBF:
    cost: 147.56
    lifetime: 28.5156
    annual_cost: 5.1747113860483385
    efficiency: 0.75726
    discharge_ratio: 0.5
    depth_of_discharge: 1.0
