cost_values:
  wind_capex: 5000.0
  wind_opex: 100
  wind_lifetime: 20
  solar_capex: 1000.0
  solar_opex: 10
  solar_lifetime: 20
  carbon_price: 1.0
timeseries_values:
  load_level: 240884.55874430586
  wind_year: 2011
  solar_year: 2018
  price_year: 2023
  carbon_year: 2023
storage_values:
  CAES:
    cost: 63.4921
    lifetime: 24.8241
    annual_cost: 2.557679835321321
    efficiency: 0.571812
    discharge_ratio: 0.1
    depth_of_discharge: 0.4
  Li-ion:
    cost: 132.633
    lifetime: 23.6565
    annual_cost: 5.606619745101769
    efficiency: 0.865052
    discharge_ratio: 2
    depth_of_discharge: 0.9
  Pb-acid:
    cost: 208.672
    lifetime: 15.3899
    annual_cost: 13.55902247577957
    efficiency: 0.667994
    discharge_ratio: 5
    depth_of_discharge: 0.5
  VRBF:
    cost: 140.581
    lifetime: 27.9725
    annual_cost: 5.025685941549736
    efficiency: 0.73831
    discharge_ratio: 0.5
    depth_of_discharge: 1.0
