cost_values:
  wind_capex: 5000.0
  wind_opex: 100
  wind_lifetime: 20
  solar_capex: 1000.0
  solar_opex: 10
  solar_lifetime: 20
  carbon_price: 1.0
timeseries_values:
  load_level: 240884.55874430586
  wind_year: 2011
  solar_year: 2018
  price_year: 2023
  carbon_year: 2023
storage_values:
  CAES:
    cost: 58.8564
    lifetime: 24.343
    annual_cost: 2.417795670213203
    efficiency: 0.582591
    discharge_ratio: 0.1
    depth_of_discharge: 0.4
  Li-ion:
    cost: 124.103
    lifetime: 22.3519
    annual_cost: 5.552234933048197
    efficiency: 0.875913
    discharge_ratio: 2
    depth_of_discharge: 0.9
  Pb-acid:
    cost: 216.559
    lifetime: 16.7286
    annual_cost: 12.945434764415433
    efficiency: 0.6724
    discharge_ratio: 5
    depth_of_discharge: 0.5
  VRBF:
    cost: 137.2
    lifetime: 28.4071
    annual_cost: 4.8297784708752385
    efficiency: 0.743439
    discharge_ratio: 0.5
    depth_of_discharge: 1.0
