cost_values:
  wind_capex: 5000.0
  wind_opex: 100
  wind_lifetime: 20
  solar_capex: 1000.0
  solar_opex: 10
  solar_lifetime: 20
  carbon_price: 1.0
timeseries_values:
  load_level: 240884.55874430586
  wind_year: 2011
  solar_year: 2018
  price_year: 2023
  carbon_year: 2023
storage_values:
  CAES:
    cost: 64.6912
    lifetime: 25.1693
    annual_cost: 2.570242319015626
    efficiency: 0.581136
    discharge_ratio: 0.1
    depth_of_discharge: 0.4
  Li-ion:
    cost: 140.15
    lifetime: 22.4132
    annual_cost: 6.253011618153589
    efficiency: 0.862881
    discharge_ratio: 2
    depth_of_discharge: 0.9
  Pb-acid:
    cost: 204.43
    lifetime: 15.6734
    annual_cost: 13.043117638802046
    efficiency: 0.677515
    discharge_ratio: 5
    depth_of_discharge: 0.5
  VRBF:
    cost: 133.429
    lifetime: 29.8183
    annual_cost: 4.474735313549062
    efficiency: 0.762261
    discharge_ratio: 0.5
    depth_of_discharge: 1.0
