cost_values:
  wind_capex: 5000.0
  wind_opex: 100
  wind_lifetime: 20
  solar_capex: 1000.0
  solar_opex: 10
  solar_lifetime: 20
  carbon_price: 1.0
timeseries_values:
  load_level: 240884.55874430586
  wind_year: 2011
  solar_year: 2018
  price_year: 2023
  carbon_year: 2023
storage_values:
  CAES:
    cost: 61.8342
    lifetime: 25.0615
    annual_cost: 2.467298445823275
    efficiency: 0.574668
    discharge_ratio: 0.1
    depth_of_discharge: 0.4
  Li-ion:
    cost: 136.029
    lifetime: 23.6234
    annual_cost: 5.758231245290686
    efficiency: 0.861137
    discharge_ratio: 2
    depth_of_discharge: 0.9
  Pb-acid:
    cost: 188.793
    lifetime: 14.6378
    annual_cost: 12.897634890489009
    efficiency: 0.688346
    discharge_ratio: 5
    depth_of_discharge: 0.5
  VRBF:
    cost: 135.254
    lifetime: 28.4668
    annual_cost: 4.751289221127769
    efficiency: 0.746734
    discharge_ratio: 0.5
    depth_of_discharge: 1.0
