cost_values:
  wind_capex: 5000.0
  wind_opex: 100
  wind_lifetime: 20
  solar_capex: 1000.0
  solar_opex: 10
  solar_lifetime: 20
  carbon_price: 1.0
timeseries_values:
  load_level: 240884.55874430586
  wind_year: 2011
  solar_year: 2018
  price_year: 2023
  carbon_year: 2023
storage_values:
  CAES:
    cost: 59.2023
    lifetime: 24.9129
    annual_cost: 2.3763712775309176
    efficiency: 0.582688
    discharge_ratio: 0.1
    depth_of_discharge: 0.4
  Li-ion:
    cost: 114.354
    lifetime: 20.7099
    annual_cost: 5.521707009691017
    efficiency: 0.859917
    discharge_ratio: 2
    depth_of_discharge: 0.9
  Pb-acid:
    cost: 225.048
    lifetime: 17.5633
    annual_cost: 12.813537319296486
    efficiency: 0.689213
    discharge_ratio: 5
    depth_of_discharge: 0.5
  VRBF:
    cost: 122.388
    lifetime: 29.2381
    annual_cost: 4.185908113044282
    efficiency: 0.759807
    discharge_ratio: 0.5
    depth_of_discharge: 1.0
