cost_values:
  wind_capex: 5000.0
  wind_opex: 100
  wind_lifetime: 20
  solar_capex: 1000.0
  solar_opex: 10
  solar_lifetime: 20
  carbon_price: 1.0
timeseries_values:
  load_level: 240884.55874430586
  wind_year: 2011
  solar_year: 2018
  price_year: 2023
  carbon_year: 2023
storage_values:
  CAES:
    cost: 64.6878
    lifetime: 25.4154
    annual_cost: 2.5452206142732354
    efficiency: 0.573987
    discharge_ratio: 0.1
    depth_of_discharge: 0.4
  Li-ion:
    cost: 141.278
    lifetime: 24.0099
    annual_cost: 5.884156118934273
    efficiency: 0.854932
    discharge_ratio: 2
    depth_of_discharge: 0.9
  Pb-acid:
    cost: 193.399
    lifetime: 15.2703
    annual_cost: 12.665042599032107
    efficiency: 0.668067
    discharge_ratio: 5
    depth_of_discharge: 0.5
  VRBF:
    cost: 129.511
    lifetime: 28.7362
    annual_cost: 4.506893743779623
    efficiency: 0.756442
    discharge_ratio: 0.5
    depth_of_discharge: 1.0
