cost_values:
  wind_capex: 5000.0
  wind_opex: 100
  wind_lifetime: 20
  solar_capex: 1000.0
  solar_opex: 10
  solar_lifetime: 20
  carbon_price: 1.0
timeseries_values:
  load_level: 240884.55874430586
  wind_year: 2011
  solar_year: 2018
  price_year: 2023
  carbon_year: 2023
storage_values:
  CAES:
    cost: 64.416
    lifetime: 24.4503
    annual_cost: 2.6345689009950797
    efficiency: 0.590475
    discharge_ratio: 0.1
    depth_of_discharge: 0.4
  Li-ion:
    cost: 142.919
    lifetime: 24.1097
    annual_cost: 5.927863059266603
    efficiency: 0.872367
    discharge_ratio: 2
    depth_of_discharge: 0.9
  Pb-acid:
    cost: 209.9
    lifetime: 15.1103
    annual_cost: 13.891186806350635
    efficiency: 0.684973
    discharge_ratio: 5
    depth_of_discharge: 0.5
  VRBF:
    cost: 195.863
    lifetime: 28.5193
    annual_cost: 6.867735182841093
    efficiency: 0.775222
    discharge_ratio: 0.5
    depth_of_discharge: 1.0
