cost_values:
  wind_capex: 5000.0
  wind_opex: 100
  wind_lifetime: 20
  solar_capex: 1000.0
  solar_opex: 10
  solar_lifetime: 20
  carbon_price: 1.0
timeseries_values:
  load_level: 240884.55874430586
  wind_year: 2011
  solar_year: 2018
  price_year: 2023
  carbon_year: 2023
storage_values:
  CAES:
    cost: 65.7671
    lifetime: 24.1055
    annual_cost: 2.728302669515256
    efficiency: 0.585943
    discharge_ratio: 0.1
    depth_of_discharge: 0.4
  Li-ion:
    cost: 125.431
    lifetime: 21.0981
    annual_cost: 5.945132500082946
    efficiency: 0.870903
    discharge_ratio: 2
    depth_of_discharge: 0.9
  Pb-acid:
    cost: 202.069
    lifetime: 16.7853
    annual_cost: 12.03845031068852
    efficiency: 0.681489
    discharge_ratio: 5
    depth_of_discharge: 0.5
  VRBF:
    cost: 136.783
    lifetime: 29.9628
    annual_cost: 4.5650940499552775
    efficiency: 0.75072
    discharge_ratio: 0.5
    depth_of_discharge: 1.0
