cost_values:
  wind_capex: 5000.0
  wind_opex: 100
  wind_lifetime: 20
  solar_capex: 1000.0
  solar_opex: 10
  solar_lifetime: 20
  carbon_price: 1.0
timeseries_values:
  load_level: 240884.55874430586
  wind_year: 2011
  solar_year: 2018
  price_year: 2023
  carbon_year: 2023
storage_values:
  CAES:
    cost: 65.0667
    lifetime: 25.3433
    annual_cost: 2.567412294373661
    efficiency: 0.5824
    discharge_ratio: 0.1
    depth_of_discharge: 0.4
  Li-ion:
    cost: 135.128
    lifetime: 23.1277
    annual_cost: 5.842690799344508
    efficiency: 0.856582
    discharge_ratio: 2
    depth_of_discharge: 0.9
  Pb-acid:
    cost: 192.748
    lifetime: 17.0519
    annual_cost: 11.303608395545364
    efficiency: 0.680916
    discharge_ratio: 5
    depth_of_discharge: 0.5
  VRBF:
    cost: 165.692
    lifetime: 27.9613
    annual_cost: 5.925761677747458
    efficiency: 0.76309
    discharge_ratio: 0.5
    depth_of_discharge: 1.0
