cost_values:
  wind_capex: 5000.0
  wind_opex: 100
  wind_lifetime: 20
  solar_capex: 1000.0
  solar_opex: 10
  solar_lifetime: 20
  carbon_price: 1.0
timeseries_values:
  load_level: 240884.55874430586
  wind_year: 2011
  solar_year: 2018
  price_year: 2023
  carbon_year: 2023
storage_values:
  CAES:
    cost: 63.2773
    lifetime: 25.328
    annual_cost: 2.4983141187618445
    efficiency: 0.583951
    discharge_ratio: 0.1
    depth_of_discharge: 0.4
  Li-ion:
    cost: 128.917
    lifetime: 24.7386
    annual_cost: 5.211167972318562
    efficiency: 0.869189
    discharge_ratio: 2
    depth_of_discharge: 0.9
  Pb-acid:
    cost: 204.483
    lifetime: 15.2784
    annual_cost: 13.383796732642162
    efficiency: 0.663766
    discharge_ratio: 5
    depth_of_discharge: 0.5
  VRBF:
    cost: 135.295
    lifetime: 29.7099
    annual_cost: 4.553869248970881
    efficiency: 0.754684
    discharge_ratio: 0.5
    depth_of_discharge: 1.0
