cost_values:
  wind_capex: 5000.0
  wind_opex: 100
  wind_lifetime: 20
  solar_capex: 1000.0
  solar_opex: 10
  solar_lifetime: 20
  carbon_price: 1.0
timeseries_values:
  load_level: 240884.55874430586
  wind_year: 2011
  solar_year: 2018
  price_year: 2023
  carbon_year: 2023
storage_values:
  CAES:
    cost: 61.0649
    lifetime: 25.8778
    annual_cost: 2.3597407816738674
    efficiency: 0.579763
    discharge_ratio: 0.1
    depth_of_discharge: 0.4
  Li-ion:
    cost: 137.942
    lifetime: 22.3345
    annual_cost: 6.176184826165798
    efficiency: 0.85571
    discharge_ratio: 2
    depth_of_discharge: 0.9
  Pb-acid:
    cost: 215.689
    lifetime: 12.4154
    annual_cost: 17.372698422926366
    efficiency: 0.660822
    discharge_ratio: 5
    depth_of_discharge: 0.5
  VRBF:
    cost: 191.673
    lifetime: 29.2762
    annual_cost: 6.547058702973747
    efficiency: 0.739942
    discharge_ratio: 0.5
    depth_of_discharge: 1.0
