cost_values:
  wind_capex: 5000.0
  wind_opex: 100
  wind_lifetime: 20
  solar_capex: 1000.0
  solar_opex: 10
  solar_lifetime: 20
  carbon_price: 1.0
timeseries_values:
  load_level: 240884.55874430586
  wind_year: 2011
  solar_year: 2018
  price_year: 2023
  carbon_year: 2023
storage_values:
  CAES:
    cost: 65.1278
    lifetime: 25.0179
    annual_cost: 2.6032480743787443
    efficiency: 0.573244
    discharge_ratio: 0.1
    depth_of_discharge: 0.4
  Li-ion:
    cost: 134.118
    lifetime: 21.4355
    annual_cost: 6.256816962515453
    efficiency: 0.867682
    discharge_ratio: 2
    depth_of_discharge: 0.9
  Pb-acid:
    cost: 211.119
    lifetime: 14.3878
    annual_cost: 14.673473359373913
    efficiency: 0.687155
    discharge_ratio: 5
    depth_of_discharge: 0.5
  VRBF:
    cost: 136.541
    lifetime: 29.3471
    annual_cost: 4.652623257493926
    efficiency: 0.762369
    discharge_ratio: 0.5
    depth_of_discharge: 1.0
