cost_values:
  wind_capex: 5000.0
  wind_opex: 100
  wind_lifetime: 20
  solar_capex: 1000.0
  solar_opex: 10
  solar_lifetime: 20
  carbon_price: 1.0
timeseries_values:
  load_level: 240884.55874430586
  wind_year: 2011
  solar_year: 2018
  price_year: 2023
  carbon_year: 2023
storage_values:
  CAES:
    cost: 59.5295
    lifetime: 25.1211
    annual_cost: 2.369701167544415
    efficiency: 0.581725
    discharge_ratio: 0.1
    depth_of_discharge: 0.4
  Li-ion:
    cost: 161.632
    lifetime: 23.5806
    annual_cost: 6.854448148053909
    efficiency: 0.858728
    discharge_ratio: 2
    depth_of_discharge: 0.9
  Pb-acid:
    cost: 203.255
    lifetime: 14.8981
    annual_cost: 13.64301488109222
    efficiency: 0.684726
    discharge_ratio: 5
    depth_of_discharge: 0.5
  VRBF:
    cost: 134.593
    lifetime: 28.1868
    annual_cost: 4.7750365419274265
    efficiency: 0.756121
    discharge_ratio: 0.5
    depth_of_discharge: 1.0
