cost_values:
  wind_capex: 5000.0
  wind_opex: 100
  wind_lifetime: 20
  solar_capex: 1000.0
  solar_opex: 10
  solar_lifetime: 20
  carbon_price: 1.0
timeseries_values:
  load_level: 240884.55874430586
  wind_year: 2011
  solar_year: 2018
  price_year: 2023
  carbon_year: 2023
storage_values:
  CAES:
    cost: 57.7935
    lifetime: 26.2447
    annual_cost: 2.2021017576882187
    efficiency: 0.593017
    discharge_ratio: 0.1
    depth_of_discharge: 0.4
  Li-ion:
    cost: 125.617
    lifetime: 21.3543
    annual_cost: 5.88251546526929
    efficiency: 0.866037
    discharge_ratio: 2
    depth_of_discharge: 0.9
  Pb-acid:
    cost: 208.686
    lifetime: 15.6696
    annual_cost: 13.317889416449686
    efficiency: 0.66915
    discharge_ratio: 5
    depth_of_discharge: 0.5
  VRBF:
    cost: 158.507
    lifetime: 28.4638
    annual_cost: 5.568722377194893
    efficiency: 0.737593
    discharge_ratio: 0.5
    depth_of_discharge: 1.0
