cost_values:
  wind_capex: 5000.0
  wind_opex: 100
  wind_lifetime: 20
  solar_capex: 1000.0
  solar_opex: 10
  solar_lifetime: 20
  carbon_price: 1.0
timeseries_values:
  load_level: 240884.55874430586
  wind_year: 2011
  solar_year: 2018
  price_year: 2023
  carbon_year: 2023
storage_values:
  CAES:
    cost: 57.4491
    lifetime: 25.5815
    annual_cost: 2.2457283583839884
    efficiency: 0.578618
    discharge_ratio: 0.1
    depth_of_discharge: 0.4
  Li-ion:
    cost: 156.62
    lifetime: 19.7783
    annual_cost: 7.918779672671564
    efficiency: 0.872879
    discharge_ratio: 2
    depth_of_discharge: 0.9
  Pb-acid:
    cost: 204.784
    lifetime: 15.2475
    annual_cost: 13.430660764059681
    efficiency: 0.690075
    discharge_ratio: 5
    depth_of_discharge: 0.5
  VRBF:
    cost: 130.737
    lifetime: 28.3824
    annual_cost: 4.606270082868256
    efficiency: 0.758831
    discharge_ratio: 0.5
    depth_of_discharge: 1.0
