cost_values:
  wind_capex: 5000.0
  wind_opex: 100
  wind_lifetime: 20
  solar_capex: 1000.0
  solar_opex: 10
  solar_lifetime: 20
  carbon_price: 1.0
timeseries_values:
  load_level: 240884.55874430586
  wind_year: 2011
  solar_year: 2018
  price_year: 2023
  carbon_year: 2023
storage_values:
  CAES:
    cost: 63.5599
    lifetime: 25.5438
    annual_cost: 2.4882711264573008
    efficiency: 0.579455
    discharge_ratio: 0.1
    depth_of_discharge: 0.4
  Li-ion:
    cost: 125.384
    lifetime: 23.3275
    annual_cost: 5.374943735933983
    efficiency: 0.864985
    discharge_ratio: 2
    depth_of_discharge: 0.9
  Pb-acid:
    cost: 216.051
    lifetime: 17.6806
    annual_cost: 12.21966449102406
    efficiency: 0.685173
    discharge_ratio: 5
    depth_of_discharge: 0.5
  VRBF:
    cost: 164.706
    lifetime: 29.1575
    annual_cost: 5.648838206293406
    efficiency: 0.759808
    discharge_ratio: 0.5
    depth_of_discharge: 1.0
