cost_values:
  wind_capex: 5000.0
  wind_opex: 100
  wind_lifetime: 20
  solar_capex: 1000.0
  solar_opex: 10
  solar_lifetime: 20
  carbon_price: 1.0
timeseries_values:
  load_level: 240884.55874430586
  wind_year: 2011
  solar_year: 2018
  price_year: 2023
  carbon_year: 2023
storage_values:
  CAES:
    cost: 60.4012
    lifetime: 25.106
    annual_cost: 2.4058472078387636
    efficiency: 0.580592
    discharge_ratio: 0.1
    depth_of_discharge: 0.4
  Li-ion:
    cost: 123.351
    lifetime: 21.7465
    annual_cost: 5.672223116363552
    efficiency: 0.870765
    discharge_ratio: 2
    depth_of_discharge: 0.9
  Pb-acid:
    cost: 193.75
    lifetime: 15.7879
    annual_cost: 12.272056448292679
    efficiency: 0.677119
    discharge_ratio: 5
    depth_of_discharge: 0.5
  VRBF:
    cost: 153.457
    lifetime: 27.381
    annual_cost: 5.604506774770826
    efficiency: 0.766426
    discharge_ratio: 0.5
    depth_of_discharge: 1.0
