cost_values:
  wind_capex: 5000.0
  wind_opex: 100
  wind_lifetime: 20
  solar_capex: 1000.0
  solar_opex: 10
  solar_lifetime: 20
  carbon_price: 1.0
timeseries_values:
  load_level: 240884.55874430586
  wind_year: 2011
  solar_year: 2018
  price_year: 2023
  carbon_year: 2023
storage_values:
  CAES:
    cost: 66.0942
    lifetime: 25.2112
    annual_cost: 2.6216205495970044
    efficiency: 0.58577
    discharge_ratio: 0.1
    depth_of_discharge: 0.4
  Li-ion:
    cost: 148.781
    lifetime: 24.0202
    annual_cost: 6.193995054162746
    efficiency: 0.873121
    discharge_ratio: 2
    depth_of_discharge: 0.9
  Pb-acid:
    cost: 185.142
    lifetime: 15.3263
    annual_cost: 12.08001931320671
    efficiency: 0.682663
    discharge_ratio: 5
    depth_of_discharge: 0.5
  VRBF:
    cost: 161.433
    lifetime: 28.3449
    annual_cost: 5.695310267455521
    efficiency: 0.759204
    discharge_ratio: 0.5
    depth_of_discharge: 1.0
