cost_values:
  wind_capex: 5000.0
  wind_opex: 100
  wind_lifetime: 20
  solar_capex: 1000.0
  solar_opex: 10
  solar_lifetime: 20
  carbon_price: 1.0
timeseries_values:
  load_level: 240884.55874430586
  wind_year: 2011
  solar_year: 2018
  price_year: 2023
  carbon_year: 2023
storage_values:
  CAES:
    cost: 61.9042
    lifetime: 25.3564
    annual_cost: 2.441363916013314
    efficiency: 0.579114
    discharge_ratio: 0.1
    depth_of_discharge: 0.4
  Li-ion:
    cost: 140.186
    lifetime: 21.0481
    annual_cost: 6.660268622821062
    efficiency: 0.873146
    discharge_ratio: 2
    depth_of_discharge: 0.9
  Pb-acid:
    cost: 204.543
    lifetime: 15.3148
    annual_cost: 13.355904092773004
    efficiency: 0.669329
    discharge_ratio: 5
    depth_of_discharge: 0.5
  VRBF:
    cost: 124.913
    lifetime: 28.7268
    annual_cost: 4.348308896222343
    efficiency: 0.736681
    discharge_ratio: 0.5
    depth_of_discharge: 1.0
