cost_values:
  wind_capex: 5000.0
  wind_opex: 100
  wind_lifetime: 20
  solar_capex: 1000.0
  solar_opex: 10
  solar_lifetime: 20
  carbon_price: 1.0
timeseries_values:
  load_level: 240884.55874430586
  wind_year: 2011
  solar_year: 2018
  price_year: 2023
  carbon_year: 2023
storage_values:
  CAES:
    cost: 60.8573
    lifetime: 25.2846
    annual_cost: 2.406891942130783
    efficiency: 0.579857
    discharge_ratio: 0.1
    depth_of_discharge: 0.4
  Li-ion:
    cost: 127.152
    lifetime: 22.0488
    annual_cost: 5.766844454119952
    efficiency: 0.870102
    discharge_ratio: 2
    depth_of_discharge: 0.9
  Pb-acid:
    cost: 226.743
    lifetime: 15.2064
    annual_cost: 14.911024305555555
    efficiency: 0.672319
    discharge_ratio: 5
    depth_of_discharge: 0.5
  VRBF:
    cost: 139.801
    lifetime: 28.6188
    annual_cost: 4.884935776482592
    efficiency: 0.753512
    discharge_ratio: 0.5
    depth_of_discharge: 1.0
