cost_values:
  wind_capex: 5000.0
  wind_opex: 100
  wind_lifetime: 20
  solar_capex: 1000.0
  solar_opex: 10
  solar_lifetime: 20
  carbon_price: 1.0
timeseries_values:
  load_level: 240884.55874430586
  wind_year: 2011
  solar_year: 2018
  price_year: 2023
  carbon_year: 2023
storage_values:
  CAES:
    cost: 56.7852
    lifetime: 25.2394
    annual_cost: 2.249863308953462
    efficiency: 0.577763
    discharge_ratio: 0.1
    depth_of_discharge: 0.4
  Li-ion:
    cost: 134.258
    lifetime: 22.7178
    annual_cost: 5.909815210979937
    efficiency: 0.863161
    discharge_ratio: 2
    depth_of_discharge: 0.9
  Pb-acid:
    cost: 208.433
    lifetime: 16.0904
    annual_cost: 12.953873116889575
    efficiency: 0.68756
    discharge_ratio: 5
    depth_of_discharge: 0.5
  VRBF:
    cost: 138.752
    lifetime: 28.368
    annual_cost: 4.891144952058658
    efficiency: 0.755249
    discharge_ratio: 0.5
    depth_of_discharge: 1.0
