cost_values:
  wind_capex: 5000.0
  wind_opex: 100
  wind_lifetime: 20
  solar_capex: 1000.0
  solar_opex: 10
  solar_lifetime: 20
  carbon_price: 1.0
timeseries_values:
  load_level: 240884.55874430586
  wind_year: 2011
  solar_year: 2018
  price_year: 2023
  carbon_year: 2023
storage_values:
  CAES:
    cost: 64.6427
    lifetime: 24.7202
    annual_cost: 2.6149747979385283
    efficiency: 0.588695
    discharge_ratio: 0.1
    depth_of_discharge: 0.4
  Li-ion:
    cost: 131.919
    lifetime: 23.898
    annual_cost: 5.520085362791866
    efficiency: 0.869298
    discharge_ratio: 2
    depth_of_discharge: 0.9
  Pb-acid:
    cost: 206.129
    lifetime: 15.4375
    annual_cost: 13.352485829959514
    efficiency: 0.674912
    discharge_ratio: 5
    depth_of_discharge: 0.5
  VRBF:
    cost: 142.98
    lifetime: 28.6734
    annual_cost: 4.986503170185607
    efficiency: 0.760585
    discharge_ratio: 0.5
    depth_of_discharge: 1.0
