cost_values:
  wind_capex: 5000.0
  wind_opex: 100
  wind_lifetime: 20
  solar_capex: 1000.0
  solar_opex: 10
  solar_lifetime: 20
  carbon_price: 1.0
timeseries_values:
  load_level: 240884.55874430586
  wind_year: 2011
  solar_year: 2018
  price_year: 2023
  carbon_year: 2023
storage_values:
  CAES:
    cost: 64.4846
    lifetime: 24.4474
    annual_cost: 2.6376874432454986
    efficiency: 0.594402
    discharge_ratio: 0.1
    depth_of_discharge: 0.4
  Li-ion:
    cost: 154.048
    lifetime: 23.2848
    annual_cost: 6.6158180443894725
    efficiency: 0.862311
    discharge_ratio: 2
    depth_of_discharge: 0.9
  Pb-acid:
    cost: 202.048
    lifetime: 13.4294
    annual_cost: 15.045199338764204
    efficiency: 0.681888
    discharge_ratio: 5
    depth_of_discharge: 0.5
  VRBF:
    cost: 151.772
    lifetime: 29.2526
    annual_cost: 5.188325140329406
    efficiency: 0.749653
    discharge_ratio: 0.5
    depth_of_discharge: 1.0
