cost_values:
  wind_capex: 5000.0
  wind_opex: 100
  wind_lifetime: 20
  solar_capex: 1000.0
  solar_opex: 10
  solar_lifetime: 20
  carbon_price: 1.0
timeseries_values:
  load_level: 240884.55874430586
  wind_year: 2011
  solar_year: 2018
  price_year: 2023
  carbon_year: 2023
storage_values:
  CAES:
    cost: 65.5939
    lifetime: 24.8686
    annual_cost: 2.6376193271836774
    efficiency: 0.573916
    discharge_ratio: 0.1
    depth_of_discharge: 0.4
  Li-ion:
    cost: 121.433
    lifetime: 22.8581
    annual_cost: 5.31247129026472
    efficiency: 0.862645
    discharge_ratio: 2
    depth_of_discharge: 0.9
  Pb-acid:
    cost: 203.301
    lifetime: 15.7475
    annual_cost: 12.910049214160976
    efficiency: 0.681457
    discharge_ratio: 5
    depth_of_discharge: 0.5
  VRBF:
    cost: 152.098
    lifetime: 29.9864
    annual_cost: 5.0722327455112985
    efficiency: 0.757795
    discharge_ratio: 0.5
    depth_of_discharge: 1.0
