cost_values:
  wind_capex: 5000.0
  wind_opex: 100
  wind_lifetime: 20
  solar_capex: 1000.0
  solar_opex: 10
  solar_lifetime: 20
  carbon_price: 1.0
timeseries_values:
  load_level: 240884.55874430586
  wind_year: 2011
  solar_year: 2018
  price_year: 2023
  carbon_year: 2023
storage_values:
  CAES:
    cost: 63.5108
    lifetime: 24.844
    annual_cost: 2.5563838351312187
    efficiency: 0.583465
    discharge_ratio: 0.1
    depth_of_discharge: 0.4
  Li-ion:
    cost: 133.018
    lifetime: 20.9918
    annual_cost: 6.336664792919139
    efficiency: 0.862019
    discharge_ratio: 2
    depth_of_discharge: 0.9
  Pb-acid:
    cost: 209.842
    lifetime: 15.6858
    annual_cost: 13.377832179423429
    efficiency: 0.65526
    discharge_ratio: 5
    depth_of_discharge: 0.5
  VRBF:
    cost: 151.037
    lifetime: 27.5564
    annual_cost: 5.481013485070619
    efficiency: 0.748035
    discharge_ratio: 0.5
    depth_of_discharge: 1.0
