cost_values:
  wind_capex: 5000.0
  wind_opex: 100
  wind_lifetime: 20
  solar_capex: 1000.0
  solar_opex: 10
  solar_lifetime: 20
  carbon_price: 1.0
timeseries_values:
  load_level: 240884.55874430586
  wind_year: 2011
  solar_year: 2018
  price_year: 2023
  carbon_year: 2023
storage_values:
  CAES:
    cost: 62.3113
    lifetime: 24.1656
    annual_cost: 2.5785124308935017
    efficiency: 0.580155
    discharge_ratio: 0.1
    depth_of_discharge: 0.4
  Li-ion:
    cost: 150.78
    lifetime: 21.2691
    annual_cost: 7.08915751019084
    efficiency: 0.855972
    discharge_ratio: 2
    depth_of_discharge: 0.9
  Pb-acid:
    cost: 207.935
    lifetime: 15.4953
    annual_cost: 13.419230347266591
    efficiency: 0.66357
    discharge_ratio: 5
    depth_of_discharge: 0.5
  VRBF:
    cost: 129.976
    lifetime: 28.5459
    annual_cost: 4.553228309494534
    efficiency: 0.751711
    discharge_ratio: 0.5
    depth_of_discharge: 1.0
