cost_values:
  wind_capex: 5000.0
  wind_opex: 100
  wind_lifetime: 20
  solar_capex: 1000.0
  solar_opex: 10
  solar_lifetime: 20
  carbon_price: 1.0
timeseries_values:
  load_level: 240884.55874430586
  wind_year: 2011
  solar_year: 2018
  price_year: 2023
  carbon_year: 2023
storage_values:
  CAES:
    cost: 66.0493
    lifetime: 24.7843
    annual_cost: 2.664965320787757
    efficiency: 0.565994
    discharge_ratio: 0.1
    depth_of_discharge: 0.4
  Li-ion:
    cost: 121.853
    lifetime: 23.0646
    annual_cost: 5.283117851599421
    efficiency: 0.88196
    discharge_ratio: 2
    depth_of_discharge: 0.9
  Pb-acid:
    cost: 213.044
    lifetime: 14.1517
    annual_cost: 15.054304429856485
    efficiency: 0.652424
    discharge_ratio: 5
    depth_of_discharge: 0.5
  VRBF:
    cost: 112.843
    lifetime: 28.6979
    annual_cost: 3.9320995612919414
    efficiency: 0.763797
    discharge_ratio: 0.5
    depth_of_discharge: 1.0
