cost_values:
  wind_capex: 5000.0
  wind_opex: 100
  wind_lifetime: 20
  solar_capex: 1000.0
  solar_opex: 10
  solar_lifetime: 20
  carbon_price: 1.0
timeseries_values:
  load_level: 240884.55874430586
  wind_year: 2011
  solar_year: 2018
  price_year: 2023
  carbon_year: 2023
storage_values:
  CAES:
    cost: 60.2318
    lifetime: 23.9239
    annual_cost: 2.517641354461438
    efficiency: 0.578508
    discharge_ratio: 0.1
    depth_of_discharge: 0.4
  Li-ion:
    cost: 133.409
    lifetime: 23.5314
    annual_cost: 5.669403435409707
    efficiency: 0.851899
    discharge_ratio: 2
    depth_of_discharge: 0.9
  Pb-acid:
    cost: 194.422
    lifetime: 16.9871
    annual_cost: 11.445273177882038
    efficiency: 0.678528
    discharge_ratio: 5
    depth_of_discharge: 0.5
  VRBF:
    cost: 152.361
    lifetime: 29.441
    annual_cost: 5.175129920858667
    efficiency: 0.747727
    discharge_ratio: 0.5
    depth_of_discharge: 1.0
