cost_values:
  wind_capex: 5000.0
  wind_opex: 100
  wind_lifetime: 20
  solar_capex: 1000.0
  solar_opex: 10
  solar_lifetime: 20
  carbon_price: 1.0
timeseries_values:
  load_level: 240884.55874430586
  wind_year: 2011
  solar_year: 2018
  price_year: 2023
  carbon_year: 2023
storage_values:
  CAES:
    cost: 60.476
    lifetime: 25.3601
    annual_cost: 2.384690912102082
    efficiency: 0.585904
    discharge_ratio: 0.1
    depth_of_discharge: 0.4
  Li-ion:
    cost: 141.868
    lifetime: 23.5954
    annual_cost: 6.012527865600922
    efficiency: 0.872185
    discharge_ratio: 2
    depth_of_discharge: 0.9
  Pb-acid:
    cost: 188.235
    lifetime: 16.6918
    annual_cost: 11.277094142033814
    efficiency: 0.667361
    discharge_ratio: 5
    depth_of_discharge: 0.5
  VRBF:
    cost: 128.87
    lifetime: 27.5502
    annual_cost: 4.6776429935172885
    efficiency: 0.754053
    discharge_ratio: 0.5
    depth_of_discharge: 1.0
