cost_values:
  wind_capex: 5000.0
  wind_opex: 100
  wind_lifetime: 20
  solar_capex: 1000.0
  solar_opex: 10
  solar_lifetime: 20
  carbon_price: 1.0
timeseries_values:
  load_level: 240884.55874430586
  wind_year: 2011
  solar_year: 2018
  price_year: 2023
  carbon_year: 2023
storage_values:
  CAES:
    cost: 56.9508
    lifetime: 25.7375
    annual_cost: 2.2127557066537156
    efficiency: 0.575794
    discharge_ratio: 0.1
    depth_of_discharge: 0.4
  Li-ion:
    cost: 144.326
    lifetime: 22.368
    annual_cost: 6.452342632331903
    efficiency: 0.867727
    discharge_ratio: 2
    depth_of_discharge: 0.9
  Pb-acid:
    cost: 184.944
    lifetime: 17.4203
    annual_cost: 10.616579507815594
    efficiency: 0.674252
    discharge_ratio: 5
    depth_of_discharge: 0.5
  VRBF:
    cost: 152.822
    lifetime: 28.2068
    annual_cost: 5.4179134109505505
    efficiency: 0.747601
    discharge_ratio: 0.5
    depth_of_discharge: 1.0
