cost_values:
  wind_capex: 5000.0
  wind_opex: 100
  wind_lifetime: 20
  solar_capex: 1000.0
  solar_opex: 10
  solar_lifetime: 20
  carbon_price: 1.0
timeseries_values:
  load_level: 240884.55874430586
  wind_year: 2011
  solar_year: 2018
  price_year: 2023
  carbon_year: 2023
storage_values:
  CAES:
    cost: 62.8765
    lifetime: 24.338
    annual_cost: 2.583470293368395
    efficiency: 0.572223
    discharge_ratio: 0.1
    depth_of_discharge: 0.4
  Li-ion:
    cost: 120.429
    lifetime: 22.3181
    annual_cost: 5.396023855077269
    efficiency: 0.876232
    discharge_ratio: 2
    depth_of_discharge: 0.9
  Pb-acid:
    cost: 203.869
    lifetime: 14.8393
    annual_cost: 13.738451274655812
    efficiency: 0.671051
    discharge_ratio: 5
    depth_of_discharge: 0.5
  VRBF:
    cost: 148.249
    lifetime: 26.9063
    annual_cost: 5.50982483656244
    efficiency: 0.744605
    discharge_ratio: 0.5
    depth_of_discharge: 1.0
