cost_values:
  wind_capex: 5000.0
  wind_opex: 100
  wind_lifetime: 20
  solar_capex: 1000.0
  solar_opex: 10
  solar_lifetime: 20
  carbon_price: 1.0
timeseries_values:
  load_level: 240884.55874430586
  wind_year: 2011
  solar_year: 2018
  price_year: 2023
  carbon_year: 2023
storage_values:
  CAES:
    cost: 61.2602
    lifetime: 24.6249
    annual_cost: 2.4877339603409556
    efficiency: 0.582989
    discharge_ratio: 0.1
    depth_of_discharge: 0.4
  Li-ion:
    cost: 146.39
    lifetime: 22.5051
    annual_cost: 6.504747812718006
    efficiency: 0.853615
    discharge_ratio: 2
    depth_of_discharge: 0.9
  Pb-acid:
    cost: 214.548
    lifetime: 14.4869
    annual_cost: 14.8097936756656
    efficiency: 0.658845
    discharge_ratio: 5
    depth_of_discharge: 0.5
  VRBF:
    cost: 167.299
    lifetime: 28.7648
    annual_cost: 5.816101624207365
    efficiency: 0.767938
    discharge_ratio: 0.5
    depth_of_discharge: 1.0
