cost_values:
  wind_capex: 5000.0
  wind_opex: 100
  wind_lifetime: 20
  solar_capex: 1000.0
  solar_opex: 10
  solar_lifetime: 20
  carbon_price: 1.0
timeseries_values:
  load_level: 240884.55874430586
  wind_year: 2011
  solar_year: 2018
  price_year: 2023
  carbon_year: 2023
storage_values:
  CAES:
    cost: 59.529
    lifetime: 24.9511
    annual_cost: 2.3858266769801735
    efficiency: 0.577994
    discharge_ratio: 0.1
    depth_of_discharge: 0.4
  Li-ion:
    cost: 134.277
    lifetime: 20.5928
    annual_cost: 6.520580008546676
    efficiency: 0.86831
    discharge_ratio: 2
    depth_of_discharge: 0.9
  Pb-acid:
    cost: 214.215
    lifetime: 15.6129
    annual_cost: 13.720385066195263
    efficiency: 0.687861
    discharge_ratio: 5
    depth_of_discharge: 0.5
  VRBF:
    cost: 117.704
    lifetime: 28.9214
    annual_cost: 4.069789152668958
    efficiency: 0.756645
    discharge_ratio: 0.5
    depth_of_discharge: 1.0
