cost_values:
  wind_capex: 5000.0
  wind_opex: 100
  wind_lifetime: 20
  solar_capex: 1000.0
  solar_opex: 10
  solar_lifetime: 20
  carbon_price: 1.0
timeseries_values:
  load_level: 240884.55874430586
  wind_year: 2011
  solar_year: 2018
  price_year: 2023
  carbon_year: 2023
storage_values:
  CAES:
    cost: 61.8533
    lifetime: 24.3563
    annual_cost: 2.53951954935684
    efficiency: 0.578538
    discharge_ratio: 0.1
    depth_of_discharge: 0.4
  Li-ion:
    cost: 117.094
    lifetime: 22.384
    annual_cost: 5.2311472480343095
    efficiency: 0.871064
    discharge_ratio: 2
    depth_of_discharge: 0.9
  Pb-acid:
    cost: 206.901
    lifetime: 15.6112
    annual_cost: 13.253369375832737
    efficiency: 0.679087
    discharge_ratio: 5
    depth_of_discharge: 0.5
  VRBF:
    cost: 140.165
    lifetime: 26.5308
    annual_cost: 5.283104919565185
    efficiency: 0.74454
    discharge_ratio: 0.5
    depth_of_discharge: 1.0
