cost_values:
  wind_capex: 5000.0
  wind_opex: 100
  wind_lifetime: 20
  solar_capex: 1000.0
  solar_opex: 10
  solar_lifetime: 20
  carbon_price: 1.0
timeseries_values:
  load_level: 240884.55874430586
  wind_year: 2011
  solar_year: 2018
  price_year: 2023
  carbon_year: 2023
storage_values:
  CAES:
    cost: 61.8327
    lifetime: 24.8029
    annual_cost: 2.4929625164799276
    efficiency: 0.582493
    discharge_ratio: 0.1
    depth_of_discharge: 0.4
  Li-ion:
    cost: 160.561
    lifetime: 23.966
    annual_cost: 6.699532671284319
    efficiency: 0.865379
    discharge_ratio: 2
    depth_of_discharge: 0.9
  Pb-acid:
    cost: 187.875
    lifetime: 15.8504
    annual_cost: 11.853013173169131
    efficiency: 0.650338
    discharge_ratio: 5
    depth_of_discharge: 0.5
  VRBF:
    cost: 148.88
    lifetime: 28.9594
    annual_cost: 5.140990490134464
    efficiency: 0.723697
    discharge_ratio: 0.5
    depth_of_discharge: 1.0
