cost_values:
  wind_capex: 5000.0
  wind_opex: 100
  wind_lifetime: 20
  solar_capex: 1000.0
  solar_opex: 10
  solar_lifetime: 20
  carbon_price: 1.0
timeseries_values:
  load_level: 240884.55874430586
  wind_year: 2011
  solar_year: 2018
  price_year: 2023
  carbon_year: 2023
storage_values:
  CAES:
    cost: 67.6159
    lifetime: 23.9307
    annual_cost: 2.8254877625811194
    efficiency: 0.587855
    discharge_ratio: 0.1
    depth_of_discharge: 0.4
  Li-ion:
    cost: 126.647
    lifetime: 21.6602
    annual_cost: 5.846991255851747
    efficiency: 0.86792
    discharge_ratio: 2
    depth_of_discharge: 0.9
  Pb-acid:
    cost: 199.04
    lifetime: 14.8275
    annual_cost: 13.42370595177879
    efficiency: 0.686116
    discharge_ratio: 5
    depth_of_discharge: 0.5
  VRBF:
    cost: 136.689
    lifetime: 28.2315
    annual_cost: 4.8417193560384675
    efficiency: 0.737826
    discharge_ratio: 0.5
    depth_of_discharge: 1.0
