cost_values:
  wind_capex: 5000.0
  wind_opex: 100
  wind_lifetime: 20
  solar_capex: 1000.0
  solar_opex: 10
  solar_lifetime: 20
  carbon_price: 1.0
timeseries_values:
  load_level: 240884.55874430586
  wind_year: 2011
  solar_year: 2018
  price_year: 2023
  carbon_year: 2023
storage_values:
  CAES:
    cost: 59.807
    lifetime: 25.7066
    annual_cost: 2.326523149696965
    efficiency: 0.578011
    discharge_ratio: 0.1
    depth_of_discharge: 0.4
  Li-ion:
    cost: 148.982
    lifetime: 22.5073
    annual_cost: 6.619274635340534
    efficiency: 0.859279
    discharge_ratio: 2
    depth_of_discharge: 0.9
  Pb-acid:
    cost: 199.352
    lifetime: 14.6632
    annual_cost: 13.595395275246878
    efficiency: 0.676932
    discharge_ratio: 5
    depth_of_discharge: 0.5
  VRBF:
    cost: 131.11
    lifetime: 28.704
    annual_cost: 4.56765607580825
    efficiency: 0.751529
    discharge_ratio: 0.5
    depth_of_discharge: 1.0
