cost_values:
  wind_capex: 5000.0
  wind_opex: 100
  wind_lifetime: 20
  solar_capex: 1000.0
  solar_opex: 10
  solar_lifetime: 20
  carbon_price: 1.0
timeseries_values:
  load_level: 240884.55874430586
  wind_year: 2011
  solar_year: 2018
  price_year: 2023
  carbon_year: 2023
storage_values:
  CAES:
    cost: 67.8921
    lifetime: 26.3805
    annual_cost: 2.5735713879570135
    efficiency: 0.579161
    discharge_ratio: 0.1
    depth_of_discharge: 0.4
  Li-ion:
    cost: 125.493
    lifetime: 22.3091
    annual_cost: 5.625193306767193
    efficiency: 0.867859
    discharge_ratio: 2
    depth_of_discharge: 0.9
  Pb-acid:
    cost: 183.536
    lifetime: 15.711
    annual_cost: 11.682006237667876
    efficiency: 0.680715
    discharge_ratio: 5
    depth_of_discharge: 0.5
  VRBF:
    cost: 156.996
    lifetime: 28.0595
    annual_cost: 5.595110390420357
    efficiency: 0.753434
    discharge_ratio: 0.5
    depth_of_discharge: 1.0
