cost_values:
  wind_capex: 5000.0
  wind_opex: 100
  wind_lifetime: 20
  solar_capex: 1000.0
  solar_opex: 10
  solar_lifetime: 20
  carbon_price: 1.0
timeseries_values:
  load_level: 240884.55874430586
  wind_year: 2011
  solar_year: 2018
  price_year: 2023
  carbon_year: 2023
storage_values:
  CAES:
    cost: 59.4742
    lifetime: 25.4435
    annual_cost: 2.3375007369269167
    efficiency: 0.575139
    discharge_ratio: 0.1
    depth_of_discharge: 0.4
  Li-ion:
    cost: 154.434
    lifetime: 21.2149
    annual_cost: 7.279506384663609
    efficiency: 0.861589
    discharge_ratio: 2
    depth_of_discharge: 0.9
  Pb-acid:
    cost: 194.419
    lifetime: 14.8433
    annual_cost: 13.09809813181705
    efficiency: 0.680369
    discharge_ratio: 5
    depth_of_discharge: 0.5
  VRBF:
    cost: 181.456
    lifetime: 27.312
    annual_cost: 6.643819566490919
    efficiency: 0.744161
    discharge_ratio: 0.5
    depth_of_discharge: 1.0
