cost_values:
  wind_capex: 5000.0
  wind_opex: 100
  wind_lifetime: 20
  solar_capex: 1000.0
  solar_opex: 10
  solar_lifetime: 20
  carbon_price: 1.0
timeseries_values:
  load_level: 240884.55874430586
  wind_year: 2011
  solar_year: 2018
  price_year: 2023
  carbon_year: 2023
storage_values:
  CAES:
    cost: 64.7493
    lifetime: 25.7703
    annual_cost: 2.5125551506967327
    efficiency: 0.576939
    discharge_ratio: 0.1
    depth_of_discharge: 0.4
  Li-ion:
    cost: 124.739
    lifetime: 21.1825
    annual_cost: 5.888776112356898
    efficiency: 0.858925
    discharge_ratio: 2
    depth_of_discharge: 0.9
  Pb-acid:
    cost: 212.275
    lifetime: 15.4759
    annual_cost: 13.716488217163462
    efficiency: 0.663681
    discharge_ratio: 5
    depth_of_discharge: 0.5
  VRBF:
    cost: 156.533
    lifetime: 28.8496
    annual_cost: 5.425829127613555
    efficiency: 0.762266
    discharge_ratio: 0.5
    depth_of_discharge: 1.0
