cost_values:
  wind_capex: 5000.0
  wind_opex: 100
  wind_lifetime: 20
  solar_capex: 1000.0
  solar_opex: 10
  solar_lifetime: 20
  carbon_price: 1.0
timeseries_values:
  load_level: 254328.41611324367
  wind_year: 2010
  solar_year: 2010
  price_year: 2023
  carbon_year: 2023
storage_values:
  CAES:
    cost: 73.3017
    lifetime: 24.2723
    annual_cost: 3.0199733852992914
    efficiency: 0.583425
    discharge_ratio: 0.1
    depth_of_discharge: 0.4
  Li-ion:
    cost: 244.437
    lifetime: 21.8423
    annual_cost: 11.190991791157524
    efficiency: 0.980529
    discharge_ratio: 2
    depth_of_discharge: 0.9
  Pb-acid:
    cost: 85.762
    lifetime: 12.1981
    annual_cost: 7.030767086677433
    efficiency: 0.702073
    discharge_ratio: 5
    depth_of_discharge: 0.5
  VRBF:
    cost: 390.51
    lifetime: 16.363
    annual_cost: 23.865428099981667
    efficiency: 0.718829
    discharge_ratio: 0.5
    depth_of_discharge: 1.0
