cost_values:
  wind_capex: 5000.0
  wind_opex: 100
  wind_lifetime: 20
  solar_capex: 1000.0
  solar_opex: 10
  solar_lifetime: 20
  carbon_price: 1.0
timeseries_values:
  load_level: 254328.41611324367
  wind_year: 2010
  solar_year: 2010
  price_year: 2023
  carbon_year: 2023
storage_values:
  CAES:
    cost: 73.2373
    lifetime: 24.7764
    annual_cost: 2.9559298364572744
    efficiency: 0.582272
    discharge_ratio: 0.1
    depth_of_discharge: 0.4
  Li-ion:
    cost: 230.149
    lifetime: 23.3681
    annual_cost: 9.84885377929742
    efficiency: 0.975704
    discharge_ratio: 2
    depth_of_discharge: 0.9
  Pb-acid:
    cost: 102.118
    lifetime: 12.5285
    annual_cost: 8.15085604821008
    efficiency: 0.715187
    discharge_ratio: 5
    depth_of_discharge: 0.5
  VRBF:
    cost: 345.625
    lifetime: 15.1431
    annual_cost: 22.823926408727406
    efficiency: 0.717073
    discharge_ratio: 0.5
    depth_of_discharge: 1.0
