cost_values:
  wind_capex: 5000.0
  wind_opex: 100
  wind_lifetime: 20
  solar_capex: 1000.0
  solar_opex: 10
  solar_lifetime: 20
  carbon_price: 1.0
timeseries_values:
  load_level: 254328.41611324367
  wind_year: 2010
  solar_year: 2010
  price_year: 2023
  carbon_year: 2023
storage_values:
  CAES:
    cost: 70.3919
    lifetime: 25.6031
    annual_cost: 2.7493506645679626
    efficiency: 0.587474
    discharge_ratio: 0.1
    depth_of_discharge: 0.4
  Li-ion:
    cost: 240.747
    lifetime: 25.3577
    annual_cost: 9.494039285897381
    efficiency: 0.971997
    discharge_ratio: 2
    depth_of_discharge: 0.9
  Pb-acid:
    cost: 106.233
    lifetime: 13.3916
    annual_cost: 7.932808626303055
    efficiency: 0.710207
    discharge_ratio: 5
    depth_of_discharge: 0.5
  VRBF:
    cost: 347.803
    lifetime: 14.2617
    annual_cost: 24.38720489142248
    efficiency: 0.720751
    discharge_ratio: 0.5
    depth_of_discharge: 1.0
