cost_values:
  wind_capex: 5000.0
  wind_opex: 100
  wind_lifetime: 20
  solar_capex: 1000.0
  solar_opex: 10
  solar_lifetime: 20
  carbon_price: 1.0
timeseries_values:
  load_level: 254328.41611324367
  wind_year: 2010
  solar_year: 2010
  price_year: 2023
  carbon_year: 2023
storage_values:
  CAES:
    cost: 68.6953
    lifetime: 24.0522
    annual_cost: 2.856092166205171
    efficiency: 0.580584
    discharge_ratio: 0.1
    depth_of_discharge: 0.4
  Li-ion:
    cost: 259.866
    lifetime: 22.8366
    annual_cost: 11.379364704027743
    efficiency: 0.97363
    discharge_ratio: 2
    depth_of_discharge: 0.9
  Pb-acid:
    cost: 98.3635
    lifetime: 11.7325
    annual_cost: 8.38384828467931
    efficiency: 0.689707
    discharge_ratio: 5
    depth_of_discharge: 0.5
  VRBF:
    cost: 352.018
    lifetime: 17.3063
    annual_cost: 20.340454054303923
    efficiency: 0.733684
    discharge_ratio: 0.5
    depth_of_discharge: 1.0
