cost_values:
  wind_capex: 5000.0
  wind_opex: 100
  wind_lifetime: 20
  solar_capex: 1000.0
  solar_opex: 10
  solar_lifetime: 20
  carbon_price: 1.0
timeseries_values:
  load_level: 254328.41611324367
  wind_year: 2010
  solar_year: 2010
  price_year: 2023
  carbon_year: 2023
storage_values:
  CAES:
    cost: 66.7286
    lifetime: 26.4239
    annual_cost: 2.525312311960006
    efficiency: 0.583208
    discharge_ratio: 0.1
    depth_of_discharge: 0.4
  Li-ion:
    cost: 258.301
    lifetime: 24.1227
    annual_cost: 10.707798049140436
    efficiency: 0.978199
    discharge_ratio: 2
    depth_of_discharge: 0.9
  Pb-acid:
    cost: 126.306
    lifetime: 11.7718
    annual_cost: 10.72954008732734
    efficiency: 0.695302
    discharge_ratio: 5
    depth_of_discharge: 0.5
  VRBF:
    cost: 370.342
    lifetime: 12.1696
    annual_cost: 30.431731527741253
    efficiency: 0.709353
    discharge_ratio: 0.5
    depth_of_discharge: 1.0
