cost_values:
  wind_capex: 5000.0
  wind_opex: 100
  wind_lifetime: 20
  solar_capex: 1000.0
  solar_opex: 10
  solar_lifetime: 20
  carbon_price: 1.0
timeseries_values:
  load_level: 254328.41611324367
  wind_year: 2010
  solar_year: 2010
  price_year: 2023
  carbon_year: 2023
storage_values:
  CAES:
    cost: 67.5062
    lifetime: 25.1871
    annual_cost: 2.680189462065899
    efficiency: 0.588032
    discharge_ratio: 0.1
    depth_of_discharge: 0.4
  Li-ion:
    cost: 259.435
    lifetime: 23.1775
    annual_cost: 11.193398770359185
    efficiency: 0.985992
    discharge_ratio: 2
    depth_of_discharge: 0.9
  Pb-acid:
    cost: 111.795
    lifetime: 14.2335
    annual_cost: 7.8543576773105706
    efficiency: 0.684759
    discharge_ratio: 5
    depth_of_discharge: 0.5
  VRBF:
    cost: 380.288
    lifetime: 12.5996
    annual_cost: 30.18254547763421
    efficiency: 0.712403
    discharge_ratio: 0.5
    depth_of_discharge: 1.0
