cost_values:
  wind_capex: 5000.0
  wind_opex: 100
  wind_lifetime: 20
  solar_capex: 1000.0
  solar_opex: 10
  solar_lifetime: 20
  carbon_price: 1.0
timeseries_values:
  load_level: 254328.41611324367
  wind_year: 2010
  solar_year: 2010
  price_year: 2023
  carbon_year: 2023
storage_values:
  CAES:
    cost: 70.7485
    lifetime: 25.5887
    annual_cost: 2.76483369612368
    efficiency: 0.586217
    discharge_ratio: 0.1
    depth_of_discharge: 0.4
  Li-ion:
    cost: 225.939
    lifetime: 22.8986
    annual_cost: 9.86693509646878
    efficiency: 0.966123
    discharge_ratio: 2
    depth_of_discharge: 0.9
  Pb-acid:
    cost: 94.2234
    lifetime: 11.6822
    annual_cost: 8.065552721234013
    efficiency: 0.693806
    discharge_ratio: 5
    depth_of_discharge: 0.5
  VRBF:
    cost: 367.036
    lifetime: 15.1712
    annual_cost: 24.19294452647121
    efficiency: 0.706578
    discharge_ratio: 0.5
    depth_of_discharge: 1.0
