cost_values:
  wind_capex: 5000.0
  wind_opex: 100
  wind_lifetime: 20
  solar_capex: 1000.0
  solar_opex: 10
  solar_lifetime: 20
  carbon_price: 1.0
timeseries_values:
  load_level: 254328.41611324367
  wind_year: 2010
  solar_year: 2010
  price_year: 2023
  carbon_year: 2023
storage_values:
  CAES:
    cost: 72.6507
    lifetime: 23.6004
    annual_cost: 3.0783673158082068
    efficiency: 0.579546
    discharge_ratio: 0.1
    depth_of_discharge: 0.4
  Li-ion:
    cost: 263.196
    lifetime: 23.8481
    annual_cost: 11.036350904264912
    efficiency: 0.979043
    discharge_ratio: 2
    depth_of_discharge: 0.9
  Pb-acid:
    cost: 129.3
    lifetime: 13.2305
    annual_cost: 9.772873285212201
    efficiency: 0.70744
    discharge_ratio: 5
    depth_of_discharge: 0.5
  VRBF:
    cost: 384.506
    lifetime: 13.2306
    annual_cost: 29.06187172161504
    efficiency: 0.72503
    discharge_ratio: 0.5
    depth_of_discharge: 1.0
