cost_values:
  wind_capex: 5000.0
  wind_opex: 100
  wind_lifetime: 20
  solar_capex: 1000.0
  solar_opex: 10
  solar_lifetime: 20
  carbon_price: 1.0
timeseries_values:
  load_level: 254328.41611324367
  wind_year: 2010
  solar_year: 2010
  price_year: 2023
  carbon_year: 2023
storage_values:
  CAES:
    cost: 70.767
    lifetime: 23.9614
    annual_cost: 2.9533750114767914
    efficiency: 0.59265
    discharge_ratio: 0.1
    depth_of_discharge: 0.4
  Li-ion:
    cost: 231.194
    lifetime: 23.2951
    annual_cost: 9.924576413065408
    efficiency: 0.983969
    discharge_ratio: 2
    depth_of_discharge: 0.9
  Pb-acid:
    cost: 97.1048
    lifetime: 12.9722
    annual_cost: 7.485607684124512
    efficiency: 0.706367
    discharge_ratio: 5
    depth_of_discharge: 0.5
  VRBF:
    cost: 384.345
    lifetime: 15.7395
    annual_cost: 24.419136567235302
    efficiency: 0.726457
    discharge_ratio: 0.5
    depth_of_discharge: 1.0
