cost_values:
  wind_capex: 5000.0
  wind_opex: 100
  wind_lifetime: 20
  solar_capex: 1000.0
  solar_opex: 10
  solar_lifetime: 20
  carbon_price: 1.0
timeseries_values:
  load_level: 254328.41611324367
  wind_year: 2010
  solar_year: 2010
  price_year: 2023
  carbon_year: 2023
storage_values:
  CAES:
    cost: 74.4989
    lifetime: 24.3656
    annual_cost: 3.057544242702827
    efficiency: 0.58153
    discharge_ratio: 0.1
    depth_of_discharge: 0.4
  Li-ion:
    cost: 254.479
    lifetime: 22.6438
    annual_cost: 11.238352220033741
    efficiency: 0.969899
    discharge_ratio: 2
    depth_of_discharge: 0.9
  Pb-acid:
    cost: 104.33
    lifetime: 12.8391
    annual_cost: 8.125958984664035
    efficiency: 0.708099
    discharge_ratio: 5
    depth_of_discharge: 0.5
  VRBF:
    cost: 380.354
    lifetime: 15.6255
    annual_cost: 24.34187705993408
    efficiency: 0.744342
    discharge_ratio: 0.5
    depth_of_discharge: 1.0
