cost_values:
  wind_capex: 5000.0
  wind_opex: 100
  wind_lifetime: 20
  solar_capex: 1000.0
  solar_opex: 10
  solar_lifetime: 20
  carbon_price: 1.0
timeseries_values:
  load_level: 254328.41611324367
  wind_year: 2010
  solar_year: 2010
  price_year: 2023
  carbon_year: 2023
storage_values:
  CAES:
    cost: 69.727
    lifetime: 25.7634
    annual_cost: 2.706436262294573
    efficiency: 0.582458
    discharge_ratio: 0.1
    depth_of_discharge: 0.4
  Li-ion:
    cost: 232.074
    lifetime: 22.78
    annual_cost: 10.187620719929763
    efficiency: 0.96375
    discharge_ratio: 2
    depth_of_discharge: 0.9
  Pb-acid:
    cost: 114.202
    lifetime: 13.5124
    annual_cost: 8.451644415499837
    efficiency: 0.697392
    discharge_ratio: 5
    depth_of_discharge: 0.5
  VRBF:
    cost: 386.515
    lifetime: 13.5694
    annual_cost: 28.484310286379646
    efficiency: 0.738351
    discharge_ratio: 0.5
    depth_of_discharge: 1.0
