cost_values:
  wind_capex: 5000.0
  wind_opex: 100
  wind_lifetime: 20
  solar_capex: 1000.0
  solar_opex: 10
  solar_lifetime: 20
  carbon_price: 1.0
timeseries_values:
  load_level: 254328.41611324367
  wind_year: 2010
  solar_year: 2010
  price_year: 2023
  carbon_year: 2023
storage_values:
  CAES:
    cost: 71.8764
    lifetime: 24.8502
    annual_cost: 2.8923871840065676
    efficiency: 0.584118
    discharge_ratio: 0.1
    depth_of_discharge: 0.4
  Li-ion:
    cost: 240.379
    lifetime: 22.878
    annual_cost: 10.50699361832328
    efficiency: 0.951926
    discharge_ratio: 2
    depth_of_discharge: 0.9
  Pb-acid:
    cost: 125.744
    lifetime: 11.3103
    annual_cost: 11.117653819969409
    efficiency: 0.695685
    discharge_ratio: 5
    depth_of_discharge: 0.5
  VRBF:
    cost: 385.819
    lifetime: 14.6481
    annual_cost: 26.33918392146422
    efficiency: 0.715034
    discharge_ratio: 0.5
    depth_of_discharge: 1.0
