cost_values:
  wind_capex: 5000.0
  wind_opex: 100
  wind_lifetime: 20
  solar_capex: 1000.0
  solar_opex: 10
  solar_lifetime: 20
  carbon_price: 1.0
timeseries_values:
  load_level: 254328.41611324367
  wind_year: 2010
  solar_year: 2010
  price_year: 2023
  carbon_year: 2023
storage_values:
  CAES:
    cost: 70.5362
    lifetime: 23.5273
    annual_cost: 2.9980575756674157
    efficiency: 0.582329
    discharge_ratio: 0.1
    depth_of_discharge: 0.4
  Li-ion:
    cost: 236.815
    lifetime: 22.8195
    annual_cost: 10.377747102259033
    efficiency: 0.961641
    discharge_ratio: 2
    depth_of_discharge: 0.9
  Pb-acid:
    cost: 100.638
    lifetime: 11.2275
    annual_cost: 8.963527054108217
    efficiency: 0.704406
    discharge_ratio: 5
    depth_of_discharge: 0.5
  VRBF:
    cost: 377.749
    lifetime: 15.0203
    annual_cost: 25.14923137354114
    efficiency: 0.706005
    discharge_ratio: 0.5
    depth_of_discharge: 1.0
