cost_values:
  wind_capex: 5000.0
  wind_opex: 100
  wind_lifetime: 20
  solar_capex: 1000.0
  solar_opex: 10
  solar_lifetime: 20
  carbon_price: 1.0
timeseries_values:
  load_level: 254328.41611324367
  wind_year: 2010
  solar_year: 2010
  price_year: 2023
  carbon_year: 2023
storage_values:
  CAES:
    cost: 74.0126
    lifetime: 25.026
    annual_cost: 2.957428274594422
    efficiency: 0.577414
    discharge_ratio: 0.1
    depth_of_discharge: 0.4
  Li-ion:
    cost: 218.955
    lifetime: 23.6183
    annual_cost: 9.270565620726302
    efficiency: 0.963509
    discharge_ratio: 2
    depth_of_discharge: 0.9
  Pb-acid:
    cost: 113.828
    lifetime: 13.0043
    annual_cost: 8.753104742277554
    efficiency: 0.702532
    discharge_ratio: 5
    depth_of_discharge: 0.5
  VRBF:
    cost: 355.385
    lifetime: 14.4756
    annual_cost: 24.550623117521898
    efficiency: 0.698588
    discharge_ratio: 0.5
    depth_of_discharge: 1.0
