cost_values:
  wind_capex: 5000.0
  wind_opex: 100
  wind_lifetime: 20
  solar_capex: 1000.0
  solar_opex: 10
  solar_lifetime: 20
  carbon_price: 1.0
timeseries_values:
  load_level: 254328.41611324367
  wind_year: 2010
  solar_year: 2010
  price_year: 2023
  carbon_year: 2023
storage_values:
  CAES:
    cost: 63.7595
    lifetime: 24.9826
    annual_cost: 2.5521563007853465
    efficiency: 0.583864
    discharge_ratio: 0.1
    depth_of_discharge: 0.4
  Li-ion:
    cost: 244.86
    lifetime: 22.8024
    annual_cost: 10.738343332280813
    efficiency: 0.977841
    discharge_ratio: 2
    depth_of_discharge: 0.9
  Pb-acid:
    cost: 98.4278
    lifetime: 12.6604
    annual_cost: 7.774462102303246
    efficiency: 0.706196
    discharge_ratio: 5
    depth_of_discharge: 0.5
  VRBF:
    cost: 391.021
    lifetime: 14.8468
    annual_cost: 26.33705579653528
    efficiency: 0.722725
    discharge_ratio: 0.5
    depth_of_discharge: 1.0
