cost_values:
  wind_capex: 5000.0
  wind_opex: 100
  wind_lifetime: 20
  solar_capex: 1000.0
  solar_opex: 10
  solar_lifetime: 20
  carbon_price: 1.0
timeseries_values:
  load_level: 254328.41611324367
  wind_year: 2010
  solar_year: 2010
  price_year: 2023
  carbon_year: 2023
storage_values:
  CAES:
    cost: 68.1319
    lifetime: 24.7713
    annual_cost: 2.750436997654544
    efficiency: 0.582086
    discharge_ratio: 0.1
    depth_of_discharge: 0.4
  Li-ion:
    cost: 237.207
    lifetime: 25.1209
    annual_cost: 9.442615511386933
    efficiency: 0.983803
    discharge_ratio: 2
    depth_of_discharge: 0.9
  Pb-acid:
    cost: 103.995
    lifetime: 12.0685
    annual_cost: 8.61706094377926
    efficiency: 0.691704
    discharge_ratio: 5
    depth_of_discharge: 0.5
  VRBF:
    cost: 340.841
    lifetime: 14.5864
    annual_cost: 23.367040530905502
    efficiency: 0.719421
    discharge_ratio: 0.5
    depth_of_discharge: 1.0
