cost_values:
  wind_capex: 5000.0
  wind_opex: 100
  wind_lifetime: 20
  solar_capex: 1000.0
  solar_opex: 10
  solar_lifetime: 20
  carbon_price: 1.0
timeseries_values:
  load_level: 254328.41611324367
  wind_year: 2010
  solar_year: 2010
  price_year: 2023
  carbon_year: 2023
storage_values:
  CAES:
    cost: 63.8883
    lifetime: 24.9466
    annual_cost: 2.561002300914754
    efficiency: 0.595884
    discharge_ratio: 0.1
    depth_of_discharge: 0.4
  Li-ion:
    cost: 209.481
    lifetime: 23.9337
    annual_cost: 8.752553930232265
    efficiency: 0.974967
    discharge_ratio: 2
    depth_of_discharge: 0.9
  Pb-acid:
    cost: 100.379
    lifetime: 13.6738
    annual_cost: 7.340973248109524
    efficiency: 0.702316
    discharge_ratio: 5
    depth_of_discharge: 0.5
  VRBF:
    cost: 375.66
    lifetime: 14.8595
    annual_cost: 25.28079679666207
    efficiency: 0.710538
    discharge_ratio: 0.5
    depth_of_discharge: 1.0
