cost_values:
  wind_capex: 5000.0
  wind_opex: 100
  wind_lifetime: 20
  solar_capex: 1000.0
  solar_opex: 10
  solar_lifetime: 20
  carbon_price: 1.0
timeseries_values:
  load_level: 254328.41611324367
  wind_year: 2010
  solar_year: 2010
  price_year: 2023
  carbon_year: 2023
storage_values:
  CAES:
    cost: 70.989
    lifetime: 24.214
    annual_cost: 2.9317337077723633
    efficiency: 0.588229
    discharge_ratio: 0.1
    depth_of_discharge: 0.4
  Li-ion:
    cost: 221.107
    lifetime: 22.5074
    annual_cost: 9.823746856589388
    efficiency: 0.967791
    discharge_ratio: 2
    depth_of_discharge: 0.9
  Pb-acid:
    cost: 98.1829
    lifetime: 11.8708
    annual_cost: 8.270958991811842
    efficiency: 0.714348
    discharge_ratio: 5
    depth_of_discharge: 0.5
  VRBF:
    cost: 370.549
    lifetime: 13.6817
    annual_cost: 27.083549558899843
    efficiency: 0.737069
    discharge_ratio: 0.5
    depth_of_discharge: 1.0
