cost_values:
  wind_capex: 5000.0
  wind_opex: 100
  wind_lifetime: 20
  solar_capex: 1000.0
  solar_opex: 10
  solar_lifetime: 20
  carbon_price: 1.0
timeseries_values:
  load_level: 254328.41611324367
  wind_year: 2010
  solar_year: 2010
  price_year: 2023
  carbon_year: 2023
storage_values:
  CAES:
    cost: 65.8756
    lifetime: 25.0042
    annual_cost: 2.6345813903264252
    efficiency: 0.580742
    discharge_ratio: 0.1
    depth_of_discharge: 0.4
  Li-ion:
    cost: 252.202
    lifetime: 25.3344
    annual_cost: 9.954922950612605
    efficiency: 0.972624
    discharge_ratio: 2
    depth_of_discharge: 0.9
  Pb-acid:
    cost: 106.885
    lifetime: 13.121
    annual_cost: 8.146101669080101
    efficiency: 0.697564
    discharge_ratio: 5
    depth_of_discharge: 0.5
  VRBF:
    cost: 385.142
    lifetime: 13.4671
    annual_cost: 28.598733209079906
    efficiency: 0.700067
    discharge_ratio: 0.5
    depth_of_discharge: 1.0
