cost_values:
  wind_capex: 5000.0
  wind_opex: 100
  wind_lifetime: 20
  solar_capex: 1000.0
  solar_opex: 10
  solar_lifetime: 20
  carbon_price: 1.0
timeseries_values:
  load_level: 254328.41611324367
  wind_year: 2010
  solar_year: 2010
  price_year: 2023
  carbon_year: 2023
storage_values:
  CAES:
    cost: 69.6504
    lifetime: 24.1182
    annual_cost: 2.8878772047665247
    efficiency: 0.589989
    discharge_ratio: 0.1
    depth_of_discharge: 0.4
  Li-ion:
    cost: 229.678
    lifetime: 25.023
    annual_cost: 9.178675618431043
    efficiency: 0.967531
    discharge_ratio: 2
    depth_of_discharge: 0.9
  Pb-acid:
    cost: 87.5628
    lifetime: 11.9603
    annual_cost: 7.321120707674556
    efficiency: 0.714968
    discharge_ratio: 5
    depth_of_discharge: 0.5
  VRBF:
    cost: 366.671
    lifetime: 13.2234
    annual_cost: 27.728950194352436
    efficiency: 0.695217
    discharge_ratio: 0.5
    depth_of_discharge: 1.0
