cost_values:
  wind_capex: 5000.0
  wind_opex: 100
  wind_lifetime: 20
  solar_capex: 1000.0
  solar_opex: 10
  solar_lifetime: 20
  carbon_price: 1.0
timeseries_values:
  load_level: 254328.41611324367
  wind_year: 2010
  solar_year: 2010
  price_year: 2023
  carbon_year: 2023
storage_values:
  CAES:
    cost: 69.5843
    lifetime: 24.5011
    annual_cost: 2.8400479978449944
    efficiency: 0.578391
    discharge_ratio: 0.1
    depth_of_discharge: 0.4
  Li-ion:
    cost: 237.757
    lifetime: 23.8774
    annual_cost: 9.957407422918743
    efficiency: 0.970084
    discharge_ratio: 2
    depth_of_discharge: 0.9
  Pb-acid:
    cost: 107.806
    lifetime: 12.1986
    annual_cost: 8.837571524601183
    efficiency: 0.710421
    discharge_ratio: 5
    depth_of_discharge: 0.5
  VRBF:
    cost: 348.535
    lifetime: 13.7168
    annual_cost: 25.40935203546017
    efficiency: 0.710105
    discharge_ratio: 0.5
    depth_of_discharge: 1.0
