cost_values:
  wind_capex: 5000.0
  wind_opex: 100
  wind_lifetime: 20
  solar_capex: 1000.0
  solar_opex: 10
  solar_lifetime: 20
  carbon_price: 1.0
timeseries_values:
  load_level: 254328.41611324367
  wind_year: 2010
  solar_year: 2010
  price_year: 2023
  carbon_year: 2023
storage_values:
  CAES:
    cost: 70.1448
    lifetime: 24.3381
    annual_cost: 2.882098438251137
    efficiency: 0.596387
    discharge_ratio: 0.1
    depth_of_discharge: 0.4
  Li-ion:
    cost: 239.139
    lifetime: 24.2094
    annual_cost: 9.877939973729214
    efficiency: 0.972663
    discharge_ratio: 2
    depth_of_discharge: 0.9
  Pb-acid:
    cost: 119.374
    lifetime: 11.0002
    annual_cost: 10.851984509372556
    efficiency: 0.706532
    discharge_ratio: 5
    depth_of_discharge: 0.5
  VRBF:
    cost: 377.111
    lifetime: 16.2691
    annual_cost: 23.179585840642687
    efficiency: 0.703178
    discharge_ratio: 0.5
    depth_of_discharge: 1.0
