cost_values:
  wind_capex: 5000.0
  wind_opex: 100
  wind_lifetime: 20
  solar_capex: 1000.0
  solar_opex: 10
  solar_lifetime: 20
  carbon_price: 1.0
timeseries_values:
  load_level: 254328.41611324367
  wind_year: 2010
  solar_year: 2010
  price_year: 2023
  carbon_year: 2023
storage_values:
  CAES:
    cost: 73.1006
    lifetime: 23.9288
    annual_cost: 3.0549212664237237
    efficiency: 0.582483
    discharge_ratio: 0.1
    depth_of_discharge: 0.4
  Li-ion:
    cost: 257.186
    lifetime: 24.5153
    annual_cost: 10.490836334860271
    efficiency: 0.949566
    discharge_ratio: 2
    depth_of_discharge: 0.9
  Pb-acid:
    cost: 114.65
    lifetime: 13.6144
    annual_cost: 8.421230461863908
    efficiency: 0.712834
    discharge_ratio: 5
    depth_of_discharge: 0.5
  VRBF:
    cost: 363.606
    lifetime: 14.4765
    annual_cost: 25.116982696093668
    efficiency: 0.726505
    discharge_ratio: 0.5
    depth_of_discharge: 1.0
