cost_values:
  wind_capex: 5000.0
  wind_opex: 100
  wind_lifetime: 20
  solar_capex: 1000.0
  solar_opex: 10
  solar_lifetime: 20
  carbon_price: 1.0
timeseries_values:
  load_level: 254328.41611324367
  wind_year: 2010
  solar_year: 2010
  price_year: 2023
  carbon_year: 2023
storage_values:
  CAES:
    cost: 72.4034
    lifetime: 24.2763
    annual_cost: 2.982472617326364
    efficiency: 0.584229
    discharge_ratio: 0.1
    depth_of_discharge: 0.4
  Li-ion:
    cost: 261.934
    lifetime: 23.1138
    annual_cost: 11.332364215317257
    efficiency: 0.958428
    discharge_ratio: 2
    depth_of_discharge: 0.9
  Pb-acid:
    cost: 104.222
    lifetime: 13.1554
    annual_cost: 7.9223740821259705
    efficiency: 0.700856
    discharge_ratio: 5
    depth_of_discharge: 0.5
  VRBF:
    cost: 379.113
    lifetime: 16.0984
    annual_cost: 23.549731650350342
    efficiency: 0.708783
    discharge_ratio: 0.5
    depth_of_discharge: 1.0
