cost_values:
  wind_capex: 5000.0
  wind_opex: 100
  wind_lifetime: 20
  solar_capex: 1000.0
  solar_opex: 10
  solar_lifetime: 20
  carbon_price: 1.0
timeseries_values:
  load_level: 254328.41611324367
  wind_year: 2010
  solar_year: 2010
  price_year: 2023
  carbon_year: 2023
storage_values:
  CAES:
    cost: 68.2626
    lifetime: 24.9244
    annual_cost: 2.7387860891335403
    efficiency: 0.580564
    discharge_ratio: 0.1
    depth_of_discharge: 0.4
  Li-ion:
    cost: 247.539
    lifetime: 24.4296
    annual_cost: 10.132748796541899
    efficiency: 0.96544
    discharge_ratio: 2
    depth_of_discharge: 0.9
  Pb-acid:
    cost: 88.6394
    lifetime: 13.864
    annual_cost: 6.393493941142527
    efficiency: 0.701251
    discharge_ratio: 5
    depth_of_discharge: 0.5
  VRBF:
    cost: 369.345
    lifetime: 13.3611
    annual_cost: 27.64330781148259
    efficiency: 0.696187
    discharge_ratio: 0.5
    depth_of_discharge: 1.0
