cost_values:
  wind_capex: 5000.0
  wind_opex: 100
  wind_lifetime: 20
  solar_capex: 1000.0
  solar_opex: 10
  solar_lifetime: 20
  carbon_price: 1.0
timeseries_values:
  load_level: 254328.41611324367
  wind_year: 2010
  solar_year: 2010
  price_year: 2023
  carbon_year: 2023
storage_values:
  CAES:
    cost: 70.8948
    lifetime: 24.8632
    annual_cost: 2.851394832523569
    efficiency: 0.583176
    discharge_ratio: 0.1
    depth_of_discharge: 0.4
  Li-ion:
    cost: 240.545
    lifetime: 21.243
    annual_cost: 11.323494798286495
    efficiency: 0.962198
    discharge_ratio: 2
    depth_of_discharge: 0.9
  Pb-acid:
    cost: 112.077
    lifetime: 12.9397
    annual_cost: 8.661483651089283
    efficiency: 0.696107
    discharge_ratio: 5
    depth_of_discharge: 0.5
  VRBF:
    cost: 352.828
    lifetime: 13.9418
    annual_cost: 25.3072056692823
    efficiency: 0.725646
    discharge_ratio: 0.5
    depth_of_discharge: 1.0
