cost_values:
  wind_capex: 5000.0
  wind_opex: 100
  wind_lifetime: 20
  solar_capex: 1000.0
  solar_opex: 10
  solar_lifetime: 20
  carbon_price: 1.0
timeseries_values:
  load_level: 254328.41611324367
  wind_year: 2010
  solar_year: 2010
  price_year: 2023
  carbon_year: 2023
storage_values:
  CAES:
    cost: 70.267
    lifetime: 24.2745
    annual_cost: 2.8946837216008565
    efficiency: 0.586997
    discharge_ratio: 0.1
    depth_of_discharge: 0.4
  Li-ion:
    cost: 248.686
    lifetime: 23.9505
    annual_cost: 10.383332289513788
    efficiency: 0.965066
    discharge_ratio: 2
    depth_of_discharge: 0.9
  Pb-acid:
    cost: 109.421
    lifetime: 10.9401
    annual_cost: 10.001828136854327
    efficiency: 0.711915
    discharge_ratio: 5
    depth_of_discharge: 0.5
  VRBF:
    cost: 368.508
    lifetime: 12.9623
    annual_cost: 28.429213951227787
    efficiency: 0.735135
    discharge_ratio: 0.5
    depth_of_discharge: 1.0
