cost_values:
  wind_capex: 5000.0
  wind_opex: 100
  wind_lifetime: 20
  solar_capex: 1000.0
  solar_opex: 10
  solar_lifetime: 20
  carbon_price: 1.0
timeseries_values:
  load_level: 254328.41611324367
  wind_year: 2010
  solar_year: 2010
  price_year: 2023
  carbon_year: 2023
storage_values:
  CAES:
    cost: 64.0225
    lifetime: 24.4318
    annual_cost: 2.620457764061592
    efficiency: 0.586662
    discharge_ratio: 0.1
    depth_of_discharge: 0.4
  Li-ion:
    cost: 224.658
    lifetime: 22.8501
    annual_cost: 9.83181692859112
    efficiency: 0.966242
    discharge_ratio: 2
    depth_of_discharge: 0.9
  Pb-acid:
    cost: 119.546
    lifetime: 12.4079
    annual_cost: 9.634668235559603
    efficiency: 0.712301
    discharge_ratio: 5
    depth_of_discharge: 0.5
  VRBF:
    cost: 364.28
    lifetime: 13.3546
    annual_cost: 27.277492399622602
    efficiency: 0.734272
    discharge_ratio: 0.5
    depth_of_discharge: 1.0
