cost_values:
  wind_capex: 5000.0
  wind_opex: 100
  wind_lifetime: 20
  solar_capex: 1000.0
  solar_opex: 10
  solar_lifetime: 20
  carbon_price: 1.0
timeseries_values:
  load_level: 254328.41611324367
  wind_year: 2010
  solar_year: 2010
  price_year: 2023
  carbon_year: 2023
storage_values:
  CAES:
    cost: 64.6385
    lifetime: 24.8147
    annual_cost: 2.604847126904617
    efficiency: 0.582153
    discharge_ratio: 0.1
    depth_of_discharge: 0.4
  Li-ion:
    cost: 230.43
    lifetime: 22.8034
    annual_cost: 10.105072050659112
    efficiency: 0.970526
    discharge_ratio: 2
    depth_of_discharge: 0.9
  Pb-acid:
    cost: 114.554
    lifetime: 11.5114
    annual_cost: 9.951352572232743
    efficiency: 0.686864
    discharge_ratio: 5
    depth_of_discharge: 0.5
  VRBF:
    cost: 392.068
    lifetime: 13.7488
    annual_cost: 28.51652507855231
    efficiency: 0.713534
    discharge_ratio: 0.5
    depth_of_discharge: 1.0
