cost_values:
  wind_capex: 5000.0
  wind_opex: 100
  wind_lifetime: 20
  solar_capex: 1000.0
  solar_opex: 10
  solar_lifetime: 20
  carbon_price: 1.0
timeseries_values:
  load_level: 254328.41611324367
  wind_year: 2010
  solar_year: 2010
  price_year: 2023
  carbon_year: 2023
storage_values:
  CAES:
    cost: 72.0314
    lifetime: 24.9091
    annual_cost: 2.8917704774560304
    efficiency: 0.574855
    discharge_ratio: 0.1
    depth_of_discharge: 0.4
  Li-ion:
    cost: 242.927
    lifetime: 23.6036
    annual_cost: 10.291946991136944
    efficiency: 0.967025
    discharge_ratio: 2
    depth_of_discharge: 0.9
  Pb-acid:
    cost: 107.47
    lifetime: 11.2712
    annual_cost: 9.534920860245581
    efficiency: 0.699131
    discharge_ratio: 5
    depth_of_discharge: 0.5
  VRBF:
    cost: 367.672
    lifetime: 13.0381
    annual_cost: 28.199814390133533
    efficiency: 0.73109
    discharge_ratio: 0.5
    depth_of_discharge: 1.0
