cost_values:
  wind_capex: 5000.0
  wind_opex: 100
  wind_lifetime: 20
  solar_capex: 1000.0
  solar_opex: 10
  solar_lifetime: 20
  carbon_price: 1.0
timeseries_values:
  load_level: 254328.41611324367
  wind_year: 2010
  solar_year: 2010
  price_year: 2023
  carbon_year: 2023
storage_values:
  CAES:
    cost: 75.4472
    lifetime: 24.9764
    annual_cost: 3.0207395781617845
    efficiency: 0.582252
    discharge_ratio: 0.1
    depth_of_discharge: 0.4
  Li-ion:
    cost: 240.241
    lifetime: 22.2564
    annual_cost: 10.794243453568413
    efficiency: 0.977143
    discharge_ratio: 2
    depth_of_discharge: 0.9
  Pb-acid:
    cost: 113.458
    lifetime: 12.7224
    annual_cost: 8.91797145192731
    efficiency: 0.681163
    discharge_ratio: 5
    depth_of_discharge: 0.5
  VRBF:
    cost: 383.852
    lifetime: 14.7128
    annual_cost: 26.089663422326137
    efficiency: 0.719634
    discharge_ratio: 0.5
    depth_of_discharge: 1.0
