cost_values:
  wind_capex: 5000.0
  wind_opex: 100
  wind_lifetime: 20
  solar_capex: 1000.0
  solar_opex: 10
  solar_lifetime: 20
  carbon_price: 1.0
timeseries_values:
  load_level: 254328.41611324367
  wind_year: 2010
  solar_year: 2010
  price_year: 2023
  carbon_year: 2023
storage_values:
  CAES:
    cost: 62.3404
    lifetime: 24.121
    annual_cost: 2.5844865469922476
    efficiency: 0.581226
    discharge_ratio: 0.1
    depth_of_discharge: 0.4
  Li-ion:
    cost: 244.862
    lifetime: 23.2467
    annual_cost: 10.533193958712419
    efficiency: 0.980316
    discharge_ratio: 2
    depth_of_discharge: 0.9
  Pb-acid:
    cost: 116.594
    lifetime: 14.3166
    annual_cost: 8.143972730955674
    efficiency: 0.694861
    discharge_ratio: 5
    depth_of_discharge: 0.5
  VRBF:
    cost: 370.746
    lifetime: 14.3126
    annual_cost: 25.903469670080906
    efficiency: 0.733361
    discharge_ratio: 0.5
    depth_of_discharge: 1.0
