cost_values:
  wind_capex: 5000.0
  wind_opex: 100
  wind_lifetime: 20
  solar_capex: 1000.0
  solar_opex: 10
  solar_lifetime: 20
  carbon_price: 1.0
timeseries_values:
  load_level: 254328.41611324367
  wind_year: 2010
  solar_year: 2010
  price_year: 2023
  carbon_year: 2023
storage_values:
  CAES:
    cost: 68.9901
    lifetime: 26.065
    annual_cost: 2.6468482639554956
    efficiency: 0.58059
    discharge_ratio: 0.1
    depth_of_discharge: 0.4
  Li-ion:
    cost: 244.862
    lifetime: 25.1947
    annual_cost: 9.718790062989438
    efficiency: 0.975664
    discharge_ratio: 2
    depth_of_discharge: 0.9
  Pb-acid:
    cost: 97.9773
    lifetime: 12.1079
    annual_cost: 8.092014304710148
    efficiency: 0.704852
    discharge_ratio: 5
    depth_of_discharge: 0.5
  VRBF:
    cost: 383.91
    lifetime: 14.2849
    annual_cost: 26.87523188821763
    efficiency: 0.708997
    discharge_ratio: 0.5
    depth_of_discharge: 1.0
