cost_values:
  wind_capex: 5000.0
  wind_opex: 100
  wind_lifetime: 20
  solar_capex: 1000.0
  solar_opex: 10
  solar_lifetime: 20
  carbon_price: 1.0
timeseries_values:
  load_level: 254328.41611324367
  wind_year: 2010
  solar_year: 2010
  price_year: 2023
  carbon_year: 2023
storage_values:
  CAES:
    cost: 69.7332
    lifetime: 24.9352
    annual_cost: 2.796576726876063
    efficiency: 0.592203
    discharge_ratio: 0.1
    depth_of_discharge: 0.4
  Li-ion:
    cost: 255.766
    lifetime: 24.2472
    annual_cost: 10.548269490910291
    efficiency: 0.9768
    discharge_ratio: 2
    depth_of_discharge: 0.9
  Pb-acid:
    cost: 112.567
    lifetime: 12.585
    annual_cost: 8.944537147397694
    efficiency: 0.71295
    discharge_ratio: 5
    depth_of_discharge: 0.5
  VRBF:
    cost: 340.649
    lifetime: 14.6285
    annual_cost: 23.28666643880097
    efficiency: 0.711148
    discharge_ratio: 0.5
    depth_of_discharge: 1.0
