cost_values:
  wind_capex: 5000.0
  wind_opex: 100
  wind_lifetime: 20
  solar_capex: 1000.0
  solar_opex: 10
  solar_lifetime: 20
  carbon_price: 1.0
timeseries_values:
  load_level: 254328.41611324367
  wind_year: 2010
  solar_year: 2010
  price_year: 2023
  carbon_year: 2023
storage_values:
  CAES:
    cost: 65.6953
    lifetime: 25.3904
    annual_cost: 2.5874070514840257
    efficiency: 0.582943
    discharge_ratio: 0.1
    depth_of_discharge: 0.4
  Li-ion:
    cost: 244.482
    lifetime: 24.3144
    annual_cost: 10.055029118547035
    efficiency: 0.977609
    discharge_ratio: 2
    depth_of_discharge: 0.9
  Pb-acid:
    cost: 108.471
    lifetime: 10.6323
    annual_cost: 10.202025902203662
    efficiency: 0.716369
    discharge_ratio: 5
    depth_of_discharge: 0.5
  VRBF:
    cost: 337.077
    lifetime: 15.4095
    annual_cost: 21.87462279762484
    efficiency: 0.725676
    discharge_ratio: 0.5
    depth_of_discharge: 1.0
