cost_values:
  wind_capex: 5000.0
  wind_opex: 100
  wind_lifetime: 20
  solar_capex: 1000.0
  solar_opex: 10
  solar_lifetime: 20
  carbon_price: 1.0
timeseries_values:
  load_level: 254328.41611324367
  wind_year: 2010
  solar_year: 2010
  price_year: 2023
  carbon_year: 2023
storage_values:
  CAES:
    cost: 71.1692
    lifetime: 24.7656
    annual_cost: 2.873711922989954
    efficiency: 0.584049
    discharge_ratio: 0.1
    depth_of_discharge: 0.4
  Li-ion:
    cost: 233.93
    lifetime: 23.9386
    annual_cost: 9.77208358049343
    efficiency: 0.978653
    discharge_ratio: 2
    depth_of_discharge: 0.9
  Pb-acid:
    cost: 108.44
    lifetime: 11.6025
    annual_cost: 9.3462615815557
    efficiency: 0.702461
    discharge_ratio: 5
    depth_of_discharge: 0.5
  VRBF:
    cost: 346.256
    lifetime: 16.533
    annual_cost: 20.943325470271574
    efficiency: 0.719158
    discharge_ratio: 0.5
    depth_of_discharge: 1.0
