cost_values:
  wind_capex: 5000.0
  wind_opex: 100
  wind_lifetime: 20
  solar_capex: 1000.0
  solar_opex: 10
  solar_lifetime: 20
  carbon_price: 1.0
timeseries_values:
  load_level: 254328.41611324367
  wind_year: 2010
  solar_year: 2010
  price_year: 2023
  carbon_year: 2023
storage_values:
  CAES:
    cost: 78.3091
    lifetime: 23.6444
    annual_cost: 3.311951244269256
    efficiency: 0.573986
    discharge_ratio: 0.1
    depth_of_discharge: 0.4
  Li-ion:
    cost: 233.24
    lifetime: 22.682
    annual_cost: 10.283043823296007
    efficiency: 0.960568
    discharge_ratio: 2
    depth_of_discharge: 0.9
  Pb-acid:
    cost: 122.833
    lifetime: 13.6399
    annual_cost: 9.005417928283931
    efficiency: 0.689775
    discharge_ratio: 5
    depth_of_discharge: 0.5
  VRBF:
    cost: 398.062
    lifetime: 13.9139
    annual_cost: 28.608945011822712
    efficiency: 0.724848
    discharge_ratio: 0.5
    depth_of_discharge: 1.0
