cost_values:
  wind_capex: 5000.0
  wind_opex: 100
  wind_lifetime: 20
  solar_capex: 1000.0
  solar_opex: 10
  solar_lifetime: 20
  carbon_price: 1.0
timeseries_values:
  load_level: 254328.41611324367
  wind_year: 2010
  solar_year: 2010
  price_year: 2023
  carbon_year: 2023
storage_values:
  CAES:
    cost: 65.1542
    lifetime: 25.1065
    annual_cost: 2.595112819389401
    efficiency: 0.58033
    discharge_ratio: 0.1
    depth_of_discharge: 0.4
  Li-ion:
    cost: 258.443
    lifetime: 22.8747
    annual_cost: 11.298202817960453
    efficiency: 0.963928
    discharge_ratio: 2
    depth_of_discharge: 0.9
  Pb-acid:
    cost: 84.8902
    lifetime: 13.9035
    annual_cost: 6.105671233861977
    efficiency: 0.702201
    discharge_ratio: 5
    depth_of_discharge: 0.5
  VRBF:
    cost: 388.041
    lifetime: 12.8877
    annual_cost: 30.109406643543842
    efficiency: 0.728652
    discharge_ratio: 0.5
    depth_of_discharge: 1.0
