cost_values:
  wind_capex: 5000.0
  wind_opex: 100
  wind_lifetime: 20
  solar_capex: 1000.0
  solar_opex: 10
  solar_lifetime: 20
  carbon_price: 1.0
timeseries_values:
  load_level: 254328.41611324367
  wind_year: 2010
  solar_year: 2010
  price_year: 2023
  carbon_year: 2023
storage_values:
  CAES:
    cost: 62.9436
    lifetime: 25.5095
    annual_cost: 2.4674572218193225
    efficiency: 0.581997
    discharge_ratio: 0.1
    depth_of_discharge: 0.4
  Li-ion:
    cost: 242.691
    lifetime: 22.7782
    annual_cost: 10.654529330675823
    efficiency: 0.963818
    discharge_ratio: 2
    depth_of_discharge: 0.9
  Pb-acid:
    cost: 105.982
    lifetime: 13.5565
    annual_cost: 7.817799579537492
    efficiency: 0.715558
    discharge_ratio: 5
    depth_of_discharge: 0.5
  VRBF:
    cost: 356.129
    lifetime: 15.7035
    annual_cost: 22.678320119718535
    efficiency: 0.701265
    discharge_ratio: 0.5
    depth_of_discharge: 1.0
