cost_values:
  wind_capex: 5000.0
  wind_opex: 100
  wind_lifetime: 20
  solar_capex: 1000.0
  solar_opex: 10
  solar_lifetime: 20
  carbon_price: 1.0
timeseries_values:
  load_level: 254328.41611324367
  wind_year: 2010
  solar_year: 2010
  price_year: 2023
  carbon_year: 2023
storage_values:
  CAES:
    cost: 73.3274
    lifetime: 24.8097
    annual_cost: 2.9555939813863126
    efficiency: 0.581591
    discharge_ratio: 0.1
    depth_of_discharge: 0.4
  Li-ion:
    cost: 244.752
    lifetime: 22.154
    annual_cost: 11.047756612801301
    efficiency: 0.982012
    discharge_ratio: 2
    depth_of_discharge: 0.9
  Pb-acid:
    cost: 124.26
    lifetime: 12.3147
    annual_cost: 10.090379790007065
    efficiency: 0.705604
    discharge_ratio: 5
    depth_of_discharge: 0.5
  VRBF:
    cost: 378.166
    lifetime: 13.4104
    annual_cost: 28.199457137743842
    efficiency: 0.722259
    discharge_ratio: 0.5
    depth_of_discharge: 1.0
