cost_values:
  wind_capex: 5000.0
  wind_opex: 100
  wind_lifetime: 20
  solar_capex: 1000.0
  solar_opex: 10
  solar_lifetime: 20
  carbon_price: 1.0
timeseries_values:
  load_level: 254328.41611324367
  wind_year: 2010
  solar_year: 2010
  price_year: 2023
  carbon_year: 2023
storage_values:
  CAES:
    cost: 74.0167
    lifetime: 25.3152
    annual_cost: 2.923804670711667
    efficiency: 0.590049
    discharge_ratio: 0.1
    depth_of_discharge: 0.4
  Li-ion:
    cost: 241.265
    lifetime: 22.7705
    annual_cost: 10.595507345029754
    efficiency: 0.974512
    discharge_ratio: 2
    depth_of_discharge: 0.9
  Pb-acid:
    cost: 101.004
    lifetime: 12.2936
    annual_cost: 8.215982299733195
    efficiency: 0.703643
    discharge_ratio: 5
    depth_of_discharge: 0.5
  VRBF:
    cost: 372.966
    lifetime: 15.9651
    annual_cost: 23.361331905218258
    efficiency: 0.703576
    discharge_ratio: 0.5
    depth_of_discharge: 1.0
