cost_values:
  wind_capex: 5000.0
  wind_opex: 100
  wind_lifetime: 20
  solar_capex: 1000.0
  solar_opex: 10
  solar_lifetime: 20
  carbon_price: 1.0
timeseries_values:
  load_level: 254328.41611324367
  wind_year: 2010
  solar_year: 2010
  price_year: 2023
  carbon_year: 2023
storage_values:
  CAES:
    cost: 70.6712
    lifetime: 24.1441
    annual_cost: 2.9270587845477776
    efficiency: 0.587587
    discharge_ratio: 0.1
    depth_of_discharge: 0.4
  Li-ion:
    cost: 240.793
    lifetime: 22.4348
    annual_cost: 10.733012997664343
    efficiency: 0.988403
    discharge_ratio: 2
    depth_of_discharge: 0.9
  Pb-acid:
    cost: 124.064
    lifetime: 12.9342
    annual_cost: 9.591934561086111
    efficiency: 0.704653
    discharge_ratio: 5
    depth_of_discharge: 0.5
  VRBF:
    cost: 367.345
    lifetime: 13.5332
    annual_cost: 27.143986640262465
    efficiency: 0.722938
    discharge_ratio: 0.5
    depth_of_discharge: 1.0
