cost_values:
  wind_capex: 5000.0
  wind_opex: 100
  wind_lifetime: 20
  solar_capex: 1000.0
  solar_opex: 10
  solar_lifetime: 20
  carbon_price: 1.0
timeseries_values:
  load_level: 254328.41611324367
  wind_year: 2010
  solar_year: 2010
  price_year: 2023
  carbon_year: 2023
storage_values:
  CAES:
    cost: 77.3926
    lifetime: 23.518
    annual_cost: 3.290781529041585
    efficiency: 0.589677
    discharge_ratio: 0.1
    depth_of_discharge: 0.4
  Li-ion:
    cost: 261.844
    lifetime: 23.0202
    annual_cost: 11.374531932824215
    efficiency: 0.967357
    discharge_ratio: 2
    depth_of_discharge: 0.9
  Pb-acid:
    cost: 94.3409
    lifetime: 12.7647
    annual_cost: 7.390765157034635
    efficiency: 0.717689
    discharge_ratio: 5
    depth_of_discharge: 0.5
  VRBF:
    cost: 387.334
    lifetime: 15.1226
    annual_cost: 25.612923703595943
    efficiency: 0.712322
    discharge_ratio: 0.5
    depth_of_discharge: 1.0
