cost_values:
  wind_capex: 5000.0
  wind_opex: 100
  wind_lifetime: 20
  solar_capex: 1000.0
  solar_opex: 10
  solar_lifetime: 20
  carbon_price: 1.0
timeseries_values:
  load_level: 254328.41611324367
  wind_year: 2010
  solar_year: 2010
  price_year: 2023
  carbon_year: 2023
storage_values:
  CAES:
    cost: 69.4197
    lifetime: 23.4639
    annual_cost: 2.9585746615012853
    efficiency: 0.578506
    discharge_ratio: 0.1
    depth_of_discharge: 0.4
  Li-ion:
    cost: 218.309
    lifetime: 22.1687
    annual_cost: 9.847622999995489
    efficiency: 0.965709
    discharge_ratio: 2
    depth_of_discharge: 0.9
  Pb-acid:
    cost: 100.381
    lifetime: 14.1249
    annual_cost: 7.106669781732968
    efficiency: 0.704086
    discharge_ratio: 5
    depth_of_discharge: 0.5
  VRBF:
    cost: 392.109
    lifetime: 14.6076
    annual_cost: 26.84280785344615
    efficiency: 0.70754
    discharge_ratio: 0.5
    depth_of_discharge: 1.0
