cost_values:
  wind_capex: 5000.0
  wind_opex: 100
  wind_lifetime: 20
  solar_capex: 1000.0
  solar_opex: 10
  solar_lifetime: 20
  carbon_price: 1.0
timeseries_values:
  load_level: 254328.41611324367
  wind_year: 2010
  solar_year: 2010
  price_year: 2023
  carbon_year: 2023
storage_values:
  CAES:
    cost: 68.7561
    lifetime: 25.911
    annual_cost: 2.653548685886303
    efficiency: 0.579017
    discharge_ratio: 0.1
    depth_of_discharge: 0.4
  Li-ion:
    cost: 214.487
    lifetime: 24.4744
    annual_cost: 8.76372863073252
    efficiency: 0.962635
    discharge_ratio: 2
    depth_of_discharge: 0.9
  Pb-acid:
    cost: 122.853
    lifetime: 12.5525
    annual_cost: 9.787134037044412
    efficiency: 0.701977
    discharge_ratio: 5
    depth_of_discharge: 0.5
  VRBF:
    cost: 386.593
    lifetime: 12.2485
    annual_cost: 31.562477038004655
    efficiency: 0.731953
    discharge_ratio: 0.5
    depth_of_discharge: 1.0
