cost_values:
  wind_capex: 5000.0
  wind_opex: 100
  wind_lifetime: 20
  solar_capex: 1000.0
  solar_opex: 10
  solar_lifetime: 20
  carbon_price: 1.0
timeseries_values:
  load_level: 254328.41611324367
  wind_year: 2010
  solar_year: 2010
  price_year: 2023
  carbon_year: 2023
storage_values:
  CAES:
    cost: 71.638
    lifetime: 24.3181
    annual_cost: 2.94587159358667
    efficiency: 0.5967
    discharge_ratio: 0.1
    depth_of_discharge: 0.4
  Li-ion:
    cost: 246.839
    lifetime: 24.5226
    annual_cost: 10.065776059634786
    efficiency: 0.967779
    discharge_ratio: 2
    depth_of_discharge: 0.9
  Pb-acid:
    cost: 113.277
    lifetime: 12.8114
    annual_cost: 8.841890815992006
    efficiency: 0.717019
    discharge_ratio: 5
    depth_of_discharge: 0.5
  VRBF:
    cost: 376.584
    lifetime: 11.7555
    annual_cost: 32.03470715835141
    efficiency: 0.706901
    discharge_ratio: 0.5
    depth_of_discharge: 1.0
