cost_values:
  wind_capex: 5000.0
  wind_opex: 100
  wind_lifetime: 20
  solar_capex: 1000.0
  solar_opex: 10
  solar_lifetime: 20
  carbon_price: 1.0
timeseries_values:
  load_level: 254328.41611324367
  wind_year: 2010
  solar_year: 2010
  price_year: 2023
  carbon_year: 2023
storage_values:
  CAES:
    cost: 64.9569
    lifetime: 24.9816
    annual_cost: 2.6001897396483815
    efficiency: 0.584251
    discharge_ratio: 0.1
    depth_of_discharge: 0.4
  Li-ion:
    cost: 227.946
    lifetime: 22.2606
    annual_cost: 10.239885717366109
    efficiency: 0.964981
    discharge_ratio: 2
    depth_of_discharge: 0.9
  Pb-acid:
    cost: 116.134
    lifetime: 12.8265
    annual_cost: 9.054223677542588
    efficiency: 0.708055
    discharge_ratio: 5
    depth_of_discharge: 0.5
  VRBF:
    cost: 382.577
    lifetime: 16.5288
    annual_cost: 23.146084410241517
    efficiency: 0.709112
    discharge_ratio: 0.5
    depth_of_discharge: 1.0
