cost_values:
  wind_capex: 5000.0
  wind_opex: 100
  wind_lifetime: 20
  solar_capex: 1000.0
  solar_opex: 10
  solar_lifetime: 20
  carbon_price: 1.0
timeseries_values:
  load_level: 254328.41611324367
  wind_year: 2010
  solar_year: 2010
  price_year: 2023
  carbon_year: 2023
storage_values:
  CAES:
    cost: 67.4887
    lifetime: 25.2232
    annual_cost: 2.6756597101081545
    efficiency: 0.579702
    discharge_ratio: 0.1
    depth_of_discharge: 0.4
  Li-ion:
    cost: 246.601
    lifetime: 23.6112
    annual_cost: 10.444238327573355
    efficiency: 0.968203
    discharge_ratio: 2
    depth_of_discharge: 0.9
  Pb-acid:
    cost: 124.782
    lifetime: 12.0407
    annual_cost: 10.363350967966978
    efficiency: 0.70074
    discharge_ratio: 5
    depth_of_discharge: 0.5
  VRBF:
    cost: 370.726
    lifetime: 14.8978
    annual_cost: 24.884613835599886
    efficiency: 0.719712
    discharge_ratio: 0.5
    depth_of_discharge: 1.0
