cost_values:
  wind_capex: 5000.0
  wind_opex: 100
  wind_lifetime: 20
  solar_capex: 1000.0
  solar_opex: 10
  solar_lifetime: 20
  carbon_price: 1.0
timeseries_values:
  load_level: 254328.41611324367
  wind_year: 2010
  solar_year: 2010
  price_year: 2023
  carbon_year: 2023
storage_values:
  CAES:
    cost: 70.9415
    lifetime: 23.72
    annual_cost: 2.9907883642495787
    efficiency: 0.585598
    discharge_ratio: 0.1
    depth_of_discharge: 0.4
  Li-ion:
    cost: 269.161
    lifetime: 23.5045
    annual_cost: 11.45146674041141
    efficiency: 0.969508
    discharge_ratio: 2
    depth_of_discharge: 0.9
  Pb-acid:
    cost: 96.147
    lifetime: 11.5381
    annual_cost: 8.333001100701155
    efficiency: 0.704305
    discharge_ratio: 5
    depth_of_discharge: 0.5
  VRBF:
    cost: 387.012
    lifetime: 13.6767
    annual_cost: 28.297176950580184
    efficiency: 0.716542
    discharge_ratio: 0.5
    depth_of_discharge: 1.0
