cost_values:
  wind_capex: 5000.0
  wind_opex: 100
  wind_lifetime: 20
  solar_capex: 1000.0
  solar_opex: 10
  solar_lifetime: 20
  carbon_price: 1.0
timeseries_values:
  load_level: 254328.41611324367
  wind_year: 2010
  solar_year: 2010
  price_year: 2023
  carbon_year: 2023
storage_values:
  CAES:
    cost: 71.0622
    lifetime: 24.6875
    annual_cost: 2.8784688607594937
    efficiency: 0.587297
    discharge_ratio: 0.1
    depth_of_discharge: 0.4
  Li-ion:
    cost: 214.47
    lifetime: 23.1576
    annual_cost: 9.26132241683076
    efficiency: 0.978197
    discharge_ratio: 2
    depth_of_discharge: 0.9
  Pb-acid:
    cost: 104.423
    lifetime: 11.7378
    annual_cost: 8.896300840021128
    efficiency: 0.706072
    discharge_ratio: 5
    depth_of_discharge: 0.5
  VRBF:
    cost: 396.567
    lifetime: 15.0329
    annual_cost: 26.379939998270462
    efficiency: 0.729743
    discharge_ratio: 0.5
    depth_of_discharge: 1.0
