cost_values:
  wind_capex: 5000.0
  wind_opex: 100
  wind_lifetime: 20
  solar_capex: 1000.0
  solar_opex: 10
  solar_lifetime: 20
  carbon_price: 1.0
timeseries_values:
  load_level: 254328.41611324367
  wind_year: 2010
  solar_year: 2010
  price_year: 2023
  carbon_year: 2023
storage_values:
  CAES:
    cost: 68.0292
    lifetime: 24.7969
    annual_cost: 2.743455835205207
    efficiency: 0.591865
    discharge_ratio: 0.1
    depth_of_discharge: 0.4
  Li-ion:
    cost: 229.545
    lifetime: 22.9977
    annual_cost: 9.981215512855634
    efficiency: 0.974383
    discharge_ratio: 2
    depth_of_discharge: 0.9
  Pb-acid:
    cost: 105.658
    lifetime: 13.5579
    annual_cost: 7.793094800817236
    efficiency: 0.726969
    discharge_ratio: 5
    depth_of_discharge: 0.5
  VRBF:
    cost: 373.467
    lifetime: 12.7014
    annual_cost: 29.403609050970758
    efficiency: 0.687203
    discharge_ratio: 0.5
    depth_of_discharge: 1.0
