cost_values:
  wind_capex: 5000.0
  wind_opex: 100
  wind_lifetime: 20
  solar_capex: 1000.0
  solar_opex: 10
  solar_lifetime: 20
  carbon_price: 1.0
timeseries_values:
  load_level: 254328.41611324367
  wind_year: 2010
  solar_year: 2010
  price_year: 2023
  carbon_year: 2023
storage_values:
  CAES:
    cost: 63.001
    lifetime: 23.8167
    annual_cost: 2.645244723240415
    efficiency: 0.588557
    discharge_ratio: 0.1
    depth_of_discharge: 0.4
  Li-ion:
    cost: 224.635
    lifetime: 25.2321
    annual_cost: 8.902746897800817
    efficiency: 0.970057
    discharge_ratio: 2
    depth_of_discharge: 0.9
  Pb-acid:
    cost: 129.443
    lifetime: 12.254
    annual_cost: 10.563326260812797
    efficiency: 0.71147
    discharge_ratio: 5
    depth_of_discharge: 0.5
  VRBF:
    cost: 392.649
    lifetime: 14.0547
    annual_cost: 27.93720250165425
    efficiency: 0.720724
    discharge_ratio: 0.5
    depth_of_discharge: 1.0
