cost_values:
  wind_capex: 5000.0
  wind_opex: 100
  wind_lifetime: 20
  solar_capex: 1000.0
  solar_opex: 10
  solar_lifetime: 20
  carbon_price: 1.0
timeseries_values:
  load_level: 254328.41611324367
  wind_year: 2010
  solar_year: 2010
  price_year: 2023
  carbon_year: 2023
storage_values:
  CAES:
    cost: 74.515
    lifetime: 25.0136
    annual_cost: 2.978979435187258
    efficiency: 0.578835
    discharge_ratio: 0.1
    depth_of_discharge: 0.4
  Li-ion:
    cost: 239.884
    lifetime: 26.5132
    annual_cost: 9.04771962645022
    efficiency: 0.967112
    discharge_ratio: 2
    depth_of_discharge: 0.9
  Pb-acid:
    cost: 120.071
    lifetime: 13.179
    annual_cost: 9.110782305182488
    efficiency: 0.69351
    discharge_ratio: 5
    depth_of_discharge: 0.5
  VRBF:
    cost: 354.258
    lifetime: 12.6749
    annual_cost: 27.94956962185106
    efficiency: 0.714389
    discharge_ratio: 0.5
    depth_of_discharge: 1.0
