cost_values:
  wind_capex: 5000.0
  wind_opex: 100
  wind_lifetime: 20
  solar_capex: 1000.0
  solar_opex: 10
  solar_lifetime: 20
  carbon_price: 1.0
timeseries_values:
  load_level: 254328.41611324367
  wind_year: 2010
  solar_year: 2010
  price_year: 2023
  carbon_year: 2023
storage_values:
  CAES:
    cost: 70.1369
    lifetime: 25.0363
    annual_cost: 2.8014083550684403
    efficiency: 0.587982
    discharge_ratio: 0.1
    depth_of_discharge: 0.4
  Li-ion:
    cost: 242.43
    lifetime: 24.3078
    annual_cost: 9.973341890257448
    efficiency: 0.954438
    discharge_ratio: 2
    depth_of_discharge: 0.9
  Pb-acid:
    cost: 114.948
    lifetime: 12.7428
    annual_cost: 9.020623410867312
    efficiency: 0.703791
    discharge_ratio: 5
    depth_of_discharge: 0.5
  VRBF:
    cost: 378.817
    lifetime: 11.9832
    annual_cost: 31.612340610187598
    efficiency: 0.687766
    discharge_ratio: 0.5
    depth_of_discharge: 1.0
