cost_values:
  wind_capex: 5000.0
  wind_opex: 100
  wind_lifetime: 20
  solar_capex: 1000.0
  solar_opex: 10
  solar_lifetime: 20
  carbon_price: 1.0
timeseries_values:
  load_level: 254328.41611324367
  wind_year: 2010
  solar_year: 2010
  price_year: 2023
  carbon_year: 2023
storage_values:
  CAES:
    cost: 70.0919
    lifetime: 25.7305
    annual_cost: 2.724078428324362
    efficiency: 0.58365
    discharge_ratio: 0.1
    depth_of_discharge: 0.4
  Li-ion:
    cost: 253.842
    lifetime: 22.4513
    annual_cost: 11.306338608454745
    efficiency: 0.97702
    discharge_ratio: 2
    depth_of_discharge: 0.9
  Pb-acid:
    cost: 113.637
    lifetime: 11.7787
    annual_cost: 9.647669097608395
    efficiency: 0.698569
    discharge_ratio: 5
    depth_of_discharge: 0.5
  VRBF:
    cost: 362.473
    lifetime: 16.0382
    annual_cost: 22.60060355900288
    efficiency: 0.730815
    discharge_ratio: 0.5
    depth_of_discharge: 1.0
