cost_values:
  wind_capex: 5000.0
  wind_opex: 100
  wind_lifetime: 20
  solar_capex: 1000.0
  solar_opex: 10
  solar_lifetime: 20
  carbon_price: 1.0
timeseries_values:
  load_level: 254328.41611324367
  wind_year: 2010
  solar_year: 2010
  price_year: 2023
  carbon_year: 2023
storage_values:
  CAES:
    cost: 75.4137
    lifetime: 24.1256
    annual_cost: 3.1258787346221446
    efficiency: 0.579285
    discharge_ratio: 0.1
    depth_of_discharge: 0.4
  Li-ion:
    cost: 233.623
    lifetime: 24.7888
    annual_cost: 9.424538501258633
    efficiency: 0.96073
    discharge_ratio: 2
    depth_of_discharge: 0.9
  Pb-acid:
    cost: 81.4713
    lifetime: 11.8764
    annual_cost: 6.859932302717995
    efficiency: 0.704682
    discharge_ratio: 5
    depth_of_discharge: 0.5
  VRBF:
    cost: 376.361
    lifetime: 15.4274
    annual_cost: 24.39562077861467
    efficiency: 0.705839
    discharge_ratio: 0.5
    depth_of_discharge: 1.0
