cost_values:
  wind_capex: 5000.0
  wind_opex: 100
  wind_lifetime: 20
  solar_capex: 1000.0
  solar_opex: 10
  solar_lifetime: 20
  carbon_price: 1.0
timeseries_values:
  load_level: 254328.41611324367
  wind_year: 2010
  solar_year: 2010
  price_year: 2023
  carbon_year: 2023
storage_values:
  CAES:
    cost: 74.301
    lifetime: 24.7812
    annual_cost: 2.998280954917438
    efficiency: 0.586334
    discharge_ratio: 0.1
    depth_of_discharge: 0.4
  Li-ion:
    cost: 246.641
    lifetime: 24.5297
    annual_cost: 10.05479072308263
    efficiency: 0.964558
    discharge_ratio: 2
    depth_of_discharge: 0.9
  Pb-acid:
    cost: 93.8341
    lifetime: 12.236
    annual_cost: 7.668690748610657
    efficiency: 0.698026
    discharge_ratio: 5
    depth_of_discharge: 0.5
  VRBF:
    cost: 391.705
    lifetime: 15.7588
    annual_cost: 24.85627078203924
    efficiency: 0.715978
    discharge_ratio: 0.5
    depth_of_discharge: 1.0
