cost_values:
  wind_capex: 5000.0
  wind_opex: 100
  wind_lifetime: 20
  solar_capex: 1000.0
  solar_opex: 10
  solar_lifetime: 20
  carbon_price: 1.0
timeseries_values:
  load_level: 254328.41611324367
  wind_year: 2010
  solar_year: 2010
  price_year: 2023
  carbon_year: 2023
storage_values:
  CAES:
    cost: 75.3811
    lifetime: 25.4605
    annual_cost: 2.96070776300544
    efficiency: 0.580556
    discharge_ratio: 0.1
    depth_of_discharge: 0.4
  Li-ion:
    cost: 238.684
    lifetime: 21.9869
    annual_cost: 10.855736825109497
    efficiency: 0.968299
    discharge_ratio: 2
    depth_of_discharge: 0.9
  Pb-acid:
    cost: 89.5669
    lifetime: 12.9782
    annual_cost: 6.90133454562266
    efficiency: 0.701182
    discharge_ratio: 5
    depth_of_discharge: 0.5
  VRBF:
    cost: 327.498
    lifetime: 15.8134
    annual_cost: 20.710157208443473
    efficiency: 0.699802
    discharge_ratio: 0.5
    depth_of_discharge: 1.0
