cost_values:
  wind_capex: 5000.0
  wind_opex: 100
  wind_lifetime: 20
  solar_capex: 1000.0
  solar_opex: 10
  solar_lifetime: 20
  carbon_price: 1.0
timeseries_values:
  load_level: 254328.41611324367
  wind_year: 2010
  solar_year: 2010
  price_year: 2023
  carbon_year: 2023
storage_values:
  CAES:
    cost: 77.9736
    lifetime: 24.2718
    annual_cost: 3.2125182310335454
    efficiency: 0.582955
    discharge_ratio: 0.1
    depth_of_discharge: 0.4
  Li-ion:
    cost: 258.467
    lifetime: 22.8513
    annual_cost: 11.310822579021762
    efficiency: 0.960309
    discharge_ratio: 2
    depth_of_discharge: 0.9
  Pb-acid:
    cost: 94.1023
    lifetime: 13.4981
    annual_cost: 6.9715219178995556
    efficiency: 0.728581
    discharge_ratio: 5
    depth_of_discharge: 0.5
  VRBF:
    cost: 354.024
    lifetime: 14.06
    annual_cost: 25.179516358463726
    efficiency: 0.70289
    discharge_ratio: 0.5
    depth_of_discharge: 1.0
