cost_values:
  wind_capex: 5000.0
  wind_opex: 100
  wind_lifetime: 20
  solar_capex: 1000.0
  solar_opex: 10
  solar_lifetime: 20
  carbon_price: 1.0
timeseries_values:
  load_level: 254328.41611324367
  wind_year: 2010
  solar_year: 2010
  price_year: 2023
  carbon_year: 2023
storage_values:
  CAES:
    cost: 74.6327
    lifetime: 25.569
    annual_cost: 2.9188744182408386
    efficiency: 0.590677
    discharge_ratio: 0.1
    depth_of_discharge: 0.4
  Li-ion:
    cost: 223.862
    lifetime: 22.2442
    annual_cost: 10.063836865340178
    efficiency: 0.961578
    discharge_ratio: 2
    depth_of_discharge: 0.9
  Pb-acid:
    cost: 120.323
    lifetime: 12.7086
    annual_cost: 9.467840674818627
    efficiency: 0.696465
    discharge_ratio: 5
    depth_of_discharge: 0.5
  VRBF:
    cost: 382.993
    lifetime: 15.851
    annual_cost: 24.16207179357769
    efficiency: 0.702619
    discharge_ratio: 0.5
    depth_of_discharge: 1.0
