cost_values:
  wind_capex: 5000.0
  wind_opex: 100
  wind_lifetime: 20
  solar_capex: 1000.0
  solar_opex: 10
  solar_lifetime: 20
  carbon_price: 1.0
timeseries_values:
  load_level: 254328.41611324367
  wind_year: 2010
  solar_year: 2010
  price_year: 2023
  carbon_year: 2023
storage_values:
  CAES:
    cost: 68.1536
    lifetime: 25.8018
    annual_cost: 2.6414281174181644
    efficiency: 0.590884
    discharge_ratio: 0.1
    depth_of_discharge: 0.4
  Li-ion:
    cost: 231.653
    lifetime: 22.1983
    annual_cost: 10.435618943792992
    efficiency: 0.973173
    discharge_ratio: 2
    depth_of_discharge: 0.9
  Pb-acid:
    cost: 122.258
    lifetime: 12.6888
    annual_cost: 9.635111279238382
    efficiency: 0.708046
    discharge_ratio: 5
    depth_of_discharge: 0.5
  VRBF:
    cost: 376.403
    lifetime: 13.016
    annual_cost: 28.918484941610327
    efficiency: 0.72255
    discharge_ratio: 0.5
    depth_of_discharge: 1.0
