cost_values:
  wind_capex: 5000.0
  wind_opex: 100
  wind_lifetime: 20
  solar_capex: 1000.0
  solar_opex: 10
  solar_lifetime: 20
  carbon_price: 1.0
timeseries_values:
  load_level: 254328.41611324367
  wind_year: 2010
  solar_year: 2010
  price_year: 2023
  carbon_year: 2023
storage_values:
  CAES:
    cost: 63.7872
    lifetime: 24.7494
    annual_cost: 2.5773230866202814
    efficiency: 0.58311
    discharge_ratio: 0.1
    depth_of_discharge: 0.4
  Li-ion:
    cost: 218.854
    lifetime: 24.5141
    annual_cost: 8.927678356537667
    efficiency: 0.964755
    discharge_ratio: 2
    depth_of_discharge: 0.9
  Pb-acid:
    cost: 79.5097
    lifetime: 13.2608
    annual_cost: 5.995844896235521
    efficiency: 0.704861
    discharge_ratio: 5
    depth_of_discharge: 0.5
  VRBF:
    cost: 370.219
    lifetime: 10.9634
    annual_cost: 33.76863016947297
    efficiency: 0.698894
    discharge_ratio: 0.5
    depth_of_discharge: 1.0
