cost_values:
  wind_capex: 5000.0
  wind_opex: 100
  wind_lifetime: 20
  solar_capex: 1000.0
  solar_opex: 10
  solar_lifetime: 20
  carbon_price: 1.0
timeseries_values:
  load_level: 254328.41611324367
  wind_year: 2010
  solar_year: 2010
  price_year: 2023
  carbon_year: 2023
storage_values:
  CAES:
    cost: 71.139
    lifetime: 25.0385
    annual_cost: 2.84118457575334
    efficiency: 0.585929
    discharge_ratio: 0.1
    depth_of_discharge: 0.4
  Li-ion:
    cost: 248.702
    lifetime: 22.9994
    annual_cost: 10.813412523804969
    efficiency: 0.970118
    discharge_ratio: 2
    depth_of_discharge: 0.9
  Pb-acid:
    cost: 105.964
    lifetime: 11.2837
    annual_cost: 9.390891285659846
    efficiency: 0.712383
    discharge_ratio: 5
    depth_of_discharge: 0.5
  VRBF:
    cost: 393.918
    lifetime: 13.6474
    annual_cost: 28.863959435496874
    efficiency: 0.723934
    discharge_ratio: 0.5
    depth_of_discharge: 1.0
