cost_values:
  wind_capex: 5000.0
  wind_opex: 100
  wind_lifetime: 20
  solar_capex: 1000.0
  solar_opex: 10
  solar_lifetime: 20
  carbon_price: 1.0
timeseries_values:
  load_level: 254328.41611324367
  wind_year: 2010
  solar_year: 2010
  price_year: 2023
  carbon_year: 2023
storage_values:
  CAES:
    cost: 67.5355
    lifetime: 25.1668
    annual_cost: 2.683515584023396
    efficiency: 0.584705
    discharge_ratio: 0.1
    depth_of_discharge: 0.4
  Li-ion:
    cost: 238.359
    lifetime: 23.6242
    annual_cost: 10.08961150007196
    efficiency: 0.972842
    discharge_ratio: 2
    depth_of_discharge: 0.9
  Pb-acid:
    cost: 113.821
    lifetime: 12.3732
    annual_cost: 9.198994601234926
    efficiency: 0.721563
    discharge_ratio: 5
    depth_of_discharge: 0.5
  VRBF:
    cost: 375.964
    lifetime: 13.0284
    annual_cost: 28.857265665776303
    efficiency: 0.723718
    discharge_ratio: 0.5
    depth_of_discharge: 1.0
