cost_values:
  wind_capex: 5000.0
  wind_opex: 100
  wind_lifetime: 20
  solar_capex: 1000.0
  solar_opex: 10
  solar_lifetime: 20
  carbon_price: 1.0
timeseries_values:
  load_level: 254328.41611324367
  wind_year: 2010
  solar_year: 2010
  price_year: 2023
  carbon_year: 2023
storage_values:
  CAES:
    cost: 67.988
    lifetime: 23.4589
    annual_cost: 2.8981751062496537
    efficiency: 0.582374
    discharge_ratio: 0.1
    depth_of_discharge: 0.4
  Li-ion:
    cost: 239.338
    lifetime: 21.4114
    annual_cost: 11.178064021969604
    efficiency: 0.957019
    discharge_ratio: 2
    depth_of_discharge: 0.9
  Pb-acid:
    cost: 85.1603
    lifetime: 13.081
    annual_cost: 6.510228575796958
    efficiency: 0.695278
    discharge_ratio: 5
    depth_of_discharge: 0.5
  VRBF:
    cost: 366.544
    lifetime: 14.8398
    annual_cost: 24.70006334317174
    efficiency: 0.722717
    discharge_ratio: 0.5
    depth_of_discharge: 1.0
