cost_values:
  wind_capex: 5000.0
  wind_opex: 100
  wind_lifetime: 20
  solar_capex: 1000.0
  solar_opex: 10
  solar_lifetime: 20
  carbon_price: 1.0
timeseries_values:
  load_level: 254328.41611324367
  wind_year: 2010
  solar_year: 2010
  price_year: 2023
  carbon_year: 2023
storage_values:
  CAES:
    cost: 65.6442
    lifetime: 26.0487
    annual_cost: 2.520056663096431
    efficiency: 0.58307
    discharge_ratio: 0.1
    depth_of_discharge: 0.4
  Li-ion:
    cost: 251.849
    lifetime: 23.6702
    annual_cost: 10.6399185473718
    efficiency: 0.97476
    discharge_ratio: 2
    depth_of_discharge: 0.9
  Pb-acid:
    cost: 100.512
    lifetime: 12.7278
    annual_cost: 7.897044265309009
    efficiency: 0.692633
    discharge_ratio: 5
    depth_of_discharge: 0.5
  VRBF:
    cost: 370.497
    lifetime: 12.5266
    annual_cost: 29.57682052592084
    efficiency: 0.708291
    discharge_ratio: 0.5
    depth_of_discharge: 1.0
