cost_values:
  wind_capex: 5000.0
  wind_opex: 100
  wind_lifetime: 20
  solar_capex: 1000.0
  solar_opex: 10
  solar_lifetime: 20
  carbon_price: 1.0
timeseries_values:
  load_level: 254328.41611324367
  wind_year: 2010
  solar_year: 2010
  price_year: 2023
  carbon_year: 2023
storage_values:
  CAES:
    cost: 67.2405
    lifetime: 24.9548
    annual_cost: 2.6944916408867234
    efficiency: 0.580935
    discharge_ratio: 0.1
    depth_of_discharge: 0.4
  Li-ion:
    cost: 240.159
    lifetime: 23.9071
    annual_cost: 10.045509492995805
    efficiency: 0.959306
    discharge_ratio: 2
    depth_of_discharge: 0.9
  Pb-acid:
    cost: 116.238
    lifetime: 11.5489
    annual_cost: 10.064854661482912
    efficiency: 0.702003
    discharge_ratio: 5
    depth_of_discharge: 0.5
  VRBF:
    cost: 383.561
    lifetime: 14.5174
    annual_cost: 26.42077782523041
    efficiency: 0.75199
    discharge_ratio: 0.5
    depth_of_discharge: 1.0
