cost_values:
  wind_capex: 5000.0
  wind_opex: 100
  wind_lifetime: 20
  solar_capex: 1000.0
  solar_opex: 10
  solar_lifetime: 20
  carbon_price: 1.0
timeseries_values:
  load_level: 254328.41611324367
  wind_year: 2010
  solar_year: 2010
  price_year: 2023
  carbon_year: 2023
storage_values:
  CAES:
    cost: 74.1451
    lifetime: 25.0739
    annual_cost: 2.9570629220025606
    efficiency: 0.592571
    discharge_ratio: 0.1
    depth_of_discharge: 0.4
  Li-ion:
    cost: 230.918
    lifetime: 25.1609
    annual_cost: 9.177652627688198
    efficiency: 0.975367
    discharge_ratio: 2
    depth_of_discharge: 0.9
  Pb-acid:
    cost: 105.752
    lifetime: 12.7646
    annual_cost: 8.284787615749808
    efficiency: 0.691521
    discharge_ratio: 5
    depth_of_discharge: 0.5
  VRBF:
    cost: 386.088
    lifetime: 13.9971
    annual_cost: 27.58342799579913
    efficiency: 0.727073
    discharge_ratio: 0.5
    depth_of_discharge: 1.0
