cost_values:
  wind_capex: 5000.0
  wind_opex: 100
  wind_lifetime: 20
  solar_capex: 1000.0
  solar_opex: 10
  solar_lifetime: 20
  carbon_price: 1.0
timeseries_values:
  load_level: 254328.41611324367
  wind_year: 2010
  solar_year: 2010
  price_year: 2023
  carbon_year: 2023
storage_values:
  CAES:
    cost: 68.582
    lifetime: 24.7239
    annual_cost: 2.773915118569481
    efficiency: 0.579372
    discharge_ratio: 0.1
    depth_of_discharge: 0.4
  Li-ion:
    cost: 232.848
    lifetime: 25.4604
    annual_cost: 9.145496535796767
    efficiency: 0.969761
    discharge_ratio: 2
    depth_of_discharge: 0.9
  Pb-acid:
    cost: 90.6463
    lifetime: 9.79286
    annual_cost: 9.256366373051387
    efficiency: 0.705762
    discharge_ratio: 5
    depth_of_discharge: 0.5
  VRBF:
    cost: 393.643
    lifetime: 13.141
    annual_cost: 29.955330644547598
    efficiency: 0.74258
    discharge_ratio: 0.5
    depth_of_discharge: 1.0
