cost_values:
  wind_capex: 5000.0
  wind_opex: 100
  wind_lifetime: 20
  solar_capex: 1000.0
  solar_opex: 10
  solar_lifetime: 20
  carbon_price: 1.0
timeseries_values:
  load_level: 254328.41611324367
  wind_year: 2010
  solar_year: 2010
  price_year: 2023
  carbon_year: 2023
storage_values:
  CAES:
    cost: 69.9786
    lifetime: 24.4485
    annual_cost: 2.8622860298177804
    efficiency: 0.583493
    discharge_ratio: 0.1
    depth_of_discharge: 0.4
  Li-ion:
    cost: 223.775
    lifetime: 23.6848
    annual_cost: 9.44804262649463
    efficiency: 0.948471
    discharge_ratio: 2
    depth_of_discharge: 0.9
  Pb-acid:
    cost: 112.951
    lifetime: 12.2083
    annual_cost: 9.251984305759196
    efficiency: 0.703979
    discharge_ratio: 5
    depth_of_discharge: 0.5
  VRBF:
    cost: 388.083
    lifetime: 14.3744
    annual_cost: 26.998205142475516
    efficiency: 0.727259
    discharge_ratio: 0.5
    depth_of_discharge: 1.0
