cost_values:
  wind_capex: 5000.0
  wind_opex: 100
  wind_lifetime: 20
  solar_capex: 1000.0
  solar_opex: 10
  solar_lifetime: 20
  carbon_price: 1.0
timeseries_values:
  load_level: 254328.41611324367
  wind_year: 2010
  solar_year: 2010
  price_year: 2023
  carbon_year: 2023
storage_values:
  CAES:
    cost: 62.8114
    lifetime: 25.245
    annual_cost: 2.4880728857199443
    efficiency: 0.582573
    discharge_ratio: 0.1
    depth_of_discharge: 0.4
  Li-ion:
    cost: 231.323
    lifetime: 23.3232
    annual_cost: 9.918150168072993
    efficiency: 0.974868
    discharge_ratio: 2
    depth_of_discharge: 0.9
  Pb-acid:
    cost: 99.2726
    lifetime: 11.4922
    annual_cost: 8.638258993056159
    efficiency: 0.702405
    discharge_ratio: 5
    depth_of_discharge: 0.5
  VRBF:
    cost: 391.579
    lifetime: 14.171
    annual_cost: 27.632418319102396
    efficiency: 0.720272
    discharge_ratio: 0.5
    depth_of_discharge: 1.0
