cost_values:
  wind_capex: 5000.0
  wind_opex: 100
  wind_lifetime: 20
  solar_capex: 1000.0
  solar_opex: 10
  solar_lifetime: 20
  carbon_price: 1.0
timeseries_values:
  load_level: 254328.41611324367
  wind_year: 2010
  solar_year: 2010
  price_year: 2023
  carbon_year: 2023
storage_values:
  CAES:
    cost: 65.9637
    lifetime: 24.2208
    annual_cost: 2.72343192627824
    efficiency: 0.585549
    discharge_ratio: 0.1
    depth_of_discharge: 0.4
  Li-ion:
    cost: 254.226
    lifetime: 23.3303
    annual_cost: 10.8968165861562
    efficiency: 0.974555
    discharge_ratio: 2
    depth_of_discharge: 0.9
  Pb-acid:
    cost: 109.058
    lifetime: 12.7417
    annual_cost: 8.5591404600642
    efficiency: 0.706862
    discharge_ratio: 5
    depth_of_discharge: 0.5
  VRBF:
    cost: 370.697
    lifetime: 14.5021
    annual_cost: 25.56160831879521
    efficiency: 0.711813
    discharge_ratio: 0.5
    depth_of_discharge: 1.0
