cost_values:
  wind_capex: 5000.0
  wind_opex: 100
  wind_lifetime: 20
  solar_capex: 1000.0
  solar_opex: 10
  solar_lifetime: 20
  carbon_price: 1.0
timeseries_values:
  load_level: 254328.41611324367
  wind_year: 2010
  solar_year: 2010
  price_year: 2023
  carbon_year: 2023
storage_values:
  CAES:
    cost: 73.937
    lifetime: 24.1236
    annual_cost: 3.06492397486279
    efficiency: 0.602142
    discharge_ratio: 0.1
    depth_of_discharge: 0.4
  Li-ion:
    cost: 223.611
    lifetime: 24.8264
    annual_cost: 9.006984500370573
    efficiency: 0.978915
    discharge_ratio: 2
    depth_of_discharge: 0.9
  Pb-acid:
    cost: 122.029
    lifetime: 11.2032
    annual_cost: 10.8923343330477
    efficiency: 0.712684
    discharge_ratio: 5
    depth_of_discharge: 0.5
  VRBF:
    cost: 338.857
    lifetime: 15.436
    annual_cost: 21.95238403731537
    efficiency: 0.716721
    discharge_ratio: 0.5
    depth_of_discharge: 1.0
