cost_values:
  wind_capex: 5000.0
  wind_opex: 100
  wind_lifetime: 20
  solar_capex: 1000.0
  solar_opex: 10
  solar_lifetime: 20
  carbon_price: 1.0
timeseries_values:
  load_level: 254328.41611324367
  wind_year: 2010
  solar_year: 2010
  price_year: 2023
  carbon_year: 2023
storage_values:
  CAES:
    cost: 67.5556
    lifetime: 24.3643
    annual_cost: 2.7727289517860148
    efficiency: 0.580127
    discharge_ratio: 0.1
    depth_of_discharge: 0.4
  Li-ion:
    cost: 233.68
    lifetime: 22.0913
    annual_cost: 10.577919814587643
    efficiency: 0.967842
    discharge_ratio: 2
    depth_of_discharge: 0.9
  Pb-acid:
    cost: 75.6404
    lifetime: 10.833
    annual_cost: 6.982405612480384
    efficiency: 0.708225
    discharge_ratio: 5
    depth_of_discharge: 0.5
  VRBF:
    cost: 364.148
    lifetime: 13.4532
    annual_cost: 27.06776083013707
    efficiency: 0.728707
    discharge_ratio: 0.5
    depth_of_discharge: 1.0
