cost_values:
  wind_capex: 5000.0
  wind_opex: 100
  wind_lifetime: 20
  solar_capex: 1000.0
  solar_opex: 10
  solar_lifetime: 20
  carbon_price: 1.0
timeseries_values:
  load_level: 254328.41611324367
  wind_year: 2010
  solar_year: 2010
  price_year: 2023
  carbon_year: 2023
storage_values:
  CAES:
    cost: 78.2753
    lifetime: 25.4957
    annual_cost: 3.070137317273109
    efficiency: 0.583259
    discharge_ratio: 0.1
    depth_of_discharge: 0.4
  Li-ion:
    cost: 229.078
    lifetime: 22.3624
    annual_cost: 10.24389153221479
    efficiency: 0.987931
    discharge_ratio: 2
    depth_of_discharge: 0.9
  Pb-acid:
    cost: 102.461
    lifetime: 13.2513
    annual_cost: 7.7321470346305645
    efficiency: 0.708845
    discharge_ratio: 5
    depth_of_discharge: 0.5
  VRBF:
    cost: 387.295
    lifetime: 14.419
    annual_cost: 26.860045772938484
    efficiency: 0.733197
    discharge_ratio: 0.5
    depth_of_discharge: 1.0
