cost_values:
  wind_capex: 5000.0
  wind_opex: 100
  wind_lifetime: 20
  solar_capex: 1000.0
  solar_opex: 10
  solar_lifetime: 20
  carbon_price: 1.0
timeseries_values:
  load_level: 254328.41611324367
  wind_year: 2010
  solar_year: 2010
  price_year: 2023
  carbon_year: 2023
storage_values:
  CAES:
    cost: 76.4883
    lifetime: 24.4399
    annual_cost: 3.1296486483168913
    efficiency: 0.586656
    discharge_ratio: 0.1
    depth_of_discharge: 0.4
  Li-ion:
    cost: 242.477
    lifetime: 24.6898
    annual_cost: 9.820938201200494
    efficiency: 0.968163
    discharge_ratio: 2
    depth_of_discharge: 0.9
  Pb-acid:
    cost: 104.276
    lifetime: 12.489
    annual_cost: 8.349427496196652
    efficiency: 0.703025
    discharge_ratio: 5
    depth_of_discharge: 0.5
  VRBF:
    cost: 389.527
    lifetime: 12.6819
    annual_cost: 30.715192518471206
    efficiency: 0.710664
    discharge_ratio: 0.5
    depth_of_discharge: 1.0
