cost_values:
  wind_capex: 5000.0
  wind_opex: 100
  wind_lifetime: 20
  solar_capex: 1000.0
  solar_opex: 10
  solar_lifetime: 20
  carbon_price: 1.0
timeseries_values:
  load_level: 254328.41611324367
  wind_year: 2010
  solar_year: 2010
  price_year: 2023
  carbon_year: 2023
storage_values:
  CAES:
    cost: 72.7085
    lifetime: 25.232
    annual_cost: 2.8815987634749525
    efficiency: 0.583624
    discharge_ratio: 0.1
    depth_of_discharge: 0.4
  Li-ion:
    cost: 236.191
    lifetime: 24.4753
    annual_cost: 9.650177934489056
    efficiency: 0.977888
    discharge_ratio: 2
    depth_of_discharge: 0.9
  Pb-acid:
    cost: 111.328
    lifetime: 12.9786
    annual_cost: 8.577812707071642
    efficiency: 0.702783
    discharge_ratio: 5
    depth_of_discharge: 0.5
  VRBF:
    cost: 379.821
    lifetime: 14.1135
    annual_cost: 26.91189286853013
    efficiency: 0.709485
    discharge_ratio: 0.5
    depth_of_discharge: 1.0
