cost_values:
  wind_capex: 5000.0
  wind_opex: 100
  wind_lifetime: 20
  solar_capex: 1000.0
  solar_opex: 10
  solar_lifetime: 20
  carbon_price: 1.0
timeseries_values:
  load_level: 254328.41611324367
  wind_year: 2010
  solar_year: 2010
  price_year: 2023
  carbon_year: 2023
storage_values:
  CAES:
    cost: 79.2355
    lifetime: 25.0274
    annual_cost: 3.165950118669938
    efficiency: 0.586502
    discharge_ratio: 0.1
    depth_of_discharge: 0.4
  Li-ion:
    cost: 245.524
    lifetime: 23.8945
    annual_cost: 10.275335328213606
    efficiency: 0.975044
    discharge_ratio: 2
    depth_of_discharge: 0.9
  Pb-acid:
    cost: 126.018
    lifetime: 13.2746
    annual_cost: 9.493167402407606
    efficiency: 0.713373
    discharge_ratio: 5
    depth_of_discharge: 0.5
  VRBF:
    cost: 372.569
    lifetime: 15.0962
    annual_cost: 24.679654482585022
    efficiency: 0.719628
    discharge_ratio: 0.5
    depth_of_discharge: 1.0
