cost_values:
  wind_capex: 5000.0
  wind_opex: 100
  wind_lifetime: 20
  solar_capex: 1000.0
  solar_opex: 10
  solar_lifetime: 20
  carbon_price: 1.0
timeseries_values:
  load_level: 254328.41611324367
  wind_year: 2010
  solar_year: 2010
  price_year: 2023
  carbon_year: 2023
storage_values:
  CAES:
    cost: 70.2049
    lifetime: 24.2507
    annual_cost: 2.8949638567134146
    efficiency: 0.577253
    discharge_ratio: 0.1
    depth_of_discharge: 0.4
  Li-ion:
    cost: 246.329
    lifetime: 23.7698
    annual_cost: 10.36310780906865
    efficiency: 0.983556
    discharge_ratio: 2
    depth_of_discharge: 0.9
  Pb-acid:
    cost: 103.989
    lifetime: 11.2956
    annual_cost: 9.206151067672367
    efficiency: 0.70887
    discharge_ratio: 5
    depth_of_discharge: 0.5
  VRBF:
    cost: 388.132
    lifetime: 14.0874
    annual_cost: 27.551712878174822
    efficiency: 0.72812
    discharge_ratio: 0.5
    depth_of_discharge: 1.0
