cost_values:
  wind_capex: 5000.0
  wind_opex: 100
  wind_lifetime: 20
  solar_capex: 1000.0
  solar_opex: 10
  solar_lifetime: 20
  carbon_price: 1.0
timeseries_values:
  load_level: 281527.0239172328
  wind_year: 2019
  solar_year: 2017
  price_year: 2023
  carbon_year: 2023
storage_values:
  CAES:
    cost: 45.9054
    lifetime: 22.3086
    annual_cost: 2.057744546946021
    efficiency: 0.5976
    discharge_ratio: 0.1
    depth_of_discharge: 0.4
  Li-ion:
    cost: 147.365
    lifetime: 21.3017
    annual_cost: 6.917992460695626
    efficiency: 0.909212
    discharge_ratio: 2
    depth_of_discharge: 0.9
  Pb-acid:
    cost: 119.527
    lifetime: 9.00639
    annual_cost: 13.27135511564567
    efficiency: 0.705915
    discharge_ratio: 5
    depth_of_discharge: 0.5
  VRBF:
    cost: 199.276
    lifetime: 20.7947
    annual_cost: 9.583018749969945
    efficiency: 0.677334
    discharge_ratio: 0.5
    depth_of_discharge: 1.0
