cost_values:
  wind_capex: 5000.0
  wind_opex: 100
  wind_lifetime: 20
  solar_capex: 1000.0
  solar_opex: 10
  solar_lifetime: 20
  carbon_price: 1.0
timeseries_values:
  load_level: 281527.0239172328
  wind_year: 2019
  solar_year: 2017
  price_year: 2023
  carbon_year: 2023
storage_values:
  CAES:
    cost: 38.356
    lifetime: 22.5645
    annual_cost: 1.6998382414855195
    efficiency: 0.592964
    discharge_ratio: 0.1
    depth_of_discharge: 0.4
  Li-ion:
    cost: 168.669
    lifetime: 21.5727
    annual_cost: 7.818631881961924
    efficiency: 0.917954
    discharge_ratio: 2
    depth_of_discharge: 0.9
  Pb-acid:
    cost: 146.377
    lifetime: 8.31146
    annual_cost: 17.61146657747255
    efficiency: 0.707553
    discharge_ratio: 5
    depth_of_discharge: 0.5
  VRBF:
    cost: 220.822
    lifetime: 21.8333
    annual_cost: 10.114000174046067
    efficiency: 0.657614
    discharge_ratio: 0.5
    depth_of_discharge: 1.0
