cost_values:
  wind_capex: 5000.0
  wind_opex: 100
  wind_lifetime: 20
  solar_capex: 1000.0
  solar_opex: 10
  solar_lifetime: 20
  carbon_price: 1.0
timeseries_values:
  load_level: 281527.0239172328
  wind_year: 2019
  solar_year: 2017
  price_year: 2023
  carbon_year: 2023
storage_values:
  CAES:
    cost: 44.4346
    lifetime: 22.4918
    annual_cost: 1.975591104313572
    efficiency: 0.592785
    discharge_ratio: 0.1
    depth_of_discharge: 0.4
  Li-ion:
    cost: 135.952
    lifetime: 21.9166
    annual_cost: 6.2031519487511755
    efficiency: 0.918922
    discharge_ratio: 2
    depth_of_discharge: 0.9
  Pb-acid:
    cost: 118.129
    lifetime: 8.99433
    annual_cost: 13.133718687217392
    efficiency: 0.713908
    discharge_ratio: 5
    depth_of_discharge: 0.5
  VRBF:
    cost: 200.492
    lifetime: 21.7091
    annual_cost: 9.23538976742472
    efficiency: 0.673536
    discharge_ratio: 0.5
    depth_of_discharge: 1.0
