cost_values:
  wind_capex: 5000.0
  wind_opex: 100
  wind_lifetime: 20
  solar_capex: 1000.0
  solar_opex: 10
  solar_lifetime: 20
  carbon_price: 1.0
timeseries_values:
  load_level: 281527.0239172328
  wind_year: 2019
  solar_year: 2017
  price_year: 2023
  carbon_year: 2023
storage_values:
  CAES:
    cost: 45.431
    lifetime: 22.2218
    annual_cost: 2.0444338442430405
    efficiency: 0.580118
    discharge_ratio: 0.1
    depth_of_discharge: 0.4
  Li-ion:
    cost: 150.707
    lifetime: 23.508
    annual_cost: 6.410881402075889
    efficiency: 0.923398
    discharge_ratio: 2
    depth_of_discharge: 0.9
  Pb-acid:
    cost: 119.668
    lifetime: 9.76471
    annual_cost: 12.255151458671074
    efficiency: 0.704547
    discharge_ratio: 5
    depth_of_discharge: 0.5
  VRBF:
    cost: 214.327
    lifetime: 21.2504
    annual_cost: 10.085786620487145
    efficiency: 0.683971
    discharge_ratio: 0.5
    depth_of_discharge: 1.0
