cost_values:
  wind_capex: 5000.0
  wind_opex: 100
  wind_lifetime: 20
  solar_capex: 1000.0
  solar_opex: 10
  solar_lifetime: 20
  carbon_price: 1.0
timeseries_values:
  load_level: 281527.0239172328
  wind_year: 2019
  solar_year: 2017
  price_year: 2023
  carbon_year: 2023
storage_values:
  CAES:
    cost: 44.0418
    lifetime: 22.0438
    annual_cost: 1.9979223182935792
    efficiency: 0.594043
    discharge_ratio: 0.1
    depth_of_discharge: 0.4
  Li-ion:
    cost: 140.979
    lifetime: 21.268
    annual_cost: 6.628690991160429
    efficiency: 0.922657
    discharge_ratio: 2
    depth_of_discharge: 0.9
  Pb-acid:
    cost: 136.234
    lifetime: 10.072
    annual_cost: 13.526012708498811
    efficiency: 0.713164
    discharge_ratio: 5
    depth_of_discharge: 0.5
  VRBF:
    cost: 213.249
    lifetime: 21.3874
    annual_cost: 9.970777186567792
    efficiency: 0.666743
    discharge_ratio: 0.5
    depth_of_discharge: 1.0
