cost_values:
  wind_capex: 5000.0
  wind_opex: 100
  wind_lifetime: 20
  solar_capex: 1000.0
  solar_opex: 10
  solar_lifetime: 20
  carbon_price: 1.0
timeseries_values:
  load_level: 281527.0239172328
  wind_year: 2019
  solar_year: 2017
  price_year: 2023
  carbon_year: 2023
storage_values:
  CAES:
    cost: 44.8678
    lifetime: 22.0078
    annual_cost: 2.0387226347022422
    efficiency: 0.593173
    discharge_ratio: 0.1
    depth_of_discharge: 0.4
  Li-ion:
    cost: 157.324
    lifetime: 23.3531
    annual_cost: 6.736750153084602
    efficiency: 0.912125
    discharge_ratio: 2
    depth_of_discharge: 0.9
  Pb-acid:
    cost: 138.864
    lifetime: 9.44276
    annual_cost: 14.705869893971679
    efficiency: 0.707
    discharge_ratio: 5
    depth_of_discharge: 0.5
  VRBF:
    cost: 202.877
    lifetime: 24.3544
    annual_cost: 8.33019906053937
    efficiency: 0.683812
    discharge_ratio: 0.5
    depth_of_discharge: 1.0
