cost_values:
  wind_capex: 5000.0
  wind_opex: 100
  wind_lifetime: 20
  solar_capex: 1000.0
  solar_opex: 10
  solar_lifetime: 20
  carbon_price: 1.0
timeseries_values:
  load_level: 281527.0239172328
  wind_year: 2019
  solar_year: 2017
  price_year: 2023
  carbon_year: 2023
storage_values:
  CAES:
    cost: 46.189
    lifetime: 22.2787
    annual_cost: 2.0732358710337677
    efficiency: 0.588978
    discharge_ratio: 0.1
    depth_of_discharge: 0.4
  Li-ion:
    cost: 167.866
    lifetime: 22.9373
    annual_cost: 7.318472531640603
    efficiency: 0.923094
    discharge_ratio: 2
    depth_of_discharge: 0.9
  Pb-acid:
    cost: 129.195
    lifetime: 9.83267
    annual_cost: 13.139360926381135
    efficiency: 0.720529
    discharge_ratio: 5
    depth_of_discharge: 0.5
  VRBF:
    cost: 190.824
    lifetime: 19.8327
    annual_cost: 9.62168539835726
    efficiency: 0.669182
    discharge_ratio: 0.5
    depth_of_discharge: 1.0
