cost_values:
  wind_capex: 5000.0
  wind_opex: 100
  wind_lifetime: 20
  solar_capex: 1000.0
  solar_opex: 10
  solar_lifetime: 20
  carbon_price: 1.0
timeseries_values:
  load_level: 281527.0239172328
  wind_year: 2019
  solar_year: 2017
  price_year: 2023
  carbon_year: 2023
storage_values:
  CAES:
    cost: 39.9803
    lifetime: 21.7176
    annual_cost: 1.8409170442406158
    efficiency: 0.593662
    discharge_ratio: 0.1
    depth_of_discharge: 0.4
  Li-ion:
    cost: 122.709
    lifetime: 21.2777
    annual_cost: 5.767023691470413
    efficiency: 0.903865
    discharge_ratio: 2
    depth_of_discharge: 0.9
  Pb-acid:
    cost: 136.063
    lifetime: 8.97078
    annual_cost: 15.167354455242464
    efficiency: 0.710892
    discharge_ratio: 5
    depth_of_discharge: 0.5
  VRBF:
    cost: 226.696
    lifetime: 21.4993
    annual_cost: 10.5443433042006
    efficiency: 0.677019
    discharge_ratio: 0.5
    depth_of_discharge: 1.0
