cost_values:
  wind_capex: 5000.0
  wind_opex: 100
  wind_lifetime: 20
  solar_capex: 1000.0
  solar_opex: 10
  solar_lifetime: 20
  carbon_price: 1.0
timeseries_values:
  load_level: 281527.0239172328
  wind_year: 2019
  solar_year: 2017
  price_year: 2023
  carbon_year: 2023
storage_values:
  CAES:
    cost: 37.0028
    lifetime: 22.8248
    annual_cost: 1.6211664505274965
    efficiency: 0.6001
    discharge_ratio: 0.1
    depth_of_discharge: 0.4
  Li-ion:
    cost: 156.572
    lifetime: 23.763
    annual_cost: 6.588898708075579
    efficiency: 0.912668
    discharge_ratio: 2
    depth_of_discharge: 0.9
  Pb-acid:
    cost: 160.153
    lifetime: 9.32625
    annual_cost: 17.172282535853103
    efficiency: 0.714235
    discharge_ratio: 5
    depth_of_discharge: 0.5
  VRBF:
    cost: 207.117
    lifetime: 20.5219
    annual_cost: 10.092486563134992
    efficiency: 0.686067
    discharge_ratio: 0.5
    depth_of_discharge: 1.0
