cost_values:
  wind_capex: 5000.0
  wind_opex: 100
  wind_lifetime: 20
  solar_capex: 1000.0
  solar_opex: 10
  solar_lifetime: 20
  carbon_price: 1.0
timeseries_values:
  load_level: 281527.0239172328
  wind_year: 2019
  solar_year: 2017
  price_year: 2023
  carbon_year: 2023
storage_values:
  CAES:
    cost: 46.9035
    lifetime: 22.2384
    annual_cost: 2.1091220591409456
    efficiency: 0.597737
    discharge_ratio: 0.1
    depth_of_discharge: 0.4
  Li-ion:
    cost: 128.319
    lifetime: 20.5972
    annual_cost: 6.2299244557512665
    efficiency: 0.912039
    discharge_ratio: 2
    depth_of_discharge: 0.9
  Pb-acid:
    cost: 124.021
    lifetime: 8.64406
    annual_cost: 14.347540391899178
    efficiency: 0.704771
    discharge_ratio: 5
    depth_of_discharge: 0.5
  VRBF:
    cost: 216.165
    lifetime: 23.4068
    annual_cost: 9.235136797853615
    efficiency: 0.678187
    discharge_ratio: 0.5
    depth_of_discharge: 1.0
