cost_values:
  wind_capex: 5000.0
  wind_opex: 100
  wind_lifetime: 20
  solar_capex: 1000.0
  solar_opex: 10
  solar_lifetime: 20
  carbon_price: 1.0
timeseries_values:
  load_level: 281527.0239172328
  wind_year: 2019
  solar_year: 2017
  price_year: 2023
  carbon_year: 2023
storage_values:
  CAES:
    cost: 46.5497
    lifetime: 21.9491
    annual_cost: 2.1208022196809893
    efficiency: 0.602365
    discharge_ratio: 0.1
    depth_of_discharge: 0.4
  Li-ion:
    cost: 146.271
    lifetime: 22.2044
    annual_cost: 6.5874781574823
    efficiency: 0.91866
    discharge_ratio: 2
    depth_of_discharge: 0.9
  Pb-acid:
    cost: 146.197
    lifetime: 9.22473
    annual_cost: 15.848377134073303
    efficiency: 0.702971
    discharge_ratio: 5
    depth_of_discharge: 0.5
  VRBF:
    cost: 237.594
    lifetime: 20.9899
    annual_cost: 11.319444113597493
    efficiency: 0.666344
    discharge_ratio: 0.5
    depth_of_discharge: 1.0
