cost_values:
  wind_capex: 5000.0
  wind_opex: 100
  wind_lifetime: 20
  solar_capex: 1000.0
  solar_opex: 10
  solar_lifetime: 20
  carbon_price: 1.0
timeseries_values:
  load_level: 281527.0239172328
  wind_year: 2019
  solar_year: 2017
  price_year: 2023
  carbon_year: 2023
storage_values:
  CAES:
    cost: 49.3135
    lifetime: 21.7529
    annual_cost: 2.2669850916429533
    efficiency: 0.591743
    discharge_ratio: 0.1
    depth_of_discharge: 0.4
  Li-ion:
    cost: 146.672
    lifetime: 22.7542
    annual_cost: 6.44593086111575
    efficiency: 0.909775
    discharge_ratio: 2
    depth_of_discharge: 0.9
  Pb-acid:
    cost: 112.682
    lifetime: 9.73733
    annual_cost: 11.572166086596633
    efficiency: 0.72044
    discharge_ratio: 5
    depth_of_discharge: 0.5
  VRBF:
    cost: 233.454
    lifetime: 20.0049
    annual_cost: 11.6698408889822
    efficiency: 0.652437
    discharge_ratio: 0.5
    depth_of_discharge: 1.0
