cost_values:
  wind_capex: 5000.0
  wind_opex: 100
  wind_lifetime: 20
  solar_capex: 1000.0
  solar_opex: 10
  solar_lifetime: 20
  carbon_price: 1.0
timeseries_values:
  load_level: 281527.0239172328
  wind_year: 2019
  solar_year: 2017
  price_year: 2023
  carbon_year: 2023
storage_values:
  CAES:
    cost: 43.0984
    lifetime: 22.6711
    annual_cost: 1.9010281812527843
    efficiency: 0.585766
    discharge_ratio: 0.1
    depth_of_discharge: 0.4
  Li-ion:
    cost: 121.574
    lifetime: 21.6609
    annual_cost: 5.612601507785918
    efficiency: 0.917684
    discharge_ratio: 2
    depth_of_discharge: 0.9
  Pb-acid:
    cost: 146.063
    lifetime: 9.44795
    annual_cost: 15.459755820045617
    efficiency: 0.709422
    discharge_ratio: 5
    depth_of_discharge: 0.5
  VRBF:
    cost: 221.793
    lifetime: 19.6862
    annual_cost: 11.266420131869026
    efficiency: 0.670492
    discharge_ratio: 0.5
    depth_of_discharge: 1.0
