cost_values:
  wind_capex: 5000.0
  wind_opex: 100
  wind_lifetime: 20
  solar_capex: 1000.0
  solar_opex: 10
  solar_lifetime: 20
  carbon_price: 1.0
timeseries_values:
  load_level: 281527.0239172328
  wind_year: 2019
  solar_year: 2017
  price_year: 2023
  carbon_year: 2023
storage_values:
  CAES:
    cost: 39.3308
    lifetime: 23.1055
    annual_cost: 1.7022267425504751
    efficiency: 0.591569
    discharge_ratio: 0.1
    depth_of_discharge: 0.4
  Li-ion:
    cost: 162.299
    lifetime: 23.3046
    annual_cost: 6.964247401800503
    efficiency: 0.913464
    discharge_ratio: 2
    depth_of_discharge: 0.9
  Pb-acid:
    cost: 158.38
    lifetime: 8.56062
    annual_cost: 18.500996423156266
    efficiency: 0.719862
    discharge_ratio: 5
    depth_of_discharge: 0.5
  VRBF:
    cost: 230.59
    lifetime: 21.3988
    annual_cost: 10.775837897452194
    efficiency: 0.665495
    discharge_ratio: 0.5
    depth_of_discharge: 1.0
