cost_values:
  wind_capex: 5000.0
  wind_opex: 100
  wind_lifetime: 20
  solar_capex: 1000.0
  solar_opex: 10
  solar_lifetime: 20
  carbon_price: 1.0
timeseries_values:
  load_level: 281527.0239172328
  wind_year: 2019
  solar_year: 2017
  price_year: 2023
  carbon_year: 2023
storage_values:
  CAES:
    cost: 45.7872
    lifetime: 21.1468
    annual_cost: 2.1652070289594643
    efficiency: 0.586881
    discharge_ratio: 0.1
    depth_of_discharge: 0.4
  Li-ion:
    cost: 124.935
    lifetime: 23.8116
    annual_cost: 5.246812477951923
    efficiency: 0.912446
    discharge_ratio: 2
    depth_of_discharge: 0.9
  Pb-acid:
    cost: 112.715
    lifetime: 10.0508
    annual_cost: 11.214530186651809
    efficiency: 0.716236
    discharge_ratio: 5
    depth_of_discharge: 0.5
  VRBF:
    cost: 206.346
    lifetime: 22.7294
    annual_cost: 9.078374264168875
    efficiency: 0.672713
    discharge_ratio: 0.5
    depth_of_discharge: 1.0
