cost_values:
  wind_capex: 5000.0
  wind_opex: 100
  wind_lifetime: 20
  solar_capex: 1000.0
  solar_opex: 10
  solar_lifetime: 20
  carbon_price: 1.0
timeseries_values:
  load_level: 281527.0239172328
  wind_year: 2019
  solar_year: 2017
  price_year: 2023
  carbon_year: 2023
storage_values:
  CAES:
    cost: 43.5223
    lifetime: 22.0307
    annual_cost: 1.975529601873749
    efficiency: 0.597287
    discharge_ratio: 0.1
    depth_of_discharge: 0.4
  Li-ion:
    cost: 145.458
    lifetime: 21.7355
    annual_cost: 6.692185594994364
    efficiency: 0.916091
    discharge_ratio: 2
    depth_of_discharge: 0.9
  Pb-acid:
    cost: 129.893
    lifetime: 8.62378
    annual_cost: 15.062188506664132
    efficiency: 0.711858
    discharge_ratio: 5
    depth_of_discharge: 0.5
  VRBF:
    cost: 243.126
    lifetime: 19.5138
    annual_cost: 12.459182732220276
    efficiency: 0.664764
    discharge_ratio: 0.5
    depth_of_discharge: 1.0
