cost_values:
  wind_capex: 5000.0
  wind_opex: 100
  wind_lifetime: 20
  solar_capex: 1000.0
  solar_opex: 10
  solar_lifetime: 20
  carbon_price: 1.0
timeseries_values:
  load_level: 281527.0239172328
  wind_year: 2019
  solar_year: 2017
  price_year: 2023
  carbon_year: 2023
storage_values:
  CAES:
    cost: 38.2819
    lifetime: 22.5198
    annual_cost: 1.6999218465528114
    efficiency: 0.584749
    discharge_ratio: 0.1
    depth_of_discharge: 0.4
  Li-ion:
    cost: 132.349
    lifetime: 21.3716
    annual_cost: 6.19275112766475
    efficiency: 0.914202
    discharge_ratio: 2
    depth_of_discharge: 0.9
  Pb-acid:
    cost: 124.008
    lifetime: 9.33293
    annual_cost: 13.287145623078713
    efficiency: 0.715242
    discharge_ratio: 5
    depth_of_discharge: 0.5
  VRBF:
    cost: 239.25
    lifetime: 21.5596
    annual_cost: 11.09714465945565
    efficiency: 0.667116
    discharge_ratio: 0.5
    depth_of_discharge: 1.0
