cost_values:
  wind_capex: 5000.0
  wind_opex: 100
  wind_lifetime: 20
  solar_capex: 1000.0
  solar_opex: 10
  solar_lifetime: 20
  carbon_price: 1.0
timeseries_values:
  load_level: 281527.0239172328
  wind_year: 2019
  solar_year: 2017
  price_year: 2023
  carbon_year: 2023
storage_values:
  CAES:
    cost: 49.7935
    lifetime: 21.9569
    annual_cost: 2.2677837035282757
    efficiency: 0.592529
    discharge_ratio: 0.1
    depth_of_discharge: 0.4
  Li-ion:
    cost: 153.274
    lifetime: 21.7583
    annual_cost: 7.044392254909622
    efficiency: 0.912886
    discharge_ratio: 2
    depth_of_discharge: 0.9
  Pb-acid:
    cost: 134.79
    lifetime: 10.2558
    annual_cost: 13.14280699701632
    efficiency: 0.714683
    discharge_ratio: 5
    depth_of_discharge: 0.5
  VRBF:
    cost: 174.619
    lifetime: 22.6382
    annual_cost: 7.713466618370718
    efficiency: 0.670559
    discharge_ratio: 0.5
    depth_of_discharge: 1.0
