cost_values:
  wind_capex: 5000.0
  wind_opex: 100
  wind_lifetime: 20
  solar_capex: 1000.0
  solar_opex: 10
  solar_lifetime: 20
  carbon_price: 1.0
timeseries_values:
  load_level: 281527.0239172328
  wind_year: 2019
  solar_year: 2017
  price_year: 2023
  carbon_year: 2023
storage_values:
  CAES:
    cost: 35.3267
    lifetime: 22.1524
    annual_cost: 1.5947120853722396
    efficiency: 0.59478
    discharge_ratio: 0.1
    depth_of_discharge: 0.4
  Li-ion:
    cost: 138.213
    lifetime: 21.9679
    annual_cost: 6.291589091356023
    efficiency: 0.905332
    discharge_ratio: 2
    depth_of_discharge: 0.9
  Pb-acid:
    cost: 115.196
    lifetime: 9.01752
    annual_cost: 12.77468749722762
    efficiency: 0.716642
    discharge_ratio: 5
    depth_of_discharge: 0.5
  VRBF:
    cost: 196.943
    lifetime: 20.3944
    annual_cost: 9.656719491625152
    efficiency: 0.666807
    discharge_ratio: 0.5
    depth_of_discharge: 1.0
