cost_values:
  wind_capex: 5000.0
  wind_opex: 100
  wind_lifetime: 20
  solar_capex: 1000.0
  solar_opex: 10
  solar_lifetime: 20
  carbon_price: 1.0
timeseries_values:
  load_level: 281527.0239172328
  wind_year: 2019
  solar_year: 2017
  price_year: 2023
  carbon_year: 2023
storage_values:
  CAES:
    cost: 38.1209
    lifetime: 22.5064
    annual_cost: 1.693780435787154
    efficiency: 0.599527
    discharge_ratio: 0.1
    depth_of_discharge: 0.4
  Li-ion:
    cost: 134.224
    lifetime: 20.7596
    annual_cost: 6.465635176014952
    efficiency: 0.928724
    discharge_ratio: 2
    depth_of_discharge: 0.9
  Pb-acid:
    cost: 125.438
    lifetime: 9.59475
    annual_cost: 13.073607962687928
    efficiency: 0.713125
    discharge_ratio: 5
    depth_of_discharge: 0.5
  VRBF:
    cost: 197.889
    lifetime: 19.3553
    annual_cost: 10.224021327491695
    efficiency: 0.672901
    discharge_ratio: 0.5
    depth_of_discharge: 1.0
