cost_values:
  wind_capex: 5000.0
  wind_opex: 100
  wind_lifetime: 20
  solar_capex: 1000.0
  solar_opex: 10
  solar_lifetime: 20
  carbon_price: 1.0
timeseries_values:
  load_level: 281527.0239172328
  wind_year: 2019
  solar_year: 2017
  price_year: 2023
  carbon_year: 2023
storage_values:
  CAES:
    cost: 45.9154
    lifetime: 21.636
    annual_cost: 2.122176002958033
    efficiency: 0.589779
    discharge_ratio: 0.1
    depth_of_discharge: 0.4
  Li-ion:
    cost: 138.975
    lifetime: 21.8657
    annual_cost: 6.355844999245393
    efficiency: 0.921384
    discharge_ratio: 2
    depth_of_discharge: 0.9
  Pb-acid:
    cost: 134.383
    lifetime: 9.40164
    annual_cost: 14.293570057989882
    efficiency: 0.698232
    discharge_ratio: 5
    depth_of_discharge: 0.5
  VRBF:
    cost: 215.576
    lifetime: 21.8064
    annual_cost: 9.88590505539658
    efficiency: 0.667472
    discharge_ratio: 0.5
    depth_of_discharge: 1.0
