cost_values:
  wind_capex: 5000.0
  wind_opex: 100
  wind_lifetime: 20
  solar_capex: 1000.0
  solar_opex: 10
  solar_lifetime: 20
  carbon_price: 1.0
timeseries_values:
  load_level: 281527.0239172328
  wind_year: 2019
  solar_year: 2017
  price_year: 2023
  carbon_year: 2023
storage_values:
  CAES:
    cost: 46.5212
    lifetime: 22.1465
    annual_cost: 2.100611834827174
    efficiency: 0.597455
    discharge_ratio: 0.1
    depth_of_discharge: 0.4
  Li-ion:
    cost: 140.807
    lifetime: 23.4351
    annual_cost: 6.008380591505904
    efficiency: 0.905727
    discharge_ratio: 2
    depth_of_discharge: 0.9
  Pb-acid:
    cost: 152.88
    lifetime: 9.32887
    annual_cost: 16.387836897716443
    efficiency: 0.712828
    discharge_ratio: 5
    depth_of_discharge: 0.5
  VRBF:
    cost: 210.247
    lifetime: 18.7212
    annual_cost: 11.230423263466019
    efficiency: 0.655376
    discharge_ratio: 0.5
    depth_of_discharge: 1.0
