cost_values:
  wind_capex: 5000.0
  wind_opex: 100
  wind_lifetime: 20
  solar_capex: 1000.0
  solar_opex: 10
  solar_lifetime: 20
  carbon_price: 1.0
timeseries_values:
  load_level: 281527.0239172328
  wind_year: 2019
  solar_year: 2017
  price_year: 2023
  carbon_year: 2023
storage_values:
  CAES:
    cost: 45.6271
    lifetime: 22.5513
    annual_cost: 2.0232580826825948
    efficiency: 0.586691
    discharge_ratio: 0.1
    depth_of_discharge: 0.4
  Li-ion:
    cost: 142.727
    lifetime: 21.1395
    annual_cost: 6.751673407601882
    efficiency: 0.928981
    discharge_ratio: 2
    depth_of_discharge: 0.9
  Pb-acid:
    cost: 141.81
    lifetime: 9.56561
    annual_cost: 14.824982410949225
    efficiency: 0.707353
    discharge_ratio: 5
    depth_of_discharge: 0.5
  VRBF:
    cost: 230.091
    lifetime: 22.9599
    annual_cost: 10.021428664758993
    efficiency: 0.661861
    discharge_ratio: 0.5
    depth_of_discharge: 1.0
