cost_values:
  wind_capex: 5000.0
  wind_opex: 100
  wind_lifetime: 20
  solar_capex: 1000.0
  solar_opex: 10
  solar_lifetime: 20
  carbon_price: 1.0
timeseries_values:
  load_level: 281527.0239172328
  wind_year: 2019
  solar_year: 2017
  price_year: 2023
  carbon_year: 2023
storage_values:
  CAES:
    cost: 42.024
    lifetime: 22.4543
    annual_cost: 1.8715346281113194
    efficiency: 0.588704
    discharge_ratio: 0.1
    depth_of_discharge: 0.4
  Li-ion:
    cost: 135.865
    lifetime: 23.8289
    annual_cost: 5.701689964706722
    efficiency: 0.921304
    discharge_ratio: 2
    depth_of_discharge: 0.9
  Pb-acid:
    cost: 142.263
    lifetime: 8.96412
    annual_cost: 15.870269474304228
    efficiency: 0.706795
    discharge_ratio: 5
    depth_of_discharge: 0.5
  VRBF:
    cost: 222.342
    lifetime: 20.0159
    annual_cost: 11.10826892620367
    efficiency: 0.682631
    discharge_ratio: 0.5
    depth_of_discharge: 1.0
