cost_values:
  wind_capex: 5000.0
  wind_opex: 100
  wind_lifetime: 20
  solar_capex: 1000.0
  solar_opex: 10
  solar_lifetime: 20
  carbon_price: 1.0
timeseries_values:
  load_level: 281527.0239172328
  wind_year: 2019
  solar_year: 2017
  price_year: 2023
  carbon_year: 2023
storage_values:
  CAES:
    cost: 54.2385
    lifetime: 23.111
    annual_cost: 2.3468694561031542
    efficiency: 0.583516
    discharge_ratio: 0.1
    depth_of_discharge: 0.4
  Li-ion:
    cost: 146.971
    lifetime: 22.6361
    annual_cost: 6.492770397727524
    efficiency: 0.899432
    discharge_ratio: 2
    depth_of_discharge: 0.9
  Pb-acid:
    cost: 125.485
    lifetime: 9.73247
    annual_cost: 12.893438150849683
    efficiency: 0.705482
    discharge_ratio: 5
    depth_of_discharge: 0.5
  VRBF:
    cost: 211.887
    lifetime: 20.0383
    annual_cost: 10.574100597356063
    efficiency: 0.667385
    discharge_ratio: 0.5
    depth_of_discharge: 1.0
