cost_values:
  wind_capex: 5000.0
  wind_opex: 100
  wind_lifetime: 20
  solar_capex: 1000.0
  solar_opex: 10
  solar_lifetime: 20
  carbon_price: 1.0
timeseries_values:
  load_level: 281527.0239172328
  wind_year: 2019
  solar_year: 2017
  price_year: 2023
  carbon_year: 2023
storage_values:
  CAES:
    cost: 43.9401
    lifetime: 22.0578
    annual_cost: 1.9920436308244702
    efficiency: 0.595227
    discharge_ratio: 0.1
    depth_of_discharge: 0.4
  Li-ion:
    cost: 150.342
    lifetime: 21.8203
    annual_cost: 6.890006095241588
    efficiency: 0.917377
    discharge_ratio: 2
    depth_of_discharge: 0.9
  Pb-acid:
    cost: 152.271
    lifetime: 9.48477
    annual_cost: 16.054263835601706
    efficiency: 0.713911
    discharge_ratio: 5
    depth_of_discharge: 0.5
  VRBF:
    cost: 190.857
    lifetime: 19.4372
    annual_cost: 9.819161196057046
    efficiency: 0.672195
    discharge_ratio: 0.5
    depth_of_discharge: 1.0
