cost_values:
  wind_capex: 5000.0
  wind_opex: 100
  wind_lifetime: 20
  solar_capex: 1000.0
  solar_opex: 10
  solar_lifetime: 20
  carbon_price: 1.0
timeseries_values:
  load_level: 281527.0239172328
  wind_year: 2019
  solar_year: 2017
  price_year: 2023
  carbon_year: 2023
storage_values:
  CAES:
    cost: 46.9915
    lifetime: 22.0528
    annual_cost: 2.1308632010447655
    efficiency: 0.597447
    discharge_ratio: 0.1
    depth_of_discharge: 0.4
  Li-ion:
    cost: 139.435
    lifetime: 21.6931
    annual_cost: 6.427619842253988
    efficiency: 0.914541
    discharge_ratio: 2
    depth_of_discharge: 0.9
  Pb-acid:
    cost: 137.851
    lifetime: 9.69136
    annual_cost: 14.224113024384607
    efficiency: 0.713501
    discharge_ratio: 5
    depth_of_discharge: 0.5
  VRBF:
    cost: 212.518
    lifetime: 21.3443
    annual_cost: 9.956662902976438
    efficiency: 0.682051
    discharge_ratio: 0.5
    depth_of_discharge: 1.0
