cost_values:
  wind_capex: 5000.0
  wind_opex: 100
  wind_lifetime: 20
  solar_capex: 1000.0
  solar_opex: 10
  solar_lifetime: 20
  carbon_price: 1.0
timeseries_values:
  load_level: 281527.0239172328
  wind_year: 2019
  solar_year: 2017
  price_year: 2023
  carbon_year: 2023
storage_values:
  CAES:
    cost: 45.1879
    lifetime: 21.3992
    annual_cost: 2.1116630528244045
    efficiency: 0.593748
    discharge_ratio: 0.1
    depth_of_discharge: 0.4
  Li-ion:
    cost: 147.168
    lifetime: 20.1589
    annual_cost: 7.3003983352266255
    efficiency: 0.902118
    discharge_ratio: 2
    depth_of_discharge: 0.9
  Pb-acid:
    cost: 108.463
    lifetime: 9.29088
    annual_cost: 11.674136357374113
    efficiency: 0.707084
    discharge_ratio: 5
    depth_of_discharge: 0.5
  VRBF:
    cost: 192.555
    lifetime: 19.5945
    annual_cost: 9.826992268238536
    efficiency: 0.667032
    discharge_ratio: 0.5
    depth_of_discharge: 1.0
