cost_values:
  wind_capex: 5000.0
  wind_opex: 100
  wind_lifetime: 20
  solar_capex: 1000.0
  solar_opex: 10
  solar_lifetime: 20
  carbon_price: 1.0
timeseries_values:
  load_level: 281527.0239172328
  wind_year: 2019
  solar_year: 2017
  price_year: 2023
  carbon_year: 2023
storage_values:
  CAES:
    cost: 42.6845
    lifetime: 22.7828
    annual_cost: 1.8735405656899062
    efficiency: 0.59416
    discharge_ratio: 0.1
    depth_of_discharge: 0.4
  Li-ion:
    cost: 139.803
    lifetime: 20.429
    annual_cost: 6.843359929511968
    efficiency: 0.914722
    discharge_ratio: 2
    depth_of_discharge: 0.9
  Pb-acid:
    cost: 130.296
    lifetime: 9.54806
    annual_cost: 13.646332343952594
    efficiency: 0.708519
    discharge_ratio: 5
    depth_of_discharge: 0.5
  VRBF:
    cost: 210.703
    lifetime: 21.4878
    annual_cost: 9.805703701635347
    efficiency: 0.667468
    discharge_ratio: 0.5
    depth_of_discharge: 1.0
