cost_values:
  wind_capex: 5000.0
  wind_opex: 100
  wind_lifetime: 20
  solar_capex: 1000.0
  solar_opex: 10
  solar_lifetime: 20
  carbon_price: 1.0
timeseries_values:
  load_level: 281527.0239172328
  wind_year: 2019
  solar_year: 2017
  price_year: 2023
  carbon_year: 2023
storage_values:
  CAES:
    cost: 48.423
    lifetime: 22.1181
    annual_cost: 2.189292932033041
    efficiency: 0.599788
    discharge_ratio: 0.1
    depth_of_discharge: 0.4
  Li-ion:
    cost: 135.432
    lifetime: 21.2276
    annual_cost: 6.379995854453636
    efficiency: 0.90982
    discharge_ratio: 2
    depth_of_discharge: 0.9
  Pb-acid:
    cost: 140.512
    lifetime: 8.1942
    annual_cost: 17.14773864440702
    efficiency: 0.716979
    discharge_ratio: 5
    depth_of_discharge: 0.5
  VRBF:
    cost: 246.987
    lifetime: 20.636
    annual_cost: 11.96874394262454
    efficiency: 0.661271
    discharge_ratio: 0.5
    depth_of_discharge: 1.0
