cost_values:
  wind_capex: 5000.0
  wind_opex: 100
  wind_lifetime: 20
  solar_capex: 1000.0
  solar_opex: 10
  solar_lifetime: 20
  carbon_price: 1.0
timeseries_values:
  load_level: 281527.0239172328
  wind_year: 2019
  solar_year: 2017
  price_year: 2023
  carbon_year: 2023
storage_values:
  CAES:
    cost: 43.611
    lifetime: 21.0741
    annual_cost: 2.0694122168918243
    efficiency: 0.589924
    discharge_ratio: 0.1
    depth_of_discharge: 0.4
  Li-ion:
    cost: 141.683
    lifetime: 22.6223
    annual_cost: 6.262979449481264
    efficiency: 0.929128
    discharge_ratio: 2
    depth_of_discharge: 0.9
  Pb-acid:
    cost: 145.097
    lifetime: 9.85879
    annual_cost: 14.717526187290732
    efficiency: 0.711363
    discharge_ratio: 5
    depth_of_discharge: 0.5
  VRBF:
    cost: 217.812
    lifetime: 21.7777
    annual_cost: 10.00160714859696
    efficiency: 0.669935
    discharge_ratio: 0.5
    depth_of_discharge: 1.0
