cost_values:
  wind_capex: 5000.0
  wind_opex: 100
  wind_lifetime: 20
  solar_capex: 1000.0
  solar_opex: 10
  solar_lifetime: 20
  carbon_price: 1.0
timeseries_values:
  load_level: 281527.0239172328
  wind_year: 2019
  solar_year: 2017
  price_year: 2023
  carbon_year: 2023
storage_values:
  CAES:
    cost: 42.7823
    lifetime: 22.1947
    annual_cost: 1.9275908212320958
    efficiency: 0.604711
    discharge_ratio: 0.1
    depth_of_discharge: 0.4
  Li-ion:
    cost: 135.401
    lifetime: 21.5625
    annual_cost: 6.279466666666667
    efficiency: 0.919007
    discharge_ratio: 2
    depth_of_discharge: 0.9
  Pb-acid:
    cost: 119.129
    lifetime: 10.2548
    annual_cost: 11.616901353512503
    efficiency: 0.723091
    discharge_ratio: 5
    depth_of_discharge: 0.5
  VRBF:
    cost: 269.779
    lifetime: 22.5966
    annual_cost: 11.938920014515459
    efficiency: 0.68522
    discharge_ratio: 0.5
    depth_of_discharge: 1.0
