cost_values:
  wind_capex: 5000.0
  wind_opex: 100
  wind_lifetime: 20
  solar_capex: 1000.0
  solar_opex: 10
  solar_lifetime: 20
  carbon_price: 1.0
timeseries_values:
  load_level: 281527.0239172328
  wind_year: 2019
  solar_year: 2017
  price_year: 2023
  carbon_year: 2023
storage_values:
  CAES:
    cost: 45.4855
    lifetime: 22.9155
    annual_cost: 1.9849228688005933
    efficiency: 0.593325
    discharge_ratio: 0.1
    depth_of_discharge: 0.4
  Li-ion:
    cost: 137.044
    lifetime: 22.2642
    annual_cost: 6.1553525390537285
    efficiency: 0.915223
    discharge_ratio: 2
    depth_of_discharge: 0.9
  Pb-acid:
    cost: 132.212
    lifetime: 8.42803
    annual_cost: 15.68717719324682
    efficiency: 0.698155
    discharge_ratio: 5
    depth_of_discharge: 0.5
  VRBF:
    cost: 180.33
    lifetime: 20.9863
    annual_cost: 8.592748602659832
    efficiency: 0.678022
    discharge_ratio: 0.5
    depth_of_discharge: 1.0
