cost_values:
  wind_capex: 5000.0
  wind_opex: 100
  wind_lifetime: 20
  solar_capex: 1000.0
  solar_opex: 10
  solar_lifetime: 20
  carbon_price: 1.0
timeseries_values:
  load_level: 281527.0239172328
  wind_year: 2019
  solar_year: 2017
  price_year: 2023
  carbon_year: 2023
storage_values:
  CAES:
    cost: 43.4438
    lifetime: 21.6677
    annual_cost: 2.005002838326172
    efficiency: 0.588554
    discharge_ratio: 0.1
    depth_of_discharge: 0.4
  Li-ion:
    cost: 127.318
    lifetime: 23.1255
    annual_cost: 5.5055242048820565
    efficiency: 0.911242
    discharge_ratio: 2
    depth_of_discharge: 0.9
  Pb-acid:
    cost: 130.499
    lifetime: 11.1596
    annual_cost: 11.69387791677121
    efficiency: 0.710286
    discharge_ratio: 5
    depth_of_discharge: 0.5
  VRBF:
    cost: 212.789
    lifetime: 20.8269
    annual_cost: 10.21702701794314
    efficiency: 0.671122
    discharge_ratio: 0.5
    depth_of_discharge: 1.0
