cost_values:
  wind_capex: 5000.0
  wind_opex: 100
  wind_lifetime: 20
  solar_capex: 1000.0
  solar_opex: 10
  solar_lifetime: 20
  carbon_price: 1.0
timeseries_values:
  load_level: 281527.0239172328
  wind_year: 2019
  solar_year: 2017
  price_year: 2023
  carbon_year: 2023
storage_values:
  CAES:
    cost: 43.923
    lifetime: 21.6624
    annual_cost: 2.027614668734766
    efficiency: 0.595842
    discharge_ratio: 0.1
    depth_of_discharge: 0.4
  Li-ion:
    cost: 136.873
    lifetime: 22.4234
    annual_cost: 6.104025259327309
    efficiency: 0.916896
    discharge_ratio: 2
    depth_of_discharge: 0.9
  Pb-acid:
    cost: 118.147
    lifetime: 10.9832
    annual_cost: 10.757065336149756
    efficiency: 0.713566
    discharge_ratio: 5
    depth_of_discharge: 0.5
  VRBF:
    cost: 227.413
    lifetime: 20.7244
    annual_cost: 10.97320067167204
    efficiency: 0.65703
    discharge_ratio: 0.5
    depth_of_discharge: 1.0
