cost_values:
  wind_capex: 5000.0
  wind_opex: 100
  wind_lifetime: 20
  solar_capex: 1000.0
  solar_opex: 10
  solar_lifetime: 20
  carbon_price: 1.0
timeseries_values:
  load_level: 281527.0239172328
  wind_year: 2019
  solar_year: 2017
  price_year: 2023
  carbon_year: 2023
storage_values:
  CAES:
    cost: 36.5661
    lifetime: 21.6194
    annual_cost: 1.6913559118199395
    efficiency: 0.592198
    discharge_ratio: 0.1
    depth_of_discharge: 0.4
  Li-ion:
    cost: 144.072
    lifetime: 20.6489
    annual_cost: 6.977223968346982
    efficiency: 0.937928
    discharge_ratio: 2
    depth_of_discharge: 0.9
  Pb-acid:
    cost: 134.188
    lifetime: 9.14943
    annual_cost: 14.666268827675601
    efficiency: 0.697061
    discharge_ratio: 5
    depth_of_discharge: 0.5
  VRBF:
    cost: 242.764
    lifetime: 21.2641
    annual_cost: 11.416612976801277
    efficiency: 0.663559
    discharge_ratio: 0.5
    depth_of_discharge: 1.0
