cost_values:
  wind_capex: 5000.0
  wind_opex: 100
  wind_lifetime: 20
  solar_capex: 1000.0
  solar_opex: 10
  solar_lifetime: 20
  carbon_price: 1.0
timeseries_values:
  load_level: 281527.0239172328
  wind_year: 2019
  solar_year: 2017
  price_year: 2023
  carbon_year: 2023
storage_values:
  CAES:
    cost: 39.828
    lifetime: 22.9796
    annual_cost: 1.7331894375881216
    efficiency: 0.586444
    discharge_ratio: 0.1
    depth_of_discharge: 0.4
  Li-ion:
    cost: 138.423
    lifetime: 21.159
    annual_cost: 6.542038848716858
    efficiency: 0.919443
    discharge_ratio: 2
    depth_of_discharge: 0.9
  Pb-acid:
    cost: 136.692
    lifetime: 8.44267
    annual_cost: 16.190612685323483
    efficiency: 0.707511
    discharge_ratio: 5
    depth_of_discharge: 0.5
  VRBF:
    cost: 201.457
    lifetime: 20.9815
    annual_cost: 9.601649071801349
    efficiency: 0.682725
    discharge_ratio: 0.5
    depth_of_discharge: 1.0
