cost_values:
  wind_capex: 5000.0
  wind_opex: 100
  wind_lifetime: 20
  solar_capex: 1000.0
  solar_opex: 10
  solar_lifetime: 20
  carbon_price: 1.0
timeseries_values:
  load_level: 281527.0239172328
  wind_year: 2019
  solar_year: 2017
  price_year: 2023
  carbon_year: 2023
storage_values:
  CAES:
    cost: 42.8834
    lifetime: 21.9066
    annual_cost: 1.9575561702865802
    efficiency: 0.597175
    discharge_ratio: 0.1
    depth_of_discharge: 0.4
  Li-ion:
    cost: 145.712
    lifetime: 20.9062
    annual_cost: 6.9697984330007365
    efficiency: 0.914409
    discharge_ratio: 2
    depth_of_discharge: 0.9
  Pb-acid:
    cost: 138.126
    lifetime: 10.2978
    annual_cost: 13.413156208122123
    efficiency: 0.702729
    discharge_ratio: 5
    depth_of_discharge: 0.5
  VRBF:
    cost: 203.799
    lifetime: 20.779
    annual_cost: 9.807931084267771
    efficiency: 0.671543
    discharge_ratio: 0.5
    depth_of_discharge: 1.0
