cost_values:
  wind_capex: 5000.0
  wind_opex: 100
  wind_lifetime: 20
  solar_capex: 1000.0
  solar_opex: 10
  solar_lifetime: 20
  carbon_price: 1.0
timeseries_values:
  load_level: 281527.0239172328
  wind_year: 2019
  solar_year: 2017
  price_year: 2023
  carbon_year: 2023
storage_values:
  CAES:
    cost: 45.1414
    lifetime: 22.2629
    annual_cost: 2.0276513841413295
    efficiency: 0.592143
    discharge_ratio: 0.1
    depth_of_discharge: 0.4
  Li-ion:
    cost: 143.662
    lifetime: 23.1434
    annual_cost: 6.207471676590303
    efficiency: 0.89467
    discharge_ratio: 2
    depth_of_discharge: 0.9
  Pb-acid:
    cost: 138.925
    lifetime: 8.8229
    annual_cost: 15.745956544900203
    efficiency: 0.71353
    discharge_ratio: 5
    depth_of_discharge: 0.5
  VRBF:
    cost: 200.235
    lifetime: 20.2765
    annual_cost: 9.875225014178977
    efficiency: 0.683257
    discharge_ratio: 0.5
    depth_of_discharge: 1.0
