cost_values:
  wind_capex: 5000.0
  wind_opex: 100
  wind_lifetime: 20
  solar_capex: 1000.0
  solar_opex: 10
  solar_lifetime: 20
  carbon_price: 1.0
timeseries_values:
  load_level: 281527.0239172328
  wind_year: 2019
  solar_year: 2017
  price_year: 2023
  carbon_year: 2023
storage_values:
  CAES:
    cost: 48.9757
    lifetime: 21.8795
    annual_cost: 2.238428666102973
    efficiency: 0.590115
    discharge_ratio: 0.1
    depth_of_discharge: 0.4
  Li-ion:
    cost: 137.08
    lifetime: 21.0114
    annual_cost: 6.524077405598867
    efficiency: 0.923267
    discharge_ratio: 2
    depth_of_discharge: 0.9
  Pb-acid:
    cost: 132.085
    lifetime: 10.728
    annual_cost: 12.312173750932141
    efficiency: 0.688771
    discharge_ratio: 5
    depth_of_discharge: 0.5
  VRBF:
    cost: 239.311
    lifetime: 21.3065
    annual_cost: 11.231830662004553
    efficiency: 0.682722
    discharge_ratio: 0.5
    depth_of_discharge: 1.0
