cost_values:
  wind_capex: 5000.0
  wind_opex: 100
  wind_lifetime: 20
  solar_capex: 1000.0
  solar_opex: 10
  solar_lifetime: 20
  carbon_price: 1.0
timeseries_values:
  load_level: 281527.0239172328
  wind_year: 2019
  solar_year: 2017
  price_year: 2023
  carbon_year: 2023
storage_values:
  CAES:
    cost: 40.014
    lifetime: 21.4315
    annual_cost: 1.8670648344726222
    efficiency: 0.587377
    discharge_ratio: 0.1
    depth_of_discharge: 0.4
  Li-ion:
    cost: 138.279
    lifetime: 22.6715
    annual_cost: 6.099243543656131
    efficiency: 0.905608
    discharge_ratio: 2
    depth_of_discharge: 0.9
  Pb-acid:
    cost: 133.548
    lifetime: 8.97701
    annual_cost: 14.876668289330189
    efficiency: 0.715169
    discharge_ratio: 5
    depth_of_discharge: 0.5
  VRBF:
    cost: 190.078
    lifetime: 21.241
    annual_cost: 8.948637069817805
    efficiency: 0.667904
    discharge_ratio: 0.5
    depth_of_discharge: 1.0
