cost_values:
  wind_capex: 5000.0
  wind_opex: 100
  wind_lifetime: 20
  solar_capex: 1000.0
  solar_opex: 10
  solar_lifetime: 20
  carbon_price: 1.0
timeseries_values:
  load_level: 281527.0239172328
  wind_year: 2019
  solar_year: 2017
  price_year: 2023
  carbon_year: 2023
storage_values:
  CAES:
    cost: 47.6166
    lifetime: 22.9078
    annual_cost: 2.078619509512044
    efficiency: 0.594773
    discharge_ratio: 0.1
    depth_of_discharge: 0.4
  Li-ion:
    cost: 163.305
    lifetime: 20.3194
    annual_cost: 8.03690069588669
    efficiency: 0.916858
    discharge_ratio: 2
    depth_of_discharge: 0.9
  Pb-acid:
    cost: 149.006
    lifetime: 9.78515
    annual_cost: 15.2277686085548
    efficiency: 0.708574
    discharge_ratio: 5
    depth_of_discharge: 0.5
  VRBF:
    cost: 180.36
    lifetime: 22.9132
    annual_cost: 7.871445280449698
    efficiency: 0.673889
    discharge_ratio: 0.5
    depth_of_discharge: 1.0
