cost_values:
  wind_capex: 5000.0
  wind_opex: 100
  wind_lifetime: 20
  solar_capex: 1000.0
  solar_opex: 10
  solar_lifetime: 20
  carbon_price: 1.0
timeseries_values:
  load_level: 281527.0239172328
  wind_year: 2019
  solar_year: 2017
  price_year: 2023
  carbon_year: 2023
storage_values:
  CAES:
    cost: 37.4766
    lifetime: 21.4987
    annual_cost: 1.7432030773953773
    efficiency: 0.588609
    discharge_ratio: 0.1
    depth_of_discharge: 0.4
  Li-ion:
    cost: 145.344
    lifetime: 21.3637
    annual_cost: 6.8033159050164524
    efficiency: 0.909611
    discharge_ratio: 2
    depth_of_discharge: 0.9
  Pb-acid:
    cost: 143.598
    lifetime: 10.0766
    annual_cost: 14.25064009685807
    efficiency: 0.720181
    discharge_ratio: 5
    depth_of_discharge: 0.5
  VRBF:
    cost: 203.534
    lifetime: 21.3421
    annual_cost: 9.536737247037546
    efficiency: 0.676848
    discharge_ratio: 0.5
    depth_of_discharge: 1.0
