cost_values:
  wind_capex: 5000.0
  wind_opex: 100
  wind_lifetime: 20
  solar_capex: 1000.0
  solar_opex: 10
  solar_lifetime: 20
  carbon_price: 1.0
timeseries_values:
  load_level: 229807.5926200441
  wind_year: 2011
  solar_year: 2012
  price_year: 2023
  carbon_year: 2023
storage_values:
  CAES:
    cost: 47.7617
    lifetime: 24.9552
    annual_cost: 1.9138977046867987
    efficiency: 0.617128
    discharge_ratio: 0.1
    depth_of_discharge: 0.4
  Li-ion:
    cost: 189.698
    lifetime: 22.4767
    annual_cost: 8.439762064715906
    efficiency: 0.892635
    discharge_ratio: 2
    depth_of_discharge: 0.9
  Pb-acid:
    cost: 110.331
    lifetime: 10.3153
    annual_cost: 10.695859548437758
    efficiency: 0.741332
    discharge_ratio: 5
    depth_of_discharge: 0.5
  VRBF:
    cost: 285.409
    lifetime: 23.3994
    annual_cost: 12.19727856269819
    efficiency: 0.672294
    discharge_ratio: 0.5
    depth_of_discharge: 1.0
