cost_values:
  wind_capex: 5000.0
  wind_opex: 100
  wind_lifetime: 20
  solar_capex: 1000.0
  solar_opex: 10
  solar_lifetime: 20
  carbon_price: 1.0
timeseries_values:
  load_level: 229807.5926200441
  wind_year: 2011
  solar_year: 2012
  price_year: 2023
  carbon_year: 2023
storage_values:
  CAES:
    cost: 52.0311
    lifetime: 25.1259
    annual_cost: 2.0708153737776556
    efficiency: 0.612922
    discharge_ratio: 0.1
    depth_of_discharge: 0.4
  Li-ion:
    cost: 180.433
    lifetime: 21.3775
    annual_cost: 8.440322769266752
    efficiency: 0.897213
    discharge_ratio: 2
    depth_of_discharge: 0.9
  Pb-acid:
    cost: 91.5064
    lifetime: 8.6701
    annual_cost: 10.55424966263365
    efficiency: 0.743225
    discharge_ratio: 5
    depth_of_discharge: 0.5
  VRBF:
    cost: 216.937
    lifetime: 25.4523
    annual_cost: 8.523276874781454
    efficiency: 0.675095
    discharge_ratio: 0.5
    depth_of_discharge: 1.0
