cost_values:
  wind_capex: 5000.0
  wind_opex: 100
  wind_lifetime: 20
  solar_capex: 1000.0
  solar_opex: 10
  solar_lifetime: 20
  carbon_price: 1.0
timeseries_values:
  load_level: 229807.5926200441
  wind_year: 2011
  solar_year: 2012
  price_year: 2023
  carbon_year: 2023
storage_values:
  CAES:
    cost: 53.001
    lifetime: 24.6189
    annual_cost: 2.152858169942605
    efficiency: 0.609516
    discharge_ratio: 0.1
    depth_of_discharge: 0.4
  Li-ion:
    cost: 173.58
    lifetime: 18.6802
    annual_cost: 9.292191732422566
    efficiency: 0.904166
    discharge_ratio: 2
    depth_of_discharge: 0.9
  Pb-acid:
    cost: 113.557
    lifetime: 9.65567
    annual_cost: 11.760654620549376
    efficiency: 0.754171
    discharge_ratio: 5
    depth_of_discharge: 0.5
  VRBF:
    cost: 229.576
    lifetime: 23.9332
    annual_cost: 9.592365417077533
    efficiency: 0.674348
    discharge_ratio: 0.5
    depth_of_discharge: 1.0
