cost_values:
  wind_capex: 5000.0
  wind_opex: 100
  wind_lifetime: 20
  solar_capex: 1000.0
  solar_opex: 10
  solar_lifetime: 20
  carbon_price: 1.0
timeseries_values:
  load_level: 229807.5926200441
  wind_year: 2011
  solar_year: 2012
  price_year: 2023
  carbon_year: 2023
storage_values:
  CAES:
    cost: 44.5374
    lifetime: 24.863
    annual_cost: 1.791312391907654
    efficiency: 0.620633
    discharge_ratio: 0.1
    depth_of_discharge: 0.4
  Li-ion:
    cost: 169.137
    lifetime: 20.8946
    annual_cost: 8.094770897743915
    efficiency: 0.878099
    discharge_ratio: 2
    depth_of_discharge: 0.9
  Pb-acid:
    cost: 97.9658
    lifetime: 11.4181
    annual_cost: 8.57986880479239
    efficiency: 0.73555
    discharge_ratio: 5
    depth_of_discharge: 0.5
  VRBF:
    cost: 222.517
    lifetime: 25.34
    annual_cost: 8.781254932912391
    efficiency: 0.673357
    discharge_ratio: 0.5
    depth_of_discharge: 1.0
