cost_values:
  wind_capex: 5000.0
  wind_opex: 100
  wind_lifetime: 20
  solar_capex: 1000.0
  solar_opex: 10
  solar_lifetime: 20
  carbon_price: 1.0
timeseries_values:
  load_level: 229807.5926200441
  wind_year: 2011
  solar_year: 2012
  price_year: 2023
  carbon_year: 2023
storage_values:
  CAES:
    cost: 51.859
    lifetime: 23.7327
    annual_cost: 2.1851285357333974
    efficiency: 0.615597
    discharge_ratio: 0.1
    depth_of_discharge: 0.4
  Li-ion:
    cost: 217.852
    lifetime: 20.9031
    annual_cost: 10.421994823734279
    efficiency: 0.880179
    discharge_ratio: 2
    depth_of_discharge: 0.9
  Pb-acid:
    cost: 96.556
    lifetime: 10.2496
    annual_cost: 9.420465188885421
    efficiency: 0.744356
    discharge_ratio: 5
    depth_of_discharge: 0.5
  VRBF:
    cost: 222.282
    lifetime: 24.0312
    annual_cost: 9.249725357035855
    efficiency: 0.66644
    discharge_ratio: 0.5
    depth_of_discharge: 1.0
