cost_values:
  wind_capex: 5000.0
  wind_opex: 100
  wind_lifetime: 20
  solar_capex: 1000.0
  solar_opex: 10
  solar_lifetime: 20
  carbon_price: 1.0
timeseries_values:
  load_level: 229807.5926200441
  wind_year: 2011
  solar_year: 2012
  price_year: 2023
  carbon_year: 2023
storage_values:
  CAES:
    cost: 45.8192
    lifetime: 24.4192
    annual_cost: 1.87635958589962
    efficiency: 0.616589
    discharge_ratio: 0.1
    depth_of_discharge: 0.4
  Li-ion:
    cost: 195.252
    lifetime: 21.7637
    annual_cost: 8.971452464424708
    efficiency: 0.907593
    discharge_ratio: 2
    depth_of_discharge: 0.9
  Pb-acid:
    cost: 101.094
    lifetime: 10.3302
    annual_cost: 9.786257768484637
    efficiency: 0.74892
    discharge_ratio: 5
    depth_of_discharge: 0.5
  VRBF:
    cost: 241.621
    lifetime: 28.3286
    annual_cost: 8.52922488227445
    efficiency: 0.687593
    discharge_ratio: 0.5
    depth_of_discharge: 1.0
