cost_values:
  wind_capex: 5000.0
  wind_opex: 100
  wind_lifetime: 20
  solar_capex: 1000.0
  solar_opex: 10
  solar_lifetime: 20
  carbon_price: 1.0
timeseries_values:
  load_level: 229807.5926200441
  wind_year: 2011
  solar_year: 2012
  price_year: 2023
  carbon_year: 2023
storage_values:
  CAES:
    cost: 54.1553
    lifetime: 23.8306
    annual_cost: 2.2725109732864466
    efficiency: 0.615798
    discharge_ratio: 0.1
    depth_of_discharge: 0.4
  Li-ion:
    cost: 167.082
    lifetime: 22.8864
    annual_cost: 7.300492869127517
    efficiency: 0.894969
    discharge_ratio: 2
    depth_of_discharge: 0.9
  Pb-acid:
    cost: 109.906
    lifetime: 10.6664
    annual_cost: 10.303945098627468
    efficiency: 0.744935
    discharge_ratio: 5
    depth_of_discharge: 0.5
  VRBF:
    cost: 204.502
    lifetime: 24.2854
    annual_cost: 8.42077956302964
    efficiency: 0.676036
    discharge_ratio: 0.5
    depth_of_discharge: 1.0
