cost_values:
  wind_capex: 5000.0
  wind_opex: 100
  wind_lifetime: 20
  solar_capex: 1000.0
  solar_opex: 10
  solar_lifetime: 20
  carbon_price: 1.0
timeseries_values:
  load_level: 229807.5926200441
  wind_year: 2011
  solar_year: 2012
  price_year: 2023
  carbon_year: 2023
storage_values:
  CAES:
    cost: 52.9202
    lifetime: 24.3505
    annual_cost: 2.173269542719862
    efficiency: 0.612918
    discharge_ratio: 0.1
    depth_of_discharge: 0.4
  Li-ion:
    cost: 192.803
    lifetime: 23.9722
    annual_cost: 8.042774547183821
    efficiency: 0.891186
    discharge_ratio: 2
    depth_of_discharge: 0.9
  Pb-acid:
    cost: 97.6911
    lifetime: 10.4043
    annual_cost: 9.389492805859117
    efficiency: 0.746971
    discharge_ratio: 5
    depth_of_discharge: 0.5
  VRBF:
    cost: 212.984
    lifetime: 26.2777
    annual_cost: 8.105123355544816
    efficiency: 0.65261
    discharge_ratio: 0.5
    depth_of_discharge: 1.0
