cost_values:
  wind_capex: 5000.0
  wind_opex: 100
  wind_lifetime: 20
  solar_capex: 1000.0
  solar_opex: 10
  solar_lifetime: 20
  carbon_price: 1.0
timeseries_values:
  load_level: 229807.5926200441
  wind_year: 2011
  solar_year: 2012
  price_year: 2023
  carbon_year: 2023
storage_values:
  CAES:
    cost: 53.3728
    lifetime: 23.8708
    annual_cost: 2.235903279320341
    efficiency: 0.607266
    discharge_ratio: 0.1
    depth_of_discharge: 0.4
  Li-ion:
    cost: 196.62
    lifetime: 22.7076
    annual_cost: 8.658775035670876
    efficiency: 0.890246
    discharge_ratio: 2
    depth_of_discharge: 0.9
  Pb-acid:
    cost: 94.1954
    lifetime: 11.5551
    annual_cost: 8.151846370866545
    efficiency: 0.736299
    discharge_ratio: 5
    depth_of_discharge: 0.5
  VRBF:
    cost: 213.334
    lifetime: 25.4379
    annual_cost: 8.386462719013755
    efficiency: 0.663655
    discharge_ratio: 0.5
    depth_of_discharge: 1.0
