cost_values:
  wind_capex: 5000.0
  wind_opex: 100
  wind_lifetime: 20
  solar_capex: 1000.0
  solar_opex: 10
  solar_lifetime: 20
  carbon_price: 1.0
timeseries_values:
  load_level: 229807.5926200441
  wind_year: 2011
  solar_year: 2012
  price_year: 2023
  carbon_year: 2023
storage_values:
  CAES:
    cost: 52.244
    lifetime: 24.0554
    annual_cost: 2.1718200487208694
    efficiency: 0.604624
    discharge_ratio: 0.1
    depth_of_discharge: 0.4
  Li-ion:
    cost: 161.852
    lifetime: 20.4484
    annual_cost: 7.915142505037069
    efficiency: 0.90014
    discharge_ratio: 2
    depth_of_discharge: 0.9
  Pb-acid:
    cost: 103.747
    lifetime: 10.6865
    annual_cost: 9.70823000982548
    efficiency: 0.743333
    discharge_ratio: 5
    depth_of_discharge: 0.5
  VRBF:
    cost: 228.262
    lifetime: 25.4789
    annual_cost: 8.958864001193144
    efficiency: 0.687718
    discharge_ratio: 0.5
    depth_of_discharge: 1.0
