cost_values:
  wind_capex: 5000.0
  wind_opex: 100
  wind_lifetime: 20
  solar_capex: 1000.0
  solar_opex: 10
  solar_lifetime: 20
  carbon_price: 1.0
timeseries_values:
  load_level: 229807.5926200441
  wind_year: 2011
  solar_year: 2012
  price_year: 2023
  carbon_year: 2023
storage_values:
  CAES:
    cost: 51.4505
    lifetime: 23.9213
    annual_cost: 2.1508237428567845
    efficiency: 0.607819
    discharge_ratio: 0.1
    depth_of_discharge: 0.4
  Li-ion:
    cost: 172.651
    lifetime: 21.0153
    annual_cost: 8.21549061873968
    efficiency: 0.90638
    discharge_ratio: 2
    depth_of_discharge: 0.9
  Pb-acid:
    cost: 77.9468
    lifetime: 11.8203
    annual_cost: 6.594316557109379
    efficiency: 0.751362
    discharge_ratio: 5
    depth_of_discharge: 0.5
  VRBF:
    cost: 220.457
    lifetime: 28.2701
    annual_cost: 7.798239128973721
    efficiency: 0.661458
    discharge_ratio: 0.5
    depth_of_discharge: 1.0
