cost_values:
  wind_capex: 5000.0
  wind_opex: 100
  wind_lifetime: 20
  solar_capex: 1000.0
  solar_opex: 10
  solar_lifetime: 20
  carbon_price: 1.0
timeseries_values:
  load_level: 229807.5926200441
  wind_year: 2011
  solar_year: 2012
  price_year: 2023
  carbon_year: 2023
storage_values:
  CAES:
    cost: 47.1361
    lifetime: 23.6362
    annual_cost: 1.9942334216159958
    efficiency: 0.605659
    discharge_ratio: 0.1
    depth_of_discharge: 0.4
  Li-ion:
    cost: 180.238
    lifetime: 22.4496
    annual_cost: 8.028561756111467
    efficiency: 0.895796
    discharge_ratio: 2
    depth_of_discharge: 0.9
  Pb-acid:
    cost: 89.386
    lifetime: 9.60952
    annual_cost: 9.301817364446924
    efficiency: 0.738054
    discharge_ratio: 5
    depth_of_discharge: 0.5
  VRBF:
    cost: 215.136
    lifetime: 25.3483
    annual_cost: 8.487196380033376
    efficiency: 0.653641
    discharge_ratio: 0.5
    depth_of_discharge: 1.0
