cost_values:
  wind_capex: 5000.0
  wind_opex: 100
  wind_lifetime: 20
  solar_capex: 1000.0
  solar_opex: 10
  solar_lifetime: 20
  carbon_price: 1.0
timeseries_values:
  load_level: 229807.5926200441
  wind_year: 2011
  solar_year: 2012
  price_year: 2023
  carbon_year: 2023
storage_values:
  CAES:
    cost: 59.1932
    lifetime: 24.2209
    annual_cost: 2.4438893682728553
    efficiency: 0.616256
    discharge_ratio: 0.1
    depth_of_discharge: 0.4
  Li-ion:
    cost: 184.897
    lifetime: 21.1706
    annual_cost: 8.733668389181222
    efficiency: 0.905182
    discharge_ratio: 2
    depth_of_discharge: 0.9
  Pb-acid:
    cost: 96.1915
    lifetime: 9.13798
    annual_cost: 10.526560574656543
    efficiency: 0.74213
    discharge_ratio: 5
    depth_of_discharge: 0.5
  VRBF:
    cost: 234.449
    lifetime: 25.1515
    annual_cost: 9.321471880404749
    efficiency: 0.673651
    discharge_ratio: 0.5
    depth_of_discharge: 1.0
