cost_values:
  wind_capex: 5000.0
  wind_opex: 100
  wind_lifetime: 20
  solar_capex: 1000.0
  solar_opex: 10
  solar_lifetime: 20
  carbon_price: 1.0
timeseries_values:
  load_level: 229807.5926200441
  wind_year: 2011
  solar_year: 2012
  price_year: 2023
  carbon_year: 2023
storage_values:
  CAES:
    cost: 53.6547
    lifetime: 24.1032
    annual_cost: 2.2260405257393208
    efficiency: 0.606895
    discharge_ratio: 0.1
    depth_of_discharge: 0.4
  Li-ion:
    cost: 193.745
    lifetime: 20.8973
    annual_cost: 9.27129342068114
    efficiency: 0.885468
    discharge_ratio: 2
    depth_of_discharge: 0.9
  Pb-acid:
    cost: 111.998
    lifetime: 11.8435
    annual_cost: 9.45649512390763
    efficiency: 0.752962
    discharge_ratio: 5
    depth_of_discharge: 0.5
  VRBF:
    cost: 193.496
    lifetime: 26.7934
    annual_cost: 7.221778497689731
    efficiency: 0.677739
    discharge_ratio: 0.5
    depth_of_discharge: 1.0
