cost_values:
  wind_capex: 5000.0
  wind_opex: 100
  wind_lifetime: 20
  solar_capex: 1000.0
  solar_opex: 10
  solar_lifetime: 20
  carbon_price: 1.0
timeseries_values:
  load_level: 229807.5926200441
  wind_year: 2011
  solar_year: 2012
  price_year: 2023
  carbon_year: 2023
storage_values:
  CAES:
    cost: 52.9324
    lifetime: 23.9016
    annual_cost: 2.214596512367373
    efficiency: 0.606343
    discharge_ratio: 0.1
    depth_of_discharge: 0.4
  Li-ion:
    cost: 164.212
    lifetime: 21.229
    annual_cost: 7.735267794055302
    efficiency: 0.895147
    discharge_ratio: 2
    depth_of_discharge: 0.9
  Pb-acid:
    cost: 105.037
    lifetime: 11.2343
    annual_cost: 9.349670206421408
    efficiency: 0.739469
    discharge_ratio: 5
    depth_of_discharge: 0.5
  VRBF:
    cost: 245.5
    lifetime: 26.511
    annual_cost: 9.260307042359775
    efficiency: 0.679072
    discharge_ratio: 0.5
    depth_of_discharge: 1.0
