cost_values:
  wind_capex: 5000.0
  wind_opex: 100
  wind_lifetime: 20
  solar_capex: 1000.0
  solar_opex: 10
  solar_lifetime: 20
  carbon_price: 1.0
timeseries_values:
  load_level: 229807.5926200441
  wind_year: 2011
  solar_year: 2012
  price_year: 2023
  carbon_year: 2023
storage_values:
  CAES:
    cost: 50.6494
    lifetime: 23.1975
    annual_cost: 2.1833990731759885
    efficiency: 0.613603
    discharge_ratio: 0.1
    depth_of_discharge: 0.4
  Li-ion:
    cost: 173.78
    lifetime: 21.6842
    annual_cost: 8.014130103946652
    efficiency: 0.888391
    discharge_ratio: 2
    depth_of_discharge: 0.9
  Pb-acid:
    cost: 95.7398
    lifetime: 9.93063
    annual_cost: 9.640858636360432
    efficiency: 0.73575
    discharge_ratio: 5
    depth_of_discharge: 0.5
  VRBF:
    cost: 227.349
    lifetime: 28.1026
    annual_cost: 8.08996320625138
    efficiency: 0.65497
    discharge_ratio: 0.5
    depth_of_discharge: 1.0
