cost_values:
  wind_capex: 5000.0
  wind_opex: 100
  wind_lifetime: 20
  solar_capex: 1000.0
  solar_opex: 10
  solar_lifetime: 20
  carbon_price: 1.0
timeseries_values:
  load_level: 229807.5926200441
  wind_year: 2011
  solar_year: 2012
  price_year: 2023
  carbon_year: 2023
storage_values:
  CAES:
    cost: 56.7505
    lifetime: 23.6113
    annual_cost: 2.4035313599844144
    efficiency: 0.608576
    discharge_ratio: 0.1
    depth_of_discharge: 0.4
  Li-ion:
    cost: 193.911
    lifetime: 19.266
    annual_cost: 10.064933042665837
    efficiency: 0.890913
    discharge_ratio: 2
    depth_of_discharge: 0.9
  Pb-acid:
    cost: 110.756
    lifetime: 12.7654
    annual_cost: 8.676265530261489
    efficiency: 0.747625
    discharge_ratio: 5
    depth_of_discharge: 0.5
  VRBF:
    cost: 203.896
    lifetime: 24.1785
    annual_cost: 8.432946626134788
    efficiency: 0.676114
    discharge_ratio: 0.5
    depth_of_discharge: 1.0
