cost_values:
  wind_capex: 5000.0
  wind_opex: 100
  wind_lifetime: 20
  solar_capex: 1000.0
  solar_opex: 10
  solar_lifetime: 20
  carbon_price: 1.0
timeseries_values:
  load_level: 229807.5926200441
  wind_year: 2011
  solar_year: 2012
  price_year: 2023
  carbon_year: 2023
storage_values:
  CAES:
    cost: 47.4046
    lifetime: 24.834
    annual_cost: 1.9088588225819443
    efficiency: 0.603456
    discharge_ratio: 0.1
    depth_of_discharge: 0.4
  Li-ion:
    cost: 189.953
    lifetime: 22.2299
    annual_cost: 8.544932725743255
    efficiency: 0.900742
    discharge_ratio: 2
    depth_of_discharge: 0.9
  Pb-acid:
    cost: 105.062
    lifetime: 10.3966
    annual_cost: 10.105419079314391
    efficiency: 0.753567
    discharge_ratio: 5
    depth_of_discharge: 0.5
  VRBF:
    cost: 245.667
    lifetime: 24.7581
    annual_cost: 9.922691967477311
    efficiency: 0.671582
    discharge_ratio: 0.5
    depth_of_discharge: 1.0
