cost_values:
  wind_capex: 5000.0
  wind_opex: 100
  wind_lifetime: 20
  solar_capex: 1000.0
  solar_opex: 10
  solar_lifetime: 20
  carbon_price: 1.0
timeseries_values:
  load_level: 229807.5926200441
  wind_year: 2011
  solar_year: 2012
  price_year: 2023
  carbon_year: 2023
storage_values:
  CAES:
    cost: 48.7093
    lifetime: 23.4429
    annual_cost: 2.0777847450614044
    efficiency: 0.611345
    discharge_ratio: 0.1
    depth_of_discharge: 0.4
  Li-ion:
    cost: 169.878
    lifetime: 22.7906
    annual_cost: 7.453862557370143
    efficiency: 0.897812
    discharge_ratio: 2
    depth_of_discharge: 0.9
  Pb-acid:
    cost: 75.9652
    lifetime: 9.61924
    annual_cost: 7.897214332941064
    efficiency: 0.747973
    discharge_ratio: 5
    depth_of_discharge: 0.5
  VRBF:
    cost: 206.885
    lifetime: 24.8718
    annual_cost: 8.318054985968043
    efficiency: 0.665316
    discharge_ratio: 0.5
    depth_of_discharge: 1.0
