cost_values:
  wind_capex: 5000.0
  wind_opex: 100
  wind_lifetime: 20
  solar_capex: 1000.0
  solar_opex: 10
  solar_lifetime: 20
  carbon_price: 1.0
timeseries_values:
  load_level: 229807.5926200441
  wind_year: 2011
  solar_year: 2012
  price_year: 2023
  carbon_year: 2023
storage_values:
  CAES:
    cost: 46.1976
    lifetime: 24.7244
    annual_cost: 1.8685023701282943
    efficiency: 0.614994
    discharge_ratio: 0.1
    depth_of_discharge: 0.4
  Li-ion:
    cost: 183.31
    lifetime: 18.4808
    annual_cost: 9.918942902904638
    efficiency: 0.888966
    discharge_ratio: 2
    depth_of_discharge: 0.9
  Pb-acid:
    cost: 105.505
    lifetime: 11.0143
    annual_cost: 9.578911051996041
    efficiency: 0.742186
    discharge_ratio: 5
    depth_of_discharge: 0.5
  VRBF:
    cost: 229.836
    lifetime: 25.0835
    annual_cost: 9.162836127334701
    efficiency: 0.689969
    discharge_ratio: 0.5
    depth_of_discharge: 1.0
