cost_values:
  wind_capex: 5000.0
  wind_opex: 100
  wind_lifetime: 20
  solar_capex: 1000.0
  solar_opex: 10
  solar_lifetime: 20
  carbon_price: 1.0
timeseries_values:
  load_level: 229807.5926200441
  wind_year: 2011
  solar_year: 2012
  price_year: 2023
  carbon_year: 2023
storage_values:
  CAES:
    cost: 49.6044
    lifetime: 23.9124
    annual_cost: 2.074421638982285
    efficiency: 0.599953
    discharge_ratio: 0.1
    depth_of_discharge: 0.4
  Li-ion:
    cost: 197.479
    lifetime: 23.6484
    annual_cost: 8.350628372321173
    efficiency: 0.884791
    discharge_ratio: 2
    depth_of_discharge: 0.9
  Pb-acid:
    cost: 83.8861
    lifetime: 12.568
    annual_cost: 6.674578294080204
    efficiency: 0.751768
    discharge_ratio: 5
    depth_of_discharge: 0.5
  VRBF:
    cost: 220.433
    lifetime: 24.9173
    annual_cost: 8.846584501531064
    efficiency: 0.6725
    discharge_ratio: 0.5
    depth_of_discharge: 1.0
