cost_values:
  wind_capex: 5000.0
  wind_opex: 100
  wind_lifetime: 20
  solar_capex: 1000.0
  solar_opex: 10
  solar_lifetime: 20
  carbon_price: 1.0
timeseries_values:
  load_level: 229807.5926200441
  wind_year: 2011
  solar_year: 2012
  price_year: 2023
  carbon_year: 2023
storage_values:
  CAES:
    cost: 53.2128
    lifetime: 24.1951
    annual_cost: 2.199321350190741
    efficiency: 0.605933
    discharge_ratio: 0.1
    depth_of_discharge: 0.4
  Li-ion:
    cost: 166.512
    lifetime: 23.1199
    annual_cost: 7.2021072755505
    efficiency: 0.881251
    discharge_ratio: 2
    depth_of_discharge: 0.9
  Pb-acid:
    cost: 103.641
    lifetime: 9.96385
    annual_cost: 10.401702153284122
    efficiency: 0.729784
    discharge_ratio: 5
    depth_of_discharge: 0.5
  VRBF:
    cost: 209.82
    lifetime: 27.1482
    annual_cost: 7.7286891948637475
    efficiency: 0.6689
    discharge_ratio: 0.5
    depth_of_discharge: 1.0
