cost_values:
  wind_capex: 5000.0
  wind_opex: 100
  wind_lifetime: 20
  solar_capex: 1000.0
  solar_opex: 10
  solar_lifetime: 20
  carbon_price: 1.0
timeseries_values:
  load_level: 229807.5926200441
  wind_year: 2011
  solar_year: 2012
  price_year: 2023
  carbon_year: 2023
storage_values:
  CAES:
    cost: 50.2988
    lifetime: 24.9344
    annual_cost: 2.017245251540041
    efficiency: 0.614985
    discharge_ratio: 0.1
    depth_of_discharge: 0.4
  Li-ion:
    cost: 185.245
    lifetime: 22.3579
    annual_cost: 8.285438256723575
    efficiency: 0.88772
    discharge_ratio: 2
    depth_of_discharge: 0.9
  Pb-acid:
    cost: 114.21
    lifetime: 9.56203
    annual_cost: 11.944116468992462
    efficiency: 0.74469
    discharge_ratio: 5
    depth_of_discharge: 0.5
  VRBF:
    cost: 232.67
    lifetime: 26.3631
    annual_cost: 8.825593348278465
    efficiency: 0.680472
    discharge_ratio: 0.5
    depth_of_discharge: 1.0
