cost_values:
  wind_capex: 5000.0
  wind_opex: 100
  wind_lifetime: 20
  solar_capex: 1000.0
  solar_opex: 10
  solar_lifetime: 20
  carbon_price: 1.0
timeseries_values:
  load_level: 229807.5926200441
  wind_year: 2011
  solar_year: 2012
  price_year: 2023
  carbon_year: 2023
storage_values:
  CAES:
    cost: 47.658
    lifetime: 23.8006
    annual_cost: 2.002386494458123
    efficiency: 0.621371
    discharge_ratio: 0.1
    depth_of_discharge: 0.4
  Li-ion:
    cost: 177.778
    lifetime: 21.5934
    annual_cost: 8.23297859531153
    efficiency: 0.905277
    discharge_ratio: 2
    depth_of_discharge: 0.9
  Pb-acid:
    cost: 122.764
    lifetime: 11.5221
    annual_cost: 10.654654967410455
    efficiency: 0.740937
    discharge_ratio: 5
    depth_of_discharge: 0.5
  VRBF:
    cost: 223.94
    lifetime: 24.156
    annual_cost: 9.270574598443451
    efficiency: 0.662307
    discharge_ratio: 0.5
    depth_of_discharge: 1.0
