cost_values:
  wind_capex: 5000.0
  wind_opex: 100
  wind_lifetime: 20
  solar_capex: 1000.0
  solar_opex: 10
  solar_lifetime: 20
  carbon_price: 1.0
timeseries_values:
  load_level: 229807.5926200441
  wind_year: 2011
  solar_year: 2012
  price_year: 2023
  carbon_year: 2023
storage_values:
  CAES:
    cost: 54.2192
    lifetime: 24.4
    annual_cost: 2.222098360655738
    efficiency: 0.6117
    discharge_ratio: 0.1
    depth_of_discharge: 0.4
  Li-ion:
    cost: 181.255
    lifetime: 20.3986
    annual_cost: 8.885658819722922
    efficiency: 0.88792
    discharge_ratio: 2
    depth_of_discharge: 0.9
  Pb-acid:
    cost: 94.4779
    lifetime: 11.1417
    annual_cost: 8.479666478185555
    efficiency: 0.726129
    discharge_ratio: 5
    depth_of_discharge: 0.5
  VRBF:
    cost: 213.142
    lifetime: 26.2286
    annual_cost: 8.126320123834288
    efficiency: 0.668231
    discharge_ratio: 0.5
    depth_of_discharge: 1.0
