cost_values:
  wind_capex: 5000.0
  wind_opex: 100
  wind_lifetime: 20
  solar_capex: 1000.0
  solar_opex: 10
  solar_lifetime: 20
  carbon_price: 1.0
timeseries_values:
  load_level: 229807.5926200441
  wind_year: 2011
  solar_year: 2012
  price_year: 2023
  carbon_year: 2023
storage_values:
  CAES:
    cost: 46.5812
    lifetime: 23.8977
    annual_cost: 1.949191763224076
    efficiency: 0.614937
    discharge_ratio: 0.1
    depth_of_discharge: 0.4
  Li-ion:
    cost: 171.526
    lifetime: 21.4871
    annual_cost: 7.982743134252645
    efficiency: 0.89423
    discharge_ratio: 2
    depth_of_discharge: 0.9
  Pb-acid:
    cost: 80.5465
    lifetime: 11.3916
    annual_cost: 7.0706924400435405
    efficiency: 0.75304
    discharge_ratio: 5
    depth_of_discharge: 0.5
  VRBF:
    cost: 217.701
    lifetime: 24.6085
    annual_cost: 8.846577402117155
    efficiency: 0.66207
    discharge_ratio: 0.5
    depth_of_discharge: 1.0
