cost_values:
  wind_capex: 5000.0
  wind_opex: 100
  wind_lifetime: 20
  solar_capex: 1000.0
  solar_opex: 10
  solar_lifetime: 20
  carbon_price: 1.0
timeseries_values:
  load_level: 229807.5926200441
  wind_year: 2011
  solar_year: 2012
  price_year: 2023
  carbon_year: 2023
storage_values:
  CAES:
    cost: 51.6296
    lifetime: 24.8127
    annual_cost: 2.080773152458217
    efficiency: 0.606051
    discharge_ratio: 0.1
    depth_of_discharge: 0.4
  Li-ion:
    cost: 171.929
    lifetime: 22.2362
    annual_cost: 7.73194160872811
    efficiency: 0.895418
    discharge_ratio: 2
    depth_of_discharge: 0.9
  Pb-acid:
    cost: 87.9631
    lifetime: 9.78845
    annual_cost: 8.986417665718271
    efficiency: 0.745619
    discharge_ratio: 5
    depth_of_discharge: 0.5
  VRBF:
    cost: 201.837
    lifetime: 26.0631
    annual_cost: 7.744167040758774
    efficiency: 0.670603
    discharge_ratio: 0.5
    depth_of_discharge: 1.0
