cost_values:
  wind_capex: 5000.0
  wind_opex: 100
  wind_lifetime: 20
  solar_capex: 1000.0
  solar_opex: 10
  solar_lifetime: 20
  carbon_price: 1.0
timeseries_values:
  load_level: 229807.5926200441
  wind_year: 2011
  solar_year: 2012
  price_year: 2023
  carbon_year: 2023
storage_values:
  CAES:
    cost: 50.1942
    lifetime: 23.0584
    annual_cost: 2.1768292682926833
    efficiency: 0.607351
    discharge_ratio: 0.1
    depth_of_discharge: 0.4
  Li-ion:
    cost: 187.245
    lifetime: 21.731
    annual_cost: 8.616492568220513
    efficiency: 0.894896
    discharge_ratio: 2
    depth_of_discharge: 0.9
  Pb-acid:
    cost: 91.6005
    lifetime: 10.7947
    annual_cost: 8.485692052581358
    efficiency: 0.751584
    discharge_ratio: 5
    depth_of_discharge: 0.5
  VRBF:
    cost: 231.031
    lifetime: 26.877
    annual_cost: 8.59586263347844
    efficiency: 0.686186
    discharge_ratio: 0.5
    depth_of_discharge: 1.0
