cost_values:
  wind_capex: 5000.0
  wind_opex: 100
  wind_lifetime: 20
  solar_capex: 1000.0
  solar_opex: 10
  solar_lifetime: 20
  carbon_price: 1.0
timeseries_values:
  load_level: 229807.5926200441
  wind_year: 2011
  solar_year: 2012
  price_year: 2023
  carbon_year: 2023
storage_values:
  CAES:
    cost: 55.3907
    lifetime: 24.866
    annual_cost: 2.22756776321081
    efficiency: 0.628618
    discharge_ratio: 0.1
    depth_of_discharge: 0.4
  Li-ion:
    cost: 181.55
    lifetime: 21.8534
    annual_cost: 8.307631764393642
    efficiency: 0.905541
    discharge_ratio: 2
    depth_of_discharge: 0.9
  Pb-acid:
    cost: 124.77
    lifetime: 11.5897
    annual_cost: 10.765593587409509
    efficiency: 0.753142
    discharge_ratio: 5
    depth_of_discharge: 0.5
  VRBF:
    cost: 226.081
    lifetime: 24.1251
    annual_cost: 9.37119431629299
    efficiency: 0.674807
    discharge_ratio: 0.5
    depth_of_discharge: 1.0
