cost_values:
  wind_capex: 5000.0
  wind_opex: 100
  wind_lifetime: 20
  solar_capex: 1000.0
  solar_opex: 10
  solar_lifetime: 20
  carbon_price: 1.0
timeseries_values:
  load_level: 229807.5926200441
  wind_year: 2011
  solar_year: 2012
  price_year: 2023
  carbon_year: 2023
storage_values:
  CAES:
    cost: 49.5828
    lifetime: 25.0365
    annual_cost: 1.980420585944521
    efficiency: 0.608983
    discharge_ratio: 0.1
    depth_of_discharge: 0.4
  Li-ion:
    cost: 165.479
    lifetime: 21.4514
    annual_cost: 7.7141352079584555
    efficiency: 0.879845
    discharge_ratio: 2
    depth_of_discharge: 0.9
  Pb-acid:
    cost: 93.511
    lifetime: 9.85859
    annual_cost: 9.485230646573191
    efficiency: 0.740274
    discharge_ratio: 5
    depth_of_discharge: 0.5
  VRBF:
    cost: 221.95
    lifetime: 25.2294
    annual_cost: 8.797276193647095
    efficiency: 0.679583
    discharge_ratio: 0.5
    depth_of_discharge: 1.0
