cost_values:
  wind_capex: 5000.0
  wind_opex: 100
  wind_lifetime: 20
  solar_capex: 1000.0
  solar_opex: 10
  solar_lifetime: 20
  carbon_price: 1.0
timeseries_values:
  load_level: 229807.5926200441
  wind_year: 2011
  solar_year: 2012
  price_year: 2023
  carbon_year: 2023
storage_values:
  CAES:
    cost: 48.1095
    lifetime: 23.4844
    annual_cost: 2.0485726695167856
    efficiency: 0.612978
    discharge_ratio: 0.1
    depth_of_discharge: 0.4
  Li-ion:
    cost: 187.47
    lifetime: 19.8433
    annual_cost: 9.447521329617555
    efficiency: 0.905608
    discharge_ratio: 2
    depth_of_discharge: 0.9
  Pb-acid:
    cost: 72.4491
    lifetime: 10.0248
    annual_cost: 7.226987072061288
    efficiency: 0.724762
    discharge_ratio: 5
    depth_of_discharge: 0.5
  VRBF:
    cost: 210.106
    lifetime: 25.56
    annual_cost: 8.220109546165885
    efficiency: 0.666264
    discharge_ratio: 0.5
    depth_of_discharge: 1.0
