cost_values:
  wind_capex: 5000.0
  wind_opex: 100
  wind_lifetime: 20
  solar_capex: 1000.0
  solar_opex: 10
  solar_lifetime: 20
  carbon_price: 1.0
timeseries_values:
  load_level: 229807.5926200441
  wind_year: 2011
  solar_year: 2012
  price_year: 2023
  carbon_year: 2023
storage_values:
  CAES:
    cost: 59.3206
    lifetime: 25.1575
    annual_cost: 2.3579687965815364
    efficiency: 0.608202
    discharge_ratio: 0.1
    depth_of_discharge: 0.4
  Li-ion:
    cost: 187.179
    lifetime: 22.5538
    annual_cost: 8.299222304001987
    efficiency: 0.904358
    discharge_ratio: 2
    depth_of_discharge: 0.9
  Pb-acid:
    cost: 100.065
    lifetime: 11.8087
    annual_cost: 8.473837086216095
    efficiency: 0.755912
    discharge_ratio: 5
    depth_of_discharge: 0.5
  VRBF:
    cost: 226.777
    lifetime: 23.3527
    annual_cost: 9.710954193733487
    efficiency: 0.675016
    discharge_ratio: 0.5
    depth_of_discharge: 1.0
