cost_values:
  wind_capex: 5000.0
  wind_opex: 100
  wind_lifetime: 20
  solar_capex: 1000.0
  solar_opex: 10
  solar_lifetime: 20
  carbon_price: 1.0
timeseries_values:
  load_level: 229807.5926200441
  wind_year: 2011
  solar_year: 2012
  price_year: 2023
  carbon_year: 2023
storage_values:
  CAES:
    cost: 57.0288
    lifetime: 24.1303
    annual_cost: 2.3633688764748055
    efficiency: 0.618932
    discharge_ratio: 0.1
    depth_of_discharge: 0.4
  Li-ion:
    cost: 185.377
    lifetime: 22.2933
    annual_cost: 8.31536829451001
    efficiency: 0.894728
    discharge_ratio: 2
    depth_of_discharge: 0.9
  Pb-acid:
    cost: 93.4351
    lifetime: 10.9845
    annual_cost: 8.506085848240703
    efficiency: 0.748056
    discharge_ratio: 5
    depth_of_discharge: 0.5
  VRBF:
    cost: 255.927
    lifetime: 26.6137
    annual_cost: 9.616363001010757
    efficiency: 0.694671
    discharge_ratio: 0.5
    depth_of_discharge: 1.0
