cost_values:
  wind_capex: 5000.0
  wind_opex: 100
  wind_lifetime: 20
  solar_capex: 1000.0
  solar_opex: 10
  solar_lifetime: 20
  carbon_price: 1.0
timeseries_values:
  load_level: 229807.5926200441
  wind_year: 2011
  solar_year: 2012
  price_year: 2023
  carbon_year: 2023
storage_values:
  CAES:
    cost: 46.4331
    lifetime: 22.8311
    annual_cost: 2.033765346391545
    efficiency: 0.613301
    discharge_ratio: 0.1
    depth_of_discharge: 0.4
  Li-ion:
    cost: 167.974
    lifetime: 22.0959
    annual_cost: 7.602043818083898
    efficiency: 0.890015
    discharge_ratio: 2
    depth_of_discharge: 0.9
  Pb-acid:
    cost: 102.392
    lifetime: 12.417
    annual_cost: 8.246114198276556
    efficiency: 0.745633
    discharge_ratio: 5
    depth_of_discharge: 0.5
  VRBF:
    cost: 225.862
    lifetime: 26.2527
    annual_cost: 8.603381747401219
    efficiency: 0.680932
    discharge_ratio: 0.5
    depth_of_discharge: 1.0
