cost_values:
  wind_capex: 5000.0
  wind_opex: 100
  wind_lifetime: 20
  solar_capex: 1000.0
  solar_opex: 10
  solar_lifetime: 20
  carbon_price: 1.0
timeseries_values:
  load_level: 229807.5926200441
  wind_year: 2011
  solar_year: 2012
  price_year: 2023
  carbon_year: 2023
storage_values:
  CAES:
    cost: 54.8698
    lifetime: 24.4782
    annual_cost: 2.2415782206207973
    efficiency: 0.613678
    discharge_ratio: 0.1
    depth_of_discharge: 0.4
  Li-ion:
    cost: 194.583
    lifetime: 21.4994
    annual_cost: 9.050624668595402
    efficiency: 0.891372
    discharge_ratio: 2
    depth_of_discharge: 0.9
  Pb-acid:
    cost: 105.197
    lifetime: 11.0696
    annual_cost: 9.503234082532341
    efficiency: 0.75451
    discharge_ratio: 5
    depth_of_discharge: 0.5
  VRBF:
    cost: 211.546
    lifetime: 26.832
    annual_cost: 7.884093619558735
    efficiency: 0.674735
    discharge_ratio: 0.5
    depth_of_discharge: 1.0
