cost_values:
  wind_capex: 5000.0
  wind_opex: 100
  wind_lifetime: 20
  solar_capex: 1000.0
  solar_opex: 10
  solar_lifetime: 20
  carbon_price: 1.0
timeseries_values:
  load_level: 229807.5926200441
  wind_year: 2011
  solar_year: 2012
  price_year: 2023
  carbon_year: 2023
storage_values:
  CAES:
    cost: 53.9096
    lifetime: 25.1651
    annual_cost: 2.142236669037675
    efficiency: 0.611117
    discharge_ratio: 0.1
    depth_of_discharge: 0.4
  Li-ion:
    cost: 179.911
    lifetime: 20.9915
    annual_cost: 8.570659552676084
    efficiency: 0.901921
    discharge_ratio: 2
    depth_of_discharge: 0.9
  Pb-acid:
    cost: 123.954
    lifetime: 10.2273
    annual_cost: 12.119914346895074
    efficiency: 0.744712
    discharge_ratio: 5
    depth_of_discharge: 0.5
  VRBF:
    cost: 214.367
    lifetime: 26.1909
    annual_cost: 8.184789373408321
    efficiency: 0.67985
    discharge_ratio: 0.5
    depth_of_discharge: 1.0
