cost_values:
  wind_capex: 5000.0
  wind_opex: 100
  wind_lifetime: 20
  solar_capex: 1000.0
  solar_opex: 10
  solar_lifetime: 20
  carbon_price: 1.0
timeseries_values:
  load_level: 229807.5926200441
  wind_year: 2011
  solar_year: 2012
  price_year: 2023
  carbon_year: 2023
storage_values:
  CAES:
    cost: 53.8886
    lifetime: 25.1559
    annual_cost: 2.1421853322679767
    efficiency: 0.613176
    discharge_ratio: 0.1
    depth_of_discharge: 0.4
  Li-ion:
    cost: 194.855
    lifetime: 20.0734
    annual_cost: 9.707124851793916
    efficiency: 0.896907
    discharge_ratio: 2
    depth_of_discharge: 0.9
  Pb-acid:
    cost: 121.631
    lifetime: 12.0996
    annual_cost: 10.052481073754503
    efficiency: 0.730559
    discharge_ratio: 5
    depth_of_discharge: 0.5
  VRBF:
    cost: 249.627
    lifetime: 26.5013
    annual_cost: 9.419424707467181
    efficiency: 0.674502
    discharge_ratio: 0.5
    depth_of_discharge: 1.0
