cost_values:
  wind_capex: 5000.0
  wind_opex: 100
  wind_lifetime: 20
  solar_capex: 1000.0
  solar_opex: 10
  solar_lifetime: 20
  carbon_price: 1.0
timeseries_values:
  load_level: 229807.5926200441
  wind_year: 2011
  solar_year: 2012
  price_year: 2023
  carbon_year: 2023
storage_values:
  CAES:
    cost: 49.8105
    lifetime: 25.1126
    annual_cost: 1.9834863773563867
    efficiency: 0.618002
    discharge_ratio: 0.1
    depth_of_discharge: 0.4
  Li-ion:
    cost: 205.821
    lifetime: 22.1487
    annual_cost: 9.29268986441642
    efficiency: 0.904542
    discharge_ratio: 2
    depth_of_discharge: 0.9
  Pb-acid:
    cost: 97.7633
    lifetime: 11.6285
    annual_cost: 8.407215032033365
    efficiency: 0.748885
    discharge_ratio: 5
    depth_of_discharge: 0.5
  VRBF:
    cost: 227.018
    lifetime: 27.3292
    annual_cost: 8.306792734511072
    efficiency: 0.676906
    discharge_ratio: 0.5
    depth_of_discharge: 1.0
