cost_values:
  wind_capex: 5000.0
  wind_opex: 100
  wind_lifetime: 20
  solar_capex: 1000.0
  solar_opex: 10
  solar_lifetime: 20
  carbon_price: 1.0
timeseries_values:
  load_level: 229807.5926200441
  wind_year: 2011
  solar_year: 2012
  price_year: 2023
  carbon_year: 2023
storage_values:
  CAES:
    cost: 43.5658
    lifetime: 24.0176
    annual_cost: 1.813911464925721
    efficiency: 0.611535
    discharge_ratio: 0.1
    depth_of_discharge: 0.4
  Li-ion:
    cost: 186.05
    lifetime: 22.1299
    annual_cost: 8.407177619419882
    efficiency: 0.903342
    discharge_ratio: 2
    depth_of_discharge: 0.9
  Pb-acid:
    cost: 113.628
    lifetime: 10.8859
    annual_cost: 10.438089638890675
    efficiency: 0.757295
    discharge_ratio: 5
    depth_of_discharge: 0.5
  VRBF:
    cost: 249.662
    lifetime: 26.9082
    annual_cost: 9.278286916256011
    efficiency: 0.677542
    discharge_ratio: 0.5
    depth_of_discharge: 1.0
