cost_values:
  wind_capex: 5000.0
  wind_opex: 100
  wind_lifetime: 20
  solar_capex: 1000.0
  solar_opex: 10
  solar_lifetime: 20
  carbon_price: 1.0
timeseries_values:
  load_level: 229807.5926200441
  wind_year: 2011
  solar_year: 2012
  price_year: 2023
  carbon_year: 2023
storage_values:
  CAES:
    cost: 58.8298
    lifetime: 23.4799
    annual_cost: 2.505538779977768
    efficiency: 0.613349
    discharge_ratio: 0.1
    depth_of_discharge: 0.4
  Li-ion:
    cost: 177.904
    lifetime: 20.9632
    annual_cost: 8.486490612120287
    efficiency: 0.884225
    discharge_ratio: 2
    depth_of_discharge: 0.9
  Pb-acid:
    cost: 93.0773
    lifetime: 9.81796
    annual_cost: 9.480309555141801
    efficiency: 0.745347
    discharge_ratio: 5
    depth_of_discharge: 0.5
  VRBF:
    cost: 261.62
    lifetime: 24.9362
    annual_cost: 10.491574498119201
    efficiency: 0.701956
    discharge_ratio: 0.5
    depth_of_discharge: 1.0
