cost_values:
  wind_capex: 5000.0
  wind_opex: 100
  wind_lifetime: 20
  solar_capex: 1000.0
  solar_opex: 10
  solar_lifetime: 20
  carbon_price: 1.0
timeseries_values:
  load_level: 229807.5926200441
  wind_year: 2011
  solar_year: 2012
  price_year: 2023
  carbon_year: 2023
storage_values:
  CAES:
    cost: 54.0609
    lifetime: 25.1868
    annual_cost: 2.1463981132974412
    efficiency: 0.609859
    discharge_ratio: 0.1
    depth_of_discharge: 0.4
  Li-ion:
    cost: 180.813
    lifetime: 20.3301
    annual_cost: 8.89385689199758
    efficiency: 0.893811
    discharge_ratio: 2
    depth_of_discharge: 0.9
  Pb-acid:
    cost: 118.477
    lifetime: 9.81091
    annual_cost: 12.076045952923838
    efficiency: 0.756573
    discharge_ratio: 5
    depth_of_discharge: 0.5
  VRBF:
    cost: 207.238
    lifetime: 25.8277
    annual_cost: 8.023865849456204
    efficiency: 0.66444
    discharge_ratio: 0.5
    depth_of_discharge: 1.0
