cost_values:
  wind_capex: 5000.0
  wind_opex: 100
  wind_lifetime: 20
  solar_capex: 1000.0
  solar_opex: 10
  solar_lifetime: 20
  carbon_price: 1.0
timeseries_values:
  load_level: 229807.5926200441
  wind_year: 2011
  solar_year: 2012
  price_year: 2023
  carbon_year: 2023
storage_values:
  CAES:
    cost: 51.747
    lifetime: 24.1298
    annual_cost: 2.1445266848461237
    efficiency: 0.607731
    discharge_ratio: 0.1
    depth_of_discharge: 0.4
  Li-ion:
    cost: 181.239
    lifetime: 18.8778
    annual_cost: 9.600642023964657
    efficiency: 0.896254
    discharge_ratio: 2
    depth_of_discharge: 0.9
  Pb-acid:
    cost: 102.546
    lifetime: 12.0975
    annual_cost: 8.47662740235586
    efficiency: 0.747401
    discharge_ratio: 5
    depth_of_discharge: 0.5
  VRBF:
    cost: 224.943
    lifetime: 26.1429
    annual_cost: 8.604362943667306
    efficiency: 0.665696
    discharge_ratio: 0.5
    depth_of_discharge: 1.0
