cost_values:
  wind_capex: 5000.0
  wind_opex: 100
  wind_lifetime: 20
  solar_capex: 1000.0
  solar_opex: 10
  solar_lifetime: 20
  carbon_price: 1.0
timeseries_values:
  load_level: 253799.36508544514
  wind_year: 2013
  solar_year: 2014
  price_year: 2023
  carbon_year: 2023
storage_values:
  CAES:
    cost: 44.101
    lifetime: 25.1654
    annual_cost: 1.752445818465035
    efficiency: 0.623269
    discharge_ratio: 0.1
    depth_of_discharge: 0.4
  Li-ion:
    cost: 157.049
    lifetime: 13.4777
    annual_cost: 11.652507475311069
    efficiency: 0.903911
    discharge_ratio: 2
    depth_of_discharge: 0.9
  Pb-acid:
    cost: 150.267
    lifetime: 17.9989
    annual_cost: 8.348676863586109
    efficiency: 0.768451
    discharge_ratio: 5
    depth_of_discharge: 0.5
  VRBF:
    cost: 277.657
    lifetime: 29.482
    annual_cost: 9.417848178549622
    efficiency: 0.775676
    discharge_ratio: 0.5
    depth_of_discharge: 1.0
