cost_values:
  wind_capex: 5000.0
  wind_opex: 100
  wind_lifetime: 20
  solar_capex: 1000.0
  solar_opex: 10
  solar_lifetime: 20
  carbon_price: 1.0
timeseries_values:
  load_level: 253799.36508544514
  wind_year: 2013
  solar_year: 2014
  price_year: 2023
  carbon_year: 2023
storage_values:
  CAES:
    cost: 44.9153
    lifetime: 25.5872
    annual_cost: 1.7553815970485245
    efficiency: 0.627378
    discharge_ratio: 0.1
    depth_of_discharge: 0.4
  Li-ion:
    cost: 146.507
    lifetime: 15.8963
    annual_cost: 9.216421431402276
    efficiency: 0.89327
    discharge_ratio: 2
    depth_of_discharge: 0.9
  Pb-acid:
    cost: 120.217
    lifetime: 15.5006
    annual_cost: 7.755635265731649
    efficiency: 0.746729
    discharge_ratio: 5
    depth_of_discharge: 0.5
  VRBF:
    cost: 269.141
    lifetime: 28.4922
    annual_cost: 9.446129116038776
    efficiency: 0.762921
    discharge_ratio: 0.5
    depth_of_discharge: 1.0
