cost_values:
  wind_capex: 5000.0
  wind_opex: 100
  wind_lifetime: 20
  solar_capex: 1000.0
  solar_opex: 10
  solar_lifetime: 20
  carbon_price: 1.0
timeseries_values:
  load_level: 253799.36508544514
  wind_year: 2013
  solar_year: 2014
  price_year: 2023
  carbon_year: 2023
storage_values:
  CAES:
    cost: 50.8986
    lifetime: 25.144
    annual_cost: 2.0242841234489344
    efficiency: 0.616336
    discharge_ratio: 0.1
    depth_of_discharge: 0.4
  Li-ion:
    cost: 148.826
    lifetime: 15.0375
    annual_cost: 9.89699085619285
    efficiency: 0.887819
    discharge_ratio: 2
    depth_of_discharge: 0.9
  Pb-acid:
    cost: 108.168
    lifetime: 18.2375
    annual_cost: 5.931076079506512
    efficiency: 0.757717
    discharge_ratio: 5
    depth_of_discharge: 0.5
  VRBF:
    cost: 240.877
    lifetime: 26.288
    annual_cost: 9.163002130249543
    efficiency: 0.759801
    discharge_ratio: 0.5
    depth_of_discharge: 1.0
