cost_values:
  wind_capex: 5000.0
  wind_opex: 100
  wind_lifetime: 20
  solar_capex: 1000.0
  solar_opex: 10
  solar_lifetime: 20
  carbon_price: 1.0
timeseries_values:
  load_level: 253799.36508544514
  wind_year: 2013
  solar_year: 2014
  price_year: 2023
  carbon_year: 2023
storage_values:
  CAES:
    cost: 36.9723
    lifetime: 24.4389
    annual_cost: 1.5128463228705056
    efficiency: 0.618161
    discharge_ratio: 0.1
    depth_of_discharge: 0.4
  Li-ion:
    cost: 169.721
    lifetime: 14.6548
    annual_cost: 11.581256653110245
    efficiency: 0.90161
    discharge_ratio: 2
    depth_of_discharge: 0.9
  Pb-acid:
    cost: 132.116
    lifetime: 15.9975
    annual_cost: 8.258540396937022
    efficiency: 0.757116
    discharge_ratio: 5
    depth_of_discharge: 0.5
  VRBF:
    cost: 263.102
    lifetime: 28.634
    annual_cost: 9.188447300412097
    efficiency: 0.766887
    discharge_ratio: 0.5
    depth_of_discharge: 1.0
