cost_values:
  wind_capex: 5000.0
  wind_opex: 100
  wind_lifetime: 20
  solar_capex: 1000.0
  solar_opex: 10
  solar_lifetime: 20
  carbon_price: 1.0
timeseries_values:
  load_level: 253799.36508544514
  wind_year: 2013
  solar_year: 2014
  price_year: 2023
  carbon_year: 2023
storage_values:
  CAES:
    cost: 35.8455
    lifetime: 24.8055
    annual_cost: 1.4450625869262868
    efficiency: 0.616451
    discharge_ratio: 0.1
    depth_of_discharge: 0.4
  Li-ion:
    cost: 152.802
    lifetime: 14.1387
    annual_cost: 10.807358526597211
    efficiency: 0.889377
    discharge_ratio: 2
    depth_of_discharge: 0.9
  Pb-acid:
    cost: 128.106
    lifetime: 16.0589
    annual_cost: 7.977258716350434
    efficiency: 0.747671
    discharge_ratio: 5
    depth_of_discharge: 0.5
  VRBF:
    cost: 259.788
    lifetime: 27.3036
    annual_cost: 9.514789258559311
    efficiency: 0.788129
    discharge_ratio: 0.5
    depth_of_discharge: 1.0
