cost_values:
  wind_capex: 5000.0
  wind_opex: 100
  wind_lifetime: 20
  solar_capex: 1000.0
  solar_opex: 10
  solar_lifetime: 20
  carbon_price: 1.0
timeseries_values:
  load_level: 253799.36508544514
  wind_year: 2013
  solar_year: 2014
  price_year: 2023
  carbon_year: 2023
storage_values:
  CAES:
    cost: 45.1774
    lifetime: 25.0181
    annual_cost: 1.8057886090470499
    efficiency: 0.611147
    discharge_ratio: 0.1
    depth_of_discharge: 0.4
  Li-ion:
    cost: 172.403
    lifetime: 15.5776
    annual_cost: 11.067365961380442
    efficiency: 0.908121
    discharge_ratio: 2
    depth_of_discharge: 0.9
  Pb-acid:
    cost: 117.394
    lifetime: 16.4322
    annual_cost: 7.144143815192122
    efficiency: 0.765977
    discharge_ratio: 5
    depth_of_discharge: 0.5
  VRBF:
    cost: 265.254
    lifetime: 27.9269
    annual_cost: 9.498154109478675
    efficiency: 0.781474
    discharge_ratio: 0.5
    depth_of_discharge: 1.0
