cost_values:
  wind_capex: 5000.0
  wind_opex: 100
  wind_lifetime: 20
  solar_capex: 1000.0
  solar_opex: 10
  solar_lifetime: 20
  carbon_price: 1.0
timeseries_values:
  load_level: 253799.36508544514
  wind_year: 2013
  solar_year: 2014
  price_year: 2023
  carbon_year: 2023
storage_values:
  CAES:
    cost: 38.8942
    lifetime: 24.2628
    annual_cost: 1.6030383962279704
    efficiency: 0.623579
    discharge_ratio: 0.1
    depth_of_discharge: 0.4
  Li-ion:
    cost: 152.544
    lifetime: 16.3654
    annual_cost: 9.32112872279321
    efficiency: 0.887847
    discharge_ratio: 2
    depth_of_discharge: 0.9
  Pb-acid:
    cost: 132.481
    lifetime: 17.1352
    annual_cost: 7.731511741911386
    efficiency: 0.75144
    discharge_ratio: 5
    depth_of_discharge: 0.5
  VRBF:
    cost: 251.656
    lifetime: 27.7304
    annual_cost: 9.075094481147044
    efficiency: 0.771942
    discharge_ratio: 0.5
    depth_of_discharge: 1.0
