cost_values:
  wind_capex: 5000.0
  wind_opex: 100
  wind_lifetime: 20
  solar_capex: 1000.0
  solar_opex: 10
  solar_lifetime: 20
  carbon_price: 1.0
timeseries_values:
  load_level: 253799.36508544514
  wind_year: 2013
  solar_year: 2014
  price_year: 2023
  carbon_year: 2023
storage_values:
  CAES:
    cost: 43.1773
    lifetime: 25.7118
    annual_cost: 1.6792795525789717
    efficiency: 0.615472
    discharge_ratio: 0.1
    depth_of_discharge: 0.4
  Li-ion:
    cost: 160.249
    lifetime: 15.0362
    annual_cost: 10.657546454556337
    efficiency: 0.901209
    discharge_ratio: 2
    depth_of_discharge: 0.9
  Pb-acid:
    cost: 141.662
    lifetime: 16.2573
    annual_cost: 8.713747055169062
    efficiency: 0.743727
    discharge_ratio: 5
    depth_of_discharge: 0.5
  VRBF:
    cost: 289.649
    lifetime: 28.4726
    annual_cost: 10.172903071725097
    efficiency: 0.782139
    discharge_ratio: 0.5
    depth_of_discharge: 1.0
