cost_values:
  wind_capex: 5000.0
  wind_opex: 100
  wind_lifetime: 20
  solar_capex: 1000.0
  solar_opex: 10
  solar_lifetime: 20
  carbon_price: 1.0
timeseries_values:
  load_level: 253799.36508544514
  wind_year: 2013
  solar_year: 2014
  price_year: 2023
  carbon_year: 2023
storage_values:
  CAES:
    cost: 45.8104
    lifetime: 25.559
    annual_cost: 1.7923392933995852
    efficiency: 0.613802
    discharge_ratio: 0.1
    depth_of_discharge: 0.4
  Li-ion:
    cost: 141.635
    lifetime: 13.8732
    annual_cost: 10.209252371478822
    efficiency: 0.909942
    discharge_ratio: 2
    depth_of_discharge: 0.9
  Pb-acid:
    cost: 131.548
    lifetime: 17.032
    annual_cost: 7.7235791451385625
    efficiency: 0.748691
    discharge_ratio: 5
    depth_of_discharge: 0.5
  VRBF:
    cost: 225.419
    lifetime: 27.8747
    annual_cost: 8.086867302607741
    efficiency: 0.765038
    discharge_ratio: 0.5
    depth_of_discharge: 1.0
