cost_values:
  wind_capex: 5000.0
  wind_opex: 100
  wind_lifetime: 20
  solar_capex: 1000.0
  solar_opex: 10
  solar_lifetime: 20
  carbon_price: 1.0
timeseries_values:
  load_level: 253799.36508544514
  wind_year: 2013
  solar_year: 2014
  price_year: 2023
  carbon_year: 2023
storage_values:
  CAES:
    cost: 47.9414
    lifetime: 25.0209
    annual_cost: 1.9160541787066012
    efficiency: 0.630569
    discharge_ratio: 0.1
    depth_of_discharge: 0.4
  Li-ion:
    cost: 156.969
    lifetime: 14.4683
    annual_cost: 10.849166799140189
    efficiency: 0.898624
    discharge_ratio: 2
    depth_of_discharge: 0.9
  Pb-acid:
    cost: 125.721
    lifetime: 14.2708
    annual_cost: 8.80966729265353
    efficiency: 0.762007
    discharge_ratio: 5
    depth_of_discharge: 0.5
  VRBF:
    cost: 267.561
    lifetime: 26.9873
    annual_cost: 9.91433007377544
    efficiency: 0.766845
    discharge_ratio: 0.5
    depth_of_discharge: 1.0
