cost_values:
  wind_capex: 5000.0
  wind_opex: 100
  wind_lifetime: 20
  solar_capex: 1000.0
  solar_opex: 10
  solar_lifetime: 20
  carbon_price: 1.0
timeseries_values:
  load_level: 253799.36508544514
  wind_year: 2013
  solar_year: 2014
  price_year: 2023
  carbon_year: 2023
storage_values:
  CAES:
    cost: 48.9342
    lifetime: 25.8977
    annual_cost: 1.889519146487912
    efficiency: 0.617577
    discharge_ratio: 0.1
    depth_of_discharge: 0.4
  Li-ion:
    cost: 161.682
    lifetime: 13.8784
    annual_cost: 11.649902005994926
    efficiency: 0.899695
    discharge_ratio: 2
    depth_of_discharge: 0.9
  Pb-acid:
    cost: 107.303
    lifetime: 18.3216
    annual_cost: 5.856639158152126
    efficiency: 0.754178
    discharge_ratio: 5
    depth_of_discharge: 0.5
  VRBF:
    cost: 236.727
    lifetime: 28.4513
    annual_cost: 8.320428240537339
    efficiency: 0.77212
    discharge_ratio: 0.5
    depth_of_discharge: 1.0
