cost_values:
  wind_capex: 5000.0
  wind_opex: 100
  wind_lifetime: 20
  solar_capex: 1000.0
  solar_opex: 10
  solar_lifetime: 20
  carbon_price: 1.0
timeseries_values:
  load_level: 253799.36508544514
  wind_year: 2013
  solar_year: 2014
  price_year: 2023
  carbon_year: 2023
storage_values:
  CAES:
    cost: 41.5376
    lifetime: 25.0138
    annual_cost: 1.6605873557796096
    efficiency: 0.61433
    discharge_ratio: 0.1
    depth_of_discharge: 0.4
  Li-ion:
    cost: 153.157
    lifetime: 14.8498
    annual_cost: 10.313741599213458
    efficiency: 0.89204
    discharge_ratio: 2
    depth_of_discharge: 0.9
  Pb-acid:
    cost: 125.237
    lifetime: 16.4348
    annual_cost: 7.620232677002458
    efficiency: 0.760538
    discharge_ratio: 5
    depth_of_discharge: 0.5
  VRBF:
    cost: 260.68
    lifetime: 28.4518
    annual_cost: 9.162161972177508
    efficiency: 0.777745
    discharge_ratio: 0.5
    depth_of_discharge: 1.0
