cost_values:
  wind_capex: 5000.0
  wind_opex: 100
  wind_lifetime: 20
  solar_capex: 1000.0
  solar_opex: 10
  solar_lifetime: 20
  carbon_price: 1.0
timeseries_values:
  load_level: 253799.36508544514
  wind_year: 2013
  solar_year: 2014
  price_year: 2023
  carbon_year: 2023
storage_values:
  CAES:
    cost: 42.5913
    lifetime: 25.7475
    annual_cost: 1.6541916690940868
    efficiency: 0.620955
    discharge_ratio: 0.1
    depth_of_discharge: 0.4
  Li-ion:
    cost: 170.933
    lifetime: 13.1432
    annual_cost: 13.005432466979121
    efficiency: 0.91623
    discharge_ratio: 2
    depth_of_discharge: 0.9
  Pb-acid:
    cost: 98.1303
    lifetime: 17.5499
    annual_cost: 5.591501945880034
    efficiency: 0.759536
    discharge_ratio: 5
    depth_of_discharge: 0.5
  VRBF:
    cost: 251.99
    lifetime: 27.6345
    annual_cost: 9.11867412111672
    efficiency: 0.76091
    discharge_ratio: 0.5
    depth_of_discharge: 1.0
