cost_values:
  wind_capex: 5000.0
  wind_opex: 100
  wind_lifetime: 20
  solar_capex: 1000.0
  solar_opex: 10
  solar_lifetime: 20
  carbon_price: 1.0
timeseries_values:
  load_level: 253799.36508544514
  wind_year: 2013
  solar_year: 2014
  price_year: 2023
  carbon_year: 2023
storage_values:
  CAES:
    cost: 41.8211
    lifetime: 25.7847
    annual_cost: 1.6219347132214066
    efficiency: 0.619408
    discharge_ratio: 0.1
    depth_of_discharge: 0.4
  Li-ion:
    cost: 157.987
    lifetime: 14.7565
    annual_cost: 10.706265035746958
    efficiency: 0.905679
    discharge_ratio: 2
    depth_of_discharge: 0.9
  Pb-acid:
    cost: 131.67
    lifetime: 15.0973
    annual_cost: 8.721427010127638
    efficiency: 0.759286
    discharge_ratio: 5
    depth_of_discharge: 0.5
  VRBF:
    cost: 248.76
    lifetime: 28.0773
    annual_cost: 8.859826265346026
    efficiency: 0.769628
    discharge_ratio: 0.5
    depth_of_discharge: 1.0
