cost_values:
  wind_capex: 5000.0
  wind_opex: 100
  wind_lifetime: 20
  solar_capex: 1000.0
  solar_opex: 10
  solar_lifetime: 20
  carbon_price: 1.0
timeseries_values:
  load_level: 253799.36508544514
  wind_year: 2013
  solar_year: 2014
  price_year: 2023
  carbon_year: 2023
storage_values:
  CAES:
    cost: 34.0069
    lifetime: 25.0564
    annual_cost: 1.3572141249341487
    efficiency: 0.623635
    discharge_ratio: 0.1
    depth_of_discharge: 0.4
  Li-ion:
    cost: 176.314
    lifetime: 15.0147
    annual_cost: 11.74275876307885
    efficiency: 0.891351
    discharge_ratio: 2
    depth_of_discharge: 0.9
  Pb-acid:
    cost: 140.794
    lifetime: 15.6245
    annual_cost: 9.011104355339372
    efficiency: 0.758868
    discharge_ratio: 5
    depth_of_discharge: 0.5
  VRBF:
    cost: 261.685
    lifetime: 26.9506
    annual_cost: 9.70980237916781
    efficiency: 0.782057
    discharge_ratio: 0.5
    depth_of_discharge: 1.0
