cost_values:
  wind_capex: 5000.0
  wind_opex: 100
  wind_lifetime: 20
  solar_capex: 1000.0
  solar_opex: 10
  solar_lifetime: 20
  carbon_price: 1.0
timeseries_values:
  load_level: 253799.36508544514
  wind_year: 2013
  solar_year: 2014
  price_year: 2023
  carbon_year: 2023
storage_values:
  CAES:
    cost: 48.2444
    lifetime: 24.4981
    annual_cost: 1.9693119058212676
    efficiency: 0.615592
    discharge_ratio: 0.1
    depth_of_discharge: 0.4
  Li-ion:
    cost: 163.257
    lifetime: 15.3959
    annual_cost: 10.603927019531175
    efficiency: 0.896792
    discharge_ratio: 2
    depth_of_discharge: 0.9
  Pb-acid:
    cost: 123.586
    lifetime: 17.1205
    annual_cost: 7.218597587687276
    efficiency: 0.740971
    discharge_ratio: 5
    depth_of_discharge: 0.5
  VRBF:
    cost: 266.458
    lifetime: 24.8209
    annual_cost: 10.73522716742745
    efficiency: 0.775834
    discharge_ratio: 0.5
    depth_of_discharge: 1.0
