cost_values:
  wind_capex: 5000.0
  wind_opex: 100
  wind_lifetime: 20
  solar_capex: 1000.0
  solar_opex: 10
  solar_lifetime: 20
  carbon_price: 1.0
timeseries_values:
  load_level: 253799.36508544514
  wind_year: 2013
  solar_year: 2014
  price_year: 2023
  carbon_year: 2023
storage_values:
  CAES:
    cost: 38.2297
    lifetime: 25.5434
    annual_cost: 1.4966566706076718
    efficiency: 0.618591
    discharge_ratio: 0.1
    depth_of_discharge: 0.4
  Li-ion:
    cost: 147.356
    lifetime: 16.2538
    annual_cost: 9.06594150291009
    efficiency: 0.897695
    discharge_ratio: 2
    depth_of_discharge: 0.9
  Pb-acid:
    cost: 143.349
    lifetime: 15.4614
    annual_cost: 9.271411385773604
    efficiency: 0.752559
    discharge_ratio: 5
    depth_of_discharge: 0.5
  VRBF:
    cost: 264.763
    lifetime: 27.2841
    annual_cost: 9.703930127803373
    efficiency: 0.788096
    discharge_ratio: 0.5
    depth_of_discharge: 1.0
