cost_values:
  wind_capex: 5000.0
  wind_opex: 100
  wind_lifetime: 20
  solar_capex: 1000.0
  solar_opex: 10
  solar_lifetime: 20
  carbon_price: 1.0
timeseries_values:
  load_level: 253799.36508544514
  wind_year: 2013
  solar_year: 2014
  price_year: 2023
  carbon_year: 2023
storage_values:
  CAES:
    cost: 38.8748
    lifetime: 25.4863
    annual_cost: 1.5253214472088927
    efficiency: 0.623466
    discharge_ratio: 0.1
    depth_of_discharge: 0.4
  Li-ion:
    cost: 162.612
    lifetime: 14.4164
    annual_cost: 11.27965372769901
    efficiency: 0.888429
    discharge_ratio: 2
    depth_of_discharge: 0.9
  Pb-acid:
    cost: 114.872
    lifetime: 15.9497
    annual_cost: 7.20214173307335
    efficiency: 0.750185
    discharge_ratio: 5
    depth_of_discharge: 0.5
  VRBF:
    cost: 253.251
    lifetime: 26.7469
    annual_cost: 9.468424378152235
    efficiency: 0.781729
    discharge_ratio: 0.5
    depth_of_discharge: 1.0
