cost_values:
  wind_capex: 5000.0
  wind_opex: 100
  wind_lifetime: 20
  solar_capex: 1000.0
  solar_opex: 10
  solar_lifetime: 20
  carbon_price: 1.0
timeseries_values:
  load_level: 253799.36508544514
  wind_year: 2013
  solar_year: 2014
  price_year: 2023
  carbon_year: 2023
storage_values:
  CAES:
    cost: 41.6436
    lifetime: 25.9482
    annual_cost: 1.6048743265428815
    efficiency: 0.637226
    discharge_ratio: 0.1
    depth_of_discharge: 0.4
  Li-ion:
    cost: 152.887
    lifetime: 13.9994
    annual_cost: 10.920968041487493
    efficiency: 0.887387
    discharge_ratio: 2
    depth_of_discharge: 0.9
  Pb-acid:
    cost: 113.638
    lifetime: 17.2383
    annual_cost: 6.592181363591538
    efficiency: 0.762993
    discharge_ratio: 5
    depth_of_discharge: 0.5
  VRBF:
    cost: 265.043
    lifetime: 29.3161
    annual_cost: 9.04086832832471
    efficiency: 0.76593
    discharge_ratio: 0.5
    depth_of_discharge: 1.0
