cost_values:
  wind_capex: 5000.0
  wind_opex: 100
  wind_lifetime: 20
  solar_capex: 1000.0
  solar_opex: 10
  solar_lifetime: 20
  carbon_price: 1.0
timeseries_values:
  load_level: 253799.36508544514
  wind_year: 2013
  solar_year: 2014
  price_year: 2023
  carbon_year: 2023
storage_values:
  CAES:
    cost: 39.6259
    lifetime: 24.6186
    annual_cost: 1.609591934553549
    efficiency: 0.620938
    discharge_ratio: 0.1
    depth_of_discharge: 0.4
  Li-ion:
    cost: 133.725
    lifetime: 17.1378
    annual_cost: 7.802926863424711
    efficiency: 0.880066
    discharge_ratio: 2
    depth_of_discharge: 0.9
  Pb-acid:
    cost: 136.602
    lifetime: 16.4744
    annual_cost: 8.291773903753704
    efficiency: 0.755838
    discharge_ratio: 5
    depth_of_discharge: 0.5
  VRBF:
    cost: 203.045
    lifetime: 27.1762
    annual_cost: 7.471427204686453
    efficiency: 0.785158
    discharge_ratio: 0.5
    depth_of_discharge: 1.0
