cost_values:
  wind_capex: 5000.0
  wind_opex: 100
  wind_lifetime: 20
  solar_capex: 1000.0
  solar_opex: 10
  solar_lifetime: 20
  carbon_price: 1.0
timeseries_values:
  load_level: 253799.36508544514
  wind_year: 2013
  solar_year: 2014
  price_year: 2023
  carbon_year: 2023
storage_values:
  CAES:
    cost: 45.7773
    lifetime: 25.1905
    annual_cost: 1.8172445961771302
    efficiency: 0.620325
    discharge_ratio: 0.1
    depth_of_discharge: 0.4
  Li-ion:
    cost: 154.414
    lifetime: 13.3266
    annual_cost: 11.586901385199525
    efficiency: 0.903399
    discharge_ratio: 2
    depth_of_discharge: 0.9
  Pb-acid:
    cost: 136.948
    lifetime: 16.4649
    annual_cost: 8.317572533085533
    efficiency: 0.765912
    discharge_ratio: 5
    depth_of_discharge: 0.5
  VRBF:
    cost: 278.255
    lifetime: 25.963
    annual_cost: 10.717367022300966
    efficiency: 0.779738
    discharge_ratio: 0.5
    depth_of_discharge: 1.0
