cost_values:
  wind_capex: 5000.0
  wind_opex: 100
  wind_lifetime: 20
  solar_capex: 1000.0
  solar_opex: 10
  solar_lifetime: 20
  carbon_price: 1.0
timeseries_values:
  load_level: 253799.36508544514
  wind_year: 2013
  solar_year: 2014
  price_year: 2023
  carbon_year: 2023
storage_values:
  CAES:
    cost: 35.3301
    lifetime: 24.8656
    annual_cost: 1.4208424490058555
    efficiency: 0.625981
    discharge_ratio: 0.1
    depth_of_discharge: 0.4
  Li-ion:
    cost: 151.347
    lifetime: 14.89
    annual_cost: 10.16433848220282
    efficiency: 0.897017
    discharge_ratio: 2
    depth_of_discharge: 0.9
  Pb-acid:
    cost: 140.312
    lifetime: 17.3574
    annual_cost: 8.083699171534908
    efficiency: 0.745506
    discharge_ratio: 5
    depth_of_discharge: 0.5
  VRBF:
    cost: 266.859
    lifetime: 28.4785
    annual_cost: 9.370542690099548
    efficiency: 0.765414
    discharge_ratio: 0.5
    depth_of_discharge: 1.0
