cost_values:
  wind_capex: 5000.0
  wind_opex: 100
  wind_lifetime: 20
  solar_capex: 1000.0
  solar_opex: 10
  solar_lifetime: 20
  carbon_price: 1.0
timeseries_values:
  load_level: 253799.36508544514
  wind_year: 2013
  solar_year: 2014
  price_year: 2023
  carbon_year: 2023
storage_values:
  CAES:
    cost: 47.7301
    lifetime: 24.5226
    annual_cost: 1.9463719181489727
    efficiency: 0.627055
    discharge_ratio: 0.1
    depth_of_discharge: 0.4
  Li-ion:
    cost: 161.69
    lifetime: 14.0134
    annual_cost: 11.538241968401671
    efficiency: 0.904057
    discharge_ratio: 2
    depth_of_discharge: 0.9
  Pb-acid:
    cost: 125.062
    lifetime: 18.4089
    annual_cost: 6.793561809776793
    efficiency: 0.768365
    discharge_ratio: 5
    depth_of_discharge: 0.5
  VRBF:
    cost: 273.394
    lifetime: 28.0895
    annual_cost: 9.732960714857866
    efficiency: 0.779389
    discharge_ratio: 0.5
    depth_of_discharge: 1.0
