cost_values:
  wind_capex: 5000.0
  wind_opex: 100
  wind_lifetime: 20
  solar_capex: 1000.0
  solar_opex: 10
  solar_lifetime: 20
  carbon_price: 1.0
timeseries_values:
  load_level: 253799.36508544514
  wind_year: 2013
  solar_year: 2014
  price_year: 2023
  carbon_year: 2023
storage_values:
  CAES:
    cost: 42.459
    lifetime: 25.4356
    annual_cost: 1.6692745600654202
    efficiency: 0.617186
    discharge_ratio: 0.1
    depth_of_discharge: 0.4
  Li-ion:
    cost: 137.06
    lifetime: 13.5774
    annual_cost: 10.094716219600217
    efficiency: 0.903599
    discharge_ratio: 2
    depth_of_discharge: 0.9
  Pb-acid:
    cost: 140.075
    lifetime: 15.6488
    annual_cost: 8.951165584581565
    efficiency: 0.754219
    discharge_ratio: 5
    depth_of_discharge: 0.5
  VRBF:
    cost: 236.489
    lifetime: 28.5028
    annual_cost: 8.29704450089114
    efficiency: 0.763321
    discharge_ratio: 0.5
    depth_of_discharge: 1.0
