cost_values:
  wind_capex: 5000.0
  wind_opex: 100
  wind_lifetime: 20
  solar_capex: 1000.0
  solar_opex: 10
  solar_lifetime: 20
  carbon_price: 1.0
timeseries_values:
  load_level: 253799.36508544514
  wind_year: 2013
  solar_year: 2014
  price_year: 2023
  carbon_year: 2023
storage_values:
  CAES:
    cost: 52.2329
    lifetime: 25.3423
    annual_cost: 2.0610954806785493
    efficiency: 0.61436
    discharge_ratio: 0.1
    depth_of_discharge: 0.4
  Li-ion:
    cost: 152.987
    lifetime: 17.2546
    annual_cost: 8.86644720828069
    efficiency: 0.890029
    discharge_ratio: 2
    depth_of_discharge: 0.9
  Pb-acid:
    cost: 103.629
    lifetime: 14.4785
    annual_cost: 7.157440342576924
    efficiency: 0.764961
    discharge_ratio: 5
    depth_of_discharge: 0.5
  VRBF:
    cost: 257.448
    lifetime: 28.54
    annual_cost: 9.020602662929221
    efficiency: 0.758393
    discharge_ratio: 0.5
    depth_of_discharge: 1.0
