cost_values:
  wind_capex: 5000.0
  wind_opex: 100
  wind_lifetime: 20
  solar_capex: 1000.0
  solar_opex: 10
  solar_lifetime: 20
  carbon_price: 1.0
timeseries_values:
  load_level: 253799.36508544514
  wind_year: 2013
  solar_year: 2014
  price_year: 2023
  carbon_year: 2023
storage_values:
  CAES:
    cost: 42.3876
    lifetime: 24.7522
    annual_cost: 1.7124780827562802
    efficiency: 0.623363
    discharge_ratio: 0.1
    depth_of_discharge: 0.4
  Li-ion:
    cost: 139.163
    lifetime: 13.4546
    annual_cost: 10.343154014240485
    efficiency: 0.90216
    discharge_ratio: 2
    depth_of_discharge: 0.9
  Pb-acid:
    cost: 125.182
    lifetime: 15.5862
    annual_cost: 8.031592049377013
    efficiency: 0.765112
    discharge_ratio: 5
    depth_of_discharge: 0.5
  VRBF:
    cost: 262.187
    lifetime: 26.2491
    annual_cost: 9.98841865054421
    efficiency: 0.765149
    discharge_ratio: 0.5
    depth_of_discharge: 1.0
