cost_values:
  wind_capex: 5000.0
  wind_opex: 100
  wind_lifetime: 20
  solar_capex: 1000.0
  solar_opex: 10
  solar_lifetime: 20
  carbon_price: 1.0
timeseries_values:
  load_level: 253799.36508544514
  wind_year: 2013
  solar_year: 2014
  price_year: 2023
  carbon_year: 2023
storage_values:
  CAES:
    cost: 38.4928
    lifetime: 25.7697
    annual_cost: 1.4937232486214431
    efficiency: 0.63159
    discharge_ratio: 0.1
    depth_of_discharge: 0.4
  Li-ion:
    cost: 152.428
    lifetime: 15.4051
    annual_cost: 9.894645279809934
    efficiency: 0.903222
    discharge_ratio: 2
    depth_of_discharge: 0.9
  Pb-acid:
    cost: 141.574
    lifetime: 16.0892
    annual_cost: 8.799318797702806
    efficiency: 0.748974
    discharge_ratio: 5
    depth_of_discharge: 0.5
  VRBF:
    cost: 257.631
    lifetime: 29.0086
    annual_cost: 8.881193852857427
    efficiency: 0.770251
    discharge_ratio: 0.5
    depth_of_discharge: 1.0
