cost_values:
  wind_capex: 5000.0
  wind_opex: 100
  wind_lifetime: 20
  solar_capex: 1000.0
  solar_opex: 10
  solar_lifetime: 20
  carbon_price: 1.0
timeseries_values:
  load_level: 253799.36508544514
  wind_year: 2013
  solar_year: 2014
  price_year: 2023
  carbon_year: 2023
storage_values:
  CAES:
    cost: 42.3625
    lifetime: 24.9797
    annual_cost: 1.6958770521663589
    efficiency: 0.610116
    discharge_ratio: 0.1
    depth_of_discharge: 0.4
  Li-ion:
    cost: 163.348
    lifetime: 14.6465
    annual_cost: 11.152698596934423
    efficiency: 0.904938
    discharge_ratio: 2
    depth_of_discharge: 0.9
  Pb-acid:
    cost: 127.674
    lifetime: 16.3694
    annual_cost: 7.799552824171932
    efficiency: 0.741664
    discharge_ratio: 5
    depth_of_discharge: 0.5
  VRBF:
    cost: 263.505
    lifetime: 27.0787
    annual_cost: 9.731080147865296
    efficiency: 0.780077
    discharge_ratio: 0.5
    depth_of_discharge: 1.0
