cost_values:
  wind_capex: 5000.0
  wind_opex: 100
  wind_lifetime: 20
  solar_capex: 1000.0
  solar_opex: 10
  solar_lifetime: 20
  carbon_price: 1.0
timeseries_values:
  load_level: 253799.36508544514
  wind_year: 2013
  solar_year: 2014
  price_year: 2023
  carbon_year: 2023
storage_values:
  CAES:
    cost: 43.9463
    lifetime: 25.9407
    annual_cost: 1.6941061729251716
    efficiency: 0.611232
    discharge_ratio: 0.1
    depth_of_discharge: 0.4
  Li-ion:
    cost: 155.478
    lifetime: 14.0245
    annual_cost: 11.086170629968983
    efficiency: 0.889699
    discharge_ratio: 2
    depth_of_discharge: 0.9
  Pb-acid:
    cost: 132.586
    lifetime: 16.7902
    annual_cost: 7.896630177127135
    efficiency: 0.740884
    discharge_ratio: 5
    depth_of_discharge: 0.5
  VRBF:
    cost: 256.31
    lifetime: 27.0599
    annual_cost: 9.471949268105204
    efficiency: 0.777174
    discharge_ratio: 0.5
    depth_of_discharge: 1.0
