cost_values:
  wind_capex: 5000.0
  wind_opex: 100
  wind_lifetime: 20
  solar_capex: 1000.0
  solar_opex: 10
  solar_lifetime: 20
  carbon_price: 1.0
timeseries_values:
  load_level: 253799.36508544514
  wind_year: 2013
  solar_year: 2014
  price_year: 2023
  carbon_year: 2023
storage_values:
  CAES:
    cost: 52.9618
    lifetime: 25.4585
    annual_cost: 2.0803189504487696
    efficiency: 0.602416
    discharge_ratio: 0.1
    depth_of_discharge: 0.4
  Li-ion:
    cost: 177.057
    lifetime: 15.7441
    annual_cost: 11.245927045686955
    efficiency: 0.908438
    discharge_ratio: 2
    depth_of_discharge: 0.9
  Pb-acid:
    cost: 122.556
    lifetime: 16.7085
    annual_cost: 7.3349492773139415
    efficiency: 0.741663
    discharge_ratio: 5
    depth_of_discharge: 0.5
  VRBF:
    cost: 284.063
    lifetime: 26.2885
    annual_cost: 10.805599406584628
    efficiency: 0.761225
    discharge_ratio: 0.5
    depth_of_discharge: 1.0
