cost_values:
  wind_capex: 5000.0
  wind_opex: 100
  wind_lifetime: 20
  solar_capex: 1000.0
  solar_opex: 10
  solar_lifetime: 20
  carbon_price: 1.0
timeseries_values:
  load_level: 253799.36508544514
  wind_year: 2013
  solar_year: 2014
  price_year: 2023
  carbon_year: 2023
storage_values:
  CAES:
    cost: 38.1186
    lifetime: 24.6973
    annual_cost: 1.5434318731197338
    efficiency: 0.609755
    discharge_ratio: 0.1
    depth_of_discharge: 0.4
  Li-ion:
    cost: 155.732
    lifetime: 12.9651
    annual_cost: 12.01163122536656
    efficiency: 0.894383
    discharge_ratio: 2
    depth_of_discharge: 0.9
  Pb-acid:
    cost: 138.154
    lifetime: 17.2527
    annual_cost: 8.007674161145792
    efficiency: 0.759933
    discharge_ratio: 5
    depth_of_discharge: 0.5
  VRBF:
    cost: 265.05
    lifetime: 28.6285
    annual_cost: 9.258256632376828
    efficiency: 0.763786
    discharge_ratio: 0.5
    depth_of_discharge: 1.0
