cost_values:
  wind_capex: 5000.0
  wind_opex: 100
  wind_lifetime: 20
  solar_capex: 1000.0
  solar_opex: 10
  solar_lifetime: 20
  carbon_price: 1.0
timeseries_values:
  load_level: 253799.36508544514
  wind_year: 2013
  solar_year: 2014
  price_year: 2023
  carbon_year: 2023
storage_values:
  CAES:
    cost: 41.6691
    lifetime: 24.5778
    annual_cost: 1.6953958450308815
    efficiency: 0.618668
    discharge_ratio: 0.1
    depth_of_discharge: 0.4
  Li-ion:
    cost: 150.635
    lifetime: 15.5017
    annual_cost: 9.717321326048111
    efficiency: 0.905327
    discharge_ratio: 2
    depth_of_discharge: 0.9
  Pb-acid:
    cost: 120.632
    lifetime: 15.7571
    annual_cost: 7.655723451650368
    efficiency: 0.759291
    discharge_ratio: 5
    depth_of_discharge: 0.5
  VRBF:
    cost: 251.541
    lifetime: 27.729
    annual_cost: 9.071405387861084
    efficiency: 0.769969
    discharge_ratio: 0.5
    depth_of_discharge: 1.0
