cost_values:
  wind_capex: 5000.0
  wind_opex: 100
  wind_lifetime: 20
  solar_capex: 1000.0
  solar_opex: 10
  solar_lifetime: 20
  carbon_price: 1.0
timeseries_values:
  load_level: 253799.36508544514
  wind_year: 2013
  solar_year: 2014
  price_year: 2023
  carbon_year: 2023
storage_values:
  CAES:
    cost: 41.9866
    lifetime: 25.4643
    annual_cost: 1.648841711729755
    efficiency: 0.622499
    discharge_ratio: 0.1
    depth_of_discharge: 0.4
  Li-ion:
    cost: 169.429
    lifetime: 14.271
    annual_cost: 11.872258426178965
    efficiency: 0.91688
    discharge_ratio: 2
    depth_of_discharge: 0.9
  Pb-acid:
    cost: 132.519
    lifetime: 17.0118
    annual_cost: 7.7898282368708776
    efficiency: 0.760266
    discharge_ratio: 5
    depth_of_discharge: 0.5
  VRBF:
    cost: 248.205
    lifetime: 26.8761
    annual_cost: 9.235156886601851
    efficiency: 0.78691
    discharge_ratio: 0.5
    depth_of_discharge: 1.0
