cost_values:
  wind_capex: 5000.0
  wind_opex: 100
  wind_lifetime: 20
  solar_capex: 1000.0
  solar_opex: 10
  solar_lifetime: 20
  carbon_price: 1.0
timeseries_values:
  load_level: 253799.36508544514
  wind_year: 2013
  solar_year: 2014
  price_year: 2023
  carbon_year: 2023
storage_values:
  CAES:
    cost: 46.2371
    lifetime: 24.6153
    annual_cost: 1.8783886444609652
    efficiency: 0.609615
    discharge_ratio: 0.1
    depth_of_discharge: 0.4
  Li-ion:
    cost: 179.076
    lifetime: 15.4361
    annual_cost: 11.60111686241991
    efficiency: 0.910363
    discharge_ratio: 2
    depth_of_discharge: 0.9
  Pb-acid:
    cost: 120.56
    lifetime: 15.0766
    annual_cost: 7.996497884138334
    efficiency: 0.762589
    discharge_ratio: 5
    depth_of_discharge: 0.5
  VRBF:
    cost: 266.524
    lifetime: 29.2252
    annual_cost: 9.119663851744384
    efficiency: 0.790393
    discharge_ratio: 0.5
    depth_of_discharge: 1.0
