cost_values:
  wind_capex: 5000.0
  wind_opex: 100
  wind_lifetime: 20
  solar_capex: 1000.0
  solar_opex: 10
  solar_lifetime: 20
  carbon_price: 1.0
timeseries_values:
  load_level: 253799.36508544514
  wind_year: 2013
  solar_year: 2014
  price_year: 2023
  carbon_year: 2023
storage_values:
  CAES:
    cost: 38.3621
    lifetime: 25.4709
    annual_cost: 1.5061148212273614
    efficiency: 0.622108
    discharge_ratio: 0.1
    depth_of_discharge: 0.4
  Li-ion:
    cost: 160.11
    lifetime: 18.3239
    annual_cost: 8.737768706443498
    efficiency: 0.888415
    discharge_ratio: 2
    depth_of_discharge: 0.9
  Pb-acid:
    cost: 119.088
    lifetime: 16.4604
    annual_cost: 7.234818108915944
    efficiency: 0.757726
    discharge_ratio: 5
    depth_of_discharge: 0.5
  VRBF:
    cost: 287.215
    lifetime: 25.4847
    annual_cost: 11.270095390567674
    efficiency: 0.791144
    discharge_ratio: 0.5
    depth_of_discharge: 1.0
