cost_values:
  wind_capex: 5000.0
  wind_opex: 100
  wind_lifetime: 20
  solar_capex: 1000.0
  solar_opex: 10
  solar_lifetime: 20
  carbon_price: 1.0
timeseries_values:
  load_level: 253799.36508544514
  wind_year: 2013
  solar_year: 2014
  price_year: 2023
  carbon_year: 2023
storage_values:
  CAES:
    cost: 45.6673
    lifetime: 26.3893
    annual_cost: 1.7305233560571898
    efficiency: 0.62161
    discharge_ratio: 0.1
    depth_of_discharge: 0.4
  Li-ion:
    cost: 148.601
    lifetime: 15.1341
    annual_cost: 9.818951903317673
    efficiency: 0.901088
    discharge_ratio: 2
    depth_of_discharge: 0.9
  Pb-acid:
    cost: 125.195
    lifetime: 15.1346
    annual_cost: 8.272104977997435
    efficiency: 0.739067
    discharge_ratio: 5
    depth_of_discharge: 0.5
  VRBF:
    cost: 209.484
    lifetime: 26.9555
    annual_cost: 7.771475209140991
    efficiency: 0.792389
    discharge_ratio: 0.5
    depth_of_discharge: 1.0
