cost_values:
  wind_capex: 5000.0
  wind_opex: 100
  wind_lifetime: 20
  solar_capex: 1000.0
  solar_opex: 10
  solar_lifetime: 20
  carbon_price: 1.0
timeseries_values:
  load_level: 253799.36508544514
  wind_year: 2013
  solar_year: 2014
  price_year: 2023
  carbon_year: 2023
storage_values:
  CAES:
    cost: 41.7336
    lifetime: 23.7758
    annual_cost: 1.755297403241952
    efficiency: 0.61599
    discharge_ratio: 0.1
    depth_of_discharge: 0.4
  Li-ion:
    cost: 152.961
    lifetime: 14.6515
    annual_cost: 10.43995495341774
    efficiency: 0.8892
    discharge_ratio: 2
    depth_of_discharge: 0.9
  Pb-acid:
    cost: 108.246
    lifetime: 14.255
    annual_cost: 7.593546124166958
    efficiency: 0.764394
    discharge_ratio: 5
    depth_of_discharge: 0.5
  VRBF:
    cost: 243.546
    lifetime: 26.4501
    annual_cost: 9.207753467850782
    efficiency: 0.794403
    discharge_ratio: 0.5
    depth_of_discharge: 1.0
