cost_values:
  wind_capex: 5000.0
  wind_opex: 100
  wind_lifetime: 20
  solar_capex: 1000.0
  solar_opex: 10
  solar_lifetime: 20
  carbon_price: 1.0
timeseries_values:
  load_level: 253799.36508544514
  wind_year: 2013
  solar_year: 2014
  price_year: 2023
  carbon_year: 2023
storage_values:
  CAES:
    cost: 46.7398
    lifetime: 24.1832
    annual_cost: 1.932738429984452
    efficiency: 0.618875
    discharge_ratio: 0.1
    depth_of_discharge: 0.4
  Li-ion:
    cost: 151.514
    lifetime: 13.9641
    annual_cost: 10.85025171690263
    efficiency: 0.90419
    discharge_ratio: 2
    depth_of_discharge: 0.9
  Pb-acid:
    cost: 136.706
    lifetime: 17.2485
    annual_cost: 7.925674696350407
    efficiency: 0.766273
    discharge_ratio: 5
    depth_of_discharge: 0.5
  VRBF:
    cost: 272.295
    lifetime: 28.8262
    annual_cost: 9.446094178212876
    efficiency: 0.783158
    discharge_ratio: 0.5
    depth_of_discharge: 1.0
