cost_values:
  wind_capex: 5000.0
  wind_opex: 100
  wind_lifetime: 20
  solar_capex: 1000.0
  solar_opex: 10
  solar_lifetime: 20
  carbon_price: 1.0
timeseries_values:
  load_level: 253799.36508544514
  wind_year: 2013
  solar_year: 2014
  price_year: 2023
  carbon_year: 2023
storage_values:
  CAES:
    cost: 41.7367
    lifetime: 24.6497
    annual_cost: 1.6931930206047132
    efficiency: 0.627329
    discharge_ratio: 0.1
    depth_of_discharge: 0.4
  Li-ion:
    cost: 180.327
    lifetime: 16.7666
    annual_cost: 10.755132227165912
    efficiency: 0.896871
    discharge_ratio: 2
    depth_of_discharge: 0.9
  Pb-acid:
    cost: 117.691
    lifetime: 17.3627
    annual_cost: 6.778381242548682
    efficiency: 0.752684
    discharge_ratio: 5
    depth_of_discharge: 0.5
  VRBF:
    cost: 249.145
    lifetime: 27.1127
    annual_cost: 9.189236040674666
    efficiency: 0.782413
    discharge_ratio: 0.5
    depth_of_discharge: 1.0
