cost_values:
  wind_capex: 5000.0
  wind_opex: 100
  wind_lifetime: 20
  solar_capex: 1000.0
  solar_opex: 10
  solar_lifetime: 20
  carbon_price: 1.0
timeseries_values:
  load_level: 253799.36508544514
  wind_year: 2013
  solar_year: 2014
  price_year: 2023
  carbon_year: 2023
storage_values:
  CAES:
    cost: 36.8346
    lifetime: 24.3022
    annual_cost: 1.5156899375365194
    efficiency: 0.615349
    discharge_ratio: 0.1
    depth_of_discharge: 0.4
  Li-ion:
    cost: 160.796
    lifetime: 14.755
    annual_cost: 10.897729583192136
    efficiency: 0.887183
    discharge_ratio: 2
    depth_of_discharge: 0.9
  Pb-acid:
    cost: 112.2
    lifetime: 15.0235
    annual_cost: 7.468299663859953
    efficiency: 0.752148
    discharge_ratio: 5
    depth_of_discharge: 0.5
  VRBF:
    cost: 259.407
    lifetime: 27.7251
    annual_cost: 9.356395468366209
    efficiency: 0.765973
    discharge_ratio: 0.5
    depth_of_discharge: 1.0
