cost_values:
  wind_capex: 5000.0
  wind_opex: 100
  wind_lifetime: 20
  solar_capex: 1000.0
  solar_opex: 10
  solar_lifetime: 20
  carbon_price: 1.0
timeseries_values:
  load_level: 253799.36508544514
  wind_year: 2013
  solar_year: 2014
  price_year: 2023
  carbon_year: 2023
storage_values:
  CAES:
    cost: 36.3955
    lifetime: 25.6682
    annual_cost: 1.4179217864906772
    efficiency: 0.605266
    discharge_ratio: 0.1
    depth_of_discharge: 0.4
  Li-ion:
    cost: 143.873
    lifetime: 15.1207
    annual_cost: 9.514969545060744
    efficiency: 0.902472
    discharge_ratio: 2
    depth_of_discharge: 0.9
  Pb-acid:
    cost: 118.911
    lifetime: 15.7557
    annual_cost: 7.547173403910966
    efficiency: 0.754459
    discharge_ratio: 5
    depth_of_discharge: 0.5
  VRBF:
    cost: 270.924
    lifetime: 27.0847
    annual_cost: 10.00284293346428
    efficiency: 0.765179
    discharge_ratio: 0.5
    depth_of_discharge: 1.0
