cost_values:
  wind_capex: 5000.0
  wind_opex: 100
  wind_lifetime: 20
  solar_capex: 1000.0
  solar_opex: 10
  solar_lifetime: 20
  carbon_price: 1.0
timeseries_values:
  load_level: 253799.36508544514
  wind_year: 2013
  solar_year: 2014
  price_year: 2023
  carbon_year: 2023
storage_values:
  CAES:
    cost: 48.7206
    lifetime: 22.9949
    annual_cost: 2.118756767805035
    efficiency: 0.622356
    discharge_ratio: 0.1
    depth_of_discharge: 0.4
  Li-ion:
    cost: 131.465
    lifetime: 14.2093
    annual_cost: 9.252039157453217
    efficiency: 0.904619
    discharge_ratio: 2
    depth_of_discharge: 0.9
  Pb-acid:
    cost: 120.327
    lifetime: 16.6538
    annual_cost: 7.225197852742316
    efficiency: 0.762089
    discharge_ratio: 5
    depth_of_discharge: 0.5
  VRBF:
    cost: 281.349
    lifetime: 25.165
    annual_cost: 11.180170872243195
    efficiency: 0.777854
    discharge_ratio: 0.5
    depth_of_discharge: 1.0
