cost_values:
  wind_capex: 5000.0
  wind_opex: 100
  wind_lifetime: 20
  solar_capex: 1000.0
  solar_opex: 10
  solar_lifetime: 20
  carbon_price: 1.0
timeseries_values:
  load_level: 253799.36508544514
  wind_year: 2013
  solar_year: 2014
  price_year: 2023
  carbon_year: 2023
storage_values:
  CAES:
    cost: 42.9066
    lifetime: 24.5673
    annual_cost: 1.746492288529875
    efficiency: 0.621369
    discharge_ratio: 0.1
    depth_of_discharge: 0.4
  Li-ion:
    cost: 176.731
    lifetime: 13.524
    annual_cost: 13.067953268263828
    efficiency: 0.90054
    discharge_ratio: 2
    depth_of_discharge: 0.9
  Pb-acid:
    cost: 134.237
    lifetime: 16.6311
    annual_cost: 8.071444462482939
    efficiency: 0.759698
    discharge_ratio: 5
    depth_of_discharge: 0.5
  VRBF:
    cost: 259.453
    lifetime: 29.6912
    annual_cost: 8.738380395538071
    efficiency: 0.758034
    discharge_ratio: 0.5
    depth_of_discharge: 1.0
