cost_values:
  wind_capex: 5000.0
  wind_opex: 100
  wind_lifetime: 20
  solar_capex: 1000.0
  solar_opex: 10
  solar_lifetime: 20
  carbon_price: 1.0
timeseries_values:
  load_level: 253799.36508544514
  wind_year: 2013
  solar_year: 2014
  price_year: 2023
  carbon_year: 2023
storage_values:
  CAES:
    cost: 37.0032
    lifetime: 27.0006
    annual_cost: 1.3704584342570165
    efficiency: 0.626877
    discharge_ratio: 0.1
    depth_of_discharge: 0.4
  Li-ion:
    cost: 145.855
    lifetime: 15.6351
    annual_cost: 9.328689934826128
    efficiency: 0.899105
    discharge_ratio: 2
    depth_of_discharge: 0.9
  Pb-acid:
    cost: 123.167
    lifetime: 17.0875
    annual_cost: 7.20801755669349
    efficiency: 0.759252
    discharge_ratio: 5
    depth_of_discharge: 0.5
  VRBF:
    cost: 239.273
    lifetime: 25.87
    annual_cost: 9.249052957093157
    efficiency: 0.772901
    discharge_ratio: 0.5
    depth_of_discharge: 1.0
