cost_values:
  wind_capex: 5000.0
  wind_opex: 100
  wind_lifetime: 20
  solar_capex: 1000.0
  solar_opex: 10
  solar_lifetime: 20
  carbon_price: 1.0
timeseries_values:
  load_level: 253799.36508544514
  wind_year: 2013
  solar_year: 2014
  price_year: 2023
  carbon_year: 2023
storage_values:
  CAES:
    cost: 50.6837
    lifetime: 25.1963
    annual_cost: 2.011553283617039
    efficiency: 0.620647
    discharge_ratio: 0.1
    depth_of_discharge: 0.4
  Li-ion:
    cost: 163.483
    lifetime: 12.8813
    annual_cost: 12.691498528875192
    efficiency: 0.895822
    discharge_ratio: 2
    depth_of_discharge: 0.9
  Pb-acid:
    cost: 147.303
    lifetime: 17.9672
    annual_cost: 8.198439378422904
    efficiency: 0.764621
    discharge_ratio: 5
    depth_of_discharge: 0.5
  VRBF:
    cost: 290.689
    lifetime: 27.9097
    annual_cost: 10.415339469790073
    efficiency: 0.771205
    discharge_ratio: 0.5
    depth_of_discharge: 1.0
