cost_values:
  wind_capex: 5000.0
  wind_opex: 100
  wind_lifetime: 20
  solar_capex: 1000.0
  solar_opex: 10
  solar_lifetime: 20
  carbon_price: 1.0
timeseries_values:
  load_level: 253799.36508544514
  wind_year: 2013
  solar_year: 2014
  price_year: 2023
  carbon_year: 2023
storage_values:
  CAES:
    cost: 36.2692
    lifetime: 24.1519
    annual_cost: 1.5017120806230564
    efficiency: 0.618493
    discharge_ratio: 0.1
    depth_of_discharge: 0.4
  Li-ion:
    cost: 167.895
    lifetime: 14.1837
    annual_cost: 11.837179297362466
    efficiency: 0.892265
    discharge_ratio: 2
    depth_of_discharge: 0.9
  Pb-acid:
    cost: 133.5
    lifetime: 15.3915
    annual_cost: 8.673618555696326
    efficiency: 0.742173
    discharge_ratio: 5
    depth_of_discharge: 0.5
  VRBF:
    cost: 273.213
    lifetime: 27.3409
    annual_cost: 9.992831252811722
    efficiency: 0.776987
    discharge_ratio: 0.5
    depth_of_discharge: 1.0
