cost_values:
  wind_capex: 5000.0
  wind_opex: 100
  wind_lifetime: 20
  solar_capex: 1000.0
  solar_opex: 10
  solar_lifetime: 20
  carbon_price: 1.0
timeseries_values:
  load_level: 253799.36508544514
  wind_year: 2013
  solar_year: 2014
  price_year: 2023
  carbon_year: 2023
storage_values:
  CAES:
    cost: 40.441
    lifetime: 24.7195
    annual_cost: 1.6359958737029472
    efficiency: 0.619836
    discharge_ratio: 0.1
    depth_of_discharge: 0.4
  Li-ion:
    cost: 162.537
    lifetime: 14.5659
    annual_cost: 11.158733754865818
    efficiency: 0.901341
    discharge_ratio: 2
    depth_of_discharge: 0.9
  Pb-acid:
    cost: 131.018
    lifetime: 15.5062
    annual_cost: 8.449394435774078
    efficiency: 0.760035
    discharge_ratio: 5
    depth_of_discharge: 0.5
  VRBF:
    cost: 264.193
    lifetime: 27.8017
    annual_cost: 9.502764219454205
    efficiency: 0.784984
    discharge_ratio: 0.5
    depth_of_discharge: 1.0
