cost_values:
  wind_capex: 5000.0
  wind_opex: 100
  wind_lifetime: 20
  solar_capex: 1000.0
  solar_opex: 10
  solar_lifetime: 20
  carbon_price: 1.0
timeseries_values:
  load_level: 253799.36508544514
  wind_year: 2013
  solar_year: 2014
  price_year: 2023
  carbon_year: 2023
storage_values:
  CAES:
    cost: 41.563
    lifetime: 24.4814
    annual_cost: 1.6977378744679634
    efficiency: 0.616374
    discharge_ratio: 0.1
    depth_of_discharge: 0.4
  Li-ion:
    cost: 166.439
    lifetime: 15.9794
    annual_cost: 10.415847904176626
    efficiency: 0.88917
    discharge_ratio: 2
    depth_of_discharge: 0.9
  Pb-acid:
    cost: 140.493
    lifetime: 16.947
    annual_cost: 8.290139847760665
    efficiency: 0.770017
    discharge_ratio: 5
    depth_of_discharge: 0.5
  VRBF:
    cost: 250.897
    lifetime: 26.6507
    annual_cost: 9.41427429673517
    efficiency: 0.776852
    discharge_ratio: 0.5
    depth_of_discharge: 1.0
