cost_values:
  wind_capex: 5000.0
  wind_opex: 100
  wind_lifetime: 20
  solar_capex: 1000.0
  solar_opex: 10
  solar_lifetime: 20
  carbon_price: 1.0
timeseries_values:
  load_level: 253799.36508544514
  wind_year: 2013
  solar_year: 2014
  price_year: 2023
  carbon_year: 2023
storage_values:
  CAES:
    cost: 35.2117
    lifetime: 24.2297
    annual_cost: 1.4532453971778436
    efficiency: 0.625578
    discharge_ratio: 0.1
    depth_of_discharge: 0.4
  Li-ion:
    cost: 133.143
    lifetime: 14.9964
    annual_cost: 8.878330799391854
    efficiency: 0.887697
    discharge_ratio: 2
    depth_of_discharge: 0.9
  Pb-acid:
    cost: 131.717
    lifetime: 14.754
    annual_cost: 8.927545072522706
    efficiency: 0.752727
    discharge_ratio: 5
    depth_of_discharge: 0.5
  VRBF:
    cost: 251.925
    lifetime: 27.7256
    annual_cost: 9.086367833338143
    efficiency: 0.786033
    discharge_ratio: 0.5
    depth_of_discharge: 1.0
