cost_values:
  wind_capex: 5000.0
  wind_opex: 100
  wind_lifetime: 20
  solar_capex: 1000.0
  solar_opex: 10
  solar_lifetime: 20
  carbon_price: 1.0
timeseries_values:
  load_level: 253799.36508544514
  wind_year: 2013
  solar_year: 2014
  price_year: 2023
  carbon_year: 2023
storage_values:
  CAES:
    cost: 46.7914
    lifetime: 25.5681
    annual_cost: 1.8300695006668466
    efficiency: 0.617087
    discharge_ratio: 0.1
    depth_of_discharge: 0.4
  Li-ion:
    cost: 145.493
    lifetime: 16.1888
    annual_cost: 8.987262798972129
    efficiency: 0.901424
    discharge_ratio: 2
    depth_of_discharge: 0.9
  Pb-acid:
    cost: 131.933
    lifetime: 16.944
    annual_cost: 7.786414069877242
    efficiency: 0.760041
    discharge_ratio: 5
    depth_of_discharge: 0.5
  VRBF:
    cost: 268.802
    lifetime: 26.9508
    annual_cost: 9.973804117131959
    efficiency: 0.750957
    discharge_ratio: 0.5
    depth_of_discharge: 1.0
