cost_values:
  wind_capex: 5000.0
  wind_opex: 100
  wind_lifetime: 20
  solar_capex: 1000.0
  solar_opex: 10
  solar_lifetime: 20
  carbon_price: 1.0
timeseries_values:
  load_level: 253799.36508544514
  wind_year: 2013
  solar_year: 2014
  price_year: 2023
  carbon_year: 2023
storage_values:
  CAES:
    cost: 48.2407
    lifetime: 25.2321
    annual_cost: 1.9118781235014128
    efficiency: 0.626142
    discharge_ratio: 0.1
    depth_of_discharge: 0.4
  Li-ion:
    cost: 151.358
    lifetime: 16.9751
    annual_cost: 8.91647177336216
    efficiency: 0.886043
    discharge_ratio: 2
    depth_of_discharge: 0.9
  Pb-acid:
    cost: 136.224
    lifetime: 17.2272
    annual_cost: 7.9074951239899685
    efficiency: 0.755135
    discharge_ratio: 5
    depth_of_discharge: 0.5
  VRBF:
    cost: 249.278
    lifetime: 27.3987
    annual_cost: 9.098168891224764
    efficiency: 0.770649
    discharge_ratio: 0.5
    depth_of_discharge: 1.0
