cost_values:
  wind_capex: 5000.0
  wind_opex: 100
  wind_lifetime: 20
  solar_capex: 1000.0
  solar_opex: 10
  solar_lifetime: 20
  carbon_price: 1.0
timeseries_values:
  load_level: 253799.36508544514
  wind_year: 2013
  solar_year: 2014
  price_year: 2023
  carbon_year: 2023
storage_values:
  CAES:
    cost: 46.9383
    lifetime: 24.7486
    annual_cost: 1.8966042523617497
    efficiency: 0.618324
    discharge_ratio: 0.1
    depth_of_discharge: 0.4
  Li-ion:
    cost: 151.1
    lifetime: 14.2592
    annual_cost: 10.596667414721724
    efficiency: 0.906665
    discharge_ratio: 2
    depth_of_discharge: 0.9
  Pb-acid:
    cost: 121.064
    lifetime: 17.309
    annual_cost: 6.994280432145126
    efficiency: 0.749045
    discharge_ratio: 5
    depth_of_discharge: 0.5
  VRBF:
    cost: 241.381
    lifetime: 26.6801
    annual_cost: 9.047229957908703
    efficiency: 0.789335
    discharge_ratio: 0.5
    depth_of_discharge: 1.0
