cost_values:
  wind_capex: 5000.0
  wind_opex: 100
  wind_lifetime: 20
  solar_capex: 1000.0
  solar_opex: 10
  solar_lifetime: 20
  carbon_price: 1.0
timeseries_values:
  load_level: 253799.36508544514
  wind_year: 2013
  solar_year: 2014
  price_year: 2023
  carbon_year: 2023
storage_values:
  CAES:
    cost: 41.9332
    lifetime: 25.2404
    annual_cost: 1.6613524349851825
    efficiency: 0.62551
    discharge_ratio: 0.1
    depth_of_discharge: 0.4
  Li-ion:
    cost: 153.565
    lifetime: 14.2865
    annual_cost: 10.7489588072656
    efficiency: 0.894694
    discharge_ratio: 2
    depth_of_discharge: 0.9
  Pb-acid:
    cost: 119.059
    lifetime: 18.049
    annual_cost: 6.596431935287273
    efficiency: 0.7367
    discharge_ratio: 5
    depth_of_discharge: 0.5
  VRBF:
    cost: 262.409
    lifetime: 27.6874
    annual_cost: 9.477560189833643
    efficiency: 0.768624
    discharge_ratio: 0.5
    depth_of_discharge: 1.0
