cost_values:
  wind_capex: 5000.0
  wind_opex: 100
  wind_lifetime: 20
  solar_capex: 1000.0
  solar_opex: 10
  solar_lifetime: 20
  carbon_price: 1.0
timeseries_values:
  load_level: 253799.36508544514
  wind_year: 2013
  solar_year: 2014
  price_year: 2023
  carbon_year: 2023
storage_values:
  CAES:
    cost: 39.6027
    lifetime: 25.2788
    annual_cost: 1.5666368656740035
    efficiency: 0.619064
    discharge_ratio: 0.1
    depth_of_discharge: 0.4
  Li-ion:
    cost: 150.866
    lifetime: 15.3198
    annual_cost: 9.847778691627829
    efficiency: 0.888929
    discharge_ratio: 2
    depth_of_discharge: 0.9
  Pb-acid:
    cost: 131.502
    lifetime: 16.6752
    annual_cost: 7.8860823258491655
    efficiency: 0.764174
    discharge_ratio: 5
    depth_of_discharge: 0.5
  VRBF:
    cost: 239.147
    lifetime: 26.5313
    annual_cost: 9.013768643074405
    efficiency: 0.76983
    discharge_ratio: 0.5
    depth_of_discharge: 1.0
