cost_values:
  wind_capex: 5000.0
  wind_opex: 100
  wind_lifetime: 20
  solar_capex: 1000.0
  solar_opex: 10
  solar_lifetime: 20
  carbon_price: 1.0
timeseries_values:
  load_level: 253799.36508544514
  wind_year: 2013
  solar_year: 2014
  price_year: 2023
  carbon_year: 2023
storage_values:
  CAES:
    cost: 35.9983
    lifetime: 25.224
    annual_cost: 1.4271447827465906
    efficiency: 0.613577
    discharge_ratio: 0.1
    depth_of_discharge: 0.4
  Li-ion:
    cost: 176.811
    lifetime: 14.7279
    annual_cost: 12.005173853706232
    efficiency: 0.891951
    discharge_ratio: 2
    depth_of_discharge: 0.9
  Pb-acid:
    cost: 126.378
    lifetime: 15.2293
    annual_cost: 8.298345951553912
    efficiency: 0.755825
    discharge_ratio: 5
    depth_of_discharge: 0.5
  VRBF:
    cost: 229.996
    lifetime: 27.5299
    annual_cost: 8.354407389783471
    efficiency: 0.760477
    discharge_ratio: 0.5
    depth_of_discharge: 1.0
