cost_values:
  wind_capex: 5000.0
  wind_opex: 100
  wind_lifetime: 20
  solar_capex: 1000.0
  solar_opex: 10
  solar_lifetime: 20
  carbon_price: 1.0
timeseries_values:
  load_level: 253799.36508544514
  wind_year: 2013
  solar_year: 2014
  price_year: 2023
  carbon_year: 2023
storage_values:
  CAES:
    cost: 48.2972
    lifetime: 25.2315
    annual_cost: 1.9141628519905671
    efficiency: 0.617835
    discharge_ratio: 0.1
    depth_of_discharge: 0.4
  Li-ion:
    cost: 163.084
    lifetime: 14.1995
    annual_cost: 11.485193140603542
    efficiency: 0.908231
    discharge_ratio: 2
    depth_of_discharge: 0.9
  Pb-acid:
    cost: 139.405
    lifetime: 17.6632
    annual_cost: 7.892397753521446
    efficiency: 0.750566
    discharge_ratio: 5
    depth_of_discharge: 0.5
  VRBF:
    cost: 266.52
    lifetime: 27.3853
    annual_cost: 9.732228604397248
    efficiency: 0.775743
    discharge_ratio: 0.5
    depth_of_discharge: 1.0
