cost_values:
  wind_capex: 5000.0
  wind_opex: 100
  wind_lifetime: 20
  solar_capex: 1000.0
  solar_opex: 10
  solar_lifetime: 20
  carbon_price: 1.0
timeseries_values:
  load_level: 253799.36508544514
  wind_year: 2013
  solar_year: 2014
  price_year: 2023
  carbon_year: 2023
storage_values:
  CAES:
    cost: 48.286
    lifetime: 25.3307
    annual_cost: 1.9062244628060023
    efficiency: 0.624036
    discharge_ratio: 0.1
    depth_of_discharge: 0.4
  Li-ion:
    cost: 147.427
    lifetime: 16.5808
    annual_cost: 8.891428640355109
    efficiency: 0.906112
    discharge_ratio: 2
    depth_of_discharge: 0.9
  Pb-acid:
    cost: 157.944
    lifetime: 18.2008
    annual_cost: 8.677860313832358
    efficiency: 0.744649
    discharge_ratio: 5
    depth_of_discharge: 0.5
  VRBF:
    cost: 256.247
    lifetime: 28.0635
    annual_cost: 9.130970834001461
    efficiency: 0.782926
    discharge_ratio: 0.5
    depth_of_discharge: 1.0
