cost_values:
  wind_capex: 5000.0
  wind_opex: 100
  wind_lifetime: 20
  solar_capex: 1000.0
  solar_opex: 10
  solar_lifetime: 20
  carbon_price: 1.0
timeseries_values:
  load_level: 253799.36508544514
  wind_year: 2013
  solar_year: 2014
  price_year: 2023
  carbon_year: 2023
storage_values:
  CAES:
    cost: 44.9757
    lifetime: 24.9621
    annual_cost: 1.8017594673525066
    efficiency: 0.625087
    discharge_ratio: 0.1
    depth_of_discharge: 0.4
  Li-ion:
    cost: 153.914
    lifetime: 16.3973
    annual_cost: 9.386545345880112
    efficiency: 0.891628
    discharge_ratio: 2
    depth_of_discharge: 0.9
  Pb-acid:
    cost: 143.678
    lifetime: 17.431
    annual_cost: 8.242671103206929
    efficiency: 0.759437
    discharge_ratio: 5
    depth_of_discharge: 0.5
  VRBF:
    cost: 257.389
    lifetime: 26.6782
    annual_cost: 9.64791477685901
    efficiency: 0.768377
    discharge_ratio: 0.5
    depth_of_discharge: 1.0
