cost_values:
  wind_capex: 5000.0
  wind_opex: 100
  wind_lifetime: 20
  solar_capex: 1000.0
  solar_opex: 10
  solar_lifetime: 20
  carbon_price: 1.0
timeseries_values:
  load_level: 253799.36508544514
  wind_year: 2013
  solar_year: 2014
  price_year: 2023
  carbon_year: 2023
storage_values:
  CAES:
    cost: 44.1967
    lifetime: 25.0506
    annual_cost: 1.764297062745004
    efficiency: 0.614585
    discharge_ratio: 0.1
    depth_of_discharge: 0.4
  Li-ion:
    cost: 161.433
    lifetime: 14.504
    annual_cost: 11.130239933811362
    efficiency: 0.9076
    discharge_ratio: 2
    depth_of_discharge: 0.9
  Pb-acid:
    cost: 134.116
    lifetime: 15.8348
    annual_cost: 8.469699648874633
    efficiency: 0.74877
    discharge_ratio: 5
    depth_of_discharge: 0.5
  VRBF:
    cost: 242.033
    lifetime: 29.2197
    annual_cost: 8.283213037779307
    efficiency: 0.775546
    discharge_ratio: 0.5
    depth_of_discharge: 1.0
