cost_values:
  wind_capex: 5000.0
  wind_opex: 100
  wind_lifetime: 20
  solar_capex: 1000.0
  solar_opex: 10
  solar_lifetime: 20
  carbon_price: 1.0
timeseries_values:
  load_level: 253799.36508544514
  wind_year: 2013
  solar_year: 2014
  price_year: 2023
  carbon_year: 2023
storage_values:
  CAES:
    cost: 46.0679
    lifetime: 25.9325
    annual_cost: 1.7764542562421672
    efficiency: 0.620359
    discharge_ratio: 0.1
    depth_of_discharge: 0.4
  Li-ion:
    cost: 143.284
    lifetime: 14.2466
    annual_cost: 10.05741720831637
    efficiency: 0.908398
    discharge_ratio: 2
    depth_of_discharge: 0.9
  Pb-acid:
    cost: 160.997
    lifetime: 17.2924
    annual_cost: 9.310275034119035
    efficiency: 0.747199
    discharge_ratio: 5
    depth_of_discharge: 0.5
  VRBF:
    cost: 244.573
    lifetime: 28.0836
    annual_cost: 8.70874816618952
    efficiency: 0.76352
    discharge_ratio: 0.5
    depth_of_discharge: 1.0
