cost_values:
  wind_capex: 5000.0
  wind_opex: 100
  wind_lifetime: 20
  solar_capex: 1000.0
  solar_opex: 10
  solar_lifetime: 20
  carbon_price: 1.0
timeseries_values:
  load_level: 253799.36508544514
  wind_year: 2013
  solar_year: 2014
  price_year: 2023
  carbon_year: 2023
storage_values:
  CAES:
    cost: 47.6487
    lifetime: 25.0322
    annual_cost: 1.9034962967697604
    efficiency: 0.624417
    discharge_ratio: 0.1
    depth_of_discharge: 0.4
  Li-ion:
    cost: 156.711
    lifetime: 15.3806
    annual_cost: 10.188874296191306
    efficiency: 0.880777
    discharge_ratio: 2
    depth_of_discharge: 0.9
  Pb-acid:
    cost: 130.772
    lifetime: 14.5609
    annual_cost: 8.981038259997664
    efficiency: 0.748401
    discharge_ratio: 5
    depth_of_discharge: 0.5
  VRBF:
    cost: 259.125
    lifetime: 26.7538
    annual_cost: 9.68553999805635
    efficiency: 0.777874
    discharge_ratio: 0.5
    depth_of_discharge: 1.0
