cost_values:
  wind_capex: 5000.0
  wind_opex: 100
  wind_lifetime: 20
  solar_capex: 1000.0
  solar_opex: 10
  solar_lifetime: 20
  carbon_price: 1.0
timeseries_values:
  load_level: 253799.36508544514
  wind_year: 2013
  solar_year: 2014
  price_year: 2023
  carbon_year: 2023
storage_values:
  CAES:
    cost: 42.4891
    lifetime: 25.736
    annual_cost: 1.6509597451041342
    efficiency: 0.607627
    discharge_ratio: 0.1
    depth_of_discharge: 0.4
  Li-ion:
    cost: 156.759
    lifetime: 15.8136
    annual_cost: 9.912923053574138
    efficiency: 0.89678
    discharge_ratio: 2
    depth_of_discharge: 0.9
  Pb-acid:
    cost: 120.729
    lifetime: 16.2508
    annual_cost: 7.429111182218721
    efficiency: 0.742142
    discharge_ratio: 5
    depth_of_discharge: 0.5
  VRBF:
    cost: 256.132
    lifetime: 27.3245
    annual_cost: 9.373712236271478
    efficiency: 0.781416
    discharge_ratio: 0.5
    depth_of_discharge: 1.0
