cost_values:
  wind_capex: 5000.0
  wind_opex: 100
  wind_lifetime: 20
  solar_capex: 1000.0
  solar_opex: 10
  solar_lifetime: 20
  carbon_price: 1.0
timeseries_values:
  load_level: 253799.36508544514
  wind_year: 2013
  solar_year: 2014
  price_year: 2023
  carbon_year: 2023
storage_values:
  CAES:
    cost: 41.7928
    lifetime: 24.1214
    annual_cost: 1.7326025852562454
    efficiency: 0.622386
    discharge_ratio: 0.1
    depth_of_discharge: 0.4
  Li-ion:
    cost: 176.882
    lifetime: 14.1007
    annual_cost: 12.544199933336643
    efficiency: 0.88998
    discharge_ratio: 2
    depth_of_discharge: 0.9
  Pb-acid:
    cost: 115.418
    lifetime: 16.1519
    annual_cost: 7.145784706443204
    efficiency: 0.763739
    discharge_ratio: 5
    depth_of_discharge: 0.5
  VRBF:
    cost: 234.303
    lifetime: 28.3847
    annual_cost: 8.254552628704902
    efficiency: 0.773102
    discharge_ratio: 0.5
    depth_of_discharge: 1.0
