cost_values:
  wind_capex: 5000.0
  wind_opex: 100
  wind_lifetime: 20
  solar_capex: 1000.0
  solar_opex: 10
  solar_lifetime: 20
  carbon_price: 1.0
timeseries_values:
  load_level: 253799.36508544514
  wind_year: 2013
  solar_year: 2014
  price_year: 2023
  carbon_year: 2023
storage_values:
  CAES:
    cost: 38.556
    lifetime: 25.8097
    annual_cost: 1.493856960755065
    efficiency: 0.618139
    discharge_ratio: 0.1
    depth_of_discharge: 0.4
  Li-ion:
    cost: 161.9
    lifetime: 16.1045
    annual_cost: 10.05309075103232
    efficiency: 0.887924
    discharge_ratio: 2
    depth_of_discharge: 0.9
  Pb-acid:
    cost: 131.464
    lifetime: 15.5808
    annual_cost: 8.437564181556787
    efficiency: 0.765503
    discharge_ratio: 5
    depth_of_discharge: 0.5
  VRBF:
    cost: 265.525
    lifetime: 25.4162
    annual_cost: 10.447077061087022
    efficiency: 0.766138
    discharge_ratio: 0.5
    depth_of_discharge: 1.0
