cost_values:
  wind_capex: 5000.0
  wind_opex: 100
  wind_lifetime: 20
  solar_capex: 1000.0
  solar_opex: 10
  solar_lifetime: 20
  carbon_price: 1.0
timeseries_values:
  load_level: 253799.36508544514
  wind_year: 2013
  solar_year: 2014
  price_year: 2023
  carbon_year: 2023
storage_values:
  CAES:
    cost: 38.4483
    lifetime: 24.2609
    annual_cost: 1.584784571058782
    efficiency: 0.617964
    discharge_ratio: 0.1
    depth_of_discharge: 0.4
  Li-ion:
    cost: 146.642
    lifetime: 14.3042
    annual_cost: 10.251674333412565
    efficiency: 0.889667
    discharge_ratio: 2
    depth_of_discharge: 0.9
  Pb-acid:
    cost: 146.792
    lifetime: 16.2583
    annual_cost: 9.02874224242387
    efficiency: 0.751739
    discharge_ratio: 5
    depth_of_discharge: 0.5
  VRBF:
    cost: 261.613
    lifetime: 28.5339
    annual_cost: 9.168497821889051
    efficiency: 0.776573
    discharge_ratio: 0.5
    depth_of_discharge: 1.0
