cost_values:
  wind_capex: 5000.0
  wind_opex: 100
  wind_lifetime: 20
  solar_capex: 1000.0
  solar_opex: 10
  solar_lifetime: 20
  carbon_price: 1.0
timeseries_values:
  load_level: 253799.36508544514
  wind_year: 2013
  solar_year: 2014
  price_year: 2023
  carbon_year: 2023
storage_values:
  CAES:
    cost: 38.0003
    lifetime: 25.1562
    annual_cost: 1.5105739340599933
    efficiency: 0.624997
    discharge_ratio: 0.1
    depth_of_discharge: 0.4
  Li-ion:
    cost: 164.598
    lifetime: 12.8954
    annual_cost: 12.764086418412768
    efficiency: 0.9235
    discharge_ratio: 2
    depth_of_discharge: 0.9
  Pb-acid:
    cost: 129.016
    lifetime: 17.3611
    annual_cost: 7.431326356048867
    efficiency: 0.738062
    discharge_ratio: 5
    depth_of_discharge: 0.5
  VRBF:
    cost: 266.831
    lifetime: 29.4669
    annual_cost: 9.055278974035275
    efficiency: 0.774242
    discharge_ratio: 0.5
    depth_of_discharge: 1.0
