cost_values:
  wind_capex: 5000.0
  wind_opex: 100
  wind_lifetime: 20
  solar_capex: 1000.0
  solar_opex: 10
  solar_lifetime: 20
  carbon_price: 1.0
timeseries_values:
  load_level: 253799.36508544514
  wind_year: 2013
  solar_year: 2014
  price_year: 2023
  carbon_year: 2023
storage_values:
  CAES:
    cost: 41.6478
    lifetime: 24.3558
    annual_cost: 1.7099746261670732
    efficiency: 0.618569
    discharge_ratio: 0.1
    depth_of_discharge: 0.4
  Li-ion:
    cost: 172.529
    lifetime: 14.3875
    annual_cost: 11.991589921807124
    efficiency: 0.891732
    discharge_ratio: 2
    depth_of_discharge: 0.9
  Pb-acid:
    cost: 150.777
    lifetime: 16.1249
    annual_cost: 9.350569615935601
    efficiency: 0.747232
    discharge_ratio: 5
    depth_of_discharge: 0.5
  VRBF:
    cost: 264.214
    lifetime: 28.7377
    annual_cost: 9.193985600796166
    efficiency: 0.780925
    discharge_ratio: 0.5
    depth_of_discharge: 1.0
