cost_values:
  wind_capex: 5000.0
  wind_opex: 100
  wind_lifetime: 20
  solar_capex: 1000.0
  solar_opex: 10
  solar_lifetime: 20
  carbon_price: 1.0
timeseries_values:
  load_level: 253799.36508544514
  wind_year: 2013
  solar_year: 2014
  price_year: 2023
  carbon_year: 2023
storage_values:
  CAES:
    cost: 41.4101
    lifetime: 24.9396
    annual_cost: 1.6604155640026304
    efficiency: 0.626215
    discharge_ratio: 0.1
    depth_of_discharge: 0.4
  Li-ion:
    cost: 156.269
    lifetime: 18.0351
    annual_cost: 8.664714917022916
    efficiency: 0.898047
    discharge_ratio: 2
    depth_of_discharge: 0.9
  Pb-acid:
    cost: 128.451
    lifetime: 15.8197
    annual_cost: 8.119686214024286
    efficiency: 0.757855
    discharge_ratio: 5
    depth_of_discharge: 0.5
  VRBF:
    cost: 289.225
    lifetime: 27.9551
    annual_cost: 10.346054923788504
    efficiency: 0.758413
    discharge_ratio: 0.5
    depth_of_discharge: 1.0
