cost_values:
  wind_capex: 5000.0
  wind_opex: 100
  wind_lifetime: 20
  solar_capex: 1000.0
  solar_opex: 10
  solar_lifetime: 20
  carbon_price: 1.0
timeseries_values:
  load_level: 253799.36508544514
  wind_year: 2013
  solar_year: 2014
  price_year: 2023
  carbon_year: 2023
storage_values:
  CAES:
    cost: 51.5967
    lifetime: 24.8473
    annual_cost: 2.0765515770325145
    efficiency: 0.621105
    discharge_ratio: 0.1
    depth_of_discharge: 0.4
  Li-ion:
    cost: 149.839
    lifetime: 15.2153
    annual_cost: 9.847916242203572
    efficiency: 0.88973
    discharge_ratio: 2
    depth_of_discharge: 0.9
  Pb-acid:
    cost: 121.919
    lifetime: 16.8246
    annual_cost: 7.246472427279103
    efficiency: 0.757717
    discharge_ratio: 5
    depth_of_discharge: 0.5
  VRBF:
    cost: 252.17
    lifetime: 26.3486
    annual_cost: 9.570527466354948
    efficiency: 0.761214
    discharge_ratio: 0.5
    depth_of_discharge: 1.0
