cost_values:
  wind_capex: 5000.0
  wind_opex: 100
  wind_lifetime: 20
  solar_capex: 1000.0
  solar_opex: 10
  solar_lifetime: 20
  carbon_price: 1.0
timeseries_values:
  load_level: 253799.36508544514
  wind_year: 2013
  solar_year: 2014
  price_year: 2023
  carbon_year: 2023
storage_values:
  CAES:
    cost: 44.1207
    lifetime: 24.1169
    annual_cost: 1.8294515464259502
    efficiency: 0.623253
    discharge_ratio: 0.1
    depth_of_discharge: 0.4
  Li-ion:
    cost: 126.79
    lifetime: 15.4836
    annual_cost: 8.188664134955696
    efficiency: 0.894401
    discharge_ratio: 2
    depth_of_discharge: 0.9
  Pb-acid:
    cost: 107.907
    lifetime: 15.8271
    annual_cost: 6.817863032393806
    efficiency: 0.765545
    discharge_ratio: 5
    depth_of_discharge: 0.5
  VRBF:
    cost: 245.772
    lifetime: 28.1554
    annual_cost: 8.729124786009077
    efficiency: 0.776456
    discharge_ratio: 0.5
    depth_of_discharge: 1.0
