cost_values:
  wind_capex: 5000.0
  wind_opex: 100
  wind_lifetime: 20
  solar_capex: 1000.0
  solar_opex: 10
  solar_lifetime: 20
  carbon_price: 1.0
timeseries_values:
  load_level: 253799.36508544514
  wind_year: 2013
  solar_year: 2014
  price_year: 2023
  carbon_year: 2023
storage_values:
  CAES:
    cost: 40.5993
    lifetime: 24.7934
    annual_cost: 1.63750433583131
    efficiency: 0.614477
    discharge_ratio: 0.1
    depth_of_discharge: 0.4
  Li-ion:
    cost: 154.147
    lifetime: 16.0687
    annual_cost: 9.59299756669799
    efficiency: 0.887008
    discharge_ratio: 2
    depth_of_discharge: 0.9
  Pb-acid:
    cost: 118.765
    lifetime: 16.032
    annual_cost: 7.407996506986028
    efficiency: 0.744378
    discharge_ratio: 5
    depth_of_discharge: 0.5
  VRBF:
    cost: 225.136
    lifetime: 25.6222
    annual_cost: 8.786755235694047
    efficiency: 0.772719
    discharge_ratio: 0.5
    depth_of_discharge: 1.0
