cost_values:
  wind_capex: 5000.0
  wind_opex: 100
  wind_lifetime: 20
  solar_capex: 1000.0
  solar_opex: 10
  solar_lifetime: 20
  carbon_price: 1.0
timeseries_values:
  load_level: 253799.36508544514
  wind_year: 2013
  solar_year: 2014
  price_year: 2023
  carbon_year: 2023
storage_values:
  CAES:
    cost: 39.3203
    lifetime: 24.7586
    annual_cost: 1.5881471488694838
    efficiency: 0.614613
    discharge_ratio: 0.1
    depth_of_discharge: 0.4
  Li-ion:
    cost: 161.789
    lifetime: 14.4374
    annual_cost: 11.206242121157548
    efficiency: 0.896131
    discharge_ratio: 2
    depth_of_discharge: 0.9
  Pb-acid:
    cost: 141.693
    lifetime: 16.3974
    annual_cost: 8.641187017453987
    efficiency: 0.763385
    discharge_ratio: 5
    depth_of_discharge: 0.5
  VRBF:
    cost: 236.885
    lifetime: 29.7965
    annual_cost: 7.950094809793096
    efficiency: 0.77858
    discharge_ratio: 0.5
    depth_of_discharge: 1.0
