cost_values:
  wind_capex: 5000.0
  wind_opex: 100
  wind_lifetime: 20
  solar_capex: 1000.0
  solar_opex: 10
  solar_lifetime: 20
  carbon_price: 1.0
timeseries_values:
  load_level: 253799.36508544514
  wind_year: 2013
  solar_year: 2014
  price_year: 2023
  carbon_year: 2023
storage_values:
  CAES:
    cost: 39.9489
    lifetime: 24.7253
    annual_cost: 1.615709415052598
    efficiency: 0.62424
    discharge_ratio: 0.1
    depth_of_discharge: 0.4
  Li-ion:
    cost: 180.405
    lifetime: 14.4901
    annual_cost: 12.450224636130876
    efficiency: 0.897951
    discharge_ratio: 2
    depth_of_discharge: 0.9
  Pb-acid:
    cost: 131.959
    lifetime: 17.0584
    annual_cost: 7.735719645453267
    efficiency: 0.762352
    discharge_ratio: 5
    depth_of_discharge: 0.5
  VRBF:
    cost: 267.353
    lifetime: 25.5435
    annual_cost: 10.466576624190107
    efficiency: 0.759187
    discharge_ratio: 0.5
    depth_of_discharge: 1.0
