cost_values:
  wind_capex: 5000.0
  wind_opex: 100
  wind_lifetime: 20
  solar_capex: 1000.0
  solar_opex: 10
  solar_lifetime: 20
  carbon_price: 1.0
timeseries_values:
  load_level: 253799.36508544514
  wind_year: 2013
  solar_year: 2014
  price_year: 2023
  carbon_year: 2023
storage_values:
  CAES:
    cost: 34.8691
    lifetime: 24.5788
    annual_cost: 1.4186656793659578
    efficiency: 0.618849
    discharge_ratio: 0.1
    depth_of_discharge: 0.4
  Li-ion:
    cost: 153.216
    lifetime: 14.9638
    annual_cost: 10.239110386399176
    efficiency: 0.912455
    discharge_ratio: 2
    depth_of_discharge: 0.9
  Pb-acid:
    cost: 133.201
    lifetime: 17.6415
    annual_cost: 7.5504350537085845
    efficiency: 0.758091
    discharge_ratio: 5
    depth_of_discharge: 0.5
  VRBF:
    cost: 247.844
    lifetime: 25.2499
    annual_cost: 9.815642834229045
    efficiency: 0.769334
    discharge_ratio: 0.5
    depth_of_discharge: 1.0
