cost_values:
  wind_capex: 5000.0
  wind_opex: 100
  wind_lifetime: 20
  solar_capex: 1000.0
  solar_opex: 10
  solar_lifetime: 20
  carbon_price: 1.0
timeseries_values:
  load_level: 253799.36508544514
  wind_year: 2013
  solar_year: 2014
  price_year: 2023
  carbon_year: 2023
storage_values:
  CAES:
    cost: 38.6117
    lifetime: 25.8402
    annual_cost: 1.494249270516482
    efficiency: 0.628372
    discharge_ratio: 0.1
    depth_of_discharge: 0.4
  Li-ion:
    cost: 132.28
    lifetime: 16.1278
    annual_cost: 8.201986631778668
    efficiency: 0.913623
    discharge_ratio: 2
    depth_of_discharge: 0.9
  Pb-acid:
    cost: 127.943
    lifetime: 17.3958
    annual_cost: 7.354821278699456
    efficiency: 0.732689
    discharge_ratio: 5
    depth_of_discharge: 0.5
  VRBF:
    cost: 255.918
    lifetime: 29.1863
    annual_cost: 8.768429023206094
    efficiency: 0.772062
    discharge_ratio: 0.5
    depth_of_discharge: 1.0
