cost_values:
  wind_capex: 5000.0
  wind_opex: 100
  wind_lifetime: 20
  solar_capex: 1000.0
  solar_opex: 10
  solar_lifetime: 20
  carbon_price: 1.0
timeseries_values:
  load_level: 253799.36508544514
  wind_year: 2013
  solar_year: 2014
  price_year: 2023
  carbon_year: 2023
storage_values:
  CAES:
    cost: 43.9881
    lifetime: 24.4254
    annual_cost: 1.8009162593038395
    efficiency: 0.618759
    discharge_ratio: 0.1
    depth_of_discharge: 0.4
  Li-ion:
    cost: 148.879
    lifetime: 15.6015
    annual_cost: 9.542608082556164
    efficiency: 0.896949
    discharge_ratio: 2
    depth_of_discharge: 0.9
  Pb-acid:
    cost: 115.191
    lifetime: 16.8705
    annual_cost: 6.82795412109896
    efficiency: 0.736811
    discharge_ratio: 5
    depth_of_discharge: 0.5
  VRBF:
    cost: 238.407
    lifetime: 28.3464
    annual_cost: 8.410485987638642
    efficiency: 0.771489
    discharge_ratio: 0.5
    depth_of_discharge: 1.0
