cost_values:
  wind_capex: 5000.0
  wind_opex: 100
  wind_lifetime: 20
  solar_capex: 1000.0
  solar_opex: 10
  solar_lifetime: 20
  carbon_price: 1.0
timeseries_values:
  load_level: 253799.36508544514
  wind_year: 2013
  solar_year: 2014
  price_year: 2023
  carbon_year: 2023
storage_values:
  CAES:
    cost: 46.7612
    lifetime: 25.4168
    annual_cost: 1.8397752667526992
    efficiency: 0.616386
    discharge_ratio: 0.1
    depth_of_discharge: 0.4
  Li-ion:
    cost: 177.426
    lifetime: 13.1851
    annual_cost: 13.456553230540534
    efficiency: 0.90705
    discharge_ratio: 2
    depth_of_discharge: 0.9
  Pb-acid:
    cost: 135.861
    lifetime: 17.8473
    annual_cost: 7.612411961473163
    efficiency: 0.730439
    discharge_ratio: 5
    depth_of_discharge: 0.5
  VRBF:
    cost: 256.212
    lifetime: 28.3445
    annual_cost: 9.039213956852299
    efficiency: 0.742842
    discharge_ratio: 0.5
    depth_of_discharge: 1.0
