cost_values:
  wind_capex: 5000.0
  wind_opex: 100
  wind_lifetime: 20
  solar_capex: 1000.0
  solar_opex: 10
  solar_lifetime: 20
  carbon_price: 1.0
timeseries_values:
  load_level: 253799.36508544514
  wind_year: 2013
  solar_year: 2014
  price_year: 2023
  carbon_year: 2023
storage_values:
  CAES:
    cost: 40.7286
    lifetime: 26.0421
    annual_cost: 1.5639522158351284
    efficiency: 0.614867
    discharge_ratio: 0.1
    depth_of_discharge: 0.4
  Li-ion:
    cost: 172.974
    lifetime: 15.5012
    annual_cost: 11.158749000077412
    efficiency: 0.900895
    discharge_ratio: 2
    depth_of_discharge: 0.9
  Pb-acid:
    cost: 113.784
    lifetime: 13.3927
    annual_cost: 8.495971686067785
    efficiency: 0.773561
    discharge_ratio: 5
    depth_of_discharge: 0.5
  VRBF:
    cost: 273.984
    lifetime: 27.1283
    annual_cost: 10.099563924020304
    efficiency: 0.799999
    discharge_ratio: 0.5
    depth_of_discharge: 1.0
