cost_values:
  wind_capex: 5000.0
  wind_opex: 100
  wind_lifetime: 20
  solar_capex: 1000.0
  solar_opex: 10
  solar_lifetime: 20
  carbon_price: 1.0
timeseries_values:
  load_level: 253799.36508544514
  wind_year: 2013
  solar_year: 2014
  price_year: 2023
  carbon_year: 2023
storage_values:
  CAES:
    cost: 43.65
    lifetime: 25.4841
    annual_cost: 1.7128327074528822
    efficiency: 0.613185
    discharge_ratio: 0.1
    depth_of_discharge: 0.4
  Li-ion:
    cost: 177.733
    lifetime: 14.8445
    annual_cost: 11.972986628044056
    efficiency: 0.901739
    discharge_ratio: 2
    depth_of_discharge: 0.9
  Pb-acid:
    cost: 146.268
    lifetime: 16.8828
    annual_cost: 8.663728765370672
    efficiency: 0.749489
    discharge_ratio: 5
    depth_of_discharge: 0.5
  VRBF:
    cost: 252.39
    lifetime: 27.079
    annual_cost: 9.320506665681894
    efficiency: 0.783564
    discharge_ratio: 0.5
    depth_of_discharge: 1.0
