cost_values:
  wind_capex: 5000.0
  wind_opex: 100
  wind_lifetime: 20
  solar_capex: 1000.0
  solar_opex: 10
  solar_lifetime: 20
  carbon_price: 1.0
timeseries_values:
  load_level: 253799.36508544514
  wind_year: 2013
  solar_year: 2014
  price_year: 2023
  carbon_year: 2023
storage_values:
  CAES:
    cost: 44.2951
    lifetime: 25.362
    annual_cost: 1.7465144704676288
    efficiency: 0.617664
    discharge_ratio: 0.1
    depth_of_discharge: 0.4
  Li-ion:
    cost: 152.654
    lifetime: 13.6212
    annual_cost: 11.207088949578598
    efficiency: 0.895775
    discharge_ratio: 2
    depth_of_discharge: 0.9
  Pb-acid:
    cost: 113.051
    lifetime: 16.5695
    annual_cost: 6.822837140529285
    efficiency: 0.756778
    discharge_ratio: 5
    depth_of_discharge: 0.5
  VRBF:
    cost: 243.575
    lifetime: 28.1208
    annual_cost: 8.661737930642087
    efficiency: 0.774959
    discharge_ratio: 0.5
    depth_of_discharge: 1.0
