cost_values:
  wind_capex: 5000.0
  wind_opex: 100
  wind_lifetime: 20
  solar_capex: 1000.0
  solar_opex: 10
  solar_lifetime: 20
  carbon_price: 1.0
timeseries_values:
  load_level: 259980.0270870072
  wind_year: 2011
  solar_year: 2015
  price_year: 2023
  carbon_year: 2023
storage_values:
  CAES:
    cost: 36.7759174977897
    lifetime: 25.39427303299225
    annual_cost: 1.4481972943273633
    efficiency: 0.5522755901625502
    discharge_ratio: 0.1
    depth_of_discharge: 0.4
  Li-ion:
    cost: 227.90237747047922
    lifetime: 21.204190384621263
    annual_cost: 10.747987701325757
    efficiency: 0.8951650764176581
    discharge_ratio: 2
    depth_of_discharge: 0.9
  Pb-acid:
    cost: 245.30692378409984
    lifetime: 15.331386995568543
    annual_cost: 16.000308638416374
    efficiency: 0.7153358363501267
    discharge_ratio: 5
    depth_of_discharge: 0.5
  VRBF:
    cost: 273.4911787653381
    lifetime: 19.933483951976413
    annual_cost: 13.720189577709085
    efficiency: 0.8327189855817553
    discharge_ratio: 0.5
    depth_of_discharge: 1.0
