cost_values:
  wind_capex: 5000.0
  wind_opex: 100
  wind_lifetime: 20
  solar_capex: 1000.0
  solar_opex: 10
  solar_lifetime: 20
  carbon_price: 1.0
timeseries_values:
  load_level: 267740.49461463187
  wind_year: 2017
  solar_year: 2013
  price_year: 2023
  carbon_year: 2023
storage_values:
  CAES:
    cost: 75.87859309896561
    lifetime: 24.987188777571426
    annual_cost: 3.0366998774617837
    efficiency: 0.583669027231907
    discharge_ratio: 0.1
    depth_of_discharge: 0.4
  Li-ion:
    cost: 147.00212167933898
    lifetime: 14.79749572853426
    annual_cost: 9.934256740204514
    efficiency: 0.9070736517948458
    discharge_ratio: 2
    depth_of_discharge: 0.9
  Pb-acid:
    cost: 138.60641370818385
    lifetime: 13.448146823011896
    annual_cost: 10.30672965817167
    efficiency: 0.7119126478049378
    discharge_ratio: 5
    depth_of_discharge: 0.5
  VRBF:
    cost: 182.59835732277773
    lifetime: 20.132843282442135
    annual_cost: 9.06967559232043
    efficiency: 0.7664794971259253
    discharge_ratio: 0.5
    depth_of_discharge: 1.0
