cost_values:
  wind_capex: 5000.0
  wind_opex: 100
  wind_lifetime: 20
  solar_capex: 1000.0
  solar_opex: 10
  solar_lifetime: 20
  carbon_price: 1.0
timeseries_values:
  load_level: 256395.95015124776
  wind_year: 2010
  solar_year: 2014
  price_year: 2023
  carbon_year: 2023
storage_values:
  CAES:
    cost: 34.32266545567344
    lifetime: 22.604888352660137
    annual_cost: 1.5183735889425154
    efficiency: 0.585381094900467
    discharge_ratio: 0.1
    depth_of_discharge: 0.4
  Li-ion:
    cost: 152.9245933695106
    lifetime: 17.242585531173464
    annual_cost: 8.869005932609872
    efficiency: 0.9136608877680953
    discharge_ratio: 2
    depth_of_discharge: 0.9
  Pb-acid:
    cost: 90.91643636933293
    lifetime: 16.642856547344056
    annual_cost: 5.462790363583455
    efficiency: 0.6771057845661387
    discharge_ratio: 5
    depth_of_discharge: 0.5
  VRBF:
    cost: 249.39627564086265
    lifetime: 21.160895648103217
    annual_cost: 11.785714545745968
    efficiency: 0.8405844912879001
    discharge_ratio: 0.5
    depth_of_discharge: 1.0
