cost_values:
  wind_capex: 5000.0
  wind_opex: 100
  wind_lifetime: 20
  solar_capex: 1000.0
  solar_opex: 10
  solar_lifetime: 20
  carbon_price: 1.0
timeseries_values:
  load_level: 264598.0009272072
  wind_year: 2018
  solar_year: 2011
  price_year: 2023
  carbon_year: 2023
storage_values:
  CAES:
    cost: 42.30529085309418
    lifetime: 22.221840418489737
    annual_cost: 1.9037707973950688
    efficiency: 0.603230916547239
    discharge_ratio: 0.1
    depth_of_discharge: 0.4
  Li-ion:
    cost: 210.52989024164881
    lifetime: 25.983597301070745
    annual_cost: 8.102415066022179
    efficiency: 0.8731160531266203
    discharge_ratio: 2
    depth_of_discharge: 0.9
  Pb-acid:
    cost: 197.96499500806445
    lifetime: 10.16888495783766
    annual_cost: 19.467719010380097
    efficiency: 0.6791615227698118
    discharge_ratio: 5
    depth_of_discharge: 0.5
  VRBF:
    cost: 196.85840979839128
    lifetime: 24.553650300739317
    annual_cost: 8.017480390378608
    efficiency: 0.7784368502016146
    discharge_ratio: 0.5
    depth_of_discharge: 1.0
