cost_values:
  wind_capex: 5000.0
  wind_opex: 100
  wind_lifetime: 20
  solar_capex: 1000.0
  solar_opex: 10
  solar_lifetime: 20
  carbon_price: 1.0
timeseries_values:
  load_level: 247610.92006336708
  wind_year: 2015
  solar_year: 2017
  price_year: 2023
  carbon_year: 2023
storage_values:
  CAES:
    cost: 32.3365103953535
    lifetime: 26.186128998730783
    annual_cost: 1.2348717291097444
    efficiency: 0.5918737243516603
    discharge_ratio: 0.1
    depth_of_discharge: 0.4
  Li-ion:
    cost: 278.535383850362
    lifetime: 22.39463551033598
    annual_cost: 12.437593981907286
    efficiency: 0.9690634844856717
    discharge_ratio: 2
    depth_of_discharge: 0.9
  Pb-acid:
    cost: 153.43338138406747
    lifetime: 9.87708960194847
    annual_cost: 15.534270475160964
    efficiency: 0.770627938087105
    discharge_ratio: 5
    depth_of_discharge: 0.5
  VRBF:
    cost: 222.60106292768637
    lifetime: 17.325658422630127
    annual_cost: 12.848057920669449
    efficiency: 0.6684919635589632
    discharge_ratio: 0.5
    depth_of_discharge: 1.0
