cost_values:
  wind_capex: 5000.0
  wind_opex: 100
  wind_lifetime: 20
  solar_capex: 1000.0
  solar_opex: 10
  solar_lifetime: 20
  carbon_price: 1.0
timeseries_values:
  load_level: 252142.46085170782
  wind_year: 2010
  solar_year: 2018
  price_year: 2023
  carbon_year: 2023
storage_values:
  CAES:
    cost: 45.96338852042289
    lifetime: 24.119511103900802
    annual_cost: 1.9056517490103404
    efficiency: 0.5598492670850792
    discharge_ratio: 0.1
    depth_of_discharge: 0.4
  Li-ion:
    cost: 232.54599020992174
    lifetime: 22.31300174269765
    annual_cost: 10.421994893001198
    efficiency: 0.8521843149014147
    discharge_ratio: 2
    depth_of_discharge: 0.9
  Pb-acid:
    cost: 139.06322511796864
    lifetime: 10.428642116315832
    annual_cost: 13.334739419276962
    efficiency: 0.7297209627469101
    discharge_ratio: 5
    depth_of_discharge: 0.5
  VRBF:
    cost: 185.45557307161766
    lifetime: 24.34933092054261
    annual_cost: 7.616454582542792
    efficiency: 0.7324452836663277
    discharge_ratio: 0.5
    depth_of_discharge: 1.0
