cost_values:
  wind_capex: 5000.0
  wind_opex: 100
  wind_lifetime: 20
  solar_capex: 1000.0
  solar_opex: 10
  solar_lifetime: 20
  carbon_price: 1.0
timeseries_values:
  load_level: 287758.7520025469
  wind_year: 2011
  solar_year: 2018
  price_year: 2023
  carbon_year: 2023
storage_values:
  CAES:
    cost: 66.62088405856278
    lifetime: 22.68018867646697
    annual_cost: 2.9374043139107044
    efficiency: 0.5794111571947423
    discharge_ratio: 0.1
    depth_of_discharge: 0.4
  Li-ion:
    cost: 242.90880092671995
    lifetime: 19.386169010483762
    annual_cost: 12.530005324690936
    efficiency: 0.925189294553388
    discharge_ratio: 2
    depth_of_discharge: 0.9
  Pb-acid:
    cost: 141.79480297728043
    lifetime: 9.531375238208025
    annual_cost: 14.876636312551575
    efficiency: 0.7428865940892708
    discharge_ratio: 5
    depth_of_discharge: 0.5
  VRBF:
    cost: 313.9103249695363
    lifetime: 22.75278996288974
    annual_cost: 13.796564090888651
    efficiency: 0.7433442828716631
    discharge_ratio: 0.5
    depth_of_discharge: 1.0
