cost_values:
  wind_capex: 5000.0
  wind_opex: 100
  wind_lifetime: 20
  solar_capex: 1000.0
  solar_opex: 10
  solar_lifetime: 20
  carbon_price: 1.0
timeseries_values:
  load_level: 264697.7299346496
  wind_year: 2010
  solar_year: 2012
  price_year: 2023
  carbon_year: 2023
storage_values:
  CAES:
    cost: 52.08837064825365
    lifetime: 23.5965011142511
    annual_cost: 2.207461623062196
    efficiency: 0.6336254442099614
    discharge_ratio: 0.1
    depth_of_discharge: 0.4
  Li-ion:
    cost: 227.08846074390527
    lifetime: 20.850188258345824
    annual_cost: 10.891434548702804
    efficiency: 0.901087124638789
    discharge_ratio: 2
    depth_of_discharge: 0.9
  Pb-acid:
    cost: 209.75547266708602
    lifetime: 6.180404554480179
    annual_cost: 33.938793297120675
    efficiency: 0.6729103475950331
    discharge_ratio: 5
    depth_of_discharge: 0.5
  VRBF:
    cost: 216.01625938322246
    lifetime: 15.723700901923479
    annual_cost: 13.738257979506416
    efficiency: 0.8180880694574618
    discharge_ratio: 0.5
    depth_of_discharge: 1.0
