cost_values:
  wind_capex: 5000.0
  wind_opex: 100
  wind_lifetime: 20
  solar_capex: 1000.0
  solar_opex: 10
  solar_lifetime: 20
  carbon_price: 1.0
timeseries_values:
  load_level: 267544.7417611346
  wind_year: 2011
  solar_year: 2013
  price_year: 2023
  carbon_year: 2023
storage_values:
  CAES:
    cost: 27.93322442486052
    lifetime: 26.552150803939185
    annual_cost: 1.0520136252282977
    efficiency: 0.5830050586937768
    discharge_ratio: 0.1
    depth_of_discharge: 0.4
  Li-ion:
    cost: 254.68589089935531
    lifetime: 28.47069354350019
    annual_cost: 8.945545724420882
    efficiency: 0.88181548957804
    discharge_ratio: 2
    depth_of_discharge: 0.9
  Pb-acid:
    cost: 150.37537687416292
    lifetime: 6.404625608200071
    annual_cost: 23.479183026972247
    efficiency: 0.7369585776921995
    discharge_ratio: 5
    depth_of_discharge: 0.5
  VRBF:
    cost: 262.54224387579274
    lifetime: 15.145600620815058
    annual_cost: 17.3345547957321
    efficiency: 0.776737077620473
    discharge_ratio: 0.5
    depth_of_discharge: 1.0
