cost_values:
  wind_capex: 5000.0
  wind_opex: 100
  wind_lifetime: 20
  solar_capex: 1000.0
  solar_opex: 10
  solar_lifetime: 20
  carbon_price: 1.0
timeseries_values:
  load_level: 281081.36903387646
  wind_year: 2017
  solar_year: 2011
  price_year: 2023
  carbon_year: 2023
storage_values:
  CAES:
    cost: 59.576273831322645
    lifetime: 20.404329297797965
    annual_cost: 2.9197859415919205
    efficiency: 0.6320103982075818
    discharge_ratio: 0.1
    depth_of_discharge: 0.4
  Li-ion:
    cost: 270.67712135094894
    lifetime: 23.413864278092035
    annual_cost: 11.560548832779261
    efficiency: 0.9273880359826575
    discharge_ratio: 2
    depth_of_discharge: 0.9
  Pb-acid:
    cost: 230.2946971924481
    lifetime: 16.083144796675317
    annual_cost: 14.319009130605743
    efficiency: 0.6794631394634616
    discharge_ratio: 5
    depth_of_discharge: 0.5
  VRBF:
    cost: 278.445155976762
    lifetime: 20.083943030629502
    annual_cost: 13.86406820374428
    efficiency: 0.741250435443703
    discharge_ratio: 0.5
    depth_of_discharge: 1.0
