cost_values:
  wind_capex: 5000.0
  wind_opex: 100
  wind_lifetime: 20
  solar_capex: 1000.0
  solar_opex: 10
  solar_lifetime: 20
  carbon_price: 1.0
timeseries_values:
  load_level: 276076.88456654234
  wind_year: 2017
  solar_year: 2010
  price_year: 2023
  carbon_year: 2023
storage_values:
  CAES:
    cost: 53.29439693777974
    lifetime: 29.042068766514227
    annual_cost: 1.8350757780461104
    efficiency: 0.6027123700143624
    discharge_ratio: 0.1
    depth_of_discharge: 0.4
  Li-ion:
    cost: 276.4704653691606
    lifetime: 15.381155080790109
    annual_cost: 17.974623096704303
    efficiency: 0.9433540697682554
    discharge_ratio: 2
    depth_of_discharge: 0.9
  Pb-acid:
    cost: 166.7236393374031
    lifetime: 15.054315966378669
    annual_cost: 11.074806700600204
    efficiency: 0.6851489637513836
    discharge_ratio: 5
    depth_of_discharge: 0.5
  VRBF:
    cost: 165.9153688127406
    lifetime: 12.525300696490374
    annual_cost: 13.246418016872887
    efficiency: 0.7757044207006665
    discharge_ratio: 0.5
    depth_of_discharge: 1.0
