cost_values:
  wind_capex: 5000.0
  wind_opex: 100
  wind_lifetime: 20
  solar_capex: 1000.0
  solar_opex: 10
  solar_lifetime: 20
  carbon_price: 1.0
timeseries_values:
  load_level: 250527.2478061945
  wind_year: 2015
  solar_year: 2016
  price_year: 2023
  carbon_year: 2023
storage_values:
  CAES:
    cost: 35.97896894445634
    lifetime: 25.3211327628197
    annual_cost: 1.4209067691191952
    efficiency: 0.6364717882701314
    discharge_ratio: 0.1
    depth_of_discharge: 0.4
  Li-ion:
    cost: 214.8270700300043
    lifetime: 26.133040086467002
    annual_cost: 8.220515841983977
    efficiency: 0.9159752678617014
    discharge_ratio: 2
    depth_of_discharge: 0.9
  Pb-acid:
    cost: 128.84778319153085
    lifetime: 14.014437310051607
    annual_cost: 9.193931967508753
    efficiency: 0.7637023829767907
    discharge_ratio: 5
    depth_of_discharge: 0.5
  VRBF:
    cost: 321.3362573876774
    lifetime: 15.694957660028983
    annual_cost: 20.47385309015762
    efficiency: 0.7565246691039009
    discharge_ratio: 0.5
    depth_of_discharge: 1.0
