cost_values:
  wind_capex: 5000.0
  wind_opex: 100
  wind_lifetime: 20
  solar_capex: 1000.0
  solar_opex: 10
  solar_lifetime: 20
  carbon_price: 1.0
timeseries_values:
  load_level: 265099.5762419699
  wind_year: 2014
  solar_year: 2015
  price_year: 2023
  carbon_year: 2023
storage_values:
  CAES:
    cost: 56.32172831768719
    lifetime: 21.383724174652723
    annual_cost: 2.6338596522138253
    efficiency: 0.5965209922914534
    discharge_ratio: 0.1
    depth_of_discharge: 0.4
  Li-ion:
    cost: 153.8944475656314
    lifetime: 14.651506909706729
    annual_cost: 10.503660034018427
    efficiency: 0.921494883843662
    discharge_ratio: 2
    depth_of_discharge: 0.9
  Pb-acid:
    cost: 85.91018976671765
    lifetime: 8.03680354337144
    annual_cost: 10.689596840720872
    efficiency: 0.7096821847463913
    discharge_ratio: 5
    depth_of_discharge: 0.5
  VRBF:
    cost: 370.8108519787007
    lifetime: 14.609296940345507
    annual_cost: 25.381840994323106
    efficiency: 0.6781917566370383
    discharge_ratio: 0.5
    depth_of_discharge: 1.0
