cost_values:
  wind_capex: 5000.0
  wind_opex: 100
  wind_lifetime: 20
  solar_capex: 1000.0
  solar_opex: 10
  solar_lifetime: 20
  carbon_price: 1.0
timeseries_values:
  load_level: 281527.0239172328
  wind_year: 2019
  solar_year: 2017
  price_year: 2023
  carbon_year: 2023
storage_values:
  CAES:
    cost: 43.01120097243985
    lifetime: 22.035329997106174
    annual_cost: 1.9519199838662897
    efficiency: 0.5929024948207802
    discharge_ratio: 0.1
    depth_of_discharge: 0.4
  Li-ion:
    cost: 138.0536252230877
    lifetime: 22.031832148385785
    annual_cost: 6.2660982660583
    efficiency: 0.9155758928114338
    discharge_ratio: 2
    depth_of_discharge: 0.9
  Pb-acid:
    cost: 138.23152081601117
    lifetime: 9.266821979742558
    annual_cost: 14.916820579718463
    efficiency: 0.7089495934373514
    discharge_ratio: 5
    depth_of_discharge: 0.5
  VRBF:
    cost: 209.14288886494478
    lifetime: 20.87371552656241
    annual_cost: 10.019437536111115
    efficiency: 0.665649879649721
    discharge_ratio: 0.5
    depth_of_discharge: 1.0
