cost_values:
  wind_capex: 5000.0
  wind_opex: 100
  wind_lifetime: 20
  solar_capex: 1000.0
  solar_opex: 10
  solar_lifetime: 20
  carbon_price: 1.0
timeseries_values:
  load_level: 289351.7636873103
  wind_year: 2011
  solar_year: 2010
  price_year: 2023
  carbon_year: 2023
storage_values:
  CAES:
    cost: 66.87749479356191
    lifetime: 28.92550131384457
    annual_cost: 2.312060007808834
    efficiency: 0.6032183381169602
    discharge_ratio: 0.1
    depth_of_discharge: 0.4
  Li-ion:
    cost: 184.38437022256278
    lifetime: 22.75176943249637
    annual_cost: 8.104177161676333
    efficiency: 0.9647985273293676
    discharge_ratio: 2
    depth_of_discharge: 0.9
  Pb-acid:
    cost: 166.4076899930916
    lifetime: 6.4771923679716625
    annual_cost: 25.691330524000215
    efficiency: 0.7531713802412148
    discharge_ratio: 5
    depth_of_discharge: 0.5
  VRBF:
    cost: 283.8630290964816
    lifetime: 22.746355511167575
    annual_cost: 12.479494966000859
    efficiency: 0.706144551592361
    discharge_ratio: 0.5
    depth_of_discharge: 1.0
