cost_values:
  wind_capex: 5000.0
  wind_opex: 100
  wind_lifetime: 20
  solar_capex: 1000.0
  solar_opex: 10
  solar_lifetime: 20
  carbon_price: 1.0
timeseries_values:
  load_level: 258100.9459334124
  wind_year: 2018
  solar_year: 2018
  price_year: 2023
  carbon_year: 2023
storage_values:
  CAES:
    cost: 51.35428049543802
    lifetime: 26.789096885821024
    annual_cost: 1.9169843878768043
    efficiency: 0.6225640196149196
    discharge_ratio: 0.1
    depth_of_discharge: 0.4
  Li-ion:
    cost: 245.07355448895407
    lifetime: 22.766961596187723
    annual_cost: 10.764438348681146
    efficiency: 0.9300421994591049
    discharge_ratio: 2
    depth_of_discharge: 0.9
  Pb-acid:
    cost: 87.8749754108891
    lifetime: 9.688470816628739
    annual_cost: 9.07005626316854
    efficiency: 0.7611898859453622
    discharge_ratio: 5
    depth_of_discharge: 0.5
  VRBF:
    cost: 239.29006837660066
    lifetime: 13.400747293926468
    annual_cost: 17.856471965936745
    efficiency: 0.6770085758940194
    discharge_ratio: 0.5
    depth_of_discharge: 1.0
