cost_values:
  wind_capex: 5000.0
  wind_opex: 100
  wind_lifetime: 20
  solar_capex: 1000.0
  solar_opex: 10
  solar_lifetime: 20
  carbon_price: 1.0
timeseries_values:
  load_level: 236768.18841863013
  wind_year: 2013
  solar_year: 2010
  price_year: 2023
  carbon_year: 2023
storage_values:
  CAES:
    cost: 54.376762345634305
    lifetime: 25.122371049829102
    annual_cost: 2.1644757271429684
    efficiency: 0.6288003291735571
    discharge_ratio: 0.1
    depth_of_discharge: 0.4
  Li-ion:
    cost: 176.6945327166871
    lifetime: 27.58540400563285
    annual_cost: 6.405363237769026
    efficiency: 0.8882875556964537
    discharge_ratio: 2
    depth_of_discharge: 0.9
  Pb-acid:
    cost: 160.07390467884838
    lifetime: 8.607900970875807
    annual_cost: 18.596160111558735
    efficiency: 0.7269689737994898
    discharge_ratio: 5
    depth_of_discharge: 0.5
  VRBF:
    cost: 159.82077942810133
    lifetime: 24.435574384981834
    annual_cost: 6.540496118901449
    efficiency: 0.8270131439927534
    discharge_ratio: 0.5
    depth_of_discharge: 1.0
