cost_values:
  wind_capex: 5000.0
  wind_opex: 100
  wind_lifetime: 20
  solar_capex: 1000.0
  solar_opex: 10
  solar_lifetime: 20
  carbon_price: 1.0
timeseries_values:
  load_level: 242379.29994153598
  wind_year: 2017
  solar_year: 2014
  price_year: 2023
  carbon_year: 2023
storage_values:
  CAES:
    cost: 36.700221450927074
    lifetime: 23.65026021293292
    annual_cost: 1.551789330032737
    efficiency: 0.5597436778226933
    discharge_ratio: 0.1
    depth_of_discharge: 0.4
  Li-ion:
    cost: 255.42563635474906
    lifetime: 22.478102459356123
    annual_cost: 11.363309550554725
    efficiency: 0.9360054361072573
    discharge_ratio: 2
    depth_of_discharge: 0.9
  Pb-acid:
    cost: 68.08192116775271
    lifetime: 19.960808372566767
    annual_cost: 3.41077975886595
    efficiency: 0.7642357305871575
    discharge_ratio: 5
    depth_of_discharge: 0.5
  VRBF:
    cost: 200.11736023865288
    lifetime: 13.619495857118405
    annual_cost: 14.693448446115497
    efficiency: 0.6958549322712521
    discharge_ratio: 0.5
    depth_of_discharge: 1.0
