cost_values:
  wind_capex: 5000.0
  wind_opex: 100
  wind_lifetime: 20
  solar_capex: 1000.0
  solar_opex: 10
  solar_lifetime: 20
  carbon_price: 1.0
timeseries_values:
  load_level: 252050.47366953324
  wind_year: 2018
  solar_year: 2010
  price_year: 2023
  carbon_year: 2023
storage_values:
  CAES:
    cost: 64.83403368776173
    lifetime: 24.364272503117856
    annual_cost: 2.6610289176278514
    efficiency: 0.5893150059070715
    discharge_ratio: 0.1
    depth_of_discharge: 0.4
  Li-ion:
    cost: 289.3117171106222
    lifetime: 15.515246659951885
    annual_cost: 18.64692991684087
    efficiency: 0.9226497735492873
    discharge_ratio: 2
    depth_of_discharge: 0.9
  Pb-acid:
    cost: 184.35297496787067
    lifetime: 6.880826126587312
    annual_cost: 26.792273424194825
    efficiency: 0.7422629583648286
    discharge_ratio: 5
    depth_of_discharge: 0.5
  VRBF:
    cost: 362.0243132338562
    lifetime: 15.313803552308412
    annual_cost: 23.64039162427968
    efficiency: 0.8010357613920871
    discharge_ratio: 0.5
    depth_of_discharge: 1.0
