cost_values:
  wind_capex: 5000.0
  wind_opex: 100
  wind_lifetime: 20
  solar_capex: 1000.0
  solar_opex: 10
  solar_lifetime: 20
  carbon_price: 1.0
timeseries_values:
  load_level: 239119.5347402726
  wind_year: 2012
  solar_year: 2013
  price_year: 2023
  carbon_year: 2023
storage_values:
  CAES:
    cost: 48.4042822672633
    lifetime: 23.966557889507918
    annual_cost: 2.0196593307399278
    efficiency: 0.5755289633375934
    discharge_ratio: 0.1
    depth_of_discharge: 0.4
  Li-ion:
    cost: 202.89323432263896
    lifetime: 16.646162174472988
    annual_cost: 12.188589309419154
    efficiency: 0.9232526114251894
    discharge_ratio: 2
    depth_of_discharge: 0.9
  Pb-acid:
    cost: 94.02545729340615
    lifetime: 10.427909258163737
    annual_cost: 9.0167122637547
    efficiency: 0.7350856117900254
    discharge_ratio: 5
    depth_of_discharge: 0.5
  VRBF:
    cost: 164.10841796842618
    lifetime: 16.09461281178651
    annual_cost: 10.196481262863635
    efficiency: 0.7139509039372004
    discharge_ratio: 0.5
    depth_of_discharge: 1.0
