cost_values:
  wind_capex: 5000.0
  wind_opex: 100
  wind_lifetime: 20
  solar_capex: 1000.0
  solar_opex: 10
  solar_lifetime: 20
  carbon_price: 1.0
timeseries_values:
  load_level: 298689.066470143
  wind_year: 2010
  solar_year: 2016
  price_year: 2023
  carbon_year: 2023
storage_values:
  CAES:
    cost: 53.287129995702024
    lifetime: 20.436536061646837
    annual_cost: 2.607444325934754
    efficiency: 0.6211708306179655
    discharge_ratio: 0.1
    depth_of_discharge: 0.4
  Li-ion:
    cost: 159.644079764919
    lifetime: 26.838529299144383
    annual_cost: 5.948316988070151
    efficiency: 0.9062012920448344
    discharge_ratio: 2
    depth_of_discharge: 0.9
  Pb-acid:
    cost: 120.27893108149505
    lifetime: 6.085554002157469
    annual_cost: 19.76466416021506
    efficiency: 0.7238500673681832
    discharge_ratio: 5
    depth_of_discharge: 0.5
  VRBF:
    cost: 250.15537892132366
    lifetime: 12.268659515248352
    annual_cost: 20.389789007545037
    efficiency: 0.7900830375483621
    discharge_ratio: 0.5
    depth_of_discharge: 1.0
