cost_values:
  wind_capex: 5000.0
  wind_opex: 100
  wind_lifetime: 20
  solar_capex: 1000.0
  solar_opex: 10
  solar_lifetime: 20
  carbon_price: 1.0
timeseries_values:
  load_level: 290761.8249180339
  wind_year: 2014
  solar_year: 2015
  price_year: 2023
  carbon_year: 2023
storage_values:
  CAES:
    cost: 67.34433364611624
    lifetime: 28.721938325554383
    annual_cost: 2.344700169006312
    efficiency: 0.5841969552127145
    discharge_ratio: 0.1
    depth_of_discharge: 0.4
  Li-ion:
    cost: 240.70559414416846
    lifetime: 14.834649940968996
    annual_cost: 16.225903213220388
    efficiency: 0.8824677930302969
    discharge_ratio: 2
    depth_of_discharge: 0.9
  Pb-acid:
    cost: 124.85513449519054
    lifetime: 11.21425117092904
    annual_cost: 11.133613167043677
    efficiency: 0.7714178958628476
    discharge_ratio: 5
    depth_of_discharge: 0.5
  VRBF:
    cost: 301.77431641517285
    lifetime: 18.05676079484524
    annual_cost: 16.712538856987127
    efficiency: 0.769009392141318
    discharge_ratio: 0.5
    depth_of_discharge: 1.0
