cost_values:
  wind_capex: 5000.0
  wind_opex: 100
  wind_lifetime: 20
  solar_capex: 1000.0
  solar_opex: 10
  solar_lifetime: 20
  carbon_price: 1.0
timeseries_values:
  load_level: 253676.44709054328
  wind_year: 2012
  solar_year: 2014
  price_year: 2023
  carbon_year: 2023
storage_values:
  CAES:
    cost: 72.53798907965651
    lifetime: 27.45540728467303
    annual_cost: 2.6420292486482553
    efficiency: 0.6169043687406975
    discharge_ratio: 0.1
    depth_of_discharge: 0.4
  Li-ion:
    cost: 167.699979369514
    lifetime: 18.400677187171027
    annual_cost: 9.113793892674485
    efficiency: 0.8693341409160481
    discharge_ratio: 2
    depth_of_discharge: 0.9
  Pb-acid:
    cost: 172.82585423842193
    lifetime: 8.627158105182653
    annual_cost: 20.032767700710043
    efficiency: 0.7242220194994763
    discharge_ratio: 5
    depth_of_discharge: 0.5
  VRBF:
    cost: 166.57825743873337
    lifetime: 27.255991360728043
    annual_cost: 6.111619835584063
    efficiency: 0.7432905617176772
    discharge_ratio: 0.5
    depth_of_discharge: 1.0
