cost_values:
  wind_capex: 5000.0
  wind_opex: 100
  wind_lifetime: 20
  solar_capex: 1000.0
  solar_opex: 10
  solar_lifetime: 20
  carbon_price: 1.0
timeseries_values:
  load_level: 239872.07875022164
  wind_year: 2013
  solar_year: 2018
  price_year: 2023
  carbon_year: 2023
storage_values:
  CAES:
    cost: 20.312859111542792
    lifetime: 22.683763244270573
    annual_cost: 0.8954801235052292
    efficiency: 0.5966726847219287
    discharge_ratio: 0.1
    depth_of_discharge: 0.4
  Li-ion:
    cost: 188.978822950518
    lifetime: 25.31132801241522
    annual_cost: 7.466175731981498
    efficiency: 0.9009712523002462
    discharge_ratio: 2
    depth_of_discharge: 0.9
  Pb-acid:
    cost: 128.69996098532397
    lifetime: 14.7671165584595
    annual_cost: 8.715307451920722
    efficiency: 0.7308705319027551
    discharge_ratio: 5
    depth_of_discharge: 0.5
  VRBF:
    cost: 185.5052423548428
    lifetime: 20.029988829827097
    annual_cost: 9.261375227459082
    efficiency: 0.733833831322274
    discharge_ratio: 0.5
    depth_of_discharge: 1.0
