cost_values:
  wind_capex: 5000.0
  wind_opex: 100
  wind_lifetime: 20
  solar_capex: 1000.0
  solar_opex: 10
  solar_lifetime: 20
  carbon_price: 1.0
timeseries_values:
  load_level: 249183.83600752553
  wind_year: 2013
  solar_year: 2011
  price_year: 2023
  carbon_year: 2023
storage_values:
  CAES:
    cost: 23.01534477524418
    lifetime: 25.302442028343563
    annual_cost: 0.9096096238245542
    efficiency: 0.59934834975518
    discharge_ratio: 0.1
    depth_of_discharge: 0.4
  Li-ion:
    cost: 227.5873980477373
    lifetime: 21.630396899135555
    annual_cost: 10.52164688003634
    efficiency: 0.9611567024702097
    discharge_ratio: 2
    depth_of_discharge: 0.9
  Pb-acid:
    cost: 230.30088698879953
    lifetime: 11.653713493190086
    annual_cost: 19.762017242261635
    efficiency: 0.7046088128923822
    discharge_ratio: 5
    depth_of_discharge: 0.5
  VRBF:
    cost: 286.60398399408564
    lifetime: 15.08057589088691
    annual_cost: 19.004843453443875
    efficiency: 0.7553302927584608
    discharge_ratio: 0.5
    depth_of_discharge: 1.0
