cost_values:
  wind_capex: 5000.0
  wind_opex: 100
  wind_lifetime: 20
  solar_capex: 1000.0
  solar_opex: 10
  solar_lifetime: 20
  carbon_price: 1.0
timeseries_values:
  load_level: 252609.82079112547
  wind_year: 2017
  solar_year: 2017
  price_year: 2023
  carbon_year: 2023
storage_values:
  CAES:
    cost: 57.894420792541645
    lifetime: 22.703724231693176
    annual_cost: 2.5499966526075113
    efficiency: 0.6363213300902513
    discharge_ratio: 0.1
    depth_of_discharge: 0.4
  Li-ion:
    cost: 219.48562274603515
    lifetime: 19.081456555630844
    annual_cost: 11.502561248725325
    efficiency: 0.8799586283279444
    discharge_ratio: 2
    depth_of_discharge: 0.9
  Pb-acid:
    cost: 196.96126057702455
    lifetime: 13.23025273096199
    annual_cost: 14.887188066792374
    efficiency: 0.731188345233054
    discharge_ratio: 5
    depth_of_discharge: 0.5
  VRBF:
    cost: 324.52249423313435
    lifetime: 22.646468216273217
    annual_cost: 14.329938387476249
    efficiency: 0.7029484692248924
    discharge_ratio: 0.5
    depth_of_discharge: 1.0
