cost_values:
  wind_capex: 5000.0
  wind_opex: 100
  wind_lifetime: 20
  solar_capex: 1000.0
  solar_opex: 10
  solar_lifetime: 20
  carbon_price: 1.0
timeseries_values:
  load_level: 264995.4296290285
  wind_year: 2017
  solar_year: 2018
  price_year: 2023
  carbon_year: 2023
storage_values:
  CAES:
    cost: 68.80392956975652
    lifetime: 23.20354612093461
    annual_cost: 2.9652333833439584
    efficiency: 0.5745902422557779
    discharge_ratio: 0.1
    depth_of_discharge: 0.4
  Li-ion:
    cost: 290.9872037967554
    lifetime: 26.49235690491409
    annual_cost: 10.983817137945168
    efficiency: 0.8878088953699502
    discharge_ratio: 2
    depth_of_discharge: 0.9
  Pb-acid:
    cost: 243.19911651253267
    lifetime: 16.536629582425476
    annual_cost: 14.706691910847164
    efficiency: 0.7257014090644898
    discharge_ratio: 5
    depth_of_discharge: 0.5
  VRBF:
    cost: 263.0544755634422
    lifetime: 18.230290703429546
    annual_cost: 14.429527199692734
    efficiency: 0.6504336395843789
    discharge_ratio: 0.5
    depth_of_discharge: 1.0
