cost_values:
  wind_capex: 5000.0
  wind_opex: 100
  wind_lifetime: 20
  solar_capex: 1000.0
  solar_opex: 10
  solar_lifetime: 20
  carbon_price: 1.0
timeseries_values:
  load_level: 246758.46858872188
  wind_year: 2012
  solar_year: 2013
  price_year: 2023
  carbon_year: 2023
storage_values:
  CAES:
    cost: 59.1356780737695
    lifetime: 19.144039769199516
    annual_cost: 3.0889863783563474
    efficiency: 0.5621817901244747
    discharge_ratio: 0.1
    depth_of_discharge: 0.4
  Li-ion:
    cost: 148.1063904073527
    lifetime: 19.767407636600435
    annual_cost: 7.492453898361747
    efficiency: 0.9446389804087431
    discharge_ratio: 2
    depth_of_discharge: 0.9
  Pb-acid:
    cost: 179.40768368645058
    lifetime: 11.974191462821551
    annual_cost: 14.982864124353634
    efficiency: 0.7224972977664168
    discharge_ratio: 5
    depth_of_discharge: 0.5
  VRBF:
    cost: 400.4234935401707
    lifetime: 20.429289373394248
    annual_cost: 19.60046119184428
    efficiency: 0.7351280283209393
    discharge_ratio: 0.5
    depth_of_discharge: 1.0
