cost_values:
  wind_capex: 5000.0
  wind_opex: 100
  wind_lifetime: 20
  solar_capex: 1000.0
  solar_opex: 10
  solar_lifetime: 20
  carbon_price: 1.0
timeseries_values:
  load_level: 261902.00238367714
  wind_year: 2014
  solar_year: 2014
  price_year: 2023
  carbon_year: 2023
storage_values:
  CAES:
    cost: 80.4872991506009
    lifetime: 24.646375468129765
    annual_cost: 3.26568501947392
    efficiency: 0.6198677167509365
    discharge_ratio: 0.1
    depth_of_discharge: 0.4
  Li-ion:
    cost: 264.6425514796819
    lifetime: 25.287072836722153
    annual_cost: 10.465527314627149
    efficiency: 0.8984211818307187
    discharge_ratio: 2
    depth_of_discharge: 0.9
  Pb-acid:
    cost: 131.865089181138
    lifetime: 7.712317984242222
    annual_cost: 17.097983958981494
    efficiency: 0.7846359578611248
    discharge_ratio: 5
    depth_of_discharge: 0.5
  VRBF:
    cost: 265.1161201831336
    lifetime: 15.434034488424555
    annual_cost: 17.177369947045882
    efficiency: 0.7596195416419701
    discharge_ratio: 0.5
    depth_of_discharge: 1.0
