cost_values:
  wind_capex: 5000.0
  wind_opex: 100
  wind_lifetime: 20
  solar_capex: 1000.0
  solar_opex: 10
  solar_lifetime: 20
  carbon_price: 1.0
timeseries_values:
  load_level: 240053.4814613137
  wind_year: 2011
  solar_year: 2011
  price_year: 2023
  carbon_year: 2023
storage_values:
  CAES:
    cost: 57.31316914574698
    lifetime: 25.861969005337226
    annual_cost: 2.216117772545434
    efficiency: 0.5949044686538834
    discharge_ratio: 0.1
    depth_of_discharge: 0.4
  Li-ion:
    cost: 161.9646988634983
    lifetime: 28.711255511146067
    annual_cost: 5.64115696022494
    efficiency: 0.9509838774066482
    discharge_ratio: 2
    depth_of_discharge: 0.9
  Pb-acid:
    cost: 195.65843362138742
    lifetime: 10.091852371109743
    annual_cost: 19.387762169560155
    efficiency: 0.6747301536865423
    discharge_ratio: 5
    depth_of_discharge: 0.5
  VRBF:
    cost: 198.3485475016787
    lifetime: 20.580253274897164
    annual_cost: 9.637808867183137
    efficiency: 0.7146463728159508
    discharge_ratio: 0.5
    depth_of_discharge: 1.0
