cost_values:
  wind_capex: 5000.0
  wind_opex: 100
  wind_lifetime: 20
  solar_capex: 1000.0
  solar_opex: 10
  solar_lifetime: 20
  carbon_price: 1.0
timeseries_values:
  load_level: 200104.54069594597
  wind_year: 2011
  solar_year: 2012
  price_year: 2023
  carbon_year: 2023
storage_values:
  CAES:
    cost: 31.974605552423764
    lifetime: 20.495090928946315
    annual_cost: 1.560110450998991
    efficiency: 0.5585349733863976
    discharge_ratio: 0.1
    depth_of_discharge: 0.4
  Li-ion:
    cost: 137.6393421782053
    lifetime: 10.118040268121625
    annual_cost: 13.603359794075768
    efficiency: 0.9040213381428771
    discharge_ratio: 2
    depth_of_discharge: 0.9
  Pb-acid:
    cost: 157.33370194761477
    lifetime: 9.823259517284871
    annual_cost: 16.01644562792753
    efficiency: 0.7167833205296363
    discharge_ratio: 5
    depth_of_discharge: 0.5
  VRBF:
    cost: 155.59391391886757
    lifetime: 18.027380271929378
    annual_cost: 8.630977522626761
    efficiency: 0.7603028416476105
    discharge_ratio: 0.5
    depth_of_discharge: 1.0
