cost_values:
  wind_capex: 5000.0
  wind_opex: 100
  wind_lifetime: 20
  solar_capex: 1000.0
  solar_opex: 10
  solar_lifetime: 20
  carbon_price: 1.0
timeseries_values:
  load_level: 234075.77217045467
  wind_year: 2018
  solar_year: 2014
  price_year: 2023
  carbon_year: 2023
storage_values:
  CAES:
    cost: 37.73781340147093
    lifetime: 28.7065255621814
    annual_cost: 1.3146074860131294
    efficiency: 0.5854873945195401
    discharge_ratio: 0.1
    depth_of_discharge: 0.4
  Li-ion:
    cost: 167.25423018392274
    lifetime: 20.887584988499132
    annual_cost: 8.007351269953622
    efficiency: 0.849866765451167
    discharge_ratio: 2
    depth_of_discharge: 0.9
  Pb-acid:
    cost: 106.80192874836112
    lifetime: 13.659883882370519
    annual_cost: 7.818655683171653
    efficiency: 0.6920651582047359
    discharge_ratio: 5
    depth_of_discharge: 0.5
  VRBF:
    cost: 273.3979483103927
    lifetime: 16.461949209067626
    annual_cost: 16.607872180762087
    efficiency: 0.7519443067570886
    discharge_ratio: 0.5
    depth_of_discharge: 1.0
