cost_values:
  wind_capex: 5000.0
  wind_opex: 100
  wind_lifetime: 20
  solar_capex: 1000.0
  solar_opex: 10
  solar_lifetime: 20
  carbon_price: 1.0
timeseries_values:
  load_level: 229400.42958230426
  wind_year: 2010
  solar_year: 2012
  price_year: 2023
  carbon_year: 2023
storage_values:
  CAES:
    cost: 43.55194129711211
    lifetime: 24.539244351041255
    annual_cost: 1.7747873844071365
    efficiency: 0.628475992837431
    discharge_ratio: 0.1
    depth_of_discharge: 0.4
  Li-ion:
    cost: 229.59869014608066
    lifetime: 19.981264089083698
    annual_cost: 11.490698942892037
    efficiency: 0.8775301224865742
    discharge_ratio: 2
    depth_of_discharge: 0.9
  Pb-acid:
    cost: 156.8909375125025
    lifetime: 19.047732274010887
    annual_cost: 8.236725257135605
    efficiency: 0.683715545719835
    discharge_ratio: 5
    depth_of_discharge: 0.5
  VRBF:
    cost: 240.03849733803574
    lifetime: 25.784210023437506
    annual_cost: 9.309515285511711
    efficiency: 0.7727633583416187
    discharge_ratio: 0.5
    depth_of_discharge: 1.0
