cost_values:
  wind_capex: 5000.0
  wind_opex: 100
  wind_lifetime: 20
  solar_capex: 1000.0
  solar_opex: 10
  solar_lifetime: 20
  carbon_price: 1.0
timeseries_values:
  load_level: 226834.9427425628
  wind_year: 2015
  solar_year: 2011
  price_year: 2023
  carbon_year: 2023
storage_values:
  CAES:
    cost: 52.644190447798486
    lifetime: 24.180333548894236
    annual_cost: 2.177149059641731
    efficiency: 0.5978077728210752
    discharge_ratio: 0.1
    depth_of_discharge: 0.4
  Li-ion:
    cost: 179.61631088991356
    lifetime: 11.928223867524405
    annual_cost: 15.058093550619393
    efficiency: 0.8977968441020328
    discharge_ratio: 2
    depth_of_discharge: 0.9
  Pb-acid:
    cost: 116.68881409465004
    lifetime: 11.904160797555082
    annual_cost: 9.80235533433117
    efficiency: 0.696612048816632
    discharge_ratio: 5
    depth_of_discharge: 0.5
  VRBF:
    cost: 331.1030319546641
    lifetime: 17.082337642549525
    annual_cost: 19.382770606871535
    efficiency: 0.8202577551291954
    discharge_ratio: 0.5
    depth_of_discharge: 1.0
