cost_values:
  wind_capex: 5000.0
  wind_opex: 100
  wind_lifetime: 20
  solar_capex: 1000.0
  solar_opex: 10
  solar_lifetime: 20
  carbon_price: 1.0
timeseries_values:
  load_level: 244935.6241813471
  wind_year: 2017
  solar_year: 2013
  price_year: 2023
  carbon_year: 2023
storage_values:
  CAES:
    cost: 61.221119460444406
    lifetime: 25.504457693846977
    annual_cost: 2.4004085950517653
    efficiency: 0.6259178153113627
    discharge_ratio: 0.1
    depth_of_discharge: 0.4
  Li-ion:
    cost: 185.01920991606917
    lifetime: 19.631327675629038
    annual_cost: 9.424691644557386
    efficiency: 0.9159422770985407
    discharge_ratio: 2
    depth_of_discharge: 0.9
  Pb-acid:
    cost: 141.53509946246157
    lifetime: 6.391498406425646
    annual_cost: 22.144275170305963
    efficiency: 0.717530965305834
    discharge_ratio: 5
    depth_of_discharge: 0.5
  VRBF:
    cost: 265.71309551091025
    lifetime: 19.25460607991642
    annual_cost: 13.799975673772062
    efficiency: 0.8133389505796795
    discharge_ratio: 0.5
    depth_of_discharge: 1.0
