cost_values:
  wind_capex: 5000.0
  wind_opex: 100
  wind_lifetime: 20
  solar_capex: 1000.0
  solar_opex: 10
  solar_lifetime: 20
  carbon_price: 1.0
timeseries_values:
  load_level: 222050.78499184462
  wind_year: 2017
  solar_year: 2016
  price_year: 2023
  carbon_year: 2023
storage_values:
  CAES:
    cost: 62.08610400261271
    lifetime: 24.449414785393934
    annual_cost: 2.539369737377228
    efficiency: 0.548572571859868
    discharge_ratio: 0.1
    depth_of_discharge: 0.4
  Li-ion:
    cost: 185.9058569049482
    lifetime: 20.310634289440735
    annual_cost: 9.1531290581899
    efficiency: 0.9251292339882263
    discharge_ratio: 2
    depth_of_discharge: 0.9
  Pb-acid:
    cost: 133.07220343590595
    lifetime: 7.595500874284152
    annual_cost: 17.519872045100318
    efficiency: 0.7440111840995265
    discharge_ratio: 5
    depth_of_discharge: 0.5
  VRBF:
    cost: 407.26733995057066
    lifetime: 22.67175715603341
    annual_cost: 17.963642480273684
    efficiency: 0.699702382699229
    discharge_ratio: 0.5
    depth_of_discharge: 1.0
