cost_values:
  wind_capex: 5000.0
  wind_opex: 100
  wind_lifetime: 20
  solar_capex: 1000.0
  solar_opex: 10
  solar_lifetime: 20
  carbon_price: 1.0
timeseries_values:
  load_level: 244759.89362174043
  wind_year: 2015
  solar_year: 2018
  price_year: 2023
  carbon_year: 2023
storage_values:
  CAES:
    cost: 38.225908717431466
    lifetime: 26.99167112825032
    annual_cost: 1.4162112651640544
    efficiency: 0.594430125773556
    discharge_ratio: 0.1
    depth_of_discharge: 0.4
  Li-ion:
    cost: 207.3214566332351
    lifetime: 18.29678747527645
    annual_cost: 11.331030483541355
    efficiency: 0.9340583769592854
    discharge_ratio: 2
    depth_of_discharge: 0.9
  Pb-acid:
    cost: 119.8294093996818
    lifetime: 11.165688372193376
    annual_cost: 10.731932094585462
    efficiency: 0.7814985758578618
    discharge_ratio: 5
    depth_of_discharge: 0.5
  VRBF:
    cost: 221.80083262013054
    lifetime: 23.21758186542959
    annual_cost: 9.553140973323606
    efficiency: 0.7376949768450849
    discharge_ratio: 0.5
    depth_of_discharge: 1.0
