cost_values:
  wind_capex: 5000.0
  wind_opex: 100
  wind_lifetime: 20
  solar_capex: 1000.0
  solar_opex: 10
  solar_lifetime: 20
  carbon_price: 1.0
timeseries_values:
  load_level: 241151.84499764987
  wind_year: 2018
  solar_year: 2011
  price_year: 2023
  carbon_year: 2023
storage_values:
  CAES:
    cost: 35.25959786808878
    lifetime: 25.524383859503732
    annual_cost: 1.381408384318756
    efficiency: 0.6018166270240181
    discharge_ratio: 0.1
    depth_of_discharge: 0.4
  Li-ion:
    cost: 224.84277126560914
    lifetime: 19.55125173227248
    annual_cost: 11.500172691985243
    efficiency: 0.889550714392005
    discharge_ratio: 2
    depth_of_discharge: 0.9
  Pb-acid:
    cost: 120.3630455163193
    lifetime: 10.158225447997768
    annual_cost: 11.848825971867301
    efficiency: 0.7314716945710639
    discharge_ratio: 5
    depth_of_discharge: 0.5
  VRBF:
    cost: 266.5808567925892
    lifetime: 18.4824041597014
    annual_cost: 14.423494610827516
    efficiency: 0.8432118601448477
    discharge_ratio: 0.5
    depth_of_discharge: 1.0
