cost_values:
  wind_capex: 5000.0
  wind_opex: 100
  wind_lifetime: 20
  solar_capex: 1000.0
  solar_opex: 10
  solar_lifetime: 20
  carbon_price: 1.0
timeseries_values:
  load_level: 262258.3682715532
  wind_year: 2015
  solar_year: 2016
  price_year: 2023
  carbon_year: 2023
storage_values:
  CAES:
    cost: 47.321241860656755
    lifetime: 26.606786749997802
    annual_cost: 1.7785402764075096
    efficiency: 0.6110963698765007
    discharge_ratio: 0.1
    depth_of_discharge: 0.4
  Li-ion:
    cost: 263.3066131434798
    lifetime: 26.8768122037127
    annual_cost: 9.796794766721154
    efficiency: 0.9409758990192849
    discharge_ratio: 2
    depth_of_discharge: 0.9
  Pb-acid:
    cost: 137.13173241381327
    lifetime: 15.260010284948038
    annual_cost: 8.986346001947025
    efficiency: 0.7375527193051082
    discharge_ratio: 5
    depth_of_discharge: 0.5
  VRBF:
    cost: 306.33104440366594
    lifetime: 23.266615695547525
    annual_cost: 13.166119577171155
    efficiency: 0.7922189476671566
    discharge_ratio: 0.5
    depth_of_discharge: 1.0
