cost_values:
  wind_capex: 5000.0
  wind_opex: 100
  wind_lifetime: 20
  solar_capex: 1000.0
  solar_opex: 10
  solar_lifetime: 20
  carbon_price: 1.0
timeseries_values:
  load_level: 270635.465085621
  wind_year: 2017
  solar_year: 2018
  price_year: 2023
  carbon_year: 2023
storage_values:
  CAES:
    cost: 48.610542105668756
    lifetime: 22.580259962080916
    annual_cost: 2.152789303015136
    efficiency: 0.5927735527826642
    discharge_ratio: 0.1
    depth_of_discharge: 0.4
  Li-ion:
    cost: 174.80715792217703
    lifetime: 17.85714375944515
    annual_cost: 9.78920034900411
    efficiency: 0.9354303858035216
    discharge_ratio: 2
    depth_of_discharge: 0.9
  Pb-acid:
    cost: 162.34938031581973
    lifetime: 7.074266031067431
    annual_cost: 22.94928966522382
    efficiency: 0.696155768883057
    discharge_ratio: 5
    depth_of_discharge: 0.5
  VRBF:
    cost: 301.7338052088799
    lifetime: 13.1765949007789
    annual_cost: 22.899224532663116
    efficiency: 0.8082020851396332
    discharge_ratio: 0.5
    depth_of_discharge: 1.0
