cost_values:
  wind_capex: 5000.0
  wind_opex: 100
  wind_lifetime: 20
  solar_capex: 1000.0
  solar_opex: 10
  solar_lifetime: 20
  carbon_price: 1.0
timeseries_values:
  load_level: 252920.5061241066
  wind_year: 2014
  solar_year: 2018
  price_year: 2023
  carbon_year: 2023
storage_values:
  CAES:
    cost: 42.36817291417621
    lifetime: 28.268026048484288
    annual_cost: 1.4988019623835025
    efficiency: 0.5691856427151774
    discharge_ratio: 0.1
    depth_of_discharge: 0.4
  Li-ion:
    cost: 172.6999169158572
    lifetime: 19.248719731847203
    annual_cost: 8.972020961483658
    efficiency: 0.8705045221629869
    discharge_ratio: 2
    depth_of_discharge: 0.9
  Pb-acid:
    cost: 129.66708012677373
    lifetime: 14.334966385453372
    annual_cost: 9.045509884024241
    efficiency: 0.7226665833844303
    discharge_ratio: 5
    depth_of_discharge: 0.5
  VRBF:
    cost: 188.78917699985234
    lifetime: 18.907074503345857
    annual_cost: 9.985107794780394
    efficiency: 0.6517963537288656
    discharge_ratio: 0.5
    depth_of_discharge: 1.0
