cost_values:
  wind_capex: 5000.0
  wind_opex: 100
  wind_lifetime: 20
  solar_capex: 1000.0
  solar_opex: 10
  solar_lifetime: 20
  carbon_price: 1.0
timeseries_values:
  load_level: 283599.27630870184
  wind_year: 2013
  solar_year: 2015
  price_year: 2023
  carbon_year: 2023
storage_values:
  CAES:
    cost: 35.91200357051421
    lifetime: 27.836656148799005
    annual_cost: 1.2900976100918504
    efficiency: 0.641487290832438
    discharge_ratio: 0.1
    depth_of_discharge: 0.4
  Li-ion:
    cost: 194.3023109516612
    lifetime: 21.902096363436762
    annual_cost: 8.871402432327365
    efficiency: 0.85307604773576
    discharge_ratio: 2
    depth_of_discharge: 0.9
  Pb-acid:
    cost: 175.03297576178545
    lifetime: 9.666725226498487
    annual_cost: 18.106749872437046
    efficiency: 0.7578480201962858
    discharge_ratio: 5
    depth_of_discharge: 0.5
  VRBF:
    cost: 74.89727790958696
    lifetime: 22.21803449733403
    annual_cost: 3.371012765263911
    efficiency: 0.7789343209834024
    discharge_ratio: 0.5
    depth_of_discharge: 1.0
