cost_values:
  wind_capex: 5000.0
  wind_opex: 100
  wind_lifetime: 20
  solar_capex: 1000.0
  solar_opex: 10
  solar_lifetime: 20
  carbon_price: 1.0
timeseries_values:
  load_level: 226322.87609349302
  wind_year: 2011
  solar_year: 2016
  price_year: 2023
  carbon_year: 2023
storage_values:
  CAES:
    cost: 61.62363840348108
    lifetime: 21.32820948858839
    annual_cost: 2.8893020033609793
    efficiency: 0.5842919153315955
    discharge_ratio: 0.1
    depth_of_discharge: 0.4
  Li-ion:
    cost: 173.17286939812377
    lifetime: 22.190943636860315
    annual_cost: 7.8037632032228945
    efficiency: 0.8528344388130751
    discharge_ratio: 2
    depth_of_discharge: 0.9
  Pb-acid:
    cost: 70.56400452450156
    lifetime: 14.870572480416858
    annual_cost: 4.745211027848975
    efficiency: 0.7176221424533034
    discharge_ratio: 5
    depth_of_discharge: 0.5
  VRBF:
    cost: 268.94369321072764
    lifetime: 14.17981647082599
    annual_cost: 18.966655440432607
    efficiency: 0.6998215780422578
    discharge_ratio: 0.5
    depth_of_discharge: 1.0
