cost_values:
  wind_capex: 5000.0
  wind_opex: 100
  wind_lifetime: 20
  solar_capex: 1000.0
  solar_opex: 10
  solar_lifetime: 20
  carbon_price: 1.0
timeseries_values:
  load_level: 236149.62760355003
  wind_year: 2014
  solar_year: 2013
  price_year: 2023
  carbon_year: 2023
storage_values:
  CAES:
    cost: 58.22159329652459
    lifetime: 22.342274987220613
    annual_cost: 2.605893684945974
    efficiency: 0.5662423645050222
    discharge_ratio: 0.1
    depth_of_discharge: 0.4
  Li-ion:
    cost: 138.97182606634664
    lifetime: 25.278261315525505
    annual_cost: 5.497681360742654
    efficiency: 0.9026957876171394
    discharge_ratio: 2
    depth_of_discharge: 0.9
  Pb-acid:
    cost: 153.17401669618692
    lifetime: 18.031263548433348
    annual_cost: 8.494913087191579
    efficiency: 0.6595352316138565
    discharge_ratio: 5
    depth_of_discharge: 0.5
  VRBF:
    cost: 334.05659653273955
    lifetime: 21.90991984342595
    annual_cost: 15.246819656119047
    efficiency: 0.7018110086809657
    discharge_ratio: 0.5
    depth_of_discharge: 1.0
