cost_values:
  wind_capex: 5000.0
  wind_opex: 100
  wind_lifetime: 20
  solar_capex: 1000.0
  solar_opex: 10
  solar_lifetime: 20
  carbon_price: 1.0
timeseries_values:
  load_level: 234654.57078171597
  wind_year: 2011
  solar_year: 2010
  price_year: 2023
  carbon_year: 2023
storage_values:
  CAES:
    cost: 55.667639508646715
    lifetime: 22.524529211300628
    annual_cost: 2.471422997854183
    efficiency: 0.590198044033245
    discharge_ratio: 0.1
    depth_of_discharge: 0.4
  Li-ion:
    cost: 133.27422490172506
    lifetime: 23.941949879476706
    annual_cost: 5.566556841553208
    efficiency: 0.886214967941052
    discharge_ratio: 2
    depth_of_discharge: 0.9
  Pb-acid:
    cost: 134.9338841809999
    lifetime: 7.45175789314404
    annual_cost: 18.10765810106972
    efficiency: 0.7119373486492538
    discharge_ratio: 5
    depth_of_discharge: 0.5
  VRBF:
    cost: 312.15441692087575
    lifetime: 20.28839682861445
    annual_cost: 15.38585919615974
    efficiency: 0.716977878803794
    discharge_ratio: 0.5
    depth_of_discharge: 1.0
