cost_values:
  wind_capex: 5000.0
  wind_opex: 100
  wind_lifetime: 20
  solar_capex: 1000.0
  solar_opex: 10
  solar_lifetime: 20
  carbon_price: 1.0
timeseries_values:
  load_level: 273741.498817583
  wind_year: 2011
  solar_year: 2014
  price_year: 2023
  carbon_year: 2023
storage_values:
  CAES:
    cost: 57.42771668872899
    lifetime: 29.320747782676243
    annual_cost: 1.9586034133365235
    efficiency: 0.6062632785917323
    discharge_ratio: 0.1
    depth_of_discharge: 0.4
  Li-ion:
    cost: 159.89334426264918
    lifetime: 16.369166494448734
    annual_cost: 9.767958821658617
    efficiency: 0.8794161240177312
    discharge_ratio: 2
    depth_of_discharge: 0.9
  Pb-acid:
    cost: 73.2199066289443
    lifetime: 11.229996586963395
    annual_cost: 6.520029286023412
    efficiency: 0.6975409417643652
    discharge_ratio: 5
    depth_of_discharge: 0.5
  VRBF:
    cost: 218.73155685432246
    lifetime: 12.90950149056959
    annual_cost: 16.943454943950094
    efficiency: 0.7197824767385302
    discharge_ratio: 0.5
    depth_of_discharge: 1.0
