cost_values:
  wind_capex: 5000.0
  wind_opex: 100
  wind_lifetime: 20
  solar_capex: 1000.0
  solar_opex: 10
  solar_lifetime: 20
  carbon_price: 1.0
timeseries_values:
  load_level: 257298.61017075583
  wind_year: 2011
  solar_year: 2012
  price_year: 2023
  carbon_year: 2023
storage_values:
  CAES:
    cost: 67.57971181391181
    lifetime: 25.33336255441224
    annual_cost: 2.667617126181366
    efficiency: 0.6488958755697662
    discharge_ratio: 0.1
    depth_of_discharge: 0.4
  Li-ion:
    cost: 201.5882699054104
    lifetime: 20.27692258156804
    annual_cost: 9.941758622122299
    efficiency: 0.9295652425887442
    discharge_ratio: 2
    depth_of_discharge: 0.9
  Pb-acid:
    cost: 71.90571918386786
    lifetime: 16.90617581546378
    annual_cost: 4.253222015950938
    efficiency: 0.7300160809385164
    discharge_ratio: 5
    depth_of_discharge: 0.5
  VRBF:
    cost: 247.69410250802272
    lifetime: 25.170121169615488
    annual_cost: 9.840798971084437
    efficiency: 0.7208622719040944
    discharge_ratio: 0.5
    depth_of_discharge: 1.0
