cost_values:
  wind_capex: 5000.0
  wind_opex: 100
  wind_lifetime: 20
  solar_capex: 1000.0
  solar_opex: 10
  solar_lifetime: 20
  carbon_price: 1.0
timeseries_values:
  load_level: 287281.42926931585
  wind_year: 2018
  solar_year: 2017
  price_year: 2023
  carbon_year: 2023
storage_values:
  CAES:
    cost: 63.49442906260544
    lifetime: 25.57518417720382
    annual_cost: 2.482657744424009
    efficiency: 0.5720344403462068
    discharge_ratio: 0.1
    depth_of_discharge: 0.4
  Li-ion:
    cost: 144.27425535238788
    lifetime: 21.904242510873928
    annual_cost: 6.58658957417796
    efficiency: 0.8534358913051464
    discharge_ratio: 2
    depth_of_discharge: 0.9
  Pb-acid:
    cost: 175.2343112423112
    lifetime: 7.872694921139127
    annual_cost: 22.25849127873432
    efficiency: 0.7055713569146206
    discharge_ratio: 5
    depth_of_discharge: 0.5
  VRBF:
    cost: 302.20416594303015
    lifetime: 26.813687528157082
    annual_cost: 11.270518671692777
    efficiency: 0.6681322922227205
    discharge_ratio: 0.5
    depth_of_discharge: 1.0
