cost_values:
  wind_capex: 5000.0
  wind_opex: 100
  wind_lifetime: 20
  solar_capex: 1000.0
  solar_opex: 10
  solar_lifetime: 20
  carbon_price: 1.0
timeseries_values:
  load_level: 232611.98291562518
  wind_year: 2019
  solar_year: 2010
  price_year: 2023
  carbon_year: 2023
storage_values:
  CAES:
    cost: 36.50412882568918
    lifetime: 24.856315513950566
    annual_cost: 1.4686057877403953
    efficiency: 0.6454299567535597
    discharge_ratio: 0.1
    depth_of_discharge: 0.4
  Li-ion:
    cost: 182.03408650178633
    lifetime: 20.686934287969272
    annual_cost: 8.799471394253443
    efficiency: 0.861304146594723
    discharge_ratio: 2
    depth_of_discharge: 0.9
  Pb-acid:
    cost: 108.267939517528
    lifetime: 19.368707931480937
    annual_cost: 5.5898379954170645
    efficiency: 0.769690951188655
    discharge_ratio: 5
    depth_of_discharge: 0.5
  VRBF:
    cost: 120.91072191017264
    lifetime: 28.638978746207332
    annual_cost: 4.221893629017232
    efficiency: 0.7770046489697068
    discharge_ratio: 0.5
    depth_of_discharge: 1.0
