cost_values:
  wind_capex: 5000.0
  wind_opex: 100
  wind_lifetime: 20
  solar_capex: 1000.0
  solar_opex: 10
  solar_lifetime: 20
  carbon_price: 1.0
timeseries_values:
  load_level: 227636.39191827484
  wind_year: 2016
  solar_year: 2011
  price_year: 2023
  carbon_year: 2023
storage_values:
  CAES:
    cost: 66.14365482314125
    lifetime: 28.793363993237218
    annual_cost: 2.297183991376506
    efficiency: 0.6124593770978094
    discharge_ratio: 0.1
    depth_of_discharge: 0.4
  Li-ion:
    cost: 168.19069016947964
    lifetime: 14.235443618832978
    annual_cost: 11.814924400878482
    efficiency: 0.9298384021939005
    discharge_ratio: 2
    depth_of_discharge: 0.9
  Pb-acid:
    cost: 156.43668273325153
    lifetime: 9.874004192287382
    annual_cost: 15.843287048170868
    efficiency: 0.7034819825984221
    discharge_ratio: 5
    depth_of_discharge: 0.5
  VRBF:
    cost: 117.71479534696851
    lifetime: 26.22512333410951
    annual_cost: 4.488626949329296
    efficiency: 0.7333988402469923
    discharge_ratio: 0.5
    depth_of_discharge: 1.0
