cost_values:
  wind_capex: 5000.0
  wind_opex: 100
  wind_lifetime: 20
  solar_capex: 1000.0
  solar_opex: 10
  solar_lifetime: 20
  carbon_price: 1.0
timeseries_values:
  load_level: 255718.485658553
  wind_year: 2018
  solar_year: 2016
  price_year: 2023
  carbon_year: 2023
storage_values:
  CAES:
    cost: 59.20410088627846
    lifetime: 24.103660654395767
    annual_cost: 2.456228609220876
    efficiency: 0.633838914137787
    discharge_ratio: 0.1
    depth_of_discharge: 0.4
  Li-ion:
    cost: 257.1472899289499
    lifetime: 20.32033446875091
    annual_cost: 12.654678018435034
    efficiency: 0.9531903716651479
    discharge_ratio: 2
    depth_of_discharge: 0.9
  Pb-acid:
    cost: 181.0008595774185
    lifetime: 13.461815764264086
    annual_cost: 13.445501167673516
    efficiency: 0.7419812596013307
    discharge_ratio: 5
    depth_of_discharge: 0.5
  VRBF:
    cost: 236.97764858818417
    lifetime: 21.168929488222947
    annual_cost: 11.19459766352491
    efficiency: 0.8066218788109197
    discharge_ratio: 0.5
    depth_of_discharge: 1.0
