cost_values:
  wind_capex: 5000.0
  wind_opex: 100
  wind_lifetime: 20
  solar_capex: 1000.0
  solar_opex: 10
  solar_lifetime: 20
  carbon_price: 1.0
timeseries_values:
  load_level: 259980.0270870072
  wind_year: 2011
  solar_year: 2015
  price_year: 2023
  carbon_year: 2023
storage_values:
  CAES:
    cost: 38.9242
    lifetime: 25.2641
    annual_cost: 1.5406921283560466
    efficiency: 0.568157
    discharge_ratio: 0.1
    depth_of_discharge: 0.4
  Li-ion:
    cost: 224.664
    lifetime: 21.0416
    annual_cost: 10.67713481864497
    efficiency: 0.8935
    discharge_ratio: 2
    depth_of_discharge: 0.9
  Pb-acid:
    cost: 230.707
    lifetime: 14.8028
    annual_cost: 15.585362228767531
    efficiency: 0.717704
    discharge_ratio: 5
    depth_of_discharge: 0.5
  VRBF:
    cost: 289.572
    lifetime: 20.9026
    annual_cost: 13.853396228220413
    efficiency: 0.842539
    discharge_ratio: 0.5
    depth_of_discharge: 1.0
