cost_values:
  wind_capex: 5000.0
  wind_opex: 100
  wind_lifetime: 20
  solar_capex: 1000.0
  solar_opex: 10
  solar_lifetime: 20
  carbon_price: 1.0
timeseries_values:
  load_level: 259980.0270870072
  wind_year: 2011
  solar_year: 2015
  price_year: 2023
  carbon_year: 2023
storage_values:
  CAES:
    cost: 41.9259
    lifetime: 24.6414
    annual_cost: 1.7014414765394823
    efficiency: 0.553822
    discharge_ratio: 0.1
    depth_of_discharge: 0.4
  Li-ion:
    cost: 226.179
    lifetime: 20.3835
    annual_cost: 11.096180734417542
    efficiency: 0.897006
    discharge_ratio: 2
    depth_of_discharge: 0.9
  Pb-acid:
    cost: 246.645
    lifetime: 15.8679
    annual_cost: 15.54364471669219
    efficiency: 0.714162
    discharge_ratio: 5
    depth_of_discharge: 0.5
  VRBF:
    cost: 277.032
    lifetime: 18.9138
    annual_cost: 14.647083082193953
    efficiency: 0.829949
    discharge_ratio: 0.5
    depth_of_discharge: 1.0
