cost_values:
  wind_capex: 5000.0
  wind_opex: 100
  wind_lifetime: 20
  solar_capex: 1000.0
  solar_opex: 10
  solar_lifetime: 20
  carbon_price: 1.0
timeseries_values:
  load_level: 259980.0270870072
  wind_year: 2011
  solar_year: 2015
  price_year: 2023
  carbon_year: 2023
storage_values:
  CAES:
    cost: 48.827
    lifetime: 25.9077
    annual_cost: 1.8846520532505782
    efficiency: 0.553558
    discharge_ratio: 0.1
    depth_of_discharge: 0.4
  Li-ion:
    cost: 234.746
    lifetime: 21.4223
    annual_cost: 10.958020380631398
    efficiency: 0.889321
    discharge_ratio: 2
    depth_of_discharge: 0.9
  Pb-acid:
    cost: 232.523
    lifetime: 13.6156
    annual_cost: 17.077690296424688
    efficiency: 0.705089
    discharge_ratio: 5
    depth_of_discharge: 0.5
  VRBF:
    cost: 281.901
    lifetime: 20.4559
    annual_cost: 13.780914063913102
    efficiency: 0.813488
    discharge_ratio: 0.5
    depth_of_discharge: 1.0
