cost_values:
  wind_capex: 5000.0
  wind_opex: 100
  wind_lifetime: 20
  solar_capex: 1000.0
  solar_opex: 10
  solar_lifetime: 20
  carbon_price: 1.0
timeseries_values:
  load_level: 259980.0270870072
  wind_year: 2011
  solar_year: 2015
  price_year: 2023
  carbon_year: 2023
storage_values:
  CAES:
    cost: 29.1654
    lifetime: 26.2256
    annual_cost: 1.112096577390031
    efficiency: 0.560542
    discharge_ratio: 0.1
    depth_of_discharge: 0.4
  Li-ion:
    cost: 254.582
    lifetime: 18.7303
    annual_cost: 13.591987314671949
    efficiency: 0.891742
    discharge_ratio: 2
    depth_of_discharge: 0.9
  Pb-acid:
    cost: 221.028
    lifetime: 13.7505
    annual_cost: 16.074179120759243
    efficiency: 0.717594
    discharge_ratio: 5
    depth_of_discharge: 0.5
  VRBF:
    cost: 294.289
    lifetime: 18.0758
    annual_cost: 16.28082851104792
    efficiency: 0.823361
    discharge_ratio: 0.5
    depth_of_discharge: 1.0
