cost_values:
  wind_capex: 5000.0
  wind_opex: 100
  wind_lifetime: 20
  solar_capex: 1000.0
  solar_opex: 10
  solar_lifetime: 20
  carbon_price: 1.0
timeseries_values:
  load_level: 259980.0270870072
  wind_year: 2011
  solar_year: 2015
  price_year: 2023
  carbon_year: 2023
storage_values:
  CAES:
    cost: 45.2796
    lifetime: 24.8207
    annual_cost: 1.8242676475683606
    efficiency: 0.554816
    discharge_ratio: 0.1
    depth_of_discharge: 0.4
  Li-ion:
    cost: 207.87
    lifetime: 20.7854
    annual_cost: 10.000769771089322
    efficiency: 0.901879
    discharge_ratio: 2
    depth_of_discharge: 0.9
  Pb-acid:
    cost: 224.656
    lifetime: 12.8261
    annual_cost: 17.51553472996468
    efficiency: 0.734356
    discharge_ratio: 5
    depth_of_discharge: 0.5
  VRBF:
    cost: 276.434
    lifetime: 18.9877
    annual_cost: 14.558582661407122
    efficiency: 0.841587
    discharge_ratio: 0.5
    depth_of_discharge: 1.0
