cost_values:
  wind_capex: 5000.0
  wind_opex: 100
  wind_lifetime: 20
  solar_capex: 1000.0
  solar_opex: 10
  solar_lifetime: 20
  carbon_price: 1.0
timeseries_values:
  load_level: 259980.0270870072
  wind_year: 2011
  solar_year: 2015
  price_year: 2023
  carbon_year: 2023
storage_values:
  CAES:
    cost: 41.2005
    lifetime: 24.706
    annual_cost: 1.6676313446126447
    efficiency: 0.555987
    discharge_ratio: 0.1
    depth_of_discharge: 0.4
  Li-ion:
    cost: 214.173
    lifetime: 21.0812
    annual_cost: 10.159431151926835
    efficiency: 0.911513
    discharge_ratio: 2
    depth_of_discharge: 0.9
  Pb-acid:
    cost: 239.258
    lifetime: 15.1027
    annual_cost: 15.842067974600567
    efficiency: 0.730111
    discharge_ratio: 5
    depth_of_discharge: 0.5
  VRBF:
    cost: 250.114
    lifetime: 17.7738
    annual_cost: 14.072061123676422
    efficiency: 0.840927
    discharge_ratio: 0.5
    depth_of_discharge: 1.0
