cost_values:
  wind_capex: 5000.0
  wind_opex: 100
  wind_lifetime: 20
  solar_capex: 1000.0
  solar_opex: 10
  solar_lifetime: 20
  carbon_price: 1.0
timeseries_values:
  load_level: 259980.0270870072
  wind_year: 2011
  solar_year: 2015
  price_year: 2023
  carbon_year: 2023
storage_values:
  CAES:
    cost: 41.8735
    lifetime: 25.4469
    annual_cost: 1.6455246022108785
    efficiency: 0.560044
    discharge_ratio: 0.1
    depth_of_discharge: 0.4
  Li-ion:
    cost: 219.193
    lifetime: 19.0442
    annual_cost: 11.509698490879114
    efficiency: 0.894829
    discharge_ratio: 2
    depth_of_discharge: 0.9
  Pb-acid:
    cost: 247.011
    lifetime: 15.0533
    annual_cost: 16.409093022792344
    efficiency: 0.707024
    discharge_ratio: 5
    depth_of_discharge: 0.5
  VRBF:
    cost: 267.697
    lifetime: 23.0972
    annual_cost: 11.590019569471623
    efficiency: 0.812329
    discharge_ratio: 0.5
    depth_of_discharge: 1.0
