cost_values:
  wind_capex: 5000.0
  wind_opex: 100
  wind_lifetime: 20
  solar_capex: 1000.0
  solar_opex: 10
  solar_lifetime: 20
  carbon_price: 1.0
timeseries_values:
  load_level: 259980.0270870072
  wind_year: 2011
  solar_year: 2015
  price_year: 2023
  carbon_year: 2023
storage_values:
  CAES:
    cost: 43.1454
    lifetime: 25.4463
    annual_cost: 1.6955470932905767
    efficiency: 0.553159
    discharge_ratio: 0.1
    depth_of_discharge: 0.4
  Li-ion:
    cost: 225.991
    lifetime: 20.2426
    annual_cost: 11.164129113849013
    efficiency: 0.89257
    discharge_ratio: 2
    depth_of_discharge: 0.9
  Pb-acid:
    cost: 233.656
    lifetime: 15.6543
    annual_cost: 14.925994774598674
    efficiency: 0.707767
    discharge_ratio: 5
    depth_of_discharge: 0.5
  VRBF:
    cost: 280.001
    lifetime: 20.5168
    annual_cost: 13.64740115417609
    efficiency: 0.831297
    discharge_ratio: 0.5
    depth_of_discharge: 1.0
