cost_values:
  wind_capex: 5000.0
  wind_opex: 100
  wind_lifetime: 20
  solar_capex: 1000.0
  solar_opex: 10
  solar_lifetime: 20
  carbon_price: 1.0
timeseries_values:
  load_level: 259980.0270870072
  wind_year: 2011
  solar_year: 2015
  price_year: 2023
  carbon_year: 2023
storage_values:
  CAES:
    cost: 38.3095
    lifetime: 25.3947
    annual_cost: 1.5085628103501911
    efficiency: 0.560034
    discharge_ratio: 0.1
    depth_of_discharge: 0.4
  Li-ion:
    cost: 222.498
    lifetime: 20.1716
    annual_cost: 11.03026036605921
    efficiency: 0.88838
    discharge_ratio: 2
    depth_of_discharge: 0.9
  Pb-acid:
    cost: 210.739
    lifetime: 14.5002
    annual_cost: 14.53352367553551
    efficiency: 0.731232
    discharge_ratio: 5
    depth_of_discharge: 0.5
  VRBF:
    cost: 270.647
    lifetime: 20.2769
    annual_cost: 13.347553126957274
    efficiency: 0.842568
    discharge_ratio: 0.5
    depth_of_discharge: 1.0
