cost_values:
  wind_capex: 5000.0
  wind_opex: 100
  wind_lifetime: 20
  solar_capex: 1000.0
  solar_opex: 10
  solar_lifetime: 20
  carbon_price: 1.0
timeseries_values:
  load_level: 259980.0270870072
  wind_year: 2011
  solar_year: 2015
  price_year: 2023
  carbon_year: 2023
storage_values:
  CAES:
    cost: 34.5494
    lifetime: 25.3954
    annual_cost: 1.3604589807602951
    efficiency: 0.551693
    discharge_ratio: 0.1
    depth_of_discharge: 0.4
  Li-ion:
    cost: 228.081
    lifetime: 20.8328
    annual_cost: 10.948168273107791
    efficiency: 0.909371
    discharge_ratio: 2
    depth_of_discharge: 0.9
  Pb-acid:
    cost: 238.578
    lifetime: 15.8111
    annual_cost: 15.089272726122788
    efficiency: 0.703704
    discharge_ratio: 5
    depth_of_discharge: 0.5
  VRBF:
    cost: 280.009
    lifetime: 19.7974
    annual_cost: 14.143725943810804
    efficiency: 0.842351
    discharge_ratio: 0.5
    depth_of_discharge: 1.0
