cost_values:
  wind_capex: 5000.0
  wind_opex: 100
  wind_lifetime: 20
  solar_capex: 1000.0
  solar_opex: 10
  solar_lifetime: 20
  carbon_price: 1.0
timeseries_values:
  load_level: 259980.0270870072
  wind_year: 2011
  solar_year: 2015
  price_year: 2023
  carbon_year: 2023
storage_values:
  CAES:
    cost: 40.6471
    lifetime: 24.3589
    annual_cost: 1.6686755149042036
    efficiency: 0.559037
    discharge_ratio: 0.1
    depth_of_discharge: 0.4
  Li-ion:
    cost: 237.388
    lifetime: 23.2688
    annual_cost: 10.201987210341747
    efficiency: 0.877772
    discharge_ratio: 2
    depth_of_discharge: 0.9
  Pb-acid:
    cost: 241.216
    lifetime: 15.0424
    annual_cost: 16.03573897782269
    efficiency: 0.726889
    discharge_ratio: 5
    depth_of_discharge: 0.5
  VRBF:
    cost: 283.106
    lifetime: 20.0481
    annual_cost: 14.121338181673075
    efficiency: 0.817034
    discharge_ratio: 0.5
    depth_of_discharge: 1.0
