cost_values:
  wind_capex: 5000.0
  wind_opex: 100
  wind_lifetime: 20
  solar_capex: 1000.0
  solar_opex: 10
  solar_lifetime: 20
  carbon_price: 1.0
timeseries_values:
  load_level: 259980.0270870072
  wind_year: 2011
  solar_year: 2015
  price_year: 2023
  carbon_year: 2023
storage_values:
  CAES:
    cost: 45.9249
    lifetime: 26.0917
    annual_cost: 1.7601344488860442
    efficiency: 0.562344
    discharge_ratio: 0.1
    depth_of_discharge: 0.4
  Li-ion:
    cost: 235.503
    lifetime: 22.2881
    annual_cost: 10.566311170534949
    efficiency: 0.899287
    discharge_ratio: 2
    depth_of_discharge: 0.9
  Pb-acid:
    cost: 229.446
    lifetime: 15.0512
    annual_cost: 15.24436589773573
    efficiency: 0.734201
    discharge_ratio: 5
    depth_of_discharge: 0.5
  VRBF:
    cost: 247.941
    lifetime: 20.3199
    annual_cost: 12.201880914768282
    efficiency: 0.836899
    discharge_ratio: 0.5
    depth_of_discharge: 1.0
