cost_values:
  wind_capex: 5000.0
  wind_opex: 100
  wind_lifetime: 20
  solar_capex: 1000.0
  solar_opex: 10
  solar_lifetime: 20
  carbon_price: 1.0
timeseries_values:
  load_level: 259980.0270870072
  wind_year: 2011
  solar_year: 2015
  price_year: 2023
  carbon_year: 2023
storage_values:
  CAES:
    cost: 34.8299
    lifetime: 24.2981
    annual_cost: 1.4334412978792581
    efficiency: 0.551764
    discharge_ratio: 0.1
    depth_of_discharge: 0.4
  Li-ion:
    cost: 215.464
    lifetime: 21.3305
    annual_cost: 10.101216567825414
    efficiency: 0.898214
    discharge_ratio: 2
    depth_of_discharge: 0.9
  Pb-acid:
    cost: 243.32
    lifetime: 16.0815
    annual_cost: 15.130429375369214
    efficiency: 0.698391
    discharge_ratio: 5
    depth_of_discharge: 0.5
  VRBF:
    cost: 280.038
    lifetime: 18.0709
    annual_cost: 15.496627174075446
    efficiency: 0.831735
    discharge_ratio: 0.5
    depth_of_discharge: 1.0
