cost_values:
  wind_capex: 5000.0
  wind_opex: 100
  wind_lifetime: 20
  solar_capex: 1000.0
  solar_opex: 10
  solar_lifetime: 20
  carbon_price: 1.0
timeseries_values:
  load_level: 259980.0270870072
  wind_year: 2011
  solar_year: 2015
  price_year: 2023
  carbon_year: 2023
storage_values:
  CAES:
    cost: 40.3079
    lifetime: 25.6678
    annual_cost: 1.5703683213987953
    efficiency: 0.565608
    discharge_ratio: 0.1
    depth_of_discharge: 0.4
  Li-ion:
    cost: 240.124
    lifetime: 20.9607
    annual_cost: 11.45591511733864
    efficiency: 0.901673
    discharge_ratio: 2
    depth_of_discharge: 0.9
  Pb-acid:
    cost: 246.01
    lifetime: 14.7075
    annual_cost: 16.726840047594763
    efficiency: 0.709698
    discharge_ratio: 5
    depth_of_discharge: 0.5
  VRBF:
    cost: 286.48
    lifetime: 22.5535
    annual_cost: 12.702241337264727
    efficiency: 0.815048
    discharge_ratio: 0.5
    depth_of_discharge: 1.0
