cost_values:
  wind_capex: 5000.0
  wind_opex: 100
  wind_lifetime: 20
  solar_capex: 1000.0
  solar_opex: 10
  solar_lifetime: 20
  carbon_price: 1.0
timeseries_values:
  load_level: 259980.0270870072
  wind_year: 2011
  solar_year: 2015
  price_year: 2023
  carbon_year: 2023
storage_values:
  CAES:
    cost: 43.0678
    lifetime: 26.255
    annual_cost: 1.6403656446391164
    efficiency: 0.555437
    discharge_ratio: 0.1
    depth_of_discharge: 0.4
  Li-ion:
    cost: 219.026
    lifetime: 20.3267
    annual_cost: 10.775285707960467
    efficiency: 0.891018
    discharge_ratio: 2
    depth_of_discharge: 0.9
  Pb-acid:
    cost: 217.526
    lifetime: 13.5153
    annual_cost: 16.09479626793338
    efficiency: 0.71984
    discharge_ratio: 5
    depth_of_discharge: 0.5
  VRBF:
    cost: 214.753
    lifetime: 19.5753
    annual_cost: 10.970610922948818
    efficiency: 0.836441
    discharge_ratio: 0.5
    depth_of_discharge: 1.0
