cost_values:
  wind_capex: 5000.0
  wind_opex: 100
  wind_lifetime: 20
  solar_capex: 1000.0
  solar_opex: 10
  solar_lifetime: 20
  carbon_price: 1.0
timeseries_values:
  load_level: 259980.0270870072
  wind_year: 2011
  solar_year: 2015
  price_year: 2023
  carbon_year: 2023
storage_values:
  CAES:
    cost: 40.0868
    lifetime: 26.0117
    annual_cost: 1.5411065020740664
    efficiency: 0.560413
    discharge_ratio: 0.1
    depth_of_discharge: 0.4
  Li-ion:
    cost: 235.148
    lifetime: 19.2949
    annual_cost: 12.187054610285621
    efficiency: 0.899171
    discharge_ratio: 2
    depth_of_discharge: 0.9
  Pb-acid:
    cost: 236.032
    lifetime: 14.432
    annual_cost: 16.354767184035477
    efficiency: 0.714902
    discharge_ratio: 5
    depth_of_discharge: 0.5
  VRBF:
    cost: 287.638
    lifetime: 20.26
    annual_cost: 14.197334649555772
    efficiency: 0.815673
    discharge_ratio: 0.5
    depth_of_discharge: 1.0
