cost_values:
  wind_capex: 5000.0
  wind_opex: 100
  wind_lifetime: 20
  solar_capex: 1000.0
  solar_opex: 10
  solar_lifetime: 20
  carbon_price: 1.0
timeseries_values:
  load_level: 259980.0270870072
  wind_year: 2011
  solar_year: 2015
  price_year: 2023
  carbon_year: 2023
storage_values:
  CAES:
    cost: 39.4238
    lifetime: 23.6987
    annual_cost: 1.6635427259723108
    efficiency: 0.557501
    discharge_ratio: 0.1
    depth_of_discharge: 0.4
  Li-ion:
    cost: 227.043
    lifetime: 19.8864
    annual_cost: 11.416998551774078
    efficiency: 0.890263
    discharge_ratio: 2
    depth_of_discharge: 0.9
  Pb-acid:
    cost: 241.821
    lifetime: 16.3033
    annual_cost: 14.83264124441064
    efficiency: 0.715287
    discharge_ratio: 5
    depth_of_discharge: 0.5
  VRBF:
    cost: 292.214
    lifetime: 19.2457
    annual_cost: 15.183339655091787
    efficiency: 0.82002
    discharge_ratio: 0.5
    depth_of_discharge: 1.0
