cost_values:
  wind_capex: 5000.0
  wind_opex: 100
  wind_lifetime: 20
  solar_capex: 1000.0
  solar_opex: 10
  solar_lifetime: 20
  carbon_price: 1.0
timeseries_values:
  load_level: 259980.0270870072
  wind_year: 2011
  solar_year: 2015
  price_year: 2023
  carbon_year: 2023
storage_values:
  CAES:
    cost: 37.7747
    lifetime: 25.2435
    annual_cost: 1.4964129379840356
    efficiency: 0.556021
    discharge_ratio: 0.1
    depth_of_discharge: 0.4
  Li-ion:
    cost: 232.233
    lifetime: 19.5478
    annual_cost: 11.880262740564156
    efficiency: 0.898275
    discharge_ratio: 2
    depth_of_discharge: 0.9
  Pb-acid:
    cost: 242.123
    lifetime: 14.8654
    annual_cost: 16.287688188679752
    efficiency: 0.715942
    discharge_ratio: 5
    depth_of_discharge: 0.5
  VRBF:
    cost: 280.86
    lifetime: 18.6394
    annual_cost: 15.068081590609141
    efficiency: 0.821313
    discharge_ratio: 0.5
    depth_of_discharge: 1.0
