cost_values:
  wind_capex: 5000.0
  wind_opex: 100
  wind_lifetime: 20
  solar_capex: 1000.0
  solar_opex: 10
  solar_lifetime: 20
  carbon_price: 1.0
timeseries_values:
  load_level: 259980.0270870072
  wind_year: 2011
  solar_year: 2015
  price_year: 2023
  carbon_year: 2023
storage_values:
  CAES:
    cost: 36.6656
    lifetime: 25.3691
    annual_cost: 1.4452858004422702
    efficiency: 0.555645
    discharge_ratio: 0.1
    depth_of_discharge: 0.4
  Li-ion:
    cost: 216.037
    lifetime: 22.8127
    annual_cost: 9.470032043554687
    efficiency: 0.905202
    discharge_ratio: 2
    depth_of_discharge: 0.9
  Pb-acid:
    cost: 243.308
    lifetime: 15.2032
    annual_cost: 16.00373605556725
    efficiency: 0.710536
    discharge_ratio: 5
    depth_of_discharge: 0.5
  VRBF:
    cost: 297.754
    lifetime: 19.2899
    annual_cost: 15.435746167683607
    efficiency: 0.825434
    discharge_ratio: 0.5
    depth_of_discharge: 1.0
