cost_values:
  wind_capex: 5000.0
  wind_opex: 100
  wind_lifetime: 20
  solar_capex: 1000.0
  solar_opex: 10
  solar_lifetime: 20
  carbon_price: 1.0
timeseries_values:
  load_level: 259980.0270870072
  wind_year: 2011
  solar_year: 2015
  price_year: 2023
  carbon_year: 2023
storage_values:
  CAES:
    cost: 39.4621
    lifetime: 25.4849
    annual_cost: 1.5484502587806896
    efficiency: 0.564093
    discharge_ratio: 0.1
    depth_of_discharge: 0.4
  Li-ion:
    cost: 217.089
    lifetime: 21.1236
    annual_cost: 10.277083451684373
    efficiency: 0.90257
    discharge_ratio: 2
    depth_of_discharge: 0.9
  Pb-acid:
    cost: 236.893
    lifetime: 16.6914
    annual_cost: 14.192518302838586
    efficiency: 0.711992
    discharge_ratio: 5
    depth_of_discharge: 0.5
  VRBF:
    cost: 281.814
    lifetime: 19.13
    annual_cost: 14.731521170935705
    efficiency: 0.837501
    discharge_ratio: 0.5
    depth_of_discharge: 1.0
