cost_values:
  wind_capex: 5000.0
  wind_opex: 100
  wind_lifetime: 20
  solar_capex: 1000.0
  solar_opex: 10
  solar_lifetime: 20
  carbon_price: 1.0
timeseries_values:
  load_level: 259980.0270870072
  wind_year: 2011
  solar_year: 2015
  price_year: 2023
  carbon_year: 2023
storage_values:
  CAES:
    cost: 42.742
    lifetime: 26.1372
    annual_cost: 1.6352937575562798
    efficiency: 0.56376
    discharge_ratio: 0.1
    depth_of_discharge: 0.4
  Li-ion:
    cost: 219.49
    lifetime: 21.8886
    annual_cost: 10.027594272817813
    efficiency: 0.894227
    discharge_ratio: 2
    depth_of_discharge: 0.9
  Pb-acid:
    cost: 240.954
    lifetime: 15.6254
    annual_cost: 15.420661231072485
    efficiency: 0.708854
    discharge_ratio: 5
    depth_of_discharge: 0.5
  VRBF:
    cost: 252.532
    lifetime: 20.341
    annual_cost: 12.414925519885944
    efficiency: 0.838625
    discharge_ratio: 0.5
    depth_of_discharge: 1.0
