cost_values:
  wind_capex: 5000.0
  wind_opex: 100
  wind_lifetime: 20
  solar_capex: 1000.0
  solar_opex: 10
  solar_lifetime: 20
  carbon_price: 1.0
timeseries_values:
  load_level: 259980.0270870072
  wind_year: 2011
  solar_year: 2015
  price_year: 2023
  carbon_year: 2023
storage_values:
  CAES:
    cost: 46.4037
    lifetime: 25.477
    annual_cost: 1.8213957687325824
    efficiency: 0.553626
    discharge_ratio: 0.1
    depth_of_discharge: 0.4
  Li-ion:
    cost: 234.501
    lifetime: 20.0798
    annual_cost: 11.678452972639171
    efficiency: 0.895024
    discharge_ratio: 2
    depth_of_discharge: 0.9
  Pb-acid:
    cost: 230.619
    lifetime: 14.0436
    annual_cost: 16.42164402290011
    efficiency: 0.710271
    discharge_ratio: 5
    depth_of_discharge: 0.5
  VRBF:
    cost: 257.689
    lifetime: 20.4868
    annual_cost: 12.57829431634028
    efficiency: 0.829292
    discharge_ratio: 0.5
    depth_of_discharge: 1.0
