cost_values:
  wind_capex: 5000.0
  wind_opex: 100
  wind_lifetime: 20
  solar_capex: 1000.0
  solar_opex: 10
  solar_lifetime: 20
  carbon_price: 1.0
timeseries_values:
  load_level: 259980.0270870072
  wind_year: 2011
  solar_year: 2015
  price_year: 2023
  carbon_year: 2023
storage_values:
  CAES:
    cost: 40.8853
    lifetime: 24.5539
    annual_cost: 1.6651244812433057
    efficiency: 0.55849
    discharge_ratio: 0.1
    depth_of_discharge: 0.4
  Li-ion:
    cost: 233.11
    lifetime: 21.638
    annual_cost: 10.773176818559941
    efficiency: 0.886166
    discharge_ratio: 2
    depth_of_discharge: 0.9
  Pb-acid:
    cost: 234.608
    lifetime: 16.779
    annual_cost: 13.982239704392395
    efficiency: 0.70233
    discharge_ratio: 5
    depth_of_discharge: 0.5
  VRBF:
    cost: 283.236
    lifetime: 20.9463
    annual_cost: 13.522006273184285
    efficiency: 0.832216
    discharge_ratio: 0.5
    depth_of_discharge: 1.0
