cost_values:
  wind_capex: 5000.0
  wind_opex: 100
  wind_lifetime: 20
  solar_capex: 1000.0
  solar_opex: 10
  solar_lifetime: 20
  carbon_price: 1.0
timeseries_values:
  load_level: 259980.0270870072
  wind_year: 2011
  solar_year: 2015
  price_year: 2023
  carbon_year: 2023
storage_values:
  CAES:
    cost: 37.2361
    lifetime: 24.7919
    annual_cost: 1.501946200170217
    efficiency: 0.560497
    discharge_ratio: 0.1
    depth_of_discharge: 0.4
  Li-ion:
    cost: 212.171
    lifetime: 20.2232
    annual_cost: 10.49146524783417
    efficiency: 0.903674
    discharge_ratio: 2
    depth_of_discharge: 0.9
  Pb-acid:
    cost: 231.282
    lifetime: 16.1442
    annual_cost: 14.326011818485895
    efficiency: 0.692504
    discharge_ratio: 5
    depth_of_discharge: 0.5
  VRBF:
    cost: 245.786
    lifetime: 21.8049
    annual_cost: 11.272053529252599
    efficiency: 0.839419
    discharge_ratio: 0.5
    depth_of_discharge: 1.0
