cost_values:
  wind_capex: 5000.0
  wind_opex: 100
  wind_lifetime: 20
  solar_capex: 1000.0
  solar_opex: 10
  solar_lifetime: 20
  carbon_price: 1.0
timeseries_values:
  load_level: 259980.0270870072
  wind_year: 2011
  solar_year: 2015
  price_year: 2023
  carbon_year: 2023
storage_values:
  CAES:
    cost: 37.9939
    lifetime: 25.1805
    annual_cost: 1.5088620162427275
    efficiency: 0.559532
    discharge_ratio: 0.1
    depth_of_discharge: 0.4
  Li-ion:
    cost: 214.959
    lifetime: 21.4154
    annual_cost: 10.037589771846427
    efficiency: 0.877918
    discharge_ratio: 2
    depth_of_discharge: 0.9
  Pb-acid:
    cost: 241.789
    lifetime: 15.3462
    annual_cost: 15.755626800119899
    efficiency: 0.719947
    discharge_ratio: 5
    depth_of_discharge: 0.5
  VRBF:
    cost: 267.111
    lifetime: 18.4531
    annual_cost: 14.47512884014068
    efficiency: 0.823702
    discharge_ratio: 0.5
    depth_of_discharge: 1.0
