cost_values:
  wind_capex: 5000.0
  wind_opex: 100
  wind_lifetime: 20
  solar_capex: 1000.0
  solar_opex: 10
  solar_lifetime: 20
  carbon_price: 1.0
timeseries_values:
  load_level: 259980.0270870072
  wind_year: 2011
  solar_year: 2015
  price_year: 2023
  carbon_year: 2023
storage_values:
  CAES:
    cost: 38.6534
    lifetime: 25.6618
    annual_cost: 1.5062622263442158
    efficiency: 0.568863
    discharge_ratio: 0.1
    depth_of_discharge: 0.4
  Li-ion:
    cost: 223.096
    lifetime: 19.8367
    annual_cost: 11.246628723527603
    efficiency: 0.901113
    discharge_ratio: 2
    depth_of_discharge: 0.9
  Pb-acid:
    cost: 240.972
    lifetime: 15.0648
    annual_cost: 15.99569858212522
    efficiency: 0.708035
    discharge_ratio: 5
    depth_of_discharge: 0.5
  VRBF:
    cost: 287.821
    lifetime: 20.1736
    annual_cost: 14.267210611888807
    efficiency: 0.839063
    discharge_ratio: 0.5
    depth_of_discharge: 1.0
