cost_values:
  wind_capex: 5000.0
  wind_opex: 100
  wind_lifetime: 20
  solar_capex: 1000.0
  solar_opex: 10
  solar_lifetime: 20
  carbon_price: 1.0
timeseries_values:
  load_level: 259980.0270870072
  wind_year: 2011
  solar_year: 2015
  price_year: 2023
  carbon_year: 2023
storage_values:
  CAES:
    cost: 40.5988
    lifetime: 25.4342
    annual_cost: 1.5962286999394515
    efficiency: 0.553518
    discharge_ratio: 0.1
    depth_of_discharge: 0.4
  Li-ion:
    cost: 233.442
    lifetime: 19.1138
    annual_cost: 12.213269993407904
    efficiency: 0.888472
    discharge_ratio: 2
    depth_of_discharge: 0.9
  Pb-acid:
    cost: 233.083
    lifetime: 14.8041
    annual_cost: 15.7444897021771
    efficiency: 0.718862
    discharge_ratio: 5
    depth_of_discharge: 0.5
  VRBF:
    cost: 267.457
    lifetime: 18.8431
    annual_cost: 14.19389590884727
    efficiency: 0.830436
    discharge_ratio: 0.5
    depth_of_discharge: 1.0
