cost_values:
  wind_capex: 5000.0
  wind_opex: 100
  wind_lifetime: 20
  solar_capex: 1000.0
  solar_opex: 10
  solar_lifetime: 20
  carbon_price: 1.0
timeseries_values:
  load_level: 259980.0270870072
  wind_year: 2011
  solar_year: 2015
  price_year: 2023
  carbon_year: 2023
storage_values:
  CAES:
    cost: 45.5266
    lifetime: 25.7371
    annual_cost: 1.7689094730952593
    efficiency: 0.566639
    discharge_ratio: 0.1
    depth_of_discharge: 0.4
  Li-ion:
    cost: 214.436
    lifetime: 20.9318
    annual_cost: 10.244508355707584
    efficiency: 0.899411
    discharge_ratio: 2
    depth_of_discharge: 0.9
  Pb-acid:
    cost: 218.687
    lifetime: 14.7987
    annual_cost: 14.777446667612697
    efficiency: 0.72594
    discharge_ratio: 5
    depth_of_discharge: 0.5
  VRBF:
    cost: 269.779
    lifetime: 21.2727
    annual_cost: 12.68193506230991
    efficiency: 0.823041
    discharge_ratio: 0.5
    depth_of_discharge: 1.0
