cost_values:
  wind_capex: 5000.0
  wind_opex: 100
  wind_lifetime: 20
  solar_capex: 1000.0
  solar_opex: 10
  solar_lifetime: 20
  carbon_price: 1.0
timeseries_values:
  load_level: 259980.0270870072
  wind_year: 2011
  solar_year: 2015
  price_year: 2023
  carbon_year: 2023
storage_values:
  CAES:
    cost: 37.9962
    lifetime: 24.9969
    annual_cost: 1.520036484524081
    efficiency: 0.557846
    discharge_ratio: 0.1
    depth_of_discharge: 0.4
  Li-ion:
    cost: 232.48
    lifetime: 22.1821
    annual_cost: 10.480522583524554
    efficiency: 0.900562
    discharge_ratio: 2
    depth_of_discharge: 0.9
  Pb-acid:
    cost: 221.317
    lifetime: 15.1226
    annual_cost: 14.634851149934535
    efficiency: 0.711433
    discharge_ratio: 5
    depth_of_discharge: 0.5
  VRBF:
    cost: 294.431
    lifetime: 20.6559
    annual_cost: 14.254087209949699
    efficiency: 0.813296
    discharge_ratio: 0.5
    depth_of_discharge: 1.0
