cost_values:
  wind_capex: 5000.0
  wind_opex: 100
  wind_lifetime: 20
  solar_capex: 1000.0
  solar_opex: 10
  solar_lifetime: 20
  carbon_price: 1.0
timeseries_values:
  load_level: 259980.0270870072
  wind_year: 2011
  solar_year: 2015
  price_year: 2023
  carbon_year: 2023
storage_values:
  CAES:
    cost: 39.9695
    lifetime: 26.5284
    annual_cost: 1.5066683252665067
    efficiency: 0.55534
    discharge_ratio: 0.1
    depth_of_discharge: 0.4
  Li-ion:
    cost: 208.521
    lifetime: 20.2802
    annual_cost: 10.281999191329474
    efficiency: 0.902356
    discharge_ratio: 2
    depth_of_discharge: 0.9
  Pb-acid:
    cost: 240.6
    lifetime: 15.0944
    annual_cost: 15.939686241255034
    efficiency: 0.722277
    discharge_ratio: 5
    depth_of_discharge: 0.5
  VRBF:
    cost: 282.527
    lifetime: 18.6305
    annual_cost: 15.164756716137514
    efficiency: 0.816225
    discharge_ratio: 0.5
    depth_of_discharge: 1.0
