cost_values:
  wind_capex: 5000.0
  wind_opex: 100
  wind_lifetime: 20
  solar_capex: 1000.0
  solar_opex: 10
  solar_lifetime: 20
  carbon_price: 1.0
timeseries_values:
  load_level: 259980.0270870072
  wind_year: 2011
  solar_year: 2015
  price_year: 2023
  carbon_year: 2023
storage_values:
  CAES:
    cost: 36.7509
    lifetime: 25.4683
    annual_cost: 1.443005618749583
    efficiency: 0.560316
    discharge_ratio: 0.1
    depth_of_discharge: 0.4
  Li-ion:
    cost: 216.457
    lifetime: 21.5127
    annual_cost: 10.06182394585524
    efficiency: 0.900457
    discharge_ratio: 2
    depth_of_discharge: 0.9
  Pb-acid:
    cost: 235.429
    lifetime: 13.5902
    annual_cost: 17.32343894865418
    efficiency: 0.707599
    discharge_ratio: 5
    depth_of_discharge: 0.5
  VRBF:
    cost: 263.008
    lifetime: 22.4091
    annual_cost: 11.736660553078883
    efficiency: 0.827738
    discharge_ratio: 0.5
    depth_of_discharge: 1.0
