cost_values:
  wind_capex: 5000.0
  wind_opex: 100
  wind_lifetime: 20
  solar_capex: 1000.0
  solar_opex: 10
  solar_lifetime: 20
  carbon_price: 1.0
timeseries_values:
  load_level: 259980.0270870072
  wind_year: 2011
  solar_year: 2015
  price_year: 2023
  carbon_year: 2023
storage_values:
  CAES:
    cost: 34.8758
    lifetime: 26.0865
    annual_cost: 1.3369290629252677
    efficiency: 0.55747
    discharge_ratio: 0.1
    depth_of_discharge: 0.4
  Li-ion:
    cost: 209.821
    lifetime: 20.5531
    annual_cost: 10.208727637193416
    efficiency: 0.898379
    discharge_ratio: 2
    depth_of_discharge: 0.9
  Pb-acid:
    cost: 232.075
    lifetime: 16.6618
    annual_cost: 13.928567141605349
    efficiency: 0.719683
    discharge_ratio: 5
    depth_of_discharge: 0.5
  VRBF:
    cost: 285.162
    lifetime: 17.5625
    annual_cost: 16.236982206405692
    efficiency: 0.823879
    discharge_ratio: 0.5
    depth_of_discharge: 1.0
