cost_values:
  wind_capex: 5000.0
  wind_opex: 100
  wind_lifetime: 20
  solar_capex: 1000.0
  solar_opex: 10
  solar_lifetime: 20
  carbon_price: 1.0
timeseries_values:
  load_level: 259980.0270870072
  wind_year: 2011
  solar_year: 2015
  price_year: 2023
  carbon_year: 2023
storage_values:
  CAES:
    cost: 38.2054
    lifetime: 24.5469
    annual_cost: 1.5564246401785968
    efficiency: 0.561111
    discharge_ratio: 0.1
    depth_of_discharge: 0.4
  Li-ion:
    cost: 223.56
    lifetime: 20.1162
    annual_cost: 11.113430966087035
    efficiency: 0.905278
    discharge_ratio: 2
    depth_of_discharge: 0.9
  Pb-acid:
    cost: 240.221
    lifetime: 15.4481
    annual_cost: 15.550197111618905
    efficiency: 0.706042
    discharge_ratio: 5
    depth_of_discharge: 0.5
  VRBF:
    cost: 273.97
    lifetime: 19.1602
    annual_cost: 14.29891128485089
    efficiency: 0.834984
    discharge_ratio: 0.5
    depth_of_discharge: 1.0
