cost_values:
  wind_capex: 5000.0
  wind_opex: 100
  wind_lifetime: 20
  solar_capex: 1000.0
  solar_opex: 10
  solar_lifetime: 20
  carbon_price: 1.0
timeseries_values:
  load_level: 259980.0270870072
  wind_year: 2011
  solar_year: 2015
  price_year: 2023
  carbon_year: 2023
storage_values:
  CAES:
    cost: 42.1937
    lifetime: 24.6844
    annual_cost: 1.70932653821847
    efficiency: 0.557541
    discharge_ratio: 0.1
    depth_of_discharge: 0.4
  Li-ion:
    cost: 214.116
    lifetime: 23.743
    annual_cost: 9.01806848334246
    efficiency: 0.893269
    discharge_ratio: 2
    depth_of_discharge: 0.9
  Pb-acid:
    cost: 224.38
    lifetime: 14.8656
    annual_cost: 15.093908083091163
    efficiency: 0.717375
    discharge_ratio: 5
    depth_of_discharge: 0.5
  VRBF:
    cost: 301.045
    lifetime: 20.5445
    annual_cost: 14.653313538903358
    efficiency: 0.847872
    discharge_ratio: 0.5
    depth_of_discharge: 1.0
