cost_values:
  wind_capex: 5000.0
  wind_opex: 100
  wind_lifetime: 20
  solar_capex: 1000.0
  solar_opex: 10
  solar_lifetime: 20
  carbon_price: 1.0
timeseries_values:
  load_level: 259980.0270870072
  wind_year: 2011
  solar_year: 2015
  price_year: 2023
  carbon_year: 2023
storage_values:
  CAES:
    cost: 36.7517
    lifetime: 25.064
    annual_cost: 1.466314235556974
    efficiency: 0.554417
    discharge_ratio: 0.1
    depth_of_discharge: 0.4
  Li-ion:
    cost: 225.603
    lifetime: 21.4671
    annual_cost: 10.509244378607265
    efficiency: 0.912325
    discharge_ratio: 2
    depth_of_discharge: 0.9
  Pb-acid:
    cost: 233.177
    lifetime: 14.2573
    annual_cost: 16.35491993575221
    efficiency: 0.70722
    discharge_ratio: 5
    depth_of_discharge: 0.5
  VRBF:
    cost: 257.451
    lifetime: 19.3804
    annual_cost: 13.284091143629647
    efficiency: 0.833758
    discharge_ratio: 0.5
    depth_of_discharge: 1.0
