cost_values:
  wind_capex: 5000.0
  wind_opex: 100
  wind_lifetime: 20
  solar_capex: 1000.0
  solar_opex: 10
  solar_lifetime: 20
  carbon_price: 1.0
timeseries_values:
  load_level: 259980.0270870072
  wind_year: 2011
  solar_year: 2015
  price_year: 2023
  carbon_year: 2023
storage_values:
  CAES:
    cost: 46.7743
    lifetime: 25.2961
    annual_cost: 1.8490715960167772
    efficiency: 0.563956
    discharge_ratio: 0.1
    depth_of_discharge: 0.4
  Li-ion:
    cost: 229.649
    lifetime: 21.7398
    annual_cost: 10.563528643317786
    efficiency: 0.899347
    discharge_ratio: 2
    depth_of_discharge: 0.9
  Pb-acid:
    cost: 239.693
    lifetime: 14.2068
    annual_cost: 16.87170932229637
    efficiency: 0.730465
    discharge_ratio: 5
    depth_of_discharge: 0.5
  VRBF:
    cost: 256.711
    lifetime: 19.4442
    annual_cost: 13.202445973606528
    efficiency: 0.823912
    discharge_ratio: 0.5
    depth_of_discharge: 1.0
