cost_values:
  wind_capex: 5000.0
  wind_opex: 100
  wind_lifetime: 20
  solar_capex: 1000.0
  solar_opex: 10
  solar_lifetime: 20
  carbon_price: 1.0
timeseries_values:
  load_level: 259980.0270870072
  wind_year: 2011
  solar_year: 2015
  price_year: 2023
  carbon_year: 2023
storage_values:
  CAES:
    cost: 41.0883
    lifetime: 25.6806
    annual_cost: 1.5999742996658957
    efficiency: 0.554437
    discharge_ratio: 0.1
    depth_of_discharge: 0.4
  Li-ion:
    cost: 230.248
    lifetime: 19.7044
    annual_cost: 11.68510586467997
    efficiency: 0.902212
    discharge_ratio: 2
    depth_of_discharge: 0.9
  Pb-acid:
    cost: 240.168
    lifetime: 14.3516
    annual_cost: 16.73458011650269
    efficiency: 0.708253
    discharge_ratio: 5
    depth_of_discharge: 0.5
  VRBF:
    cost: 248.533
    lifetime: 20.6579
    annual_cost: 12.030893750090764
    efficiency: 0.819934
    discharge_ratio: 0.5
    depth_of_discharge: 1.0
