cost_values:
  wind_capex: 5000.0
  wind_opex: 100
  wind_lifetime: 20
  solar_capex: 1000.0
  solar_opex: 10
  solar_lifetime: 20
  carbon_price: 1.0
timeseries_values:
  load_level: 259980.0270870072
  wind_year: 2011
  solar_year: 2015
  price_year: 2023
  carbon_year: 2023
storage_values:
  CAES:
    cost: 43.451
    lifetime: 26.269
    annual_cost: 1.654078952377327
    efficiency: 0.551737
    discharge_ratio: 0.1
    depth_of_discharge: 0.4
  Li-ion:
    cost: 221.94
    lifetime: 19.4739
    annual_cost: 11.39679263013572
    efficiency: 0.889384
    discharge_ratio: 2
    depth_of_discharge: 0.9
  Pb-acid:
    cost: 231.924
    lifetime: 16.4263
    annual_cost: 14.119065157704412
    efficiency: 0.722028
    discharge_ratio: 5
    depth_of_discharge: 0.5
  VRBF:
    cost: 275.642
    lifetime: 19.8705
    annual_cost: 13.87192068644473
    efficiency: 0.82581
    discharge_ratio: 0.5
    depth_of_discharge: 1.0
