cost_values:
  wind_capex: 5000.0
  wind_opex: 100
  wind_lifetime: 20
  solar_capex: 1000.0
  solar_opex: 10
  solar_lifetime: 20
  carbon_price: 1.0
timeseries_values:
  load_level: 259980.0270870072
  wind_year: 2011
  solar_year: 2015
  price_year: 2023
  carbon_year: 2023
storage_values:
  CAES:
    cost: 41.7672
    lifetime: 25.4088
    annual_cost: 1.643808444318504
    efficiency: 0.553358
    discharge_ratio: 0.1
    depth_of_discharge: 0.4
  Li-ion:
    cost: 220.414
    lifetime: 20.2939
    annual_cost: 10.8610961914664
    efficiency: 0.908278
    discharge_ratio: 2
    depth_of_discharge: 0.9
  Pb-acid:
    cost: 228.418
    lifetime: 14.8497
    annual_cost: 15.381994249042068
    efficiency: 0.712472
    discharge_ratio: 5
    depth_of_discharge: 0.5
  VRBF:
    cost: 238.088
    lifetime: 19.4233
    annual_cost: 12.257855256315867
    efficiency: 0.830761
    discharge_ratio: 0.5
    depth_of_discharge: 1.0
