cost_values:
  wind_capex: 5000.0
  wind_opex: 100
  wind_lifetime: 20
  solar_capex: 1000.0
  solar_opex: 10
  solar_lifetime: 20
  carbon_price: 1.0
timeseries_values:
  load_level: 259980.0270870072
  wind_year: 2011
  solar_year: 2015
  price_year: 2023
  carbon_year: 2023
storage_values:
  CAES:
    cost: 42.952
    lifetime: 25.4915
    annual_cost: 1.6849538081321225
    efficiency: 0.561134
    discharge_ratio: 0.1
    depth_of_discharge: 0.4
  Li-ion:
    cost: 205.272
    lifetime: 20.7726
    annual_cost: 9.88186360879235
    efficiency: 0.894816
    discharge_ratio: 2
    depth_of_discharge: 0.9
  Pb-acid:
    cost: 235.726
    lifetime: 13.0042
    annual_cost: 18.126912843542854
    efficiency: 0.717767
    discharge_ratio: 5
    depth_of_discharge: 0.5
  VRBF:
    cost: 258.708
    lifetime: 19.9241
    annual_cost: 12.984676848640593
    efficiency: 0.832469
    discharge_ratio: 0.5
    depth_of_discharge: 1.0
