cost_values:
  wind_capex: 5000.0
  wind_opex: 100
  wind_lifetime: 20
  solar_capex: 1000.0
  solar_opex: 10
  solar_lifetime: 20
  carbon_price: 1.0
timeseries_values:
  load_level: 259980.0270870072
  wind_year: 2011
  solar_year: 2015
  price_year: 2023
  carbon_year: 2023
storage_values:
  CAES:
    cost: 29.0073
    lifetime: 25.9445
    annual_cost: 1.118051995606005
    efficiency: 0.557622
    discharge_ratio: 0.1
    depth_of_discharge: 0.4
  Li-ion:
    cost: 209.256
    lifetime: 22.2465
    annual_cost: 9.406243678780932
    efficiency: 0.885305
    discharge_ratio: 2
    depth_of_discharge: 0.9
  Pb-acid:
    cost: 240.087
    lifetime: 15.2413
    annual_cost: 15.752396449121793
    efficiency: 0.712992
    discharge_ratio: 5
    depth_of_discharge: 0.5
  VRBF:
    cost: 294.241
    lifetime: 19.2209
    annual_cost: 15.308388264857523
    efficiency: 0.833193
    discharge_ratio: 0.5
    depth_of_discharge: 1.0
