cost_values:
  wind_capex: 5000.0
  wind_opex: 100
  wind_lifetime: 20
  solar_capex: 1000.0
  solar_opex: 10
  solar_lifetime: 20
  carbon_price: 1.0
timeseries_values:
  load_level: 259980.0270870072
  wind_year: 2011
  solar_year: 2015
  price_year: 2023
  carbon_year: 2023
storage_values:
  CAES:
    cost: 47.5537
    lifetime: 25.1665
    annual_cost: 1.889563507043093
    efficiency: 0.56013
    discharge_ratio: 0.1
    depth_of_discharge: 0.4
  Li-ion:
    cost: 215.256
    lifetime: 21.3014
    annual_cost: 10.105251298036748
    efficiency: 0.899487
    discharge_ratio: 2
    depth_of_discharge: 0.9
  Pb-acid:
    cost: 232.787
    lifetime: 13.7293
    annual_cost: 16.95548935488335
    efficiency: 0.725001
    discharge_ratio: 5
    depth_of_discharge: 0.5
  VRBF:
    cost: 277.604
    lifetime: 18.2514
    annual_cost: 15.210011286805395
    efficiency: 0.847369
    discharge_ratio: 0.5
    depth_of_discharge: 1.0
