cost_values:
  wind_capex: 5000.0
  wind_opex: 100
  wind_lifetime: 20
  solar_capex: 1000.0
  solar_opex: 10
  solar_lifetime: 20
  carbon_price: 1.0
timeseries_values:
  load_level: 259980.0270870072
  wind_year: 2011
  solar_year: 2015
  price_year: 2023
  carbon_year: 2023
storage_values:
  CAES:
    cost: 36.6059
    lifetime: 25.562
    annual_cost: 1.4320436585556684
    efficiency: 0.567346
    discharge_ratio: 0.1
    depth_of_discharge: 0.4
  Li-ion:
    cost: 205.403
    lifetime: 20.5903
    annual_cost: 9.975716720980268
    efficiency: 0.905825
    discharge_ratio: 2
    depth_of_discharge: 0.9
  Pb-acid:
    cost: 247.37
    lifetime: 17.0564
    annual_cost: 14.503060434792806
    efficiency: 0.714148
    discharge_ratio: 5
    depth_of_discharge: 0.5
  VRBF:
    cost: 272.936
    lifetime: 20.6697
    annual_cost: 13.204642544400741
    efficiency: 0.821649
    discharge_ratio: 0.5
    depth_of_discharge: 1.0
