cost_values:
  wind_capex: 5000.0
  wind_opex: 100
  wind_lifetime: 20
  solar_capex: 1000.0
  solar_opex: 10
  solar_lifetime: 20
  carbon_price: 1.0
timeseries_values:
  load_level: 259980.0270870072
  wind_year: 2011
  solar_year: 2015
  price_year: 2023
  carbon_year: 2023
storage_values:
  CAES:
    cost: 39.4728
    lifetime: 25.6711
    annual_cost: 1.5376357070791669
    efficiency: 0.557228
    discharge_ratio: 0.1
    depth_of_discharge: 0.4
  Li-ion:
    cost: 218.837
    lifetime: 18.9563
    annual_cost: 11.544288706129361
    efficiency: 0.898384
    discharge_ratio: 2
    depth_of_discharge: 0.9
  Pb-acid:
    cost: 229.292
    lifetime: 15.7649
    annual_cost: 14.544462698780201
    efficiency: 0.708517
    discharge_ratio: 5
    depth_of_discharge: 0.5
  VRBF:
    cost: 301.838
    lifetime: 19.2981
    annual_cost: 15.640814380690326
    efficiency: 0.806363
    discharge_ratio: 0.5
    depth_of_discharge: 1.0
