cost_values:
  wind_capex: 5000.0
  wind_opex: 100
  wind_lifetime: 20
  solar_capex: 1000.0
  solar_opex: 10
  solar_lifetime: 20
  carbon_price: 1.0
timeseries_values:
  load_level: 259980.0270870072
  wind_year: 2011
  solar_year: 2015
  price_year: 2023
  carbon_year: 2023
storage_values:
  CAES:
    cost: 45.322
    lifetime: 24.9216
    annual_cost: 1.8185830765279918
    efficiency: 0.558051
    discharge_ratio: 0.1
    depth_of_discharge: 0.4
  Li-ion:
    cost: 215.816
    lifetime: 20.61
    annual_cost: 10.471421639980592
    efficiency: 0.921041
    discharge_ratio: 2
    depth_of_discharge: 0.9
  Pb-acid:
    cost: 226.751
    lifetime: 14.4094
    annual_cost: 15.736324899024249
    efficiency: 0.717002
    discharge_ratio: 5
    depth_of_discharge: 0.5
  VRBF:
    cost: 269.383
    lifetime: 19.7995
    annual_cost: 13.605545594585722
    efficiency: 0.833874
    discharge_ratio: 0.5
    depth_of_discharge: 1.0
