cost_values:
  wind_capex: 5000.0
  wind_opex: 100
  wind_lifetime: 20
  solar_capex: 1000.0
  solar_opex: 10
  solar_lifetime: 20
  carbon_price: 1.0
timeseries_values:
  load_level: 259980.0270870072
  wind_year: 2011
  solar_year: 2015
  price_year: 2023
  carbon_year: 2023
storage_values:
  CAES:
    cost: 38.574
    lifetime: 25.0486
    annual_cost: 1.5399663055021038
    efficiency: 0.555358
    discharge_ratio: 0.1
    depth_of_discharge: 0.4
  Li-ion:
    cost: 221.66
    lifetime: 21.1405
    annual_cost: 10.485087864525438
    efficiency: 0.89525
    discharge_ratio: 2
    depth_of_discharge: 0.9
  Pb-acid:
    cost: 247.533
    lifetime: 16.509
    annual_cost: 14.99382155188079
    efficiency: 0.712108
    discharge_ratio: 5
    depth_of_discharge: 0.5
  VRBF:
    cost: 274.615
    lifetime: 19.5829
    annual_cost: 14.023203917703713
    efficiency: 0.819586
    discharge_ratio: 0.5
    depth_of_discharge: 1.0
