cost_values:
  wind_capex: 5000.0
  wind_opex: 100
  wind_lifetime: 20
  solar_capex: 1000.0
  solar_opex: 10
  solar_lifetime: 20
  carbon_price: 1.0
timeseries_values:
  load_level: 259980.0270870072
  wind_year: 2011
  solar_year: 2015
  price_year: 2023
  carbon_year: 2023
storage_values:
  CAES:
    cost: 40.4891
    lifetime: 24.5689
    annual_cost: 1.6479817981269003
    efficiency: 0.557976
    discharge_ratio: 0.1
    depth_of_discharge: 0.4
  Li-ion:
    cost: 229.079
    lifetime: 21.0595
    annual_cost: 10.877703649184454
    efficiency: 0.89323
    discharge_ratio: 2
    depth_of_discharge: 0.9
  Pb-acid:
    cost: 245.221
    lifetime: 14.849
    annual_cost: 16.514310727995152
    efficiency: 0.717488
    discharge_ratio: 5
    depth_of_discharge: 0.5
  VRBF:
    cost: 271.758
    lifetime: 21.4212
    annual_cost: 12.686404123018319
    efficiency: 0.821415
    discharge_ratio: 0.5
    depth_of_discharge: 1.0
