cost_values:
  wind_capex: 5000.0
  wind_opex: 100
  wind_lifetime: 20
  solar_capex: 1000.0
  solar_opex: 10
  solar_lifetime: 20
  carbon_price: 1.0
timeseries_values:
  load_level: 259980.0270870072
  wind_year: 2011
  solar_year: 2015
  price_year: 2023
  carbon_year: 2023
storage_values:
  CAES:
    cost: 38.2213
    lifetime: 26.0772
    annual_cost: 1.465698004386974
    efficiency: 0.554127
    discharge_ratio: 0.1
    depth_of_discharge: 0.4
  Li-ion:
    cost: 251.737
    lifetime: 20.1132
    annual_cost: 12.516009386870314
    efficiency: 0.894048
    discharge_ratio: 2
    depth_of_discharge: 0.9
  Pb-acid:
    cost: 237.184
    lifetime: 15.193
    annual_cost: 15.611399986836043
    efficiency: 0.720151
    discharge_ratio: 5
    depth_of_discharge: 0.5
  VRBF:
    cost: 268.995
    lifetime: 17.9074
    annual_cost: 15.021443648994271
    efficiency: 0.819119
    discharge_ratio: 0.5
    depth_of_discharge: 1.0
