cost_values:
  wind_capex: 5000.0
  wind_opex: 100
  wind_lifetime: 20
  solar_capex: 1000.0
  solar_opex: 10
  solar_lifetime: 20
  carbon_price: 1.0
timeseries_values:
  load_level: 259980.0270870072
  wind_year: 2011
  solar_year: 2015
  price_year: 2023
  carbon_year: 2023
storage_values:
  CAES:
    cost: 35.6709
    lifetime: 24.8979
    annual_cost: 1.432687094092273
    efficiency: 0.55439
    discharge_ratio: 0.1
    depth_of_discharge: 0.4
  Li-ion:
    cost: 226.555
    lifetime: 18.8519
    annual_cost: 12.017621565996
    efficiency: 0.904003
    discharge_ratio: 2
    depth_of_discharge: 0.9
  Pb-acid:
    cost: 232.506
    lifetime: 14.3168
    annual_cost: 16.24008158247653
    efficiency: 0.717155
    discharge_ratio: 5
    depth_of_discharge: 0.5
  VRBF:
    cost: 241.979
    lifetime: 19.8121
    annual_cost: 12.21369768979563
    efficiency: 0.836076
    discharge_ratio: 0.5
    depth_of_discharge: 1.0
