cost_values:
  wind_capex: 5000.0
  wind_opex: 100
  wind_lifetime: 20
  solar_capex: 1000.0
  solar_opex: 10
  solar_lifetime: 20
  carbon_price: 1.0
timeseries_values:
  load_level: 259980.0270870072
  wind_year: 2011
  solar_year: 2015
  price_year: 2023
  carbon_year: 2023
storage_values:
  CAES:
    cost: 38.4148
    lifetime: 26.004
    annual_cost: 1.4772650361482849
    efficiency: 0.558757
    discharge_ratio: 0.1
    depth_of_discharge: 0.4
  Li-ion:
    cost: 235.684
    lifetime: 22.4976
    annual_cost: 10.475961880378351
    efficiency: 0.887774
    discharge_ratio: 2
    depth_of_discharge: 0.9
  Pb-acid:
    cost: 246.235
    lifetime: 14.7235
    annual_cost: 16.723944714232353
    efficiency: 0.694852
    discharge_ratio: 5
    depth_of_discharge: 0.5
  VRBF:
    cost: 262.115
    lifetime: 19.992
    annual_cost: 13.110994397759104
    efficiency: 0.841158
    discharge_ratio: 0.5
    depth_of_discharge: 1.0
