cost_values:
  wind_capex: 5000.0
  wind_opex: 100
  wind_lifetime: 20
  solar_capex: 1000.0
  solar_opex: 10
  solar_lifetime: 20
  carbon_price: 1.0
timeseries_values:
  load_level: 259980.0270870072
  wind_year: 2011
  solar_year: 2015
  price_year: 2023
  carbon_year: 2023
storage_values:
  CAES:
    cost: 34.3851
    lifetime: 25.9693
    annual_cost: 1.324067264038692
    efficiency: 0.552003
    discharge_ratio: 0.1
    depth_of_discharge: 0.4
  Li-ion:
    cost: 212.949
    lifetime: 20.9126
    annual_cost: 10.182808450407888
    efficiency: 0.90272
    discharge_ratio: 2
    depth_of_discharge: 0.9
  Pb-acid:
    cost: 234.282
    lifetime: 15.0163
    annual_cost: 15.601845994019833
    efficiency: 0.715862
    discharge_ratio: 5
    depth_of_discharge: 0.5
  VRBF:
    cost: 277.414
    lifetime: 18.3465
    annual_cost: 15.120813234131852
    efficiency: 0.818271
    discharge_ratio: 0.5
    depth_of_discharge: 1.0
