cost_values:
  wind_capex: 5000.0
  wind_opex: 100
  wind_lifetime: 20
  solar_capex: 1000.0
  solar_opex: 10
  solar_lifetime: 20
  carbon_price: 1.0
timeseries_values:
  load_level: 259980.0270870072
  wind_year: 2011
  solar_year: 2015
  price_year: 2023
  carbon_year: 2023
storage_values:
  CAES:
    cost: 37.1348
    lifetime: 25.3648
    annual_cost: 1.4640288904308332
    efficiency: 0.557078
    discharge_ratio: 0.1
    depth_of_discharge: 0.4
  Li-ion:
    cost: 226.92
    lifetime: 21.1897
    annual_cost: 10.708976531050464
    efficiency: 0.896499
    discharge_ratio: 2
    depth_of_discharge: 0.9
  Pb-acid:
    cost: 224.478
    lifetime: 16.0927
    annual_cost: 13.94905764725621
    efficiency: 0.707866
    discharge_ratio: 5
    depth_of_discharge: 0.5
  VRBF:
    cost: 253.715
    lifetime: 19.2974
    annual_cost: 13.14762610507115
    efficiency: 0.827255
    discharge_ratio: 0.5
    depth_of_discharge: 1.0
