cost_values:
  wind_capex: 5000.0
  wind_opex: 100
  wind_lifetime: 20
  solar_capex: 1000.0
  solar_opex: 10
  solar_lifetime: 20
  carbon_price: 1.0
timeseries_values:
  load_level: 259980.0270870072
  wind_year: 2011
  solar_year: 2015
  price_year: 2023
  carbon_year: 2023
storage_values:
  CAES:
    cost: 43.7503
    lifetime: 24.8677
    annual_cost: 1.7593223337904191
    efficiency: 0.557817
    discharge_ratio: 0.1
    depth_of_discharge: 0.4
  Li-ion:
    cost: 224.984
    lifetime: 21.7582
    annual_cost: 10.340193582189704
    efficiency: 0.886434
    discharge_ratio: 2
    depth_of_discharge: 0.9
  Pb-acid:
    cost: 237.136
    lifetime: 13.3376
    annual_cost: 17.77951055662188
    efficiency: 0.698968
    discharge_ratio: 5
    depth_of_discharge: 0.5
  VRBF:
    cost: 282.143
    lifetime: 21.301
    annual_cost: 13.245528378949345
    efficiency: 0.811677
    discharge_ratio: 0.5
    depth_of_discharge: 1.0
