cost_values:
  wind_capex: 5000.0
  wind_opex: 100
  wind_lifetime: 20
  solar_capex: 1000.0
  solar_opex: 10
  solar_lifetime: 20
  carbon_price: 1.0
timeseries_values:
  load_level: 259980.0270870072
  wind_year: 2011
  solar_year: 2015
  price_year: 2023
  carbon_year: 2023
storage_values:
  CAES:
    cost: 42.2477
    lifetime: 26.0158
    annual_cost: 1.6239246919179884
    efficiency: 0.553028
    discharge_ratio: 0.1
    depth_of_discharge: 0.4
  Li-ion:
    cost: 228.052
    lifetime: 19.9483
    annual_cost: 11.432152113212654
    efficiency: 0.884647
    discharge_ratio: 2
    depth_of_discharge: 0.9
  Pb-acid:
    cost: 245.483
    lifetime: 14.6528
    annual_cost: 16.75331677222101
    efficiency: 0.707472
    discharge_ratio: 5
    depth_of_discharge: 0.5
  VRBF:
    cost: 254.231
    lifetime: 18.9905
    annual_cost: 13.38727258366025
    efficiency: 0.838143
    discharge_ratio: 0.5
    depth_of_discharge: 1.0
