cost_values:
  wind_capex: 5000.0
  wind_opex: 100
  wind_lifetime: 20
  solar_capex: 1000.0
  solar_opex: 10
  solar_lifetime: 20
  carbon_price: 1.0
timeseries_values:
  load_level: 259980.0270870072
  wind_year: 2011
  solar_year: 2015
  price_year: 2023
  carbon_year: 2023
storage_values:
  CAES:
    cost: 47.1022
    lifetime: 26.0496
    annual_cost: 1.808173637982925
    efficiency: 0.552758
    discharge_ratio: 0.1
    depth_of_discharge: 0.4
  Li-ion:
    cost: 227.205
    lifetime: 18.922
    annual_cost: 12.007451643589473
    efficiency: 0.908799
    discharge_ratio: 2
    depth_of_discharge: 0.9
  Pb-acid:
    cost: 237.776
    lifetime: 15.2912
    annual_cost: 15.549858742283144
    efficiency: 0.708779
    discharge_ratio: 5
    depth_of_discharge: 0.5
  VRBF:
    cost: 282.65
    lifetime: 20.4457
    annual_cost: 13.824422739255686
    efficiency: 0.826094
    discharge_ratio: 0.5
    depth_of_discharge: 1.0
