cost_values:
  wind_capex: 5000.0
  wind_opex: 100
  wind_lifetime: 20
  solar_capex: 1000.0
  solar_opex: 10
  solar_lifetime: 20
  carbon_price: 1.0
timeseries_values:
  load_level: 259980.0270870072
  wind_year: 2011
  solar_year: 2015
  price_year: 2023
  carbon_year: 2023
storage_values:
  CAES:
    cost: 40.7048
    lifetime: 25.0851
    annual_cost: 1.6226684366416717
    efficiency: 0.57667
    discharge_ratio: 0.1
    depth_of_discharge: 0.4
  Li-ion:
    cost: 236.839
    lifetime: 21.5826
    annual_cost: 10.973608369705225
    efficiency: 0.917913
    discharge_ratio: 2
    depth_of_discharge: 0.9
  Pb-acid:
    cost: 222.302
    lifetime: 13.8187
    annual_cost: 16.087041472786876
    efficiency: 0.721744
    discharge_ratio: 5
    depth_of_discharge: 0.5
  VRBF:
    cost: 290.922
    lifetime: 20.5877
    annual_cost: 14.130864545335323
    efficiency: 0.819749
    discharge_ratio: 0.5
    depth_of_discharge: 1.0
