cost_values:
  wind_capex: 5000.0
  wind_opex: 100
  wind_lifetime: 20
  solar_capex: 1000.0
  solar_opex: 10
  solar_lifetime: 20
  carbon_price: 1.0
timeseries_values:
  load_level: 259980.0270870072
  wind_year: 2011
  solar_year: 2015
  price_year: 2023
  carbon_year: 2023
storage_values:
  CAES:
    cost: 41.3978
    lifetime: 25.3047
    annual_cost: 1.6359727639529413
    efficiency: 0.551666
    discharge_ratio: 0.1
    depth_of_discharge: 0.4
  Li-ion:
    cost: 230.745
    lifetime: 22.3095
    annual_cost: 10.342903247495462
    efficiency: 0.88253
    discharge_ratio: 2
    depth_of_discharge: 0.9
  Pb-acid:
    cost: 244.828
    lifetime: 15.0155
    annual_cost: 16.305018147913824
    efficiency: 0.732702
    discharge_ratio: 5
    depth_of_discharge: 0.5
  VRBF:
    cost: 302.901
    lifetime: 19.9553
    annual_cost: 15.17897500914544
    efficiency: 0.828109
    discharge_ratio: 0.5
    depth_of_discharge: 1.0
