cost_values:
  wind_capex: 5000.0
  wind_opex: 100
  wind_lifetime: 20
  solar_capex: 1000.0
  solar_opex: 10
  solar_lifetime: 20
  carbon_price: 1.0
timeseries_values:
  load_level: 259980.0270870072
  wind_year: 2011
  solar_year: 2015
  price_year: 2023
  carbon_year: 2023
storage_values:
  CAES:
    cost: 42.0411
    lifetime: 24.8686
    annual_cost: 1.6905294226454244
    efficiency: 0.557284
    discharge_ratio: 0.1
    depth_of_discharge: 0.4
  Li-ion:
    cost: 222.162
    lifetime: 20.5421
    annual_cost: 10.81496049576236
    efficiency: 0.906121
    discharge_ratio: 2
    depth_of_discharge: 0.9
  Pb-acid:
    cost: 240.097
    lifetime: 16.2445
    annual_cost: 14.780202530087108
    efficiency: 0.708078
    discharge_ratio: 5
    depth_of_discharge: 0.5
  VRBF:
    cost: 234.592
    lifetime: 20.3025
    annual_cost: 11.554833148627019
    efficiency: 0.822097
    discharge_ratio: 0.5
    depth_of_discharge: 1.0
