cost_values:
  wind_capex: 5000.0
  wind_opex: 100
  wind_lifetime: 20
  solar_capex: 1000.0
  solar_opex: 10
  solar_lifetime: 20
  carbon_price: 1.0
timeseries_values:
  load_level: 259980.0270870072
  wind_year: 2011
  solar_year: 2015
  price_year: 2023
  carbon_year: 2023
storage_values:
  CAES:
    cost: 37.7965
    lifetime: 25.7395
    annual_cost: 1.4684240175605587
    efficiency: 0.556042
    discharge_ratio: 0.1
    depth_of_discharge: 0.4
  Li-ion:
    cost: 221.032
    lifetime: 20.8485
    annual_cost: 10.601817876585846
    efficiency: 0.900155
    discharge_ratio: 2
    depth_of_discharge: 0.9
  Pb-acid:
    cost: 222.513
    lifetime: 14.1006
    annual_cost: 15.780392323730906
    efficiency: 0.705999
    discharge_ratio: 5
    depth_of_discharge: 0.5
  VRBF:
    cost: 293.959
    lifetime: 20.5397
    annual_cost: 14.31174749387771
    efficiency: 0.806042
    discharge_ratio: 0.5
    depth_of_discharge: 1.0
