cost_values:
  wind_capex: 5000.0
  wind_opex: 100
  wind_lifetime: 20
  solar_capex: 1000.0
  solar_opex: 10
  solar_lifetime: 20
  carbon_price: 1.0
timeseries_values:
  load_level: 259980.0270870072
  wind_year: 2011
  solar_year: 2015
  price_year: 2023
  carbon_year: 2023
storage_values:
  CAES:
    cost: 45.9841
    lifetime: 25.2456
    annual_cost: 1.8214698798998636
    efficiency: 0.558565
    discharge_ratio: 0.1
    depth_of_discharge: 0.4
  Li-ion:
    cost: 215.377
    lifetime: 19.3032
    annual_cost: 11.157580090347714
    efficiency: 0.899308
    discharge_ratio: 2
    depth_of_discharge: 0.9
  Pb-acid:
    cost: 237.211
    lifetime: 16.1968
    annual_cost: 14.645547268596268
    efficiency: 0.719292
    discharge_ratio: 5
    depth_of_discharge: 0.5
  VRBF:
    cost: 275.818
    lifetime: 22.4334
    annual_cost: 12.294970891616964
    efficiency: 0.839504
    discharge_ratio: 0.5
    depth_of_discharge: 1.0
