cost_values:
  wind_capex: 5000.0
  wind_opex: 100
  wind_lifetime: 20
  solar_capex: 1000.0
  solar_opex: 10
  solar_lifetime: 20
  carbon_price: 1.0
timeseries_values:
  load_level: 259980.0270870072
  wind_year: 2011
  solar_year: 2015
  price_year: 2023
  carbon_year: 2023
storage_values:
  CAES:
    cost: 38.7811
    lifetime: 25.5931
    annual_cost: 1.5152951381427027
    efficiency: 0.555627
    discharge_ratio: 0.1
    depth_of_discharge: 0.4
  Li-ion:
    cost: 233.89
    lifetime: 25.2527
    annual_cost: 9.261979907099041
    efficiency: 0.898785
    discharge_ratio: 2
    depth_of_discharge: 0.9
  Pb-acid:
    cost: 242.158
    lifetime: 15.2151
    annual_cost: 15.915636440115412
    efficiency: 0.696397
    discharge_ratio: 5
    depth_of_discharge: 0.5
  VRBF:
    cost: 298.341
    lifetime: 19.1556
    annual_cost: 15.574610035707574
    efficiency: 0.811745
    discharge_ratio: 0.5
    depth_of_discharge: 1.0
