cost_values:
  wind_capex: 5000.0
  wind_opex: 100
  wind_lifetime: 20
  solar_capex: 1000.0
  solar_opex: 10
  solar_lifetime: 20
  carbon_price: 1.0
timeseries_values:
  load_level: 259980.0270870072
  wind_year: 2011
  solar_year: 2015
  price_year: 2023
  carbon_year: 2023
storage_values:
  CAES:
    cost: 44.9602
    lifetime: 25.2526
    annual_cost: 1.7804186499607961
    efficiency: 0.556262
    discharge_ratio: 0.1
    depth_of_discharge: 0.4
  Li-ion:
    cost: 243.363
    lifetime: 19.9501
    annual_cost: 12.19858547074952
    efficiency: 0.897969
    discharge_ratio: 2
    depth_of_discharge: 0.9
  Pb-acid:
    cost: 243.736
    lifetime: 15.8219
    annual_cost: 15.404976646294061
    efficiency: 0.705206
    discharge_ratio: 5
    depth_of_discharge: 0.5
  VRBF:
    cost: 266.617
    lifetime: 18.5775
    annual_cost: 14.351608128111964
    efficiency: 0.822504
    discharge_ratio: 0.5
    depth_of_discharge: 1.0
