cost_values:
  wind_capex: 5000.0
  wind_opex: 100
  wind_lifetime: 20
  solar_capex: 1000.0
  solar_opex: 10
  solar_lifetime: 20
  carbon_price: 1.0
timeseries_values:
  load_level: 259980.0270870072
  wind_year: 2011
  solar_year: 2015
  price_year: 2023
  carbon_year: 2023
storage_values:
  CAES:
    cost: 38.4748
    lifetime: 25.0142
    annual_cost: 1.5381183487778942
    efficiency: 0.556287
    discharge_ratio: 0.1
    depth_of_discharge: 0.4
  Li-ion:
    cost: 207.471
    lifetime: 20.944
    annual_cost: 9.905987394957984
    efficiency: 0.907345
    discharge_ratio: 2
    depth_of_discharge: 0.9
  Pb-acid:
    cost: 232.158
    lifetime: 14.6656
    annual_cost: 15.830105825878245
    efficiency: 0.724508
    discharge_ratio: 5
    depth_of_discharge: 0.5
  VRBF:
    cost: 262.652
    lifetime: 19.7432
    annual_cost: 13.303415859637747
    efficiency: 0.839694
    discharge_ratio: 0.5
    depth_of_discharge: 1.0
