cost_values:
  wind_capex: 5000.0
  wind_opex: 100
  wind_lifetime: 20
  solar_capex: 1000.0
  solar_opex: 10
  solar_lifetime: 20
  carbon_price: 1.0
timeseries_values:
  load_level: 259980.0270870072
  wind_year: 2011
  solar_year: 2015
  price_year: 2023
  carbon_year: 2023
storage_values:
  CAES:
    cost: 38.252
    lifetime: 25.5682
    annual_cost: 1.4960771583451318
    efficiency: 0.552283
    discharge_ratio: 0.1
    depth_of_discharge: 0.4
  Li-ion:
    cost: 221.786
    lifetime: 21.4316
    annual_cost: 10.34855073816234
    efficiency: 0.892716
    discharge_ratio: 2
    depth_of_discharge: 0.9
  Pb-acid:
    cost: 244.615
    lifetime: 15.2673
    annual_cost: 16.022151919461855
    efficiency: 0.697816
    discharge_ratio: 5
    depth_of_discharge: 0.5
  VRBF:
    cost: 250.634
    lifetime: 20.9246
    annual_cost: 11.977958957399423
    efficiency: 0.828607
    discharge_ratio: 0.5
    depth_of_discharge: 1.0
