cost_values:
  wind_capex: 5000.0
  wind_opex: 100
  wind_lifetime: 20
  solar_capex: 1000.0
  solar_opex: 10
  solar_lifetime: 20
  carbon_price: 1.0
timeseries_values:
  load_level: 259980.0270870072
  wind_year: 2011
  solar_year: 2015
  price_year: 2023
  carbon_year: 2023
storage_values:
  CAES:
    cost: 38.4983
    lifetime: 25.4014
    annual_cost: 1.5155975654885165
    efficiency: 0.567154
    discharge_ratio: 0.1
    depth_of_discharge: 0.4
  Li-ion:
    cost: 237.905
    lifetime: 21.793
    annual_cost: 10.916578717936952
    efficiency: 0.901931
    discharge_ratio: 2
    depth_of_discharge: 0.9
  Pb-acid:
    cost: 248.97
    lifetime: 16.103
    annual_cost: 15.46109420604856
    efficiency: 0.708769
    discharge_ratio: 5
    depth_of_discharge: 0.5
  VRBF:
    cost: 274.843
    lifetime: 19.0836
    annual_cost: 14.40205202372718
    efficiency: 0.808395
    discharge_ratio: 0.5
    depth_of_discharge: 1.0
