cost_values:
  wind_capex: 5000.0
  wind_opex: 100
  wind_lifetime: 20
  solar_capex: 1000.0
  solar_opex: 10
  solar_lifetime: 20
  carbon_price: 1.0
timeseries_values:
  load_level: 259980.0270870072
  wind_year: 2011
  solar_year: 2015
  price_year: 2023
  carbon_year: 2023
storage_values:
  CAES:
    cost: 43.4248
    lifetime: 24.5501
    annual_cost: 1.7688237522454082
    efficiency: 0.558234
    discharge_ratio: 0.1
    depth_of_discharge: 0.4
  Li-ion:
    cost: 233.425
    lifetime: 19.5842
    annual_cost: 11.919046986856753
    efficiency: 0.893694
    discharge_ratio: 2
    depth_of_discharge: 0.9
  Pb-acid:
    cost: 224.278
    lifetime: 14.5149
    annual_cost: 15.451570455187426
    efficiency: 0.725687
    discharge_ratio: 5
    depth_of_discharge: 0.5
  VRBF:
    cost: 277.107
    lifetime: 19.9174
    annual_cost: 13.912809904907268
    efficiency: 0.835732
    discharge_ratio: 0.5
    depth_of_discharge: 1.0
