cost_values:
  wind_capex: 5000.0
  wind_opex: 100
  wind_lifetime: 20
  solar_capex: 1000.0
  solar_opex: 10
  solar_lifetime: 20
  carbon_price: 1.0
timeseries_values:
  load_level: 259980.0270870072
  wind_year: 2011
  solar_year: 2015
  price_year: 2023
  carbon_year: 2023
storage_values:
  CAES:
    cost: 39.9167
    lifetime: 25.7875
    annual_cost: 1.5479088705768298
    efficiency: 0.554397
    discharge_ratio: 0.1
    depth_of_discharge: 0.4
  Li-ion:
    cost: 236.52
    lifetime: 19.4638
    annual_cost: 12.151789475847472
    efficiency: 0.903994
    discharge_ratio: 2
    depth_of_discharge: 0.9
  Pb-acid:
    cost: 241.98
    lifetime: 15.3523
    annual_cost: 15.761807677025592
    efficiency: 0.717809
    discharge_ratio: 5
    depth_of_discharge: 0.5
  VRBF:
    cost: 248.891
    lifetime: 18.694
    annual_cost: 13.313951000320959
    efficiency: 0.822117
    discharge_ratio: 0.5
    depth_of_discharge: 1.0
