cost_values:
  wind_capex: 5000.0
  wind_opex: 100
  wind_lifetime: 20
  solar_capex: 1000.0
  solar_opex: 10
  solar_lifetime: 20
  carbon_price: 1.0
timeseries_values:
  load_level: 259980.0270870072
  wind_year: 2011
  solar_year: 2015
  price_year: 2023
  carbon_year: 2023
storage_values:
  CAES:
    cost: 39.9282
    lifetime: 25.7732
    annual_cost: 1.549213912125774
    efficiency: 0.555954
    discharge_ratio: 0.1
    depth_of_discharge: 0.4
  Li-ion:
    cost: 222.626
    lifetime: 21.3899
    annual_cost: 10.407996297317894
    efficiency: 0.892783
    discharge_ratio: 2
    depth_of_discharge: 0.9
  Pb-acid:
    cost: 237.414
    lifetime: 14.1117
    annual_cost: 16.823912072960734
    efficiency: 0.710348
    discharge_ratio: 5
    depth_of_discharge: 0.5
  VRBF:
    cost: 256.109
    lifetime: 20.8194
    annual_cost: 12.301459215923607
    efficiency: 0.825449
    discharge_ratio: 0.5
    depth_of_discharge: 1.0
