cost_values:
  wind_capex: 5000.0
  wind_opex: 100
  wind_lifetime: 20
  solar_capex: 1000.0
  solar_opex: 10
  solar_lifetime: 20
  carbon_price: 1.0
timeseries_values:
  load_level: 259980.0270870072
  wind_year: 2011
  solar_year: 2015
  price_year: 2023
  carbon_year: 2023
storage_values:
  CAES:
    cost: 31.7091
    lifetime: 26.2648
    annual_cost: 1.2072850354847553
    efficiency: 0.552103
    discharge_ratio: 0.1
    depth_of_discharge: 0.4
  Li-ion:
    cost: 233.511
    lifetime: 20.8023
    annual_cost: 11.225249131105695
    efficiency: 0.897173
    discharge_ratio: 2
    depth_of_discharge: 0.9
  Pb-acid:
    cost: 242.669
    lifetime: 16.0442
    annual_cost: 15.125029605714214
    efficiency: 0.711662
    discharge_ratio: 5
    depth_of_discharge: 0.5
  VRBF:
    cost: 243.54
    lifetime: 22.6162
    annual_cost: 10.76838726222796
    efficiency: 0.821971
    discharge_ratio: 0.5
    depth_of_discharge: 1.0
