cost_values:
  wind_capex: 5000.0
  wind_opex: 100
  wind_lifetime: 20
  solar_capex: 1000.0
  solar_opex: 10
  solar_lifetime: 20
  carbon_price: 1.0
timeseries_values:
  load_level: 259980.0270870072
  wind_year: 2011
  solar_year: 2015
  price_year: 2023
  carbon_year: 2023
storage_values:
  CAES:
    cost: 32.5845
    lifetime: 25.4298
    annual_cost: 1.2813510133780053
    efficiency: 0.551337
    discharge_ratio: 0.1
    depth_of_discharge: 0.4
  Li-ion:
    cost: 211.916
    lifetime: 19.6195
    annual_cost: 10.801294630342262
    efficiency: 0.896189
    discharge_ratio: 2
    depth_of_discharge: 0.9
  Pb-acid:
    cost: 242.974
    lifetime: 16.14
    annual_cost: 15.054151177199504
    efficiency: 0.706875
    discharge_ratio: 5
    depth_of_discharge: 0.5
  VRBF:
    cost: 297.715
    lifetime: 17.3135
    annual_cost: 17.1955410517804
    efficiency: 0.819593
    discharge_ratio: 0.5
    depth_of_discharge: 1.0
