cost_values:
  wind_capex: 5000.0
  wind_opex: 100
  wind_lifetime: 20
  solar_capex: 1000.0
  solar_opex: 10
  solar_lifetime: 20
  carbon_price: 1.0
timeseries_values:
  load_level: 259980.0270870072
  wind_year: 2011
  solar_year: 2015
  price_year: 2023
  carbon_year: 2023
storage_values:
  CAES:
    cost: 40.0709
    lifetime: 26.2242
    annual_cost: 1.5280122939879959
    efficiency: 0.562294
    discharge_ratio: 0.1
    depth_of_discharge: 0.4
  Li-ion:
    cost: 239.662
    lifetime: 21.3553
    annual_cost: 11.222600478569722
    efficiency: 0.889355
    discharge_ratio: 2
    depth_of_discharge: 0.9
  Pb-acid:
    cost: 237.144
    lifetime: 16.0132
    annual_cost: 14.809282342067794
    efficiency: 0.72019
    discharge_ratio: 5
    depth_of_discharge: 0.5
  VRBF:
    cost: 251.465
    lifetime: 22.4988
    annual_cost: 11.176818319199247
    efficiency: 0.81471
    discharge_ratio: 0.5
    depth_of_discharge: 1.0
