cost_values:
  wind_capex: 5000.0
  wind_opex: 100
  wind_lifetime: 20
  solar_capex: 1000.0
  solar_opex: 10
  solar_lifetime: 20
  carbon_price: 1.0
timeseries_values:
  load_level: 259980.0270870072
  wind_year: 2011
  solar_year: 2015
  price_year: 2023
  carbon_year: 2023
storage_values:
  CAES:
    cost: 39.9736
    lifetime: 25.4301
    annual_cost: 1.5719010149389896
    efficiency: 0.556083
    discharge_ratio: 0.1
    depth_of_discharge: 0.4
  Li-ion:
    cost: 235.458
    lifetime: 21.1836
    annual_cost: 11.115107913669066
    efficiency: 0.885229
    discharge_ratio: 2
    depth_of_discharge: 0.9
  Pb-acid:
    cost: 246.244
    lifetime: 16.5276
    annual_cost: 14.898956896343087
    efficiency: 0.708978
    discharge_ratio: 5
    depth_of_discharge: 0.5
  VRBF:
    cost: 269.8
    lifetime: 19.3472
    annual_cost: 13.945170360568971
    efficiency: 0.819402
    discharge_ratio: 0.5
    depth_of_discharge: 1.0
