cost_values:
  wind_capex: 5000.0
  wind_opex: 100
  wind_lifetime: 20
  solar_capex: 1000.0
  solar_opex: 10
  solar_lifetime: 20
  carbon_price: 1.0
timeseries_values:
  load_level: 259980.0270870072
  wind_year: 2011
  solar_year: 2015
  price_year: 2023
  carbon_year: 2023
storage_values:
  CAES:
    cost: 41.7283
    lifetime: 24.9166
    annual_cost: 1.6747188621240459
    efficiency: 0.55938
    discharge_ratio: 0.1
    depth_of_discharge: 0.4
  Li-ion:
    cost: 237.636
    lifetime: 21.6251
    annual_cost: 10.988897161169197
    efficiency: 0.893173
    discharge_ratio: 2
    depth_of_discharge: 0.9
  Pb-acid:
    cost: 212.869
    lifetime: 15.2696
    annual_cost: 13.94070571593231
    efficiency: 0.719901
    discharge_ratio: 5
    depth_of_discharge: 0.5
  VRBF:
    cost: 284.503
    lifetime: 19.7532
    annual_cost: 14.402881558431039
    efficiency: 0.845298
    discharge_ratio: 0.5
    depth_of_discharge: 1.0
