cost_values:
  wind_capex: 5000.0
  wind_opex: 100
  wind_lifetime: 20
  solar_capex: 1000.0
  solar_opex: 10
  solar_lifetime: 20
  carbon_price: 1.0
timeseries_values:
  load_level: 259980.0270870072
  wind_year: 2011
  solar_year: 2015
  price_year: 2023
  carbon_year: 2023
storage_values:
  CAES:
    cost: 41.6568
    lifetime: 24.603
    annual_cost: 1.6931593708084378
    efficiency: 0.566448
    discharge_ratio: 0.1
    depth_of_discharge: 0.4
  Li-ion:
    cost: 220.154
    lifetime: 19.6304
    annual_cost: 11.214952318852392
    efficiency: 0.89994
    discharge_ratio: 2
    depth_of_discharge: 0.9
  Pb-acid:
    cost: 230.187
    lifetime: 14.7574
    annual_cost: 15.59807283125754
    efficiency: 0.72895
    discharge_ratio: 5
    depth_of_discharge: 0.5
  VRBF:
    cost: 304.925
    lifetime: 19.0943
    annual_cost: 15.969425430625893
    efficiency: 0.829398
    discharge_ratio: 0.5
    depth_of_discharge: 1.0
