cost_values:
  wind_capex: 5000.0
  wind_opex: 100
  wind_lifetime: 20
  solar_capex: 1000.0
  solar_opex: 10
  solar_lifetime: 20
  carbon_price: 1.0
timeseries_values:
  load_level: 259980.0270870072
  wind_year: 2011
  solar_year: 2015
  price_year: 2023
  carbon_year: 2023
storage_values:
  CAES:
    cost: 42.4808
    lifetime: 24.2785
    annual_cost: 1.7497291842576765
    efficiency: 0.559693
    discharge_ratio: 0.1
    depth_of_discharge: 0.4
  Li-ion:
    cost: 231.434
    lifetime: 20.1374
    annual_cost: 11.492744842929078
    efficiency: 0.906554
    discharge_ratio: 2
    depth_of_discharge: 0.9
  Pb-acid:
    cost: 240.732
    lifetime: 15.5583
    annual_cost: 15.472898710013306
    efficiency: 0.726469
    discharge_ratio: 5
    depth_of_discharge: 0.5
  VRBF:
    cost: 274.971
    lifetime: 18.3732
    annual_cost: 14.96587420808569
    efficiency: 0.822657
    discharge_ratio: 0.5
    depth_of_discharge: 1.0
