cost_values:
  wind_capex: 5000.0
  wind_opex: 100
  wind_lifetime: 20
  solar_capex: 1000.0
  solar_opex: 10
  solar_lifetime: 20
  carbon_price: 1.0
timeseries_values:
  load_level: 259980.0270870072
  wind_year: 2011
  solar_year: 2015
  price_year: 2023
  carbon_year: 2023
storage_values:
  CAES:
    cost: 45.8505
    lifetime: 25.2217
    annual_cost: 1.8178988727960446
    efficiency: 0.558077
    discharge_ratio: 0.1
    depth_of_discharge: 0.4
  Li-ion:
    cost: 226.655
    lifetime: 21.0702
    annual_cost: 10.757135670283148
    efficiency: 0.911113
    discharge_ratio: 2
    depth_of_discharge: 0.9
  Pb-acid:
    cost: 242.009
    lifetime: 16.1451
    annual_cost: 14.989625335241033
    efficiency: 0.720831
    discharge_ratio: 5
    depth_of_discharge: 0.5
  VRBF:
    cost: 310.337
    lifetime: 19.5562
    annual_cost: 15.868982726705596
    efficiency: 0.845859
    discharge_ratio: 0.5
    depth_of_discharge: 1.0
