cost_values:
  wind_capex: 5000.0
  wind_opex: 100
  wind_lifetime: 20
  solar_capex: 1000.0
  solar_opex: 10
  solar_lifetime: 20
  carbon_price: 1.0
timeseries_values:
  load_level: 259980.0270870072
  wind_year: 2011
  solar_year: 2015
  price_year: 2023
  carbon_year: 2023
storage_values:
  CAES:
    cost: 42.3557
    lifetime: 25.3152
    annual_cost: 1.6731331374036151
    efficiency: 0.554342
    discharge_ratio: 0.1
    depth_of_discharge: 0.4
  Li-ion:
    cost: 235.912
    lifetime: 21.3067
    annual_cost: 11.072197947124614
    efficiency: 0.895327
    discharge_ratio: 2
    depth_of_discharge: 0.9
  Pb-acid:
    cost: 217.692
    lifetime: 14.5716
    annual_cost: 14.939471300337644
    efficiency: 0.719753
    discharge_ratio: 5
    depth_of_discharge: 0.5
  VRBF:
    cost: 271.963
    lifetime: 19.1753
    annual_cost: 14.182985403096692
    efficiency: 0.842598
    discharge_ratio: 0.5
    depth_of_discharge: 1.0
