cost_values:
  wind_capex: 5000.0
  wind_opex: 100
  wind_lifetime: 20
  solar_capex: 1000.0
  solar_opex: 10
  solar_lifetime: 20
  carbon_price: 1.0
timeseries_values:
  load_level: 259980.0270870072
  wind_year: 2011
  solar_year: 2015
  price_year: 2023
  carbon_year: 2023
storage_values:
  CAES:
    cost: 41.251
    lifetime: 25.9149
    annual_cost: 1.5917869642560842
    efficiency: 0.555055
    discharge_ratio: 0.1
    depth_of_discharge: 0.4
  Li-ion:
    cost: 229.222
    lifetime: 22.2568
    annual_cost: 10.298964810754468
    efficiency: 0.915547
    discharge_ratio: 2
    depth_of_discharge: 0.9
  Pb-acid:
    cost: 243.072
    lifetime: 14.2679
    annual_cost: 17.03628424645533
    efficiency: 0.717436
    discharge_ratio: 5
    depth_of_discharge: 0.5
  VRBF:
    cost: 274.858
    lifetime: 19.9973
    annual_cost: 13.74475554199817
    efficiency: 0.824966
    discharge_ratio: 0.5
    depth_of_discharge: 1.0
