cost_values:
  wind_capex: 5000.0
  wind_opex: 100
  wind_lifetime: 20
  solar_capex: 1000.0
  solar_opex: 10
  solar_lifetime: 20
  carbon_price: 1.0
timeseries_values:
  load_level: 259980.0270870072
  wind_year: 2011
  solar_year: 2015
  price_year: 2023
  carbon_year: 2023
storage_values:
  CAES:
    cost: 45.9883
    lifetime: 24.9732
    annual_cost: 1.84150609453334
    efficiency: 0.556516
    discharge_ratio: 0.1
    depth_of_discharge: 0.4
  Li-ion:
    cost: 226.745
    lifetime: 22.049
    annual_cost: 10.283686334981178
    efficiency: 0.901998
    discharge_ratio: 2
    depth_of_discharge: 0.9
  Pb-acid:
    cost: 208.039
    lifetime: 14.3826
    annual_cost: 14.464630873416489
    efficiency: 0.725764
    discharge_ratio: 5
    depth_of_discharge: 0.5
  VRBF:
    cost: 268.08
    lifetime: 19.2121
    annual_cost: 13.9537062580353
    efficiency: 0.83131
    discharge_ratio: 0.5
    depth_of_discharge: 1.0
