cost_values:
  wind_capex: 5000.0
  wind_opex: 100
  wind_lifetime: 20
  solar_capex: 1000.0
  solar_opex: 10
  solar_lifetime: 20
  carbon_price: 1.0
timeseries_values:
  load_level: 259980.0270870072
  wind_year: 2011
  solar_year: 2015
  price_year: 2023
  carbon_year: 2023
storage_values:
  CAES:
    cost: 39.0747
    lifetime: 25.6651
    annual_cost: 1.5224838399226965
    efficiency: 0.55374
    discharge_ratio: 0.1
    depth_of_discharge: 0.4
  Li-ion:
    cost: 225.989
    lifetime: 21.906
    annual_cost: 10.316306034876291
    efficiency: 0.892671
    discharge_ratio: 2
    depth_of_discharge: 0.9
  Pb-acid:
    cost: 244.526
    lifetime: 15.1952
    annual_cost: 16.092318626934823
    efficiency: 0.713288
    discharge_ratio: 5
    depth_of_discharge: 0.5
  VRBF:
    cost: 270.755
    lifetime: 19.4648
    annual_cost: 13.909981094077514
    efficiency: 0.847793
    discharge_ratio: 0.5
    depth_of_discharge: 1.0
