cost_values:
  wind_capex: 5000.0
  wind_opex: 100
  wind_lifetime: 20
  solar_capex: 1000.0
  solar_opex: 10
  solar_lifetime: 20
  carbon_price: 1.0
timeseries_values:
  load_level: 259980.0270870072
  wind_year: 2011
  solar_year: 2015
  price_year: 2023
  carbon_year: 2023
storage_values:
  CAES:
    cost: 45.4859
    lifetime: 25.5931
    annual_cost: 1.7772719990935057
    efficiency: 0.556633
    discharge_ratio: 0.1
    depth_of_discharge: 0.4
  Li-ion:
    cost: 242.044
    lifetime: 20.3878
    annual_cost: 11.872001883479337
    efficiency: 0.908465
    discharge_ratio: 2
    depth_of_discharge: 0.9
  Pb-acid:
    cost: 219.499
    lifetime: 14.4579
    annual_cost: 15.181942052441917
    efficiency: 0.70857
    discharge_ratio: 5
    depth_of_discharge: 0.5
  VRBF:
    cost: 307.597
    lifetime: 19.4668
    annual_cost: 15.801107526660775
    efficiency: 0.816566
    discharge_ratio: 0.5
    depth_of_discharge: 1.0
