cost_values:
  wind_capex: 5000.0
  wind_opex: 100
  wind_lifetime: 20
  solar_capex: 1000.0
  solar_opex: 10
  solar_lifetime: 20
  carbon_price: 1.0
timeseries_values:
  load_level: 259980.0270870072
  wind_year: 2011
  solar_year: 2015
  price_year: 2023
  carbon_year: 2023
storage_values:
  CAES:
    cost: 40.6557
    lifetime: 25.5881
    annual_cost: 1.588851849101731
    efficiency: 0.558154
    discharge_ratio: 0.1
    depth_of_discharge: 0.4
  Li-ion:
    cost: 245.273
    lifetime: 21.9793
    annual_cost: 11.159272588298991
    efficiency: 0.901498
    discharge_ratio: 2
    depth_of_discharge: 0.9
  Pb-acid:
    cost: 243.835
    lifetime: 14.3237
    annual_cost: 17.02318535015394
    efficiency: 0.694488
    discharge_ratio: 5
    depth_of_discharge: 0.5
  VRBF:
    cost: 244.149
    lifetime: 19.5074
    annual_cost: 12.515711986220614
    efficiency: 0.810148
    discharge_ratio: 0.5
    depth_of_discharge: 1.0
