cost_values:
  wind_capex: 5000.0
  wind_opex: 100
  wind_lifetime: 20
  solar_capex: 1000.0
  solar_opex: 10
  solar_lifetime: 20
  carbon_price: 1.0
timeseries_values:
  load_level: 259980.0270870072
  wind_year: 2011
  solar_year: 2015
  price_year: 2023
  carbon_year: 2023
storage_values:
  CAES:
    cost: 43.2384
    lifetime: 25.2788
    annual_cost: 1.7104609396015633
    efficiency: 0.563289
    discharge_ratio: 0.1
    depth_of_discharge: 0.4
  Li-ion:
    cost: 238.051
    lifetime: 20.9986
    annual_cost: 11.336517672606744
    efficiency: 0.904089
    discharge_ratio: 2
    depth_of_discharge: 0.9
  Pb-acid:
    cost: 215.864
    lifetime: 13.6252
    annual_cost: 15.842996800046972
    efficiency: 0.719238
    discharge_ratio: 5
    depth_of_discharge: 0.5
  VRBF:
    cost: 270.653
    lifetime: 18.6203
    annual_cost: 14.535372684650625
    efficiency: 0.835863
    discharge_ratio: 0.5
    depth_of_discharge: 1.0
