cost_values:
  wind_capex: 5000.0
  wind_opex: 100
  wind_lifetime: 20
  solar_capex: 1000.0
  solar_opex: 10
  solar_lifetime: 20
  carbon_price: 1.0
timeseries_values:
  load_level: 259980.0270870072
  wind_year: 2011
  solar_year: 2015
  price_year: 2023
  carbon_year: 2023
storage_values:
  CAES:
    cost: 47.9656
    lifetime: 24.889
    annual_cost: 1.9271806822290973
    efficiency: 0.564895
    discharge_ratio: 0.1
    depth_of_discharge: 0.4
  Li-ion:
    cost: 236.062
    lifetime: 19.7684
    annual_cost: 11.941381194229175
    efficiency: 0.893648
    discharge_ratio: 2
    depth_of_discharge: 0.9
  Pb-acid:
    cost: 231.414
    lifetime: 15.96
    annual_cost: 14.499624060150374
    efficiency: 0.719785
    discharge_ratio: 5
    depth_of_discharge: 0.5
  VRBF:
    cost: 310.756
    lifetime: 18.478
    annual_cost: 16.817620954648767
    efficiency: 0.839105
    discharge_ratio: 0.5
    depth_of_discharge: 1.0
