cost_values:
  wind_capex: 5000.0
  wind_opex: 100
  wind_lifetime: 20
  solar_capex: 1000.0
  solar_opex: 10
  solar_lifetime: 20
  carbon_price: 1.0
timeseries_values:
  load_level: 259980.0270870072
  wind_year: 2011
  solar_year: 2015
  price_year: 2023
  carbon_year: 2023
storage_values:
  CAES:
    cost: 33.5768
    lifetime: 24.9151
    annual_cost: 1.347648614695506
    efficiency: 0.553038
    discharge_ratio: 0.1
    depth_of_discharge: 0.4
  Li-ion:
    cost: 240.65
    lifetime: 22.0372
    annual_cost: 10.92017134663206
    efficiency: 0.903796
    discharge_ratio: 2
    depth_of_discharge: 0.9
  Pb-acid:
    cost: 235.957
    lifetime: 14.6011
    annual_cost: 16.160220805281792
    efficiency: 0.730763
    discharge_ratio: 5
    depth_of_discharge: 0.5
  VRBF:
    cost: 266.316
    lifetime: 21.9957
    annual_cost: 12.107639220393075
    efficiency: 0.831509
    discharge_ratio: 0.5
    depth_of_discharge: 1.0
