cost_values:
  wind_capex: 5000.0
  wind_opex: 100
  wind_lifetime: 20
  solar_capex: 1000.0
  solar_opex: 10
  solar_lifetime: 20
  carbon_price: 1.0
timeseries_values:
  load_level: 259980.0270870072
  wind_year: 2011
  solar_year: 2015
  price_year: 2023
  carbon_year: 2023
storage_values:
  CAES:
    cost: 38.5787
    lifetime: 25.8759
    annual_cost: 1.4909123933853508
    efficiency: 0.558168
    discharge_ratio: 0.1
    depth_of_discharge: 0.4
  Li-ion:
    cost: 223.913
    lifetime: 19.9559
    annual_cost: 11.220390962071368
    efficiency: 0.898466
    discharge_ratio: 2
    depth_of_discharge: 0.9
  Pb-acid:
    cost: 248.063
    lifetime: 14.7789
    annual_cost: 16.78494339903511
    efficiency: 0.7131
    discharge_ratio: 5
    depth_of_discharge: 0.5
  VRBF:
    cost: 226.058
    lifetime: 19.6418
    annual_cost: 11.50902666761702
    efficiency: 0.831278
    discharge_ratio: 0.5
    depth_of_discharge: 1.0
