cost_values:
  wind_capex: 5000.0
  wind_opex: 100
  wind_lifetime: 20
  solar_capex: 1000.0
  solar_opex: 10
  solar_lifetime: 20
  carbon_price: 1.0
timeseries_values:
  load_level: 259980.0270870072
  wind_year: 2011
  solar_year: 2015
  price_year: 2023
  carbon_year: 2023
storage_values:
  CAES:
    cost: 43.9151
    lifetime: 24.5176
    annual_cost: 1.7911663458087252
    efficiency: 0.556029
    discharge_ratio: 0.1
    depth_of_discharge: 0.4
  Li-ion:
    cost: 216.088
    lifetime: 20.5114
    annual_cost: 10.535019550103845
    efficiency: 0.900887
    discharge_ratio: 2
    depth_of_discharge: 0.9
  Pb-acid:
    cost: 230.983
    lifetime: 15.5027
    annual_cost: 14.899533629625807
    efficiency: 0.704494
    discharge_ratio: 5
    depth_of_discharge: 0.5
  VRBF:
    cost: 286.067
    lifetime: 19.6679
    annual_cost: 14.544867525256892
    efficiency: 0.844852
    discharge_ratio: 0.5
    depth_of_discharge: 1.0
