cost_values:
  wind_capex: 5000.0
  wind_opex: 100
  wind_lifetime: 20
  solar_capex: 1000.0
  solar_opex: 10
  solar_lifetime: 20
  carbon_price: 1.0
timeseries_values:
  load_level: 260043.50591541393
  wind_year: 2011
  solar_year: 2011
  price_year: 2023
  carbon_year: 2023
storage_values:
  CAES:
    cost: 47.2123
    lifetime: 26.3557
    annual_cost: 1.791350637622981
    efficiency: 0.640412
    discharge_ratio: 0.1
    depth_of_discharge: 0.4
  Li-ion:
    cost: 154.61
    lifetime: 13.2493
    annual_cost: 11.669295736378526
    efficiency: 0.911801
    discharge_ratio: 2
    depth_of_discharge: 0.9
  Pb-acid:
    cost: 103.116
    lifetime: 12.3742
    annual_cost: 8.33314476895476
    efficiency: 0.73904
    discharge_ratio: 5
    depth_of_discharge: 0.5
  VRBF:
    cost: 315.51
    lifetime: 16.7448
    annual_cost: 18.84226745019349
    efficiency: 0.769791
    discharge_ratio: 0.5
    depth_of_discharge: 1.0
