cost_values:
  wind_capex: 5000.0
  wind_opex: 100
  wind_lifetime: 20
  solar_capex: 1000.0
  solar_opex: 10
  solar_lifetime: 20
  carbon_price: 1.0
timeseries_values:
  load_level: 260043.50591541393
  wind_year: 2011
  solar_year: 2011
  price_year: 2023
  carbon_year: 2023
storage_values:
  CAES:
    cost: 51.4216
    lifetime: 25.0811
    annual_cost: 2.050213108675457
    efficiency: 0.645255
    discharge_ratio: 0.1
    depth_of_discharge: 0.4
  Li-ion:
    cost: 169.535
    lifetime: 12.9032
    annual_cost: 13.138988777977556
    efficiency: 0.931307
    discharge_ratio: 2
    depth_of_discharge: 0.9
  Pb-acid:
    cost: 101.035
    lifetime: 12.3392
    annual_cost: 8.188132131742739
    efficiency: 0.7548
    discharge_ratio: 5
    depth_of_discharge: 0.5
  VRBF:
    cost: 279.74
    lifetime: 15.405
    annual_cost: 18.159039272963327
    efficiency: 0.750597
    discharge_ratio: 0.5
    depth_of_discharge: 1.0
