cost_values:
  wind_capex: 5000.0
  wind_opex: 100
  wind_lifetime: 20
  solar_capex: 1000.0
  solar_opex: 10
  solar_lifetime: 20
  carbon_price: 1.0
timeseries_values:
  load_level: 260043.50591541393
  wind_year: 2011
  solar_year: 2011
  price_year: 2023
  carbon_year: 2023
storage_values:
  CAES:
    cost: 53.3832
    lifetime: 24.0586
    annual_cost: 2.2188822292236456
    efficiency: 0.643893
    discharge_ratio: 0.1
    depth_of_discharge: 0.4
  Li-ion:
    cost: 142.764
    lifetime: 10.3854
    annual_cost: 13.746605812005315
    efficiency: 0.92308
    discharge_ratio: 2
    depth_of_discharge: 0.9
  Pb-acid:
    cost: 123.632
    lifetime: 12.511
    annual_cost: 9.881863959715451
    efficiency: 0.728455
    discharge_ratio: 5
    depth_of_discharge: 0.5
  VRBF:
    cost: 289.155
    lifetime: 17.083
    annual_cost: 16.926476614177837
    efficiency: 0.750085
    discharge_ratio: 0.5
    depth_of_discharge: 1.0
