cost_values:
  wind_capex: 5000.0
  wind_opex: 100
  wind_lifetime: 20
  solar_capex: 1000.0
  solar_opex: 10
  solar_lifetime: 20
  carbon_price: 1.0
timeseries_values:
  load_level: 260043.50591541393
  wind_year: 2011
  solar_year: 2011
  price_year: 2023
  carbon_year: 2023
storage_values:
  CAES:
    cost: 48.8399
    lifetime: 24.293
    annual_cost: 2.0104515704112296
    efficiency: 0.638927
    discharge_ratio: 0.1
    depth_of_discharge: 0.4
  Li-ion:
    cost: 156.522
    lifetime: 12.2357
    annual_cost: 12.79223910360666
    efficiency: 0.917232
    discharge_ratio: 2
    depth_of_discharge: 0.9
  Pb-acid:
    cost: 109.1
    lifetime: 11.4253
    annual_cost: 9.548983396497247
    efficiency: 0.764973
    discharge_ratio: 5
    depth_of_discharge: 0.5
  VRBF:
    cost: 341.416
    lifetime: 18.7536
    annual_cost: 18.20535790461565
    efficiency: 0.734659
    discharge_ratio: 0.5
    depth_of_discharge: 1.0
