cost_values:
  wind_capex: 5000.0
  wind_opex: 100
  wind_lifetime: 20
  solar_capex: 1000.0
  solar_opex: 10
  solar_lifetime: 20
  carbon_price: 1.0
timeseries_values:
  load_level: 260043.50591541393
  wind_year: 2011
  solar_year: 2011
  price_year: 2023
  carbon_year: 2023
storage_values:
  CAES:
    cost: 49.9932
    lifetime: 24.0674
    annual_cost: 2.077216483708253
    efficiency: 0.637087
    discharge_ratio: 0.1
    depth_of_discharge: 0.4
  Li-ion:
    cost: 160.713
    lifetime: 11.6868
    annual_cost: 13.751668549132354
    efficiency: 0.940208
    discharge_ratio: 2
    depth_of_discharge: 0.9
  Pb-acid:
    cost: 105.311
    lifetime: 11.5843
    annual_cost: 9.090838462401699
    efficiency: 0.75223
    discharge_ratio: 5
    depth_of_discharge: 0.5
  VRBF:
    cost: 316.019
    lifetime: 14.8467
    annual_cost: 21.285470845373045
    efficiency: 0.739939
    discharge_ratio: 0.5
    depth_of_discharge: 1.0
