cost_values:
  wind_capex: 5000.0
  wind_opex: 100
  wind_lifetime: 20
  solar_capex: 1000.0
  solar_opex: 10
  solar_lifetime: 20
  carbon_price: 1.0
timeseries_values:
  load_level: 260043.50591541393
  wind_year: 2011
  solar_year: 2011
  price_year: 2023
  carbon_year: 2023
storage_values:
  CAES:
    cost: 61.0016
    lifetime: 25.0018
    annual_cost: 2.4398883280403814
    efficiency: 0.643382
    discharge_ratio: 0.1
    depth_of_discharge: 0.4
  Li-ion:
    cost: 156.041
    lifetime: 11.4584
    annual_cost: 13.618044404105285
    efficiency: 0.911227
    discharge_ratio: 2
    depth_of_discharge: 0.9
  Pb-acid:
    cost: 108.915
    lifetime: 13.0334
    annual_cost: 8.356606871576105
    efficiency: 0.759995
    discharge_ratio: 5
    depth_of_discharge: 0.5
  VRBF:
    cost: 309.136
    lifetime: 16.6979
    annual_cost: 18.5134657651561
    efficiency: 0.763297
    discharge_ratio: 0.5
    depth_of_discharge: 1.0
