cost_values:
  wind_capex: 5000.0
  wind_opex: 100
  wind_lifetime: 20
  solar_capex: 1000.0
  solar_opex: 10
  solar_lifetime: 20
  carbon_price: 1.0
timeseries_values:
  load_level: 260043.50591541393
  wind_year: 2011
  solar_year: 2011
  price_year: 2023
  carbon_year: 2023
storage_values:
  CAES:
    cost: 48.8128
    lifetime: 24.7108
    annual_cost: 1.9753629991744501
    efficiency: 0.635182
    discharge_ratio: 0.1
    depth_of_discharge: 0.4
  Li-ion:
    cost: 174.832
    lifetime: 10.6531
    annual_cost: 16.41137321530822
    efficiency: 0.924942
    discharge_ratio: 2
    depth_of_discharge: 0.9
  Pb-acid:
    cost: 108.437
    lifetime: 13.8547
    annual_cost: 7.826730279255416
    efficiency: 0.769198
    discharge_ratio: 5
    depth_of_discharge: 0.5
  VRBF:
    cost: 329.466
    lifetime: 15.1965
    annual_cost: 21.680386931201262
    efficiency: 0.755603
    discharge_ratio: 0.5
    depth_of_discharge: 1.0
