cost_values:
  wind_capex: 5000.0
  wind_opex: 100
  wind_lifetime: 20
  solar_capex: 1000.0
  solar_opex: 10
  solar_lifetime: 20
  carbon_price: 1.0
timeseries_values:
  load_level: 260043.50591541393
  wind_year: 2011
  solar_year: 2011
  price_year: 2023
  carbon_year: 2023
storage_values:
  CAES:
    cost: 54.8605
    lifetime: 24.336
    annual_cost: 2.254294049967127
    efficiency: 0.648321
    discharge_ratio: 0.1
    depth_of_discharge: 0.4
  Li-ion:
    cost: 159.069
    lifetime: 10.647
    annual_cost: 14.940264863341785
    efficiency: 0.923771
    discharge_ratio: 2
    depth_of_discharge: 0.9
  Pb-acid:
    cost: 111.468
    lifetime: 12.4294
    annual_cost: 8.968091782386923
    efficiency: 0.765515
    discharge_ratio: 5
    depth_of_discharge: 0.5
  VRBF:
    cost: 283.631
    lifetime: 18.9472
    annual_cost: 14.969546951528457
    efficiency: 0.747749
    discharge_ratio: 0.5
    depth_of_discharge: 1.0
