cost_values:
  wind_capex: 5000.0
  wind_opex: 100
  wind_lifetime: 20
  solar_capex: 1000.0
  solar_opex: 10
  solar_lifetime: 20
  carbon_price: 1.0
timeseries_values:
  load_level: 260043.50591541393
  wind_year: 2011
  solar_year: 2011
  price_year: 2023
  carbon_year: 2023
storage_values:
  CAES:
    cost: 56.768
    lifetime: 24.6214
    annual_cost: 2.3056365600656337
    efficiency: 0.641193
    discharge_ratio: 0.1
    depth_of_discharge: 0.4
  Li-ion:
    cost: 163.59
    lifetime: 10.5188
    annual_cost: 15.552154238126022
    efficiency: 0.929656
    discharge_ratio: 2
    depth_of_discharge: 0.9
  Pb-acid:
    cost: 119.964
    lifetime: 11.4066
    annual_cost: 10.517069065277997
    efficiency: 0.742251
    discharge_ratio: 5
    depth_of_discharge: 0.5
  VRBF:
    cost: 297.711
    lifetime: 17.7539
    annual_cost: 16.76876629923566
    efficiency: 0.741599
    discharge_ratio: 0.5
    depth_of_discharge: 1.0
