cost_values:
  wind_capex: 5000.0
  wind_opex: 100
  wind_lifetime: 20
  solar_capex: 1000.0
  solar_opex: 10
  solar_lifetime: 20
  carbon_price: 1.0
timeseries_values:
  load_level: 260043.50591541393
  wind_year: 2011
  solar_year: 2011
  price_year: 2023
  carbon_year: 2023
storage_values:
  CAES:
    cost: 51.3146
    lifetime: 24.7357
    annual_cost: 2.074515780834987
    efficiency: 0.646673
    discharge_ratio: 0.1
    depth_of_discharge: 0.4
  Li-ion:
    cost: 147.909
    lifetime: 14.0015
    annual_cost: 10.563796736063992
    efficiency: 0.93937
    discharge_ratio: 2
    depth_of_discharge: 0.9
  Pb-acid:
    cost: 88.0814
    lifetime: 11.279
    annual_cost: 7.809327068002482
    efficiency: 0.750806
    discharge_ratio: 5
    depth_of_discharge: 0.5
  VRBF:
    cost: 306.168
    lifetime: 18.0101
    annual_cost: 16.999794559719266
    efficiency: 0.749229
    discharge_ratio: 0.5
    depth_of_discharge: 1.0
