cost_values:
  wind_capex: 5000.0
  wind_opex: 100
  wind_lifetime: 20
  solar_capex: 1000.0
  solar_opex: 10
  solar_lifetime: 20
  carbon_price: 1.0
timeseries_values:
  load_level: 260043.50591541393
  wind_year: 2011
  solar_year: 2011
  price_year: 2023
  carbon_year: 2023
storage_values:
  CAES:
    cost: 51.6506
    lifetime: 23.7062
    annual_cost: 2.1787802347065326
    efficiency: 0.648025
    discharge_ratio: 0.1
    depth_of_discharge: 0.4
  Li-ion:
    cost: 163.899
    lifetime: 11.0884
    annual_cost: 14.781122614624293
    efficiency: 0.922358
    discharge_ratio: 2
    depth_of_discharge: 0.9
  Pb-acid:
    cost: 105.495
    lifetime: 11.9614
    annual_cost: 8.819619776949187
    efficiency: 0.745886
    discharge_ratio: 5
    depth_of_discharge: 0.5
  VRBF:
    cost: 251.302
    lifetime: 17.2264
    annual_cost: 14.588190219662842
    efficiency: 0.734987
    discharge_ratio: 0.5
    depth_of_discharge: 1.0
