cost_values:
  wind_capex: 5000.0
  wind_opex: 100
  wind_lifetime: 20
  solar_capex: 1000.0
  solar_opex: 10
  solar_lifetime: 20
  carbon_price: 1.0
timeseries_values:
  load_level: 260043.50591541393
  wind_year: 2011
  solar_year: 2011
  price_year: 2023
  carbon_year: 2023
storage_values:
  CAES:
    cost: 59.1402
    lifetime: 24.9524
    annual_cost: 2.3701207098315193
    efficiency: 0.646857
    discharge_ratio: 0.1
    depth_of_discharge: 0.4
  Li-ion:
    cost: 165.649
    lifetime: 11.3263
    annual_cost: 14.625164440285001
    efficiency: 0.930956
    discharge_ratio: 2
    depth_of_discharge: 0.9
  Pb-acid:
    cost: 102.703
    lifetime: 10.5762
    annual_cost: 9.710765681435676
    efficiency: 0.756703
    discharge_ratio: 5
    depth_of_discharge: 0.5
  VRBF:
    cost: 287.894
    lifetime: 17.628
    annual_cost: 16.331631495348308
    efficiency: 0.771979
    discharge_ratio: 0.5
    depth_of_discharge: 1.0
