cost_values:
  wind_capex: 5000.0
  wind_opex: 100
  wind_lifetime: 20
  solar_capex: 1000.0
  solar_opex: 10
  solar_lifetime: 20
  carbon_price: 1.0
timeseries_values:
  load_level: 260043.50591541393
  wind_year: 2011
  solar_year: 2011
  price_year: 2023
  carbon_year: 2023
storage_values:
  CAES:
    cost: 50.9331
    lifetime: 23.3911
    annual_cost: 2.1774563829832716
    efficiency: 0.640011
    discharge_ratio: 0.1
    depth_of_discharge: 0.4
  Li-ion:
    cost: 153.46
    lifetime: 13.0534
    annual_cost: 11.756324022859944
    efficiency: 0.934486
    discharge_ratio: 2
    depth_of_discharge: 0.9
  Pb-acid:
    cost: 104.438
    lifetime: 13.576
    annual_cost: 7.6928403064231
    efficiency: 0.752467
    discharge_ratio: 5
    depth_of_discharge: 0.5
  VRBF:
    cost: 283.069
    lifetime: 17.2064
    annual_cost: 16.45137855681607
    efficiency: 0.751844
    discharge_ratio: 0.5
    depth_of_discharge: 1.0
