cost_values:
  wind_capex: 5000.0
  wind_opex: 100
  wind_lifetime: 20
  solar_capex: 1000.0
  solar_opex: 10
  solar_lifetime: 20
  carbon_price: 1.0
timeseries_values:
  load_level: 260043.50591541393
  wind_year: 2011
  solar_year: 2011
  price_year: 2023
  carbon_year: 2023
storage_values:
  CAES:
    cost: 55.0416
    lifetime: 25.252
    annual_cost: 2.1796926976081106
    efficiency: 0.638478
    discharge_ratio: 0.1
    depth_of_discharge: 0.4
  Li-ion:
    cost: 159.355
    lifetime: 12.2636
    annual_cost: 12.994145275449297
    efficiency: 0.929304
    discharge_ratio: 2
    depth_of_discharge: 0.9
  Pb-acid:
    cost: 95.3843
    lifetime: 12.9091
    annual_cost: 7.388919444422926
    efficiency: 0.764118
    discharge_ratio: 5
    depth_of_discharge: 0.5
  VRBF:
    cost: 323.862
    lifetime: 18.019
    annual_cost: 17.97336145180088
    efficiency: 0.740951
    discharge_ratio: 0.5
    depth_of_discharge: 1.0
