cost_values:
  wind_capex: 5000.0
  wind_opex: 100
  wind_lifetime: 20
  solar_capex: 1000.0
  solar_opex: 10
  solar_lifetime: 20
  carbon_price: 1.0
timeseries_values:
  load_level: 260043.50591541393
  wind_year: 2011
  solar_year: 2011
  price_year: 2023
  carbon_year: 2023
storage_values:
  CAES:
    cost: 50.9016
    lifetime: 24.5746
    annual_cost: 2.07130940076339
    efficiency: 0.646713
    discharge_ratio: 0.1
    depth_of_discharge: 0.4
  Li-ion:
    cost: 143.723
    lifetime: 11.4141
    annual_cost: 12.591706748670505
    efficiency: 0.925477
    discharge_ratio: 2
    depth_of_discharge: 0.9
  Pb-acid:
    cost: 100.929
    lifetime: 12.6699
    annual_cost: 7.966045509435749
    efficiency: 0.753273
    discharge_ratio: 5
    depth_of_discharge: 0.5
  VRBF:
    cost: 304.344
    lifetime: 18.1308
    annual_cost: 16.78602157654378
    efficiency: 0.771419
    discharge_ratio: 0.5
    depth_of_discharge: 1.0
