cost_values:
  wind_capex: 5000.0
  wind_opex: 100
  wind_lifetime: 20
  solar_capex: 1000.0
  solar_opex: 10
  solar_lifetime: 20
  carbon_price: 1.0
timeseries_values:
  load_level: 260043.50591541393
  wind_year: 2011
  solar_year: 2011
  price_year: 2023
  carbon_year: 2023
storage_values:
  CAES:
    cost: 54.238
    lifetime: 25.0357
    annual_cost: 2.166426343181936
    efficiency: 0.638444
    discharge_ratio: 0.1
    depth_of_discharge: 0.4
  Li-ion:
    cost: 166.965
    lifetime: 11.8818
    annual_cost: 14.052163813563602
    efficiency: 0.904764
    discharge_ratio: 2
    depth_of_discharge: 0.9
  Pb-acid:
    cost: 97.1342
    lifetime: 11.88
    annual_cost: 8.176279461279462
    efficiency: 0.765271
    discharge_ratio: 5
    depth_of_discharge: 0.5
  VRBF:
    cost: 288.625
    lifetime: 18.2916
    annual_cost: 15.779100789433402
    efficiency: 0.777389
    discharge_ratio: 0.5
    depth_of_discharge: 1.0
