cost_values:
  wind_capex: 5000.0
  wind_opex: 100
  wind_lifetime: 20
  solar_capex: 1000.0
  solar_opex: 10
  solar_lifetime: 20
  carbon_price: 1.0
timeseries_values:
  load_level: 260043.50591541393
  wind_year: 2011
  solar_year: 2011
  price_year: 2023
  carbon_year: 2023
storage_values:
  CAES:
    cost: 51.5725
    lifetime: 24.8811
    annual_cost: 2.072758037225042
    efficiency: 0.649987
    discharge_ratio: 0.1
    depth_of_discharge: 0.4
  Li-ion:
    cost: 159.23
    lifetime: 10.5019
    annual_cost: 15.162018301450214
    efficiency: 0.91655
    discharge_ratio: 2
    depth_of_discharge: 0.9
  Pb-acid:
    cost: 85.0939
    lifetime: 12.0789
    annual_cost: 7.044838520063913
    efficiency: 0.744476
    discharge_ratio: 5
    depth_of_discharge: 0.5
  VRBF:
    cost: 285.372
    lifetime: 19.8986
    annual_cost: 14.341310443950833
    efficiency: 0.751873
    discharge_ratio: 0.5
    depth_of_discharge: 1.0
