cost_values:
  wind_capex: 5000.0
  wind_opex: 100
  wind_lifetime: 20
  solar_capex: 1000.0
  solar_opex: 10
  solar_lifetime: 20
  carbon_price: 1.0
timeseries_values:
  load_level: 260043.50591541393
  wind_year: 2011
  solar_year: 2011
  price_year: 2023
  carbon_year: 2023
storage_values:
  CAES:
    cost: 52.1539
    lifetime: 24.182
    annual_cost: 2.156724009593913
    efficiency: 0.639291
    discharge_ratio: 0.1
    depth_of_discharge: 0.4
  Li-ion:
    cost: 152.991
    lifetime: 10.3834
    annual_cost: 14.73419111273764
    efficiency: 0.928274
    discharge_ratio: 2
    depth_of_discharge: 0.9
  Pb-acid:
    cost: 97.7598
    lifetime: 12.4132
    annual_cost: 7.875471272516354
    efficiency: 0.743222
    discharge_ratio: 5
    depth_of_discharge: 0.5
  VRBF:
    cost: 315.431
    lifetime: 18.9384
    annual_cost: 16.655630887508973
    efficiency: 0.751863
    discharge_ratio: 0.5
    depth_of_discharge: 1.0
