cost_values:
  wind_capex: 5000.0
  wind_opex: 100
  wind_lifetime: 20
  solar_capex: 1000.0
  solar_opex: 10
  solar_lifetime: 20
  carbon_price: 1.0
timeseries_values:
  load_level: 260043.50591541393
  wind_year: 2011
  solar_year: 2011
  price_year: 2023
  carbon_year: 2023
storage_values:
  CAES:
    cost: 54.8392
    lifetime: 24.8464
    annual_cost: 2.207128598106768
    efficiency: 0.633968
    discharge_ratio: 0.1
    depth_of_discharge: 0.4
  Li-ion:
    cost: 103.239
    lifetime: 13.0357
    annual_cost: 7.919712788726344
    efficiency: 0.951489
    discharge_ratio: 2
    depth_of_discharge: 0.9
  Pb-acid:
    cost: 96.9075
    lifetime: 13.3363
    annual_cost: 7.266445715828229
    efficiency: 0.752706
    discharge_ratio: 5
    depth_of_discharge: 0.5
  VRBF:
    cost: 288.594
    lifetime: 15.7133
    annual_cost: 18.366224790464127
    efficiency: 0.747097
    discharge_ratio: 0.5
    depth_of_discharge: 1.0
