cost_values:
  wind_capex: 5000.0
  wind_opex: 100
  wind_lifetime: 20
  solar_capex: 1000.0
  solar_opex: 10
  solar_lifetime: 20
  carbon_price: 1.0
timeseries_values:
  load_level: 260043.50591541393
  wind_year: 2011
  solar_year: 2011
  price_year: 2023
  carbon_year: 2023
storage_values:
  CAES:
    cost: 51.3837
    lifetime: 25.1387
    annual_cost: 2.0440078444788314
    efficiency: 0.645681
    discharge_ratio: 0.1
    depth_of_discharge: 0.4
  Li-ion:
    cost: 181.686
    lifetime: 11.0026
    annual_cost: 16.513006016759675
    efficiency: 0.913589
    discharge_ratio: 2
    depth_of_discharge: 0.9
  Pb-acid:
    cost: 112.453
    lifetime: 12.5396
    annual_cost: 8.967829914829819
    efficiency: 0.752778
    discharge_ratio: 5
    depth_of_discharge: 0.5
  VRBF:
    cost: 306.004
    lifetime: 17.8541
    annual_cost: 17.139144510224543
    efficiency: 0.746064
    discharge_ratio: 0.5
    depth_of_discharge: 1.0
