cost_values:
  wind_capex: 5000.0
  wind_opex: 100
  wind_lifetime: 20
  solar_capex: 1000.0
  solar_opex: 10
  solar_lifetime: 20
  carbon_price: 1.0
timeseries_values:
  load_level: 260043.50591541393
  wind_year: 2011
  solar_year: 2011
  price_year: 2023
  carbon_year: 2023
storage_values:
  CAES:
    cost: 57.5392
    lifetime: 25.1461
    annual_cost: 2.2881957838392433
    efficiency: 0.645339
    discharge_ratio: 0.1
    depth_of_discharge: 0.4
  Li-ion:
    cost: 145.88
    lifetime: 11.5329
    annual_cost: 12.649030165873285
    efficiency: 0.915556
    discharge_ratio: 2
    depth_of_discharge: 0.9
  Pb-acid:
    cost: 114.851
    lifetime: 11.9404
    annual_cost: 9.618689491139325
    efficiency: 0.744438
    discharge_ratio: 5
    depth_of_discharge: 0.5
  VRBF:
    cost: 311.745
    lifetime: 18.628
    annual_cost: 16.735290959845393
    efficiency: 0.766981
    discharge_ratio: 0.5
    depth_of_discharge: 1.0
