cost_values:
  wind_capex: 5000.0
  wind_opex: 100
  wind_lifetime: 20
  solar_capex: 1000.0
  solar_opex: 10
  solar_lifetime: 20
  carbon_price: 1.0
timeseries_values:
  load_level: 260043.50591541393
  wind_year: 2011
  solar_year: 2011
  price_year: 2023
  carbon_year: 2023
storage_values:
  CAES:
    cost: 50.0336
    lifetime: 24.7654
    annual_cost: 2.0203025188367643
    efficiency: 0.646074
    discharge_ratio: 0.1
    depth_of_discharge: 0.4
  Li-ion:
    cost: 158.532
    lifetime: 10.3325
    annual_cost: 15.343043793854346
    efficiency: 0.922716
    discharge_ratio: 2
    depth_of_discharge: 0.9
  Pb-acid:
    cost: 91.0897
    lifetime: 13.1863
    annual_cost: 6.907904415946854
    efficiency: 0.762534
    discharge_ratio: 5
    depth_of_discharge: 0.5
  VRBF:
    cost: 283.998
    lifetime: 17.6379
    annual_cost: 16.101576718316807
    efficiency: 0.749197
    discharge_ratio: 0.5
    depth_of_discharge: 1.0
