cost_values:
  wind_capex: 5000.0
  wind_opex: 100
  wind_lifetime: 20
  solar_capex: 1000.0
  solar_opex: 10
  solar_lifetime: 20
  carbon_price: 1.0
timeseries_values:
  load_level: 260043.50591541393
  wind_year: 2011
  solar_year: 2011
  price_year: 2023
  carbon_year: 2023
storage_values:
  CAES:
    cost: 51.4745
    lifetime: 24.4584
    annual_cost: 2.1045734798678573
    efficiency: 0.639706
    discharge_ratio: 0.1
    depth_of_discharge: 0.4
  Li-ion:
    cost: 145.262
    lifetime: 10.038
    annual_cost: 14.471209404263798
    efficiency: 0.923281
    discharge_ratio: 2
    depth_of_discharge: 0.9
  Pb-acid:
    cost: 112.377
    lifetime: 12.844
    annual_cost: 8.749377141077545
    efficiency: 0.763242
    discharge_ratio: 5
    depth_of_discharge: 0.5
  VRBF:
    cost: 307.879
    lifetime: 15.8049
    annual_cost: 19.47997140127429
    efficiency: 0.753573
    discharge_ratio: 0.5
    depth_of_discharge: 1.0
