cost_values:
  wind_capex: 5000.0
  wind_opex: 100
  wind_lifetime: 20
  solar_capex: 1000.0
  solar_opex: 10
  solar_lifetime: 20
  carbon_price: 1.0
timeseries_values:
  load_level: 260043.50591541393
  wind_year: 2011
  solar_year: 2011
  price_year: 2023
  carbon_year: 2023
storage_values:
  CAES:
    cost: 48.355
    lifetime: 25.0301
    annual_cost: 1.9318740236754945
    efficiency: 0.644901
    discharge_ratio: 0.1
    depth_of_discharge: 0.4
  Li-ion:
    cost: 166.272
    lifetime: 12.3
    annual_cost: 13.518048780487803
    efficiency: 0.914043
    discharge_ratio: 2
    depth_of_discharge: 0.9
  Pb-acid:
    cost: 92.7964
    lifetime: 11.6113
    annual_cost: 7.991904437918235
    efficiency: 0.745667
    discharge_ratio: 5
    depth_of_discharge: 0.5
  VRBF:
    cost: 298.639
    lifetime: 16.3248
    annual_cost: 18.293577869254143
    efficiency: 0.745437
    discharge_ratio: 0.5
    depth_of_discharge: 1.0
