cost_values:
  wind_capex: 5000.0
  wind_opex: 100
  wind_lifetime: 20
  solar_capex: 1000.0
  solar_opex: 10
  solar_lifetime: 20
  carbon_price: 1.0
timeseries_values:
  load_level: 260043.50591541393
  wind_year: 2011
  solar_year: 2011
  price_year: 2023
  carbon_year: 2023
storage_values:
  CAES:
    cost: 49.976
    lifetime: 25.7214
    annual_cost: 1.9429735550942018
    efficiency: 0.647038
    discharge_ratio: 0.1
    depth_of_discharge: 0.4
  Li-ion:
    cost: 154.614
    lifetime: 11.6007
    annual_cost: 13.327988828260365
    efficiency: 0.923193
    discharge_ratio: 2
    depth_of_discharge: 0.9
  Pb-acid:
    cost: 126.667
    lifetime: 13.9737
    annual_cost: 9.064671490013383
    efficiency: 0.734854
    discharge_ratio: 5
    depth_of_discharge: 0.5
  VRBF:
    cost: 285.971
    lifetime: 17.0595
    annual_cost: 16.763152495676895
    efficiency: 0.764878
    discharge_ratio: 0.5
    depth_of_discharge: 1.0
