cost_values:
  wind_capex: 5000.0
  wind_opex: 100
  wind_lifetime: 20
  solar_capex: 1000.0
  solar_opex: 10
  solar_lifetime: 20
  carbon_price: 1.0
timeseries_values:
  load_level: 260043.50591541393
  wind_year: 2011
  solar_year: 2011
  price_year: 2023
  carbon_year: 2023
storage_values:
  CAES:
    cost: 52.8496
    lifetime: 24.4837
    annual_cost: 2.158562635549366
    efficiency: 0.632415
    discharge_ratio: 0.1
    depth_of_discharge: 0.4
  Li-ion:
    cost: 151.358
    lifetime: 10.9485
    annual_cost: 13.824542174727133
    efficiency: 0.930632
    discharge_ratio: 2
    depth_of_discharge: 0.9
  Pb-acid:
    cost: 110.354
    lifetime: 11.603
    annual_cost: 9.510816168232354
    efficiency: 0.747774
    discharge_ratio: 5
    depth_of_discharge: 0.5
  VRBF:
    cost: 297.041
    lifetime: 16.398
    annual_cost: 18.114465178680327
    efficiency: 0.748234
    discharge_ratio: 0.5
    depth_of_discharge: 1.0
