cost_values:
  wind_capex: 5000.0
  wind_opex: 100
  wind_lifetime: 20
  solar_capex: 1000.0
  solar_opex: 10
  solar_lifetime: 20
  carbon_price: 1.0
timeseries_values:
  load_level: 260043.50591541393
  wind_year: 2011
  solar_year: 2011
  price_year: 2023
  carbon_year: 2023
storage_values:
  CAES:
    cost: 53.6458
    lifetime: 24.6179
    annual_cost: 2.1791379443413126
    efficiency: 0.649829
    discharge_ratio: 0.1
    depth_of_discharge: 0.4
  Li-ion:
    cost: 165.014
    lifetime: 13.5272
    annual_cost: 12.198681175705246
    efficiency: 0.938996
    discharge_ratio: 2
    depth_of_discharge: 0.9
  Pb-acid:
    cost: 106.277
    lifetime: 12.3585
    annual_cost: 8.599506412590525
    efficiency: 0.751209
    discharge_ratio: 5
    depth_of_discharge: 0.5
  VRBF:
    cost: 271.004
    lifetime: 18.2103
    annual_cost: 14.881907491913918
    efficiency: 0.740813
    discharge_ratio: 0.5
    depth_of_discharge: 1.0
