cost_values:
  wind_capex: 5000.0
  wind_opex: 100
  wind_lifetime: 20
  solar_capex: 1000.0
  solar_opex: 10
  solar_lifetime: 20
  carbon_price: 1.0
timeseries_values:
  load_level: 260043.50591541393
  wind_year: 2011
  solar_year: 2011
  price_year: 2023
  carbon_year: 2023
storage_values:
  CAES:
    cost: 55.2853
    lifetime: 25.0796
    annual_cost: 2.204393212012951
    efficiency: 0.649856
    discharge_ratio: 0.1
    depth_of_discharge: 0.4
  Li-ion:
    cost: 148.506
    lifetime: 11.7066
    annual_cost: 12.685664496950439
    efficiency: 0.929823
    discharge_ratio: 2
    depth_of_discharge: 0.9
  Pb-acid:
    cost: 81.668
    lifetime: 12.194
    annual_cost: 6.697392160078727
    efficiency: 0.734747
    discharge_ratio: 5
    depth_of_discharge: 0.5
  VRBF:
    cost: 278.663
    lifetime: 17.5788
    annual_cost: 15.852219719207227
    efficiency: 0.762267
    discharge_ratio: 0.5
    depth_of_discharge: 1.0
