cost_values:
  wind_capex: 5000.0
  wind_opex: 100
  wind_lifetime: 20
  solar_capex: 1000.0
  solar_opex: 10
  solar_lifetime: 20
  carbon_price: 1.0
timeseries_values:
  load_level: 260043.50591541393
  wind_year: 2011
  solar_year: 2011
  price_year: 2023
  carbon_year: 2023
storage_values:
  CAES:
    cost: 53.4047
    lifetime: 25.5711
    annual_cost: 2.0884787905095985
    efficiency: 0.643003
    discharge_ratio: 0.1
    depth_of_discharge: 0.4
  Li-ion:
    cost: 149.585
    lifetime: 13.7491
    annual_cost: 10.879621211570212
    efficiency: 0.929078
    discharge_ratio: 2
    depth_of_discharge: 0.9
  Pb-acid:
    cost: 117.687
    lifetime: 12.0414
    annual_cost: 9.7735313169565
    efficiency: 0.747056
    discharge_ratio: 5
    depth_of_discharge: 0.5
  VRBF:
    cost: 300.998
    lifetime: 15.753
    annual_cost: 19.10734463276836
    efficiency: 0.757033
    discharge_ratio: 0.5
    depth_of_discharge: 1.0
