cost_values:
  wind_capex: 5000.0
  wind_opex: 100
  wind_lifetime: 20
  solar_capex: 1000.0
  solar_opex: 10
  solar_lifetime: 20
  carbon_price: 1.0
timeseries_values:
  load_level: 260043.50591541393
  wind_year: 2011
  solar_year: 2011
  price_year: 2023
  carbon_year: 2023
storage_values:
  CAES:
    cost: 51.4231
    lifetime: 24.2119
    annual_cost: 2.123877101755748
    efficiency: 0.644544
    discharge_ratio: 0.1
    depth_of_discharge: 0.4
  Li-ion:
    cost: 161.36
    lifetime: 10.6288
    annual_cost: 15.181393948517238
    efficiency: 0.925046
    discharge_ratio: 2
    depth_of_discharge: 0.9
  Pb-acid:
    cost: 118.463
    lifetime: 12.1714
    annual_cost: 9.732898434033881
    efficiency: 0.763003
    discharge_ratio: 5
    depth_of_discharge: 0.5
  VRBF:
    cost: 292.579
    lifetime: 17.3153
    annual_cost: 16.897137213909087
    efficiency: 0.74909
    discharge_ratio: 0.5
    depth_of_discharge: 1.0
