cost_values:
  wind_capex: 5000.0
  wind_opex: 100
  wind_lifetime: 20
  solar_capex: 1000.0
  solar_opex: 10
  solar_lifetime: 20
  carbon_price: 1.0
timeseries_values:
  load_level: 260043.50591541393
  wind_year: 2011
  solar_year: 2011
  price_year: 2023
  carbon_year: 2023
storage_values:
  CAES:
    cost: 46.1254
    lifetime: 24.6394
    annual_cost: 1.8720179874509932
    efficiency: 0.640977
    discharge_ratio: 0.1
    depth_of_discharge: 0.4
  Li-ion:
    cost: 171.612
    lifetime: 12.2899
    annual_cost: 13.963661217747907
    efficiency: 0.922194
    discharge_ratio: 2
    depth_of_discharge: 0.9
  Pb-acid:
    cost: 97.6165
    lifetime: 13.4207
    annual_cost: 7.273577384190094
    efficiency: 0.759404
    discharge_ratio: 5
    depth_of_discharge: 0.5
  VRBF:
    cost: 281.213
    lifetime: 20.2026
    annual_cost: 13.919644006217023
    efficiency: 0.759554
    discharge_ratio: 0.5
    depth_of_discharge: 1.0
