cost_values:
  wind_capex: 5000.0
  wind_opex: 100
  wind_lifetime: 20
  solar_capex: 1000.0
  solar_opex: 10
  solar_lifetime: 20
  carbon_price: 1.0
timeseries_values:
  load_level: 260043.50591541393
  wind_year: 2011
  solar_year: 2011
  price_year: 2023
  carbon_year: 2023
storage_values:
  CAES:
    cost: 47.809
    lifetime: 23.9247
    annual_cost: 1.9983113685856038
    efficiency: 0.648896
    discharge_ratio: 0.1
    depth_of_discharge: 0.4
  Li-ion:
    cost: 159.686
    lifetime: 11.135
    annual_cost: 14.340907049842839
    efficiency: 0.917993
    discharge_ratio: 2
    depth_of_discharge: 0.9
  Pb-acid:
    cost: 101.82
    lifetime: 11.8384
    annual_cost: 8.600824435734559
    efficiency: 0.757686
    discharge_ratio: 5
    depth_of_discharge: 0.5
  VRBF:
    cost: 313.288
    lifetime: 17.0874
    annual_cost: 18.334445263761605
    efficiency: 0.760888
    discharge_ratio: 0.5
    depth_of_discharge: 1.0
