cost_values:
  wind_capex: 5000.0
  wind_opex: 100
  wind_lifetime: 20
  solar_capex: 1000.0
  solar_opex: 10
  solar_lifetime: 20
  carbon_price: 1.0
timeseries_values:
  load_level: 260043.50591541393
  wind_year: 2011
  solar_year: 2011
  price_year: 2023
  carbon_year: 2023
storage_values:
  CAES:
    cost: 47.2981
    lifetime: 24.7919
    annual_cost: 1.907804565200731
    efficiency: 0.644457
    discharge_ratio: 0.1
    depth_of_discharge: 0.4
  Li-ion:
    cost: 169.852
    lifetime: 10.9001
    annual_cost: 15.582609333859322
    efficiency: 0.92498
    discharge_ratio: 2
    depth_of_discharge: 0.9
  Pb-acid:
    cost: 110.801
    lifetime: 12.4173
    annual_cost: 8.923115331030095
    efficiency: 0.758267
    discharge_ratio: 5
    depth_of_discharge: 0.5
  VRBF:
    cost: 301.396
    lifetime: 15.656
    annual_cost: 19.25114971895759
    efficiency: 0.758163
    discharge_ratio: 0.5
    depth_of_discharge: 1.0
