cost_values:
  wind_capex: 5000.0
  wind_opex: 100
  wind_lifetime: 20
  solar_capex: 1000.0
  solar_opex: 10
  solar_lifetime: 20
  carbon_price: 1.0
timeseries_values:
  load_level: 260043.50591541393
  wind_year: 2011
  solar_year: 2011
  price_year: 2023
  carbon_year: 2023
storage_values:
  CAES:
    cost: 53.2389
    lifetime: 24.8794
    annual_cost: 2.139878775211621
    efficiency: 0.642686
    discharge_ratio: 0.1
    depth_of_discharge: 0.4
  Li-ion:
    cost: 145.311
    lifetime: 11.7825
    annual_cost: 12.332781667727563
    efficiency: 0.920902
    discharge_ratio: 2
    depth_of_discharge: 0.9
  Pb-acid:
    cost: 111.836
    lifetime: 12.4882
    annual_cost: 8.955333835140372
    efficiency: 0.771428
    discharge_ratio: 5
    depth_of_discharge: 0.5
  VRBF:
    cost: 311.435
    lifetime: 15.6503
    annual_cost: 19.899618537663816
    efficiency: 0.740069
    discharge_ratio: 0.5
    depth_of_discharge: 1.0
