cost_values:
  wind_capex: 5000.0
  wind_opex: 100
  wind_lifetime: 20
  solar_capex: 1000.0
  solar_opex: 10
  solar_lifetime: 20
  carbon_price: 1.0
timeseries_values:
  load_level: 260043.50591541393
  wind_year: 2011
  solar_year: 2011
  price_year: 2023
  carbon_year: 2023
storage_values:
  CAES:
    cost: 51.0273
    lifetime: 23.9059
    annual_cost: 2.134506544409539
    efficiency: 0.641705
    discharge_ratio: 0.1
    depth_of_discharge: 0.4
  Li-ion:
    cost: 180.809
    lifetime: 12.5226
    annual_cost: 14.43861498410873
    efficiency: 0.937729
    discharge_ratio: 2
    depth_of_discharge: 0.9
  Pb-acid:
    cost: 100.685
    lifetime: 12.164
    annual_cost: 8.277293653403486
    efficiency: 0.754662
    discharge_ratio: 5
    depth_of_discharge: 0.5
  VRBF:
    cost: 305.03
    lifetime: 17.3729
    annual_cost: 17.55780554772087
    efficiency: 0.766974
    discharge_ratio: 0.5
    depth_of_discharge: 1.0
