cost_values:
  wind_capex: 5000.0
  wind_opex: 100
  wind_lifetime: 20
  solar_capex: 1000.0
  solar_opex: 10
  solar_lifetime: 20
  carbon_price: 1.0
timeseries_values:
  load_level: 260043.50591541393
  wind_year: 2011
  solar_year: 2011
  price_year: 2023
  carbon_year: 2023
storage_values:
  CAES:
    cost: 54.0345
    lifetime: 24.002
    annual_cost: 2.2512498958420135
    efficiency: 0.643636
    discharge_ratio: 0.1
    depth_of_discharge: 0.4
  Li-ion:
    cost: 156.783
    lifetime: 10.3165
    annual_cost: 15.197305287646003
    efficiency: 0.92361
    discharge_ratio: 2
    depth_of_discharge: 0.9
  Pb-acid:
    cost: 93.4752
    lifetime: 12.3455
    annual_cost: 7.571600988214329
    efficiency: 0.768286
    discharge_ratio: 5
    depth_of_discharge: 0.5
  VRBF:
    cost: 291.433
    lifetime: 16.1796
    annual_cost: 18.012373606269623
    efficiency: 0.750804
    discharge_ratio: 0.5
    depth_of_discharge: 1.0
