cost_values:
  wind_capex: 5000.0
  wind_opex: 100
  wind_lifetime: 20
  solar_capex: 1000.0
  solar_opex: 10
  solar_lifetime: 20
  carbon_price: 1.0
timeseries_values:
  load_level: 260043.50591541393
  wind_year: 2011
  solar_year: 2011
  price_year: 2023
  carbon_year: 2023
storage_values:
  CAES:
    cost: 52.0447
    lifetime: 23.7116
    annual_cost: 2.1949046036539075
    efficiency: 0.639714
    discharge_ratio: 0.1
    depth_of_discharge: 0.4
  Li-ion:
    cost: 173.738
    lifetime: 10.0939
    annual_cost: 17.21217765184914
    efficiency: 0.933232
    discharge_ratio: 2
    depth_of_discharge: 0.9
  Pb-acid:
    cost: 110.728
    lifetime: 11.0182
    annual_cost: 10.04955437367265
    efficiency: 0.734414
    discharge_ratio: 5
    depth_of_discharge: 0.5
  VRBF:
    cost: 260.242
    lifetime: 18.6388
    annual_cost: 13.962379552331697
    efficiency: 0.752313
    discharge_ratio: 0.5
    depth_of_discharge: 1.0
