cost_values:
  wind_capex: 5000.0
  wind_opex: 100
  wind_lifetime: 20
  solar_capex: 1000.0
  solar_opex: 10
  solar_lifetime: 20
  carbon_price: 1.0
timeseries_values:
  load_level: 260043.50591541393
  wind_year: 2011
  solar_year: 2011
  price_year: 2023
  carbon_year: 2023
storage_values:
  CAES:
    cost: 58.8801
    lifetime: 25.0554
    annual_cost: 2.349996407959961
    efficiency: 0.64835
    discharge_ratio: 0.1
    depth_of_discharge: 0.4
  Li-ion:
    cost: 164.45
    lifetime: 11.1052
    annual_cost: 14.80837805712639
    efficiency: 0.914451
    discharge_ratio: 2
    depth_of_discharge: 0.9
  Pb-acid:
    cost: 112.315
    lifetime: 13.4946
    annual_cost: 8.32295881315489
    efficiency: 0.765817
    discharge_ratio: 5
    depth_of_discharge: 0.5
  VRBF:
    cost: 300.741
    lifetime: 18.6195
    annual_cost: 16.15193748489487
    efficiency: 0.730172
    discharge_ratio: 0.5
    depth_of_discharge: 1.0
