cost_values:
  wind_capex: 5000.0
  wind_opex: 100
  wind_lifetime: 20
  solar_capex: 1000.0
  solar_opex: 10
  solar_lifetime: 20
  carbon_price: 1.0
timeseries_values:
  load_level: 260043.50591541393
  wind_year: 2011
  solar_year: 2011
  price_year: 2023
  carbon_year: 2023
storage_values:
  CAES:
    cost: 51.4344
    lifetime: 26.2254
    annual_cost: 1.961243679791347
    efficiency: 0.645019
    discharge_ratio: 0.1
    depth_of_discharge: 0.4
  Li-ion:
    cost: 142.622
    lifetime: 11.3943
    annual_cost: 12.516960234503218
    efficiency: 0.926637
    discharge_ratio: 2
    depth_of_discharge: 0.9
  Pb-acid:
    cost: 123.768
    lifetime: 13.0749
    annual_cost: 9.466076222380286
    efficiency: 0.759647
    discharge_ratio: 5
    depth_of_discharge: 0.5
  VRBF:
    cost: 310.138
    lifetime: 15.8965
    annual_cost: 19.509829207687226
    efficiency: 0.75468
    discharge_ratio: 0.5
    depth_of_discharge: 1.0
