cost_values:
  wind_capex: 5000.0
  wind_opex: 100
  wind_lifetime: 20
  solar_capex: 1000.0
  solar_opex: 10
  solar_lifetime: 20
  carbon_price: 1.0
timeseries_values:
  load_level: 260043.50591541393
  wind_year: 2011
  solar_year: 2011
  price_year: 2023
  carbon_year: 2023
storage_values:
  CAES:
    cost: 47.4755
    lifetime: 24.414
    annual_cost: 1.9446014581797326
    efficiency: 0.638274
    discharge_ratio: 0.1
    depth_of_discharge: 0.4
  Li-ion:
    cost: 158.389
    lifetime: 10.6778
    annual_cost: 14.833486298675759
    efficiency: 0.9278
    discharge_ratio: 2
    depth_of_discharge: 0.9
  Pb-acid:
    cost: 101.899
    lifetime: 11.966
    annual_cost: 8.515711181681432
    efficiency: 0.758108
    discharge_ratio: 5
    depth_of_discharge: 0.5
  VRBF:
    cost: 300.558
    lifetime: 17.5643
    annual_cost: 17.11186896147299
    efficiency: 0.743321
    discharge_ratio: 0.5
    depth_of_discharge: 1.0
