cost_values:
  wind_capex: 5000.0
  wind_opex: 100
  wind_lifetime: 20
  solar_capex: 1000.0
  solar_opex: 10
  solar_lifetime: 20
  carbon_price: 1.0
timeseries_values:
  load_level: 260043.50591541393
  wind_year: 2011
  solar_year: 2011
  price_year: 2023
  carbon_year: 2023
storage_values:
  CAES:
    cost: 54.042
    lifetime: 24.0628
    annual_cost: 2.2458732982030356
    efficiency: 0.646909
    discharge_ratio: 0.1
    depth_of_discharge: 0.4
  Li-ion:
    cost: 162.332
    lifetime: 10.9559
    annual_cost: 14.816856670834893
    efficiency: 0.919981
    discharge_ratio: 2
    depth_of_discharge: 0.9
  Pb-acid:
    cost: 103.897
    lifetime: 11.9261
    annual_cost: 8.711733089610183
    efficiency: 0.752019
    discharge_ratio: 5
    depth_of_discharge: 0.5
  VRBF:
    cost: 320.139
    lifetime: 14.2299
    annual_cost: 22.497628233508316
    efficiency: 0.747268
    discharge_ratio: 0.5
    depth_of_discharge: 1.0
