cost_values:
  wind_capex: 5000.0
  wind_opex: 100
  wind_lifetime: 20
  solar_capex: 1000.0
  solar_opex: 10
  solar_lifetime: 20
  carbon_price: 1.0
timeseries_values:
  load_level: 260043.50591541393
  wind_year: 2011
  solar_year: 2011
  price_year: 2023
  carbon_year: 2023
storage_values:
  CAES:
    cost: 52.8192
    lifetime: 25.3109
    annual_cost: 2.0868163518484133
    efficiency: 0.640504
    discharge_ratio: 0.1
    depth_of_discharge: 0.4
  Li-ion:
    cost: 161.748
    lifetime: 10.858
    annual_cost: 14.89666605268005
    efficiency: 0.916986
    discharge_ratio: 2
    depth_of_discharge: 0.9
  Pb-acid:
    cost: 85.0576
    lifetime: 11.7182
    annual_cost: 7.258589203119933
    efficiency: 0.734787
    discharge_ratio: 5
    depth_of_discharge: 0.5
  VRBF:
    cost: 274.751
    lifetime: 16.117
    annual_cost: 17.047279270335668
    efficiency: 0.74393
    discharge_ratio: 0.5
    depth_of_discharge: 1.0
