cost_values:
  wind_capex: 5000.0
  wind_opex: 100
  wind_lifetime: 20
  solar_capex: 1000.0
  solar_opex: 10
  solar_lifetime: 20
  carbon_price: 1.0
timeseries_values:
  load_level: 257020.76969209855
  wind_year: 2016
  solar_year: 2011
  price_year: 2023
  carbon_year: 2023
storage_values:
  CAES:
    cost: 25.9164
    lifetime: 26.0708
    annual_cost: 0.9940776654341256
    efficiency: 0.638775
    discharge_ratio: 0.1
    depth_of_discharge: 0.4
  Li-ion:
    cost: 213.023
    lifetime: 20.0867
    annual_cost: 10.605176559614073
    efficiency: 0.936632
    discharge_ratio: 2
    depth_of_discharge: 0.9
  Pb-acid:
    cost: 123.202
    lifetime: 13.1803
    annual_cost: 9.347435187362958
    efficiency: 0.795726
    discharge_ratio: 5
    depth_of_discharge: 0.5
  VRBF:
    cost: 270.244
    lifetime: 29.0082
    annual_cost: 9.316124406202386
    efficiency: 0.816429
    discharge_ratio: 0.5
    depth_of_discharge: 1.0
