cost_values:
  wind_capex: 5000.0
  wind_opex: 100
  wind_lifetime: 20
  solar_capex: 1000.0
  solar_opex: 10
  solar_lifetime: 20
  carbon_price: 1.0
timeseries_values:
  load_level: 257020.76969209855
  wind_year: 2016
  solar_year: 2011
  price_year: 2023
  carbon_year: 2023
storage_values:
  CAES:
    cost: 31.7904
    lifetime: 25.3814
    annual_cost: 1.2525077418897304
    efficiency: 0.640858
    discharge_ratio: 0.1
    depth_of_discharge: 0.4
  Li-ion:
    cost: 190.729
    lifetime: 21.059
    annual_cost: 9.056887791443089
    efficiency: 0.934232
    discharge_ratio: 2
    depth_of_discharge: 0.9
  Pb-acid:
    cost: 134.395
    lifetime: 11.2065
    annual_cost: 11.992593584080668
    efficiency: 0.784831
    discharge_ratio: 5
    depth_of_discharge: 0.5
  VRBF:
    cost: 256.315
    lifetime: 27.3878
    annual_cost: 9.358729069147577
    efficiency: 0.800287
    discharge_ratio: 0.5
    depth_of_discharge: 1.0
