cost_values:
  wind_capex: 5000.0
  wind_opex: 100
  wind_lifetime: 20
  solar_capex: 1000.0
  solar_opex: 10
  solar_lifetime: 20
  carbon_price: 1.0
timeseries_values:
  load_level: 257020.76969209855
  wind_year: 2016
  solar_year: 2011
  price_year: 2023
  carbon_year: 2023
storage_values:
  CAES:
    cost: 24.4579
    lifetime: 24.833
    annual_cost: 0.9848950992630774
    efficiency: 0.627906
    discharge_ratio: 0.1
    depth_of_discharge: 0.4
  Li-ion:
    cost: 186.426
    lifetime: 19.1245
    annual_cost: 9.748019556066824
    efficiency: 0.928441
    discharge_ratio: 2
    depth_of_discharge: 0.9
  Pb-acid:
    cost: 126.53
    lifetime: 12.0793
    annual_cost: 10.474944740175342
    efficiency: 0.790916
    discharge_ratio: 5
    depth_of_discharge: 0.5
  VRBF:
    cost: 255.677
    lifetime: 24.1925
    annual_cost: 10.568440632427405
    efficiency: 0.808395
    discharge_ratio: 0.5
    depth_of_discharge: 1.0
