cost_values:
  wind_capex: 5000.0
  wind_opex: 100
  wind_lifetime: 20
  solar_capex: 1000.0
  solar_opex: 10
  solar_lifetime: 20
  carbon_price: 1.0
timeseries_values:
  load_level: 257020.76969209855
  wind_year: 2016
  solar_year: 2011
  price_year: 2023
  carbon_year: 2023
storage_values:
  CAES:
    cost: 20.9848
    lifetime: 25.0336
    annual_cost: 0.8382653713409178
    efficiency: 0.62796
    discharge_ratio: 0.1
    depth_of_discharge: 0.4
  Li-ion:
    cost: 191.113
    lifetime: 20.8035
    annual_cost: 9.186579181387748
    efficiency: 0.946272
    discharge_ratio: 2
    depth_of_discharge: 0.9
  Pb-acid:
    cost: 159.255
    lifetime: 11.8412
    annual_cost: 13.449228118771744
    efficiency: 0.798153
    discharge_ratio: 5
    depth_of_discharge: 0.5
  VRBF:
    cost: 264.459
    lifetime: 27.4309
    annual_cost: 9.640915901410454
    efficiency: 0.827287
    discharge_ratio: 0.5
    depth_of_discharge: 1.0
