cost_values:
  wind_capex: 5000.0
  wind_opex: 100
  wind_lifetime: 20
  solar_capex: 1000.0
  solar_opex: 10
  solar_lifetime: 20
  carbon_price: 1.0
timeseries_values:
  load_level: 257020.76969209855
  wind_year: 2016
  solar_year: 2011
  price_year: 2023
  carbon_year: 2023
storage_values:
  CAES:
    cost: 22.2603
    lifetime: 25.9647
    annual_cost: 0.8573293741117749
    efficiency: 0.640355
    discharge_ratio: 0.1
    depth_of_discharge: 0.4
  Li-ion:
    cost: 203.676
    lifetime: 20.4323
    annual_cost: 9.968334450844985
    efficiency: 0.934621
    discharge_ratio: 2
    depth_of_discharge: 0.9
  Pb-acid:
    cost: 153.547
    lifetime: 10.737
    annual_cost: 14.300735773493527
    efficiency: 0.78932
    discharge_ratio: 5
    depth_of_discharge: 0.5
  VRBF:
    cost: 286.832
    lifetime: 25.8322
    annual_cost: 11.103661321916057
    efficiency: 0.802981
    discharge_ratio: 0.5
    depth_of_discharge: 1.0
