cost_values:
  wind_capex: 5000.0
  wind_opex: 100
  wind_lifetime: 20
  solar_capex: 1000.0
  solar_opex: 10
  solar_lifetime: 20
  carbon_price: 1.0
timeseries_values:
  load_level: 257020.76969209855
  wind_year: 2016
  solar_year: 2011
  price_year: 2023
  carbon_year: 2023
storage_values:
  CAES:
    cost: 22.8291
    lifetime: 26.0697
    annual_cost: 0.8756947720917386
    efficiency: 0.623645
    discharge_ratio: 0.1
    depth_of_discharge: 0.4
  Li-ion:
    cost: 198.161
    lifetime: 20.4065
    annual_cost: 9.710680420454267
    efficiency: 0.958069
    discharge_ratio: 2
    depth_of_discharge: 0.9
  Pb-acid:
    cost: 138.692
    lifetime: 13.4446
    annual_cost: 10.315814527765795
    efficiency: 0.794673
    discharge_ratio: 5
    depth_of_discharge: 0.5
  VRBF:
    cost: 225.181
    lifetime: 29.8119
    annual_cost: 7.553393108121254
    efficiency: 0.799131
    discharge_ratio: 0.5
    depth_of_discharge: 1.0
