cost_values:
  wind_capex: 5000.0
  wind_opex: 100
  wind_lifetime: 20
  solar_capex: 1000.0
  solar_opex: 10
  solar_lifetime: 20
  carbon_price: 1.0
timeseries_values:
  load_level: 257020.76969209855
  wind_year: 2016
  solar_year: 2011
  price_year: 2023
  carbon_year: 2023
storage_values:
  CAES:
    cost: 25.6084
    lifetime: 24.6879
    annual_cost: 1.03728547183033
    efficiency: 0.636305
    discharge_ratio: 0.1
    depth_of_discharge: 0.4
  Li-ion:
    cost: 201.592
    lifetime: 18.1513
    annual_cost: 11.10620175965358
    efficiency: 0.9398
    discharge_ratio: 2
    depth_of_discharge: 0.9
  Pb-acid:
    cost: 145.049
    lifetime: 11.3541
    annual_cost: 12.77503280753208
    efficiency: 0.778766
    discharge_ratio: 5
    depth_of_discharge: 0.5
  VRBF:
    cost: 252.087
    lifetime: 28.0331
    annual_cost: 8.99247675069828
    efficiency: 0.816277
    discharge_ratio: 0.5
    depth_of_discharge: 1.0
