cost_values:
  wind_capex: 5000.0
  wind_opex: 100
  wind_lifetime: 20
  solar_capex: 1000.0
  solar_opex: 10
  solar_lifetime: 20
  carbon_price: 1.0
timeseries_values:
  load_level: 257020.76969209855
  wind_year: 2016
  solar_year: 2011
  price_year: 2023
  carbon_year: 2023
storage_values:
  CAES:
    cost: 23.6614
    lifetime: 25.3613
    annual_cost: 0.9329726788453273
    efficiency: 0.629539
    discharge_ratio: 0.1
    depth_of_discharge: 0.4
  Li-ion:
    cost: 201.713
    lifetime: 20.0338
    annual_cost: 10.068634008525592
    efficiency: 0.955563
    discharge_ratio: 2
    depth_of_discharge: 0.9
  Pb-acid:
    cost: 134.035
    lifetime: 13.3649
    annual_cost: 10.028881622758119
    efficiency: 0.783536
    discharge_ratio: 5
    depth_of_discharge: 0.5
  VRBF:
    cost: 240.702
    lifetime: 27.754
    annual_cost: 8.67269582762845
    efficiency: 0.817038
    discharge_ratio: 0.5
    depth_of_discharge: 1.0
