cost_values:
  wind_capex: 5000.0
  wind_opex: 100
  wind_lifetime: 20
  solar_capex: 1000.0
  solar_opex: 10
  solar_lifetime: 20
  carbon_price: 1.0
timeseries_values:
  load_level: 257020.76969209855
  wind_year: 2016
  solar_year: 2011
  price_year: 2023
  carbon_year: 2023
storage_values:
  CAES:
    cost: 23.239
    lifetime: 25.6272
    annual_cost: 0.9068099519260786
    efficiency: 0.638887
    discharge_ratio: 0.1
    depth_of_discharge: 0.4
  Li-ion:
    cost: 201.437
    lifetime: 20.1034
    annual_cost: 10.02004636031716
    efficiency: 0.949155
    discharge_ratio: 2
    depth_of_discharge: 0.9
  Pb-acid:
    cost: 149.743
    lifetime: 13.462
    annual_cost: 11.123384341108304
    efficiency: 0.788664
    discharge_ratio: 5
    depth_of_discharge: 0.5
  VRBF:
    cost: 229.845
    lifetime: 28.0347
    annual_cost: 8.1985896050252
    efficiency: 0.807765
    discharge_ratio: 0.5
    depth_of_discharge: 1.0
