cost_values:
  wind_capex: 5000.0
  wind_opex: 100
  wind_lifetime: 20
  solar_capex: 1000.0
  solar_opex: 10
  solar_lifetime: 20
  carbon_price: 1.0
timeseries_values:
  load_level: 257020.76969209855
  wind_year: 2016
  solar_year: 2011
  price_year: 2023
  carbon_year: 2023
storage_values:
  CAES:
    cost: 23.3547
    lifetime: 25.6298
    annual_cost: 0.911232237473566
    efficiency: 0.646361
    discharge_ratio: 0.1
    depth_of_discharge: 0.4
  Li-ion:
    cost: 199.22
    lifetime: 19.8121
    annual_cost: 10.055471151468042
    efficiency: 0.938427
    discharge_ratio: 2
    depth_of_discharge: 0.9
  Pb-acid:
    cost: 142.595
    lifetime: 12.1159
    annual_cost: 11.769245371784184
    efficiency: 0.779148
    discharge_ratio: 5
    depth_of_discharge: 0.5
  VRBF:
    cost: 274.295
    lifetime: 26.9381
    annual_cost: 10.182418210638465
    efficiency: 0.828595
    discharge_ratio: 0.5
    depth_of_discharge: 1.0
