cost_values:
  wind_capex: 5000.0
  wind_opex: 100
  wind_lifetime: 20
  solar_capex: 1000.0
  solar_opex: 10
  solar_lifetime: 20
  carbon_price: 1.0
timeseries_values:
  load_level: 257020.76969209855
  wind_year: 2016
  solar_year: 2011
  price_year: 2023
  carbon_year: 2023
storage_values:
  CAES:
    cost: 27.1797
    lifetime: 26.1525
    annual_cost: 1.0392773157441928
    efficiency: 0.634491
    discharge_ratio: 0.1
    depth_of_discharge: 0.4
  Li-ion:
    cost: 210.759
    lifetime: 20.6242
    annual_cost: 10.2190145557161
    efficiency: 0.938273
    discharge_ratio: 2
    depth_of_discharge: 0.9
  Pb-acid:
    cost: 153.172
    lifetime: 12.8928
    annual_cost: 11.880429386944652
    efficiency: 0.783376
    discharge_ratio: 5
    depth_of_discharge: 0.5
  VRBF:
    cost: 262.31
    lifetime: 28.0585
    annual_cost: 9.348682217509847
    efficiency: 0.809258
    discharge_ratio: 0.5
    depth_of_discharge: 1.0
