cost_values:
  wind_capex: 5000.0
  wind_opex: 100
  wind_lifetime: 20
  solar_capex: 1000.0
  solar_opex: 10
  solar_lifetime: 20
  carbon_price: 1.0
timeseries_values:
  load_level: 257020.76969209855
  wind_year: 2016
  solar_year: 2011
  price_year: 2023
  carbon_year: 2023
storage_values:
  CAES:
    cost: 25.7401
    lifetime: 25.3985
    annual_cost: 1.013449613166132
    efficiency: 0.63944
    discharge_ratio: 0.1
    depth_of_discharge: 0.4
  Li-ion:
    cost: 200.675
    lifetime: 18.0455
    annual_cost: 11.120500955916988
    efficiency: 0.947023
    discharge_ratio: 2
    depth_of_discharge: 0.9
  Pb-acid:
    cost: 129.412
    lifetime: 12.253
    annual_cost: 10.561658369378929
    efficiency: 0.786868
    discharge_ratio: 5
    depth_of_discharge: 0.5
  VRBF:
    cost: 278.667
    lifetime: 29.4995
    annual_cost: 9.446499093204968
    efficiency: 0.804867
    discharge_ratio: 0.5
    depth_of_discharge: 1.0
