cost_values:
  wind_capex: 5000.0
  wind_opex: 100
  wind_lifetime: 20
  solar_capex: 1000.0
  solar_opex: 10
  solar_lifetime: 20
  carbon_price: 1.0
timeseries_values:
  load_level: 257020.76969209855
  wind_year: 2016
  solar_year: 2011
  price_year: 2023
  carbon_year: 2023
storage_values:
  CAES:
    cost: 27.522
    lifetime: 25.3298
    annual_cost: 1.086546281455045
    efficiency: 0.630981
    discharge_ratio: 0.1
    depth_of_discharge: 0.4
  Li-ion:
    cost: 202.079
    lifetime: 20.0576
    annual_cost: 10.074934189534142
    efficiency: 0.947945
    discharge_ratio: 2
    depth_of_discharge: 0.9
  Pb-acid:
    cost: 142.445
    lifetime: 13.4224
    annual_cost: 10.612483609488615
    efficiency: 0.788865
    discharge_ratio: 5
    depth_of_discharge: 0.5
  VRBF:
    cost: 282.961
    lifetime: 28.2747
    annual_cost: 10.00756860373408
    efficiency: 0.805008
    discharge_ratio: 0.5
    depth_of_discharge: 1.0
