cost_values:
  wind_capex: 5000.0
  wind_opex: 100
  wind_lifetime: 20
  solar_capex: 1000.0
  solar_opex: 10
  solar_lifetime: 20
  carbon_price: 1.0
timeseries_values:
  load_level: 257020.76969209855
  wind_year: 2016
  solar_year: 2011
  price_year: 2023
  carbon_year: 2023
storage_values:
  CAES:
    cost: 27.6133
    lifetime: 25.9062
    annual_cost: 1.0658954227173418
    efficiency: 0.634847
    discharge_ratio: 0.1
    depth_of_discharge: 0.4
  Li-ion:
    cost: 199.875
    lifetime: 20.8242
    annual_cost: 9.598207854323334
    efficiency: 0.939186
    discharge_ratio: 2
    depth_of_discharge: 0.9
  Pb-acid:
    cost: 126.309
    lifetime: 11.5305
    annual_cost: 10.954338493560556
    efficiency: 0.787169
    discharge_ratio: 5
    depth_of_discharge: 0.5
  VRBF:
    cost: 279.95
    lifetime: 28.0399
    annual_cost: 9.983987104090955
    efficiency: 0.814204
    discharge_ratio: 0.5
    depth_of_discharge: 1.0
