cost_values:
  wind_capex: 5000.0
  wind_opex: 100
  wind_lifetime: 20
  solar_capex: 1000.0
  solar_opex: 10
  solar_lifetime: 20
  carbon_price: 1.0
timeseries_values:
  load_level: 257020.76969209855
  wind_year: 2016
  solar_year: 2011
  price_year: 2023
  carbon_year: 2023
storage_values:
  CAES:
    cost: 24.1515
    lifetime: 24.6027
    annual_cost: 0.9816605494518894
    efficiency: 0.62756
    discharge_ratio: 0.1
    depth_of_discharge: 0.4
  Li-ion:
    cost: 193.774
    lifetime: 19.4732
    annual_cost: 9.950804182158043
    efficiency: 0.956588
    discharge_ratio: 2
    depth_of_discharge: 0.9
  Pb-acid:
    cost: 147.633
    lifetime: 14.047
    annual_cost: 10.50993094610949
    efficiency: 0.787122
    discharge_ratio: 5
    depth_of_discharge: 0.5
  VRBF:
    cost: 266.766
    lifetime: 29.853
    annual_cost: 8.935986333031856
    efficiency: 0.811637
    discharge_ratio: 0.5
    depth_of_discharge: 1.0
