cost_values:
  wind_capex: 5000.0
  wind_opex: 100
  wind_lifetime: 20
  solar_capex: 1000.0
  solar_opex: 10
  solar_lifetime: 20
  carbon_price: 1.0
timeseries_values:
  load_level: 257020.76969209855
  wind_year: 2016
  solar_year: 2011
  price_year: 2023
  carbon_year: 2023
storage_values:
  CAES:
    cost: 22.7877
    lifetime: 25.4149
    annual_cost: 0.896627568867082
    efficiency: 0.629475
    discharge_ratio: 0.1
    depth_of_discharge: 0.4
  Li-ion:
    cost: 199.739
    lifetime: 20.2646
    annual_cost: 9.856547871657964
    efficiency: 0.939969
    discharge_ratio: 2
    depth_of_discharge: 0.9
  Pb-acid:
    cost: 140.819
    lifetime: 13.2195
    annual_cost: 10.652369605507015
    efficiency: 0.788029
    discharge_ratio: 5
    depth_of_discharge: 0.5
  VRBF:
    cost: 232.988
    lifetime: 26.6278
    annual_cost: 8.749802837635855
    efficiency: 0.818401
    discharge_ratio: 0.5
    depth_of_discharge: 1.0
