cost_values:
  wind_capex: 5000.0
  wind_opex: 100
  wind_lifetime: 20
  solar_capex: 1000.0
  solar_opex: 10
  solar_lifetime: 20
  carbon_price: 1.0
timeseries_values:
  load_level: 257020.76969209855
  wind_year: 2016
  solar_year: 2011
  price_year: 2023
  carbon_year: 2023
storage_values:
  CAES:
    cost: 23.1203
    lifetime: 25.6158
    annual_cost: 0.90257965786741
    efficiency: 0.644973
    discharge_ratio: 0.1
    depth_of_discharge: 0.4
  Li-ion:
    cost: 211.199
    lifetime: 17.9908
    annual_cost: 11.739277853124932
    efficiency: 0.936088
    discharge_ratio: 2
    depth_of_discharge: 0.9
  Pb-acid:
    cost: 147.123
    lifetime: 12.2338
    annual_cost: 12.025944514378196
    efficiency: 0.79332
    discharge_ratio: 5
    depth_of_discharge: 0.5
  VRBF:
    cost: 212.684
    lifetime: 28.099
    annual_cost: 7.569094985586675
    efficiency: 0.810796
    discharge_ratio: 0.5
    depth_of_discharge: 1.0
