cost_values:
  wind_capex: 5000.0
  wind_opex: 100
  wind_lifetime: 20
  solar_capex: 1000.0
  solar_opex: 10
  solar_lifetime: 20
  carbon_price: 1.0
timeseries_values:
  load_level: 257020.76969209855
  wind_year: 2016
  solar_year: 2011
  price_year: 2023
  carbon_year: 2023
storage_values:
  CAES:
    cost: 20.4102
    lifetime: 25.1184
    annual_cost: 0.8125597171794381
    efficiency: 0.629764
    discharge_ratio: 0.1
    depth_of_discharge: 0.4
  Li-ion:
    cost: 202.308
    lifetime: 18.1407
    annual_cost: 11.15216061122228
    efficiency: 0.940238
    discharge_ratio: 2
    depth_of_discharge: 0.9
  Pb-acid:
    cost: 143.198
    lifetime: 11.178
    annual_cost: 12.810699588477366
    efficiency: 0.79554
    discharge_ratio: 5
    depth_of_discharge: 0.5
  VRBF:
    cost: 246.703
    lifetime: 26.1907
    annual_cost: 9.419488597097443
    efficiency: 0.821591
    discharge_ratio: 0.5
    depth_of_discharge: 1.0
