cost_values:
  wind_capex: 5000.0
  wind_opex: 100
  wind_lifetime: 20
  solar_capex: 1000.0
  solar_opex: 10
  solar_lifetime: 20
  carbon_price: 1.0
timeseries_values:
  load_level: 257020.76969209855
  wind_year: 2016
  solar_year: 2011
  price_year: 2023
  carbon_year: 2023
storage_values:
  CAES:
    cost: 22.4828
    lifetime: 25.092
    annual_cost: 0.8960146660290134
    efficiency: 0.638813
    discharge_ratio: 0.1
    depth_of_discharge: 0.4
  Li-ion:
    cost: 196.244
    lifetime: 18.3261
    annual_cost: 10.708443149388032
    efficiency: 0.934077
    discharge_ratio: 2
    depth_of_discharge: 0.9
  Pb-acid:
    cost: 139.133
    lifetime: 12.184
    annual_cost: 11.419320420223245
    efficiency: 0.797099
    discharge_ratio: 5
    depth_of_discharge: 0.5
  VRBF:
    cost: 266.73
    lifetime: 29.0006
    annual_cost: 9.197395915946569
    efficiency: 0.835668
    discharge_ratio: 0.5
    depth_of_discharge: 1.0
