cost_values:
  wind_capex: 5000.0
  wind_opex: 100
  wind_lifetime: 20
  solar_capex: 1000.0
  solar_opex: 10
  solar_lifetime: 20
  carbon_price: 1.0
timeseries_values:
  load_level: 257020.76969209855
  wind_year: 2016
  solar_year: 2011
  price_year: 2023
  carbon_year: 2023
storage_values:
  CAES:
    cost: 21.3296
    lifetime: 24.7709
    annual_cost: 0.8610748902946602
    efficiency: 0.631409
    discharge_ratio: 0.1
    depth_of_discharge: 0.4
  Li-ion:
    cost: 185.534
    lifetime: 17.5101
    annual_cost: 10.595827550956304
    efficiency: 0.95116
    discharge_ratio: 2
    depth_of_discharge: 0.9
  Pb-acid:
    cost: 137.096
    lifetime: 12.1649
    annual_cost: 11.2698008203931
    efficiency: 0.797105
    discharge_ratio: 5
    depth_of_discharge: 0.5
  VRBF:
    cost: 282.963
    lifetime: 28.4211
    annual_cost: 9.956088962073952
    efficiency: 0.801116
    discharge_ratio: 0.5
    depth_of_discharge: 1.0
