cost_values:
  wind_capex: 5000.0
  wind_opex: 100
  wind_lifetime: 20
  solar_capex: 1000.0
  solar_opex: 10
  solar_lifetime: 20
  carbon_price: 1.0
timeseries_values:
  load_level: 257020.76969209855
  wind_year: 2016
  solar_year: 2011
  price_year: 2023
  carbon_year: 2023
storage_values:
  CAES:
    cost: 25.1502
    lifetime: 25.6861
    annual_cost: 0.9791365758133778
    efficiency: 0.632617
    discharge_ratio: 0.1
    depth_of_discharge: 0.4
  Li-ion:
    cost: 190.973
    lifetime: 17.4529
    annual_cost: 10.942192987984805
    efficiency: 0.9355
    discharge_ratio: 2
    depth_of_discharge: 0.9
  Pb-acid:
    cost: 153.468
    lifetime: 12.7054
    annual_cost: 12.07895855305618
    efficiency: 0.780072
    discharge_ratio: 5
    depth_of_discharge: 0.5
  VRBF:
    cost: 260.194
    lifetime: 27.9029
    annual_cost: 9.324980557576454
    efficiency: 0.822624
    discharge_ratio: 0.5
    depth_of_discharge: 1.0
