cost_values:
  wind_capex: 5000.0
  wind_opex: 100
  wind_lifetime: 20
  solar_capex: 1000.0
  solar_opex: 10
  solar_lifetime: 20
  carbon_price: 1.0
timeseries_values:
  load_level: 257020.76969209855
  wind_year: 2016
  solar_year: 2011
  price_year: 2023
  carbon_year: 2023
storage_values:
  CAES:
    cost: 20.4171
    lifetime: 25.7205
    annual_cost: 0.7938064967632822
    efficiency: 0.6375
    discharge_ratio: 0.1
    depth_of_discharge: 0.4
  Li-ion:
    cost: 198.067
    lifetime: 20.1051
    annual_cost: 9.851579947376537
    efficiency: 0.92852
    discharge_ratio: 2
    depth_of_discharge: 0.9
  Pb-acid:
    cost: 155.01
    lifetime: 13.0703
    annual_cost: 11.859712477907928
    efficiency: 0.764605
    discharge_ratio: 5
    depth_of_discharge: 0.5
  VRBF:
    cost: 259.512
    lifetime: 26.9602
    annual_cost: 9.625744616137862
    efficiency: 0.805019
    discharge_ratio: 0.5
    depth_of_discharge: 1.0
