cost_values:
  wind_capex: 5000.0
  wind_opex: 100
  wind_lifetime: 20
  solar_capex: 1000.0
  solar_opex: 10
  solar_lifetime: 20
  carbon_price: 1.0
timeseries_values:
  load_level: 257020.76969209855
  wind_year: 2016
  solar_year: 2011
  price_year: 2023
  carbon_year: 2023
storage_values:
  CAES:
    cost: 21.0406
    lifetime: 24.0999
    annual_cost: 0.8730575645542098
    efficiency: 0.634433
    discharge_ratio: 0.1
    depth_of_discharge: 0.4
  Li-ion:
    cost: 212.23
    lifetime: 18.9536
    annual_cost: 11.197345095390848
    efficiency: 0.93287
    discharge_ratio: 2
    depth_of_discharge: 0.9
  Pb-acid:
    cost: 157.91
    lifetime: 13.2469
    annual_cost: 11.920524802029153
    efficiency: 0.795508
    discharge_ratio: 5
    depth_of_discharge: 0.5
  VRBF:
    cost: 252.686
    lifetime: 26.7014
    annual_cost: 9.46339892290292
    efficiency: 0.800432
    discharge_ratio: 0.5
    depth_of_discharge: 1.0
