cost_values:
  wind_capex: 5000.0
  wind_opex: 100
  wind_lifetime: 20
  solar_capex: 1000.0
  solar_opex: 10
  solar_lifetime: 20
  carbon_price: 1.0
timeseries_values:
  load_level: 257020.76969209855
  wind_year: 2016
  solar_year: 2011
  price_year: 2023
  carbon_year: 2023
storage_values:
  CAES:
    cost: 22.9886
    lifetime: 25.4231
    annual_cost: 0.9042406315516204
    efficiency: 0.636277
    discharge_ratio: 0.1
    depth_of_discharge: 0.4
  Li-ion:
    cost: 177.666
    lifetime: 17.708
    annual_cost: 10.033092387621414
    efficiency: 0.939583
    discharge_ratio: 2
    depth_of_discharge: 0.9
  Pb-acid:
    cost: 145.633
    lifetime: 13.9796
    annual_cost: 10.417536982460158
    efficiency: 0.793892
    discharge_ratio: 5
    depth_of_discharge: 0.5
  VRBF:
    cost: 248.478
    lifetime: 28.503
    annual_cost: 8.717608672771288
    efficiency: 0.847211
    discharge_ratio: 0.5
    depth_of_discharge: 1.0
