cost_values:
  wind_capex: 5000.0
  wind_opex: 100
  wind_lifetime: 20
  solar_capex: 1000.0
  solar_opex: 10
  solar_lifetime: 20
  carbon_price: 1.0
timeseries_values:
  load_level: 257020.76969209855
  wind_year: 2016
  solar_year: 2011
  price_year: 2023
  carbon_year: 2023
storage_values:
  CAES:
    cost: 24.3487
    lifetime: 24.795
    annual_cost: 0.9820004033071184
    efficiency: 0.636648
    discharge_ratio: 0.1
    depth_of_discharge: 0.4
  Li-ion:
    cost: 198.425
    lifetime: 17.6764
    annual_cost: 11.225419203005137
    efficiency: 0.94076
    discharge_ratio: 2
    depth_of_discharge: 0.9
  Pb-acid:
    cost: 153.644
    lifetime: 12.7204
    annual_cost: 12.078550988962611
    efficiency: 0.790391
    discharge_ratio: 5
    depth_of_discharge: 0.5
  VRBF:
    cost: 265.293
    lifetime: 27.5352
    annual_cost: 9.634685784014643
    efficiency: 0.825472
    discharge_ratio: 0.5
    depth_of_discharge: 1.0
