cost_values:
  wind_capex: 5000.0
  wind_opex: 100
  wind_lifetime: 20
  solar_capex: 1000.0
  solar_opex: 10
  solar_lifetime: 20
  carbon_price: 1.0
timeseries_values:
  load_level: 257020.76969209855
  wind_year: 2016
  solar_year: 2011
  price_year: 2023
  carbon_year: 2023
storage_values:
  CAES:
    cost: 27.5665
    lifetime: 26.1681
    annual_cost: 1.0534391109786343
    efficiency: 0.629915
    discharge_ratio: 0.1
    depth_of_discharge: 0.4
  Li-ion:
    cost: 210.787
    lifetime: 20.605
    annual_cost: 10.22989565639408
    efficiency: 0.93302
    discharge_ratio: 2
    depth_of_discharge: 0.9
  Pb-acid:
    cost: 133.655
    lifetime: 11.4549
    annual_cost: 11.66793250050197
    efficiency: 0.788429
    discharge_ratio: 5
    depth_of_discharge: 0.5
  VRBF:
    cost: 222.071
    lifetime: 28.0075
    annual_cost: 7.928983308042488
    efficiency: 0.807467
    discharge_ratio: 0.5
    depth_of_discharge: 1.0
