cost_values:
  wind_capex: 5000.0
  wind_opex: 100
  wind_lifetime: 20
  solar_capex: 1000.0
  solar_opex: 10
  solar_lifetime: 20
  carbon_price: 1.0
timeseries_values:
  load_level: 257020.76969209855
  wind_year: 2016
  solar_year: 2011
  price_year: 2023
  carbon_year: 2023
storage_values:
  CAES:
    cost: 28.2713
    lifetime: 25.3367
    annual_cost: 1.1158240812734097
    efficiency: 0.630898
    discharge_ratio: 0.1
    depth_of_discharge: 0.4
  Li-ion:
    cost: 188.767
    lifetime: 19.7661
    annual_cost: 9.550037690793832
    efficiency: 0.940983
    discharge_ratio: 2
    depth_of_discharge: 0.9
  Pb-acid:
    cost: 129.81
    lifetime: 12.6033
    annual_cost: 10.299683416248126
    efficiency: 0.787603
    discharge_ratio: 5
    depth_of_discharge: 0.5
  VRBF:
    cost: 284.407
    lifetime: 29.3746
    annual_cost: 9.682072266515968
    efficiency: 0.795074
    discharge_ratio: 0.5
    depth_of_discharge: 1.0
