cost_values:
  wind_capex: 5000.0
  wind_opex: 100
  wind_lifetime: 20
  solar_capex: 1000.0
  solar_opex: 10
  solar_lifetime: 20
  carbon_price: 1.0
timeseries_values:
  load_level: 257020.76969209855
  wind_year: 2016
  solar_year: 2011
  price_year: 2023
  carbon_year: 2023
storage_values:
  CAES:
    cost: 24.8083
    lifetime: 25.3098
    annual_cost: 0.9801855407786707
    efficiency: 0.630286
    discharge_ratio: 0.1
    depth_of_discharge: 0.4
  Li-ion:
    cost: 193.602
    lifetime: 19.3716
    annual_cost: 9.994115096326581
    efficiency: 0.945558
    discharge_ratio: 2
    depth_of_discharge: 0.9
  Pb-acid:
    cost: 145.799
    lifetime: 13.4187
    annual_cost: 10.865359535573491
    efficiency: 0.790546
    discharge_ratio: 5
    depth_of_discharge: 0.5
  VRBF:
    cost: 305.905
    lifetime: 28.3808
    annual_cost: 10.778589750817453
    efficiency: 0.823678
    discharge_ratio: 0.5
    depth_of_discharge: 1.0
