cost_values:
  wind_capex: 5000.0
  wind_opex: 100
  wind_lifetime: 20
  solar_capex: 1000.0
  solar_opex: 10
  solar_lifetime: 20
  carbon_price: 1.0
timeseries_values:
  load_level: 257020.76969209855
  wind_year: 2016
  solar_year: 2011
  price_year: 2023
  carbon_year: 2023
storage_values:
  CAES:
    cost: 20.1437
    lifetime: 25.5016
    annual_cost: 0.7898994572889544
    efficiency: 0.626117
    discharge_ratio: 0.1
    depth_of_discharge: 0.4
  Li-ion:
    cost: 186.4
    lifetime: 18.8503
    annual_cost: 9.888436788804421
    efficiency: 0.958868
    discharge_ratio: 2
    depth_of_discharge: 0.9
  Pb-acid:
    cost: 144.149
    lifetime: 12.0109
    annual_cost: 12.001515290277998
    efficiency: 0.786989
    discharge_ratio: 5
    depth_of_discharge: 0.5
  VRBF:
    cost: 269.719
    lifetime: 27.1161
    annual_cost: 9.946821261169564
    efficiency: 0.833987
    discharge_ratio: 0.5
    depth_of_discharge: 1.0
