cost_values:
  wind_capex: 5000.0
  wind_opex: 100
  wind_lifetime: 20
  solar_capex: 1000.0
  solar_opex: 10
  solar_lifetime: 20
  carbon_price: 1.0
timeseries_values:
  load_level: 257020.76969209855
  wind_year: 2016
  solar_year: 2011
  price_year: 2023
  carbon_year: 2023
storage_values:
  CAES:
    cost: 21.3634
    lifetime: 25.2442
    annual_cost: 0.8462696381743132
    efficiency: 0.64248
    discharge_ratio: 0.1
    depth_of_discharge: 0.4
  Li-ion:
    cost: 190.903
    lifetime: 19.1491
    annual_cost: 9.969293596043677
    efficiency: 0.942332
    discharge_ratio: 2
    depth_of_discharge: 0.9
  Pb-acid:
    cost: 133.072
    lifetime: 14.385
    annual_cost: 9.25074730622176
    efficiency: 0.782571
    discharge_ratio: 5
    depth_of_discharge: 0.5
  VRBF:
    cost: 266.233
    lifetime: 28.5537
    annual_cost: 9.323940505083405
    efficiency: 0.775084
    discharge_ratio: 0.5
    depth_of_discharge: 1.0
