cost_values:
  wind_capex: 5000.0
  wind_opex: 100
  wind_lifetime: 20
  solar_capex: 1000.0
  solar_opex: 10
  solar_lifetime: 20
  carbon_price: 1.0
timeseries_values:
  load_level: 257020.76969209855
  wind_year: 2016
  solar_year: 2011
  price_year: 2023
  carbon_year: 2023
storage_values:
  CAES:
    cost: 26.4292
    lifetime: 25.2997
    annual_cost: 1.044644798159662
    efficiency: 0.64906
    discharge_ratio: 0.1
    depth_of_discharge: 0.4
  Li-ion:
    cost: 202.929
    lifetime: 19.4584
    annual_cost: 10.428863627019693
    efficiency: 0.940472
    discharge_ratio: 2
    depth_of_discharge: 0.9
  Pb-acid:
    cost: 122.177
    lifetime: 13.5375
    annual_cost: 9.025078485687905
    efficiency: 0.792785
    discharge_ratio: 5
    depth_of_discharge: 0.5
  VRBF:
    cost: 253.158
    lifetime: 29.7102
    annual_cost: 8.520912010016762
    efficiency: 0.803073
    discharge_ratio: 0.5
    depth_of_discharge: 1.0
