cost_values:
  wind_capex: 5000.0
  wind_opex: 100
  wind_lifetime: 20
  solar_capex: 1000.0
  solar_opex: 10
  solar_lifetime: 20
  carbon_price: 1.0
timeseries_values:
  load_level: 257020.76969209855
  wind_year: 2016
  solar_year: 2011
  price_year: 2023
  carbon_year: 2023
storage_values:
  CAES:
    cost: 20.6248
    lifetime: 24.8612
    annual_cost: 0.8295979276945602
    efficiency: 0.643715
    discharge_ratio: 0.1
    depth_of_discharge: 0.4
  Li-ion:
    cost: 213.364
    lifetime: 21.6004
    annual_cost: 9.87778004111035
    efficiency: 0.945029
    discharge_ratio: 2
    depth_of_discharge: 0.9
  Pb-acid:
    cost: 131.198
    lifetime: 12.2275
    annual_cost: 10.729748517685547
    efficiency: 0.768861
    discharge_ratio: 5
    depth_of_discharge: 0.5
  VRBF:
    cost: 319.635
    lifetime: 28.7812
    annual_cost: 11.105687045710395
    efficiency: 0.795946
    discharge_ratio: 0.5
    depth_of_discharge: 1.0
