cost_values:
  wind_capex: 5000.0
  wind_opex: 100
  wind_lifetime: 20
  solar_capex: 1000.0
  solar_opex: 10
  solar_lifetime: 20
  carbon_price: 1.0
timeseries_values:
  load_level: 257020.76969209855
  wind_year: 2016
  solar_year: 2011
  price_year: 2023
  carbon_year: 2023
storage_values:
  CAES:
    cost: 21.4902
    lifetime: 24.6467
    annual_cost: 0.871930116405036
    efficiency: 0.63251
    discharge_ratio: 0.1
    depth_of_discharge: 0.4
  Li-ion:
    cost: 171.623
    lifetime: 21.5669
    annual_cost: 7.957703703360242
    efficiency: 0.939515
    discharge_ratio: 2
    depth_of_discharge: 0.9
  Pb-acid:
    cost: 122.409
    lifetime: 12.9435
    annual_cost: 9.457179279174875
    efficiency: 0.786869
    discharge_ratio: 5
    depth_of_discharge: 0.5
  VRBF:
    cost: 246.072
    lifetime: 27.3175
    annual_cost: 9.007852109453648
    efficiency: 0.801417
    discharge_ratio: 0.5
    depth_of_discharge: 1.0
