cost_values:
  wind_capex: 5000.0
  wind_opex: 100
  wind_lifetime: 20
  solar_capex: 1000.0
  solar_opex: 10
  solar_lifetime: 20
  carbon_price: 1.0
timeseries_values:
  load_level: 257020.76969209855
  wind_year: 2016
  solar_year: 2011
  price_year: 2023
  carbon_year: 2023
storage_values:
  CAES:
    cost: 25.1042
    lifetime: 25.5595
    annual_cost: 0.9821866624933977
    efficiency: 0.638677
    discharge_ratio: 0.1
    depth_of_discharge: 0.4
  Li-ion:
    cost: 212.876
    lifetime: 20.2853
    annual_cost: 10.494101640103919
    efficiency: 0.937896
    discharge_ratio: 2
    depth_of_discharge: 0.9
  Pb-acid:
    cost: 148.782
    lifetime: 13.437
    annual_cost: 11.072560839473098
    efficiency: 0.798194
    discharge_ratio: 5
    depth_of_discharge: 0.5
  VRBF:
    cost: 253.17
    lifetime: 25.9388
    annual_cost: 9.760281894305056
    efficiency: 0.818152
    discharge_ratio: 0.5
    depth_of_discharge: 1.0
