cost_values:
  wind_capex: 5000.0
  wind_opex: 100
  wind_lifetime: 20
  solar_capex: 1000.0
  solar_opex: 10
  solar_lifetime: 20
  carbon_price: 1.0
timeseries_values:
  load_level: 257020.76969209855
  wind_year: 2016
  solar_year: 2011
  price_year: 2023
  carbon_year: 2023
storage_values:
  CAES:
    cost: 24.8869
    lifetime: 26.1384
    annual_cost: 0.9521202521960028
    efficiency: 0.630356
    discharge_ratio: 0.1
    depth_of_discharge: 0.4
  Li-ion:
    cost: 196.861
    lifetime: 17.2636
    annual_cost: 11.403241502351769
    efficiency: 0.941381
    discharge_ratio: 2
    depth_of_discharge: 0.9
  Pb-acid:
    cost: 129.359
    lifetime: 12.9885
    annual_cost: 9.95950263694807
    efficiency: 0.781339
    discharge_ratio: 5
    depth_of_discharge: 0.5
  VRBF:
    cost: 260.849
    lifetime: 28.9978
    annual_cost: 8.995475518832462
    efficiency: 0.807352
    discharge_ratio: 0.5
    depth_of_discharge: 1.0
