cost_values:
  wind_capex: 5000.0
  wind_opex: 100
  wind_lifetime: 20
  solar_capex: 1000.0
  solar_opex: 10
  solar_lifetime: 20
  carbon_price: 1.0
timeseries_values:
  load_level: 257020.76969209855
  wind_year: 2016
  solar_year: 2011
  price_year: 2023
  carbon_year: 2023
storage_values:
  CAES:
    cost: 20.0547
    lifetime: 25.1366
    annual_cost: 0.7978286641789263
    efficiency: 0.633066
    discharge_ratio: 0.1
    depth_of_discharge: 0.4
  Li-ion:
    cost: 200.068
    lifetime: 18.172
    annual_cost: 11.009685230024214
    efficiency: 0.950804
    discharge_ratio: 2
    depth_of_discharge: 0.9
  Pb-acid:
    cost: 115.944
    lifetime: 11.7431
    annual_cost: 9.873372448501673
    efficiency: 0.78249
    discharge_ratio: 5
    depth_of_discharge: 0.5
  VRBF:
    cost: 260.737
    lifetime: 25.5734
    annual_cost: 10.195632962374969
    efficiency: 0.829023
    discharge_ratio: 0.5
    depth_of_discharge: 1.0
