cost_values:
  wind_capex: 5000.0
  wind_opex: 100
  wind_lifetime: 20
  solar_capex: 1000.0
  solar_opex: 10
  solar_lifetime: 20
  carbon_price: 1.0
timeseries_values:
  load_level: 257020.76969209855
  wind_year: 2016
  solar_year: 2011
  price_year: 2023
  carbon_year: 2023
storage_values:
  CAES:
    cost: 25.5543
    lifetime: 24.8871
    annual_cost: 1.0268090697590317
    efficiency: 0.644699
    discharge_ratio: 0.1
    depth_of_discharge: 0.4
  Li-ion:
    cost: 200.898
    lifetime: 20.8709
    annual_cost: 9.625746853274176
    efficiency: 0.960243
    discharge_ratio: 2
    depth_of_discharge: 0.9
  Pb-acid:
    cost: 106.576
    lifetime: 12.6587
    annual_cost: 8.419189964214334
    efficiency: 0.785845
    discharge_ratio: 5
    depth_of_discharge: 0.5
  VRBF:
    cost: 261.094
    lifetime: 26.318
    annual_cost: 9.92073865795273
    efficiency: 0.830747
    discharge_ratio: 0.5
    depth_of_discharge: 1.0
