cost_values:
  wind_capex: 5000.0
  wind_opex: 100
  wind_lifetime: 20
  solar_capex: 1000.0
  solar_opex: 10
  solar_lifetime: 20
  carbon_price: 1.0
timeseries_values:
  load_level: 257020.76969209855
  wind_year: 2016
  solar_year: 2011
  price_year: 2023
  carbon_year: 2023
storage_values:
  CAES:
    cost: 27.2315
    lifetime: 25.7015
    annual_cost: 1.0595295994397214
    efficiency: 0.631429
    discharge_ratio: 0.1
    depth_of_discharge: 0.4
  Li-ion:
    cost: 210.409
    lifetime: 18.9891
    annual_cost: 11.080514611013687
    efficiency: 0.947353
    discharge_ratio: 2
    depth_of_discharge: 0.9
  Pb-acid:
    cost: 145.709
    lifetime: 11.7242
    annual_cost: 12.428054792651098
    efficiency: 0.795776
    discharge_ratio: 5
    depth_of_discharge: 0.5
  VRBF:
    cost: 267.19
    lifetime: 28.7722
    annual_cost: 9.286394505807689
    efficiency: 0.804477
    discharge_ratio: 0.5
    depth_of_discharge: 1.0
