cost_values:
  wind_capex: 5000.0
  wind_opex: 100
  wind_lifetime: 20
  solar_capex: 1000.0
  solar_opex: 10
  solar_lifetime: 20
  carbon_price: 1.0
timeseries_values:
  load_level: 257020.76969209855
  wind_year: 2016
  solar_year: 2011
  price_year: 2023
  carbon_year: 2023
storage_values:
  CAES:
    cost: 20.2031
    lifetime: 25.8217
    annual_cost: 0.7824078197794878
    efficiency: 0.632857
    discharge_ratio: 0.1
    depth_of_discharge: 0.4
  Li-ion:
    cost: 204.467
    lifetime: 19.6443
    annual_cost: 10.408464541877288
    efficiency: 0.945111
    discharge_ratio: 2
    depth_of_discharge: 0.9
  Pb-acid:
    cost: 135.667
    lifetime: 14.6337
    annual_cost: 9.27086109459672
    efficiency: 0.784098
    discharge_ratio: 5
    depth_of_discharge: 0.5
  VRBF:
    cost: 241.613
    lifetime: 28.2943
    annual_cost: 8.539281763464727
    efficiency: 0.812181
    discharge_ratio: 0.5
    depth_of_discharge: 1.0
