cost_values:
  wind_capex: 5000.0
  wind_opex: 100
  wind_lifetime: 20
  solar_capex: 1000.0
  solar_opex: 10
  solar_lifetime: 20
  carbon_price: 1.0
timeseries_values:
  load_level: 257020.76969209855
  wind_year: 2016
  solar_year: 2011
  price_year: 2023
  carbon_year: 2023
storage_values:
  CAES:
    cost: 24.0385
    lifetime: 25.6774
    annual_cost: 0.9361734443518425
    efficiency: 0.643192
    discharge_ratio: 0.1
    depth_of_discharge: 0.4
  Li-ion:
    cost: 199.793
    lifetime: 19.3155
    annual_cost: 10.343661825994667
    efficiency: 0.957427
    discharge_ratio: 2
    depth_of_discharge: 0.9
  Pb-acid:
    cost: 128.053
    lifetime: 12.7247
    annual_cost: 10.063341375435177
    efficiency: 0.793527
    discharge_ratio: 5
    depth_of_discharge: 0.5
  VRBF:
    cost: 278.457
    lifetime: 26.8449
    annual_cost: 10.372808242906475
    efficiency: 0.824859
    discharge_ratio: 0.5
    depth_of_discharge: 1.0
