cost_values:
  wind_capex: 5000.0
  wind_opex: 100
  wind_lifetime: 20
  solar_capex: 1000.0
  solar_opex: 10
  solar_lifetime: 20
  carbon_price: 1.0
timeseries_values:
  load_level: 257020.76969209855
  wind_year: 2016
  solar_year: 2011
  price_year: 2023
  carbon_year: 2023
storage_values:
  CAES:
    cost: 20.143
    lifetime: 25.7922
    annual_cost: 0.7809725420863672
    efficiency: 0.631437
    discharge_ratio: 0.1
    depth_of_discharge: 0.4
  Li-ion:
    cost: 204.902
    lifetime: 17.9003
    annual_cost: 11.446847259543134
    efficiency: 0.944867
    discharge_ratio: 2
    depth_of_discharge: 0.9
  Pb-acid:
    cost: 142.363
    lifetime: 13.4055
    annual_cost: 10.619745626794971
    efficiency: 0.786757
    discharge_ratio: 5
    depth_of_discharge: 0.5
  VRBF:
    cost: 240.333
    lifetime: 29.6238
    annual_cost: 8.112834950276467
    efficiency: 0.826356
    discharge_ratio: 0.5
    depth_of_discharge: 1.0
