cost_values:
  wind_capex: 5000.0
  wind_opex: 100
  wind_lifetime: 20
  solar_capex: 1000.0
  solar_opex: 10
  solar_lifetime: 20
  carbon_price: 1.0
timeseries_values:
  load_level: 257020.76969209855
  wind_year: 2016
  solar_year: 2011
  price_year: 2023
  carbon_year: 2023
storage_values:
  CAES:
    cost: 23.5622
    lifetime: 24.5288
    annual_cost: 0.9605932617983758
    efficiency: 0.637269
    discharge_ratio: 0.1
    depth_of_discharge: 0.4
  Li-ion:
    cost: 203.982
    lifetime: 19.9572
    annual_cost: 10.22097288196741
    efficiency: 0.93632
    discharge_ratio: 2
    depth_of_discharge: 0.9
  Pb-acid:
    cost: 136.204
    lifetime: 12.8027
    annual_cost: 10.63869340061081
    efficiency: 0.797865
    discharge_ratio: 5
    depth_of_discharge: 0.5
  VRBF:
    cost: 259.609
    lifetime: 27.4458
    annual_cost: 9.458970042775215
    efficiency: 0.825182
    discharge_ratio: 0.5
    depth_of_discharge: 1.0
