cost_values:
  wind_capex: 5000.0
  wind_opex: 100
  wind_lifetime: 20
  solar_capex: 1000.0
  solar_opex: 10
  solar_lifetime: 20
  carbon_price: 1.0
timeseries_values:
  load_level: 257020.76969209855
  wind_year: 2016
  solar_year: 2011
  price_year: 2023
  carbon_year: 2023
storage_values:
  CAES:
    cost: 26.7273
    lifetime: 25.3582
    annual_cost: 1.0539904251879075
    efficiency: 0.631055
    discharge_ratio: 0.1
    depth_of_discharge: 0.4
  Li-ion:
    cost: 164.497
    lifetime: 20.2672
    annual_cost: 8.11641469961317
    efficiency: 0.951065
    discharge_ratio: 2
    depth_of_discharge: 0.9
  Pb-acid:
    cost: 132.379
    lifetime: 14.8478
    annual_cost: 8.915731623540188
    efficiency: 0.795847
    discharge_ratio: 5
    depth_of_discharge: 0.5
  VRBF:
    cost: 242.671
    lifetime: 27.7218
    annual_cost: 8.753796651011116
    efficiency: 0.812295
    discharge_ratio: 0.5
    depth_of_discharge: 1.0
