cost_values:
  wind_capex: 5000.0
  wind_opex: 100
  wind_lifetime: 20
  solar_capex: 1000.0
  solar_opex: 10
  solar_lifetime: 20
  carbon_price: 1.0
timeseries_values:
  load_level: 251412.50715474554
  wind_year: 2010
  solar_year: 2014
  price_year: 2023
  carbon_year: 2023
storage_values:
  CAES:
    cost: 61.8879
    lifetime: 23.8969
    annual_cost: 2.589787796743511
    efficiency: 0.630449
    discharge_ratio: 0.1
    depth_of_discharge: 0.4
  Li-ion:
    cost: 232.207
    lifetime: 15.1364
    annual_cost: 15.340966147829073
    efficiency: 0.905319
    discharge_ratio: 2
    depth_of_discharge: 0.9
  Pb-acid:
    cost: 149.741
    lifetime: 11.5401
    annual_cost: 12.975710782402233
    efficiency: 0.710655
    discharge_ratio: 5
    depth_of_discharge: 0.5
  VRBF:
    cost: 296.337
    lifetime: 19.2204
    annual_cost: 15.41783729787101
    efficiency: 0.765218
    discharge_ratio: 0.5
    depth_of_discharge: 1.0
