cost_values:
  wind_capex: 5000.0
  wind_opex: 100
  wind_lifetime: 20
  solar_capex: 1000.0
  solar_opex: 10
  solar_lifetime: 20
  carbon_price: 1.0
timeseries_values:
  load_level: 251412.50715474554
  wind_year: 2010
  solar_year: 2014
  price_year: 2023
  carbon_year: 2023
storage_values:
  CAES:
    cost: 58.9299
    lifetime: 25.1106
    annual_cost: 2.3468136962079758
    efficiency: 0.624979
    discharge_ratio: 0.1
    depth_of_discharge: 0.4
  Li-ion:
    cost: 225.488
    lifetime: 12.812
    annual_cost: 17.59975023415548
    efficiency: 0.878007
    discharge_ratio: 2
    depth_of_discharge: 0.9
  Pb-acid:
    cost: 155.589
    lifetime: 10.7036
    annual_cost: 14.536137374341344
    efficiency: 0.708234
    discharge_ratio: 5
    depth_of_discharge: 0.5
  VRBF:
    cost: 288.42
    lifetime: 17.6379
    annual_cost: 16.352286836868338
    efficiency: 0.741674
    discharge_ratio: 0.5
    depth_of_discharge: 1.0
