cost_values:
  wind_capex: 5000.0
  wind_opex: 100
  wind_lifetime: 20
  solar_capex: 1000.0
  solar_opex: 10
  solar_lifetime: 20
  carbon_price: 1.0
timeseries_values:
  load_level: 251412.50715474554
  wind_year: 2010
  solar_year: 2014
  price_year: 2023
  carbon_year: 2023
storage_values:
  CAES:
    cost: 65.4989
    lifetime: 25.1112
    annual_cost: 2.608354041224633
    efficiency: 0.618699
    discharge_ratio: 0.1
    depth_of_discharge: 0.4
  Li-ion:
    cost: 222.979
    lifetime: 14.5673
    annual_cost: 15.306817323731922
    efficiency: 0.885961
    discharge_ratio: 2
    depth_of_discharge: 0.9
  Pb-acid:
    cost: 165.371
    lifetime: 10.7473
    annual_cost: 15.387213532701239
    efficiency: 0.708907
    discharge_ratio: 5
    depth_of_discharge: 0.5
  VRBF:
    cost: 300.355
    lifetime: 16.7604
    annual_cost: 17.920515023507793
    efficiency: 0.729916
    discharge_ratio: 0.5
    depth_of_discharge: 1.0
