cost_values:
  wind_capex: 5000.0
  wind_opex: 100
  wind_lifetime: 20
  solar_capex: 1000.0
  solar_opex: 10
  solar_lifetime: 20
  carbon_price: 1.0
timeseries_values:
  load_level: 251412.50715474554
  wind_year: 2010
  solar_year: 2014
  price_year: 2023
  carbon_year: 2023
storage_values:
  CAES:
    cost: 61.4828
    lifetime: 24.1281
    annual_cost: 2.548182409721445
    efficiency: 0.631824
    discharge_ratio: 0.1
    depth_of_discharge: 0.4
  Li-ion:
    cost: 218.279
    lifetime: 14.7622
    annual_cost: 14.7863462085597
    efficiency: 0.889488
    discharge_ratio: 2
    depth_of_discharge: 0.9
  Pb-acid:
    cost: 156.084
    lifetime: 11.5246
    annual_cost: 13.543550318449231
    efficiency: 0.701619
    discharge_ratio: 5
    depth_of_discharge: 0.5
  VRBF:
    cost: 266.207
    lifetime: 20.0342
    annual_cost: 13.287628155853492
    efficiency: 0.717251
    discharge_ratio: 0.5
    depth_of_discharge: 1.0
