cost_values:
  wind_capex: 5000.0
  wind_opex: 100
  wind_lifetime: 20
  solar_capex: 1000.0
  solar_opex: 10
  solar_lifetime: 20
  carbon_price: 1.0
timeseries_values:
  load_level: 251412.50715474554
  wind_year: 2010
  solar_year: 2014
  price_year: 2023
  carbon_year: 2023
storage_values:
  CAES:
    cost: 55.8561
    lifetime: 24.1442
    annual_cost: 2.313437595778696
    efficiency: 0.625407
    discharge_ratio: 0.1
    depth_of_discharge: 0.4
  Li-ion:
    cost: 225.245
    lifetime: 14.254
    annual_cost: 15.802230952715028
    efficiency: 0.900646
    discharge_ratio: 2
    depth_of_discharge: 0.9
  Pb-acid:
    cost: 139.074
    lifetime: 11.4318
    annual_cost: 12.165538235448485
    efficiency: 0.702013
    discharge_ratio: 5
    depth_of_discharge: 0.5
  VRBF:
    cost: 317.285
    lifetime: 16.0529
    annual_cost: 19.764964585838072
    efficiency: 0.758285
    discharge_ratio: 0.5
    depth_of_discharge: 1.0
