cost_values:
  wind_capex: 5000.0
  wind_opex: 100
  wind_lifetime: 20
  solar_capex: 1000.0
  solar_opex: 10
  solar_lifetime: 20
  carbon_price: 1.0
timeseries_values:
  load_level: 251412.50715474554
  wind_year: 2010
  solar_year: 2014
  price_year: 2023
  carbon_year: 2023
storage_values:
  CAES:
    cost: 61.6578
    lifetime: 24.1069
    annual_cost: 2.5576826551734153
    efficiency: 0.615736
    discharge_ratio: 0.1
    depth_of_discharge: 0.4
  Li-ion:
    cost: 234.65
    lifetime: 13.0543
    annual_cost: 17.97492014125614
    efficiency: 0.870295
    discharge_ratio: 2
    depth_of_discharge: 0.9
  Pb-acid:
    cost: 155.29
    lifetime: 12.2306
    annual_cost: 12.6968423462463
    efficiency: 0.694084
    discharge_ratio: 5
    depth_of_discharge: 0.5
  VRBF:
    cost: 292.225
    lifetime: 17.6881
    annual_cost: 16.520994340828018
    efficiency: 0.757713
    discharge_ratio: 0.5
    depth_of_discharge: 1.0
