cost_values:
  wind_capex: 5000.0
  wind_opex: 100
  wind_lifetime: 20
  solar_capex: 1000.0
  solar_opex: 10
  solar_lifetime: 20
  carbon_price: 1.0
timeseries_values:
  load_level: 251412.50715474554
  wind_year: 2010
  solar_year: 2014
  price_year: 2023
  carbon_year: 2023
storage_values:
  CAES:
    cost: 63.2608
    lifetime: 25.3675
    annual_cost: 2.493773529121908
    efficiency: 0.640514
    discharge_ratio: 0.1
    depth_of_discharge: 0.4
  Li-ion:
    cost: 230.582
    lifetime: 12.759
    annual_cost: 18.072105964417272
    efficiency: 0.893481
    discharge_ratio: 2
    depth_of_discharge: 0.9
  Pb-acid:
    cost: 154.08
    lifetime: 10.5112
    annual_cost: 14.658649821143163
    efficiency: 0.71274
    discharge_ratio: 5
    depth_of_discharge: 0.5
  VRBF:
    cost: 311.884
    lifetime: 19.4448
    annual_cost: 16.03945527853205
    efficiency: 0.749877
    discharge_ratio: 0.5
    depth_of_discharge: 1.0
