cost_values:
  wind_capex: 5000.0
  wind_opex: 100
  wind_lifetime: 20
  solar_capex: 1000.0
  solar_opex: 10
  solar_lifetime: 20
  carbon_price: 1.0
timeseries_values:
  load_level: 251412.50715474554
  wind_year: 2010
  solar_year: 2014
  price_year: 2023
  carbon_year: 2023
storage_values:
  CAES:
    cost: 58.1905
    lifetime: 24.4333
    annual_cost: 2.381606250486017
    efficiency: 0.621262
    discharge_ratio: 0.1
    depth_of_discharge: 0.4
  Li-ion:
    cost: 242.663
    lifetime: 15.1389
    annual_cost: 16.0291038318504
    efficiency: 0.872221
    discharge_ratio: 2
    depth_of_discharge: 0.9
  Pb-acid:
    cost: 152.976
    lifetime: 10.939
    annual_cost: 13.984459274156688
    efficiency: 0.700977
    discharge_ratio: 5
    depth_of_discharge: 0.5
  VRBF:
    cost: 330.169
    lifetime: 19.0845
    annual_cost: 17.300374649584743
    efficiency: 0.73592
    discharge_ratio: 0.5
    depth_of_discharge: 1.0
