cost_values:
  wind_capex: 5000.0
  wind_opex: 100
  wind_lifetime: 20
  solar_capex: 1000.0
  solar_opex: 10
  solar_lifetime: 20
  carbon_price: 1.0
timeseries_values:
  load_level: 251412.50715474554
  wind_year: 2010
  solar_year: 2014
  price_year: 2023
  carbon_year: 2023
storage_values:
  CAES:
    cost: 61.9124
    lifetime: 24.5339
    annual_cost: 2.5235449724666688
    efficiency: 0.624066
    discharge_ratio: 0.1
    depth_of_discharge: 0.4
  Li-ion:
    cost: 224.072
    lifetime: 13.0093
    annual_cost: 17.223985917766523
    efficiency: 0.875689
    discharge_ratio: 2
    depth_of_discharge: 0.9
  Pb-acid:
    cost: 150.552
    lifetime: 12.0196
    annual_cost: 12.525541615361576
    efficiency: 0.711514
    discharge_ratio: 5
    depth_of_discharge: 0.5
  VRBF:
    cost: 259.536
    lifetime: 19.0929
    annual_cost: 13.593325267507817
    efficiency: 0.74507
    discharge_ratio: 0.5
    depth_of_discharge: 1.0
