cost_values:
  wind_capex: 5000.0
  wind_opex: 100
  wind_lifetime: 20
  solar_capex: 1000.0
  solar_opex: 10
  solar_lifetime: 20
  carbon_price: 1.0
timeseries_values:
  load_level: 251412.50715474554
  wind_year: 2010
  solar_year: 2014
  price_year: 2023
  carbon_year: 2023
storage_values:
  CAES:
    cost: 68.7746
    lifetime: 24.0886
    annual_cost: 2.8550683725911847
    efficiency: 0.622039
    discharge_ratio: 0.1
    depth_of_discharge: 0.4
  Li-ion:
    cost: 224.741
    lifetime: 16.3138
    annual_cost: 13.776128185952997
    efficiency: 0.879042
    discharge_ratio: 2
    depth_of_discharge: 0.9
  Pb-acid:
    cost: 143.26
    lifetime: 10.7759
    annual_cost: 13.294481203426162
    efficiency: 0.713359
    discharge_ratio: 5
    depth_of_discharge: 0.5
  VRBF:
    cost: 265.781
    lifetime: 17.8666
    annual_cost: 14.875857745737859
    efficiency: 0.753453
    discharge_ratio: 0.5
    depth_of_discharge: 1.0
