cost_values:
  wind_capex: 5000.0
  wind_opex: 100
  wind_lifetime: 20
  solar_capex: 1000.0
  solar_opex: 10
  solar_lifetime: 20
  carbon_price: 1.0
timeseries_values:
  load_level: 251412.50715474554
  wind_year: 2010
  solar_year: 2014
  price_year: 2023
  carbon_year: 2023
storage_values:
  CAES:
    cost: 59.4869
    lifetime: 24.3781
    annual_cost: 2.440177864558764
    efficiency: 0.635791
    discharge_ratio: 0.1
    depth_of_discharge: 0.4
  Li-ion:
    cost: 228.205
    lifetime: 16.0614
    annual_cost: 14.208288194055314
    efficiency: 0.893323
    discharge_ratio: 2
    depth_of_discharge: 0.9
  Pb-acid:
    cost: 158.912
    lifetime: 10.7781
    annual_cost: 14.74397157198393
    efficiency: 0.711454
    discharge_ratio: 5
    depth_of_discharge: 0.5
  VRBF:
    cost: 284.26
    lifetime: 18.069
    annual_cost: 15.731916542144004
    efficiency: 0.752686
    discharge_ratio: 0.5
    depth_of_discharge: 1.0
