cost_values:
  wind_capex: 5000.0
  wind_opex: 100
  wind_lifetime: 20
  solar_capex: 1000.0
  solar_opex: 10
  solar_lifetime: 20
  carbon_price: 1.0
timeseries_values:
  load_level: 251412.50715474554
  wind_year: 2010
  solar_year: 2014
  price_year: 2023
  carbon_year: 2023
storage_values:
  CAES:
    cost: 55.6536
    lifetime: 23.8111
    annual_cost: 2.3372964709736213
    efficiency: 0.62715
    discharge_ratio: 0.1
    depth_of_discharge: 0.4
  Li-ion:
    cost: 220.45
    lifetime: 15.7036
    annual_cost: 14.038182327619143
    efficiency: 0.902062
    discharge_ratio: 2
    depth_of_discharge: 0.9
  Pb-acid:
    cost: 144.835
    lifetime: 12.1663
    annual_cost: 11.90460534427065
    efficiency: 0.704278
    discharge_ratio: 5
    depth_of_discharge: 0.5
  VRBF:
    cost: 287.643
    lifetime: 16.3281
    annual_cost: 17.616440369669466
    efficiency: 0.741283
    discharge_ratio: 0.5
    depth_of_discharge: 1.0
