cost_values:
  wind_capex: 5000.0
  wind_opex: 100
  wind_lifetime: 20
  solar_capex: 1000.0
  solar_opex: 10
  solar_lifetime: 20
  carbon_price: 1.0
timeseries_values:
  load_level: 251412.50715474554
  wind_year: 2010
  solar_year: 2014
  price_year: 2023
  carbon_year: 2023
storage_values:
  CAES:
    cost: 59.6111
    lifetime: 25.7336
    annual_cost: 2.316469518450586
    efficiency: 0.630393
    discharge_ratio: 0.1
    depth_of_discharge: 0.4
  Li-ion:
    cost: 221.154
    lifetime: 14.8723
    annual_cost: 14.870194926137854
    efficiency: 0.893848
    discharge_ratio: 2
    depth_of_discharge: 0.9
  Pb-acid:
    cost: 177.58
    lifetime: 11.645
    annual_cost: 15.249463288965222
    efficiency: 0.693059
    discharge_ratio: 5
    depth_of_discharge: 0.5
  VRBF:
    cost: 295.391
    lifetime: 20.0577
    annual_cost: 14.727062424904153
    efficiency: 0.742489
    discharge_ratio: 0.5
    depth_of_discharge: 1.0
