cost_values:
  wind_capex: 5000.0
  wind_opex: 100
  wind_lifetime: 20
  solar_capex: 1000.0
  solar_opex: 10
  solar_lifetime: 20
  carbon_price: 1.0
timeseries_values:
  load_level: 251412.50715474554
  wind_year: 2010
  solar_year: 2014
  price_year: 2023
  carbon_year: 2023
storage_values:
  CAES:
    cost: 58.4461
    lifetime: 23.8928
    annual_cost: 2.44618043929552
    efficiency: 0.611196
    discharge_ratio: 0.1
    depth_of_discharge: 0.4
  Li-ion:
    cost: 241.327
    lifetime: 15.9724
    annual_cost: 15.10900052590719
    efficiency: 0.892674
    discharge_ratio: 2
    depth_of_discharge: 0.9
  Pb-acid:
    cost: 172.482
    lifetime: 10.5374
    annual_cost: 16.368553912729894
    efficiency: 0.685648
    discharge_ratio: 5
    depth_of_discharge: 0.5
  VRBF:
    cost: 299.278
    lifetime: 17.2945
    annual_cost: 17.304807886900463
    efficiency: 0.73302
    discharge_ratio: 0.5
    depth_of_discharge: 1.0
