cost_values:
  wind_capex: 5000.0
  wind_opex: 100
  wind_lifetime: 20
  solar_capex: 1000.0
  solar_opex: 10
  solar_lifetime: 20
  carbon_price: 1.0
timeseries_values:
  load_level: 251412.50715474554
  wind_year: 2010
  solar_year: 2014
  price_year: 2023
  carbon_year: 2023
storage_values:
  CAES:
    cost: 59.3664
    lifetime: 24.1163
    annual_cost: 2.4616711518765317
    efficiency: 0.623152
    discharge_ratio: 0.1
    depth_of_discharge: 0.4
  Li-ion:
    cost: 244.663
    lifetime: 14.929
    annual_cost: 16.38843860941791
    efficiency: 0.889341
    discharge_ratio: 2
    depth_of_discharge: 0.9
  Pb-acid:
    cost: 155.256
    lifetime: 13.045
    annual_cost: 11.901571483326945
    efficiency: 0.707709
    discharge_ratio: 5
    depth_of_discharge: 0.5
  VRBF:
    cost: 324.662
    lifetime: 18.9284
    annual_cost: 17.152110056845796
    efficiency: 0.771298
    discharge_ratio: 0.5
    depth_of_discharge: 1.0
