cost_values:
  wind_capex: 5000.0
  wind_opex: 100
  wind_lifetime: 20
  solar_capex: 1000.0
  solar_opex: 10
  solar_lifetime: 20
  carbon_price: 1.0
timeseries_values:
  load_level: 251412.50715474554
  wind_year: 2010
  solar_year: 2014
  price_year: 2023
  carbon_year: 2023
storage_values:
  CAES:
    cost: 60.5534
    lifetime: 23.9786
    annual_cost: 2.5253100681440954
    efficiency: 0.632768
    discharge_ratio: 0.1
    depth_of_discharge: 0.4
  Li-ion:
    cost: 230.313
    lifetime: 14.5528
    annual_cost: 15.826026606563685
    efficiency: 0.88654
    discharge_ratio: 2
    depth_of_discharge: 0.9
  Pb-acid:
    cost: 171.292
    lifetime: 12.0508
    annual_cost: 14.214160055763932
    efficiency: 0.69541
    discharge_ratio: 5
    depth_of_discharge: 0.5
  VRBF:
    cost: 299.162
    lifetime: 18.2222
    annual_cost: 16.417446850544938
    efficiency: 0.755643
    discharge_ratio: 0.5
    depth_of_discharge: 1.0
