cost_values:
  wind_capex: 5000.0
  wind_opex: 100
  wind_lifetime: 20
  solar_capex: 1000.0
  solar_opex: 10
  solar_lifetime: 20
  carbon_price: 1.0
timeseries_values:
  load_level: 251412.50715474554
  wind_year: 2010
  solar_year: 2014
  price_year: 2023
  carbon_year: 2023
storage_values:
  CAES:
    cost: 57.8282
    lifetime: 24.5409
    annual_cost: 2.3564009469905343
    efficiency: 0.6251
    discharge_ratio: 0.1
    depth_of_discharge: 0.4
  Li-ion:
    cost: 233.08
    lifetime: 15.1883
    annual_cost: 15.346022925541371
    efficiency: 0.905202
    discharge_ratio: 2
    depth_of_discharge: 0.9
  Pb-acid:
    cost: 152.126
    lifetime: 11.8821
    annual_cost: 12.802955706482862
    efficiency: 0.706734
    discharge_ratio: 5
    depth_of_discharge: 0.5
  VRBF:
    cost: 278.467
    lifetime: 18.1646
    annual_cost: 15.330202701958754
    efficiency: 0.756735
    discharge_ratio: 0.5
    depth_of_discharge: 1.0
