cost_values:
  wind_capex: 5000.0
  wind_opex: 100
  wind_lifetime: 20
  solar_capex: 1000.0
  solar_opex: 10
  solar_lifetime: 20
  carbon_price: 1.0
timeseries_values:
  load_level: 251412.50715474554
  wind_year: 2010
  solar_year: 2014
  price_year: 2023
  carbon_year: 2023
storage_values:
  CAES:
    cost: 58.9402
    lifetime: 24.417
    annual_cost: 2.4139001515337672
    efficiency: 0.628081
    discharge_ratio: 0.1
    depth_of_discharge: 0.4
  Li-ion:
    cost: 231.141
    lifetime: 14.7386
    annual_cost: 15.682697135413132
    efficiency: 0.911649
    discharge_ratio: 2
    depth_of_discharge: 0.9
  Pb-acid:
    cost: 150.66
    lifetime: 12.0083
    annual_cost: 12.546322127195356
    efficiency: 0.704339
    discharge_ratio: 5
    depth_of_discharge: 0.5
  VRBF:
    cost: 284.503
    lifetime: 19.563
    annual_cost: 14.542912641210448
    efficiency: 0.751459
    discharge_ratio: 0.5
    depth_of_discharge: 1.0
