cost_values:
  wind_capex: 5000.0
  wind_opex: 100
  wind_lifetime: 20
  solar_capex: 1000.0
  solar_opex: 10
  solar_lifetime: 20
  carbon_price: 1.0
timeseries_values:
  load_level: 251412.50715474554
  wind_year: 2010
  solar_year: 2014
  price_year: 2023
  carbon_year: 2023
storage_values:
  CAES:
    cost: 63.764
    lifetime: 23.7418
    annual_cost: 2.6857272826828633
    efficiency: 0.620037
    discharge_ratio: 0.1
    depth_of_discharge: 0.4
  Li-ion:
    cost: 228.418
    lifetime: 13.9612
    annual_cost: 16.36091453456723
    efficiency: 0.895779
    discharge_ratio: 2
    depth_of_discharge: 0.9
  Pb-acid:
    cost: 169.827
    lifetime: 12.3835
    annual_cost: 13.713974239916018
    efficiency: 0.708754
    discharge_ratio: 5
    depth_of_discharge: 0.5
  VRBF:
    cost: 281.782
    lifetime: 17.8322
    annual_cost: 15.801864043696234
    efficiency: 0.729665
    discharge_ratio: 0.5
    depth_of_discharge: 1.0
