cost_values:
  wind_capex: 5000.0
  wind_opex: 100
  wind_lifetime: 20
  solar_capex: 1000.0
  solar_opex: 10
  solar_lifetime: 20
  carbon_price: 1.0
timeseries_values:
  load_level: 251412.50715474554
  wind_year: 2010
  solar_year: 2014
  price_year: 2023
  carbon_year: 2023
storage_values:
  CAES:
    cost: 64.278
    lifetime: 24.7699
    annual_cost: 2.5950044206880127
    efficiency: 0.630674
    discharge_ratio: 0.1
    depth_of_discharge: 0.4
  Li-ion:
    cost: 207.759
    lifetime: 12.6836
    annual_cost: 16.38012867009366
    efficiency: 0.878842
    discharge_ratio: 2
    depth_of_discharge: 0.9
  Pb-acid:
    cost: 140.851
    lifetime: 11.2609
    annual_cost: 12.507970055679387
    efficiency: 0.697699
    discharge_ratio: 5
    depth_of_discharge: 0.5
  VRBF:
    cost: 288.93
    lifetime: 17.3075
    annual_cost: 16.693918821320235
    efficiency: 0.736832
    discharge_ratio: 0.5
    depth_of_discharge: 1.0
