cost_values:
  wind_capex: 5000.0
  wind_opex: 100
  wind_lifetime: 20
  solar_capex: 1000.0
  solar_opex: 10
  solar_lifetime: 20
  carbon_price: 1.0
timeseries_values:
  load_level: 251412.50715474554
  wind_year: 2010
  solar_year: 2014
  price_year: 2023
  carbon_year: 2023
storage_values:
  CAES:
    cost: 63.7636
    lifetime: 23.6172
    annual_cost: 2.6998797486577577
    efficiency: 0.623976
    discharge_ratio: 0.1
    depth_of_discharge: 0.4
  Li-ion:
    cost: 251.912
    lifetime: 14.2109
    annual_cost: 17.726674594853247
    efficiency: 0.892254
    discharge_ratio: 2
    depth_of_discharge: 0.9
  Pb-acid:
    cost: 151.252
    lifetime: 13.3025
    annual_cost: 11.370193572636722
    efficiency: 0.710056
    discharge_ratio: 5
    depth_of_discharge: 0.5
  VRBF:
    cost: 310.843
    lifetime: 18.0906
    annual_cost: 17.182569953456493
    efficiency: 0.746332
    discharge_ratio: 0.5
    depth_of_discharge: 1.0
