cost_values:
  wind_capex: 5000.0
  wind_opex: 100
  wind_lifetime: 20
  solar_capex: 1000.0
  solar_opex: 10
  solar_lifetime: 20
  carbon_price: 1.0
timeseries_values:
  load_level: 251412.50715474554
  wind_year: 2010
  solar_year: 2014
  price_year: 2023
  carbon_year: 2023
storage_values:
  CAES:
    cost: 59.2495
    lifetime: 23.6615
    annual_cost: 2.504046658073241
    efficiency: 0.630612
    discharge_ratio: 0.1
    depth_of_discharge: 0.4
  Li-ion:
    cost: 234.279
    lifetime: 14.8441
    annual_cost: 15.782634177888859
    efficiency: 0.892937
    discharge_ratio: 2
    depth_of_discharge: 0.9
  Pb-acid:
    cost: 157.135
    lifetime: 11.3193
    annual_cost: 13.882042175752916
    efficiency: 0.699318
    discharge_ratio: 5
    depth_of_discharge: 0.5
  VRBF:
    cost: 271.999
    lifetime: 17.1227
    annual_cost: 15.885286783042398
    efficiency: 0.740481
    discharge_ratio: 0.5
    depth_of_discharge: 1.0
