cost_values:
  wind_capex: 5000.0
  wind_opex: 100
  wind_lifetime: 20
  solar_capex: 1000.0
  solar_opex: 10
  solar_lifetime: 20
  carbon_price: 1.0
timeseries_values:
  load_level: 251412.50715474554
  wind_year: 2010
  solar_year: 2014
  price_year: 2023
  carbon_year: 2023
storage_values:
  CAES:
    cost: 62.7718
    lifetime: 23.506
    annual_cost: 2.670458606313282
    efficiency: 0.621156
    discharge_ratio: 0.1
    depth_of_discharge: 0.4
  Li-ion:
    cost: 248.672
    lifetime: 16.5358
    annual_cost: 15.038401528804172
    efficiency: 0.892954
    discharge_ratio: 2
    depth_of_discharge: 0.9
  Pb-acid:
    cost: 166.656
    lifetime: 11.7618
    annual_cost: 14.169259807172374
    efficiency: 0.697434
    discharge_ratio: 5
    depth_of_discharge: 0.5
  VRBF:
    cost: 288.862
    lifetime: 18.2414
    annual_cost: 15.835517010755757
    efficiency: 0.735483
    discharge_ratio: 0.5
    depth_of_discharge: 1.0
