cost_values:
  wind_capex: 5000.0
  wind_opex: 100
  wind_lifetime: 20
  solar_capex: 1000.0
  solar_opex: 10
  solar_lifetime: 20
  carbon_price: 1.0
timeseries_values:
  load_level: 251412.50715474554
  wind_year: 2010
  solar_year: 2014
  price_year: 2023
  carbon_year: 2023
storage_values:
  CAES:
    cost: 68.5945
    lifetime: 24.3193
    annual_cost: 2.8205787173150543
    efficiency: 0.624429
    discharge_ratio: 0.1
    depth_of_discharge: 0.4
  Li-ion:
    cost: 258.174
    lifetime: 14.4149
    annual_cost: 17.91021789953451
    efficiency: 0.892142
    discharge_ratio: 2
    depth_of_discharge: 0.9
  Pb-acid:
    cost: 173.765
    lifetime: 10.6148
    annual_cost: 16.370068206654857
    efficiency: 0.697673
    discharge_ratio: 5
    depth_of_discharge: 0.5
  VRBF:
    cost: 275.123
    lifetime: 18.4203
    annual_cost: 14.93585880794558
    efficiency: 0.755513
    discharge_ratio: 0.5
    depth_of_discharge: 1.0
