cost_values:
  wind_capex: 5000.0
  wind_opex: 100
  wind_lifetime: 20
  solar_capex: 1000.0
  solar_opex: 10
  solar_lifetime: 20
  carbon_price: 1.0
timeseries_values:
  load_level: 251412.50715474554
  wind_year: 2010
  solar_year: 2014
  price_year: 2023
  carbon_year: 2023
storage_values:
  CAES:
    cost: 67.13
    lifetime: 24.4742
    annual_cost: 2.7428884294481533
    efficiency: 0.622753
    discharge_ratio: 0.1
    depth_of_discharge: 0.4
  Li-ion:
    cost: 213.351
    lifetime: 14.9629
    annual_cost: 14.258666434982525
    efficiency: 0.898881
    discharge_ratio: 2
    depth_of_discharge: 0.9
  Pb-acid:
    cost: 167.468
    lifetime: 11.412
    annual_cost: 14.674728356116367
    efficiency: 0.679095
    discharge_ratio: 5
    depth_of_discharge: 0.5
  VRBF:
    cost: 301.648
    lifetime: 19.943
    annual_cost: 15.12550769693627
    efficiency: 0.736307
    discharge_ratio: 0.5
    depth_of_discharge: 1.0
