cost_values:
  wind_capex: 5000.0
  wind_opex: 100
  wind_lifetime: 20
  solar_capex: 1000.0
  solar_opex: 10
  solar_lifetime: 20
  carbon_price: 1.0
timeseries_values:
  load_level: 251412.50715474554
  wind_year: 2010
  solar_year: 2014
  price_year: 2023
  carbon_year: 2023
storage_values:
  CAES:
    cost: 65.5401
    lifetime: 24.748
    annual_cost: 2.6482988524325193
    efficiency: 0.636806
    discharge_ratio: 0.1
    depth_of_discharge: 0.4
  Li-ion:
    cost: 235.161
    lifetime: 16.4579
    annual_cost: 14.288639498356414
    efficiency: 0.897925
    discharge_ratio: 2
    depth_of_discharge: 0.9
  Pb-acid:
    cost: 165.001
    lifetime: 11.9045
    annual_cost: 13.860388928556429
    efficiency: 0.701417
    discharge_ratio: 5
    depth_of_discharge: 0.5
  VRBF:
    cost: 296.724
    lifetime: 18.4471
    annual_cost: 16.08512991201869
    efficiency: 0.758169
    discharge_ratio: 0.5
    depth_of_discharge: 1.0
