cost_values:
  wind_capex: 5000.0
  wind_opex: 100
  wind_lifetime: 20
  solar_capex: 1000.0
  solar_opex: 10
  solar_lifetime: 20
  carbon_price: 1.0
timeseries_values:
  load_level: 251412.50715474554
  wind_year: 2010
  solar_year: 2014
  price_year: 2023
  carbon_year: 2023
storage_values:
  CAES:
    cost: 63.7398
    lifetime: 25.0408
    annual_cost: 2.545437845436248
    efficiency: 0.637389
    discharge_ratio: 0.1
    depth_of_discharge: 0.4
  Li-ion:
    cost: 241.955
    lifetime: 17.6427
    annual_cost: 13.714170733504508
    efficiency: 0.885552
    discharge_ratio: 2
    depth_of_discharge: 0.9
  Pb-acid:
    cost: 161.414
    lifetime: 11.1265
    annual_cost: 14.507167572911516
    efficiency: 0.701672
    discharge_ratio: 5
    depth_of_discharge: 0.5
  VRBF:
    cost: 257.554
    lifetime: 17.4611
    annual_cost: 14.750158924695466
    efficiency: 0.74057
    discharge_ratio: 0.5
    depth_of_discharge: 1.0
