cost_values:
  wind_capex: 5000.0
  wind_opex: 100
  wind_lifetime: 20
  solar_capex: 1000.0
  solar_opex: 10
  solar_lifetime: 20
  carbon_price: 1.0
timeseries_values:
  load_level: 251412.50715474554
  wind_year: 2010
  solar_year: 2014
  price_year: 2023
  carbon_year: 2023
storage_values:
  CAES:
    cost: 53.5888
    lifetime: 24.2523
    annual_cost: 2.2096378487813526
    efficiency: 0.631272
    discharge_ratio: 0.1
    depth_of_discharge: 0.4
  Li-ion:
    cost: 196.434
    lifetime: 15.6737
    annual_cost: 12.532714036889821
    efficiency: 0.89695
    discharge_ratio: 2
    depth_of_discharge: 0.9
  Pb-acid:
    cost: 191.673
    lifetime: 10.5761
    annual_cost: 18.123221225215342
    efficiency: 0.702257
    discharge_ratio: 5
    depth_of_discharge: 0.5
  VRBF:
    cost: 286.076
    lifetime: 16.8961
    annual_cost: 16.931481229396134
    efficiency: 0.733464
    discharge_ratio: 0.5
    depth_of_discharge: 1.0
