cost_values:
  wind_capex: 5000.0
  wind_opex: 100
  wind_lifetime: 20
  solar_capex: 1000.0
  solar_opex: 10
  solar_lifetime: 20
  carbon_price: 1.0
timeseries_values:
  load_level: 251412.50715474554
  wind_year: 2010
  solar_year: 2014
  price_year: 2023
  carbon_year: 2023
storage_values:
  CAES:
    cost: 58.1042
    lifetime: 25.2235
    annual_cost: 2.3035740480107836
    efficiency: 0.626723
    discharge_ratio: 0.1
    depth_of_discharge: 0.4
  Li-ion:
    cost: 244.441
    lifetime: 14.2071
    annual_cost: 17.205552153500715
    efficiency: 0.900779
    discharge_ratio: 2
    depth_of_discharge: 0.9
  Pb-acid:
    cost: 149.592
    lifetime: 12.6207
    annual_cost: 11.852908317288266
    efficiency: 0.698411
    discharge_ratio: 5
    depth_of_discharge: 0.5
  VRBF:
    cost: 291.501
    lifetime: 16.6625
    annual_cost: 17.494433608402097
    efficiency: 0.728336
    discharge_ratio: 0.5
    depth_of_discharge: 1.0
