cost_values:
  wind_capex: 5000.0
  wind_opex: 100
  wind_lifetime: 20
  solar_capex: 1000.0
  solar_opex: 10
  solar_lifetime: 20
  carbon_price: 1.0
timeseries_values:
  load_level: 251412.50715474554
  wind_year: 2010
  solar_year: 2014
  price_year: 2023
  carbon_year: 2023
storage_values:
  CAES:
    cost: 53.1306
    lifetime: 24.1139
    annual_cost: 2.203318418007871
    efficiency: 0.617985
    discharge_ratio: 0.1
    depth_of_discharge: 0.4
  Li-ion:
    cost: 243.925
    lifetime: 14.5873
    annual_cost: 16.72173740171245
    efficiency: 0.890369
    discharge_ratio: 2
    depth_of_discharge: 0.9
  Pb-acid:
    cost: 129.986
    lifetime: 10.8448
    annual_cost: 11.986020950132783
    efficiency: 0.701503
    discharge_ratio: 5
    depth_of_discharge: 0.5
  VRBF:
    cost: 260.484
    lifetime: 18.7196
    annual_cost: 13.91504091967777
    efficiency: 0.748074
    discharge_ratio: 0.5
    depth_of_discharge: 1.0
