cost_values:
  wind_capex: 5000.0
  wind_opex: 100
  wind_lifetime: 20
  solar_capex: 1000.0
  solar_opex: 10
  solar_lifetime: 20
  carbon_price: 1.0
timeseries_values:
  load_level: 251412.50715474554
  wind_year: 2010
  solar_year: 2014
  price_year: 2023
  carbon_year: 2023
storage_values:
  CAES:
    cost: 63.4048
    lifetime: 25.4288
    annual_cost: 2.493424778204241
    efficiency: 0.618027
    discharge_ratio: 0.1
    depth_of_discharge: 0.4
  Li-ion:
    cost: 221.263
    lifetime: 14.3403
    annual_cost: 15.429454056051828
    efficiency: 0.894983
    discharge_ratio: 2
    depth_of_discharge: 0.9
  Pb-acid:
    cost: 169.849
    lifetime: 11.1182
    annual_cost: 15.276663488694213
    efficiency: 0.7137
    discharge_ratio: 5
    depth_of_discharge: 0.5
  VRBF:
    cost: 285.111
    lifetime: 18.7725
    annual_cost: 15.187694766280462
    efficiency: 0.729302
    discharge_ratio: 0.5
    depth_of_discharge: 1.0
