cost_values:
  wind_capex: 5000.0
  wind_opex: 100
  wind_lifetime: 20
  solar_capex: 1000.0
  solar_opex: 10
  solar_lifetime: 20
  carbon_price: 1.0
timeseries_values:
  load_level: 251412.50715474554
  wind_year: 2010
  solar_year: 2014
  price_year: 2023
  carbon_year: 2023
storage_values:
  CAES:
    cost: 55.8414
    lifetime: 24.3139
    annual_cost: 2.2966862576550864
    efficiency: 0.631931
    discharge_ratio: 0.1
    depth_of_discharge: 0.4
  Li-ion:
    cost: 241.881
    lifetime: 14.9458
    annual_cost: 16.183877744918306
    efficiency: 0.890032
    discharge_ratio: 2
    depth_of_discharge: 0.9
  Pb-acid:
    cost: 179.722
    lifetime: 11.0929
    annual_cost: 16.201534314741863
    efficiency: 0.697429
    discharge_ratio: 5
    depth_of_discharge: 0.5
  VRBF:
    cost: 285.349
    lifetime: 18.338
    annual_cost: 15.560530046897153
    efficiency: 0.744153
    discharge_ratio: 0.5
    depth_of_discharge: 1.0
