cost_values:
  wind_capex: 5000.0
  wind_opex: 100
  wind_lifetime: 20
  solar_capex: 1000.0
  solar_opex: 10
  solar_lifetime: 20
  carbon_price: 1.0
timeseries_values:
  load_level: 251412.50715474554
  wind_year: 2010
  solar_year: 2014
  price_year: 2023
  carbon_year: 2023
storage_values:
  CAES:
    cost: 60.0297
    lifetime: 25.2426
    annual_cost: 2.378110812673813
    efficiency: 0.632438
    discharge_ratio: 0.1
    depth_of_discharge: 0.4
  Li-ion:
    cost: 215.159
    lifetime: 13.7639
    annual_cost: 15.632124615842892
    efficiency: 0.893926
    discharge_ratio: 2
    depth_of_discharge: 0.9
  Pb-acid:
    cost: 156.507
    lifetime: 11.0127
    annual_cost: 14.211501266719333
    efficiency: 0.689395
    discharge_ratio: 5
    depth_of_discharge: 0.5
  VRBF:
    cost: 287.817
    lifetime: 18.8124
    annual_cost: 15.299323850226447
    efficiency: 0.725435
    discharge_ratio: 0.5
    depth_of_discharge: 1.0
