cost_values:
  wind_capex: 5000.0
  wind_opex: 100
  wind_lifetime: 20
  solar_capex: 1000.0
  solar_opex: 10
  solar_lifetime: 20
  carbon_price: 1.0
timeseries_values:
  load_level: 251412.50715474554
  wind_year: 2010
  solar_year: 2014
  price_year: 2023
  carbon_year: 2023
storage_values:
  CAES:
    cost: 56.7253
    lifetime: 24.7449
    annual_cost: 2.292403687224438
    efficiency: 0.630729
    discharge_ratio: 0.1
    depth_of_discharge: 0.4
  Li-ion:
    cost: 251.989
    lifetime: 12.7802
    annual_cost: 19.717140576829784
    efficiency: 0.877049
    discharge_ratio: 2
    depth_of_discharge: 0.9
  Pb-acid:
    cost: 154.151
    lifetime: 12.2555
    annual_cost: 12.57810778833993
    efficiency: 0.706586
    discharge_ratio: 5
    depth_of_discharge: 0.5
  VRBF:
    cost: 294.356
    lifetime: 17.5212
    annual_cost: 16.799990868205374
    efficiency: 0.756979
    discharge_ratio: 0.5
    depth_of_discharge: 1.0
