cost_values:
  wind_capex: 5000.0
  wind_opex: 100
  wind_lifetime: 20
  solar_capex: 1000.0
  solar_opex: 10
  solar_lifetime: 20
  carbon_price: 1.0
timeseries_values:
  load_level: 251412.50715474554
  wind_year: 2010
  solar_year: 2014
  price_year: 2023
  carbon_year: 2023
storage_values:
  CAES:
    cost: 56.8276
    lifetime: 24.4216
    annual_cost: 2.326940085825662
    efficiency: 0.625162
    discharge_ratio: 0.1
    depth_of_discharge: 0.4
  Li-ion:
    cost: 216.159
    lifetime: 12.8728
    annual_cost: 16.791917842272078
    efficiency: 0.882344
    discharge_ratio: 2
    depth_of_discharge: 0.9
  Pb-acid:
    cost: 170.741
    lifetime: 10.8392
    annual_cost: 15.752177282456271
    efficiency: 0.718209
    discharge_ratio: 5
    depth_of_discharge: 0.5
  VRBF:
    cost: 296.203
    lifetime: 18.9817
    annual_cost: 15.604661331703692
    efficiency: 0.731754
    discharge_ratio: 0.5
    depth_of_discharge: 1.0
