cost_values:
  wind_capex: 5000.0
  wind_opex: 100
  wind_lifetime: 20
  solar_capex: 1000.0
  solar_opex: 10
  solar_lifetime: 20
  carbon_price: 1.0
timeseries_values:
  load_level: 251412.50715474554
  wind_year: 2010
  solar_year: 2014
  price_year: 2023
  carbon_year: 2023
storage_values:
  CAES:
    cost: 60.0371
    lifetime: 25.8463
    annual_cost: 2.3228508529267247
    efficiency: 0.636701
    discharge_ratio: 0.1
    depth_of_discharge: 0.4
  Li-ion:
    cost: 212.317
    lifetime: 14.5067
    annual_cost: 14.635788980264293
    efficiency: 0.881059
    discharge_ratio: 2
    depth_of_discharge: 0.9
  Pb-acid:
    cost: 157.281
    lifetime: 11.9938
    annual_cost: 13.113525321416065
    efficiency: 0.705811
    discharge_ratio: 5
    depth_of_discharge: 0.5
  VRBF:
    cost: 294.584
    lifetime: 17.3549
    annual_cost: 16.9741110579721
    efficiency: 0.742055
    discharge_ratio: 0.5
    depth_of_discharge: 1.0
