cost_values:
  wind_capex: 5000.0
  wind_opex: 100
  wind_lifetime: 20
  solar_capex: 1000.0
  solar_opex: 10
  solar_lifetime: 20
  carbon_price: 1.0
timeseries_values:
  load_level: 251412.50715474554
  wind_year: 2010
  solar_year: 2014
  price_year: 2023
  carbon_year: 2023
storage_values:
  CAES:
    cost: 58.2203
    lifetime: 23.4527
    annual_cost: 2.482456177753521
    efficiency: 0.625066
    discharge_ratio: 0.1
    depth_of_discharge: 0.4
  Li-ion:
    cost: 246.385
    lifetime: 14.1116
    annual_cost: 17.459749426004137
    efficiency: 0.8949
    discharge_ratio: 2
    depth_of_discharge: 0.9
  Pb-acid:
    cost: 159.886
    lifetime: 11.5838
    annual_cost: 13.802551839638115
    efficiency: 0.701213
    discharge_ratio: 5
    depth_of_discharge: 0.5
  VRBF:
    cost: 307.295
    lifetime: 16.7906
    annual_cost: 18.301609233737924
    efficiency: 0.751939
    discharge_ratio: 0.5
    depth_of_discharge: 1.0
