cost_values:
  wind_capex: 5000.0
  wind_opex: 100
  wind_lifetime: 20
  solar_capex: 1000.0
  solar_opex: 10
  solar_lifetime: 20
  carbon_price: 1.0
timeseries_values:
  load_level: 251412.50715474554
  wind_year: 2010
  solar_year: 2014
  price_year: 2023
  carbon_year: 2023
storage_values:
  CAES:
    cost: 63.936
    lifetime: 25.2825
    annual_cost: 2.528863838623554
    efficiency: 0.628181
    discharge_ratio: 0.1
    depth_of_discharge: 0.4
  Li-ion:
    cost: 216.337
    lifetime: 15.2166
    annual_cost: 14.217170721448943
    efficiency: 0.900804
    discharge_ratio: 2
    depth_of_discharge: 0.9
  Pb-acid:
    cost: 143.153
    lifetime: 12.2976
    annual_cost: 11.640726645849597
    efficiency: 0.690767
    discharge_ratio: 5
    depth_of_discharge: 0.5
  VRBF:
    cost: 293.815
    lifetime: 16.5421
    annual_cost: 17.761650576408073
    efficiency: 0.74263
    discharge_ratio: 0.5
    depth_of_discharge: 1.0
