cost_values:
  wind_capex: 5000.0
  wind_opex: 100
  wind_lifetime: 20
  solar_capex: 1000.0
  solar_opex: 10
  solar_lifetime: 20
  carbon_price: 1.0
timeseries_values:
  load_level: 251412.50715474554
  wind_year: 2010
  solar_year: 2014
  price_year: 2023
  carbon_year: 2023
storage_values:
  CAES:
    cost: 60.183
    lifetime: 24.9506
    annual_cost: 2.4120862824942084
    efficiency: 0.620653
    discharge_ratio: 0.1
    depth_of_discharge: 0.4
  Li-ion:
    cost: 244.627
    lifetime: 15.895
    annual_cost: 15.39018559295376
    efficiency: 0.897105
    discharge_ratio: 2
    depth_of_discharge: 0.9
  Pb-acid:
    cost: 183.832
    lifetime: 10.8351
    annual_cost: 16.966340873642142
    efficiency: 0.720347
    discharge_ratio: 5
    depth_of_discharge: 0.5
  VRBF:
    cost: 318.843
    lifetime: 14.5125
    annual_cost: 21.970232558139536
    efficiency: 0.747632
    discharge_ratio: 0.5
    depth_of_discharge: 1.0
