cost_values:
  wind_capex: 5000.0
  wind_opex: 100
  wind_lifetime: 20
  solar_capex: 1000.0
  solar_opex: 10
  solar_lifetime: 20
  carbon_price: 1.0
timeseries_values:
  load_level: 251412.50715474554
  wind_year: 2010
  solar_year: 2014
  price_year: 2023
  carbon_year: 2023
storage_values:
  CAES:
    cost: 67.3437
    lifetime: 23.9772
    annual_cost: 2.80865572293679
    efficiency: 0.624527
    discharge_ratio: 0.1
    depth_of_discharge: 0.4
  Li-ion:
    cost: 224.323
    lifetime: 13.3528
    annual_cost: 16.799697441735066
    efficiency: 0.891283
    discharge_ratio: 2
    depth_of_discharge: 0.9
  Pb-acid:
    cost: 145.674
    lifetime: 12.7375
    annual_cost: 11.436624141315015
    efficiency: 0.70532
    discharge_ratio: 5
    depth_of_discharge: 0.5
  VRBF:
    cost: 307.419
    lifetime: 18.3685
    annual_cost: 16.73620600484525
    efficiency: 0.747896
    discharge_ratio: 0.5
    depth_of_discharge: 1.0
