cost_values:
  wind_capex: 5000.0
  wind_opex: 100
  wind_lifetime: 20
  solar_capex: 1000.0
  solar_opex: 10
  solar_lifetime: 20
  carbon_price: 1.0
timeseries_values:
  load_level: 251412.50715474554
  wind_year: 2010
  solar_year: 2014
  price_year: 2023
  carbon_year: 2023
storage_values:
  CAES:
    cost: 59.845
    lifetime: 24.7223
    annual_cost: 2.420689013562654
    efficiency: 0.634729
    discharge_ratio: 0.1
    depth_of_discharge: 0.4
  Li-ion:
    cost: 232.95
    lifetime: 17.2538
    annual_cost: 13.501373610451031
    efficiency: 0.898532
    discharge_ratio: 2
    depth_of_discharge: 0.9
  Pb-acid:
    cost: 159.067
    lifetime: 12.2946
    annual_cost: 12.93795650122818
    efficiency: 0.70143
    discharge_ratio: 5
    depth_of_discharge: 0.5
  VRBF:
    cost: 303.097
    lifetime: 20.1428
    annual_cost: 15.047411482018386
    efficiency: 0.745443
    discharge_ratio: 0.5
    depth_of_discharge: 1.0
