cost_values:
  wind_capex: 5000.0
  wind_opex: 100
  wind_lifetime: 20
  solar_capex: 1000.0
  solar_opex: 10
  solar_lifetime: 20
  carbon_price: 1.0
timeseries_values:
  load_level: 251412.50715474554
  wind_year: 2010
  solar_year: 2014
  price_year: 2023
  carbon_year: 2023
storage_values:
  CAES:
    cost: 59.9869
    lifetime: 23.6158
    annual_cost: 2.5401172096647158
    efficiency: 0.613078
    discharge_ratio: 0.1
    depth_of_discharge: 0.4
  Li-ion:
    cost: 214.382
    lifetime: 14.5422
    annual_cost: 14.74206103615684
    efficiency: 0.891339
    discharge_ratio: 2
    depth_of_discharge: 0.9
  Pb-acid:
    cost: 136.285
    lifetime: 10.8624
    annual_cost: 12.546490646634261
    efficiency: 0.69727
    discharge_ratio: 5
    depth_of_discharge: 0.5
  VRBF:
    cost: 296.003
    lifetime: 16.036
    annual_cost: 18.458655525068593
    efficiency: 0.74338
    discharge_ratio: 0.5
    depth_of_discharge: 1.0
