cost_values:
  wind_capex: 5000.0
  wind_opex: 100
  wind_lifetime: 20
  solar_capex: 1000.0
  solar_opex: 10
  solar_lifetime: 20
  carbon_price: 1.0
timeseries_values:
  load_level: 251412.50715474554
  wind_year: 2010
  solar_year: 2014
  price_year: 2023
  carbon_year: 2023
storage_values:
  CAES:
    cost: 63.7625
    lifetime: 25.0157
    annual_cost: 2.5488992912450983
    efficiency: 0.61255
    discharge_ratio: 0.1
    depth_of_discharge: 0.4
  Li-ion:
    cost: 193.008
    lifetime: 14.7137
    annual_cost: 13.117570699416191
    efficiency: 0.892684
    discharge_ratio: 2
    depth_of_discharge: 0.9
  Pb-acid:
    cost: 174.282
    lifetime: 12.0693
    annual_cost: 14.440108374139346
    efficiency: 0.706212
    discharge_ratio: 5
    depth_of_discharge: 0.5
  VRBF:
    cost: 288.823
    lifetime: 17.0866
    annual_cost: 16.903479919937258
    efficiency: 0.742599
    discharge_ratio: 0.5
    depth_of_discharge: 1.0
