cost_values:
  wind_capex: 5000.0
  wind_opex: 100
  wind_lifetime: 20
  solar_capex: 1000.0
  solar_opex: 10
  solar_lifetime: 20
  carbon_price: 1.0
timeseries_values:
  load_level: 251412.50715474554
  wind_year: 2010
  solar_year: 2014
  price_year: 2023
  carbon_year: 2023
storage_values:
  CAES:
    cost: 61.4954
    lifetime: 24.1941
    annual_cost: 2.5417519147230108
    efficiency: 0.625112
    discharge_ratio: 0.1
    depth_of_discharge: 0.4
  Li-ion:
    cost: 218.217
    lifetime: 16.6582
    annual_cost: 13.099674634714436
    efficiency: 0.910969
    discharge_ratio: 2
    depth_of_discharge: 0.9
  Pb-acid:
    cost: 158.118
    lifetime: 11.9979
    annual_cost: 13.178806291100942
    efficiency: 0.699967
    discharge_ratio: 5
    depth_of_discharge: 0.5
  VRBF:
    cost: 285.59
    lifetime: 17.9442
    annual_cost: 15.915449003020475
    efficiency: 0.739351
    discharge_ratio: 0.5
    depth_of_discharge: 1.0
