cost_values:
  wind_capex: 5000.0
  wind_opex: 100
  wind_lifetime: 20
  solar_capex: 1000.0
  solar_opex: 10
  solar_lifetime: 20
  carbon_price: 1.0
timeseries_values:
  load_level: 251412.50715474554
  wind_year: 2010
  solar_year: 2014
  price_year: 2023
  carbon_year: 2023
storage_values:
  CAES:
    cost: 57.7271
    lifetime: 23.5337
    annual_cost: 2.452954699006106
    efficiency: 0.616294
    discharge_ratio: 0.1
    depth_of_discharge: 0.4
  Li-ion:
    cost: 249.618
    lifetime: 14.6388
    annual_cost: 17.051807525206986
    efficiency: 0.897353
    discharge_ratio: 2
    depth_of_discharge: 0.9
  Pb-acid:
    cost: 169.559
    lifetime: 11.5259
    annual_cost: 14.711128848940213
    efficiency: 0.710522
    discharge_ratio: 5
    depth_of_discharge: 0.5
  VRBF:
    cost: 286.111
    lifetime: 18.643
    annual_cost: 15.346832591321139
    efficiency: 0.750304
    discharge_ratio: 0.5
    depth_of_discharge: 1.0
