cost_values:
  wind_capex: 5000.0
  wind_opex: 100
  wind_lifetime: 20
  solar_capex: 1000.0
  solar_opex: 10
  solar_lifetime: 20
  carbon_price: 1.0
timeseries_values:
  load_level: 251412.50715474554
  wind_year: 2010
  solar_year: 2014
  price_year: 2023
  carbon_year: 2023
storage_values:
  CAES:
    cost: 60.3776
    lifetime: 25.0944
    annual_cost: 2.406018872736547
    efficiency: 0.633192
    discharge_ratio: 0.1
    depth_of_discharge: 0.4
  Li-ion:
    cost: 221.171
    lifetime: 14.7927
    annual_cost: 14.951361144348226
    efficiency: 0.88643
    discharge_ratio: 2
    depth_of_discharge: 0.9
  Pb-acid:
    cost: 147.189
    lifetime: 10.4904
    annual_cost: 14.030828185769847
    efficiency: 0.719924
    discharge_ratio: 5
    depth_of_discharge: 0.5
  VRBF:
    cost: 319.649
    lifetime: 20.1788
    annual_cost: 15.840832953396635
    efficiency: 0.73551
    discharge_ratio: 0.5
    depth_of_discharge: 1.0
