cost_values:
  wind_capex: 5000.0
  wind_opex: 100
  wind_lifetime: 20
  solar_capex: 1000.0
  solar_opex: 10
  solar_lifetime: 20
  carbon_price: 1.0
timeseries_values:
  load_level: 251412.50715474554
  wind_year: 2010
  solar_year: 2014
  price_year: 2023
  carbon_year: 2023
storage_values:
  CAES:
    cost: 63.2653
    lifetime: 25.3685
    annual_cost: 2.49385261249187
    efficiency: 0.635137
    discharge_ratio: 0.1
    depth_of_discharge: 0.4
  Li-ion:
    cost: 245.487
    lifetime: 14.686
    annual_cost: 16.715715647555495
    efficiency: 0.889798
    discharge_ratio: 2
    depth_of_discharge: 0.9
  Pb-acid:
    cost: 158.511
    lifetime: 10.667
    annual_cost: 14.859941876816348
    efficiency: 0.715971
    discharge_ratio: 5
    depth_of_discharge: 0.5
  VRBF:
    cost: 307.765
    lifetime: 18.0316
    annual_cost: 17.068091572572595
    efficiency: 0.737768
    discharge_ratio: 0.5
    depth_of_discharge: 1.0
