cost_values:
  wind_capex: 5000.0
  wind_opex: 100
  wind_lifetime: 20
  solar_capex: 1000.0
  solar_opex: 10
  solar_lifetime: 20
  carbon_price: 1.0
timeseries_values:
  load_level: 251412.50715474554
  wind_year: 2010
  solar_year: 2014
  price_year: 2023
  carbon_year: 2023
storage_values:
  CAES:
    cost: 65.0238
    lifetime: 23.0084
    annual_cost: 2.8260896020583783
    efficiency: 0.627145
    discharge_ratio: 0.1
    depth_of_discharge: 0.4
  Li-ion:
    cost: 216.185
    lifetime: 16.028
    annual_cost: 13.48795857249813
    efficiency: 0.88751
    discharge_ratio: 2
    depth_of_discharge: 0.9
  Pb-acid:
    cost: 178.363
    lifetime: 11.5117
    annual_cost: 15.49406256243648
    efficiency: 0.709918
    discharge_ratio: 5
    depth_of_discharge: 0.5
  VRBF:
    cost: 284.846
    lifetime: 18.9033
    annual_cost: 15.068585908280564
    efficiency: 0.752218
    discharge_ratio: 0.5
    depth_of_discharge: 1.0
