cost_values:
  wind_capex: 5000.0
  wind_opex: 100
  wind_lifetime: 20
  solar_capex: 1000.0
  solar_opex: 10
  solar_lifetime: 20
  carbon_price: 1.0
timeseries_values:
  load_level: 251412.50715474554
  wind_year: 2010
  solar_year: 2014
  price_year: 2023
  carbon_year: 2023
storage_values:
  CAES:
    cost: 61.1383
    lifetime: 25.4197
    annual_cost: 2.4051542701133375
    efficiency: 0.615945
    discharge_ratio: 0.1
    depth_of_discharge: 0.4
  Li-ion:
    cost: 211.553
    lifetime: 17.3198
    annual_cost: 12.214517488654602
    efficiency: 0.898653
    discharge_ratio: 2
    depth_of_discharge: 0.9
  Pb-acid:
    cost: 152.41
    lifetime: 9.29153
    annual_cost: 16.403111220649343
    efficiency: 0.72079
    discharge_ratio: 5
    depth_of_discharge: 0.5
  VRBF:
    cost: 285.286
    lifetime: 17.8038
    annual_cost: 16.02388254192925
    efficiency: 0.746574
    discharge_ratio: 0.5
    depth_of_discharge: 1.0
