cost_values:
  wind_capex: 5000.0
  wind_opex: 100
  wind_lifetime: 20
  solar_capex: 1000.0
  solar_opex: 10
  solar_lifetime: 20
  carbon_price: 1.0
timeseries_values:
  load_level: 251412.50715474554
  wind_year: 2010
  solar_year: 2014
  price_year: 2023
  carbon_year: 2023
storage_values:
  CAES:
    cost: 60.1522
    lifetime: 25.7937
    annual_cost: 2.332050074242935
    efficiency: 0.618717
    discharge_ratio: 0.1
    depth_of_discharge: 0.4
  Li-ion:
    cost: 228.652
    lifetime: 14.3107
    annual_cost: 15.977695011425016
    efficiency: 0.895671
    discharge_ratio: 2
    depth_of_discharge: 0.9
  Pb-acid:
    cost: 152.714
    lifetime: 13.4719
    annual_cost: 11.3357432878807
    efficiency: 0.697995
    discharge_ratio: 5
    depth_of_discharge: 0.5
  VRBF:
    cost: 271.327
    lifetime: 19.3138
    annual_cost: 14.048348849009516
    efficiency: 0.735554
    discharge_ratio: 0.5
    depth_of_discharge: 1.0
