cost_values:
  wind_capex: 5000.0
  wind_opex: 100
  wind_lifetime: 20
  solar_capex: 1000.0
  solar_opex: 10
  solar_lifetime: 20
  carbon_price: 1.0
timeseries_values:
  load_level: 251412.50715474554
  wind_year: 2010
  solar_year: 2014
  price_year: 2023
  carbon_year: 2023
storage_values:
  CAES:
    cost: 71.8763
    lifetime: 23.63
    annual_cost: 3.0417393144308082
    efficiency: 0.616668
    discharge_ratio: 0.1
    depth_of_discharge: 0.4
  Li-ion:
    cost: 214.893
    lifetime: 14.9818
    annual_cost: 14.343603572334432
    efficiency: 0.885848
    discharge_ratio: 2
    depth_of_discharge: 0.9
  Pb-acid:
    cost: 176.109
    lifetime: 9.9833
    annual_cost: 17.64035940019833
    efficiency: 0.688926
    discharge_ratio: 5
    depth_of_discharge: 0.5
  VRBF:
    cost: 268.801
    lifetime: 18.0871
    annual_cost: 14.861475858484777
    efficiency: 0.733406
    discharge_ratio: 0.5
    depth_of_discharge: 1.0
