cost_values:
  wind_capex: 5000.0
  wind_opex: 100
  wind_lifetime: 20
  solar_capex: 1000.0
  solar_opex: 10
  solar_lifetime: 20
  carbon_price: 1.0
timeseries_values:
  load_level: 251412.50715474554
  wind_year: 2010
  solar_year: 2014
  price_year: 2023
  carbon_year: 2023
storage_values:
  CAES:
    cost: 59.4097
    lifetime: 25.8612
    annual_cost: 2.2972522543424128
    efficiency: 0.624961
    discharge_ratio: 0.1
    depth_of_discharge: 0.4
  Li-ion:
    cost: 226.967
    lifetime: 15.0125
    annual_cost: 15.118534554537886
    efficiency: 0.889692
    discharge_ratio: 2
    depth_of_discharge: 0.9
  Pb-acid:
    cost: 170.12
    lifetime: 12.5503
    annual_cost: 13.555054460849542
    efficiency: 0.701825
    discharge_ratio: 5
    depth_of_discharge: 0.5
  VRBF:
    cost: 276.689
    lifetime: 15.4652
    annual_cost: 17.89107156713137
    efficiency: 0.756264
    discharge_ratio: 0.5
    depth_of_discharge: 1.0
