cost_values:
  wind_capex: 5000.0
  wind_opex: 100
  wind_lifetime: 20
  solar_capex: 1000.0
  solar_opex: 10
  solar_lifetime: 20
  carbon_price: 1.0
timeseries_values:
  load_level: 251412.50715474554
  wind_year: 2010
  solar_year: 2014
  price_year: 2023
  carbon_year: 2023
storage_values:
  CAES:
    cost: 56.5257
    lifetime: 24.6864
    annual_cost: 2.289750631926891
    efficiency: 0.620905
    discharge_ratio: 0.1
    depth_of_discharge: 0.4
  Li-ion:
    cost: 224.773
    lifetime: 13.8534
    annual_cost: 16.225114412346425
    efficiency: 0.898123
    discharge_ratio: 2
    depth_of_discharge: 0.9
  Pb-acid:
    cost: 154.176
    lifetime: 11.9272
    annual_cost: 12.926420283050506
    efficiency: 0.693023
    discharge_ratio: 5
    depth_of_discharge: 0.5
  VRBF:
    cost: 271.939
    lifetime: 16.1873
    annual_cost: 16.79952802505668
    efficiency: 0.727432
    discharge_ratio: 0.5
    depth_of_discharge: 1.0
