cost_values:
  wind_capex: 5000.0
  wind_opex: 100
  wind_lifetime: 20
  solar_capex: 1000.0
  solar_opex: 10
  solar_lifetime: 20
  carbon_price: 1.0
timeseries_values:
  load_level: 251412.50715474554
  wind_year: 2010
  solar_year: 2014
  price_year: 2023
  carbon_year: 2023
storage_values:
  CAES:
    cost: 66.8133
    lifetime: 25.1287
    annual_cost: 2.6588442696995864
    efficiency: 0.621665
    discharge_ratio: 0.1
    depth_of_discharge: 0.4
  Li-ion:
    cost: 233.535
    lifetime: 15.6711
    annual_cost: 14.902272335700749
    efficiency: 0.90731
    discharge_ratio: 2
    depth_of_discharge: 0.9
  Pb-acid:
    cost: 165.555
    lifetime: 11.2802
    annual_cost: 14.676601478697187
    efficiency: 0.714175
    discharge_ratio: 5
    depth_of_discharge: 0.5
  VRBF:
    cost: 269.698
    lifetime: 17.3393
    annual_cost: 15.554145784431896
    efficiency: 0.758685
    discharge_ratio: 0.5
    depth_of_discharge: 1.0
