cost_values:
  wind_capex: 5000.0
  wind_opex: 100
  wind_lifetime: 20
  solar_capex: 1000.0
  solar_opex: 10
  solar_lifetime: 20
  carbon_price: 1.0
timeseries_values:
  load_level: 251412.50715474554
  wind_year: 2010
  solar_year: 2014
  price_year: 2023
  carbon_year: 2023
storage_values:
  CAES:
    cost: 68.4443
    lifetime: 25.9249
    annual_cost: 2.640098901056513
    efficiency: 0.618345
    discharge_ratio: 0.1
    depth_of_discharge: 0.4
  Li-ion:
    cost: 222.891
    lifetime: 16.1352
    annual_cost: 13.813959541871187
    efficiency: 0.883468
    discharge_ratio: 2
    depth_of_discharge: 0.9
  Pb-acid:
    cost: 155.562
    lifetime: 12.4195
    annual_cost: 12.525625025162045
    efficiency: 0.688873
    discharge_ratio: 5
    depth_of_discharge: 0.5
  VRBF:
    cost: 290.234
    lifetime: 17.0819
    annual_cost: 16.990732881002696
    efficiency: 0.757278
    discharge_ratio: 0.5
    depth_of_discharge: 1.0
