cost_values:
  wind_capex: 5000.0
  wind_opex: 100
  wind_lifetime: 20
  solar_capex: 1000.0
  solar_opex: 10
  solar_lifetime: 20
  carbon_price: 1.0
timeseries_values:
  load_level: 251412.50715474554
  wind_year: 2010
  solar_year: 2014
  price_year: 2023
  carbon_year: 2023
storage_values:
  CAES:
    cost: 61.2737
    lifetime: 24.3409
    annual_cost: 2.5173144789223074
    efficiency: 0.617925
    discharge_ratio: 0.1
    depth_of_discharge: 0.4
  Li-ion:
    cost: 211.872
    lifetime: 12.6882
    annual_cost: 16.698349647704166
    efficiency: 0.900628
    discharge_ratio: 2
    depth_of_discharge: 0.9
  Pb-acid:
    cost: 161.358
    lifetime: 10.413
    annual_cost: 15.495822529530395
    efficiency: 0.703185
    discharge_ratio: 5
    depth_of_discharge: 0.5
  VRBF:
    cost: 277.338
    lifetime: 20.0118
    annual_cost: 13.858723353221599
    efficiency: 0.758611
    discharge_ratio: 0.5
    depth_of_discharge: 1.0
