cost_values:
  wind_capex: 5000.0
  wind_opex: 100
  wind_lifetime: 20
  solar_capex: 1000.0
  solar_opex: 10
  solar_lifetime: 20
  carbon_price: 1.0
timeseries_values:
  load_level: 251412.50715474554
  wind_year: 2010
  solar_year: 2014
  price_year: 2023
  carbon_year: 2023
storage_values:
  CAES:
    cost: 63.4929
    lifetime: 24.8723
    annual_cost: 2.552755474966127
    efficiency: 0.627412
    discharge_ratio: 0.1
    depth_of_discharge: 0.4
  Li-ion:
    cost: 244.153
    lifetime: 15.7929
    annual_cost: 15.459668585250334
    efficiency: 0.893672
    discharge_ratio: 2
    depth_of_discharge: 0.9
  Pb-acid:
    cost: 181.851
    lifetime: 12.3192
    annual_cost: 14.76159166179622
    efficiency: 0.675942
    discharge_ratio: 5
    depth_of_discharge: 0.5
  VRBF:
    cost: 305.297
    lifetime: 19.0848
    annual_cost: 15.996866616364857
    efficiency: 0.747129
    discharge_ratio: 0.5
    depth_of_discharge: 1.0
