cost_values:
  wind_capex: 5000.0
  wind_opex: 100
  wind_lifetime: 20
  solar_capex: 1000.0
  solar_opex: 10
  solar_lifetime: 20
  carbon_price: 1.0
timeseries_values:
  load_level: 251412.50715474554
  wind_year: 2010
  solar_year: 2014
  price_year: 2023
  carbon_year: 2023
storage_values:
  CAES:
    cost: 60.9593
    lifetime: 23.4388
    annual_cost: 2.600785876410055
    efficiency: 0.621496
    discharge_ratio: 0.1
    depth_of_discharge: 0.4
  Li-ion:
    cost: 222.853
    lifetime: 14.8263
    annual_cost: 15.030924775567742
    efficiency: 0.884906
    discharge_ratio: 2
    depth_of_discharge: 0.9
  Pb-acid:
    cost: 152.2
    lifetime: 10.8593
    annual_cost: 14.01563636698498
    efficiency: 0.718365
    discharge_ratio: 5
    depth_of_discharge: 0.5
  VRBF:
    cost: 328.996
    lifetime: 16.5472
    annual_cost: 19.882276155482497
    efficiency: 0.7336
    discharge_ratio: 0.5
    depth_of_discharge: 1.0
