cost_values:
  wind_capex: 5000.0
  wind_opex: 100
  wind_lifetime: 20
  solar_capex: 1000.0
  solar_opex: 10
  solar_lifetime: 20
  carbon_price: 1.0
timeseries_values:
  load_level: 251412.50715474554
  wind_year: 2010
  solar_year: 2014
  price_year: 2023
  carbon_year: 2023
storage_values:
  CAES:
    cost: 66.7185
    lifetime: 25.2595
    annual_cost: 2.641323066569014
    efficiency: 0.624606
    discharge_ratio: 0.1
    depth_of_discharge: 0.4
  Li-ion:
    cost: 208.633
    lifetime: 12.5919
    annual_cost: 16.568825991311876
    efficiency: 0.892965
    discharge_ratio: 2
    depth_of_discharge: 0.9
  Pb-acid:
    cost: 170.255
    lifetime: 11.3527
    annual_cost: 14.99687299056612
    efficiency: 0.690042
    discharge_ratio: 5
    depth_of_discharge: 0.5
  VRBF:
    cost: 271.15
    lifetime: 17.8555
    annual_cost: 15.185797093332585
    efficiency: 0.741916
    discharge_ratio: 0.5
    depth_of_discharge: 1.0
