cost_values:
  wind_capex: 5000.0
  wind_opex: 100
  wind_lifetime: 20
  solar_capex: 1000.0
  solar_opex: 10
  solar_lifetime: 20
  carbon_price: 1.0
timeseries_values:
  load_level: 251412.50715474554
  wind_year: 2010
  solar_year: 2014
  price_year: 2023
  carbon_year: 2023
storage_values:
  CAES:
    cost: 63.8402
    lifetime: 24.6964
    annual_cost: 2.5850002429503895
    efficiency: 0.630346
    discharge_ratio: 0.1
    depth_of_discharge: 0.4
  Li-ion:
    cost: 238.745
    lifetime: 14.5111
    annual_cost: 16.452577681912466
    efficiency: 0.884043
    discharge_ratio: 2
    depth_of_discharge: 0.9
  Pb-acid:
    cost: 171.311
    lifetime: 11.5726
    annual_cost: 14.803155729913763
    efficiency: 0.694203
    discharge_ratio: 5
    depth_of_discharge: 0.5
  VRBF:
    cost: 294.338
    lifetime: 17.72
    annual_cost: 16.610496613995487
    efficiency: 0.749547
    discharge_ratio: 0.5
    depth_of_discharge: 1.0
