cost_values:
  wind_capex: 5000.0
  wind_opex: 100
  wind_lifetime: 20
  solar_capex: 1000.0
  solar_opex: 10
  solar_lifetime: 20
  carbon_price: 1.0
timeseries_values:
  load_level: 251412.50715474554
  wind_year: 2010
  solar_year: 2014
  price_year: 2023
  carbon_year: 2023
storage_values:
  CAES:
    cost: 62.0234
    lifetime: 24.3069
    annual_cost: 2.5516787414273314
    efficiency: 0.631046
    discharge_ratio: 0.1
    depth_of_discharge: 0.4
  Li-ion:
    cost: 243.717
    lifetime: 13.9198
    annual_cost: 17.50865673357376
    efficiency: 0.899782
    discharge_ratio: 2
    depth_of_discharge: 0.9
  Pb-acid:
    cost: 158.128
    lifetime: 11.1772
    annual_cost: 14.147371434706367
    efficiency: 0.695808
    discharge_ratio: 5
    depth_of_discharge: 0.5
  VRBF:
    cost: 291.002
    lifetime: 20.0304
    annual_cost: 14.528017413531433
    efficiency: 0.754205
    discharge_ratio: 0.5
    depth_of_discharge: 1.0
