cost_values:
  wind_capex: 5000.0
  wind_opex: 100
  wind_lifetime: 20
  solar_capex: 1000.0
  solar_opex: 10
  solar_lifetime: 20
  carbon_price: 1.0
timeseries_values:
  load_level: 251412.50715474554
  wind_year: 2010
  solar_year: 2014
  price_year: 2023
  carbon_year: 2023
storage_values:
  CAES:
    cost: 64.9842
    lifetime: 24.8995
    annual_cost: 2.6098596357356576
    efficiency: 0.627283
    discharge_ratio: 0.1
    depth_of_discharge: 0.4
  Li-ion:
    cost: 214.428
    lifetime: 15.7946
    annual_cost: 13.57603231484178
    efficiency: 0.905507
    discharge_ratio: 2
    depth_of_discharge: 0.9
  Pb-acid:
    cost: 158.01
    lifetime: 11.4203
    annual_cost: 13.835888724464331
    efficiency: 0.703144
    discharge_ratio: 5
    depth_of_discharge: 0.5
  VRBF:
    cost: 295.363
    lifetime: 16.6565
    annual_cost: 17.732596884099298
    efficiency: 0.754057
    discharge_ratio: 0.5
    depth_of_discharge: 1.0
