cost_values:
  wind_capex: 5000.0
  wind_opex: 100
  wind_lifetime: 20
  solar_capex: 1000.0
  solar_opex: 10
  solar_lifetime: 20
  carbon_price: 1.0
timeseries_values:
  load_level: 251412.50715474554
  wind_year: 2010
  solar_year: 2014
  price_year: 2023
  carbon_year: 2023
storage_values:
  CAES:
    cost: 59.6027
    lifetime: 24.7449
    annual_cost: 2.4086862343351556
    efficiency: 0.625721
    discharge_ratio: 0.1
    depth_of_discharge: 0.4
  Li-ion:
    cost: 204.337
    lifetime: 14.457
    annual_cost: 14.134121878674689
    efficiency: 0.888219
    discharge_ratio: 2
    depth_of_discharge: 0.9
  Pb-acid:
    cost: 148.852
    lifetime: 11.5464
    annual_cost: 12.891637220259128
    efficiency: 0.689638
    discharge_ratio: 5
    depth_of_discharge: 0.5
  VRBF:
    cost: 303.49
    lifetime: 18.7507
    annual_cost: 16.185529073581254
    efficiency: 0.733217
    discharge_ratio: 0.5
    depth_of_discharge: 1.0
