cost_values:
  wind_capex: 5000.0
  wind_opex: 100
  wind_lifetime: 20
  solar_capex: 1000.0
  solar_opex: 10
  solar_lifetime: 20
  carbon_price: 1.0
timeseries_values:
  load_level: 251412.50715474554
  wind_year: 2010
  solar_year: 2014
  price_year: 2023
  carbon_year: 2023
storage_values:
  CAES:
    cost: 58.8989
    lifetime: 23.545
    annual_cost: 2.5015459757910383
    efficiency: 0.633597
    discharge_ratio: 0.1
    depth_of_discharge: 0.4
  Li-ion:
    cost: 222.222
    lifetime: 11.8487
    annual_cost: 18.754968899541723
    efficiency: 0.892805
    discharge_ratio: 2
    depth_of_discharge: 0.9
  Pb-acid:
    cost: 181.21
    lifetime: 11.1035
    annual_cost: 16.320079254289187
    efficiency: 0.707166
    discharge_ratio: 5
    depth_of_discharge: 0.5
  VRBF:
    cost: 300.41
    lifetime: 16.7832
    annual_cost: 17.899447066113733
    efficiency: 0.736345
    discharge_ratio: 0.5
    depth_of_discharge: 1.0
