cost_values:
  wind_capex: 5000.0
  wind_opex: 100
  wind_lifetime: 20
  solar_capex: 1000.0
  solar_opex: 10
  solar_lifetime: 20
  carbon_price: 1.0
timeseries_values:
  load_level: 251412.50715474554
  wind_year: 2010
  solar_year: 2014
  price_year: 2023
  carbon_year: 2023
storage_values:
  CAES:
    cost: 62.5302
    lifetime: 24.7061
    annual_cost: 2.5309619891443815
    efficiency: 0.622659
    discharge_ratio: 0.1
    depth_of_discharge: 0.4
  Li-ion:
    cost: 221.442
    lifetime: 13.4451
    annual_cost: 16.470089474976014
    efficiency: 0.893043
    discharge_ratio: 2
    depth_of_discharge: 0.9
  Pb-acid:
    cost: 142.662
    lifetime: 10.1709
    annual_cost: 14.026487331504589
    efficiency: 0.695339
    discharge_ratio: 5
    depth_of_discharge: 0.5
  VRBF:
    cost: 274.686
    lifetime: 18.2389
    annual_cost: 15.060447724369341
    efficiency: 0.722371
    discharge_ratio: 0.5
    depth_of_discharge: 1.0
