cost_values:
  wind_capex: 5000.0
  wind_opex: 100
  wind_lifetime: 20
  solar_capex: 1000.0
  solar_opex: 10
  solar_lifetime: 20
  carbon_price: 1.0
timeseries_values:
  load_level: 251412.50715474554
  wind_year: 2010
  solar_year: 2014
  price_year: 2023
  carbon_year: 2023
storage_values:
  CAES:
    cost: 63.3565
    lifetime: 24.6486
    annual_cost: 2.570389393312399
    efficiency: 0.618256
    discharge_ratio: 0.1
    depth_of_discharge: 0.4
  Li-ion:
    cost: 226.227
    lifetime: 13.8968
    annual_cost: 16.27907144090726
    efficiency: 0.889743
    discharge_ratio: 2
    depth_of_discharge: 0.9
  Pb-acid:
    cost: 151.008
    lifetime: 13.2007
    annual_cost: 11.439393365503346
    efficiency: 0.720897
    discharge_ratio: 5
    depth_of_discharge: 0.5
  VRBF:
    cost: 298.469
    lifetime: 17.4668
    annual_cost: 17.08778940618774
    efficiency: 0.741643
    discharge_ratio: 0.5
    depth_of_discharge: 1.0
