cost_values:
  wind_capex: 5000.0
  wind_opex: 100
  wind_lifetime: 20
  solar_capex: 1000.0
  solar_opex: 10
  solar_lifetime: 20
  carbon_price: 1.0
timeseries_values:
  load_level: 251412.50715474554
  wind_year: 2010
  solar_year: 2014
  price_year: 2023
  carbon_year: 2023
storage_values:
  CAES:
    cost: 56.75
    lifetime: 24.7666
    annual_cost: 2.291392439818142
    efficiency: 0.621307
    discharge_ratio: 0.1
    depth_of_discharge: 0.4
  Li-ion:
    cost: 195.098
    lifetime: 17.0131
    annual_cost: 11.467516208098465
    efficiency: 0.89082
    discharge_ratio: 2
    depth_of_discharge: 0.9
  Pb-acid:
    cost: 154.15
    lifetime: 12.2668
    annual_cost: 12.566439495222879
    efficiency: 0.709005
    discharge_ratio: 5
    depth_of_discharge: 0.5
  VRBF:
    cost: 299.167
    lifetime: 15.7186
    annual_cost: 19.03267466568269
    efficiency: 0.761329
    discharge_ratio: 0.5
    depth_of_discharge: 1.0
