cost_values:
  wind_capex: 5000.0
  wind_opex: 100
  wind_lifetime: 20
  solar_capex: 1000.0
  solar_opex: 10
  solar_lifetime: 20
  carbon_price: 1.0
timeseries_values:
  load_level: 251412.50715474554
  wind_year: 2010
  solar_year: 2014
  price_year: 2023
  carbon_year: 2023
storage_values:
  CAES:
    cost: 69.5762
    lifetime: 24.3192
    annual_cost: 2.8609575972893846
    efficiency: 0.624287
    discharge_ratio: 0.1
    depth_of_discharge: 0.4
  Li-ion:
    cost: 225.818
    lifetime: 13.0598
    annual_cost: 17.291076433023477
    efficiency: 0.886412
    discharge_ratio: 2
    depth_of_discharge: 0.9
  Pb-acid:
    cost: 154.611
    lifetime: 12.7421
    annual_cost: 12.13387118292903
    efficiency: 0.701654
    discharge_ratio: 5
    depth_of_discharge: 0.5
  VRBF:
    cost: 297.553
    lifetime: 19.843
    annual_cost: 14.995363604293706
    efficiency: 0.736037
    discharge_ratio: 0.5
    depth_of_discharge: 1.0
