cost_values:
  wind_capex: 5000.0
  wind_opex: 100
  wind_lifetime: 20
  solar_capex: 1000.0
  solar_opex: 10
  solar_lifetime: 20
  carbon_price: 1.0
timeseries_values:
  load_level: 251412.50715474554
  wind_year: 2010
  solar_year: 2014
  price_year: 2023
  carbon_year: 2023
storage_values:
  CAES:
    cost: 53.0984
    lifetime: 24.3592
    annual_cost: 2.179808860717922
    efficiency: 0.620952
    discharge_ratio: 0.1
    depth_of_discharge: 0.4
  Li-ion:
    cost: 220.872
    lifetime: 13.8153
    annual_cost: 15.987492128292546
    efficiency: 0.88393
    discharge_ratio: 2
    depth_of_discharge: 0.9
  Pb-acid:
    cost: 168.478
    lifetime: 12.2325
    annual_cost: 13.772981810750052
    efficiency: 0.699239
    discharge_ratio: 5
    depth_of_discharge: 0.5
  VRBF:
    cost: 298.347
    lifetime: 20.9121
    annual_cost: 14.266716398640021
    efficiency: 0.731918
    discharge_ratio: 0.5
    depth_of_discharge: 1.0
