cost_values:
  wind_capex: 5000.0
  wind_opex: 100
  wind_lifetime: 20
  solar_capex: 1000.0
  solar_opex: 10
  solar_lifetime: 20
  carbon_price: 1.0
timeseries_values:
  load_level: 251412.50715474554
  wind_year: 2010
  solar_year: 2014
  price_year: 2023
  carbon_year: 2023
storage_values:
  CAES:
    cost: 53.5616
    lifetime: 24.306
    annual_cost: 2.2036369620669793
    efficiency: 0.629525
    discharge_ratio: 0.1
    depth_of_discharge: 0.4
  Li-ion:
    cost: 215.886
    lifetime: 14.3338
    annual_cost: 15.061323584813517
    efficiency: 0.914112
    discharge_ratio: 2
    depth_of_discharge: 0.9
  Pb-acid:
    cost: 180.662
    lifetime: 12.111
    annual_cost: 14.917182726447031
    efficiency: 0.710317
    discharge_ratio: 5
    depth_of_discharge: 0.5
  VRBF:
    cost: 320.889
    lifetime: 19.3225
    annual_cost: 16.607012550135853
    efficiency: 0.736948
    discharge_ratio: 0.5
    depth_of_discharge: 1.0
