cost_values:
  wind_capex: 5000.0
  wind_opex: 100
  wind_lifetime: 20
  solar_capex: 1000.0
  solar_opex: 10
  solar_lifetime: 20
  carbon_price: 1.0
timeseries_values:
  load_level: 251412.50715474554
  wind_year: 2010
  solar_year: 2014
  price_year: 2023
  carbon_year: 2023
storage_values:
  CAES:
    cost: 58.5285
    lifetime: 24.6281
    annual_cost: 2.376492705486822
    efficiency: 0.620354
    discharge_ratio: 0.1
    depth_of_discharge: 0.4
  Li-ion:
    cost: 221.758
    lifetime: 15.4671
    annual_cost: 14.337400029740547
    efficiency: 0.883582
    discharge_ratio: 2
    depth_of_discharge: 0.9
  Pb-acid:
    cost: 124.631
    lifetime: 9.34817
    annual_cost: 13.332128106356645
    efficiency: 0.691617
    discharge_ratio: 5
    depth_of_discharge: 0.5
  VRBF:
    cost: 278.195
    lifetime: 18.7546
    annual_cost: 14.833427532445373
    efficiency: 0.731121
    discharge_ratio: 0.5
    depth_of_discharge: 1.0
