cost_values:
  wind_capex: 5000.0
  wind_opex: 100
  wind_lifetime: 20
  solar_capex: 1000.0
  solar_opex: 10
  solar_lifetime: 20
  carbon_price: 1.0
timeseries_values:
  load_level: 251412.50715474554
  wind_year: 2010
  solar_year: 2014
  price_year: 2023
  carbon_year: 2023
storage_values:
  CAES:
    cost: 60.6607
    lifetime: 25.462
    annual_cost: 2.3824012253554314
    efficiency: 0.628495
    discharge_ratio: 0.1
    depth_of_discharge: 0.4
  Li-ion:
    cost: 239.862
    lifetime: 15.6039
    annual_cost: 15.371926249206929
    efficiency: 0.889303
    discharge_ratio: 2
    depth_of_discharge: 0.9
  Pb-acid:
    cost: 179.965
    lifetime: 10.0756
    annual_cost: 17.861467307157888
    efficiency: 0.709756
    discharge_ratio: 5
    depth_of_discharge: 0.5
  VRBF:
    cost: 282.073
    lifetime: 18.0416
    annual_cost: 15.634588949982263
    efficiency: 0.755067
    discharge_ratio: 0.5
    depth_of_discharge: 1.0
