cost_values:
  wind_capex: 5000.0
  wind_opex: 100
  wind_lifetime: 20
  solar_capex: 1000.0
  solar_opex: 10
  solar_lifetime: 20
  carbon_price: 1.0
timeseries_values:
  load_level: 251412.50715474554
  wind_year: 2010
  solar_year: 2014
  price_year: 2023
  carbon_year: 2023
storage_values:
  CAES:
    cost: 68.7554
    lifetime: 24.8271
    annual_cost: 2.769368955697604
    efficiency: 0.624244
    discharge_ratio: 0.1
    depth_of_discharge: 0.4
  Li-ion:
    cost: 245.019
    lifetime: 14.3702
    annual_cost: 17.050493382138036
    efficiency: 0.89669
    discharge_ratio: 2
    depth_of_discharge: 0.9
  Pb-acid:
    cost: 177.983
    lifetime: 11.5913
    annual_cost: 15.354878227636243
    efficiency: 0.698914
    discharge_ratio: 5
    depth_of_discharge: 0.5
  VRBF:
    cost: 296.171
    lifetime: 18.0279
    annual_cost: 16.428480299979476
    efficiency: 0.736834
    discharge_ratio: 0.5
    depth_of_discharge: 1.0
