cost_values:
  wind_capex: 5000.0
  wind_opex: 100
  wind_lifetime: 20
  solar_capex: 1000.0
  solar_opex: 10
  solar_lifetime: 20
  carbon_price: 1.0
timeseries_values:
  load_level: 251412.50715474554
  wind_year: 2010
  solar_year: 2014
  price_year: 2023
  carbon_year: 2023
storage_values:
  CAES:
    cost: 59.938
    lifetime: 23.4794
    annual_cost: 2.5527909571794853
    efficiency: 0.632048
    discharge_ratio: 0.1
    depth_of_discharge: 0.4
  Li-ion:
    cost: 245.566
    lifetime: 14.2197
    annual_cost: 17.269421999057645
    efficiency: 0.896459
    discharge_ratio: 2
    depth_of_discharge: 0.9
  Pb-acid:
    cost: 154.324
    lifetime: 9.97516
    annual_cost: 15.470829540578798
    efficiency: 0.694391
    discharge_ratio: 5
    depth_of_discharge: 0.5
  VRBF:
    cost: 284.707
    lifetime: 17.2008
    annual_cost: 16.55196269940933
    efficiency: 0.752141
    discharge_ratio: 0.5
    depth_of_discharge: 1.0
