cost_values:
  wind_capex: 5000.0
  wind_opex: 100
  wind_lifetime: 20
  solar_capex: 1000.0
  solar_opex: 10
  solar_lifetime: 20
  carbon_price: 1.0
timeseries_values:
  load_level: 251412.50715474554
  wind_year: 2010
  solar_year: 2014
  price_year: 2023
  carbon_year: 2023
storage_values:
  CAES:
    cost: 58.8901
    lifetime: 24.0155
    annual_cost: 2.452170473236035
    efficiency: 0.625536
    discharge_ratio: 0.1
    depth_of_discharge: 0.4
  Li-ion:
    cost: 236.887
    lifetime: 15.3133
    annual_cost: 15.469363233267813
    efficiency: 0.897885
    discharge_ratio: 2
    depth_of_discharge: 0.9
  Pb-acid:
    cost: 173.143
    lifetime: 11.0822
    annual_cost: 15.623522405298587
    efficiency: 0.688815
    discharge_ratio: 5
    depth_of_discharge: 0.5
  VRBF:
    cost: 292.127
    lifetime: 18.222
    annual_cost: 16.03155526286906
    efficiency: 0.758269
    discharge_ratio: 0.5
    depth_of_discharge: 1.0
