cost_values:
  wind_capex: 5000.0
  wind_opex: 100
  wind_lifetime: 20
  solar_capex: 1000.0
  solar_opex: 10
  solar_lifetime: 20
  carbon_price: 1.0
timeseries_values:
  load_level: 251412.50715474554
  wind_year: 2010
  solar_year: 2014
  price_year: 2023
  carbon_year: 2023
storage_values:
  CAES:
    cost: 73.7344
    lifetime: 23.9562
    annual_cost: 3.07788380461008
    efficiency: 0.631799
    discharge_ratio: 0.1
    depth_of_discharge: 0.4
  Li-ion:
    cost: 235.165
    lifetime: 14.7617
    annual_cost: 15.930753233028716
    efficiency: 0.889728
    discharge_ratio: 2
    depth_of_discharge: 0.9
  Pb-acid:
    cost: 158.111
    lifetime: 11.4616
    annual_cost: 13.794845396803236
    efficiency: 0.704992
    discharge_ratio: 5
    depth_of_discharge: 0.5
  VRBF:
    cost: 314.048
    lifetime: 16.0662
    annual_cost: 19.54712377537937
    efficiency: 0.738406
    discharge_ratio: 0.5
    depth_of_discharge: 1.0
