cost_values:
  wind_capex: 5000.0
  wind_opex: 100
  wind_lifetime: 20
  solar_capex: 1000.0
  solar_opex: 10
  solar_lifetime: 20
  carbon_price: 1.0
timeseries_values:
  load_level: 251412.50715474554
  wind_year: 2010
  solar_year: 2014
  price_year: 2023
  carbon_year: 2023
storage_values:
  CAES:
    cost: 66.035
    lifetime: 25.2864
    annual_cost: 2.6114828524424194
    efficiency: 0.623206
    discharge_ratio: 0.1
    depth_of_discharge: 0.4
  Li-ion:
    cost: 238.533
    lifetime: 16.2532
    annual_cost: 14.676063790515098
    efficiency: 0.897394
    discharge_ratio: 2
    depth_of_discharge: 0.9
  Pb-acid:
    cost: 169.943
    lifetime: 12.6212
    annual_cost: 13.464884480081134
    efficiency: 0.709635
    discharge_ratio: 5
    depth_of_discharge: 0.5
  VRBF:
    cost: 270.411
    lifetime: 16.7443
    annual_cost: 16.14943592744994
    efficiency: 0.729875
    discharge_ratio: 0.5
    depth_of_discharge: 1.0
