cost_values:
  wind_capex: 5000.0
  wind_opex: 100
  wind_lifetime: 20
  solar_capex: 1000.0
  solar_opex: 10
  solar_lifetime: 20
  carbon_price: 1.0
timeseries_values:
  load_level: 251412.50715474554
  wind_year: 2010
  solar_year: 2014
  price_year: 2023
  carbon_year: 2023
storage_values:
  CAES:
    cost: 72.4434
    lifetime: 23.6307
    annual_cost: 3.065647653264609
    efficiency: 0.623501
    discharge_ratio: 0.1
    depth_of_discharge: 0.4
  Li-ion:
    cost: 237.051
    lifetime: 15.1917
    annual_cost: 15.603981121270165
    efficiency: 0.885499
    discharge_ratio: 2
    depth_of_discharge: 0.9
  Pb-acid:
    cost: 136.642
    lifetime: 11.0434
    annual_cost: 12.373182172157126
    efficiency: 0.704239
    discharge_ratio: 5
    depth_of_discharge: 0.5
  VRBF:
    cost: 319.212
    lifetime: 18.6349
    annual_cost: 17.129794096024128
    efficiency: 0.756509
    discharge_ratio: 0.5
    depth_of_discharge: 1.0
