cost_values:
  wind_capex: 5000.0
  wind_opex: 100
  wind_lifetime: 20
  solar_capex: 1000.0
  solar_opex: 10
  solar_lifetime: 20
  carbon_price: 1.0
timeseries_values:
  load_level: 251412.50715474554
  wind_year: 2010
  solar_year: 2014
  price_year: 2023
  carbon_year: 2023
storage_values:
  CAES:
    cost: 59.1713
    lifetime: 23.8331
    annual_cost: 2.482736194620087
    efficiency: 0.630692
    discharge_ratio: 0.1
    depth_of_discharge: 0.4
  Li-ion:
    cost: 241.57
    lifetime: 13.0496
    annual_cost: 18.511678518881805
    efficiency: 0.885099
    discharge_ratio: 2
    depth_of_discharge: 0.9
  Pb-acid:
    cost: 174.339
    lifetime: 10.3694
    annual_cost: 16.81283391517349
    efficiency: 0.709202
    discharge_ratio: 5
    depth_of_discharge: 0.5
  VRBF:
    cost: 327.413
    lifetime: 17.9827
    annual_cost: 18.207110166993832
    efficiency: 0.733727
    discharge_ratio: 0.5
    depth_of_discharge: 1.0
