cost_values:
  wind_capex: 5000.0
  wind_opex: 100
  wind_lifetime: 20
  solar_capex: 1000.0
  solar_opex: 10
  solar_lifetime: 20
  carbon_price: 1.0
timeseries_values:
  load_level: 251412.50715474554
  wind_year: 2010
  solar_year: 2014
  price_year: 2023
  carbon_year: 2023
storage_values:
  CAES:
    cost: 59.753
    lifetime: 24.3591
    annual_cost: 2.453005242394013
    efficiency: 0.634236
    discharge_ratio: 0.1
    depth_of_discharge: 0.4
  Li-ion:
    cost: 224.517
    lifetime: 15.4437
    annual_cost: 14.53777268400707
    efficiency: 0.88127
    discharge_ratio: 2
    depth_of_discharge: 0.9
  Pb-acid:
    cost: 154.901
    lifetime: 9.7679
    annual_cost: 15.858168081163814
    efficiency: 0.698254
    discharge_ratio: 5
    depth_of_discharge: 0.5
  VRBF:
    cost: 309.457
    lifetime: 16.7121
    annual_cost: 18.516942813889337
    efficiency: 0.742754
    discharge_ratio: 0.5
    depth_of_discharge: 1.0
