cost_values:
  wind_capex: 5000.0
  wind_opex: 100
  wind_lifetime: 20
  solar_capex: 1000.0
  solar_opex: 10
  solar_lifetime: 20
  carbon_price: 1.0
timeseries_values:
  load_level: 251412.50715474554
  wind_year: 2010
  solar_year: 2014
  price_year: 2023
  carbon_year: 2023
storage_values:
  CAES:
    cost: 62.9731
    lifetime: 24.5782
    annual_cost: 2.5621526393307894
    efficiency: 0.615747
    discharge_ratio: 0.1
    depth_of_discharge: 0.4
  Li-ion:
    cost: 231.675
    lifetime: 13.3401
    annual_cost: 17.366811343243306
    efficiency: 0.881268
    discharge_ratio: 2
    depth_of_discharge: 0.9
  Pb-acid:
    cost: 171.971
    lifetime: 11.5272
    annual_cost: 14.918713998195571
    efficiency: 0.692872
    discharge_ratio: 5
    depth_of_discharge: 0.5
  VRBF:
    cost: 298.589
    lifetime: 19.3751
    annual_cost: 15.410965620822603
    efficiency: 0.758061
    discharge_ratio: 0.5
    depth_of_discharge: 1.0
