cost_values:
  wind_capex: 5000.0
  wind_opex: 100
  wind_lifetime: 20
  solar_capex: 1000.0
  solar_opex: 10
  solar_lifetime: 20
  carbon_price: 1.0
timeseries_values:
  load_level: 251412.50715474554
  wind_year: 2010
  solar_year: 2014
  price_year: 2023
  carbon_year: 2023
storage_values:
  CAES:
    cost: 57.7794
    lifetime: 24.6244
    annual_cost: 2.346428745471971
    efficiency: 0.614261
    discharge_ratio: 0.1
    depth_of_discharge: 0.4
  Li-ion:
    cost: 254.911
    lifetime: 14.714
    annual_cost: 17.32438493951339
    efficiency: 0.884162
    discharge_ratio: 2
    depth_of_discharge: 0.9
  Pb-acid:
    cost: 193.453
    lifetime: 10.4581
    annual_cost: 18.49791071035848
    efficiency: 0.69152
    discharge_ratio: 5
    depth_of_discharge: 0.5
  VRBF:
    cost: 270.023
    lifetime: 18.25
    annual_cost: 14.795780821917809
    efficiency: 0.730649
    discharge_ratio: 0.5
    depth_of_discharge: 1.0
