cost_values:
  wind_capex: 5000.0
  wind_opex: 100
  wind_lifetime: 20
  solar_capex: 1000.0
  solar_opex: 10
  solar_lifetime: 20
  carbon_price: 1.0
timeseries_values:
  load_level: 251412.50715474554
  wind_year: 2010
  solar_year: 2014
  price_year: 2023
  carbon_year: 2023
storage_values:
  CAES:
    cost: 61.1656
    lifetime: 24.8142
    annual_cost: 2.464943459793183
    efficiency: 0.618421
    discharge_ratio: 0.1
    depth_of_discharge: 0.4
  Li-ion:
    cost: 230.338
    lifetime: 15.6061
    annual_cost: 14.759485073144475
    efficiency: 0.899214
    discharge_ratio: 2
    depth_of_discharge: 0.9
  Pb-acid:
    cost: 163.043
    lifetime: 11.9614
    annual_cost: 13.630762285351214
    efficiency: 0.710494
    discharge_ratio: 5
    depth_of_discharge: 0.5
  VRBF:
    cost: 301.279
    lifetime: 19.7824
    annual_cost: 15.229648576512457
    efficiency: 0.740109
    discharge_ratio: 0.5
    depth_of_discharge: 1.0
