cost_values:
  wind_capex: 5000.0
  wind_opex: 100
  wind_lifetime: 20
  solar_capex: 1000.0
  solar_opex: 10
  solar_lifetime: 20
  carbon_price: 1.0
timeseries_values:
  load_level: 251412.50715474554
  wind_year: 2010
  solar_year: 2014
  price_year: 2023
  carbon_year: 2023
storage_values:
  CAES:
    cost: 66.7311
    lifetime: 25.2846
    annual_cost: 2.639199354547827
    efficiency: 0.632804
    discharge_ratio: 0.1
    depth_of_discharge: 0.4
  Li-ion:
    cost: 232.621
    lifetime: 12.6964
    annual_cost: 18.32180775652941
    efficiency: 0.886022
    discharge_ratio: 2
    depth_of_discharge: 0.9
  Pb-acid:
    cost: 170.401
    lifetime: 11.8649
    annual_cost: 14.361772960581211
    efficiency: 0.685759
    discharge_ratio: 5
    depth_of_discharge: 0.5
  VRBF:
    cost: 294.094
    lifetime: 16.1813
    annual_cost: 18.174930320802407
    efficiency: 0.743591
    discharge_ratio: 0.5
    depth_of_discharge: 1.0
