cost_values:
  wind_capex: 5000.0
  wind_opex: 100
  wind_lifetime: 20
  solar_capex: 1000.0
  solar_opex: 10
  solar_lifetime: 20
  carbon_price: 1.0
timeseries_values:
  load_level: 251412.50715474554
  wind_year: 2010
  solar_year: 2014
  price_year: 2023
  carbon_year: 2023
storage_values:
  CAES:
    cost: 61.5114
    lifetime: 24.6736
    annual_cost: 2.4930046689579144
    efficiency: 0.631604
    discharge_ratio: 0.1
    depth_of_discharge: 0.4
  Li-ion:
    cost: 224.953
    lifetime: 13.0195
    annual_cost: 17.278159683551596
    efficiency: 0.903383
    discharge_ratio: 2
    depth_of_discharge: 0.9
  Pb-acid:
    cost: 158.151
    lifetime: 12.9167
    annual_cost: 12.243916789892156
    efficiency: 0.706721
    discharge_ratio: 5
    depth_of_discharge: 0.5
  VRBF:
    cost: 293.483
    lifetime: 18.2589
    annual_cost: 16.07342172858168
    efficiency: 0.749126
    discharge_ratio: 0.5
    depth_of_discharge: 1.0
