cost_values:
  wind_capex: 5000.0
  wind_opex: 100
  wind_lifetime: 20
  solar_capex: 1000.0
  solar_opex: 10
  solar_lifetime: 20
  carbon_price: 1.0
timeseries_values:
  load_level: 251412.50715474554
  wind_year: 2010
  solar_year: 2014
  price_year: 2023
  carbon_year: 2023
storage_values:
  CAES:
    cost: 64.2465
    lifetime: 25.4989
    annual_cost: 2.519579275968767
    efficiency: 0.622674
    discharge_ratio: 0.1
    depth_of_discharge: 0.4
  Li-ion:
    cost: 214.961
    lifetime: 16.691
    annual_cost: 12.878856868971303
    efficiency: 0.894401
    discharge_ratio: 2
    depth_of_discharge: 0.9
  Pb-acid:
    cost: 154.909
    lifetime: 11.9488
    annual_cost: 12.96439809855383
    efficiency: 0.70247
    discharge_ratio: 5
    depth_of_discharge: 0.5
  VRBF:
    cost: 288.758
    lifetime: 19.6778
    annual_cost: 14.67430302167925
    efficiency: 0.741324
    discharge_ratio: 0.5
    depth_of_discharge: 1.0
