cost_values:
  wind_capex: 5000.0
  wind_opex: 100
  wind_lifetime: 20
  solar_capex: 1000.0
  solar_opex: 10
  solar_lifetime: 20
  carbon_price: 1.0
timeseries_values:
  load_level: 262258.3682715532
  wind_year: 2015
  solar_year: 2016
  price_year: 2023
  carbon_year: 2023
storage_values:
  CAES:
    cost: 46.726
    lifetime: 27.4278
    annual_cost: 1.7035999970832512
    efficiency: 0.613243
    discharge_ratio: 0.1
    depth_of_discharge: 0.4
  Li-ion:
    cost: 254.411
    lifetime: 26.7946
    annual_cost: 9.494860904809178
    efficiency: 0.922186
    discharge_ratio: 2
    depth_of_discharge: 0.9
  Pb-acid:
    cost: 126.082
    lifetime: 15.0046
    annual_cost: 8.402889780467323
    efficiency: 0.736259
    discharge_ratio: 5
    depth_of_discharge: 0.5
  VRBF:
    cost: 319.548
    lifetime: 21.6258
    annual_cost: 14.776239491718224
    efficiency: 0.777453
    discharge_ratio: 0.5
    depth_of_discharge: 1.0
