cost_values:
  wind_capex: 5000.0
  wind_opex: 100
  wind_lifetime: 20
  solar_capex: 1000.0
  solar_opex: 10
  solar_lifetime: 20
  carbon_price: 1.0
timeseries_values:
  load_level: 262258.3682715532
  wind_year: 2015
  solar_year: 2016
  price_year: 2023
  carbon_year: 2023
storage_values:
  CAES:
    cost: 44.2707
    lifetime: 25.972
    annual_cost: 1.7045549052826119
    efficiency: 0.602875
    discharge_ratio: 0.1
    depth_of_discharge: 0.4
  Li-ion:
    cost: 259.625
    lifetime: 26.7275
    annual_cost: 9.713777944065102
    efficiency: 0.933065
    discharge_ratio: 2
    depth_of_discharge: 0.9
  Pb-acid:
    cost: 132.915
    lifetime: 15.4458
    annual_cost: 8.605251913141435
    efficiency: 0.721231
    discharge_ratio: 5
    depth_of_discharge: 0.5
  VRBF:
    cost: 321.933
    lifetime: 22.3994
    annual_cost: 14.372393903408126
    efficiency: 0.801103
    discharge_ratio: 0.5
    depth_of_discharge: 1.0
