cost_values:
  wind_capex: 5000.0
  wind_opex: 100
  wind_lifetime: 20
  solar_capex: 1000.0
  solar_opex: 10
  solar_lifetime: 20
  carbon_price: 1.0
timeseries_values:
  load_level: 262258.3682715532
  wind_year: 2015
  solar_year: 2016
  price_year: 2023
  carbon_year: 2023
storage_values:
  CAES:
    cost: 48.256
    lifetime: 26.5353
    annual_cost: 1.8185586746710984
    efficiency: 0.611367
    discharge_ratio: 0.1
    depth_of_discharge: 0.4
  Li-ion:
    cost: 241.502
    lifetime: 26.9235
    annual_cost: 8.969933329619106
    efficiency: 0.945993
    discharge_ratio: 2
    depth_of_discharge: 0.9
  Pb-acid:
    cost: 139.427
    lifetime: 15.0192
    annual_cost: 9.283250772344731
    efficiency: 0.729078
    discharge_ratio: 5
    depth_of_discharge: 0.5
  VRBF:
    cost: 312.295
    lifetime: 21.6527
    annual_cost: 14.422912615978609
    efficiency: 0.795547
    discharge_ratio: 0.5
    depth_of_discharge: 1.0
