cost_values:
  wind_capex: 5000.0
  wind_opex: 100
  wind_lifetime: 20
  solar_capex: 1000.0
  solar_opex: 10
  solar_lifetime: 20
  carbon_price: 1.0
timeseries_values:
  load_level: 262258.3682715532
  wind_year: 2015
  solar_year: 2016
  price_year: 2023
  carbon_year: 2023
storage_values:
  CAES:
    cost: 44.6949
    lifetime: 26.2244
    annual_cost: 1.704324979789814
    efficiency: 0.615838
    discharge_ratio: 0.1
    depth_of_discharge: 0.4
  Li-ion:
    cost: 240.058
    lifetime: 24.897
    annual_cost: 9.64204522633249
    efficiency: 0.943159
    discharge_ratio: 2
    depth_of_discharge: 0.9
  Pb-acid:
    cost: 135.395
    lifetime: 15.2118
    annual_cost: 8.900656069630156
    efficiency: 0.733433
    discharge_ratio: 5
    depth_of_discharge: 0.5
  VRBF:
    cost: 286.891
    lifetime: 22.8667
    annual_cost: 12.546235355342048
    efficiency: 0.811601
    discharge_ratio: 0.5
    depth_of_discharge: 1.0
