cost_values:
  wind_capex: 5000.0
  wind_opex: 100
  wind_lifetime: 20
  solar_capex: 1000.0
  solar_opex: 10
  solar_lifetime: 20
  carbon_price: 1.0
timeseries_values:
  load_level: 262258.3682715532
  wind_year: 2015
  solar_year: 2016
  price_year: 2023
  carbon_year: 2023
storage_values:
  CAES:
    cost: 38.1324
    lifetime: 26.3123
    annual_cost: 1.4492233670184664
    efficiency: 0.602161
    discharge_ratio: 0.1
    depth_of_discharge: 0.4
  Li-ion:
    cost: 255.41
    lifetime: 24.6922
    annual_cost: 10.343752278047319
    efficiency: 0.955279
    discharge_ratio: 2
    depth_of_discharge: 0.9
  Pb-acid:
    cost: 152.211
    lifetime: 16.0354
    annual_cost: 9.492186038390063
    efficiency: 0.743144
    discharge_ratio: 5
    depth_of_discharge: 0.5
  VRBF:
    cost: 326.384
    lifetime: 22.416
    annual_cost: 14.560314061384725
    efficiency: 0.803743
    discharge_ratio: 0.5
    depth_of_discharge: 1.0
