cost_values:
  wind_capex: 5000.0
  wind_opex: 100
  wind_lifetime: 20
  solar_capex: 1000.0
  solar_opex: 10
  solar_lifetime: 20
  carbon_price: 1.0
timeseries_values:
  load_level: 262258.3682715532
  wind_year: 2015
  solar_year: 2016
  price_year: 2023
  carbon_year: 2023
storage_values:
  CAES:
    cost: 45.6426
    lifetime: 27.6416
    annual_cost: 1.6512285830053253
    efficiency: 0.610618
    discharge_ratio: 0.1
    depth_of_discharge: 0.4
  Li-ion:
    cost: 263.712
    lifetime: 24.3834
    annual_cost: 10.815226752626787
    efficiency: 0.947031
    discharge_ratio: 2
    depth_of_discharge: 0.9
  Pb-acid:
    cost: 134.529
    lifetime: 16.6369
    annual_cost: 8.086181920910747
    efficiency: 0.731714
    discharge_ratio: 5
    depth_of_discharge: 0.5
  VRBF:
    cost: 331.358
    lifetime: 24.7298
    annual_cost: 13.399137882231154
    efficiency: 0.768105
    discharge_ratio: 0.5
    depth_of_discharge: 1.0
