cost_values:
  wind_capex: 5000.0
  wind_opex: 100
  wind_lifetime: 20
  solar_capex: 1000.0
  solar_opex: 10
  solar_lifetime: 20
  carbon_price: 1.0
timeseries_values:
  load_level: 262258.3682715532
  wind_year: 2015
  solar_year: 2016
  price_year: 2023
  carbon_year: 2023
storage_values:
  CAES:
    cost: 42.1231
    lifetime: 25.4206
    annual_cost: 1.657045860443892
    efficiency: 0.623922
    discharge_ratio: 0.1
    depth_of_discharge: 0.4
  Li-ion:
    cost: 254.6
    lifetime: 26.5599
    annual_cost: 9.585879464907624
    efficiency: 0.932887
    discharge_ratio: 2
    depth_of_discharge: 0.9
  Pb-acid:
    cost: 142.366
    lifetime: 15.3047
    annual_cost: 9.302109809404955
    efficiency: 0.735894
    discharge_ratio: 5
    depth_of_discharge: 0.5
  VRBF:
    cost: 298.205
    lifetime: 23.9157
    annual_cost: 12.469005715910468
    efficiency: 0.779541
    discharge_ratio: 0.5
    depth_of_discharge: 1.0
