cost_values:
  wind_capex: 5000.0
  wind_opex: 100
  wind_lifetime: 20
  solar_capex: 1000.0
  solar_opex: 10
  solar_lifetime: 20
  carbon_price: 1.0
timeseries_values:
  load_level: 262258.3682715532
  wind_year: 2015
  solar_year: 2016
  price_year: 2023
  carbon_year: 2023
storage_values:
  CAES:
    cost: 36.278
    lifetime: 26.0419
    annual_cost: 1.3930627181580453
    efficiency: 0.607744
    discharge_ratio: 0.1
    depth_of_discharge: 0.4
  Li-ion:
    cost: 278.075
    lifetime: 27.9515
    annual_cost: 9.948482192368925
    efficiency: 0.9361
    discharge_ratio: 2
    depth_of_discharge: 0.9
  Pb-acid:
    cost: 139.051
    lifetime: 15.6486
    annual_cost: 8.88584282300014
    efficiency: 0.746683
    discharge_ratio: 5
    depth_of_discharge: 0.5
  VRBF:
    cost: 286.569
    lifetime: 21.3931
    annual_cost: 13.395393841939692
    efficiency: 0.791915
    discharge_ratio: 0.5
    depth_of_discharge: 1.0
