cost_values:
  wind_capex: 5000.0
  wind_opex: 100
  wind_lifetime: 20
  solar_capex: 1000.0
  solar_opex: 10
  solar_lifetime: 20
  carbon_price: 1.0
timeseries_values:
  load_level: 262258.3682715532
  wind_year: 2015
  solar_year: 2016
  price_year: 2023
  carbon_year: 2023
storage_values:
  CAES:
    cost: 42.1345
    lifetime: 26.2281
    annual_cost: 1.6064640595391966
    efficiency: 0.608078
    discharge_ratio: 0.1
    depth_of_discharge: 0.4
  Li-ion:
    cost: 282.154
    lifetime: 27.8993
    annual_cost: 10.113300333700128
    efficiency: 0.939956
    discharge_ratio: 2
    depth_of_discharge: 0.9
  Pb-acid:
    cost: 148.183
    lifetime: 16.5028
    annual_cost: 8.979264124875778
    efficiency: 0.73491
    discharge_ratio: 5
    depth_of_discharge: 0.5
  VRBF:
    cost: 284.021
    lifetime: 24.2122
    annual_cost: 11.730491239953412
    efficiency: 0.799333
    discharge_ratio: 0.5
    depth_of_discharge: 1.0
