cost_values:
  wind_capex: 5000.0
  wind_opex: 100
  wind_lifetime: 20
  solar_capex: 1000.0
  solar_opex: 10
  solar_lifetime: 20
  carbon_price: 1.0
timeseries_values:
  load_level: 262258.3682715532
  wind_year: 2015
  solar_year: 2016
  price_year: 2023
  carbon_year: 2023
storage_values:
  CAES:
    cost: 42.4203
    lifetime: 26.3581
    annual_cost: 1.609383832673827
    efficiency: 0.606079
    discharge_ratio: 0.1
    depth_of_discharge: 0.4
  Li-ion:
    cost: 244.945
    lifetime: 23.808
    annual_cost: 10.288348454301076
    efficiency: 0.933277
    discharge_ratio: 2
    depth_of_discharge: 0.9
  Pb-acid:
    cost: 129.224
    lifetime: 14.5421
    annual_cost: 8.88619937973195
    efficiency: 0.734645
    discharge_ratio: 5
    depth_of_discharge: 0.5
  VRBF:
    cost: 282.399
    lifetime: 22.6624
    annual_cost: 12.461125035300762
    efficiency: 0.804974
    discharge_ratio: 0.5
    depth_of_discharge: 1.0
