cost_values:
  wind_capex: 5000.0
  wind_opex: 100
  wind_lifetime: 20
  solar_capex: 1000.0
  solar_opex: 10
  solar_lifetime: 20
  carbon_price: 1.0
timeseries_values:
  load_level: 262258.3682715532
  wind_year: 2015
  solar_year: 2016
  price_year: 2023
  carbon_year: 2023
storage_values:
  CAES:
    cost: 47.9072
    lifetime: 26.8755
    annual_cost: 1.78256032445908
    efficiency: 0.603681
    discharge_ratio: 0.1
    depth_of_discharge: 0.4
  Li-ion:
    cost: 257.269
    lifetime: 27.0749
    annual_cost: 9.502121891493598
    efficiency: 0.93559
    discharge_ratio: 2
    depth_of_discharge: 0.9
  Pb-acid:
    cost: 141.89
    lifetime: 14.699
    annual_cost: 9.653037621606911
    efficiency: 0.733087
    discharge_ratio: 5
    depth_of_discharge: 0.5
  VRBF:
    cost: 319.282
    lifetime: 21.4179
    annual_cost: 14.907250477404414
    efficiency: 0.790218
    discharge_ratio: 0.5
    depth_of_discharge: 1.0
