cost_values:
  wind_capex: 5000.0
  wind_opex: 100
  wind_lifetime: 20
  solar_capex: 1000.0
  solar_opex: 10
  solar_lifetime: 20
  carbon_price: 1.0
timeseries_values:
  load_level: 262258.3682715532
  wind_year: 2015
  solar_year: 2016
  price_year: 2023
  carbon_year: 2023
storage_values:
  CAES:
    cost: 38.3484
    lifetime: 26.3404
    annual_cost: 1.4558776632093666
    efficiency: 0.604527
    discharge_ratio: 0.1
    depth_of_discharge: 0.4
  Li-ion:
    cost: 285.424
    lifetime: 27.2548
    annual_cost: 10.472430544344482
    efficiency: 0.921439
    discharge_ratio: 2
    depth_of_discharge: 0.9
  Pb-acid:
    cost: 133.597
    lifetime: 15.4437
    annual_cost: 8.6505824381463
    efficiency: 0.739199
    discharge_ratio: 5
    depth_of_discharge: 0.5
  VRBF:
    cost: 291.297
    lifetime: 21.4572
    annual_cost: 13.575722834293385
    efficiency: 0.786858
    discharge_ratio: 0.5
    depth_of_discharge: 1.0
