cost_values:
  wind_capex: 5000.0
  wind_opex: 100
  wind_lifetime: 20
  solar_capex: 1000.0
  solar_opex: 10
  solar_lifetime: 20
  carbon_price: 1.0
timeseries_values:
  load_level: 262258.3682715532
  wind_year: 2015
  solar_year: 2016
  price_year: 2023
  carbon_year: 2023
storage_values:
  CAES:
    cost: 38.1588
    lifetime: 26.4648
    annual_cost: 1.4418699555636165
    efficiency: 0.607956
    discharge_ratio: 0.1
    depth_of_discharge: 0.4
  Li-ion:
    cost: 255.492
    lifetime: 23.2989
    annual_cost: 10.965839588993472
    efficiency: 0.937506
    discharge_ratio: 2
    depth_of_discharge: 0.9
  Pb-acid:
    cost: 123.312
    lifetime: 16.3688
    annual_cost: 7.533356140951077
    efficiency: 0.733878
    discharge_ratio: 5
    depth_of_discharge: 0.5
  VRBF:
    cost: 292.668
    lifetime: 20.813
    annual_cost: 14.061788305386058
    efficiency: 0.792589
    discharge_ratio: 0.5
    depth_of_discharge: 1.0
