cost_values:
  wind_capex: 5000.0
  wind_opex: 100
  wind_lifetime: 20
  solar_capex: 1000.0
  solar_opex: 10
  solar_lifetime: 20
  carbon_price: 1.0
timeseries_values:
  load_level: 262258.3682715532
  wind_year: 2015
  solar_year: 2016
  price_year: 2023
  carbon_year: 2023
storage_values:
  CAES:
    cost: 37.0051
    lifetime: 26.8757
    annual_cost: 1.376898090096258
    efficiency: 0.608184
    discharge_ratio: 0.1
    depth_of_discharge: 0.4
  Li-ion:
    cost: 263.971
    lifetime: 25.9384
    annual_cost: 10.176842056564784
    efficiency: 0.927733
    discharge_ratio: 2
    depth_of_discharge: 0.9
  Pb-acid:
    cost: 136.536
    lifetime: 15.0851
    annual_cost: 9.051050374210313
    efficiency: 0.735433
    discharge_ratio: 5
    depth_of_discharge: 0.5
  VRBF:
    cost: 279.456
    lifetime: 27.1456
    annual_cost: 10.294707061181185
    efficiency: 0.779958
    discharge_ratio: 0.5
    depth_of_discharge: 1.0
