cost_values:
  wind_capex: 5000.0
  wind_opex: 100
  wind_lifetime: 20
  solar_capex: 1000.0
  solar_opex: 10
  solar_lifetime: 20
  carbon_price: 1.0
timeseries_values:
  load_level: 262258.3682715532
  wind_year: 2015
  solar_year: 2016
  price_year: 2023
  carbon_year: 2023
storage_values:
  CAES:
    cost: 38.5263
    lifetime: 26.4781
    annual_cost: 1.455025096211586
    efficiency: 0.612955
    discharge_ratio: 0.1
    depth_of_discharge: 0.4
  Li-ion:
    cost: 260.657
    lifetime: 26.9858
    annual_cost: 9.65904290404583
    efficiency: 0.943666
    discharge_ratio: 2
    depth_of_discharge: 0.9
  Pb-acid:
    cost: 138.263
    lifetime: 15.1436
    annual_cost: 9.130127578647086
    efficiency: 0.734642
    discharge_ratio: 5
    depth_of_discharge: 0.5
  VRBF:
    cost: 279.5
    lifetime: 22.3446
    annual_cost: 12.508615056881752
    efficiency: 0.810081
    discharge_ratio: 0.5
    depth_of_discharge: 1.0
