cost_values:
  wind_capex: 5000.0
  wind_opex: 100
  wind_lifetime: 20
  solar_capex: 1000.0
  solar_opex: 10
  solar_lifetime: 20
  carbon_price: 1.0
timeseries_values:
  load_level: 262258.3682715532
  wind_year: 2015
  solar_year: 2016
  price_year: 2023
  carbon_year: 2023
storage_values:
  CAES:
    cost: 38.8152
    lifetime: 26.658
    annual_cost: 1.4560432140445643
    efficiency: 0.618414
    discharge_ratio: 0.1
    depth_of_discharge: 0.4
  Li-ion:
    cost: 269.443
    lifetime: 27.5138
    annual_cost: 9.793012960768777
    efficiency: 0.919966
    discharge_ratio: 2
    depth_of_discharge: 0.9
  Pb-acid:
    cost: 129.036
    lifetime: 14.8462
    annual_cost: 8.691517021190608
    efficiency: 0.730623
    discharge_ratio: 5
    depth_of_discharge: 0.5
  VRBF:
    cost: 291.227
    lifetime: 22.7838
    annual_cost: 12.782196121805844
    efficiency: 0.800717
    discharge_ratio: 0.5
    depth_of_discharge: 1.0
