cost_values:
  wind_capex: 5000.0
  wind_opex: 100
  wind_lifetime: 20
  solar_capex: 1000.0
  solar_opex: 10
  solar_lifetime: 20
  carbon_price: 1.0
timeseries_values:
  load_level: 262258.3682715532
  wind_year: 2015
  solar_year: 2016
  price_year: 2023
  carbon_year: 2023
storage_values:
  CAES:
    cost: 48.0455
    lifetime: 27.027
    annual_cost: 1.7776852776852774
    efficiency: 0.618395
    discharge_ratio: 0.1
    depth_of_discharge: 0.4
  Li-ion:
    cost: 254.086
    lifetime: 25.7162
    annual_cost: 9.88038668232476
    efficiency: 0.937752
    discharge_ratio: 2
    depth_of_discharge: 0.9
  Pb-acid:
    cost: 137.344
    lifetime: 14.9665
    annual_cost: 9.176761433868974
    efficiency: 0.734163
    discharge_ratio: 5
    depth_of_discharge: 0.5
  VRBF:
    cost: 323.796
    lifetime: 22.8499
    annual_cost: 14.170565297878763
    efficiency: 0.782737
    discharge_ratio: 0.5
    depth_of_discharge: 1.0
