cost_values:
  wind_capex: 5000.0
  wind_opex: 100
  wind_lifetime: 20
  solar_capex: 1000.0
  solar_opex: 10
  solar_lifetime: 20
  carbon_price: 1.0
timeseries_values:
  load_level: 262258.3682715532
  wind_year: 2015
  solar_year: 2016
  price_year: 2023
  carbon_year: 2023
storage_values:
  CAES:
    cost: 41.8168
    lifetime: 27.5836
    annual_cost: 1.5160022622137792
    efficiency: 0.610475
    discharge_ratio: 0.1
    depth_of_discharge: 0.4
  Li-ion:
    cost: 263.304
    lifetime: 25.5172
    annual_cost: 10.31868700327622
    efficiency: 0.952413
    discharge_ratio: 2
    depth_of_discharge: 0.9
  Pb-acid:
    cost: 122.955
    lifetime: 15.2001
    annual_cost: 8.089091519134742
    efficiency: 0.746765
    discharge_ratio: 5
    depth_of_discharge: 0.5
  VRBF:
    cost: 290.609
    lifetime: 23.0348
    annual_cost: 12.616085227568721
    efficiency: 0.803687
    discharge_ratio: 0.5
    depth_of_discharge: 1.0
