cost_values:
  wind_capex: 5000.0
  wind_opex: 100
  wind_lifetime: 20
  solar_capex: 1000.0
  solar_opex: 10
  solar_lifetime: 20
  carbon_price: 1.0
timeseries_values:
  load_level: 262258.3682715532
  wind_year: 2015
  solar_year: 2016
  price_year: 2023
  carbon_year: 2023
storage_values:
  CAES:
    cost: 43.1318
    lifetime: 27.0823
    annual_cost: 1.592619533791443
    efficiency: 0.611455
    discharge_ratio: 0.1
    depth_of_discharge: 0.4
  Li-ion:
    cost: 274.143
    lifetime: 25.7475
    annual_cost: 10.647363821730265
    efficiency: 0.940009
    discharge_ratio: 2
    depth_of_discharge: 0.9
  Pb-acid:
    cost: 145.061
    lifetime: 14.7795
    annual_cost: 9.815014039717177
    efficiency: 0.747004
    discharge_ratio: 5
    depth_of_discharge: 0.5
  VRBF:
    cost: 306.397
    lifetime: 21.594
    annual_cost: 14.188987681763452
    efficiency: 0.789028
    discharge_ratio: 0.5
    depth_of_discharge: 1.0
