cost_values:
  wind_capex: 5000.0
  wind_opex: 100
  wind_lifetime: 20
  solar_capex: 1000.0
  solar_opex: 10
  solar_lifetime: 20
  carbon_price: 1.0
timeseries_values:
  load_level: 262258.3682715532
  wind_year: 2015
  solar_year: 2016
  price_year: 2023
  carbon_year: 2023
storage_values:
  CAES:
    cost: 41.5258
    lifetime: 27.3324
    annual_cost: 1.51928846350851
    efficiency: 0.614653
    discharge_ratio: 0.1
    depth_of_discharge: 0.4
  Li-ion:
    cost: 243.247
    lifetime: 27.0161
    annual_cost: 9.003779227941857
    efficiency: 0.939032
    discharge_ratio: 2
    depth_of_discharge: 0.9
  Pb-acid:
    cost: 132.111
    lifetime: 14.1871
    annual_cost: 9.312051088665054
    efficiency: 0.742091
    discharge_ratio: 5
    depth_of_discharge: 0.5
  VRBF:
    cost: 297.936
    lifetime: 21.7172
    annual_cost: 13.718895621903377
    efficiency: 0.777869
    discharge_ratio: 0.5
    depth_of_discharge: 1.0
