cost_values:
  wind_capex: 5000.0
  wind_opex: 100
  wind_lifetime: 20
  solar_capex: 1000.0
  solar_opex: 10
  solar_lifetime: 20
  carbon_price: 1.0
timeseries_values:
  load_level: 262258.3682715532
  wind_year: 2015
  solar_year: 2016
  price_year: 2023
  carbon_year: 2023
storage_values:
  CAES:
    cost: 42.6851
    lifetime: 27.015
    annual_cost: 1.5800518230612621
    efficiency: 0.610391
    discharge_ratio: 0.1
    depth_of_discharge: 0.4
  Li-ion:
    cost: 244.846
    lifetime: 25.8898
    annual_cost: 9.457237985615956
    efficiency: 0.935256
    discharge_ratio: 2
    depth_of_discharge: 0.9
  Pb-acid:
    cost: 152.899
    lifetime: 15.1604
    annual_cost: 10.085419909764914
    efficiency: 0.723807
    discharge_ratio: 5
    depth_of_discharge: 0.5
  VRBF:
    cost: 288.357
    lifetime: 22.5771
    annual_cost: 12.772100934132373
    efficiency: 0.793531
    discharge_ratio: 0.5
    depth_of_discharge: 1.0
