cost_values:
  wind_capex: 5000.0
  wind_opex: 100
  wind_lifetime: 20
  solar_capex: 1000.0
  solar_opex: 10
  solar_lifetime: 20
  carbon_price: 1.0
timeseries_values:
  load_level: 262258.3682715532
  wind_year: 2015
  solar_year: 2016
  price_year: 2023
  carbon_year: 2023
storage_values:
  CAES:
    cost: 46.3715
    lifetime: 25.7282
    annual_cost: 1.802360833637798
    efficiency: 0.601884
    discharge_ratio: 0.1
    depth_of_discharge: 0.4
  Li-ion:
    cost: 246.138
    lifetime: 25.6745
    annual_cost: 9.586866345985317
    efficiency: 0.938816
    discharge_ratio: 2
    depth_of_discharge: 0.9
  Pb-acid:
    cost: 144.364
    lifetime: 16.5717
    annual_cost: 8.711478001653422
    efficiency: 0.756941
    discharge_ratio: 5
    depth_of_discharge: 0.5
  VRBF:
    cost: 308.757
    lifetime: 23.9216
    annual_cost: 12.907037990769847
    efficiency: 0.786524
    discharge_ratio: 0.5
    depth_of_discharge: 1.0
