cost_values:
  wind_capex: 5000.0
  wind_opex: 100
  wind_lifetime: 20
  solar_capex: 1000.0
  solar_opex: 10
  solar_lifetime: 20
  carbon_price: 1.0
timeseries_values:
  load_level: 262258.3682715532
  wind_year: 2015
  solar_year: 2016
  price_year: 2023
  carbon_year: 2023
storage_values:
  CAES:
    cost: 43.177
    lifetime: 26.1783
    annual_cost: 1.6493431582646696
    efficiency: 0.606193
    discharge_ratio: 0.1
    depth_of_discharge: 0.4
  Li-ion:
    cost: 264.365
    lifetime: 25.4067
    annual_cost: 10.4053261541247
    efficiency: 0.936865
    discharge_ratio: 2
    depth_of_discharge: 0.9
  Pb-acid:
    cost: 149.954
    lifetime: 14.7769
    annual_cost: 10.147865925870786
    efficiency: 0.738118
    discharge_ratio: 5
    depth_of_discharge: 0.5
  VRBF:
    cost: 305.174
    lifetime: 23.3282
    annual_cost: 13.08176370230022
    efficiency: 0.797736
    discharge_ratio: 0.5
    depth_of_discharge: 1.0
