cost_values:
  wind_capex: 5000.0
  wind_opex: 100
  wind_lifetime: 20
  solar_capex: 1000.0
  solar_opex: 10
  solar_lifetime: 20
  carbon_price: 1.0
timeseries_values:
  load_level: 262258.3682715532
  wind_year: 2015
  solar_year: 2016
  price_year: 2023
  carbon_year: 2023
storage_values:
  CAES:
    cost: 39.922
    lifetime: 26.0854
    annual_cost: 1.5304346492674061
    efficiency: 0.605205
    discharge_ratio: 0.1
    depth_of_discharge: 0.4
  Li-ion:
    cost: 266.483
    lifetime: 25.9967
    annual_cost: 10.250647197528917
    efficiency: 0.93947
    discharge_ratio: 2
    depth_of_discharge: 0.9
  Pb-acid:
    cost: 136.323
    lifetime: 13.8197
    annual_cost: 9.864396477492276
    efficiency: 0.726019
    discharge_ratio: 5
    depth_of_discharge: 0.5
  VRBF:
    cost: 281.534
    lifetime: 24.6564
    annual_cost: 11.418293019256662
    efficiency: 0.789244
    discharge_ratio: 0.5
    depth_of_discharge: 1.0
