cost_values:
  wind_capex: 5000.0
  wind_opex: 100
  wind_lifetime: 20
  solar_capex: 1000.0
  solar_opex: 10
  solar_lifetime: 20
  carbon_price: 1.0
timeseries_values:
  load_level: 262258.3682715532
  wind_year: 2015
  solar_year: 2016
  price_year: 2023
  carbon_year: 2023
storage_values:
  CAES:
    cost: 40.4042
    lifetime: 26.5495
    annual_cost: 1.5218441025254714
    efficiency: 0.621499
    discharge_ratio: 0.1
    depth_of_discharge: 0.4
  Li-ion:
    cost: 282.734
    lifetime: 25.5631
    annual_cost: 11.06023917287027
    efficiency: 0.936095
    discharge_ratio: 2
    depth_of_discharge: 0.9
  Pb-acid:
    cost: 124.331
    lifetime: 14.4238
    annual_cost: 8.619850524827022
    efficiency: 0.743695
    discharge_ratio: 5
    depth_of_discharge: 0.5
  VRBF:
    cost: 315.778
    lifetime: 24.3546
    annual_cost: 12.96584628776494
    efficiency: 0.807925
    discharge_ratio: 0.5
    depth_of_discharge: 1.0
