cost_values:
  wind_capex: 5000.0
  wind_opex: 100
  wind_lifetime: 20
  solar_capex: 1000.0
  solar_opex: 10
  solar_lifetime: 20
  carbon_price: 1.0
timeseries_values:
  load_level: 262258.3682715532
  wind_year: 2015
  solar_year: 2016
  price_year: 2023
  carbon_year: 2023
storage_values:
  CAES:
    cost: 41.136
    lifetime: 25.5416
    annual_cost: 1.6105490650546561
    efficiency: 0.61114
    discharge_ratio: 0.1
    depth_of_discharge: 0.4
  Li-ion:
    cost: 246.648
    lifetime: 27.7256
    annual_cost: 8.89603831837724
    efficiency: 0.935903
    discharge_ratio: 2
    depth_of_discharge: 0.9
  Pb-acid:
    cost: 140.82
    lifetime: 14.3235
    annual_cost: 9.831395957691905
    efficiency: 0.723587
    discharge_ratio: 5
    depth_of_discharge: 0.5
  VRBF:
    cost: 292.142
    lifetime: 22.1533
    annual_cost: 13.187290381117034
    efficiency: 0.813854
    discharge_ratio: 0.5
    depth_of_discharge: 1.0
