cost_values:
  wind_capex: 5000.0
  wind_opex: 100
  wind_lifetime: 20
  solar_capex: 1000.0
  solar_opex: 10
  solar_lifetime: 20
  carbon_price: 1.0
timeseries_values:
  load_level: 262258.3682715532
  wind_year: 2015
  solar_year: 2016
  price_year: 2023
  carbon_year: 2023
storage_values:
  CAES:
    cost: 52.5536
    lifetime: 27.2717
    annual_cost: 1.9270379184282609
    efficiency: 0.612632
    discharge_ratio: 0.1
    depth_of_discharge: 0.4
  Li-ion:
    cost: 256.858
    lifetime: 24.897
    annual_cost: 10.316825320319719
    efficiency: 0.931583
    discharge_ratio: 2
    depth_of_discharge: 0.9
  Pb-acid:
    cost: 128.571
    lifetime: 16.2401
    annual_cost: 7.916884748246623
    efficiency: 0.732194
    discharge_ratio: 5
    depth_of_discharge: 0.5
  VRBF:
    cost: 290.523
    lifetime: 23.7677
    annual_cost: 12.223437690647392
    efficiency: 0.782813
    discharge_ratio: 0.5
    depth_of_discharge: 1.0
