cost_values:
  wind_capex: 5000.0
  wind_opex: 100
  wind_lifetime: 20
  solar_capex: 1000.0
  solar_opex: 10
  solar_lifetime: 20
  carbon_price: 1.0
timeseries_values:
  load_level: 262258.3682715532
  wind_year: 2015
  solar_year: 2016
  price_year: 2023
  carbon_year: 2023
storage_values:
  CAES:
    cost: 44.8439
    lifetime: 25.5908
    annual_cost: 1.752344592587961
    efficiency: 0.599807
    discharge_ratio: 0.1
    depth_of_discharge: 0.4
  Li-ion:
    cost: 264.763
    lifetime: 28.3074
    annual_cost: 9.353137342179076
    efficiency: 0.932282
    discharge_ratio: 2
    depth_of_discharge: 0.9
  Pb-acid:
    cost: 137.76
    lifetime: 13.9869
    annual_cost: 9.849216052163095
    efficiency: 0.72532
    discharge_ratio: 5
    depth_of_discharge: 0.5
  VRBF:
    cost: 316.904
    lifetime: 21.8015
    annual_cost: 14.535880558677155
    efficiency: 0.789881
    discharge_ratio: 0.5
    depth_of_discharge: 1.0
