cost_values:
  wind_capex: 5000.0
  wind_opex: 100
  wind_lifetime: 20
  solar_capex: 1000.0
  solar_opex: 10
  solar_lifetime: 20
  carbon_price: 1.0
timeseries_values:
  load_level: 262258.3682715532
  wind_year: 2015
  solar_year: 2016
  price_year: 2023
  carbon_year: 2023
storage_values:
  CAES:
    cost: 43.7582
    lifetime: 26.0405
    annual_cost: 1.6803901614792343
    efficiency: 0.615802
    discharge_ratio: 0.1
    depth_of_discharge: 0.4
  Li-ion:
    cost: 269.495
    lifetime: 24.6842
    annual_cost: 10.917712544866756
    efficiency: 0.94151
    discharge_ratio: 2
    depth_of_discharge: 0.9
  Pb-acid:
    cost: 131.277
    lifetime: 15.2331
    annual_cost: 8.617878173188647
    efficiency: 0.730125
    discharge_ratio: 5
    depth_of_discharge: 0.5
  VRBF:
    cost: 288.482
    lifetime: 23.8756
    annual_cost: 12.082712057498034
    efficiency: 0.784288
    discharge_ratio: 0.5
    depth_of_discharge: 1.0
