cost_values:
  wind_capex: 5000.0
  wind_opex: 100
  wind_lifetime: 20
  solar_capex: 1000.0
  solar_opex: 10
  solar_lifetime: 20
  carbon_price: 1.0
timeseries_values:
  load_level: 262258.3682715532
  wind_year: 2015
  solar_year: 2016
  price_year: 2023
  carbon_year: 2023
storage_values:
  CAES:
    cost: 41.8094
    lifetime: 26.5343
    annual_cost: 1.5756737505794385
    efficiency: 0.609872
    discharge_ratio: 0.1
    depth_of_discharge: 0.4
  Li-ion:
    cost: 228.335
    lifetime: 27.2306
    annual_cost: 8.385235727453674
    efficiency: 0.939157
    discharge_ratio: 2
    depth_of_discharge: 0.9
  Pb-acid:
    cost: 124.411
    lifetime: 14.6098
    annual_cost: 8.515585428958644
    efficiency: 0.729414
    discharge_ratio: 5
    depth_of_discharge: 0.5
  VRBF:
    cost: 301.036
    lifetime: 21.9962
    annual_cost: 13.685818459552104
    efficiency: 0.795501
    discharge_ratio: 0.5
    depth_of_discharge: 1.0
