cost_values:
  wind_capex: 5000.0
  wind_opex: 100
  wind_lifetime: 20
  solar_capex: 1000.0
  solar_opex: 10
  solar_lifetime: 20
  carbon_price: 1.0
timeseries_values:
  load_level: 262258.3682715532
  wind_year: 2015
  solar_year: 2016
  price_year: 2023
  carbon_year: 2023
storage_values:
  CAES:
    cost: 40.1679
    lifetime: 26.8612
    annual_cost: 1.4953873989248434
    efficiency: 0.626918
    discharge_ratio: 0.1
    depth_of_discharge: 0.4
  Li-ion:
    cost: 264.4
    lifetime: 26.9815
    annual_cost: 9.799306932527843
    efficiency: 0.941741
    discharge_ratio: 2
    depth_of_discharge: 0.9
  Pb-acid:
    cost: 150.445
    lifetime: 14.9673
    annual_cost: 10.051579109124559
    efficiency: 0.752528
    discharge_ratio: 5
    depth_of_discharge: 0.5
  VRBF:
    cost: 302.183
    lifetime: 23.942
    annual_cost: 12.621460195472391
    efficiency: 0.799776
    discharge_ratio: 0.5
    depth_of_discharge: 1.0
