cost_values:
  wind_capex: 5000.0
  wind_opex: 100
  wind_lifetime: 20
  solar_capex: 1000.0
  solar_opex: 10
  solar_lifetime: 20
  carbon_price: 1.0
timeseries_values:
  load_level: 262258.3682715532
  wind_year: 2015
  solar_year: 2016
  price_year: 2023
  carbon_year: 2023
storage_values:
  CAES:
    cost: 45.2264
    lifetime: 26.9191
    annual_cost: 1.680085886972447
    efficiency: 0.607647
    discharge_ratio: 0.1
    depth_of_discharge: 0.4
  Li-ion:
    cost: 262.853
    lifetime: 25.586
    annual_cost: 10.273313530837177
    efficiency: 0.940971
    discharge_ratio: 2
    depth_of_discharge: 0.9
  Pb-acid:
    cost: 135.289
    lifetime: 14.9912
    annual_cost: 9.024561075831153
    efficiency: 0.741435
    discharge_ratio: 5
    depth_of_discharge: 0.5
  VRBF:
    cost: 298.469
    lifetime: 23.2968
    annual_cost: 12.811587857559836
    efficiency: 0.76414
    discharge_ratio: 0.5
    depth_of_discharge: 1.0
