cost_values:
  wind_capex: 5000.0
  wind_opex: 100
  wind_lifetime: 20
  solar_capex: 1000.0
  solar_opex: 10
  solar_lifetime: 20
  carbon_price: 1.0
timeseries_values:
  load_level: 262258.3682715532
  wind_year: 2015
  solar_year: 2016
  price_year: 2023
  carbon_year: 2023
storage_values:
  CAES:
    cost: 45.28
    lifetime: 26.1274
    annual_cost: 1.733046533524193
    efficiency: 0.612456
    discharge_ratio: 0.1
    depth_of_discharge: 0.4
  Li-ion:
    cost: 250.799
    lifetime: 27.1954
    annual_cost: 9.222111092317084
    efficiency: 0.946692
    discharge_ratio: 2
    depth_of_discharge: 0.9
  Pb-acid:
    cost: 147.52
    lifetime: 16.1219
    annual_cost: 9.150286256582662
    efficiency: 0.73305
    discharge_ratio: 5
    depth_of_discharge: 0.5
  VRBF:
    cost: 330.454
    lifetime: 23.8314
    annual_cost: 13.866327618184414
    efficiency: 0.80035
    discharge_ratio: 0.5
    depth_of_discharge: 1.0
