cost_values:
  wind_capex: 5000.0
  wind_opex: 100
  wind_lifetime: 20
  solar_capex: 1000.0
  solar_opex: 10
  solar_lifetime: 20
  carbon_price: 1.0
timeseries_values:
  load_level: 262258.3682715532
  wind_year: 2015
  solar_year: 2016
  price_year: 2023
  carbon_year: 2023
storage_values:
  CAES:
    cost: 42.9151
    lifetime: 25.9707
    annual_cost: 1.6524429453191483
    efficiency: 0.603672
    discharge_ratio: 0.1
    depth_of_discharge: 0.4
  Li-ion:
    cost: 268.348
    lifetime: 25.725
    annual_cost: 10.431409135082605
    efficiency: 0.927694
    discharge_ratio: 2
    depth_of_discharge: 0.9
  Pb-acid:
    cost: 136.63
    lifetime: 16.2558
    annual_cost: 8.405000061516505
    efficiency: 0.74695
    discharge_ratio: 5
    depth_of_discharge: 0.5
  VRBF:
    cost: 299.375
    lifetime: 24.7325
    annual_cost: 12.104518346305468
    efficiency: 0.796459
    discharge_ratio: 0.5
    depth_of_discharge: 1.0
