cost_values:
  wind_capex: 5000.0
  wind_opex: 100
  wind_lifetime: 20
  solar_capex: 1000.0
  solar_opex: 10
  solar_lifetime: 20
  carbon_price: 1.0
timeseries_values:
  load_level: 262258.3682715532
  wind_year: 2015
  solar_year: 2016
  price_year: 2023
  carbon_year: 2023
storage_values:
  CAES:
    cost: 45.647
    lifetime: 25.9468
    annual_cost: 1.7592535495706598
    efficiency: 0.610295
    discharge_ratio: 0.1
    depth_of_discharge: 0.4
  Li-ion:
    cost: 245.578
    lifetime: 25.5375
    annual_cost: 9.616368086147821
    efficiency: 0.933396
    discharge_ratio: 2
    depth_of_discharge: 0.9
  Pb-acid:
    cost: 129.783
    lifetime: 14.3435
    annual_cost: 9.04820999058807
    efficiency: 0.741323
    discharge_ratio: 5
    depth_of_discharge: 0.5
  VRBF:
    cost: 296.756
    lifetime: 23.1124
    annual_cost: 12.839687786642667
    efficiency: 0.802071
    discharge_ratio: 0.5
    depth_of_discharge: 1.0
