cost_values:
  wind_capex: 5000.0
  wind_opex: 100
  wind_lifetime: 20
  solar_capex: 1000.0
  solar_opex: 10
  solar_lifetime: 20
  carbon_price: 1.0
timeseries_values:
  load_level: 262258.3682715532
  wind_year: 2015
  solar_year: 2016
  price_year: 2023
  carbon_year: 2023
storage_values:
  CAES:
    cost: 36.807
    lifetime: 26.0241
    annual_cost: 1.4143428591190474
    efficiency: 0.597057
    discharge_ratio: 0.1
    depth_of_discharge: 0.4
  Li-ion:
    cost: 248.494
    lifetime: 24.0942
    annual_cost: 10.313436428684081
    efficiency: 0.947518
    discharge_ratio: 2
    depth_of_discharge: 0.9
  Pb-acid:
    cost: 148.956
    lifetime: 16.0867
    annual_cost: 9.25957467970435
    efficiency: 0.735195
    discharge_ratio: 5
    depth_of_discharge: 0.5
  VRBF:
    cost: 294.161
    lifetime: 21.5692
    annual_cost: 13.638011609146377
    efficiency: 0.809981
    discharge_ratio: 0.5
    depth_of_discharge: 1.0
