cost_values:
  wind_capex: 5000.0
  wind_opex: 100
  wind_lifetime: 20
  solar_capex: 1000.0
  solar_opex: 10
  solar_lifetime: 20
  carbon_price: 1.0
timeseries_values:
  load_level: 262258.3682715532
  wind_year: 2015
  solar_year: 2016
  price_year: 2023
  carbon_year: 2023
storage_values:
  CAES:
    cost: 48.1549
    lifetime: 26.5317
    annual_cost: 1.8149948929016986
    efficiency: 0.621043
    discharge_ratio: 0.1
    depth_of_discharge: 0.4
  Li-ion:
    cost: 260.55
    lifetime: 25.3413
    annual_cost: 10.281635117377562
    efficiency: 0.935391
    discharge_ratio: 2
    depth_of_discharge: 0.9
  Pb-acid:
    cost: 130.213
    lifetime: 16.8637
    annual_cost: 7.721496468746478
    efficiency: 0.734272
    discharge_ratio: 5
    depth_of_discharge: 0.5
  VRBF:
    cost: 313.755
    lifetime: 23.1644
    annual_cost: 13.544706532437706
    efficiency: 0.812355
    discharge_ratio: 0.5
    depth_of_discharge: 1.0
