cost_values:
  wind_capex: 5000.0
  wind_opex: 100
  wind_lifetime: 20
  solar_capex: 1000.0
  solar_opex: 10
  solar_lifetime: 20
  carbon_price: 1.0
timeseries_values:
  load_level: 262258.3682715532
  wind_year: 2015
  solar_year: 2016
  price_year: 2023
  carbon_year: 2023
storage_values:
  CAES:
    cost: 53.7187
    lifetime: 27.7756
    annual_cost: 1.9340248275464795
    efficiency: 0.609097
    discharge_ratio: 0.1
    depth_of_discharge: 0.4
  Li-ion:
    cost: 274.475
    lifetime: 24.7506
    annual_cost: 11.089630150380195
    efficiency: 0.944771
    discharge_ratio: 2
    depth_of_discharge: 0.9
  Pb-acid:
    cost: 145.15
    lifetime: 14.5207
    annual_cost: 9.996074569407812
    efficiency: 0.738561
    discharge_ratio: 5
    depth_of_discharge: 0.5
  VRBF:
    cost: 335.313
    lifetime: 22.6545
    annual_cost: 14.801165331391115
    efficiency: 0.785444
    discharge_ratio: 0.5
    depth_of_discharge: 1.0
