cost_values:
  wind_capex: 5000.0
  wind_opex: 100
  wind_lifetime: 20
  solar_capex: 1000.0
  solar_opex: 10
  solar_lifetime: 20
  carbon_price: 1.0
timeseries_values:
  load_level: 262258.3682715532
  wind_year: 2015
  solar_year: 2016
  price_year: 2023
  carbon_year: 2023
storage_values:
  CAES:
    cost: 43.9317
    lifetime: 26.8931
    annual_cost: 1.6335677181135682
    efficiency: 0.607899
    discharge_ratio: 0.1
    depth_of_discharge: 0.4
  Li-ion:
    cost: 267.123
    lifetime: 24.8939
    annual_cost: 10.730460072547894
    efficiency: 0.93757
    discharge_ratio: 2
    depth_of_discharge: 0.9
  Pb-acid:
    cost: 113.818
    lifetime: 13.353
    annual_cost: 8.523777428293267
    efficiency: 0.737763
    discharge_ratio: 5
    depth_of_discharge: 0.5
  VRBF:
    cost: 324.248
    lifetime: 26.0801
    annual_cost: 12.432774414208533
    efficiency: 0.804073
    discharge_ratio: 0.5
    depth_of_discharge: 1.0
