cost_values:
  wind_capex: 5000.0
  wind_opex: 100
  wind_lifetime: 20
  solar_capex: 1000.0
  solar_opex: 10
  solar_lifetime: 20
  carbon_price: 1.0
timeseries_values:
  load_level: 262258.3682715532
  wind_year: 2015
  solar_year: 2016
  price_year: 2023
  carbon_year: 2023
storage_values:
  CAES:
    cost: 42.4652
    lifetime: 26.9542
    annual_cost: 1.575457628124745
    efficiency: 0.609186
    discharge_ratio: 0.1
    depth_of_discharge: 0.4
  Li-ion:
    cost: 253.201
    lifetime: 25.1291
    annual_cost: 10.076007497284024
    efficiency: 0.947757
    discharge_ratio: 2
    depth_of_discharge: 0.9
  Pb-acid:
    cost: 164.518
    lifetime: 14.5122
    annual_cost: 11.336530643182977
    efficiency: 0.736604
    discharge_ratio: 5
    depth_of_discharge: 0.5
  VRBF:
    cost: 280.423
    lifetime: 23.915
    annual_cost: 11.725820614676982
    efficiency: 0.801324
    discharge_ratio: 0.5
    depth_of_discharge: 1.0
