cost_values:
  wind_capex: 5000.0
  wind_opex: 100
  wind_lifetime: 20
  solar_capex: 1000.0
  solar_opex: 10
  solar_lifetime: 20
  carbon_price: 1.0
timeseries_values:
  load_level: 249709.68589743454
  wind_year: 2012
  solar_year: 2019
  price_year: 2023
  carbon_year: 2023
storage_values:
  CAES:
    cost: 58.8612
    lifetime: 26.1275
    annual_cost: 2.25284470385609
    efficiency: 0.609551
    discharge_ratio: 0.1
    depth_of_discharge: 0.4
  Li-ion:
    cost: 203.388
    lifetime: 24.6799
    annual_cost: 8.241038253801676
    efficiency: 0.923553
    discharge_ratio: 2
    depth_of_discharge: 0.9
  Pb-acid:
    cost: 196.971
    lifetime: 10.598
    annual_cost: 18.58567654274391
    efficiency: 0.691084
    discharge_ratio: 5
    depth_of_discharge: 0.5
  VRBF:
    cost: 186.061
    lifetime: 18.3212
    annual_cost: 10.155502914656244
    efficiency: 0.721243
    discharge_ratio: 0.5
    depth_of_discharge: 1.0
