cost_values:
  wind_capex: 5000.0
  wind_opex: 100
  wind_lifetime: 20
  solar_capex: 1000.0
  solar_opex: 10
  solar_lifetime: 20
  carbon_price: 1.0
timeseries_values:
  load_level: 249709.68589743454
  wind_year: 2012
  solar_year: 2019
  price_year: 2023
  carbon_year: 2023
storage_values:
  CAES:
    cost: 58.5635
    lifetime: 27.3433
    annual_cost: 2.1417861048227538
    efficiency: 0.604007
    discharge_ratio: 0.1
    depth_of_discharge: 0.4
  Li-ion:
    cost: 215.595
    lifetime: 22.1878
    annual_cost: 9.716826364037894
    efficiency: 0.923516
    discharge_ratio: 2
    depth_of_discharge: 0.9
  Pb-acid:
    cost: 199.433
    lifetime: 8.68767
    annual_cost: 22.955867338423303
    efficiency: 0.670855
    discharge_ratio: 5
    depth_of_discharge: 0.5
  VRBF:
    cost: 207.226
    lifetime: 17.78
    annual_cost: 11.655005624296962
    efficiency: 0.695247
    discharge_ratio: 0.5
    depth_of_discharge: 1.0
