cost_values:
  wind_capex: 5000.0
  wind_opex: 100
  wind_lifetime: 20
  solar_capex: 1000.0
  solar_opex: 10
  solar_lifetime: 20
  carbon_price: 1.0
timeseries_values:
  load_level: 249709.68589743454
  wind_year: 2012
  solar_year: 2019
  price_year: 2023
  carbon_year: 2023
storage_values:
  CAES:
    cost: 59.9848
    lifetime: 26.6055
    annual_cost: 2.254601492172671
    efficiency: 0.61569
    discharge_ratio: 0.1
    depth_of_discharge: 0.4
  Li-ion:
    cost: 223.011
    lifetime: 22.8877
    annual_cost: 9.743705134198718
    efficiency: 0.907741
    discharge_ratio: 2
    depth_of_discharge: 0.9
  Pb-acid:
    cost: 208.0
    lifetime: 10.0256
    annual_cost: 20.746887966804977
    efficiency: 0.674161
    discharge_ratio: 5
    depth_of_discharge: 0.5
  VRBF:
    cost: 154.697
    lifetime: 19.3228
    annual_cost: 8.005930817479868
    efficiency: 0.700243
    discharge_ratio: 0.5
    depth_of_discharge: 1.0
