cost_values:
  wind_capex: 5000.0
  wind_opex: 100
  wind_lifetime: 20
  solar_capex: 1000.0
  solar_opex: 10
  solar_lifetime: 20
  carbon_price: 1.0
timeseries_values:
  load_level: 249709.68589743454
  wind_year: 2012
  solar_year: 2019
  price_year: 2023
  carbon_year: 2023
storage_values:
  CAES:
    cost: 50.8225
    lifetime: 26.5579
    annual_cost: 1.9136490460465623
    efficiency: 0.613552
    discharge_ratio: 0.1
    depth_of_discharge: 0.4
  Li-ion:
    cost: 235.332
    lifetime: 24.6785
    annual_cost: 9.535911826083433
    efficiency: 0.911555
    discharge_ratio: 2
    depth_of_discharge: 0.9
  Pb-acid:
    cost: 186.959
    lifetime: 10.6305
    annual_cost: 17.587037298339684
    efficiency: 0.687651
    discharge_ratio: 5
    depth_of_discharge: 0.5
  VRBF:
    cost: 234.827
    lifetime: 18.3454
    annual_cost: 12.800320516314715
    efficiency: 0.718867
    discharge_ratio: 0.5
    depth_of_discharge: 1.0
