cost_values:
  wind_capex: 5000.0
  wind_opex: 100
  wind_lifetime: 20
  solar_capex: 1000.0
  solar_opex: 10
  solar_lifetime: 20
  carbon_price: 1.0
timeseries_values:
  load_level: 249709.68589743454
  wind_year: 2012
  solar_year: 2019
  price_year: 2023
  carbon_year: 2023
storage_values:
  CAES:
    cost: 53.5222
    lifetime: 26.8028
    annual_cost: 1.9968883847956183
    efficiency: 0.62761
    discharge_ratio: 0.1
    depth_of_discharge: 0.4
  Li-ion:
    cost: 246.286
    lifetime: 23.431
    annual_cost: 10.51111774998933
    efficiency: 0.922638
    discharge_ratio: 2
    depth_of_discharge: 0.9
  Pb-acid:
    cost: 191.968
    lifetime: 9.08005
    annual_cost: 21.141733801025325
    efficiency: 0.692599
    discharge_ratio: 5
    depth_of_discharge: 0.5
  VRBF:
    cost: 216.862
    lifetime: 17.5681
    annual_cost: 12.344078187168789
    efficiency: 0.713152
    discharge_ratio: 0.5
    depth_of_discharge: 1.0
