cost_values:
  wind_capex: 5000.0
  wind_opex: 100
  wind_lifetime: 20
  solar_capex: 1000.0
  solar_opex: 10
  solar_lifetime: 20
  carbon_price: 1.0
timeseries_values:
  load_level: 249709.68589743454
  wind_year: 2012
  solar_year: 2019
  price_year: 2023
  carbon_year: 2023
storage_values:
  CAES:
    cost: 54.2796
    lifetime: 26.922
    annual_cost: 2.0161800757744595
    efficiency: 0.610622
    discharge_ratio: 0.1
    depth_of_discharge: 0.4
  Li-ion:
    cost: 240.908
    lifetime: 23.6713
    annual_cost: 10.177218826173467
    efficiency: 0.903508
    discharge_ratio: 2
    depth_of_discharge: 0.9
  Pb-acid:
    cost: 208.605
    lifetime: 8.86698
    annual_cost: 23.526048327615488
    efficiency: 0.667565
    discharge_ratio: 5
    depth_of_discharge: 0.5
  VRBF:
    cost: 231.088
    lifetime: 17.5685
    annual_cost: 13.153541850471013
    efficiency: 0.717098
    discharge_ratio: 0.5
    depth_of_discharge: 1.0
