cost_values:
  wind_capex: 5000.0
  wind_opex: 100
  wind_lifetime: 20
  solar_capex: 1000.0
  solar_opex: 10
  solar_lifetime: 20
  carbon_price: 1.0
timeseries_values:
  load_level: 249709.68589743454
  wind_year: 2012
  solar_year: 2019
  price_year: 2023
  carbon_year: 2023
storage_values:
  CAES:
    cost: 51.1574
    lifetime: 27.3842
    annual_cost: 1.868135640259712
    efficiency: 0.623081
    discharge_ratio: 0.1
    depth_of_discharge: 0.4
  Li-ion:
    cost: 229.746
    lifetime: 25.0192
    annual_cost: 9.182787619108524
    efficiency: 0.915747
    discharge_ratio: 2
    depth_of_discharge: 0.9
  Pb-acid:
    cost: 203.0
    lifetime: 9.96529
    annual_cost: 20.370706723035656
    efficiency: 0.697322
    discharge_ratio: 5
    depth_of_discharge: 0.5
  VRBF:
    cost: 226.921
    lifetime: 18.0735
    annual_cost: 12.555454117907434
    efficiency: 0.722642
    discharge_ratio: 0.5
    depth_of_discharge: 1.0
