cost_values:
  wind_capex: 5000.0
  wind_opex: 100
  wind_lifetime: 20
  solar_capex: 1000.0
  solar_opex: 10
  solar_lifetime: 20
  carbon_price: 1.0
timeseries_values:
  load_level: 249709.68589743454
  wind_year: 2012
  solar_year: 2019
  price_year: 2023
  carbon_year: 2023
storage_values:
  CAES:
    cost: 59.202
    lifetime: 27.0836
    annual_cost: 2.1858984773073002
    efficiency: 0.612937
    discharge_ratio: 0.1
    depth_of_discharge: 0.4
  Li-ion:
    cost: 253.5
    lifetime: 24.6232
    annual_cost: 10.295168783911109
    efficiency: 0.904274
    discharge_ratio: 2
    depth_of_discharge: 0.9
  Pb-acid:
    cost: 204.237
    lifetime: 10.8953
    annual_cost: 18.745422338072377
    efficiency: 0.679162
    discharge_ratio: 5
    depth_of_discharge: 0.5
  VRBF:
    cost: 190.819
    lifetime: 19.0767
    annual_cost: 10.002725838326334
    efficiency: 0.711247
    discharge_ratio: 0.5
    depth_of_discharge: 1.0
