cost_values:
  wind_capex: 5000.0
  wind_opex: 100
  wind_lifetime: 20
  solar_capex: 1000.0
  solar_opex: 10
  solar_lifetime: 20
  carbon_price: 1.0
timeseries_values:
  load_level: 249709.68589743454
  wind_year: 2012
  solar_year: 2019
  price_year: 2023
  carbon_year: 2023
storage_values:
  CAES:
    cost: 56.5841
    lifetime: 26.5525
    annual_cost: 2.1310272102438566
    efficiency: 0.60349
    discharge_ratio: 0.1
    depth_of_discharge: 0.4
  Li-ion:
    cost: 216.178
    lifetime: 23.5376
    annual_cost: 9.184368839643803
    efficiency: 0.919003
    discharge_ratio: 2
    depth_of_discharge: 0.9
  Pb-acid:
    cost: 211.339
    lifetime: 9.90586
    annual_cost: 21.334745292180585
    efficiency: 0.673853
    discharge_ratio: 5
    depth_of_discharge: 0.5
  VRBF:
    cost: 180.709
    lifetime: 18.1389
    annual_cost: 9.962511508415615
    efficiency: 0.700009
    discharge_ratio: 0.5
    depth_of_discharge: 1.0
