cost_values:
  wind_capex: 5000.0
  wind_opex: 100
  wind_lifetime: 20
  solar_capex: 1000.0
  solar_opex: 10
  solar_lifetime: 20
  carbon_price: 1.0
timeseries_values:
  load_level: 249709.68589743454
  wind_year: 2012
  solar_year: 2019
  price_year: 2023
  carbon_year: 2023
storage_values:
  CAES:
    cost: 52.4889
    lifetime: 26.8148
    annual_cost: 1.9574600593701985
    efficiency: 0.608047
    discharge_ratio: 0.1
    depth_of_discharge: 0.4
  Li-ion:
    cost: 237.36
    lifetime: 24.0186
    annual_cost: 9.882341185581176
    efficiency: 0.917446
    discharge_ratio: 2
    depth_of_discharge: 0.9
  Pb-acid:
    cost: 185.333
    lifetime: 13.4653
    annual_cost: 13.763748301188983
    efficiency: 0.677381
    discharge_ratio: 5
    depth_of_discharge: 0.5
  VRBF:
    cost: 191.755
    lifetime: 18.5188
    annual_cost: 10.35461260988833
    efficiency: 0.712399
    discharge_ratio: 0.5
    depth_of_discharge: 1.0
