cost_values:
  wind_capex: 5000.0
  wind_opex: 100
  wind_lifetime: 20
  solar_capex: 1000.0
  solar_opex: 10
  solar_lifetime: 20
  carbon_price: 1.0
timeseries_values:
  load_level: 249709.68589743454
  wind_year: 2012
  solar_year: 2019
  price_year: 2023
  carbon_year: 2023
storage_values:
  CAES:
    cost: 54.4579
    lifetime: 27.1132
    annual_cost: 2.0085382765590194
    efficiency: 0.607494
    discharge_ratio: 0.1
    depth_of_discharge: 0.4
  Li-ion:
    cost: 268.649
    lifetime: 22.4054
    annual_cost: 11.99036839333375
    efficiency: 0.915878
    discharge_ratio: 2
    depth_of_discharge: 0.9
  Pb-acid:
    cost: 205.564
    lifetime: 8.33405
    annual_cost: 24.665558761946475
    efficiency: 0.691456
    discharge_ratio: 5
    depth_of_discharge: 0.5
  VRBF:
    cost: 217.345
    lifetime: 18.6579
    annual_cost: 11.648952990422286
    efficiency: 0.715801
    discharge_ratio: 0.5
    depth_of_discharge: 1.0
