cost_values:
  wind_capex: 5000.0
  wind_opex: 100
  wind_lifetime: 20
  solar_capex: 1000.0
  solar_opex: 10
  solar_lifetime: 20
  carbon_price: 1.0
timeseries_values:
  load_level: 249709.68589743454
  wind_year: 2012
  solar_year: 2019
  price_year: 2023
  carbon_year: 2023
storage_values:
  CAES:
    cost: 59.2856
    lifetime: 27.8803
    annual_cost: 2.1264333597558136
    efficiency: 0.61149
    discharge_ratio: 0.1
    depth_of_discharge: 0.4
  Li-ion:
    cost: 241.76
    lifetime: 21.1941
    annual_cost: 11.40694816010116
    efficiency: 0.921791
    discharge_ratio: 2
    depth_of_discharge: 0.9
  Pb-acid:
    cost: 199.475
    lifetime: 9.31568
    annual_cost: 21.41282225237449
    efficiency: 0.675294
    discharge_ratio: 5
    depth_of_discharge: 0.5
  VRBF:
    cost: 170.195
    lifetime: 18.9546
    annual_cost: 8.979086870733227
    efficiency: 0.731119
    discharge_ratio: 0.5
    depth_of_discharge: 1.0
