cost_values:
  wind_capex: 5000.0
  wind_opex: 100
  wind_lifetime: 20
  solar_capex: 1000.0
  solar_opex: 10
  solar_lifetime: 20
  carbon_price: 1.0
timeseries_values:
  load_level: 249709.68589743454
  wind_year: 2012
  solar_year: 2019
  price_year: 2023
  carbon_year: 2023
storage_values:
  CAES:
    cost: 49.2926
    lifetime: 27.3965
    annual_cost: 1.7992298286277444
    efficiency: 0.614289
    discharge_ratio: 0.1
    depth_of_discharge: 0.4
  Li-ion:
    cost: 227.556
    lifetime: 22.1458
    annual_cost: 10.275356952559854
    efficiency: 0.897275
    discharge_ratio: 2
    depth_of_discharge: 0.9
  Pb-acid:
    cost: 201.66
    lifetime: 11.1718
    annual_cost: 18.05080649492472
    efficiency: 0.676994
    discharge_ratio: 5
    depth_of_discharge: 0.5
  VRBF:
    cost: 221.056
    lifetime: 16.883
    annual_cost: 13.093407569744715
    efficiency: 0.687324
    discharge_ratio: 0.5
    depth_of_discharge: 1.0
