cost_values:
  wind_capex: 5000.0
  wind_opex: 100
  wind_lifetime: 20
  solar_capex: 1000.0
  solar_opex: 10
  solar_lifetime: 20
  carbon_price: 1.0
timeseries_values:
  load_level: 249709.68589743454
  wind_year: 2012
  solar_year: 2019
  price_year: 2023
  carbon_year: 2023
storage_values:
  CAES:
    cost: 48.3797
    lifetime: 27.1583
    annual_cost: 1.7813964791610668
    efficiency: 0.617173
    discharge_ratio: 0.1
    depth_of_discharge: 0.4
  Li-ion:
    cost: 225.326
    lifetime: 23.3721
    annual_cost: 9.640811052494213
    efficiency: 0.912387
    discharge_ratio: 2
    depth_of_discharge: 0.9
  Pb-acid:
    cost: 202.882
    lifetime: 10.427
    annual_cost: 19.457370288673637
    efficiency: 0.680575
    discharge_ratio: 5
    depth_of_discharge: 0.5
  VRBF:
    cost: 200.179
    lifetime: 18.2268
    annual_cost: 10.98267386485834
    efficiency: 0.700693
    discharge_ratio: 0.5
    depth_of_discharge: 1.0
