cost_values:
  wind_capex: 5000.0
  wind_opex: 100
  wind_lifetime: 20
  solar_capex: 1000.0
  solar_opex: 10
  solar_lifetime: 20
  carbon_price: 1.0
timeseries_values:
  load_level: 249709.68589743454
  wind_year: 2012
  solar_year: 2019
  price_year: 2023
  carbon_year: 2023
storage_values:
  CAES:
    cost: 54.951
    lifetime: 26.2853
    annual_cost: 2.09056012295846
    efficiency: 0.603755
    discharge_ratio: 0.1
    depth_of_discharge: 0.4
  Li-ion:
    cost: 249.243
    lifetime: 23.3642
    annual_cost: 10.66773097302711
    efficiency: 0.911054
    discharge_ratio: 2
    depth_of_discharge: 0.9
  Pb-acid:
    cost: 196.658
    lifetime: 10.9752
    annual_cost: 17.91839784240834
    efficiency: 0.698268
    discharge_ratio: 5
    depth_of_discharge: 0.5
  VRBF:
    cost: 204.897
    lifetime: 19.8808
    annual_cost: 10.306275401392297
    efficiency: 0.724041
    discharge_ratio: 0.5
    depth_of_discharge: 1.0
