cost_values:
  wind_capex: 5000.0
  wind_opex: 100
  wind_lifetime: 20
  solar_capex: 1000.0
  solar_opex: 10
  solar_lifetime: 20
  carbon_price: 1.0
timeseries_values:
  load_level: 249709.68589743454
  wind_year: 2012
  solar_year: 2019
  price_year: 2023
  carbon_year: 2023
storage_values:
  CAES:
    cost: 58.6212
    lifetime: 27.3226
    annual_cost: 2.1455205580728043
    efficiency: 0.615391
    discharge_ratio: 0.1
    depth_of_discharge: 0.4
  Li-ion:
    cost: 239.222
    lifetime: 23.4691
    annual_cost: 10.193062367112502
    efficiency: 0.918163
    discharge_ratio: 2
    depth_of_discharge: 0.9
  Pb-acid:
    cost: 213.652
    lifetime: 9.83079
    annual_cost: 21.732943130714823
    efficiency: 0.673729
    discharge_ratio: 5
    depth_of_discharge: 0.5
  VRBF:
    cost: 212.99
    lifetime: 17.9561
    annual_cost: 11.861707163582293
    efficiency: 0.711006
    discharge_ratio: 0.5
    depth_of_discharge: 1.0
