cost_values:
  wind_capex: 5000.0
  wind_opex: 100
  wind_lifetime: 20
  solar_capex: 1000.0
  solar_opex: 10
  solar_lifetime: 20
  carbon_price: 1.0
timeseries_values:
  load_level: 249709.68589743454
  wind_year: 2012
  solar_year: 2019
  price_year: 2023
  carbon_year: 2023
storage_values:
  CAES:
    cost: 51.9971
    lifetime: 27.2933
    annual_cost: 1.905123235372784
    efficiency: 0.620451
    discharge_ratio: 0.1
    depth_of_discharge: 0.4
  Li-ion:
    cost: 246.126
    lifetime: 25.0719
    annual_cost: 9.816806863460688
    efficiency: 0.915931
    discharge_ratio: 2
    depth_of_discharge: 0.9
  Pb-acid:
    cost: 177.301
    lifetime: 9.71519
    annual_cost: 18.249874680783392
    efficiency: 0.68389
    discharge_ratio: 5
    depth_of_discharge: 0.5
  VRBF:
    cost: 198.762
    lifetime: 17.02
    annual_cost: 11.678143360752056
    efficiency: 0.724167
    discharge_ratio: 0.5
    depth_of_discharge: 1.0
