cost_values:
  wind_capex: 5000.0
  wind_opex: 100
  wind_lifetime: 20
  solar_capex: 1000.0
  solar_opex: 10
  solar_lifetime: 20
  carbon_price: 1.0
timeseries_values:
  load_level: 249709.68589743454
  wind_year: 2012
  solar_year: 2019
  price_year: 2023
  carbon_year: 2023
storage_values:
  CAES:
    cost: 59.0649
    lifetime: 28.5975
    annual_cost: 2.0653868345135065
    efficiency: 0.622191
    discharge_ratio: 0.1
    depth_of_discharge: 0.4
  Li-ion:
    cost: 243.563
    lifetime: 23.3527
    annual_cost: 10.429757586917145
    efficiency: 0.916133
    discharge_ratio: 2
    depth_of_discharge: 0.9
  Pb-acid:
    cost: 177.985
    lifetime: 9.728
    annual_cost: 18.296155427631582
    efficiency: 0.681012
    discharge_ratio: 5
    depth_of_discharge: 0.5
  VRBF:
    cost: 182.827
    lifetime: 19.0266
    annual_cost: 9.6090210547339
    efficiency: 0.694829
    discharge_ratio: 0.5
    depth_of_discharge: 1.0
