cost_values:
  wind_capex: 5000.0
  wind_opex: 100
  wind_lifetime: 20
  solar_capex: 1000.0
  solar_opex: 10
  solar_lifetime: 20
  carbon_price: 1.0
timeseries_values:
  load_level: 249709.68589743454
  wind_year: 2012
  solar_year: 2019
  price_year: 2023
  carbon_year: 2023
storage_values:
  CAES:
    cost: 57.8647
    lifetime: 27.5067
    annual_cost: 2.1036583814125285
    efficiency: 0.606854
    discharge_ratio: 0.1
    depth_of_discharge: 0.4
  Li-ion:
    cost: 239.033
    lifetime: 25.5417
    annual_cost: 9.358539173195206
    efficiency: 0.921161
    discharge_ratio: 2
    depth_of_discharge: 0.9
  Pb-acid:
    cost: 181.087
    lifetime: 9.66355
    annual_cost: 18.73917970104154
    efficiency: 0.670054
    discharge_ratio: 5
    depth_of_discharge: 0.5
  VRBF:
    cost: 211.707
    lifetime: 20.0684
    annual_cost: 10.549271491499072
    efficiency: 0.720989
    discharge_ratio: 0.5
    depth_of_discharge: 1.0
