cost_values:
  wind_capex: 5000.0
  wind_opex: 100
  wind_lifetime: 20
  solar_capex: 1000.0
  solar_opex: 10
  solar_lifetime: 20
  carbon_price: 1.0
timeseries_values:
  load_level: 249709.68589743454
  wind_year: 2012
  solar_year: 2019
  price_year: 2023
  carbon_year: 2023
storage_values:
  CAES:
    cost: 56.4129
    lifetime: 26.9091
    annual_cost: 2.096424629586274
    efficiency: 0.620073
    discharge_ratio: 0.1
    depth_of_discharge: 0.4
  Li-ion:
    cost: 225.482
    lifetime: 22.8497
    annual_cost: 9.868050784036553
    efficiency: 0.913232
    discharge_ratio: 2
    depth_of_discharge: 0.9
  Pb-acid:
    cost: 212.269
    lifetime: 12.0451
    annual_cost: 17.622850785796714
    efficiency: 0.685038
    discharge_ratio: 5
    depth_of_discharge: 0.5
  VRBF:
    cost: 193.43
    lifetime: 20.427
    annual_cost: 9.469329808586675
    efficiency: 0.72758
    discharge_ratio: 0.5
    depth_of_discharge: 1.0
