cost_values:
  wind_capex: 5000.0
  wind_opex: 100
  wind_lifetime: 20
  solar_capex: 1000.0
  solar_opex: 10
  solar_lifetime: 20
  carbon_price: 1.0
timeseries_values:
  load_level: 249709.68589743454
  wind_year: 2012
  solar_year: 2019
  price_year: 2023
  carbon_year: 2023
storage_values:
  CAES:
    cost: 57.6896
    lifetime: 27.3083
    annual_cost: 2.1125298901799088
    efficiency: 0.613718
    discharge_ratio: 0.1
    depth_of_discharge: 0.4
  Li-ion:
    cost: 225.751
    lifetime: 25.1941
    annual_cost: 8.960470903902104
    efficiency: 0.919808
    discharge_ratio: 2
    depth_of_discharge: 0.9
  Pb-acid:
    cost: 202.97
    lifetime: 10.226
    annual_cost: 19.848425581850183
    efficiency: 0.672576
    discharge_ratio: 5
    depth_of_discharge: 0.5
  VRBF:
    cost: 215.758
    lifetime: 17.512
    annual_cost: 12.32058017359525
    efficiency: 0.709576
    discharge_ratio: 0.5
    depth_of_discharge: 1.0
