cost_values:
  wind_capex: 5000.0
  wind_opex: 100
  wind_lifetime: 20
  solar_capex: 1000.0
  solar_opex: 10
  solar_lifetime: 20
  carbon_price: 1.0
timeseries_values:
  load_level: 249709.68589743454
  wind_year: 2012
  solar_year: 2019
  price_year: 2023
  carbon_year: 2023
storage_values:
  CAES:
    cost: 54.9025
    lifetime: 26.6374
    annual_cost: 2.0611058136304594
    efficiency: 0.606852
    discharge_ratio: 0.1
    depth_of_discharge: 0.4
  Li-ion:
    cost: 230.114
    lifetime: 23.1511
    annual_cost: 9.939657294901755
    efficiency: 0.906672
    discharge_ratio: 2
    depth_of_discharge: 0.9
  Pb-acid:
    cost: 201.445
    lifetime: 8.20595
    annual_cost: 24.548650674205913
    efficiency: 0.697649
    discharge_ratio: 5
    depth_of_discharge: 0.5
  VRBF:
    cost: 178.562
    lifetime: 17.7651
    annual_cost: 10.051280319277685
    efficiency: 0.713871
    discharge_ratio: 0.5
    depth_of_discharge: 1.0
