cost_values:
  wind_capex: 5000.0
  wind_opex: 100
  wind_lifetime: 20
  solar_capex: 1000.0
  solar_opex: 10
  solar_lifetime: 20
  carbon_price: 1.0
timeseries_values:
  load_level: 249709.68589743454
  wind_year: 2012
  solar_year: 2019
  price_year: 2023
  carbon_year: 2023
storage_values:
  CAES:
    cost: 54.6019
    lifetime: 27.0345
    annual_cost: 2.0197118496735653
    efficiency: 0.600838
    discharge_ratio: 0.1
    depth_of_discharge: 0.4
  Li-ion:
    cost: 229.064
    lifetime: 21.3382
    annual_cost: 10.734926094984582
    efficiency: 0.909876
    discharge_ratio: 2
    depth_of_discharge: 0.9
  Pb-acid:
    cost: 203.401
    lifetime: 10.25
    annual_cost: 19.844
    efficiency: 0.683086
    discharge_ratio: 5
    depth_of_discharge: 0.5
  VRBF:
    cost: 177.375
    lifetime: 19.9296
    annual_cost: 8.900078275529864
    efficiency: 0.725139
    discharge_ratio: 0.5
    depth_of_discharge: 1.0
