cost_values:
  wind_capex: 5000.0
  wind_opex: 100
  wind_lifetime: 20
  solar_capex: 1000.0
  solar_opex: 10
  solar_lifetime: 20
  carbon_price: 1.0
timeseries_values:
  load_level: 249709.68589743454
  wind_year: 2012
  solar_year: 2019
  price_year: 2023
  carbon_year: 2023
storage_values:
  CAES:
    cost: 52.1348
    lifetime: 26.7045
    annual_cost: 1.9522851953790559
    efficiency: 0.611774
    discharge_ratio: 0.1
    depth_of_discharge: 0.4
  Li-ion:
    cost: 214.586
    lifetime: 21.9935
    annual_cost: 9.756791779389365
    efficiency: 0.918065
    discharge_ratio: 2
    depth_of_discharge: 0.9
  Pb-acid:
    cost: 175.681
    lifetime: 9.70521
    annual_cost: 18.1017206222225
    efficiency: 0.687721
    discharge_ratio: 5
    depth_of_discharge: 0.5
  VRBF:
    cost: 189.596
    lifetime: 17.0306
    annual_cost: 11.132667081606051
    efficiency: 0.702234
    discharge_ratio: 0.5
    depth_of_discharge: 1.0
