cost_values:
  wind_capex: 5000.0
  wind_opex: 100
  wind_lifetime: 20
  solar_capex: 1000.0
  solar_opex: 10
  solar_lifetime: 20
  carbon_price: 1.0
timeseries_values:
  load_level: 249709.68589743454
  wind_year: 2012
  solar_year: 2019
  price_year: 2023
  carbon_year: 2023
storage_values:
  CAES:
    cost: 58.1358
    lifetime: 27.1646
    annual_cost: 2.1401309056639892
    efficiency: 0.616432
    discharge_ratio: 0.1
    depth_of_discharge: 0.4
  Li-ion:
    cost: 243.401
    lifetime: 23.8218
    annual_cost: 10.217573818938956
    efficiency: 0.920355
    discharge_ratio: 2
    depth_of_discharge: 0.9
  Pb-acid:
    cost: 186.96
    lifetime: 11.6837
    annual_cost: 16.001780257966228
    efficiency: 0.702879
    discharge_ratio: 5
    depth_of_discharge: 0.5
  VRBF:
    cost: 199.694
    lifetime: 18.5204
    annual_cost: 10.78238051014017
    efficiency: 0.728763
    discharge_ratio: 0.5
    depth_of_discharge: 1.0
