cost_values:
  wind_capex: 5000.0
  wind_opex: 100
  wind_lifetime: 20
  solar_capex: 1000.0
  solar_opex: 10
  solar_lifetime: 20
  carbon_price: 1.0
timeseries_values:
  load_level: 249709.68589743454
  wind_year: 2012
  solar_year: 2019
  price_year: 2023
  carbon_year: 2023
storage_values:
  CAES:
    cost: 55.7094
    lifetime: 26.4972
    annual_cost: 2.1024636565372945
    efficiency: 0.623336
    discharge_ratio: 0.1
    depth_of_discharge: 0.4
  Li-ion:
    cost: 239.235
    lifetime: 24.5895
    annual_cost: 9.729152687122552
    efficiency: 0.908749
    discharge_ratio: 2
    depth_of_discharge: 0.9
  Pb-acid:
    cost: 192.216
    lifetime: 11.4708
    annual_cost: 16.756982948007114
    efficiency: 0.670289
    discharge_ratio: 5
    depth_of_discharge: 0.5
  VRBF:
    cost: 200.924
    lifetime: 18.1666
    annual_cost: 11.060077284687285
    efficiency: 0.7104
    discharge_ratio: 0.5
    depth_of_discharge: 1.0
