cost_values:
  wind_capex: 5000.0
  wind_opex: 100
  wind_lifetime: 20
  solar_capex: 1000.0
  solar_opex: 10
  solar_lifetime: 20
  carbon_price: 1.0
timeseries_values:
  load_level: 249709.68589743454
  wind_year: 2012
  solar_year: 2019
  price_year: 2023
  carbon_year: 2023
storage_values:
  CAES:
    cost: 51.4875
    lifetime: 26.7426
    annual_cost: 1.9252989612079603
    efficiency: 0.614525
    discharge_ratio: 0.1
    depth_of_discharge: 0.4
  Li-ion:
    cost: 228.67
    lifetime: 23.9533
    annual_cost: 9.546492550087045
    efficiency: 0.922942
    discharge_ratio: 2
    depth_of_discharge: 0.9
  Pb-acid:
    cost: 206.286
    lifetime: 10.8644
    annual_cost: 18.987334781488162
    efficiency: 0.6992
    discharge_ratio: 5
    depth_of_discharge: 0.5
  VRBF:
    cost: 221.347
    lifetime: 19.5472
    annual_cost: 11.323718998117378
    efficiency: 0.722801
    discharge_ratio: 0.5
    depth_of_discharge: 1.0
