cost_values:
  wind_capex: 5000.0
  wind_opex: 100
  wind_lifetime: 20
  solar_capex: 1000.0
  solar_opex: 10
  solar_lifetime: 20
  carbon_price: 1.0
timeseries_values:
  load_level: 249709.68589743454
  wind_year: 2012
  solar_year: 2019
  price_year: 2023
  carbon_year: 2023
storage_values:
  CAES:
    cost: 47.5209
    lifetime: 27.4109
    annual_cost: 1.7336497524707322
    efficiency: 0.611035
    discharge_ratio: 0.1
    depth_of_discharge: 0.4
  Li-ion:
    cost: 258.192
    lifetime: 23.988
    annual_cost: 10.763381690845423
    efficiency: 0.917073
    discharge_ratio: 2
    depth_of_discharge: 0.9
  Pb-acid:
    cost: 196.125
    lifetime: 11.0655
    annual_cost: 17.72400704893588
    efficiency: 0.678752
    discharge_ratio: 5
    depth_of_discharge: 0.5
  VRBF:
    cost: 183.912
    lifetime: 20.2247
    annual_cost: 9.093435254911075
    efficiency: 0.69397
    discharge_ratio: 0.5
    depth_of_discharge: 1.0
