cost_values:
  wind_capex: 5000.0
  wind_opex: 100
  wind_lifetime: 20
  solar_capex: 1000.0
  solar_opex: 10
  solar_lifetime: 20
  carbon_price: 1.0
timeseries_values:
  load_level: 249709.68589743454
  wind_year: 2012
  solar_year: 2019
  price_year: 2023
  carbon_year: 2023
storage_values:
  CAES:
    cost: 50.1919
    lifetime: 27.0773
    annual_cost: 1.8536523213171179
    efficiency: 0.612244
    discharge_ratio: 0.1
    depth_of_discharge: 0.4
  Li-ion:
    cost: 230.258
    lifetime: 24.3203
    annual_cost: 9.467728605321481
    efficiency: 0.924703
    discharge_ratio: 2
    depth_of_discharge: 0.9
  Pb-acid:
    cost: 203.396
    lifetime: 10.5576
    annual_cost: 19.265363340153062
    efficiency: 0.691781
    discharge_ratio: 5
    depth_of_discharge: 0.5
  VRBF:
    cost: 165.224
    lifetime: 18.1556
    annual_cost: 9.100442838573223
    efficiency: 0.738406
    discharge_ratio: 0.5
    depth_of_discharge: 1.0
