cost_values:
  wind_capex: 5000.0
  wind_opex: 100
  wind_lifetime: 20
  solar_capex: 1000.0
  solar_opex: 10
  solar_lifetime: 20
  carbon_price: 1.0
timeseries_values:
  load_level: 249709.68589743454
  wind_year: 2012
  solar_year: 2019
  price_year: 2023
  carbon_year: 2023
storage_values:
  CAES:
    cost: 57.1848
    lifetime: 27.1151
    annual_cost: 2.108965115378516
    efficiency: 0.603247
    discharge_ratio: 0.1
    depth_of_discharge: 0.4
  Li-ion:
    cost: 218.956
    lifetime: 23.4053
    annual_cost: 9.35497515519989
    efficiency: 0.920113
    discharge_ratio: 2
    depth_of_discharge: 0.9
  Pb-acid:
    cost: 192.676
    lifetime: 9.7171
    annual_cost: 19.82854967016908
    efficiency: 0.689859
    discharge_ratio: 5
    depth_of_discharge: 0.5
  VRBF:
    cost: 208.269
    lifetime: 18.5586
    annual_cost: 11.222236591122176
    efficiency: 0.737791
    discharge_ratio: 0.5
    depth_of_discharge: 1.0
