cost_values:
  wind_capex: 5000.0
  wind_opex: 100
  wind_lifetime: 20
  solar_capex: 1000.0
  solar_opex: 10
  solar_lifetime: 20
  carbon_price: 1.0
timeseries_values:
  load_level: 249709.68589743454
  wind_year: 2012
  solar_year: 2019
  price_year: 2023
  carbon_year: 2023
storage_values:
  CAES:
    cost: 57.7349
    lifetime: 26.8799
    annual_cost: 2.147883734686513
    efficiency: 0.611961
    discharge_ratio: 0.1
    depth_of_discharge: 0.4
  Li-ion:
    cost: 237.714
    lifetime: 23.7665
    annual_cost: 10.002061725538047
    efficiency: 0.912659
    discharge_ratio: 2
    depth_of_discharge: 0.9
  Pb-acid:
    cost: 178.678
    lifetime: 9.77254
    annual_cost: 18.28368059890264
    efficiency: 0.68936
    discharge_ratio: 5
    depth_of_discharge: 0.5
  VRBF:
    cost: 192.631
    lifetime: 15.7586
    annual_cost: 12.223865064155445
    efficiency: 0.717111
    discharge_ratio: 0.5
    depth_of_discharge: 1.0
