cost_values:
  wind_capex: 5000.0
  wind_opex: 100
  wind_lifetime: 20
  solar_capex: 1000.0
  solar_opex: 10
  solar_lifetime: 20
  carbon_price: 1.0
timeseries_values:
  load_level: 249709.68589743454
  wind_year: 2012
  solar_year: 2019
  price_year: 2023
  carbon_year: 2023
storage_values:
  CAES:
    cost: 52.4253
    lifetime: 25.8947
    annual_cost: 2.024557148760171
    efficiency: 0.612902
    discharge_ratio: 0.1
    depth_of_discharge: 0.4
  Li-ion:
    cost: 225.119
    lifetime: 22.9432
    annual_cost: 9.812014017225147
    efficiency: 0.924039
    discharge_ratio: 2
    depth_of_discharge: 0.9
  Pb-acid:
    cost: 212.982
    lifetime: 9.75181
    annual_cost: 21.840253245294974
    efficiency: 0.685784
    discharge_ratio: 5
    depth_of_discharge: 0.5
  VRBF:
    cost: 192.722
    lifetime: 18.6275
    annual_cost: 10.34610119447054
    efficiency: 0.721252
    discharge_ratio: 0.5
    depth_of_discharge: 1.0
