cost_values:
  wind_capex: 5000.0
  wind_opex: 100
  wind_lifetime: 20
  solar_capex: 1000.0
  solar_opex: 10
  solar_lifetime: 20
  carbon_price: 1.0
timeseries_values:
  load_level: 249709.68589743454
  wind_year: 2012
  solar_year: 2019
  price_year: 2023
  carbon_year: 2023
storage_values:
  CAES:
    cost: 49.1314
    lifetime: 25.3171
    annual_cost: 1.940640910688823
    efficiency: 0.608924
    discharge_ratio: 0.1
    depth_of_discharge: 0.4
  Li-ion:
    cost: 218.874
    lifetime: 23.4349
    annual_cost: 9.339660079624833
    efficiency: 0.9129
    discharge_ratio: 2
    depth_of_discharge: 0.9
  Pb-acid:
    cost: 206.638
    lifetime: 10.5667
    annual_cost: 19.55558499815458
    efficiency: 0.690404
    discharge_ratio: 5
    depth_of_discharge: 0.5
  VRBF:
    cost: 211.21
    lifetime: 18.5673
    annual_cost: 11.375374987208696
    efficiency: 0.717883
    discharge_ratio: 0.5
    depth_of_discharge: 1.0
