cost_values:
  wind_capex: 5000.0
  wind_opex: 100
  wind_lifetime: 20
  solar_capex: 1000.0
  solar_opex: 10
  solar_lifetime: 20
  carbon_price: 1.0
timeseries_values:
  load_level: 249709.68589743454
  wind_year: 2012
  solar_year: 2019
  price_year: 2023
  carbon_year: 2023
storage_values:
  CAES:
    cost: 60.8177
    lifetime: 27.2164
    annual_cost: 2.234597522082274
    efficiency: 0.621885
    discharge_ratio: 0.1
    depth_of_discharge: 0.4
  Li-ion:
    cost: 243.55
    lifetime: 22.6006
    annual_cost: 10.776262577099724
    efficiency: 0.903915
    discharge_ratio: 2
    depth_of_discharge: 0.9
  Pb-acid:
    cost: 212.86
    lifetime: 9.31585
    annual_cost: 22.849230075623804
    efficiency: 0.692314
    discharge_ratio: 5
    depth_of_discharge: 0.5
  VRBF:
    cost: 243.037
    lifetime: 17.7959
    annual_cost: 13.656909737636198
    efficiency: 0.725937
    discharge_ratio: 0.5
    depth_of_discharge: 1.0
