cost_values:
  wind_capex: 5000.0
  wind_opex: 100
  wind_lifetime: 20
  solar_capex: 1000.0
  solar_opex: 10
  solar_lifetime: 20
  carbon_price: 1.0
timeseries_values:
  load_level: 249709.68589743454
  wind_year: 2012
  solar_year: 2019
  price_year: 2023
  carbon_year: 2023
storage_values:
  CAES:
    cost: 51.7681
    lifetime: 28.4491
    annual_cost: 1.819674436098154
    efficiency: 0.614358
    discharge_ratio: 0.1
    depth_of_discharge: 0.4
  Li-ion:
    cost: 214.326
    lifetime: 25.4957
    annual_cost: 8.406358719313452
    efficiency: 0.903886
    discharge_ratio: 2
    depth_of_discharge: 0.9
  Pb-acid:
    cost: 208.549
    lifetime: 10.5686
    annual_cost: 19.732887988948395
    efficiency: 0.69617
    discharge_ratio: 5
    depth_of_discharge: 0.5
  VRBF:
    cost: 204.089
    lifetime: 18.4756
    annual_cost: 11.046407153218299
    efficiency: 0.713072
    discharge_ratio: 0.5
    depth_of_discharge: 1.0
