cost_values:
  wind_capex: 5000.0
  wind_opex: 100
  wind_lifetime: 20
  solar_capex: 1000.0
  solar_opex: 10
  solar_lifetime: 20
  carbon_price: 1.0
timeseries_values:
  load_level: 249709.68589743454
  wind_year: 2012
  solar_year: 2019
  price_year: 2023
  carbon_year: 2023
storage_values:
  CAES:
    cost: 52.9842
    lifetime: 26.5397
    annual_cost: 1.9964129210202075
    efficiency: 0.616314
    discharge_ratio: 0.1
    depth_of_discharge: 0.4
  Li-ion:
    cost: 222.619
    lifetime: 22.446
    annual_cost: 9.917980932014613
    efficiency: 0.919076
    discharge_ratio: 2
    depth_of_discharge: 0.9
  Pb-acid:
    cost: 210.232
    lifetime: 10.0322
    annual_cost: 20.95572257331393
    efficiency: 0.66977
    discharge_ratio: 5
    depth_of_discharge: 0.5
  VRBF:
    cost: 191.761
    lifetime: 19.9933
    annual_cost: 9.591263073129497
    efficiency: 0.704469
    discharge_ratio: 0.5
    depth_of_discharge: 1.0
