cost_values:
  wind_capex: 5000.0
  wind_opex: 100
  wind_lifetime: 20
  solar_capex: 1000.0
  solar_opex: 10
  solar_lifetime: 20
  carbon_price: 1.0
timeseries_values:
  load_level: 249709.68589743454
  wind_year: 2012
  solar_year: 2019
  price_year: 2023
  carbon_year: 2023
storage_values:
  CAES:
    cost: 62.9186
    lifetime: 26.7995
    annual_cost: 2.3477527565812797
    efficiency: 0.623988
    discharge_ratio: 0.1
    depth_of_discharge: 0.4
  Li-ion:
    cost: 213.695
    lifetime: 24.0906
    annual_cost: 8.870472300399326
    efficiency: 0.914417
    discharge_ratio: 2
    depth_of_discharge: 0.9
  Pb-acid:
    cost: 185.76
    lifetime: 10.957
    annual_cost: 16.95354567856165
    efficiency: 0.68464
    discharge_ratio: 5
    depth_of_discharge: 0.5
  VRBF:
    cost: 204.25
    lifetime: 17.3896
    annual_cost: 11.745526061554031
    efficiency: 0.7141
    discharge_ratio: 0.5
    depth_of_discharge: 1.0
