cost_values:
  wind_capex: 5000.0
  wind_opex: 100
  wind_lifetime: 20
  solar_capex: 1000.0
  solar_opex: 10
  solar_lifetime: 20
  carbon_price: 1.0
timeseries_values:
  load_level: 249709.68589743454
  wind_year: 2012
  solar_year: 2019
  price_year: 2023
  carbon_year: 2023
storage_values:
  CAES:
    cost: 51.4995
    lifetime: 27.8122
    annual_cost: 1.8516873889875665
    efficiency: 0.616209
    discharge_ratio: 0.1
    depth_of_discharge: 0.4
  Li-ion:
    cost: 241.85
    lifetime: 20.857
    annual_cost: 11.595627367310735
    efficiency: 0.923918
    discharge_ratio: 2
    depth_of_discharge: 0.9
  Pb-acid:
    cost: 204.014
    lifetime: 9.43489
    annual_cost: 21.62335755901765
    efficiency: 0.676698
    discharge_ratio: 5
    depth_of_discharge: 0.5
  VRBF:
    cost: 197.345
    lifetime: 18.1096
    annual_cost: 10.897258912400053
    efficiency: 0.713437
    discharge_ratio: 0.5
    depth_of_discharge: 1.0
