cost_values:
  wind_capex: 5000.0
  wind_opex: 100
  wind_lifetime: 20
  solar_capex: 1000.0
  solar_opex: 10
  solar_lifetime: 20
  carbon_price: 1.0
timeseries_values:
  load_level: 249709.68589743454
  wind_year: 2012
  solar_year: 2019
  price_year: 2023
  carbon_year: 2023
storage_values:
  CAES:
    cost: 52.3002
    lifetime: 26.6945
    annual_cost: 1.959212571878102
    efficiency: 0.619911
    discharge_ratio: 0.1
    depth_of_discharge: 0.4
  Li-ion:
    cost: 249.687
    lifetime: 22.5875
    annual_cost: 11.054211400110681
    efficiency: 0.930829
    discharge_ratio: 2
    depth_of_discharge: 0.9
  Pb-acid:
    cost: 175.991
    lifetime: 11.6612
    annual_cost: 15.092014543957742
    efficiency: 0.686336
    discharge_ratio: 5
    depth_of_discharge: 0.5
  VRBF:
    cost: 204.426
    lifetime: 16.147
    annual_cost: 12.660308416424105
    efficiency: 0.722714
    discharge_ratio: 0.5
    depth_of_discharge: 1.0
