cost_values:
  wind_capex: 5000.0
  wind_opex: 100
  wind_lifetime: 20
  solar_capex: 1000.0
  solar_opex: 10
  solar_lifetime: 20
  carbon_price: 1.0
timeseries_values:
  load_level: 249709.68589743454
  wind_year: 2012
  solar_year: 2019
  price_year: 2023
  carbon_year: 2023
storage_values:
  CAES:
    cost: 54.4285
    lifetime: 27.3627
    annual_cost: 1.9891494625895836
    efficiency: 0.614845
    discharge_ratio: 0.1
    depth_of_discharge: 0.4
  Li-ion:
    cost: 241.003
    lifetime: 23.8331
    annual_cost: 10.112112985721538
    efficiency: 0.895125
    discharge_ratio: 2
    depth_of_discharge: 0.9
  Pb-acid:
    cost: 186.74
    lifetime: 9.23619
    annual_cost: 20.218293473824165
    efficiency: 0.684635
    discharge_ratio: 5
    depth_of_discharge: 0.5
  VRBF:
    cost: 207.937
    lifetime: 20.7928
    annual_cost: 10.000432842137664
    efficiency: 0.701521
    discharge_ratio: 0.5
    depth_of_discharge: 1.0
