cost_values:
  wind_capex: 5000.0
  wind_opex: 100
  wind_lifetime: 20
  solar_capex: 1000.0
  solar_opex: 10
  solar_lifetime: 20
  carbon_price: 1.0
timeseries_values:
  load_level: 249709.68589743454
  wind_year: 2012
  solar_year: 2019
  price_year: 2023
  carbon_year: 2023
storage_values:
  CAES:
    cost: 55.3185
    lifetime: 27.1474
    annual_cost: 2.0377089518701608
    efficiency: 0.612502
    discharge_ratio: 0.1
    depth_of_discharge: 0.4
  Li-ion:
    cost: 245.413
    lifetime: 23.7505
    annual_cost: 10.33296141133871
    efficiency: 0.899535
    discharge_ratio: 2
    depth_of_discharge: 0.9
  Pb-acid:
    cost: 189.7
    lifetime: 9.02664
    annual_cost: 21.015571685588434
    efficiency: 0.687974
    discharge_ratio: 5
    depth_of_discharge: 0.5
  VRBF:
    cost: 211.131
    lifetime: 16.927
    annual_cost: 12.473031251846164
    efficiency: 0.725676
    discharge_ratio: 0.5
    depth_of_discharge: 1.0
