cost_values:
  wind_capex: 5000.0
  wind_opex: 100
  wind_lifetime: 20
  solar_capex: 1000.0
  solar_opex: 10
  solar_lifetime: 20
  carbon_price: 1.0
timeseries_values:
  load_level: 249709.68589743454
  wind_year: 2012
  solar_year: 2019
  price_year: 2023
  carbon_year: 2023
storage_values:
  CAES:
    cost: 53.8025
    lifetime: 27.0852
    annual_cost: 1.986416936186552
    efficiency: 0.612179
    discharge_ratio: 0.1
    depth_of_discharge: 0.4
  Li-ion:
    cost: 238.156
    lifetime: 24.6856
    annual_cost: 9.647567812813948
    efficiency: 0.91415
    discharge_ratio: 2
    depth_of_discharge: 0.9
  Pb-acid:
    cost: 211.131
    lifetime: 11.673
    annual_cost: 18.087124132613724
    efficiency: 0.687163
    discharge_ratio: 5
    depth_of_discharge: 0.5
  VRBF:
    cost: 176.878
    lifetime: 18.0148
    annual_cost: 9.818482580988963
    efficiency: 0.713513
    discharge_ratio: 0.5
    depth_of_discharge: 1.0
