cost_values:
  wind_capex: 5000.0
  wind_opex: 100
  wind_lifetime: 20
  solar_capex: 1000.0
  solar_opex: 10
  solar_lifetime: 20
  carbon_price: 1.0
timeseries_values:
  load_level: 249709.68589743454
  wind_year: 2012
  solar_year: 2019
  price_year: 2023
  carbon_year: 2023
storage_values:
  CAES:
    cost: 56.8103
    lifetime: 26.9609
    annual_cost: 2.107136631195546
    efficiency: 0.623161
    discharge_ratio: 0.1
    depth_of_discharge: 0.4
  Li-ion:
    cost: 253.762
    lifetime: 23.9664
    annual_cost: 10.588240202950798
    efficiency: 0.925281
    discharge_ratio: 2
    depth_of_discharge: 0.9
  Pb-acid:
    cost: 193.338
    lifetime: 9.61713
    annual_cost: 20.103502812169534
    efficiency: 0.660986
    discharge_ratio: 5
    depth_of_discharge: 0.5
  VRBF:
    cost: 163.69
    lifetime: 20.1489
    annual_cost: 8.12401669570051
    efficiency: 0.700272
    discharge_ratio: 0.5
    depth_of_discharge: 1.0
