cost_values:
  wind_capex: 5000.0
  wind_opex: 100
  wind_lifetime: 20
  solar_capex: 1000.0
  solar_opex: 10
  solar_lifetime: 20
  carbon_price: 1.0
timeseries_values:
  load_level: 249709.68589743454
  wind_year: 2012
  solar_year: 2019
  price_year: 2023
  carbon_year: 2023
storage_values:
  CAES:
    cost: 61.4565
    lifetime: 28.2868
    annual_cost: 2.172621151915381
    efficiency: 0.616456
    discharge_ratio: 0.1
    depth_of_discharge: 0.4
  Li-ion:
    cost: 244.581
    lifetime: 22.6382
    annual_cost: 10.80390667102508
    efficiency: 0.936187
    discharge_ratio: 2
    depth_of_discharge: 0.9
  Pb-acid:
    cost: 217.029
    lifetime: 10.6696
    annual_cost: 20.34087500937242
    efficiency: 0.673566
    discharge_ratio: 5
    depth_of_discharge: 0.5
  VRBF:
    cost: 167.785
    lifetime: 16.5649
    annual_cost: 10.128947352534574
    efficiency: 0.726883
    discharge_ratio: 0.5
    depth_of_discharge: 1.0
