cost_values:
  wind_capex: 5000.0
  wind_opex: 100
  wind_lifetime: 20
  solar_capex: 1000.0
  solar_opex: 10
  solar_lifetime: 20
  carbon_price: 1.0
timeseries_values:
  load_level: 249709.68589743454
  wind_year: 2012
  solar_year: 2019
  price_year: 2023
  carbon_year: 2023
storage_values:
  CAES:
    cost: 56.5972
    lifetime: 27.1059
    annual_cost: 2.0880029809008374
    efficiency: 0.620717
    discharge_ratio: 0.1
    depth_of_discharge: 0.4
  Li-ion:
    cost: 233.271
    lifetime: 22.9187
    annual_cost: 10.178195098325821
    efficiency: 0.917174
    discharge_ratio: 2
    depth_of_discharge: 0.9
  Pb-acid:
    cost: 202.542
    lifetime: 9.43555
    annual_cost: 21.46583929924594
    efficiency: 0.666005
    discharge_ratio: 5
    depth_of_discharge: 0.5
  VRBF:
    cost: 174.648
    lifetime: 19.1891
    annual_cost: 9.101416950247797
    efficiency: 0.710856
    discharge_ratio: 0.5
    depth_of_discharge: 1.0
