cost_values:
  wind_capex: 5000.0
  wind_opex: 100
  wind_lifetime: 20
  solar_capex: 1000.0
  solar_opex: 10
  solar_lifetime: 20
  carbon_price: 1.0
timeseries_values:
  load_level: 249709.68589743454
  wind_year: 2012
  solar_year: 2019
  price_year: 2023
  carbon_year: 2023
storage_values:
  CAES:
    cost: 56.0595
    lifetime: 26.3588
    annual_cost: 2.126784982624399
    efficiency: 0.607081
    discharge_ratio: 0.1
    depth_of_discharge: 0.4
  Li-ion:
    cost: 243.837
    lifetime: 23.3183
    annual_cost: 10.45689437051586
    efficiency: 0.904186
    discharge_ratio: 2
    depth_of_discharge: 0.9
  Pb-acid:
    cost: 208.342
    lifetime: 11.4075
    annual_cost: 18.263598509752356
    efficiency: 0.658611
    discharge_ratio: 5
    depth_of_discharge: 0.5
  VRBF:
    cost: 186.427
    lifetime: 18.2895
    annual_cost: 10.193116268897453
    efficiency: 0.708051
    discharge_ratio: 0.5
    depth_of_discharge: 1.0
