cost_values:
  wind_capex: 5000.0
  wind_opex: 100
  wind_lifetime: 20
  solar_capex: 1000.0
  solar_opex: 10
  solar_lifetime: 20
  carbon_price: 1.0
timeseries_values:
  load_level: 249709.68589743454
  wind_year: 2012
  solar_year: 2019
  price_year: 2023
  carbon_year: 2023
storage_values:
  CAES:
    cost: 52.2529
    lifetime: 27.0388
    annual_cost: 1.9325154962498337
    efficiency: 0.616651
    discharge_ratio: 0.1
    depth_of_discharge: 0.4
  Li-ion:
    cost: 245.58
    lifetime: 25.1102
    annual_cost: 9.780089366074344
    efficiency: 0.914311
    discharge_ratio: 2
    depth_of_discharge: 0.9
  Pb-acid:
    cost: 203.514
    lifetime: 10.3906
    annual_cost: 19.586356899505326
    efficiency: 0.690253
    discharge_ratio: 5
    depth_of_discharge: 0.5
  VRBF:
    cost: 204.863
    lifetime: 17.6578
    annual_cost: 11.601841679031361
    efficiency: 0.716628
    discharge_ratio: 0.5
    depth_of_discharge: 1.0
