cost_values:
  wind_capex: 5000.0
  wind_opex: 100
  wind_lifetime: 20
  solar_capex: 1000.0
  solar_opex: 10
  solar_lifetime: 20
  carbon_price: 1.0
timeseries_values:
  load_level: 249709.68589743454
  wind_year: 2012
  solar_year: 2019
  price_year: 2023
  carbon_year: 2023
storage_values:
  CAES:
    cost: 58.3633
    lifetime: 27.839
    annual_cost: 2.0964582061137254
    efficiency: 0.61454
    discharge_ratio: 0.1
    depth_of_discharge: 0.4
  Li-ion:
    cost: 230.653
    lifetime: 22.9358
    annual_cost: 10.056461950313484
    efficiency: 0.914069
    discharge_ratio: 2
    depth_of_discharge: 0.9
  Pb-acid:
    cost: 205.702
    lifetime: 8.7855
    annual_cost: 23.413806840817255
    efficiency: 0.680419
    discharge_ratio: 5
    depth_of_discharge: 0.5
  VRBF:
    cost: 182.938
    lifetime: 18.134
    annual_cost: 10.088121760229402
    efficiency: 0.730943
    discharge_ratio: 0.5
    depth_of_discharge: 1.0
