cost_values:
  wind_capex: 5000.0
  wind_opex: 100
  wind_lifetime: 20
  solar_capex: 1000.0
  solar_opex: 10
  solar_lifetime: 20
  carbon_price: 1.0
timeseries_values:
  load_level: 249709.68589743454
  wind_year: 2012
  solar_year: 2019
  price_year: 2023
  carbon_year: 2023
storage_values:
  CAES:
    cost: 48.9644
    lifetime: 26.2342
    annual_cost: 1.866433891637633
    efficiency: 0.608389
    discharge_ratio: 0.1
    depth_of_discharge: 0.4
  Li-ion:
    cost: 249.621
    lifetime: 23.1915
    annual_cost: 10.763469374555333
    efficiency: 0.921027
    discharge_ratio: 2
    depth_of_discharge: 0.9
  Pb-acid:
    cost: 180.325
    lifetime: 9.98578
    annual_cost: 18.058178730154278
    efficiency: 0.677372
    discharge_ratio: 5
    depth_of_discharge: 0.5
  VRBF:
    cost: 208.597
    lifetime: 18.5727
    annual_cost: 11.231377236481503
    efficiency: 0.719613
    discharge_ratio: 0.5
    depth_of_discharge: 1.0
