cost_values:
  wind_capex: 5000.0
  wind_opex: 100
  wind_lifetime: 20
  solar_capex: 1000.0
  solar_opex: 10
  solar_lifetime: 20
  carbon_price: 1.0
timeseries_values:
  load_level: 249709.68589743454
  wind_year: 2012
  solar_year: 2019
  price_year: 2023
  carbon_year: 2023
storage_values:
  CAES:
    cost: 48.9514
    lifetime: 27.4439
    annual_cost: 1.7836896359482435
    efficiency: 0.605379
    discharge_ratio: 0.1
    depth_of_discharge: 0.4
  Li-ion:
    cost: 218.7
    lifetime: 21.5413
    annual_cost: 10.152590605023837
    efficiency: 0.916511
    discharge_ratio: 2
    depth_of_discharge: 0.9
  Pb-acid:
    cost: 220.973
    lifetime: 10.4098
    annual_cost: 21.22740110280697
    efficiency: 0.68195
    discharge_ratio: 5
    depth_of_discharge: 0.5
  VRBF:
    cost: 193.058
    lifetime: 17.8962
    annual_cost: 10.787653244822923
    efficiency: 0.708426
    discharge_ratio: 0.5
    depth_of_discharge: 1.0
