cost_values:
  wind_capex: 5000.0
  wind_opex: 100
  wind_lifetime: 20
  solar_capex: 1000.0
  solar_opex: 10
  solar_lifetime: 20
  carbon_price: 1.0
timeseries_values:
  load_level: 249709.68589743454
  wind_year: 2012
  solar_year: 2019
  price_year: 2023
  carbon_year: 2023
storage_values:
  CAES:
    cost: 49.1844
    lifetime: 27.5005
    annual_cost: 1.7884911183433028
    efficiency: 0.612952
    discharge_ratio: 0.1
    depth_of_discharge: 0.4
  Li-ion:
    cost: 224.124
    lifetime: 25.028
    annual_cost: 8.954930477864792
    efficiency: 0.912053
    discharge_ratio: 2
    depth_of_discharge: 0.9
  Pb-acid:
    cost: 205.968
    lifetime: 10.0581
    annual_cost: 20.47782384346944
    efficiency: 0.678671
    discharge_ratio: 5
    depth_of_discharge: 0.5
  VRBF:
    cost: 220.459
    lifetime: 19.8914
    annual_cost: 11.083131403521119
    efficiency: 0.711627
    discharge_ratio: 0.5
    depth_of_discharge: 1.0
