cost_values:
  wind_capex: 5000.0
  wind_opex: 100
  wind_lifetime: 20
  solar_capex: 1000.0
  solar_opex: 10
  solar_lifetime: 20
  carbon_price: 1.0
timeseries_values:
  load_level: 249709.68589743454
  wind_year: 2012
  solar_year: 2019
  price_year: 2023
  carbon_year: 2023
storage_values:
  CAES:
    cost: 44.4672
    lifetime: 27.3582
    annual_cost: 1.625370090137509
    efficiency: 0.612256
    discharge_ratio: 0.1
    depth_of_discharge: 0.4
  Li-ion:
    cost: 247.476
    lifetime: 22.6383
    annual_cost: 10.931739574084625
    efficiency: 0.909628
    discharge_ratio: 2
    depth_of_discharge: 0.9
  Pb-acid:
    cost: 208.845
    lifetime: 10.0596
    annual_cost: 20.760765835619708
    efficiency: 0.675948
    discharge_ratio: 5
    depth_of_discharge: 0.5
  VRBF:
    cost: 168.62
    lifetime: 18.7347
    annual_cost: 9.000411002044334
    efficiency: 0.727148
    discharge_ratio: 0.5
    depth_of_discharge: 1.0
