cost_values:
  wind_capex: 5000.0
  wind_opex: 100
  wind_lifetime: 20
  solar_capex: 1000.0
  solar_opex: 10
  solar_lifetime: 20
  carbon_price: 1.0
timeseries_values:
  load_level: 249709.68589743454
  wind_year: 2012
  solar_year: 2019
  price_year: 2023
  carbon_year: 2023
storage_values:
  CAES:
    cost: 62.7651
    lifetime: 27.214
    annual_cost: 2.3063533475417066
    efficiency: 0.620906
    discharge_ratio: 0.1
    depth_of_discharge: 0.4
  Li-ion:
    cost: 239.656
    lifetime: 23.3481
    annual_cost: 10.264475481944999
    efficiency: 0.900814
    discharge_ratio: 2
    depth_of_discharge: 0.9
  Pb-acid:
    cost: 223.357
    lifetime: 10.2181
    annual_cost: 21.858956166019123
    efficiency: 0.686832
    discharge_ratio: 5
    depth_of_discharge: 0.5
  VRBF:
    cost: 204.742
    lifetime: 20.2872
    annual_cost: 10.092176347647777
    efficiency: 0.715285
    discharge_ratio: 0.5
    depth_of_discharge: 1.0
