cost_values:
  wind_capex: 5000.0
  wind_opex: 100
  wind_lifetime: 20
  solar_capex: 1000.0
  solar_opex: 10
  solar_lifetime: 20
  carbon_price: 1.0
timeseries_values:
  load_level: 249709.68589743454
  wind_year: 2012
  solar_year: 2019
  price_year: 2023
  carbon_year: 2023
storage_values:
  CAES:
    cost: 55.2825
    lifetime: 27.1145
    annual_cost: 2.038853749838647
    efficiency: 0.611508
    discharge_ratio: 0.1
    depth_of_discharge: 0.4
  Li-ion:
    cost: 224.289
    lifetime: 21.5296
    annual_cost: 10.417703998216409
    efficiency: 0.920367
    discharge_ratio: 2
    depth_of_discharge: 0.9
  Pb-acid:
    cost: 191.843
    lifetime: 11.0396
    annual_cost: 17.377712960614513
    efficiency: 0.682102
    discharge_ratio: 5
    depth_of_discharge: 0.5
  VRBF:
    cost: 221.337
    lifetime: 17.9757
    annual_cost: 12.313122715666148
    efficiency: 0.722629
    discharge_ratio: 0.5
    depth_of_discharge: 1.0
