cost_values:
  wind_capex: 5000.0
  wind_opex: 100
  wind_lifetime: 20
  solar_capex: 1000.0
  solar_opex: 10
  solar_lifetime: 20
  carbon_price: 1.0
timeseries_values:
  load_level: 249709.68589743454
  wind_year: 2012
  solar_year: 2019
  price_year: 2023
  carbon_year: 2023
storage_values:
  CAES:
    cost: 50.7987
    lifetime: 27.349
    annual_cost: 1.8574244030860358
    efficiency: 0.60673
    discharge_ratio: 0.1
    depth_of_discharge: 0.4
  Li-ion:
    cost: 230.135
    lifetime: 25.7994
    annual_cost: 8.920168686093476
    efficiency: 0.906265
    discharge_ratio: 2
    depth_of_discharge: 0.9
  Pb-acid:
    cost: 198.873
    lifetime: 10.1333
    annual_cost: 19.625689558189336
    efficiency: 0.686445
    discharge_ratio: 5
    depth_of_discharge: 0.5
  VRBF:
    cost: 215.279
    lifetime: 18.6811
    annual_cost: 11.523893132631375
    efficiency: 0.713602
    discharge_ratio: 0.5
    depth_of_discharge: 1.0
