cost_values:
  wind_capex: 5000.0
  wind_opex: 100
  wind_lifetime: 20
  solar_capex: 1000.0
  solar_opex: 10
  solar_lifetime: 20
  carbon_price: 1.0
timeseries_values:
  load_level: 249709.68589743454
  wind_year: 2012
  solar_year: 2019
  price_year: 2023
  carbon_year: 2023
storage_values:
  CAES:
    cost: 51.5885
    lifetime: 26.9444
    annual_cost: 1.9146279004171554
    efficiency: 0.606581
    discharge_ratio: 0.1
    depth_of_discharge: 0.4
  Li-ion:
    cost: 223.228
    lifetime: 21.3288
    annual_cost: 10.466036532763212
    efficiency: 0.914212
    discharge_ratio: 2
    depth_of_discharge: 0.9
  Pb-acid:
    cost: 195.669
    lifetime: 9.97203
    annual_cost: 19.621782124602515
    efficiency: 0.680333
    discharge_ratio: 5
    depth_of_discharge: 0.5
  VRBF:
    cost: 162.302
    lifetime: 15.5671
    annual_cost: 10.425962446441533
    efficiency: 0.71631
    discharge_ratio: 0.5
    depth_of_discharge: 1.0
