cost_values:
  wind_capex: 5000.0
  wind_opex: 100
  wind_lifetime: 20
  solar_capex: 1000.0
  solar_opex: 10
  solar_lifetime: 20
  carbon_price: 1.0
timeseries_values:
  load_level: 249709.68589743454
  wind_year: 2012
  solar_year: 2019
  price_year: 2023
  carbon_year: 2023
storage_values:
  CAES:
    cost: 58.5221
    lifetime: 26.9374
    annual_cost: 2.172522218179928
    efficiency: 0.612464
    discharge_ratio: 0.1
    depth_of_discharge: 0.4
  Li-ion:
    cost: 245.573
    lifetime: 22.8565
    annual_cost: 10.744120928401111
    efficiency: 0.908278
    discharge_ratio: 2
    depth_of_discharge: 0.9
  Pb-acid:
    cost: 225.711
    lifetime: 10.2255
    annual_cost: 22.073346046648087
    efficiency: 0.689654
    discharge_ratio: 5
    depth_of_discharge: 0.5
  VRBF:
    cost: 192.809
    lifetime: 16.9715
    annual_cost: 11.360751848687507
    efficiency: 0.722474
    discharge_ratio: 0.5
    depth_of_discharge: 1.0
