cost_values:
  wind_capex: 5000.0
  wind_opex: 100
  wind_lifetime: 20
  solar_capex: 1000.0
  solar_opex: 10
  solar_lifetime: 20
  carbon_price: 1.0
timeseries_values:
  load_level: 249709.68589743454
  wind_year: 2012
  solar_year: 2019
  price_year: 2023
  carbon_year: 2023
storage_values:
  CAES:
    cost: 53.383
    lifetime: 26.7654
    annual_cost: 1.9944779454071302
    efficiency: 0.615564
    discharge_ratio: 0.1
    depth_of_discharge: 0.4
  Li-ion:
    cost: 220.404
    lifetime: 21.8812
    annual_cost: 10.07275652158017
    efficiency: 0.908442
    discharge_ratio: 2
    depth_of_discharge: 0.9
  Pb-acid:
    cost: 196.644
    lifetime: 11.4142
    annual_cost: 17.228014227891574
    efficiency: 0.683648
    discharge_ratio: 5
    depth_of_discharge: 0.5
  VRBF:
    cost: 187.612
    lifetime: 16.916
    annual_cost: 11.09080160794514
    efficiency: 0.747054
    discharge_ratio: 0.5
    depth_of_discharge: 1.0
