cost_values:
  wind_capex: 5000.0
  wind_opex: 100
  wind_lifetime: 20
  solar_capex: 1000.0
  solar_opex: 10
  solar_lifetime: 20
  carbon_price: 1.0
timeseries_values:
  load_level: 249709.68589743454
  wind_year: 2012
  solar_year: 2019
  price_year: 2023
  carbon_year: 2023
storage_values:
  CAES:
    cost: 57.6415
    lifetime: 26.7565
    annual_cost: 2.1542989553940166
    efficiency: 0.60644
    discharge_ratio: 0.1
    depth_of_discharge: 0.4
  Li-ion:
    cost: 230.602
    lifetime: 21.5776
    annual_cost: 10.687101438528845
    efficiency: 0.898489
    discharge_ratio: 2
    depth_of_discharge: 0.9
  Pb-acid:
    cost: 212.636
    lifetime: 9.4648
    annual_cost: 22.46597920716761
    efficiency: 0.682339
    discharge_ratio: 5
    depth_of_discharge: 0.5
  VRBF:
    cost: 190.24
    lifetime: 16.7468
    annual_cost: 11.359782167339432
    efficiency: 0.727263
    discharge_ratio: 0.5
    depth_of_discharge: 1.0
