cost_values:
  wind_capex: 5000.0
  wind_opex: 100
  wind_lifetime: 20
  solar_capex: 1000.0
  solar_opex: 10
  solar_lifetime: 20
  carbon_price: 1.0
timeseries_values:
  load_level: 249709.68589743454
  wind_year: 2012
  solar_year: 2019
  price_year: 2023
  carbon_year: 2023
storage_values:
  CAES:
    cost: 56.6347
    lifetime: 26.7889
    annual_cost: 2.114110695101329
    efficiency: 0.609547
    discharge_ratio: 0.1
    depth_of_discharge: 0.4
  Li-ion:
    cost: 243.978
    lifetime: 24.6295
    annual_cost: 9.905925820662214
    efficiency: 0.912171
    discharge_ratio: 2
    depth_of_discharge: 0.9
  Pb-acid:
    cost: 197.343
    lifetime: 11.6345
    annual_cost: 16.96188061369204
    efficiency: 0.673436
    discharge_ratio: 5
    depth_of_discharge: 0.5
  VRBF:
    cost: 229.274
    lifetime: 18.6453
    annual_cost: 12.296610942167732
    efficiency: 0.730957
    discharge_ratio: 0.5
    depth_of_discharge: 1.0
