cost_values:
  wind_capex: 5000.0
  wind_opex: 100
  wind_lifetime: 20
  solar_capex: 1000.0
  solar_opex: 10
  solar_lifetime: 20
  carbon_price: 1.0
timeseries_values:
  load_level: 249709.68589743454
  wind_year: 2012
  solar_year: 2019
  price_year: 2023
  carbon_year: 2023
storage_values:
  CAES:
    cost: 49.0305
    lifetime: 26.4268
    annual_cost: 1.8553324655274193
    efficiency: 0.610972
    discharge_ratio: 0.1
    depth_of_discharge: 0.4
  Li-ion:
    cost: 230.278
    lifetime: 23.4965
    annual_cost: 9.800523482220756
    efficiency: 0.91034
    discharge_ratio: 2
    depth_of_discharge: 0.9
  Pb-acid:
    cost: 191.058
    lifetime: 10.769
    annual_cost: 17.74148017457517
    efficiency: 0.688884
    discharge_ratio: 5
    depth_of_discharge: 0.5
  VRBF:
    cost: 193.587
    lifetime: 18.629
    annual_cost: 10.391701111170754
    efficiency: 0.692121
    discharge_ratio: 0.5
    depth_of_discharge: 1.0
