cost_values:
  wind_capex: 5000.0
  wind_opex: 100
  wind_lifetime: 20
  solar_capex: 1000.0
  solar_opex: 10
  solar_lifetime: 20
  carbon_price: 1.0
timeseries_values:
  load_level: 249709.68589743454
  wind_year: 2012
  solar_year: 2019
  price_year: 2023
  carbon_year: 2023
storage_values:
  CAES:
    cost: 58.6438
    lifetime: 27.3621
    annual_cost: 2.143249238910756
    efficiency: 0.620271
    discharge_ratio: 0.1
    depth_of_discharge: 0.4
  Li-ion:
    cost: 264.18
    lifetime: 23.4608
    annual_cost: 11.26048557593944
    efficiency: 0.921415
    discharge_ratio: 2
    depth_of_discharge: 0.9
  Pb-acid:
    cost: 195.45
    lifetime: 10.72
    annual_cost: 18.232276119402982
    efficiency: 0.664653
    discharge_ratio: 5
    depth_of_discharge: 0.5
  VRBF:
    cost: 214.298
    lifetime: 16.5786
    annual_cost: 12.92618194539949
    efficiency: 0.702879
    discharge_ratio: 0.5
    depth_of_discharge: 1.0
