cost_values:
  wind_capex: 5000.0
  wind_opex: 100
  wind_lifetime: 20
  solar_capex: 1000.0
  solar_opex: 10
  solar_lifetime: 20
  carbon_price: 1.0
timeseries_values:
  load_level: 249709.68589743454
  wind_year: 2012
  solar_year: 2019
  price_year: 2023
  carbon_year: 2023
storage_values:
  CAES:
    cost: 51.3985
    lifetime: 27.7955
    annual_cost: 1.8491662319440196
    efficiency: 0.60922
    discharge_ratio: 0.1
    depth_of_discharge: 0.4
  Li-ion:
    cost: 226.297
    lifetime: 23.9431
    annual_cost: 9.451449478137752
    efficiency: 0.910811
    discharge_ratio: 2
    depth_of_discharge: 0.9
  Pb-acid:
    cost: 200.937
    lifetime: 9.35329
    annual_cost: 21.48302896627818
    efficiency: 0.682584
    discharge_ratio: 5
    depth_of_discharge: 0.5
  VRBF:
    cost: 219.779
    lifetime: 18.1949
    annual_cost: 12.079154048661987
    efficiency: 0.714719
    discharge_ratio: 0.5
    depth_of_discharge: 1.0
