cost_values:
  wind_capex: 5000.0
  wind_opex: 100
  wind_lifetime: 20
  solar_capex: 1000.0
  solar_opex: 10
  solar_lifetime: 20
  carbon_price: 1.0
timeseries_values:
  load_level: 249709.68589743454
  wind_year: 2012
  solar_year: 2019
  price_year: 2023
  carbon_year: 2023
storage_values:
  CAES:
    cost: 54.7415
    lifetime: 26.5964
    annual_cost: 2.058229685220556
    efficiency: 0.609007
    discharge_ratio: 0.1
    depth_of_discharge: 0.4
  Li-ion:
    cost: 251.333
    lifetime: 21.3444
    annual_cost: 11.775126028372782
    efficiency: 0.908255
    discharge_ratio: 2
    depth_of_discharge: 0.9
  Pb-acid:
    cost: 188.906
    lifetime: 11.0483
    annual_cost: 17.09819610256782
    efficiency: 0.68142
    discharge_ratio: 5
    depth_of_discharge: 0.5
  VRBF:
    cost: 210.276
    lifetime: 17.6378
    annual_cost: 11.921895020920978
    efficiency: 0.738359
    discharge_ratio: 0.5
    depth_of_discharge: 1.0
