cost_values:
  wind_capex: 5000.0
  wind_opex: 100
  wind_lifetime: 20
  solar_capex: 1000.0
  solar_opex: 10
  solar_lifetime: 20
  carbon_price: 1.0
timeseries_values:
  load_level: 249709.68589743454
  wind_year: 2012
  solar_year: 2019
  price_year: 2023
  carbon_year: 2023
storage_values:
  CAES:
    cost: 60.3901
    lifetime: 27.5077
    annual_cost: 2.1953889274639464
    efficiency: 0.627109
    discharge_ratio: 0.1
    depth_of_discharge: 0.4
  Li-ion:
    cost: 239.796
    lifetime: 23.6676
    annual_cost: 10.131825787152055
    efficiency: 0.919893
    discharge_ratio: 2
    depth_of_discharge: 0.9
  Pb-acid:
    cost: 204.157
    lifetime: 11.166
    annual_cost: 18.28380798853663
    efficiency: 0.689602
    discharge_ratio: 5
    depth_of_discharge: 0.5
  VRBF:
    cost: 199.599
    lifetime: 17.7001
    annual_cost: 11.27671595075734
    efficiency: 0.721835
    discharge_ratio: 0.5
    depth_of_discharge: 1.0
