cost_values:
  wind_capex: 5000.0
  wind_opex: 100
  wind_lifetime: 20
  solar_capex: 1000.0
  solar_opex: 10
  solar_lifetime: 20
  carbon_price: 1.0
timeseries_values:
  load_level: 249709.68589743454
  wind_year: 2012
  solar_year: 2019
  price_year: 2023
  carbon_year: 2023
storage_values:
  CAES:
    cost: 55.2416
    lifetime: 26.1671
    annual_cost: 2.11110898800402
    efficiency: 0.627268
    discharge_ratio: 0.1
    depth_of_discharge: 0.4
  Li-ion:
    cost: 229.708
    lifetime: 25.3947
    annual_cost: 9.045509496075953
    efficiency: 0.917339
    discharge_ratio: 2
    depth_of_discharge: 0.9
  Pb-acid:
    cost: 194.298
    lifetime: 9.70541
    annual_cost: 20.01955610324551
    efficiency: 0.691563
    discharge_ratio: 5
    depth_of_discharge: 0.5
  VRBF:
    cost: 181.402
    lifetime: 18.6272
    annual_cost: 9.738554372101014
    efficiency: 0.709053
    discharge_ratio: 0.5
    depth_of_discharge: 1.0
