cost_values:
  wind_capex: 5000.0
  wind_opex: 100
  wind_lifetime: 20
  solar_capex: 1000.0
  solar_opex: 10
  solar_lifetime: 20
  carbon_price: 1.0
timeseries_values:
  load_level: 249709.68589743454
  wind_year: 2012
  solar_year: 2019
  price_year: 2023
  carbon_year: 2023
storage_values:
  CAES:
    cost: 48.993
    lifetime: 27.5965
    annual_cost: 1.7753338285652167
    efficiency: 0.623334
    discharge_ratio: 0.1
    depth_of_discharge: 0.4
  Li-ion:
    cost: 221.349
    lifetime: 22.894
    annual_cost: 9.66842840919018
    efficiency: 0.905723
    discharge_ratio: 2
    depth_of_discharge: 0.9
  Pb-acid:
    cost: 211.354
    lifetime: 10.2289
    annual_cost: 20.662436821163567
    efficiency: 0.673096
    discharge_ratio: 5
    depth_of_discharge: 0.5
  VRBF:
    cost: 213.734
    lifetime: 18.782
    annual_cost: 11.379725268874454
    efficiency: 0.711888
    discharge_ratio: 0.5
    depth_of_discharge: 1.0
