cost_values:
  wind_capex: 5000.0
  wind_opex: 100
  wind_lifetime: 20
  solar_capex: 1000.0
  solar_opex: 10
  solar_lifetime: 20
  carbon_price: 1.0
timeseries_values:
  load_level: 249709.68589743454
  wind_year: 2012
  solar_year: 2019
  price_year: 2023
  carbon_year: 2023
storage_values:
  CAES:
    cost: 58.6247
    lifetime: 27.5913
    annual_cost: 2.1247530924603044
    efficiency: 0.607278
    discharge_ratio: 0.1
    depth_of_discharge: 0.4
  Li-ion:
    cost: 221.824
    lifetime: 21.9756
    annual_cost: 10.094104370301608
    efficiency: 0.903276
    discharge_ratio: 2
    depth_of_discharge: 0.9
  Pb-acid:
    cost: 199.923
    lifetime: 9.6315
    annual_cost: 20.75720292789285
    efficiency: 0.670025
    discharge_ratio: 5
    depth_of_discharge: 0.5
  VRBF:
    cost: 207.102
    lifetime: 17.9018
    annual_cost: 11.568780792992882
    efficiency: 0.723761
    discharge_ratio: 0.5
    depth_of_discharge: 1.0
