cost_values:
  wind_capex: 5000.0
  wind_opex: 100
  wind_lifetime: 20
  solar_capex: 1000.0
  solar_opex: 10
  solar_lifetime: 20
  carbon_price: 1.0
timeseries_values:
  load_level: 249709.68589743454
  wind_year: 2012
  solar_year: 2019
  price_year: 2023
  carbon_year: 2023
storage_values:
  CAES:
    cost: 53.6936
    lifetime: 27.0285
    annual_cost: 1.986554932756165
    efficiency: 0.602061
    discharge_ratio: 0.1
    depth_of_discharge: 0.4
  Li-ion:
    cost: 234.406
    lifetime: 22.4064
    annual_cost: 10.46156455298486
    efficiency: 0.936635
    discharge_ratio: 2
    depth_of_discharge: 0.9
  Pb-acid:
    cost: 186.001
    lifetime: 8.90913
    annual_cost: 20.877571659634558
    efficiency: 0.692111
    discharge_ratio: 5
    depth_of_discharge: 0.5
  VRBF:
    cost: 174.055
    lifetime: 17.3283
    annual_cost: 10.044551398579204
    efficiency: 0.716632
    discharge_ratio: 0.5
    depth_of_discharge: 1.0
