cost_values:
  wind_capex: 5000.0
  wind_opex: 100
  wind_lifetime: 20
  solar_capex: 1000.0
  solar_opex: 10
  solar_lifetime: 20
  carbon_price: 1.0
timeseries_values:
  load_level: 249709.68589743454
  wind_year: 2012
  solar_year: 2019
  price_year: 2023
  carbon_year: 2023
storage_values:
  CAES:
    cost: 58.3624
    lifetime: 26.7127
    annual_cost: 2.184818457138365
    efficiency: 0.611046
    discharge_ratio: 0.1
    depth_of_discharge: 0.4
  Li-ion:
    cost: 217.424
    lifetime: 20.9419
    annual_cost: 10.382248029070906
    efficiency: 0.912269
    discharge_ratio: 2
    depth_of_discharge: 0.9
  Pb-acid:
    cost: 213.573
    lifetime: 10.8928
    annual_cost: 19.606804494712105
    efficiency: 0.677268
    discharge_ratio: 5
    depth_of_discharge: 0.5
  VRBF:
    cost: 212.556
    lifetime: 18.5029
    annual_cost: 11.48771273692232
    efficiency: 0.720509
    discharge_ratio: 0.5
    depth_of_discharge: 1.0
