cost_values:
  wind_capex: 5000.0
  wind_opex: 100
  wind_lifetime: 20
  solar_capex: 1000.0
  solar_opex: 10
  solar_lifetime: 20
  carbon_price: 1.0
timeseries_values:
  load_level: 249709.68589743454
  wind_year: 2012
  solar_year: 2019
  price_year: 2023
  carbon_year: 2023
storage_values:
  CAES:
    cost: 59.0886
    lifetime: 26.6343
    annual_cost: 2.218515222851736
    efficiency: 0.612174
    discharge_ratio: 0.1
    depth_of_discharge: 0.4
  Li-ion:
    cost: 234.99
    lifetime: 24.1064
    annual_cost: 9.748033717187138
    efficiency: 0.908707
    discharge_ratio: 2
    depth_of_discharge: 0.9
  Pb-acid:
    cost: 197.667
    lifetime: 10.3473
    annual_cost: 19.10324432460642
    efficiency: 0.678501
    discharge_ratio: 5
    depth_of_discharge: 0.5
  VRBF:
    cost: 245.903
    lifetime: 18.7176
    annual_cost: 13.137528315596015
    efficiency: 0.714104
    discharge_ratio: 0.5
    depth_of_discharge: 1.0
