cost_values:
  wind_capex: 5000.0
  wind_opex: 100
  wind_lifetime: 20
  solar_capex: 1000.0
  solar_opex: 10
  solar_lifetime: 20
  carbon_price: 1.0
timeseries_values:
  load_level: 249709.68589743454
  wind_year: 2012
  solar_year: 2019
  price_year: 2023
  carbon_year: 2023
storage_values:
  CAES:
    cost: 56.817
    lifetime: 27.2972
    annual_cost: 2.0814222704160135
    efficiency: 0.609183
    discharge_ratio: 0.1
    depth_of_discharge: 0.4
  Li-ion:
    cost: 222.671
    lifetime: 23.702
    annual_cost: 9.39460804995359
    efficiency: 0.913241
    discharge_ratio: 2
    depth_of_discharge: 0.9
  Pb-acid:
    cost: 193.255
    lifetime: 11.9077
    annual_cost: 16.229414580481535
    efficiency: 0.681515
    discharge_ratio: 5
    depth_of_discharge: 0.5
  VRBF:
    cost: 199.654
    lifetime: 17.9769
    annual_cost: 11.106141770828117
    efficiency: 0.716582
    discharge_ratio: 0.5
    depth_of_discharge: 1.0
