cost_values:
  wind_capex: 5000.0
  wind_opex: 100
  wind_lifetime: 20
  solar_capex: 1000.0
  solar_opex: 10
  solar_lifetime: 20
  carbon_price: 1.0
timeseries_values:
  load_level: 249709.68589743454
  wind_year: 2012
  solar_year: 2019
  price_year: 2023
  carbon_year: 2023
storage_values:
  CAES:
    cost: 59.0741
    lifetime: 26.7104
    annual_cost: 2.2116516413082543
    efficiency: 0.62159
    discharge_ratio: 0.1
    depth_of_discharge: 0.4
  Li-ion:
    cost: 227.288
    lifetime: 23.5097
    annual_cost: 9.667839232316874
    efficiency: 0.91609
    discharge_ratio: 2
    depth_of_discharge: 0.9
  Pb-acid:
    cost: 187.726
    lifetime: 9.30662
    annual_cost: 20.17123295030849
    efficiency: 0.665096
    discharge_ratio: 5
    depth_of_discharge: 0.5
  VRBF:
    cost: 219.449
    lifetime: 18.0117
    annual_cost: 12.183691711498637
    efficiency: 0.741099
    discharge_ratio: 0.5
    depth_of_discharge: 1.0
