cost_values:
  wind_capex: 5000.0
  wind_opex: 100
  wind_lifetime: 20
  solar_capex: 1000.0
  solar_opex: 10
  solar_lifetime: 20
  carbon_price: 1.0
timeseries_values:
  load_level: 249709.68589743454
  wind_year: 2012
  solar_year: 2019
  price_year: 2023
  carbon_year: 2023
storage_values:
  CAES:
    cost: 46.1691
    lifetime: 27.7879
    annual_cost: 1.6614821559023891
    efficiency: 0.605424
    discharge_ratio: 0.1
    depth_of_discharge: 0.4
  Li-ion:
    cost: 241.329
    lifetime: 23.7004
    annual_cost: 10.182486371538035
    efficiency: 0.913152
    discharge_ratio: 2
    depth_of_discharge: 0.9
  Pb-acid:
    cost: 197.064
    lifetime: 9.10157
    annual_cost: 21.651649111087426
    efficiency: 0.685208
    discharge_ratio: 5
    depth_of_discharge: 0.5
  VRBF:
    cost: 192.884
    lifetime: 17.7035
    annual_cost: 10.895246702629423
    efficiency: 0.721754
    discharge_ratio: 0.5
    depth_of_discharge: 1.0
