cost_values:
  wind_capex: 5000.0
  wind_opex: 100
  wind_lifetime: 20
  solar_capex: 1000.0
  solar_opex: 10
  solar_lifetime: 20
  carbon_price: 1.0
timeseries_values:
  load_level: 249709.68589743454
  wind_year: 2012
  solar_year: 2019
  price_year: 2023
  carbon_year: 2023
storage_values:
  CAES:
    cost: 63.6247
    lifetime: 27.0529
    annual_cost: 2.351862462065065
    efficiency: 0.613553
    discharge_ratio: 0.1
    depth_of_discharge: 0.4
  Li-ion:
    cost: 235.126
    lifetime: 26.1017
    annual_cost: 9.008072271154752
    efficiency: 0.905607
    discharge_ratio: 2
    depth_of_discharge: 0.9
  Pb-acid:
    cost: 215.128
    lifetime: 9.18723
    annual_cost: 23.415980660111916
    efficiency: 0.683789
    discharge_ratio: 5
    depth_of_discharge: 0.5
  VRBF:
    cost: 198.209
    lifetime: 17.3032
    annual_cost: 11.455048777104812
    efficiency: 0.719493
    discharge_ratio: 0.5
    depth_of_discharge: 1.0
