cost_values:
  wind_capex: 5000.0
  wind_opex: 100
  wind_lifetime: 20
  solar_capex: 1000.0
  solar_opex: 10
  solar_lifetime: 20
  carbon_price: 1.0
timeseries_values:
  load_level: 249709.68589743454
  wind_year: 2012
  solar_year: 2019
  price_year: 2023
  carbon_year: 2023
storage_values:
  CAES:
    cost: 61.6848
    lifetime: 26.7394
    annual_cost: 2.3068879630806975
    efficiency: 0.617615
    discharge_ratio: 0.1
    depth_of_discharge: 0.4
  Li-ion:
    cost: 250.569
    lifetime: 26.8024
    annual_cost: 9.348752350535772
    efficiency: 0.906276
    discharge_ratio: 2
    depth_of_discharge: 0.9
  Pb-acid:
    cost: 200.892
    lifetime: 10.0579
    annual_cost: 19.973553127392396
    efficiency: 0.674242
    discharge_ratio: 5
    depth_of_discharge: 0.5
  VRBF:
    cost: 209.417
    lifetime: 19.3497
    annual_cost: 10.822751773929312
    efficiency: 0.688259
    discharge_ratio: 0.5
    depth_of_discharge: 1.0
