cost_values:
  wind_capex: 5000.0
  wind_opex: 100
  wind_lifetime: 20
  solar_capex: 1000.0
  solar_opex: 10
  solar_lifetime: 20
  carbon_price: 1.0
timeseries_values:
  load_level: 249709.68589743454
  wind_year: 2012
  solar_year: 2019
  price_year: 2023
  carbon_year: 2023
storage_values:
  CAES:
    cost: 59.2899
    lifetime: 26.5819
    annual_cost: 2.230461328949398
    efficiency: 0.620928
    discharge_ratio: 0.1
    depth_of_discharge: 0.4
  Li-ion:
    cost: 227.822
    lifetime: 22.1498
    annual_cost: 10.28551047864992
    efficiency: 0.901408
    discharge_ratio: 2
    depth_of_discharge: 0.9
  Pb-acid:
    cost: 199.878
    lifetime: 11.3718
    annual_cost: 17.576636944019416
    efficiency: 0.692152
    discharge_ratio: 5
    depth_of_discharge: 0.5
  VRBF:
    cost: 191.395
    lifetime: 19.4957
    annual_cost: 9.817293044107164
    efficiency: 0.724702
    discharge_ratio: 0.5
    depth_of_discharge: 1.0
