cost_values:
  wind_capex: 5000.0
  wind_opex: 100
  wind_lifetime: 20
  solar_capex: 1000.0
  solar_opex: 10
  solar_lifetime: 20
  carbon_price: 1.0
timeseries_values:
  load_level: 249709.68589743454
  wind_year: 2012
  solar_year: 2019
  price_year: 2023
  carbon_year: 2023
storage_values:
  CAES:
    cost: 54.5926
    lifetime: 27.2266
    annual_cost: 2.0051199929480727
    efficiency: 0.610406
    discharge_ratio: 0.1
    depth_of_discharge: 0.4
  Li-ion:
    cost: 252.535
    lifetime: 24.3011
    annual_cost: 10.391916415306302
    efficiency: 0.905512
    discharge_ratio: 2
    depth_of_discharge: 0.9
  Pb-acid:
    cost: 205.094
    lifetime: 9.25802
    annual_cost: 22.15311697317569
    efficiency: 0.674497
    discharge_ratio: 5
    depth_of_discharge: 0.5
  VRBF:
    cost: 190.075
    lifetime: 18.4742
    annual_cost: 10.288672851869093
    efficiency: 0.716734
    discharge_ratio: 0.5
    depth_of_discharge: 1.0
