cost_values:
  wind_capex: 5000.0
  wind_opex: 100
  wind_lifetime: 20
  solar_capex: 1000.0
  solar_opex: 10
  solar_lifetime: 20
  carbon_price: 1.0
timeseries_values:
  load_level: 249709.68589743454
  wind_year: 2012
  solar_year: 2019
  price_year: 2023
  carbon_year: 2023
storage_values:
  CAES:
    cost: 51.5595
    lifetime: 26.3098
    annual_cost: 1.9597070293198733
    efficiency: 0.613767
    discharge_ratio: 0.1
    depth_of_discharge: 0.4
  Li-ion:
    cost: 220.698
    lifetime: 23.6383
    annual_cost: 9.336458205539316
    efficiency: 0.920338
    discharge_ratio: 2
    depth_of_discharge: 0.9
  Pb-acid:
    cost: 189.344
    lifetime: 9.70674
    annual_cost: 19.506446036465384
    efficiency: 0.671125
    discharge_ratio: 5
    depth_of_discharge: 0.5
  VRBF:
    cost: 218.048
    lifetime: 17.3682
    annual_cost: 12.554438571642425
    efficiency: 0.701704
    discharge_ratio: 0.5
    depth_of_discharge: 1.0
