cost_values:
  wind_capex: 5000.0
  wind_opex: 100
  wind_lifetime: 20
  solar_capex: 1000.0
  solar_opex: 10
  solar_lifetime: 20
  carbon_price: 1.0
timeseries_values:
  load_level: 240028.87604351828
  wind_year: 2015
  solar_year: 2017
  price_year: 2023
  carbon_year: 2023
storage_values:
  CAES:
    cost: 53.4114
    lifetime: 25.0938
    annual_cost: 2.128469980632666
    efficiency: 0.63956
    discharge_ratio: 0.1
    depth_of_discharge: 0.4
  Li-ion:
    cost: 239.656
    lifetime: 18.7958
    annual_cost: 12.750508092233371
    efficiency: 0.929617
    discharge_ratio: 2
    depth_of_discharge: 0.9
  Pb-acid:
    cost: 123.762
    lifetime: 8.34769
    annual_cost: 14.825897943023758
    efficiency: 0.657394
    discharge_ratio: 5
    depth_of_discharge: 0.5
  VRBF:
    cost: 249.332
    lifetime: 17.8777
    annual_cost: 13.946536746896971
    efficiency: 0.670441
    discharge_ratio: 0.5
    depth_of_discharge: 1.0
