cost_values:
  wind_capex: 5000.0
  wind_opex: 100
  wind_lifetime: 20
  solar_capex: 1000.0
  solar_opex: 10
  solar_lifetime: 20
  carbon_price: 1.0
timeseries_values:
  load_level: 240028.87604351828
  wind_year: 2015
  solar_year: 2017
  price_year: 2023
  carbon_year: 2023
storage_values:
  CAES:
    cost: 54.9613
    lifetime: 23.7034
    annual_cost: 2.318709552216138
    efficiency: 0.631848
    discharge_ratio: 0.1
    depth_of_discharge: 0.4
  Li-ion:
    cost: 262.726
    lifetime: 18.5651
    annual_cost: 14.151607047632385
    efficiency: 0.927185
    discharge_ratio: 2
    depth_of_discharge: 0.9
  Pb-acid:
    cost: 131.611
    lifetime: 11.6429
    annual_cost: 11.303970660230698
    efficiency: 0.665945
    discharge_ratio: 5
    depth_of_discharge: 0.5
  VRBF:
    cost: 297.081
    lifetime: 20.6577
    annual_cost: 14.3811266501111
    efficiency: 0.666771
    discharge_ratio: 0.5
    depth_of_discharge: 1.0
