cost_values:
  wind_capex: 5000.0
  wind_opex: 100
  wind_lifetime: 20
  solar_capex: 1000.0
  solar_opex: 10
  solar_lifetime: 20
  carbon_price: 1.0
timeseries_values:
  load_level: 240028.87604351828
  wind_year: 2015
  solar_year: 2017
  price_year: 2023
  carbon_year: 2023
storage_values:
  CAES:
    cost: 56.6736
    lifetime: 25.4304
    annual_cost: 2.228576821442054
    efficiency: 0.620182
    discharge_ratio: 0.1
    depth_of_discharge: 0.4
  Li-ion:
    cost: 256.703
    lifetime: 20.7668
    annual_cost: 12.361220794730048
    efficiency: 0.913226
    discharge_ratio: 2
    depth_of_discharge: 0.9
  Pb-acid:
    cost: 148.862
    lifetime: 9.342
    annual_cost: 15.934703489616783
    efficiency: 0.673432
    discharge_ratio: 5
    depth_of_discharge: 0.5
  VRBF:
    cost: 305.417
    lifetime: 19.8615
    annual_cost: 15.377338066107795
    efficiency: 0.670119
    discharge_ratio: 0.5
    depth_of_discharge: 1.0
