cost_values:
  wind_capex: 5000.0
  wind_opex: 100
  wind_lifetime: 20
  solar_capex: 1000.0
  solar_opex: 10
  solar_lifetime: 20
  carbon_price: 1.0
timeseries_values:
  load_level: 240028.87604351828
  wind_year: 2015
  solar_year: 2017
  price_year: 2023
  carbon_year: 2023
storage_values:
  CAES:
    cost: 62.1857
    lifetime: 22.4864
    annual_cost: 2.7654804681941085
    efficiency: 0.630045
    discharge_ratio: 0.1
    depth_of_discharge: 0.4
  Li-ion:
    cost: 231.693
    lifetime: 16.9047
    annual_cost: 13.705833288966975
    efficiency: 0.930091
    discharge_ratio: 2
    depth_of_discharge: 0.9
  Pb-acid:
    cost: 119.48
    lifetime: 9.02066
    annual_cost: 13.245150576565353
    efficiency: 0.666182
    discharge_ratio: 5
    depth_of_discharge: 0.5
  VRBF:
    cost: 282.783
    lifetime: 18.6079
    annual_cost: 15.196932485664691
    efficiency: 0.675058
    discharge_ratio: 0.5
    depth_of_discharge: 1.0
