cost_values:
  wind_capex: 5000.0
  wind_opex: 100
  wind_lifetime: 20
  solar_capex: 1000.0
  solar_opex: 10
  solar_lifetime: 20
  carbon_price: 1.0
timeseries_values:
  load_level: 240028.87604351828
  wind_year: 2015
  solar_year: 2017
  price_year: 2023
  carbon_year: 2023
storage_values:
  CAES:
    cost: 56.7174
    lifetime: 23.236
    annual_cost: 2.4409278705457047
    efficiency: 0.625259
    discharge_ratio: 0.1
    depth_of_discharge: 0.4
  Li-ion:
    cost: 247.851
    lifetime: 20.4554
    annual_cost: 12.11665379313042
    efficiency: 0.938093
    discharge_ratio: 2
    depth_of_discharge: 0.9
  Pb-acid:
    cost: 150.812
    lifetime: 9.65336
    annual_cost: 15.622746898489233
    efficiency: 0.663373
    discharge_ratio: 5
    depth_of_discharge: 0.5
  VRBF:
    cost: 303.407
    lifetime: 18.7224
    annual_cost: 16.205561252830833
    efficiency: 0.670636
    discharge_ratio: 0.5
    depth_of_discharge: 1.0
