cost_values:
  wind_capex: 5000.0
  wind_opex: 100
  wind_lifetime: 20
  solar_capex: 1000.0
  solar_opex: 10
  solar_lifetime: 20
  carbon_price: 1.0
timeseries_values:
  load_level: 240028.87604351828
  wind_year: 2015
  solar_year: 2017
  price_year: 2023
  carbon_year: 2023
storage_values:
  CAES:
    cost: 59.7392
    lifetime: 23.5919
    annual_cost: 2.53219113339748
    efficiency: 0.63457
    discharge_ratio: 0.1
    depth_of_discharge: 0.4
  Li-ion:
    cost: 242.569
    lifetime: 16.6562
    annual_cost: 14.563285743446885
    efficiency: 0.938529
    discharge_ratio: 2
    depth_of_discharge: 0.9
  Pb-acid:
    cost: 114.773
    lifetime: 9.5354
    annual_cost: 12.036516559347275
    efficiency: 0.656074
    discharge_ratio: 5
    depth_of_discharge: 0.5
  VRBF:
    cost: 248.895
    lifetime: 18.8986
    annual_cost: 13.17002317631994
    efficiency: 0.677025
    discharge_ratio: 0.5
    depth_of_discharge: 1.0
