cost_values:
  wind_capex: 5000.0
  wind_opex: 100
  wind_lifetime: 20
  solar_capex: 1000.0
  solar_opex: 10
  solar_lifetime: 20
  carbon_price: 1.0
timeseries_values:
  load_level: 240028.87604351828
  wind_year: 2015
  solar_year: 2017
  price_year: 2023
  carbon_year: 2023
storage_values:
  CAES:
    cost: 58.2541
    lifetime: 23.7727
    annual_cost: 2.4504620846601353
    efficiency: 0.630727
    discharge_ratio: 0.1
    depth_of_discharge: 0.4
  Li-ion:
    cost: 246.549
    lifetime: 20.9233
    annual_cost: 11.783466279219818
    efficiency: 0.912571
    discharge_ratio: 2
    depth_of_discharge: 0.9
  Pb-acid:
    cost: 129.743
    lifetime: 9.15144
    annual_cost: 14.177331654908954
    efficiency: 0.656651
    discharge_ratio: 5
    depth_of_discharge: 0.5
  VRBF:
    cost: 284.71
    lifetime: 18.8606
    annual_cost: 15.095490069244878
    efficiency: 0.690413
    discharge_ratio: 0.5
    depth_of_discharge: 1.0
