cost_values:
  wind_capex: 5000.0
  wind_opex: 100
  wind_lifetime: 20
  solar_capex: 1000.0
  solar_opex: 10
  solar_lifetime: 20
  carbon_price: 1.0
timeseries_values:
  load_level: 240028.87604351828
  wind_year: 2015
  solar_year: 2017
  price_year: 2023
  carbon_year: 2023
storage_values:
  CAES:
    cost: 57.6417
    lifetime: 23.9758
    annual_cost: 2.4041616963771806
    efficiency: 0.622868
    discharge_ratio: 0.1
    depth_of_discharge: 0.4
  Li-ion:
    cost: 253.216
    lifetime: 18.0288
    annual_cost: 14.045083422080227
    efficiency: 0.945796
    discharge_ratio: 2
    depth_of_discharge: 0.9
  Pb-acid:
    cost: 151.028
    lifetime: 9.06964
    annual_cost: 16.652039110703402
    efficiency: 0.669265
    discharge_ratio: 5
    depth_of_discharge: 0.5
  VRBF:
    cost: 284.35
    lifetime: 19.3425
    annual_cost: 14.70078841928396
    efficiency: 0.697176
    discharge_ratio: 0.5
    depth_of_discharge: 1.0
