cost_values:
  wind_capex: 5000.0
  wind_opex: 100
  wind_lifetime: 20
  solar_capex: 1000.0
  solar_opex: 10
  solar_lifetime: 20
  carbon_price: 1.0
timeseries_values:
  load_level: 240028.87604351828
  wind_year: 2015
  solar_year: 2017
  price_year: 2023
  carbon_year: 2023
storage_values:
  CAES:
    cost: 61.3957
    lifetime: 24.2317
    annual_cost: 2.5336934676477507
    efficiency: 0.629224
    discharge_ratio: 0.1
    depth_of_discharge: 0.4
  Li-ion:
    cost: 246.531
    lifetime: 18.3924
    annual_cost: 13.40396033144125
    efficiency: 0.915769
    discharge_ratio: 2
    depth_of_discharge: 0.9
  Pb-acid:
    cost: 134.045
    lifetime: 10.4758
    annual_cost: 12.795681475400446
    efficiency: 0.662068
    discharge_ratio: 5
    depth_of_discharge: 0.5
  VRBF:
    cost: 272.655
    lifetime: 18.952
    annual_cost: 14.386608273533133
    efficiency: 0.674254
    discharge_ratio: 0.5
    depth_of_discharge: 1.0
