cost_values:
  wind_capex: 5000.0
  wind_opex: 100
  wind_lifetime: 20
  solar_capex: 1000.0
  solar_opex: 10
  solar_lifetime: 20
  carbon_price: 1.0
timeseries_values:
  load_level: 240028.87604351828
  wind_year: 2015
  solar_year: 2017
  price_year: 2023
  carbon_year: 2023
storage_values:
  CAES:
    cost: 56.7454
    lifetime: 23.8468
    annual_cost: 2.3795813274737068
    efficiency: 0.624578
    discharge_ratio: 0.1
    depth_of_discharge: 0.4
  Li-ion:
    cost: 257.179
    lifetime: 18.8536
    annual_cost: 13.640843128102855
    efficiency: 0.929875
    discharge_ratio: 2
    depth_of_discharge: 0.9
  Pb-acid:
    cost: 129.996
    lifetime: 10.7924
    annual_cost: 12.045142878321782
    efficiency: 0.651999
    discharge_ratio: 5
    depth_of_discharge: 0.5
  VRBF:
    cost: 262.114
    lifetime: 18.4402
    annual_cost: 14.214270994891594
    efficiency: 0.672124
    discharge_ratio: 0.5
    depth_of_discharge: 1.0
