cost_values:
  wind_capex: 5000.0
  wind_opex: 100
  wind_lifetime: 20
  solar_capex: 1000.0
  solar_opex: 10
  solar_lifetime: 20
  carbon_price: 1.0
timeseries_values:
  load_level: 240028.87604351828
  wind_year: 2015
  solar_year: 2017
  price_year: 2023
  carbon_year: 2023
storage_values:
  CAES:
    cost: 62.0452
    lifetime: 23.3979
    annual_cost: 2.6517422503728967
    efficiency: 0.635024
    discharge_ratio: 0.1
    depth_of_discharge: 0.4
  Li-ion:
    cost: 264.449
    lifetime: 18.2587
    annual_cost: 14.483451724383444
    efficiency: 0.928721
    discharge_ratio: 2
    depth_of_discharge: 0.9
  Pb-acid:
    cost: 122.294
    lifetime: 9.70126
    annual_cost: 12.605991386685853
    efficiency: 0.658795
    discharge_ratio: 5
    depth_of_discharge: 0.5
  VRBF:
    cost: 279.18
    lifetime: 19.2304
    annual_cost: 14.517638738663782
    efficiency: 0.674609
    discharge_ratio: 0.5
    depth_of_discharge: 1.0
