cost_values:
  wind_capex: 5000.0
  wind_opex: 100
  wind_lifetime: 20
  solar_capex: 1000.0
  solar_opex: 10
  solar_lifetime: 20
  carbon_price: 1.0
timeseries_values:
  load_level: 240028.87604351828
  wind_year: 2015
  solar_year: 2017
  price_year: 2023
  carbon_year: 2023
storage_values:
  CAES:
    cost: 61.849
    lifetime: 23.7375
    annual_cost: 2.6055397577672457
    efficiency: 0.634223
    discharge_ratio: 0.1
    depth_of_discharge: 0.4
  Li-ion:
    cost: 257.539
    lifetime: 17.9697
    annual_cost: 14.331847498845278
    efficiency: 0.923485
    discharge_ratio: 2
    depth_of_discharge: 0.9
  Pb-acid:
    cost: 146.429
    lifetime: 10.4256
    annual_cost: 14.04513888888889
    efficiency: 0.662907
    discharge_ratio: 5
    depth_of_discharge: 0.5
  VRBF:
    cost: 267.793
    lifetime: 18.6005
    annual_cost: 14.397086099836025
    efficiency: 0.665268
    discharge_ratio: 0.5
    depth_of_discharge: 1.0
