cost_values:
  wind_capex: 5000.0
  wind_opex: 100
  wind_lifetime: 20
  solar_capex: 1000.0
  solar_opex: 10
  solar_lifetime: 20
  carbon_price: 1.0
timeseries_values:
  load_level: 240028.87604351828
  wind_year: 2015
  solar_year: 2017
  price_year: 2023
  carbon_year: 2023
storage_values:
  CAES:
    cost: 63.4233
    lifetime: 23.8215
    annual_cost: 2.6624393929853283
    efficiency: 0.623748
    discharge_ratio: 0.1
    depth_of_discharge: 0.4
  Li-ion:
    cost: 234.228
    lifetime: 17.4731
    annual_cost: 13.405062639142455
    efficiency: 0.941757
    discharge_ratio: 2
    depth_of_discharge: 0.9
  Pb-acid:
    cost: 109.259
    lifetime: 9.19716
    annual_cost: 11.87964545577113
    efficiency: 0.65221
    discharge_ratio: 5
    depth_of_discharge: 0.5
  VRBF:
    cost: 292.808
    lifetime: 18.845
    annual_cost: 15.53770230830459
    efficiency: 0.673008
    discharge_ratio: 0.5
    depth_of_discharge: 1.0
