cost_values:
  wind_capex: 5000.0
  wind_opex: 100
  wind_lifetime: 20
  solar_capex: 1000.0
  solar_opex: 10
  solar_lifetime: 20
  carbon_price: 1.0
timeseries_values:
  load_level: 240028.87604351828
  wind_year: 2015
  solar_year: 2017
  price_year: 2023
  carbon_year: 2023
storage_values:
  CAES:
    cost: 59.2234
    lifetime: 24.8377
    annual_cost: 2.3844156262455862
    efficiency: 0.624689
    discharge_ratio: 0.1
    depth_of_discharge: 0.4
  Li-ion:
    cost: 239.263
    lifetime: 17.0932
    annual_cost: 13.997554583109073
    efficiency: 0.933108
    discharge_ratio: 2
    depth_of_discharge: 0.9
  Pb-acid:
    cost: 138.424
    lifetime: 11.009
    annual_cost: 12.57371241711327
    efficiency: 0.65907
    discharge_ratio: 5
    depth_of_discharge: 0.5
  VRBF:
    cost: 309.743
    lifetime: 17.002
    annual_cost: 18.218033172567935
    efficiency: 0.682639
    discharge_ratio: 0.5
    depth_of_discharge: 1.0
