cost_values:
  wind_capex: 5000.0
  wind_opex: 100
  wind_lifetime: 20
  solar_capex: 1000.0
  solar_opex: 10
  solar_lifetime: 20
  carbon_price: 1.0
timeseries_values:
  load_level: 240028.87604351828
  wind_year: 2015
  solar_year: 2017
  price_year: 2023
  carbon_year: 2023
storage_values:
  CAES:
    cost: 58.4591
    lifetime: 22.9142
    annual_cost: 2.551217149191331
    efficiency: 0.635805
    discharge_ratio: 0.1
    depth_of_discharge: 0.4
  Li-ion:
    cost: 246.108
    lifetime: 19.7936
    annual_cost: 12.433715948589443
    efficiency: 0.917448
    discharge_ratio: 2
    depth_of_discharge: 0.9
  Pb-acid:
    cost: 133.866
    lifetime: 12.3837
    annual_cost: 10.80985488989559
    efficiency: 0.657994
    discharge_ratio: 5
    depth_of_discharge: 0.5
  VRBF:
    cost: 283.507
    lifetime: 18.5611
    annual_cost: 15.274256374891575
    efficiency: 0.688835
    discharge_ratio: 0.5
    depth_of_discharge: 1.0
