cost_values:
  wind_capex: 5000.0
  wind_opex: 100
  wind_lifetime: 20
  solar_capex: 1000.0
  solar_opex: 10
  solar_lifetime: 20
  carbon_price: 1.0
timeseries_values:
  load_level: 240028.87604351828
  wind_year: 2015
  solar_year: 2017
  price_year: 2023
  carbon_year: 2023
storage_values:
  CAES:
    cost: 58.6255
    lifetime: 23.5439
    annual_cost: 2.490050501403761
    efficiency: 0.634729
    discharge_ratio: 0.1
    depth_of_discharge: 0.4
  Li-ion:
    cost: 261.756
    lifetime: 16.7653
    annual_cost: 15.612962487996038
    efficiency: 0.933513
    discharge_ratio: 2
    depth_of_discharge: 0.9
  Pb-acid:
    cost: 131.461
    lifetime: 11.7378
    annual_cost: 11.199798940176183
    efficiency: 0.679701
    discharge_ratio: 5
    depth_of_discharge: 0.5
  VRBF:
    cost: 294.27
    lifetime: 19.1699
    annual_cost: 15.350627807135144
    efficiency: 0.688342
    discharge_ratio: 0.5
    depth_of_discharge: 1.0
