cost_values:
  wind_capex: 5000.0
  wind_opex: 100
  wind_lifetime: 20
  solar_capex: 1000.0
  solar_opex: 10
  solar_lifetime: 20
  carbon_price: 1.0
timeseries_values:
  load_level: 240028.87604351828
  wind_year: 2015
  solar_year: 2017
  price_year: 2023
  carbon_year: 2023
storage_values:
  CAES:
    cost: 59.7738
    lifetime: 23.55
    annual_cost: 2.5381656050955415
    efficiency: 0.630648
    discharge_ratio: 0.1
    depth_of_discharge: 0.4
  Li-ion:
    cost: 233.573
    lifetime: 16.2703
    annual_cost: 14.355789383109101
    efficiency: 0.928053
    discharge_ratio: 2
    depth_of_discharge: 0.9
  Pb-acid:
    cost: 128.714
    lifetime: 10.9937
    annual_cost: 11.707978205699627
    efficiency: 0.661058
    discharge_ratio: 5
    depth_of_discharge: 0.5
  VRBF:
    cost: 268.449
    lifetime: 17.2041
    annual_cost: 15.603780494184527
    efficiency: 0.686837
    discharge_ratio: 0.5
    depth_of_discharge: 1.0
