cost_values:
  wind_capex: 5000.0
  wind_opex: 100
  wind_lifetime: 20
  solar_capex: 1000.0
  solar_opex: 10
  solar_lifetime: 20
  carbon_price: 1.0
timeseries_values:
  load_level: 240028.87604351828
  wind_year: 2015
  solar_year: 2017
  price_year: 2023
  carbon_year: 2023
storage_values:
  CAES:
    cost: 60.4374
    lifetime: 23.2547
    annual_cost: 2.598932688875797
    efficiency: 0.628464
    discharge_ratio: 0.1
    depth_of_discharge: 0.4
  Li-ion:
    cost: 254.073
    lifetime: 19.0079
    annual_cost: 13.366705422482232
    efficiency: 0.947587
    discharge_ratio: 2
    depth_of_discharge: 0.9
  Pb-acid:
    cost: 103.227
    lifetime: 11.5521
    annual_cost: 8.935777910509778
    efficiency: 0.662278
    discharge_ratio: 5
    depth_of_discharge: 0.5
  VRBF:
    cost: 264.143
    lifetime: 20.3102
    annual_cost: 13.00543569241071
    efficiency: 0.679429
    discharge_ratio: 0.5
    depth_of_discharge: 1.0
