cost_values:
  wind_capex: 5000.0
  wind_opex: 100
  wind_lifetime: 20
  solar_capex: 1000.0
  solar_opex: 10
  solar_lifetime: 20
  carbon_price: 1.0
timeseries_values:
  load_level: 240028.87604351828
  wind_year: 2015
  solar_year: 2017
  price_year: 2023
  carbon_year: 2023
storage_values:
  CAES:
    cost: 56.9105
    lifetime: 22.1187
    annual_cost: 2.5729586277674548
    efficiency: 0.627254
    discharge_ratio: 0.1
    depth_of_discharge: 0.4
  Li-ion:
    cost: 258.75
    lifetime: 19.2397
    annual_cost: 13.448754398457357
    efficiency: 0.91394
    discharge_ratio: 2
    depth_of_discharge: 0.9
  Pb-acid:
    cost: 139.139
    lifetime: 10.175
    annual_cost: 13.674594594594595
    efficiency: 0.654486
    discharge_ratio: 5
    depth_of_discharge: 0.5
  VRBF:
    cost: 307.535
    lifetime: 19.417
    annual_cost: 15.838440541793274
    efficiency: 0.657371
    discharge_ratio: 0.5
    depth_of_discharge: 1.0
