cost_values:
  wind_capex: 5000.0
  wind_opex: 100
  wind_lifetime: 20
  solar_capex: 1000.0
  solar_opex: 10
  solar_lifetime: 20
  carbon_price: 1.0
timeseries_values:
  load_level: 240028.87604351828
  wind_year: 2015
  solar_year: 2017
  price_year: 2023
  carbon_year: 2023
storage_values:
  CAES:
    cost: 59.7967
    lifetime: 24.7488
    annual_cost: 2.4161454292733384
    efficiency: 0.627927
    discharge_ratio: 0.1
    depth_of_discharge: 0.4
  Li-ion:
    cost: 243.187
    lifetime: 18.7954
    annual_cost: 12.93864456196729
    efficiency: 0.913498
    discharge_ratio: 2
    depth_of_discharge: 0.9
  Pb-acid:
    cost: 122.027
    lifetime: 10.802
    annual_cost: 11.296704314015923
    efficiency: 0.658572
    discharge_ratio: 5
    depth_of_discharge: 0.5
  VRBF:
    cost: 313.072
    lifetime: 18.1761
    annual_cost: 17.22437706658744
    efficiency: 0.668232
    discharge_ratio: 0.5
    depth_of_discharge: 1.0
