cost_values:
  wind_capex: 5000.0
  wind_opex: 100
  wind_lifetime: 20
  solar_capex: 1000.0
  solar_opex: 10
  solar_lifetime: 20
  carbon_price: 1.0
timeseries_values:
  load_level: 240028.87604351828
  wind_year: 2015
  solar_year: 2017
  price_year: 2023
  carbon_year: 2023
storage_values:
  CAES:
    cost: 56.2557
    lifetime: 24.3428
    annual_cost: 2.3109790163826673
    efficiency: 0.627158
    discharge_ratio: 0.1
    depth_of_discharge: 0.4
  Li-ion:
    cost: 244.043
    lifetime: 18.7809
    annual_cost: 12.994212204952905
    efficiency: 0.930724
    discharge_ratio: 2
    depth_of_discharge: 0.9
  Pb-acid:
    cost: 116.086
    lifetime: 9.7795
    annual_cost: 11.870341019479524
    efficiency: 0.666134
    discharge_ratio: 5
    depth_of_discharge: 0.5
  VRBF:
    cost: 293.496
    lifetime: 18.8596
    annual_cost: 15.562154022354662
    efficiency: 0.680911
    discharge_ratio: 0.5
    depth_of_discharge: 1.0
