cost_values:
  wind_capex: 5000.0
  wind_opex: 100
  wind_lifetime: 20
  solar_capex: 1000.0
  solar_opex: 10
  solar_lifetime: 20
  carbon_price: 1.0
timeseries_values:
  load_level: 240028.87604351828
  wind_year: 2015
  solar_year: 2017
  price_year: 2023
  carbon_year: 2023
storage_values:
  CAES:
    cost: 61.5168
    lifetime: 23.5688
    annual_cost: 2.6100947014697398
    efficiency: 0.626213
    discharge_ratio: 0.1
    depth_of_discharge: 0.4
  Li-ion:
    cost: 244.886
    lifetime: 19.0354
    annual_cost: 12.864767748510669
    efficiency: 0.955202
    discharge_ratio: 2
    depth_of_discharge: 0.9
  Pb-acid:
    cost: 102.025
    lifetime: 9.89234
    annual_cost: 10.313535523445413
    efficiency: 0.652693
    discharge_ratio: 5
    depth_of_discharge: 0.5
  VRBF:
    cost: 281.457
    lifetime: 20.9305
    annual_cost: 13.447218174434438
    efficiency: 0.677314
    discharge_ratio: 0.5
    depth_of_discharge: 1.0
