cost_values:
  wind_capex: 5000.0
  wind_opex: 100
  wind_lifetime: 20
  solar_capex: 1000.0
  solar_opex: 10
  solar_lifetime: 20
  carbon_price: 1.0
timeseries_values:
  load_level: 240028.87604351828
  wind_year: 2015
  solar_year: 2017
  price_year: 2023
  carbon_year: 2023
storage_values:
  CAES:
    cost: 56.5313
    lifetime: 23.7413
    annual_cost: 2.381137511425238
    efficiency: 0.621856
    discharge_ratio: 0.1
    depth_of_discharge: 0.4
  Li-ion:
    cost: 271.309
    lifetime: 19.0042
    annual_cost: 14.276265246629693
    efficiency: 0.926776
    discharge_ratio: 2
    depth_of_discharge: 0.9
  Pb-acid:
    cost: 127.001
    lifetime: 10.048
    annual_cost: 12.639430732484076
    efficiency: 0.670342
    discharge_ratio: 5
    depth_of_discharge: 0.5
  VRBF:
    cost: 276.549
    lifetime: 18.4464
    annual_cost: 14.992030965391619
    efficiency: 0.686154
    discharge_ratio: 0.5
    depth_of_discharge: 1.0
