cost_values:
  wind_capex: 5000.0
  wind_opex: 100
  wind_lifetime: 20
  solar_capex: 1000.0
  solar_opex: 10
  solar_lifetime: 20
  carbon_price: 1.0
timeseries_values:
  load_level: 240028.87604351828
  wind_year: 2015
  solar_year: 2017
  price_year: 2023
  carbon_year: 2023
storage_values:
  CAES:
    cost: 57.4894
    lifetime: 24.1962
    annual_cost: 2.375968127226589
    efficiency: 0.635419
    discharge_ratio: 0.1
    depth_of_discharge: 0.4
  Li-ion:
    cost: 255.408
    lifetime: 18.1619
    annual_cost: 14.062845847626074
    efficiency: 0.945993
    discharge_ratio: 2
    depth_of_discharge: 0.9
  Pb-acid:
    cost: 120.64
    lifetime: 9.49549
    annual_cost: 12.704978889978294
    efficiency: 0.673534
    discharge_ratio: 5
    depth_of_discharge: 0.5
  VRBF:
    cost: 248.86
    lifetime: 19.9904
    annual_cost: 12.448975508243958
    efficiency: 0.678464
    discharge_ratio: 0.5
    depth_of_discharge: 1.0
