cost_values:
  wind_capex: 5000.0
  wind_opex: 100
  wind_lifetime: 20
  solar_capex: 1000.0
  solar_opex: 10
  solar_lifetime: 20
  carbon_price: 1.0
timeseries_values:
  load_level: 240028.87604351828
  wind_year: 2015
  solar_year: 2017
  price_year: 2023
  carbon_year: 2023
storage_values:
  CAES:
    cost: 63.7687
    lifetime: 23.8935
    annual_cost: 2.6688722874421917
    efficiency: 0.621014
    discharge_ratio: 0.1
    depth_of_discharge: 0.4
  Li-ion:
    cost: 266.617
    lifetime: 19.2013
    annual_cost: 13.885361928619417
    efficiency: 0.92738
    discharge_ratio: 2
    depth_of_discharge: 0.9
  Pb-acid:
    cost: 147.275
    lifetime: 10.6462
    annual_cost: 13.83357442092014
    efficiency: 0.660221
    discharge_ratio: 5
    depth_of_discharge: 0.5
  VRBF:
    cost: 280.269
    lifetime: 18.662
    annual_cost: 15.018165255599616
    efficiency: 0.666407
    discharge_ratio: 0.5
    depth_of_discharge: 1.0
