cost_values:
  wind_capex: 5000.0
  wind_opex: 100
  wind_lifetime: 20
  solar_capex: 1000.0
  solar_opex: 10
  solar_lifetime: 20
  carbon_price: 1.0
timeseries_values:
  load_level: 240028.87604351828
  wind_year: 2015
  solar_year: 2017
  price_year: 2023
  carbon_year: 2023
storage_values:
  CAES:
    cost: 54.3611
    lifetime: 23.3203
    annual_cost: 2.3310634940373838
    efficiency: 0.637831
    discharge_ratio: 0.1
    depth_of_discharge: 0.4
  Li-ion:
    cost: 230.099
    lifetime: 20.6478
    annual_cost: 11.143995970515018
    efficiency: 0.933353
    discharge_ratio: 2
    depth_of_discharge: 0.9
  Pb-acid:
    cost: 120.506
    lifetime: 11.0383
    annual_cost: 10.917079622768
    efficiency: 0.667892
    discharge_ratio: 5
    depth_of_discharge: 0.5
  VRBF:
    cost: 319.935
    lifetime: 18.7348
    annual_cost: 17.077043790165895
    efficiency: 0.672551
    discharge_ratio: 0.5
    depth_of_discharge: 1.0
