cost_values:
  wind_capex: 5000.0
  wind_opex: 100
  wind_lifetime: 20
  solar_capex: 1000.0
  solar_opex: 10
  solar_lifetime: 20
  carbon_price: 1.0
timeseries_values:
  load_level: 240028.87604351828
  wind_year: 2015
  solar_year: 2017
  price_year: 2023
  carbon_year: 2023
storage_values:
  CAES:
    cost: 59.8094
    lifetime: 23.602
    annual_cost: 2.534081857469706
    efficiency: 0.639692
    discharge_ratio: 0.1
    depth_of_discharge: 0.4
  Li-ion:
    cost: 265.27
    lifetime: 18.7277
    annual_cost: 14.164579740170977
    efficiency: 0.940084
    discharge_ratio: 2
    depth_of_discharge: 0.9
  Pb-acid:
    cost: 126.944
    lifetime: 9.71377
    annual_cost: 13.068458487281458
    efficiency: 0.651173
    discharge_ratio: 5
    depth_of_discharge: 0.5
  VRBF:
    cost: 282.732
    lifetime: 21.14
    annual_cost: 13.37426679280984
    efficiency: 0.66324
    discharge_ratio: 0.5
    depth_of_discharge: 1.0
