cost_values:
  wind_capex: 5000.0
  wind_opex: 100
  wind_lifetime: 20
  solar_capex: 1000.0
  solar_opex: 10
  solar_lifetime: 20
  carbon_price: 1.0
timeseries_values:
  load_level: 240028.87604351828
  wind_year: 2015
  solar_year: 2017
  price_year: 2023
  carbon_year: 2023
storage_values:
  CAES:
    cost: 58.8207
    lifetime: 24.1526
    annual_cost: 2.435377557695652
    efficiency: 0.630281
    discharge_ratio: 0.1
    depth_of_discharge: 0.4
  Li-ion:
    cost: 265.626
    lifetime: 17.4987
    annual_cost: 15.179756210461347
    efficiency: 0.933629
    discharge_ratio: 2
    depth_of_discharge: 0.9
  Pb-acid:
    cost: 133.183
    lifetime: 9.91511
    annual_cost: 13.432327024107648
    efficiency: 0.655999
    discharge_ratio: 5
    depth_of_discharge: 0.5
  VRBF:
    cost: 263.221
    lifetime: 18.6545
    annual_cost: 14.110321906242463
    efficiency: 0.665115
    discharge_ratio: 0.5
    depth_of_discharge: 1.0
