cost_values:
  wind_capex: 5000.0
  wind_opex: 100
  wind_lifetime: 20
  solar_capex: 1000.0
  solar_opex: 10
  solar_lifetime: 20
  carbon_price: 1.0
timeseries_values:
  load_level: 240028.87604351828
  wind_year: 2015
  solar_year: 2017
  price_year: 2023
  carbon_year: 2023
storage_values:
  CAES:
    cost: 54.4099
    lifetime: 22.7636
    annual_cost: 2.390215080215783
    efficiency: 0.631485
    discharge_ratio: 0.1
    depth_of_discharge: 0.4
  Li-ion:
    cost: 229.943
    lifetime: 19.3541
    annual_cost: 11.88084178546148
    efficiency: 0.932836
    discharge_ratio: 2
    depth_of_discharge: 0.9
  Pb-acid:
    cost: 138.579
    lifetime: 11.1034
    annual_cost: 12.480771655528937
    efficiency: 0.660997
    discharge_ratio: 5
    depth_of_discharge: 0.5
  VRBF:
    cost: 272.032
    lifetime: 17.8176
    annual_cost: 15.267600574712644
    efficiency: 0.678998
    discharge_ratio: 0.5
    depth_of_discharge: 1.0
