cost_values:
  wind_capex: 5000.0
  wind_opex: 100
  wind_lifetime: 20
  solar_capex: 1000.0
  solar_opex: 10
  solar_lifetime: 20
  carbon_price: 1.0
timeseries_values:
  load_level: 240028.87604351828
  wind_year: 2015
  solar_year: 2017
  price_year: 2023
  carbon_year: 2023
storage_values:
  CAES:
    cost: 58.946
    lifetime: 23.1123
    annual_cost: 2.550416877593316
    efficiency: 0.624855
    discharge_ratio: 0.1
    depth_of_discharge: 0.4
  Li-ion:
    cost: 246.495
    lifetime: 18.3173
    annual_cost: 13.456950533102587
    efficiency: 0.929432
    discharge_ratio: 2
    depth_of_discharge: 0.9
  Pb-acid:
    cost: 133.034
    lifetime: 11.1229
    annual_cost: 11.96037004737973
    efficiency: 0.650341
    discharge_ratio: 5
    depth_of_discharge: 0.5
  VRBF:
    cost: 256.971
    lifetime: 19.7487
    annual_cost: 13.012046362545384
    efficiency: 0.665089
    discharge_ratio: 0.5
    depth_of_discharge: 1.0
