cost_values:
  wind_capex: 5000.0
  wind_opex: 100
  wind_lifetime: 20
  solar_capex: 1000.0
  solar_opex: 10
  solar_lifetime: 20
  carbon_price: 1.0
timeseries_values:
  load_level: 240028.87604351828
  wind_year: 2015
  solar_year: 2017
  price_year: 2023
  carbon_year: 2023
storage_values:
  CAES:
    cost: 56.8994
    lifetime: 23.6355
    annual_cost: 2.4073702692983012
    efficiency: 0.627165
    discharge_ratio: 0.1
    depth_of_discharge: 0.4
  Li-ion:
    cost: 249.322
    lifetime: 18.7267
    annual_cost: 13.313717846710846
    efficiency: 0.926653
    discharge_ratio: 2
    depth_of_discharge: 0.9
  Pb-acid:
    cost: 117.787
    lifetime: 9.92924
    annual_cost: 11.862640040929618
    efficiency: 0.656433
    discharge_ratio: 5
    depth_of_discharge: 0.5
  VRBF:
    cost: 239.794
    lifetime: 19.1949
    annual_cost: 12.492589177333564
    efficiency: 0.685933
    discharge_ratio: 0.5
    depth_of_discharge: 1.0
