cost_values:
  wind_capex: 5000.0
  wind_opex: 100
  wind_lifetime: 20
  solar_capex: 1000.0
  solar_opex: 10
  solar_lifetime: 20
  carbon_price: 1.0
timeseries_values:
  load_level: 240028.87604351828
  wind_year: 2015
  solar_year: 2017
  price_year: 2023
  carbon_year: 2023
storage_values:
  CAES:
    cost: 58.1187
    lifetime: 23.6028
    annual_cost: 2.462364634704357
    efficiency: 0.631317
    discharge_ratio: 0.1
    depth_of_discharge: 0.4
  Li-ion:
    cost: 253.538
    lifetime: 18.6709
    annual_cost: 13.579313262885025
    efficiency: 0.934439
    discharge_ratio: 2
    depth_of_discharge: 0.9
  Pb-acid:
    cost: 137.386
    lifetime: 10.4816
    annual_cost: 13.107350022897267
    efficiency: 0.66895
    discharge_ratio: 5
    depth_of_discharge: 0.5
  VRBF:
    cost: 297.181
    lifetime: 17.9634
    annual_cost: 16.543694400837257
    efficiency: 0.660866
    discharge_ratio: 0.5
    depth_of_discharge: 1.0
