cost_values:
  wind_capex: 5000.0
  wind_opex: 100
  wind_lifetime: 20
  solar_capex: 1000.0
  solar_opex: 10
  solar_lifetime: 20
  carbon_price: 1.0
timeseries_values:
  load_level: 240028.87604351828
  wind_year: 2015
  solar_year: 2017
  price_year: 2023
  carbon_year: 2023
storage_values:
  CAES:
    cost: 58.1075
    lifetime: 24.3689
    annual_cost: 2.38449417084891
    efficiency: 0.628901
    discharge_ratio: 0.1
    depth_of_discharge: 0.4
  Li-ion:
    cost: 238.397
    lifetime: 19.2901
    annual_cost: 12.358515507954857
    efficiency: 0.94204
    discharge_ratio: 2
    depth_of_discharge: 0.9
  Pb-acid:
    cost: 137.819
    lifetime: 10.1928
    annual_cost: 13.521211050937916
    efficiency: 0.652674
    discharge_ratio: 5
    depth_of_discharge: 0.5
  VRBF:
    cost: 292.322
    lifetime: 18.736
    annual_cost: 15.602156276686593
    efficiency: 0.664164
    discharge_ratio: 0.5
    depth_of_discharge: 1.0
