cost_values:
  wind_capex: 5000.0
  wind_opex: 100
  wind_lifetime: 20
  solar_capex: 1000.0
  solar_opex: 10
  solar_lifetime: 20
  carbon_price: 1.0
timeseries_values:
  load_level: 240028.87604351828
  wind_year: 2015
  solar_year: 2017
  price_year: 2023
  carbon_year: 2023
storage_values:
  CAES:
    cost: 57.482
    lifetime: 24.7592
    annual_cost: 2.321642056286148
    efficiency: 0.637252
    discharge_ratio: 0.1
    depth_of_discharge: 0.4
  Li-ion:
    cost: 250.065
    lifetime: 18.0757
    annual_cost: 13.834319002860193
    efficiency: 0.940603
    discharge_ratio: 2
    depth_of_discharge: 0.9
  Pb-acid:
    cost: 119.599
    lifetime: 11.1812
    annual_cost: 10.696436876185025
    efficiency: 0.658421
    discharge_ratio: 5
    depth_of_discharge: 0.5
  VRBF:
    cost: 279.245
    lifetime: 18.4218
    annual_cost: 15.158399287800323
    efficiency: 0.659098
    discharge_ratio: 0.5
    depth_of_discharge: 1.0
