cost_values:
  wind_capex: 5000.0
  wind_opex: 100
  wind_lifetime: 20
  solar_capex: 1000.0
  solar_opex: 10
  solar_lifetime: 20
  carbon_price: 1.0
timeseries_values:
  load_level: 240028.87604351828
  wind_year: 2015
  solar_year: 2017
  price_year: 2023
  carbon_year: 2023
storage_values:
  CAES:
    cost: 59.7235
    lifetime: 23.9651
    annual_cost: 2.4921030999244738
    efficiency: 0.630836
    discharge_ratio: 0.1
    depth_of_discharge: 0.4
  Li-ion:
    cost: 243.817
    lifetime: 18.7285
    annual_cost: 13.01850121472622
    efficiency: 0.939699
    discharge_ratio: 2
    depth_of_discharge: 0.9
  Pb-acid:
    cost: 133.943
    lifetime: 9.39961
    annual_cost: 14.249846536186078
    efficiency: 0.65681
    discharge_ratio: 5
    depth_of_discharge: 0.5
  VRBF:
    cost: 267.084
    lifetime: 21.7965
    annual_cost: 12.253526942399008
    efficiency: 0.678267
    discharge_ratio: 0.5
    depth_of_discharge: 1.0
