cost_values:
  wind_capex: 5000.0
  wind_opex: 100
  wind_lifetime: 20
  solar_capex: 1000.0
  solar_opex: 10
  solar_lifetime: 20
  carbon_price: 1.0
timeseries_values:
  load_level: 240028.87604351828
  wind_year: 2015
  solar_year: 2017
  price_year: 2023
  carbon_year: 2023
storage_values:
  CAES:
    cost: 64.5711
    lifetime: 22.6557
    annual_cost: 2.850103947350998
    efficiency: 0.631829
    discharge_ratio: 0.1
    depth_of_discharge: 0.4
  Li-ion:
    cost: 249.193
    lifetime: 19.4353
    annual_cost: 12.821669848162879
    efficiency: 0.922623
    discharge_ratio: 2
    depth_of_discharge: 0.9
  Pb-acid:
    cost: 148.068
    lifetime: 9.71771
    annual_cost: 15.236923102253515
    efficiency: 0.655719
    discharge_ratio: 5
    depth_of_discharge: 0.5
  VRBF:
    cost: 305.824
    lifetime: 16.5655
    annual_cost: 18.461501312969727
    efficiency: 0.66453
    discharge_ratio: 0.5
    depth_of_discharge: 1.0
