cost_values:
  wind_capex: 5000.0
  wind_opex: 100
  wind_lifetime: 20
  solar_capex: 1000.0
  solar_opex: 10
  solar_lifetime: 20
  carbon_price: 1.0
timeseries_values:
  load_level: 240028.87604351828
  wind_year: 2015
  solar_year: 2017
  price_year: 2023
  carbon_year: 2023
storage_values:
  CAES:
    cost: 56.1103
    lifetime: 23.932
    annual_cost: 2.344572121009527
    efficiency: 0.617249
    discharge_ratio: 0.1
    depth_of_discharge: 0.4
  Li-ion:
    cost: 219.084
    lifetime: 18.42
    annual_cost: 11.893811074918565
    efficiency: 0.927472
    discharge_ratio: 2
    depth_of_discharge: 0.9
  Pb-acid:
    cost: 132.533
    lifetime: 9.92575
    annual_cost: 13.352441880966172
    efficiency: 0.65028
    discharge_ratio: 5
    depth_of_discharge: 0.5
  VRBF:
    cost: 242.568
    lifetime: 17.5009
    annual_cost: 13.860315755189733
    efficiency: 0.686117
    discharge_ratio: 0.5
    depth_of_discharge: 1.0
