cost_values:
  wind_capex: 5000.0
  wind_opex: 100
  wind_lifetime: 20
  solar_capex: 1000.0
  solar_opex: 10
  solar_lifetime: 20
  carbon_price: 1.0
timeseries_values:
  load_level: 240028.87604351828
  wind_year: 2015
  solar_year: 2017
  price_year: 2023
  carbon_year: 2023
storage_values:
  CAES:
    cost: 60.7637
    lifetime: 23.2658
    annual_cost: 2.6117176284503434
    efficiency: 0.635537
    discharge_ratio: 0.1
    depth_of_discharge: 0.4
  Li-ion:
    cost: 259.246
    lifetime: 16.9575
    annual_cost: 15.28798466755123
    efficiency: 0.932008
    discharge_ratio: 2
    depth_of_discharge: 0.9
  Pb-acid:
    cost: 128.081
    lifetime: 10.2134
    annual_cost: 12.540486028159084
    efficiency: 0.65606
    discharge_ratio: 5
    depth_of_discharge: 0.5
  VRBF:
    cost: 252.229
    lifetime: 20.7319
    annual_cost: 12.166226925655634
    efficiency: 0.656721
    discharge_ratio: 0.5
    depth_of_discharge: 1.0
