cost_values:
  wind_capex: 5000.0
  wind_opex: 100
  wind_lifetime: 20
  solar_capex: 1000.0
  solar_opex: 10
  solar_lifetime: 20
  carbon_price: 1.0
timeseries_values:
  load_level: 239872.07875022164
  wind_year: 2013
  solar_year: 2018
  price_year: 2023
  carbon_year: 2023
storage_values:
  CAES:
    cost: 22.1902
    lifetime: 22.4775
    annual_cost: 0.9872183294405518
    efficiency: 0.595555
    discharge_ratio: 0.1
    depth_of_discharge: 0.4
  Li-ion:
    cost: 202.962
    lifetime: 25.0547
    annual_cost: 8.100755546863462
    efficiency: 0.904533
    discharge_ratio: 2
    depth_of_discharge: 0.9
  Pb-acid:
    cost: 116.793
    lifetime: 14.1411
    annual_cost: 8.259117041814287
    efficiency: 0.707216
    discharge_ratio: 5
    depth_of_discharge: 0.5
  VRBF:
    cost: 156.264
    lifetime: 19.227
    annual_cost: 8.127320954907162
    efficiency: 0.713301
    discharge_ratio: 0.5
    depth_of_discharge: 1.0
