cost_values:
  wind_capex: 5000.0
  wind_opex: 100
  wind_lifetime: 20
  solar_capex: 1000.0
  solar_opex: 10
  solar_lifetime: 20
  carbon_price: 1.0
timeseries_values:
  load_level: 239872.07875022164
  wind_year: 2013
  solar_year: 2018
  price_year: 2023
  carbon_year: 2023
storage_values:
  CAES:
    cost: 24.2663
    lifetime: 23.2796
    annual_cost: 1.042384748878847
    efficiency: 0.590446
    discharge_ratio: 0.1
    depth_of_discharge: 0.4
  Li-ion:
    cost: 179.651
    lifetime: 26.2687
    annual_cost: 6.838975663051465
    efficiency: 0.903039
    discharge_ratio: 2
    depth_of_discharge: 0.9
  Pb-acid:
    cost: 140.482
    lifetime: 15.7645
    annual_cost: 8.911288020552508
    efficiency: 0.726329
    discharge_ratio: 5
    depth_of_discharge: 0.5
  VRBF:
    cost: 186.477
    lifetime: 19.4095
    annual_cost: 9.60751178546588
    efficiency: 0.745049
    discharge_ratio: 0.5
    depth_of_discharge: 1.0
