cost_values:
  wind_capex: 5000.0
  wind_opex: 100
  wind_lifetime: 20
  solar_capex: 1000.0
  solar_opex: 10
  solar_lifetime: 20
  carbon_price: 1.0
timeseries_values:
  load_level: 239872.07875022164
  wind_year: 2013
  solar_year: 2018
  price_year: 2023
  carbon_year: 2023
storage_values:
  CAES:
    cost: 21.3811
    lifetime: 23.72
    annual_cost: 0.9013954468802698
    efficiency: 0.601734
    discharge_ratio: 0.1
    depth_of_discharge: 0.4
  Li-ion:
    cost: 216.489
    lifetime: 24.3686
    annual_cost: 8.883932601790828
    efficiency: 0.91375
    discharge_ratio: 2
    depth_of_discharge: 0.9
  Pb-acid:
    cost: 137.635
    lifetime: 13.885
    annual_cost: 9.912495498739647
    efficiency: 0.728626
    discharge_ratio: 5
    depth_of_discharge: 0.5
  VRBF:
    cost: 180.782
    lifetime: 19.6891
    annual_cost: 9.181831571783373
    efficiency: 0.748199
    discharge_ratio: 0.5
    depth_of_discharge: 1.0
