cost_values:
  wind_capex: 5000.0
  wind_opex: 100
  wind_lifetime: 20
  solar_capex: 1000.0
  solar_opex: 10
  solar_lifetime: 20
  carbon_price: 1.0
timeseries_values:
  load_level: 239872.07875022164
  wind_year: 2013
  solar_year: 2018
  price_year: 2023
  carbon_year: 2023
storage_values:
  CAES:
    cost: 23.7336
    lifetime: 24.0402
    annual_cost: 0.9872463623430754
    efficiency: 0.597337
    discharge_ratio: 0.1
    depth_of_discharge: 0.4
  Li-ion:
    cost: 204.163
    lifetime: 24.5221
    annual_cost: 8.325673576080353
    efficiency: 0.902599
    discharge_ratio: 2
    depth_of_discharge: 0.9
  Pb-acid:
    cost: 126.811
    lifetime: 13.7707
    annual_cost: 9.208754820016413
    efficiency: 0.736114
    discharge_ratio: 5
    depth_of_discharge: 0.5
  VRBF:
    cost: 185.966
    lifetime: 17.1778
    annual_cost: 10.82594977238063
    efficiency: 0.731354
    discharge_ratio: 0.5
    depth_of_discharge: 1.0
