cost_values:
  wind_capex: 5000.0
  wind_opex: 100
  wind_lifetime: 20
  solar_capex: 1000.0
  solar_opex: 10
  solar_lifetime: 20
  carbon_price: 1.0
timeseries_values:
  load_level: 239872.07875022164
  wind_year: 2013
  solar_year: 2018
  price_year: 2023
  carbon_year: 2023
storage_values:
  CAES:
    cost: 22.0418
    lifetime: 21.8464
    annual_cost: 1.0089442654167278
    efficiency: 0.587467
    discharge_ratio: 0.1
    depth_of_discharge: 0.4
  Li-ion:
    cost: 204.12
    lifetime: 26.4618
    annual_cost: 7.713760968641589
    efficiency: 0.897569
    discharge_ratio: 2
    depth_of_discharge: 0.9
  Pb-acid:
    cost: 123.163
    lifetime: 13.6129
    annual_cost: 9.047521101308318
    efficiency: 0.735438
    discharge_ratio: 5
    depth_of_discharge: 0.5
  VRBF:
    cost: 212.133
    lifetime: 21.5103
    annual_cost: 9.861926611902206
    efficiency: 0.746253
    discharge_ratio: 0.5
    depth_of_discharge: 1.0
