cost_values:
  wind_capex: 5000.0
  wind_opex: 100
  wind_lifetime: 20
  solar_capex: 1000.0
  solar_opex: 10
  solar_lifetime: 20
  carbon_price: 1.0
timeseries_values:
  load_level: 239872.07875022164
  wind_year: 2013
  solar_year: 2018
  price_year: 2023
  carbon_year: 2023
storage_values:
  CAES:
    cost: 23.1635
    lifetime: 22.0335
    annual_cost: 1.0512855424694214
    efficiency: 0.595162
    discharge_ratio: 0.1
    depth_of_discharge: 0.4
  Li-ion:
    cost: 186.609
    lifetime: 26.1059
    annual_cost: 7.148154248656435
    efficiency: 0.903991
    discharge_ratio: 2
    depth_of_discharge: 0.9
  Pb-acid:
    cost: 128.921
    lifetime: 14.9891
    annual_cost: 8.600983381257047
    efficiency: 0.728162
    discharge_ratio: 5
    depth_of_discharge: 0.5
  VRBF:
    cost: 185.829
    lifetime: 18.3474
    annual_cost: 10.128356061349292
    efficiency: 0.747375
    discharge_ratio: 0.5
    depth_of_discharge: 1.0
