cost_values:
  wind_capex: 5000.0
  wind_opex: 100
  wind_lifetime: 20
  solar_capex: 1000.0
  solar_opex: 10
  solar_lifetime: 20
  carbon_price: 1.0
timeseries_values:
  load_level: 239872.07875022164
  wind_year: 2013
  solar_year: 2018
  price_year: 2023
  carbon_year: 2023
storage_values:
  CAES:
    cost: 26.6063
    lifetime: 24.0133
    annual_cost: 1.1079818267376829
    efficiency: 0.602436
    discharge_ratio: 0.1
    depth_of_discharge: 0.4
  Li-ion:
    cost: 163.871
    lifetime: 22.7113
    annual_cost: 7.215394979591657
    efficiency: 0.899428
    discharge_ratio: 2
    depth_of_discharge: 0.9
  Pb-acid:
    cost: 128.55
    lifetime: 15.3003
    annual_cost: 8.401796043214839
    efficiency: 0.718651
    discharge_ratio: 5
    depth_of_discharge: 0.5
  VRBF:
    cost: 166.5
    lifetime: 17.9496
    annual_cost: 9.275972723626154
    efficiency: 0.73236
    discharge_ratio: 0.5
    depth_of_discharge: 1.0
