cost_values:
  wind_capex: 5000.0
  wind_opex: 100
  wind_lifetime: 20
  solar_capex: 1000.0
  solar_opex: 10
  solar_lifetime: 20
  carbon_price: 1.0
timeseries_values:
  load_level: 239872.07875022164
  wind_year: 2013
  solar_year: 2018
  price_year: 2023
  carbon_year: 2023
storage_values:
  CAES:
    cost: 27.1013
    lifetime: 22.2831
    annual_cost: 1.2162266471002687
    efficiency: 0.588271
    discharge_ratio: 0.1
    depth_of_discharge: 0.4
  Li-ion:
    cost: 204.817
    lifetime: 25.51
    annual_cost: 8.02889063112505
    efficiency: 0.898137
    discharge_ratio: 2
    depth_of_discharge: 0.9
  Pb-acid:
    cost: 101.957
    lifetime: 15.1879
    annual_cost: 6.713041302615897
    efficiency: 0.732781
    discharge_ratio: 5
    depth_of_discharge: 0.5
  VRBF:
    cost: 185.833
    lifetime: 20.4757
    annual_cost: 9.07578251292996
    efficiency: 0.733037
    discharge_ratio: 0.5
    depth_of_discharge: 1.0
