cost_values:
  wind_capex: 5000.0
  wind_opex: 100
  wind_lifetime: 20
  solar_capex: 1000.0
  solar_opex: 10
  solar_lifetime: 20
  carbon_price: 1.0
timeseries_values:
  load_level: 239872.07875022164
  wind_year: 2013
  solar_year: 2018
  price_year: 2023
  carbon_year: 2023
storage_values:
  CAES:
    cost: 22.1608
    lifetime: 22.1332
    annual_cost: 1.0012469954638281
    efficiency: 0.598401
    discharge_ratio: 0.1
    depth_of_discharge: 0.4
  Li-ion:
    cost: 194.179
    lifetime: 25.4035
    annual_cost: 7.643789241639931
    efficiency: 0.906112
    discharge_ratio: 2
    depth_of_discharge: 0.9
  Pb-acid:
    cost: 129.05
    lifetime: 16.0594
    annual_cost: 8.035792121748011
    efficiency: 0.743337
    discharge_ratio: 5
    depth_of_discharge: 0.5
  VRBF:
    cost: 192.971
    lifetime: 21.8208
    annual_cost: 8.843442953512247
    efficiency: 0.70936
    discharge_ratio: 0.5
    depth_of_discharge: 1.0
