cost_values:
  wind_capex: 5000.0
  wind_opex: 100
  wind_lifetime: 20
  solar_capex: 1000.0
  solar_opex: 10
  solar_lifetime: 20
  carbon_price: 1.0
timeseries_values:
  load_level: 239872.07875022164
  wind_year: 2013
  solar_year: 2018
  price_year: 2023
  carbon_year: 2023
storage_values:
  CAES:
    cost: 23.0956
    lifetime: 23.4996
    annual_cost: 0.9828082180122215
    efficiency: 0.590446
    discharge_ratio: 0.1
    depth_of_discharge: 0.4
  Li-ion:
    cost: 185.075
    lifetime: 26.3677
    annual_cost: 7.019004312093963
    efficiency: 0.905604
    discharge_ratio: 2
    depth_of_discharge: 0.9
  Pb-acid:
    cost: 131.751
    lifetime: 14.9718
    annual_cost: 8.799943894521702
    efficiency: 0.741827
    discharge_ratio: 5
    depth_of_discharge: 0.5
  VRBF:
    cost: 183.628
    lifetime: 20.4677
    annual_cost: 8.97159915378865
    efficiency: 0.730499
    discharge_ratio: 0.5
    depth_of_discharge: 1.0
