cost_values:
  wind_capex: 5000.0
  wind_opex: 100
  wind_lifetime: 20
  solar_capex: 1000.0
  solar_opex: 10
  solar_lifetime: 20
  carbon_price: 1.0
timeseries_values:
  load_level: 239872.07875022164
  wind_year: 2013
  solar_year: 2018
  price_year: 2023
  carbon_year: 2023
storage_values:
  CAES:
    cost: 21.5228
    lifetime: 23.1776
    annual_cost: 0.928603479221317
    efficiency: 0.606993
    discharge_ratio: 0.1
    depth_of_discharge: 0.4
  Li-ion:
    cost: 190.62
    lifetime: 26.5957
    annual_cost: 7.167324041104389
    efficiency: 0.902677
    discharge_ratio: 2
    depth_of_discharge: 0.9
  Pb-acid:
    cost: 139.428
    lifetime: 14.6665
    annual_cost: 9.506562574574712
    efficiency: 0.729745
    discharge_ratio: 5
    depth_of_discharge: 0.5
  VRBF:
    cost: 184.946
    lifetime: 23.2947
    annual_cost: 7.939402525037885
    efficiency: 0.724705
    discharge_ratio: 0.5
    depth_of_discharge: 1.0
