cost_values:
  wind_capex: 5000.0
  wind_opex: 100
  wind_lifetime: 20
  solar_capex: 1000.0
  solar_opex: 10
  solar_lifetime: 20
  carbon_price: 1.0
timeseries_values:
  load_level: 239872.07875022164
  wind_year: 2013
  solar_year: 2018
  price_year: 2023
  carbon_year: 2023
storage_values:
  CAES:
    cost: 25.9748
    lifetime: 22.8491
    annual_cost: 1.1367975106240509
    efficiency: 0.597203
    discharge_ratio: 0.1
    depth_of_discharge: 0.4
  Li-ion:
    cost: 196.237
    lifetime: 26.766
    annual_cost: 7.331577374280804
    efficiency: 0.909501
    discharge_ratio: 2
    depth_of_discharge: 0.9
  Pb-acid:
    cost: 136.745
    lifetime: 13.9128
    annual_cost: 9.828718877580357
    efficiency: 0.726826
    discharge_ratio: 5
    depth_of_discharge: 0.5
  VRBF:
    cost: 208.387
    lifetime: 17.97
    annual_cost: 11.59638286032276
    efficiency: 0.735804
    discharge_ratio: 0.5
    depth_of_discharge: 1.0
