cost_values:
  wind_capex: 5000.0
  wind_opex: 100
  wind_lifetime: 20
  solar_capex: 1000.0
  solar_opex: 10
  solar_lifetime: 20
  carbon_price: 1.0
timeseries_values:
  load_level: 239872.07875022164
  wind_year: 2013
  solar_year: 2018
  price_year: 2023
  carbon_year: 2023
storage_values:
  CAES:
    cost: 26.1769
    lifetime: 23.0119
    annual_cost: 1.137537534927581
    efficiency: 0.601869
    discharge_ratio: 0.1
    depth_of_discharge: 0.4
  Li-ion:
    cost: 200.853
    lifetime: 25.0888
    annual_cost: 8.005683811102964
    efficiency: 0.907235
    discharge_ratio: 2
    depth_of_discharge: 0.9
  Pb-acid:
    cost: 138.282
    lifetime: 14.2317
    annual_cost: 9.716478003330593
    efficiency: 0.744226
    discharge_ratio: 5
    depth_of_discharge: 0.5
  VRBF:
    cost: 177.975
    lifetime: 19.6767
    annual_cost: 9.04496180762018
    efficiency: 0.731537
    discharge_ratio: 0.5
    depth_of_discharge: 1.0
