cost_values:
  wind_capex: 5000.0
  wind_opex: 100
  wind_lifetime: 20
  solar_capex: 1000.0
  solar_opex: 10
  solar_lifetime: 20
  carbon_price: 1.0
timeseries_values:
  load_level: 239872.07875022164
  wind_year: 2013
  solar_year: 2018
  price_year: 2023
  carbon_year: 2023
storage_values:
  CAES:
    cost: 24.4735
    lifetime: 22.9901
    annual_cost: 1.0645234253004554
    efficiency: 0.601624
    discharge_ratio: 0.1
    depth_of_discharge: 0.4
  Li-ion:
    cost: 182.227
    lifetime: 26.1461
    annual_cost: 6.96956716298033
    efficiency: 0.904282
    discharge_ratio: 2
    depth_of_discharge: 0.9
  Pb-acid:
    cost: 139.131
    lifetime: 15.8128
    annual_cost: 8.798631488414449
    efficiency: 0.733603
    discharge_ratio: 5
    depth_of_discharge: 0.5
  VRBF:
    cost: 191.699
    lifetime: 21.3203
    annual_cost: 8.99138379853942
    efficiency: 0.724531
    discharge_ratio: 0.5
    depth_of_discharge: 1.0
