cost_values:
  wind_capex: 5000.0
  wind_opex: 100
  wind_lifetime: 20
  solar_capex: 1000.0
  solar_opex: 10
  solar_lifetime: 20
  carbon_price: 1.0
timeseries_values:
  load_level: 239872.07875022164
  wind_year: 2013
  solar_year: 2018
  price_year: 2023
  carbon_year: 2023
storage_values:
  CAES:
    cost: 22.7039
    lifetime: 23.0674
    annual_cost: 0.9842418304620374
    efficiency: 0.596644
    discharge_ratio: 0.1
    depth_of_discharge: 0.4
  Li-ion:
    cost: 182.626
    lifetime: 23.1769
    annual_cost: 7.879656036829775
    efficiency: 0.897796
    discharge_ratio: 2
    depth_of_discharge: 0.9
  Pb-acid:
    cost: 109.279
    lifetime: 16.7124
    annual_cost: 6.538797539551471
    efficiency: 0.7287
    discharge_ratio: 5
    depth_of_discharge: 0.5
  VRBF:
    cost: 197.881
    lifetime: 19.7183
    annual_cost: 10.035398589127867
    efficiency: 0.73047
    discharge_ratio: 0.5
    depth_of_discharge: 1.0
