cost_values:
  wind_capex: 5000.0
  wind_opex: 100
  wind_lifetime: 20
  solar_capex: 1000.0
  solar_opex: 10
  solar_lifetime: 20
  carbon_price: 1.0
timeseries_values:
  load_level: 239872.07875022164
  wind_year: 2013
  solar_year: 2018
  price_year: 2023
  carbon_year: 2023
storage_values:
  CAES:
    cost: 21.1894
    lifetime: 23.6958
    annual_cost: 0.8942259809755315
    efficiency: 0.600926
    discharge_ratio: 0.1
    depth_of_discharge: 0.4
  Li-ion:
    cost: 204.635
    lifetime: 25.3384
    annual_cost: 8.076082151990654
    efficiency: 0.903475
    discharge_ratio: 2
    depth_of_discharge: 0.9
  Pb-acid:
    cost: 136.568
    lifetime: 15.3027
    annual_cost: 8.924438171041713
    efficiency: 0.719267
    discharge_ratio: 5
    depth_of_discharge: 0.5
  VRBF:
    cost: 198.422
    lifetime: 19.3095
    annual_cost: 10.275874569512416
    efficiency: 0.75993
    discharge_ratio: 0.5
    depth_of_discharge: 1.0
