cost_values:
  wind_capex: 5000.0
  wind_opex: 100
  wind_lifetime: 20
  solar_capex: 1000.0
  solar_opex: 10
  solar_lifetime: 20
  carbon_price: 1.0
timeseries_values:
  load_level: 239872.07875022164
  wind_year: 2013
  solar_year: 2018
  price_year: 2023
  carbon_year: 2023
storage_values:
  CAES:
    cost: 23.0232
    lifetime: 22.4069
    annual_cost: 1.0275049203593536
    efficiency: 0.59913
    discharge_ratio: 0.1
    depth_of_discharge: 0.4
  Li-ion:
    cost: 175.435
    lifetime: 23.9541
    annual_cost: 7.3237984311662725
    efficiency: 0.910258
    discharge_ratio: 2
    depth_of_discharge: 0.9
  Pb-acid:
    cost: 149.0
    lifetime: 14.1199
    annual_cost: 10.552482666307835
    efficiency: 0.731444
    discharge_ratio: 5
    depth_of_discharge: 0.5
  VRBF:
    cost: 210.938
    lifetime: 20.454
    annual_cost: 10.312799452429841
    efficiency: 0.734889
    discharge_ratio: 0.5
    depth_of_discharge: 1.0
