cost_values:
  wind_capex: 5000.0
  wind_opex: 100
  wind_lifetime: 20
  solar_capex: 1000.0
  solar_opex: 10
  solar_lifetime: 20
  carbon_price: 1.0
timeseries_values:
  load_level: 239872.07875022164
  wind_year: 2013
  solar_year: 2018
  price_year: 2023
  carbon_year: 2023
storage_values:
  CAES:
    cost: 27.1005
    lifetime: 23.043
    annual_cost: 1.1760838432495768
    efficiency: 0.587435
    discharge_ratio: 0.1
    depth_of_discharge: 0.4
  Li-ion:
    cost: 204.864
    lifetime: 24.8419
    annual_cost: 8.246712208003414
    efficiency: 0.902344
    discharge_ratio: 2
    depth_of_discharge: 0.9
  Pb-acid:
    cost: 149.155
    lifetime: 13.3443
    annual_cost: 11.17743156253981
    efficiency: 0.728181
    discharge_ratio: 5
    depth_of_discharge: 0.5
  VRBF:
    cost: 204.779
    lifetime: 20.0034
    annual_cost: 10.23720967435536
    efficiency: 0.703904
    discharge_ratio: 0.5
    depth_of_discharge: 1.0
