cost_values:
  wind_capex: 5000.0
  wind_opex: 100
  wind_lifetime: 20
  solar_capex: 1000.0
  solar_opex: 10
  solar_lifetime: 20
  carbon_price: 1.0
timeseries_values:
  load_level: 239872.07875022164
  wind_year: 2013
  solar_year: 2018
  price_year: 2023
  carbon_year: 2023
storage_values:
  CAES:
    cost: 24.2812
    lifetime: 21.8458
    annual_cost: 1.1114813831491637
    efficiency: 0.598459
    discharge_ratio: 0.1
    depth_of_discharge: 0.4
  Li-ion:
    cost: 186.015
    lifetime: 25.2035
    annual_cost: 7.38052254647172
    efficiency: 0.907817
    discharge_ratio: 2
    depth_of_discharge: 0.9
  Pb-acid:
    cost: 132.293
    lifetime: 13.4452
    annual_cost: 9.839422247344778
    efficiency: 0.749605
    discharge_ratio: 5
    depth_of_discharge: 0.5
  VRBF:
    cost: 194.819
    lifetime: 19.4855
    annual_cost: 9.998152472351236
    efficiency: 0.733647
    discharge_ratio: 0.5
    depth_of_discharge: 1.0
