cost_values:
  wind_capex: 5000.0
  wind_opex: 100
  wind_lifetime: 20
  solar_capex: 1000.0
  solar_opex: 10
  solar_lifetime: 20
  carbon_price: 1.0
timeseries_values:
  load_level: 239872.07875022164
  wind_year: 2013
  solar_year: 2018
  price_year: 2023
  carbon_year: 2023
storage_values:
  CAES:
    cost: 25.8637
    lifetime: 23.285
    annual_cost: 1.1107451148808247
    efficiency: 0.591033
    discharge_ratio: 0.1
    depth_of_discharge: 0.4
  Li-ion:
    cost: 178.987
    lifetime: 25.4578
    annual_cost: 7.030733213396287
    efficiency: 0.907803
    discharge_ratio: 2
    depth_of_discharge: 0.9
  Pb-acid:
    cost: 145.617
    lifetime: 14.0616
    annual_cost: 10.355649428230073
    efficiency: 0.734984
    discharge_ratio: 5
    depth_of_discharge: 0.5
  VRBF:
    cost: 196.636
    lifetime: 21.4543
    annual_cost: 9.165342145863534
    efficiency: 0.761227
    discharge_ratio: 0.5
    depth_of_discharge: 1.0
