cost_values:
  wind_capex: 5000.0
  wind_opex: 100
  wind_lifetime: 20
  solar_capex: 1000.0
  solar_opex: 10
  solar_lifetime: 20
  carbon_price: 1.0
timeseries_values:
  load_level: 239872.07875022164
  wind_year: 2013
  solar_year: 2018
  price_year: 2023
  carbon_year: 2023
storage_values:
  CAES:
    cost: 24.6222
    lifetime: 23.134
    annual_cost: 1.0643295582259877
    efficiency: 0.592512
    discharge_ratio: 0.1
    depth_of_discharge: 0.4
  Li-ion:
    cost: 191.468
    lifetime: 24.4338
    annual_cost: 7.836194124532409
    efficiency: 0.906908
    discharge_ratio: 2
    depth_of_discharge: 0.9
  Pb-acid:
    cost: 111.608
    lifetime: 14.7925
    annual_cost: 7.5449045124218355
    efficiency: 0.731977
    discharge_ratio: 5
    depth_of_discharge: 0.5
  VRBF:
    cost: 191.293
    lifetime: 18.173
    annual_cost: 10.526220216805152
    efficiency: 0.720925
    discharge_ratio: 0.5
    depth_of_discharge: 1.0
