cost_values:
  wind_capex: 5000.0
  wind_opex: 100
  wind_lifetime: 20
  solar_capex: 1000.0
  solar_opex: 10
  solar_lifetime: 20
  carbon_price: 1.0
timeseries_values:
  load_level: 239872.07875022164
  wind_year: 2013
  solar_year: 2018
  price_year: 2023
  carbon_year: 2023
storage_values:
  CAES:
    cost: 20.2128
    lifetime: 22.8255
    annual_cost: 0.8855359137806401
    efficiency: 0.60706
    discharge_ratio: 0.1
    depth_of_discharge: 0.4
  Li-ion:
    cost: 192.165
    lifetime: 25.1521
    annual_cost: 7.640117524978033
    efficiency: 0.896274
    discharge_ratio: 2
    depth_of_discharge: 0.9
  Pb-acid:
    cost: 128.875
    lifetime: 14.8827
    annual_cost: 8.659383042055541
    efficiency: 0.724366
    discharge_ratio: 5
    depth_of_discharge: 0.5
  VRBF:
    cost: 175.637
    lifetime: 22.6706
    annual_cost: 7.747346783940434
    efficiency: 0.729845
    discharge_ratio: 0.5
    depth_of_discharge: 1.0
