cost_values:
  wind_capex: 5000.0
  wind_opex: 100
  wind_lifetime: 20
  solar_capex: 1000.0
  solar_opex: 10
  solar_lifetime: 20
  carbon_price: 1.0
timeseries_values:
  load_level: 239872.07875022164
  wind_year: 2013
  solar_year: 2018
  price_year: 2023
  carbon_year: 2023
storage_values:
  CAES:
    cost: 26.6484
    lifetime: 22.5374
    annual_cost: 1.182407908631874
    efficiency: 0.597223
    discharge_ratio: 0.1
    depth_of_discharge: 0.4
  Li-ion:
    cost: 163.053
    lifetime: 26.05
    annual_cost: 6.259232245681382
    efficiency: 0.890979
    discharge_ratio: 2
    depth_of_discharge: 0.9
  Pb-acid:
    cost: 125.198
    lifetime: 15.1052
    annual_cost: 8.288403993326801
    efficiency: 0.745695
    discharge_ratio: 5
    depth_of_discharge: 0.5
  VRBF:
    cost: 180.885
    lifetime: 21.742
    annual_cost: 8.319611811240916
    efficiency: 0.731193
    discharge_ratio: 0.5
    depth_of_discharge: 1.0
