cost_values:
  wind_capex: 5000.0
  wind_opex: 100
  wind_lifetime: 20
  solar_capex: 1000.0
  solar_opex: 10
  solar_lifetime: 20
  carbon_price: 1.0
timeseries_values:
  load_level: 239872.07875022164
  wind_year: 2013
  solar_year: 2018
  price_year: 2023
  carbon_year: 2023
storage_values:
  CAES:
    cost: 25.5336
    lifetime: 24.0442
    annual_cost: 1.0619442526680032
    efficiency: 0.594818
    discharge_ratio: 0.1
    depth_of_discharge: 0.4
  Li-ion:
    cost: 196.543
    lifetime: 26.1649
    annual_cost: 7.511704611903734
    efficiency: 0.908279
    discharge_ratio: 2
    depth_of_discharge: 0.9
  Pb-acid:
    cost: 141.93
    lifetime: 13.7857
    annual_cost: 10.295451083368999
    efficiency: 0.724399
    discharge_ratio: 5
    depth_of_discharge: 0.5
  VRBF:
    cost: 197.338
    lifetime: 18.8772
    annual_cost: 10.45377492424724
    efficiency: 0.731927
    discharge_ratio: 0.5
    depth_of_discharge: 1.0
