cost_values:
  wind_capex: 5000.0
  wind_opex: 100
  wind_lifetime: 20
  solar_capex: 1000.0
  solar_opex: 10
  solar_lifetime: 20
  carbon_price: 1.0
timeseries_values:
  load_level: 239872.07875022164
  wind_year: 2013
  solar_year: 2018
  price_year: 2023
  carbon_year: 2023
storage_values:
  CAES:
    cost: 25.4333
    lifetime: 23.1181
    annual_cost: 1.1001466383483072
    efficiency: 0.595164
    discharge_ratio: 0.1
    depth_of_discharge: 0.4
  Li-ion:
    cost: 213.756
    lifetime: 28.0269
    annual_cost: 7.6268156663776585
    efficiency: 0.909498
    discharge_ratio: 2
    depth_of_discharge: 0.9
  Pb-acid:
    cost: 145.535
    lifetime: 13.0767
    annual_cost: 11.129336912217914
    efficiency: 0.732902
    discharge_ratio: 5
    depth_of_discharge: 0.5
  VRBF:
    cost: 209.08
    lifetime: 20.7785
    annual_cost: 10.062324036865029
    efficiency: 0.742189
    discharge_ratio: 0.5
    depth_of_discharge: 1.0
