cost_values:
  wind_capex: 5000.0
  wind_opex: 100
  wind_lifetime: 20
  solar_capex: 1000.0
  solar_opex: 10
  solar_lifetime: 20
  carbon_price: 1.0
timeseries_values:
  load_level: 239872.07875022164
  wind_year: 2013
  solar_year: 2018
  price_year: 2023
  carbon_year: 2023
storage_values:
  CAES:
    cost: 21.4327
    lifetime: 21.9086
    annual_cost: 0.9782779365180797
    efficiency: 0.602234
    discharge_ratio: 0.1
    depth_of_discharge: 0.4
  Li-ion:
    cost: 189.443
    lifetime: 27.5136
    annual_cost: 6.88543120493138
    efficiency: 0.899537
    discharge_ratio: 2
    depth_of_discharge: 0.9
  Pb-acid:
    cost: 136.795
    lifetime: 15.2462
    annual_cost: 8.972399679920242
    efficiency: 0.725987
    discharge_ratio: 5
    depth_of_discharge: 0.5
  VRBF:
    cost: 198.738
    lifetime: 21.0416
    annual_cost: 9.445004182191468
    efficiency: 0.737615
    discharge_ratio: 0.5
    depth_of_discharge: 1.0
