cost_values:
  wind_capex: 5000.0
  wind_opex: 100
  wind_lifetime: 20
  solar_capex: 1000.0
  solar_opex: 10
  solar_lifetime: 20
  carbon_price: 1.0
timeseries_values:
  load_level: 239872.07875022164
  wind_year: 2013
  solar_year: 2018
  price_year: 2023
  carbon_year: 2023
storage_values:
  CAES:
    cost: 21.3751
    lifetime: 22.2659
    annual_cost: 0.9599926344769356
    efficiency: 0.591355
    discharge_ratio: 0.1
    depth_of_discharge: 0.4
  Li-ion:
    cost: 183.382
    lifetime: 26.6209
    annual_cost: 6.88864764151475
    efficiency: 0.911066
    discharge_ratio: 2
    depth_of_discharge: 0.9
  Pb-acid:
    cost: 133.46
    lifetime: 15.3034
    annual_cost: 8.72093783080884
    efficiency: 0.729498
    discharge_ratio: 5
    depth_of_discharge: 0.5
  VRBF:
    cost: 198.604
    lifetime: 20.0724
    annual_cost: 9.894382335943884
    efficiency: 0.731028
    discharge_ratio: 0.5
    depth_of_discharge: 1.0
