cost_values:
  wind_capex: 5000.0
  wind_opex: 100
  wind_lifetime: 20
  solar_capex: 1000.0
  solar_opex: 10
  solar_lifetime: 20
  carbon_price: 1.0
timeseries_values:
  load_level: 239872.07875022164
  wind_year: 2013
  solar_year: 2018
  price_year: 2023
  carbon_year: 2023
storage_values:
  CAES:
    cost: 27.875
    lifetime: 22.9081
    annual_cost: 1.2168185052448697
    efficiency: 0.616468
    discharge_ratio: 0.1
    depth_of_discharge: 0.4
  Li-ion:
    cost: 183.021
    lifetime: 24.3555
    annual_cost: 7.514565498552688
    efficiency: 0.901859
    discharge_ratio: 2
    depth_of_discharge: 0.9
  Pb-acid:
    cost: 142.052
    lifetime: 15.9844
    annual_cost: 8.886914741873326
    efficiency: 0.735457
    discharge_ratio: 5
    depth_of_discharge: 0.5
  VRBF:
    cost: 207.216
    lifetime: 19.7961
    annual_cost: 10.46751632897389
    efficiency: 0.765246
    discharge_ratio: 0.5
    depth_of_discharge: 1.0
