cost_values:
  wind_capex: 5000.0
  wind_opex: 100
  wind_lifetime: 20
  solar_capex: 1000.0
  solar_opex: 10
  solar_lifetime: 20
  carbon_price: 1.0
timeseries_values:
  load_level: 239872.07875022164
  wind_year: 2013
  solar_year: 2018
  price_year: 2023
  carbon_year: 2023
storage_values:
  CAES:
    cost: 25.2914
    lifetime: 21.6605
    annual_cost: 1.1676277094249903
    efficiency: 0.592963
    discharge_ratio: 0.1
    depth_of_discharge: 0.4
  Li-ion:
    cost: 172.157
    lifetime: 23.9994
    annual_cost: 7.173387668025034
    efficiency: 0.915673
    discharge_ratio: 2
    depth_of_discharge: 0.9
  Pb-acid:
    cost: 113.443
    lifetime: 13.3811
    annual_cost: 8.477853091300416
    efficiency: 0.735554
    discharge_ratio: 5
    depth_of_discharge: 0.5
  VRBF:
    cost: 195.323
    lifetime: 20.1163
    annual_cost: 9.709688163330236
    efficiency: 0.724218
    discharge_ratio: 0.5
    depth_of_discharge: 1.0
