cost_values:
  wind_capex: 5000.0
  wind_opex: 100
  wind_lifetime: 20
  solar_capex: 1000.0
  solar_opex: 10
  solar_lifetime: 20
  carbon_price: 1.0
timeseries_values:
  load_level: 239872.07875022164
  wind_year: 2013
  solar_year: 2018
  price_year: 2023
  carbon_year: 2023
storage_values:
  CAES:
    cost: 21.8837
    lifetime: 21.1886
    annual_cost: 1.0328053764760297
    efficiency: 0.599891
    discharge_ratio: 0.1
    depth_of_discharge: 0.4
  Li-ion:
    cost: 190.064
    lifetime: 25.1889
    annual_cost: 7.545545855515723
    efficiency: 0.901591
    discharge_ratio: 2
    depth_of_discharge: 0.9
  Pb-acid:
    cost: 109.792
    lifetime: 14.1027
    annual_cost: 7.785175888305076
    efficiency: 0.720915
    discharge_ratio: 5
    depth_of_discharge: 0.5
  VRBF:
    cost: 202.862
    lifetime: 18.4585
    annual_cost: 10.990167131673754
    efficiency: 0.746587
    discharge_ratio: 0.5
    depth_of_discharge: 1.0
