cost_values:
  wind_capex: 5000.0
  wind_opex: 100
  wind_lifetime: 20
  solar_capex: 1000.0
  solar_opex: 10
  solar_lifetime: 20
  carbon_price: 1.0
timeseries_values:
  load_level: 239872.07875022164
  wind_year: 2013
  solar_year: 2018
  price_year: 2023
  carbon_year: 2023
storage_values:
  CAES:
    cost: 20.6818
    lifetime: 23.1398
    annual_cost: 0.8937760914096059
    efficiency: 0.59343
    discharge_ratio: 0.1
    depth_of_discharge: 0.4
  Li-ion:
    cost: 197.657
    lifetime: 24.1476
    annual_cost: 8.185368318176549
    efficiency: 0.907212
    discharge_ratio: 2
    depth_of_discharge: 0.9
  Pb-acid:
    cost: 113.752
    lifetime: 14.3401
    annual_cost: 7.932441196365437
    efficiency: 0.729501
    discharge_ratio: 5
    depth_of_discharge: 0.5
  VRBF:
    cost: 190.605
    lifetime: 20.1872
    annual_cost: 9.441874058809542
    efficiency: 0.738862
    discharge_ratio: 0.5
    depth_of_discharge: 1.0
