cost_values:
  wind_capex: 5000.0
  wind_opex: 100
  wind_lifetime: 20
  solar_capex: 1000.0
  solar_opex: 10
  solar_lifetime: 20
  carbon_price: 1.0
timeseries_values:
  load_level: 239872.07875022164
  wind_year: 2013
  solar_year: 2018
  price_year: 2023
  carbon_year: 2023
storage_values:
  CAES:
    cost: 21.2314
    lifetime: 23.466
    annual_cost: 0.9047728628654224
    efficiency: 0.596745
    discharge_ratio: 0.1
    depth_of_discharge: 0.4
  Li-ion:
    cost: 175.72
    lifetime: 27.4314
    annual_cost: 6.405797735441866
    efficiency: 0.91645
    discharge_ratio: 2
    depth_of_discharge: 0.9
  Pb-acid:
    cost: 135.623
    lifetime: 14.6085
    annual_cost: 9.283841599069035
    efficiency: 0.730429
    discharge_ratio: 5
    depth_of_discharge: 0.5
  VRBF:
    cost: 183.051
    lifetime: 19.4183
    annual_cost: 9.426726335467059
    efficiency: 0.750448
    discharge_ratio: 0.5
    depth_of_discharge: 1.0
