cost_values:
  wind_capex: 5000.0
  wind_opex: 100
  wind_lifetime: 20
  solar_capex: 1000.0
  solar_opex: 10
  solar_lifetime: 20
  carbon_price: 1.0
timeseries_values:
  load_level: 239872.07875022164
  wind_year: 2013
  solar_year: 2018
  price_year: 2023
  carbon_year: 2023
storage_values:
  CAES:
    cost: 28.3312
    lifetime: 23.1192
    annual_cost: 1.2254403266549017
    efficiency: 0.607407
    discharge_ratio: 0.1
    depth_of_discharge: 0.4
  Li-ion:
    cost: 195.164
    lifetime: 23.9654
    annual_cost: 8.143573652014988
    efficiency: 0.922312
    discharge_ratio: 2
    depth_of_discharge: 0.9
  Pb-acid:
    cost: 136.867
    lifetime: 16.2739
    annual_cost: 8.410215129747632
    efficiency: 0.719324
    discharge_ratio: 5
    depth_of_discharge: 0.5
  VRBF:
    cost: 196.451
    lifetime: 19.2272
    annual_cost: 10.217348339851876
    efficiency: 0.739223
    discharge_ratio: 0.5
    depth_of_discharge: 1.0
