cost_values:
  wind_capex: 5000.0
  wind_opex: 100
  wind_lifetime: 20
  solar_capex: 1000.0
  solar_opex: 10
  solar_lifetime: 20
  carbon_price: 1.0
timeseries_values:
  load_level: 239872.07875022164
  wind_year: 2013
  solar_year: 2018
  price_year: 2023
  carbon_year: 2023
storage_values:
  CAES:
    cost: 21.6117
    lifetime: 23.1118
    annual_cost: 0.9350937616282592
    efficiency: 0.601354
    discharge_ratio: 0.1
    depth_of_discharge: 0.4
  Li-ion:
    cost: 181.731
    lifetime: 24.2762
    annual_cost: 7.485973916840362
    efficiency: 0.90131
    discharge_ratio: 2
    depth_of_discharge: 0.9
  Pb-acid:
    cost: 121.284
    lifetime: 14.4603
    annual_cost: 8.38737785523122
    efficiency: 0.729624
    discharge_ratio: 5
    depth_of_discharge: 0.5
  VRBF:
    cost: 205.59
    lifetime: 18.1544
    annual_cost: 11.32452738730005
    efficiency: 0.72487
    discharge_ratio: 0.5
    depth_of_discharge: 1.0
