cost_values:
  wind_capex: 5000.0
  wind_opex: 100
  wind_lifetime: 20
  solar_capex: 1000.0
  solar_opex: 10
  solar_lifetime: 20
  carbon_price: 1.0
timeseries_values:
  load_level: 239872.07875022164
  wind_year: 2013
  solar_year: 2018
  price_year: 2023
  carbon_year: 2023
storage_values:
  CAES:
    cost: 23.2776
    lifetime: 22.1652
    annual_cost: 1.0501867792756212
    efficiency: 0.601801
    discharge_ratio: 0.1
    depth_of_discharge: 0.4
  Li-ion:
    cost: 193.073
    lifetime: 24.2182
    annual_cost: 7.972227498327705
    efficiency: 0.913676
    discharge_ratio: 2
    depth_of_discharge: 0.9
  Pb-acid:
    cost: 112.051
    lifetime: 14.4325
    annual_cost: 7.763796985969168
    efficiency: 0.729541
    discharge_ratio: 5
    depth_of_discharge: 0.5
  VRBF:
    cost: 221.76
    lifetime: 18.1083
    annual_cost: 12.246317986779543
    efficiency: 0.731489
    discharge_ratio: 0.5
    depth_of_discharge: 1.0
