cost_values:
  wind_capex: 5000.0
  wind_opex: 100
  wind_lifetime: 20
  solar_capex: 1000.0
  solar_opex: 10
  solar_lifetime: 20
  carbon_price: 1.0
timeseries_values:
  load_level: 239872.07875022164
  wind_year: 2013
  solar_year: 2018
  price_year: 2023
  carbon_year: 2023
storage_values:
  CAES:
    cost: 25.9044
    lifetime: 23.21
    annual_cost: 1.1160878931495044
    efficiency: 0.582635
    discharge_ratio: 0.1
    depth_of_discharge: 0.4
  Li-ion:
    cost: 174.841
    lifetime: 25.3177
    annual_cost: 6.905880075994266
    efficiency: 0.913996
    discharge_ratio: 2
    depth_of_discharge: 0.9
  Pb-acid:
    cost: 128.47
    lifetime: 14.2479
    annual_cost: 9.016767383263499
    efficiency: 0.701497
    discharge_ratio: 5
    depth_of_discharge: 0.5
  VRBF:
    cost: 180.46
    lifetime: 17.7708
    annual_cost: 10.154860782857272
    efficiency: 0.728649
    discharge_ratio: 0.5
    depth_of_discharge: 1.0
