cost_values:
  wind_capex: 5000.0
  wind_opex: 100
  wind_lifetime: 20
  solar_capex: 1000.0
  solar_opex: 10
  solar_lifetime: 20
  carbon_price: 1.0
timeseries_values:
  load_level: 239872.07875022164
  wind_year: 2013
  solar_year: 2018
  price_year: 2023
  carbon_year: 2023
storage_values:
  CAES:
    cost: 26.4832
    lifetime: 22.7864
    annual_cost: 1.1622371238984657
    efficiency: 0.60188
    discharge_ratio: 0.1
    depth_of_discharge: 0.4
  Li-ion:
    cost: 210.977
    lifetime: 27.8089
    annual_cost: 7.586671892811294
    efficiency: 0.896145
    discharge_ratio: 2
    depth_of_discharge: 0.9
  Pb-acid:
    cost: 137.303
    lifetime: 15.2641
    annual_cost: 8.995158574694873
    efficiency: 0.737291
    discharge_ratio: 5
    depth_of_discharge: 0.5
  VRBF:
    cost: 195.958
    lifetime: 19.0059
    annual_cost: 10.310377303889844
    efficiency: 0.746023
    discharge_ratio: 0.5
    depth_of_discharge: 1.0
