cost_values:
  wind_capex: 5000.0
  wind_opex: 100
  wind_lifetime: 20
  solar_capex: 1000.0
  solar_opex: 10
  solar_lifetime: 20
  carbon_price: 1.0
timeseries_values:
  load_level: 239872.07875022164
  wind_year: 2013
  solar_year: 2018
  price_year: 2023
  carbon_year: 2023
storage_values:
  CAES:
    cost: 25.7085
    lifetime: 22.6349
    annual_cost: 1.135790306120195
    efficiency: 0.586095
    discharge_ratio: 0.1
    depth_of_discharge: 0.4
  Li-ion:
    cost: 181.895
    lifetime: 25.8025
    annual_cost: 7.049510706326907
    efficiency: 0.892581
    discharge_ratio: 2
    depth_of_discharge: 0.9
  Pb-acid:
    cost: 145.608
    lifetime: 15.5295
    annual_cost: 9.37621945329856
    efficiency: 0.731702
    discharge_ratio: 5
    depth_of_discharge: 0.5
  VRBF:
    cost: 163.809
    lifetime: 22.6297
    annual_cost: 7.238673071229402
    efficiency: 0.736997
    discharge_ratio: 0.5
    depth_of_discharge: 1.0
