cost_values:
  wind_capex: 5000.0
  wind_opex: 100
  wind_lifetime: 20
  solar_capex: 1000.0
  solar_opex: 10
  solar_lifetime: 20
  carbon_price: 1.0
timeseries_values:
  load_level: 239872.07875022164
  wind_year: 2013
  solar_year: 2018
  price_year: 2023
  carbon_year: 2023
storage_values:
  CAES:
    cost: 24.5077
    lifetime: 22.7891
    annual_cost: 1.075413245806109
    efficiency: 0.592059
    discharge_ratio: 0.1
    depth_of_discharge: 0.4
  Li-ion:
    cost: 172.519
    lifetime: 25.3081
    annual_cost: 6.81675036845911
    efficiency: 0.907858
    discharge_ratio: 2
    depth_of_discharge: 0.9
  Pb-acid:
    cost: 130.375
    lifetime: 14.3504
    annual_cost: 9.08511261010146
    efficiency: 0.729586
    discharge_ratio: 5
    depth_of_discharge: 0.5
  VRBF:
    cost: 190.879
    lifetime: 21.4181
    annual_cost: 8.912041684369761
    efficiency: 0.725847
    discharge_ratio: 0.5
    depth_of_discharge: 1.0
