cost_values:
  wind_capex: 5000.0
  wind_opex: 100
  wind_lifetime: 20
  solar_capex: 1000.0
  solar_opex: 10
  solar_lifetime: 20
  carbon_price: 1.0
timeseries_values:
  load_level: 239872.07875022164
  wind_year: 2013
  solar_year: 2018
  price_year: 2023
  carbon_year: 2023
storage_values:
  CAES:
    cost: 22.1236
    lifetime: 21.6681
    annual_cost: 1.0210216862576784
    efficiency: 0.599173
    discharge_ratio: 0.1
    depth_of_discharge: 0.4
  Li-ion:
    cost: 187.652
    lifetime: 26.0146
    annual_cost: 7.213334050879121
    efficiency: 0.896602
    discharge_ratio: 2
    depth_of_discharge: 0.9
  Pb-acid:
    cost: 141.616
    lifetime: 15.9189
    annual_cost: 8.896092066662899
    efficiency: 0.726815
    discharge_ratio: 5
    depth_of_discharge: 0.5
  VRBF:
    cost: 207.916
    lifetime: 20.2468
    annual_cost: 10.26907955825118
    efficiency: 0.750679
    discharge_ratio: 0.5
    depth_of_discharge: 1.0
