cost_values:
  wind_capex: 5000.0
  wind_opex: 100
  wind_lifetime: 20
  solar_capex: 1000.0
  solar_opex: 10
  solar_lifetime: 20
  carbon_price: 1.0
timeseries_values:
  load_level: 263234.26734779973
  wind_year: 2012
  solar_year: 2010
  price_year: 2023
  carbon_year: 2023
storage_values:
  CAES:
    cost: 57.3535
    lifetime: 27.2615
    annual_cost: 2.1038277424206298
    efficiency: 0.596392
    discharge_ratio: 0.1
    depth_of_discharge: 0.4
  Li-ion:
    cost: 271.271
    lifetime: 23.9304
    annual_cost: 11.335832246849197
    efficiency: 0.921837
    discharge_ratio: 2
    depth_of_discharge: 0.9
  Pb-acid:
    cost: 107.573
    lifetime: 12.8491
    annual_cost: 8.372026056299662
    efficiency: 0.749727
    discharge_ratio: 5
    depth_of_discharge: 0.5
  VRBF:
    cost: 263.102
    lifetime: 23.8234
    annual_cost: 11.043847645592148
    efficiency: 0.717206
    discharge_ratio: 0.5
    depth_of_discharge: 1.0
