cost_values:
  wind_capex: 5000.0
  wind_opex: 100
  wind_lifetime: 20
  solar_capex: 1000.0
  solar_opex: 10
  solar_lifetime: 20
  carbon_price: 1.0
timeseries_values:
  load_level: 263234.26734779973
  wind_year: 2012
  solar_year: 2010
  price_year: 2023
  carbon_year: 2023
storage_values:
  CAES:
    cost: 62.2179
    lifetime: 26.7101
    annual_cost: 2.3293772767604763
    efficiency: 0.6142
    discharge_ratio: 0.1
    depth_of_discharge: 0.4
  Li-ion:
    cost: 251.799
    lifetime: 22.457
    annual_cost: 11.212494990426148
    efficiency: 0.939237
    discharge_ratio: 2
    depth_of_discharge: 0.9
  Pb-acid:
    cost: 106.136
    lifetime: 12.815
    annual_cost: 8.28216933281311
    efficiency: 0.73317
    discharge_ratio: 5
    depth_of_discharge: 0.5
  VRBF:
    cost: 284.94
    lifetime: 23.0674
    annual_cost: 12.352497463953458
    efficiency: 0.731093
    discharge_ratio: 0.5
    depth_of_discharge: 1.0
