cost_values:
  wind_capex: 5000.0
  wind_opex: 100
  wind_lifetime: 20
  solar_capex: 1000.0
  solar_opex: 10
  solar_lifetime: 20
  carbon_price: 1.0
timeseries_values:
  load_level: 263234.26734779973
  wind_year: 2012
  solar_year: 2010
  price_year: 2023
  carbon_year: 2023
storage_values:
  CAES:
    cost: 58.4868
    lifetime: 27.1279
    annual_cost: 2.1559648922327197
    efficiency: 0.607984
    discharge_ratio: 0.1
    depth_of_discharge: 0.4
  Li-ion:
    cost: 250.271
    lifetime: 23.5007
    annual_cost: 10.64951256771075
    efficiency: 0.922636
    discharge_ratio: 2
    depth_of_discharge: 0.9
  Pb-acid:
    cost: 134.84
    lifetime: 10.1646
    annual_cost: 13.265647443086792
    efficiency: 0.742412
    discharge_ratio: 5
    depth_of_discharge: 0.5
  VRBF:
    cost: 260.826
    lifetime: 22.3596
    annual_cost: 11.665056619975314
    efficiency: 0.710771
    discharge_ratio: 0.5
    depth_of_discharge: 1.0
