cost_values:
  wind_capex: 5000.0
  wind_opex: 100
  wind_lifetime: 20
  solar_capex: 1000.0
  solar_opex: 10
  solar_lifetime: 20
  carbon_price: 1.0
timeseries_values:
  load_level: 263234.26734779973
  wind_year: 2012
  solar_year: 2010
  price_year: 2023
  carbon_year: 2023
storage_values:
  CAES:
    cost: 53.766
    lifetime: 27.723
    annual_cost: 1.9394004977816253
    efficiency: 0.620027
    discharge_ratio: 0.1
    depth_of_discharge: 0.4
  Li-ion:
    cost: 247.398
    lifetime: 22.3052
    annual_cost: 11.091494360059539
    efficiency: 0.922695
    discharge_ratio: 2
    depth_of_discharge: 0.9
  Pb-acid:
    cost: 100.228
    lifetime: 11.4021
    annual_cost: 8.79031055682725
    efficiency: 0.748832
    discharge_ratio: 5
    depth_of_discharge: 0.5
  VRBF:
    cost: 252.594
    lifetime: 22.5966
    annual_cost: 11.17840737102042
    efficiency: 0.73143
    discharge_ratio: 0.5
    depth_of_discharge: 1.0
