cost_values:
  wind_capex: 5000.0
  wind_opex: 100
  wind_lifetime: 20
  solar_capex: 1000.0
  solar_opex: 10
  solar_lifetime: 20
  carbon_price: 1.0
timeseries_values:
  load_level: 263234.26734779973
  wind_year: 2012
  solar_year: 2010
  price_year: 2023
  carbon_year: 2023
storage_values:
  CAES:
    cost: 59.6731
    lifetime: 27.7072
    annual_cost: 2.1537037304382975
    efficiency: 0.609603
    discharge_ratio: 0.1
    depth_of_discharge: 0.4
  Li-ion:
    cost: 271.843
    lifetime: 23.8372
    annual_cost: 11.404149816253588
    efficiency: 0.919461
    discharge_ratio: 2
    depth_of_discharge: 0.9
  Pb-acid:
    cost: 122.528
    lifetime: 11.2817
    annual_cost: 10.86077452866146
    efficiency: 0.732059
    discharge_ratio: 5
    depth_of_discharge: 0.5
  VRBF:
    cost: 289.038
    lifetime: 22.2497
    annual_cost: 12.990647064904246
    efficiency: 0.719427
    discharge_ratio: 0.5
    depth_of_discharge: 1.0
