cost_values:
  wind_capex: 5000.0
  wind_opex: 100
  wind_lifetime: 20
  solar_capex: 1000.0
  solar_opex: 10
  solar_lifetime: 20
  carbon_price: 1.0
timeseries_values:
  load_level: 263234.26734779973
  wind_year: 2012
  solar_year: 2010
  price_year: 2023
  carbon_year: 2023
storage_values:
  CAES:
    cost: 48.2201
    lifetime: 27.2873
    annual_cost: 1.7671260989544588
    efficiency: 0.605096
    discharge_ratio: 0.1
    depth_of_discharge: 0.4
  Li-ion:
    cost: 251.427
    lifetime: 22.9347
    annual_cost: 10.962733325484963
    efficiency: 0.930273
    discharge_ratio: 2
    depth_of_discharge: 0.9
  Pb-acid:
    cost: 106.069
    lifetime: 12.0353
    annual_cost: 8.813157960333353
    efficiency: 0.72619
    discharge_ratio: 5
    depth_of_discharge: 0.5
  VRBF:
    cost: 262.165
    lifetime: 22.9707
    annual_cost: 11.413017452667965
    efficiency: 0.714242
    discharge_ratio: 0.5
    depth_of_discharge: 1.0
