cost_values:
  wind_capex: 5000.0
  wind_opex: 100
  wind_lifetime: 20
  solar_capex: 1000.0
  solar_opex: 10
  solar_lifetime: 20
  carbon_price: 1.0
timeseries_values:
  load_level: 263234.26734779973
  wind_year: 2012
  solar_year: 2010
  price_year: 2023
  carbon_year: 2023
storage_values:
  CAES:
    cost: 50.3831
    lifetime: 26.0002
    annual_cost: 1.9377966323335973
    efficiency: 0.611504
    discharge_ratio: 0.1
    depth_of_discharge: 0.4
  Li-ion:
    cost: 274.329
    lifetime: 25.2694
    annual_cost: 10.856173870372862
    efficiency: 0.922343
    discharge_ratio: 2
    depth_of_discharge: 0.9
  Pb-acid:
    cost: 99.2583
    lifetime: 11.0074
    annual_cost: 9.017415556807238
    efficiency: 0.748251
    discharge_ratio: 5
    depth_of_discharge: 0.5
  VRBF:
    cost: 246.447
    lifetime: 22.9703
    annual_cost: 10.728941285050695
    efficiency: 0.717133
    discharge_ratio: 0.5
    depth_of_discharge: 1.0
