cost_values:
  wind_capex: 5000.0
  wind_opex: 100
  wind_lifetime: 20
  solar_capex: 1000.0
  solar_opex: 10
  solar_lifetime: 20
  carbon_price: 1.0
timeseries_values:
  load_level: 263234.26734779973
  wind_year: 2012
  solar_year: 2010
  price_year: 2023
  carbon_year: 2023
storage_values:
  CAES:
    cost: 51.1253
    lifetime: 27.7395
    annual_cost: 1.8430505236215506
    efficiency: 0.599561
    discharge_ratio: 0.1
    depth_of_discharge: 0.4
  Li-ion:
    cost: 241.69
    lifetime: 23.5114
    annual_cost: 10.27969410583802
    efficiency: 0.927434
    discharge_ratio: 2
    depth_of_discharge: 0.9
  Pb-acid:
    cost: 124.449
    lifetime: 12.0876
    annual_cost: 10.295592177107117
    efficiency: 0.758105
    discharge_ratio: 5
    depth_of_discharge: 0.5
  VRBF:
    cost: 246.403
    lifetime: 23.5366
    annual_cost: 10.468929242116532
    efficiency: 0.719268
    discharge_ratio: 0.5
    depth_of_discharge: 1.0
