cost_values:
  wind_capex: 5000.0
  wind_opex: 100
  wind_lifetime: 20
  solar_capex: 1000.0
  solar_opex: 10
  solar_lifetime: 20
  carbon_price: 1.0
timeseries_values:
  load_level: 263234.26734779973
  wind_year: 2012
  solar_year: 2010
  price_year: 2023
  carbon_year: 2023
storage_values:
  CAES:
    cost: 50.1194
    lifetime: 27.1698
    annual_cost: 1.8446731297249153
    efficiency: 0.608387
    discharge_ratio: 0.1
    depth_of_discharge: 0.4
  Li-ion:
    cost: 254.019
    lifetime: 24.1136
    annual_cost: 10.534262822639505
    efficiency: 0.921039
    discharge_ratio: 2
    depth_of_discharge: 0.9
  Pb-acid:
    cost: 103.693
    lifetime: 11.0155
    annual_cost: 9.41337206663338
    efficiency: 0.732149
    discharge_ratio: 5
    depth_of_discharge: 0.5
  VRBF:
    cost: 267.397
    lifetime: 20.6916
    annual_cost: 12.922973573817393
    efficiency: 0.748029
    discharge_ratio: 0.5
    depth_of_discharge: 1.0
