cost_values:
  wind_capex: 5000.0
  wind_opex: 100
  wind_lifetime: 20
  solar_capex: 1000.0
  solar_opex: 10
  solar_lifetime: 20
  carbon_price: 1.0
timeseries_values:
  load_level: 263234.26734779973
  wind_year: 2012
  solar_year: 2010
  price_year: 2023
  carbon_year: 2023
storage_values:
  CAES:
    cost: 51.795
    lifetime: 26.2922
    annual_cost: 1.9699758863845551
    efficiency: 0.600931
    discharge_ratio: 0.1
    depth_of_discharge: 0.4
  Li-ion:
    cost: 255.567
    lifetime: 24.0326
    annual_cost: 10.634180238509359
    efficiency: 0.925991
    discharge_ratio: 2
    depth_of_discharge: 0.9
  Pb-acid:
    cost: 103.97
    lifetime: 11.2656
    annual_cost: 9.228980258486011
    efficiency: 0.738742
    discharge_ratio: 5
    depth_of_discharge: 0.5
  VRBF:
    cost: 261.295
    lifetime: 23.2337
    annual_cost: 11.24637918196413
    efficiency: 0.702854
    discharge_ratio: 0.5
    depth_of_discharge: 1.0
