cost_values:
  wind_capex: 5000.0
  wind_opex: 100
  wind_lifetime: 20
  solar_capex: 1000.0
  solar_opex: 10
  solar_lifetime: 20
  carbon_price: 1.0
timeseries_values:
  load_level: 263234.26734779973
  wind_year: 2012
  solar_year: 2010
  price_year: 2023
  carbon_year: 2023
storage_values:
  CAES:
    cost: 53.2857
    lifetime: 27.165
    annual_cost: 1.9615571507454446
    efficiency: 0.598285
    discharge_ratio: 0.1
    depth_of_discharge: 0.4
  Li-ion:
    cost: 256.393
    lifetime: 23.4203
    annual_cost: 10.947468648992539
    efficiency: 0.919818
    discharge_ratio: 2
    depth_of_discharge: 0.9
  Pb-acid:
    cost: 106.523
    lifetime: 13.0974
    annual_cost: 8.133140928733946
    efficiency: 0.74409
    discharge_ratio: 5
    depth_of_discharge: 0.5
  VRBF:
    cost: 288.87
    lifetime: 23.3174
    annual_cost: 12.388602502851947
    efficiency: 0.702517
    discharge_ratio: 0.5
    depth_of_discharge: 1.0
