cost_values:
  wind_capex: 5000.0
  wind_opex: 100
  wind_lifetime: 20
  solar_capex: 1000.0
  solar_opex: 10
  solar_lifetime: 20
  carbon_price: 1.0
timeseries_values:
  load_level: 263234.26734779973
  wind_year: 2012
  solar_year: 2010
  price_year: 2023
  carbon_year: 2023
storage_values:
  CAES:
    cost: 52.9414
    lifetime: 28.9919
    annual_cost: 1.8260755590354547
    efficiency: 0.601022
    discharge_ratio: 0.1
    depth_of_discharge: 0.4
  Li-ion:
    cost: 280.953
    lifetime: 22.6183
    annual_cost: 12.421490562951236
    efficiency: 0.929189
    discharge_ratio: 2
    depth_of_discharge: 0.9
  Pb-acid:
    cost: 120.711
    lifetime: 10.6995
    annual_cost: 11.281929062105705
    efficiency: 0.739694
    discharge_ratio: 5
    depth_of_discharge: 0.5
  VRBF:
    cost: 280.157
    lifetime: 23.072
    annual_cost: 12.142727115117891
    efficiency: 0.725726
    discharge_ratio: 0.5
    depth_of_discharge: 1.0
