cost_values:
  wind_capex: 5000.0
  wind_opex: 100
  wind_lifetime: 20
  solar_capex: 1000.0
  solar_opex: 10
  solar_lifetime: 20
  carbon_price: 1.0
timeseries_values:
  load_level: 263234.26734779973
  wind_year: 2012
  solar_year: 2010
  price_year: 2023
  carbon_year: 2023
storage_values:
  CAES:
    cost: 53.9232
    lifetime: 27.6663
    annual_cost: 1.9490571561791783
    efficiency: 0.605136
    discharge_ratio: 0.1
    depth_of_discharge: 0.4
  Li-ion:
    cost: 266.805
    lifetime: 22.5079
    annual_cost: 11.853837985773884
    efficiency: 0.91429
    discharge_ratio: 2
    depth_of_discharge: 0.9
  Pb-acid:
    cost: 115.537
    lifetime: 11.8591
    annual_cost: 9.74247624187333
    efficiency: 0.739619
    discharge_ratio: 5
    depth_of_discharge: 0.5
  VRBF:
    cost: 269.194
    lifetime: 21.7744
    annual_cost: 12.362866485414065
    efficiency: 0.729429
    discharge_ratio: 0.5
    depth_of_discharge: 1.0
