cost_values:
  wind_capex: 5000.0
  wind_opex: 100
  wind_lifetime: 20
  solar_capex: 1000.0
  solar_opex: 10
  solar_lifetime: 20
  carbon_price: 1.0
timeseries_values:
  load_level: 263234.26734779973
  wind_year: 2012
  solar_year: 2010
  price_year: 2023
  carbon_year: 2023
storage_values:
  CAES:
    cost: 52.4106
    lifetime: 26.6146
    annual_cost: 1.9692424458755722
    efficiency: 0.604149
    discharge_ratio: 0.1
    depth_of_discharge: 0.4
  Li-ion:
    cost: 262.514
    lifetime: 25.3331
    annual_cost: 10.362490180830612
    efficiency: 0.93377
    discharge_ratio: 2
    depth_of_discharge: 0.9
  Pb-acid:
    cost: 119.274
    lifetime: 11.7678
    annual_cost: 10.135624330801
    efficiency: 0.744104
    discharge_ratio: 5
    depth_of_discharge: 0.5
  VRBF:
    cost: 288.843
    lifetime: 21.0681
    annual_cost: 13.709969100203626
    efficiency: 0.7093
    discharge_ratio: 0.5
    depth_of_discharge: 1.0
