cost_values:
  wind_capex: 5000.0
  wind_opex: 100
  wind_lifetime: 20
  solar_capex: 1000.0
  solar_opex: 10
  solar_lifetime: 20
  carbon_price: 1.0
timeseries_values:
  load_level: 263234.26734779973
  wind_year: 2012
  solar_year: 2010
  price_year: 2023
  carbon_year: 2023
storage_values:
  CAES:
    cost: 56.1788
    lifetime: 27.0601
    annual_cost: 2.0760751068916967
    efficiency: 0.606994
    discharge_ratio: 0.1
    depth_of_discharge: 0.4
  Li-ion:
    cost: 272.523
    lifetime: 22.4616
    annual_cost: 12.13284004701357
    efficiency: 0.915463
    discharge_ratio: 2
    depth_of_discharge: 0.9
  Pb-acid:
    cost: 124.686
    lifetime: 12.1232
    annual_cost: 10.284908275042893
    efficiency: 0.72871
    discharge_ratio: 5
    depth_of_discharge: 0.5
  VRBF:
    cost: 259.989
    lifetime: 22.6909
    annual_cost: 11.457853148178344
    efficiency: 0.719994
    discharge_ratio: 0.5
    depth_of_discharge: 1.0
