cost_values:
  wind_capex: 5000.0
  wind_opex: 100
  wind_lifetime: 20
  solar_capex: 1000.0
  solar_opex: 10
  solar_lifetime: 20
  carbon_price: 1.0
timeseries_values:
  load_level: 263234.26734779973
  wind_year: 2012
  solar_year: 2010
  price_year: 2023
  carbon_year: 2023
storage_values:
  CAES:
    cost: 46.8705
    lifetime: 26.8544
    annual_cost: 1.7453564406577695
    efficiency: 0.598543
    discharge_ratio: 0.1
    depth_of_discharge: 0.4
  Li-ion:
    cost: 248.306
    lifetime: 23.0272
    annual_cost: 10.78316078376876
    efficiency: 0.915366
    discharge_ratio: 2
    depth_of_discharge: 0.9
  Pb-acid:
    cost: 125.267
    lifetime: 11.2749
    annual_cost: 11.11025374947893
    efficiency: 0.7385
    discharge_ratio: 5
    depth_of_discharge: 0.5
  VRBF:
    cost: 244.991
    lifetime: 20.9294
    annual_cost: 11.70559117796019
    efficiency: 0.707971
    discharge_ratio: 0.5
    depth_of_discharge: 1.0
