cost_values:
  wind_capex: 5000.0
  wind_opex: 100
  wind_lifetime: 20
  solar_capex: 1000.0
  solar_opex: 10
  solar_lifetime: 20
  carbon_price: 1.0
timeseries_values:
  load_level: 263234.26734779973
  wind_year: 2012
  solar_year: 2010
  price_year: 2023
  carbon_year: 2023
storage_values:
  CAES:
    cost: 46.5588
    lifetime: 28.0347
    annual_cost: 1.6607561343620583
    efficiency: 0.604148
    discharge_ratio: 0.1
    depth_of_discharge: 0.4
  Li-ion:
    cost: 258.419
    lifetime: 23.017
    annual_cost: 11.22731024894643
    efficiency: 0.924422
    discharge_ratio: 2
    depth_of_discharge: 0.9
  Pb-acid:
    cost: 128.216
    lifetime: 13.004
    annual_cost: 9.85973546601046
    efficiency: 0.734981
    discharge_ratio: 5
    depth_of_discharge: 0.5
  VRBF:
    cost: 255.99
    lifetime: 23.5719
    annual_cost: 10.85996461888944
    efficiency: 0.713847
    discharge_ratio: 0.5
    depth_of_discharge: 1.0
