cost_values:
  wind_capex: 5000.0
  wind_opex: 100
  wind_lifetime: 20
  solar_capex: 1000.0
  solar_opex: 10
  solar_lifetime: 20
  carbon_price: 1.0
timeseries_values:
  load_level: 263234.26734779973
  wind_year: 2012
  solar_year: 2010
  price_year: 2023
  carbon_year: 2023
storage_values:
  CAES:
    cost: 56.0103
    lifetime: 26.5742
    annual_cost: 2.1076946813074335
    efficiency: 0.615631
    discharge_ratio: 0.1
    depth_of_discharge: 0.4
  Li-ion:
    cost: 255.378
    lifetime: 23.108
    annual_cost: 11.051497316946511
    efficiency: 0.928916
    discharge_ratio: 2
    depth_of_discharge: 0.9
  Pb-acid:
    cost: 114.563
    lifetime: 10.8804
    annual_cost: 10.52930039336789
    efficiency: 0.730734
    discharge_ratio: 5
    depth_of_discharge: 0.5
  VRBF:
    cost: 250.498
    lifetime: 23.4062
    annual_cost: 10.702207107518522
    efficiency: 0.730524
    discharge_ratio: 0.5
    depth_of_discharge: 1.0
