cost_values:
  wind_capex: 5000.0
  wind_opex: 100
  wind_lifetime: 20
  solar_capex: 1000.0
  solar_opex: 10
  solar_lifetime: 20
  carbon_price: 1.0
timeseries_values:
  load_level: 263234.26734779973
  wind_year: 2012
  solar_year: 2010
  price_year: 2023
  carbon_year: 2023
storage_values:
  CAES:
    cost: 54.4476
    lifetime: 26.188
    annual_cost: 2.0791049335573546
    efficiency: 0.607395
    discharge_ratio: 0.1
    depth_of_discharge: 0.4
  Li-ion:
    cost: 262.606
    lifetime: 23.3454
    annual_cost: 11.248725659016337
    efficiency: 0.92889
    discharge_ratio: 2
    depth_of_discharge: 0.9
  Pb-acid:
    cost: 107.025
    lifetime: 12.0209
    annual_cost: 8.903243517540284
    efficiency: 0.744521
    discharge_ratio: 5
    depth_of_discharge: 0.5
  VRBF:
    cost: 263.041
    lifetime: 22.4461
    annual_cost: 11.718784109488952
    efficiency: 0.763518
    discharge_ratio: 0.5
    depth_of_discharge: 1.0
