cost_values:
  wind_capex: 5000.0
  wind_opex: 100
  wind_lifetime: 20
  solar_capex: 1000.0
  solar_opex: 10
  solar_lifetime: 20
  carbon_price: 1.0
timeseries_values:
  load_level: 263234.26734779973
  wind_year: 2012
  solar_year: 2010
  price_year: 2023
  carbon_year: 2023
storage_values:
  CAES:
    cost: 52.276
    lifetime: 26.8673
    annual_cost: 1.9457109571858728
    efficiency: 0.610648
    discharge_ratio: 0.1
    depth_of_discharge: 0.4
  Li-ion:
    cost: 267.1
    lifetime: 23.7395
    annual_cost: 11.251290044019463
    efficiency: 0.919093
    discharge_ratio: 2
    depth_of_discharge: 0.9
  Pb-acid:
    cost: 114.956
    lifetime: 11.715
    annual_cost: 9.812718736662399
    efficiency: 0.742972
    discharge_ratio: 5
    depth_of_discharge: 0.5
  VRBF:
    cost: 274.333
    lifetime: 23.2328
    annual_cost: 11.808004200957267
    efficiency: 0.734358
    discharge_ratio: 0.5
    depth_of_discharge: 1.0
