cost_values:
  wind_capex: 5000.0
  wind_opex: 100
  wind_lifetime: 20
  solar_capex: 1000.0
  solar_opex: 10
  solar_lifetime: 20
  carbon_price: 1.0
timeseries_values:
  load_level: 263234.26734779973
  wind_year: 2012
  solar_year: 2010
  price_year: 2023
  carbon_year: 2023
storage_values:
  CAES:
    cost: 58.2755
    lifetime: 27.6091
    annual_cost: 2.110735228602164
    efficiency: 0.60749
    discharge_ratio: 0.1
    depth_of_discharge: 0.4
  Li-ion:
    cost: 247.774
    lifetime: 23.9384
    annual_cost: 10.350482906125722
    efficiency: 0.923858
    discharge_ratio: 2
    depth_of_discharge: 0.9
  Pb-acid:
    cost: 119.04
    lifetime: 11.5122
    annual_cost: 10.340334601553135
    efficiency: 0.73912
    discharge_ratio: 5
    depth_of_discharge: 0.5
  VRBF:
    cost: 251.697
    lifetime: 23.5122
    annual_cost: 10.70495317324623
    efficiency: 0.726318
    discharge_ratio: 0.5
    depth_of_discharge: 1.0
