cost_values:
  wind_capex: 5000.0
  wind_opex: 100
  wind_lifetime: 20
  solar_capex: 1000.0
  solar_opex: 10
  solar_lifetime: 20
  carbon_price: 1.0
timeseries_values:
  load_level: 263234.26734779973
  wind_year: 2012
  solar_year: 2010
  price_year: 2023
  carbon_year: 2023
storage_values:
  CAES:
    cost: 55.178
    lifetime: 26.1344
    annual_cost: 2.111316885025101
    efficiency: 0.613192
    discharge_ratio: 0.1
    depth_of_discharge: 0.4
  Li-ion:
    cost: 250.485
    lifetime: 25.0075
    annual_cost: 10.016395081475558
    efficiency: 0.91678
    discharge_ratio: 2
    depth_of_discharge: 0.9
  Pb-acid:
    cost: 116.216
    lifetime: 13.0839
    annual_cost: 8.882366878377242
    efficiency: 0.751569
    discharge_ratio: 5
    depth_of_discharge: 0.5
  VRBF:
    cost: 298.853
    lifetime: 22.4477
    annual_cost: 13.313301585463098
    efficiency: 0.732731
    discharge_ratio: 0.5
    depth_of_discharge: 1.0
