cost_values:
  wind_capex: 5000.0
  wind_opex: 100
  wind_lifetime: 20
  solar_capex: 1000.0
  solar_opex: 10
  solar_lifetime: 20
  carbon_price: 1.0
timeseries_values:
  load_level: 263234.26734779973
  wind_year: 2012
  solar_year: 2010
  price_year: 2023
  carbon_year: 2023
storage_values:
  CAES:
    cost: 47.5202
    lifetime: 27.02
    annual_cost: 1.7587046632124355
    efficiency: 0.613046
    discharge_ratio: 0.1
    depth_of_discharge: 0.4
  Li-ion:
    cost: 256.327
    lifetime: 22.4081
    annual_cost: 11.439033206742204
    efficiency: 0.916471
    discharge_ratio: 2
    depth_of_discharge: 0.9
  Pb-acid:
    cost: 131.004
    lifetime: 12.8256
    annual_cost: 10.214258982035927
    efficiency: 0.730813
    discharge_ratio: 5
    depth_of_discharge: 0.5
  VRBF:
    cost: 231.975
    lifetime: 21.9696
    annual_cost: 10.558908673803801
    efficiency: 0.709948
    discharge_ratio: 0.5
    depth_of_discharge: 1.0
