cost_values:
  wind_capex: 5000.0
  wind_opex: 100
  wind_lifetime: 20
  solar_capex: 1000.0
  solar_opex: 10
  solar_lifetime: 20
  carbon_price: 1.0
timeseries_values:
  load_level: 263234.26734779973
  wind_year: 2012
  solar_year: 2010
  price_year: 2023
  carbon_year: 2023
storage_values:
  CAES:
    cost: 45.7048
    lifetime: 28.0768
    annual_cost: 1.6278493275586963
    efficiency: 0.6076
    discharge_ratio: 0.1
    depth_of_discharge: 0.4
  Li-ion:
    cost: 275.252
    lifetime: 25.2024
    annual_cost: 10.921658254769387
    efficiency: 0.926003
    discharge_ratio: 2
    depth_of_discharge: 0.9
  Pb-acid:
    cost: 121.902
    lifetime: 11.8432
    annual_cost: 10.292995136449608
    efficiency: 0.73759
    discharge_ratio: 5
    depth_of_discharge: 0.5
  VRBF:
    cost: 283.511
    lifetime: 20.4537
    annual_cost: 13.861110703686863
    efficiency: 0.715814
    discharge_ratio: 0.5
    depth_of_discharge: 1.0
