cost_values:
  wind_capex: 5000.0
  wind_opex: 100
  wind_lifetime: 20
  solar_capex: 1000.0
  solar_opex: 10
  solar_lifetime: 20
  carbon_price: 1.0
timeseries_values:
  load_level: 263234.26734779973
  wind_year: 2012
  solar_year: 2010
  price_year: 2023
  carbon_year: 2023
storage_values:
  CAES:
    cost: 56.1072
    lifetime: 27.8487
    annual_cost: 2.01471522907712
    efficiency: 0.609603
    discharge_ratio: 0.1
    depth_of_discharge: 0.4
  Li-ion:
    cost: 267.744
    lifetime: 24.8135
    annual_cost: 10.790255304572108
    efficiency: 0.911824
    discharge_ratio: 2
    depth_of_discharge: 0.9
  Pb-acid:
    cost: 123.958
    lifetime: 10.862
    annual_cost: 11.412078806849568
    efficiency: 0.740197
    discharge_ratio: 5
    depth_of_discharge: 0.5
  VRBF:
    cost: 258.445
    lifetime: 22.5273
    annual_cost: 11.472524448114065
    efficiency: 0.723079
    discharge_ratio: 0.5
    depth_of_discharge: 1.0
