cost_values:
  wind_capex: 5000.0
  wind_opex: 100
  wind_lifetime: 20
  solar_capex: 1000.0
  solar_opex: 10
  solar_lifetime: 20
  carbon_price: 1.0
timeseries_values:
  load_level: 263234.26734779973
  wind_year: 2012
  solar_year: 2010
  price_year: 2023
  carbon_year: 2023
storage_values:
  CAES:
    cost: 46.117
    lifetime: 26.7501
    annual_cost: 1.7239935551642798
    efficiency: 0.603661
    discharge_ratio: 0.1
    depth_of_discharge: 0.4
  Li-ion:
    cost: 243.71
    lifetime: 22.2917
    annual_cost: 10.93276869866363
    efficiency: 0.914767
    discharge_ratio: 2
    depth_of_discharge: 0.9
  Pb-acid:
    cost: 100.68
    lifetime: 11.0859
    annual_cost: 9.081806619219009
    efficiency: 0.7347
    discharge_ratio: 5
    depth_of_discharge: 0.5
  VRBF:
    cost: 250.573
    lifetime: 20.6012
    annual_cost: 12.16302933809681
    efficiency: 0.733699
    discharge_ratio: 0.5
    depth_of_discharge: 1.0
