cost_values:
  wind_capex: 5000.0
  wind_opex: 100
  wind_lifetime: 20
  solar_capex: 1000.0
  solar_opex: 10
  solar_lifetime: 20
  carbon_price: 1.0
timeseries_values:
  load_level: 263234.26734779973
  wind_year: 2012
  solar_year: 2010
  price_year: 2023
  carbon_year: 2023
storage_values:
  CAES:
    cost: 50.047
    lifetime: 26.6228
    annual_cost: 1.8798548612467507
    efficiency: 0.601041
    discharge_ratio: 0.1
    depth_of_discharge: 0.4
  Li-ion:
    cost: 270.826
    lifetime: 23.1549
    annual_cost: 11.696271631490527
    efficiency: 0.9252
    discharge_ratio: 2
    depth_of_discharge: 0.9
  Pb-acid:
    cost: 109.885
    lifetime: 8.36812
    annual_cost: 13.131384349172814
    efficiency: 0.746921
    discharge_ratio: 5
    depth_of_discharge: 0.5
  VRBF:
    cost: 244.018
    lifetime: 21.8103
    annual_cost: 11.18820007060884
    efficiency: 0.710833
    discharge_ratio: 0.5
    depth_of_discharge: 1.0
