cost_values:
  wind_capex: 5000.0
  wind_opex: 100
  wind_lifetime: 20
  solar_capex: 1000.0
  solar_opex: 10
  solar_lifetime: 20
  carbon_price: 1.0
timeseries_values:
  load_level: 263234.26734779973
  wind_year: 2012
  solar_year: 2010
  price_year: 2023
  carbon_year: 2023
storage_values:
  CAES:
    cost: 55.4682
    lifetime: 28.305
    annual_cost: 1.9596608373078963
    efficiency: 0.614132
    discharge_ratio: 0.1
    depth_of_discharge: 0.4
  Li-ion:
    cost: 286.868
    lifetime: 25.0021
    annual_cost: 11.473756204478825
    efficiency: 0.914351
    discharge_ratio: 2
    depth_of_discharge: 0.9
  Pb-acid:
    cost: 128.64
    lifetime: 9.78145
    annual_cost: 13.151424379820988
    efficiency: 0.749251
    discharge_ratio: 5
    depth_of_discharge: 0.5
  VRBF:
    cost: 249.804
    lifetime: 22.8162
    annual_cost: 10.948536566124071
    efficiency: 0.712461
    discharge_ratio: 0.5
    depth_of_discharge: 1.0
