cost_values:
  wind_capex: 5000.0
  wind_opex: 100
  wind_lifetime: 20
  solar_capex: 1000.0
  solar_opex: 10
  solar_lifetime: 20
  carbon_price: 1.0
timeseries_values:
  load_level: 263234.26734779973
  wind_year: 2012
  solar_year: 2010
  price_year: 2023
  carbon_year: 2023
storage_values:
  CAES:
    cost: 62.753
    lifetime: 28.6095
    annual_cost: 2.1934322515248432
    efficiency: 0.601708
    discharge_ratio: 0.1
    depth_of_discharge: 0.4
  Li-ion:
    cost: 238.029
    lifetime: 23.0772
    annual_cost: 10.314466226405282
    efficiency: 0.928903
    discharge_ratio: 2
    depth_of_discharge: 0.9
  Pb-acid:
    cost: 112.961
    lifetime: 9.41445
    annual_cost: 11.998682875792
    efficiency: 0.746933
    discharge_ratio: 5
    depth_of_discharge: 0.5
  VRBF:
    cost: 224.831
    lifetime: 20.0816
    annual_cost: 11.195870846944466
    efficiency: 0.72112
    discharge_ratio: 0.5
    depth_of_discharge: 1.0
