cost_values:
  wind_capex: 5000.0
  wind_opex: 100
  wind_lifetime: 20
  solar_capex: 1000.0
  solar_opex: 10
  solar_lifetime: 20
  carbon_price: 1.0
timeseries_values:
  load_level: 263234.26734779973
  wind_year: 2012
  solar_year: 2010
  price_year: 2023
  carbon_year: 2023
storage_values:
  CAES:
    cost: 50.0305
    lifetime: 27.0592
    annual_cost: 1.8489275366603597
    efficiency: 0.606722
    discharge_ratio: 0.1
    depth_of_discharge: 0.4
  Li-ion:
    cost: 255.939
    lifetime: 22.6256
    annual_cost: 11.311921009829573
    efficiency: 0.91244
    discharge_ratio: 2
    depth_of_discharge: 0.9
  Pb-acid:
    cost: 105.485
    lifetime: 11.3817
    annual_cost: 9.267947670383158
    efficiency: 0.736879
    discharge_ratio: 5
    depth_of_discharge: 0.5
  VRBF:
    cost: 283.743
    lifetime: 24.5913
    annual_cost: 11.538348928279513
    efficiency: 0.721864
    discharge_ratio: 0.5
    depth_of_discharge: 1.0
