cost_values:
  wind_capex: 5000.0
  wind_opex: 100
  wind_lifetime: 20
  solar_capex: 1000.0
  solar_opex: 10
  solar_lifetime: 20
  carbon_price: 1.0
timeseries_values:
  load_level: 263234.26734779973
  wind_year: 2012
  solar_year: 2010
  price_year: 2023
  carbon_year: 2023
storage_values:
  CAES:
    cost: 59.3755
    lifetime: 27.4482
    annual_cost: 2.16318374246763
    efficiency: 0.617961
    discharge_ratio: 0.1
    depth_of_discharge: 0.4
  Li-ion:
    cost: 270.858
    lifetime: 24.7734
    annual_cost: 10.933420523626149
    efficiency: 0.920362
    discharge_ratio: 2
    depth_of_discharge: 0.9
  Pb-acid:
    cost: 110.954
    lifetime: 12.0291
    annual_cost: 9.223798954202724
    efficiency: 0.745809
    discharge_ratio: 5
    depth_of_discharge: 0.5
  VRBF:
    cost: 250.139
    lifetime: 22.6737
    annual_cost: 11.032120915421833
    efficiency: 0.694376
    discharge_ratio: 0.5
    depth_of_discharge: 1.0
