cost_values:
  wind_capex: 5000.0
  wind_opex: 100
  wind_lifetime: 20
  solar_capex: 1000.0
  solar_opex: 10
  solar_lifetime: 20
  carbon_price: 1.0
timeseries_values:
  load_level: 263234.26734779973
  wind_year: 2012
  solar_year: 2010
  price_year: 2023
  carbon_year: 2023
storage_values:
  CAES:
    cost: 55.7168
    lifetime: 25.5058
    annual_cost: 2.184475687882756
    efficiency: 0.604558
    discharge_ratio: 0.1
    depth_of_discharge: 0.4
  Li-ion:
    cost: 253.08
    lifetime: 22.2692
    annual_cost: 11.364575287841502
    efficiency: 0.924203
    discharge_ratio: 2
    depth_of_discharge: 0.9
  Pb-acid:
    cost: 106.371
    lifetime: 11.9199
    annual_cost: 8.923816474970428
    efficiency: 0.739564
    discharge_ratio: 5
    depth_of_discharge: 0.5
  VRBF:
    cost: 268.967
    lifetime: 23.6086
    annual_cost: 11.39275518243352
    efficiency: 0.727645
    discharge_ratio: 0.5
    depth_of_discharge: 1.0
