cost_values:
  wind_capex: 5000.0
  wind_opex: 100
  wind_lifetime: 20
  solar_capex: 1000.0
  solar_opex: 10
  solar_lifetime: 20
  carbon_price: 1.0
timeseries_values:
  load_level: 263234.26734779973
  wind_year: 2012
  solar_year: 2010
  price_year: 2023
  carbon_year: 2023
storage_values:
  CAES:
    cost: 61.4621
    lifetime: 27.3495
    annual_cost: 2.2472842282308636
    efficiency: 0.601452
    discharge_ratio: 0.1
    depth_of_discharge: 0.4
  Li-ion:
    cost: 248.067
    lifetime: 23.7824
    annual_cost: 10.430696649623252
    efficiency: 0.910306
    discharge_ratio: 2
    depth_of_discharge: 0.9
  Pb-acid:
    cost: 126.284
    lifetime: 11.3959
    annual_cost: 11.081529321949123
    efficiency: 0.73486
    discharge_ratio: 5
    depth_of_discharge: 0.5
  VRBF:
    cost: 244.516
    lifetime: 22.332
    annual_cost: 10.949131291420382
    efficiency: 0.733423
    discharge_ratio: 0.5
    depth_of_discharge: 1.0
