cost_values:
  wind_capex: 5000.0
  wind_opex: 100
  wind_lifetime: 20
  solar_capex: 1000.0
  solar_opex: 10
  solar_lifetime: 20
  carbon_price: 1.0
timeseries_values:
  load_level: 263234.26734779973
  wind_year: 2012
  solar_year: 2010
  price_year: 2023
  carbon_year: 2023
storage_values:
  CAES:
    cost: 61.8112
    lifetime: 27.332
    annual_cost: 2.26149568271623
    efficiency: 0.601649
    discharge_ratio: 0.1
    depth_of_discharge: 0.4
  Li-ion:
    cost: 252.968
    lifetime: 24.1497
    annual_cost: 10.474995548598947
    efficiency: 0.903512
    discharge_ratio: 2
    depth_of_discharge: 0.9
  Pb-acid:
    cost: 109.21
    lifetime: 11.4608
    annual_cost: 9.529003210945133
    efficiency: 0.750254
    discharge_ratio: 5
    depth_of_discharge: 0.5
  VRBF:
    cost: 255.522
    lifetime: 22.8808
    annual_cost: 11.167529107373868
    efficiency: 0.746805
    discharge_ratio: 0.5
    depth_of_discharge: 1.0
