cost_values:
  wind_capex: 5000.0
  wind_opex: 100
  wind_lifetime: 20
  solar_capex: 1000.0
  solar_opex: 10
  solar_lifetime: 20
  carbon_price: 1.0
timeseries_values:
  load_level: 263234.26734779973
  wind_year: 2012
  solar_year: 2010
  price_year: 2023
  carbon_year: 2023
storage_values:
  CAES:
    cost: 55.2513
    lifetime: 26.881
    annual_cost: 2.055403444812321
    efficiency: 0.603408
    discharge_ratio: 0.1
    depth_of_discharge: 0.4
  Li-ion:
    cost: 267.322
    lifetime: 24.5125
    annual_cost: 10.90553799082101
    efficiency: 0.934369
    discharge_ratio: 2
    depth_of_discharge: 0.9
  Pb-acid:
    cost: 120.08
    lifetime: 11.8927
    annual_cost: 10.09695022997301
    efficiency: 0.742577
    discharge_ratio: 5
    depth_of_discharge: 0.5
  VRBF:
    cost: 274.762
    lifetime: 21.8386
    annual_cost: 12.581484161072597
    efficiency: 0.713121
    discharge_ratio: 0.5
    depth_of_discharge: 1.0
