cost_values:
  wind_capex: 5000.0
  wind_opex: 100
  wind_lifetime: 20
  solar_capex: 1000.0
  solar_opex: 10
  solar_lifetime: 20
  carbon_price: 1.0
timeseries_values:
  load_level: 263234.26734779973
  wind_year: 2012
  solar_year: 2010
  price_year: 2023
  carbon_year: 2023
storage_values:
  CAES:
    cost: 53.1475
    lifetime: 28.2098
    annual_cost: 1.884008394245971
    efficiency: 0.609796
    discharge_ratio: 0.1
    depth_of_discharge: 0.4
  Li-ion:
    cost: 251.804
    lifetime: 26.1015
    annual_cost: 9.647108403731586
    efficiency: 0.927901
    discharge_ratio: 2
    depth_of_discharge: 0.9
  Pb-acid:
    cost: 133.211
    lifetime: 13.0966
    annual_cost: 10.17141853610861
    efficiency: 0.739182
    discharge_ratio: 5
    depth_of_discharge: 0.5
  VRBF:
    cost: 270.802
    lifetime: 21.6877
    annual_cost: 12.486432401776122
    efficiency: 0.703553
    discharge_ratio: 0.5
    depth_of_discharge: 1.0
