cost_values:
  wind_capex: 5000.0
  wind_opex: 100
  wind_lifetime: 20
  solar_capex: 1000.0
  solar_opex: 10
  solar_lifetime: 20
  carbon_price: 1.0
timeseries_values:
  load_level: 263234.26734779973
  wind_year: 2012
  solar_year: 2010
  price_year: 2023
  carbon_year: 2023
storage_values:
  CAES:
    cost: 46.3265
    lifetime: 26.5103
    annual_cost: 1.7474905979939872
    efficiency: 0.598642
    discharge_ratio: 0.1
    depth_of_discharge: 0.4
  Li-ion:
    cost: 259.141
    lifetime: 24.3119
    annual_cost: 10.659018834397969
    efficiency: 0.917024
    discharge_ratio: 2
    depth_of_discharge: 0.9
  Pb-acid:
    cost: 131.361
    lifetime: 11.6635
    annual_cost: 11.262571269344535
    efficiency: 0.754758
    discharge_ratio: 5
    depth_of_discharge: 0.5
  VRBF:
    cost: 267.314
    lifetime: 24.3866
    annual_cost: 10.961511649840487
    efficiency: 0.717077
    discharge_ratio: 0.5
    depth_of_discharge: 1.0
