cost_values:
  wind_capex: 5000.0
  wind_opex: 100
  wind_lifetime: 20
  solar_capex: 1000.0
  solar_opex: 10
  solar_lifetime: 20
  carbon_price: 1.0
timeseries_values:
  load_level: 263234.26734779973
  wind_year: 2012
  solar_year: 2010
  price_year: 2023
  carbon_year: 2023
storage_values:
  CAES:
    cost: 53.9835
    lifetime: 28.1954
    annual_cost: 1.9146208246735283
    efficiency: 0.606096
    discharge_ratio: 0.1
    depth_of_discharge: 0.4
  Li-ion:
    cost: 265.73
    lifetime: 21.8767
    annual_cost: 12.146713169719384
    efficiency: 0.907178
    discharge_ratio: 2
    depth_of_discharge: 0.9
  Pb-acid:
    cost: 116.82
    lifetime: 11.9212
    annual_cost: 9.799349058819582
    efficiency: 0.734889
    discharge_ratio: 5
    depth_of_discharge: 0.5
  VRBF:
    cost: 272.18
    lifetime: 21.4306
    annual_cost: 12.700531016397116
    efficiency: 0.740446
    discharge_ratio: 0.5
    depth_of_discharge: 1.0
