cost_values:
  wind_capex: 5000.0
  wind_opex: 100
  wind_lifetime: 20
  solar_capex: 1000.0
  solar_opex: 10
  solar_lifetime: 20
  carbon_price: 1.0
timeseries_values:
  load_level: 263234.26734779973
  wind_year: 2012
  solar_year: 2010
  price_year: 2023
  carbon_year: 2023
storage_values:
  CAES:
    cost: 56.8257
    lifetime: 26.9406
    annual_cost: 2.1092960067704505
    efficiency: 0.606779
    discharge_ratio: 0.1
    depth_of_discharge: 0.4
  Li-ion:
    cost: 258.834
    lifetime: 23.7918
    annual_cost: 10.879126421708321
    efficiency: 0.911375
    discharge_ratio: 2
    depth_of_discharge: 0.9
  Pb-acid:
    cost: 109.03
    lifetime: 12.297
    annual_cost: 8.866390176465805
    efficiency: 0.731096
    discharge_ratio: 5
    depth_of_discharge: 0.5
  VRBF:
    cost: 261.558
    lifetime: 22.7459
    annual_cost: 11.49912731525242
    efficiency: 0.697505
    discharge_ratio: 0.5
    depth_of_discharge: 1.0
