cost_values:
  wind_capex: 5000.0
  wind_opex: 100
  wind_lifetime: 20
  solar_capex: 1000.0
  solar_opex: 10
  solar_lifetime: 20
  carbon_price: 1.0
timeseries_values:
  load_level: 263234.26734779973
  wind_year: 2012
  solar_year: 2010
  price_year: 2023
  carbon_year: 2023
storage_values:
  CAES:
    cost: 53.4929
    lifetime: 27.2756
    annual_cost: 1.9611997536259513
    efficiency: 0.618932
    discharge_ratio: 0.1
    depth_of_discharge: 0.4
  Li-ion:
    cost: 266.098
    lifetime: 23.8552
    annual_cost: 11.154716791307557
    efficiency: 0.914346
    discharge_ratio: 2
    depth_of_discharge: 0.9
  Pb-acid:
    cost: 124.604
    lifetime: 11.0265
    annual_cost: 11.300412642270892
    efficiency: 0.751728
    discharge_ratio: 5
    depth_of_discharge: 0.5
  VRBF:
    cost: 279.743
    lifetime: 23.8855
    annual_cost: 11.711833539176487
    efficiency: 0.715501
    discharge_ratio: 0.5
    depth_of_discharge: 1.0
