cost_values:
  wind_capex: 5000.0
  wind_opex: 100
  wind_lifetime: 20
  solar_capex: 1000.0
  solar_opex: 10
  solar_lifetime: 20
  carbon_price: 1.0
timeseries_values:
  load_level: 263234.26734779973
  wind_year: 2012
  solar_year: 2010
  price_year: 2023
  carbon_year: 2023
storage_values:
  CAES:
    cost: 57.242
    lifetime: 26.5091
    annual_cost: 2.159333964563112
    efficiency: 0.619916
    discharge_ratio: 0.1
    depth_of_discharge: 0.4
  Li-ion:
    cost: 240.262
    lifetime: 22.9722
    annual_cost: 10.458815437790024
    efficiency: 0.918982
    discharge_ratio: 2
    depth_of_discharge: 0.9
  Pb-acid:
    cost: 118.622
    lifetime: 10.4065
    annual_cost: 11.398837265170807
    efficiency: 0.75278
    discharge_ratio: 5
    depth_of_discharge: 0.5
  VRBF:
    cost: 272.324
    lifetime: 20.3788
    annual_cost: 13.363102832355194
    efficiency: 0.720446
    discharge_ratio: 0.5
    depth_of_discharge: 1.0
