cost_values:
  wind_capex: 5000.0
  wind_opex: 100
  wind_lifetime: 20
  solar_capex: 1000.0
  solar_opex: 10
  solar_lifetime: 20
  carbon_price: 1.0
timeseries_values:
  load_level: 263234.26734779973
  wind_year: 2012
  solar_year: 2010
  price_year: 2023
  carbon_year: 2023
storage_values:
  CAES:
    cost: 58.3642
    lifetime: 26.8084
    annual_cost: 2.1770862863878486
    efficiency: 0.612919
    discharge_ratio: 0.1
    depth_of_discharge: 0.4
  Li-ion:
    cost: 253.538
    lifetime: 23.555
    annual_cost: 10.763659520271705
    efficiency: 0.914038
    discharge_ratio: 2
    depth_of_discharge: 0.9
  Pb-acid:
    cost: 113.072
    lifetime: 11.4177
    annual_cost: 9.903220438442068
    efficiency: 0.727418
    discharge_ratio: 5
    depth_of_discharge: 0.5
  VRBF:
    cost: 251.243
    lifetime: 24.5348
    annual_cost: 10.24027096206205
    efficiency: 0.739316
    discharge_ratio: 0.5
    depth_of_discharge: 1.0
