cost_values:
  wind_capex: 5000.0
  wind_opex: 100
  wind_lifetime: 20
  solar_capex: 1000.0
  solar_opex: 10
  solar_lifetime: 20
  carbon_price: 1.0
timeseries_values:
  load_level: 263234.26734779973
  wind_year: 2012
  solar_year: 2010
  price_year: 2023
  carbon_year: 2023
storage_values:
  CAES:
    cost: 53.0467
    lifetime: 27.3669
    annual_cost: 1.9383525353620614
    efficiency: 0.605518
    discharge_ratio: 0.1
    depth_of_discharge: 0.4
  Li-ion:
    cost: 278.073
    lifetime: 25.1325
    annual_cost: 11.064279319606086
    efficiency: 0.933574
    discharge_ratio: 2
    depth_of_discharge: 0.9
  Pb-acid:
    cost: 135.792
    lifetime: 11.6112
    annual_cost: 11.694915254237289
    efficiency: 0.747879
    discharge_ratio: 5
    depth_of_discharge: 0.5
  VRBF:
    cost: 290.423
    lifetime: 22.5125
    annual_cost: 12.900521932259856
    efficiency: 0.739665
    discharge_ratio: 0.5
    depth_of_discharge: 1.0
