cost_values:
  wind_capex: 5000.0
  wind_opex: 100
  wind_lifetime: 20
  solar_capex: 1000.0
  solar_opex: 10
  solar_lifetime: 20
  carbon_price: 1.0
timeseries_values:
  load_level: 263234.26734779973
  wind_year: 2012
  solar_year: 2010
  price_year: 2023
  carbon_year: 2023
storage_values:
  CAES:
    cost: 48.061
    lifetime: 26.6558
    annual_cost: 1.8030222315593605
    efficiency: 0.601195
    discharge_ratio: 0.1
    depth_of_discharge: 0.4
  Li-ion:
    cost: 249.492
    lifetime: 24.6786
    annual_cost: 10.109649655977243
    efficiency: 0.922433
    discharge_ratio: 2
    depth_of_discharge: 0.9
  Pb-acid:
    cost: 104.724
    lifetime: 11.0656
    annual_cost: 9.463924233661077
    efficiency: 0.751948
    discharge_ratio: 5
    depth_of_discharge: 0.5
  VRBF:
    cost: 245.588
    lifetime: 23.3348
    annual_cost: 10.524538457582665
    efficiency: 0.724131
    discharge_ratio: 0.5
    depth_of_discharge: 1.0
