cost_values:
  wind_capex: 5000.0
  wind_opex: 100
  wind_lifetime: 20
  solar_capex: 1000.0
  solar_opex: 10
  solar_lifetime: 20
  carbon_price: 1.0
timeseries_values:
  load_level: 263234.26734779973
  wind_year: 2012
  solar_year: 2010
  price_year: 2023
  carbon_year: 2023
storage_values:
  CAES:
    cost: 47.8397
    lifetime: 27.4379
    annual_cost: 1.7435627362152353
    efficiency: 0.599563
    discharge_ratio: 0.1
    depth_of_discharge: 0.4
  Li-ion:
    cost: 248.976
    lifetime: 22.589
    annual_cost: 11.022001859312056
    efficiency: 0.921776
    discharge_ratio: 2
    depth_of_discharge: 0.9
  Pb-acid:
    cost: 114.279
    lifetime: 13.1075
    annual_cost: 8.718596223536144
    efficiency: 0.73874
    discharge_ratio: 5
    depth_of_discharge: 0.5
  VRBF:
    cost: 258.369
    lifetime: 22.6415
    annual_cost: 11.411302254709273
    efficiency: 0.731715
    discharge_ratio: 0.5
    depth_of_discharge: 1.0
