cost_values:
  wind_capex: 5000.0
  wind_opex: 100
  wind_lifetime: 20
  solar_capex: 1000.0
  solar_opex: 10
  solar_lifetime: 20
  carbon_price: 1.0
timeseries_values:
  load_level: 263234.26734779973
  wind_year: 2012
  solar_year: 2010
  price_year: 2023
  carbon_year: 2023
storage_values:
  CAES:
    cost: 57.4875
    lifetime: 26.8835
    annual_cost: 2.1383934383543806
    efficiency: 0.602577
    discharge_ratio: 0.1
    depth_of_discharge: 0.4
  Li-ion:
    cost: 262.453
    lifetime: 22.2748
    annual_cost: 11.782507587049041
    efficiency: 0.921053
    discharge_ratio: 2
    depth_of_discharge: 0.9
  Pb-acid:
    cost: 104.475
    lifetime: 10.056
    annual_cost: 10.389319809069212
    efficiency: 0.741677
    discharge_ratio: 5
    depth_of_discharge: 0.5
  VRBF:
    cost: 306.766
    lifetime: 23.5549
    annual_cost: 13.023447350657401
    efficiency: 0.751409
    discharge_ratio: 0.5
    depth_of_discharge: 1.0
