cost_values:
  wind_capex: 5000.0
  wind_opex: 100
  wind_lifetime: 20
  solar_capex: 1000.0
  solar_opex: 10
  solar_lifetime: 20
  carbon_price: 1.0
timeseries_values:
  load_level: 263234.26734779973
  wind_year: 2012
  solar_year: 2010
  price_year: 2023
  carbon_year: 2023
storage_values:
  CAES:
    cost: 53.1104
    lifetime: 26.7792
    annual_cost: 1.9832705980761187
    efficiency: 0.598929
    discharge_ratio: 0.1
    depth_of_discharge: 0.4
  Li-ion:
    cost: 275.138
    lifetime: 23.1179
    annual_cost: 11.901513545780542
    efficiency: 0.916582
    discharge_ratio: 2
    depth_of_discharge: 0.9
  Pb-acid:
    cost: 111.678
    lifetime: 11.528
    annual_cost: 9.687543372657876
    efficiency: 0.742241
    discharge_ratio: 5
    depth_of_discharge: 0.5
  VRBF:
    cost: 263.965
    lifetime: 22.2877
    annual_cost: 11.843528044616535
    efficiency: 0.743786
    discharge_ratio: 0.5
    depth_of_discharge: 1.0
