cost_values:
  wind_capex: 5000.0
  wind_opex: 100
  wind_lifetime: 20
  solar_capex: 1000.0
  solar_opex: 10
  solar_lifetime: 20
  carbon_price: 1.0
timeseries_values:
  load_level: 263234.26734779973
  wind_year: 2012
  solar_year: 2010
  price_year: 2023
  carbon_year: 2023
storage_values:
  CAES:
    cost: 46.4247
    lifetime: 27.0345
    annual_cost: 1.7172390833934417
    efficiency: 0.604309
    discharge_ratio: 0.1
    depth_of_discharge: 0.4
  Li-ion:
    cost: 249.914
    lifetime: 22.1683
    annual_cost: 11.273485111623355
    efficiency: 0.927872
    discharge_ratio: 2
    depth_of_discharge: 0.9
  Pb-acid:
    cost: 117.748
    lifetime: 11.4774
    annual_cost: 10.259117918692388
    efficiency: 0.746793
    discharge_ratio: 5
    depth_of_discharge: 0.5
  VRBF:
    cost: 282.324
    lifetime: 21.8798
    annual_cost: 12.903408623479192
    efficiency: 0.727426
    discharge_ratio: 0.5
    depth_of_discharge: 1.0
