cost_values:
  wind_capex: 5000.0
  wind_opex: 100
  wind_lifetime: 20
  solar_capex: 1000.0
  solar_opex: 10
  solar_lifetime: 20
  carbon_price: 1.0
timeseries_values:
  load_level: 263234.26734779973
  wind_year: 2012
  solar_year: 2010
  price_year: 2023
  carbon_year: 2023
storage_values:
  CAES:
    cost: 62.6282
    lifetime: 27.5338
    annual_cost: 2.2745934088284216
    efficiency: 0.60178
    discharge_ratio: 0.1
    depth_of_discharge: 0.4
  Li-ion:
    cost: 256.783
    lifetime: 23.2466
    annual_cost: 11.046045443204598
    efficiency: 0.917281
    discharge_ratio: 2
    depth_of_discharge: 0.9
  Pb-acid:
    cost: 111.605
    lifetime: 11.8948
    annual_cost: 9.38267141944379
    efficiency: 0.738568
    discharge_ratio: 5
    depth_of_discharge: 0.5
  VRBF:
    cost: 251.023
    lifetime: 23.3933
    annual_cost: 10.730551055216665
    efficiency: 0.70573
    discharge_ratio: 0.5
    depth_of_discharge: 1.0
