cost_values:
  wind_capex: 5000.0
  wind_opex: 100
  wind_lifetime: 20
  solar_capex: 1000.0
  solar_opex: 10
  solar_lifetime: 20
  carbon_price: 1.0
timeseries_values:
  load_level: 263234.26734779973
  wind_year: 2012
  solar_year: 2010
  price_year: 2023
  carbon_year: 2023
storage_values:
  CAES:
    cost: 60.5491
    lifetime: 26.673
    annual_cost: 2.2700521126232522
    efficiency: 0.600239
    discharge_ratio: 0.1
    depth_of_discharge: 0.4
  Li-ion:
    cost: 237.14
    lifetime: 24.1726
    annual_cost: 9.810281062028908
    efficiency: 0.913084
    discharge_ratio: 2
    depth_of_discharge: 0.9
  Pb-acid:
    cost: 112.788
    lifetime: 11.4108
    annual_cost: 9.884320117783153
    efficiency: 0.749374
    discharge_ratio: 5
    depth_of_discharge: 0.5
  VRBF:
    cost: 301.347
    lifetime: 22.7382
    annual_cost: 13.252896007599546
    efficiency: 0.735647
    discharge_ratio: 0.5
    depth_of_discharge: 1.0
