cost_values:
  wind_capex: 5000.0
  wind_opex: 100
  wind_lifetime: 20
  solar_capex: 1000.0
  solar_opex: 10
  solar_lifetime: 20
  carbon_price: 1.0
timeseries_values:
  load_level: 263234.26734779973
  wind_year: 2012
  solar_year: 2010
  price_year: 2023
  carbon_year: 2023
storage_values:
  CAES:
    cost: 55.8483
    lifetime: 27.7854
    annual_cost: 2.009987259495994
    efficiency: 0.607768
    discharge_ratio: 0.1
    depth_of_discharge: 0.4
  Li-ion:
    cost: 246.103
    lifetime: 21.4283
    annual_cost: 11.484952142727142
    efficiency: 0.91263
    discharge_ratio: 2
    depth_of_discharge: 0.9
  Pb-acid:
    cost: 100.93
    lifetime: 12.2524
    annual_cost: 8.237569782246744
    efficiency: 0.758861
    discharge_ratio: 5
    depth_of_discharge: 0.5
  VRBF:
    cost: 261.31
    lifetime: 20.7941
    annual_cost: 12.566545318143127
    efficiency: 0.742574
    discharge_ratio: 0.5
    depth_of_discharge: 1.0
