cost_values:
  wind_capex: 5000.0
  wind_opex: 100
  wind_lifetime: 20
  solar_capex: 1000.0
  solar_opex: 10
  solar_lifetime: 20
  carbon_price: 1.0
timeseries_values:
  load_level: 263234.26734779973
  wind_year: 2012
  solar_year: 2010
  price_year: 2023
  carbon_year: 2023
storage_values:
  CAES:
    cost: 55.6996
    lifetime: 27.2507
    annual_cost: 2.0439695127097655
    efficiency: 0.609403
    discharge_ratio: 0.1
    depth_of_discharge: 0.4
  Li-ion:
    cost: 246.321
    lifetime: 21.9031
    annual_cost: 11.245942355191731
    efficiency: 0.912751
    discharge_ratio: 2
    depth_of_discharge: 0.9
  Pb-acid:
    cost: 135.49
    lifetime: 10.6472
    annual_cost: 12.725411375760764
    efficiency: 0.75166
    discharge_ratio: 5
    depth_of_discharge: 0.5
  VRBF:
    cost: 268.375
    lifetime: 22.7773
    annual_cost: 11.78256421963973
    efficiency: 0.717622
    discharge_ratio: 0.5
    depth_of_discharge: 1.0
