cost_values:
  wind_capex: 5000.0
  wind_opex: 100
  wind_lifetime: 20
  solar_capex: 1000.0
  solar_opex: 10
  solar_lifetime: 20
  carbon_price: 1.0
timeseries_values:
  load_level: 263234.26734779973
  wind_year: 2012
  solar_year: 2010
  price_year: 2023
  carbon_year: 2023
storage_values:
  CAES:
    cost: 56.4494
    lifetime: 26.8247
    annual_cost: 2.1043814096709377
    efficiency: 0.605129
    discharge_ratio: 0.1
    depth_of_discharge: 0.4
  Li-ion:
    cost: 266.019
    lifetime: 25.4322
    annual_cost: 10.45992875173992
    efficiency: 0.933064
    discharge_ratio: 2
    depth_of_discharge: 0.9
  Pb-acid:
    cost: 98.8608
    lifetime: 11.8243
    annual_cost: 8.360816285107786
    efficiency: 0.739472
    discharge_ratio: 5
    depth_of_discharge: 0.5
  VRBF:
    cost: 299.612
    lifetime: 21.0792
    annual_cost: 14.213632395916354
    efficiency: 0.715864
    discharge_ratio: 0.5
    depth_of_discharge: 1.0
