cost_values:
  wind_capex: 5000.0
  wind_opex: 100
  wind_lifetime: 20
  solar_capex: 1000.0
  solar_opex: 10
  solar_lifetime: 20
  carbon_price: 1.0
timeseries_values:
  load_level: 263234.26734779973
  wind_year: 2012
  solar_year: 2010
  price_year: 2023
  carbon_year: 2023
storage_values:
  CAES:
    cost: 56.0653
    lifetime: 26.888
    annual_cost: 2.085142070812258
    efficiency: 0.602407
    discharge_ratio: 0.1
    depth_of_discharge: 0.4
  Li-ion:
    cost: 238.113
    lifetime: 23.3961
    annual_cost: 10.177465475015067
    efficiency: 0.933821
    discharge_ratio: 2
    depth_of_discharge: 0.9
  Pb-acid:
    cost: 113.304
    lifetime: 10.2585
    annual_cost: 11.044889603743238
    efficiency: 0.741522
    discharge_ratio: 5
    depth_of_discharge: 0.5
  VRBF:
    cost: 268.061
    lifetime: 21.5808
    annual_cost: 12.421272612692762
    efficiency: 0.720899
    discharge_ratio: 0.5
    depth_of_discharge: 1.0
