cost_values:
  wind_capex: 5000.0
  wind_opex: 100
  wind_lifetime: 20
  solar_capex: 1000.0
  solar_opex: 10
  solar_lifetime: 20
  carbon_price: 1.0
timeseries_values:
  load_level: 263234.26734779973
  wind_year: 2012
  solar_year: 2010
  price_year: 2023
  carbon_year: 2023
storage_values:
  CAES:
    cost: 54.643
    lifetime: 27.7264
    annual_cost: 1.9707931790639968
    efficiency: 0.603804
    discharge_ratio: 0.1
    depth_of_discharge: 0.4
  Li-ion:
    cost: 252.994
    lifetime: 24.6222
    annual_cost: 10.275036349310785
    efficiency: 0.925542
    discharge_ratio: 2
    depth_of_discharge: 0.9
  Pb-acid:
    cost: 102.063
    lifetime: 9.33905
    annual_cost: 10.928627644139393
    efficiency: 0.734958
    discharge_ratio: 5
    depth_of_discharge: 0.5
  VRBF:
    cost: 239.516
    lifetime: 22.9943
    annual_cost: 10.41632056640124
    efficiency: 0.736879
    discharge_ratio: 0.5
    depth_of_discharge: 1.0
