cost_values:
  wind_capex: 5000.0
  wind_opex: 100
  wind_lifetime: 20
  solar_capex: 1000.0
  solar_opex: 10
  solar_lifetime: 20
  carbon_price: 1.0
timeseries_values:
  load_level: 263234.26734779973
  wind_year: 2012
  solar_year: 2010
  price_year: 2023
  carbon_year: 2023
storage_values:
  CAES:
    cost: 52.3867
    lifetime: 26.608
    annual_cost: 1.9688326819001802
    efficiency: 0.606388
    discharge_ratio: 0.1
    depth_of_discharge: 0.4
  Li-ion:
    cost: 254.759
    lifetime: 23.5667
    annual_cost: 10.810126152579699
    efficiency: 0.918184
    discharge_ratio: 2
    depth_of_discharge: 0.9
  Pb-acid:
    cost: 134.447
    lifetime: 10.0645
    annual_cost: 13.358537433553579
    efficiency: 0.74921
    discharge_ratio: 5
    depth_of_discharge: 0.5
  VRBF:
    cost: 277.193
    lifetime: 23.7851
    annual_cost: 11.654060735502478
    efficiency: 0.722488
    discharge_ratio: 0.5
    depth_of_discharge: 1.0
