cost_values:
  wind_capex: 5000.0
  wind_opex: 100
  wind_lifetime: 20
  solar_capex: 1000.0
  solar_opex: 10
  solar_lifetime: 20
  carbon_price: 1.0
timeseries_values:
  load_level: 263234.26734779973
  wind_year: 2012
  solar_year: 2010
  price_year: 2023
  carbon_year: 2023
storage_values:
  CAES:
    cost: 55.0544
    lifetime: 27.0969
    annual_cost: 2.0317600906376745
    efficiency: 0.608535
    discharge_ratio: 0.1
    depth_of_discharge: 0.4
  Li-ion:
    cost: 257.636
    lifetime: 23.0887
    annual_cost: 11.158532095787118
    efficiency: 0.927701
    discharge_ratio: 2
    depth_of_discharge: 0.9
  Pb-acid:
    cost: 108.114
    lifetime: 9.82171
    annual_cost: 11.007655489726332
    efficiency: 0.743824
    discharge_ratio: 5
    depth_of_discharge: 0.5
  VRBF:
    cost: 244.754
    lifetime: 22.3997
    annual_cost: 10.926664196395487
    efficiency: 0.73208
    discharge_ratio: 0.5
    depth_of_discharge: 1.0
