cost_values:
  wind_capex: 5000.0
  wind_opex: 100
  wind_lifetime: 20
  solar_capex: 1000.0
  solar_opex: 10
  solar_lifetime: 20
  carbon_price: 1.0
timeseries_values:
  load_level: 263234.26734779973
  wind_year: 2012
  solar_year: 2010
  price_year: 2023
  carbon_year: 2023
storage_values:
  CAES:
    cost: 54.7844
    lifetime: 26.6504
    annual_cost: 2.055668958064419
    efficiency: 0.60635
    discharge_ratio: 0.1
    depth_of_discharge: 0.4
  Li-ion:
    cost: 255.626
    lifetime: 23.2406
    annual_cost: 10.99911362013029
    efficiency: 0.925282
    discharge_ratio: 2
    depth_of_discharge: 0.9
  Pb-acid:
    cost: 107.913
    lifetime: 10.826
    annual_cost: 9.96794753371513
    efficiency: 0.739304
    discharge_ratio: 5
    depth_of_discharge: 0.5
  VRBF:
    cost: 241.105
    lifetime: 23.1663
    annual_cost: 10.407574796147852
    efficiency: 0.724452
    discharge_ratio: 0.5
    depth_of_discharge: 1.0
