cost_values:
  wind_capex: 5000.0
  wind_opex: 100
  wind_lifetime: 20
  solar_capex: 1000.0
  solar_opex: 10
  solar_lifetime: 20
  carbon_price: 1.0
timeseries_values:
  load_level: 263234.26734779973
  wind_year: 2012
  solar_year: 2010
  price_year: 2023
  carbon_year: 2023
storage_values:
  CAES:
    cost: 61.7017
    lifetime: 26.6604
    annual_cost: 2.31435762404165
    efficiency: 0.607459
    discharge_ratio: 0.1
    depth_of_discharge: 0.4
  Li-ion:
    cost: 258.022
    lifetime: 22.1142
    annual_cost: 11.667706722377476
    efficiency: 0.920465
    discharge_ratio: 2
    depth_of_discharge: 0.9
  Pb-acid:
    cost: 116.108
    lifetime: 11.739
    annual_cost: 9.890791379163472
    efficiency: 0.736228
    discharge_ratio: 5
    depth_of_discharge: 0.5
  VRBF:
    cost: 276.258
    lifetime: 18.9731
    annual_cost: 14.56050935271516
    efficiency: 0.719447
    discharge_ratio: 0.5
    depth_of_discharge: 1.0
