cost_values:
  wind_capex: 5000.0
  wind_opex: 100
  wind_lifetime: 20
  solar_capex: 1000.0
  solar_opex: 10
  solar_lifetime: 20
  carbon_price: 1.0
timeseries_values:
  load_level: 263234.26734779973
  wind_year: 2012
  solar_year: 2010
  price_year: 2023
  carbon_year: 2023
storage_values:
  CAES:
    cost: 52.0656
    lifetime: 26.9232
    annual_cost: 1.9338563023711892
    efficiency: 0.597524
    discharge_ratio: 0.1
    depth_of_discharge: 0.4
  Li-ion:
    cost: 238.044
    lifetime: 23.6104
    annual_cost: 10.082167180564499
    efficiency: 0.912015
    discharge_ratio: 2
    depth_of_discharge: 0.9
  Pb-acid:
    cost: 111.721
    lifetime: 11.1789
    annual_cost: 9.993917111701508
    efficiency: 0.73216
    discharge_ratio: 5
    depth_of_discharge: 0.5
  VRBF:
    cost: 253.626
    lifetime: 23.6673
    annual_cost: 10.716304774942643
    efficiency: 0.730123
    discharge_ratio: 0.5
    depth_of_discharge: 1.0
