cost_values:
  wind_capex: 5000.0
  wind_opex: 100
  wind_lifetime: 20
  solar_capex: 1000.0
  solar_opex: 10
  solar_lifetime: 20
  carbon_price: 1.0
timeseries_values:
  load_level: 263234.26734779973
  wind_year: 2012
  solar_year: 2010
  price_year: 2023
  carbon_year: 2023
storage_values:
  CAES:
    cost: 56.7231
    lifetime: 27.2655
    annual_cost: 2.080398305550971
    efficiency: 0.610004
    discharge_ratio: 0.1
    depth_of_discharge: 0.4
  Li-ion:
    cost: 270.451
    lifetime: 26.5207
    annual_cost: 10.197732337381744
    efficiency: 0.914018
    discharge_ratio: 2
    depth_of_discharge: 0.9
  Pb-acid:
    cost: 105.343
    lifetime: 11.7459
    annual_cost: 8.968491133076222
    efficiency: 0.741452
    discharge_ratio: 5
    depth_of_discharge: 0.5
  VRBF:
    cost: 247.46
    lifetime: 22.5697
    annual_cost: 10.964257389331715
    efficiency: 0.708516
    discharge_ratio: 0.5
    depth_of_discharge: 1.0
