cost_values:
  wind_capex: 5000.0
  wind_opex: 100
  wind_lifetime: 20
  solar_capex: 1000.0
  solar_opex: 10
  solar_lifetime: 20
  carbon_price: 1.0
timeseries_values:
  load_level: 263234.26734779973
  wind_year: 2012
  solar_year: 2010
  price_year: 2023
  carbon_year: 2023
storage_values:
  CAES:
    cost: 59.5594
    lifetime: 26.7722
    annual_cost: 2.2246733551968085
    efficiency: 0.620913
    discharge_ratio: 0.1
    depth_of_discharge: 0.4
  Li-ion:
    cost: 256.263
    lifetime: 23.6864
    annual_cost: 10.818993177519589
    efficiency: 0.932087
    discharge_ratio: 2
    depth_of_discharge: 0.9
  Pb-acid:
    cost: 113.418
    lifetime: 9.70762
    annual_cost: 11.68339922658695
    efficiency: 0.748682
    discharge_ratio: 5
    depth_of_discharge: 0.5
  VRBF:
    cost: 272.961
    lifetime: 21.7072
    annual_cost: 12.574675683644138
    efficiency: 0.69615
    discharge_ratio: 0.5
    depth_of_discharge: 1.0
