cost_values:
  wind_capex: 5000.0
  wind_opex: 100
  wind_lifetime: 20
  solar_capex: 1000.0
  solar_opex: 10
  solar_lifetime: 20
  carbon_price: 1.0
timeseries_values:
  load_level: 263234.26734779973
  wind_year: 2012
  solar_year: 2010
  price_year: 2023
  carbon_year: 2023
storage_values:
  CAES:
    cost: 55.6571
    lifetime: 26.1746
    annual_cost: 2.1263782445577006
    efficiency: 0.607605
    discharge_ratio: 0.1
    depth_of_discharge: 0.4
  Li-ion:
    cost: 261.633
    lifetime: 23.9641
    annual_cost: 10.917706068661039
    efficiency: 0.900476
    discharge_ratio: 2
    depth_of_discharge: 0.9
  Pb-acid:
    cost: 116.531
    lifetime: 11.7776
    annual_cost: 9.894290857220486
    efficiency: 0.747991
    discharge_ratio: 5
    depth_of_discharge: 0.5
  VRBF:
    cost: 271.771
    lifetime: 22.1004
    annual_cost: 12.297107744656206
    efficiency: 0.724399
    discharge_ratio: 0.5
    depth_of_discharge: 1.0
