cost_values:
  wind_capex: 5000.0
  wind_opex: 100
  wind_lifetime: 20
  solar_capex: 1000.0
  solar_opex: 10
  solar_lifetime: 20
  carbon_price: 1.0
timeseries_values:
  load_level: 263234.26734779973
  wind_year: 2012
  solar_year: 2010
  price_year: 2023
  carbon_year: 2023
storage_values:
  CAES:
    cost: 62.8906
    lifetime: 27.085
    annual_cost: 2.321971570980247
    efficiency: 0.618894
    discharge_ratio: 0.1
    depth_of_discharge: 0.4
  Li-ion:
    cost: 289.665
    lifetime: 24.124
    annual_cost: 12.007337091692921
    efficiency: 0.920281
    discharge_ratio: 2
    depth_of_discharge: 0.9
  Pb-acid:
    cost: 103.999
    lifetime: 10.3461
    annual_cost: 10.052000270633378
    efficiency: 0.746932
    discharge_ratio: 5
    depth_of_discharge: 0.5
  VRBF:
    cost: 224.172
    lifetime: 23.7618
    annual_cost: 9.43413377774411
    efficiency: 0.734101
    discharge_ratio: 0.5
    depth_of_discharge: 1.0
