cost_values:
  wind_capex: 5000.0
  wind_opex: 100
  wind_lifetime: 20
  solar_capex: 1000.0
  solar_opex: 10
  solar_lifetime: 20
  carbon_price: 1.0
timeseries_values:
  load_level: 263234.26734779973
  wind_year: 2012
  solar_year: 2010
  price_year: 2023
  carbon_year: 2023
storage_values:
  CAES:
    cost: 58.1811
    lifetime: 27.1781
    annual_cost: 2.1407346356073456
    efficiency: 0.605196
    discharge_ratio: 0.1
    depth_of_discharge: 0.4
  Li-ion:
    cost: 235.674
    lifetime: 24.7178
    annual_cost: 9.534586411412018
    efficiency: 0.918131
    discharge_ratio: 2
    depth_of_discharge: 0.9
  Pb-acid:
    cost: 114.174
    lifetime: 11.953
    annual_cost: 9.551911653978081
    efficiency: 0.730985
    discharge_ratio: 5
    depth_of_discharge: 0.5
  VRBF:
    cost: 260.679
    lifetime: 22.5256
    annual_cost: 11.572566324537414
    efficiency: 0.726838
    discharge_ratio: 0.5
    depth_of_discharge: 1.0
