cost_values:
  wind_capex: 5000.0
  wind_opex: 100
  wind_lifetime: 20
  solar_capex: 1000.0
  solar_opex: 10
  solar_lifetime: 20
  carbon_price: 1.0
timeseries_values:
  load_level: 263234.26734779973
  wind_year: 2012
  solar_year: 2010
  price_year: 2023
  carbon_year: 2023
storage_values:
  CAES:
    cost: 56.6521
    lifetime: 27.507
    annual_cost: 2.059552114007343
    efficiency: 0.611767
    discharge_ratio: 0.1
    depth_of_discharge: 0.4
  Li-ion:
    cost: 261.892
    lifetime: 24.1544
    annual_cost: 10.842413804524227
    efficiency: 0.922808
    discharge_ratio: 2
    depth_of_discharge: 0.9
  Pb-acid:
    cost: 119.597
    lifetime: 12.226
    annual_cost: 9.782185506298053
    efficiency: 0.741658
    discharge_ratio: 5
    depth_of_discharge: 0.5
  VRBF:
    cost: 247.443
    lifetime: 24.5946
    annual_cost: 10.060867019589667
    efficiency: 0.705155
    discharge_ratio: 0.5
    depth_of_discharge: 1.0
