cost_values:
  wind_capex: 5000.0
  wind_opex: 100
  wind_lifetime: 20
  solar_capex: 1000.0
  solar_opex: 10
  solar_lifetime: 20
  carbon_price: 1.0
timeseries_values:
  load_level: 263234.26734779973
  wind_year: 2012
  solar_year: 2010
  price_year: 2023
  carbon_year: 2023
storage_values:
  CAES:
    cost: 50.7056
    lifetime: 26.5171
    annual_cost: 1.912184967436107
    efficiency: 0.609673
    discharge_ratio: 0.1
    depth_of_discharge: 0.4
  Li-ion:
    cost: 257.654
    lifetime: 23.4219
    annual_cost: 11.000559305607146
    efficiency: 0.909428
    discharge_ratio: 2
    depth_of_discharge: 0.9
  Pb-acid:
    cost: 109.261
    lifetime: 10.0978
    annual_cost: 10.820277684248055
    efficiency: 0.739004
    discharge_ratio: 5
    depth_of_discharge: 0.5
  VRBF:
    cost: 243.47
    lifetime: 22.4225
    annual_cost: 10.8582896643996
    efficiency: 0.707852
    discharge_ratio: 0.5
    depth_of_discharge: 1.0
