cost_values:
  wind_capex: 5000.0
  wind_opex: 100
  wind_lifetime: 20
  solar_capex: 1000.0
  solar_opex: 10
  solar_lifetime: 20
  carbon_price: 1.0
timeseries_values:
  load_level: 263234.26734779973
  wind_year: 2012
  solar_year: 2010
  price_year: 2023
  carbon_year: 2023
storage_values:
  CAES:
    cost: 47.3924
    lifetime: 26.8924
    annual_cost: 1.762297154586426
    efficiency: 0.609838
    discharge_ratio: 0.1
    depth_of_discharge: 0.4
  Li-ion:
    cost: 260.16
    lifetime: 24.0842
    annual_cost: 10.802102623296603
    efficiency: 0.899806
    discharge_ratio: 2
    depth_of_discharge: 0.9
  Pb-acid:
    cost: 116.592
    lifetime: 10.9747
    annual_cost: 10.623707253956827
    efficiency: 0.751276
    discharge_ratio: 5
    depth_of_discharge: 0.5
  VRBF:
    cost: 239.823
    lifetime: 21.2727
    annual_cost: 11.273745222750286
    efficiency: 0.722231
    discharge_ratio: 0.5
    depth_of_discharge: 1.0
