cost_values:
  wind_capex: 5000.0
  wind_opex: 100
  wind_lifetime: 20
  solar_capex: 1000.0
  solar_opex: 10
  solar_lifetime: 20
  carbon_price: 1.0
timeseries_values:
  load_level: 263234.26734779973
  wind_year: 2012
  solar_year: 2010
  price_year: 2023
  carbon_year: 2023
storage_values:
  CAES:
    cost: 58.3737
    lifetime: 27.1434
    annual_cost: 2.150566988660227
    efficiency: 0.609475
    discharge_ratio: 0.1
    depth_of_discharge: 0.4
  Li-ion:
    cost: 260.758
    lifetime: 24.5311
    annual_cost: 10.629690474540482
    efficiency: 0.912521
    discharge_ratio: 2
    depth_of_discharge: 0.9
  Pb-acid:
    cost: 117.745
    lifetime: 11.8614
    annual_cost: 9.926737147385639
    efficiency: 0.744044
    discharge_ratio: 5
    depth_of_discharge: 0.5
  VRBF:
    cost: 257.322
    lifetime: 25.0431
    annual_cost: 10.275165614480636
    efficiency: 0.706663
    discharge_ratio: 0.5
    depth_of_discharge: 1.0
