cost_values:
  wind_capex: 5000.0
  wind_opex: 100
  wind_lifetime: 20
  solar_capex: 1000.0
  solar_opex: 10
  solar_lifetime: 20
  carbon_price: 1.0
timeseries_values:
  load_level: 263234.26734779973
  wind_year: 2012
  solar_year: 2010
  price_year: 2023
  carbon_year: 2023
storage_values:
  CAES:
    cost: 58.7868
    lifetime: 27.6231
    annual_cost: 2.128175331516014
    efficiency: 0.608138
    discharge_ratio: 0.1
    depth_of_discharge: 0.4
  Li-ion:
    cost: 264.904
    lifetime: 21.0896
    annual_cost: 12.560883089295197
    efficiency: 0.920102
    discharge_ratio: 2
    depth_of_discharge: 0.9
  Pb-acid:
    cost: 98.1826
    lifetime: 10.5311
    annual_cost: 9.32310964666559
    efficiency: 0.732401
    discharge_ratio: 5
    depth_of_discharge: 0.5
  VRBF:
    cost: 307.993
    lifetime: 24.1475
    annual_cost: 12.754653690858266
    efficiency: 0.718899
    discharge_ratio: 0.5
    depth_of_discharge: 1.0
