cost_values:
  wind_capex: 5000.0
  wind_opex: 100
  wind_lifetime: 20
  solar_capex: 1000.0
  solar_opex: 10
  solar_lifetime: 20
  carbon_price: 1.0
timeseries_values:
  load_level: 263234.26734779973
  wind_year: 2012
  solar_year: 2010
  price_year: 2023
  carbon_year: 2023
storage_values:
  CAES:
    cost: 50.9711
    lifetime: 26.3613
    annual_cost: 1.9335579049591636
    efficiency: 0.606414
    discharge_ratio: 0.1
    depth_of_discharge: 0.4
  Li-ion:
    cost: 252.431
    lifetime: 25.4448
    annual_cost: 9.920730365339873
    efficiency: 0.924519
    discharge_ratio: 2
    depth_of_discharge: 0.9
  Pb-acid:
    cost: 119.021
    lifetime: 10.8005
    annual_cost: 11.01995277996389
    efficiency: 0.734511
    discharge_ratio: 5
    depth_of_discharge: 0.5
  VRBF:
    cost: 259.128
    lifetime: 21.6797
    annual_cost: 11.952563919242424
    efficiency: 0.720453
    discharge_ratio: 0.5
    depth_of_discharge: 1.0
