cost_values:
  wind_capex: 5000.0
  wind_opex: 100
  wind_lifetime: 20
  solar_capex: 1000.0
  solar_opex: 10
  solar_lifetime: 20
  carbon_price: 1.0
timeseries_values:
  load_level: 263234.26734779973
  wind_year: 2012
  solar_year: 2010
  price_year: 2023
  carbon_year: 2023
storage_values:
  CAES:
    cost: 57.2191
    lifetime: 28.2944
    annual_cost: 2.0222764928749153
    efficiency: 0.605473
    discharge_ratio: 0.1
    depth_of_discharge: 0.4
  Li-ion:
    cost: 244.317
    lifetime: 22.3798
    annual_cost: 10.916853591184909
    efficiency: 0.921829
    discharge_ratio: 2
    depth_of_discharge: 0.9
  Pb-acid:
    cost: 110.759
    lifetime: 11.0417
    annual_cost: 10.03097349140078
    efficiency: 0.750568
    discharge_ratio: 5
    depth_of_discharge: 0.5
  VRBF:
    cost: 234.041
    lifetime: 22.7639
    annual_cost: 10.28123476205747
    efficiency: 0.732811
    discharge_ratio: 0.5
    depth_of_discharge: 1.0
