cost_values:
  wind_capex: 5000.0
  wind_opex: 100
  wind_lifetime: 20
  solar_capex: 1000.0
  solar_opex: 10
  solar_lifetime: 20
  carbon_price: 1.0
timeseries_values:
  load_level: 263234.26734779973
  wind_year: 2012
  solar_year: 2010
  price_year: 2023
  carbon_year: 2023
storage_values:
  CAES:
    cost: 52.1695
    lifetime: 27.4082
    annual_cost: 1.9034267117140125
    efficiency: 0.619839
    discharge_ratio: 0.1
    depth_of_discharge: 0.4
  Li-ion:
    cost: 248.715
    lifetime: 22.8516
    annual_cost: 10.88392060074568
    efficiency: 0.931667
    discharge_ratio: 2
    depth_of_discharge: 0.9
  Pb-acid:
    cost: 87.6585
    lifetime: 12.2323
    annual_cost: 7.166150274273849
    efficiency: 0.741556
    discharge_ratio: 5
    depth_of_discharge: 0.5
  VRBF:
    cost: 271.696
    lifetime: 21.6294
    annual_cost: 12.561421028784896
    efficiency: 0.727364
    discharge_ratio: 0.5
    depth_of_discharge: 1.0
