cost_values:
  wind_capex: 5000.0
  wind_opex: 100
  wind_lifetime: 20
  solar_capex: 1000.0
  solar_opex: 10
  solar_lifetime: 20
  carbon_price: 1.0
timeseries_values:
  load_level: 263234.26734779973
  wind_year: 2012
  solar_year: 2010
  price_year: 2023
  carbon_year: 2023
storage_values:
  CAES:
    cost: 52.4691
    lifetime: 27.2678
    annual_cost: 1.924214641445221
    efficiency: 0.618168
    discharge_ratio: 0.1
    depth_of_discharge: 0.4
  Li-ion:
    cost: 256.936
    lifetime: 26.212
    annual_cost: 9.802227987181443
    efficiency: 0.923158
    discharge_ratio: 2
    depth_of_discharge: 0.9
  Pb-acid:
    cost: 110.249
    lifetime: 11.5205
    annual_cost: 9.569810338092964
    efficiency: 0.739058
    discharge_ratio: 5
    depth_of_discharge: 0.5
  VRBF:
    cost: 285.075
    lifetime: 20.8425
    annual_cost: 13.677581863979848
    efficiency: 0.714124
    discharge_ratio: 0.5
    depth_of_discharge: 1.0
