cost_values:
  wind_capex: 5000.0
  wind_opex: 100
  wind_lifetime: 20
  solar_capex: 1000.0
  solar_opex: 10
  solar_lifetime: 20
  carbon_price: 1.0
timeseries_values:
  load_level: 263234.26734779973
  wind_year: 2012
  solar_year: 2010
  price_year: 2023
  carbon_year: 2023
storage_values:
  CAES:
    cost: 56.4786
    lifetime: 27.279
    annual_cost: 2.0704058066644673
    efficiency: 0.616812
    discharge_ratio: 0.1
    depth_of_discharge: 0.4
  Li-ion:
    cost: 260.727
    lifetime: 23.2376
    annual_cost: 11.220048542018107
    efficiency: 0.918582
    discharge_ratio: 2
    depth_of_discharge: 0.9
  Pb-acid:
    cost: 102.388
    lifetime: 11.151
    annual_cost: 9.181956775177115
    efficiency: 0.746012
    discharge_ratio: 5
    depth_of_discharge: 0.5
  VRBF:
    cost: 272.837
    lifetime: 24.0935
    annual_cost: 11.324091559964305
    efficiency: 0.709286
    discharge_ratio: 0.5
    depth_of_discharge: 1.0
