cost_values:
  wind_capex: 5000.0
  wind_opex: 100
  wind_lifetime: 20
  solar_capex: 1000.0
  solar_opex: 10
  solar_lifetime: 20
  carbon_price: 1.0
timeseries_values:
  load_level: 263234.26734779973
  wind_year: 2012
  solar_year: 2010
  price_year: 2023
  carbon_year: 2023
storage_values:
  CAES:
    cost: 48.5491
    lifetime: 27.1028
    annual_cost: 1.7912946263854659
    efficiency: 0.607914
    discharge_ratio: 0.1
    depth_of_discharge: 0.4
  Li-ion:
    cost: 256.531
    lifetime: 21.3971
    annual_cost: 11.989054591510065
    efficiency: 0.914505
    discharge_ratio: 2
    depth_of_discharge: 0.9
  Pb-acid:
    cost: 119.394
    lifetime: 11.4881
    annual_cost: 10.392841287941437
    efficiency: 0.737933
    discharge_ratio: 5
    depth_of_discharge: 0.5
  VRBF:
    cost: 240.287
    lifetime: 20.3971
    annual_cost: 11.780449181501293
    efficiency: 0.718138
    discharge_ratio: 0.5
    depth_of_discharge: 1.0
