cost_values:
  wind_capex: 5000.0
  wind_opex: 100
  wind_lifetime: 20
  solar_capex: 1000.0
  solar_opex: 10
  solar_lifetime: 20
  carbon_price: 1.0
timeseries_values:
  load_level: 263234.26734779973
  wind_year: 2012
  solar_year: 2010
  price_year: 2023
  carbon_year: 2023
storage_values:
  CAES:
    cost: 57.3779
    lifetime: 26.5316
    annual_cost: 2.1626249453481883
    efficiency: 0.600159
    discharge_ratio: 0.1
    depth_of_discharge: 0.4
  Li-ion:
    cost: 261.044
    lifetime: 22.5346
    annual_cost: 11.58414171984415
    efficiency: 0.927545
    discharge_ratio: 2
    depth_of_discharge: 0.9
  Pb-acid:
    cost: 120.891
    lifetime: 11.5868
    annual_cost: 10.43351054648393
    efficiency: 0.731481
    discharge_ratio: 5
    depth_of_discharge: 0.5
  VRBF:
    cost: 266.383
    lifetime: 21.3414
    annual_cost: 12.481983375036313
    efficiency: 0.714756
    discharge_ratio: 0.5
    depth_of_discharge: 1.0
