cost_values:
  wind_capex: 5000.0
  wind_opex: 100
  wind_lifetime: 20
  solar_capex: 1000.0
  solar_opex: 10
  solar_lifetime: 20
  carbon_price: 1.0
timeseries_values:
  load_level: 263234.26734779973
  wind_year: 2012
  solar_year: 2010
  price_year: 2023
  carbon_year: 2023
storage_values:
  CAES:
    cost: 52.6746
    lifetime: 27.3962
    annual_cost: 1.9226973083858345
    efficiency: 0.613601
    discharge_ratio: 0.1
    depth_of_discharge: 0.4
  Li-ion:
    cost: 267.902
    lifetime: 22.2759
    annual_cost: 12.026539892888726
    efficiency: 0.917573
    discharge_ratio: 2
    depth_of_discharge: 0.9
  Pb-acid:
    cost: 136.371
    lifetime: 13.4704
    annual_cost: 10.123752821000119
    efficiency: 0.730949
    discharge_ratio: 5
    depth_of_discharge: 0.5
  VRBF:
    cost: 275.66
    lifetime: 24.1288
    annual_cost: 11.42452173336428
    efficiency: 0.717533
    discharge_ratio: 0.5
    depth_of_discharge: 1.0
