cost_values:
  wind_capex: 5000.0
  wind_opex: 100
  wind_lifetime: 20
  solar_capex: 1000.0
  solar_opex: 10
  solar_lifetime: 20
  carbon_price: 1.0
timeseries_values:
  load_level: 263234.26734779973
  wind_year: 2012
  solar_year: 2010
  price_year: 2023
  carbon_year: 2023
storage_values:
  CAES:
    cost: 55.9024
    lifetime: 27.289
    annual_cost: 2.0485323756825093
    efficiency: 0.60873
    discharge_ratio: 0.1
    depth_of_discharge: 0.4
  Li-ion:
    cost: 273.021
    lifetime: 22.5232
    annual_cost: 12.121767777225262
    efficiency: 0.925706
    discharge_ratio: 2
    depth_of_discharge: 0.9
  Pb-acid:
    cost: 93.0942
    lifetime: 10.7084
    annual_cost: 8.693567666504801
    efficiency: 0.7457
    discharge_ratio: 5
    depth_of_discharge: 0.5
  VRBF:
    cost: 251.391
    lifetime: 22.5192
    annual_cost: 11.163407225833954
    efficiency: 0.723499
    discharge_ratio: 0.5
    depth_of_discharge: 1.0
