cost_values:
  wind_capex: 5000.0
  wind_opex: 100
  wind_lifetime: 20
  solar_capex: 1000.0
  solar_opex: 10
  solar_lifetime: 20
  carbon_price: 1.0
timeseries_values:
  load_level: 263234.26734779973
  wind_year: 2012
  solar_year: 2010
  price_year: 2023
  carbon_year: 2023
storage_values:
  CAES:
    cost: 54.2282
    lifetime: 26.6775
    annual_cost: 2.03273170274576
    efficiency: 0.60591
    discharge_ratio: 0.1
    depth_of_discharge: 0.4
  Li-ion:
    cost: 259.2
    lifetime: 24.923
    annual_cost: 10.400032098864504
    efficiency: 0.917607
    discharge_ratio: 2
    depth_of_discharge: 0.9
  Pb-acid:
    cost: 115.924
    lifetime: 10.6166
    annual_cost: 10.919126650716803
    efficiency: 0.743994
    discharge_ratio: 5
    depth_of_discharge: 0.5
  VRBF:
    cost: 261.467
    lifetime: 22.7322
    annual_cost: 11.50205435461592
    efficiency: 0.733774
    discharge_ratio: 0.5
    depth_of_discharge: 1.0
