cost_values:
  wind_capex: 5000.0
  wind_opex: 100
  wind_lifetime: 20
  solar_capex: 1000.0
  solar_opex: 10
  solar_lifetime: 20
  carbon_price: 1.0
timeseries_values:
  load_level: 263234.26734779973
  wind_year: 2012
  solar_year: 2010
  price_year: 2023
  carbon_year: 2023
storage_values:
  CAES:
    cost: 59.9697
    lifetime: 27.5506
    annual_cost: 2.1767112150007626
    efficiency: 0.612067
    discharge_ratio: 0.1
    depth_of_discharge: 0.4
  Li-ion:
    cost: 248.21
    lifetime: 22.6882
    annual_cost: 10.94004813074638
    efficiency: 0.912214
    discharge_ratio: 2
    depth_of_discharge: 0.9
  Pb-acid:
    cost: 116.045
    lifetime: 12.0259
    annual_cost: 9.649589635702942
    efficiency: 0.753268
    discharge_ratio: 5
    depth_of_discharge: 0.5
  VRBF:
    cost: 231.788
    lifetime: 23.194
    annual_cost: 9.993446581012332
    efficiency: 0.694901
    discharge_ratio: 0.5
    depth_of_discharge: 1.0
