cost_values:
  wind_capex: 5000.0
  wind_opex: 100
  wind_lifetime: 20
  solar_capex: 1000.0
  solar_opex: 10
  solar_lifetime: 20
  carbon_price: 1.0
timeseries_values:
  load_level: 263234.26734779973
  wind_year: 2012
  solar_year: 2010
  price_year: 2023
  carbon_year: 2023
storage_values:
  CAES:
    cost: 51.9677
    lifetime: 26.8968
    annual_cost: 1.932114600993427
    efficiency: 0.618086
    discharge_ratio: 0.1
    depth_of_discharge: 0.4
  Li-ion:
    cost: 243.779
    lifetime: 21.4163
    annual_cost: 11.38287192465552
    efficiency: 0.922598
    discharge_ratio: 2
    depth_of_discharge: 0.9
  Pb-acid:
    cost: 96.5042
    lifetime: 11.1024
    annual_cost: 8.692192679060383
    efficiency: 0.733019
    discharge_ratio: 5
    depth_of_discharge: 0.5
  VRBF:
    cost: 267.573
    lifetime: 22.2403
    annual_cost: 12.030997783303281
    efficiency: 0.726658
    discharge_ratio: 0.5
    depth_of_discharge: 1.0
