cost_values:
  wind_capex: 5000.0
  wind_opex: 100
  wind_lifetime: 20
  solar_capex: 1000.0
  solar_opex: 10
  solar_lifetime: 20
  carbon_price: 1.0
timeseries_values:
  load_level: 263234.26734779973
  wind_year: 2012
  solar_year: 2010
  price_year: 2023
  carbon_year: 2023
storage_values:
  CAES:
    cost: 58.3505
    lifetime: 26.0804
    annual_cost: 2.2373314826459714
    efficiency: 0.610622
    discharge_ratio: 0.1
    depth_of_discharge: 0.4
  Li-ion:
    cost: 249.765
    lifetime: 25.6396
    annual_cost: 9.741376620540102
    efficiency: 0.919109
    discharge_ratio: 2
    depth_of_discharge: 0.9
  Pb-acid:
    cost: 121.578
    lifetime: 12.0427
    annual_cost: 10.095576573359795
    efficiency: 0.748157
    discharge_ratio: 5
    depth_of_discharge: 0.5
  VRBF:
    cost: 242.376
    lifetime: 22.0132
    annual_cost: 11.010484618319916
    efficiency: 0.715713
    discharge_ratio: 0.5
    depth_of_discharge: 1.0
