cost_values:
  wind_capex: 5000.0
  wind_opex: 100
  wind_lifetime: 20
  solar_capex: 1000.0
  solar_opex: 10
  solar_lifetime: 20
  carbon_price: 1.0
timeseries_values:
  load_level: 263234.26734779973
  wind_year: 2012
  solar_year: 2010
  price_year: 2023
  carbon_year: 2023
storage_values:
  CAES:
    cost: 54.0853
    lifetime: 27.3882
    annual_cost: 1.974766505283297
    efficiency: 0.608986
    discharge_ratio: 0.1
    depth_of_discharge: 0.4
  Li-ion:
    cost: 252.667
    lifetime: 24.4402
    annual_cost: 10.338172355381706
    efficiency: 0.912793
    discharge_ratio: 2
    depth_of_discharge: 0.9
  Pb-acid:
    cost: 98.5525
    lifetime: 11.6226
    annual_cost: 8.479384991310033
    efficiency: 0.734957
    discharge_ratio: 5
    depth_of_discharge: 0.5
  VRBF:
    cost: 234.338
    lifetime: 21.408
    annual_cost: 10.946281763826606
    efficiency: 0.734788
    discharge_ratio: 0.5
    depth_of_discharge: 1.0
