cost_values:
  wind_capex: 5000.0
  wind_opex: 100
  wind_lifetime: 20
  solar_capex: 1000.0
  solar_opex: 10
  solar_lifetime: 20
  carbon_price: 1.0
timeseries_values:
  load_level: 272220.5735139393
  wind_year: 2014
  solar_year: 2016
  price_year: 2023
  carbon_year: 2023
storage_values:
  CAES:
    cost: 31.184
    lifetime: 21.631
    annual_cost: 1.4416346909527993
    efficiency: 0.592355
    discharge_ratio: 0.1
    depth_of_discharge: 0.4
  Li-ion:
    cost: 252.632
    lifetime: 23.3151
    annual_cost: 10.83555292492848
    efficiency: 0.935109
    discharge_ratio: 2
    depth_of_discharge: 0.9
  Pb-acid:
    cost: 234.169
    lifetime: 12.5395
    annual_cost: 18.674508552972608
    efficiency: 0.695526
    discharge_ratio: 5
    depth_of_discharge: 0.5
  VRBF:
    cost: 316.359
    lifetime: 13.9344
    annual_cost: 22.703453324147432
    efficiency: 0.707547
    discharge_ratio: 0.5
    depth_of_discharge: 1.0
