cost_values:
  wind_capex: 5000.0
  wind_opex: 100
  wind_lifetime: 20
  solar_capex: 1000.0
  solar_opex: 10
  solar_lifetime: 20
  carbon_price: 1.0
timeseries_values:
  load_level: 272220.5735139393
  wind_year: 2014
  solar_year: 2016
  price_year: 2023
  carbon_year: 2023
storage_values:
  CAES:
    cost: 34.9721
    lifetime: 22.4172
    annual_cost: 1.5600565637100081
    efficiency: 0.584543
    discharge_ratio: 0.1
    depth_of_discharge: 0.4
  Li-ion:
    cost: 214.841
    lifetime: 19.4198
    annual_cost: 11.062987260424928
    efficiency: 0.948536
    discharge_ratio: 2
    depth_of_discharge: 0.9
  Pb-acid:
    cost: 249.36
    lifetime: 11.4673
    annual_cost: 21.745310578776174
    efficiency: 0.678635
    discharge_ratio: 5
    depth_of_discharge: 0.5
  VRBF:
    cost: 311.047
    lifetime: 17.0587
    annual_cost: 18.233921693915715
    efficiency: 0.744019
    discharge_ratio: 0.5
    depth_of_discharge: 1.0
