cost_values:
  wind_capex: 5000.0
  wind_opex: 100
  wind_lifetime: 20
  solar_capex: 1000.0
  solar_opex: 10
  solar_lifetime: 20
  carbon_price: 1.0
timeseries_values:
  load_level: 272220.5735139393
  wind_year: 2014
  solar_year: 2016
  price_year: 2023
  carbon_year: 2023
storage_values:
  CAES:
    cost: 34.0714
    lifetime: 21.3386
    annual_cost: 1.596702689023647
    efficiency: 0.58645
    discharge_ratio: 0.1
    depth_of_discharge: 0.4
  Li-ion:
    cost: 208.048
    lifetime: 21.7647
    annual_cost: 9.558964745666147
    efficiency: 0.9252
    discharge_ratio: 2
    depth_of_discharge: 0.9
  Pb-acid:
    cost: 220.421
    lifetime: 12.0175
    annual_cost: 18.341668400249635
    efficiency: 0.694954
    discharge_ratio: 5
    depth_of_discharge: 0.5
  VRBF:
    cost: 283.805
    lifetime: 14.2406
    annual_cost: 19.92928668735868
    efficiency: 0.709217
    discharge_ratio: 0.5
    depth_of_discharge: 1.0
