cost_values:
  wind_capex: 5000.0
  wind_opex: 100
  wind_lifetime: 20
  solar_capex: 1000.0
  solar_opex: 10
  solar_lifetime: 20
  carbon_price: 1.0
timeseries_values:
  load_level: 272220.5735139393
  wind_year: 2014
  solar_year: 2016
  price_year: 2023
  carbon_year: 2023
storage_values:
  CAES:
    cost: 33.6467
    lifetime: 21.8055
    annual_cost: 1.5430373071014196
    efficiency: 0.597017
    discharge_ratio: 0.1
    depth_of_discharge: 0.4
  Li-ion:
    cost: 261.101
    lifetime: 19.3625
    annual_cost: 13.484880568108457
    efficiency: 0.938539
    discharge_ratio: 2
    depth_of_discharge: 0.9
  Pb-acid:
    cost: 241.189
    lifetime: 13.6903
    annual_cost: 17.61751020795746
    efficiency: 0.697755
    discharge_ratio: 5
    depth_of_discharge: 0.5
  VRBF:
    cost: 267.655
    lifetime: 15.405
    annual_cost: 17.374553716325867
    efficiency: 0.693216
    discharge_ratio: 0.5
    depth_of_discharge: 1.0
