cost_values:
  wind_capex: 5000.0
  wind_opex: 100
  wind_lifetime: 20
  solar_capex: 1000.0
  solar_opex: 10
  solar_lifetime: 20
  carbon_price: 1.0
timeseries_values:
  load_level: 272220.5735139393
  wind_year: 2014
  solar_year: 2016
  price_year: 2023
  carbon_year: 2023
storage_values:
  CAES:
    cost: 28.9757
    lifetime: 21.901
    annual_cost: 1.32303091183051
    efficiency: 0.591057
    discharge_ratio: 0.1
    depth_of_discharge: 0.4
  Li-ion:
    cost: 208.225
    lifetime: 20.653
    annual_cost: 10.082070401394471
    efficiency: 0.947024
    discharge_ratio: 2
    depth_of_discharge: 0.9
  Pb-acid:
    cost: 242.236
    lifetime: 12.2955
    annual_cost: 19.701191492822577
    efficiency: 0.676146
    discharge_ratio: 5
    depth_of_discharge: 0.5
  VRBF:
    cost: 293.605
    lifetime: 14.4004
    annual_cost: 20.388669759173357
    efficiency: 0.707684
    discharge_ratio: 0.5
    depth_of_discharge: 1.0
