cost_values:
  wind_capex: 5000.0
  wind_opex: 100
  wind_lifetime: 20
  solar_capex: 1000.0
  solar_opex: 10
  solar_lifetime: 20
  carbon_price: 1.0
timeseries_values:
  load_level: 272220.5735139393
  wind_year: 2014
  solar_year: 2016
  price_year: 2023
  carbon_year: 2023
storage_values:
  CAES:
    cost: 25.9159
    lifetime: 21.7354
    annual_cost: 1.1923360048584337
    efficiency: 0.592066
    discharge_ratio: 0.1
    depth_of_discharge: 0.4
  Li-ion:
    cost: 226.11
    lifetime: 21.4192
    annual_cost: 10.556416672891611
    efficiency: 0.93965
    discharge_ratio: 2
    depth_of_discharge: 0.9
  Pb-acid:
    cost: 231.422
    lifetime: 11.2296
    annual_cost: 20.608214005841706
    efficiency: 0.690484
    discharge_ratio: 5
    depth_of_discharge: 0.5
  VRBF:
    cost: 310.157
    lifetime: 17.6055
    annual_cost: 17.617051489591322
    efficiency: 0.723101
    discharge_ratio: 0.5
    depth_of_discharge: 1.0
