cost_values:
  wind_capex: 5000.0
  wind_opex: 100
  wind_lifetime: 20
  solar_capex: 1000.0
  solar_opex: 10
  solar_lifetime: 20
  carbon_price: 1.0
timeseries_values:
  load_level: 272220.5735139393
  wind_year: 2014
  solar_year: 2016
  price_year: 2023
  carbon_year: 2023
storage_values:
  CAES:
    cost: 31.7547
    lifetime: 22.0884
    annual_cost: 1.4376188406584451
    efficiency: 0.592999
    discharge_ratio: 0.1
    depth_of_discharge: 0.4
  Li-ion:
    cost: 220.887
    lifetime: 22.3936
    annual_cost: 9.863845027150616
    efficiency: 0.935345
    discharge_ratio: 2
    depth_of_discharge: 0.9
  Pb-acid:
    cost: 214.404
    lifetime: 11.9761
    annual_cost: 17.902656123445862
    efficiency: 0.697904
    discharge_ratio: 5
    depth_of_discharge: 0.5
  VRBF:
    cost: 282.512
    lifetime: 16.7875
    annual_cost: 16.828711839166044
    efficiency: 0.736764
    discharge_ratio: 0.5
    depth_of_discharge: 1.0
