cost_values:
  wind_capex: 5000.0
  wind_opex: 100
  wind_lifetime: 20
  solar_capex: 1000.0
  solar_opex: 10
  solar_lifetime: 20
  carbon_price: 1.0
timeseries_values:
  load_level: 272220.5735139393
  wind_year: 2014
  solar_year: 2016
  price_year: 2023
  carbon_year: 2023
storage_values:
  CAES:
    cost: 30.4315
    lifetime: 21.5593
    annual_cost: 1.4115254205841563
    efficiency: 0.593069
    discharge_ratio: 0.1
    depth_of_discharge: 0.4
  Li-ion:
    cost: 228.412
    lifetime: 21.0898
    annual_cost: 10.830448842568446
    efficiency: 0.931377
    discharge_ratio: 2
    depth_of_discharge: 0.9
  Pb-acid:
    cost: 240.621
    lifetime: 11.6937
    annual_cost: 20.57697734677647
    efficiency: 0.682068
    discharge_ratio: 5
    depth_of_discharge: 0.5
  VRBF:
    cost: 330.88
    lifetime: 15.115
    annual_cost: 21.890836916969896
    efficiency: 0.704326
    discharge_ratio: 0.5
    depth_of_discharge: 1.0
