cost_values:
  wind_capex: 5000.0
  wind_opex: 100
  wind_lifetime: 20
  solar_capex: 1000.0
  solar_opex: 10
  solar_lifetime: 20
  carbon_price: 1.0
timeseries_values:
  load_level: 272220.5735139393
  wind_year: 2014
  solar_year: 2016
  price_year: 2023
  carbon_year: 2023
storage_values:
  CAES:
    cost: 31.6325
    lifetime: 21.7262
    annual_cost: 1.4559610056061347
    efficiency: 0.598248
    discharge_ratio: 0.1
    depth_of_discharge: 0.4
  Li-ion:
    cost: 229.128
    lifetime: 21.9888
    annual_cost: 10.420213927090154
    efficiency: 0.937095
    discharge_ratio: 2
    depth_of_discharge: 0.9
  Pb-acid:
    cost: 247.939
    lifetime: 11.1053
    annual_cost: 22.326186595589494
    efficiency: 0.690194
    discharge_ratio: 5
    depth_of_discharge: 0.5
  VRBF:
    cost: 307.197
    lifetime: 16.1815
    annual_cost: 18.984457559558756
    efficiency: 0.72108
    discharge_ratio: 0.5
    depth_of_discharge: 1.0
