cost_values:
  wind_capex: 5000.0
  wind_opex: 100
  wind_lifetime: 20
  solar_capex: 1000.0
  solar_opex: 10
  solar_lifetime: 20
  carbon_price: 1.0
timeseries_values:
  load_level: 272220.5735139393
  wind_year: 2014
  solar_year: 2016
  price_year: 2023
  carbon_year: 2023
storage_values:
  CAES:
    cost: 34.3078
    lifetime: 20.9565
    annual_cost: 1.6370958891036196
    efficiency: 0.595135
    discharge_ratio: 0.1
    depth_of_discharge: 0.4
  Li-ion:
    cost: 243.194
    lifetime: 19.6959
    annual_cost: 12.347442868820412
    efficiency: 0.943504
    discharge_ratio: 2
    depth_of_discharge: 0.9
  Pb-acid:
    cost: 248.547
    lifetime: 11.2808
    annual_cost: 22.032745904545777
    efficiency: 0.679744
    discharge_ratio: 5
    depth_of_discharge: 0.5
  VRBF:
    cost: 299.285
    lifetime: 17.3507
    annual_cost: 17.24915997625456
    efficiency: 0.71667
    discharge_ratio: 0.5
    depth_of_discharge: 1.0
