cost_values:
  wind_capex: 5000.0
  wind_opex: 100
  wind_lifetime: 20
  solar_capex: 1000.0
  solar_opex: 10
  solar_lifetime: 20
  carbon_price: 1.0
timeseries_values:
  load_level: 272220.5735139393
  wind_year: 2014
  solar_year: 2016
  price_year: 2023
  carbon_year: 2023
storage_values:
  CAES:
    cost: 29.1375
    lifetime: 22.249
    annual_cost: 1.309609420648119
    efficiency: 0.576486
    discharge_ratio: 0.1
    depth_of_discharge: 0.4
  Li-ion:
    cost: 232.028
    lifetime: 20.6494
    annual_cost: 11.236549245982934
    efficiency: 0.950913
    discharge_ratio: 2
    depth_of_discharge: 0.9
  Pb-acid:
    cost: 234.01
    lifetime: 10.5464
    annual_cost: 22.18861412425093
    efficiency: 0.688483
    discharge_ratio: 5
    depth_of_discharge: 0.5
  VRBF:
    cost: 273.6
    lifetime: 14.8646
    annual_cost: 18.406146145876782
    efficiency: 0.706612
    discharge_ratio: 0.5
    depth_of_discharge: 1.0
