cost_values:
  wind_capex: 5000.0
  wind_opex: 100
  wind_lifetime: 20
  solar_capex: 1000.0
  solar_opex: 10
  solar_lifetime: 20
  carbon_price: 1.0
timeseries_values:
  load_level: 272220.5735139393
  wind_year: 2014
  solar_year: 2016
  price_year: 2023
  carbon_year: 2023
storage_values:
  CAES:
    cost: 34.3506
    lifetime: 22.019
    annual_cost: 1.560043598710205
    efficiency: 0.591094
    discharge_ratio: 0.1
    depth_of_discharge: 0.4
  Li-ion:
    cost: 230.788
    lifetime: 19.0025
    annual_cost: 12.145138797526641
    efficiency: 0.927787
    discharge_ratio: 2
    depth_of_discharge: 0.9
  Pb-acid:
    cost: 240.96
    lifetime: 13.6383
    annual_cost: 17.66789115945536
    efficiency: 0.697398
    discharge_ratio: 5
    depth_of_discharge: 0.5
  VRBF:
    cost: 269.026
    lifetime: 16.0261
    annual_cost: 16.786741627719785
    efficiency: 0.682156
    discharge_ratio: 0.5
    depth_of_discharge: 1.0
