cost_values:
  wind_capex: 5000.0
  wind_opex: 100
  wind_lifetime: 20
  solar_capex: 1000.0
  solar_opex: 10
  solar_lifetime: 20
  carbon_price: 1.0
timeseries_values:
  load_level: 272220.5735139393
  wind_year: 2014
  solar_year: 2016
  price_year: 2023
  carbon_year: 2023
storage_values:
  CAES:
    cost: 38.7774
    lifetime: 22.1769
    annual_cost: 1.7485491660241061
    efficiency: 0.597429
    discharge_ratio: 0.1
    depth_of_discharge: 0.4
  Li-ion:
    cost: 233.303
    lifetime: 20.163
    annual_cost: 11.570847592124188
    efficiency: 0.936195
    discharge_ratio: 2
    depth_of_discharge: 0.9
  Pb-acid:
    cost: 244.251
    lifetime: 11.449
    annual_cost: 21.333828281946023
    efficiency: 0.681618
    discharge_ratio: 5
    depth_of_discharge: 0.5
  VRBF:
    cost: 313.709
    lifetime: 17.2952
    annual_cost: 18.138500855728758
    efficiency: 0.728864
    discharge_ratio: 0.5
    depth_of_discharge: 1.0
