cost_values:
  wind_capex: 5000.0
  wind_opex: 100
  wind_lifetime: 20
  solar_capex: 1000.0
  solar_opex: 10
  solar_lifetime: 20
  carbon_price: 1.0
timeseries_values:
  load_level: 272220.5735139393
  wind_year: 2014
  solar_year: 2016
  price_year: 2023
  carbon_year: 2023
storage_values:
  CAES:
    cost: 33.4507
    lifetime: 20.1193
    annual_cost: 1.6626174866918828
    efficiency: 0.592878
    discharge_ratio: 0.1
    depth_of_discharge: 0.4
  Li-ion:
    cost: 197.719
    lifetime: 20.7121
    annual_cost: 9.546062446589191
    efficiency: 0.95364
    discharge_ratio: 2
    depth_of_discharge: 0.9
  Pb-acid:
    cost: 227.848
    lifetime: 12.9786
    annual_cost: 17.555668562094525
    efficiency: 0.694522
    discharge_ratio: 5
    depth_of_discharge: 0.5
  VRBF:
    cost: 330.039
    lifetime: 15.5795
    annual_cost: 21.184184344812092
    efficiency: 0.723485
    discharge_ratio: 0.5
    depth_of_discharge: 1.0
