cost_values:
  wind_capex: 5000.0
  wind_opex: 100
  wind_lifetime: 20
  solar_capex: 1000.0
  solar_opex: 10
  solar_lifetime: 20
  carbon_price: 1.0
timeseries_values:
  load_level: 272220.5735139393
  wind_year: 2014
  solar_year: 2016
  price_year: 2023
  carbon_year: 2023
storage_values:
  CAES:
    cost: 23.7601
    lifetime: 21.1345
    annual_cost: 1.1242328893515343
    efficiency: 0.594854
    discharge_ratio: 0.1
    depth_of_discharge: 0.4
  Li-ion:
    cost: 216.684
    lifetime: 21.0823
    annual_cost: 10.278005720438472
    efficiency: 0.949081
    discharge_ratio: 2
    depth_of_discharge: 0.9
  Pb-acid:
    cost: 232.085
    lifetime: 11.1082
    annual_cost: 20.893123998487603
    efficiency: 0.706256
    discharge_ratio: 5
    depth_of_discharge: 0.5
  VRBF:
    cost: 305.586
    lifetime: 18.5846
    annual_cost: 16.442968909742476
    efficiency: 0.709813
    discharge_ratio: 0.5
    depth_of_discharge: 1.0
