cost_values:
  wind_capex: 5000.0
  wind_opex: 100
  wind_lifetime: 20
  solar_capex: 1000.0
  solar_opex: 10
  solar_lifetime: 20
  carbon_price: 1.0
timeseries_values:
  load_level: 272220.5735139393
  wind_year: 2014
  solar_year: 2016
  price_year: 2023
  carbon_year: 2023
storage_values:
  CAES:
    cost: 37.0313
    lifetime: 21.0468
    annual_cost: 1.75947412433244
    efficiency: 0.599876
    discharge_ratio: 0.1
    depth_of_discharge: 0.4
  Li-ion:
    cost: 240.741
    lifetime: 18.9938
    annual_cost: 12.674714906969644
    efficiency: 0.937764
    discharge_ratio: 2
    depth_of_discharge: 0.9
  Pb-acid:
    cost: 235.468
    lifetime: 10.4312
    annual_cost: 22.573433545517293
    efficiency: 0.67958
    discharge_ratio: 5
    depth_of_discharge: 0.5
  VRBF:
    cost: 298.218
    lifetime: 15.8331
    annual_cost: 18.835098622506017
    efficiency: 0.706144
    discharge_ratio: 0.5
    depth_of_discharge: 1.0
