cost_values:
  wind_capex: 5000.0
  wind_opex: 100
  wind_lifetime: 20
  solar_capex: 1000.0
  solar_opex: 10
  solar_lifetime: 20
  carbon_price: 1.0
timeseries_values:
  load_level: 272220.5735139393
  wind_year: 2014
  solar_year: 2016
  price_year: 2023
  carbon_year: 2023
storage_values:
  CAES:
    cost: 32.6186
    lifetime: 22.2411
    annual_cost: 1.4665911308343562
    efficiency: 0.58713
    discharge_ratio: 0.1
    depth_of_discharge: 0.4
  Li-ion:
    cost: 213.172
    lifetime: 18.1396
    annual_cost: 11.751747557829278
    efficiency: 0.928297
    discharge_ratio: 2
    depth_of_discharge: 0.9
  Pb-acid:
    cost: 249.951
    lifetime: 11.5377
    annual_cost: 21.66384981408773
    efficiency: 0.686475
    discharge_ratio: 5
    depth_of_discharge: 0.5
  VRBF:
    cost: 302.525
    lifetime: 17.2055
    annual_cost: 17.583040306878612
    efficiency: 0.72489
    discharge_ratio: 0.5
    depth_of_discharge: 1.0
