cost_values:
  wind_capex: 5000.0
  wind_opex: 100
  wind_lifetime: 20
  solar_capex: 1000.0
  solar_opex: 10
  solar_lifetime: 20
  carbon_price: 1.0
timeseries_values:
  load_level: 272220.5735139393
  wind_year: 2014
  solar_year: 2016
  price_year: 2023
  carbon_year: 2023
storage_values:
  CAES:
    cost: 33.4396
    lifetime: 22.2587
    annual_cost: 1.5023159483707493
    efficiency: 0.587209
    discharge_ratio: 0.1
    depth_of_discharge: 0.4
  Li-ion:
    cost: 237.91
    lifetime: 19.7769
    annual_cost: 12.029691205396194
    efficiency: 0.934123
    discharge_ratio: 2
    depth_of_discharge: 0.9
  Pb-acid:
    cost: 249.802
    lifetime: 11.252
    annual_cost: 22.200675435478136
    efficiency: 0.693294
    discharge_ratio: 5
    depth_of_discharge: 0.5
  VRBF:
    cost: 328.89
    lifetime: 15.6055
    annual_cost: 21.075261926884753
    efficiency: 0.699988
    discharge_ratio: 0.5
    depth_of_discharge: 1.0
