cost_values:
  wind_capex: 5000.0
  wind_opex: 100
  wind_lifetime: 20
  solar_capex: 1000.0
  solar_opex: 10
  solar_lifetime: 20
  carbon_price: 1.0
timeseries_values:
  load_level: 272220.5735139393
  wind_year: 2014
  solar_year: 2016
  price_year: 2023
  carbon_year: 2023
storage_values:
  CAES:
    cost: 36.7605
    lifetime: 20.177
    annual_cost: 1.821901174604748
    efficiency: 0.580779
    discharge_ratio: 0.1
    depth_of_discharge: 0.4
  Li-ion:
    cost: 221.784
    lifetime: 20.8686
    annual_cost: 10.627641528420689
    efficiency: 0.940776
    discharge_ratio: 2
    depth_of_discharge: 0.9
  Pb-acid:
    cost: 246.783
    lifetime: 11.9979
    annual_cost: 20.568849548671018
    efficiency: 0.682125
    discharge_ratio: 5
    depth_of_discharge: 0.5
  VRBF:
    cost: 312.077
    lifetime: 16.0531
    annual_cost: 19.440295020899388
    efficiency: 0.715275
    discharge_ratio: 0.5
    depth_of_discharge: 1.0
