cost_values:
  wind_capex: 5000.0
  wind_opex: 100
  wind_lifetime: 20
  solar_capex: 1000.0
  solar_opex: 10
  solar_lifetime: 20
  carbon_price: 1.0
timeseries_values:
  load_level: 272220.5735139393
  wind_year: 2014
  solar_year: 2016
  price_year: 2023
  carbon_year: 2023
storage_values:
  CAES:
    cost: 35.2194
    lifetime: 20.9045
    annual_cost: 1.6847760051663518
    efficiency: 0.595376
    discharge_ratio: 0.1
    depth_of_discharge: 0.4
  Li-ion:
    cost: 223.621
    lifetime: 21.2204
    annual_cost: 10.53802001847279
    efficiency: 0.938327
    discharge_ratio: 2
    depth_of_discharge: 0.9
  Pb-acid:
    cost: 247.265
    lifetime: 11.9435
    annual_cost: 20.70289278687152
    efficiency: 0.681784
    discharge_ratio: 5
    depth_of_discharge: 0.5
  VRBF:
    cost: 299.512
    lifetime: 14.8917
    annual_cost: 20.11268021783947
    efficiency: 0.712367
    discharge_ratio: 0.5
    depth_of_discharge: 1.0
