cost_values:
  wind_capex: 5000.0
  wind_opex: 100
  wind_lifetime: 20
  solar_capex: 1000.0
  solar_opex: 10
  solar_lifetime: 20
  carbon_price: 1.0
timeseries_values:
  load_level: 272220.5735139393
  wind_year: 2014
  solar_year: 2016
  price_year: 2023
  carbon_year: 2023
storage_values:
  CAES:
    cost: 28.7706
    lifetime: 21.7567
    annual_cost: 1.3223788534106737
    efficiency: 0.594228
    discharge_ratio: 0.1
    depth_of_discharge: 0.4
  Li-ion:
    cost: 218.748
    lifetime: 20.2069
    annual_cost: 10.825411121943494
    efficiency: 0.952525
    discharge_ratio: 2
    depth_of_discharge: 0.9
  Pb-acid:
    cost: 243.041
    lifetime: 9.93964
    annual_cost: 24.45169040327416
    efficiency: 0.693337
    discharge_ratio: 5
    depth_of_discharge: 0.5
  VRBF:
    cost: 279.122
    lifetime: 16.3031
    annual_cost: 17.120792978022585
    efficiency: 0.722512
    discharge_ratio: 0.5
    depth_of_discharge: 1.0
