cost_values:
  wind_capex: 5000.0
  wind_opex: 100
  wind_lifetime: 20
  solar_capex: 1000.0
  solar_opex: 10
  solar_lifetime: 20
  carbon_price: 1.0
timeseries_values:
  load_level: 272220.5735139393
  wind_year: 2014
  solar_year: 2016
  price_year: 2023
  carbon_year: 2023
storage_values:
  CAES:
    cost: 31.7306
    lifetime: 22.1309
    annual_cost: 1.4337690740096425
    efficiency: 0.588737
    discharge_ratio: 0.1
    depth_of_discharge: 0.4
  Li-ion:
    cost: 230.666
    lifetime: 20.2606
    annual_cost: 11.384954048744854
    efficiency: 0.943446
    discharge_ratio: 2
    depth_of_discharge: 0.9
  Pb-acid:
    cost: 209.555
    lifetime: 12.8369
    annual_cost: 16.324424121088427
    efficiency: 0.707965
    discharge_ratio: 5
    depth_of_discharge: 0.5
  VRBF:
    cost: 267.597
    lifetime: 16.0331
    annual_cost: 16.69028447399442
    efficiency: 0.711465
    discharge_ratio: 0.5
    depth_of_discharge: 1.0
