cost_values:
  wind_capex: 5000.0
  wind_opex: 100
  wind_lifetime: 20
  solar_capex: 1000.0
  solar_opex: 10
  solar_lifetime: 20
  carbon_price: 1.0
timeseries_values:
  load_level: 272220.5735139393
  wind_year: 2014
  solar_year: 2016
  price_year: 2023
  carbon_year: 2023
storage_values:
  CAES:
    cost: 29.7463
    lifetime: 21.6555
    annual_cost: 1.3736140934173766
    efficiency: 0.594091
    discharge_ratio: 0.1
    depth_of_discharge: 0.4
  Li-ion:
    cost: 212.558
    lifetime: 21.2245
    annual_cost: 10.01474710829466
    efficiency: 0.941075
    discharge_ratio: 2
    depth_of_discharge: 0.9
  Pb-acid:
    cost: 224.402
    lifetime: 11.2273
    annual_cost: 19.987174120224807
    efficiency: 0.677981
    discharge_ratio: 5
    depth_of_discharge: 0.5
  VRBF:
    cost: 298.824
    lifetime: 14.1692
    annual_cost: 21.08968749117805
    efficiency: 0.723709
    discharge_ratio: 0.5
    depth_of_discharge: 1.0
