cost_values:
  wind_capex: 5000.0
  wind_opex: 100
  wind_lifetime: 20
  solar_capex: 1000.0
  solar_opex: 10
  solar_lifetime: 20
  carbon_price: 1.0
timeseries_values:
  load_level: 272220.5735139393
  wind_year: 2014
  solar_year: 2016
  price_year: 2023
  carbon_year: 2023
storage_values:
  CAES:
    cost: 34.8155
    lifetime: 21.519
    annual_cost: 1.617895813002463
    efficiency: 0.5886
    discharge_ratio: 0.1
    depth_of_discharge: 0.4
  Li-ion:
    cost: 232.129
    lifetime: 19.207
    annual_cost: 12.085645858280834
    efficiency: 0.918288
    discharge_ratio: 2
    depth_of_discharge: 0.9
  Pb-acid:
    cost: 225.614
    lifetime: 11.837
    annual_cost: 19.060065895074768
    efficiency: 0.691974
    discharge_ratio: 5
    depth_of_discharge: 0.5
  VRBF:
    cost: 285.615
    lifetime: 17.7786
    annual_cost: 16.065100739090816
    efficiency: 0.714504
    discharge_ratio: 0.5
    depth_of_discharge: 1.0
