cost_values:
  wind_capex: 5000.0
  wind_opex: 100
  wind_lifetime: 20
  solar_capex: 1000.0
  solar_opex: 10
  solar_lifetime: 20
  carbon_price: 1.0
timeseries_values:
  load_level: 272220.5735139393
  wind_year: 2014
  solar_year: 2016
  price_year: 2023
  carbon_year: 2023
storage_values:
  CAES:
    cost: 24.057
    lifetime: 21.5533
    annual_cost: 1.1161631861478287
    efficiency: 0.591634
    discharge_ratio: 0.1
    depth_of_discharge: 0.4
  Li-ion:
    cost: 229.516
    lifetime: 18.199
    annual_cost: 12.611462168251002
    efficiency: 0.941944
    discharge_ratio: 2
    depth_of_discharge: 0.9
  Pb-acid:
    cost: 234.245
    lifetime: 12.1571
    annual_cost: 19.268164282600292
    efficiency: 0.694095
    discharge_ratio: 5
    depth_of_discharge: 0.5
  VRBF:
    cost: 299.32
    lifetime: 16.2665
    annual_cost: 18.4010082070513
    efficiency: 0.722749
    discharge_ratio: 0.5
    depth_of_discharge: 1.0
