cost_values:
  wind_capex: 5000.0
  wind_opex: 100
  wind_lifetime: 20
  solar_capex: 1000.0
  solar_opex: 10
  solar_lifetime: 20
  carbon_price: 1.0
timeseries_values:
  load_level: 272220.5735139393
  wind_year: 2014
  solar_year: 2016
  price_year: 2023
  carbon_year: 2023
storage_values:
  CAES:
    cost: 32.5672
    lifetime: 20.7268
    annual_cost: 1.5712603971669528
    efficiency: 0.587641
    discharge_ratio: 0.1
    depth_of_discharge: 0.4
  Li-ion:
    cost: 230.224
    lifetime: 19.0373
    annual_cost: 12.093311551533043
    efficiency: 0.938973
    discharge_ratio: 2
    depth_of_discharge: 0.9
  Pb-acid:
    cost: 239.869
    lifetime: 11.5368
    annual_cost: 20.791640662922127
    efficiency: 0.694453
    discharge_ratio: 5
    depth_of_discharge: 0.5
  VRBF:
    cost: 296.175
    lifetime: 13.5905
    annual_cost: 21.79279643868879
    efficiency: 0.715425
    discharge_ratio: 0.5
    depth_of_discharge: 1.0
