cost_values:
  wind_capex: 5000.0
  wind_opex: 100
  wind_lifetime: 20
  solar_capex: 1000.0
  solar_opex: 10
  solar_lifetime: 20
  carbon_price: 1.0
timeseries_values:
  load_level: 272220.5735139393
  wind_year: 2014
  solar_year: 2016
  price_year: 2023
  carbon_year: 2023
storage_values:
  CAES:
    cost: 34.4265
    lifetime: 21.1864
    annual_cost: 1.624933919873126
    efficiency: 0.591743
    discharge_ratio: 0.1
    depth_of_discharge: 0.4
  Li-ion:
    cost: 236.358
    lifetime: 19.9517
    annual_cost: 11.84650932000782
    efficiency: 0.938606
    discharge_ratio: 2
    depth_of_discharge: 0.9
  Pb-acid:
    cost: 208.139
    lifetime: 11.3283
    annual_cost: 18.373365818348738
    efficiency: 0.696248
    discharge_ratio: 5
    depth_of_discharge: 0.5
  VRBF:
    cost: 333.597
    lifetime: 16.3778
    annual_cost: 20.368852959493946
    efficiency: 0.723841
    discharge_ratio: 0.5
    depth_of_discharge: 1.0
