cost_values:
  wind_capex: 5000.0
  wind_opex: 100
  wind_lifetime: 20
  solar_capex: 1000.0
  solar_opex: 10
  solar_lifetime: 20
  carbon_price: 1.0
timeseries_values:
  load_level: 272220.5735139393
  wind_year: 2014
  solar_year: 2016
  price_year: 2023
  carbon_year: 2023
storage_values:
  CAES:
    cost: 32.7778
    lifetime: 21.4899
    annual_cost: 1.5252653572143193
    efficiency: 0.597651
    discharge_ratio: 0.1
    depth_of_discharge: 0.4
  Li-ion:
    cost: 231.254
    lifetime: 19.4829
    annual_cost: 11.869588202988261
    efficiency: 0.925456
    discharge_ratio: 2
    depth_of_discharge: 0.9
  Pb-acid:
    cost: 243.626
    lifetime: 11.5294
    annual_cost: 21.130848092702134
    efficiency: 0.707422
    discharge_ratio: 5
    depth_of_discharge: 0.5
  VRBF:
    cost: 318.728
    lifetime: 17.8846
    annual_cost: 17.821365867841607
    efficiency: 0.722043
    discharge_ratio: 0.5
    depth_of_discharge: 1.0
