cost_values:
  wind_capex: 5000.0
  wind_opex: 100
  wind_lifetime: 20
  solar_capex: 1000.0
  solar_opex: 10
  solar_lifetime: 20
  carbon_price: 1.0
timeseries_values:
  load_level: 272220.5735139393
  wind_year: 2014
  solar_year: 2016
  price_year: 2023
  carbon_year: 2023
storage_values:
  CAES:
    cost: 30.0879
    lifetime: 21.7491
    annual_cost: 1.3834089686469786
    efficiency: 0.591153
    discharge_ratio: 0.1
    depth_of_discharge: 0.4
  Li-ion:
    cost: 224.882
    lifetime: 22.4855
    annual_cost: 10.001200773832027
    efficiency: 0.945291
    discharge_ratio: 2
    depth_of_discharge: 0.9
  Pb-acid:
    cost: 249.284
    lifetime: 13.6729
    annual_cost: 18.231977122629434
    efficiency: 0.683276
    discharge_ratio: 5
    depth_of_discharge: 0.5
  VRBF:
    cost: 311.651
    lifetime: 13.7244
    annual_cost: 22.70780507708898
    efficiency: 0.700483
    discharge_ratio: 0.5
    depth_of_discharge: 1.0
