cost_values:
  wind_capex: 5000.0
  wind_opex: 100
  wind_lifetime: 20
  solar_capex: 1000.0
  solar_opex: 10
  solar_lifetime: 20
  carbon_price: 1.0
timeseries_values:
  load_level: 272220.5735139393
  wind_year: 2014
  solar_year: 2016
  price_year: 2023
  carbon_year: 2023
storage_values:
  CAES:
    cost: 27.8058
    lifetime: 21.5978
    annual_cost: 1.2874366833658986
    efficiency: 0.592534
    discharge_ratio: 0.1
    depth_of_discharge: 0.4
  Li-ion:
    cost: 230.073
    lifetime: 19.9906
    annual_cost: 11.50905925785119
    efficiency: 0.943433
    discharge_ratio: 2
    depth_of_discharge: 0.9
  Pb-acid:
    cost: 233.078
    lifetime: 10.9059
    annual_cost: 21.371734565693796
    efficiency: 0.686827
    discharge_ratio: 5
    depth_of_discharge: 0.5
  VRBF:
    cost: 323.111
    lifetime: 14.8255
    annual_cost: 21.79427338032444
    efficiency: 0.713715
    discharge_ratio: 0.5
    depth_of_discharge: 1.0
