cost_values:
  wind_capex: 5000.0
  wind_opex: 100
  wind_lifetime: 20
  solar_capex: 1000.0
  solar_opex: 10
  solar_lifetime: 20
  carbon_price: 1.0
timeseries_values:
  load_level: 272220.5735139393
  wind_year: 2014
  solar_year: 2016
  price_year: 2023
  carbon_year: 2023
storage_values:
  CAES:
    cost: 31.848
    lifetime: 22.8808
    annual_cost: 1.391909373798119
    efficiency: 0.587673
    discharge_ratio: 0.1
    depth_of_discharge: 0.4
  Li-ion:
    cost: 240.512
    lifetime: 20.4067
    annual_cost: 11.785933051399786
    efficiency: 0.940311
    discharge_ratio: 2
    depth_of_discharge: 0.9
  Pb-acid:
    cost: 239.457
    lifetime: 13.44
    annual_cost: 17.81674107142857
    efficiency: 0.673912
    discharge_ratio: 5
    depth_of_discharge: 0.5
  VRBF:
    cost: 316.646
    lifetime: 16.0663
    annual_cost: 19.708707045181534
    efficiency: 0.705402
    discharge_ratio: 0.5
    depth_of_discharge: 1.0
