cost_values:
  wind_capex: 5000.0
  wind_opex: 100
  wind_lifetime: 20
  solar_capex: 1000.0
  solar_opex: 10
  solar_lifetime: 20
  carbon_price: 1.0
timeseries_values:
  load_level: 272220.5735139393
  wind_year: 2014
  solar_year: 2016
  price_year: 2023
  carbon_year: 2023
storage_values:
  CAES:
    cost: 33.5585
    lifetime: 21.5207
    annual_cost: 1.5593591286528783
    efficiency: 0.594783
    discharge_ratio: 0.1
    depth_of_discharge: 0.4
  Li-ion:
    cost: 241.671
    lifetime: 19.7427
    annual_cost: 12.241030862040146
    efficiency: 0.936944
    discharge_ratio: 2
    depth_of_discharge: 0.9
  Pb-acid:
    cost: 238.546
    lifetime: 12.3266
    annual_cost: 19.3521327860075
    efficiency: 0.683355
    discharge_ratio: 5
    depth_of_discharge: 0.5
  VRBF:
    cost: 316.807
    lifetime: 16.5769
    annual_cost: 19.111353751304527
    efficiency: 0.732856
    discharge_ratio: 0.5
    depth_of_discharge: 1.0
