cost_values:
  wind_capex: 5000.0
  wind_opex: 100
  wind_lifetime: 20
  solar_capex: 1000.0
  solar_opex: 10
  solar_lifetime: 20
  carbon_price: 1.0
timeseries_values:
  load_level: 272220.5735139393
  wind_year: 2014
  solar_year: 2016
  price_year: 2023
  carbon_year: 2023
storage_values:
  CAES:
    cost: 29.8465
    lifetime: 21.2919
    annual_cost: 1.4017772016588468
    efficiency: 0.58352
    discharge_ratio: 0.1
    depth_of_discharge: 0.4
  Li-ion:
    cost: 218.967
    lifetime: 22.5959
    annual_cost: 9.690563332285945
    efficiency: 0.936936
    discharge_ratio: 2
    depth_of_discharge: 0.9
  Pb-acid:
    cost: 240.023
    lifetime: 11.7589
    annual_cost: 20.412028335983806
    efficiency: 0.702471
    discharge_ratio: 5
    depth_of_discharge: 0.5
  VRBF:
    cost: 284.247
    lifetime: 14.386
    annual_cost: 19.758584735159186
    efficiency: 0.705963
    discharge_ratio: 0.5
    depth_of_discharge: 1.0
