cost_values:
  wind_capex: 5000.0
  wind_opex: 100
  wind_lifetime: 20
  solar_capex: 1000.0
  solar_opex: 10
  solar_lifetime: 20
  carbon_price: 1.0
timeseries_values:
  load_level: 272220.5735139393
  wind_year: 2014
  solar_year: 2016
  price_year: 2023
  carbon_year: 2023
storage_values:
  CAES:
    cost: 26.8226
    lifetime: 20.7995
    annual_cost: 1.2895790764201065
    efficiency: 0.589201
    discharge_ratio: 0.1
    depth_of_discharge: 0.4
  Li-ion:
    cost: 207.356
    lifetime: 22.2415
    annual_cost: 9.322932356181013
    efficiency: 0.939604
    discharge_ratio: 2
    depth_of_discharge: 0.9
  Pb-acid:
    cost: 228.266
    lifetime: 11.1364
    annual_cost: 20.497288172120253
    efficiency: 0.689519
    discharge_ratio: 5
    depth_of_discharge: 0.5
  VRBF:
    cost: 295.357
    lifetime: 15.8559
    annual_cost: 18.62757711640462
    efficiency: 0.715491
    discharge_ratio: 0.5
    depth_of_discharge: 1.0
