cost_values:
  wind_capex: 5000.0
  wind_opex: 100
  wind_lifetime: 20
  solar_capex: 1000.0
  solar_opex: 10
  solar_lifetime: 20
  carbon_price: 1.0
timeseries_values:
  load_level: 272220.5735139393
  wind_year: 2014
  solar_year: 2016
  price_year: 2023
  carbon_year: 2023
storage_values:
  CAES:
    cost: 31.9034
    lifetime: 21.8645
    annual_cost: 1.459141530791923
    efficiency: 0.59153
    discharge_ratio: 0.1
    depth_of_discharge: 0.4
  Li-ion:
    cost: 217.229
    lifetime: 17.417
    annual_cost: 12.47223976574611
    efficiency: 0.921437
    discharge_ratio: 2
    depth_of_discharge: 0.9
  Pb-acid:
    cost: 245.582
    lifetime: 13.8953
    annual_cost: 17.67374579893921
    efficiency: 0.67515
    discharge_ratio: 5
    depth_of_discharge: 0.5
  VRBF:
    cost: 293.717
    lifetime: 13.6771
    annual_cost: 21.475093404303543
    efficiency: 0.715544
    discharge_ratio: 0.5
    depth_of_discharge: 1.0
