cost_values:
  wind_capex: 5000.0
  wind_opex: 100
  wind_lifetime: 20
  solar_capex: 1000.0
  solar_opex: 10
  solar_lifetime: 20
  carbon_price: 1.0
timeseries_values:
  load_level: 272220.5735139393
  wind_year: 2014
  solar_year: 2016
  price_year: 2023
  carbon_year: 2023
storage_values:
  CAES:
    cost: 29.2402
    lifetime: 22.2473
    annual_cost: 1.3143257833534856
    efficiency: 0.586108
    discharge_ratio: 0.1
    depth_of_discharge: 0.4
  Li-ion:
    cost: 241.505
    lifetime: 20.2973
    annual_cost: 11.898380572785543
    efficiency: 0.927903
    discharge_ratio: 2
    depth_of_discharge: 0.9
  Pb-acid:
    cost: 237.422
    lifetime: 12.3033
    annual_cost: 19.297424268285745
    efficiency: 0.694133
    discharge_ratio: 5
    depth_of_discharge: 0.5
  VRBF:
    cost: 320.96
    lifetime: 16.5363
    annual_cost: 19.4094204870497
    efficiency: 0.740339
    discharge_ratio: 0.5
    depth_of_discharge: 1.0
