cost_values:
  wind_capex: 5000.0
  wind_opex: 100
  wind_lifetime: 20
  solar_capex: 1000.0
  solar_opex: 10
  solar_lifetime: 20
  carbon_price: 1.0
timeseries_values:
  load_level: 272220.5735139393
  wind_year: 2014
  solar_year: 2016
  price_year: 2023
  carbon_year: 2023
storage_values:
  CAES:
    cost: 32.5979
    lifetime: 21.1454
    annual_cost: 1.5416071580580175
    efficiency: 0.583914
    discharge_ratio: 0.1
    depth_of_discharge: 0.4
  Li-ion:
    cost: 219.048
    lifetime: 21.2519
    annual_cost: 10.307219589777855
    efficiency: 0.942961
    discharge_ratio: 2
    depth_of_discharge: 0.9
  Pb-acid:
    cost: 245.781
    lifetime: 12.6393
    annual_cost: 19.44577626925542
    efficiency: 0.705152
    discharge_ratio: 5
    depth_of_discharge: 0.5
  VRBF:
    cost: 294.027
    lifetime: 16.0635
    annual_cost: 18.304043328041832
    efficiency: 0.705219
    discharge_ratio: 0.5
    depth_of_discharge: 1.0
