cost_values:
  wind_capex: 5000.0
  wind_opex: 100
  wind_lifetime: 20
  solar_capex: 1000.0
  solar_opex: 10
  solar_lifetime: 20
  carbon_price: 1.0
timeseries_values:
  load_level: 272220.5735139393
  wind_year: 2014
  solar_year: 2016
  price_year: 2023
  carbon_year: 2023
storage_values:
  CAES:
    cost: 22.0202
    lifetime: 22.4021
    annual_cost: 0.9829524910611058
    efficiency: 0.587941
    discharge_ratio: 0.1
    depth_of_discharge: 0.4
  Li-ion:
    cost: 240.071
    lifetime: 20.694
    annual_cost: 11.600995457620566
    efficiency: 0.928112
    discharge_ratio: 2
    depth_of_discharge: 0.9
  Pb-acid:
    cost: 249.417
    lifetime: 11.7332
    annual_cost: 21.257372242866396
    efficiency: 0.690633
    discharge_ratio: 5
    depth_of_discharge: 0.5
  VRBF:
    cost: 289.726
    lifetime: 17.8036
    annual_cost: 16.273450313419758
    efficiency: 0.70597
    discharge_ratio: 0.5
    depth_of_discharge: 1.0
