cost_values:
  wind_capex: 5000.0
  wind_opex: 100
  wind_lifetime: 20
  solar_capex: 1000.0
  solar_opex: 10
  solar_lifetime: 20
  carbon_price: 1.0
timeseries_values:
  load_level: 272220.5735139393
  wind_year: 2014
  solar_year: 2016
  price_year: 2023
  carbon_year: 2023
storage_values:
  CAES:
    cost: 29.1517
    lifetime: 21.3445
    annual_cost: 1.3657710417203497
    efficiency: 0.584779
    discharge_ratio: 0.1
    depth_of_discharge: 0.4
  Li-ion:
    cost: 245.758
    lifetime: 22.209
    annual_cost: 11.06569408798235
    efficiency: 0.938967
    discharge_ratio: 2
    depth_of_discharge: 0.9
  Pb-acid:
    cost: 234.753
    lifetime: 13.2627
    annual_cost: 17.700242032165395
    efficiency: 0.706522
    discharge_ratio: 5
    depth_of_discharge: 0.5
  VRBF:
    cost: 262.392
    lifetime: 16.8301
    annual_cost: 15.590638201793213
    efficiency: 0.736271
    discharge_ratio: 0.5
    depth_of_discharge: 1.0
