cost_values:
  wind_capex: 5000.0
  wind_opex: 100
  wind_lifetime: 20
  solar_capex: 1000.0
  solar_opex: 10
  solar_lifetime: 20
  carbon_price: 1.0
timeseries_values:
  load_level: 272220.5735139393
  wind_year: 2014
  solar_year: 2016
  price_year: 2023
  carbon_year: 2023
storage_values:
  CAES:
    cost: 33.2215
    lifetime: 21.0311
    annual_cost: 1.5796368235612974
    efficiency: 0.58622
    discharge_ratio: 0.1
    depth_of_discharge: 0.4
  Li-ion:
    cost: 242.259
    lifetime: 18.302
    annual_cost: 13.236750081958256
    efficiency: 0.940641
    discharge_ratio: 2
    depth_of_discharge: 0.9
  Pb-acid:
    cost: 229.574
    lifetime: 12.411
    annual_cost: 18.49762307630328
    efficiency: 0.67751
    discharge_ratio: 5
    depth_of_discharge: 0.5
  VRBF:
    cost: 281.561
    lifetime: 15.9705
    annual_cost: 17.630067937760245
    efficiency: 0.724375
    discharge_ratio: 0.5
    depth_of_discharge: 1.0
