cost_values:
  wind_capex: 5000.0
  wind_opex: 100
  wind_lifetime: 20
  solar_capex: 1000.0
  solar_opex: 10
  solar_lifetime: 20
  carbon_price: 1.0
timeseries_values:
  load_level: 272220.5735139393
  wind_year: 2014
  solar_year: 2016
  price_year: 2023
  carbon_year: 2023
storage_values:
  CAES:
    cost: 36.7096
    lifetime: 21.1556
    annual_cost: 1.7352190436574715
    efficiency: 0.575828
    discharge_ratio: 0.1
    depth_of_discharge: 0.4
  Li-ion:
    cost: 235.024
    lifetime: 21.2652
    annual_cost: 11.052047476628482
    efficiency: 0.935749
    discharge_ratio: 2
    depth_of_discharge: 0.9
  Pb-acid:
    cost: 235.755
    lifetime: 11.9393
    annual_cost: 19.746132520332015
    efficiency: 0.698587
    discharge_ratio: 5
    depth_of_discharge: 0.5
  VRBF:
    cost: 307.535
    lifetime: 16.8851
    annual_cost: 18.213395241958885
    efficiency: 0.728051
    discharge_ratio: 0.5
    depth_of_discharge: 1.0
