cost_values:
  wind_capex: 5000.0
  wind_opex: 100
  wind_lifetime: 20
  solar_capex: 1000.0
  solar_opex: 10
  solar_lifetime: 20
  carbon_price: 1.0
timeseries_values:
  load_level: 272220.5735139393
  wind_year: 2014
  solar_year: 2016
  price_year: 2023
  carbon_year: 2023
storage_values:
  CAES:
    cost: 28.3106
    lifetime: 21.6094
    annual_cost: 1.3101057872962691
    efficiency: 0.584492
    discharge_ratio: 0.1
    depth_of_discharge: 0.4
  Li-ion:
    cost: 256.922
    lifetime: 19.501
    annual_cost: 13.174811548125737
    efficiency: 0.930148
    discharge_ratio: 2
    depth_of_discharge: 0.9
  Pb-acid:
    cost: 230.23
    lifetime: 12.5409
    annual_cost: 18.358331539203725
    efficiency: 0.693666
    discharge_ratio: 5
    depth_of_discharge: 0.5
  VRBF:
    cost: 308.893
    lifetime: 17.4149
    annual_cost: 17.73728244204675
    efficiency: 0.742727
    discharge_ratio: 0.5
    depth_of_discharge: 1.0
