cost_values:
  wind_capex: 5000.0
  wind_opex: 100
  wind_lifetime: 20
  solar_capex: 1000.0
  solar_opex: 10
  solar_lifetime: 20
  carbon_price: 1.0
timeseries_values:
  load_level: 272220.5735139393
  wind_year: 2014
  solar_year: 2016
  price_year: 2023
  carbon_year: 2023
storage_values:
  CAES:
    cost: 25.1289
    lifetime: 21.9905
    annual_cost: 1.14271617289284
    efficiency: 0.584487
    discharge_ratio: 0.1
    depth_of_discharge: 0.4
  Li-ion:
    cost: 239.274
    lifetime: 20.7826
    annual_cost: 11.513188917652268
    efficiency: 0.937614
    discharge_ratio: 2
    depth_of_discharge: 0.9
  Pb-acid:
    cost: 233.002
    lifetime: 11.8406
    annual_cost: 19.678225765586205
    efficiency: 0.68257
    discharge_ratio: 5
    depth_of_discharge: 0.5
  VRBF:
    cost: 312.819
    lifetime: 15.1216
    annual_cost: 20.686898211829437
    efficiency: 0.730668
    discharge_ratio: 0.5
    depth_of_discharge: 1.0
