cost_values:
  wind_capex: 5000.0
  wind_opex: 100
  wind_lifetime: 20
  solar_capex: 1000.0
  solar_opex: 10
  solar_lifetime: 20
  carbon_price: 1.0
timeseries_values:
  load_level: 272220.5735139393
  wind_year: 2014
  solar_year: 2016
  price_year: 2023
  carbon_year: 2023
storage_values:
  CAES:
    cost: 33.6436
    lifetime: 21.5735
    annual_cost: 1.5594873339977287
    efficiency: 0.593672
    discharge_ratio: 0.1
    depth_of_discharge: 0.4
  Li-ion:
    cost: 232.363
    lifetime: 20.7608
    annual_cost: 11.192391430002697
    efficiency: 0.918788
    discharge_ratio: 2
    depth_of_discharge: 0.9
  Pb-acid:
    cost: 224.111
    lifetime: 10.9625
    annual_cost: 20.44342075256556
    efficiency: 0.691822
    discharge_ratio: 5
    depth_of_discharge: 0.5
  VRBF:
    cost: 316.182
    lifetime: 17.3355
    annual_cost: 18.238989357099594
    efficiency: 0.719677
    discharge_ratio: 0.5
    depth_of_discharge: 1.0
