cost_values:
  wind_capex: 5000.0
  wind_opex: 100
  wind_lifetime: 20
  solar_capex: 1000.0
  solar_opex: 10
  solar_lifetime: 20
  carbon_price: 1.0
timeseries_values:
  load_level: 272220.5735139393
  wind_year: 2014
  solar_year: 2016
  price_year: 2023
  carbon_year: 2023
storage_values:
  CAES:
    cost: 34.491
    lifetime: 22.1869
    annual_cost: 1.5545659826293894
    efficiency: 0.594538
    discharge_ratio: 0.1
    depth_of_discharge: 0.4
  Li-ion:
    cost: 216.543
    lifetime: 20.6487
    annual_cost: 10.487004024466431
    efficiency: 0.933195
    discharge_ratio: 2
    depth_of_discharge: 0.9
  Pb-acid:
    cost: 244.372
    lifetime: 14.1134
    annual_cost: 17.314892230079217
    efficiency: 0.686299
    discharge_ratio: 5
    depth_of_discharge: 0.5
  VRBF:
    cost: 266.454
    lifetime: 17.6865
    annual_cost: 15.065388855907049
    efficiency: 0.7176
    discharge_ratio: 0.5
    depth_of_discharge: 1.0
