cost_values:
  wind_capex: 5000.0
  wind_opex: 100
  wind_lifetime: 20
  solar_capex: 1000.0
  solar_opex: 10
  solar_lifetime: 20
  carbon_price: 1.0
timeseries_values:
  load_level: 272220.5735139393
  wind_year: 2014
  solar_year: 2016
  price_year: 2023
  carbon_year: 2023
storage_values:
  CAES:
    cost: 39.7387
    lifetime: 21.5941
    annual_cost: 1.8402572925011924
    efficiency: 0.591586
    discharge_ratio: 0.1
    depth_of_discharge: 0.4
  Li-ion:
    cost: 232.859
    lifetime: 21.5558
    annual_cost: 10.802614609525046
    efficiency: 0.955395
    discharge_ratio: 2
    depth_of_discharge: 0.9
  Pb-acid:
    cost: 219.549
    lifetime: 12.1358
    annual_cost: 18.091019957481173
    efficiency: 0.692249
    discharge_ratio: 5
    depth_of_discharge: 0.5
  VRBF:
    cost: 291.061
    lifetime: 15.5458
    annual_cost: 18.72280615986311
    efficiency: 0.707791
    discharge_ratio: 0.5
    depth_of_discharge: 1.0
