cost_values:
  wind_capex: 5000.0
  wind_opex: 100
  wind_lifetime: 20
  solar_capex: 1000.0
  solar_opex: 10
  solar_lifetime: 20
  carbon_price: 1.0
timeseries_values:
  load_level: 272220.5735139393
  wind_year: 2014
  solar_year: 2016
  price_year: 2023
  carbon_year: 2023
storage_values:
  CAES:
    cost: 28.0958
    lifetime: 21.6451
    annual_cost: 1.2980212611630346
    efficiency: 0.602111
    discharge_ratio: 0.1
    depth_of_discharge: 0.4
  Li-ion:
    cost: 226.418
    lifetime: 20.9957
    annual_cost: 10.784017679810628
    efficiency: 0.935443
    discharge_ratio: 2
    depth_of_discharge: 0.9
  Pb-acid:
    cost: 244.345
    lifetime: 12.1257
    annual_cost: 20.151001591660687
    efficiency: 0.688399
    discharge_ratio: 5
    depth_of_discharge: 0.5
  VRBF:
    cost: 325.413
    lifetime: 16.2808
    annual_cost: 19.987531325242003
    efficiency: 0.703529
    discharge_ratio: 0.5
    depth_of_discharge: 1.0
