cost_values:
  wind_capex: 5000.0
  wind_opex: 100
  wind_lifetime: 20
  solar_capex: 1000.0
  solar_opex: 10
  solar_lifetime: 20
  carbon_price: 1.0
timeseries_values:
  load_level: 272220.5735139393
  wind_year: 2014
  solar_year: 2016
  price_year: 2023
  carbon_year: 2023
storage_values:
  CAES:
    cost: 33.9754
    lifetime: 21.8515
    annual_cost: 1.5548314761000388
    efficiency: 0.594002
    discharge_ratio: 0.1
    depth_of_discharge: 0.4
  Li-ion:
    cost: 241.099
    lifetime: 22.6791
    annual_cost: 10.63088923281788
    efficiency: 0.941327
    discharge_ratio: 2
    depth_of_discharge: 0.9
  Pb-acid:
    cost: 232.248
    lifetime: 10.5885
    annual_cost: 21.93398498370874
    efficiency: 0.686139
    discharge_ratio: 5
    depth_of_discharge: 0.5
  VRBF:
    cost: 283.51
    lifetime: 13.5549
    annual_cost: 20.91568362732296
    efficiency: 0.717246
    discharge_ratio: 0.5
    depth_of_discharge: 1.0
