cost_values:
  wind_capex: 5000.0
  wind_opex: 100
  wind_lifetime: 20
  solar_capex: 1000.0
  solar_opex: 10
  solar_lifetime: 20
  carbon_price: 1.0
timeseries_values:
  load_level: 272220.5735139393
  wind_year: 2014
  solar_year: 2016
  price_year: 2023
  carbon_year: 2023
storage_values:
  CAES:
    cost: 24.0226
    lifetime: 20.864
    annual_cost: 1.1513899539877301
    efficiency: 0.590738
    discharge_ratio: 0.1
    depth_of_discharge: 0.4
  Li-ion:
    cost: 222.94
    lifetime: 19.9662
    annual_cost: 11.165870320842222
    efficiency: 0.940837
    discharge_ratio: 2
    depth_of_discharge: 0.9
  Pb-acid:
    cost: 245.828
    lifetime: 11.4283
    annual_cost: 21.510460873445744
    efficiency: 0.682978
    discharge_ratio: 5
    depth_of_discharge: 0.5
  VRBF:
    cost: 291.763
    lifetime: 15.0208
    annual_cost: 19.42393214742224
    efficiency: 0.714012
    discharge_ratio: 0.5
    depth_of_discharge: 1.0
