cost_values:
  wind_capex: 5000.0
  wind_opex: 100
  wind_lifetime: 20
  solar_capex: 1000.0
  solar_opex: 10
  solar_lifetime: 20
  carbon_price: 1.0
timeseries_values:
  load_level: 272220.5735139393
  wind_year: 2014
  solar_year: 2016
  price_year: 2023
  carbon_year: 2023
storage_values:
  CAES:
    cost: 26.0928
    lifetime: 20.8473
    annual_cost: 1.251615317091422
    efficiency: 0.588165
    discharge_ratio: 0.1
    depth_of_discharge: 0.4
  Li-ion:
    cost: 237.619
    lifetime: 21.0358
    annual_cost: 11.295933598912331
    efficiency: 0.9395
    discharge_ratio: 2
    depth_of_discharge: 0.9
  Pb-acid:
    cost: 244.686
    lifetime: 15.4632
    annual_cost: 15.823762222567128
    efficiency: 0.681462
    discharge_ratio: 5
    depth_of_discharge: 0.5
  VRBF:
    cost: 292.018
    lifetime: 15.6736
    annual_cost: 18.63120151082074
    efficiency: 0.720625
    discharge_ratio: 0.5
    depth_of_discharge: 1.0
