cost_values:
  wind_capex: 5000.0
  wind_opex: 100
  wind_lifetime: 20
  solar_capex: 1000.0
  solar_opex: 10
  solar_lifetime: 20
  carbon_price: 1.0
timeseries_values:
  load_level: 272220.5735139393
  wind_year: 2014
  solar_year: 2016
  price_year: 2023
  carbon_year: 2023
storage_values:
  CAES:
    cost: 39.1042
    lifetime: 21.5991
    annual_cost: 1.8104550652573486
    efficiency: 0.595476
    discharge_ratio: 0.1
    depth_of_discharge: 0.4
  Li-ion:
    cost: 235.138
    lifetime: 20.0351
    annual_cost: 11.736302788605997
    efficiency: 0.942224
    discharge_ratio: 2
    depth_of_discharge: 0.9
  Pb-acid:
    cost: 236.113
    lifetime: 12.5041
    annual_cost: 18.88284642637215
    efficiency: 0.688019
    discharge_ratio: 5
    depth_of_discharge: 0.5
  VRBF:
    cost: 291.894
    lifetime: 19.0649
    annual_cost: 15.310544508494667
    efficiency: 0.715919
    discharge_ratio: 0.5
    depth_of_discharge: 1.0
