cost_values:
  wind_capex: 5000.0
  wind_opex: 100
  wind_lifetime: 20
  solar_capex: 1000.0
  solar_opex: 10
  solar_lifetime: 20
  carbon_price: 1.0
timeseries_values:
  load_level: 272220.5735139393
  wind_year: 2014
  solar_year: 2016
  price_year: 2023
  carbon_year: 2023
storage_values:
  CAES:
    cost: 38.9005
    lifetime: 21.4122
    annual_cost: 1.816744659586591
    efficiency: 0.585936
    discharge_ratio: 0.1
    depth_of_discharge: 0.4
  Li-ion:
    cost: 228.89
    lifetime: 20.3577
    annual_cost: 11.243411583823319
    efficiency: 0.92664
    discharge_ratio: 2
    depth_of_discharge: 0.9
  Pb-acid:
    cost: 224.219
    lifetime: 12.4239
    annual_cost: 18.04739252569644
    efficiency: 0.703262
    discharge_ratio: 5
    depth_of_discharge: 0.5
  VRBF:
    cost: 290.176
    lifetime: 17.4104
    annual_cost: 16.666819831824657
    efficiency: 0.723692
    discharge_ratio: 0.5
    depth_of_discharge: 1.0
