cost_values:
  wind_capex: 5000.0
  wind_opex: 100
  wind_lifetime: 20
  solar_capex: 1000.0
  solar_opex: 10
  solar_lifetime: 20
  carbon_price: 1.0
timeseries_values:
  load_level: 272220.5735139393
  wind_year: 2014
  solar_year: 2016
  price_year: 2023
  carbon_year: 2023
storage_values:
  CAES:
    cost: 29.2272
    lifetime: 20.583
    annual_cost: 1.4199679347033962
    efficiency: 0.587442
    discharge_ratio: 0.1
    depth_of_discharge: 0.4
  Li-ion:
    cost: 237.751
    lifetime: 18.9257
    annual_cost: 12.562335871328406
    efficiency: 0.941331
    discharge_ratio: 2
    depth_of_discharge: 0.9
  Pb-acid:
    cost: 217.685
    lifetime: 11.8267
    annual_cost: 18.40623335334455
    efficiency: 0.688486
    discharge_ratio: 5
    depth_of_discharge: 0.5
  VRBF:
    cost: 311.464
    lifetime: 15.7709
    annual_cost: 19.749285075677356
    efficiency: 0.731389
    discharge_ratio: 0.5
    depth_of_discharge: 1.0
