cost_values:
  wind_capex: 5000.0
  wind_opex: 100
  wind_lifetime: 20
  solar_capex: 1000.0
  solar_opex: 10
  solar_lifetime: 20
  carbon_price: 1.0
timeseries_values:
  load_level: 272220.5735139393
  wind_year: 2014
  solar_year: 2016
  price_year: 2023
  carbon_year: 2023
storage_values:
  CAES:
    cost: 34.214
    lifetime: 22.1919
    annual_cost: 1.541733695627684
    efficiency: 0.58805
    discharge_ratio: 0.1
    depth_of_discharge: 0.4
  Li-ion:
    cost: 220.0
    lifetime: 18.6332
    annual_cost: 11.806882339050727
    efficiency: 0.933101
    discharge_ratio: 2
    depth_of_discharge: 0.9
  Pb-acid:
    cost: 244.649
    lifetime: 12.1602
    annual_cost: 20.118830282396672
    efficiency: 0.692037
    discharge_ratio: 5
    depth_of_discharge: 0.5
  VRBF:
    cost: 291.755
    lifetime: 16.2634
    annual_cost: 17.939360773270042
    efficiency: 0.690356
    discharge_ratio: 0.5
    depth_of_discharge: 1.0
