cost_values:
  wind_capex: 5000.0
  wind_opex: 100
  wind_lifetime: 20
  solar_capex: 1000.0
  solar_opex: 10
  solar_lifetime: 20
  carbon_price: 1.0
timeseries_values:
  load_level: 272220.5735139393
  wind_year: 2014
  solar_year: 2016
  price_year: 2023
  carbon_year: 2023
storage_values:
  CAES:
    cost: 26.0297
    lifetime: 21.2296
    annual_cost: 1.2261041187775557
    efficiency: 0.591092
    discharge_ratio: 0.1
    depth_of_discharge: 0.4
  Li-ion:
    cost: 229.085
    lifetime: 20.9417
    annual_cost: 10.939178767721819
    efficiency: 0.937453
    discharge_ratio: 2
    depth_of_discharge: 0.9
  Pb-acid:
    cost: 244.23
    lifetime: 11.5472
    annual_cost: 21.15058195926285
    efficiency: 0.708789
    discharge_ratio: 5
    depth_of_discharge: 0.5
  VRBF:
    cost: 311.149
    lifetime: 16.6728
    annual_cost: 18.662072357372487
    efficiency: 0.708801
    discharge_ratio: 0.5
    depth_of_discharge: 1.0
