cost_values:
  wind_capex: 5000.0
  wind_opex: 100
  wind_lifetime: 20
  solar_capex: 1000.0
  solar_opex: 10
  solar_lifetime: 20
  carbon_price: 1.0
timeseries_values:
  load_level: 272220.5735139393
  wind_year: 2014
  solar_year: 2016
  price_year: 2023
  carbon_year: 2023
storage_values:
  CAES:
    cost: 26.7283
    lifetime: 20.8647
    annual_cost: 1.2810296817112157
    efficiency: 0.596187
    discharge_ratio: 0.1
    depth_of_discharge: 0.4
  Li-ion:
    cost: 228.892
    lifetime: 20.2753
    annual_cost: 11.289204105487958
    efficiency: 0.943441
    discharge_ratio: 2
    depth_of_discharge: 0.9
  Pb-acid:
    cost: 244.534
    lifetime: 10.6568
    annual_cost: 22.94628781623001
    efficiency: 0.693752
    discharge_ratio: 5
    depth_of_discharge: 0.5
  VRBF:
    cost: 279.421
    lifetime: 12.3895
    annual_cost: 22.55304895274224
    efficiency: 0.70603
    discharge_ratio: 0.5
    depth_of_discharge: 1.0
