cost_values:
  wind_capex: 5000.0
  wind_opex: 100
  wind_lifetime: 20
  solar_capex: 1000.0
  solar_opex: 10
  solar_lifetime: 20
  carbon_price: 1.0
timeseries_values:
  load_level: 272220.5735139393
  wind_year: 2014
  solar_year: 2016
  price_year: 2023
  carbon_year: 2023
storage_values:
  CAES:
    cost: 27.023
    lifetime: 21.3004
    annual_cost: 1.2686616213780022
    efficiency: 0.584961
    discharge_ratio: 0.1
    depth_of_discharge: 0.4
  Li-ion:
    cost: 236.3
    lifetime: 19.3592
    annual_cost: 12.206082895987437
    efficiency: 0.937589
    discharge_ratio: 2
    depth_of_discharge: 0.9
  Pb-acid:
    cost: 237.026
    lifetime: 11.7723
    annual_cost: 20.134213365272718
    efficiency: 0.678161
    discharge_ratio: 5
    depth_of_discharge: 0.5
  VRBF:
    cost: 313.41
    lifetime: 16.2053
    annual_cost: 19.3399690224803
    efficiency: 0.681561
    discharge_ratio: 0.5
    depth_of_discharge: 1.0
