cost_values:
  wind_capex: 5000.0
  wind_opex: 100
  wind_lifetime: 20
  solar_capex: 1000.0
  solar_opex: 10
  solar_lifetime: 20
  carbon_price: 1.0
timeseries_values:
  load_level: 272220.5735139393
  wind_year: 2014
  solar_year: 2016
  price_year: 2023
  carbon_year: 2023
storage_values:
  CAES:
    cost: 36.3836
    lifetime: 21.8444
    annual_cost: 1.6655801944663164
    efficiency: 0.591706
    discharge_ratio: 0.1
    depth_of_discharge: 0.4
  Li-ion:
    cost: 241.733
    lifetime: 19.8752
    annual_cost: 12.162544276284013
    efficiency: 0.953411
    discharge_ratio: 2
    depth_of_discharge: 0.9
  Pb-acid:
    cost: 241.037
    lifetime: 12.0472
    annual_cost: 20.007719636098013
    efficiency: 0.688131
    discharge_ratio: 5
    depth_of_discharge: 0.5
  VRBF:
    cost: 315.91
    lifetime: 16.6426
    annual_cost: 18.98201002247245
    efficiency: 0.714612
    discharge_ratio: 0.5
    depth_of_discharge: 1.0
