cost_values:
  wind_capex: 5000.0
  wind_opex: 100
  wind_lifetime: 20
  solar_capex: 1000.0
  solar_opex: 10
  solar_lifetime: 20
  carbon_price: 1.0
timeseries_values:
  load_level: 272220.5735139393
  wind_year: 2014
  solar_year: 2016
  price_year: 2023
  carbon_year: 2023
storage_values:
  CAES:
    cost: 27.1542
    lifetime: 21.1719
    annual_cost: 1.2825584855397956
    efficiency: 0.590122
    discharge_ratio: 0.1
    depth_of_discharge: 0.4
  Li-ion:
    cost: 214.027
    lifetime: 22.8746
    annual_cost: 9.356535196243868
    efficiency: 0.928592
    discharge_ratio: 2
    depth_of_discharge: 0.9
  Pb-acid:
    cost: 227.337
    lifetime: 12.2336
    annual_cost: 18.58300091551138
    efficiency: 0.701157
    discharge_ratio: 5
    depth_of_discharge: 0.5
  VRBF:
    cost: 288.154
    lifetime: 15.7018
    annual_cost: 18.351653950502488
    efficiency: 0.710481
    discharge_ratio: 0.5
    depth_of_discharge: 1.0
