cost_values:
  wind_capex: 5000.0
  wind_opex: 100
  wind_lifetime: 20
  solar_capex: 1000.0
  solar_opex: 10
  solar_lifetime: 20
  carbon_price: 1.0
timeseries_values:
  load_level: 272220.5735139393
  wind_year: 2014
  solar_year: 2016
  price_year: 2023
  carbon_year: 2023
storage_values:
  CAES:
    cost: 37.5657
    lifetime: 21.0818
    annual_cost: 1.7819019248830743
    efficiency: 0.59674
    discharge_ratio: 0.1
    depth_of_discharge: 0.4
  Li-ion:
    cost: 234.838
    lifetime: 22.3946
    annual_cost: 10.486367249247586
    efficiency: 0.94231
    discharge_ratio: 2
    depth_of_discharge: 0.9
  Pb-acid:
    cost: 248.719
    lifetime: 11.0466
    annual_cost: 22.515434613365198
    efficiency: 0.687688
    discharge_ratio: 5
    depth_of_discharge: 0.5
  VRBF:
    cost: 293.197
    lifetime: 18.4604
    annual_cost: 15.882483586487833
    efficiency: 0.715425
    discharge_ratio: 0.5
    depth_of_discharge: 1.0
