cost_values:
  wind_capex: 5000.0
  wind_opex: 100
  wind_lifetime: 20
  solar_capex: 1000.0
  solar_opex: 10
  solar_lifetime: 20
  carbon_price: 1.0
timeseries_values:
  load_level: 272220.5735139393
  wind_year: 2014
  solar_year: 2016
  price_year: 2023
  carbon_year: 2023
storage_values:
  CAES:
    cost: 32.51
    lifetime: 21.1128
    annual_cost: 1.5398241824864536
    efficiency: 0.592838
    discharge_ratio: 0.1
    depth_of_discharge: 0.4
  Li-ion:
    cost: 238.386
    lifetime: 18.9598
    annual_cost: 12.573233894872308
    efficiency: 0.940565
    discharge_ratio: 2
    depth_of_discharge: 0.9
  Pb-acid:
    cost: 243.96
    lifetime: 12.2888
    annual_cost: 19.852223162554523
    efficiency: 0.684561
    discharge_ratio: 5
    depth_of_discharge: 0.5
  VRBF:
    cost: 279.548
    lifetime: 17.7567
    annual_cost: 15.743240579612204
    efficiency: 0.718851
    discharge_ratio: 0.5
    depth_of_discharge: 1.0
