cost_values:
  wind_capex: 5000.0
  wind_opex: 100
  wind_lifetime: 20
  solar_capex: 1000.0
  solar_opex: 10
  solar_lifetime: 20
  carbon_price: 1.0
timeseries_values:
  load_level: 272220.5735139393
  wind_year: 2014
  solar_year: 2016
  price_year: 2023
  carbon_year: 2023
storage_values:
  CAES:
    cost: 35.1771
    lifetime: 20.7846
    annual_cost: 1.6924598019687653
    efficiency: 0.581668
    discharge_ratio: 0.1
    depth_of_discharge: 0.4
  Li-ion:
    cost: 205.68
    lifetime: 19.5675
    annual_cost: 10.51130701418168
    efficiency: 0.937084
    discharge_ratio: 2
    depth_of_discharge: 0.9
  Pb-acid:
    cost: 225.191
    lifetime: 11.2303
    annual_cost: 20.052091217509773
    efficiency: 0.696726
    discharge_ratio: 5
    depth_of_discharge: 0.5
  VRBF:
    cost: 280.184
    lifetime: 17.6055
    annual_cost: 15.914572150748349
    efficiency: 0.736967
    discharge_ratio: 0.5
    depth_of_discharge: 1.0
