cost_values:
  wind_capex: 5000.0
  wind_opex: 100
  wind_lifetime: 20
  solar_capex: 1000.0
  solar_opex: 10
  solar_lifetime: 20
  carbon_price: 1.0
timeseries_values:
  load_level: 272220.5735139393
  wind_year: 2014
  solar_year: 2016
  price_year: 2023
  carbon_year: 2023
storage_values:
  CAES:
    cost: 30.6315
    lifetime: 21.956
    annual_cost: 1.3951311714337766
    efficiency: 0.58906
    discharge_ratio: 0.1
    depth_of_discharge: 0.4
  Li-ion:
    cost: 228.512
    lifetime: 21.3535
    annual_cost: 10.701383848081111
    efficiency: 0.934033
    discharge_ratio: 2
    depth_of_discharge: 0.9
  Pb-acid:
    cost: 239.283
    lifetime: 11.7805
    annual_cost: 20.311786426722126
    efficiency: 0.685185
    discharge_ratio: 5
    depth_of_discharge: 0.5
  VRBF:
    cost: 279.481
    lifetime: 17.0885
    annual_cost: 16.35491704947772
    efficiency: 0.713917
    discharge_ratio: 0.5
    depth_of_discharge: 1.0
