cost_values:
  wind_capex: 5000.0
  wind_opex: 100
  wind_lifetime: 20
  solar_capex: 1000.0
  solar_opex: 10
  solar_lifetime: 20
  carbon_price: 1.0
timeseries_values:
  load_level: 272220.5735139393
  wind_year: 2014
  solar_year: 2016
  price_year: 2023
  carbon_year: 2023
storage_values:
  CAES:
    cost: 37.3581
    lifetime: 20.7837
    annual_cost: 1.7974710951370545
    efficiency: 0.590415
    discharge_ratio: 0.1
    depth_of_discharge: 0.4
  Li-ion:
    cost: 226.719
    lifetime: 21.2021
    annual_cost: 10.693233217464307
    efficiency: 0.931945
    discharge_ratio: 2
    depth_of_discharge: 0.9
  Pb-acid:
    cost: 243.889
    lifetime: 11.9273
    annual_cost: 20.44796391471666
    efficiency: 0.693929
    discharge_ratio: 5
    depth_of_discharge: 0.5
  VRBF:
    cost: 290.509
    lifetime: 15.5349
    annual_cost: 18.700410044480492
    efficiency: 0.714513
    discharge_ratio: 0.5
    depth_of_discharge: 1.0
