cost_values:
  wind_capex: 5000.0
  wind_opex: 100
  wind_lifetime: 20
  solar_capex: 1000.0
  solar_opex: 10
  solar_lifetime: 20
  carbon_price: 1.0
timeseries_values:
  load_level: 272220.5735139393
  wind_year: 2014
  solar_year: 2016
  price_year: 2023
  carbon_year: 2023
storage_values:
  CAES:
    cost: 21.8253
    lifetime: 21.4119
    annual_cost: 1.0193070208622308
    efficiency: 0.598124
    discharge_ratio: 0.1
    depth_of_discharge: 0.4
  Li-ion:
    cost: 244.418
    lifetime: 19.712
    annual_cost: 12.39945211038961
    efficiency: 0.947658
    discharge_ratio: 2
    depth_of_discharge: 0.9
  Pb-acid:
    cost: 248.558
    lifetime: 13.1315
    annual_cost: 18.928378326923806
    efficiency: 0.685461
    discharge_ratio: 5
    depth_of_discharge: 0.5
  VRBF:
    cost: 291.587
    lifetime: 14.7788
    annual_cost: 19.730086339892278
    efficiency: 0.722029
    discharge_ratio: 0.5
    depth_of_discharge: 1.0
