cost_values:
  wind_capex: 5000.0
  wind_opex: 100
  wind_lifetime: 20
  solar_capex: 1000.0
  solar_opex: 10
  solar_lifetime: 20
  carbon_price: 1.0
timeseries_values:
  load_level: 272220.5735139393
  wind_year: 2014
  solar_year: 2016
  price_year: 2023
  carbon_year: 2023
storage_values:
  CAES:
    cost: 26.1163
    lifetime: 20.4833
    annual_cost: 1.275004515873907
    efficiency: 0.593034
    discharge_ratio: 0.1
    depth_of_discharge: 0.4
  Li-ion:
    cost: 247.713
    lifetime: 20.691
    annual_cost: 11.972016818906772
    efficiency: 0.937524
    discharge_ratio: 2
    depth_of_discharge: 0.9
  Pb-acid:
    cost: 244.555
    lifetime: 11.6628
    annual_cost: 20.968806804540932
    efficiency: 0.687586
    discharge_ratio: 5
    depth_of_discharge: 0.5
  VRBF:
    cost: 307.569
    lifetime: 15.0164
    annual_cost: 20.48220612130737
    efficiency: 0.705421
    discharge_ratio: 0.5
    depth_of_discharge: 1.0
