cost_values:
  wind_capex: 5000.0
  wind_opex: 100
  wind_lifetime: 20
  solar_capex: 1000.0
  solar_opex: 10
  solar_lifetime: 20
  carbon_price: 1.0
timeseries_values:
  load_level: 272220.5735139393
  wind_year: 2014
  solar_year: 2016
  price_year: 2023
  carbon_year: 2023
storage_values:
  CAES:
    cost: 34.375
    lifetime: 21.4141
    annual_cost: 1.6052507460038012
    efficiency: 0.591566
    discharge_ratio: 0.1
    depth_of_discharge: 0.4
  Li-ion:
    cost: 232.203
    lifetime: 19.4342
    annual_cost: 11.948163546737195
    efficiency: 0.936919
    discharge_ratio: 2
    depth_of_discharge: 0.9
  Pb-acid:
    cost: 240.346
    lifetime: 12.2016
    annual_cost: 19.697908471020195
    efficiency: 0.694617
    discharge_ratio: 5
    depth_of_discharge: 0.5
  VRBF:
    cost: 331.805
    lifetime: 17.1329
    annual_cost: 19.366540398881686
    efficiency: 0.709365
    discharge_ratio: 0.5
    depth_of_discharge: 1.0
