cost_values:
  wind_capex: 5000.0
  wind_opex: 100
  wind_lifetime: 20
  solar_capex: 1000.0
  solar_opex: 10
  solar_lifetime: 20
  carbon_price: 1.0
timeseries_values:
  load_level: 272220.5735139393
  wind_year: 2014
  solar_year: 2016
  price_year: 2023
  carbon_year: 2023
storage_values:
  CAES:
    cost: 37.0976
    lifetime: 22.5437
    annual_cost: 1.6455861282753053
    efficiency: 0.597441
    discharge_ratio: 0.1
    depth_of_discharge: 0.4
  Li-ion:
    cost: 222.755
    lifetime: 21.294
    annual_cost: 10.460927960927961
    efficiency: 0.932972
    discharge_ratio: 2
    depth_of_discharge: 0.9
  Pb-acid:
    cost: 243.554
    lifetime: 12.4182
    annual_cost: 19.61266528160281
    efficiency: 0.690888
    discharge_ratio: 5
    depth_of_discharge: 0.5
  VRBF:
    cost: 302.546
    lifetime: 16.3336
    annual_cost: 18.522922074741636
    efficiency: 0.729309
    discharge_ratio: 0.5
    depth_of_discharge: 1.0
