cost_values:
  wind_capex: 5000.0
  wind_opex: 100
  wind_lifetime: 20
  solar_capex: 1000.0
  solar_opex: 10
  solar_lifetime: 20
  carbon_price: 1.0
timeseries_values:
  load_level: 272220.5735139393
  wind_year: 2014
  solar_year: 2016
  price_year: 2023
  carbon_year: 2023
storage_values:
  CAES:
    cost: 32.7574
    lifetime: 22.5392
    annual_cost: 1.4533523816284515
    efficiency: 0.594494
    discharge_ratio: 0.1
    depth_of_discharge: 0.4
  Li-ion:
    cost: 223.212
    lifetime: 21.5203
    annual_cost: 10.372160239401866
    efficiency: 0.947834
    discharge_ratio: 2
    depth_of_discharge: 0.9
  Pb-acid:
    cost: 240.022
    lifetime: 13.1621
    annual_cost: 18.235843824313747
    efficiency: 0.689105
    discharge_ratio: 5
    depth_of_discharge: 0.5
  VRBF:
    cost: 321.663
    lifetime: 18.6541
    annual_cost: 17.243555036158273
    efficiency: 0.721813
    discharge_ratio: 0.5
    depth_of_discharge: 1.0
