cost_values:
  wind_capex: 5000.0
  wind_opex: 100
  wind_lifetime: 20
  solar_capex: 1000.0
  solar_opex: 10
  solar_lifetime: 20
  carbon_price: 1.0
timeseries_values:
  load_level: 272220.5735139393
  wind_year: 2014
  solar_year: 2016
  price_year: 2023
  carbon_year: 2023
storage_values:
  CAES:
    cost: 33.6807
    lifetime: 21.3149
    annual_cost: 1.5801481592688682
    efficiency: 0.575433
    discharge_ratio: 0.1
    depth_of_discharge: 0.4
  Li-ion:
    cost: 226.445
    lifetime: 22.4064
    annual_cost: 10.106264281633818
    efficiency: 0.944086
    discharge_ratio: 2
    depth_of_discharge: 0.9
  Pb-acid:
    cost: 248.089
    lifetime: 11.9542
    annual_cost: 20.75329173010323
    efficiency: 0.685757
    discharge_ratio: 5
    depth_of_discharge: 0.5
  VRBF:
    cost: 282.279
    lifetime: 16.1557
    annual_cost: 17.47240911876304
    efficiency: 0.712685
    discharge_ratio: 0.5
    depth_of_discharge: 1.0
