cost_values:
  wind_capex: 5000.0
  wind_opex: 100
  wind_lifetime: 20
  solar_capex: 1000.0
  solar_opex: 10
  solar_lifetime: 20
  carbon_price: 1.0
timeseries_values:
  load_level: 272220.5735139393
  wind_year: 2014
  solar_year: 2016
  price_year: 2023
  carbon_year: 2023
storage_values:
  CAES:
    cost: 34.6832
    lifetime: 22.4878
    annual_cost: 1.542311831304085
    efficiency: 0.591953
    discharge_ratio: 0.1
    depth_of_discharge: 0.4
  Li-ion:
    cost: 235.678
    lifetime: 20.2843
    annual_cost: 11.618739616353533
    efficiency: 0.939551
    discharge_ratio: 2
    depth_of_discharge: 0.9
  Pb-acid:
    cost: 241.381
    lifetime: 12.1849
    annual_cost: 19.809846613431375
    efficiency: 0.689782
    discharge_ratio: 5
    depth_of_discharge: 0.5
  VRBF:
    cost: 303.733
    lifetime: 18.8814
    annual_cost: 16.086360121601153
    efficiency: 0.716719
    discharge_ratio: 0.5
    depth_of_discharge: 1.0
