cost_values:
  wind_capex: 5000.0
  wind_opex: 100
  wind_lifetime: 20
  solar_capex: 1000.0
  solar_opex: 10
  solar_lifetime: 20
  carbon_price: 1.0
timeseries_values:
  load_level: 272220.5735139393
  wind_year: 2014
  solar_year: 2016
  price_year: 2023
  carbon_year: 2023
storage_values:
  CAES:
    cost: 30.5621
    lifetime: 20.8241
    annual_cost: 1.4676312541718488
    efficiency: 0.590649
    discharge_ratio: 0.1
    depth_of_discharge: 0.4
  Li-ion:
    cost: 242.423
    lifetime: 21.2518
    annual_cost: 11.407174921653695
    efficiency: 0.945451
    discharge_ratio: 2
    depth_of_discharge: 0.9
  Pb-acid:
    cost: 241.883
    lifetime: 11.7368
    annual_cost: 20.60893940426692
    efficiency: 0.693975
    discharge_ratio: 5
    depth_of_discharge: 0.5
  VRBF:
    cost: 301.606
    lifetime: 16.529
    annual_cost: 18.247080888136004
    efficiency: 0.68782
    discharge_ratio: 0.5
    depth_of_discharge: 1.0
