cost_values:
  wind_capex: 5000.0
  wind_opex: 100
  wind_lifetime: 20
  solar_capex: 1000.0
  solar_opex: 10
  solar_lifetime: 20
  carbon_price: 1.0
timeseries_values:
  load_level: 272220.5735139393
  wind_year: 2014
  solar_year: 2016
  price_year: 2023
  carbon_year: 2023
storage_values:
  CAES:
    cost: 30.0258
    lifetime: 22.1616
    annual_cost: 1.3548570500324886
    efficiency: 0.592132
    discharge_ratio: 0.1
    depth_of_discharge: 0.4
  Li-ion:
    cost: 235.573
    lifetime: 21.4265
    annual_cost: 10.994469465381654
    efficiency: 0.931912
    discharge_ratio: 2
    depth_of_discharge: 0.9
  Pb-acid:
    cost: 232.04
    lifetime: 10.8261
    annual_cost: 21.43338783125964
    efficiency: 0.687857
    discharge_ratio: 5
    depth_of_discharge: 0.5
  VRBF:
    cost: 289.505
    lifetime: 17.5828
    annual_cost: 16.465238756057058
    efficiency: 0.71867
    discharge_ratio: 0.5
    depth_of_discharge: 1.0
