cost_values:
  wind_capex: 5000.0
  wind_opex: 100
  wind_lifetime: 20
  solar_capex: 1000.0
  solar_opex: 10
  solar_lifetime: 20
  carbon_price: 1.0
timeseries_values:
  load_level: 272220.5735139393
  wind_year: 2014
  solar_year: 2016
  price_year: 2023
  carbon_year: 2023
storage_values:
  CAES:
    cost: 25.9241
    lifetime: 21.7898
    annual_cost: 1.189735564346621
    efficiency: 0.585266
    discharge_ratio: 0.1
    depth_of_discharge: 0.4
  Li-ion:
    cost: 220.446
    lifetime: 22.1432
    annual_cost: 9.95547165721305
    efficiency: 0.931242
    discharge_ratio: 2
    depth_of_discharge: 0.9
  Pb-acid:
    cost: 244.722
    lifetime: 11.7714
    annual_cost: 20.789540751312504
    efficiency: 0.683355
    discharge_ratio: 5
    depth_of_discharge: 0.5
  VRBF:
    cost: 285.622
    lifetime: 16.5525
    annual_cost: 17.255520314151944
    efficiency: 0.701127
    discharge_ratio: 0.5
    depth_of_discharge: 1.0
