cost_values:
  wind_capex: 5000.0
  wind_opex: 100
  wind_lifetime: 20
  solar_capex: 1000.0
  solar_opex: 10
  solar_lifetime: 20
  carbon_price: 1.0
timeseries_values:
  load_level: 272220.5735139393
  wind_year: 2014
  solar_year: 2016
  price_year: 2023
  carbon_year: 2023
storage_values:
  CAES:
    cost: 31.5761
    lifetime: 21.5395
    annual_cost: 1.465962533949256
    efficiency: 0.593356
    discharge_ratio: 0.1
    depth_of_discharge: 0.4
  Li-ion:
    cost: 234.004
    lifetime: 20.727
    annual_cost: 11.289815216866888
    efficiency: 0.927449
    discharge_ratio: 2
    depth_of_discharge: 0.9
  Pb-acid:
    cost: 216.254
    lifetime: 10.8728
    annual_cost: 19.889448900007356
    efficiency: 0.68477
    discharge_ratio: 5
    depth_of_discharge: 0.5
  VRBF:
    cost: 316.145
    lifetime: 14.7749
    annual_cost: 21.397437546108602
    efficiency: 0.720716
    discharge_ratio: 0.5
    depth_of_discharge: 1.0
