cost_values:
  wind_capex: 5000.0
  wind_opex: 100
  wind_lifetime: 20
  solar_capex: 1000.0
  solar_opex: 10
  solar_lifetime: 20
  carbon_price: 1.0
timeseries_values:
  load_level: 272220.5735139393
  wind_year: 2014
  solar_year: 2016
  price_year: 2023
  carbon_year: 2023
storage_values:
  CAES:
    cost: 26.1786
    lifetime: 21.7973
    annual_cost: 1.2010019589582195
    efficiency: 0.591315
    discharge_ratio: 0.1
    depth_of_discharge: 0.4
  Li-ion:
    cost: 213.1
    lifetime: 20.9922
    annual_cost: 10.151389563742724
    efficiency: 0.92925
    discharge_ratio: 2
    depth_of_discharge: 0.9
  Pb-acid:
    cost: 244.607
    lifetime: 10.552
    annual_cost: 23.181103108415467
    efficiency: 0.677188
    discharge_ratio: 5
    depth_of_discharge: 0.5
  VRBF:
    cost: 297.156
    lifetime: 16.5038
    annual_cost: 18.005307868490895
    efficiency: 0.710235
    discharge_ratio: 0.5
    depth_of_discharge: 1.0
