cost_values:
  wind_capex: 5000.0
  wind_opex: 100
  wind_lifetime: 20
  solar_capex: 1000.0
  solar_opex: 10
  solar_lifetime: 20
  carbon_price: 1.0
timeseries_values:
  load_level: 272220.5735139393
  wind_year: 2014
  solar_year: 2016
  price_year: 2023
  carbon_year: 2023
storage_values:
  CAES:
    cost: 29.2734
    lifetime: 20.6117
    annual_cost: 1.4202321982175172
    efficiency: 0.583018
    discharge_ratio: 0.1
    depth_of_discharge: 0.4
  Li-ion:
    cost: 219.659
    lifetime: 18.2584
    annual_cost: 12.030572229768214
    efficiency: 0.939532
    discharge_ratio: 2
    depth_of_discharge: 0.9
  Pb-acid:
    cost: 237.879
    lifetime: 11.8125
    annual_cost: 20.13790476190476
    efficiency: 0.6963
    discharge_ratio: 5
    depth_of_discharge: 0.5
  VRBF:
    cost: 317.956
    lifetime: 15.353
    annual_cost: 20.709698430274216
    efficiency: 0.740005
    discharge_ratio: 0.5
    depth_of_discharge: 1.0
