cost_values:
  wind_capex: 5000.0
  wind_opex: 100
  wind_lifetime: 20
  solar_capex: 1000.0
  solar_opex: 10
  solar_lifetime: 20
  carbon_price: 1.0
timeseries_values:
  load_level: 272220.5735139393
  wind_year: 2014
  solar_year: 2016
  price_year: 2023
  carbon_year: 2023
storage_values:
  CAES:
    cost: 35.0047
    lifetime: 22.5169
    annual_cost: 1.5545967695375473
    efficiency: 0.593111
    discharge_ratio: 0.1
    depth_of_discharge: 0.4
  Li-ion:
    cost: 238.254
    lifetime: 19.2449
    annual_cost: 12.380111094367857
    efficiency: 0.939811
    discharge_ratio: 2
    depth_of_discharge: 0.9
  Pb-acid:
    cost: 236.396
    lifetime: 11.6353
    annual_cost: 20.31713836342853
    efficiency: 0.700828
    discharge_ratio: 5
    depth_of_discharge: 0.5
  VRBF:
    cost: 313.883
    lifetime: 18.3683
    annual_cost: 17.088298862714566
    efficiency: 0.709931
    discharge_ratio: 0.5
    depth_of_discharge: 1.0
