cost_values:
  wind_capex: 5000.0
  wind_opex: 100
  wind_lifetime: 20
  solar_capex: 1000.0
  solar_opex: 10
  solar_lifetime: 20
  carbon_price: 1.0
timeseries_values:
  load_level: 272220.5735139393
  wind_year: 2014
  solar_year: 2016
  price_year: 2023
  carbon_year: 2023
storage_values:
  CAES:
    cost: 24.6271
    lifetime: 21.6528
    annual_cost: 1.137363297125545
    efficiency: 0.597327
    discharge_ratio: 0.1
    depth_of_discharge: 0.4
  Li-ion:
    cost: 253.53
    lifetime: 20.394
    annual_cost: 12.43159752868491
    efficiency: 0.927382
    discharge_ratio: 2
    depth_of_discharge: 0.9
  Pb-acid:
    cost: 224.363
    lifetime: 12.2769
    annual_cost: 18.27521605617053
    efficiency: 0.697623
    discharge_ratio: 5
    depth_of_discharge: 0.5
  VRBF:
    cost: 304.576
    lifetime: 16.0664
    annual_cost: 18.95732709256585
    efficiency: 0.724831
    discharge_ratio: 0.5
    depth_of_discharge: 1.0
