cost_values:
  wind_capex: 5000.0
  wind_opex: 100
  wind_lifetime: 20
  solar_capex: 1000.0
  solar_opex: 10
  solar_lifetime: 20
  carbon_price: 1.0
timeseries_values:
  load_level: 272220.5735139393
  wind_year: 2014
  solar_year: 2016
  price_year: 2023
  carbon_year: 2023
storage_values:
  CAES:
    cost: 34.2614
    lifetime: 21.4528
    annual_cost: 1.5970595912887828
    efficiency: 0.591135
    discharge_ratio: 0.1
    depth_of_discharge: 0.4
  Li-ion:
    cost: 226.5
    lifetime: 16.4006
    annual_cost: 13.810470348645781
    efficiency: 0.938089
    discharge_ratio: 2
    depth_of_discharge: 0.9
  Pb-acid:
    cost: 224.556
    lifetime: 13.0338
    annual_cost: 17.228743727846062
    efficiency: 0.682458
    discharge_ratio: 5
    depth_of_discharge: 0.5
  VRBF:
    cost: 307.883
    lifetime: 14.8357
    annual_cost: 20.752846175104647
    efficiency: 0.701629
    discharge_ratio: 0.5
    depth_of_discharge: 1.0
