cost_values:
  wind_capex: 5000.0
  wind_opex: 100
  wind_lifetime: 20
  solar_capex: 1000.0
  solar_opex: 10
  solar_lifetime: 20
  carbon_price: 1.0
timeseries_values:
  load_level: 272220.5735139393
  wind_year: 2014
  solar_year: 2016
  price_year: 2023
  carbon_year: 2023
storage_values:
  CAES:
    cost: 31.6133
    lifetime: 21.8457
    annual_cost: 1.4471177394178258
    efficiency: 0.593799
    discharge_ratio: 0.1
    depth_of_discharge: 0.4
  Li-ion:
    cost: 225.201
    lifetime: 19.7872
    annual_cost: 11.381145386916796
    efficiency: 0.93716
    discharge_ratio: 2
    depth_of_discharge: 0.9
  Pb-acid:
    cost: 223.868
    lifetime: 12.1637
    annual_cost: 18.404597285365472
    efficiency: 0.693287
    discharge_ratio: 5
    depth_of_discharge: 0.5
  VRBF:
    cost: 318.196
    lifetime: 14.9447
    annual_cost: 21.29156155693992
    efficiency: 0.717724
    discharge_ratio: 0.5
    depth_of_discharge: 1.0
