cost_values:
  wind_capex: 5000.0
  wind_opex: 100
  wind_lifetime: 20
  solar_capex: 1000.0
  solar_opex: 10
  solar_lifetime: 20
  carbon_price: 1.0
timeseries_values:
  load_level: 272220.5735139393
  wind_year: 2014
  solar_year: 2016
  price_year: 2023
  carbon_year: 2023
storage_values:
  CAES:
    cost: 27.203
    lifetime: 21.8826
    annual_cost: 1.2431338140805936
    efficiency: 0.582472
    discharge_ratio: 0.1
    depth_of_discharge: 0.4
  Li-ion:
    cost: 219.866
    lifetime: 20.3018
    annual_cost: 10.829877153749914
    efficiency: 0.932022
    discharge_ratio: 2
    depth_of_discharge: 0.9
  Pb-acid:
    cost: 233.71
    lifetime: 12.3787
    annual_cost: 18.88001163288552
    efficiency: 0.696844
    discharge_ratio: 5
    depth_of_discharge: 0.5
  VRBF:
    cost: 315.642
    lifetime: 16.8101
    annual_cost: 18.77692577676516
    efficiency: 0.732145
    discharge_ratio: 0.5
    depth_of_discharge: 1.0
