cost_values:
  wind_capex: 5000.0
  wind_opex: 100
  wind_lifetime: 20
  solar_capex: 1000.0
  solar_opex: 10
  solar_lifetime: 20
  carbon_price: 1.0
timeseries_values:
  load_level: 272220.5735139393
  wind_year: 2014
  solar_year: 2016
  price_year: 2023
  carbon_year: 2023
storage_values:
  CAES:
    cost: 28.2301
    lifetime: 21.6211
    annual_cost: 1.3056736243761882
    efficiency: 0.585811
    discharge_ratio: 0.1
    depth_of_discharge: 0.4
  Li-ion:
    cost: 245.464
    lifetime: 20.1105
    annual_cost: 12.205763158549018
    efficiency: 0.926334
    discharge_ratio: 2
    depth_of_discharge: 0.9
  Pb-acid:
    cost: 240.485
    lifetime: 12.9573
    annual_cost: 18.55980798468817
    efficiency: 0.691463
    discharge_ratio: 5
    depth_of_discharge: 0.5
  VRBF:
    cost: 299.754
    lifetime: 16.6696
    annual_cost: 17.98207515477276
    efficiency: 0.72626
    discharge_ratio: 0.5
    depth_of_discharge: 1.0
