cost_values:
  wind_capex: 5000.0
  wind_opex: 100
  wind_lifetime: 20
  solar_capex: 1000.0
  solar_opex: 10
  solar_lifetime: 20
  carbon_price: 1.0
timeseries_values:
  load_level: 272220.5735139393
  wind_year: 2014
  solar_year: 2016
  price_year: 2023
  carbon_year: 2023
storage_values:
  CAES:
    cost: 33.2085
    lifetime: 21.3419
    annual_cost: 1.5560235967744205
    efficiency: 0.583762
    discharge_ratio: 0.1
    depth_of_discharge: 0.4
  Li-ion:
    cost: 227.802
    lifetime: 20.7637
    annual_cost: 10.97116602532304
    efficiency: 0.928176
    discharge_ratio: 2
    depth_of_discharge: 0.9
  Pb-acid:
    cost: 247.778
    lifetime: 11.8718
    annual_cost: 20.871140012466515
    efficiency: 0.685348
    discharge_ratio: 5
    depth_of_discharge: 0.5
  VRBF:
    cost: 323.471
    lifetime: 14.5467
    annual_cost: 22.236727230230912
    efficiency: 0.701045
    discharge_ratio: 0.5
    depth_of_discharge: 1.0
