cost_values:
  wind_capex: 5000.0
  wind_opex: 100
  wind_lifetime: 20
  solar_capex: 1000.0
  solar_opex: 10
  solar_lifetime: 20
  carbon_price: 1.0
timeseries_values:
  load_level: 290761.82491803396
  wind_year: 2014
  solar_year: 2015
  price_year: 2023
  carbon_year: 2023
storage_values:
  CAES:
    cost: 68.2842
    lifetime: 28.8201
    annual_cost: 2.3693255748592126
    efficiency: 0.588062
    discharge_ratio: 0.1
    depth_of_discharge: 0.4
  Li-ion:
    cost: 245.574
    lifetime: 14.3038
    annual_cost: 17.16844474894783
    efficiency: 0.878597
    discharge_ratio: 2
    depth_of_discharge: 0.9
  Pb-acid:
    cost: 103.756
    lifetime: 11.3382
    annual_cost: 9.151011624420102
    efficiency: 0.765643
    discharge_ratio: 5
    depth_of_discharge: 0.5
  VRBF:
    cost: 309.027
    lifetime: 19.101
    annual_cost: 16.178577037851422
    efficiency: 0.770325
    discharge_ratio: 0.5
    depth_of_discharge: 1.0
