cost_values:
  wind_capex: 5000.0
  wind_opex: 100
  wind_lifetime: 20
  solar_capex: 1000.0
  solar_opex: 10
  solar_lifetime: 20
  carbon_price: 1.0
timeseries_values:
  load_level: 290761.82491803396
  wind_year: 2014
  solar_year: 2015
  price_year: 2023
  carbon_year: 2023
storage_values:
  CAES:
    cost: 60.6917
    lifetime: 27.2786
    annual_cost: 2.224883241808597
    efficiency: 0.599192
    discharge_ratio: 0.1
    depth_of_discharge: 0.4
  Li-ion:
    cost: 246.858
    lifetime: 16.1811
    annual_cost: 15.255946752692957
    efficiency: 0.906836
    discharge_ratio: 2
    depth_of_discharge: 0.9
  Pb-acid:
    cost: 120.051
    lifetime: 11.8564
    annual_cost: 10.125417496035896
    efficiency: 0.768493
    discharge_ratio: 5
    depth_of_discharge: 0.5
  VRBF:
    cost: 272.209
    lifetime: 18.6636
    annual_cost: 14.58502111061103
    efficiency: 0.767599
    discharge_ratio: 0.5
    depth_of_discharge: 1.0
