cost_values:
  wind_capex: 5000.0
  wind_opex: 100
  wind_lifetime: 20
  solar_capex: 1000.0
  solar_opex: 10
  solar_lifetime: 20
  carbon_price: 1.0
timeseries_values:
  load_level: 290761.82491803396
  wind_year: 2014
  solar_year: 2015
  price_year: 2023
  carbon_year: 2023
storage_values:
  CAES:
    cost: 69.6953
    lifetime: 27.9251
    annual_cost: 2.4957941063774167
    efficiency: 0.59977
    discharge_ratio: 0.1
    depth_of_discharge: 0.4
  Li-ion:
    cost: 248.1
    lifetime: 15.4717
    annual_cost: 16.035729751740273
    efficiency: 0.890216
    discharge_ratio: 2
    depth_of_discharge: 0.9
  Pb-acid:
    cost: 134.186
    lifetime: 11.4001
    annual_cost: 11.7705985035219
    efficiency: 0.774781
    discharge_ratio: 5
    depth_of_discharge: 0.5
  VRBF:
    cost: 305.604
    lifetime: 17.7659
    annual_cost: 17.201717897770447
    efficiency: 0.764909
    discharge_ratio: 0.5
    depth_of_discharge: 1.0
