cost_values:
  wind_capex: 5000.0
  wind_opex: 100
  wind_lifetime: 20
  solar_capex: 1000.0
  solar_opex: 10
  solar_lifetime: 20
  carbon_price: 1.0
timeseries_values:
  load_level: 290761.82491803396
  wind_year: 2014
  solar_year: 2015
  price_year: 2023
  carbon_year: 2023
storage_values:
  CAES:
    cost: 62.674
    lifetime: 28.8197
    annual_cost: 2.174693005131906
    efficiency: 0.600812
    discharge_ratio: 0.1
    depth_of_discharge: 0.4
  Li-ion:
    cost: 229.71
    lifetime: 15.0365
    annual_cost: 15.276826389119808
    efficiency: 0.887813
    discharge_ratio: 2
    depth_of_discharge: 0.9
  Pb-acid:
    cost: 120.421
    lifetime: 10.3531
    annual_cost: 11.631395427456512
    efficiency: 0.765013
    discharge_ratio: 5
    depth_of_discharge: 0.5
  VRBF:
    cost: 297.1
    lifetime: 19.2284
    annual_cost: 15.451103575960559
    efficiency: 0.781893
    discharge_ratio: 0.5
    depth_of_discharge: 1.0
