cost_values:
  wind_capex: 5000.0
  wind_opex: 100
  wind_lifetime: 20
  solar_capex: 1000.0
  solar_opex: 10
  solar_lifetime: 20
  carbon_price: 1.0
timeseries_values:
  load_level: 290761.82491803396
  wind_year: 2014
  solar_year: 2015
  price_year: 2023
  carbon_year: 2023
storage_values:
  CAES:
    cost: 70.6658
    lifetime: 28.1934
    annual_cost: 2.5064660523384905
    efficiency: 0.577559
    discharge_ratio: 0.1
    depth_of_discharge: 0.4
  Li-ion:
    cost: 244.474
    lifetime: 16.2531
    annual_cost: 15.041684355599854
    efficiency: 0.871519
    discharge_ratio: 2
    depth_of_discharge: 0.9
  Pb-acid:
    cost: 115.297
    lifetime: 11.5582
    annual_cost: 9.975342181308509
    efficiency: 0.763903
    discharge_ratio: 5
    depth_of_discharge: 0.5
  VRBF:
    cost: 300.079
    lifetime: 19.1151
    annual_cost: 15.698531527431193
    efficiency: 0.769935
    discharge_ratio: 0.5
    depth_of_discharge: 1.0
