cost_values:
  wind_capex: 5000.0
  wind_opex: 100
  wind_lifetime: 20
  solar_capex: 1000.0
  solar_opex: 10
  solar_lifetime: 20
  carbon_price: 1.0
timeseries_values:
  load_level: 290761.82491803396
  wind_year: 2014
  solar_year: 2015
  price_year: 2023
  carbon_year: 2023
storage_values:
  CAES:
    cost: 67.6213
    lifetime: 28.1378
    annual_cost: 2.403219157148036
    efficiency: 0.583845
    discharge_ratio: 0.1
    depth_of_discharge: 0.4
  Li-ion:
    cost: 220.291
    lifetime: 17.6791
    annual_cost: 12.460532493169902
    efficiency: 0.881175
    discharge_ratio: 2
    depth_of_discharge: 0.9
  Pb-acid:
    cost: 111.502
    lifetime: 10.6808
    annual_cost: 10.439480188749906
    efficiency: 0.783275
    discharge_ratio: 5
    depth_of_discharge: 0.5
  VRBF:
    cost: 297.902
    lifetime: 17.7936
    annual_cost: 16.742087042532145
    efficiency: 0.797081
    discharge_ratio: 0.5
    depth_of_discharge: 1.0
