cost_values:
  wind_capex: 5000.0
  wind_opex: 100
  wind_lifetime: 20
  solar_capex: 1000.0
  solar_opex: 10
  solar_lifetime: 20
  carbon_price: 1.0
timeseries_values:
  load_level: 290761.82491803396
  wind_year: 2014
  solar_year: 2015
  price_year: 2023
  carbon_year: 2023
storage_values:
  CAES:
    cost: 66.6557
    lifetime: 28.9946
    annual_cost: 2.298900484917881
    efficiency: 0.585338
    discharge_ratio: 0.1
    depth_of_discharge: 0.4
  Li-ion:
    cost: 249.104
    lifetime: 14.321
    annual_cost: 17.394316039382726
    efficiency: 0.881673
    discharge_ratio: 2
    depth_of_discharge: 0.9
  Pb-acid:
    cost: 123.958
    lifetime: 11.335
    annual_cost: 10.935862373180413
    efficiency: 0.765616
    discharge_ratio: 5
    depth_of_discharge: 0.5
  VRBF:
    cost: 309.474
    lifetime: 18.4292
    annual_cost: 16.792590020185354
    efficiency: 0.765156
    discharge_ratio: 0.5
    depth_of_discharge: 1.0
