cost_values:
  wind_capex: 5000.0
  wind_opex: 100
  wind_lifetime: 20
  solar_capex: 1000.0
  solar_opex: 10
  solar_lifetime: 20
  carbon_price: 1.0
timeseries_values:
  load_level: 290761.82491803396
  wind_year: 2014
  solar_year: 2015
  price_year: 2023
  carbon_year: 2023
storage_values:
  CAES:
    cost: 62.6574
    lifetime: 28.2255
    annual_cost: 2.2198862730509648
    efficiency: 0.579008
    discharge_ratio: 0.1
    depth_of_discharge: 0.4
  Li-ion:
    cost: 233.615
    lifetime: 16.7536
    annual_cost: 13.944167223760864
    efficiency: 0.89638
    discharge_ratio: 2
    depth_of_discharge: 0.9
  Pb-acid:
    cost: 137.639
    lifetime: 12.2327
    annual_cost: 11.251726928642084
    efficiency: 0.765665
    discharge_ratio: 5
    depth_of_discharge: 0.5
  VRBF:
    cost: 306.113
    lifetime: 20.6221
    annual_cost: 14.843929570703274
    efficiency: 0.776587
    discharge_ratio: 0.5
    depth_of_discharge: 1.0
