cost_values:
  wind_capex: 5000.0
  wind_opex: 100
  wind_lifetime: 20
  solar_capex: 1000.0
  solar_opex: 10
  solar_lifetime: 20
  carbon_price: 1.0
timeseries_values:
  load_level: 290761.82491803396
  wind_year: 2014
  solar_year: 2015
  price_year: 2023
  carbon_year: 2023
storage_values:
  CAES:
    cost: 69.5751
    lifetime: 29.098
    annual_cost: 2.391061241322428
    efficiency: 0.577567
    discharge_ratio: 0.1
    depth_of_discharge: 0.4
  Li-ion:
    cost: 234.927
    lifetime: 14.4835
    annual_cost: 16.22031967411192
    efficiency: 0.888419
    discharge_ratio: 2
    depth_of_discharge: 0.9
  Pb-acid:
    cost: 134.923
    lifetime: 12.2775
    annual_cost: 10.989452250050906
    efficiency: 0.784792
    discharge_ratio: 5
    depth_of_discharge: 0.5
  VRBF:
    cost: 340.385
    lifetime: 18.5709
    annual_cost: 18.328944746888947
    efficiency: 0.771778
    discharge_ratio: 0.5
    depth_of_discharge: 1.0
