cost_values:
  wind_capex: 5000.0
  wind_opex: 100
  wind_lifetime: 20
  solar_capex: 1000.0
  solar_opex: 10
  solar_lifetime: 20
  carbon_price: 1.0
timeseries_values:
  load_level: 290761.82491803396
  wind_year: 2014
  solar_year: 2015
  price_year: 2023
  carbon_year: 2023
storage_values:
  CAES:
    cost: 67.9825
    lifetime: 28.131
    annual_cost: 2.4166400056876753
    efficiency: 0.580565
    discharge_ratio: 0.1
    depth_of_discharge: 0.4
  Li-ion:
    cost: 232.496
    lifetime: 14.5264
    annual_cost: 16.005066637294856
    efficiency: 0.89805
    discharge_ratio: 2
    depth_of_discharge: 0.9
  Pb-acid:
    cost: 134.42
    lifetime: 11.4835
    annual_cost: 11.70549048634998
    efficiency: 0.77582
    discharge_ratio: 5
    depth_of_discharge: 0.5
  VRBF:
    cost: 320.411
    lifetime: 17.6951
    annual_cost: 18.107329147617136
    efficiency: 0.752966
    discharge_ratio: 0.5
    depth_of_discharge: 1.0
