cost_values:
  wind_capex: 5000.0
  wind_opex: 100
  wind_lifetime: 20
  solar_capex: 1000.0
  solar_opex: 10
  solar_lifetime: 20
  carbon_price: 1.0
timeseries_values:
  load_level: 290761.82491803396
  wind_year: 2014
  solar_year: 2015
  price_year: 2023
  carbon_year: 2023
storage_values:
  CAES:
    cost: 67.0998
    lifetime: 28.7498
    annual_cost: 2.333922322937899
    efficiency: 0.580504
    discharge_ratio: 0.1
    depth_of_discharge: 0.4
  Li-ion:
    cost: 218.216
    lifetime: 14.025
    annual_cost: 15.559073083778966
    efficiency: 0.897359
    discharge_ratio: 2
    depth_of_discharge: 0.9
  Pb-acid:
    cost: 153.905
    lifetime: 11.3859
    annual_cost: 13.51715718564189
    efficiency: 0.765573
    discharge_ratio: 5
    depth_of_discharge: 0.5
  VRBF:
    cost: 315.548
    lifetime: 18.506
    annual_cost: 17.051118556143955
    efficiency: 0.756019
    discharge_ratio: 0.5
    depth_of_discharge: 1.0
