cost_values:
  wind_capex: 5000.0
  wind_opex: 100
  wind_lifetime: 20
  solar_capex: 1000.0
  solar_opex: 10
  solar_lifetime: 20
  carbon_price: 1.0
timeseries_values:
  load_level: 290761.82491803396
  wind_year: 2014
  solar_year: 2015
  price_year: 2023
  carbon_year: 2023
storage_values:
  CAES:
    cost: 68.5796
    lifetime: 28.5794
    annual_cost: 2.3996165069945485
    efficiency: 0.579359
    discharge_ratio: 0.1
    depth_of_discharge: 0.4
  Li-ion:
    cost: 232.686
    lifetime: 15.9831
    annual_cost: 14.558252153837492
    efficiency: 0.887541
    discharge_ratio: 2
    depth_of_discharge: 0.9
  Pb-acid:
    cost: 134.657
    lifetime: 12.7285
    annual_cost: 10.579172722630318
    efficiency: 0.768373
    discharge_ratio: 5
    depth_of_discharge: 0.5
  VRBF:
    cost: 291.813
    lifetime: 17.9166
    annual_cost: 16.287297813201167
    efficiency: 0.771554
    discharge_ratio: 0.5
    depth_of_discharge: 1.0
