cost_values:
  wind_capex: 5000.0
  wind_opex: 100
  wind_lifetime: 20
  solar_capex: 1000.0
  solar_opex: 10
  solar_lifetime: 20
  carbon_price: 1.0
timeseries_values:
  load_level: 290761.82491803396
  wind_year: 2014
  solar_year: 2015
  price_year: 2023
  carbon_year: 2023
storage_values:
  CAES:
    cost: 62.459
    lifetime: 29.2436
    annual_cost: 2.1358177515764134
    efficiency: 0.587312
    discharge_ratio: 0.1
    depth_of_discharge: 0.4
  Li-ion:
    cost: 231.782
    lifetime: 14.6962
    annual_cost: 15.771559995100775
    efficiency: 0.888432
    discharge_ratio: 2
    depth_of_discharge: 0.9
  Pb-acid:
    cost: 146.542
    lifetime: 11.2892
    annual_cost: 12.980724940651243
    efficiency: 0.762017
    discharge_ratio: 5
    depth_of_discharge: 0.5
  VRBF:
    cost: 257.051
    lifetime: 19.5488
    annual_cost: 13.149195858569323
    efficiency: 0.767843
    discharge_ratio: 0.5
    depth_of_discharge: 1.0
