cost_values:
  wind_capex: 5000.0
  wind_opex: 100
  wind_lifetime: 20
  solar_capex: 1000.0
  solar_opex: 10
  solar_lifetime: 20
  carbon_price: 1.0
timeseries_values:
  load_level: 290761.82491803396
  wind_year: 2014
  solar_year: 2015
  price_year: 2023
  carbon_year: 2023
storage_values:
  CAES:
    cost: 61.6384
    lifetime: 29.0196
    annual_cost: 2.1240265200071673
    efficiency: 0.584801
    discharge_ratio: 0.1
    depth_of_discharge: 0.4
  Li-ion:
    cost: 233.459
    lifetime: 14.8144
    annual_cost: 15.758923749864998
    efficiency: 0.889609
    discharge_ratio: 2
    depth_of_discharge: 0.9
  Pb-acid:
    cost: 119.965
    lifetime: 12.3993
    annual_cost: 9.675142951618236
    efficiency: 0.755621
    discharge_ratio: 5
    depth_of_discharge: 0.5
  VRBF:
    cost: 313.159
    lifetime: 17.3944
    annual_cost: 18.003437888055924
    efficiency: 0.777446
    discharge_ratio: 0.5
    depth_of_discharge: 1.0
