cost_values:
  wind_capex: 5000.0
  wind_opex: 100
  wind_lifetime: 20
  solar_capex: 1000.0
  solar_opex: 10
  solar_lifetime: 20
  carbon_price: 1.0
timeseries_values:
  load_level: 290761.82491803396
  wind_year: 2014
  solar_year: 2015
  price_year: 2023
  carbon_year: 2023
storage_values:
  CAES:
    cost: 66.5117
    lifetime: 28.5374
    annual_cost: 2.3306853462473804
    efficiency: 0.587618
    discharge_ratio: 0.1
    depth_of_discharge: 0.4
  Li-ion:
    cost: 227.04
    lifetime: 13.8751
    annual_cost: 16.36312531080857
    efficiency: 0.881818
    discharge_ratio: 2
    depth_of_discharge: 0.9
  Pb-acid:
    cost: 144.355
    lifetime: 11.7693
    annual_cost: 12.265385367014181
    efficiency: 0.766105
    discharge_ratio: 5
    depth_of_discharge: 0.5
  VRBF:
    cost: 268.783
    lifetime: 17.5517
    annual_cost: 15.31378726846972
    efficiency: 0.765118
    discharge_ratio: 0.5
    depth_of_discharge: 1.0
