cost_values:
  wind_capex: 5000.0
  wind_opex: 100
  wind_lifetime: 20
  solar_capex: 1000.0
  solar_opex: 10
  solar_lifetime: 20
  carbon_price: 1.0
timeseries_values:
  load_level: 290761.82491803396
  wind_year: 2014
  solar_year: 2015
  price_year: 2023
  carbon_year: 2023
storage_values:
  CAES:
    cost: 63.1191
    lifetime: 28.5195
    annual_cost: 2.213190974596329
    efficiency: 0.58821
    discharge_ratio: 0.1
    depth_of_discharge: 0.4
  Li-ion:
    cost: 215.408
    lifetime: 15.2793
    annual_cost: 14.09802805102328
    efficiency: 0.881958
    discharge_ratio: 2
    depth_of_discharge: 0.9
  Pb-acid:
    cost: 123.449
    lifetime: 11.3716
    annual_cost: 10.85590418234901
    efficiency: 0.767489
    discharge_ratio: 5
    depth_of_discharge: 0.5
  VRBF:
    cost: 296.67
    lifetime: 18.346
    annual_cost: 16.17082742832225
    efficiency: 0.77021
    discharge_ratio: 0.5
    depth_of_discharge: 1.0
