cost_values:
  wind_capex: 5000.0
  wind_opex: 100
  wind_lifetime: 20
  solar_capex: 1000.0
  solar_opex: 10
  solar_lifetime: 20
  carbon_price: 1.0
timeseries_values:
  load_level: 290761.82491803396
  wind_year: 2014
  solar_year: 2015
  price_year: 2023
  carbon_year: 2023
storage_values:
  CAES:
    cost: 60.6135
    lifetime: 27.7803
    annual_cost: 2.18188788458008
    efficiency: 0.598192
    discharge_ratio: 0.1
    depth_of_discharge: 0.4
  Li-ion:
    cost: 233.518
    lifetime: 15.6207
    annual_cost: 14.949266038013661
    efficiency: 0.877908
    discharge_ratio: 2
    depth_of_discharge: 0.9
  Pb-acid:
    cost: 127.971
    lifetime: 12.0476
    annual_cost: 10.622115608087919
    efficiency: 0.763851
    discharge_ratio: 5
    depth_of_discharge: 0.5
  VRBF:
    cost: 290.175
    lifetime: 16.3345
    annual_cost: 17.764547430285596
    efficiency: 0.77367
    discharge_ratio: 0.5
    depth_of_discharge: 1.0
