cost_values:
  wind_capex: 5000.0
  wind_opex: 100
  wind_lifetime: 20
  solar_capex: 1000.0
  solar_opex: 10
  solar_lifetime: 20
  carbon_price: 1.0
timeseries_values:
  load_level: 290761.82491803396
  wind_year: 2014
  solar_year: 2015
  price_year: 2023
  carbon_year: 2023
storage_values:
  CAES:
    cost: 64.8805
    lifetime: 27.6298
    annual_cost: 2.3482073703030784
    efficiency: 0.581036
    discharge_ratio: 0.1
    depth_of_discharge: 0.4
  Li-ion:
    cost: 242.269
    lifetime: 15.2726
    annual_cost: 15.862983382004373
    efficiency: 0.892232
    discharge_ratio: 2
    depth_of_discharge: 0.9
  Pb-acid:
    cost: 144.334
    lifetime: 11.3832
    annual_cost: 12.679562864572352
    efficiency: 0.776057
    discharge_ratio: 5
    depth_of_discharge: 0.5
  VRBF:
    cost: 293.648
    lifetime: 18.2864
    annual_cost: 16.058272814769445
    efficiency: 0.780676
    discharge_ratio: 0.5
    depth_of_discharge: 1.0
