cost_values:
  wind_capex: 5000.0
  wind_opex: 100
  wind_lifetime: 20
  solar_capex: 1000.0
  solar_opex: 10
  solar_lifetime: 20
  carbon_price: 1.0
timeseries_values:
  load_level: 290761.82491803396
  wind_year: 2014
  solar_year: 2015
  price_year: 2023
  carbon_year: 2023
storage_values:
  CAES:
    cost: 68.2143
    lifetime: 28.7593
    annual_cost: 2.3719040449524154
    efficiency: 0.588819
    discharge_ratio: 0.1
    depth_of_discharge: 0.4
  Li-ion:
    cost: 219.018
    lifetime: 15.3069
    annual_cost: 14.308449130784156
    efficiency: 0.883313
    discharge_ratio: 2
    depth_of_discharge: 0.9
  Pb-acid:
    cost: 121.554
    lifetime: 11.5648
    annual_cost: 10.510687603763143
    efficiency: 0.776873
    discharge_ratio: 5
    depth_of_discharge: 0.5
  VRBF:
    cost: 324.086
    lifetime: 19.9548
    annual_cost: 16.24100467055546
    efficiency: 0.751294
    discharge_ratio: 0.5
    depth_of_discharge: 1.0
