cost_values:
  wind_capex: 5000.0
  wind_opex: 100
  wind_lifetime: 20
  solar_capex: 1000.0
  solar_opex: 10
  solar_lifetime: 20
  carbon_price: 1.0
timeseries_values:
  load_level: 290761.82491803396
  wind_year: 2014
  solar_year: 2015
  price_year: 2023
  carbon_year: 2023
storage_values:
  CAES:
    cost: 63.9335
    lifetime: 27.7494
    annual_cost: 2.303959725255321
    efficiency: 0.578902
    discharge_ratio: 0.1
    depth_of_discharge: 0.4
  Li-ion:
    cost: 226.773
    lifetime: 17.7754
    annual_cost: 12.757687590715257
    efficiency: 0.876983
    discharge_ratio: 2
    depth_of_discharge: 0.9
  Pb-acid:
    cost: 132.598
    lifetime: 10.8642
    annual_cost: 12.205040407945363
    efficiency: 0.753364
    discharge_ratio: 5
    depth_of_discharge: 0.5
  VRBF:
    cost: 270.528
    lifetime: 14.8556
    annual_cost: 18.210506475672474
    efficiency: 0.777318
    discharge_ratio: 0.5
    depth_of_discharge: 1.0
