cost_values:
  wind_capex: 5000.0
  wind_opex: 100
  wind_lifetime: 20
  solar_capex: 1000.0
  solar_opex: 10
  solar_lifetime: 20
  carbon_price: 1.0
timeseries_values:
  load_level: 290761.82491803396
  wind_year: 2014
  solar_year: 2015
  price_year: 2023
  carbon_year: 2023
storage_values:
  CAES:
    cost: 58.3272
    lifetime: 28.3474
    annual_cost: 2.0575855281260362
    efficiency: 0.580167
    discharge_ratio: 0.1
    depth_of_discharge: 0.4
  Li-ion:
    cost: 240.586
    lifetime: 13.6613
    annual_cost: 17.610769106893194
    efficiency: 0.882003
    discharge_ratio: 2
    depth_of_discharge: 0.9
  Pb-acid:
    cost: 132.966
    lifetime: 11.6393
    annual_cost: 11.423882879554613
    efficiency: 0.7582
    discharge_ratio: 5
    depth_of_discharge: 0.5
  VRBF:
    cost: 330.618
    lifetime: 20.2413
    annual_cost: 16.333832313141944
    efficiency: 0.755402
    discharge_ratio: 0.5
    depth_of_discharge: 1.0
