cost_values:
  wind_capex: 5000.0
  wind_opex: 100
  wind_lifetime: 20
  solar_capex: 1000.0
  solar_opex: 10
  solar_lifetime: 20
  carbon_price: 1.0
timeseries_values:
  load_level: 290761.82491803396
  wind_year: 2014
  solar_year: 2015
  price_year: 2023
  carbon_year: 2023
storage_values:
  CAES:
    cost: 70.3882
    lifetime: 28.8626
    annual_cost: 2.4387338632001274
    efficiency: 0.592216
    discharge_ratio: 0.1
    depth_of_discharge: 0.4
  Li-ion:
    cost: 250.086
    lifetime: 14.989
    annual_cost: 16.684635399292816
    efficiency: 0.87073
    discharge_ratio: 2
    depth_of_discharge: 0.9
  Pb-acid:
    cost: 120.571
    lifetime: 12.2243
    annual_cost: 9.863223252047153
    efficiency: 0.772915
    discharge_ratio: 5
    depth_of_discharge: 0.5
  VRBF:
    cost: 288.982
    lifetime: 17.5005
    annual_cost: 16.512785348990032
    efficiency: 0.763535
    discharge_ratio: 0.5
    depth_of_discharge: 1.0
