cost_values:
  wind_capex: 5000.0
  wind_opex: 100
  wind_lifetime: 20
  solar_capex: 1000.0
  solar_opex: 10
  solar_lifetime: 20
  carbon_price: 1.0
timeseries_values:
  load_level: 290761.82491803396
  wind_year: 2014
  solar_year: 2015
  price_year: 2023
  carbon_year: 2023
storage_values:
  CAES:
    cost: 72.4833
    lifetime: 29.1822
    annual_cost: 2.4838189033040687
    efficiency: 0.579382
    discharge_ratio: 0.1
    depth_of_discharge: 0.4
  Li-ion:
    cost: 231.893
    lifetime: 16.5342
    annual_cost: 14.025051106192015
    efficiency: 0.874658
    discharge_ratio: 2
    depth_of_discharge: 0.9
  Pb-acid:
    cost: 141.528
    lifetime: 8.93358
    annual_cost: 15.842249131926955
    efficiency: 0.765521
    discharge_ratio: 5
    depth_of_discharge: 0.5
  VRBF:
    cost: 283.363
    lifetime: 17.2246
    annual_cost: 16.45106417565575
    efficiency: 0.769778
    discharge_ratio: 0.5
    depth_of_discharge: 1.0
