cost_values:
  wind_capex: 5000.0
  wind_opex: 100
  wind_lifetime: 20
  solar_capex: 1000.0
  solar_opex: 10
  solar_lifetime: 20
  carbon_price: 1.0
timeseries_values:
  load_level: 290761.82491803396
  wind_year: 2014
  solar_year: 2015
  price_year: 2023
  carbon_year: 2023
storage_values:
  CAES:
    cost: 61.6689
    lifetime: 27.5586
    annual_cost: 2.2377370403431236
    efficiency: 0.58271
    discharge_ratio: 0.1
    depth_of_discharge: 0.4
  Li-ion:
    cost: 218.055
    lifetime: 15.6531
    annual_cost: 13.9304674473427
    efficiency: 0.891163
    discharge_ratio: 2
    depth_of_discharge: 0.9
  Pb-acid:
    cost: 124.137
    lifetime: 9.86143
    annual_cost: 12.588133769645983
    efficiency: 0.780539
    discharge_ratio: 5
    depth_of_discharge: 0.5
  VRBF:
    cost: 323.916
    lifetime: 19.4505
    annual_cost: 16.653350813603762
    efficiency: 0.77497
    discharge_ratio: 0.5
    depth_of_discharge: 1.0
