cost_values:
  wind_capex: 5000.0
  wind_opex: 100
  wind_lifetime: 20
  solar_capex: 1000.0
  solar_opex: 10
  solar_lifetime: 20
  carbon_price: 1.0
timeseries_values:
  load_level: 290761.82491803396
  wind_year: 2014
  solar_year: 2015
  price_year: 2023
  carbon_year: 2023
storage_values:
  CAES:
    cost: 57.2245
    lifetime: 28.5574
    annual_cost: 2.0038413861205853
    efficiency: 0.584837
    discharge_ratio: 0.1
    depth_of_discharge: 0.4
  Li-ion:
    cost: 240.621
    lifetime: 14.5869
    annual_cost: 16.495691339489543
    efficiency: 0.906196
    discharge_ratio: 2
    depth_of_discharge: 0.9
  Pb-acid:
    cost: 127.662
    lifetime: 11.7375
    annual_cost: 10.876421725239616
    efficiency: 0.76242
    discharge_ratio: 5
    depth_of_discharge: 0.5
  VRBF:
    cost: 307.207
    lifetime: 19.7368
    annual_cost: 15.565187872400795
    efficiency: 0.757772
    discharge_ratio: 0.5
    depth_of_discharge: 1.0
