cost_values:
  wind_capex: 5000.0
  wind_opex: 100
  wind_lifetime: 20
  solar_capex: 1000.0
  solar_opex: 10
  solar_lifetime: 20
  carbon_price: 1.0
timeseries_values:
  load_level: 290761.82491803396
  wind_year: 2014
  solar_year: 2015
  price_year: 2023
  carbon_year: 2023
storage_values:
  CAES:
    cost: 67.686
    lifetime: 28.1248
    annual_cost: 2.4066304471498468
    efficiency: 0.582385
    discharge_ratio: 0.1
    depth_of_discharge: 0.4
  Li-ion:
    cost: 219.71
    lifetime: 15.1389
    annual_cost: 14.512943476738734
    efficiency: 0.888822
    discharge_ratio: 2
    depth_of_discharge: 0.9
  Pb-acid:
    cost: 132.448
    lifetime: 13.1582
    annual_cost: 10.065814473104224
    efficiency: 0.78088
    discharge_ratio: 5
    depth_of_discharge: 0.5
  VRBF:
    cost: 289.857
    lifetime: 16.7266
    annual_cost: 17.329104540073896
    efficiency: 0.757895
    discharge_ratio: 0.5
    depth_of_discharge: 1.0
