cost_values:
  wind_capex: 5000.0
  wind_opex: 100
  wind_lifetime: 20
  solar_capex: 1000.0
  solar_opex: 10
  solar_lifetime: 20
  carbon_price: 1.0
timeseries_values:
  load_level: 290761.82491803396
  wind_year: 2014
  solar_year: 2015
  price_year: 2023
  carbon_year: 2023
storage_values:
  CAES:
    cost: 66.6115
    lifetime: 27.4877
    annual_cost: 2.423320248693052
    efficiency: 0.589344
    discharge_ratio: 0.1
    depth_of_discharge: 0.4
  Li-ion:
    cost: 241.783
    lifetime: 15.1978
    annual_cost: 15.909078945636868
    efficiency: 0.875615
    discharge_ratio: 2
    depth_of_discharge: 0.9
  Pb-acid:
    cost: 112.833
    lifetime: 11.7799
    annual_cost: 9.578434451905364
    efficiency: 0.771812
    discharge_ratio: 5
    depth_of_discharge: 0.5
  VRBF:
    cost: 294.304
    lifetime: 16.3235
    annual_cost: 18.029466719759856
    efficiency: 0.752543
    discharge_ratio: 0.5
    depth_of_discharge: 1.0
