cost_values:
  wind_capex: 5000.0
  wind_opex: 100
  wind_lifetime: 20
  solar_capex: 1000.0
  solar_opex: 10
  solar_lifetime: 20
  carbon_price: 1.0
timeseries_values:
  load_level: 290761.82491803396
  wind_year: 2014
  solar_year: 2015
  price_year: 2023
  carbon_year: 2023
storage_values:
  CAES:
    cost: 63.2331
    lifetime: 29.492
    annual_cost: 2.1440763596907635
    efficiency: 0.590163
    discharge_ratio: 0.1
    depth_of_discharge: 0.4
  Li-ion:
    cost: 249.147
    lifetime: 15.5494
    annual_cost: 16.02293336077276
    efficiency: 0.875257
    discharge_ratio: 2
    depth_of_discharge: 0.9
  Pb-acid:
    cost: 120.928
    lifetime: 10.893
    annual_cost: 11.101441292573211
    efficiency: 0.773588
    discharge_ratio: 5
    depth_of_discharge: 0.5
  VRBF:
    cost: 294.184
    lifetime: 18.0645
    annual_cost: 16.285200254643087
    efficiency: 0.758119
    discharge_ratio: 0.5
    depth_of_discharge: 1.0
