cost_values:
  wind_capex: 5000.0
  wind_opex: 100
  wind_lifetime: 20
  solar_capex: 1000.0
  solar_opex: 10
  solar_lifetime: 20
  carbon_price: 1.0
timeseries_values:
  load_level: 290761.82491803396
  wind_year: 2014
  solar_year: 2015
  price_year: 2023
  carbon_year: 2023
storage_values:
  CAES:
    cost: 60.195
    lifetime: 28.4018
    annual_cost: 2.1194079248498334
    efficiency: 0.592272
    discharge_ratio: 0.1
    depth_of_discharge: 0.4
  Li-ion:
    cost: 236.948
    lifetime: 16.8857
    annual_cost: 14.032465340495213
    efficiency: 0.876505
    discharge_ratio: 2
    depth_of_discharge: 0.9
  Pb-acid:
    cost: 130.824
    lifetime: 12.0706
    annual_cost: 10.838235050453168
    efficiency: 0.778086
    discharge_ratio: 5
    depth_of_discharge: 0.5
  VRBF:
    cost: 290.654
    lifetime: 17.5456
    annual_cost: 16.56563468903885
    efficiency: 0.775668
    discharge_ratio: 0.5
    depth_of_discharge: 1.0
