cost_values:
  wind_capex: 5000.0
  wind_opex: 100
  wind_lifetime: 20
  solar_capex: 1000.0
  solar_opex: 10
  solar_lifetime: 20
  carbon_price: 1.0
timeseries_values:
  load_level: 290761.82491803396
  wind_year: 2014
  solar_year: 2015
  price_year: 2023
  carbon_year: 2023
storage_values:
  CAES:
    cost: 64.9426
    lifetime: 29.3389
    annual_cost: 2.213532204683884
    efficiency: 0.587512
    discharge_ratio: 0.1
    depth_of_discharge: 0.4
  Li-ion:
    cost: 250.477
    lifetime: 12.6643
    annual_cost: 19.778195399666778
    efficiency: 0.882112
    discharge_ratio: 2
    depth_of_discharge: 0.9
  Pb-acid:
    cost: 100.74
    lifetime: 12.604
    annual_cost: 7.992700729927007
    efficiency: 0.77362
    discharge_ratio: 5
    depth_of_discharge: 0.5
  VRBF:
    cost: 301.724
    lifetime: 16.2217
    annual_cost: 18.600023425411642
    efficiency: 0.772973
    discharge_ratio: 0.5
    depth_of_discharge: 1.0
