cost_values:
  wind_capex: 5000.0
  wind_opex: 100
  wind_lifetime: 20
  solar_capex: 1000.0
  solar_opex: 10
  solar_lifetime: 20
  carbon_price: 1.0
timeseries_values:
  load_level: 290761.82491803396
  wind_year: 2014
  solar_year: 2015
  price_year: 2023
  carbon_year: 2023
storage_values:
  CAES:
    cost: 66.9188
    lifetime: 29.3316
    annual_cost: 2.281457540672858
    efficiency: 0.582768
    discharge_ratio: 0.1
    depth_of_discharge: 0.4
  Li-ion:
    cost: 239.207
    lifetime: 15.4335
    annual_cost: 15.499206272070495
    efficiency: 0.871674
    discharge_ratio: 2
    depth_of_discharge: 0.9
  Pb-acid:
    cost: 115.132
    lifetime: 12.2749
    annual_cost: 9.379465413160188
    efficiency: 0.772198
    discharge_ratio: 5
    depth_of_discharge: 0.5
  VRBF:
    cost: 288.292
    lifetime: 16.9537
    annual_cost: 17.004665648206583
    efficiency: 0.799791
    discharge_ratio: 0.5
    depth_of_discharge: 1.0
