cost_values:
  wind_capex: 5000.0
  wind_opex: 100
  wind_lifetime: 20
  solar_capex: 1000.0
  solar_opex: 10
  solar_lifetime: 20
  carbon_price: 1.0
timeseries_values:
  load_level: 290761.82491803396
  wind_year: 2014
  solar_year: 2015
  price_year: 2023
  carbon_year: 2023
storage_values:
  CAES:
    cost: 70.1267
    lifetime: 29.3885
    annual_cost: 2.386195280466849
    efficiency: 0.590308
    discharge_ratio: 0.1
    depth_of_discharge: 0.4
  Li-ion:
    cost: 217.01
    lifetime: 12.251
    annual_cost: 17.713656028079342
    efficiency: 0.901185
    discharge_ratio: 2
    depth_of_discharge: 0.9
  Pb-acid:
    cost: 142.486
    lifetime: 11.5784
    annual_cost: 12.306190838112347
    efficiency: 0.766998
    discharge_ratio: 5
    depth_of_discharge: 0.5
  VRBF:
    cost: 324.514
    lifetime: 19.1242
    annual_cost: 16.96876209200908
    efficiency: 0.7738
    discharge_ratio: 0.5
    depth_of_discharge: 1.0
