cost_values:
  wind_capex: 5000.0
  wind_opex: 100
  wind_lifetime: 20
  solar_capex: 1000.0
  solar_opex: 10
  solar_lifetime: 20
  carbon_price: 1.0
timeseries_values:
  load_level: 290761.82491803396
  wind_year: 2014
  solar_year: 2015
  price_year: 2023
  carbon_year: 2023
storage_values:
  CAES:
    cost: 66.7794
    lifetime: 28.604
    annual_cost: 2.33461753600895
    efficiency: 0.590262
    discharge_ratio: 0.1
    depth_of_discharge: 0.4
  Li-ion:
    cost: 233.76
    lifetime: 16.9846
    annual_cost: 13.76305594479705
    efficiency: 0.878259
    discharge_ratio: 2
    depth_of_discharge: 0.9
  Pb-acid:
    cost: 136.431
    lifetime: 11.4679
    annual_cost: 11.896772730839997
    efficiency: 0.779683
    discharge_ratio: 5
    depth_of_discharge: 0.5
  VRBF:
    cost: 338.442
    lifetime: 18.4341
    annual_cost: 18.359561898872197
    efficiency: 0.767732
    discharge_ratio: 0.5
    depth_of_discharge: 1.0
