cost_values:
  wind_capex: 5000.0
  wind_opex: 100
  wind_lifetime: 20
  solar_capex: 1000.0
  solar_opex: 10
  solar_lifetime: 20
  carbon_price: 1.0
timeseries_values:
  load_level: 290761.82491803396
  wind_year: 2014
  solar_year: 2015
  price_year: 2023
  carbon_year: 2023
storage_values:
  CAES:
    cost: 68.7072
    lifetime: 28.4403
    annual_cost: 2.415839495363973
    efficiency: 0.599763
    discharge_ratio: 0.1
    depth_of_discharge: 0.4
  Li-ion:
    cost: 226.644
    lifetime: 13.9206
    annual_cost: 16.281194776087236
    efficiency: 0.890177
    discharge_ratio: 2
    depth_of_discharge: 0.9
  Pb-acid:
    cost: 130.094
    lifetime: 11.288
    annual_cost: 11.524982282069454
    efficiency: 0.764703
    discharge_ratio: 5
    depth_of_discharge: 0.5
  VRBF:
    cost: 308.257
    lifetime: 17.5372
    annual_cost: 17.57732135118491
    efficiency: 0.773741
    discharge_ratio: 0.5
    depth_of_discharge: 1.0
