cost_values:
  wind_capex: 5000.0
  wind_opex: 100
  wind_lifetime: 20
  solar_capex: 1000.0
  solar_opex: 10
  solar_lifetime: 20
  carbon_price: 1.0
timeseries_values:
  load_level: 290761.82491803396
  wind_year: 2014
  solar_year: 2015
  price_year: 2023
  carbon_year: 2023
storage_values:
  CAES:
    cost: 68.1653
    lifetime: 29.4082
    annual_cost: 2.3179011296169096
    efficiency: 0.589201
    discharge_ratio: 0.1
    depth_of_discharge: 0.4
  Li-ion:
    cost: 239.497
    lifetime: 15.4193
    annual_cost: 15.532287457926106
    efficiency: 0.882954
    discharge_ratio: 2
    depth_of_discharge: 0.9
  Pb-acid:
    cost: 136.734
    lifetime: 11.5479
    annual_cost: 11.840594393785883
    efficiency: 0.770956
    discharge_ratio: 5
    depth_of_discharge: 0.5
  VRBF:
    cost: 302.036
    lifetime: 16.5961
    annual_cost: 18.199215478335272
    efficiency: 0.770183
    discharge_ratio: 0.5
    depth_of_discharge: 1.0
