cost_values:
  wind_capex: 5000.0
  wind_opex: 100
  wind_lifetime: 20
  solar_capex: 1000.0
  solar_opex: 10
  solar_lifetime: 20
  carbon_price: 1.0
timeseries_values:
  load_level: 290761.82491803396
  wind_year: 2014
  solar_year: 2015
  price_year: 2023
  carbon_year: 2023
storage_values:
  CAES:
    cost: 55.6335
    lifetime: 28.5969
    annual_cost: 1.945438141896499
    efficiency: 0.581394
    discharge_ratio: 0.1
    depth_of_discharge: 0.4
  Li-ion:
    cost: 243.363
    lifetime: 13.5689
    annual_cost: 17.935352165614017
    efficiency: 0.865345
    discharge_ratio: 2
    depth_of_discharge: 0.9
  Pb-acid:
    cost: 119.776
    lifetime: 11.4575
    annual_cost: 10.453938468252236
    efficiency: 0.741985
    discharge_ratio: 5
    depth_of_discharge: 0.5
  VRBF:
    cost: 320.251
    lifetime: 17.6712
    annual_cost: 18.122764724523517
    efficiency: 0.764316
    discharge_ratio: 0.5
    depth_of_discharge: 1.0
