cost_values:
  wind_capex: 5000.0
  wind_opex: 100
  wind_lifetime: 20
  solar_capex: 1000.0
  solar_opex: 10
  solar_lifetime: 20
  carbon_price: 1.0
timeseries_values:
  load_level: 290761.82491803396
  wind_year: 2014
  solar_year: 2015
  price_year: 2023
  carbon_year: 2023
storage_values:
  CAES:
    cost: 63.5682
    lifetime: 27.6625
    annual_cost: 2.2979918662449164
    efficiency: 0.590487
    discharge_ratio: 0.1
    depth_of_discharge: 0.4
  Li-ion:
    cost: 240.985
    lifetime: 14.8591
    annual_cost: 16.218007820123695
    efficiency: 0.880005
    discharge_ratio: 2
    depth_of_discharge: 0.9
  Pb-acid:
    cost: 103.516
    lifetime: 11.5281
    annual_cost: 8.979450212957904
    efficiency: 0.772852
    discharge_ratio: 5
    depth_of_discharge: 0.5
  VRBF:
    cost: 299.83
    lifetime: 17.8791
    annual_cost: 16.769859780414002
    efficiency: 0.770611
    discharge_ratio: 0.5
    depth_of_discharge: 1.0
