cost_values:
  wind_capex: 5000.0
  wind_opex: 100
  wind_lifetime: 20
  solar_capex: 1000.0
  solar_opex: 10
  solar_lifetime: 20
  carbon_price: 1.0
timeseries_values:
  load_level: 290761.82491803396
  wind_year: 2014
  solar_year: 2015
  price_year: 2023
  carbon_year: 2023
storage_values:
  CAES:
    cost: 64.7884
    lifetime: 27.1941
    annual_cost: 2.3824432505580253
    efficiency: 0.588049
    discharge_ratio: 0.1
    depth_of_discharge: 0.4
  Li-ion:
    cost: 227.681
    lifetime: 13.7083
    annual_cost: 16.60898871486618
    efficiency: 0.890415
    discharge_ratio: 2
    depth_of_discharge: 0.9
  Pb-acid:
    cost: 119.576
    lifetime: 11.3908
    annual_cost: 10.497594549987708
    efficiency: 0.773916
    discharge_ratio: 5
    depth_of_discharge: 0.5
  VRBF:
    cost: 307.166
    lifetime: 17.182
    annual_cost: 17.877197066697708
    efficiency: 0.770064
    discharge_ratio: 0.5
    depth_of_discharge: 1.0
