cost_values:
  wind_capex: 5000.0
  wind_opex: 100
  wind_lifetime: 20
  solar_capex: 1000.0
  solar_opex: 10
  solar_lifetime: 20
  carbon_price: 1.0
timeseries_values:
  load_level: 290761.82491803396
  wind_year: 2014
  solar_year: 2015
  price_year: 2023
  carbon_year: 2023
storage_values:
  CAES:
    cost: 67.692
    lifetime: 29.2948
    annual_cost: 2.310717260401163
    efficiency: 0.572244
    discharge_ratio: 0.1
    depth_of_discharge: 0.4
  Li-ion:
    cost: 247.164
    lifetime: 15.2747
    annual_cost: 16.18126706252823
    efficiency: 0.893763
    discharge_ratio: 2
    depth_of_discharge: 0.9
  Pb-acid:
    cost: 118.215
    lifetime: 12.3077
    annual_cost: 9.604962746898282
    efficiency: 0.779053
    discharge_ratio: 5
    depth_of_discharge: 0.5
  VRBF:
    cost: 287.756
    lifetime: 16.9778
    annual_cost: 16.9489568730931
    efficiency: 0.785152
    discharge_ratio: 0.5
    depth_of_discharge: 1.0
