cost_values:
  wind_capex: 5000.0
  wind_opex: 100
  wind_lifetime: 20
  solar_capex: 1000.0
  solar_opex: 10
  solar_lifetime: 20
  carbon_price: 1.0
timeseries_values:
  load_level: 290761.82491803396
  wind_year: 2014
  solar_year: 2015
  price_year: 2023
  carbon_year: 2023
storage_values:
  CAES:
    cost: 65.706
    lifetime: 27.9033
    annual_cost: 2.3547752416380856
    efficiency: 0.586927
    discharge_ratio: 0.1
    depth_of_discharge: 0.4
  Li-ion:
    cost: 233.53
    lifetime: 15.5488
    annual_cost: 15.019165466145298
    efficiency: 0.87483
    discharge_ratio: 2
    depth_of_discharge: 0.9
  Pb-acid:
    cost: 123.878
    lifetime: 10.6224
    annual_cost: 11.661959632474769
    efficiency: 0.78319
    discharge_ratio: 5
    depth_of_discharge: 0.5
  VRBF:
    cost: 267.833
    lifetime: 18.1133
    annual_cost: 14.786538068711943
    efficiency: 0.751117
    discharge_ratio: 0.5
    depth_of_discharge: 1.0
