cost_values:
  wind_capex: 5000.0
  wind_opex: 100
  wind_lifetime: 20
  solar_capex: 1000.0
  solar_opex: 10
  solar_lifetime: 20
  carbon_price: 1.0
timeseries_values:
  load_level: 290761.82491803396
  wind_year: 2014
  solar_year: 2015
  price_year: 2023
  carbon_year: 2023
storage_values:
  CAES:
    cost: 68.9195
    lifetime: 29.0643
    annual_cost: 2.371276789738614
    efficiency: 0.585434
    discharge_ratio: 0.1
    depth_of_discharge: 0.4
  Li-ion:
    cost: 254.826
    lifetime: 14.2138
    annual_cost: 17.928069903896212
    efficiency: 0.873154
    discharge_ratio: 2
    depth_of_discharge: 0.9
  Pb-acid:
    cost: 116.943
    lifetime: 10.3087
    annual_cost: 11.344107404425388
    efficiency: 0.767744
    discharge_ratio: 5
    depth_of_discharge: 0.5
  VRBF:
    cost: 310.871
    lifetime: 17.0735
    annual_cost: 18.207807420856884
    efficiency: 0.761648
    discharge_ratio: 0.5
    depth_of_discharge: 1.0
