cost_values:
  wind_capex: 5000.0
  wind_opex: 100
  wind_lifetime: 20
  solar_capex: 1000.0
  solar_opex: 10
  solar_lifetime: 20
  carbon_price: 1.0
timeseries_values:
  load_level: 290761.82491803396
  wind_year: 2014
  solar_year: 2015
  price_year: 2023
  carbon_year: 2023
storage_values:
  CAES:
    cost: 61.2231
    lifetime: 29.2302
    annual_cost: 2.0945152616129894
    efficiency: 0.594396
    discharge_ratio: 0.1
    depth_of_discharge: 0.4
  Li-ion:
    cost: 222.948
    lifetime: 14.6169
    annual_cost: 15.252755372206146
    efficiency: 0.871405
    discharge_ratio: 2
    depth_of_discharge: 0.9
  Pb-acid:
    cost: 125.443
    lifetime: 11.4746
    annual_cost: 10.932232931866904
    efficiency: 0.761496
    discharge_ratio: 5
    depth_of_discharge: 0.5
  VRBF:
    cost: 296.838
    lifetime: 19.0895
    annual_cost: 15.549804866549675
    efficiency: 0.791668
    discharge_ratio: 0.5
    depth_of_discharge: 1.0
