cost_values:
  wind_capex: 5000.0
  wind_opex: 100
  wind_lifetime: 20
  solar_capex: 1000.0
  solar_opex: 10
  solar_lifetime: 20
  carbon_price: 1.0
timeseries_values:
  load_level: 290761.82491803396
  wind_year: 2014
  solar_year: 2015
  price_year: 2023
  carbon_year: 2023
storage_values:
  CAES:
    cost: 64.9996
    lifetime: 28.8134
    annual_cost: 2.2558809442828682
    efficiency: 0.58397
    discharge_ratio: 0.1
    depth_of_discharge: 0.4
  Li-ion:
    cost: 235.426
    lifetime: 14.945
    annual_cost: 15.752827032452323
    efficiency: 0.877731
    discharge_ratio: 2
    depth_of_discharge: 0.9
  Pb-acid:
    cost: 134.636
    lifetime: 13.3392
    annual_cost: 10.093258966054936
    efficiency: 0.759785
    discharge_ratio: 5
    depth_of_discharge: 0.5
  VRBF:
    cost: 289.069
    lifetime: 17.7568
    annual_cost: 16.279340872229234
    efficiency: 0.733254
    discharge_ratio: 0.5
    depth_of_discharge: 1.0
