cost_values:
  wind_capex: 5000.0
  wind_opex: 100
  wind_lifetime: 20
  solar_capex: 1000.0
  solar_opex: 10
  solar_lifetime: 20
  carbon_price: 1.0
timeseries_values:
  load_level: 290761.82491803396
  wind_year: 2014
  solar_year: 2015
  price_year: 2023
  carbon_year: 2023
storage_values:
  CAES:
    cost: 66.9507
    lifetime: 28.1329
    annual_cost: 2.37980087371014
    efficiency: 0.585582
    discharge_ratio: 0.1
    depth_of_discharge: 0.4
  Li-ion:
    cost: 245.678
    lifetime: 12.8241
    annual_cost: 19.157523724861782
    efficiency: 0.877657
    discharge_ratio: 2
    depth_of_discharge: 0.9
  Pb-acid:
    cost: 138.183
    lifetime: 12.2832
    annual_cost: 11.249755763970299
    efficiency: 0.761661
    discharge_ratio: 5
    depth_of_discharge: 0.5
  VRBF:
    cost: 272.005
    lifetime: 20.7541
    annual_cost: 13.1060850627105
    efficiency: 0.781809
    discharge_ratio: 0.5
    depth_of_discharge: 1.0
