cost_values:
  wind_capex: 5000.0
  wind_opex: 100
  wind_lifetime: 20
  solar_capex: 1000.0
  solar_opex: 10
  solar_lifetime: 20
  carbon_price: 1.0
timeseries_values:
  load_level: 290761.82491803396
  wind_year: 2014
  solar_year: 2015
  price_year: 2023
  carbon_year: 2023
storage_values:
  CAES:
    cost: 69.237
    lifetime: 28.4505
    annual_cost: 2.4335951916486525
    efficiency: 0.593023
    discharge_ratio: 0.1
    depth_of_discharge: 0.4
  Li-ion:
    cost: 213.994
    lifetime: 14.5788
    annual_cost: 14.678437182758527
    efficiency: 0.881437
    discharge_ratio: 2
    depth_of_discharge: 0.9
  Pb-acid:
    cost: 114.728
    lifetime: 11.0124
    annual_cost: 10.418074170934583
    efficiency: 0.767239
    discharge_ratio: 5
    depth_of_discharge: 0.5
  VRBF:
    cost: 288.568
    lifetime: 18.7298
    annual_cost: 15.406891691315442
    efficiency: 0.770627
    discharge_ratio: 0.5
    depth_of_discharge: 1.0
