cost_values:
  wind_capex: 5000.0
  wind_opex: 100
  wind_lifetime: 20
  solar_capex: 1000.0
  solar_opex: 10
  solar_lifetime: 20
  carbon_price: 1.0
timeseries_values:
  load_level: 261902.00238367714
  wind_year: 2014
  solar_year: 2014
  price_year: 2023
  carbon_year: 2023
storage_values:
  CAES:
    cost: 80.9658
    lifetime: 24.5567
    annual_cost: 3.297096108190433
    efficiency: 0.607498
    discharge_ratio: 0.1
    depth_of_discharge: 0.4
  Li-ion:
    cost: 271.732
    lifetime: 26.3221
    annual_cost: 10.323340462956985
    efficiency: 0.885358
    discharge_ratio: 2
    depth_of_discharge: 0.9
  Pb-acid:
    cost: 120.262
    lifetime: 7.57485
    annual_cost: 15.876486003023164
    efficiency: 0.794545
    discharge_ratio: 5
    depth_of_discharge: 0.5
  VRBF:
    cost: 296.31
    lifetime: 12.9468
    annual_cost: 22.88673649087033
    efficiency: 0.743182
    discharge_ratio: 0.5
    depth_of_discharge: 1.0
