cost_values:
  wind_capex: 5000.0
  wind_opex: 100
  wind_lifetime: 20
  solar_capex: 1000.0
  solar_opex: 10
  solar_lifetime: 20
  carbon_price: 1.0
timeseries_values:
  load_level: 261902.00238367714
  wind_year: 2014
  solar_year: 2014
  price_year: 2023
  carbon_year: 2023
storage_values:
  CAES:
    cost: 77.614
    lifetime: 24.6432
    annual_cost: 3.149509803921569
    efficiency: 0.618702
    discharge_ratio: 0.1
    depth_of_discharge: 0.4
  Li-ion:
    cost: 255.949
    lifetime: 24.233
    annual_cost: 10.562002228366278
    efficiency: 0.913236
    discharge_ratio: 2
    depth_of_discharge: 0.9
  Pb-acid:
    cost: 118.638
    lifetime: 6.42317
    annual_cost: 18.470319172620375
    efficiency: 0.779761
    discharge_ratio: 5
    depth_of_discharge: 0.5
  VRBF:
    cost: 279.902
    lifetime: 15.5267
    annual_cost: 18.027140345340605
    efficiency: 0.754633
    discharge_ratio: 0.5
    depth_of_discharge: 1.0
