cost_values:
  wind_capex: 5000.0
  wind_opex: 100
  wind_lifetime: 20
  solar_capex: 1000.0
  solar_opex: 10
  solar_lifetime: 20
  carbon_price: 1.0
timeseries_values:
  load_level: 261902.00238367714
  wind_year: 2014
  solar_year: 2014
  price_year: 2023
  carbon_year: 2023
storage_values:
  CAES:
    cost: 73.3693
    lifetime: 24.8782
    annual_cost: 2.9491402111085208
    efficiency: 0.625466
    discharge_ratio: 0.1
    depth_of_discharge: 0.4
  Li-ion:
    cost: 247.249
    lifetime: 25.1653
    annual_cost: 9.824997119048849
    efficiency: 0.900221
    discharge_ratio: 2
    depth_of_discharge: 0.9
  Pb-acid:
    cost: 135.072
    lifetime: 8.53809
    annual_cost: 15.81993162405175
    efficiency: 0.787136
    discharge_ratio: 5
    depth_of_discharge: 0.5
  VRBF:
    cost: 243.314
    lifetime: 15.1662
    annual_cost: 16.043174954833773
    efficiency: 0.76077
    discharge_ratio: 0.5
    depth_of_discharge: 1.0
