cost_values:
  wind_capex: 5000.0
  wind_opex: 100
  wind_lifetime: 20
  solar_capex: 1000.0
  solar_opex: 10
  solar_lifetime: 20
  carbon_price: 1.0
timeseries_values:
  load_level: 261902.00238367714
  wind_year: 2014
  solar_year: 2014
  price_year: 2023
  carbon_year: 2023
storage_values:
  CAES:
    cost: 83.7151
    lifetime: 25.9126
    annual_cost: 3.230671565184505
    efficiency: 0.622583
    discharge_ratio: 0.1
    depth_of_discharge: 0.4
  Li-ion:
    cost: 249.978
    lifetime: 25.6342
    annual_cost: 9.751737912632343
    efficiency: 0.89546
    discharge_ratio: 2
    depth_of_discharge: 0.9
  Pb-acid:
    cost: 130.563
    lifetime: 7.84738
    annual_cost: 16.63778229166932
    efficiency: 0.768873
    discharge_ratio: 5
    depth_of_discharge: 0.5
  VRBF:
    cost: 251.193
    lifetime: 15.9262
    annual_cost: 15.772312290439654
    efficiency: 0.777465
    discharge_ratio: 0.5
    depth_of_discharge: 1.0
