cost_values:
  wind_capex: 5000.0
  wind_opex: 100
  wind_lifetime: 20
  solar_capex: 1000.0
  solar_opex: 10
  solar_lifetime: 20
  carbon_price: 1.0
timeseries_values:
  load_level: 261902.00238367714
  wind_year: 2014
  solar_year: 2014
  price_year: 2023
  carbon_year: 2023
storage_values:
  CAES:
    cost: 76.2517
    lifetime: 25.5958
    annual_cost: 2.979070785050672
    efficiency: 0.62008
    discharge_ratio: 0.1
    depth_of_discharge: 0.4
  Li-ion:
    cost: 245.398
    lifetime: 25.6733
    annual_cost: 9.558490727721017
    efficiency: 0.909361
    discharge_ratio: 2
    depth_of_discharge: 0.9
  Pb-acid:
    cost: 152.229
    lifetime: 8.34408
    annual_cost: 18.243952598728683
    efficiency: 0.77848
    discharge_ratio: 5
    depth_of_discharge: 0.5
  VRBF:
    cost: 241.177
    lifetime: 15.7549
    annual_cost: 15.308062888371238
    efficiency: 0.762142
    discharge_ratio: 0.5
    depth_of_discharge: 1.0
