cost_values:
  wind_capex: 5000.0
  wind_opex: 100
  wind_lifetime: 20
  solar_capex: 1000.0
  solar_opex: 10
  solar_lifetime: 20
  carbon_price: 1.0
timeseries_values:
  load_level: 261902.00238367714
  wind_year: 2014
  solar_year: 2014
  price_year: 2023
  carbon_year: 2023
storage_values:
  CAES:
    cost: 74.665
    lifetime: 25.3757
    annual_cost: 2.9423818850317436
    efficiency: 0.622968
    discharge_ratio: 0.1
    depth_of_discharge: 0.4
  Li-ion:
    cost: 261.577
    lifetime: 25.5215
    annual_cost: 10.249280018807672
    efficiency: 0.890214
    discharge_ratio: 2
    depth_of_discharge: 0.9
  Pb-acid:
    cost: 117.404
    lifetime: 7.62392
    annual_cost: 15.399427066391043
    efficiency: 0.795183
    discharge_ratio: 5
    depth_of_discharge: 0.5
  VRBF:
    cost: 250.588
    lifetime: 16.6522
    annual_cost: 15.048341960821993
    efficiency: 0.772265
    discharge_ratio: 0.5
    depth_of_discharge: 1.0
