cost_values:
  wind_capex: 5000.0
  wind_opex: 100
  wind_lifetime: 20
  solar_capex: 1000.0
  solar_opex: 10
  solar_lifetime: 20
  carbon_price: 1.0
timeseries_values:
  load_level: 261902.00238367714
  wind_year: 2014
  solar_year: 2014
  price_year: 2023
  carbon_year: 2023
storage_values:
  CAES:
    cost: 76.7185
    lifetime: 25.3787
    annual_cost: 3.0229483779705033
    efficiency: 0.62085
    discharge_ratio: 0.1
    depth_of_discharge: 0.4
  Li-ion:
    cost: 261.764
    lifetime: 23.177
    annual_cost: 11.29412779911119
    efficiency: 0.880288
    discharge_ratio: 2
    depth_of_discharge: 0.9
  Pb-acid:
    cost: 133.057
    lifetime: 6.66829
    annual_cost: 19.95369127617425
    efficiency: 0.766808
    discharge_ratio: 5
    depth_of_discharge: 0.5
  VRBF:
    cost: 264.993
    lifetime: 15.0392
    annual_cost: 17.62015266769509
    efficiency: 0.768591
    discharge_ratio: 0.5
    depth_of_discharge: 1.0
