cost_values:
  wind_capex: 5000.0
  wind_opex: 100
  wind_lifetime: 20
  solar_capex: 1000.0
  solar_opex: 10
  solar_lifetime: 20
  carbon_price: 1.0
timeseries_values:
  load_level: 261902.00238367714
  wind_year: 2014
  solar_year: 2014
  price_year: 2023
  carbon_year: 2023
storage_values:
  CAES:
    cost: 81.4775
    lifetime: 24.7585
    annual_cost: 3.2908899973746393
    efficiency: 0.634014
    discharge_ratio: 0.1
    depth_of_discharge: 0.4
  Li-ion:
    cost: 271.696
    lifetime: 24.4276
    annual_cost: 11.122500777808709
    efficiency: 0.89492
    discharge_ratio: 2
    depth_of_discharge: 0.9
  Pb-acid:
    cost: 121.206
    lifetime: 6.84917
    annual_cost: 17.696450810828175
    efficiency: 0.774924
    discharge_ratio: 5
    depth_of_discharge: 0.5
  VRBF:
    cost: 257.347
    lifetime: 14.881
    annual_cost: 17.293663060278206
    efficiency: 0.756855
    discharge_ratio: 0.5
    depth_of_discharge: 1.0
