cost_values:
  wind_capex: 5000.0
  wind_opex: 100
  wind_lifetime: 20
  solar_capex: 1000.0
  solar_opex: 10
  solar_lifetime: 20
  carbon_price: 1.0
timeseries_values:
  load_level: 261902.00238367714
  wind_year: 2014
  solar_year: 2014
  price_year: 2023
  carbon_year: 2023
storage_values:
  CAES:
    cost: 84.1324
    lifetime: 23.9715
    annual_cost: 3.5096844169117496
    efficiency: 0.612236
    discharge_ratio: 0.1
    depth_of_discharge: 0.4
  Li-ion:
    cost: 265.45
    lifetime: 25.8993
    annual_cost: 10.249311757460626
    efficiency: 0.89786
    discharge_ratio: 2
    depth_of_discharge: 0.9
  Pb-acid:
    cost: 150.022
    lifetime: 7.67565
    annual_cost: 19.545185098330432
    efficiency: 0.785039
    discharge_ratio: 5
    depth_of_discharge: 0.5
  VRBF:
    cost: 264.274
    lifetime: 15.0403
    annual_cost: 17.571059087917128
    efficiency: 0.762243
    discharge_ratio: 0.5
    depth_of_discharge: 1.0
