cost_values:
  wind_capex: 5000.0
  wind_opex: 100
  wind_lifetime: 20
  solar_capex: 1000.0
  solar_opex: 10
  solar_lifetime: 20
  carbon_price: 1.0
timeseries_values:
  load_level: 261902.00238367714
  wind_year: 2014
  solar_year: 2014
  price_year: 2023
  carbon_year: 2023
storage_values:
  CAES:
    cost: 77.3355
    lifetime: 24.784
    annual_cost: 3.120380083925113
    efficiency: 0.618699
    discharge_ratio: 0.1
    depth_of_discharge: 0.4
  Li-ion:
    cost: 255.54
    lifetime: 25.7106
    annual_cost: 9.939091269748664
    efficiency: 0.897841
    discharge_ratio: 2
    depth_of_discharge: 0.9
  Pb-acid:
    cost: 128.915
    lifetime: 8.09056
    annual_cost: 15.93400209627022
    efficiency: 0.769753
    discharge_ratio: 5
    depth_of_discharge: 0.5
  VRBF:
    cost: 253.703
    lifetime: 14.3875
    annual_cost: 17.63357080799305
    efficiency: 0.756787
    discharge_ratio: 0.5
    depth_of_discharge: 1.0
