cost_values:
  wind_capex: 5000.0
  wind_opex: 100
  wind_lifetime: 20
  solar_capex: 1000.0
  solar_opex: 10
  solar_lifetime: 20
  carbon_price: 1.0
timeseries_values:
  load_level: 261902.00238367714
  wind_year: 2014
  solar_year: 2014
  price_year: 2023
  carbon_year: 2023
storage_values:
  CAES:
    cost: 84.4521
    lifetime: 23.588
    annual_cost: 3.580299304731219
    efficiency: 0.63313
    discharge_ratio: 0.1
    depth_of_discharge: 0.4
  Li-ion:
    cost: 281.77
    lifetime: 26.868
    annual_cost: 10.487196665177906
    efficiency: 0.895936
    discharge_ratio: 2
    depth_of_discharge: 0.9
  Pb-acid:
    cost: 128.099
    lifetime: 6.8492
    annual_cost: 18.70276820650587
    efficiency: 0.789834
    discharge_ratio: 5
    depth_of_discharge: 0.5
  VRBF:
    cost: 271.841
    lifetime: 17.504
    annual_cost: 15.530221663619743
    efficiency: 0.7598
    discharge_ratio: 0.5
    depth_of_discharge: 1.0
