cost_values:
  wind_capex: 5000.0
  wind_opex: 100
  wind_lifetime: 20
  solar_capex: 1000.0
  solar_opex: 10
  solar_lifetime: 20
  carbon_price: 1.0
timeseries_values:
  load_level: 261902.00238367714
  wind_year: 2014
  solar_year: 2014
  price_year: 2023
  carbon_year: 2023
storage_values:
  CAES:
    cost: 81.3697
    lifetime: 24.099
    annual_cost: 3.376476202332047
    efficiency: 0.61957
    discharge_ratio: 0.1
    depth_of_discharge: 0.4
  Li-ion:
    cost: 257.304
    lifetime: 24.1152
    annual_cost: 10.669785031847132
    efficiency: 0.896039
    discharge_ratio: 2
    depth_of_discharge: 0.9
  Pb-acid:
    cost: 141.952
    lifetime: 6.84102
    annual_cost: 20.750122057821784
    efficiency: 0.756103
    discharge_ratio: 5
    depth_of_discharge: 0.5
  VRBF:
    cost: 282.311
    lifetime: 13.638
    annual_cost: 20.700322627951312
    efficiency: 0.756316
    discharge_ratio: 0.5
    depth_of_discharge: 1.0
