cost_values:
  wind_capex: 5000.0
  wind_opex: 100
  wind_lifetime: 20
  solar_capex: 1000.0
  solar_opex: 10
  solar_lifetime: 20
  carbon_price: 1.0
timeseries_values:
  load_level: 261902.00238367714
  wind_year: 2014
  solar_year: 2014
  price_year: 2023
  carbon_year: 2023
storage_values:
  CAES:
    cost: 78.4393
    lifetime: 24.7823
    annual_cost: 3.1651339867566772
    efficiency: 0.615447
    discharge_ratio: 0.1
    depth_of_discharge: 0.4
  Li-ion:
    cost: 262.041
    lifetime: 25.476
    annual_cost: 10.2857983984927
    efficiency: 0.9022
    discharge_ratio: 2
    depth_of_discharge: 0.9
  Pb-acid:
    cost: 135.034
    lifetime: 8.88607
    annual_cost: 15.196144077190478
    efficiency: 0.790404
    discharge_ratio: 5
    depth_of_discharge: 0.5
  VRBF:
    cost: 266.427
    lifetime: 14.5311
    annual_cost: 18.334950554328305
    efficiency: 0.791733
    discharge_ratio: 0.5
    depth_of_discharge: 1.0
