cost_values:
  wind_capex: 5000.0
  wind_opex: 100
  wind_lifetime: 20
  solar_capex: 1000.0
  solar_opex: 10
  solar_lifetime: 20
  carbon_price: 1.0
timeseries_values:
  load_level: 261902.00238367714
  wind_year: 2014
  solar_year: 2014
  price_year: 2023
  carbon_year: 2023
storage_values:
  CAES:
    cost: 78.2895
    lifetime: 24.3022
    annual_cost: 3.221498465159533
    efficiency: 0.618515
    discharge_ratio: 0.1
    depth_of_discharge: 0.4
  Li-ion:
    cost: 279.407
    lifetime: 24.8587
    annual_cost: 11.239807391376058
    efficiency: 0.900909
    discharge_ratio: 2
    depth_of_discharge: 0.9
  Pb-acid:
    cost: 141.906
    lifetime: 9.26079
    annual_cost: 15.323314749605595
    efficiency: 0.794215
    discharge_ratio: 5
    depth_of_discharge: 0.5
  VRBF:
    cost: 239.254
    lifetime: 15.9028
    annual_cost: 15.044771989838267
    efficiency: 0.740064
    discharge_ratio: 0.5
    depth_of_discharge: 1.0
