cost_values:
  wind_capex: 5000.0
  wind_opex: 100
  wind_lifetime: 20
  solar_capex: 1000.0
  solar_opex: 10
  solar_lifetime: 20
  carbon_price: 1.0
timeseries_values:
  load_level: 261902.00238367714
  wind_year: 2014
  solar_year: 2014
  price_year: 2023
  carbon_year: 2023
storage_values:
  CAES:
    cost: 82.3599
    lifetime: 25.2191
    annual_cost: 3.265774750090209
    efficiency: 0.609999
    discharge_ratio: 0.1
    depth_of_discharge: 0.4
  Li-ion:
    cost: 237.512
    lifetime: 25.27
    annual_cost: 9.398971111990504
    efficiency: 0.90232
    discharge_ratio: 2
    depth_of_discharge: 0.9
  Pb-acid:
    cost: 143.763
    lifetime: 8.62066
    annual_cost: 16.676565367384864
    efficiency: 0.78678
    discharge_ratio: 5
    depth_of_discharge: 0.5
  VRBF:
    cost: 253.205
    lifetime: 16.2617
    annual_cost: 15.570635296432721
    efficiency: 0.742431
    discharge_ratio: 0.5
    depth_of_discharge: 1.0
