cost_values:
  wind_capex: 5000.0
  wind_opex: 100
  wind_lifetime: 20
  solar_capex: 1000.0
  solar_opex: 10
  solar_lifetime: 20
  carbon_price: 1.0
timeseries_values:
  load_level: 261902.00238367714
  wind_year: 2014
  solar_year: 2014
  price_year: 2023
  carbon_year: 2023
storage_values:
  CAES:
    cost: 83.4341
    lifetime: 24.2864
    annual_cost: 3.435424764477238
    efficiency: 0.618697
    discharge_ratio: 0.1
    depth_of_discharge: 0.4
  Li-ion:
    cost: 251.234
    lifetime: 26.1019
    annual_cost: 9.62512307533168
    efficiency: 0.892875
    discharge_ratio: 2
    depth_of_discharge: 0.9
  Pb-acid:
    cost: 127.235
    lifetime: 8.04331
    annual_cost: 15.818736316267804
    efficiency: 0.76376
    discharge_ratio: 5
    depth_of_discharge: 0.5
  VRBF:
    cost: 240.111
    lifetime: 14.7865
    annual_cost: 16.23852838738038
    efficiency: 0.746425
    discharge_ratio: 0.5
    depth_of_discharge: 1.0
