cost_values:
  wind_capex: 5000.0
  wind_opex: 100
  wind_lifetime: 20
  solar_capex: 1000.0
  solar_opex: 10
  solar_lifetime: 20
  carbon_price: 1.0
timeseries_values:
  load_level: 261902.00238367714
  wind_year: 2014
  solar_year: 2014
  price_year: 2023
  carbon_year: 2023
storage_values:
  CAES:
    cost: 75.9269
    lifetime: 25.4774
    annual_cost: 2.9801667360091693
    efficiency: 0.622655
    discharge_ratio: 0.1
    depth_of_discharge: 0.4
  Li-ion:
    cost: 266.954
    lifetime: 24.4266
    annual_cost: 10.928823495697314
    efficiency: 0.896728
    discharge_ratio: 2
    depth_of_discharge: 0.9
  Pb-acid:
    cost: 129.32
    lifetime: 7.69176
    annual_cost: 16.812797071151465
    efficiency: 0.774892
    discharge_ratio: 5
    depth_of_discharge: 0.5
  VRBF:
    cost: 290.477
    lifetime: 15.0866
    annual_cost: 19.253973725027507
    efficiency: 0.764038
    discharge_ratio: 0.5
    depth_of_discharge: 1.0
