cost_values:
  wind_capex: 5000.0
  wind_opex: 100
  wind_lifetime: 20
  solar_capex: 1000.0
  solar_opex: 10
  solar_lifetime: 20
  carbon_price: 1.0
timeseries_values:
  load_level: 261902.00238367714
  wind_year: 2014
  solar_year: 2014
  price_year: 2023
  carbon_year: 2023
storage_values:
  CAES:
    cost: 76.3874
    lifetime: 25.4039
    annual_cost: 3.006916260889076
    efficiency: 0.606056
    discharge_ratio: 0.1
    depth_of_discharge: 0.4
  Li-ion:
    cost: 234.968
    lifetime: 25.5561
    annual_cost: 9.194204123477368
    efficiency: 0.894597
    discharge_ratio: 2
    depth_of_discharge: 0.9
  Pb-acid:
    cost: 110.033
    lifetime: 7.35789
    annual_cost: 14.954423075093539
    efficiency: 0.787003
    discharge_ratio: 5
    depth_of_discharge: 0.5
  VRBF:
    cost: 254.771
    lifetime: 17.0991
    annual_cost: 14.899673082209004
    efficiency: 0.773407
    discharge_ratio: 0.5
    depth_of_discharge: 1.0
