cost_values:
  wind_capex: 5000.0
  wind_opex: 100
  wind_lifetime: 20
  solar_capex: 1000.0
  solar_opex: 10
  solar_lifetime: 20
  carbon_price: 1.0
timeseries_values:
  load_level: 261902.00238367714
  wind_year: 2014
  solar_year: 2014
  price_year: 2023
  carbon_year: 2023
storage_values:
  CAES:
    cost: 82.742
    lifetime: 25.2829
    annual_cost: 3.2726467296077586
    efficiency: 0.62746
    discharge_ratio: 0.1
    depth_of_discharge: 0.4
  Li-ion:
    cost: 255.426
    lifetime: 26.4138
    annual_cost: 9.670172409876656
    efficiency: 0.908956
    discharge_ratio: 2
    depth_of_discharge: 0.9
  Pb-acid:
    cost: 139.662
    lifetime: 8.5598
    annual_cost: 16.316035421388353
    efficiency: 0.767347
    discharge_ratio: 5
    depth_of_discharge: 0.5
  VRBF:
    cost: 287.949
    lifetime: 17.641
    annual_cost: 16.32271413185194
    efficiency: 0.764268
    discharge_ratio: 0.5
    depth_of_discharge: 1.0
