cost_values:
  wind_capex: 5000.0
  wind_opex: 100
  wind_lifetime: 20
  solar_capex: 1000.0
  solar_opex: 10
  solar_lifetime: 20
  carbon_price: 1.0
timeseries_values:
  load_level: 261902.00238367714
  wind_year: 2014
  solar_year: 2014
  price_year: 2023
  carbon_year: 2023
storage_values:
  CAES:
    cost: 80.159
    lifetime: 24.7994
    annual_cost: 3.2322959426437743
    efficiency: 0.62872
    discharge_ratio: 0.1
    depth_of_discharge: 0.4
  Li-ion:
    cost: 266.568
    lifetime: 25.2659
    annual_cost: 10.55050483062151
    efficiency: 0.898593
    discharge_ratio: 2
    depth_of_discharge: 0.9
  Pb-acid:
    cost: 132.586
    lifetime: 7.03522
    annual_cost: 18.8460346655826
    efficiency: 0.777551
    discharge_ratio: 5
    depth_of_discharge: 0.5
  VRBF:
    cost: 262.373
    lifetime: 14.3312
    annual_cost: 18.307817907781622
    efficiency: 0.739782
    discharge_ratio: 0.5
    depth_of_discharge: 1.0
