cost_values:
  wind_capex: 5000.0
  wind_opex: 100
  wind_lifetime: 20
  solar_capex: 1000.0
  solar_opex: 10
  solar_lifetime: 20
  carbon_price: 1.0
timeseries_values:
  load_level: 261902.00238367714
  wind_year: 2014
  solar_year: 2014
  price_year: 2023
  carbon_year: 2023
storage_values:
  CAES:
    cost: 77.5638
    lifetime: 25.7114
    annual_cost: 3.0167085417363504
    efficiency: 0.61771
    discharge_ratio: 0.1
    depth_of_discharge: 0.4
  Li-ion:
    cost: 244.28
    lifetime: 25.2091
    annual_cost: 9.690151572249704
    efficiency: 0.886948
    discharge_ratio: 2
    depth_of_discharge: 0.9
  Pb-acid:
    cost: 147.213
    lifetime: 8.93659
    annual_cost: 16.47306187259346
    efficiency: 0.775185
    discharge_ratio: 5
    depth_of_discharge: 0.5
  VRBF:
    cost: 263.076
    lifetime: 15.1079
    annual_cost: 17.41314146903276
    efficiency: 0.764894
    discharge_ratio: 0.5
    depth_of_discharge: 1.0
