cost_values:
  wind_capex: 5000.0
  wind_opex: 100
  wind_lifetime: 20
  solar_capex: 1000.0
  solar_opex: 10
  solar_lifetime: 20
  carbon_price: 1.0
timeseries_values:
  load_level: 261902.00238367714
  wind_year: 2014
  solar_year: 2014
  price_year: 2023
  carbon_year: 2023
storage_values:
  CAES:
    cost: 79.5711
    lifetime: 25.3727
    annual_cost: 3.1360911530897386
    efficiency: 0.61382
    discharge_ratio: 0.1
    depth_of_discharge: 0.4
  Li-ion:
    cost: 252.873
    lifetime: 25.02
    annual_cost: 10.106834532374101
    efficiency: 0.914634
    discharge_ratio: 2
    depth_of_discharge: 0.9
  Pb-acid:
    cost: 143.676
    lifetime: 7.13233
    annual_cost: 20.144328711655238
    efficiency: 0.775429
    discharge_ratio: 5
    depth_of_discharge: 0.5
  VRBF:
    cost: 281.905
    lifetime: 17.0557
    annual_cost: 16.528491941110595
    efficiency: 0.742818
    discharge_ratio: 0.5
    depth_of_discharge: 1.0
