cost_values:
  wind_capex: 5000.0
  wind_opex: 100
  wind_lifetime: 20
  solar_capex: 1000.0
  solar_opex: 10
  solar_lifetime: 20
  carbon_price: 1.0
timeseries_values:
  load_level: 261902.00238367714
  wind_year: 2014
  solar_year: 2014
  price_year: 2023
  carbon_year: 2023
storage_values:
  CAES:
    cost: 69.5333
    lifetime: 24.2722
    annual_cost: 2.8647300203525017
    efficiency: 0.61801
    discharge_ratio: 0.1
    depth_of_discharge: 0.4
  Li-ion:
    cost: 258.868
    lifetime: 25.2896
    annual_cost: 10.236144502087814
    efficiency: 0.906885
    discharge_ratio: 2
    depth_of_discharge: 0.9
  Pb-acid:
    cost: 122.24
    lifetime: 8.81656
    annual_cost: 13.86481802426343
    efficiency: 0.786681
    discharge_ratio: 5
    depth_of_discharge: 0.5
  VRBF:
    cost: 265.447
    lifetime: 17.7124
    annual_cost: 14.98650662812493
    efficiency: 0.752841
    discharge_ratio: 0.5
    depth_of_discharge: 1.0
