cost_values:
  wind_capex: 5000.0
  wind_opex: 100
  wind_lifetime: 20
  solar_capex: 1000.0
  solar_opex: 10
  solar_lifetime: 20
  carbon_price: 1.0
timeseries_values:
  load_level: 261902.00238367714
  wind_year: 2014
  solar_year: 2014
  price_year: 2023
  carbon_year: 2023
storage_values:
  CAES:
    cost: 82.9495
    lifetime: 24.2047
    annual_cost: 3.426999714931398
    efficiency: 0.619893
    discharge_ratio: 0.1
    depth_of_discharge: 0.4
  Li-ion:
    cost: 259.928
    lifetime: 25.9156
    annual_cost: 10.02978900739323
    efficiency: 0.890256
    discharge_ratio: 2
    depth_of_discharge: 0.9
  Pb-acid:
    cost: 153.174
    lifetime: 6.52133
    annual_cost: 23.488153490162283
    efficiency: 0.780878
    discharge_ratio: 5
    depth_of_discharge: 0.5
  VRBF:
    cost: 268.572
    lifetime: 16.1162
    annual_cost: 16.664722453183753
    efficiency: 0.754258
    discharge_ratio: 0.5
    depth_of_discharge: 1.0
