cost_values:
  wind_capex: 5000.0
  wind_opex: 100
  wind_lifetime: 20
  solar_capex: 1000.0
  solar_opex: 10
  solar_lifetime: 20
  carbon_price: 1.0
timeseries_values:
  load_level: 261902.00238367714
  wind_year: 2014
  solar_year: 2014
  price_year: 2023
  carbon_year: 2023
storage_values:
  CAES:
    cost: 78.7694
    lifetime: 23.9846
    annual_cost: 3.2841656729734914
    efficiency: 0.620774
    discharge_ratio: 0.1
    depth_of_discharge: 0.4
  Li-ion:
    cost: 274.898
    lifetime: 24.7037
    annual_cost: 11.12780676578812
    efficiency: 0.906692
    discharge_ratio: 2
    depth_of_discharge: 0.9
  Pb-acid:
    cost: 151.729
    lifetime: 10.388
    annual_cost: 14.606180207932232
    efficiency: 0.778715
    discharge_ratio: 5
    depth_of_discharge: 0.5
  VRBF:
    cost: 250.688
    lifetime: 15.4074
    annual_cost: 16.270623207030386
    efficiency: 0.754617
    discharge_ratio: 0.5
    depth_of_discharge: 1.0
