cost_values:
  wind_capex: 5000.0
  wind_opex: 100
  wind_lifetime: 20
  solar_capex: 1000.0
  solar_opex: 10
  solar_lifetime: 20
  carbon_price: 1.0
timeseries_values:
  load_level: 261902.00238367714
  wind_year: 2014
  solar_year: 2014
  price_year: 2023
  carbon_year: 2023
storage_values:
  CAES:
    cost: 78.0285
    lifetime: 24.2188
    annual_cost: 3.221815283994252
    efficiency: 0.619744
    discharge_ratio: 0.1
    depth_of_discharge: 0.4
  Li-ion:
    cost: 253.687
    lifetime: 25.7864
    annual_cost: 9.838015387956442
    efficiency: 0.906746
    discharge_ratio: 2
    depth_of_discharge: 0.9
  Pb-acid:
    cost: 137.683
    lifetime: 8.49456
    annual_cost: 16.20837335894973
    efficiency: 0.77319
    discharge_ratio: 5
    depth_of_discharge: 0.5
  VRBF:
    cost: 237.791
    lifetime: 12.9354
    annual_cost: 18.38296457782519
    efficiency: 0.759011
    discharge_ratio: 0.5
    depth_of_discharge: 1.0
