cost_values:
  wind_capex: 5000.0
  wind_opex: 100
  wind_lifetime: 20
  solar_capex: 1000.0
  solar_opex: 10
  solar_lifetime: 20
  carbon_price: 1.0
timeseries_values:
  load_level: 261902.00238367714
  wind_year: 2014
  solar_year: 2014
  price_year: 2023
  carbon_year: 2023
storage_values:
  CAES:
    cost: 80.1082
    lifetime: 24.737
    annual_cost: 3.238395925132393
    efficiency: 0.613845
    discharge_ratio: 0.1
    depth_of_discharge: 0.4
  Li-ion:
    cost: 246.54
    lifetime: 25.602
    annual_cost: 9.62971642840403
    efficiency: 0.902499
    discharge_ratio: 2
    depth_of_discharge: 0.9
  Pb-acid:
    cost: 140.909
    lifetime: 7.60787
    annual_cost: 18.5214784164293
    efficiency: 0.774639
    discharge_ratio: 5
    depth_of_discharge: 0.5
  VRBF:
    cost: 258.921
    lifetime: 15.714
    annual_cost: 16.47709049255441
    efficiency: 0.754367
    discharge_ratio: 0.5
    depth_of_discharge: 1.0
