cost_values:
  wind_capex: 5000.0
  wind_opex: 100
  wind_lifetime: 20
  solar_capex: 1000.0
  solar_opex: 10
  solar_lifetime: 20
  carbon_price: 1.0
timeseries_values:
  load_level: 261902.00238367714
  wind_year: 2014
  solar_year: 2014
  price_year: 2023
  carbon_year: 2023
storage_values:
  CAES:
    cost: 74.7968
    lifetime: 24.9422
    annual_cost: 2.998805237709585
    efficiency: 0.616742
    discharge_ratio: 0.1
    depth_of_discharge: 0.4
  Li-ion:
    cost: 272.73
    lifetime: 24.945
    annual_cost: 10.93325315694528
    efficiency: 0.904323
    discharge_ratio: 2
    depth_of_discharge: 0.9
  Pb-acid:
    cost: 161.189
    lifetime: 8.06408
    annual_cost: 19.988516978998224
    efficiency: 0.784716
    discharge_ratio: 5
    depth_of_discharge: 0.5
  VRBF:
    cost: 279.624
    lifetime: 15.7024
    annual_cost: 17.807723660077443
    efficiency: 0.768244
    discharge_ratio: 0.5
    depth_of_discharge: 1.0
