cost_values:
  wind_capex: 5000.0
  wind_opex: 100
  wind_lifetime: 20
  solar_capex: 1000.0
  solar_opex: 10
  solar_lifetime: 20
  carbon_price: 1.0
timeseries_values:
  load_level: 261902.00238367714
  wind_year: 2014
  solar_year: 2014
  price_year: 2023
  carbon_year: 2023
storage_values:
  CAES:
    cost: 84.2723
    lifetime: 24.1687
    annual_cost: 3.48683627998196
    efficiency: 0.624044
    discharge_ratio: 0.1
    depth_of_discharge: 0.4
  Li-ion:
    cost: 272.891
    lifetime: 25.64
    annual_cost: 10.64317472698908
    efficiency: 0.912209
    discharge_ratio: 2
    depth_of_discharge: 0.9
  Pb-acid:
    cost: 116.565
    lifetime: 7.31755
    annual_cost: 15.929511926806104
    efficiency: 0.775845
    discharge_ratio: 5
    depth_of_discharge: 0.5
  VRBF:
    cost: 284.731
    lifetime: 13.578
    annual_cost: 20.9700250405067
    efficiency: 0.77061
    discharge_ratio: 0.5
    depth_of_discharge: 1.0
