cost_values:
  wind_capex: 5000.0
  wind_opex: 100
  wind_lifetime: 20
  solar_capex: 1000.0
  solar_opex: 10
  solar_lifetime: 20
  carbon_price: 1.0
timeseries_values:
  load_level: 261902.00238367714
  wind_year: 2014
  solar_year: 2014
  price_year: 2023
  carbon_year: 2023
storage_values:
  CAES:
    cost: 84.4611
    lifetime: 25.5177
    annual_cost: 3.309902538238164
    efficiency: 0.622011
    discharge_ratio: 0.1
    depth_of_discharge: 0.4
  Li-ion:
    cost: 273.606
    lifetime: 24.8311
    annual_cost: 11.018682217058448
    efficiency: 0.886697
    discharge_ratio: 2
    depth_of_discharge: 0.9
  Pb-acid:
    cost: 140.326
    lifetime: 7.75011
    annual_cost: 18.106323652180418
    efficiency: 0.780583
    discharge_ratio: 5
    depth_of_discharge: 0.5
  VRBF:
    cost: 287.698
    lifetime: 15.6869
    annual_cost: 18.34001619185435
    efficiency: 0.756882
    discharge_ratio: 0.5
    depth_of_discharge: 1.0
