cost_values:
  wind_capex: 5000.0
  wind_opex: 100
  wind_lifetime: 20
  solar_capex: 1000.0
  solar_opex: 10
  solar_lifetime: 20
  carbon_price: 1.0
timeseries_values:
  load_level: 261902.00238367714
  wind_year: 2014
  solar_year: 2014
  price_year: 2023
  carbon_year: 2023
storage_values:
  CAES:
    cost: 80.8726
    lifetime: 25.3797
    annual_cost: 3.1865073267217503
    efficiency: 0.622506
    discharge_ratio: 0.1
    depth_of_discharge: 0.4
  Li-ion:
    cost: 262.949
    lifetime: 25.9918
    annual_cost: 10.116613701244239
    efficiency: 0.891328
    discharge_ratio: 2
    depth_of_discharge: 0.9
  Pb-acid:
    cost: 143.695
    lifetime: 7.93322
    annual_cost: 18.113073884248763
    efficiency: 0.773874
    discharge_ratio: 5
    depth_of_discharge: 0.5
  VRBF:
    cost: 309.406
    lifetime: 14.9568
    annual_cost: 20.68664420196834
    efficiency: 0.754566
    discharge_ratio: 0.5
    depth_of_discharge: 1.0
