cost_values:
  wind_capex: 5000.0
  wind_opex: 100
  wind_lifetime: 20
  solar_capex: 1000.0
  solar_opex: 10
  solar_lifetime: 20
  carbon_price: 1.0
timeseries_values:
  load_level: 261902.00238367714
  wind_year: 2014
  solar_year: 2014
  price_year: 2023
  carbon_year: 2023
storage_values:
  CAES:
    cost: 77.7453
    lifetime: 24.3715
    annual_cost: 3.1900088217795375
    efficiency: 0.620481
    discharge_ratio: 0.1
    depth_of_discharge: 0.4
  Li-ion:
    cost: 252.207
    lifetime: 24.2462
    annual_cost: 10.40191865117008
    efficiency: 0.904877
    discharge_ratio: 2
    depth_of_discharge: 0.9
  Pb-acid:
    cost: 111.792
    lifetime: 7.64087
    annual_cost: 14.63079466081742
    efficiency: 0.771347
    discharge_ratio: 5
    depth_of_discharge: 0.5
  VRBF:
    cost: 288.432
    lifetime: 12.6677
    annual_cost: 22.76908989003529
    efficiency: 0.760411
    discharge_ratio: 0.5
    depth_of_discharge: 1.0
