cost_values:
  wind_capex: 5000.0
  wind_opex: 100
  wind_lifetime: 20
  solar_capex: 1000.0
  solar_opex: 10
  solar_lifetime: 20
  carbon_price: 1.0
timeseries_values:
  load_level: 261902.00238367714
  wind_year: 2014
  solar_year: 2014
  price_year: 2023
  carbon_year: 2023
storage_values:
  CAES:
    cost: 76.1266
    lifetime: 23.6031
    annual_cost: 3.2252797302049303
    efficiency: 0.614716
    discharge_ratio: 0.1
    depth_of_discharge: 0.4
  Li-ion:
    cost: 294.185
    lifetime: 24.6762
    annual_cost: 11.921811299957042
    efficiency: 0.886471
    discharge_ratio: 2
    depth_of_discharge: 0.9
  Pb-acid:
    cost: 145.093
    lifetime: 8.19977
    annual_cost: 17.694764609251237
    efficiency: 0.782522
    discharge_ratio: 5
    depth_of_discharge: 0.5
  VRBF:
    cost: 256.495
    lifetime: 14.308
    annual_cost: 17.92668437237909
    efficiency: 0.766242
    discharge_ratio: 0.5
    depth_of_discharge: 1.0
