cost_values:
  wind_capex: 5000.0
  wind_opex: 100
  wind_lifetime: 20
  solar_capex: 1000.0
  solar_opex: 10
  solar_lifetime: 20
  carbon_price: 1.0
timeseries_values:
  load_level: 261902.00238367714
  wind_year: 2014
  solar_year: 2014
  price_year: 2023
  carbon_year: 2023
storage_values:
  CAES:
    cost: 80.3173
    lifetime: 24.5479
    annual_cost: 3.2718603220642093
    efficiency: 0.621697
    discharge_ratio: 0.1
    depth_of_discharge: 0.4
  Li-ion:
    cost: 264.923
    lifetime: 24.771
    annual_cost: 10.69488514795527
    efficiency: 0.896216
    discharge_ratio: 2
    depth_of_discharge: 0.9
  Pb-acid:
    cost: 118.623
    lifetime: 7.43226
    annual_cost: 15.96055573943861
    efficiency: 0.768665
    discharge_ratio: 5
    depth_of_discharge: 0.5
  VRBF:
    cost: 276.836
    lifetime: 15.1257
    annual_cost: 18.3023595602187
    efficiency: 0.759951
    discharge_ratio: 0.5
    depth_of_discharge: 1.0
