cost_values:
  wind_capex: 5000.0
  wind_opex: 100
  wind_lifetime: 20
  solar_capex: 1000.0
  solar_opex: 10
  solar_lifetime: 20
  carbon_price: 1.0
timeseries_values:
  load_level: 261902.00238367714
  wind_year: 2014
  solar_year: 2014
  price_year: 2023
  carbon_year: 2023
storage_values:
  CAES:
    cost: 77.5588
    lifetime: 24.7503
    annual_cost: 3.133650905241553
    efficiency: 0.612695
    discharge_ratio: 0.1
    depth_of_discharge: 0.4
  Li-ion:
    cost: 262.928
    lifetime: 25.3164
    annual_cost: 10.385678848493466
    efficiency: 0.900069
    discharge_ratio: 2
    depth_of_discharge: 0.9
  Pb-acid:
    cost: 127.292
    lifetime: 7.17927
    annual_cost: 17.730493490285223
    efficiency: 0.766635
    discharge_ratio: 5
    depth_of_discharge: 0.5
  VRBF:
    cost: 242.967
    lifetime: 16.4654
    annual_cost: 14.756216065203398
    efficiency: 0.755965
    discharge_ratio: 0.5
    depth_of_discharge: 1.0
