cost_values:
  wind_capex: 5000.0
  wind_opex: 100
  wind_lifetime: 20
  solar_capex: 1000.0
  solar_opex: 10
  solar_lifetime: 20
  carbon_price: 1.0
timeseries_values:
  load_level: 261902.00238367714
  wind_year: 2014
  solar_year: 2014
  price_year: 2023
  carbon_year: 2023
storage_values:
  CAES:
    cost: 81.9195
    lifetime: 24.8267
    annual_cost: 3.2996531959543556
    efficiency: 0.622441
    discharge_ratio: 0.1
    depth_of_discharge: 0.4
  Li-ion:
    cost: 248.318
    lifetime: 22.8245
    annual_cost: 10.879449714122982
    efficiency: 0.904917
    discharge_ratio: 2
    depth_of_discharge: 0.9
  Pb-acid:
    cost: 143.489
    lifetime: 7.74982
    annual_cost: 18.515139706470602
    efficiency: 0.785279
    discharge_ratio: 5
    depth_of_discharge: 0.5
  VRBF:
    cost: 253.748
    lifetime: 14.0643
    annual_cost: 18.041992847137788
    efficiency: 0.766238
    discharge_ratio: 0.5
    depth_of_discharge: 1.0
