cost_values:
  wind_capex: 5000.0
  wind_opex: 100
  wind_lifetime: 20
  solar_capex: 1000.0
  solar_opex: 10
  solar_lifetime: 20
  carbon_price: 1.0
timeseries_values:
  load_level: 261902.00238367714
  wind_year: 2014
  solar_year: 2014
  price_year: 2023
  carbon_year: 2023
storage_values:
  CAES:
    cost: 79.6578
    lifetime: 24.2822
    annual_cost: 3.280501766726244
    efficiency: 0.627182
    discharge_ratio: 0.1
    depth_of_discharge: 0.4
  Li-ion:
    cost: 247.191
    lifetime: 25.3348
    annual_cost: 9.756974596207588
    efficiency: 0.888581
    discharge_ratio: 2
    depth_of_discharge: 0.9
  Pb-acid:
    cost: 136.087
    lifetime: 9.4542
    annual_cost: 14.394343254849694
    efficiency: 0.788743
    discharge_ratio: 5
    depth_of_discharge: 0.5
  VRBF:
    cost: 268.254
    lifetime: 14.6495
    annual_cost: 18.311478207447355
    efficiency: 0.742666
    discharge_ratio: 0.5
    depth_of_discharge: 1.0
