cost_values:
  wind_capex: 5000.0
  wind_opex: 100
  wind_lifetime: 20
  solar_capex: 1000.0
  solar_opex: 10
  solar_lifetime: 20
  carbon_price: 1.0
timeseries_values:
  load_level: 261902.00238367714
  wind_year: 2014
  solar_year: 2014
  price_year: 2023
  carbon_year: 2023
storage_values:
  CAES:
    cost: 77.6095
    lifetime: 24.5108
    annual_cost: 3.1663389199862917
    efficiency: 0.620119
    discharge_ratio: 0.1
    depth_of_discharge: 0.4
  Li-ion:
    cost: 261.602
    lifetime: 26.7193
    annual_cost: 9.79075050618841
    efficiency: 0.90272
    discharge_ratio: 2
    depth_of_discharge: 0.9
  Pb-acid:
    cost: 137.834
    lifetime: 8.84369
    annual_cost: 15.585575704259194
    efficiency: 0.787531
    discharge_ratio: 5
    depth_of_discharge: 0.5
  VRBF:
    cost: 237.582
    lifetime: 16.8825
    annual_cost: 14.072678809418036
    efficiency: 0.744636
    discharge_ratio: 0.5
    depth_of_discharge: 1.0
