cost_values:
  wind_capex: 5000.0
  wind_opex: 100
  wind_lifetime: 20
  solar_capex: 1000.0
  solar_opex: 10
  solar_lifetime: 20
  carbon_price: 1.0
timeseries_values:
  load_level: 261902.00238367714
  wind_year: 2014
  solar_year: 2014
  price_year: 2023
  carbon_year: 2023
storage_values:
  CAES:
    cost: 81.0092
    lifetime: 25.1397
    annual_cost: 3.222361444249534
    efficiency: 0.604578
    discharge_ratio: 0.1
    depth_of_discharge: 0.4
  Li-ion:
    cost: 248.305
    lifetime: 23.8226
    annual_cost: 10.42308564136576
    efficiency: 0.893614
    discharge_ratio: 2
    depth_of_discharge: 0.9
  Pb-acid:
    cost: 127.834
    lifetime: 8.10507
    annual_cost: 15.772103140380034
    efficiency: 0.770685
    discharge_ratio: 5
    depth_of_discharge: 0.5
  VRBF:
    cost: 253.375
    lifetime: 16.7899
    annual_cost: 15.090917754125993
    efficiency: 0.753868
    discharge_ratio: 0.5
    depth_of_discharge: 1.0
