cost_values:
  wind_capex: 5000.0
  wind_opex: 100
  wind_lifetime: 20
  solar_capex: 1000.0
  solar_opex: 10
  solar_lifetime: 20
  carbon_price: 1.0
timeseries_values:
  load_level: 261902.00238367714
  wind_year: 2014
  solar_year: 2014
  price_year: 2023
  carbon_year: 2023
storage_values:
  CAES:
    cost: 78.8369
    lifetime: 23.9875
    annual_cost: 3.286582595101615
    efficiency: 0.620872
    discharge_ratio: 0.1
    depth_of_discharge: 0.4
  Li-ion:
    cost: 261.414
    lifetime: 25.316
    annual_cost: 10.326038868699637
    efficiency: 0.899679
    discharge_ratio: 2
    depth_of_discharge: 0.9
  Pb-acid:
    cost: 125.982
    lifetime: 10.4416
    annual_cost: 12.065392277045664
    efficiency: 0.78518
    discharge_ratio: 5
    depth_of_discharge: 0.5
  VRBF:
    cost: 235.547
    lifetime: 17.0551
    annual_cost: 13.810942181517552
    efficiency: 0.759371
    discharge_ratio: 0.5
    depth_of_discharge: 1.0
