cost_values:
  wind_capex: 5000.0
  wind_opex: 100
  wind_lifetime: 20
  solar_capex: 1000.0
  solar_opex: 10
  solar_lifetime: 20
  carbon_price: 1.0
timeseries_values:
  load_level: 261902.00238367714
  wind_year: 2014
  solar_year: 2014
  price_year: 2023
  carbon_year: 2023
storage_values:
  CAES:
    cost: 74.1719
    lifetime: 25.2226
    annual_cost: 2.9406920777398047
    efficiency: 0.627446
    discharge_ratio: 0.1
    depth_of_discharge: 0.4
  Li-ion:
    cost: 269.13
    lifetime: 24.3952
    annual_cost: 11.032088279661574
    efficiency: 0.904239
    discharge_ratio: 2
    depth_of_discharge: 0.9
  Pb-acid:
    cost: 137.731
    lifetime: 8.04582
    annual_cost: 17.118329766263724
    efficiency: 0.781854
    discharge_ratio: 5
    depth_of_discharge: 0.5
  VRBF:
    cost: 267.202
    lifetime: 16.2208
    annual_cost: 16.472800355099626
    efficiency: 0.74034
    discharge_ratio: 0.5
    depth_of_discharge: 1.0
