cost_values:
  wind_capex: 5000.0
  wind_opex: 100
  wind_lifetime: 20
  solar_capex: 1000.0
  solar_opex: 10
  solar_lifetime: 20
  carbon_price: 1.0
timeseries_values:
  load_level: 261902.00238367714
  wind_year: 2014
  solar_year: 2014
  price_year: 2023
  carbon_year: 2023
storage_values:
  CAES:
    cost: 78.8496
    lifetime: 24.8747
    annual_cost: 3.1698713954339146
    efficiency: 0.621679
    discharge_ratio: 0.1
    depth_of_discharge: 0.4
  Li-ion:
    cost: 273.348
    lifetime: 24.1335
    annual_cost: 11.326496363975387
    efficiency: 0.907448
    discharge_ratio: 2
    depth_of_discharge: 0.9
  Pb-acid:
    cost: 135.886
    lifetime: 7.51382
    annual_cost: 18.08480905850819
    efficiency: 0.77599
    discharge_ratio: 5
    depth_of_discharge: 0.5
  VRBF:
    cost: 265.334
    lifetime: 15.8013
    annual_cost: 16.791909526431372
    efficiency: 0.768752
    discharge_ratio: 0.5
    depth_of_discharge: 1.0
