cost_values:
  wind_capex: 5000.0
  wind_opex: 100
  wind_lifetime: 20
  solar_capex: 1000.0
  solar_opex: 10
  solar_lifetime: 20
  carbon_price: 1.0
timeseries_values:
  load_level: 261902.00238367714
  wind_year: 2014
  solar_year: 2014
  price_year: 2023
  carbon_year: 2023
storage_values:
  CAES:
    cost: 78.5993
    lifetime: 24.5264
    annual_cost: 3.204681486072151
    efficiency: 0.621512
    discharge_ratio: 0.1
    depth_of_discharge: 0.4
  Li-ion:
    cost: 265.607
    lifetime: 25.0682
    annual_cost: 10.595375814777288
    efficiency: 0.895432
    discharge_ratio: 2
    depth_of_discharge: 0.9
  Pb-acid:
    cost: 120.186
    lifetime: 8.29818
    annual_cost: 14.483416845621571
    efficiency: 0.797404
    discharge_ratio: 5
    depth_of_discharge: 0.5
  VRBF:
    cost: 260.492
    lifetime: 17.2634
    annual_cost: 15.08926399202938
    efficiency: 0.77283
    discharge_ratio: 0.5
    depth_of_discharge: 1.0
