cost_values:
  wind_capex: 5000.0
  wind_opex: 100
  wind_lifetime: 20
  solar_capex: 1000.0
  solar_opex: 10
  solar_lifetime: 20
  carbon_price: 1.0
timeseries_values:
  load_level: 261902.00238367714
  wind_year: 2014
  solar_year: 2014
  price_year: 2023
  carbon_year: 2023
storage_values:
  CAES:
    cost: 75.773
    lifetime: 25.6301
    annual_cost: 2.956406724905482
    efficiency: 0.624422
    discharge_ratio: 0.1
    depth_of_discharge: 0.4
  Li-ion:
    cost: 253.778
    lifetime: 25.6171
    annual_cost: 9.906585835242865
    efficiency: 0.900226
    discharge_ratio: 2
    depth_of_discharge: 0.9
  Pb-acid:
    cost: 130.939
    lifetime: 7.1366
    annual_cost: 18.347532438416053
    efficiency: 0.785138
    discharge_ratio: 5
    depth_of_discharge: 0.5
  VRBF:
    cost: 270.511
    lifetime: 15.6084
    annual_cost: 17.331116578252736
    efficiency: 0.760351
    discharge_ratio: 0.5
    depth_of_discharge: 1.0
