cost_values:
  wind_capex: 5000.0
  wind_opex: 100
  wind_lifetime: 20
  solar_capex: 1000.0
  solar_opex: 10
  solar_lifetime: 20
  carbon_price: 1.0
timeseries_values:
  load_level: 261902.00238367714
  wind_year: 2014
  solar_year: 2014
  price_year: 2023
  carbon_year: 2023
storage_values:
  CAES:
    cost: 79.0032
    lifetime: 25.1653
    annual_cost: 3.139370482370566
    efficiency: 0.616584
    discharge_ratio: 0.1
    depth_of_discharge: 0.4
  Li-ion:
    cost: 239.685
    lifetime: 23.8086
    annual_cost: 10.067160605831507
    efficiency: 0.911272
    discharge_ratio: 2
    depth_of_discharge: 0.9
  Pb-acid:
    cost: 144.114
    lifetime: 9.07916
    annual_cost: 15.8730543354231
    efficiency: 0.781296
    discharge_ratio: 5
    depth_of_discharge: 0.5
  VRBF:
    cost: 242.77
    lifetime: 14.7827
    annual_cost: 16.422575037036538
    efficiency: 0.756978
    discharge_ratio: 0.5
    depth_of_discharge: 1.0
