cost_values:
  wind_capex: 5000.0
  wind_opex: 100
  wind_lifetime: 20
  solar_capex: 1000.0
  solar_opex: 10
  solar_lifetime: 20
  carbon_price: 1.0
timeseries_values:
  load_level: 261902.00238367714
  wind_year: 2014
  solar_year: 2014
  price_year: 2023
  carbon_year: 2023
storage_values:
  CAES:
    cost: 83.2739
    lifetime: 24.0857
    annual_cost: 3.457400034045097
    efficiency: 0.624968
    discharge_ratio: 0.1
    depth_of_discharge: 0.4
  Li-ion:
    cost: 260.504
    lifetime: 25.6943
    annual_cost: 10.13859104937671
    efficiency: 0.910026
    discharge_ratio: 2
    depth_of_discharge: 0.9
  Pb-acid:
    cost: 138.74
    lifetime: 7.89948
    annual_cost: 17.563181373963857
    efficiency: 0.788157
    discharge_ratio: 5
    depth_of_discharge: 0.5
  VRBF:
    cost: 258.581
    lifetime: 16.5842
    annual_cost: 15.592009261827524
    efficiency: 0.747171
    discharge_ratio: 0.5
    depth_of_discharge: 1.0
