cost_values:
  wind_capex: 5000.0
  wind_opex: 100
  wind_lifetime: 20
  solar_capex: 1000.0
  solar_opex: 10
  solar_lifetime: 20
  carbon_price: 1.0
timeseries_values:
  load_level: 261902.00238367714
  wind_year: 2014
  solar_year: 2014
  price_year: 2023
  carbon_year: 2023
storage_values:
  CAES:
    cost: 74.3362
    lifetime: 25.1723
    annual_cost: 2.9530952674169626
    efficiency: 0.620667
    discharge_ratio: 0.1
    depth_of_discharge: 0.4
  Li-ion:
    cost: 264.206
    lifetime: 25.9825
    annual_cost: 10.168613489848937
    efficiency: 0.898234
    discharge_ratio: 2
    depth_of_discharge: 0.9
  Pb-acid:
    cost: 160.969
    lifetime: 8.77473
    annual_cost: 18.344610033585077
    efficiency: 0.780714
    discharge_ratio: 5
    depth_of_discharge: 0.5
  VRBF:
    cost: 247.94
    lifetime: 16.2028
    annual_cost: 15.302293430765053
    efficiency: 0.771483
    discharge_ratio: 0.5
    depth_of_discharge: 1.0
