cost_values:
  wind_capex: 5000.0
  wind_opex: 100
  wind_lifetime: 20
  solar_capex: 1000.0
  solar_opex: 10
  solar_lifetime: 20
  carbon_price: 1.0
timeseries_values:
  load_level: 261902.00238367714
  wind_year: 2014
  solar_year: 2014
  price_year: 2023
  carbon_year: 2023
storage_values:
  CAES:
    cost: 83.2936
    lifetime: 24.9897
    annual_cost: 3.3331172443046535
    efficiency: 0.614164
    discharge_ratio: 0.1
    depth_of_discharge: 0.4
  Li-ion:
    cost: 253.0
    lifetime: 25.7525
    annual_cost: 9.824288903989903
    efficiency: 0.908903
    discharge_ratio: 2
    depth_of_discharge: 0.9
  Pb-acid:
    cost: 119.508
    lifetime: 8.79433
    annual_cost: 13.589210320740749
    efficiency: 0.791899
    discharge_ratio: 5
    depth_of_discharge: 0.5
  VRBF:
    cost: 256.773
    lifetime: 18.8086
    annual_cost: 13.651893282859971
    efficiency: 0.765208
    discharge_ratio: 0.5
    depth_of_discharge: 1.0
