cost_values:
  wind_capex: 5000.0
  wind_opex: 100
  wind_lifetime: 20
  solar_capex: 1000.0
  solar_opex: 10
  solar_lifetime: 20
  carbon_price: 1.0
timeseries_values:
  load_level: 261902.00238367714
  wind_year: 2014
  solar_year: 2014
  price_year: 2023
  carbon_year: 2023
storage_values:
  CAES:
    cost: 81.8202
    lifetime: 25.2939
    annual_cost: 3.2347799271761173
    efficiency: 0.622532
    discharge_ratio: 0.1
    depth_of_discharge: 0.4
  Li-ion:
    cost: 269.373
    lifetime: 26.5754
    annual_cost: 10.136178571159794
    efficiency: 0.909391
    discharge_ratio: 2
    depth_of_discharge: 0.9
  Pb-acid:
    cost: 146.806
    lifetime: 7.344
    annual_cost: 19.989923747276688
    efficiency: 0.777455
    discharge_ratio: 5
    depth_of_discharge: 0.5
  VRBF:
    cost: 269.887
    lifetime: 15.3588
    annual_cost: 17.57214105268641
    efficiency: 0.744795
    discharge_ratio: 0.5
    depth_of_discharge: 1.0
