cost_values:
  wind_capex: 5000.0
  wind_opex: 100
  wind_lifetime: 20
  solar_capex: 1000.0
  solar_opex: 10
  solar_lifetime: 20
  carbon_price: 1.0
timeseries_values:
  load_level: 261902.00238367714
  wind_year: 2014
  solar_year: 2014
  price_year: 2023
  carbon_year: 2023
storage_values:
  CAES:
    cost: 81.874
    lifetime: 24.8406
    annual_cost: 3.2959751374765505
    efficiency: 0.61107
    discharge_ratio: 0.1
    depth_of_discharge: 0.4
  Li-ion:
    cost: 249.057
    lifetime: 25.3217
    annual_cost: 9.835714031838304
    efficiency: 0.879887
    discharge_ratio: 2
    depth_of_discharge: 0.9
  Pb-acid:
    cost: 152.27
    lifetime: 6.7585
    annual_cost: 22.530147222016723
    efficiency: 0.773339
    discharge_ratio: 5
    depth_of_discharge: 0.5
  VRBF:
    cost: 283.343
    lifetime: 17.5669
    annual_cost: 16.129368300610807
    efficiency: 0.783784
    discharge_ratio: 0.5
    depth_of_discharge: 1.0
