cost_values:
  wind_capex: 5000.0
  wind_opex: 100
  wind_lifetime: 20
  solar_capex: 1000.0
  solar_opex: 10
  solar_lifetime: 20
  carbon_price: 1.0
timeseries_values:
  load_level: 261902.00238367714
  wind_year: 2014
  solar_year: 2014
  price_year: 2023
  carbon_year: 2023
storage_values:
  CAES:
    cost: 79.7477
    lifetime: 25.2988
    annual_cost: 3.152232516957326
    efficiency: 0.619514
    discharge_ratio: 0.1
    depth_of_discharge: 0.4
  Li-ion:
    cost: 247.905
    lifetime: 25.3028
    annual_cost: 9.79753228891664
    efficiency: 0.899467
    discharge_ratio: 2
    depth_of_discharge: 0.9
  Pb-acid:
    cost: 110.976
    lifetime: 7.88602
    annual_cost: 14.072497914030144
    efficiency: 0.774174
    discharge_ratio: 5
    depth_of_discharge: 0.5
  VRBF:
    cost: 258.82
    lifetime: 16.7563
    annual_cost: 15.446130709046747
    efficiency: 0.765198
    discharge_ratio: 0.5
    depth_of_discharge: 1.0
