cost_values:
  wind_capex: 5000.0
  wind_opex: 100
  wind_lifetime: 20
  solar_capex: 1000.0
  solar_opex: 10
  solar_lifetime: 20
  carbon_price: 1.0
timeseries_values:
  load_level: 261902.00238367714
  wind_year: 2014
  solar_year: 2014
  price_year: 2023
  carbon_year: 2023
storage_values:
  CAES:
    cost: 80.9461
    lifetime: 26.866
    annual_cost: 3.012956897193479
    efficiency: 0.616218
    discharge_ratio: 0.1
    depth_of_discharge: 0.4
  Li-ion:
    cost: 263.892
    lifetime: 23.9411
    annual_cost: 11.022551177681894
    efficiency: 0.902919
    discharge_ratio: 2
    depth_of_discharge: 0.9
  Pb-acid:
    cost: 120.058
    lifetime: 8.08578
    annual_cost: 14.848041871037799
    efficiency: 0.799874
    discharge_ratio: 5
    depth_of_discharge: 0.5
  VRBF:
    cost: 249.345
    lifetime: 16.0214
    annual_cost: 15.563246657595466
    efficiency: 0.761241
    discharge_ratio: 0.5
    depth_of_discharge: 1.0
