cost_values:
  wind_capex: 5000.0
  wind_opex: 100
  wind_lifetime: 20
  solar_capex: 1000.0
  solar_opex: 10
  solar_lifetime: 20
  carbon_price: 1.0
timeseries_values:
  load_level: 261902.00238367714
  wind_year: 2014
  solar_year: 2014
  price_year: 2023
  carbon_year: 2023
storage_values:
  CAES:
    cost: 80.7553
    lifetime: 24.9156
    annual_cost: 3.2411541363643663
    efficiency: 0.61631
    discharge_ratio: 0.1
    depth_of_discharge: 0.4
  Li-ion:
    cost: 253.178
    lifetime: 26.591
    annual_cost: 9.521191380542287
    efficiency: 0.908435
    discharge_ratio: 2
    depth_of_discharge: 0.9
  Pb-acid:
    cost: 128.346
    lifetime: 8.64686
    annual_cost: 14.843075983651868
    efficiency: 0.77457
    discharge_ratio: 5
    depth_of_discharge: 0.5
  VRBF:
    cost: 244.625
    lifetime: 14.2734
    annual_cost: 17.138523407176987
    efficiency: 0.736767
    discharge_ratio: 0.5
    depth_of_discharge: 1.0
