cost_values:
  wind_capex: 5000.0
  wind_opex: 100
  wind_lifetime: 20
  solar_capex: 1000.0
  solar_opex: 10
  solar_lifetime: 20
  carbon_price: 1.0
timeseries_values:
  load_level: 261902.00238367714
  wind_year: 2014
  solar_year: 2014
  price_year: 2023
  carbon_year: 2023
storage_values:
  CAES:
    cost: 77.7335
    lifetime: 23.9676
    annual_cost: 3.2432742535756605
    efficiency: 0.613062
    discharge_ratio: 0.1
    depth_of_discharge: 0.4
  Li-ion:
    cost: 251.424
    lifetime: 26.4445
    annual_cost: 9.507610278129668
    efficiency: 0.90885
    discharge_ratio: 2
    depth_of_discharge: 0.9
  Pb-acid:
    cost: 132.925
    lifetime: 7.80387
    annual_cost: 17.033215571248626
    efficiency: 0.787909
    discharge_ratio: 5
    depth_of_discharge: 0.5
  VRBF:
    cost: 276.133
    lifetime: 16.3263
    annual_cost: 16.913385151565265
    efficiency: 0.768816
    discharge_ratio: 0.5
    depth_of_discharge: 1.0
