cost_values:
  wind_capex: 5000.0
  wind_opex: 100
  wind_lifetime: 20
  solar_capex: 1000.0
  solar_opex: 10
  solar_lifetime: 20
  carbon_price: 1.0
timeseries_values:
  load_level: 261902.00238367714
  wind_year: 2014
  solar_year: 2014
  price_year: 2023
  carbon_year: 2023
storage_values:
  CAES:
    cost: 73.5862
    lifetime: 25.0402
    annual_cost: 2.938722534165063
    efficiency: 0.617114
    discharge_ratio: 0.1
    depth_of_discharge: 0.4
  Li-ion:
    cost: 256.48
    lifetime: 24.4328
    annual_cost: 10.49736419894568
    efficiency: 0.903111
    discharge_ratio: 2
    depth_of_discharge: 0.9
  Pb-acid:
    cost: 150.532
    lifetime: 6.36577
    annual_cost: 23.647100036602016
    efficiency: 0.769242
    discharge_ratio: 5
    depth_of_discharge: 0.5
  VRBF:
    cost: 269.387
    lifetime: 15.8609
    annual_cost: 16.984345150653493
    efficiency: 0.754743
    discharge_ratio: 0.5
    depth_of_discharge: 1.0
