cost_values:
  wind_capex: 5000.0
  wind_opex: 100
  wind_lifetime: 20
  solar_capex: 1000.0
  solar_opex: 10
  solar_lifetime: 20
  carbon_price: 1.0
timeseries_values:
  load_level: 261902.00238367714
  wind_year: 2014
  solar_year: 2014
  price_year: 2023
  carbon_year: 2023
storage_values:
  CAES:
    cost: 83.7987
    lifetime: 24.0539
    annual_cost: 3.483788491679104
    efficiency: 0.616608
    discharge_ratio: 0.1
    depth_of_discharge: 0.4
  Li-ion:
    cost: 255.474
    lifetime: 24.0733
    annual_cost: 10.612338150565149
    efficiency: 0.902955
    discharge_ratio: 2
    depth_of_discharge: 0.9
  Pb-acid:
    cost: 128.293
    lifetime: 7.22302
    annual_cost: 17.76168417088697
    efficiency: 0.779055
    discharge_ratio: 5
    depth_of_discharge: 0.5
  VRBF:
    cost: 257.168
    lifetime: 16.739
    annual_cost: 15.363402831710376
    efficiency: 0.771291
    discharge_ratio: 0.5
    depth_of_discharge: 1.0
