cost_values:
  wind_capex: 5000.0
  wind_opex: 100
  wind_lifetime: 20
  solar_capex: 1000.0
  solar_opex: 10
  solar_lifetime: 20
  carbon_price: 1.0
timeseries_values:
  load_level: 261902.00238367714
  wind_year: 2014
  solar_year: 2014
  price_year: 2023
  carbon_year: 2023
storage_values:
  CAES:
    cost: 77.349
    lifetime: 24.1363
    annual_cost: 3.204675115904261
    efficiency: 0.614167
    discharge_ratio: 0.1
    depth_of_discharge: 0.4
  Li-ion:
    cost: 254.653
    lifetime: 26.3809
    annual_cost: 9.652930718815506
    efficiency: 0.906817
    discharge_ratio: 2
    depth_of_discharge: 0.9
  Pb-acid:
    cost: 137.375
    lifetime: 9.20484
    annual_cost: 14.924213783183628
    efficiency: 0.77525
    discharge_ratio: 5
    depth_of_discharge: 0.5
  VRBF:
    cost: 261.867
    lifetime: 12.8175
    annual_cost: 20.43042715038034
    efficiency: 0.755088
    discharge_ratio: 0.5
    depth_of_discharge: 1.0
