cost_values:
  wind_capex: 5000.0
  wind_opex: 100
  wind_lifetime: 20
  solar_capex: 1000.0
  solar_opex: 10
  solar_lifetime: 20
  carbon_price: 1.0
timeseries_values:
  load_level: 261902.00238367714
  wind_year: 2014
  solar_year: 2014
  price_year: 2023
  carbon_year: 2023
storage_values:
  CAES:
    cost: 83.6614
    lifetime: 25.1782
    annual_cost: 3.322771286271457
    efficiency: 0.611798
    discharge_ratio: 0.1
    depth_of_discharge: 0.4
  Li-ion:
    cost: 276.819
    lifetime: 22.6583
    annual_cost: 12.217112492993738
    efficiency: 0.887889
    discharge_ratio: 2
    depth_of_discharge: 0.9
  Pb-acid:
    cost: 117.103
    lifetime: 6.79044
    annual_cost: 17.245274238488225
    efficiency: 0.781074
    discharge_ratio: 5
    depth_of_discharge: 0.5
  VRBF:
    cost: 234.551
    lifetime: 17.4794
    annual_cost: 13.418710024371547
    efficiency: 0.744968
    discharge_ratio: 0.5
    depth_of_discharge: 1.0
