cost_values:
  wind_capex: 5000.0
  wind_opex: 100
  wind_lifetime: 20
  solar_capex: 1000.0
  solar_opex: 10
  solar_lifetime: 20
  carbon_price: 1.0
timeseries_values:
  load_level: 261902.00238367714
  wind_year: 2014
  solar_year: 2014
  price_year: 2023
  carbon_year: 2023
storage_values:
  CAES:
    cost: 83.0622
    lifetime: 25.963
    annual_cost: 3.199252782806301
    efficiency: 0.610427
    discharge_ratio: 0.1
    depth_of_discharge: 0.4
  Li-ion:
    cost: 244.785
    lifetime: 26.607
    annual_cost: 9.200022550456646
    efficiency: 0.896905
    discharge_ratio: 2
    depth_of_discharge: 0.9
  Pb-acid:
    cost: 139.108
    lifetime: 8.62803
    annual_cost: 16.122799758461664
    efficiency: 0.758688
    discharge_ratio: 5
    depth_of_discharge: 0.5
  VRBF:
    cost: 277.211
    lifetime: 16.2272
    annual_cost: 17.08310737527115
    efficiency: 0.752092
    discharge_ratio: 0.5
    depth_of_discharge: 1.0
