cost_values:
  wind_capex: 5000.0
  wind_opex: 100
  wind_lifetime: 20
  solar_capex: 1000.0
  solar_opex: 10
  solar_lifetime: 20
  carbon_price: 1.0
timeseries_values:
  load_level: 261902.00238367714
  wind_year: 2014
  solar_year: 2014
  price_year: 2023
  carbon_year: 2023
storage_values:
  CAES:
    cost: 74.8785
    lifetime: 24.3763
    annual_cost: 3.071774633558005
    efficiency: 0.610703
    discharge_ratio: 0.1
    depth_of_discharge: 0.4
  Li-ion:
    cost: 260.549
    lifetime: 26.358
    annual_cost: 9.885006449654753
    efficiency: 0.890035
    discharge_ratio: 2
    depth_of_discharge: 0.9
  Pb-acid:
    cost: 133.356
    lifetime: 6.68415
    annual_cost: 19.951078297165683
    efficiency: 0.794828
    discharge_ratio: 5
    depth_of_discharge: 0.5
  VRBF:
    cost: 264.161
    lifetime: 17.6226
    annual_cost: 14.989899333809996
    efficiency: 0.761365
    discharge_ratio: 0.5
    depth_of_discharge: 1.0
