cost_values:
  wind_capex: 5000.0
  wind_opex: 100
  wind_lifetime: 20
  solar_capex: 1000.0
  solar_opex: 10
  solar_lifetime: 20
  carbon_price: 1.0
timeseries_values:
  load_level: 261902.00238367714
  wind_year: 2014
  solar_year: 2014
  price_year: 2023
  carbon_year: 2023
storage_values:
  CAES:
    cost: 77.9091
    lifetime: 24.9194
    annual_cost: 3.126443654341597
    efficiency: 0.618268
    discharge_ratio: 0.1
    depth_of_discharge: 0.4
  Li-ion:
    cost: 253.058
    lifetime: 26.5627
    annual_cost: 9.526817680431583
    efficiency: 0.9077
    discharge_ratio: 2
    depth_of_discharge: 0.9
  Pb-acid:
    cost: 122.217
    lifetime: 8.38971
    annual_cost: 14.567488029979584
    efficiency: 0.79242
    discharge_ratio: 5
    depth_of_discharge: 0.5
  VRBF:
    cost: 247.609
    lifetime: 15.244
    annual_cost: 16.243046444502756
    efficiency: 0.757709
    discharge_ratio: 0.5
    depth_of_discharge: 1.0
