cost_values:
  wind_capex: 5000.0
  wind_opex: 100
  wind_lifetime: 20
  solar_capex: 1000.0
  solar_opex: 10
  solar_lifetime: 20
  carbon_price: 1.0
timeseries_values:
  load_level: 261902.00238367714
  wind_year: 2014
  solar_year: 2014
  price_year: 2023
  carbon_year: 2023
storage_values:
  CAES:
    cost: 74.5268
    lifetime: 24.831
    annual_cost: 3.0013612017236517
    efficiency: 0.610244
    discharge_ratio: 0.1
    depth_of_discharge: 0.4
  Li-ion:
    cost: 241.928
    lifetime: 25.0823
    annual_cost: 9.645367450353437
    efficiency: 0.892944
    discharge_ratio: 2
    depth_of_discharge: 0.9
  Pb-acid:
    cost: 133.76
    lifetime: 6.99191
    annual_cost: 19.130681029933164
    efficiency: 0.793752
    discharge_ratio: 5
    depth_of_discharge: 0.5
  VRBF:
    cost: 256.875
    lifetime: 12.4614
    annual_cost: 20.613654966536668
    efficiency: 0.759193
    discharge_ratio: 0.5
    depth_of_discharge: 1.0
