cost_values:
  wind_capex: 5000.0
  wind_opex: 100
  wind_lifetime: 20
  solar_capex: 1000.0
  solar_opex: 10
  solar_lifetime: 20
  carbon_price: 1.0
timeseries_values:
  load_level: 261902.00238367714
  wind_year: 2014
  solar_year: 2014
  price_year: 2023
  carbon_year: 2023
storage_values:
  CAES:
    cost: 81.9023
    lifetime: 23.7431
    annual_cost: 3.449520071094339
    efficiency: 0.623499
    discharge_ratio: 0.1
    depth_of_discharge: 0.4
  Li-ion:
    cost: 250.113
    lifetime: 23.4453
    annual_cost: 10.667937710330003
    efficiency: 0.903284
    discharge_ratio: 2
    depth_of_discharge: 0.9
  Pb-acid:
    cost: 129.775
    lifetime: 8.37765
    annual_cost: 15.490620878169894
    efficiency: 0.78756
    discharge_ratio: 5
    depth_of_discharge: 0.5
  VRBF:
    cost: 219.321
    lifetime: 14.8804
    annual_cost: 14.738918308647618
    efficiency: 0.762894
    discharge_ratio: 0.5
    depth_of_discharge: 1.0
