cost_values:
  wind_capex: 5000.0
  wind_opex: 100
  wind_lifetime: 20
  solar_capex: 1000.0
  solar_opex: 10
  solar_lifetime: 20
  carbon_price: 1.0
timeseries_values:
  load_level: 261902.00238367714
  wind_year: 2014
  solar_year: 2014
  price_year: 2023
  carbon_year: 2023
storage_values:
  CAES:
    cost: 83.4224
    lifetime: 24.4734
    annual_cost: 3.4086967891670135
    efficiency: 0.617018
    discharge_ratio: 0.1
    depth_of_discharge: 0.4
  Li-ion:
    cost: 269.03
    lifetime: 26.3251
    annual_cost: 10.219524332291234
    efficiency: 0.902285
    discharge_ratio: 2
    depth_of_discharge: 0.9
  Pb-acid:
    cost: 136.051
    lifetime: 6.85316
    annual_cost: 19.852301711911
    efficiency: 0.778854
    discharge_ratio: 5
    depth_of_discharge: 0.5
  VRBF:
    cost: 284.214
    lifetime: 15.252
    annual_cost: 18.634539732494098
    efficiency: 0.758432
    discharge_ratio: 0.5
    depth_of_discharge: 1.0
