cost_values:
  wind_capex: 5000.0
  wind_opex: 100
  wind_lifetime: 20
  solar_capex: 1000.0
  solar_opex: 10
  solar_lifetime: 20
  carbon_price: 1.0
timeseries_values:
  load_level: 261902.00238367714
  wind_year: 2014
  solar_year: 2014
  price_year: 2023
  carbon_year: 2023
storage_values:
  CAES:
    cost: 74.8061
    lifetime: 24.6352
    annual_cost: 3.0365533870234462
    efficiency: 0.626883
    discharge_ratio: 0.1
    depth_of_discharge: 0.4
  Li-ion:
    cost: 272.073
    lifetime: 27.5476
    annual_cost: 9.876468367480289
    efficiency: 0.89649
    discharge_ratio: 2
    depth_of_discharge: 0.9
  Pb-acid:
    cost: 120.848
    lifetime: 7.80123
    annual_cost: 15.49089053905602
    efficiency: 0.797826
    discharge_ratio: 5
    depth_of_discharge: 0.5
  VRBF:
    cost: 275.823
    lifetime: 17.2603
    annual_cost: 15.980197331448467
    efficiency: 0.748816
    discharge_ratio: 0.5
    depth_of_discharge: 1.0
