cost_values:
  wind_capex: 5000.0
  wind_opex: 100
  wind_lifetime: 20
  solar_capex: 1000.0
  solar_opex: 10
  solar_lifetime: 20
  carbon_price: 1.0
timeseries_values:
  load_level: 261902.00238367714
  wind_year: 2014
  solar_year: 2014
  price_year: 2023
  carbon_year: 2023
storage_values:
  CAES:
    cost: 72.8451
    lifetime: 24.0598
    annual_cost: 3.027668559173393
    efficiency: 0.60888
    discharge_ratio: 0.1
    depth_of_discharge: 0.4
  Li-ion:
    cost: 279.342
    lifetime: 21.9711
    annual_cost: 12.714065294864618
    efficiency: 0.901988
    discharge_ratio: 2
    depth_of_discharge: 0.9
  Pb-acid:
    cost: 155.058
    lifetime: 7.17817
    annual_cost: 21.601327357808465
    efficiency: 0.788643
    discharge_ratio: 5
    depth_of_discharge: 0.5
  VRBF:
    cost: 287.986
    lifetime: 16.5337
    annual_cost: 17.41812177552514
    efficiency: 0.746645
    discharge_ratio: 0.5
    depth_of_discharge: 1.0
