cost_values:
  wind_capex: 5000.0
  wind_opex: 100
  wind_lifetime: 20
  solar_capex: 1000.0
  solar_opex: 10
  solar_lifetime: 20
  carbon_price: 1.0
timeseries_values:
  load_level: 261902.00238367714
  wind_year: 2014
  solar_year: 2014
  price_year: 2023
  carbon_year: 2023
storage_values:
  CAES:
    cost: 78.1144
    lifetime: 23.9251
    annual_cost: 3.2649560503404373
    efficiency: 0.620509
    discharge_ratio: 0.1
    depth_of_discharge: 0.4
  Li-ion:
    cost: 260.0
    lifetime: 25.466
    annual_cost: 10.209691353176785
    efficiency: 0.90446
    discharge_ratio: 2
    depth_of_discharge: 0.9
  Pb-acid:
    cost: 140.755
    lifetime: 8.13552
    annual_cost: 17.30129112828682
    efficiency: 0.78507
    discharge_ratio: 5
    depth_of_discharge: 0.5
  VRBF:
    cost: 257.168
    lifetime: 15.078
    annual_cost: 17.05584294999337
    efficiency: 0.754855
    discharge_ratio: 0.5
    depth_of_discharge: 1.0
