cost_values:
  wind_capex: 5000.0
  wind_opex: 100
  wind_lifetime: 20
  solar_capex: 1000.0
  solar_opex: 10
  solar_lifetime: 20
  carbon_price: 1.0
timeseries_values:
  load_level: 261902.00238367714
  wind_year: 2014
  solar_year: 2014
  price_year: 2023
  carbon_year: 2023
storage_values:
  CAES:
    cost: 81.0279
    lifetime: 24.4964
    annual_cost: 3.307747260821998
    efficiency: 0.615364
    discharge_ratio: 0.1
    depth_of_discharge: 0.4
  Li-ion:
    cost: 249.499
    lifetime: 25.9493
    annual_cost: 9.614864370137152
    efficiency: 0.895738
    discharge_ratio: 2
    depth_of_discharge: 0.9
  Pb-acid:
    cost: 139.319
    lifetime: 7.11673
    annual_cost: 19.576266066016274
    efficiency: 0.789716
    discharge_ratio: 5
    depth_of_discharge: 0.5
  VRBF:
    cost: 258.133
    lifetime: 15.3897
    annual_cost: 16.77310148995757
    efficiency: 0.752548
    discharge_ratio: 0.5
    depth_of_discharge: 1.0
