cost_values:
  wind_capex: 5000.0
  wind_opex: 100
  wind_lifetime: 20
  solar_capex: 1000.0
  solar_opex: 10
  solar_lifetime: 20
  carbon_price: 1.0
timeseries_values:
  load_level: 261902.00238367714
  wind_year: 2014
  solar_year: 2014
  price_year: 2023
  carbon_year: 2023
storage_values:
  CAES:
    cost: 82.2445
    lifetime: 24.1014
    annual_cost: 3.4124366219389746
    efficiency: 0.611522
    discharge_ratio: 0.1
    depth_of_discharge: 0.4
  Li-ion:
    cost: 261.915
    lifetime: 22.3668
    annual_cost: 11.709989806320081
    efficiency: 0.889455
    discharge_ratio: 2
    depth_of_discharge: 0.9
  Pb-acid:
    cost: 120.781
    lifetime: 8.51105
    annual_cost: 14.191081006456315
    efficiency: 0.795525
    discharge_ratio: 5
    depth_of_discharge: 0.5
  VRBF:
    cost: 285.1
    lifetime: 17.2545
    annual_cost: 16.523225825147065
    efficiency: 0.737503
    discharge_ratio: 0.5
    depth_of_discharge: 1.0
