cost_values:
  wind_capex: 5000.0
  wind_opex: 100
  wind_lifetime: 20
  solar_capex: 1000.0
  solar_opex: 10
  solar_lifetime: 20
  carbon_price: 1.0
timeseries_values:
  load_level: 261902.00238367714
  wind_year: 2014
  solar_year: 2014
  price_year: 2023
  carbon_year: 2023
storage_values:
  CAES:
    cost: 83.1332
    lifetime: 24.5463
    annual_cost: 3.386791491996757
    efficiency: 0.616932
    discharge_ratio: 0.1
    depth_of_discharge: 0.4
  Li-ion:
    cost: 250.086
    lifetime: 24.5298
    annual_cost: 10.195191155247903
    efficiency: 0.911064
    discharge_ratio: 2
    depth_of_discharge: 0.9
  Pb-acid:
    cost: 125.366
    lifetime: 8.54205
    annual_cost: 14.676336476606904
    efficiency: 0.782048
    discharge_ratio: 5
    depth_of_discharge: 0.5
  VRBF:
    cost: 246.05
    lifetime: 16.0471
    annual_cost: 15.332988515058796
    efficiency: 0.78589
    discharge_ratio: 0.5
    depth_of_discharge: 1.0
