cost_values:
  wind_capex: 5000.0
  wind_opex: 100
  wind_lifetime: 20
  solar_capex: 1000.0
  solar_opex: 10
  solar_lifetime: 20
  carbon_price: 1.0
timeseries_values:
  load_level: 261902.00238367714
  wind_year: 2014
  solar_year: 2014
  price_year: 2023
  carbon_year: 2023
storage_values:
  CAES:
    cost: 75.7148
    lifetime: 24.8719
    annual_cost: 3.044190431772402
    efficiency: 0.61984
    discharge_ratio: 0.1
    depth_of_discharge: 0.4
  Li-ion:
    cost: 255.792
    lifetime: 25.5881
    annual_cost: 9.996521820690086
    efficiency: 0.893877
    discharge_ratio: 2
    depth_of_discharge: 0.9
  Pb-acid:
    cost: 128.002
    lifetime: 8.20502
    annual_cost: 15.600449480927532
    efficiency: 0.779101
    discharge_ratio: 5
    depth_of_discharge: 0.5
  VRBF:
    cost: 262.523
    lifetime: 14.171
    annual_cost: 18.525368710747305
    efficiency: 0.760267
    discharge_ratio: 0.5
    depth_of_discharge: 1.0
