cost_values:
  wind_capex: 5000.0
  wind_opex: 100
  wind_lifetime: 20
  solar_capex: 1000.0
  solar_opex: 10
  solar_lifetime: 20
  carbon_price: 1.0
timeseries_values:
  load_level: 261902.00238367714
  wind_year: 2014
  solar_year: 2014
  price_year: 2023
  carbon_year: 2023
storage_values:
  CAES:
    cost: 79.3531
    lifetime: 25.2166
    annual_cost: 3.1468596083532274
    efficiency: 0.625096
    discharge_ratio: 0.1
    depth_of_discharge: 0.4
  Li-ion:
    cost: 276.425
    lifetime: 25.3871
    annual_cost: 10.888403953188824
    efficiency: 0.90437
    discharge_ratio: 2
    depth_of_discharge: 0.9
  Pb-acid:
    cost: 127.851
    lifetime: 9.2433
    annual_cost: 13.831748401544903
    efficiency: 0.780186
    discharge_ratio: 5
    depth_of_discharge: 0.5
  VRBF:
    cost: 270.345
    lifetime: 15.2298
    annual_cost: 17.75105385494229
    efficiency: 0.752647
    discharge_ratio: 0.5
    depth_of_discharge: 1.0
