cost_values:
  wind_capex: 5000.0
  wind_opex: 100
  wind_lifetime: 20
  solar_capex: 1000.0
  solar_opex: 10
  solar_lifetime: 20
  carbon_price: 1.0
timeseries_values:
  load_level: 261902.00238367714
  wind_year: 2014
  solar_year: 2014
  price_year: 2023
  carbon_year: 2023
storage_values:
  CAES:
    cost: 82.5414
    lifetime: 24.9116
    annual_cost: 3.3133720836879204
    efficiency: 0.621756
    discharge_ratio: 0.1
    depth_of_discharge: 0.4
  Li-ion:
    cost: 253.419
    lifetime: 24.215
    annual_cost: 10.465372702870122
    efficiency: 0.902171
    discharge_ratio: 2
    depth_of_discharge: 0.9
  Pb-acid:
    cost: 152.819
    lifetime: 8.75746
    annual_cost: 17.45015107120101
    efficiency: 0.775578
    discharge_ratio: 5
    depth_of_discharge: 0.5
  VRBF:
    cost: 263.54
    lifetime: 17.6576
    annual_cost: 14.925018122508158
    efficiency: 0.782743
    discharge_ratio: 0.5
    depth_of_discharge: 1.0
