cost_values:
  wind_capex: 5000.0
  wind_opex: 100
  wind_lifetime: 20
  solar_capex: 1000.0
  solar_opex: 10
  solar_lifetime: 20
  carbon_price: 1.0
timeseries_values:
  load_level: 261902.00238367714
  wind_year: 2014
  solar_year: 2014
  price_year: 2023
  carbon_year: 2023
storage_values:
  CAES:
    cost: 84.9814
    lifetime: 24.0226
    annual_cost: 3.5375604638964973
    efficiency: 0.618122
    discharge_ratio: 0.1
    depth_of_discharge: 0.4
  Li-ion:
    cost: 259.845
    lifetime: 26.5158
    annual_cost: 9.799628900504606
    efficiency: 0.906255
    discharge_ratio: 2
    depth_of_discharge: 0.9
  Pb-acid:
    cost: 126.816
    lifetime: 7.67288
    annual_cost: 16.527822668932657
    efficiency: 0.780745
    discharge_ratio: 5
    depth_of_discharge: 0.5
  VRBF:
    cost: 255.4
    lifetime: 15.5155
    annual_cost: 16.46095839644227
    efficiency: 0.77694
    discharge_ratio: 0.5
    depth_of_discharge: 1.0
