cost_values:
  wind_capex: 5000.0
  wind_opex: 100
  wind_lifetime: 20
  solar_capex: 1000.0
  solar_opex: 10
  solar_lifetime: 20
  carbon_price: 1.0
timeseries_values:
  load_level: 261902.00238367714
  wind_year: 2014
  solar_year: 2014
  price_year: 2023
  carbon_year: 2023
storage_values:
  CAES:
    cost: 80.4974
    lifetime: 24.6814
    annual_cost: 3.261460046836889
    efficiency: 0.613541
    discharge_ratio: 0.1
    depth_of_discharge: 0.4
  Li-ion:
    cost: 252.601
    lifetime: 26.4746
    annual_cost: 9.541258413724854
    efficiency: 0.894867
    discharge_ratio: 2
    depth_of_discharge: 0.9
  Pb-acid:
    cost: 133.871
    lifetime: 7.68836
    annual_cost: 17.412165923551967
    efficiency: 0.775699
    discharge_ratio: 5
    depth_of_discharge: 0.5
  VRBF:
    cost: 300.698
    lifetime: 14.4954
    annual_cost: 20.744374077293486
    efficiency: 0.787327
    discharge_ratio: 0.5
    depth_of_discharge: 1.0
