cost_values:
  wind_capex: 5000.0
  wind_opex: 100
  wind_lifetime: 20
  solar_capex: 1000.0
  solar_opex: 10
  solar_lifetime: 20
  carbon_price: 1.0
timeseries_values:
  load_level: 261902.00238367714
  wind_year: 2014
  solar_year: 2014
  price_year: 2023
  carbon_year: 2023
storage_values:
  CAES:
    cost: 84.8138
    lifetime: 24.2372
    annual_cost: 3.499323354182826
    efficiency: 0.614755
    discharge_ratio: 0.1
    depth_of_discharge: 0.4
  Li-ion:
    cost: 289.656
    lifetime: 26.3643
    annual_cost: 10.986675163004518
    efficiency: 0.905976
    discharge_ratio: 2
    depth_of_discharge: 0.9
  Pb-acid:
    cost: 124.943
    lifetime: 7.37803
    annual_cost: 16.93446624640995
    efficiency: 0.778261
    discharge_ratio: 5
    depth_of_discharge: 0.5
  VRBF:
    cost: 251.712
    lifetime: 15.5092
    annual_cost: 16.229850669280168
    efficiency: 0.752869
    discharge_ratio: 0.5
    depth_of_discharge: 1.0
