cost_values:
  wind_capex: 5000.0
  wind_opex: 100
  wind_lifetime: 20
  solar_capex: 1000.0
  solar_opex: 10
  solar_lifetime: 20
  carbon_price: 1.0
timeseries_values:
  load_level: 261902.00238367714
  wind_year: 2014
  solar_year: 2014
  price_year: 2023
  carbon_year: 2023
storage_values:
  CAES:
    cost: 80.991
    lifetime: 25.0756
    annual_cost: 3.2298728644578794
    efficiency: 0.619275
    discharge_ratio: 0.1
    depth_of_discharge: 0.4
  Li-ion:
    cost: 257.786
    lifetime: 27.0428
    annual_cost: 9.532518822015472
    efficiency: 0.904388
    discharge_ratio: 2
    depth_of_discharge: 0.9
  Pb-acid:
    cost: 118.25
    lifetime: 7.99943
    annual_cost: 14.782303239105786
    efficiency: 0.774875
    discharge_ratio: 5
    depth_of_discharge: 0.5
  VRBF:
    cost: 270.157
    lifetime: 15.8487
    annual_cost: 17.046003773180136
    efficiency: 0.752904
    discharge_ratio: 0.5
    depth_of_discharge: 1.0
