cost_values:
  wind_capex: 5000.0
  wind_opex: 100
  wind_lifetime: 20
  solar_capex: 1000.0
  solar_opex: 10
  solar_lifetime: 20
  carbon_price: 1.0
timeseries_values:
  load_level: 261902.00238367714
  wind_year: 2014
  solar_year: 2014
  price_year: 2023
  carbon_year: 2023
storage_values:
  CAES:
    cost: 78.9315
    lifetime: 25.0199
    annual_cost: 3.154748819939328
    efficiency: 0.609608
    discharge_ratio: 0.1
    depth_of_discharge: 0.4
  Li-ion:
    cost: 242.895
    lifetime: 25.7935
    annual_cost: 9.416907360381492
    efficiency: 0.891374
    discharge_ratio: 2
    depth_of_discharge: 0.9
  Pb-acid:
    cost: 119.247
    lifetime: 8.10406
    annual_cost: 14.71447644760774
    efficiency: 0.784318
    discharge_ratio: 5
    depth_of_discharge: 0.5
  VRBF:
    cost: 307.536
    lifetime: 18.5118
    annual_cost: 16.61297118594626
    efficiency: 0.747813
    discharge_ratio: 0.5
    depth_of_discharge: 1.0
