cost_values:
  wind_capex: 5000.0
  wind_opex: 100
  wind_lifetime: 20
  solar_capex: 1000.0
  solar_opex: 10
  solar_lifetime: 20
  carbon_price: 1.0
timeseries_values:
  load_level: 261902.00238367714
  wind_year: 2014
  solar_year: 2014
  price_year: 2023
  carbon_year: 2023
storage_values:
  CAES:
    cost: 83.8585
    lifetime: 25.8908
    annual_cost: 3.2389304308866476
    efficiency: 0.626835
    discharge_ratio: 0.1
    depth_of_discharge: 0.4
  Li-ion:
    cost: 256.597
    lifetime: 24.5238
    annual_cost: 10.463182704148622
    efficiency: 0.899396
    discharge_ratio: 2
    depth_of_discharge: 0.9
  Pb-acid:
    cost: 124.877
    lifetime: 7.51521
    annual_cost: 16.616568266222767
    efficiency: 0.77844
    discharge_ratio: 5
    depth_of_discharge: 0.5
  VRBF:
    cost: 257.346
    lifetime: 15.6622
    annual_cost: 16.431025015642756
    efficiency: 0.761723
    discharge_ratio: 0.5
    depth_of_discharge: 1.0
