cost_values:
  wind_capex: 5000.0
  wind_opex: 100
  wind_lifetime: 20
  solar_capex: 1000.0
  solar_opex: 10
  solar_lifetime: 20
  carbon_price: 1.0
timeseries_values:
  load_level: 261902.00238367714
  wind_year: 2014
  solar_year: 2014
  price_year: 2023
  carbon_year: 2023
storage_values:
  CAES:
    cost: 79.4462
    lifetime: 25.122
    annual_cost: 3.1624154127856063
    efficiency: 0.621292
    discharge_ratio: 0.1
    depth_of_discharge: 0.4
  Li-ion:
    cost: 242.546
    lifetime: 25.3596
    annual_cost: 9.564267575198347
    efficiency: 0.917374
    discharge_ratio: 2
    depth_of_discharge: 0.9
  Pb-acid:
    cost: 128.01
    lifetime: 8.14162
    annual_cost: 15.722915095521529
    efficiency: 0.781479
    discharge_ratio: 5
    depth_of_discharge: 0.5
  VRBF:
    cost: 268.942
    lifetime: 14.4303
    annual_cost: 18.637311767600117
    efficiency: 0.74491
    discharge_ratio: 0.5
    depth_of_discharge: 1.0
