cost_values:
  wind_capex: 5000.0
  wind_opex: 100
  wind_lifetime: 20
  solar_capex: 1000.0
  solar_opex: 10
  solar_lifetime: 20
  carbon_price: 1.0
timeseries_values:
  load_level: 261902.00238367714
  wind_year: 2014
  solar_year: 2014
  price_year: 2023
  carbon_year: 2023
storage_values:
  CAES:
    cost: 78.3077
    lifetime: 24.6473
    annual_cost: 3.1771309636349616
    efficiency: 0.616897
    discharge_ratio: 0.1
    depth_of_discharge: 0.4
  Li-ion:
    cost: 261.431
    lifetime: 25.3796
    annual_cost: 10.300832164415514
    efficiency: 0.893162
    discharge_ratio: 2
    depth_of_discharge: 0.9
  Pb-acid:
    cost: 161.989
    lifetime: 8.89299
    annual_cost: 18.215358389023265
    efficiency: 0.775006
    discharge_ratio: 5
    depth_of_discharge: 0.5
  VRBF:
    cost: 280.792
    lifetime: 15.3453
    annual_cost: 18.298241155272297
    efficiency: 0.771269
    discharge_ratio: 0.5
    depth_of_discharge: 1.0
