cost_values:
  wind_capex: 5000.0
  wind_opex: 100
  wind_lifetime: 20
  solar_capex: 1000.0
  solar_opex: 10
  solar_lifetime: 20
  carbon_price: 1.0
timeseries_values:
  load_level: 261902.00238367714
  wind_year: 2014
  solar_year: 2014
  price_year: 2023
  carbon_year: 2023
storage_values:
  CAES:
    cost: 82.0707
    lifetime: 25.0768
    annual_cost: 3.2727740381547887
    efficiency: 0.617048
    discharge_ratio: 0.1
    depth_of_discharge: 0.4
  Li-ion:
    cost: 245.158
    lifetime: 25.1254
    annual_cost: 9.757376996983133
    efficiency: 0.903458
    discharge_ratio: 2
    depth_of_discharge: 0.9
  Pb-acid:
    cost: 158.277
    lifetime: 8.09941
    annual_cost: 19.541793784979397
    efficiency: 0.768771
    discharge_ratio: 5
    depth_of_discharge: 0.5
  VRBF:
    cost: 305.915
    lifetime: 13.6137
    annual_cost: 22.471113657565542
    efficiency: 0.772953
    discharge_ratio: 0.5
    depth_of_discharge: 1.0
