cost_values:
  wind_capex: 5000.0
  wind_opex: 100
  wind_lifetime: 20
  solar_capex: 1000.0
  solar_opex: 10
  solar_lifetime: 20
  carbon_price: 1.0
timeseries_values:
  load_level: 261902.00238367714
  wind_year: 2014
  solar_year: 2014
  price_year: 2023
  carbon_year: 2023
storage_values:
  CAES:
    cost: 84.8768
    lifetime: 25.5106
    annual_cost: 3.3271189231143135
    efficiency: 0.622184
    discharge_ratio: 0.1
    depth_of_discharge: 0.4
  Li-ion:
    cost: 262.538
    lifetime: 22.429
    annual_cost: 11.705292255561996
    efficiency: 0.903901
    discharge_ratio: 2
    depth_of_discharge: 0.9
  Pb-acid:
    cost: 126.521
    lifetime: 8.61808
    annual_cost: 14.680880196052948
    efficiency: 0.776787
    discharge_ratio: 5
    depth_of_discharge: 0.5
  VRBF:
    cost: 266.475
    lifetime: 17.3716
    annual_cost: 15.339692371456861
    efficiency: 0.749752
    discharge_ratio: 0.5
    depth_of_discharge: 1.0
