cost_values:
  wind_capex: 5000.0
  wind_opex: 100
  wind_lifetime: 20
  solar_capex: 1000.0
  solar_opex: 10
  solar_lifetime: 20
  carbon_price: 1.0
timeseries_values:
  load_level: 267740.4946146318
  wind_year: 2017
  solar_year: 2013
  price_year: 2023
  carbon_year: 2023
storage_values:
  CAES:
    cost: 68.496
    lifetime: 26.1136
    annual_cost: 2.6230010416028424
    efficiency: 0.580043
    discharge_ratio: 0.1
    depth_of_discharge: 0.4
  Li-ion:
    cost: 141.178
    lifetime: 16.17
    annual_cost: 8.730859616573902
    efficiency: 0.915405
    discharge_ratio: 2
    depth_of_discharge: 0.9
  Pb-acid:
    cost: 122.577
    lifetime: 13.3489
    annual_cost: 9.182554367775621
    efficiency: 0.712135
    discharge_ratio: 5
    depth_of_discharge: 0.5
  VRBF:
    cost: 165.992
    lifetime: 19.5094
    annual_cost: 8.508308815237783
    efficiency: 0.769451
    discharge_ratio: 0.5
    depth_of_discharge: 1.0
