cost_values:
  wind_capex: 5000.0
  wind_opex: 100
  wind_lifetime: 20
  solar_capex: 1000.0
  solar_opex: 10
  solar_lifetime: 20
  carbon_price: 1.0
timeseries_values:
  load_level: 267740.4946146318
  wind_year: 2017
  solar_year: 2013
  price_year: 2023
  carbon_year: 2023
storage_values:
  CAES:
    cost: 69.1833
    lifetime: 24.6002
    annual_cost: 2.8123064040129755
    efficiency: 0.582474
    discharge_ratio: 0.1
    depth_of_discharge: 0.4
  Li-ion:
    cost: 166.472
    lifetime: 15.8556
    annual_cost: 10.499255783445596
    efficiency: 0.907004
    discharge_ratio: 2
    depth_of_discharge: 0.9
  Pb-acid:
    cost: 144.498
    lifetime: 13.9125
    annual_cost: 10.386199460916442
    efficiency: 0.706632
    discharge_ratio: 5
    depth_of_discharge: 0.5
  VRBF:
    cost: 191.489
    lifetime: 18.5338
    annual_cost: 10.33188013251465
    efficiency: 0.760171
    discharge_ratio: 0.5
    depth_of_discharge: 1.0
