cost_values:
  wind_capex: 5000.0
  wind_opex: 100
  wind_lifetime: 20
  solar_capex: 1000.0
  solar_opex: 10
  solar_lifetime: 20
  carbon_price: 1.0
timeseries_values:
  load_level: 267740.4946146318
  wind_year: 2017
  solar_year: 2013
  price_year: 2023
  carbon_year: 2023
storage_values:
  CAES:
    cost: 76.0984
    lifetime: 25.1426
    annual_cost: 3.026671863689515
    efficiency: 0.582627
    discharge_ratio: 0.1
    depth_of_discharge: 0.4
  Li-ion:
    cost: 155.862
    lifetime: 14.383
    annual_cost: 10.836543141208372
    efficiency: 0.900987
    discharge_ratio: 2
    depth_of_discharge: 0.9
  Pb-acid:
    cost: 120.606
    lifetime: 14.2102
    annual_cost: 8.487283782072032
    efficiency: 0.720474
    discharge_ratio: 5
    depth_of_discharge: 0.5
  VRBF:
    cost: 187.239
    lifetime: 20.363
    annual_cost: 9.195059667043166
    efficiency: 0.758288
    discharge_ratio: 0.5
    depth_of_discharge: 1.0
