cost_values:
  wind_capex: 5000.0
  wind_opex: 100
  wind_lifetime: 20
  solar_capex: 1000.0
  solar_opex: 10
  solar_lifetime: 20
  carbon_price: 1.0
timeseries_values:
  load_level: 267740.4946146318
  wind_year: 2017
  solar_year: 2013
  price_year: 2023
  carbon_year: 2023
storage_values:
  CAES:
    cost: 68.6763
    lifetime: 25.0978
    annual_cost: 2.736347408936241
    efficiency: 0.594648
    discharge_ratio: 0.1
    depth_of_discharge: 0.4
  Li-ion:
    cost: 154.129
    lifetime: 16.3741
    annual_cost: 9.412975369638637
    efficiency: 0.900512
    discharge_ratio: 2
    depth_of_discharge: 0.9
  Pb-acid:
    cost: 132.618
    lifetime: 13.0037
    annual_cost: 10.198481970516083
    efficiency: 0.720531
    discharge_ratio: 5
    depth_of_discharge: 0.5
  VRBF:
    cost: 221.52
    lifetime: 19.8478
    annual_cost: 11.160934713167203
    efficiency: 0.763688
    discharge_ratio: 0.5
    depth_of_discharge: 1.0
