cost_values:
  wind_capex: 5000.0
  wind_opex: 100
  wind_lifetime: 20
  solar_capex: 1000.0
  solar_opex: 10
  solar_lifetime: 20
  carbon_price: 1.0
timeseries_values:
  load_level: 267740.4946146318
  wind_year: 2017
  solar_year: 2013
  price_year: 2023
  carbon_year: 2023
storage_values:
  CAES:
    cost: 72.9555
    lifetime: 24.6495
    annual_cost: 2.9597152072050146
    efficiency: 0.582113
    discharge_ratio: 0.1
    depth_of_discharge: 0.4
  Li-ion:
    cost: 161.908
    lifetime: 16.0935
    annual_cost: 10.060459191599092
    efficiency: 0.905611
    discharge_ratio: 2
    depth_of_discharge: 0.9
  Pb-acid:
    cost: 138.784
    lifetime: 12.3771
    annual_cost: 11.212965880537443
    efficiency: 0.696507
    discharge_ratio: 5
    depth_of_discharge: 0.5
  VRBF:
    cost: 178.376
    lifetime: 21.5808
    annual_cost: 8.265495255041518
    efficiency: 0.782136
    discharge_ratio: 0.5
    depth_of_discharge: 1.0
