cost_values:
  wind_capex: 5000.0
  wind_opex: 100
  wind_lifetime: 20
  solar_capex: 1000.0
  solar_opex: 10
  solar_lifetime: 20
  carbon_price: 1.0
timeseries_values:
  load_level: 267740.4946146318
  wind_year: 2017
  solar_year: 2013
  price_year: 2023
  carbon_year: 2023
storage_values:
  CAES:
    cost: 66.169
    lifetime: 24.777
    annual_cost: 2.6705815877628445
    efficiency: 0.583842
    discharge_ratio: 0.1
    depth_of_discharge: 0.4
  Li-ion:
    cost: 160.083
    lifetime: 13.9993
    annual_cost: 11.43507175358768
    efficiency: 0.899727
    discharge_ratio: 2
    depth_of_discharge: 0.9
  Pb-acid:
    cost: 140.685
    lifetime: 14.55
    annual_cost: 9.669072164948453
    efficiency: 0.722223
    discharge_ratio: 5
    depth_of_discharge: 0.5
  VRBF:
    cost: 191.535
    lifetime: 19.2204
    annual_cost: 9.965193232190796
    efficiency: 0.741804
    discharge_ratio: 0.5
    depth_of_discharge: 1.0
