cost_values:
  wind_capex: 5000.0
  wind_opex: 100
  wind_lifetime: 20
  solar_capex: 1000.0
  solar_opex: 10
  solar_lifetime: 20
  carbon_price: 1.0
timeseries_values:
  load_level: 267740.4946146318
  wind_year: 2017
  solar_year: 2013
  price_year: 2023
  carbon_year: 2023
storage_values:
  CAES:
    cost: 65.4235
    lifetime: 24.5788
    annual_cost: 2.6617857665956026
    efficiency: 0.587728
    discharge_ratio: 0.1
    depth_of_discharge: 0.4
  Li-ion:
    cost: 145.667
    lifetime: 16.8243
    annual_cost: 8.658131393282336
    efficiency: 0.90715
    discharge_ratio: 2
    depth_of_discharge: 0.9
  Pb-acid:
    cost: 131.445
    lifetime: 13.2901
    annual_cost: 9.890444767157508
    efficiency: 0.708965
    discharge_ratio: 5
    depth_of_discharge: 0.5
  VRBF:
    cost: 194.199
    lifetime: 21.658
    annual_cost: 8.966617416197249
    efficiency: 0.765258
    discharge_ratio: 0.5
    depth_of_discharge: 1.0
