cost_values:
  wind_capex: 5000.0
  wind_opex: 100
  wind_lifetime: 20
  solar_capex: 1000.0
  solar_opex: 10
  solar_lifetime: 20
  carbon_price: 1.0
timeseries_values:
  load_level: 267740.4946146318
  wind_year: 2017
  solar_year: 2013
  price_year: 2023
  carbon_year: 2023
storage_values:
  CAES:
    cost: 68.9209
    lifetime: 25.4329
    annual_cost: 2.7099111780410414
    efficiency: 0.585925
    discharge_ratio: 0.1
    depth_of_discharge: 0.4
  Li-ion:
    cost: 142.415
    lifetime: 12.7975
    annual_cost: 11.128345379957024
    efficiency: 0.915763
    discharge_ratio: 2
    depth_of_discharge: 0.9
  Pb-acid:
    cost: 130.813
    lifetime: 13.04
    annual_cost: 10.031671779141105
    efficiency: 0.720806
    discharge_ratio: 5
    depth_of_discharge: 0.5
  VRBF:
    cost: 196.731
    lifetime: 20.2513
    annual_cost: 9.714487465002247
    efficiency: 0.755054
    discharge_ratio: 0.5
    depth_of_discharge: 1.0
