cost_values:
  wind_capex: 5000.0
  wind_opex: 100
  wind_lifetime: 20
  solar_capex: 1000.0
  solar_opex: 10
  solar_lifetime: 20
  carbon_price: 1.0
timeseries_values:
  load_level: 267740.4946146318
  wind_year: 2017
  solar_year: 2013
  price_year: 2023
  carbon_year: 2023
storage_values:
  CAES:
    cost: 70.0517
    lifetime: 25.5464
    annual_cost: 2.7421358782450755
    efficiency: 0.582414
    discharge_ratio: 0.1
    depth_of_discharge: 0.4
  Li-ion:
    cost: 142.679
    lifetime: 14.3083
    annual_cost: 9.971764640103997
    efficiency: 0.901371
    discharge_ratio: 2
    depth_of_discharge: 0.9
  Pb-acid:
    cost: 152.933
    lifetime: 12.134
    annual_cost: 12.603675622218558
    efficiency: 0.724368
    discharge_ratio: 5
    depth_of_discharge: 0.5
  VRBF:
    cost: 200.525
    lifetime: 20.1506
    annual_cost: 9.951316586106618
    efficiency: 0.756196
    discharge_ratio: 0.5
    depth_of_discharge: 1.0
