cost_values:
  wind_capex: 5000.0
  wind_opex: 100
  wind_lifetime: 20
  solar_capex: 1000.0
  solar_opex: 10
  solar_lifetime: 20
  carbon_price: 1.0
timeseries_values:
  load_level: 267740.4946146318
  wind_year: 2017
  solar_year: 2013
  price_year: 2023
  carbon_year: 2023
storage_values:
  CAES:
    cost: 60.1179
    lifetime: 26.2229
    annual_cost: 2.292572522489885
    efficiency: 0.585236
    discharge_ratio: 0.1
    depth_of_discharge: 0.4
  Li-ion:
    cost: 157.228
    lifetime: 14.3445
    annual_cost: 10.960856077242148
    efficiency: 0.896767
    discharge_ratio: 2
    depth_of_discharge: 0.9
  Pb-acid:
    cost: 121.264
    lifetime: 13.2842
    annual_cost: 9.128438295117508
    efficiency: 0.70218
    discharge_ratio: 5
    depth_of_discharge: 0.5
  VRBF:
    cost: 201.048
    lifetime: 21.541
    annual_cost: 9.333271435866488
    efficiency: 0.776537
    discharge_ratio: 0.5
    depth_of_discharge: 1.0
