cost_values:
  wind_capex: 5000.0
  wind_opex: 100
  wind_lifetime: 20
  solar_capex: 1000.0
  solar_opex: 10
  solar_lifetime: 20
  carbon_price: 1.0
timeseries_values:
  load_level: 267740.4946146318
  wind_year: 2017
  solar_year: 2013
  price_year: 2023
  carbon_year: 2023
storage_values:
  CAES:
    cost: 71.5657
    lifetime: 25.3196
    annual_cost: 2.8264940994328507
    efficiency: 0.588349
    discharge_ratio: 0.1
    depth_of_discharge: 0.4
  Li-ion:
    cost: 155.325
    lifetime: 14.6412
    annual_cost: 10.608761576919925
    efficiency: 0.917371
    discharge_ratio: 2
    depth_of_discharge: 0.9
  Pb-acid:
    cost: 136.077
    lifetime: 13.6084
    annual_cost: 9.99948561182799
    efficiency: 0.707271
    discharge_ratio: 5
    depth_of_discharge: 0.5
  VRBF:
    cost: 183.835
    lifetime: 19.2259
    annual_cost: 9.561841058155926
    efficiency: 0.762175
    discharge_ratio: 0.5
    depth_of_discharge: 1.0
