cost_values:
  wind_capex: 5000.0
  wind_opex: 100
  wind_lifetime: 20
  solar_capex: 1000.0
  solar_opex: 10
  solar_lifetime: 20
  carbon_price: 1.0
timeseries_values:
  load_level: 267740.4946146318
  wind_year: 2017
  solar_year: 2013
  price_year: 2023
  carbon_year: 2023
storage_values:
  CAES:
    cost: 69.3949
    lifetime: 24.7219
    annual_cost: 2.8070213049967845
    efficiency: 0.580788
    discharge_ratio: 0.1
    depth_of_discharge: 0.4
  Li-ion:
    cost: 139.532
    lifetime: 16.1537
    annual_cost: 8.637773389378285
    efficiency: 0.907265
    discharge_ratio: 2
    depth_of_discharge: 0.9
  Pb-acid:
    cost: 141.901
    lifetime: 13.6437
    annual_cost: 10.400477876235918
    efficiency: 0.701069
    discharge_ratio: 5
    depth_of_discharge: 0.5
  VRBF:
    cost: 187.031
    lifetime: 21.0946
    annual_cost: 8.866297535862259
    efficiency: 0.775362
    discharge_ratio: 0.5
    depth_of_discharge: 1.0
