cost_values:
  wind_capex: 5000.0
  wind_opex: 100
  wind_lifetime: 20
  solar_capex: 1000.0
  solar_opex: 10
  solar_lifetime: 20
  carbon_price: 1.0
timeseries_values:
  load_level: 267740.4946146318
  wind_year: 2017
  solar_year: 2013
  price_year: 2023
  carbon_year: 2023
storage_values:
  CAES:
    cost: 69.7994
    lifetime: 25.9996
    annual_cost: 2.6846336097478423
    efficiency: 0.582788
    discharge_ratio: 0.1
    depth_of_discharge: 0.4
  Li-ion:
    cost: 128.863
    lifetime: 16.4704
    annual_cost: 7.823914416164755
    efficiency: 0.912217
    discharge_ratio: 2
    depth_of_discharge: 0.9
  Pb-acid:
    cost: 154.099
    lifetime: 12.4572
    annual_cost: 12.370275824422823
    efficiency: 0.700521
    discharge_ratio: 5
    depth_of_discharge: 0.5
  VRBF:
    cost: 190.895
    lifetime: 20.3972
    annual_cost: 9.358882591728277
    efficiency: 0.772668
    discharge_ratio: 0.5
    depth_of_discharge: 1.0
