cost_values:
  wind_capex: 5000.0
  wind_opex: 100
  wind_lifetime: 20
  solar_capex: 1000.0
  solar_opex: 10
  solar_lifetime: 20
  carbon_price: 1.0
timeseries_values:
  load_level: 267740.4946146318
  wind_year: 2017
  solar_year: 2013
  price_year: 2023
  carbon_year: 2023
storage_values:
  CAES:
    cost: 70.6684
    lifetime: 25.0057
    annual_cost: 2.8260916511035483
    efficiency: 0.591619
    discharge_ratio: 0.1
    depth_of_discharge: 0.4
  Li-ion:
    cost: 151.839
    lifetime: 14.2438
    annual_cost: 10.66000645895056
    efficiency: 0.911796
    discharge_ratio: 2
    depth_of_discharge: 0.9
  Pb-acid:
    cost: 141.166
    lifetime: 12.6725
    annual_cost: 11.139554152692838
    efficiency: 0.71152
    discharge_ratio: 5
    depth_of_discharge: 0.5
  VRBF:
    cost: 159.491
    lifetime: 21.3198
    annual_cost: 7.480886312254337
    efficiency: 0.784615
    discharge_ratio: 0.5
    depth_of_discharge: 1.0
