cost_values:
  wind_capex: 5000.0
  wind_opex: 100
  wind_lifetime: 20
  solar_capex: 1000.0
  solar_opex: 10
  solar_lifetime: 20
  carbon_price: 1.0
timeseries_values:
  load_level: 267740.4946146318
  wind_year: 2017
  solar_year: 2013
  price_year: 2023
  carbon_year: 2023
storage_values:
  CAES:
    cost: 67.873
    lifetime: 23.893
    annual_cost: 2.8407064830703557
    efficiency: 0.589231
    discharge_ratio: 0.1
    depth_of_discharge: 0.4
  Li-ion:
    cost: 138.735
    lifetime: 16.2929
    annual_cost: 8.515058706553162
    efficiency: 0.906606
    discharge_ratio: 2
    depth_of_discharge: 0.9
  Pb-acid:
    cost: 160.108
    lifetime: 14.6994
    annual_cost: 10.892145257629563
    efficiency: 0.713372
    discharge_ratio: 5
    depth_of_discharge: 0.5
  VRBF:
    cost: 172.674
    lifetime: 21.917
    annual_cost: 7.878541771227813
    efficiency: 0.751348
    discharge_ratio: 0.5
    depth_of_discharge: 1.0
