cost_values:
  wind_capex: 5000.0
  wind_opex: 100
  wind_lifetime: 20
  solar_capex: 1000.0
  solar_opex: 10
  solar_lifetime: 20
  carbon_price: 1.0
timeseries_values:
  load_level: 267740.4946146318
  wind_year: 2017
  solar_year: 2013
  price_year: 2023
  carbon_year: 2023
storage_values:
  CAES:
    cost: 78.7408
    lifetime: 25.4674
    annual_cost: 3.091827198693231
    efficiency: 0.584326
    discharge_ratio: 0.1
    depth_of_discharge: 0.4
  Li-ion:
    cost: 156.568
    lifetime: 15.3669
    annual_cost: 10.188652233046355
    efficiency: 0.908463
    discharge_ratio: 2
    depth_of_discharge: 0.9
  Pb-acid:
    cost: 131.862
    lifetime: 14.4974
    annual_cost: 9.095561962834715
    efficiency: 0.726972
    discharge_ratio: 5
    depth_of_discharge: 0.5
  VRBF:
    cost: 179.733
    lifetime: 20.1353
    annual_cost: 8.926263825222371
    efficiency: 0.752339
    discharge_ratio: 0.5
    depth_of_discharge: 1.0
