cost_values:
  wind_capex: 5000.0
  wind_opex: 100
  wind_lifetime: 20
  solar_capex: 1000.0
  solar_opex: 10
  solar_lifetime: 20
  carbon_price: 1.0
timeseries_values:
  load_level: 267740.4946146318
  wind_year: 2017
  solar_year: 2013
  price_year: 2023
  carbon_year: 2023
storage_values:
  CAES:
    cost: 69.5229
    lifetime: 24.4587
    annual_cost: 2.842460964810068
    efficiency: 0.580324
    discharge_ratio: 0.1
    depth_of_discharge: 0.4
  Li-ion:
    cost: 158.235
    lifetime: 14.5375
    annual_cost: 10.884608770421325
    efficiency: 0.919153
    discharge_ratio: 2
    depth_of_discharge: 0.9
  Pb-acid:
    cost: 141.837
    lifetime: 13.0335
    annual_cost: 10.8824951087582
    efficiency: 0.712114
    discharge_ratio: 5
    depth_of_discharge: 0.5
  VRBF:
    cost: 200.478
    lifetime: 19.08
    annual_cost: 10.507232704402517
    efficiency: 0.758208
    discharge_ratio: 0.5
    depth_of_discharge: 1.0
