cost_values:
  wind_capex: 5000.0
  wind_opex: 100
  wind_lifetime: 20
  solar_capex: 1000.0
  solar_opex: 10
  solar_lifetime: 20
  carbon_price: 1.0
timeseries_values:
  load_level: 267740.4946146318
  wind_year: 2017
  solar_year: 2013
  price_year: 2023
  carbon_year: 2023
storage_values:
  CAES:
    cost: 65.3204
    lifetime: 25.2878
    annual_cost: 2.5830795877854147
    efficiency: 0.579821
    discharge_ratio: 0.1
    depth_of_discharge: 0.4
  Li-ion:
    cost: 160.842
    lifetime: 13.7543
    annual_cost: 11.693942985102842
    efficiency: 0.924094
    discharge_ratio: 2
    depth_of_discharge: 0.9
  Pb-acid:
    cost: 139.963
    lifetime: 13.4308
    annual_cost: 10.421047145367364
    efficiency: 0.709991
    discharge_ratio: 5
    depth_of_discharge: 0.5
  VRBF:
    cost: 162.435
    lifetime: 19.5125
    annual_cost: 8.324663677130046
    efficiency: 0.771148
    discharge_ratio: 0.5
    depth_of_discharge: 1.0
