cost_values:
  wind_capex: 5000.0
  wind_opex: 100
  wind_lifetime: 20
  solar_capex: 1000.0
  solar_opex: 10
  solar_lifetime: 20
  carbon_price: 1.0
timeseries_values:
  load_level: 267740.4946146318
  wind_year: 2017
  solar_year: 2013
  price_year: 2023
  carbon_year: 2023
storage_values:
  CAES:
    cost: 66.6599
    lifetime: 23.8846
    annual_cost: 2.790915485291778
    efficiency: 0.57301
    discharge_ratio: 0.1
    depth_of_discharge: 0.4
  Li-ion:
    cost: 140.019
    lifetime: 14.181
    annual_cost: 9.873704252168395
    efficiency: 0.903808
    discharge_ratio: 2
    depth_of_discharge: 0.9
  Pb-acid:
    cost: 114.217
    lifetime: 13.7949
    annual_cost: 8.279654075056724
    efficiency: 0.695531
    discharge_ratio: 5
    depth_of_discharge: 0.5
  VRBF:
    cost: 161.739
    lifetime: 20.5283
    annual_cost: 7.878830687392526
    efficiency: 0.744723
    discharge_ratio: 0.5
    depth_of_discharge: 1.0
