cost_values:
  wind_capex: 5000.0
  wind_opex: 100
  wind_lifetime: 20
  solar_capex: 1000.0
  solar_opex: 10
  solar_lifetime: 20
  carbon_price: 1.0
timeseries_values:
  load_level: 267740.4946146318
  wind_year: 2017
  solar_year: 2013
  price_year: 2023
  carbon_year: 2023
storage_values:
  CAES:
    cost: 71.8195
    lifetime: 25.1416
    annual_cost: 2.856600216374455
    efficiency: 0.581636
    discharge_ratio: 0.1
    depth_of_discharge: 0.4
  Li-ion:
    cost: 153.912
    lifetime: 15.6676
    annual_cost: 9.823584977916209
    efficiency: 0.90028
    discharge_ratio: 2
    depth_of_discharge: 0.9
  Pb-acid:
    cost: 119.387
    lifetime: 12.1761
    annual_cost: 9.80502788249111
    efficiency: 0.71086
    discharge_ratio: 5
    depth_of_discharge: 0.5
  VRBF:
    cost: 196.092
    lifetime: 20.7719
    annual_cost: 9.440253419282783
    efficiency: 0.75863
    discharge_ratio: 0.5
    depth_of_discharge: 1.0
