cost_values:
  wind_capex: 5000.0
  wind_opex: 100
  wind_lifetime: 20
  solar_capex: 1000.0
  solar_opex: 10
  solar_lifetime: 20
  carbon_price: 1.0
timeseries_values:
  load_level: 267740.4946146318
  wind_year: 2017
  solar_year: 2013
  price_year: 2023
  carbon_year: 2023
storage_values:
  CAES:
    cost: 65.1752
    lifetime: 25.3244
    annual_cost: 2.573612800303265
    efficiency: 0.579067
    discharge_ratio: 0.1
    depth_of_discharge: 0.4
  Li-ion:
    cost: 158.673
    lifetime: 14.5224
    annual_cost: 10.926086597256653
    efficiency: 0.917706
    discharge_ratio: 2
    depth_of_discharge: 0.9
  Pb-acid:
    cost: 149.179
    lifetime: 15.3541
    annual_cost: 9.715906500543829
    efficiency: 0.713755
    discharge_ratio: 5
    depth_of_discharge: 0.5
  VRBF:
    cost: 189.603
    lifetime: 20.7522
    annual_cost: 9.136525284066268
    efficiency: 0.7633
    discharge_ratio: 0.5
    depth_of_discharge: 1.0
