cost_values:
  wind_capex: 5000.0
  wind_opex: 100
  wind_lifetime: 20
  solar_capex: 1000.0
  solar_opex: 10
  solar_lifetime: 20
  carbon_price: 1.0
timeseries_values:
  load_level: 267740.4946146318
  wind_year: 2017
  solar_year: 2013
  price_year: 2023
  carbon_year: 2023
storage_values:
  CAES:
    cost: 65.5913
    lifetime: 25.414
    annual_cost: 2.580912095695286
    efficiency: 0.583417
    discharge_ratio: 0.1
    depth_of_discharge: 0.4
  Li-ion:
    cost: 132.617
    lifetime: 13.0686
    annual_cost: 10.14775874998087
    efficiency: 0.901086
    discharge_ratio: 2
    depth_of_discharge: 0.9
  Pb-acid:
    cost: 141.267
    lifetime: 12.8432
    annual_cost: 10.9993615298368
    efficiency: 0.709624
    discharge_ratio: 5
    depth_of_discharge: 0.5
  VRBF:
    cost: 196.621
    lifetime: 19.2827
    annual_cost: 10.196756678266011
    efficiency: 0.777895
    discharge_ratio: 0.5
    depth_of_discharge: 1.0
