cost_values:
  wind_capex: 5000.0
  wind_opex: 100
  wind_lifetime: 20
  solar_capex: 1000.0
  solar_opex: 10
  solar_lifetime: 20
  carbon_price: 1.0
timeseries_values:
  load_level: 267740.4946146318
  wind_year: 2017
  solar_year: 2013
  price_year: 2023
  carbon_year: 2023
storage_values:
  CAES:
    cost: 73.0861
    lifetime: 25.9322
    annual_cost: 2.8183532442291823
    efficiency: 0.569952
    discharge_ratio: 0.1
    depth_of_discharge: 0.4
  Li-ion:
    cost: 148.904
    lifetime: 11.8971
    annual_cost: 12.515991291995528
    efficiency: 0.916824
    discharge_ratio: 2
    depth_of_discharge: 0.9
  Pb-acid:
    cost: 127.113
    lifetime: 13.104
    annual_cost: 9.700320512820513
    efficiency: 0.700284
    discharge_ratio: 5
    depth_of_discharge: 0.5
  VRBF:
    cost: 207.073
    lifetime: 20.3085
    annual_cost: 10.19637097766945
    efficiency: 0.764293
    discharge_ratio: 0.5
    depth_of_discharge: 1.0
