cost_values:
  wind_capex: 5000.0
  wind_opex: 100
  wind_lifetime: 20
  solar_capex: 1000.0
  solar_opex: 10
  solar_lifetime: 20
  carbon_price: 1.0
timeseries_values:
  load_level: 267740.4946146318
  wind_year: 2017
  solar_year: 2013
  price_year: 2023
  carbon_year: 2023
storage_values:
  CAES:
    cost: 66.5909
    lifetime: 25.28
    annual_cost: 2.6341337025316456
    efficiency: 0.588789
    discharge_ratio: 0.1
    depth_of_discharge: 0.4
  Li-ion:
    cost: 156.714
    lifetime: 14.8794
    annual_cost: 10.532279527400298
    efficiency: 0.903952
    discharge_ratio: 2
    depth_of_discharge: 0.9
  Pb-acid:
    cost: 150.202
    lifetime: 14.2222
    annual_cost: 10.561094626710354
    efficiency: 0.713637
    discharge_ratio: 5
    depth_of_discharge: 0.5
  VRBF:
    cost: 205.635
    lifetime: 20.5804
    annual_cost: 9.991788303434335
    efficiency: 0.764113
    discharge_ratio: 0.5
    depth_of_discharge: 1.0
