cost_values:
  wind_capex: 5000.0
  wind_opex: 100
  wind_lifetime: 20
  solar_capex: 1000.0
  solar_opex: 10
  solar_lifetime: 20
  carbon_price: 1.0
timeseries_values:
  load_level: 267740.4946146318
  wind_year: 2017
  solar_year: 2013
  price_year: 2023
  carbon_year: 2023
storage_values:
  CAES:
    cost: 67.8211
    lifetime: 24.9174
    annual_cost: 2.7218369492804224
    efficiency: 0.57477
    discharge_ratio: 0.1
    depth_of_discharge: 0.4
  Li-ion:
    cost: 137.508
    lifetime: 12.9324
    annual_cost: 10.632829173239307
    efficiency: 0.904127
    discharge_ratio: 2
    depth_of_discharge: 0.9
  Pb-acid:
    cost: 147.795
    lifetime: 13.855
    annual_cost: 10.667268134247562
    efficiency: 0.708123
    discharge_ratio: 5
    depth_of_discharge: 0.5
  VRBF:
    cost: 201.48
    lifetime: 19.3414
    annual_cost: 10.41703289317216
    efficiency: 0.746466
    discharge_ratio: 0.5
    depth_of_discharge: 1.0
