cost_values:
  wind_capex: 5000.0
  wind_opex: 100
  wind_lifetime: 20
  solar_capex: 1000.0
  solar_opex: 10
  solar_lifetime: 20
  carbon_price: 1.0
timeseries_values:
  load_level: 267740.4946146318
  wind_year: 2017
  solar_year: 2013
  price_year: 2023
  carbon_year: 2023
storage_values:
  CAES:
    cost: 75.838
    lifetime: 23.6964
    annual_cost: 3.2004017487888454
    efficiency: 0.579658
    discharge_ratio: 0.1
    depth_of_discharge: 0.4
  Li-ion:
    cost: 143.351
    lifetime: 13.8754
    annual_cost: 10.33130576415815
    efficiency: 0.91343
    discharge_ratio: 2
    depth_of_discharge: 0.9
  Pb-acid:
    cost: 143.974
    lifetime: 13.0586
    annual_cost: 11.025224756099428
    efficiency: 0.722719
    discharge_ratio: 5
    depth_of_discharge: 0.5
  VRBF:
    cost: 185.328
    lifetime: 18.8888
    annual_cost: 9.811528524840117
    efficiency: 0.776617
    discharge_ratio: 0.5
    depth_of_discharge: 1.0
