cost_values:
  wind_capex: 5000.0
  wind_opex: 100
  wind_lifetime: 20
  solar_capex: 1000.0
  solar_opex: 10
  solar_lifetime: 20
  carbon_price: 1.0
timeseries_values:
  load_level: 267740.4946146318
  wind_year: 2017
  solar_year: 2013
  price_year: 2023
  carbon_year: 2023
storage_values:
  CAES:
    cost: 72.5952
    lifetime: 25.8196
    annual_cost: 2.8116314737641175
    efficiency: 0.583872
    discharge_ratio: 0.1
    depth_of_discharge: 0.4
  Li-ion:
    cost: 135.372
    lifetime: 13.0874
    annual_cost: 10.343689350061892
    efficiency: 0.919482
    discharge_ratio: 2
    depth_of_discharge: 0.9
  Pb-acid:
    cost: 133.024
    lifetime: 14.6841
    annual_cost: 9.059050265252893
    efficiency: 0.720819
    discharge_ratio: 5
    depth_of_discharge: 0.5
  VRBF:
    cost: 191.436
    lifetime: 18.943
    annual_cost: 10.105896637280262
    efficiency: 0.756365
    discharge_ratio: 0.5
    depth_of_discharge: 1.0
