cost_values:
  wind_capex: 5000.0
  wind_opex: 100
  wind_lifetime: 20
  solar_capex: 1000.0
  solar_opex: 10
  solar_lifetime: 20
  carbon_price: 1.0
timeseries_values:
  load_level: 267740.4946146318
  wind_year: 2017
  solar_year: 2013
  price_year: 2023
  carbon_year: 2023
storage_values:
  CAES:
    cost: 70.6566
    lifetime: 25.5289
    annual_cost: 2.767710320460341
    efficiency: 0.589992
    discharge_ratio: 0.1
    depth_of_discharge: 0.4
  Li-ion:
    cost: 131.922
    lifetime: 14.6202
    annual_cost: 9.023269175524273
    efficiency: 0.908527
    discharge_ratio: 2
    depth_of_discharge: 0.9
  Pb-acid:
    cost: 140.799
    lifetime: 11.3892
    annual_cost: 12.362501317037193
    efficiency: 0.728703
    discharge_ratio: 5
    depth_of_discharge: 0.5
  VRBF:
    cost: 151.797
    lifetime: 19.3517
    annual_cost: 7.844117054315641
    efficiency: 0.751353
    discharge_ratio: 0.5
    depth_of_discharge: 1.0
