cost_values:
  wind_capex: 5000.0
  wind_opex: 100
  wind_lifetime: 20
  solar_capex: 1000.0
  solar_opex: 10
  solar_lifetime: 20
  carbon_price: 1.0
timeseries_values:
  load_level: 267740.4946146318
  wind_year: 2017
  solar_year: 2013
  price_year: 2023
  carbon_year: 2023
storage_values:
  CAES:
    cost: 69.2051
    lifetime: 25.5785
    annual_cost: 2.7055964970580764
    efficiency: 0.584245
    discharge_ratio: 0.1
    depth_of_discharge: 0.4
  Li-ion:
    cost: 168.423
    lifetime: 15.9601
    annual_cost: 10.552753428863227
    efficiency: 0.895855
    discharge_ratio: 2
    depth_of_discharge: 0.9
  Pb-acid:
    cost: 124.327
    lifetime: 12.2463
    annual_cost: 10.152209238708835
    efficiency: 0.702274
    discharge_ratio: 5
    depth_of_discharge: 0.5
  VRBF:
    cost: 183.962
    lifetime: 18.1904
    annual_cost: 10.113136599525024
    efficiency: 0.751903
    discharge_ratio: 0.5
    depth_of_discharge: 1.0
