cost_values:
  wind_capex: 5000.0
  wind_opex: 100
  wind_lifetime: 20
  solar_capex: 1000.0
  solar_opex: 10
  solar_lifetime: 20
  carbon_price: 1.0
timeseries_values:
  load_level: 267740.4946146318
  wind_year: 2017
  solar_year: 2013
  price_year: 2023
  carbon_year: 2023
storage_values:
  CAES:
    cost: 69.1241
    lifetime: 25.1735
    annual_cost: 2.745907402625777
    efficiency: 0.580574
    discharge_ratio: 0.1
    depth_of_discharge: 0.4
  Li-ion:
    cost: 156.431
    lifetime: 15.4574
    annual_cost: 10.120136633586503
    efficiency: 0.910515
    discharge_ratio: 2
    depth_of_discharge: 0.9
  Pb-acid:
    cost: 109.279
    lifetime: 12.4625
    annual_cost: 8.768625877632898
    efficiency: 0.701052
    discharge_ratio: 5
    depth_of_discharge: 0.5
  VRBF:
    cost: 146.377
    lifetime: 19.0024
    annual_cost: 7.703079610996506
    efficiency: 0.760161
    discharge_ratio: 0.5
    depth_of_discharge: 1.0
