cost_values:
  wind_capex: 5000.0
  wind_opex: 100
  wind_lifetime: 20
  solar_capex: 1000.0
  solar_opex: 10
  solar_lifetime: 20
  carbon_price: 1.0
timeseries_values:
  load_level: 267740.4946146318
  wind_year: 2017
  solar_year: 2013
  price_year: 2023
  carbon_year: 2023
storage_values:
  CAES:
    cost: 64.9786
    lifetime: 23.6191
    annual_cost: 2.7511039794064973
    efficiency: 0.594358
    discharge_ratio: 0.1
    depth_of_discharge: 0.4
  Li-ion:
    cost: 160.114
    lifetime: 14.8189
    annual_cost: 10.804715599673392
    efficiency: 0.897269
    discharge_ratio: 2
    depth_of_discharge: 0.9
  Pb-acid:
    cost: 134.413
    lifetime: 12.7433
    annual_cost: 10.547738811767754
    efficiency: 0.709814
    discharge_ratio: 5
    depth_of_discharge: 0.5
  VRBF:
    cost: 178.669
    lifetime: 20.3438
    annual_cost: 8.782479182846862
    efficiency: 0.750735
    discharge_ratio: 0.5
    depth_of_discharge: 1.0
