cost_values:
  wind_capex: 5000.0
  wind_opex: 100
  wind_lifetime: 20
  solar_capex: 1000.0
  solar_opex: 10
  solar_lifetime: 20
  carbon_price: 1.0
timeseries_values:
  load_level: 267740.4946146318
  wind_year: 2017
  solar_year: 2013
  price_year: 2023
  carbon_year: 2023
storage_values:
  CAES:
    cost: 70.1872
    lifetime: 25.0621
    annual_cost: 2.8005314798041665
    efficiency: 0.582095
    discharge_ratio: 0.1
    depth_of_discharge: 0.4
  Li-ion:
    cost: 151.909
    lifetime: 15.6719
    annual_cost: 9.693081247328019
    efficiency: 0.91172
    discharge_ratio: 2
    depth_of_discharge: 0.9
  Pb-acid:
    cost: 150.231
    lifetime: 13.1833
    annual_cost: 11.395553465369066
    efficiency: 0.709547
    discharge_ratio: 5
    depth_of_discharge: 0.5
  VRBF:
    cost: 195.235
    lifetime: 21.2001
    annual_cost: 9.20915467379871
    efficiency: 0.75416
    discharge_ratio: 0.5
    depth_of_discharge: 1.0
