cost_values:
  wind_capex: 5000.0
  wind_opex: 100
  wind_lifetime: 20
  solar_capex: 1000.0
  solar_opex: 10
  solar_lifetime: 20
  carbon_price: 1.0
timeseries_values:
  load_level: 267740.4946146318
  wind_year: 2017
  solar_year: 2013
  price_year: 2023
  carbon_year: 2023
storage_values:
  CAES:
    cost: 65.6435
    lifetime: 24.8184
    annual_cost: 2.6449529381426684
    efficiency: 0.579001
    discharge_ratio: 0.1
    depth_of_discharge: 0.4
  Li-ion:
    cost: 156.563
    lifetime: 15.0491
    annual_cost: 10.403479277830568
    efficiency: 0.918019
    discharge_ratio: 2
    depth_of_discharge: 0.9
  Pb-acid:
    cost: 125.383
    lifetime: 14.0231
    annual_cost: 8.941175631636371
    efficiency: 0.707364
    discharge_ratio: 5
    depth_of_discharge: 0.5
  VRBF:
    cost: 157.1
    lifetime: 20.4194
    annual_cost: 7.693663868673908
    efficiency: 0.770306
    discharge_ratio: 0.5
    depth_of_discharge: 1.0
