cost_values:
  wind_capex: 5000.0
  wind_opex: 100
  wind_lifetime: 20
  solar_capex: 1000.0
  solar_opex: 10
  solar_lifetime: 20
  carbon_price: 1.0
timeseries_values:
  load_level: 267740.4946146318
  wind_year: 2017
  solar_year: 2013
  price_year: 2023
  carbon_year: 2023
storage_values:
  CAES:
    cost: 71.8437
    lifetime: 24.3432
    annual_cost: 2.951284136843143
    efficiency: 0.575047
    discharge_ratio: 0.1
    depth_of_discharge: 0.4
  Li-ion:
    cost: 154.511
    lifetime: 13.8589
    annual_cost: 11.14886462850587
    efficiency: 0.904929
    discharge_ratio: 2
    depth_of_discharge: 0.9
  Pb-acid:
    cost: 140.101
    lifetime: 12.0522
    annual_cost: 11.62451668575032
    efficiency: 0.703427
    discharge_ratio: 5
    depth_of_discharge: 0.5
  VRBF:
    cost: 184.115
    lifetime: 21.0575
    annual_cost: 8.743440579366021
    efficiency: 0.798861
    discharge_ratio: 0.5
    depth_of_discharge: 1.0
