cost_values:
  wind_capex: 5000.0
  wind_opex: 100
  wind_lifetime: 20
  solar_capex: 1000.0
  solar_opex: 10
  solar_lifetime: 20
  carbon_price: 1.0
timeseries_values:
  load_level: 267740.4946146318
  wind_year: 2017
  solar_year: 2013
  price_year: 2023
  carbon_year: 2023
storage_values:
  CAES:
    cost: 70.4576
    lifetime: 24.0175
    annual_cost: 2.9335942541896536
    efficiency: 0.578711
    discharge_ratio: 0.1
    depth_of_discharge: 0.4
  Li-ion:
    cost: 161.937
    lifetime: 14.1058
    annual_cost: 11.480171277063336
    efficiency: 0.907937
    discharge_ratio: 2
    depth_of_discharge: 0.9
  Pb-acid:
    cost: 124.842
    lifetime: 12.4689
    annual_cost: 10.012270529076343
    efficiency: 0.697014
    discharge_ratio: 5
    depth_of_discharge: 0.5
  VRBF:
    cost: 164.413
    lifetime: 17.8417
    annual_cost: 9.21509721607246
    efficiency: 0.744261
    discharge_ratio: 0.5
    depth_of_discharge: 1.0
