cost_values:
  wind_capex: 5000.0
  wind_opex: 100
  wind_lifetime: 20
  solar_capex: 1000.0
  solar_opex: 10
  solar_lifetime: 20
  carbon_price: 1.0
timeseries_values:
  load_level: 267740.4946146318
  wind_year: 2017
  solar_year: 2013
  price_year: 2023
  carbon_year: 2023
storage_values:
  CAES:
    cost: 69.1697
    lifetime: 25.1814
    annual_cost: 2.7468568070083474
    efficiency: 0.5813
    discharge_ratio: 0.1
    depth_of_discharge: 0.4
  Li-ion:
    cost: 157.216
    lifetime: 13.9052
    annual_cost: 11.306273911917843
    efficiency: 0.909197
    discharge_ratio: 2
    depth_of_discharge: 0.9
  Pb-acid:
    cost: 145.984
    lifetime: 12.4451
    annual_cost: 11.730239210613012
    efficiency: 0.71197
    discharge_ratio: 5
    depth_of_discharge: 0.5
  VRBF:
    cost: 192.122
    lifetime: 20.6575
    annual_cost: 9.300350962120296
    efficiency: 0.753627
    discharge_ratio: 0.5
    depth_of_discharge: 1.0
