cost_values:
  wind_capex: 5000.0
  wind_opex: 100
  wind_lifetime: 20
  solar_capex: 1000.0
  solar_opex: 10
  solar_lifetime: 20
  carbon_price: 1.0
timeseries_values:
  load_level: 267740.4946146318
  wind_year: 2017
  solar_year: 2013
  price_year: 2023
  carbon_year: 2023
storage_values:
  CAES:
    cost: 70.4544
    lifetime: 26.1361
    annual_cost: 2.695673799840068
    efficiency: 0.577234
    discharge_ratio: 0.1
    depth_of_discharge: 0.4
  Li-ion:
    cost: 146.544
    lifetime: 15.0884
    annual_cost: 9.712361814373956
    efficiency: 0.908276
    discharge_ratio: 2
    depth_of_discharge: 0.9
  Pb-acid:
    cost: 134.912
    lifetime: 13.6066
    annual_cost: 9.915188217482692
    efficiency: 0.722004
    discharge_ratio: 5
    depth_of_discharge: 0.5
  VRBF:
    cost: 181.783
    lifetime: 19.3092
    annual_cost: 9.414320634723344
    efficiency: 0.76815
    discharge_ratio: 0.5
    depth_of_discharge: 1.0
