cost_values:
  wind_capex: 5000.0
  wind_opex: 100
  wind_lifetime: 20
  solar_capex: 1000.0
  solar_opex: 10
  solar_lifetime: 20
  carbon_price: 1.0
timeseries_values:
  load_level: 267740.4946146318
  wind_year: 2017
  solar_year: 2013
  price_year: 2023
  carbon_year: 2023
storage_values:
  CAES:
    cost: 66.4424
    lifetime: 25.8923
    annual_cost: 2.56610652587835
    efficiency: 0.587154
    discharge_ratio: 0.1
    depth_of_discharge: 0.4
  Li-ion:
    cost: 169.216
    lifetime: 13.302
    annual_cost: 12.721094572244777
    efficiency: 0.899606
    discharge_ratio: 2
    depth_of_discharge: 0.9
  Pb-acid:
    cost: 127.481
    lifetime: 13.097
    annual_cost: 9.733603115217225
    efficiency: 0.714853
    discharge_ratio: 5
    depth_of_discharge: 0.5
  VRBF:
    cost: 182.378
    lifetime: 20.7278
    annual_cost: 8.798714769536565
    efficiency: 0.770572
    discharge_ratio: 0.5
    depth_of_discharge: 1.0
