cost_values:
  wind_capex: 5000.0
  wind_opex: 100
  wind_lifetime: 20
  solar_capex: 1000.0
  solar_opex: 10
  solar_lifetime: 20
  carbon_price: 1.0
timeseries_values:
  load_level: 267740.4946146318
  wind_year: 2017
  solar_year: 2013
  price_year: 2023
  carbon_year: 2023
storage_values:
  CAES:
    cost: 69.8534
    lifetime: 25.747
    annual_cost: 2.7130694838233578
    efficiency: 0.580137
    discharge_ratio: 0.1
    depth_of_discharge: 0.4
  Li-ion:
    cost: 161.228
    lifetime: 16.5752
    annual_cost: 9.727062116897535
    efficiency: 0.903428
    discharge_ratio: 2
    depth_of_discharge: 0.9
  Pb-acid:
    cost: 135.363
    lifetime: 12.1671
    annual_cost: 11.12532978277486
    efficiency: 0.693883
    discharge_ratio: 5
    depth_of_discharge: 0.5
  VRBF:
    cost: 183.954
    lifetime: 19.7048
    annual_cost: 9.335491859851407
    efficiency: 0.782561
    discharge_ratio: 0.5
    depth_of_discharge: 1.0
