cost_values:
  wind_capex: 5000.0
  wind_opex: 100
  wind_lifetime: 20
  solar_capex: 1000.0
  solar_opex: 10
  solar_lifetime: 20
  carbon_price: 1.0
timeseries_values:
  load_level: 267740.4946146318
  wind_year: 2017
  solar_year: 2013
  price_year: 2023
  carbon_year: 2023
storage_values:
  CAES:
    cost: 73.2406
    lifetime: 24.6658
    annual_cost: 2.9693178408971126
    efficiency: 0.575985
    discharge_ratio: 0.1
    depth_of_discharge: 0.4
  Li-ion:
    cost: 148.895
    lifetime: 16.0683
    annual_cost: 9.266381633402414
    efficiency: 0.921312
    discharge_ratio: 2
    depth_of_discharge: 0.9
  Pb-acid:
    cost: 138.009
    lifetime: 11.3238
    annual_cost: 12.187516558045884
    efficiency: 0.716328
    discharge_ratio: 5
    depth_of_discharge: 0.5
  VRBF:
    cost: 224.74
    lifetime: 19.8842
    annual_cost: 11.302441134166827
    efficiency: 0.757941
    discharge_ratio: 0.5
    depth_of_discharge: 1.0
