cost_values:
  wind_capex: 5000.0
  wind_opex: 100
  wind_lifetime: 20
  solar_capex: 1000.0
  solar_opex: 10
  solar_lifetime: 20
  carbon_price: 1.0
timeseries_values:
  load_level: 267740.4946146318
  wind_year: 2017
  solar_year: 2013
  price_year: 2023
  carbon_year: 2023
storage_values:
  CAES:
    cost: 74.856
    lifetime: 24.7151
    annual_cost: 3.0287556999567062
    efficiency: 0.594554
    discharge_ratio: 0.1
    depth_of_discharge: 0.4
  Li-ion:
    cost: 144.68
    lifetime: 14.3552
    annual_cost: 10.07857779759251
    efficiency: 0.909072
    discharge_ratio: 2
    depth_of_discharge: 0.9
  Pb-acid:
    cost: 130.329
    lifetime: 12.586
    annual_cost: 10.355077069760052
    efficiency: 0.716618
    discharge_ratio: 5
    depth_of_discharge: 0.5
  VRBF:
    cost: 193.921
    lifetime: 19.5674
    annual_cost: 9.91041221623721
    efficiency: 0.776165
    discharge_ratio: 0.5
    depth_of_discharge: 1.0
