cost_values:
  wind_capex: 5000.0
  wind_opex: 100
  wind_lifetime: 20
  solar_capex: 1000.0
  solar_opex: 10
  solar_lifetime: 20
  carbon_price: 1.0
timeseries_values:
  load_level: 267740.4946146318
  wind_year: 2017
  solar_year: 2013
  price_year: 2023
  carbon_year: 2023
storage_values:
  CAES:
    cost: 69.3922
    lifetime: 25.5598
    annual_cost: 2.714896047699904
    efficiency: 0.60213
    discharge_ratio: 0.1
    depth_of_discharge: 0.4
  Li-ion:
    cost: 157.937
    lifetime: 15.9288
    annual_cost: 9.915185073577419
    efficiency: 0.909759
    discharge_ratio: 2
    depth_of_discharge: 0.9
  Pb-acid:
    cost: 144.726
    lifetime: 13.6305
    annual_cost: 10.617805656432266
    efficiency: 0.713685
    discharge_ratio: 5
    depth_of_discharge: 0.5
  VRBF:
    cost: 205.892
    lifetime: 22.5618
    annual_cost: 9.125690326126461
    efficiency: 0.772883
    discharge_ratio: 0.5
    depth_of_discharge: 1.0
