cost_values:
  wind_capex: 5000.0
  wind_opex: 100
  wind_lifetime: 20
  solar_capex: 1000.0
  solar_opex: 10
  solar_lifetime: 20
  carbon_price: 1.0
timeseries_values:
  load_level: 267740.4946146318
  wind_year: 2017
  solar_year: 2013
  price_year: 2023
  carbon_year: 2023
storage_values:
  CAES:
    cost: 70.4711
    lifetime: 26.1355
    annual_cost: 2.696374662814945
    efficiency: 0.590823
    discharge_ratio: 0.1
    depth_of_discharge: 0.4
  Li-ion:
    cost: 158.294
    lifetime: 13.429
    annual_cost: 11.787474867823368
    efficiency: 0.90004
    discharge_ratio: 2
    depth_of_discharge: 0.9
  Pb-acid:
    cost: 144.992
    lifetime: 14.2443
    annual_cost: 10.178948772491452
    efficiency: 0.71592
    discharge_ratio: 5
    depth_of_discharge: 0.5
  VRBF:
    cost: 184.613
    lifetime: 21.4329
    annual_cost: 8.613533399586617
    efficiency: 0.76484
    discharge_ratio: 0.5
    depth_of_discharge: 1.0
