cost_values:
  wind_capex: 5000.0
  wind_opex: 100
  wind_lifetime: 20
  solar_capex: 1000.0
  solar_opex: 10
  solar_lifetime: 20
  carbon_price: 1.0
timeseries_values:
  load_level: 267740.4946146318
  wind_year: 2017
  solar_year: 2013
  price_year: 2023
  carbon_year: 2023
storage_values:
  CAES:
    cost: 69.3588
    lifetime: 24.8291
    annual_cost: 2.7934480106004647
    efficiency: 0.575935
    discharge_ratio: 0.1
    depth_of_discharge: 0.4
  Li-ion:
    cost: 144.797
    lifetime: 13.4322
    annual_cost: 10.779842468099046
    efficiency: 0.884346
    discharge_ratio: 2
    depth_of_discharge: 0.9
  Pb-acid:
    cost: 153.586
    lifetime: 13.5776
    annual_cost: 11.311719302380391
    efficiency: 0.70848
    discharge_ratio: 5
    depth_of_discharge: 0.5
  VRBF:
    cost: 165.077
    lifetime: 17.8307
    annual_cost: 9.258021277908327
    efficiency: 0.765171
    discharge_ratio: 0.5
    depth_of_discharge: 1.0
