cost_values:
  wind_capex: 5000.0
  wind_opex: 100
  wind_lifetime: 20
  solar_capex: 1000.0
  solar_opex: 10
  solar_lifetime: 20
  carbon_price: 1.0
timeseries_values:
  load_level: 238327.7131929391
  wind_year: 2014
  solar_year: 2016
  price_year: 2023
  carbon_year: 2023
storage_values:
  CAES:
    cost: 30.7323
    lifetime: 23.412
    annual_cost: 1.3126729882111738
    efficiency: 0.599095
    discharge_ratio: 0.1
    depth_of_discharge: 0.4
  Li-ion:
    cost: 209.156
    lifetime: 22.9027
    annual_cost: 9.132373038986671
    efficiency: 0.874814
    discharge_ratio: 2
    depth_of_discharge: 0.9
  Pb-acid:
    cost: 137.369
    lifetime: 12.3321
    annual_cost: 11.13914094112114
    efficiency: 0.743489
    discharge_ratio: 5
    depth_of_discharge: 0.5
  VRBF:
    cost: 334.811
    lifetime: 21.0274
    annual_cost: 15.922605742982965
    efficiency: 0.75341
    discharge_ratio: 0.5
    depth_of_discharge: 1.0
