cost_values:
  wind_capex: 5000.0
  wind_opex: 100
  wind_lifetime: 20
  solar_capex: 1000.0
  solar_opex: 10
  solar_lifetime: 20
  carbon_price: 1.0
timeseries_values:
  load_level: 238327.7131929391
  wind_year: 2014
  solar_year: 2016
  price_year: 2023
  carbon_year: 2023
storage_values:
  CAES:
    cost: 36.7696
    lifetime: 22.548
    annual_cost: 1.6307255632428597
    efficiency: 0.594028
    discharge_ratio: 0.1
    depth_of_discharge: 0.4
  Li-ion:
    cost: 219.057
    lifetime: 23.7845
    annual_cost: 9.210073787550714
    efficiency: 0.882165
    discharge_ratio: 2
    depth_of_discharge: 0.9
  Pb-acid:
    cost: 179.914
    lifetime: 12.9583
    annual_cost: 13.884074299869582
    efficiency: 0.728182
    discharge_ratio: 5
    depth_of_discharge: 0.5
  VRBF:
    cost: 293.382
    lifetime: 20.9381
    annual_cost: 14.011873092591975
    efficiency: 0.738957
    discharge_ratio: 0.5
    depth_of_discharge: 1.0
