cost_values:
  wind_capex: 5000.0
  wind_opex: 100
  wind_lifetime: 20
  solar_capex: 1000.0
  solar_opex: 10
  solar_lifetime: 20
  carbon_price: 1.0
timeseries_values:
  load_level: 238327.7131929391
  wind_year: 2014
  solar_year: 2016
  price_year: 2023
  carbon_year: 2023
storage_values:
  CAES:
    cost: 36.8222
    lifetime: 23.3363
    annual_cost: 1.5778936678050934
    efficiency: 0.602013
    discharge_ratio: 0.1
    depth_of_discharge: 0.4
  Li-ion:
    cost: 192.357
    lifetime: 24.2282
    annual_cost: 7.939384683963315
    efficiency: 0.872268
    discharge_ratio: 2
    depth_of_discharge: 0.9
  Pb-acid:
    cost: 153.968
    lifetime: 12.3642
    annual_cost: 12.452726419824977
    efficiency: 0.72732
    discharge_ratio: 5
    depth_of_discharge: 0.5
  VRBF:
    cost: 275.079
    lifetime: 19.0195
    annual_cost: 14.462998501537895
    efficiency: 0.753962
    discharge_ratio: 0.5
    depth_of_discharge: 1.0
