cost_values:
  wind_capex: 5000.0
  wind_opex: 100
  wind_lifetime: 20
  solar_capex: 1000.0
  solar_opex: 10
  solar_lifetime: 20
  carbon_price: 1.0
timeseries_values:
  load_level: 238327.7131929391
  wind_year: 2014
  solar_year: 2016
  price_year: 2023
  carbon_year: 2023
storage_values:
  CAES:
    cost: 30.951
    lifetime: 23.3799
    annual_cost: 1.323829443239706
    efficiency: 0.60343
    discharge_ratio: 0.1
    depth_of_discharge: 0.4
  Li-ion:
    cost: 208.275
    lifetime: 24.4098
    annual_cost: 8.532433694663618
    efficiency: 0.869081
    discharge_ratio: 2
    depth_of_discharge: 0.9
  Pb-acid:
    cost: 135.68
    lifetime: 11.9556
    annual_cost: 11.348656696443507
    efficiency: 0.723891
    discharge_ratio: 5
    depth_of_discharge: 0.5
  VRBF:
    cost: 283.28
    lifetime: 20.814
    annual_cost: 13.610070145094646
    efficiency: 0.733245
    discharge_ratio: 0.5
    depth_of_discharge: 1.0
