cost_values:
  wind_capex: 5000.0
  wind_opex: 100
  wind_lifetime: 20
  solar_capex: 1000.0
  solar_opex: 10
  solar_lifetime: 20
  carbon_price: 1.0
timeseries_values:
  load_level: 238327.7131929391
  wind_year: 2014
  solar_year: 2016
  price_year: 2023
  carbon_year: 2023
storage_values:
  CAES:
    cost: 34.9309
    lifetime: 22.5939
    annual_cost: 1.5460323361615302
    efficiency: 0.599582
    discharge_ratio: 0.1
    depth_of_discharge: 0.4
  Li-ion:
    cost: 221.411
    lifetime: 22.1386
    annual_cost: 10.001129249365361
    efficiency: 0.876185
    discharge_ratio: 2
    depth_of_discharge: 0.9
  Pb-acid:
    cost: 173.497
    lifetime: 11.9765
    annual_cost: 14.486452636412977
    efficiency: 0.722104
    discharge_ratio: 5
    depth_of_discharge: 0.5
  VRBF:
    cost: 261.265
    lifetime: 22.3164
    annual_cost: 11.707309422666738
    efficiency: 0.764177
    discharge_ratio: 0.5
    depth_of_discharge: 1.0
