cost_values:
  wind_capex: 5000.0
  wind_opex: 100
  wind_lifetime: 20
  solar_capex: 1000.0
  solar_opex: 10
  solar_lifetime: 20
  carbon_price: 1.0
timeseries_values:
  load_level: 238327.7131929391
  wind_year: 2014
  solar_year: 2016
  price_year: 2023
  carbon_year: 2023
storage_values:
  CAES:
    cost: 26.699
    lifetime: 23.9016
    annual_cost: 1.1170381899119726
    efficiency: 0.604329
    discharge_ratio: 0.1
    depth_of_discharge: 0.4
  Li-ion:
    cost: 216.655
    lifetime: 24.1686
    annual_cost: 8.96431733737163
    efficiency: 0.874482
    discharge_ratio: 2
    depth_of_discharge: 0.9
  Pb-acid:
    cost: 150.423
    lifetime: 12.2747
    annual_cost: 12.254719056270215
    efficiency: 0.735426
    discharge_ratio: 5
    depth_of_discharge: 0.5
  VRBF:
    cost: 284.191
    lifetime: 20.3325
    annual_cost: 13.977179392598057
    efficiency: 0.771114
    discharge_ratio: 0.5
    depth_of_discharge: 1.0
