cost_values:
  wind_capex: 5000.0
  wind_opex: 100
  wind_lifetime: 20
  solar_capex: 1000.0
  solar_opex: 10
  solar_lifetime: 20
  carbon_price: 1.0
timeseries_values:
  load_level: 238327.7131929391
  wind_year: 2014
  solar_year: 2016
  price_year: 2023
  carbon_year: 2023
storage_values:
  CAES:
    cost: 32.671
    lifetime: 22.2002
    annual_cost: 1.4716534085278512
    efficiency: 0.594299
    discharge_ratio: 0.1
    depth_of_discharge: 0.4
  Li-ion:
    cost: 233.22
    lifetime: 21.7415
    annual_cost: 10.726950762366902
    efficiency: 0.874429
    discharge_ratio: 2
    depth_of_discharge: 0.9
  Pb-acid:
    cost: 177.734
    lifetime: 13.0023
    annual_cost: 13.66942771663475
    efficiency: 0.722291
    discharge_ratio: 5
    depth_of_discharge: 0.5
  VRBF:
    cost: 248.779
    lifetime: 21.4473
    annual_cost: 11.599548661136835
    efficiency: 0.756562
    discharge_ratio: 0.5
    depth_of_discharge: 1.0
