cost_values:
  wind_capex: 5000.0
  wind_opex: 100
  wind_lifetime: 20
  solar_capex: 1000.0
  solar_opex: 10
  solar_lifetime: 20
  carbon_price: 1.0
timeseries_values:
  load_level: 238327.7131929391
  wind_year: 2014
  solar_year: 2016
  price_year: 2023
  carbon_year: 2023
storage_values:
  CAES:
    cost: 25.1589
    lifetime: 22.1078
    annual_cost: 1.1380101140773844
    efficiency: 0.60534
    discharge_ratio: 0.1
    depth_of_discharge: 0.4
  Li-ion:
    cost: 201.43
    lifetime: 23.0163
    annual_cost: 8.751623849185142
    efficiency: 0.882234
    discharge_ratio: 2
    depth_of_discharge: 0.9
  Pb-acid:
    cost: 173.651
    lifetime: 12.2323
    annual_cost: 14.196103758083108
    efficiency: 0.733016
    discharge_ratio: 5
    depth_of_discharge: 0.5
  VRBF:
    cost: 247.848
    lifetime: 22.0809
    annual_cost: 11.22454247788813
    efficiency: 0.749985
    discharge_ratio: 0.5
    depth_of_discharge: 1.0
