cost_values:
  wind_capex: 5000.0
  wind_opex: 100
  wind_lifetime: 20
  solar_capex: 1000.0
  solar_opex: 10
  solar_lifetime: 20
  carbon_price: 1.0
timeseries_values:
  load_level: 238327.7131929391
  wind_year: 2014
  solar_year: 2016
  price_year: 2023
  carbon_year: 2023
storage_values:
  CAES:
    cost: 40.4752
    lifetime: 22.9772
    annual_cost: 1.7615375241543791
    efficiency: 0.597515
    discharge_ratio: 0.1
    depth_of_discharge: 0.4
  Li-ion:
    cost: 193.268
    lifetime: 23.2221
    annual_cost: 8.32258925764681
    efficiency: 0.878764
    discharge_ratio: 2
    depth_of_discharge: 0.9
  Pb-acid:
    cost: 151.535
    lifetime: 12.584
    annual_cost: 12.041878575969486
    efficiency: 0.730701
    discharge_ratio: 5
    depth_of_discharge: 0.5
  VRBF:
    cost: 277.323
    lifetime: 18.4705
    annual_cost: 15.01437427248856
    efficiency: 0.741022
    discharge_ratio: 0.5
    depth_of_discharge: 1.0
