cost_values:
  wind_capex: 5000.0
  wind_opex: 100
  wind_lifetime: 20
  solar_capex: 1000.0
  solar_opex: 10
  solar_lifetime: 20
  carbon_price: 1.0
timeseries_values:
  load_level: 238327.7131929391
  wind_year: 2014
  solar_year: 2016
  price_year: 2023
  carbon_year: 2023
storage_values:
  CAES:
    cost: 29.5013
    lifetime: 22.9342
    annual_cost: 1.2863452834631248
    efficiency: 0.59759
    discharge_ratio: 0.1
    depth_of_discharge: 0.4
  Li-ion:
    cost: 198.559
    lifetime: 25.2639
    annual_cost: 7.85939621356956
    efficiency: 0.869323
    discharge_ratio: 2
    depth_of_discharge: 0.9
  Pb-acid:
    cost: 180.11
    lifetime: 11.9156
    annual_cost: 15.11547886803854
    efficiency: 0.73473
    discharge_ratio: 5
    depth_of_discharge: 0.5
  VRBF:
    cost: 276.187
    lifetime: 20.5363
    annual_cost: 13.448722506001568
    efficiency: 0.740353
    discharge_ratio: 0.5
    depth_of_discharge: 1.0
