cost_values:
  wind_capex: 5000.0
  wind_opex: 100
  wind_lifetime: 20
  solar_capex: 1000.0
  solar_opex: 10
  solar_lifetime: 20
  carbon_price: 1.0
timeseries_values:
  load_level: 238327.7131929391
  wind_year: 2014
  solar_year: 2016
  price_year: 2023
  carbon_year: 2023
storage_values:
  CAES:
    cost: 28.2738
    lifetime: 22.5757
    annual_cost: 1.252399704106628
    efficiency: 0.606587
    discharge_ratio: 0.1
    depth_of_discharge: 0.4
  Li-ion:
    cost: 203.67
    lifetime: 24.0922
    annual_cost: 8.453773420443131
    efficiency: 0.86464
    discharge_ratio: 2
    depth_of_discharge: 0.9
  Pb-acid:
    cost: 177.185
    lifetime: 12.0516
    annual_cost: 14.702197218626573
    efficiency: 0.715722
    discharge_ratio: 5
    depth_of_discharge: 0.5
  VRBF:
    cost: 251.897
    lifetime: 20.5609
    annual_cost: 12.2512633201854
    efficiency: 0.745125
    discharge_ratio: 0.5
    depth_of_discharge: 1.0
