cost_values:
  wind_capex: 5000.0
  wind_opex: 100
  wind_lifetime: 20
  solar_capex: 1000.0
  solar_opex: 10
  solar_lifetime: 20
  carbon_price: 1.0
timeseries_values:
  load_level: 238327.7131929391
  wind_year: 2014
  solar_year: 2016
  price_year: 2023
  carbon_year: 2023
storage_values:
  CAES:
    cost: 29.406
    lifetime: 23.6661
    annual_cost: 1.2425367931344835
    efficiency: 0.602094
    discharge_ratio: 0.1
    depth_of_discharge: 0.4
  Li-ion:
    cost: 207.931
    lifetime: 23.0597
    annual_cost: 9.017073075538711
    efficiency: 0.881573
    discharge_ratio: 2
    depth_of_discharge: 0.9
  Pb-acid:
    cost: 151.646
    lifetime: 10.6204
    annual_cost: 14.278746563217956
    efficiency: 0.722269
    discharge_ratio: 5
    depth_of_discharge: 0.5
  VRBF:
    cost: 270.774
    lifetime: 20.6036
    annual_cost: 13.142072259216835
    efficiency: 0.725785
    discharge_ratio: 0.5
    depth_of_discharge: 1.0
