cost_values:
  wind_capex: 5000.0
  wind_opex: 100
  wind_lifetime: 20
  solar_capex: 1000.0
  solar_opex: 10
  solar_lifetime: 20
  carbon_price: 1.0
timeseries_values:
  load_level: 238327.7131929391
  wind_year: 2014
  solar_year: 2016
  price_year: 2023
  carbon_year: 2023
storage_values:
  CAES:
    cost: 33.8035
    lifetime: 22.9319
    annual_cost: 1.4740819557036269
    efficiency: 0.593023
    discharge_ratio: 0.1
    depth_of_discharge: 0.4
  Li-ion:
    cost: 205.581
    lifetime: 23.3202
    annual_cost: 8.81557619574446
    efficiency: 0.865592
    discharge_ratio: 2
    depth_of_discharge: 0.9
  Pb-acid:
    cost: 162.662
    lifetime: 10.9815
    annual_cost: 14.81236625233347
    efficiency: 0.716732
    discharge_ratio: 5
    depth_of_discharge: 0.5
  VRBF:
    cost: 271.373
    lifetime: 21.1263
    annual_cost: 12.845268693524185
    efficiency: 0.749293
    discharge_ratio: 0.5
    depth_of_discharge: 1.0
