cost_values:
  wind_capex: 5000.0
  wind_opex: 100
  wind_lifetime: 20
  solar_capex: 1000.0
  solar_opex: 10
  solar_lifetime: 20
  carbon_price: 1.0
timeseries_values:
  load_level: 238327.7131929391
  wind_year: 2014
  solar_year: 2016
  price_year: 2023
  carbon_year: 2023
storage_values:
  CAES:
    cost: 33.2004
    lifetime: 23.5739
    annual_cost: 1.4083541543826013
    efficiency: 0.608569
    discharge_ratio: 0.1
    depth_of_discharge: 0.4
  Li-ion:
    cost: 210.497
    lifetime: 26.338
    annual_cost: 7.992140633305491
    efficiency: 0.865652
    discharge_ratio: 2
    depth_of_discharge: 0.9
  Pb-acid:
    cost: 126.947
    lifetime: 13.1152
    annual_cost: 9.679379651091864
    efficiency: 0.72552
    discharge_ratio: 5
    depth_of_discharge: 0.5
  VRBF:
    cost: 276.573
    lifetime: 20.039
    annual_cost: 13.801736613603472
    efficiency: 0.733031
    discharge_ratio: 0.5
    depth_of_discharge: 1.0
