cost_values:
  wind_capex: 5000.0
  wind_opex: 100
  wind_lifetime: 20
  solar_capex: 1000.0
  solar_opex: 10
  solar_lifetime: 20
  carbon_price: 1.0
timeseries_values:
  load_level: 238327.7131929391
  wind_year: 2014
  solar_year: 2016
  price_year: 2023
  carbon_year: 2023
storage_values:
  CAES:
    cost: 33.2933
    lifetime: 23.4768
    annual_cost: 1.4181362025488993
    efficiency: 0.593749
    discharge_ratio: 0.1
    depth_of_discharge: 0.4
  Li-ion:
    cost: 166.507
    lifetime: 24.2484
    annual_cost: 6.866721103248049
    efficiency: 0.862483
    discharge_ratio: 2
    depth_of_discharge: 0.9
  Pb-acid:
    cost: 153.756
    lifetime: 11.9184
    annual_cost: 12.900724929520742
    efficiency: 0.723916
    discharge_ratio: 5
    depth_of_discharge: 0.5
  VRBF:
    cost: 265.773
    lifetime: 21.2973
    annual_cost: 12.479187502641182
    efficiency: 0.751605
    discharge_ratio: 0.5
    depth_of_discharge: 1.0
