cost_values:
  wind_capex: 5000.0
  wind_opex: 100
  wind_lifetime: 20
  solar_capex: 1000.0
  solar_opex: 10
  solar_lifetime: 20
  carbon_price: 1.0
timeseries_values:
  load_level: 238327.7131929391
  wind_year: 2014
  solar_year: 2016
  price_year: 2023
  carbon_year: 2023
storage_values:
  CAES:
    cost: 36.6458
    lifetime: 22.9196
    annual_cost: 1.5988847972914013
    efficiency: 0.606067
    discharge_ratio: 0.1
    depth_of_discharge: 0.4
  Li-ion:
    cost: 217.002
    lifetime: 25.4133
    annual_cost: 8.53891466279468
    efficiency: 0.878274
    discharge_ratio: 2
    depth_of_discharge: 0.9
  Pb-acid:
    cost: 178.476
    lifetime: 11.8431
    annual_cost: 15.070040783240875
    efficiency: 0.731748
    discharge_ratio: 5
    depth_of_discharge: 0.5
  VRBF:
    cost: 275.574
    lifetime: 22.2798
    annual_cost: 12.368782484582447
    efficiency: 0.760678
    discharge_ratio: 0.5
    depth_of_discharge: 1.0
