cost_values:
  wind_capex: 5000.0
  wind_opex: 100
  wind_lifetime: 20
  solar_capex: 1000.0
  solar_opex: 10
  solar_lifetime: 20
  carbon_price: 1.0
timeseries_values:
  load_level: 238327.7131929391
  wind_year: 2014
  solar_year: 2016
  price_year: 2023
  carbon_year: 2023
storage_values:
  CAES:
    cost: 27.5168
    lifetime: 22.0436
    annual_cost: 1.2482897530348944
    efficiency: 0.603364
    discharge_ratio: 0.1
    depth_of_discharge: 0.4
  Li-ion:
    cost: 223.592
    lifetime: 25.8075
    annual_cost: 8.663838031579967
    efficiency: 0.879835
    discharge_ratio: 2
    depth_of_discharge: 0.9
  Pb-acid:
    cost: 171.882
    lifetime: 13.3183
    annual_cost: 12.905701178078283
    efficiency: 0.724183
    discharge_ratio: 5
    depth_of_discharge: 0.5
  VRBF:
    cost: 265.27
    lifetime: 19.5946
    annual_cost: 13.53791350678248
    efficiency: 0.771993
    discharge_ratio: 0.5
    depth_of_discharge: 1.0
