cost_values:
  wind_capex: 5000.0
  wind_opex: 100
  wind_lifetime: 20
  solar_capex: 1000.0
  solar_opex: 10
  solar_lifetime: 20
  carbon_price: 1.0
timeseries_values:
  load_level: 238327.7131929391
  wind_year: 2014
  solar_year: 2016
  price_year: 2023
  carbon_year: 2023
storage_values:
  CAES:
    cost: 37.3788
    lifetime: 23.7673
    annual_cost: 1.5726986237393394
    efficiency: 0.607945
    discharge_ratio: 0.1
    depth_of_discharge: 0.4
  Li-ion:
    cost: 205.899
    lifetime: 26.1396
    annual_cost: 7.876899416976541
    efficiency: 0.873177
    discharge_ratio: 2
    depth_of_discharge: 0.9
  Pb-acid:
    cost: 152.042
    lifetime: 12.7963
    annual_cost: 11.881715808475887
    efficiency: 0.718743
    discharge_ratio: 5
    depth_of_discharge: 0.5
  VRBF:
    cost: 312.411
    lifetime: 20.4043
    annual_cost: 15.311037379375916
    efficiency: 0.748891
    discharge_ratio: 0.5
    depth_of_discharge: 1.0
