cost_values:
  wind_capex: 5000.0
  wind_opex: 100
  wind_lifetime: 20
  solar_capex: 1000.0
  solar_opex: 10
  solar_lifetime: 20
  carbon_price: 1.0
timeseries_values:
  load_level: 238327.7131929391
  wind_year: 2014
  solar_year: 2016
  price_year: 2023
  carbon_year: 2023
storage_values:
  CAES:
    cost: 26.8837
    lifetime: 22.4383
    annual_cost: 1.1981166131124015
    efficiency: 0.610788
    discharge_ratio: 0.1
    depth_of_discharge: 0.4
  Li-ion:
    cost: 201.652
    lifetime: 28.8983
    annual_cost: 6.977988324572726
    efficiency: 0.873169
    discharge_ratio: 2
    depth_of_discharge: 0.9
  Pb-acid:
    cost: 149.377
    lifetime: 13.8865
    annual_cost: 10.756994203002918
    efficiency: 0.733295
    discharge_ratio: 5
    depth_of_discharge: 0.5
  VRBF:
    cost: 272.156
    lifetime: 19.5807
    annual_cost: 13.899196657933578
    efficiency: 0.736736
    discharge_ratio: 0.5
    depth_of_discharge: 1.0
