cost_values:
  wind_capex: 5000.0
  wind_opex: 100
  wind_lifetime: 20
  solar_capex: 1000.0
  solar_opex: 10
  solar_lifetime: 20
  carbon_price: 1.0
timeseries_values:
  load_level: 238327.7131929391
  wind_year: 2014
  solar_year: 2016
  price_year: 2023
  carbon_year: 2023
storage_values:
  CAES:
    cost: 26.6231
    lifetime: 22.663
    annual_cost: 1.1747385606495169
    efficiency: 0.606916
    discharge_ratio: 0.1
    depth_of_discharge: 0.4
  Li-ion:
    cost: 221.659
    lifetime: 24.0184
    annual_cost: 9.228716317489924
    efficiency: 0.872332
    discharge_ratio: 2
    depth_of_discharge: 0.9
  Pb-acid:
    cost: 168.775
    lifetime: 11.941
    annual_cost: 14.134075873042459
    efficiency: 0.729503
    discharge_ratio: 5
    depth_of_discharge: 0.5
  VRBF:
    cost: 270.143
    lifetime: 20.0792
    annual_cost: 13.45387266424957
    efficiency: 0.748595
    discharge_ratio: 0.5
    depth_of_discharge: 1.0
