cost_values:
  wind_capex: 5000.0
  wind_opex: 100
  wind_lifetime: 20
  solar_capex: 1000.0
  solar_opex: 10
  solar_lifetime: 20
  carbon_price: 1.0
timeseries_values:
  load_level: 238327.7131929391
  wind_year: 2014
  solar_year: 2016
  price_year: 2023
  carbon_year: 2023
storage_values:
  CAES:
    cost: 36.1001
    lifetime: 21.8888
    annual_cost: 1.64924984466942
    efficiency: 0.614763
    discharge_ratio: 0.1
    depth_of_discharge: 0.4
  Li-ion:
    cost: 216.795
    lifetime: 25.592
    annual_cost: 8.471201938105658
    efficiency: 0.879609
    discharge_ratio: 2
    depth_of_discharge: 0.9
  Pb-acid:
    cost: 148.055
    lifetime: 12.6334
    annual_cost: 11.71933129640477
    efficiency: 0.708589
    discharge_ratio: 5
    depth_of_discharge: 0.5
  VRBF:
    cost: 278.973
    lifetime: 22.0176
    annual_cost: 12.670454545454545
    efficiency: 0.75456
    discharge_ratio: 0.5
    depth_of_discharge: 1.0
