cost_values:
  wind_capex: 5000.0
  wind_opex: 100
  wind_lifetime: 20
  solar_capex: 1000.0
  solar_opex: 10
  solar_lifetime: 20
  carbon_price: 1.0
timeseries_values:
  load_level: 238327.7131929391
  wind_year: 2014
  solar_year: 2016
  price_year: 2023
  carbon_year: 2023
storage_values:
  CAES:
    cost: 34.6106
    lifetime: 23.4419
    annual_cost: 1.4764417560010066
    efficiency: 0.597156
    discharge_ratio: 0.1
    depth_of_discharge: 0.4
  Li-ion:
    cost: 180.695
    lifetime: 23.3614
    annual_cost: 7.734767608105678
    efficiency: 0.891957
    discharge_ratio: 2
    depth_of_discharge: 0.9
  Pb-acid:
    cost: 176.729
    lifetime: 12.5035
    annual_cost: 14.13436237853401
    efficiency: 0.726066
    discharge_ratio: 5
    depth_of_discharge: 0.5
  VRBF:
    cost: 272.571
    lifetime: 20.4209
    annual_cost: 13.347648732426094
    efficiency: 0.775498
    discharge_ratio: 0.5
    depth_of_discharge: 1.0
