cost_values:
  wind_capex: 5000.0
  wind_opex: 100
  wind_lifetime: 20
  solar_capex: 1000.0
  solar_opex: 10
  solar_lifetime: 20
  carbon_price: 1.0
timeseries_values:
  load_level: 238327.7131929391
  wind_year: 2014
  solar_year: 2016
  price_year: 2023
  carbon_year: 2023
storage_values:
  CAES:
    cost: 39.089
    lifetime: 22.5086
    annual_cost: 1.7366251121793446
    efficiency: 0.609882
    discharge_ratio: 0.1
    depth_of_discharge: 0.4
  Li-ion:
    cost: 186.411
    lifetime: 24.1413
    annual_cost: 7.721663704937182
    efficiency: 0.86939
    discharge_ratio: 2
    depth_of_discharge: 0.9
  Pb-acid:
    cost: 139.501
    lifetime: 14.4341
    annual_cost: 9.664682938319674
    efficiency: 0.732108
    discharge_ratio: 5
    depth_of_discharge: 0.5
  VRBF:
    cost: 252.842
    lifetime: 23.1594
    annual_cost: 10.917467637330846
    efficiency: 0.754248
    discharge_ratio: 0.5
    depth_of_discharge: 1.0
