cost_values:
  wind_capex: 5000.0
  wind_opex: 100
  wind_lifetime: 20
  solar_capex: 1000.0
  solar_opex: 10
  solar_lifetime: 20
  carbon_price: 1.0
timeseries_values:
  load_level: 238327.7131929391
  wind_year: 2014
  solar_year: 2016
  price_year: 2023
  carbon_year: 2023
storage_values:
  CAES:
    cost: 25.3112
    lifetime: 23.3004
    annual_cost: 1.0862989476575509
    efficiency: 0.591366
    discharge_ratio: 0.1
    depth_of_discharge: 0.4
  Li-ion:
    cost: 206.992
    lifetime: 23.2457
    annual_cost: 8.904528579479216
    efficiency: 0.864449
    discharge_ratio: 2
    depth_of_discharge: 0.9
  Pb-acid:
    cost: 162.002
    lifetime: 12.8196
    annual_cost: 12.637055758369998
    efficiency: 0.723659
    discharge_ratio: 5
    depth_of_discharge: 0.5
  VRBF:
    cost: 265.565
    lifetime: 20.1173
    annual_cost: 13.200827148772449
    efficiency: 0.739121
    discharge_ratio: 0.5
    depth_of_discharge: 1.0
