cost_values:
  wind_capex: 5000.0
  wind_opex: 100
  wind_lifetime: 20
  solar_capex: 1000.0
  solar_opex: 10
  solar_lifetime: 20
  carbon_price: 1.0
timeseries_values:
  load_level: 238327.7131929391
  wind_year: 2014
  solar_year: 2016
  price_year: 2023
  carbon_year: 2023
storage_values:
  CAES:
    cost: 39.8308
    lifetime: 23.0788
    annual_cost: 1.7258609633083177
    efficiency: 0.608013
    discharge_ratio: 0.1
    depth_of_discharge: 0.4
  Li-ion:
    cost: 213.6
    lifetime: 26.078
    annual_cost: 8.190812178848072
    efficiency: 0.876718
    discharge_ratio: 2
    depth_of_discharge: 0.9
  Pb-acid:
    cost: 148.077
    lifetime: 12.9513
    annual_cost: 11.433369623126636
    efficiency: 0.713115
    discharge_ratio: 5
    depth_of_discharge: 0.5
  VRBF:
    cost: 260.954
    lifetime: 22.1591
    annual_cost: 11.776380809689925
    efficiency: 0.783073
    discharge_ratio: 0.5
    depth_of_discharge: 1.0
