cost_values:
  wind_capex: 5000.0
  wind_opex: 100
  wind_lifetime: 20
  solar_capex: 1000.0
  solar_opex: 10
  solar_lifetime: 20
  carbon_price: 1.0
timeseries_values:
  load_level: 238327.7131929391
  wind_year: 2014
  solar_year: 2016
  price_year: 2023
  carbon_year: 2023
storage_values:
  CAES:
    cost: 28.7745
    lifetime: 22.7549
    annual_cost: 1.264540824174134
    efficiency: 0.603573
    discharge_ratio: 0.1
    depth_of_discharge: 0.4
  Li-ion:
    cost: 192.95
    lifetime: 21.9752
    annual_cost: 8.780352397247805
    efficiency: 0.864429
    discharge_ratio: 2
    depth_of_discharge: 0.9
  Pb-acid:
    cost: 149.841
    lifetime: 14.6417
    annual_cost: 10.233852626402673
    efficiency: 0.741468
    discharge_ratio: 5
    depth_of_discharge: 0.5
  VRBF:
    cost: 281.811
    lifetime: 19.906
    annual_cost: 14.15708831508088
    efficiency: 0.733763
    discharge_ratio: 0.5
    depth_of_discharge: 1.0
