cost_values:
  wind_capex: 5000.0
  wind_opex: 100
  wind_lifetime: 20
  solar_capex: 1000.0
  solar_opex: 10
  solar_lifetime: 20
  carbon_price: 1.0
timeseries_values:
  load_level: 238327.7131929391
  wind_year: 2014
  solar_year: 2016
  price_year: 2023
  carbon_year: 2023
storage_values:
  CAES:
    cost: 34.4292
    lifetime: 22.8921
    annual_cost: 1.503977354633258
    efficiency: 0.601969
    discharge_ratio: 0.1
    depth_of_discharge: 0.4
  Li-ion:
    cost: 200.832
    lifetime: 24.0574
    annual_cost: 8.348034284669165
    efficiency: 0.869455
    discharge_ratio: 2
    depth_of_discharge: 0.9
  Pb-acid:
    cost: 167.498
    lifetime: 12.1554
    annual_cost: 13.779719301709527
    efficiency: 0.737524
    discharge_ratio: 5
    depth_of_discharge: 0.5
  VRBF:
    cost: 272.519
    lifetime: 19.6051
    annual_cost: 13.900413667872135
    efficiency: 0.753915
    discharge_ratio: 0.5
    depth_of_discharge: 1.0
