cost_values:
  wind_capex: 5000.0
  wind_opex: 100
  wind_lifetime: 20
  solar_capex: 1000.0
  solar_opex: 10
  solar_lifetime: 20
  carbon_price: 1.0
timeseries_values:
  load_level: 238327.7131929391
  wind_year: 2014
  solar_year: 2016
  price_year: 2023
  carbon_year: 2023
storage_values:
  CAES:
    cost: 35.0863
    lifetime: 23.2138
    annual_cost: 1.5114414701599912
    efficiency: 0.609558
    discharge_ratio: 0.1
    depth_of_discharge: 0.4
  Li-ion:
    cost: 217.004
    lifetime: 22.4969
    annual_cost: 9.645951219945859
    efficiency: 0.857782
    discharge_ratio: 2
    depth_of_discharge: 0.9
  Pb-acid:
    cost: 157.244
    lifetime: 12.1456
    annual_cost: 12.94658147806613
    efficiency: 0.73406
    discharge_ratio: 5
    depth_of_discharge: 0.5
  VRBF:
    cost: 269.577
    lifetime: 23.0179
    annual_cost: 11.711624431420763
    efficiency: 0.755271
    discharge_ratio: 0.5
    depth_of_discharge: 1.0
