cost_values:
  wind_capex: 5000.0
  wind_opex: 100
  wind_lifetime: 20
  solar_capex: 1000.0
  solar_opex: 10
  solar_lifetime: 20
  carbon_price: 1.0
timeseries_values:
  load_level: 238327.7131929391
  wind_year: 2014
  solar_year: 2016
  price_year: 2023
  carbon_year: 2023
storage_values:
  CAES:
    cost: 35.8298
    lifetime: 22.4919
    annual_cost: 1.5930090388095268
    efficiency: 0.602517
    discharge_ratio: 0.1
    depth_of_discharge: 0.4
  Li-ion:
    cost: 205.898
    lifetime: 23.8085
    annual_cost: 8.648087867778315
    efficiency: 0.859479
    discharge_ratio: 2
    depth_of_discharge: 0.9
  Pb-acid:
    cost: 186.459
    lifetime: 12.1011
    annual_cost: 15.408433944021617
    efficiency: 0.742794
    discharge_ratio: 5
    depth_of_discharge: 0.5
  VRBF:
    cost: 267.867
    lifetime: 21.9579
    annual_cost: 12.199117401937345
    efficiency: 0.746738
    discharge_ratio: 0.5
    depth_of_discharge: 1.0
