cost_values:
  wind_capex: 5000.0
  wind_opex: 100
  wind_lifetime: 20
  solar_capex: 1000.0
  solar_opex: 10
  solar_lifetime: 20
  carbon_price: 1.0
timeseries_values:
  load_level: 238327.7131929391
  wind_year: 2014
  solar_year: 2016
  price_year: 2023
  carbon_year: 2023
storage_values:
  CAES:
    cost: 26.6305
    lifetime: 23.7742
    annual_cost: 1.1201428439232446
    efficiency: 0.605515
    discharge_ratio: 0.1
    depth_of_discharge: 0.4
  Li-ion:
    cost: 193.474
    lifetime: 23.3996
    annual_cost: 8.26826099591446
    efficiency: 0.871019
    discharge_ratio: 2
    depth_of_discharge: 0.9
  Pb-acid:
    cost: 150.611
    lifetime: 12.5493
    annual_cost: 12.00154590295873
    efficiency: 0.728899
    discharge_ratio: 5
    depth_of_discharge: 0.5
  VRBF:
    cost: 282.967
    lifetime: 21.1307
    annual_cost: 13.391274307050876
    efficiency: 0.744369
    discharge_ratio: 0.5
    depth_of_discharge: 1.0
