cost_values:
  wind_capex: 5000.0
  wind_opex: 100
  wind_lifetime: 20
  solar_capex: 1000.0
  solar_opex: 10
  solar_lifetime: 20
  carbon_price: 1.0
timeseries_values:
  load_level: 238327.7131929391
  wind_year: 2014
  solar_year: 2016
  price_year: 2023
  carbon_year: 2023
storage_values:
  CAES:
    cost: 37.3426
    lifetime: 23.2365
    annual_cost: 1.6070664687022571
    efficiency: 0.613698
    discharge_ratio: 0.1
    depth_of_discharge: 0.4
  Li-ion:
    cost: 194.44
    lifetime: 23.6366
    annual_cost: 8.226225430053391
    efficiency: 0.871871
    discharge_ratio: 2
    depth_of_discharge: 0.9
  Pb-acid:
    cost: 179.327
    lifetime: 11.8367
    annual_cost: 15.150084060591212
    efficiency: 0.746996
    discharge_ratio: 5
    depth_of_discharge: 0.5
  VRBF:
    cost: 248.613
    lifetime: 18.9367
    annual_cost: 13.128633816874114
    efficiency: 0.759065
    discharge_ratio: 0.5
    depth_of_discharge: 1.0
