cost_values:
  wind_capex: 5000.0
  wind_opex: 100
  wind_lifetime: 20
  solar_capex: 1000.0
  solar_opex: 10
  solar_lifetime: 20
  carbon_price: 1.0
timeseries_values:
  load_level: 238327.7131929391
  wind_year: 2014
  solar_year: 2016
  price_year: 2023
  carbon_year: 2023
storage_values:
  CAES:
    cost: 35.8876
    lifetime: 24.0196
    annual_cost: 1.4940964878682408
    efficiency: 0.605339
    discharge_ratio: 0.1
    depth_of_discharge: 0.4
  Li-ion:
    cost: 225.414
    lifetime: 21.4103
    annual_cost: 10.528297128017822
    efficiency: 0.880814
    discharge_ratio: 2
    depth_of_discharge: 0.9
  Pb-acid:
    cost: 154.958
    lifetime: 12.4445
    annual_cost: 12.451926553899312
    efficiency: 0.732433
    discharge_ratio: 5
    depth_of_discharge: 0.5
  VRBF:
    cost: 282.002
    lifetime: 20.4523
    annual_cost: 13.788278090972653
    efficiency: 0.743545
    discharge_ratio: 0.5
    depth_of_discharge: 1.0
