cost_values:
  wind_capex: 5000.0
  wind_opex: 100
  wind_lifetime: 20
  solar_capex: 1000.0
  solar_opex: 10
  solar_lifetime: 20
  carbon_price: 1.0
timeseries_values:
  load_level: 238327.7131929391
  wind_year: 2014
  solar_year: 2016
  price_year: 2023
  carbon_year: 2023
storage_values:
  CAES:
    cost: 27.1398
    lifetime: 22.7256
    annual_cost: 1.1942390959974654
    efficiency: 0.617231
    discharge_ratio: 0.1
    depth_of_discharge: 0.4
  Li-ion:
    cost: 206.262
    lifetime: 24.3458
    annual_cost: 8.472180006407676
    efficiency: 0.878335
    discharge_ratio: 2
    depth_of_discharge: 0.9
  Pb-acid:
    cost: 155.861
    lifetime: 11.9023
    annual_cost: 13.095032052628483
    efficiency: 0.728553
    discharge_ratio: 5
    depth_of_discharge: 0.5
  VRBF:
    cost: 262.208
    lifetime: 20.3572
    annual_cost: 12.880356827068558
    efficiency: 0.75767
    discharge_ratio: 0.5
    depth_of_discharge: 1.0
