cost_values:
  wind_capex: 5000.0
  wind_opex: 100
  wind_lifetime: 20
  solar_capex: 1000.0
  solar_opex: 10
  solar_lifetime: 20
  carbon_price: 1.0
timeseries_values:
  load_level: 238327.7131929391
  wind_year: 2014
  solar_year: 2016
  price_year: 2023
  carbon_year: 2023
storage_values:
  CAES:
    cost: 28.6502
    lifetime: 22.6605
    annual_cost: 1.2643233820966
    efficiency: 0.605862
    discharge_ratio: 0.1
    depth_of_discharge: 0.4
  Li-ion:
    cost: 216.687
    lifetime: 23.9841
    annual_cost: 9.034610429409483
    efficiency: 0.880363
    discharge_ratio: 2
    depth_of_discharge: 0.9
  Pb-acid:
    cost: 138.865
    lifetime: 12.6131
    annual_cost: 11.00958527245483
    efficiency: 0.725864
    discharge_ratio: 5
    depth_of_discharge: 0.5
  VRBF:
    cost: 279.235
    lifetime: 20.9235
    annual_cost: 13.345520586899898
    efficiency: 0.758392
    discharge_ratio: 0.5
    depth_of_discharge: 1.0
