cost_values:
  wind_capex: 5000.0
  wind_opex: 100
  wind_lifetime: 20
  solar_capex: 1000.0
  solar_opex: 10
  solar_lifetime: 20
  carbon_price: 1.0
timeseries_values:
  load_level: 238327.7131929391
  wind_year: 2014
  solar_year: 2016
  price_year: 2023
  carbon_year: 2023
storage_values:
  CAES:
    cost: 27.7571
    lifetime: 23.1107
    annual_cost: 1.201049730211547
    efficiency: 0.604137
    discharge_ratio: 0.1
    depth_of_discharge: 0.4
  Li-ion:
    cost: 213.386
    lifetime: 23.543
    annual_cost: 9.063670730153337
    efficiency: 0.876209
    discharge_ratio: 2
    depth_of_discharge: 0.9
  Pb-acid:
    cost: 152.926
    lifetime: 12.0657
    annual_cost: 12.674440770116943
    efficiency: 0.735428
    discharge_ratio: 5
    depth_of_discharge: 0.5
  VRBF:
    cost: 275.124
    lifetime: 21.4749
    annual_cost: 12.811421706271043
    efficiency: 0.734368
    discharge_ratio: 0.5
    depth_of_discharge: 1.0
