cost_values:
  wind_capex: 5000.0
  wind_opex: 100
  wind_lifetime: 20
  solar_capex: 1000.0
  solar_opex: 10
  solar_lifetime: 20
  carbon_price: 1.0
timeseries_values:
  load_level: 238327.7131929391
  wind_year: 2014
  solar_year: 2016
  price_year: 2023
  carbon_year: 2023
storage_values:
  CAES:
    cost: 40.2059
    lifetime: 22.1502
    annual_cost: 1.815148395951278
    efficiency: 0.6097
    discharge_ratio: 0.1
    depth_of_discharge: 0.4
  Li-ion:
    cost: 221.858
    lifetime: 25.0579
    annual_cost: 8.85381456546638
    efficiency: 0.881663
    discharge_ratio: 2
    depth_of_discharge: 0.9
  Pb-acid:
    cost: 171.339
    lifetime: 12.2395
    annual_cost: 13.998856162424936
    efficiency: 0.726412
    discharge_ratio: 5
    depth_of_discharge: 0.5
  VRBF:
    cost: 265.436
    lifetime: 19.3298
    annual_cost: 13.731957909548987
    efficiency: 0.750527
    discharge_ratio: 0.5
    depth_of_discharge: 1.0
