cost_values:
  wind_capex: 5000.0
  wind_opex: 100
  wind_lifetime: 20
  solar_capex: 1000.0
  solar_opex: 10
  solar_lifetime: 20
  carbon_price: 1.0
timeseries_values:
  load_level: 238327.7131929391
  wind_year: 2014
  solar_year: 2016
  price_year: 2023
  carbon_year: 2023
storage_values:
  CAES:
    cost: 36.3337
    lifetime: 22.9717
    annual_cost: 1.581672231484827
    efficiency: 0.602315
    discharge_ratio: 0.1
    depth_of_discharge: 0.4
  Li-ion:
    cost: 207.175
    lifetime: 24.269
    annual_cost: 8.536610490749517
    efficiency: 0.874052
    discharge_ratio: 2
    depth_of_discharge: 0.9
  Pb-acid:
    cost: 168.363
    lifetime: 12.7531
    annual_cost: 13.201731343751716
    efficiency: 0.728557
    discharge_ratio: 5
    depth_of_discharge: 0.5
  VRBF:
    cost: 237.479
    lifetime: 21.774
    annual_cost: 10.906539909984385
    efficiency: 0.747174
    discharge_ratio: 0.5
    depth_of_discharge: 1.0
