cost_values:
  wind_capex: 5000.0
  wind_opex: 100
  wind_lifetime: 20
  solar_capex: 1000.0
  solar_opex: 10
  solar_lifetime: 20
  carbon_price: 1.0
timeseries_values:
  load_level: 238327.7131929391
  wind_year: 2014
  solar_year: 2016
  price_year: 2023
  carbon_year: 2023
storage_values:
  CAES:
    cost: 27.6807
    lifetime: 22.4932
    annual_cost: 1.2306252556328134
    efficiency: 0.605973
    discharge_ratio: 0.1
    depth_of_discharge: 0.4
  Li-ion:
    cost: 217.079
    lifetime: 25.8117
    annual_cost: 8.410100845740498
    efficiency: 0.881201
    discharge_ratio: 2
    depth_of_discharge: 0.9
  Pb-acid:
    cost: 164.808
    lifetime: 12.7446
    annual_cost: 12.931594557695023
    efficiency: 0.732559
    discharge_ratio: 5
    depth_of_discharge: 0.5
  VRBF:
    cost: 246.413
    lifetime: 17.8178
    annual_cost: 13.829597368923213
    efficiency: 0.736592
    discharge_ratio: 0.5
    depth_of_discharge: 1.0
