cost_values:
  wind_capex: 5000.0
  wind_opex: 100
  wind_lifetime: 20
  solar_capex: 1000.0
  solar_opex: 10
  solar_lifetime: 20
  carbon_price: 1.0
timeseries_values:
  load_level: 238327.7131929391
  wind_year: 2014
  solar_year: 2016
  price_year: 2023
  carbon_year: 2023
storage_values:
  CAES:
    cost: 29.0021
    lifetime: 23.4187
    annual_cost: 1.238416308334792
    efficiency: 0.615062
    discharge_ratio: 0.1
    depth_of_discharge: 0.4
  Li-ion:
    cost: 222.559
    lifetime: 23.0584
    annual_cost: 9.651970648440482
    efficiency: 0.881382
    discharge_ratio: 2
    depth_of_discharge: 0.9
  Pb-acid:
    cost: 166.598
    lifetime: 12.8494
    annual_cost: 12.965430292465019
    efficiency: 0.714113
    discharge_ratio: 5
    depth_of_discharge: 0.5
  VRBF:
    cost: 270.199
    lifetime: 21.1322
    annual_cost: 12.786127331749652
    efficiency: 0.755731
    discharge_ratio: 0.5
    depth_of_discharge: 1.0
