cost_values:
  wind_capex: 5000.0
  wind_opex: 100
  wind_lifetime: 20
  solar_capex: 1000.0
  solar_opex: 10
  solar_lifetime: 20
  carbon_price: 1.0
timeseries_values:
  load_level: 238327.7131929391
  wind_year: 2014
  solar_year: 2016
  price_year: 2023
  carbon_year: 2023
storage_values:
  CAES:
    cost: 34.9223
    lifetime: 22.7461
    annual_cost: 1.53530934973468
    efficiency: 0.60356
    discharge_ratio: 0.1
    depth_of_discharge: 0.4
  Li-ion:
    cost: 201.564
    lifetime: 24.3172
    annual_cost: 8.28894774069383
    efficiency: 0.881014
    discharge_ratio: 2
    depth_of_discharge: 0.9
  Pb-acid:
    cost: 175.108
    lifetime: 12.9843
    annual_cost: 13.486133253236602
    efficiency: 0.734246
    discharge_ratio: 5
    depth_of_discharge: 0.5
  VRBF:
    cost: 275.512
    lifetime: 22.8132
    annual_cost: 12.07686777830379
    efficiency: 0.728129
    discharge_ratio: 0.5
    depth_of_discharge: 1.0
