cost_values:
  wind_capex: 5000.0
  wind_opex: 100
  wind_lifetime: 20
  solar_capex: 1000.0
  solar_opex: 10
  solar_lifetime: 20
  carbon_price: 1.0
timeseries_values:
  load_level: 238327.7131929391
  wind_year: 2014
  solar_year: 2016
  price_year: 2023
  carbon_year: 2023
storage_values:
  CAES:
    cost: 33.0125
    lifetime: 23.4671
    annual_cost: 1.406756693413332
    efficiency: 0.610423
    discharge_ratio: 0.1
    depth_of_discharge: 0.4
  Li-ion:
    cost: 201.995
    lifetime: 24.3771
    annual_cost: 8.286260465765002
    efficiency: 0.881907
    discharge_ratio: 2
    depth_of_discharge: 0.9
  Pb-acid:
    cost: 150.811
    lifetime: 12.5164
    annual_cost: 12.049071618037136
    efficiency: 0.725744
    discharge_ratio: 5
    depth_of_discharge: 0.5
  VRBF:
    cost: 278.976
    lifetime: 20.4549
    annual_cost: 13.638590264435418
    efficiency: 0.738476
    discharge_ratio: 0.5
    depth_of_discharge: 1.0
