cost_values:
  wind_capex: 5000.0
  wind_opex: 100
  wind_lifetime: 20
  solar_capex: 1000.0
  solar_opex: 10
  solar_lifetime: 20
  carbon_price: 1.0
timeseries_values:
  load_level: 238327.7131929391
  wind_year: 2014
  solar_year: 2016
  price_year: 2023
  carbon_year: 2023
storage_values:
  CAES:
    cost: 29.506
    lifetime: 23.0989
    annual_cost: 1.2773768447848166
    efficiency: 0.600317
    discharge_ratio: 0.1
    depth_of_discharge: 0.4
  Li-ion:
    cost: 201.472
    lifetime: 25.1842
    annual_cost: 7.999936468103017
    efficiency: 0.87836
    discharge_ratio: 2
    depth_of_discharge: 0.9
  Pb-acid:
    cost: 146.42
    lifetime: 11.6736
    annual_cost: 12.54283168859649
    efficiency: 0.734243
    discharge_ratio: 5
    depth_of_discharge: 0.5
  VRBF:
    cost: 230.103
    lifetime: 22.0386
    annual_cost: 10.440908224660369
    efficiency: 0.761877
    discharge_ratio: 0.5
    depth_of_discharge: 1.0
