cost_values:
  wind_capex: 5000.0
  wind_opex: 100
  wind_lifetime: 20
  solar_capex: 1000.0
  solar_opex: 10
  solar_lifetime: 20
  carbon_price: 1.0
timeseries_values:
  load_level: 238327.7131929391
  wind_year: 2014
  solar_year: 2016
  price_year: 2023
  carbon_year: 2023
storage_values:
  CAES:
    cost: 34.4864
    lifetime: 24.0356
    annual_cost: 1.4348050391918656
    efficiency: 0.600215
    discharge_ratio: 0.1
    depth_of_discharge: 0.4
  Li-ion:
    cost: 219.584
    lifetime: 24.5946
    annual_cost: 8.928138697112374
    efficiency: 0.869494
    discharge_ratio: 2
    depth_of_discharge: 0.9
  Pb-acid:
    cost: 151.812
    lifetime: 11.3534
    annual_cost: 13.371501048144168
    efficiency: 0.737887
    discharge_ratio: 5
    depth_of_discharge: 0.5
  VRBF:
    cost: 267.181
    lifetime: 22.1034
    annual_cost: 12.087778350841951
    efficiency: 0.760977
    discharge_ratio: 0.5
    depth_of_discharge: 1.0
