cost_values:
  wind_capex: 5000.0
  wind_opex: 100
  wind_lifetime: 20
  solar_capex: 1000.0
  solar_opex: 10
  solar_lifetime: 20
  carbon_price: 1.0
timeseries_values:
  load_level: 238327.7131929391
  wind_year: 2014
  solar_year: 2016
  price_year: 2023
  carbon_year: 2023
storage_values:
  CAES:
    cost: 35.3739
    lifetime: 22.7865
    annual_cost: 1.5524060298861166
    efficiency: 0.602908
    discharge_ratio: 0.1
    depth_of_discharge: 0.4
  Li-ion:
    cost: 215.867
    lifetime: 22.1116
    annual_cost: 9.762613288952405
    efficiency: 0.876231
    discharge_ratio: 2
    depth_of_discharge: 0.9
  Pb-acid:
    cost: 161.914
    lifetime: 10.8544
    annual_cost: 14.916900058962263
    efficiency: 0.72364
    discharge_ratio: 5
    depth_of_discharge: 0.5
  VRBF:
    cost: 295.655
    lifetime: 19.8486
    annual_cost: 14.895509003153872
    efficiency: 0.743662
    discharge_ratio: 0.5
    depth_of_discharge: 1.0
