cost_values:
  wind_capex: 5000.0
  wind_opex: 100
  wind_lifetime: 20
  solar_capex: 1000.0
  solar_opex: 10
  solar_lifetime: 20
  carbon_price: 1.0
timeseries_values:
  load_level: 238327.7131929391
  wind_year: 2014
  solar_year: 2016
  price_year: 2023
  carbon_year: 2023
storage_values:
  CAES:
    cost: 33.1467
    lifetime: 22.6234
    annual_cost: 1.4651511267095132
    efficiency: 0.608834
    discharge_ratio: 0.1
    depth_of_discharge: 0.4
  Li-ion:
    cost: 208.174
    lifetime: 24.3583
    annual_cost: 8.546327124635136
    efficiency: 0.878522
    discharge_ratio: 2
    depth_of_discharge: 0.9
  Pb-acid:
    cost: 146.335
    lifetime: 14.6209
    annual_cost: 10.008617800545794
    efficiency: 0.721907
    discharge_ratio: 5
    depth_of_discharge: 0.5
  VRBF:
    cost: 291.134
    lifetime: 21.3745
    annual_cost: 13.620622704624669
    efficiency: 0.75389
    discharge_ratio: 0.5
    depth_of_discharge: 1.0
