cost_values:
  wind_capex: 5000.0
  wind_opex: 100
  wind_lifetime: 20
  solar_capex: 1000.0
  solar_opex: 10
  solar_lifetime: 20
  carbon_price: 1.0
timeseries_values:
  load_level: 238327.7131929391
  wind_year: 2014
  solar_year: 2016
  price_year: 2023
  carbon_year: 2023
storage_values:
  CAES:
    cost: 30.5365
    lifetime: 22.8442
    annual_cost: 1.3367287976816873
    efficiency: 0.598316
    discharge_ratio: 0.1
    depth_of_discharge: 0.4
  Li-ion:
    cost: 205.942
    lifetime: 24.0524
    annual_cost: 8.562222480916667
    efficiency: 0.879828
    discharge_ratio: 2
    depth_of_discharge: 0.9
  Pb-acid:
    cost: 172.061
    lifetime: 11.1769
    annual_cost: 15.39434011219569
    efficiency: 0.726333
    discharge_ratio: 5
    depth_of_discharge: 0.5
  VRBF:
    cost: 278.496
    lifetime: 21.0776
    annual_cost: 13.212889513037537
    efficiency: 0.750375
    discharge_ratio: 0.5
    depth_of_discharge: 1.0
