cost_values:
  wind_capex: 5000.0
  wind_opex: 100
  wind_lifetime: 20
  solar_capex: 1000.0
  solar_opex: 10
  solar_lifetime: 20
  carbon_price: 1.0
timeseries_values:
  load_level: 238327.7131929391
  wind_year: 2014
  solar_year: 2016
  price_year: 2023
  carbon_year: 2023
storage_values:
  CAES:
    cost: 25.7281
    lifetime: 23.5965
    annual_cost: 1.0903354311020703
    efficiency: 0.611757
    discharge_ratio: 0.1
    depth_of_discharge: 0.4
  Li-ion:
    cost: 193.261
    lifetime: 24.5001
    annual_cost: 7.8881718850127145
    efficiency: 0.881007
    discharge_ratio: 2
    depth_of_discharge: 0.9
  Pb-acid:
    cost: 148.902
    lifetime: 11.6531
    annual_cost: 12.777887429096118
    efficiency: 0.741496
    discharge_ratio: 5
    depth_of_discharge: 0.5
  VRBF:
    cost: 266.742
    lifetime: 21.2564
    annual_cost: 12.548785307013418
    efficiency: 0.755155
    discharge_ratio: 0.5
    depth_of_discharge: 1.0
