cost_values:
  wind_capex: 5000.0
  wind_opex: 100
  wind_lifetime: 20
  solar_capex: 1000.0
  solar_opex: 10
  solar_lifetime: 20
  carbon_price: 1.0
timeseries_values:
  load_level: 238327.7131929391
  wind_year: 2014
  solar_year: 2016
  price_year: 2023
  carbon_year: 2023
storage_values:
  CAES:
    cost: 33.0143
    lifetime: 23.2702
    annual_cost: 1.418737269125319
    efficiency: 0.606409
    discharge_ratio: 0.1
    depth_of_discharge: 0.4
  Li-ion:
    cost: 198.121
    lifetime: 25.2939
    annual_cost: 7.832758095825476
    efficiency: 0.866971
    discharge_ratio: 2
    depth_of_discharge: 0.9
  Pb-acid:
    cost: 151.663
    lifetime: 11.9598
    annual_cost: 12.681064900750851
    efficiency: 0.715219
    discharge_ratio: 5
    depth_of_discharge: 0.5
  VRBF:
    cost: 262.642
    lifetime: 21.8093
    annual_cost: 12.042660699793208
    efficiency: 0.759317
    discharge_ratio: 0.5
    depth_of_discharge: 1.0
