cost_values:
  wind_capex: 5000.0
  wind_opex: 100
  wind_lifetime: 20
  solar_capex: 1000.0
  solar_opex: 10
  solar_lifetime: 20
  carbon_price: 1.0
timeseries_values:
  load_level: 238327.7131929391
  wind_year: 2014
  solar_year: 2016
  price_year: 2023
  carbon_year: 2023
storage_values:
  CAES:
    cost: 36.1783
    lifetime: 24.3024
    annual_cost: 1.4886719007176248
    efficiency: 0.602396
    discharge_ratio: 0.1
    depth_of_discharge: 0.4
  Li-ion:
    cost: 216.335
    lifetime: 24.4206
    annual_cost: 8.858709450218258
    efficiency: 0.87638
    discharge_ratio: 2
    depth_of_discharge: 0.9
  Pb-acid:
    cost: 183.498
    lifetime: 13.5005
    annual_cost: 13.59194103922077
    efficiency: 0.73783
    discharge_ratio: 5
    depth_of_discharge: 0.5
  VRBF:
    cost: 287.234
    lifetime: 23.1616
    annual_cost: 12.401302155291516
    efficiency: 0.775867
    discharge_ratio: 0.5
    depth_of_discharge: 1.0
