cost_values:
  wind_capex: 5000.0
  wind_opex: 100
  wind_lifetime: 20
  solar_capex: 1000.0
  solar_opex: 10
  solar_lifetime: 20
  carbon_price: 1.0
timeseries_values:
  load_level: 238327.7131929391
  wind_year: 2014
  solar_year: 2016
  price_year: 2023
  carbon_year: 2023
storage_values:
  CAES:
    cost: 27.3842
    lifetime: 23.0092
    annual_cost: 1.1901413347704397
    efficiency: 0.607864
    discharge_ratio: 0.1
    depth_of_discharge: 0.4
  Li-ion:
    cost: 239.877
    lifetime: 22.8227
    annual_cost: 10.51045669443142
    efficiency: 0.868429
    discharge_ratio: 2
    depth_of_discharge: 0.9
  Pb-acid:
    cost: 168.903
    lifetime: 14.1844
    annual_cost: 11.907659118468176
    efficiency: 0.734065
    discharge_ratio: 5
    depth_of_discharge: 0.5
  VRBF:
    cost: 264.361
    lifetime: 21.6289
    annual_cost: 12.222581823393698
    efficiency: 0.759469
    discharge_ratio: 0.5
    depth_of_discharge: 1.0
