cost_values:
  wind_capex: 5000.0
  wind_opex: 100
  wind_lifetime: 20
  solar_capex: 1000.0
  solar_opex: 10
  solar_lifetime: 20
  carbon_price: 1.0
timeseries_values:
  load_level: 238327.7131929391
  wind_year: 2014
  solar_year: 2016
  price_year: 2023
  carbon_year: 2023
storage_values:
  CAES:
    cost: 30.573
    lifetime: 23.7231
    annual_cost: 1.2887438825448614
    efficiency: 0.602775
    discharge_ratio: 0.1
    depth_of_discharge: 0.4
  Li-ion:
    cost: 201.471
    lifetime: 24.5383
    annual_cost: 8.210470978022112
    efficiency: 0.893485
    discharge_ratio: 2
    depth_of_discharge: 0.9
  Pb-acid:
    cost: 153.833
    lifetime: 10.5818
    annual_cost: 14.53750779640515
    efficiency: 0.733727
    discharge_ratio: 5
    depth_of_discharge: 0.5
  VRBF:
    cost: 277.922
    lifetime: 21.652
    annual_cost: 12.835858119342324
    efficiency: 0.720749
    discharge_ratio: 0.5
    depth_of_discharge: 1.0
