cost_values:
  wind_capex: 5000.0
  wind_opex: 100
  wind_lifetime: 20
  solar_capex: 1000.0
  solar_opex: 10
  solar_lifetime: 20
  carbon_price: 1.0
timeseries_values:
  load_level: 238327.7131929391
  wind_year: 2014
  solar_year: 2016
  price_year: 2023
  carbon_year: 2023
storage_values:
  CAES:
    cost: 31.0753
    lifetime: 23.1482
    annual_cost: 1.3424499529121054
    efficiency: 0.603006
    discharge_ratio: 0.1
    depth_of_discharge: 0.4
  Li-ion:
    cost: 203.874
    lifetime: 25.1513
    annual_cost: 8.105903074592566
    efficiency: 0.871415
    discharge_ratio: 2
    depth_of_discharge: 0.9
  Pb-acid:
    cost: 160.294
    lifetime: 13.5832
    annual_cost: 11.800901113139762
    efficiency: 0.734167
    discharge_ratio: 5
    depth_of_discharge: 0.5
  VRBF:
    cost: 279.193
    lifetime: 19.587
    annual_cost: 14.253994996681472
    efficiency: 0.73655
    discharge_ratio: 0.5
    depth_of_discharge: 1.0
