cost_values:
  wind_capex: 5000.0
  wind_opex: 100
  wind_lifetime: 20
  solar_capex: 1000.0
  solar_opex: 10
  solar_lifetime: 20
  carbon_price: 1.0
timeseries_values:
  load_level: 238327.7131929391
  wind_year: 2014
  solar_year: 2016
  price_year: 2023
  carbon_year: 2023
storage_values:
  CAES:
    cost: 30.8524
    lifetime: 23.5178
    annual_cost: 1.3118744100213455
    efficiency: 0.596783
    discharge_ratio: 0.1
    depth_of_discharge: 0.4
  Li-ion:
    cost: 187.948
    lifetime: 25.8353
    annual_cost: 7.274852624122809
    efficiency: 0.871995
    discharge_ratio: 2
    depth_of_discharge: 0.9
  Pb-acid:
    cost: 171.655
    lifetime: 11.1534
    annual_cost: 15.390374235659083
    efficiency: 0.73872
    discharge_ratio: 5
    depth_of_discharge: 0.5
  VRBF:
    cost: 242.263
    lifetime: 23.396
    annual_cost: 10.354889724739271
    efficiency: 0.744238
    discharge_ratio: 0.5
    depth_of_discharge: 1.0
