cost_values:
  wind_capex: 5000.0
  wind_opex: 100
  wind_lifetime: 20
  solar_capex: 1000.0
  solar_opex: 10
  solar_lifetime: 20
  carbon_price: 1.0
timeseries_values:
  load_level: 238327.7131929391
  wind_year: 2014
  solar_year: 2016
  price_year: 2023
  carbon_year: 2023
storage_values:
  CAES:
    cost: 28.3295
    lifetime: 22.4684
    annual_cost: 1.2608596962845597
    efficiency: 0.605575
    discharge_ratio: 0.1
    depth_of_discharge: 0.4
  Li-ion:
    cost: 196.995
    lifetime: 24.8313
    annual_cost: 7.9333341387684095
    efficiency: 0.851983
    discharge_ratio: 2
    depth_of_discharge: 0.9
  Pb-acid:
    cost: 180.696
    lifetime: 13.0068
    annual_cost: 13.892425500507427
    efficiency: 0.731973
    discharge_ratio: 5
    depth_of_discharge: 0.5
  VRBF:
    cost: 300.813
    lifetime: 21.6594
    annual_cost: 13.888334856921244
    efficiency: 0.756506
    discharge_ratio: 0.5
    depth_of_discharge: 1.0
