cost_values:
  wind_capex: 5000.0
  wind_opex: 100
  wind_lifetime: 20
  solar_capex: 1000.0
  solar_opex: 10
  solar_lifetime: 20
  carbon_price: 1.0
timeseries_values:
  load_level: 238327.7131929391
  wind_year: 2014
  solar_year: 2016
  price_year: 2023
  carbon_year: 2023
storage_values:
  CAES:
    cost: 34.0018
    lifetime: 22.6926
    annual_cost: 1.498365105805417
    efficiency: 0.608676
    discharge_ratio: 0.1
    depth_of_discharge: 0.4
  Li-ion:
    cost: 210.748
    lifetime: 24.6947
    annual_cost: 8.534138904299303
    efficiency: 0.87917
    discharge_ratio: 2
    depth_of_discharge: 0.9
  Pb-acid:
    cost: 152.545
    lifetime: 12.4471
    annual_cost: 12.255465128423486
    efficiency: 0.714478
    discharge_ratio: 5
    depth_of_discharge: 0.5
  VRBF:
    cost: 292.362
    lifetime: 21.5211
    annual_cost: 13.584900400072488
    efficiency: 0.746489
    discharge_ratio: 0.5
    depth_of_discharge: 1.0
