cost_values:
  wind_capex: 5000.0
  wind_opex: 100
  wind_lifetime: 20
  solar_capex: 1000.0
  solar_opex: 10
  solar_lifetime: 20
  carbon_price: 1.0
timeseries_values:
  load_level: 238327.7131929391
  wind_year: 2014
  solar_year: 2016
  price_year: 2023
  carbon_year: 2023
storage_values:
  CAES:
    cost: 31.047
    lifetime: 22.9226
    annual_cost: 1.3544275082233255
    efficiency: 0.610143
    discharge_ratio: 0.1
    depth_of_discharge: 0.4
  Li-ion:
    cost: 195.982
    lifetime: 24.3818
    annual_cost: 8.038044771099756
    efficiency: 0.867786
    discharge_ratio: 2
    depth_of_discharge: 0.9
  Pb-acid:
    cost: 159.966
    lifetime: 13.6444
    annual_cost: 11.723930696842663
    efficiency: 0.727318
    discharge_ratio: 5
    depth_of_discharge: 0.5
  VRBF:
    cost: 271.75
    lifetime: 20.9363
    annual_cost: 12.979848397281277
    efficiency: 0.739868
    discharge_ratio: 0.5
    depth_of_discharge: 1.0
