cost_values:
  wind_capex: 5000.0
  wind_opex: 100
  wind_lifetime: 20
  solar_capex: 1000.0
  solar_opex: 10
  solar_lifetime: 20
  carbon_price: 1.0
timeseries_values:
  load_level: 238327.7131929391
  wind_year: 2014
  solar_year: 2016
  price_year: 2023
  carbon_year: 2023
storage_values:
  CAES:
    cost: 38.1482
    lifetime: 23.1956
    annual_cost: 1.644630878270017
    efficiency: 0.609916
    discharge_ratio: 0.1
    depth_of_discharge: 0.4
  Li-ion:
    cost: 210.245
    lifetime: 24.4358
    annual_cost: 8.603974496435558
    efficiency: 0.870013
    discharge_ratio: 2
    depth_of_discharge: 0.9
  Pb-acid:
    cost: 140.702
    lifetime: 12.0982
    annual_cost: 11.629994544643004
    efficiency: 0.714984
    discharge_ratio: 5
    depth_of_discharge: 0.5
  VRBF:
    cost: 247.555
    lifetime: 21.0587
    annual_cost: 11.755473984623931
    efficiency: 0.729286
    discharge_ratio: 0.5
    depth_of_discharge: 1.0
