cost_values:
  wind_capex: 5000.0
  wind_opex: 100
  wind_lifetime: 20
  solar_capex: 1000.0
  solar_opex: 10
  solar_lifetime: 20
  carbon_price: 1.0
timeseries_values:
  load_level: 238327.7131929391
  wind_year: 2014
  solar_year: 2016
  price_year: 2023
  carbon_year: 2023
storage_values:
  CAES:
    cost: 25.5147
    lifetime: 22.5588
    annual_cost: 1.13103090589925
    efficiency: 0.595832
    discharge_ratio: 0.1
    depth_of_discharge: 0.4
  Li-ion:
    cost: 222.771
    lifetime: 25.709
    annual_cost: 8.665097825664164
    efficiency: 0.872881
    discharge_ratio: 2
    depth_of_discharge: 0.9
  Pb-acid:
    cost: 172.302
    lifetime: 11.9103
    annual_cost: 14.466638119946602
    efficiency: 0.74153
    discharge_ratio: 5
    depth_of_discharge: 0.5
  VRBF:
    cost: 243.717
    lifetime: 18.94
    annual_cost: 12.867845828933474
    efficiency: 0.753613
    discharge_ratio: 0.5
    depth_of_discharge: 1.0
