cost_values:
  wind_capex: 5000.0
  wind_opex: 100
  wind_lifetime: 20
  solar_capex: 1000.0
  solar_opex: 10
  solar_lifetime: 20
  carbon_price: 1.0
timeseries_values:
  load_level: 238327.7131929391
  wind_year: 2014
  solar_year: 2016
  price_year: 2023
  carbon_year: 2023
storage_values:
  CAES:
    cost: 36.207
    lifetime: 22.6063
    annual_cost: 1.6016331730535294
    efficiency: 0.590585
    discharge_ratio: 0.1
    depth_of_discharge: 0.4
  Li-ion:
    cost: 196.93
    lifetime: 24.9848
    annual_cost: 7.881992251288784
    efficiency: 0.872745
    discharge_ratio: 2
    depth_of_discharge: 0.9
  Pb-acid:
    cost: 135.11
    lifetime: 11.6324
    annual_cost: 11.614971974828928
    efficiency: 0.748648
    discharge_ratio: 5
    depth_of_discharge: 0.5
  VRBF:
    cost: 270.341
    lifetime: 21.7615
    annual_cost: 12.422902832984859
    efficiency: 0.739522
    discharge_ratio: 0.5
    depth_of_discharge: 1.0
