cost_values:
  wind_capex: 5000.0
  wind_opex: 100
  wind_lifetime: 20
  solar_capex: 1000.0
  solar_opex: 10
  solar_lifetime: 20
  carbon_price: 1.0
timeseries_values:
  load_level: 238327.7131929391
  wind_year: 2014
  solar_year: 2016
  price_year: 2023
  carbon_year: 2023
storage_values:
  CAES:
    cost: 36.0194
    lifetime: 22.8649
    annual_cost: 1.5753141277678888
    efficiency: 0.590474
    discharge_ratio: 0.1
    depth_of_discharge: 0.4
  Li-ion:
    cost: 221.692
    lifetime: 24.489
    annual_cost: 9.0527175466536
    efficiency: 0.864219
    discharge_ratio: 2
    depth_of_discharge: 0.9
  Pb-acid:
    cost: 172.311
    lifetime: 10.9726
    annual_cost: 15.703752984707362
    efficiency: 0.727704
    discharge_ratio: 5
    depth_of_discharge: 0.5
  VRBF:
    cost: 252.542
    lifetime: 21.7258
    annual_cost: 11.624059873514438
    efficiency: 0.732211
    discharge_ratio: 0.5
    depth_of_discharge: 1.0
