cost_values:
  wind_capex: 5000.0
  wind_opex: 100
  wind_lifetime: 20
  solar_capex: 1000.0
  solar_opex: 10
  solar_lifetime: 20
  carbon_price: 1.0
timeseries_values:
  load_level: 238327.7131929391
  wind_year: 2014
  solar_year: 2016
  price_year: 2023
  carbon_year: 2023
storage_values:
  CAES:
    cost: 33.9318
    lifetime: 22.5031
    annual_cost: 1.5078722487123997
    efficiency: 0.606901
    discharge_ratio: 0.1
    depth_of_discharge: 0.4
  Li-ion:
    cost: 210.963
    lifetime: 22.6943
    annual_cost: 9.295858431412293
    efficiency: 0.882296
    discharge_ratio: 2
    depth_of_discharge: 0.9
  Pb-acid:
    cost: 156.902
    lifetime: 12.4035
    annual_cost: 12.6498165840287
    efficiency: 0.745217
    discharge_ratio: 5
    depth_of_discharge: 0.5
  VRBF:
    cost: 257.126
    lifetime: 21.8569
    annual_cost: 11.764065352360124
    efficiency: 0.749538
    discharge_ratio: 0.5
    depth_of_discharge: 1.0
