cost_values:
  wind_capex: 5000.0
  wind_opex: 100
  wind_lifetime: 20
  solar_capex: 1000.0
  solar_opex: 10
  solar_lifetime: 20
  carbon_price: 1.0
timeseries_values:
  load_level: 238327.7131929391
  wind_year: 2014
  solar_year: 2016
  price_year: 2023
  carbon_year: 2023
storage_values:
  CAES:
    cost: 34.1067
    lifetime: 22.981
    annual_cost: 1.4841260171445974
    efficiency: 0.605537
    discharge_ratio: 0.1
    depth_of_discharge: 0.4
  Li-ion:
    cost: 215.955
    lifetime: 26.4583
    annual_cost: 8.162089023104281
    efficiency: 0.867909
    discharge_ratio: 2
    depth_of_discharge: 0.9
  Pb-acid:
    cost: 149.728
    lifetime: 12.36
    annual_cost: 12.113915857605178
    efficiency: 0.717849
    discharge_ratio: 5
    depth_of_discharge: 0.5
  VRBF:
    cost: 274.289
    lifetime: 22.0077
    annual_cost: 12.463319656302112
    efficiency: 0.763981
    discharge_ratio: 0.5
    depth_of_discharge: 1.0
