cost_values:
  wind_capex: 5000.0
  wind_opex: 100
  wind_lifetime: 20
  solar_capex: 1000.0
  solar_opex: 10
  solar_lifetime: 20
  carbon_price: 1.0
timeseries_values:
  load_level: 238327.7131929391
  wind_year: 2014
  solar_year: 2016
  price_year: 2023
  carbon_year: 2023
storage_values:
  CAES:
    cost: 27.2884
    lifetime: 22.3919
    annual_cost: 1.2186728236549824
    efficiency: 0.599375
    discharge_ratio: 0.1
    depth_of_discharge: 0.4
  Li-ion:
    cost: 203.821
    lifetime: 23.6836
    annual_cost: 8.605997399044064
    efficiency: 0.89138
    discharge_ratio: 2
    depth_of_discharge: 0.9
  Pb-acid:
    cost: 155.78
    lifetime: 11.4076
    annual_cost: 13.655808408429468
    efficiency: 0.717977
    discharge_ratio: 5
    depth_of_discharge: 0.5
  VRBF:
    cost: 253.442
    lifetime: 18.3149
    annual_cost: 13.838022593625954
    efficiency: 0.723344
    discharge_ratio: 0.5
    depth_of_discharge: 1.0
