cost_values:
  wind_capex: 5000.0
  wind_opex: 100
  wind_lifetime: 20
  solar_capex: 1000.0
  solar_opex: 10
  solar_lifetime: 20
  carbon_price: 1.0
timeseries_values:
  load_level: 238327.7131929391
  wind_year: 2014
  solar_year: 2016
  price_year: 2023
  carbon_year: 2023
storage_values:
  CAES:
    cost: 26.6894
    lifetime: 23.1936
    annual_cost: 1.1507226131346577
    efficiency: 0.600842
    discharge_ratio: 0.1
    depth_of_discharge: 0.4
  Li-ion:
    cost: 213.969
    lifetime: 24.3051
    annual_cost: 8.803461002011923
    efficiency: 0.885053
    discharge_ratio: 2
    depth_of_discharge: 0.9
  Pb-acid:
    cost: 159.435
    lifetime: 11.874
    annual_cost: 13.427235977766548
    efficiency: 0.734774
    discharge_ratio: 5
    depth_of_discharge: 0.5
  VRBF:
    cost: 247.612
    lifetime: 23.0692
    annual_cost: 10.733445459747196
    efficiency: 0.732759
    discharge_ratio: 0.5
    depth_of_discharge: 1.0
