cost_values:
  wind_capex: 5000.0
  wind_opex: 100
  wind_lifetime: 20
  solar_capex: 1000.0
  solar_opex: 10
  solar_lifetime: 20
  carbon_price: 1.0
timeseries_values:
  load_level: 238327.7131929391
  wind_year: 2014
  solar_year: 2016
  price_year: 2023
  carbon_year: 2023
storage_values:
  CAES:
    cost: 28.5503
    lifetime: 23.2846
    annual_cost: 1.2261451774992913
    efficiency: 0.609596
    discharge_ratio: 0.1
    depth_of_discharge: 0.4
  Li-ion:
    cost: 213.627
    lifetime: 23.0487
    annual_cost: 9.268505382082287
    efficiency: 0.866707
    discharge_ratio: 2
    depth_of_discharge: 0.9
  Pb-acid:
    cost: 165.277
    lifetime: 11.732
    annual_cost: 14.087708830548925
    efficiency: 0.728144
    discharge_ratio: 5
    depth_of_discharge: 0.5
  VRBF:
    cost: 243.75
    lifetime: 20.2737
    annual_cost: 12.022965714201156
    efficiency: 0.742178
    discharge_ratio: 0.5
    depth_of_discharge: 1.0
