cost_values:
  wind_capex: 5000.0
  wind_opex: 100
  wind_lifetime: 20
  solar_capex: 1000.0
  solar_opex: 10
  solar_lifetime: 20
  carbon_price: 1.0
timeseries_values:
  load_level: 238327.7131929391
  wind_year: 2014
  solar_year: 2016
  price_year: 2023
  carbon_year: 2023
storage_values:
  CAES:
    cost: 27.955
    lifetime: 23.347
    annual_cost: 1.1973701117916646
    efficiency: 0.610697
    discharge_ratio: 0.1
    depth_of_discharge: 0.4
  Li-ion:
    cost: 213.897
    lifetime: 22.8785
    annual_cost: 9.349258037021658
    efficiency: 0.871302
    discharge_ratio: 2
    depth_of_discharge: 0.9
  Pb-acid:
    cost: 155.317
    lifetime: 13.6834
    annual_cost: 11.350760775830569
    efficiency: 0.729405
    discharge_ratio: 5
    depth_of_discharge: 0.5
  VRBF:
    cost: 282.691
    lifetime: 18.5235
    annual_cost: 15.261208734850324
    efficiency: 0.758466
    discharge_ratio: 0.5
    depth_of_discharge: 1.0
