cost_values:
  wind_capex: 5000.0
  wind_opex: 100
  wind_lifetime: 20
  solar_capex: 1000.0
  solar_opex: 10
  solar_lifetime: 20
  carbon_price: 1.0
timeseries_values:
  load_level: 238327.7131929391
  wind_year: 2014
  solar_year: 2016
  price_year: 2023
  carbon_year: 2023
storage_values:
  CAES:
    cost: 31.8201
    lifetime: 23.0879
    annual_cost: 1.3782154288610051
    efficiency: 0.59954
    discharge_ratio: 0.1
    depth_of_discharge: 0.4
  Li-ion:
    cost: 193.472
    lifetime: 22.7593
    annual_cost: 8.500788688580053
    efficiency: 0.86976
    discharge_ratio: 2
    depth_of_discharge: 0.9
  Pb-acid:
    cost: 163.646
    lifetime: 13.677
    annual_cost: 11.965050815237259
    efficiency: 0.727757
    discharge_ratio: 5
    depth_of_discharge: 0.5
  VRBF:
    cost: 297.688
    lifetime: 20.3572
    annual_cost: 14.623229127777886
    efficiency: 0.744094
    discharge_ratio: 0.5
    depth_of_discharge: 1.0
