cost_values:
  wind_capex: 5000.0
  wind_opex: 100
  wind_lifetime: 20
  solar_capex: 1000.0
  solar_opex: 10
  solar_lifetime: 20
  carbon_price: 1.0
timeseries_values:
  load_level: 238327.7131929391
  wind_year: 2014
  solar_year: 2016
  price_year: 2023
  carbon_year: 2023
storage_values:
  CAES:
    cost: 31.1295
    lifetime: 21.6464
    annual_cost: 1.438091322344593
    efficiency: 0.603656
    discharge_ratio: 0.1
    depth_of_discharge: 0.4
  Li-ion:
    cost: 215.033
    lifetime: 26.1629
    annual_cost: 8.21900477393561
    efficiency: 0.869663
    discharge_ratio: 2
    depth_of_discharge: 0.9
  Pb-acid:
    cost: 142.486
    lifetime: 12.3487
    annual_cost: 11.538542518645688
    efficiency: 0.721183
    discharge_ratio: 5
    depth_of_discharge: 0.5
  VRBF:
    cost: 263.785
    lifetime: 20.8191
    annual_cost: 12.670336373810589
    efficiency: 0.776001
    discharge_ratio: 0.5
    depth_of_discharge: 1.0
