cost_values:
  wind_capex: 5000.0
  wind_opex: 100
  wind_lifetime: 20
  solar_capex: 1000.0
  solar_opex: 10
  solar_lifetime: 20
  carbon_price: 1.0
timeseries_values:
  load_level: 238327.7131929391
  wind_year: 2014
  solar_year: 2016
  price_year: 2023
  carbon_year: 2023
storage_values:
  CAES:
    cost: 31.9528
    lifetime: 22.7252
    annual_cost: 1.4060514318905883
    efficiency: 0.59946
    discharge_ratio: 0.1
    depth_of_discharge: 0.4
  Li-ion:
    cost: 211.383
    lifetime: 24.5654
    annual_cost: 8.604907715730254
    efficiency: 0.862235
    discharge_ratio: 2
    depth_of_discharge: 0.9
  Pb-acid:
    cost: 163.236
    lifetime: 11.3723
    annual_cost: 14.353824644091345
    efficiency: 0.723871
    discharge_ratio: 5
    depth_of_discharge: 0.5
  VRBF:
    cost: 267.74
    lifetime: 20.1999
    annual_cost: 13.254521061985455
    efficiency: 0.754104
    discharge_ratio: 0.5
    depth_of_discharge: 1.0
