cost_values:
  wind_capex: 5000.0
  wind_opex: 100
  wind_lifetime: 20
  solar_capex: 1000.0
  solar_opex: 10
  solar_lifetime: 20
  carbon_price: 1.0
timeseries_values:
  load_level: 238327.7131929391
  wind_year: 2014
  solar_year: 2016
  price_year: 2023
  carbon_year: 2023
storage_values:
  CAES:
    cost: 30.8625
    lifetime: 23.0074
    annual_cost: 1.3414162399923504
    efficiency: 0.59866
    discharge_ratio: 0.1
    depth_of_discharge: 0.4
  Li-ion:
    cost: 213.915
    lifetime: 22.4008
    annual_cost: 9.549435734438056
    efficiency: 0.878787
    discharge_ratio: 2
    depth_of_discharge: 0.9
  Pb-acid:
    cost: 161.178
    lifetime: 10.1921
    annual_cost: 15.814012813846018
    efficiency: 0.72628
    discharge_ratio: 5
    depth_of_discharge: 0.5
  VRBF:
    cost: 263.056
    lifetime: 20.6015
    annual_cost: 12.76877897240492
    efficiency: 0.727022
    discharge_ratio: 0.5
    depth_of_discharge: 1.0
