cost_values:
  wind_capex: 5000.0
  wind_opex: 100
  wind_lifetime: 20
  solar_capex: 1000.0
  solar_opex: 10
  solar_lifetime: 20
  carbon_price: 1.0
timeseries_values:
  load_level: 238327.7131929391
  wind_year: 2014
  solar_year: 2016
  price_year: 2023
  carbon_year: 2023
storage_values:
  CAES:
    cost: 32.229
    lifetime: 22.5296
    annual_cost: 1.4305180740004262
    efficiency: 0.6028
    discharge_ratio: 0.1
    depth_of_discharge: 0.4
  Li-ion:
    cost: 190.24
    lifetime: 25.3184
    annual_cost: 7.513902932254803
    efficiency: 0.887843
    discharge_ratio: 2
    depth_of_discharge: 0.9
  Pb-acid:
    cost: 165.975
    lifetime: 12.4957
    annual_cost: 13.28256920380611
    efficiency: 0.725731
    discharge_ratio: 5
    depth_of_discharge: 0.5
  VRBF:
    cost: 260.918
    lifetime: 19.5829
    annual_cost: 13.323767164209592
    efficiency: 0.73554
    discharge_ratio: 0.5
    depth_of_discharge: 1.0
