cost_values:
  wind_capex: 5000.0
  wind_opex: 100
  wind_lifetime: 20
  solar_capex: 1000.0
  solar_opex: 10
  solar_lifetime: 20
  carbon_price: 1.0
timeseries_values:
  load_level: 238327.7131929391
  wind_year: 2014
  solar_year: 2016
  price_year: 2023
  carbon_year: 2023
storage_values:
  CAES:
    cost: 36.7782
    lifetime: 23.5188
    annual_cost: 1.5637787642226644
    efficiency: 0.59938
    discharge_ratio: 0.1
    depth_of_discharge: 0.4
  Li-ion:
    cost: 193.345
    lifetime: 25.3387
    annual_cost: 7.63042302880574
    efficiency: 0.887726
    discharge_ratio: 2
    depth_of_discharge: 0.9
  Pb-acid:
    cost: 168.067
    lifetime: 10.9232
    annual_cost: 15.386242126849277
    efficiency: 0.738256
    discharge_ratio: 5
    depth_of_discharge: 0.5
  VRBF:
    cost: 247.093
    lifetime: 21.8319
    annual_cost: 11.317979653626114
    efficiency: 0.745734
    discharge_ratio: 0.5
    depth_of_discharge: 1.0
