cost_values:
  wind_capex: 5000.0
  wind_opex: 100
  wind_lifetime: 20
  solar_capex: 1000.0
  solar_opex: 10
  solar_lifetime: 20
  carbon_price: 1.0
timeseries_values:
  load_level: 238327.7131929391
  wind_year: 2014
  solar_year: 2016
  price_year: 2023
  carbon_year: 2023
storage_values:
  CAES:
    cost: 40.2126
    lifetime: 22.1649
    annual_cost: 1.8142468497489275
    efficiency: 0.603284
    discharge_ratio: 0.1
    depth_of_discharge: 0.4
  Li-ion:
    cost: 212.394
    lifetime: 24.1048
    annual_cost: 8.811274103083203
    efficiency: 0.866187
    discharge_ratio: 2
    depth_of_discharge: 0.9
  Pb-acid:
    cost: 159.516
    lifetime: 13.864
    annual_cost: 11.505770340450086
    efficiency: 0.721707
    discharge_ratio: 5
    depth_of_discharge: 0.5
  VRBF:
    cost: 267.249
    lifetime: 21.6863
    annual_cost: 12.323402332348074
    efficiency: 0.747935
    discharge_ratio: 0.5
    depth_of_discharge: 1.0
