cost_values:
  wind_capex: 5000.0
  wind_opex: 100
  wind_lifetime: 20
  solar_capex: 1000.0
  solar_opex: 10
  solar_lifetime: 20
  carbon_price: 1.0
timeseries_values:
  load_level: 238327.7131929391
  wind_year: 2014
  solar_year: 2016
  price_year: 2023
  carbon_year: 2023
storage_values:
  CAES:
    cost: 33.5773
    lifetime: 22.9967
    annual_cost: 1.4600921001708942
    efficiency: 0.596982
    discharge_ratio: 0.1
    depth_of_discharge: 0.4
  Li-ion:
    cost: 210.354
    lifetime: 25.2609
    annual_cost: 8.327256748571905
    efficiency: 0.873391
    discharge_ratio: 2
    depth_of_discharge: 0.9
  Pb-acid:
    cost: 135.366
    lifetime: 11.8958
    annual_cost: 11.379310344827587
    efficiency: 0.735376
    discharge_ratio: 5
    depth_of_discharge: 0.5
  VRBF:
    cost: 268.918
    lifetime: 21.8218
    annual_cost: 12.32336470868581
    efficiency: 0.757392
    discharge_ratio: 0.5
    depth_of_discharge: 1.0
