cost_values:
  wind_capex: 5000.0
  wind_opex: 100
  wind_lifetime: 20
  solar_capex: 1000.0
  solar_opex: 10
  solar_lifetime: 20
  carbon_price: 1.0
timeseries_values:
  load_level: 238327.7131929391
  wind_year: 2014
  solar_year: 2016
  price_year: 2023
  carbon_year: 2023
storage_values:
  CAES:
    cost: 36.4347
    lifetime: 22.9689
    annual_cost: 1.5862622937972648
    efficiency: 0.608118
    discharge_ratio: 0.1
    depth_of_discharge: 0.4
  Li-ion:
    cost: 203.574
    lifetime: 22.6712
    annual_cost: 8.979410000352871
    efficiency: 0.866388
    discharge_ratio: 2
    depth_of_discharge: 0.9
  Pb-acid:
    cost: 152.2
    lifetime: 13.8105
    annual_cost: 11.020600267912096
    efficiency: 0.720882
    discharge_ratio: 5
    depth_of_discharge: 0.5
  VRBF:
    cost: 298.715
    lifetime: 21.2012
    annual_cost: 14.089532667962189
    efficiency: 0.76695
    discharge_ratio: 0.5
    depth_of_discharge: 1.0
