cost_values:
  wind_capex: 5000.0
  wind_opex: 100
  wind_lifetime: 20
  solar_capex: 1000.0
  solar_opex: 10
  solar_lifetime: 20
  carbon_price: 1.0
timeseries_values:
  load_level: 238327.7131929391
  wind_year: 2014
  solar_year: 2016
  price_year: 2023
  carbon_year: 2023
storage_values:
  CAES:
    cost: 30.7331
    lifetime: 23.9817
    annual_cost: 1.2815229946167286
    efficiency: 0.596066
    discharge_ratio: 0.1
    depth_of_discharge: 0.4
  Li-ion:
    cost: 213.299
    lifetime: 25.4863
    annual_cost: 8.369163040535504
    efficiency: 0.867573
    discharge_ratio: 2
    depth_of_discharge: 0.9
  Pb-acid:
    cost: 143.82
    lifetime: 10.6988
    annual_cost: 13.44262907989681
    efficiency: 0.716598
    discharge_ratio: 5
    depth_of_discharge: 0.5
  VRBF:
    cost: 272.22
    lifetime: 18.3691
    annual_cost: 14.819452232281387
    efficiency: 0.732802
    discharge_ratio: 0.5
    depth_of_discharge: 1.0
