cost_values:
  wind_capex: 5000.0
  wind_opex: 100
  wind_lifetime: 20
  solar_capex: 1000.0
  solar_opex: 10
  solar_lifetime: 20
  carbon_price: 1.0
timeseries_values:
  load_level: 238327.7131929391
  wind_year: 2014
  solar_year: 2016
  price_year: 2023
  carbon_year: 2023
storage_values:
  CAES:
    cost: 27.5042
    lifetime: 23.3061
    annual_cost: 1.1801288074795868
    efficiency: 0.607093
    discharge_ratio: 0.1
    depth_of_discharge: 0.4
  Li-ion:
    cost: 186.058
    lifetime: 25.1464
    annual_cost: 7.398991505742372
    efficiency: 0.883711
    discharge_ratio: 2
    depth_of_discharge: 0.9
  Pb-acid:
    cost: 154.793
    lifetime: 12.1075
    annual_cost: 12.784885401610573
    efficiency: 0.741261
    discharge_ratio: 5
    depth_of_discharge: 0.5
  VRBF:
    cost: 270.618
    lifetime: 22.2414
    annual_cost: 12.167309611805013
    efficiency: 0.733903
    discharge_ratio: 0.5
    depth_of_discharge: 1.0
