cost_values:
  wind_capex: 5000.0
  wind_opex: 100
  wind_lifetime: 20
  solar_capex: 1000.0
  solar_opex: 10
  solar_lifetime: 20
  carbon_price: 1.0
timeseries_values:
  load_level: 238327.7131929391
  wind_year: 2014
  solar_year: 2016
  price_year: 2023
  carbon_year: 2023
storage_values:
  CAES:
    cost: 37.2871
    lifetime: 22.9798
    annual_cost: 1.622603329881026
    efficiency: 0.597188
    discharge_ratio: 0.1
    depth_of_discharge: 0.4
  Li-ion:
    cost: 230.235
    lifetime: 24.0574
    annual_cost: 9.570236185123912
    efficiency: 0.884125
    discharge_ratio: 2
    depth_of_discharge: 0.9
  Pb-acid:
    cost: 171.822
    lifetime: 11.5496
    annual_cost: 14.87687885294729
    efficiency: 0.713252
    discharge_ratio: 5
    depth_of_discharge: 0.5
  VRBF:
    cost: 285.682
    lifetime: 21.1358
    annual_cost: 13.516498074357253
    efficiency: 0.709202
    discharge_ratio: 0.5
    depth_of_discharge: 1.0
