cost_values:
  wind_capex: 5000.0
  wind_opex: 100
  wind_lifetime: 20
  solar_capex: 1000.0
  solar_opex: 10
  solar_lifetime: 20
  carbon_price: 1.0
timeseries_values:
  load_level: 238327.7131929391
  wind_year: 2014
  solar_year: 2016
  price_year: 2023
  carbon_year: 2023
storage_values:
  CAES:
    cost: 26.9302
    lifetime: 22.2344
    annual_cost: 1.2111952649947828
    efficiency: 0.595297
    discharge_ratio: 0.1
    depth_of_discharge: 0.4
  Li-ion:
    cost: 214.404
    lifetime: 25.8329
    annual_cost: 8.299648897336343
    efficiency: 0.864459
    discharge_ratio: 2
    depth_of_discharge: 0.9
  Pb-acid:
    cost: 158.022
    lifetime: 11.5288
    annual_cost: 13.706717091110956
    efficiency: 0.728759
    discharge_ratio: 5
    depth_of_discharge: 0.5
  VRBF:
    cost: 248.844
    lifetime: 21.9781
    annual_cost: 11.32236180561559
    efficiency: 0.725882
    discharge_ratio: 0.5
    depth_of_discharge: 1.0
