cost_values:
  wind_capex: 5000.0
  wind_opex: 100
  wind_lifetime: 20
  solar_capex: 1000.0
  solar_opex: 10
  solar_lifetime: 20
  carbon_price: 1.0
timeseries_values:
  load_level: 238327.7131929391
  wind_year: 2014
  solar_year: 2016
  price_year: 2023
  carbon_year: 2023
storage_values:
  CAES:
    cost: 28.7959
    lifetime: 23.2274
    annual_cost: 1.2397384123922608
    efficiency: 0.608483
    discharge_ratio: 0.1
    depth_of_discharge: 0.4
  Li-ion:
    cost: 213.668
    lifetime: 23.4801
    annual_cost: 9.099961243776646
    efficiency: 0.873775
    discharge_ratio: 2
    depth_of_discharge: 0.9
  Pb-acid:
    cost: 156.695
    lifetime: 11.6644
    annual_cost: 13.433609958506223
    efficiency: 0.743807
    discharge_ratio: 5
    depth_of_discharge: 0.5
  VRBF:
    cost: 224.322
    lifetime: 21.7
    annual_cost: 10.33741935483871
    efficiency: 0.739775
    discharge_ratio: 0.5
    depth_of_discharge: 1.0
