cost_values:
  wind_capex: 5000.0
  wind_opex: 100
  wind_lifetime: 20
  solar_capex: 1000.0
  solar_opex: 10
  solar_lifetime: 20
  carbon_price: 1.0
timeseries_values:
  load_level: 238327.7131929391
  wind_year: 2014
  solar_year: 2016
  price_year: 2023
  carbon_year: 2023
storage_values:
  CAES:
    cost: 24.4439
    lifetime: 23.324
    annual_cost: 1.0480149202538158
    efficiency: 0.608063
    discharge_ratio: 0.1
    depth_of_discharge: 0.4
  Li-ion:
    cost: 207.227
    lifetime: 23.4428
    annual_cost: 8.83968638558534
    efficiency: 0.87867
    discharge_ratio: 2
    depth_of_discharge: 0.9
  Pb-acid:
    cost: 140.352
    lifetime: 12.9837
    annual_cost: 10.80986159569306
    efficiency: 0.706883
    discharge_ratio: 5
    depth_of_discharge: 0.5
  VRBF:
    cost: 238.505
    lifetime: 21.6049
    annual_cost: 11.039393841211947
    efficiency: 0.741573
    discharge_ratio: 0.5
    depth_of_discharge: 1.0
