cost_values:
  wind_capex: 5000.0
  wind_opex: 100
  wind_lifetime: 20
  solar_capex: 1000.0
  solar_opex: 10
  solar_lifetime: 20
  carbon_price: 1.0
timeseries_values:
  load_level: 238327.7131929391
  wind_year: 2014
  solar_year: 2016
  price_year: 2023
  carbon_year: 2023
storage_values:
  CAES:
    cost: 35.201
    lifetime: 23.0138
    annual_cost: 1.5295605245548323
    efficiency: 0.603722
    discharge_ratio: 0.1
    depth_of_discharge: 0.4
  Li-ion:
    cost: 177.877
    lifetime: 24.2011
    annual_cost: 7.3499551673271055
    efficiency: 0.865168
    discharge_ratio: 2
    depth_of_discharge: 0.9
  Pb-acid:
    cost: 163.545
    lifetime: 12.0068
    annual_cost: 13.621031415531197
    efficiency: 0.722037
    discharge_ratio: 5
    depth_of_discharge: 0.5
  VRBF:
    cost: 288.932
    lifetime: 21.7919
    annual_cost: 13.258687861086
    efficiency: 0.742267
    discharge_ratio: 0.5
    depth_of_discharge: 1.0
