cost_values:
  wind_capex: 5000.0
  wind_opex: 100
  wind_lifetime: 20
  solar_capex: 1000.0
  solar_opex: 10
  solar_lifetime: 20
  carbon_price: 1.0
timeseries_values:
  load_level: 238327.7131929391
  wind_year: 2014
  solar_year: 2016
  price_year: 2023
  carbon_year: 2023
storage_values:
  CAES:
    cost: 28.4196
    lifetime: 23.5483
    annual_cost: 1.2068641897716608
    efficiency: 0.60027
    discharge_ratio: 0.1
    depth_of_discharge: 0.4
  Li-ion:
    cost: 200.683
    lifetime: 24.9097
    annual_cost: 8.05641978827525
    efficiency: 0.890415
    discharge_ratio: 2
    depth_of_discharge: 0.9
  Pb-acid:
    cost: 170.396
    lifetime: 11.4435
    annual_cost: 14.890199676672346
    efficiency: 0.719076
    discharge_ratio: 5
    depth_of_discharge: 0.5
  VRBF:
    cost: 269.766
    lifetime: 19.7335
    annual_cost: 13.670458864367701
    efficiency: 0.754003
    discharge_ratio: 0.5
    depth_of_discharge: 1.0
