cost_values:
  wind_capex: 5000.0
  wind_opex: 100
  wind_lifetime: 20
  solar_capex: 1000.0
  solar_opex: 10
  solar_lifetime: 20
  carbon_price: 1.0
timeseries_values:
  load_level: 238327.7131929391
  wind_year: 2014
  solar_year: 2016
  price_year: 2023
  carbon_year: 2023
storage_values:
  CAES:
    cost: 26.6386
    lifetime: 21.0832
    annual_cost: 1.2634988995977838
    efficiency: 0.597338
    discharge_ratio: 0.1
    depth_of_discharge: 0.4
  Li-ion:
    cost: 211.994
    lifetime: 21.6251
    annual_cost: 9.803145418980721
    efficiency: 0.861939
    discharge_ratio: 2
    depth_of_discharge: 0.9
  Pb-acid:
    cost: 154.495
    lifetime: 10.8742
    annual_cost: 14.207481929705175
    efficiency: 0.722252
    discharge_ratio: 5
    depth_of_discharge: 0.5
  VRBF:
    cost: 235.134
    lifetime: 22.264
    annual_cost: 10.561174991016888
    efficiency: 0.74633
    discharge_ratio: 0.5
    depth_of_discharge: 1.0
