cost_values:
  wind_capex: 5000.0
  wind_opex: 100
  wind_lifetime: 20
  solar_capex: 1000.0
  solar_opex: 10
  solar_lifetime: 20
  carbon_price: 1.0
timeseries_values:
  load_level: 238327.7131929391
  wind_year: 2014
  solar_year: 2016
  price_year: 2023
  carbon_year: 2023
storage_values:
  CAES:
    cost: 26.6166
    lifetime: 22.7091
    annual_cost: 1.1720675852411588
    efficiency: 0.593848
    discharge_ratio: 0.1
    depth_of_discharge: 0.4
  Li-ion:
    cost: 226.195
    lifetime: 25.5156
    annual_cost: 8.864968881782126
    efficiency: 0.882638
    discharge_ratio: 2
    depth_of_discharge: 0.9
  Pb-acid:
    cost: 164.455
    lifetime: 10.7903
    annual_cost: 15.241003493878763
    efficiency: 0.728621
    discharge_ratio: 5
    depth_of_discharge: 0.5
  VRBF:
    cost: 272.166
    lifetime: 21.3242
    annual_cost: 12.763245514485888
    efficiency: 0.75948
    discharge_ratio: 0.5
    depth_of_discharge: 1.0
