cost_values:
  wind_capex: 5000.0
  wind_opex: 100
  wind_lifetime: 20
  solar_capex: 1000.0
  solar_opex: 10
  solar_lifetime: 20
  carbon_price: 1.0
timeseries_values:
  load_level: 238327.7131929391
  wind_year: 2014
  solar_year: 2016
  price_year: 2023
  carbon_year: 2023
storage_values:
  CAES:
    cost: 32.1563
    lifetime: 23.6773
    annual_cost: 1.3581067098022157
    efficiency: 0.594742
    discharge_ratio: 0.1
    depth_of_discharge: 0.4
  Li-ion:
    cost: 215.923
    lifetime: 24.7231
    annual_cost: 8.733653951163083
    efficiency: 0.868285
    discharge_ratio: 2
    depth_of_discharge: 0.9
  Pb-acid:
    cost: 171.269
    lifetime: 11.2121
    annual_cost: 15.275372142595947
    efficiency: 0.734479
    discharge_ratio: 5
    depth_of_discharge: 0.5
  VRBF:
    cost: 245.828
    lifetime: 19.6889
    annual_cost: 12.485613721436952
    efficiency: 0.75293
    discharge_ratio: 0.5
    depth_of_discharge: 1.0
