cost_values:
  wind_capex: 5000.0
  wind_opex: 100
  wind_lifetime: 20
  solar_capex: 1000.0
  solar_opex: 10
  solar_lifetime: 20
  carbon_price: 1.0
timeseries_values:
  load_level: 238327.7131929391
  wind_year: 2014
  solar_year: 2016
  price_year: 2023
  carbon_year: 2023
storage_values:
  CAES:
    cost: 36.9471
    lifetime: 22.9264
    annual_cost: 1.611552620559704
    efficiency: 0.611329
    discharge_ratio: 0.1
    depth_of_discharge: 0.4
  Li-ion:
    cost: 212.268
    lifetime: 23.6978
    annual_cost: 8.957287174336859
    efficiency: 0.876864
    discharge_ratio: 2
    depth_of_discharge: 0.9
  Pb-acid:
    cost: 165.409
    lifetime: 12.36
    annual_cost: 13.382605177993527
    efficiency: 0.729578
    discharge_ratio: 5
    depth_of_discharge: 0.5
  VRBF:
    cost: 255.152
    lifetime: 20.289
    annual_cost: 12.575878554881955
    efficiency: 0.728813
    discharge_ratio: 0.5
    depth_of_discharge: 1.0
