cost_values:
  wind_capex: 5000.0
  wind_opex: 100
  wind_lifetime: 20
  solar_capex: 1000.0
  solar_opex: 10
  solar_lifetime: 20
  carbon_price: 1.0
timeseries_values:
  load_level: 269681.1214960883
  wind_year: 2014
  solar_year: 2015
  price_year: 2023
  carbon_year: 2023
storage_values:
  CAES:
    cost: 72.1748
    lifetime: 27.4961
    annual_cost: 2.62491044184448
    efficiency: 0.604146
    discharge_ratio: 0.1
    depth_of_discharge: 0.4
  Li-ion:
    cost: 266.054
    lifetime: 25.4444
    annual_cost: 10.45628900661835
    efficiency: 0.947663
    discharge_ratio: 2
    depth_of_discharge: 0.9
  Pb-acid:
    cost: 94.8683
    lifetime: 12.2941
    annual_cost: 7.716571363499565
    efficiency: 0.750256
    discharge_ratio: 5
    depth_of_discharge: 0.5
  VRBF:
    cost: 216.179
    lifetime: 25.7488
    annual_cost: 8.395692226433853
    efficiency: 0.679772
    discharge_ratio: 0.5
    depth_of_discharge: 1.0
