cost_values:
  wind_capex: 5000.0
  wind_opex: 100
  wind_lifetime: 20
  solar_capex: 1000.0
  solar_opex: 10
  solar_lifetime: 20
  carbon_price: 1.0
timeseries_values:
  load_level: 269681.1214960883
  wind_year: 2014
  solar_year: 2015
  price_year: 2023
  carbon_year: 2023
storage_values:
  CAES:
    cost: 70.005
    lifetime: 28.1338
    annual_cost: 2.488288108965017
    efficiency: 0.611396
    discharge_ratio: 0.1
    depth_of_discharge: 0.4
  Li-ion:
    cost: 262.901
    lifetime: 24.9881
    annual_cost: 10.521048018856977
    efficiency: 0.929446
    discharge_ratio: 2
    depth_of_discharge: 0.9
  Pb-acid:
    cost: 98.9011
    lifetime: 11.281
    annual_cost: 8.767050793369382
    efficiency: 0.755824
    discharge_ratio: 5
    depth_of_discharge: 0.5
  VRBF:
    cost: 232.489
    lifetime: 24.6837
    annual_cost: 9.418725717781369
    efficiency: 0.693392
    discharge_ratio: 0.5
    depth_of_discharge: 1.0
