cost_values:
  wind_capex: 5000.0
  wind_opex: 100
  wind_lifetime: 20
  solar_capex: 1000.0
  solar_opex: 10
  solar_lifetime: 20
  carbon_price: 1.0
timeseries_values:
  load_level: 269681.1214960883
  wind_year: 2014
  solar_year: 2015
  price_year: 2023
  carbon_year: 2023
storage_values:
  CAES:
    cost: 77.7928
    lifetime: 28.0421
    annual_cost: 2.7741431633151583
    efficiency: 0.604935
    discharge_ratio: 0.1
    depth_of_discharge: 0.4
  Li-ion:
    cost: 230.684
    lifetime: 27.3557
    annual_cost: 8.432758072357863
    efficiency: 0.950931
    discharge_ratio: 2
    depth_of_discharge: 0.9
  Pb-acid:
    cost: 73.3939
    lifetime: 11.4779
    annual_cost: 6.39436656531247
    efficiency: 0.740935
    discharge_ratio: 5
    depth_of_discharge: 0.5
  VRBF:
    cost: 238.449
    lifetime: 23.9148
    annual_cost: 9.970771237894526
    efficiency: 0.708396
    discharge_ratio: 0.5
    depth_of_discharge: 1.0
