cost_values:
  wind_capex: 5000.0
  wind_opex: 100
  wind_lifetime: 20
  solar_capex: 1000.0
  solar_opex: 10
  solar_lifetime: 20
  carbon_price: 1.0
timeseries_values:
  load_level: 269681.1214960883
  wind_year: 2014
  solar_year: 2015
  price_year: 2023
  carbon_year: 2023
storage_values:
  CAES:
    cost: 76.9112
    lifetime: 27.7404
    annual_cost: 2.772533921644965
    efficiency: 0.61334
    discharge_ratio: 0.1
    depth_of_discharge: 0.4
  Li-ion:
    cost: 268.816
    lifetime: 27.9476
    annual_cost: 9.618571898839255
    efficiency: 0.942487
    discharge_ratio: 2
    depth_of_discharge: 0.9
  Pb-acid:
    cost: 102.069
    lifetime: 11.1273
    annual_cost: 9.172845164595184
    efficiency: 0.737556
    discharge_ratio: 5
    depth_of_discharge: 0.5
  VRBF:
    cost: 216.007
    lifetime: 20.8489
    annual_cost: 10.360594563741971
    efficiency: 0.689058
    discharge_ratio: 0.5
    depth_of_discharge: 1.0
