cost_values:
  wind_capex: 5000.0
  wind_opex: 100
  wind_lifetime: 20
  solar_capex: 1000.0
  solar_opex: 10
  solar_lifetime: 20
  carbon_price: 1.0
timeseries_values:
  load_level: 269681.1214960883
  wind_year: 2014
  solar_year: 2015
  price_year: 2023
  carbon_year: 2023
storage_values:
  CAES:
    cost: 79.1933
    lifetime: 27.6386
    annual_cost: 2.8653151751535892
    efficiency: 0.605823
    discharge_ratio: 0.1
    depth_of_discharge: 0.4
  Li-ion:
    cost: 268.14
    lifetime: 28.061
    annual_cost: 9.555610990342467
    efficiency: 0.927546
    discharge_ratio: 2
    depth_of_discharge: 0.9
  Pb-acid:
    cost: 68.1333
    lifetime: 12.486
    annual_cost: 5.456775588659299
    efficiency: 0.736951
    discharge_ratio: 5
    depth_of_discharge: 0.5
  VRBF:
    cost: 230.788
    lifetime: 23.7362
    annual_cost: 9.723039071123432
    efficiency: 0.702259
    discharge_ratio: 0.5
    depth_of_discharge: 1.0
