cost_values:
  wind_capex: 5000.0
  wind_opex: 100
  wind_lifetime: 20
  solar_capex: 1000.0
  solar_opex: 10
  solar_lifetime: 20
  carbon_price: 1.0
timeseries_values:
  load_level: 269681.1214960883
  wind_year: 2014
  solar_year: 2015
  price_year: 2023
  carbon_year: 2023
storage_values:
  CAES:
    cost: 73.322
    lifetime: 28.2286
    annual_cost: 2.5974366422706052
    efficiency: 0.598051
    discharge_ratio: 0.1
    depth_of_discharge: 0.4
  Li-ion:
    cost: 270.788
    lifetime: 28.0755
    annual_cost: 9.644992965396876
    efficiency: 0.94035
    discharge_ratio: 2
    depth_of_discharge: 0.9
  Pb-acid:
    cost: 101.477
    lifetime: 11.7687
    annual_cost: 8.622617621317563
    efficiency: 0.739892
    discharge_ratio: 5
    depth_of_discharge: 0.5
  VRBF:
    cost: 225.984
    lifetime: 24.5959
    annual_cost: 9.187872775543891
    efficiency: 0.70529
    discharge_ratio: 0.5
    depth_of_discharge: 1.0
