cost_values:
  wind_capex: 5000.0
  wind_opex: 100
  wind_lifetime: 20
  solar_capex: 1000.0
  solar_opex: 10
  solar_lifetime: 20
  carbon_price: 1.0
timeseries_values:
  load_level: 269681.1214960883
  wind_year: 2014
  solar_year: 2015
  price_year: 2023
  carbon_year: 2023
storage_values:
  CAES:
    cost: 74.0696
    lifetime: 28.1223
    annual_cost: 2.6338386262859013
    efficiency: 0.596838
    discharge_ratio: 0.1
    depth_of_discharge: 0.4
  Li-ion:
    cost: 248.092
    lifetime: 25.8039
    annual_cost: 9.614515635233435
    efficiency: 0.955003
    discharge_ratio: 2
    depth_of_discharge: 0.9
  Pb-acid:
    cost: 68.874
    lifetime: 11.1302
    annual_cost: 6.188028966236006
    efficiency: 0.736746
    discharge_ratio: 5
    depth_of_discharge: 0.5
  VRBF:
    cost: 213.931
    lifetime: 22.2905
    annual_cost: 9.597406967093605
    efficiency: 0.681729
    discharge_ratio: 0.5
    depth_of_discharge: 1.0
