cost_values:
  wind_capex: 5000.0
  wind_opex: 100
  wind_lifetime: 20
  solar_capex: 1000.0
  solar_opex: 10
  solar_lifetime: 20
  carbon_price: 1.0
timeseries_values:
  load_level: 269681.1214960883
  wind_year: 2014
  solar_year: 2015
  price_year: 2023
  carbon_year: 2023
storage_values:
  CAES:
    cost: 78.3362
    lifetime: 28.8358
    annual_cost: 2.716630022402708
    efficiency: 0.598015
    discharge_ratio: 0.1
    depth_of_discharge: 0.4
  Li-ion:
    cost: 275.545
    lifetime: 25.4719
    annual_cost: 10.81760685304198
    efficiency: 0.948512
    discharge_ratio: 2
    depth_of_discharge: 0.9
  Pb-acid:
    cost: 109.828
    lifetime: 10.7653
    annual_cost: 10.202038029595089
    efficiency: 0.74213
    discharge_ratio: 5
    depth_of_discharge: 0.5
  VRBF:
    cost: 203.819
    lifetime: 21.6612
    annual_cost: 9.409404834450537
    efficiency: 0.705542
    discharge_ratio: 0.5
    depth_of_discharge: 1.0
