cost_values:
  wind_capex: 5000.0
  wind_opex: 100
  wind_lifetime: 20
  solar_capex: 1000.0
  solar_opex: 10
  solar_lifetime: 20
  carbon_price: 1.0
timeseries_values:
  load_level: 269681.1214960883
  wind_year: 2014
  solar_year: 2015
  price_year: 2023
  carbon_year: 2023
storage_values:
  CAES:
    cost: 66.861
    lifetime: 28.9161
    annual_cost: 2.3122412773506804
    efficiency: 0.619132
    discharge_ratio: 0.1
    depth_of_discharge: 0.4
  Li-ion:
    cost: 253.161
    lifetime: 25.77
    annual_cost: 9.823864959254948
    efficiency: 0.945831
    discharge_ratio: 2
    depth_of_discharge: 0.9
  Pb-acid:
    cost: 76.7021
    lifetime: 11.0846
    annual_cost: 6.919699402775021
    efficiency: 0.754809
    discharge_ratio: 5
    depth_of_discharge: 0.5
  VRBF:
    cost: 192.812
    lifetime: 22.5501
    annual_cost: 8.550383368588166
    efficiency: 0.697025
    discharge_ratio: 0.5
    depth_of_discharge: 1.0
