cost_values:
  wind_capex: 5000.0
  wind_opex: 100
  wind_lifetime: 20
  solar_capex: 1000.0
  solar_opex: 10
  solar_lifetime: 20
  carbon_price: 1.0
timeseries_values:
  load_level: 269681.1214960883
  wind_year: 2014
  solar_year: 2015
  price_year: 2023
  carbon_year: 2023
storage_values:
  CAES:
    cost: 77.1605
    lifetime: 28.3942
    annual_cost: 2.71747399116721
    efficiency: 0.595899
    discharge_ratio: 0.1
    depth_of_discharge: 0.4
  Li-ion:
    cost: 269.509
    lifetime: 26.7581
    annual_cost: 10.072052948452992
    efficiency: 0.930425
    discharge_ratio: 2
    depth_of_discharge: 0.9
  Pb-acid:
    cost: 77.9681
    lifetime: 11.038
    annual_cost: 7.063607537597392
    efficiency: 0.752527
    discharge_ratio: 5
    depth_of_discharge: 0.5
  VRBF:
    cost: 174.407
    lifetime: 21.8871
    annual_cost: 7.96848371872016
    efficiency: 0.693392
    discharge_ratio: 0.5
    depth_of_discharge: 1.0
