cost_values:
  wind_capex: 5000.0
  wind_opex: 100
  wind_lifetime: 20
  solar_capex: 1000.0
  solar_opex: 10
  solar_lifetime: 20
  carbon_price: 1.0
timeseries_values:
  load_level: 269681.1214960883
  wind_year: 2014
  solar_year: 2015
  price_year: 2023
  carbon_year: 2023
storage_values:
  CAES:
    cost: 69.7872
    lifetime: 28.6341
    annual_cost: 2.437205988663866
    efficiency: 0.604534
    discharge_ratio: 0.1
    depth_of_discharge: 0.4
  Li-ion:
    cost: 246.544
    lifetime: 26.8491
    annual_cost: 9.182579676786187
    efficiency: 0.938799
    discharge_ratio: 2
    depth_of_discharge: 0.9
  Pb-acid:
    cost: 81.3737
    lifetime: 11.4324
    annual_cost: 7.117814282215458
    efficiency: 0.750777
    discharge_ratio: 5
    depth_of_discharge: 0.5
  VRBF:
    cost: 198.48
    lifetime: 23.7654
    annual_cost: 8.351637254159408
    efficiency: 0.688634
    discharge_ratio: 0.5
    depth_of_discharge: 1.0
