cost_values:
  wind_capex: 5000.0
  wind_opex: 100
  wind_lifetime: 20
  solar_capex: 1000.0
  solar_opex: 10
  solar_lifetime: 20
  carbon_price: 1.0
timeseries_values:
  load_level: 269681.1214960883
  wind_year: 2014
  solar_year: 2015
  price_year: 2023
  carbon_year: 2023
storage_values:
  CAES:
    cost: 71.0922
    lifetime: 27.0687
    annual_cost: 2.626361812720966
    efficiency: 0.596322
    discharge_ratio: 0.1
    depth_of_discharge: 0.4
  Li-ion:
    cost: 271.691
    lifetime: 27.5835
    annual_cost: 9.849765258215962
    efficiency: 0.940315
    discharge_ratio: 2
    depth_of_discharge: 0.9
  Pb-acid:
    cost: 90.0997
    lifetime: 12.3343
    annual_cost: 7.304808542033191
    efficiency: 0.751553
    discharge_ratio: 5
    depth_of_discharge: 0.5
  VRBF:
    cost: 240.191
    lifetime: 21.6335
    annual_cost: 11.102734185406891
    efficiency: 0.685036
    discharge_ratio: 0.5
    depth_of_discharge: 1.0
