cost_values:
  wind_capex: 5000.0
  wind_opex: 100
  wind_lifetime: 20
  solar_capex: 1000.0
  solar_opex: 10
  solar_lifetime: 20
  carbon_price: 1.0
timeseries_values:
  load_level: 269681.1214960883
  wind_year: 2014
  solar_year: 2015
  price_year: 2023
  carbon_year: 2023
storage_values:
  CAES:
    cost: 68.9416
    lifetime: 27.3829
    annual_cost: 2.5176880461894102
    efficiency: 0.604833
    discharge_ratio: 0.1
    depth_of_discharge: 0.4
  Li-ion:
    cost: 289.361
    lifetime: 28.3306
    annual_cost: 10.213726500674182
    efficiency: 0.934713
    discharge_ratio: 2
    depth_of_discharge: 0.9
  Pb-acid:
    cost: 91.2263
    lifetime: 9.74958
    annual_cost: 9.356946658215021
    efficiency: 0.751138
    discharge_ratio: 5
    depth_of_discharge: 0.5
  VRBF:
    cost: 242.733
    lifetime: 23.113
    annual_cost: 10.50201185480033
    efficiency: 0.689635
    discharge_ratio: 0.5
    depth_of_discharge: 1.0
