cost_values:
  wind_capex: 5000.0
  wind_opex: 100
  wind_lifetime: 20
  solar_capex: 1000.0
  solar_opex: 10
  solar_lifetime: 20
  carbon_price: 1.0
timeseries_values:
  load_level: 269681.1214960883
  wind_year: 2014
  solar_year: 2015
  price_year: 2023
  carbon_year: 2023
storage_values:
  CAES:
    cost: 71.644
    lifetime: 26.934
    annual_cost: 2.659983663770699
    efficiency: 0.600951
    discharge_ratio: 0.1
    depth_of_discharge: 0.4
  Li-ion:
    cost: 271.486
    lifetime: 25.4038
    annual_cost: 10.686826380305309
    efficiency: 0.945687
    discharge_ratio: 2
    depth_of_discharge: 0.9
  Pb-acid:
    cost: 83.6104
    lifetime: 12.9363
    annual_cost: 6.463239102370848
    efficiency: 0.733231
    discharge_ratio: 5
    depth_of_discharge: 0.5
  VRBF:
    cost: 222.795
    lifetime: 23.5049
    annual_cost: 9.47866189603019
    efficiency: 0.710355
    discharge_ratio: 0.5
    depth_of_discharge: 1.0
