cost_values:
  wind_capex: 5000.0
  wind_opex: 100
  wind_lifetime: 20
  solar_capex: 1000.0
  solar_opex: 10
  solar_lifetime: 20
  carbon_price: 1.0
timeseries_values:
  load_level: 269681.1214960883
  wind_year: 2014
  solar_year: 2015
  price_year: 2023
  carbon_year: 2023
storage_values:
  CAES:
    cost: 77.1053
    lifetime: 27.2997
    annual_cost: 2.8244010007435976
    efficiency: 0.606423
    discharge_ratio: 0.1
    depth_of_discharge: 0.4
  Li-ion:
    cost: 269.682
    lifetime: 27.947
    annual_cost: 9.649765627795471
    efficiency: 0.939543
    discharge_ratio: 2
    depth_of_discharge: 0.9
  Pb-acid:
    cost: 74.5416
    lifetime: 11.3398
    annual_cost: 6.573449267182843
    efficiency: 0.743533
    discharge_ratio: 5
    depth_of_discharge: 0.5
  VRBF:
    cost: 212.214
    lifetime: 21.8089
    annual_cost: 9.73061456561312
    efficiency: 0.702245
    discharge_ratio: 0.5
    depth_of_discharge: 1.0
