cost_values:
  wind_capex: 5000.0
  wind_opex: 100
  wind_lifetime: 20
  solar_capex: 1000.0
  solar_opex: 10
  solar_lifetime: 20
  carbon_price: 1.0
timeseries_values:
  load_level: 269681.1214960883
  wind_year: 2014
  solar_year: 2015
  price_year: 2023
  carbon_year: 2023
storage_values:
  CAES:
    cost: 71.7763
    lifetime: 27.4228
    annual_cost: 2.617395014367607
    efficiency: 0.611553
    discharge_ratio: 0.1
    depth_of_discharge: 0.4
  Li-ion:
    cost: 272.117
    lifetime: 27.7735
    annual_cost: 9.79772084901075
    efficiency: 0.941404
    discharge_ratio: 2
    depth_of_discharge: 0.9
  Pb-acid:
    cost: 85.15
    lifetime: 11.9644
    annual_cost: 7.11694694259637
    efficiency: 0.737108
    discharge_ratio: 5
    depth_of_discharge: 0.5
  VRBF:
    cost: 216.523
    lifetime: 23.1375
    annual_cost: 9.358098325229605
    efficiency: 0.707318
    discharge_ratio: 0.5
    depth_of_discharge: 1.0
