cost_values:
  wind_capex: 5000.0
  wind_opex: 100
  wind_lifetime: 20
  solar_capex: 1000.0
  solar_opex: 10
  solar_lifetime: 20
  carbon_price: 1.0
timeseries_values:
  load_level: 269681.1214960883
  wind_year: 2014
  solar_year: 2015
  price_year: 2023
  carbon_year: 2023
storage_values:
  CAES:
    cost: 74.5246
    lifetime: 27.3606
    annual_cost: 2.723792606887276
    efficiency: 0.603758
    discharge_ratio: 0.1
    depth_of_discharge: 0.4
  Li-ion:
    cost: 269.85
    lifetime: 26.1125
    annual_cost: 10.334131163235998
    efficiency: 0.947566
    discharge_ratio: 2
    depth_of_discharge: 0.9
  Pb-acid:
    cost: 90.3659
    lifetime: 12.1022
    annual_cost: 7.466898580423394
    efficiency: 0.746165
    discharge_ratio: 5
    depth_of_discharge: 0.5
  VRBF:
    cost: 248.691
    lifetime: 25.04
    annual_cost: 9.931749201277956
    efficiency: 0.682713
    discharge_ratio: 0.5
    depth_of_discharge: 1.0
