cost_values:
  wind_capex: 5000.0
  wind_opex: 100
  wind_lifetime: 20
  solar_capex: 1000.0
  solar_opex: 10
  solar_lifetime: 20
  carbon_price: 1.0
timeseries_values:
  load_level: 269681.1214960883
  wind_year: 2014
  solar_year: 2015
  price_year: 2023
  carbon_year: 2023
storage_values:
  CAES:
    cost: 73.1203
    lifetime: 27.8972
    annual_cost: 2.6210623288358685
    efficiency: 0.60827
    discharge_ratio: 0.1
    depth_of_discharge: 0.4
  Li-ion:
    cost: 270.489
    lifetime: 26.6827
    annual_cost: 10.13724248295712
    efficiency: 0.93787
    discharge_ratio: 2
    depth_of_discharge: 0.9
  Pb-acid:
    cost: 81.2451
    lifetime: 12.4628
    annual_cost: 6.51900856950284
    efficiency: 0.758166
    discharge_ratio: 5
    depth_of_discharge: 0.5
  VRBF:
    cost: 216.542
    lifetime: 22.7517
    annual_cost: 9.517618463675243
    efficiency: 0.699334
    discharge_ratio: 0.5
    depth_of_discharge: 1.0
