cost_values:
  wind_capex: 5000.0
  wind_opex: 100
  wind_lifetime: 20
  solar_capex: 1000.0
  solar_opex: 10
  solar_lifetime: 20
  carbon_price: 1.0
timeseries_values:
  load_level: 269681.1214960883
  wind_year: 2014
  solar_year: 2015
  price_year: 2023
  carbon_year: 2023
storage_values:
  CAES:
    cost: 71.0315
    lifetime: 27.0523
    annual_cost: 2.6257101983934823
    efficiency: 0.604738
    discharge_ratio: 0.1
    depth_of_discharge: 0.4
  Li-ion:
    cost: 261.94
    lifetime: 26.7436
    annual_cost: 9.794492888018068
    efficiency: 0.945616
    discharge_ratio: 2
    depth_of_discharge: 0.9
  Pb-acid:
    cost: 98.6202
    lifetime: 10.7212
    annual_cost: 9.198615826586575
    efficiency: 0.750116
    discharge_ratio: 5
    depth_of_discharge: 0.5
  VRBF:
    cost: 250.303
    lifetime: 22.3777
    annual_cost: 11.185376513225219
    efficiency: 0.691575
    discharge_ratio: 0.5
    depth_of_discharge: 1.0
