cost_values:
  wind_capex: 5000.0
  wind_opex: 100
  wind_lifetime: 20
  solar_capex: 1000.0
  solar_opex: 10
  solar_lifetime: 20
  carbon_price: 1.0
timeseries_values:
  load_level: 269681.1214960883
  wind_year: 2014
  solar_year: 2015
  price_year: 2023
  carbon_year: 2023
storage_values:
  CAES:
    cost: 75.3238
    lifetime: 27.7909
    annual_cost: 2.710376418180052
    efficiency: 0.61198
    discharge_ratio: 0.1
    depth_of_discharge: 0.4
  Li-ion:
    cost: 286.134
    lifetime: 26.6436
    annual_cost: 10.739314507048597
    efficiency: 0.932953
    discharge_ratio: 2
    depth_of_discharge: 0.9
  Pb-acid:
    cost: 65.6538
    lifetime: 12.2455
    annual_cost: 5.361463394716427
    efficiency: 0.740344
    discharge_ratio: 5
    depth_of_discharge: 0.5
  VRBF:
    cost: 240.371
    lifetime: 22.3281
    annual_cost: 10.765403236280742
    efficiency: 0.706534
    discharge_ratio: 0.5
    depth_of_discharge: 1.0
