cost_values:
  wind_capex: 5000.0
  wind_opex: 100
  wind_lifetime: 20
  solar_capex: 1000.0
  solar_opex: 10
  solar_lifetime: 20
  carbon_price: 1.0
timeseries_values:
  load_level: 269681.1214960883
  wind_year: 2014
  solar_year: 2015
  price_year: 2023
  carbon_year: 2023
storage_values:
  CAES:
    cost: 74.2081
    lifetime: 27.3055
    annual_cost: 2.7176978996905388
    efficiency: 0.607282
    discharge_ratio: 0.1
    depth_of_discharge: 0.4
  Li-ion:
    cost: 286.265
    lifetime: 26.8583
    annual_cost: 10.658343975605305
    efficiency: 0.94278
    discharge_ratio: 2
    depth_of_discharge: 0.9
  Pb-acid:
    cost: 69.9924
    lifetime: 10.8511
    annual_cost: 6.450258499138336
    efficiency: 0.739633
    discharge_ratio: 5
    depth_of_discharge: 0.5
  VRBF:
    cost: 197.506
    lifetime: 24.1189
    annual_cost: 8.18884775010469
    efficiency: 0.703578
    discharge_ratio: 0.5
    depth_of_discharge: 1.0
