cost_values:
  wind_capex: 5000.0
  wind_opex: 100
  wind_lifetime: 20
  solar_capex: 1000.0
  solar_opex: 10
  solar_lifetime: 20
  carbon_price: 1.0
timeseries_values:
  load_level: 269681.1214960883
  wind_year: 2014
  solar_year: 2015
  price_year: 2023
  carbon_year: 2023
storage_values:
  CAES:
    cost: 70.8392
    lifetime: 28.0356
    annual_cost: 2.526758835195252
    efficiency: 0.617143
    discharge_ratio: 0.1
    depth_of_discharge: 0.4
  Li-ion:
    cost: 280.665
    lifetime: 27.0027
    annual_cost: 10.393960603939606
    efficiency: 0.939207
    discharge_ratio: 2
    depth_of_discharge: 0.9
  Pb-acid:
    cost: 78.0949
    lifetime: 11.8865
    annual_cost: 6.570050056787111
    efficiency: 0.747542
    discharge_ratio: 5
    depth_of_discharge: 0.5
  VRBF:
    cost: 206.868
    lifetime: 22.6882
    annual_cost: 9.117867437698893
    efficiency: 0.698952
    discharge_ratio: 0.5
    depth_of_discharge: 1.0
