cost_values:
  wind_capex: 5000.0
  wind_opex: 100
  wind_lifetime: 20
  solar_capex: 1000.0
  solar_opex: 10
  solar_lifetime: 20
  carbon_price: 1.0
timeseries_values:
  load_level: 269681.1214960883
  wind_year: 2014
  solar_year: 2015
  price_year: 2023
  carbon_year: 2023
storage_values:
  CAES:
    cost: 70.288
    lifetime: 28.6965
    annual_cost: 2.44935793563675
    efficiency: 0.612594
    discharge_ratio: 0.1
    depth_of_discharge: 0.4
  Li-ion:
    cost: 271.119
    lifetime: 28.6282
    annual_cost: 9.470347419677102
    efficiency: 0.940423
    discharge_ratio: 2
    depth_of_discharge: 0.9
  Pb-acid:
    cost: 71.5322
    lifetime: 10.6823
    annual_cost: 6.696329442161333
    efficiency: 0.750861
    discharge_ratio: 5
    depth_of_discharge: 0.5
  VRBF:
    cost: 204.618
    lifetime: 22.4657
    annual_cost: 9.108018000774514
    efficiency: 0.693735
    discharge_ratio: 0.5
    depth_of_discharge: 1.0
