cost_values:
  wind_capex: 5000.0
  wind_opex: 100
  wind_lifetime: 20
  solar_capex: 1000.0
  solar_opex: 10
  solar_lifetime: 20
  carbon_price: 1.0
timeseries_values:
  load_level: 269681.1214960883
  wind_year: 2014
  solar_year: 2015
  price_year: 2023
  carbon_year: 2023
storage_values:
  CAES:
    cost: 73.1557
    lifetime: 28.5145
    annual_cost: 2.5655613810517455
    efficiency: 0.598952
    discharge_ratio: 0.1
    depth_of_discharge: 0.4
  Li-ion:
    cost: 261.035
    lifetime: 27.061
    annual_cost: 9.646169764605892
    efficiency: 0.938652
    discharge_ratio: 2
    depth_of_discharge: 0.9
  Pb-acid:
    cost: 89.1565
    lifetime: 12.9332
    annual_cost: 6.893614882627656
    efficiency: 0.744221
    discharge_ratio: 5
    depth_of_discharge: 0.5
  VRBF:
    cost: 202.12
    lifetime: 23.0648
    annual_cost: 8.763136901252125
    efficiency: 0.690121
    discharge_ratio: 0.5
    depth_of_discharge: 1.0
