cost_values:
  wind_capex: 5000.0
  wind_opex: 100
  wind_lifetime: 20
  solar_capex: 1000.0
  solar_opex: 10
  solar_lifetime: 20
  carbon_price: 1.0
timeseries_values:
  load_level: 269681.1214960883
  wind_year: 2014
  solar_year: 2015
  price_year: 2023
  carbon_year: 2023
storage_values:
  CAES:
    cost: 73.9267
    lifetime: 29.4118
    annual_cost: 2.5135047837942595
    efficiency: 0.620921
    discharge_ratio: 0.1
    depth_of_discharge: 0.4
  Li-ion:
    cost: 265.824
    lifetime: 27.7878
    annual_cost: 9.566212510526203
    efficiency: 0.946888
    discharge_ratio: 2
    depth_of_discharge: 0.9
  Pb-acid:
    cost: 65.1156
    lifetime: 12.3409
    annual_cost: 5.276406096800072
    efficiency: 0.740751
    discharge_ratio: 5
    depth_of_discharge: 0.5
  VRBF:
    cost: 226.441
    lifetime: 22.5912
    annual_cost: 10.023416197457417
    efficiency: 0.712042
    discharge_ratio: 0.5
    depth_of_discharge: 1.0
