cost_values:
  wind_capex: 5000.0
  wind_opex: 100
  wind_lifetime: 20
  solar_capex: 1000.0
  solar_opex: 10
  solar_lifetime: 20
  carbon_price: 1.0
timeseries_values:
  load_level: 269681.1214960883
  wind_year: 2014
  solar_year: 2015
  price_year: 2023
  carbon_year: 2023
storage_values:
  CAES:
    cost: 72.5445
    lifetime: 28.6862
    annual_cost: 2.528898913066213
    efficiency: 0.606863
    discharge_ratio: 0.1
    depth_of_discharge: 0.4
  Li-ion:
    cost: 252.521
    lifetime: 27.5308
    annual_cost: 9.172308832289653
    efficiency: 0.929337
    discharge_ratio: 2
    depth_of_discharge: 0.9
  Pb-acid:
    cost: 87.0538
    lifetime: 9.78717
    annual_cost: 8.894685593486166
    efficiency: 0.734036
    discharge_ratio: 5
    depth_of_discharge: 0.5
  VRBF:
    cost: 237.346
    lifetime: 21.7097
    annual_cost: 10.932716711884549
    efficiency: 0.692891
    discharge_ratio: 0.5
    depth_of_discharge: 1.0
