cost_values:
  wind_capex: 5000.0
  wind_opex: 100
  wind_lifetime: 20
  solar_capex: 1000.0
  solar_opex: 10
  solar_lifetime: 20
  carbon_price: 1.0
timeseries_values:
  load_level: 269681.1214960883
  wind_year: 2014
  solar_year: 2015
  price_year: 2023
  carbon_year: 2023
storage_values:
  CAES:
    cost: 78.7491
    lifetime: 28.2513
    annual_cost: 2.787450489004046
    efficiency: 0.597687
    discharge_ratio: 0.1
    depth_of_discharge: 0.4
  Li-ion:
    cost: 261.541
    lifetime: 28.6228
    annual_cost: 9.137505764635184
    efficiency: 0.94771
    discharge_ratio: 2
    depth_of_discharge: 0.9
  Pb-acid:
    cost: 91.3467
    lifetime: 10.5563
    annual_cost: 8.653287610242225
    efficiency: 0.755551
    discharge_ratio: 5
    depth_of_discharge: 0.5
  VRBF:
    cost: 243.309
    lifetime: 24.6502
    annual_cost: 9.870467582413124
    efficiency: 0.709461
    discharge_ratio: 0.5
    depth_of_discharge: 1.0
