cost_values:
  wind_capex: 5000.0
  wind_opex: 100
  wind_lifetime: 20
  solar_capex: 1000.0
  solar_opex: 10
  solar_lifetime: 20
  carbon_price: 1.0
timeseries_values:
  load_level: 269681.1214960883
  wind_year: 2014
  solar_year: 2015
  price_year: 2023
  carbon_year: 2023
storage_values:
  CAES:
    cost: 67.6951
    lifetime: 27.8314
    annual_cost: 2.432328233577901
    efficiency: 0.623113
    discharge_ratio: 0.1
    depth_of_discharge: 0.4
  Li-ion:
    cost: 263.929
    lifetime: 27.0208
    annual_cost: 9.767623460445286
    efficiency: 0.936202
    discharge_ratio: 2
    depth_of_discharge: 0.9
  Pb-acid:
    cost: 70.9252
    lifetime: 12.2618
    annual_cost: 5.784240486714839
    efficiency: 0.734655
    discharge_ratio: 5
    depth_of_discharge: 0.5
  VRBF:
    cost: 216.158
    lifetime: 24.4293
    annual_cost: 8.848309202474077
    efficiency: 0.702894
    discharge_ratio: 0.5
    depth_of_discharge: 1.0
