cost_values:
  wind_capex: 5000.0
  wind_opex: 100
  wind_lifetime: 20
  solar_capex: 1000.0
  solar_opex: 10
  solar_lifetime: 20
  carbon_price: 1.0
timeseries_values:
  load_level: 269681.1214960883
  wind_year: 2014
  solar_year: 2015
  price_year: 2023
  carbon_year: 2023
storage_values:
  CAES:
    cost: 77.7564
    lifetime: 28.7595
    annual_cost: 2.7036770458457204
    efficiency: 0.613782
    discharge_ratio: 0.1
    depth_of_discharge: 0.4
  Li-ion:
    cost: 254.144
    lifetime: 26.6593
    annual_cost: 9.533033500504514
    efficiency: 0.92802
    discharge_ratio: 2
    depth_of_discharge: 0.9
  Pb-acid:
    cost: 92.3091
    lifetime: 10.9533
    annual_cost: 8.427514995480813
    efficiency: 0.741229
    discharge_ratio: 5
    depth_of_discharge: 0.5
  VRBF:
    cost: 216.386
    lifetime: 22.6401
    annual_cost: 9.557643296628548
    efficiency: 0.686347
    discharge_ratio: 0.5
    depth_of_discharge: 1.0
