cost_values:
  wind_capex: 5000.0
  wind_opex: 100
  wind_lifetime: 20
  solar_capex: 1000.0
  solar_opex: 10
  solar_lifetime: 20
  carbon_price: 1.0
timeseries_values:
  load_level: 269681.1214960883
  wind_year: 2014
  solar_year: 2015
  price_year: 2023
  carbon_year: 2023
storage_values:
  CAES:
    cost: 71.8521
    lifetime: 28.436
    annual_cost: 2.5268005345336895
    efficiency: 0.609876
    discharge_ratio: 0.1
    depth_of_discharge: 0.4
  Li-ion:
    cost: 258.435
    lifetime: 25.8923
    annual_cost: 9.981152697906328
    efficiency: 0.939726
    discharge_ratio: 2
    depth_of_discharge: 0.9
  Pb-acid:
    cost: 78.4961
    lifetime: 11.7396
    annual_cost: 6.686437357320522
    efficiency: 0.748438
    discharge_ratio: 5
    depth_of_discharge: 0.5
  VRBF:
    cost: 217.668
    lifetime: 22.8301
    annual_cost: 9.534255215702077
    efficiency: 0.700507
    discharge_ratio: 0.5
    depth_of_discharge: 1.0
