cost_values:
  wind_capex: 5000.0
  wind_opex: 100
  wind_lifetime: 20
  solar_capex: 1000.0
  solar_opex: 10
  solar_lifetime: 20
  carbon_price: 1.0
timeseries_values:
  load_level: 269681.1214960883
  wind_year: 2014
  solar_year: 2015
  price_year: 2023
  carbon_year: 2023
storage_values:
  CAES:
    cost: 79.9445
    lifetime: 29.6699
    annual_cost: 2.694464760582274
    efficiency: 0.590684
    discharge_ratio: 0.1
    depth_of_discharge: 0.4
  Li-ion:
    cost: 271.788
    lifetime: 25.101
    annual_cost: 10.827775785825267
    efficiency: 0.946432
    discharge_ratio: 2
    depth_of_discharge: 0.9
  Pb-acid:
    cost: 95.0592
    lifetime: 10.4114
    annual_cost: 9.130299479416793
    efficiency: 0.744512
    discharge_ratio: 5
    depth_of_discharge: 0.5
  VRBF:
    cost: 208.251
    lifetime: 23.7447
    annual_cost: 8.770420346435204
    efficiency: 0.688337
    discharge_ratio: 0.5
    depth_of_discharge: 1.0
