cost_values:
  wind_capex: 5000.0
  wind_opex: 100
  wind_lifetime: 20
  solar_capex: 1000.0
  solar_opex: 10
  solar_lifetime: 20
  carbon_price: 1.0
timeseries_values:
  load_level: 269681.1214960883
  wind_year: 2014
  solar_year: 2015
  price_year: 2023
  carbon_year: 2023
storage_values:
  CAES:
    cost: 73.7348
    lifetime: 27.9226
    annual_cost: 2.6406853230000076
    efficiency: 0.607593
    discharge_ratio: 0.1
    depth_of_discharge: 0.4
  Li-ion:
    cost: 262.045
    lifetime: 25.4346
    annual_cost: 10.302697899711417
    efficiency: 0.935187
    discharge_ratio: 2
    depth_of_discharge: 0.9
  Pb-acid:
    cost: 84.5661
    lifetime: 10.2973
    annual_cost: 8.21245375001214
    efficiency: 0.724012
    discharge_ratio: 5
    depth_of_discharge: 0.5
  VRBF:
    cost: 235.671
    lifetime: 22.9847
    annual_cost: 10.253385948043698
    efficiency: 0.689956
    discharge_ratio: 0.5
    depth_of_discharge: 1.0
