cost_values:
  wind_capex: 5000.0
  wind_opex: 100
  wind_lifetime: 20
  solar_capex: 1000.0
  solar_opex: 10
  solar_lifetime: 20
  carbon_price: 1.0
timeseries_values:
  load_level: 269681.1214960883
  wind_year: 2014
  solar_year: 2015
  price_year: 2023
  carbon_year: 2023
storage_values:
  CAES:
    cost: 70.9555
    lifetime: 27.4741
    annual_cost: 2.582632370123134
    efficiency: 0.604921
    discharge_ratio: 0.1
    depth_of_discharge: 0.4
  Li-ion:
    cost: 262.53
    lifetime: 27.1108
    annual_cost: 9.683594729775587
    efficiency: 0.944931
    discharge_ratio: 2
    depth_of_discharge: 0.9
  Pb-acid:
    cost: 74.6558
    lifetime: 11.1635
    annual_cost: 6.6874904823755985
    efficiency: 0.738406
    discharge_ratio: 5
    depth_of_discharge: 0.5
  VRBF:
    cost: 204.737
    lifetime: 23.761
    annual_cost: 8.61651445646227
    efficiency: 0.695968
    discharge_ratio: 0.5
    depth_of_discharge: 1.0
