cost_values:
  wind_capex: 5000.0
  wind_opex: 100
  wind_lifetime: 20
  solar_capex: 1000.0
  solar_opex: 10
  solar_lifetime: 20
  carbon_price: 1.0
timeseries_values:
  load_level: 269681.1214960883
  wind_year: 2014
  solar_year: 2015
  price_year: 2023
  carbon_year: 2023
storage_values:
  CAES:
    cost: 75.3789
    lifetime: 27.7058
    annual_cost: 2.7206902525824916
    efficiency: 0.593428
    discharge_ratio: 0.1
    depth_of_discharge: 0.4
  Li-ion:
    cost: 282.459
    lifetime: 28.7816
    annual_cost: 9.813874141812825
    efficiency: 0.91844
    discharge_ratio: 2
    depth_of_discharge: 0.9
  Pb-acid:
    cost: 91.9942
    lifetime: 13.0202
    annual_cost: 7.0654982258337045
    efficiency: 0.738919
    discharge_ratio: 5
    depth_of_discharge: 0.5
  VRBF:
    cost: 224.593
    lifetime: 23.5617
    annual_cost: 9.532122045523032
    efficiency: 0.689317
    discharge_ratio: 0.5
    depth_of_discharge: 1.0
