cost_values:
  wind_capex: 5000.0
  wind_opex: 100
  wind_lifetime: 20
  solar_capex: 1000.0
  solar_opex: 10
  solar_lifetime: 20
  carbon_price: 1.0
timeseries_values:
  load_level: 269681.1214960883
  wind_year: 2014
  solar_year: 2015
  price_year: 2023
  carbon_year: 2023
storage_values:
  CAES:
    cost: 76.8928
    lifetime: 27.3172
    annual_cost: 2.814812645512717
    efficiency: 0.607821
    discharge_ratio: 0.1
    depth_of_discharge: 0.4
  Li-ion:
    cost: 235.488
    lifetime: 27.5675
    annual_cost: 8.54223270155074
    efficiency: 0.943307
    discharge_ratio: 2
    depth_of_discharge: 0.9
  Pb-acid:
    cost: 80.4463
    lifetime: 12.6012
    annual_cost: 6.3840189823191436
    efficiency: 0.740638
    discharge_ratio: 5
    depth_of_discharge: 0.5
  VRBF:
    cost: 231.386
    lifetime: 22.8651
    annual_cost: 10.119614609164184
    efficiency: 0.694398
    discharge_ratio: 0.5
    depth_of_discharge: 1.0
