cost_values:
  wind_capex: 5000.0
  wind_opex: 100
  wind_lifetime: 20
  solar_capex: 1000.0
  solar_opex: 10
  solar_lifetime: 20
  carbon_price: 1.0
timeseries_values:
  load_level: 269681.1214960883
  wind_year: 2014
  solar_year: 2015
  price_year: 2023
  carbon_year: 2023
storage_values:
  CAES:
    cost: 76.9579
    lifetime: 28.9575
    annual_cost: 2.6576154709488042
    efficiency: 0.61579
    discharge_ratio: 0.1
    depth_of_discharge: 0.4
  Li-ion:
    cost: 257.344
    lifetime: 26.8383
    annual_cost: 9.588684827280415
    efficiency: 0.946132
    discharge_ratio: 2
    depth_of_discharge: 0.9
  Pb-acid:
    cost: 95.7722
    lifetime: 10.8964
    annual_cost: 8.789343269336662
    efficiency: 0.738824
    discharge_ratio: 5
    depth_of_discharge: 0.5
  VRBF:
    cost: 189.95
    lifetime: 22.9907
    annual_cost: 8.262036388626704
    efficiency: 0.709521
    discharge_ratio: 0.5
    depth_of_discharge: 1.0
