cost_values:
  wind_capex: 5000.0
  wind_opex: 100
  wind_lifetime: 20
  solar_capex: 1000.0
  solar_opex: 10
  solar_lifetime: 20
  carbon_price: 1.0
timeseries_values:
  load_level: 269681.1214960883
  wind_year: 2014
  solar_year: 2015
  price_year: 2023
  carbon_year: 2023
storage_values:
  CAES:
    cost: 77.609
    lifetime: 27.6764
    annual_cost: 2.8041580552383976
    efficiency: 0.605734
    discharge_ratio: 0.1
    depth_of_discharge: 0.4
  Li-ion:
    cost: 245.028
    lifetime: 28.9846
    annual_cost: 8.453730601767836
    efficiency: 0.933545
    discharge_ratio: 2
    depth_of_discharge: 0.9
  Pb-acid:
    cost: 87.382
    lifetime: 10.3472
    annual_cost: 8.444989948971703
    efficiency: 0.745554
    discharge_ratio: 5
    depth_of_discharge: 0.5
  VRBF:
    cost: 223.463
    lifetime: 23.0701
    annual_cost: 9.68626057104217
    efficiency: 0.693661
    discharge_ratio: 0.5
    depth_of_discharge: 1.0
