cost_values:
  wind_capex: 5000.0
  wind_opex: 100
  wind_lifetime: 20
  solar_capex: 1000.0
  solar_opex: 10
  solar_lifetime: 20
  carbon_price: 1.0
timeseries_values:
  load_level: 269681.1214960883
  wind_year: 2014
  solar_year: 2015
  price_year: 2023
  carbon_year: 2023
storage_values:
  CAES:
    cost: 75.6568
    lifetime: 28.2328
    annual_cost: 2.67974837777337
    efficiency: 0.608093
    discharge_ratio: 0.1
    depth_of_discharge: 0.4
  Li-ion:
    cost: 259.533
    lifetime: 25.3365
    annual_cost: 10.2434432538038
    efficiency: 0.937043
    discharge_ratio: 2
    depth_of_discharge: 0.9
  Pb-acid:
    cost: 78.9804
    lifetime: 10.659
    annual_cost: 7.4097382493667325
    efficiency: 0.738398
    discharge_ratio: 5
    depth_of_discharge: 0.5
  VRBF:
    cost: 214.906
    lifetime: 21.4319
    annual_cost: 10.027389078896412
    efficiency: 0.713921
    discharge_ratio: 0.5
    depth_of_discharge: 1.0
