cost_values:
  wind_capex: 5000.0
  wind_opex: 100
  wind_lifetime: 20
  solar_capex: 1000.0
  solar_opex: 10
  solar_lifetime: 20
  carbon_price: 1.0
timeseries_values:
  load_level: 269681.1214960883
  wind_year: 2014
  solar_year: 2015
  price_year: 2023
  carbon_year: 2023
storage_values:
  CAES:
    cost: 72.8195
    lifetime: 27.9418
    annual_cost: 2.6061134214689106
    efficiency: 0.607601
    discharge_ratio: 0.1
    depth_of_discharge: 0.4
  Li-ion:
    cost: 249.239
    lifetime: 24.9827
    annual_cost: 9.97646371288932
    efficiency: 0.930931
    discharge_ratio: 2
    depth_of_discharge: 0.9
  Pb-acid:
    cost: 89.3751
    lifetime: 11.442
    annual_cost: 7.811143156790771
    efficiency: 0.745077
    discharge_ratio: 5
    depth_of_discharge: 0.5
  VRBF:
    cost: 226.645
    lifetime: 22.2442
    annual_cost: 10.188948130299135
    efficiency: 0.694856
    discharge_ratio: 0.5
    depth_of_discharge: 1.0
