cost_values:
  wind_capex: 5000.0
  wind_opex: 100
  wind_lifetime: 20
  solar_capex: 1000.0
  solar_opex: 10
  solar_lifetime: 20
  carbon_price: 1.0
timeseries_values:
  load_level: 269681.1214960883
  wind_year: 2014
  solar_year: 2015
  price_year: 2023
  carbon_year: 2023
storage_values:
  CAES:
    cost: 76.6628
    lifetime: 28.1216
    annual_cost: 2.7261180018206645
    efficiency: 0.608476
    discharge_ratio: 0.1
    depth_of_discharge: 0.4
  Li-ion:
    cost: 281.897
    lifetime: 28.1981
    annual_cost: 9.99702107588809
    efficiency: 0.933283
    discharge_ratio: 2
    depth_of_discharge: 0.9
  Pb-acid:
    cost: 101.268
    lifetime: 11.8009
    annual_cost: 8.581379386317993
    efficiency: 0.743634
    discharge_ratio: 5
    depth_of_discharge: 0.5
  VRBF:
    cost: 238.164
    lifetime: 23.3747
    annual_cost: 10.188964992064069
    efficiency: 0.696656
    discharge_ratio: 0.5
    depth_of_discharge: 1.0
