cost_values:
  wind_capex: 5000.0
  wind_opex: 100
  wind_lifetime: 20
  solar_capex: 1000.0
  solar_opex: 10
  solar_lifetime: 20
  carbon_price: 1.0
timeseries_values:
  load_level: 269681.1214960883
  wind_year: 2014
  solar_year: 2015
  price_year: 2023
  carbon_year: 2023
storage_values:
  CAES:
    cost: 76.9544
    lifetime: 27.9804
    annual_cost: 2.7502966362167807
    efficiency: 0.599204
    discharge_ratio: 0.1
    depth_of_discharge: 0.4
  Li-ion:
    cost: 265.525
    lifetime: 26.8007
    annual_cost: 9.907390478606901
    efficiency: 0.946367
    discharge_ratio: 2
    depth_of_discharge: 0.9
  Pb-acid:
    cost: 98.1339
    lifetime: 10.7553
    annual_cost: 9.12423642297286
    efficiency: 0.733973
    discharge_ratio: 5
    depth_of_discharge: 0.5
  VRBF:
    cost: 242.183
    lifetime: 24.3871
    annual_cost: 9.930783077938745
    efficiency: 0.69484
    discharge_ratio: 0.5
    depth_of_discharge: 1.0
