cost_values:
  wind_capex: 5000.0
  wind_opex: 100
  wind_lifetime: 20
  solar_capex: 1000.0
  solar_opex: 10
  solar_lifetime: 20
  carbon_price: 1.0
timeseries_values:
  load_level: 269681.1214960882
  wind_year: 2014
  solar_year: 2015
  price_year: 2023
  carbon_year: 2023
storage_values:
  CAES:
    cost: 69.647
    lifetime: 27.7883
    annual_cost: 2.506342597424096
    efficiency: 0.60615
    discharge_ratio: 0.1
    depth_of_discharge: 0.4
  Li-ion:
    cost: 268.474
    lifetime: 25.9966
    annual_cost: 10.327273566543317
    efficiency: 0.943915
    discharge_ratio: 2
    depth_of_discharge: 0.9
  Pb-acid:
    cost: 81.2463
    lifetime: 12.172
    annual_cost: 6.674852119618797
    efficiency: 0.745623
    discharge_ratio: 5
    depth_of_discharge: 0.5
  VRBF:
    cost: 246.124
    lifetime: 23.1261
    annual_cost: 10.642693752945805
    efficiency: 0.677684
    discharge_ratio: 0.5
    depth_of_discharge: 1.0
