cost_values:
  wind_capex: 5000.0
  wind_opex: 100
  wind_lifetime: 20
  solar_capex: 1000.0
  solar_opex: 10
  solar_lifetime: 20
  carbon_price: 1.0
timeseries_values:
  load_level: 269681.1214960882
  wind_year: 2014
  solar_year: 2015
  price_year: 2023
  carbon_year: 2023
storage_values:
  CAES:
    cost: 78.5986
    lifetime: 27.9404
    annual_cost: 2.8130807003478835
    efficiency: 0.599308
    discharge_ratio: 0.1
    depth_of_discharge: 0.4
  Li-ion:
    cost: 260.903
    lifetime: 25.493
    annual_cost: 10.234299611658104
    efficiency: 0.950114
    discharge_ratio: 2
    depth_of_discharge: 0.9
  Pb-acid:
    cost: 81.6854
    lifetime: 11.226
    annual_cost: 7.2764475325138065
    efficiency: 0.761761
    discharge_ratio: 5
    depth_of_discharge: 0.5
  VRBF:
    cost: 213.265
    lifetime: 23.5758
    annual_cost: 9.045928452056769
    efficiency: 0.695544
    discharge_ratio: 0.5
    depth_of_discharge: 1.0
