cost_values:
  wind_capex: 5000.0
  wind_opex: 100
  wind_lifetime: 20
  solar_capex: 1000.0
  solar_opex: 10
  solar_lifetime: 20
  carbon_price: 1.0
timeseries_values:
  load_level: 269681.1214960882
  wind_year: 2014
  solar_year: 2015
  price_year: 2023
  carbon_year: 2023
storage_values:
  CAES:
    cost: 70.3027
    lifetime: 28.7859
    annual_cost: 2.4422616628279816
    efficiency: 0.611601
    discharge_ratio: 0.1
    depth_of_discharge: 0.4
  Li-ion:
    cost: 280.309
    lifetime: 27.0924
    annual_cost: 10.346407110481168
    efficiency: 0.952605
    discharge_ratio: 2
    depth_of_discharge: 0.9
  Pb-acid:
    cost: 112.806
    lifetime: 12.0551
    annual_cost: 9.357533326144122
    efficiency: 0.725564
    discharge_ratio: 5
    depth_of_discharge: 0.5
  VRBF:
    cost: 243.17
    lifetime: 24.5211
    annual_cost: 9.916765561088205
    efficiency: 0.695597
    discharge_ratio: 0.5
    depth_of_discharge: 1.0
