cost_values:
  wind_capex: 5000.0
  wind_opex: 100
  wind_lifetime: 20
  solar_capex: 1000.0
  solar_opex: 10
  solar_lifetime: 20
  carbon_price: 1.0
timeseries_values:
  load_level: 269681.1214960882
  wind_year: 2014
  solar_year: 2015
  price_year: 2023
  carbon_year: 2023
storage_values:
  CAES:
    cost: 69.1645
    lifetime: 28.5727
    annual_cost: 2.420649781084742
    efficiency: 0.590113
    discharge_ratio: 0.1
    depth_of_discharge: 0.4
  Li-ion:
    cost: 252.411
    lifetime: 27.9272
    annual_cost: 9.038177833796443
    efficiency: 0.940057
    discharge_ratio: 2
    depth_of_discharge: 0.9
  Pb-acid:
    cost: 104.515
    lifetime: 11.4581
    annual_cost: 9.121494837713058
    efficiency: 0.762753
    discharge_ratio: 5
    depth_of_discharge: 0.5
  VRBF:
    cost: 199.651
    lifetime: 21.6355
    annual_cost: 9.22793556885674
    efficiency: 0.706328
    discharge_ratio: 0.5
    depth_of_discharge: 1.0
