cost_values:
  wind_capex: 5000.0
  wind_opex: 100
  wind_lifetime: 20
  solar_capex: 1000.0
  solar_opex: 10
  solar_lifetime: 20
  carbon_price: 1.0
timeseries_values:
  load_level: 269681.1214960882
  wind_year: 2014
  solar_year: 2015
  price_year: 2023
  carbon_year: 2023
storage_values:
  CAES:
    cost: 71.0074
    lifetime: 27.7846
    annual_cost: 2.555638735126653
    efficiency: 0.599544
    discharge_ratio: 0.1
    depth_of_discharge: 0.4
  Li-ion:
    cost: 263.73
    lifetime: 25.5576
    annual_cost: 10.319044041694056
    efficiency: 0.9473
    discharge_ratio: 2
    depth_of_discharge: 0.9
  Pb-acid:
    cost: 84.4963
    lifetime: 12.6734
    annual_cost: 6.66721637445358
    efficiency: 0.743204
    discharge_ratio: 5
    depth_of_discharge: 0.5
  VRBF:
    cost: 214.146
    lifetime: 23.4459
    annual_cost: 9.133622509692525
    efficiency: 0.689137
    discharge_ratio: 0.5
    depth_of_discharge: 1.0
