cost_values:
  wind_capex: 5000.0
  wind_opex: 100
  wind_lifetime: 20
  solar_capex: 1000.0
  solar_opex: 10
  solar_lifetime: 20
  carbon_price: 1.0
timeseries_values:
  load_level: 269681.1214960882
  wind_year: 2014
  solar_year: 2015
  price_year: 2023
  carbon_year: 2023
storage_values:
  CAES:
    cost: 79.5186
    lifetime: 27.138
    annual_cost: 2.9301569754587664
    efficiency: 0.606583
    discharge_ratio: 0.1
    depth_of_discharge: 0.4
  Li-ion:
    cost: 250.537
    lifetime: 26.796
    annual_cost: 9.349791013584117
    efficiency: 0.943726
    discharge_ratio: 2
    depth_of_discharge: 0.9
  Pb-acid:
    cost: 78.388
    lifetime: 12.0642
    annual_cost: 6.4975713267353
    efficiency: 0.74272
    discharge_ratio: 5
    depth_of_discharge: 0.5
  VRBF:
    cost: 221.952
    lifetime: 23.9586
    annual_cost: 9.263980366131577
    efficiency: 0.698242
    discharge_ratio: 0.5
    depth_of_discharge: 1.0
