cost_values:
  wind_capex: 5000.0
  wind_opex: 100
  wind_lifetime: 20
  solar_capex: 1000.0
  solar_opex: 10
  solar_lifetime: 20
  carbon_price: 1.0
timeseries_values:
  load_level: 269681.1214960882
  wind_year: 2014
  solar_year: 2015
  price_year: 2023
  carbon_year: 2023
storage_values:
  CAES:
    cost: 73.2885
    lifetime: 26.8595
    annual_cost: 2.728587650551946
    efficiency: 0.598321
    discharge_ratio: 0.1
    depth_of_discharge: 0.4
  Li-ion:
    cost: 274.833
    lifetime: 27.6315
    annual_cost: 9.94636556104446
    efficiency: 0.949487
    discharge_ratio: 2
    depth_of_discharge: 0.9
  Pb-acid:
    cost: 90.2956
    lifetime: 13.0146
    annual_cost: 6.938023450586265
    efficiency: 0.721917
    discharge_ratio: 5
    depth_of_discharge: 0.5
  VRBF:
    cost: 230.596
    lifetime: 19.7903
    annual_cost: 11.65197091504424
    efficiency: 0.704528
    discharge_ratio: 0.5
    depth_of_discharge: 1.0
