cost_values:
  wind_capex: 5000.0
  wind_opex: 100
  wind_lifetime: 20
  solar_capex: 1000.0
  solar_opex: 10
  solar_lifetime: 20
  carbon_price: 1.0
timeseries_values:
  load_level: 269681.1214960882
  wind_year: 2014
  solar_year: 2015
  price_year: 2023
  carbon_year: 2023
storage_values:
  CAES:
    cost: 73.3835
    lifetime: 28.8432
    annual_cost: 2.5442218616519665
    efficiency: 0.606408
    discharge_ratio: 0.1
    depth_of_discharge: 0.4
  Li-ion:
    cost: 250.614
    lifetime: 27.061
    annual_cost: 9.261076826429179
    efficiency: 0.947672
    discharge_ratio: 2
    depth_of_discharge: 0.9
  Pb-acid:
    cost: 101.293
    lifetime: 11.4458
    annual_cost: 8.849796431878943
    efficiency: 0.771855
    discharge_ratio: 5
    depth_of_discharge: 0.5
  VRBF:
    cost: 197.492
    lifetime: 22.9725
    annual_cost: 8.59688758297965
    efficiency: 0.703945
    discharge_ratio: 0.5
    depth_of_discharge: 1.0
