cost_values:
  wind_capex: 5000.0
  wind_opex: 100
  wind_lifetime: 20
  solar_capex: 1000.0
  solar_opex: 10
  solar_lifetime: 20
  carbon_price: 1.0
timeseries_values:
  load_level: 269681.1214960882
  wind_year: 2014
  solar_year: 2015
  price_year: 2023
  carbon_year: 2023
storage_values:
  CAES:
    cost: 79.2009
    lifetime: 28.308
    annual_cost: 2.7978274692666387
    efficiency: 0.600024
    discharge_ratio: 0.1
    depth_of_discharge: 0.4
  Li-ion:
    cost: 267.746
    lifetime: 29.0594
    annual_cost: 9.213748391226247
    efficiency: 0.936163
    discharge_ratio: 2
    depth_of_discharge: 0.9
  Pb-acid:
    cost: 68.0583
    lifetime: 11.7312
    annual_cost: 5.801478109656301
    efficiency: 0.75194
    discharge_ratio: 5
    depth_of_discharge: 0.5
  VRBF:
    cost: 238.163
    lifetime: 22.5894
    annual_cost: 10.543130848982265
    efficiency: 0.700303
    discharge_ratio: 0.5
    depth_of_discharge: 1.0
