cost_values:
  wind_capex: 5000.0
  wind_opex: 100
  wind_lifetime: 20
  solar_capex: 1000.0
  solar_opex: 10
  solar_lifetime: 20
  carbon_price: 1.0
timeseries_values:
  load_level: 269681.1214960882
  wind_year: 2014
  solar_year: 2015
  price_year: 2023
  carbon_year: 2023
storage_values:
  CAES:
    cost: 75.443
    lifetime: 28.0576
    annual_cost: 2.6888614849452552
    efficiency: 0.602842
    discharge_ratio: 0.1
    depth_of_discharge: 0.4
  Li-ion:
    cost: 275.266
    lifetime: 26.6605
    annual_cost: 10.324862624481913
    efficiency: 0.936552
    discharge_ratio: 2
    depth_of_discharge: 0.9
  Pb-acid:
    cost: 112.363
    lifetime: 10.875
    annual_cost: 10.33222988505747
    efficiency: 0.757189
    discharge_ratio: 5
    depth_of_discharge: 0.5
  VRBF:
    cost: 207.795
    lifetime: 23.7611
    annual_cost: 8.745175938824381
    efficiency: 0.687308
    discharge_ratio: 0.5
    depth_of_discharge: 1.0
