cost_values:
  wind_capex: 5000.0
  wind_opex: 100
  wind_lifetime: 20
  solar_capex: 1000.0
  solar_opex: 10
  solar_lifetime: 20
  carbon_price: 1.0
timeseries_values:
  load_level: 269681.1214960882
  wind_year: 2014
  solar_year: 2015
  price_year: 2023
  carbon_year: 2023
storage_values:
  CAES:
    cost: 83.8105
    lifetime: 27.9069
    annual_cost: 3.0032178421823996
    efficiency: 0.59749
    discharge_ratio: 0.1
    depth_of_discharge: 0.4
  Li-ion:
    cost: 281.754
    lifetime: 28.9534
    annual_cost: 9.731292352538908
    efficiency: 0.937896
    discharge_ratio: 2
    depth_of_discharge: 0.9
  Pb-acid:
    cost: 78.5058
    lifetime: 10.7771
    annual_cost: 7.2845013964795715
    efficiency: 0.734805
    discharge_ratio: 5
    depth_of_discharge: 0.5
  VRBF:
    cost: 223.854
    lifetime: 24.8221
    annual_cost: 9.018334468074821
    efficiency: 0.689149
    discharge_ratio: 0.5
    depth_of_discharge: 1.0
