cost_values:
  wind_capex: 5000.0
  wind_opex: 100
  wind_lifetime: 20
  solar_capex: 1000.0
  solar_opex: 10
  solar_lifetime: 20
  carbon_price: 1.0
timeseries_values:
  load_level: 269681.1214960882
  wind_year: 2014
  solar_year: 2015
  price_year: 2023
  carbon_year: 2023
storage_values:
  CAES:
    cost: 76.5213
    lifetime: 28.0148
    annual_cost: 2.7314597998200947
    efficiency: 0.606281
    discharge_ratio: 0.1
    depth_of_discharge: 0.4
  Li-ion:
    cost: 279.24
    lifetime: 28.9164
    annual_cost: 9.656803751504338
    efficiency: 0.937854
    discharge_ratio: 2
    depth_of_discharge: 0.9
  Pb-acid:
    cost: 109.172
    lifetime: 12.4452
    annual_cost: 8.772217401086362
    efficiency: 0.747879
    discharge_ratio: 5
    depth_of_discharge: 0.5
  VRBF:
    cost: 214.455
    lifetime: 22.7821
    annual_cost: 9.413311327752929
    efficiency: 0.694866
    discharge_ratio: 0.5
    depth_of_discharge: 1.0
