cost_values:
  wind_capex: 5000.0
  wind_opex: 100
  wind_lifetime: 20
  solar_capex: 1000.0
  solar_opex: 10
  solar_lifetime: 20
  carbon_price: 1.0
timeseries_values:
  load_level: 269681.1214960882
  wind_year: 2014
  solar_year: 2015
  price_year: 2023
  carbon_year: 2023
storage_values:
  CAES:
    cost: 73.6805
    lifetime: 28.1561
    annual_cost: 2.616857448297172
    efficiency: 0.608642
    discharge_ratio: 0.1
    depth_of_discharge: 0.4
  Li-ion:
    cost: 277.309
    lifetime: 24.5898
    annual_cost: 11.277399572180336
    efficiency: 0.943603
    discharge_ratio: 2
    depth_of_discharge: 0.9
  Pb-acid:
    cost: 91.5903
    lifetime: 12.1724
    annual_cost: 7.524424106996156
    efficiency: 0.743117
    discharge_ratio: 5
    depth_of_discharge: 0.5
  VRBF:
    cost: 249.506
    lifetime: 24.2015
    annual_cost: 10.309526269032911
    efficiency: 0.74282
    discharge_ratio: 0.5
    depth_of_discharge: 1.0
