cost_values:
  wind_capex: 5000.0
  wind_opex: 100
  wind_lifetime: 20
  solar_capex: 1000.0
  solar_opex: 10
  solar_lifetime: 20
  carbon_price: 1.0
timeseries_values:
  load_level: 269681.1214960882
  wind_year: 2014
  solar_year: 2015
  price_year: 2023
  carbon_year: 2023
storage_values:
  CAES:
    cost: 74.7927
    lifetime: 27.532
    annual_cost: 2.716573441813163
    efficiency: 0.604799
    discharge_ratio: 0.1
    depth_of_discharge: 0.4
  Li-ion:
    cost: 244.596
    lifetime: 25.5711
    annual_cost: 9.565329610380468
    efficiency: 0.952033
    discharge_ratio: 2
    depth_of_discharge: 0.9
  Pb-acid:
    cost: 107.011
    lifetime: 11.3249
    annual_cost: 9.44917835919081
    efficiency: 0.732884
    discharge_ratio: 5
    depth_of_discharge: 0.5
  VRBF:
    cost: 199.757
    lifetime: 23.4351
    annual_cost: 8.523838174362389
    efficiency: 0.693412
    discharge_ratio: 0.5
    depth_of_discharge: 1.0
