cost_values:
  wind_capex: 5000.0
  wind_opex: 100
  wind_lifetime: 20
  solar_capex: 1000.0
  solar_opex: 10
  solar_lifetime: 20
  carbon_price: 1.0
timeseries_values:
  load_level: 269681.1214960882
  wind_year: 2014
  solar_year: 2015
  price_year: 2023
  carbon_year: 2023
storage_values:
  CAES:
    cost: 79.6549
    lifetime: 27.7054
    annual_cost: 2.8750676763374647
    efficiency: 0.602612
    discharge_ratio: 0.1
    depth_of_discharge: 0.4
  Li-ion:
    cost: 275.488
    lifetime: 24.9998
    annual_cost: 11.019608156865255
    efficiency: 0.933418
    discharge_ratio: 2
    depth_of_discharge: 0.9
  Pb-acid:
    cost: 104.571
    lifetime: 10.709
    annual_cost: 9.764777290129798
    efficiency: 0.737848
    discharge_ratio: 5
    depth_of_discharge: 0.5
  VRBF:
    cost: 238.056
    lifetime: 22.4623
    annual_cost: 10.598024245068405
    efficiency: 0.691419
    discharge_ratio: 0.5
    depth_of_discharge: 1.0
