cost_values:
  wind_capex: 5000.0
  wind_opex: 100
  wind_lifetime: 20
  solar_capex: 1000.0
  solar_opex: 10
  solar_lifetime: 20
  carbon_price: 1.0
timeseries_values:
  load_level: 269681.1214960882
  wind_year: 2014
  solar_year: 2015
  price_year: 2023
  carbon_year: 2023
storage_values:
  CAES:
    cost: 64.9767
    lifetime: 28.2738
    annual_cost: 2.298124058315472
    efficiency: 0.598993
    discharge_ratio: 0.1
    depth_of_discharge: 0.4
  Li-ion:
    cost: 279.162
    lifetime: 27.4633
    annual_cost: 10.164910990303422
    efficiency: 0.943541
    discharge_ratio: 2
    depth_of_discharge: 0.9
  Pb-acid:
    cost: 102.676
    lifetime: 10.4066
    annual_cost: 9.866430918839967
    efficiency: 0.736197
    discharge_ratio: 5
    depth_of_discharge: 0.5
  VRBF:
    cost: 243.098
    lifetime: 21.3952
    annual_cost: 11.36226817230033
    efficiency: 0.700237
    discharge_ratio: 0.5
    depth_of_discharge: 1.0
