cost_values:
  wind_capex: 5000.0
  wind_opex: 100
  wind_lifetime: 20
  solar_capex: 1000.0
  solar_opex: 10
  solar_lifetime: 20
  carbon_price: 1.0
timeseries_values:
  load_level: 269681.1214960882
  wind_year: 2014
  solar_year: 2015
  price_year: 2023
  carbon_year: 2023
storage_values:
  CAES:
    cost: 75.8548
    lifetime: 28.0863
    annual_cost: 2.7007758230881245
    efficiency: 0.604483
    discharge_ratio: 0.1
    depth_of_discharge: 0.4
  Li-ion:
    cost: 258.391
    lifetime: 26.949
    annual_cost: 9.588147983227579
    efficiency: 0.94723
    discharge_ratio: 2
    depth_of_discharge: 0.9
  Pb-acid:
    cost: 65.7741
    lifetime: 12.3305
    annual_cost: 5.334260573374965
    efficiency: 0.742101
    discharge_ratio: 5
    depth_of_discharge: 0.5
  VRBF:
    cost: 219.286
    lifetime: 23.8093
    annual_cost: 9.210098574926604
    efficiency: 0.69045
    discharge_ratio: 0.5
    depth_of_discharge: 1.0
