cost_values:
  wind_capex: 5000.0
  wind_opex: 100
  wind_lifetime: 20
  solar_capex: 1000.0
  solar_opex: 10
  solar_lifetime: 20
  carbon_price: 1.0
timeseries_values:
  load_level: 269681.1214960882
  wind_year: 2014
  solar_year: 2015
  price_year: 2023
  carbon_year: 2023
storage_values:
  CAES:
    cost: 80.199
    lifetime: 28.2983
    annual_cost: 2.8340571695119494
    efficiency: 0.603997
    discharge_ratio: 0.1
    depth_of_discharge: 0.4
  Li-ion:
    cost: 262.753
    lifetime: 26.1019
    annual_cost: 10.06643194556718
    efficiency: 0.9306
    discharge_ratio: 2
    depth_of_discharge: 0.9
  Pb-acid:
    cost: 71.7227
    lifetime: 12.8266
    annual_cost: 5.591715653407762
    efficiency: 0.748075
    discharge_ratio: 5
    depth_of_discharge: 0.5
  VRBF:
    cost: 225.281
    lifetime: 21.8455
    annual_cost: 10.312467098487103
    efficiency: 0.714897
    discharge_ratio: 0.5
    depth_of_discharge: 1.0
