cost_values:
  wind_capex: 5000.0
  wind_opex: 100
  wind_lifetime: 20
  solar_capex: 1000.0
  solar_opex: 10
  solar_lifetime: 20
  carbon_price: 1.0
timeseries_values:
  load_level: 269681.1214960882
  wind_year: 2014
  solar_year: 2015
  price_year: 2023
  carbon_year: 2023
storage_values:
  CAES:
    cost: 79.1333
    lifetime: 27.7382
    annual_cost: 2.8528635600002885
    efficiency: 0.607175
    discharge_ratio: 0.1
    depth_of_discharge: 0.4
  Li-ion:
    cost: 280.785
    lifetime: 24.8415
    annual_cost: 11.303061409335186
    efficiency: 0.952744
    discharge_ratio: 2
    depth_of_discharge: 0.9
  Pb-acid:
    cost: 92.9044
    lifetime: 10.5105
    annual_cost: 8.839198896341752
    efficiency: 0.736914
    discharge_ratio: 5
    depth_of_discharge: 0.5
  VRBF:
    cost: 237.936
    lifetime: 21.3374
    annual_cost: 11.151124316927087
    efficiency: 0.690758
    discharge_ratio: 0.5
    depth_of_discharge: 1.0
