cost_values:
  wind_capex: 5000.0
  wind_opex: 100
  wind_lifetime: 20
  solar_capex: 1000.0
  solar_opex: 10
  solar_lifetime: 20
  carbon_price: 1.0
timeseries_values:
  load_level: 269681.1214960882
  wind_year: 2014
  solar_year: 2015
  price_year: 2023
  carbon_year: 2023
storage_values:
  CAES:
    cost: 72.6644
    lifetime: 28.4232
    annual_cost: 2.5565172112921837
    efficiency: 0.612833
    discharge_ratio: 0.1
    depth_of_discharge: 0.4
  Li-ion:
    cost: 267.231
    lifetime: 27.29
    annual_cost: 9.792268230120923
    efficiency: 0.920701
    discharge_ratio: 2
    depth_of_discharge: 0.9
  Pb-acid:
    cost: 63.3897
    lifetime: 11.8438
    annual_cost: 5.352142049004542
    efficiency: 0.756238
    discharge_ratio: 5
    depth_of_discharge: 0.5
  VRBF:
    cost: 217.565
    lifetime: 24.4706
    annual_cost: 8.890873129387918
    efficiency: 0.701087
    discharge_ratio: 0.5
    depth_of_discharge: 1.0
