cost_values:
  wind_capex: 5000.0
  wind_opex: 100
  wind_lifetime: 20
  solar_capex: 1000.0
  solar_opex: 10
  solar_lifetime: 20
  carbon_price: 1.0
timeseries_values:
  load_level: 269681.1214960882
  wind_year: 2014
  solar_year: 2015
  price_year: 2023
  carbon_year: 2023
storage_values:
  CAES:
    cost: 71.8628
    lifetime: 27.4376
    annual_cost: 2.6191357844709446
    efficiency: 0.609847
    discharge_ratio: 0.1
    depth_of_discharge: 0.4
  Li-ion:
    cost: 287.479
    lifetime: 29.5816
    annual_cost: 9.718169402601616
    efficiency: 0.933679
    discharge_ratio: 2
    depth_of_discharge: 0.9
  Pb-acid:
    cost: 88.1132
    lifetime: 11.7492
    annual_cost: 7.499506349368468
    efficiency: 0.749255
    discharge_ratio: 5
    depth_of_discharge: 0.5
  VRBF:
    cost: 227.48
    lifetime: 20.5227
    annual_cost: 11.084311518464919
    efficiency: 0.700182
    discharge_ratio: 0.5
    depth_of_discharge: 1.0
