cost_values:
  wind_capex: 5000.0
  wind_opex: 100
  wind_lifetime: 20
  solar_capex: 1000.0
  solar_opex: 10
  solar_lifetime: 20
  carbon_price: 1.0
timeseries_values:
  load_level: 269681.1214960882
  wind_year: 2014
  solar_year: 2015
  price_year: 2023
  carbon_year: 2023
storage_values:
  CAES:
    cost: 73.9037
    lifetime: 28.4702
    annual_cost: 2.5958265133367524
    efficiency: 0.608076
    discharge_ratio: 0.1
    depth_of_discharge: 0.4
  Li-ion:
    cost: 263.841
    lifetime: 25.532
    annual_cost: 10.333738054206487
    efficiency: 0.923468
    discharge_ratio: 2
    depth_of_discharge: 0.9
  Pb-acid:
    cost: 63.8012
    lifetime: 10.5916
    annual_cost: 6.023754673514861
    efficiency: 0.733365
    discharge_ratio: 5
    depth_of_discharge: 0.5
  VRBF:
    cost: 203.626
    lifetime: 22.2106
    annual_cost: 9.167964845614257
    efficiency: 0.715437
    discharge_ratio: 0.5
    depth_of_discharge: 1.0
