cost_values:
  wind_capex: 5000.0
  wind_opex: 100
  wind_lifetime: 20
  solar_capex: 1000.0
  solar_opex: 10
  solar_lifetime: 20
  carbon_price: 1.0
timeseries_values:
  load_level: 269681.1214960882
  wind_year: 2014
  solar_year: 2015
  price_year: 2023
  carbon_year: 2023
storage_values:
  CAES:
    cost: 76.4804
    lifetime: 27.7983
    annual_cost: 2.751261767805945
    efficiency: 0.601781
    discharge_ratio: 0.1
    depth_of_discharge: 0.4
  Li-ion:
    cost: 249.946
    lifetime: 26.795
    annual_cost: 9.328083597686135
    efficiency: 0.950323
    discharge_ratio: 2
    depth_of_discharge: 0.9
  Pb-acid:
    cost: 94.7545
    lifetime: 12.058
    annual_cost: 7.858226903300713
    efficiency: 0.744487
    discharge_ratio: 5
    depth_of_discharge: 0.5
  VRBF:
    cost: 219.652
    lifetime: 22.7742
    annual_cost: 9.64477347173556
    efficiency: 0.687449
    discharge_ratio: 0.5
    depth_of_discharge: 1.0
