cost_values:
  wind_capex: 5000.0
  wind_opex: 100
  wind_lifetime: 20
  solar_capex: 1000.0
  solar_opex: 10
  solar_lifetime: 20
  carbon_price: 1.0
timeseries_values:
  load_level: 269681.1214960882
  wind_year: 2014
  solar_year: 2015
  price_year: 2023
  carbon_year: 2023
storage_values:
  CAES:
    cost: 79.9187
    lifetime: 27.2947
    annual_cost: 2.9279933466936807
    efficiency: 0.599248
    discharge_ratio: 0.1
    depth_of_discharge: 0.4
  Li-ion:
    cost: 287.532
    lifetime: 26.4014
    annual_cost: 10.890786094676796
    efficiency: 0.9378
    discharge_ratio: 2
    depth_of_discharge: 0.9
  Pb-acid:
    cost: 109.146
    lifetime: 11.5395
    annual_cost: 9.458468737813597
    efficiency: 0.753959
    discharge_ratio: 5
    depth_of_discharge: 0.5
  VRBF:
    cost: 227.326
    lifetime: 22.115
    annual_cost: 10.27926746552114
    efficiency: 0.686229
    discharge_ratio: 0.5
    depth_of_discharge: 1.0
