cost_values:
  wind_capex: 5000.0
  wind_opex: 100
  wind_lifetime: 20
  solar_capex: 1000.0
  solar_opex: 10
  solar_lifetime: 20
  carbon_price: 1.0
timeseries_values:
  load_level: 269681.1214960882
  wind_year: 2014
  solar_year: 2015
  price_year: 2023
  carbon_year: 2023
storage_values:
  CAES:
    cost: 74.8111
    lifetime: 28.3943
    annual_cost: 2.6347224619025646
    efficiency: 0.598697
    discharge_ratio: 0.1
    depth_of_discharge: 0.4
  Li-ion:
    cost: 278.328
    lifetime: 28.0378
    annual_cost: 9.926884420318283
    efficiency: 0.940412
    discharge_ratio: 2
    depth_of_discharge: 0.9
  Pb-acid:
    cost: 78.3801
    lifetime: 11.265
    annual_cost: 6.957842876165112
    efficiency: 0.734223
    discharge_ratio: 5
    depth_of_discharge: 0.5
  VRBF:
    cost: 215.916
    lifetime: 20.5604
    annual_cost: 10.501546662516292
    efficiency: 0.72302
    discharge_ratio: 0.5
    depth_of_discharge: 1.0
