cost_values:
  wind_capex: 5000.0
  wind_opex: 100
  wind_lifetime: 20
  solar_capex: 1000.0
  solar_opex: 10
  solar_lifetime: 20
  carbon_price: 1.0
timeseries_values:
  load_level: 269681.1214960882
  wind_year: 2014
  solar_year: 2015
  price_year: 2023
  carbon_year: 2023
storage_values:
  CAES:
    cost: 74.6106
    lifetime: 28.0229
    annual_cost: 2.6624867519064765
    efficiency: 0.600577
    discharge_ratio: 0.1
    depth_of_discharge: 0.4
  Li-ion:
    cost: 285.337
    lifetime: 25.729
    annual_cost: 11.090092891289984
    efficiency: 0.928617
    discharge_ratio: 2
    depth_of_discharge: 0.9
  Pb-acid:
    cost: 114.173
    lifetime: 12.4712
    annual_cost: 9.154932965552634
    efficiency: 0.745156
    discharge_ratio: 5
    depth_of_discharge: 0.5
  VRBF:
    cost: 232.586
    lifetime: 24.1364
    annual_cost: 9.636316932102552
    efficiency: 0.708811
    discharge_ratio: 0.5
    depth_of_discharge: 1.0
