cost_values:
  wind_capex: 5000.0
  wind_opex: 100
  wind_lifetime: 20
  solar_capex: 1000.0
  solar_opex: 10
  solar_lifetime: 20
  carbon_price: 1.0
timeseries_values:
  load_level: 269681.1214960882
  wind_year: 2014
  solar_year: 2015
  price_year: 2023
  carbon_year: 2023
storage_values:
  CAES:
    cost: 70.8746
    lifetime: 28.5199
    annual_cost: 2.485092864981995
    efficiency: 0.609617
    discharge_ratio: 0.1
    depth_of_discharge: 0.4
  Li-ion:
    cost: 269.551
    lifetime: 25.0005
    annual_cost: 10.78182436351273
    efficiency: 0.936438
    discharge_ratio: 2
    depth_of_discharge: 0.9
  Pb-acid:
    cost: 70.3673
    lifetime: 12.5379
    annual_cost: 5.612367302339307
    efficiency: 0.749066
    discharge_ratio: 5
    depth_of_discharge: 0.5
  VRBF:
    cost: 205.627
    lifetime: 21.0273
    annual_cost: 9.779049140878763
    efficiency: 0.693176
    discharge_ratio: 0.5
    depth_of_discharge: 1.0
