cost_values:
  wind_capex: 5000.0
  wind_opex: 100
  wind_lifetime: 20
  solar_capex: 1000.0
  solar_opex: 10
  solar_lifetime: 20
  carbon_price: 1.0
timeseries_values:
  load_level: 269681.1214960882
  wind_year: 2014
  solar_year: 2015
  price_year: 2023
  carbon_year: 2023
storage_values:
  CAES:
    cost: 73.2652
    lifetime: 27.1788
    annual_cost: 2.6956745698853517
    efficiency: 0.607087
    discharge_ratio: 0.1
    depth_of_discharge: 0.4
  Li-ion:
    cost: 257.184
    lifetime: 25.5193
    annual_cost: 10.078019381409366
    efficiency: 0.938086
    discharge_ratio: 2
    depth_of_discharge: 0.9
  Pb-acid:
    cost: 113.088
    lifetime: 11.0147
    annual_cost: 10.267006818161185
    efficiency: 0.748247
    discharge_ratio: 5
    depth_of_discharge: 0.5
  VRBF:
    cost: 205.872
    lifetime: 22.9916
    annual_cost: 8.95422676107796
    efficiency: 0.703404
    discharge_ratio: 0.5
    depth_of_discharge: 1.0
