cost_values:
  wind_capex: 5000.0
  wind_opex: 100
  wind_lifetime: 20
  solar_capex: 1000.0
  solar_opex: 10
  solar_lifetime: 20
  carbon_price: 1.0
timeseries_values:
  load_level: 269681.1214960882
  wind_year: 2014
  solar_year: 2015
  price_year: 2023
  carbon_year: 2023
storage_values:
  CAES:
    cost: 75.2218
    lifetime: 28.043
    annual_cost: 2.682373497842599
    efficiency: 0.594057
    discharge_ratio: 0.1
    depth_of_discharge: 0.4
  Li-ion:
    cost: 251.611
    lifetime: 26.1648
    annual_cost: 9.616393016571882
    efficiency: 0.943899
    discharge_ratio: 2
    depth_of_discharge: 0.9
  Pb-acid:
    cost: 94.2631
    lifetime: 11.8827
    annual_cost: 7.932801467679904
    efficiency: 0.742502
    discharge_ratio: 5
    depth_of_discharge: 0.5
  VRBF:
    cost: 235.839
    lifetime: 23.1673
    annual_cost: 10.179822422120834
    efficiency: 0.71083
    discharge_ratio: 0.5
    depth_of_discharge: 1.0
