cost_values:
  wind_capex: 5000.0
  wind_opex: 100
  wind_lifetime: 20
  solar_capex: 1000.0
  solar_opex: 10
  solar_lifetime: 20
  carbon_price: 1.0
timeseries_values:
  load_level: 269681.1214960882
  wind_year: 2014
  solar_year: 2015
  price_year: 2023
  carbon_year: 2023
storage_values:
  CAES:
    cost: 76.289
    lifetime: 27.2134
    annual_cost: 2.803361579222001
    efficiency: 0.595196
    discharge_ratio: 0.1
    depth_of_discharge: 0.4
  Li-ion:
    cost: 283.659
    lifetime: 26.7151
    annual_cost: 10.617927688835152
    efficiency: 0.933619
    discharge_ratio: 2
    depth_of_discharge: 0.9
  Pb-acid:
    cost: 82.737
    lifetime: 14.1638
    annual_cost: 5.841440856267385
    efficiency: 0.743508
    discharge_ratio: 5
    depth_of_discharge: 0.5
  VRBF:
    cost: 249.759
    lifetime: 22.8744
    annual_cost: 10.91871262197041
    efficiency: 0.706357
    discharge_ratio: 0.5
    depth_of_discharge: 1.0
