cost_values:
  wind_capex: 5000.0
  wind_opex: 100
  wind_lifetime: 20
  solar_capex: 1000.0
  solar_opex: 10
  solar_lifetime: 20
  carbon_price: 1.0
timeseries_values:
  load_level: 269681.1214960882
  wind_year: 2014
  solar_year: 2015
  price_year: 2023
  carbon_year: 2023
storage_values:
  CAES:
    cost: 72.9253
    lifetime: 28.3138
    annual_cost: 2.575609773326081
    efficiency: 0.591544
    discharge_ratio: 0.1
    depth_of_discharge: 0.4
  Li-ion:
    cost: 269.819
    lifetime: 27.0861
    annual_cost: 9.961530083696067
    efficiency: 0.933387
    discharge_ratio: 2
    depth_of_discharge: 0.9
  Pb-acid:
    cost: 94.6835
    lifetime: 11.703
    annual_cost: 8.090532342134495
    efficiency: 0.740657
    discharge_ratio: 5
    depth_of_discharge: 0.5
  VRBF:
    cost: 202.402
    lifetime: 21.6965
    annual_cost: 9.328785748853502
    efficiency: 0.694856
    discharge_ratio: 0.5
    depth_of_discharge: 1.0
