cost_values:
  wind_capex: 5000.0
  wind_opex: 100
  wind_lifetime: 20
  solar_capex: 1000.0
  solar_opex: 10
  solar_lifetime: 20
  carbon_price: 1.0
timeseries_values:
  load_level: 269681.1214960882
  wind_year: 2014
  solar_year: 2015
  price_year: 2023
  carbon_year: 2023
storage_values:
  CAES:
    cost: 77.0111
    lifetime: 28.6856
    annual_cost: 2.6846605962573555
    efficiency: 0.602931
    discharge_ratio: 0.1
    depth_of_discharge: 0.4
  Li-ion:
    cost: 255.415
    lifetime: 27.6287
    annual_cost: 9.244553670639588
    efficiency: 0.943606
    discharge_ratio: 2
    depth_of_discharge: 0.9
  Pb-acid:
    cost: 76.5654
    lifetime: 11.2239
    annual_cost: 6.82163953705931
    efficiency: 0.748621
    discharge_ratio: 5
    depth_of_discharge: 0.5
  VRBF:
    cost: 243.162
    lifetime: 22.243
    annual_cost: 10.9320685159376
    efficiency: 0.719279
    discharge_ratio: 0.5
    depth_of_discharge: 1.0
