cost_values:
  wind_capex: 5000.0
  wind_opex: 100
  wind_lifetime: 20
  solar_capex: 1000.0
  solar_opex: 10
  solar_lifetime: 20
  carbon_price: 1.0
timeseries_values:
  load_level: 269681.1214960882
  wind_year: 2014
  solar_year: 2015
  price_year: 2023
  carbon_year: 2023
storage_values:
  CAES:
    cost: 74.7817
    lifetime: 28.4038
    annual_cost: 2.6328061738218125
    efficiency: 0.603606
    discharge_ratio: 0.1
    depth_of_discharge: 0.4
  Li-ion:
    cost: 267.934
    lifetime: 28.902
    annual_cost: 9.27043111203377
    efficiency: 0.939964
    discharge_ratio: 2
    depth_of_discharge: 0.9
  Pb-acid:
    cost: 116.935
    lifetime: 10.9638
    annual_cost: 10.665553913789013
    efficiency: 0.737267
    discharge_ratio: 5
    depth_of_discharge: 0.5
  VRBF:
    cost: 215.612
    lifetime: 22.6434
    annual_cost: 9.52206824063524
    efficiency: 0.696056
    discharge_ratio: 0.5
    depth_of_discharge: 1.0
