cost_values:
  wind_capex: 5000.0
  wind_opex: 100
  wind_lifetime: 20
  solar_capex: 1000.0
  solar_opex: 10
  solar_lifetime: 20
  carbon_price: 1.0
timeseries_values:
  load_level: 269681.1214960882
  wind_year: 2014
  solar_year: 2015
  price_year: 2023
  carbon_year: 2023
storage_values:
  CAES:
    cost: 69.7468
    lifetime: 26.7531
    annual_cost: 2.6070548833593112
    efficiency: 0.600327
    discharge_ratio: 0.1
    depth_of_discharge: 0.4
  Li-ion:
    cost: 247.794
    lifetime: 27.5809
    annual_cost: 8.984260847180478
    efficiency: 0.947434
    discharge_ratio: 2
    depth_of_discharge: 0.9
  Pb-acid:
    cost: 86.1427
    lifetime: 11.7317
    annual_cost: 7.342729527689935
    efficiency: 0.730278
    discharge_ratio: 5
    depth_of_discharge: 0.5
  VRBF:
    cost: 189.685
    lifetime: 22.9978
    annual_cost: 8.247962848620302
    efficiency: 0.706195
    discharge_ratio: 0.5
    depth_of_discharge: 1.0
