cost_values:
  wind_capex: 5000.0
  wind_opex: 100
  wind_lifetime: 20
  solar_capex: 1000.0
  solar_opex: 10
  solar_lifetime: 20
  carbon_price: 1.0
timeseries_values:
  load_level: 269681.1214960882
  wind_year: 2014
  solar_year: 2015
  price_year: 2023
  carbon_year: 2023
storage_values:
  CAES:
    cost: 78.8035
    lifetime: 26.724
    annual_cost: 2.948791348600509
    efficiency: 0.608082
    discharge_ratio: 0.1
    depth_of_discharge: 0.4
  Li-ion:
    cost: 274.702
    lifetime: 26.4047
    annual_cost: 10.403526644877617
    efficiency: 0.942468
    discharge_ratio: 2
    depth_of_discharge: 0.9
  Pb-acid:
    cost: 70.107
    lifetime: 11.8055
    annual_cost: 5.938503240015247
    efficiency: 0.748257
    discharge_ratio: 5
    depth_of_discharge: 0.5
  VRBF:
    cost: 253.586
    lifetime: 22.1405
    annual_cost: 11.453490210248189
    efficiency: 0.699549
    discharge_ratio: 0.5
    depth_of_discharge: 1.0
