cost_values:
  wind_capex: 5000.0
  wind_opex: 100
  wind_lifetime: 20
  solar_capex: 1000.0
  solar_opex: 10
  solar_lifetime: 20
  carbon_price: 1.0
timeseries_values:
  load_level: 269681.1214960882
  wind_year: 2014
  solar_year: 2015
  price_year: 2023
  carbon_year: 2023
storage_values:
  CAES:
    cost: 83.7506
    lifetime: 29.0481
    annual_cost: 2.8831696393223654
    efficiency: 0.601223
    discharge_ratio: 0.1
    depth_of_discharge: 0.4
  Li-ion:
    cost: 271.573
    lifetime: 26.3305
    annual_cost: 10.31400846926568
    efficiency: 0.923157
    discharge_ratio: 2
    depth_of_discharge: 0.9
  Pb-acid:
    cost: 86.9636
    lifetime: 12.7321
    annual_cost: 6.830263664281619
    efficiency: 0.749093
    discharge_ratio: 5
    depth_of_discharge: 0.5
  VRBF:
    cost: 219.253
    lifetime: 20.4691
    annual_cost: 10.711413789565734
    efficiency: 0.712859
    discharge_ratio: 0.5
    depth_of_discharge: 1.0
