cost_values:
  wind_capex: 5000.0
  wind_opex: 100
  wind_lifetime: 20
  solar_capex: 1000.0
  solar_opex: 10
  solar_lifetime: 20
  carbon_price: 1.0
timeseries_values:
  load_level: 269681.1214960882
  wind_year: 2014
  solar_year: 2015
  price_year: 2023
  carbon_year: 2023
storage_values:
  CAES:
    cost: 79.8792
    lifetime: 28.7216
    annual_cost: 2.7811542532449445
    efficiency: 0.603009
    discharge_ratio: 0.1
    depth_of_discharge: 0.4
  Li-ion:
    cost: 277.259
    lifetime: 26.9632
    annual_cost: 10.282867018751483
    efficiency: 0.948058
    discharge_ratio: 2
    depth_of_discharge: 0.9
  Pb-acid:
    cost: 66.6304
    lifetime: 12.1216
    annual_cost: 5.496832101372755
    efficiency: 0.754073
    discharge_ratio: 5
    depth_of_discharge: 0.5
  VRBF:
    cost: 254.005
    lifetime: 23.2855
    annual_cost: 10.90829056709111
    efficiency: 0.698925
    discharge_ratio: 0.5
    depth_of_discharge: 1.0
