cost_values:
  wind_capex: 5000.0
  wind_opex: 100
  wind_lifetime: 20
  solar_capex: 1000.0
  solar_opex: 10
  solar_lifetime: 20
  carbon_price: 1.0
timeseries_values:
  load_level: 269681.1214960882
  wind_year: 2014
  solar_year: 2015
  price_year: 2023
  carbon_year: 2023
storage_values:
  CAES:
    cost: 76.093
    lifetime: 27.9814
    annual_cost: 2.7194136104698123
    efficiency: 0.602271
    discharge_ratio: 0.1
    depth_of_discharge: 0.4
  Li-ion:
    cost: 273.341
    lifetime: 26.7314
    annual_cost: 10.225465183267618
    efficiency: 0.92735
    discharge_ratio: 2
    depth_of_discharge: 0.9
  Pb-acid:
    cost: 82.6161
    lifetime: 11.5155
    annual_cost: 7.174338934479615
    efficiency: 0.730662
    discharge_ratio: 5
    depth_of_discharge: 0.5
  VRBF:
    cost: 238.856
    lifetime: 23.5613
    annual_cost: 10.137640962086133
    efficiency: 0.683817
    discharge_ratio: 0.5
    depth_of_discharge: 1.0
