cost_values:
  wind_capex: 5000.0
  wind_opex: 100
  wind_lifetime: 20
  solar_capex: 1000.0
  solar_opex: 10
  solar_lifetime: 20
  carbon_price: 1.0
timeseries_values:
  load_level: 269681.1214960882
  wind_year: 2014
  solar_year: 2015
  price_year: 2023
  carbon_year: 2023
storage_values:
  CAES:
    cost: 74.2736
    lifetime: 27.2898
    annual_cost: 2.7216615731885176
    efficiency: 0.610194
    discharge_ratio: 0.1
    depth_of_discharge: 0.4
  Li-ion:
    cost: 238.769
    lifetime: 27.9565
    annual_cost: 8.540732924364638
    efficiency: 0.932651
    discharge_ratio: 2
    depth_of_discharge: 0.9
  Pb-acid:
    cost: 112.25
    lifetime: 12.9507
    annual_cost: 8.667485155242574
    efficiency: 0.73718
    discharge_ratio: 5
    depth_of_discharge: 0.5
  VRBF:
    cost: 226.927
    lifetime: 25.3403
    annual_cost: 8.955182061775117
    efficiency: 0.691964
    discharge_ratio: 0.5
    depth_of_discharge: 1.0
