cost_values:
  wind_capex: 5000.0
  wind_opex: 100
  wind_lifetime: 20
  solar_capex: 1000.0
  solar_opex: 10
  solar_lifetime: 20
  carbon_price: 1.0
timeseries_values:
  load_level: 269681.1214960882
  wind_year: 2014
  solar_year: 2015
  price_year: 2023
  carbon_year: 2023
storage_values:
  CAES:
    cost: 78.5671
    lifetime: 27.8383
    annual_cost: 2.822266445867743
    efficiency: 0.605821
    discharge_ratio: 0.1
    depth_of_discharge: 0.4
  Li-ion:
    cost: 275.553
    lifetime: 28.7746
    annual_cost: 9.576258227742523
    efficiency: 0.930609
    discharge_ratio: 2
    depth_of_discharge: 0.9
  Pb-acid:
    cost: 97.5689
    lifetime: 10.6064
    annual_cost: 9.19905905868155
    efficiency: 0.738023
    discharge_ratio: 5
    depth_of_discharge: 0.5
  VRBF:
    cost: 239.766
    lifetime: 24.2902
    annual_cost: 9.870894434792632
    efficiency: 0.693038
    discharge_ratio: 0.5
    depth_of_discharge: 1.0
