cost_values:
  wind_capex: 5000.0
  wind_opex: 100
  wind_lifetime: 20
  solar_capex: 1000.0
  solar_opex: 10
  solar_lifetime: 20
  carbon_price: 1.0
timeseries_values:
  load_level: 269681.1214960882
  wind_year: 2014
  solar_year: 2015
  price_year: 2023
  carbon_year: 2023
storage_values:
  CAES:
    cost: 79.5043
    lifetime: 28.2602
    annual_cost: 2.8132957303911508
    efficiency: 0.605268
    discharge_ratio: 0.1
    depth_of_discharge: 0.4
  Li-ion:
    cost: 234.935
    lifetime: 26.3789
    annual_cost: 8.906171220179765
    efficiency: 0.948923
    discharge_ratio: 2
    depth_of_discharge: 0.9
  Pb-acid:
    cost: 120.418
    lifetime: 11.9761
    annual_cost: 10.054859261362212
    efficiency: 0.728922
    discharge_ratio: 5
    depth_of_discharge: 0.5
  VRBF:
    cost: 185.6
    lifetime: 23.5153
    annual_cost: 7.892733667016793
    efficiency: 0.708197
    discharge_ratio: 0.5
    depth_of_discharge: 1.0
