cost_values:
  wind_capex: 5000.0
  wind_opex: 100
  wind_lifetime: 20
  solar_capex: 1000.0
  solar_opex: 10
  solar_lifetime: 20
  carbon_price: 1.0
timeseries_values:
  load_level: 269681.1214960882
  wind_year: 2014
  solar_year: 2015
  price_year: 2023
  carbon_year: 2023
storage_values:
  CAES:
    cost: 78.5618
    lifetime: 29.1549
    annual_cost: 2.694634521126809
    efficiency: 0.604297
    discharge_ratio: 0.1
    depth_of_discharge: 0.4
  Li-ion:
    cost: 279.298
    lifetime: 25.3974
    annual_cost: 10.997109940387599
    efficiency: 0.944233
    discharge_ratio: 2
    depth_of_discharge: 0.9
  Pb-acid:
    cost: 98.3634
    lifetime: 10.6552
    annual_cost: 9.23149260454989
    efficiency: 0.740539
    discharge_ratio: 5
    depth_of_discharge: 0.5
  VRBF:
    cost: 237.475
    lifetime: 23.625
    annual_cost: 10.051851851851852
    efficiency: 0.704361
    discharge_ratio: 0.5
    depth_of_discharge: 1.0
