cost_values:
  wind_capex: 5000.0
  wind_opex: 100
  wind_lifetime: 20
  solar_capex: 1000.0
  solar_opex: 10
  solar_lifetime: 20
  carbon_price: 1.0
timeseries_values:
  load_level: 269681.1214960882
  wind_year: 2014
  solar_year: 2015
  price_year: 2023
  carbon_year: 2023
storage_values:
  CAES:
    cost: 83.2283
    lifetime: 27.9667
    annual_cost: 2.9759785745189817
    efficiency: 0.608962
    discharge_ratio: 0.1
    depth_of_discharge: 0.4
  Li-ion:
    cost: 265.479
    lifetime: 24.595
    annual_cost: 10.794023175442163
    efficiency: 0.944332
    discharge_ratio: 2
    depth_of_discharge: 0.9
  Pb-acid:
    cost: 93.6502
    lifetime: 11.3704
    annual_cost: 8.236315345106592
    efficiency: 0.732475
    discharge_ratio: 5
    depth_of_discharge: 0.5
  VRBF:
    cost: 221.913
    lifetime: 22.1192
    annual_cost: 10.032596115591884
    efficiency: 0.678011
    discharge_ratio: 0.5
    depth_of_discharge: 1.0
