cost_values:
  wind_capex: 5000.0
  wind_opex: 100
  wind_lifetime: 20
  solar_capex: 1000.0
  solar_opex: 10
  solar_lifetime: 20
  carbon_price: 1.0
timeseries_values:
  load_level: 269681.1214960882
  wind_year: 2014
  solar_year: 2015
  price_year: 2023
  carbon_year: 2023
storage_values:
  CAES:
    cost: 78.215
    lifetime: 27.1653
    annual_cost: 2.8792245990289085
    efficiency: 0.603043
    discharge_ratio: 0.1
    depth_of_discharge: 0.4
  Li-ion:
    cost: 256.795
    lifetime: 25.8333
    annual_cost: 9.940464439308954
    efficiency: 0.925828
    discharge_ratio: 2
    depth_of_discharge: 0.9
  Pb-acid:
    cost: 77.921
    lifetime: 10.5122
    annual_cost: 7.412435075436161
    efficiency: 0.737302
    discharge_ratio: 5
    depth_of_discharge: 0.5
  VRBF:
    cost: 222.913
    lifetime: 23.4787
    annual_cost: 9.494265014672875
    efficiency: 0.704143
    discharge_ratio: 0.5
    depth_of_discharge: 1.0
