cost_values:
  wind_capex: 5000.0
  wind_opex: 100
  wind_lifetime: 20
  solar_capex: 1000.0
  solar_opex: 10
  solar_lifetime: 20
  carbon_price: 1.0
timeseries_values:
  load_level: 269681.1214960882
  wind_year: 2014
  solar_year: 2015
  price_year: 2023
  carbon_year: 2023
storage_values:
  CAES:
    cost: 76.1555
    lifetime: 27.8123
    annual_cost: 2.738194971289681
    efficiency: 0.604494
    discharge_ratio: 0.1
    depth_of_discharge: 0.4
  Li-ion:
    cost: 267.063
    lifetime: 26.8859
    annual_cost: 9.933199186190532
    efficiency: 0.939803
    discharge_ratio: 2
    depth_of_discharge: 0.9
  Pb-acid:
    cost: 67.9357
    lifetime: 10.2179
    annual_cost: 6.648694937315886
    efficiency: 0.751772
    discharge_ratio: 5
    depth_of_discharge: 0.5
  VRBF:
    cost: 222.293
    lifetime: 23.3169
    annual_cost: 9.533557205288869
    efficiency: 0.723942
    discharge_ratio: 0.5
    depth_of_discharge: 1.0
