cost_values:
  wind_capex: 5000.0
  wind_opex: 100
  wind_lifetime: 20
  solar_capex: 1000.0
  solar_opex: 10
  solar_lifetime: 20
  carbon_price: 1.0
timeseries_values:
  load_level: 269681.1214960882
  wind_year: 2014
  solar_year: 2015
  price_year: 2023
  carbon_year: 2023
storage_values:
  CAES:
    cost: 81.5429
    lifetime: 27.8638
    annual_cost: 2.9264816715595146
    efficiency: 0.604491
    discharge_ratio: 0.1
    depth_of_discharge: 0.4
  Li-ion:
    cost: 250.813
    lifetime: 25.3933
    annual_cost: 9.87713294451686
    efficiency: 0.943425
    discharge_ratio: 2
    depth_of_discharge: 0.9
  Pb-acid:
    cost: 83.649
    lifetime: 12.5352
    annual_cost: 6.673128470227839
    efficiency: 0.741948
    discharge_ratio: 5
    depth_of_discharge: 0.5
  VRBF:
    cost: 203.908
    lifetime: 24.4733
    annual_cost: 8.33185553235567
    efficiency: 0.722772
    discharge_ratio: 0.5
    depth_of_discharge: 1.0
