cost_values:
  wind_capex: 5000.0
  wind_opex: 100
  wind_lifetime: 20
  solar_capex: 1000.0
  solar_opex: 10
  solar_lifetime: 20
  carbon_price: 1.0
timeseries_values:
  load_level: 269681.1214960882
  wind_year: 2014
  solar_year: 2015
  price_year: 2023
  carbon_year: 2023
storage_values:
  CAES:
    cost: 74.1799
    lifetime: 27.6683
    annual_cost: 2.681042926381455
    efficiency: 0.602776
    discharge_ratio: 0.1
    depth_of_discharge: 0.4
  Li-ion:
    cost: 277.979
    lifetime: 26.7202
    annual_cost: 10.40332781940255
    efficiency: 0.937014
    discharge_ratio: 2
    depth_of_discharge: 0.9
  Pb-acid:
    cost: 83.9086
    lifetime: 10.8797
    annual_cost: 7.712400158092596
    efficiency: 0.7413
    discharge_ratio: 5
    depth_of_discharge: 0.5
  VRBF:
    cost: 203.14
    lifetime: 22.4166
    annual_cost: 9.062034385232373
    efficiency: 0.72372
    discharge_ratio: 0.5
    depth_of_discharge: 1.0
