cost_values:
  wind_capex: 5000.0
  wind_opex: 100
  wind_lifetime: 20
  solar_capex: 1000.0
  solar_opex: 10
  solar_lifetime: 20
  carbon_price: 1.0
timeseries_values:
  load_level: 269681.1214960882
  wind_year: 2014
  solar_year: 2015
  price_year: 2023
  carbon_year: 2023
storage_values:
  CAES:
    cost: 71.123
    lifetime: 27.9469
    annual_cost: 2.5449334273210984
    efficiency: 0.598812
    discharge_ratio: 0.1
    depth_of_discharge: 0.4
  Li-ion:
    cost: 266.257
    lifetime: 26.9613
    annual_cost: 9.875525289952636
    efficiency: 0.951097
    discharge_ratio: 2
    depth_of_discharge: 0.9
  Pb-acid:
    cost: 72.3213
    lifetime: 11.3752
    annual_cost: 6.357804697939376
    efficiency: 0.745582
    discharge_ratio: 5
    depth_of_discharge: 0.5
  VRBF:
    cost: 225.706
    lifetime: 21.7771
    annual_cost: 10.36437358509627
    efficiency: 0.712954
    discharge_ratio: 0.5
    depth_of_discharge: 1.0
