cost_values:
  wind_capex: 5000.0
  wind_opex: 100
  wind_lifetime: 20
  solar_capex: 1000.0
  solar_opex: 10
  solar_lifetime: 20
  carbon_price: 1.0
timeseries_values:
  load_level: 269681.1214960882
  wind_year: 2014
  solar_year: 2015
  price_year: 2023
  carbon_year: 2023
storage_values:
  CAES:
    cost: 79.6573
    lifetime: 27.7031
    annual_cost: 2.875393006558833
    efficiency: 0.594617
    discharge_ratio: 0.1
    depth_of_discharge: 0.4
  Li-ion:
    cost: 249.61
    lifetime: 27.3551
    annual_cost: 9.124806708803844
    efficiency: 0.929102
    discharge_ratio: 2
    depth_of_discharge: 0.9
  Pb-acid:
    cost: 92.119
    lifetime: 11.1312
    annual_cost: 8.275747448612908
    efficiency: 0.738512
    discharge_ratio: 5
    depth_of_discharge: 0.5
  VRBF:
    cost: 220.047
    lifetime: 19.1875
    annual_cost: 11.468247557003258
    efficiency: 0.704244
    discharge_ratio: 0.5
    depth_of_discharge: 1.0
