cost_values:
  wind_capex: 5000.0
  wind_opex: 100
  wind_lifetime: 20
  solar_capex: 1000.0
  solar_opex: 10
  solar_lifetime: 20
  carbon_price: 1.0
timeseries_values:
  load_level: 269681.1214960882
  wind_year: 2014
  solar_year: 2015
  price_year: 2023
  carbon_year: 2023
storage_values:
  CAES:
    cost: 79.0461
    lifetime: 29.1903
    annual_cost: 2.7079577804955752
    efficiency: 0.608753
    discharge_ratio: 0.1
    depth_of_discharge: 0.4
  Li-ion:
    cost: 253.023
    lifetime: 27.4462
    annual_cost: 9.218871829251407
    efficiency: 0.944444
    discharge_ratio: 2
    depth_of_discharge: 0.9
  Pb-acid:
    cost: 89.5516
    lifetime: 10.3973
    annual_cost: 8.612966827926481
    efficiency: 0.746911
    discharge_ratio: 5
    depth_of_discharge: 0.5
  VRBF:
    cost: 229.607
    lifetime: 23.9982
    annual_cost: 9.56767590902651
    efficiency: 0.701466
    discharge_ratio: 0.5
    depth_of_discharge: 1.0
