cost_values:
  wind_capex: 5000.0
  wind_opex: 100
  wind_lifetime: 20
  solar_capex: 1000.0
  solar_opex: 10
  solar_lifetime: 20
  carbon_price: 1.0
timeseries_values:
  load_level: 269681.1214960882
  wind_year: 2014
  solar_year: 2015
  price_year: 2023
  carbon_year: 2023
storage_values:
  CAES:
    cost: 78.8697
    lifetime: 27.6117
    annual_cost: 2.8563869663946804
    efficiency: 0.600418
    discharge_ratio: 0.1
    depth_of_discharge: 0.4
  Li-ion:
    cost: 262.727
    lifetime: 26.5627
    annual_cost: 9.890824351440177
    efficiency: 0.940679
    discharge_ratio: 2
    depth_of_discharge: 0.9
  Pb-acid:
    cost: 96.4705
    lifetime: 11.6151
    annual_cost: 8.305610799734827
    efficiency: 0.729819
    discharge_ratio: 5
    depth_of_discharge: 0.5
  VRBF:
    cost: 244.91
    lifetime: 23.0179
    annual_cost: 10.639980189330911
    efficiency: 0.727758
    discharge_ratio: 0.5
    depth_of_discharge: 1.0
