cost_values:
  wind_capex: 5000.0
  wind_opex: 100
  wind_lifetime: 20
  solar_capex: 1000.0
  solar_opex: 10
  solar_lifetime: 20
  carbon_price: 1.0
timeseries_values:
  load_level: 269681.1214960882
  wind_year: 2014
  solar_year: 2015
  price_year: 2023
  carbon_year: 2023
storage_values:
  CAES:
    cost: 71.994
    lifetime: 29.1817
    annual_cost: 2.467094103496369
    efficiency: 0.598953
    discharge_ratio: 0.1
    depth_of_discharge: 0.4
  Li-ion:
    cost: 272.358
    lifetime: 27.1118
    annual_cost: 10.045736542759979
    efficiency: 0.936797
    discharge_ratio: 2
    depth_of_discharge: 0.9
  Pb-acid:
    cost: 91.4999
    lifetime: 11.1882
    annual_cost: 8.178250299422606
    efficiency: 0.741398
    discharge_ratio: 5
    depth_of_discharge: 0.5
  VRBF:
    cost: 224.819
    lifetime: 20.9918
    annual_cost: 10.70984860755152
    efficiency: 0.715281
    discharge_ratio: 0.5
    depth_of_discharge: 1.0
