cost_values:
  wind_capex: 5000.0
  wind_opex: 100
  wind_lifetime: 20
  solar_capex: 1000.0
  solar_opex: 10
  solar_lifetime: 20
  carbon_price: 1.0
timeseries_values:
  load_level: 269681.1214960882
  wind_year: 2014
  solar_year: 2015
  price_year: 2023
  carbon_year: 2023
storage_values:
  CAES:
    cost: 70.0875
    lifetime: 27.6547
    annual_cost: 2.5343793279261755
    efficiency: 0.608754
    discharge_ratio: 0.1
    depth_of_discharge: 0.4
  Li-ion:
    cost: 282.868
    lifetime: 26.9705
    annual_cost: 10.488051760256576
    efficiency: 0.934329
    discharge_ratio: 2
    depth_of_discharge: 0.9
  Pb-acid:
    cost: 102.769
    lifetime: 10.8367
    annual_cost: 9.483422074985928
    efficiency: 0.739877
    discharge_ratio: 5
    depth_of_discharge: 0.5
  VRBF:
    cost: 246.043
    lifetime: 22.4146
    annual_cost: 10.976907908238381
    efficiency: 0.692457
    discharge_ratio: 0.5
    depth_of_discharge: 1.0
