cost_values:
  wind_capex: 5000.0
  wind_opex: 100
  wind_lifetime: 20
  solar_capex: 1000.0
  solar_opex: 10
  solar_lifetime: 20
  carbon_price: 1.0
timeseries_values:
  load_level: 269681.1214960882
  wind_year: 2014
  solar_year: 2015
  price_year: 2023
  carbon_year: 2023
storage_values:
  CAES:
    cost: 81.5588
    lifetime: 28.1811
    annual_cost: 2.8940956882449584
    efficiency: 0.606494
    discharge_ratio: 0.1
    depth_of_discharge: 0.4
  Li-ion:
    cost: 261.464
    lifetime: 26.2042
    annual_cost: 9.977942467238076
    efficiency: 0.93257
    discharge_ratio: 2
    depth_of_discharge: 0.9
  Pb-acid:
    cost: 60.9609
    lifetime: 9.93875
    annual_cost: 6.13365865928814
    efficiency: 0.736053
    discharge_ratio: 5
    depth_of_discharge: 0.5
  VRBF:
    cost: 224.981
    lifetime: 22.9885
    annual_cost: 9.786675946668987
    efficiency: 0.714696
    discharge_ratio: 0.5
    depth_of_discharge: 1.0
