cost_values:
  wind_capex: 5000.0
  wind_opex: 100
  wind_lifetime: 20
  solar_capex: 1000.0
  solar_opex: 10
  solar_lifetime: 20
  carbon_price: 1.0
timeseries_values:
  load_level: 269681.1214960882
  wind_year: 2014
  solar_year: 2015
  price_year: 2023
  carbon_year: 2023
storage_values:
  CAES:
    cost: 77.166
    lifetime: 27.7895
    annual_cost: 2.776804188632397
    efficiency: 0.613048
    discharge_ratio: 0.1
    depth_of_discharge: 0.4
  Li-ion:
    cost: 271.429
    lifetime: 23.826
    annual_cost: 11.392134642827163
    efficiency: 0.947162
    discharge_ratio: 2
    depth_of_discharge: 0.9
  Pb-acid:
    cost: 90.2559
    lifetime: 11.2238
    annual_cost: 8.041474366970188
    efficiency: 0.731211
    discharge_ratio: 5
    depth_of_discharge: 0.5
  VRBF:
    cost: 215.452
    lifetime: 22.484
    annual_cost: 9.582458637253158
    efficiency: 0.706213
    discharge_ratio: 0.5
    depth_of_discharge: 1.0
