cost_values:
  wind_capex: 5000.0
  wind_opex: 100
  wind_lifetime: 20
  solar_capex: 1000.0
  solar_opex: 10
  solar_lifetime: 20
  carbon_price: 1.0
timeseries_values:
  load_level: 269681.1214960882
  wind_year: 2014
  solar_year: 2015
  price_year: 2023
  carbon_year: 2023
storage_values:
  CAES:
    cost: 71.1451
    lifetime: 29.1194
    annual_cost: 2.4432199839282402
    efficiency: 0.600596
    discharge_ratio: 0.1
    depth_of_discharge: 0.4
  Li-ion:
    cost: 270.767
    lifetime: 26.8093
    annual_cost: 10.099741507611164
    efficiency: 0.929876
    discharge_ratio: 2
    depth_of_discharge: 0.9
  Pb-acid:
    cost: 84.6258
    lifetime: 11.9841
    annual_cost: 7.061506496107342
    efficiency: 0.750796
    discharge_ratio: 5
    depth_of_discharge: 0.5
  VRBF:
    cost: 189.213
    lifetime: 24.493
    annual_cost: 7.725186788061896
    efficiency: 0.701373
    discharge_ratio: 0.5
    depth_of_discharge: 1.0
