cost_values:
  wind_capex: 5000.0
  wind_opex: 100
  wind_lifetime: 20
  solar_capex: 1000.0
  solar_opex: 10
  solar_lifetime: 20
  carbon_price: 1.0
timeseries_values:
  load_level: 269681.1214960882
  wind_year: 2014
  solar_year: 2015
  price_year: 2023
  carbon_year: 2023
storage_values:
  CAES:
    cost: 79.7945
    lifetime: 27.9655
    annual_cost: 2.853319268384259
    efficiency: 0.605666
    discharge_ratio: 0.1
    depth_of_discharge: 0.4
  Li-ion:
    cost: 264.803
    lifetime: 28.1125
    annual_cost: 9.419404179635393
    efficiency: 0.947126
    discharge_ratio: 2
    depth_of_discharge: 0.9
  Pb-acid:
    cost: 76.9072
    lifetime: 11.4895
    annual_cost: 6.693694242569303
    efficiency: 0.737639
    discharge_ratio: 5
    depth_of_discharge: 0.5
  VRBF:
    cost: 265.316
    lifetime: 24.3284
    annual_cost: 10.90560826030483
    efficiency: 0.708987
    discharge_ratio: 0.5
    depth_of_discharge: 1.0
