cost_values:
  wind_capex: 5000.0
  wind_opex: 100
  wind_lifetime: 20
  solar_capex: 1000.0
  solar_opex: 10
  solar_lifetime: 20
  carbon_price: 1.0
timeseries_values:
  load_level: 269681.1214960882
  wind_year: 2014
  solar_year: 2015
  price_year: 2023
  carbon_year: 2023
storage_values:
  CAES:
    cost: 73.8686
    lifetime: 28.2259
    annual_cost: 2.617050297776156
    efficiency: 0.599722
    discharge_ratio: 0.1
    depth_of_discharge: 0.4
  Li-ion:
    cost: 274.554
    lifetime: 25.9101
    annual_cost: 10.596408350411615
    efficiency: 0.936282
    discharge_ratio: 2
    depth_of_discharge: 0.9
  Pb-acid:
    cost: 92.4133
    lifetime: 12.2572
    annual_cost: 7.5395114708089945
    efficiency: 0.742505
    discharge_ratio: 5
    depth_of_discharge: 0.5
  VRBF:
    cost: 210.682
    lifetime: 21.2563
    annual_cost: 9.911508588042134
    efficiency: 0.677559
    discharge_ratio: 0.5
    depth_of_discharge: 1.0
