cost_values:
  wind_capex: 5000.0
  wind_opex: 100
  wind_lifetime: 20
  solar_capex: 1000.0
  solar_opex: 10
  solar_lifetime: 20
  carbon_price: 1.0
timeseries_values:
  load_level: 269681.1214960882
  wind_year: 2014
  solar_year: 2015
  price_year: 2023
  carbon_year: 2023
storage_values:
  CAES:
    cost: 75.7299
    lifetime: 29.2097
    annual_cost: 2.592628476156893
    efficiency: 0.603786
    discharge_ratio: 0.1
    depth_of_discharge: 0.4
  Li-ion:
    cost: 264.572
    lifetime: 27.6769
    annual_cost: 9.559307581412659
    efficiency: 0.934267
    discharge_ratio: 2
    depth_of_discharge: 0.9
  Pb-acid:
    cost: 97.5777
    lifetime: 13.2419
    annual_cost: 7.368859453703774
    efficiency: 0.759563
    discharge_ratio: 5
    depth_of_discharge: 0.5
  VRBF:
    cost: 227.979
    lifetime: 21.9568
    annual_cost: 10.383070392771259
    efficiency: 0.696469
    discharge_ratio: 0.5
    depth_of_discharge: 1.0
