cost_values:
  wind_capex: 5000.0
  wind_opex: 100
  wind_lifetime: 20
  solar_capex: 1000.0
  solar_opex: 10
  solar_lifetime: 20
  carbon_price: 1.0
timeseries_values:
  load_level: 269681.1214960882
  wind_year: 2014
  solar_year: 2015
  price_year: 2023
  carbon_year: 2023
storage_values:
  CAES:
    cost: 68.6358
    lifetime: 28.2335
    annual_cost: 2.431005720155135
    efficiency: 0.601205
    discharge_ratio: 0.1
    depth_of_discharge: 0.4
  Li-ion:
    cost: 272.388
    lifetime: 27.6398
    annual_cost: 9.854919355422252
    efficiency: 0.933898
    discharge_ratio: 2
    depth_of_discharge: 0.9
  Pb-acid:
    cost: 80.1903
    lifetime: 11.4552
    annual_cost: 7.000340456735805
    efficiency: 0.737825
    discharge_ratio: 5
    depth_of_discharge: 0.5
  VRBF:
    cost: 247.583
    lifetime: 23.2788
    annual_cost: 10.635556815643417
    efficiency: 0.697666
    discharge_ratio: 0.5
    depth_of_discharge: 1.0
