cost_values:
  wind_capex: 5000.0
  wind_opex: 100
  wind_lifetime: 20
  solar_capex: 1000.0
  solar_opex: 10
  solar_lifetime: 20
  carbon_price: 1.0
timeseries_values:
  load_level: 269681.1214960882
  wind_year: 2014
  solar_year: 2015
  price_year: 2023
  carbon_year: 2023
storage_values:
  CAES:
    cost: 70.9702
    lifetime: 27.8725
    annual_cost: 2.546244506233743
    efficiency: 0.601845
    discharge_ratio: 0.1
    depth_of_discharge: 0.4
  Li-ion:
    cost: 285.761
    lifetime: 27.7284
    annual_cost: 10.305715439765729
    efficiency: 0.938266
    discharge_ratio: 2
    depth_of_discharge: 0.9
  Pb-acid:
    cost: 74.3082
    lifetime: 11.1794
    annual_cost: 6.646886237186254
    efficiency: 0.74071
    discharge_ratio: 5
    depth_of_discharge: 0.5
  VRBF:
    cost: 246.567
    lifetime: 23.9844
    annual_cost: 10.280307199679791
    efficiency: 0.706962
    discharge_ratio: 0.5
    depth_of_discharge: 1.0
