cost_values:
  wind_capex: 5000.0
  wind_opex: 100
  wind_lifetime: 20
  solar_capex: 1000.0
  solar_opex: 10
  solar_lifetime: 20
  carbon_price: 1.0
timeseries_values:
  load_level: 269681.1214960882
  wind_year: 2014
  solar_year: 2015
  price_year: 2023
  carbon_year: 2023
storage_values:
  CAES:
    cost: 69.66
    lifetime: 28.1062
    annual_cost: 2.478456710619009
    efficiency: 0.609067
    discharge_ratio: 0.1
    depth_of_discharge: 0.4
  Li-ion:
    cost: 264.53
    lifetime: 24.732
    annual_cost: 10.695859615073587
    efficiency: 0.940486
    discharge_ratio: 2
    depth_of_discharge: 0.9
  Pb-acid:
    cost: 96.7142
    lifetime: 11.3819
    annual_cost: 8.497192911552553
    efficiency: 0.739296
    discharge_ratio: 5
    depth_of_discharge: 0.5
  VRBF:
    cost: 219.197
    lifetime: 23.1882
    annual_cost: 9.452954519971366
    efficiency: 0.726904
    discharge_ratio: 0.5
    depth_of_discharge: 1.0
