cost_values:
  wind_capex: 5000.0
  wind_opex: 100
  wind_lifetime: 20
  solar_capex: 1000.0
  solar_opex: 10
  solar_lifetime: 20
  carbon_price: 1.0
timeseries_values:
  load_level: 269681.1214960882
  wind_year: 2014
  solar_year: 2015
  price_year: 2023
  carbon_year: 2023
storage_values:
  CAES:
    cost: 72.5351
    lifetime: 27.6554
    annual_cost: 2.6228186900207553
    efficiency: 0.598339
    discharge_ratio: 0.1
    depth_of_discharge: 0.4
  Li-ion:
    cost: 262.485
    lifetime: 25.8754
    annual_cost: 10.144191007675245
    efficiency: 0.934868
    discharge_ratio: 2
    depth_of_discharge: 0.9
  Pb-acid:
    cost: 84.6918
    lifetime: 11.189
    annual_cost: 7.569201894718026
    efficiency: 0.732933
    discharge_ratio: 5
    depth_of_discharge: 0.5
  VRBF:
    cost: 201.153
    lifetime: 24.4875
    annual_cost: 8.214517611026032
    efficiency: 0.716398
    discharge_ratio: 0.5
    depth_of_discharge: 1.0
