cost_values:
  wind_capex: 5000.0
  wind_opex: 100
  wind_lifetime: 20
  solar_capex: 1000.0
  solar_opex: 10
  solar_lifetime: 20
  carbon_price: 1.0
timeseries_values:
  load_level: 269681.1214960882
  wind_year: 2014
  solar_year: 2015
  price_year: 2023
  carbon_year: 2023
storage_values:
  CAES:
    cost: 79.2435
    lifetime: 27.4713
    annual_cost: 2.8845922835832303
    efficiency: 0.601013
    discharge_ratio: 0.1
    depth_of_discharge: 0.4
  Li-ion:
    cost: 280.763
    lifetime: 26.2475
    annual_cost: 10.696752071625868
    efficiency: 0.938162
    discharge_ratio: 2
    depth_of_discharge: 0.9
  Pb-acid:
    cost: 73.3715
    lifetime: 12.2374
    annual_cost: 5.99567718633043
    efficiency: 0.736964
    discharge_ratio: 5
    depth_of_discharge: 0.5
  VRBF:
    cost: 228.964
    lifetime: 24.725
    annual_cost: 9.260424671385238
    efficiency: 0.713013
    discharge_ratio: 0.5
    depth_of_discharge: 1.0
