cost_values:
  wind_capex: 5000.0
  wind_opex: 100
  wind_lifetime: 20
  solar_capex: 1000.0
  solar_opex: 10
  solar_lifetime: 20
  carbon_price: 1.0
timeseries_values:
  load_level: 269681.1214960882
  wind_year: 2014
  solar_year: 2015
  price_year: 2023
  carbon_year: 2023
storage_values:
  CAES:
    cost: 73.2192
    lifetime: 28.6415
    annual_cost: 2.5564024230574516
    efficiency: 0.596898
    discharge_ratio: 0.1
    depth_of_discharge: 0.4
  Li-ion:
    cost: 262.09
    lifetime: 27.5304
    annual_cost: 9.520021503501583
    efficiency: 0.938789
    discharge_ratio: 2
    depth_of_discharge: 0.9
  Pb-acid:
    cost: 92.7577
    lifetime: 10.5758
    annual_cost: 8.770750203294314
    efficiency: 0.751671
    discharge_ratio: 5
    depth_of_discharge: 0.5
  VRBF:
    cost: 211.992
    lifetime: 23.7975
    annual_cost: 8.908162622124172
    efficiency: 0.689033
    discharge_ratio: 0.5
    depth_of_discharge: 1.0
