cost_values:
  wind_capex: 5000.0
  wind_opex: 100
  wind_lifetime: 20
  solar_capex: 1000.0
  solar_opex: 10
  solar_lifetime: 20
  carbon_price: 1.0
timeseries_values:
  load_level: 269681.1214960882
  wind_year: 2014
  solar_year: 2015
  price_year: 2023
  carbon_year: 2023
storage_values:
  CAES:
    cost: 73.1184
    lifetime: 28.8202
    annual_cost: 2.537053871937044
    efficiency: 0.60929
    discharge_ratio: 0.1
    depth_of_discharge: 0.4
  Li-ion:
    cost: 262.257
    lifetime: 25.1888
    annual_cost: 10.411651210061615
    efficiency: 0.931737
    discharge_ratio: 2
    depth_of_discharge: 0.9
  Pb-acid:
    cost: 90.913
    lifetime: 10.5344
    annual_cost: 8.630107077764277
    efficiency: 0.74696
    discharge_ratio: 5
    depth_of_discharge: 0.5
  VRBF:
    cost: 207.047
    lifetime: 22.0558
    annual_cost: 9.387417368673999
    efficiency: 0.704994
    discharge_ratio: 0.5
    depth_of_discharge: 1.0
