cost_values:
  wind_capex: 5000.0
  wind_opex: 100
  wind_lifetime: 20
  solar_capex: 1000.0
  solar_opex: 10
  solar_lifetime: 20
  carbon_price: 1.0
timeseries_values:
  load_level: 269681.1214960882
  wind_year: 2014
  solar_year: 2015
  price_year: 2023
  carbon_year: 2023
storage_values:
  CAES:
    cost: 79.5003
    lifetime: 27.9216
    annual_cost: 2.8472687811586725
    efficiency: 0.602639
    discharge_ratio: 0.1
    depth_of_discharge: 0.4
  Li-ion:
    cost: 259.113
    lifetime: 27.0174
    annual_cost: 9.590597170712208
    efficiency: 0.94275
    discharge_ratio: 2
    depth_of_discharge: 0.9
  Pb-acid:
    cost: 92.9517
    lifetime: 12.0481
    annual_cost: 7.715050505888896
    efficiency: 0.737084
    discharge_ratio: 5
    depth_of_discharge: 0.5
  VRBF:
    cost: 223.282
    lifetime: 25.1328
    annual_cost: 8.88408772599949
    efficiency: 0.699805
    discharge_ratio: 0.5
    depth_of_discharge: 1.0
