cost_values:
  wind_capex: 5000.0
  wind_opex: 100
  wind_lifetime: 20
  solar_capex: 1000.0
  solar_opex: 10
  solar_lifetime: 20
  carbon_price: 1.0
timeseries_values:
  load_level: 269681.1214960882
  wind_year: 2014
  solar_year: 2015
  price_year: 2023
  carbon_year: 2023
storage_values:
  CAES:
    cost: 71.8041
    lifetime: 27.5883
    annual_cost: 2.6027011450506197
    efficiency: 0.604087
    discharge_ratio: 0.1
    depth_of_discharge: 0.4
  Li-ion:
    cost: 259.44
    lifetime: 26.9429
    annual_cost: 9.629252975737577
    efficiency: 0.933414
    discharge_ratio: 2
    depth_of_discharge: 0.9
  Pb-acid:
    cost: 85.3794
    lifetime: 12.1776
    annual_cost: 7.011184469846276
    efficiency: 0.729168
    discharge_ratio: 5
    depth_of_discharge: 0.5
  VRBF:
    cost: 207.961
    lifetime: 22.5469
    annual_cost: 9.223485268484803
    efficiency: 0.689599
    discharge_ratio: 0.5
    depth_of_discharge: 1.0
