cost_values:
  wind_capex: 5000.0
  wind_opex: 100
  wind_lifetime: 20
  solar_capex: 1000.0
  solar_opex: 10
  solar_lifetime: 20
  carbon_price: 1.0
timeseries_values:
  load_level: 269681.1214960882
  wind_year: 2014
  solar_year: 2015
  price_year: 2023
  carbon_year: 2023
storage_values:
  CAES:
    cost: 66.4969
    lifetime: 27.5481
    annual_cost: 2.4138470529728
    efficiency: 0.607941
    discharge_ratio: 0.1
    depth_of_discharge: 0.4
  Li-ion:
    cost: 267.951
    lifetime: 26.7239
    annual_cost: 10.026642817852185
    efficiency: 0.950819
    discharge_ratio: 2
    depth_of_discharge: 0.9
  Pb-acid:
    cost: 87.7073
    lifetime: 11.2308
    annual_cost: 7.809532713609004
    efficiency: 0.750503
    discharge_ratio: 5
    depth_of_discharge: 0.5
  VRBF:
    cost: 270.743
    lifetime: 23.666
    annual_cost: 11.440167328657145
    efficiency: 0.710676
    discharge_ratio: 0.5
    depth_of_discharge: 1.0
