cost_values:
  wind_capex: 5000.0
  wind_opex: 100
  wind_lifetime: 20
  solar_capex: 1000.0
  solar_opex: 10
  solar_lifetime: 20
  carbon_price: 1.0
timeseries_values:
  load_level: 269681.1214960882
  wind_year: 2014
  solar_year: 2015
  price_year: 2023
  carbon_year: 2023
storage_values:
  CAES:
    cost: 69.9313
    lifetime: 28.5405
    annual_cost: 2.450247893344545
    efficiency: 0.607074
    discharge_ratio: 0.1
    depth_of_discharge: 0.4
  Li-ion:
    cost: 249.033
    lifetime: 27.1763
    annual_cost: 9.163609468544282
    efficiency: 0.948464
    discharge_ratio: 2
    depth_of_discharge: 0.9
  Pb-acid:
    cost: 79.6031
    lifetime: 12.1074
    annual_cost: 6.574747674975635
    efficiency: 0.743889
    discharge_ratio: 5
    depth_of_discharge: 0.5
  VRBF:
    cost: 230.187
    lifetime: 23.6406
    annual_cost: 9.736935610771301
    efficiency: 0.690469
    discharge_ratio: 0.5
    depth_of_discharge: 1.0
