cost_values:
  wind_capex: 5000.0
  wind_opex: 100
  wind_lifetime: 20
  solar_capex: 1000.0
  solar_opex: 10
  solar_lifetime: 20
  carbon_price: 1.0
timeseries_values:
  load_level: 269681.1214960882
  wind_year: 2014
  solar_year: 2015
  price_year: 2023
  carbon_year: 2023
storage_values:
  CAES:
    cost: 75.8062
    lifetime: 27.4633
    annual_cost: 2.7602728004282078
    efficiency: 0.604839
    discharge_ratio: 0.1
    depth_of_discharge: 0.4
  Li-ion:
    cost: 273.592
    lifetime: 26.6995
    annual_cost: 10.247083278713085
    efficiency: 0.951282
    discharge_ratio: 2
    depth_of_discharge: 0.9
  Pb-acid:
    cost: 95.1349
    lifetime: 12.6814
    annual_cost: 7.50192407778321
    efficiency: 0.733761
    discharge_ratio: 5
    depth_of_discharge: 0.5
  VRBF:
    cost: 236.916
    lifetime: 22.9509
    annual_cost: 10.322732441865025
    efficiency: 0.711615
    discharge_ratio: 0.5
    depth_of_discharge: 1.0
