cost_values:
  wind_capex: 5000.0
  wind_opex: 100
  wind_lifetime: 20
  solar_capex: 1000.0
  solar_opex: 10
  solar_lifetime: 20
  carbon_price: 1.0
timeseries_values:
  load_level: 269681.1214960882
  wind_year: 2014
  solar_year: 2015
  price_year: 2023
  carbon_year: 2023
storage_values:
  CAES:
    cost: 75.7531
    lifetime: 28.2493
    annual_cost: 2.6815921102469797
    efficiency: 0.602028
    discharge_ratio: 0.1
    depth_of_discharge: 0.4
  Li-ion:
    cost: 274.711
    lifetime: 25.3768
    annual_cost: 10.82528135935185
    efficiency: 0.930607
    discharge_ratio: 2
    depth_of_discharge: 0.9
  Pb-acid:
    cost: 100.332
    lifetime: 10.2135
    annual_cost: 9.823468938170068
    efficiency: 0.735275
    discharge_ratio: 5
    depth_of_discharge: 0.5
  VRBF:
    cost: 224.964
    lifetime: 23.3012
    annual_cost: 9.654610063001046
    efficiency: 0.712791
    discharge_ratio: 0.5
    depth_of_discharge: 1.0
