cost_values:
  wind_capex: 5000.0
  wind_opex: 100
  wind_lifetime: 20
  solar_capex: 1000.0
  solar_opex: 10
  solar_lifetime: 20
  carbon_price: 1.0
timeseries_values:
  load_level: 269681.1214960882
  wind_year: 2014
  solar_year: 2015
  price_year: 2023
  carbon_year: 2023
storage_values:
  CAES:
    cost: 74.2082
    lifetime: 29.0121
    annual_cost: 2.557836213166231
    efficiency: 0.606027
    discharge_ratio: 0.1
    depth_of_discharge: 0.4
  Li-ion:
    cost: 243.316
    lifetime: 26.6579
    annual_cost: 9.127350616515178
    efficiency: 0.931515
    discharge_ratio: 2
    depth_of_discharge: 0.9
  Pb-acid:
    cost: 68.9559
    lifetime: 11.5803
    annual_cost: 5.954586668739152
    efficiency: 0.747455
    discharge_ratio: 5
    depth_of_discharge: 0.5
  VRBF:
    cost: 219.335
    lifetime: 24.0548
    annual_cost: 9.118138583567521
    efficiency: 0.708069
    discharge_ratio: 0.5
    depth_of_discharge: 1.0
