cost_values:
  wind_capex: 5000.0
  wind_opex: 100
  wind_lifetime: 20
  solar_capex: 1000.0
  solar_opex: 10
  solar_lifetime: 20
  carbon_price: 1.0
timeseries_values:
  load_level: 269681.1214960882
  wind_year: 2014
  solar_year: 2015
  price_year: 2023
  carbon_year: 2023
storage_values:
  CAES:
    cost: 74.9951
    lifetime: 28.7638
    annual_cost: 2.607273726002823
    efficiency: 0.602807
    discharge_ratio: 0.1
    depth_of_discharge: 0.4
  Li-ion:
    cost: 247.753
    lifetime: 24.9773
    annual_cost: 9.919126566922765
    efficiency: 0.942292
    discharge_ratio: 2
    depth_of_discharge: 0.9
  Pb-acid:
    cost: 76.0708
    lifetime: 10.3096
    annual_cost: 7.3786373865135415
    efficiency: 0.731987
    discharge_ratio: 5
    depth_of_discharge: 0.5
  VRBF:
    cost: 182.008
    lifetime: 22.3918
    annual_cost: 8.128332693218054
    efficiency: 0.711292
    discharge_ratio: 0.5
    depth_of_discharge: 1.0
