cost_values:
  wind_capex: 5000.0
  wind_opex: 100
  wind_lifetime: 20
  solar_capex: 1000.0
  solar_opex: 10
  solar_lifetime: 20
  carbon_price: 1.0
timeseries_values:
  load_level: 269681.1214960882
  wind_year: 2014
  solar_year: 2015
  price_year: 2023
  carbon_year: 2023
storage_values:
  CAES:
    cost: 76.545
    lifetime: 28.7311
    annual_cost: 2.664186195446746
    efficiency: 0.603437
    discharge_ratio: 0.1
    depth_of_discharge: 0.4
  Li-ion:
    cost: 238.502
    lifetime: 27.5988
    annual_cost: 8.641752539965506
    efficiency: 0.943728
    discharge_ratio: 2
    depth_of_discharge: 0.9
  Pb-acid:
    cost: 74.7114
    lifetime: 11.94
    annual_cost: 6.257236180904522
    efficiency: 0.740743
    discharge_ratio: 5
    depth_of_discharge: 0.5
  VRBF:
    cost: 225.056
    lifetime: 22.1689
    annual_cost: 10.151879434703572
    efficiency: 0.688524
    discharge_ratio: 0.5
    depth_of_discharge: 1.0
