cost_values:
  wind_capex: 5000.0
  wind_opex: 100
  wind_lifetime: 20
  solar_capex: 1000.0
  solar_opex: 10
  solar_lifetime: 20
  carbon_price: 1.0
timeseries_values:
  load_level: 269681.1214960882
  wind_year: 2014
  solar_year: 2015
  price_year: 2023
  carbon_year: 2023
storage_values:
  CAES:
    cost: 76.3954
    lifetime: 27.7724
    annual_cost: 2.7507669484812256
    efficiency: 0.602151
    discharge_ratio: 0.1
    depth_of_discharge: 0.4
  Li-ion:
    cost: 261.239
    lifetime: 27.8744
    annual_cost: 9.372004419826075
    efficiency: 0.952516
    discharge_ratio: 2
    depth_of_discharge: 0.9
  Pb-acid:
    cost: 73.8412
    lifetime: 11.0419
    annual_cost: 6.687363587788334
    efficiency: 0.741967
    discharge_ratio: 5
    depth_of_discharge: 0.5
  VRBF:
    cost: 203.378
    lifetime: 24.905
    annual_cost: 8.166151375225857
    efficiency: 0.696194
    discharge_ratio: 0.5
    depth_of_discharge: 1.0
