cost_values:
  wind_capex: 5000.0
  wind_opex: 100
  wind_lifetime: 20
  solar_capex: 1000.0
  solar_opex: 10
  solar_lifetime: 20
  carbon_price: 1.0
timeseries_values:
  load_level: 269681.1214960882
  wind_year: 2014
  solar_year: 2015
  price_year: 2023
  carbon_year: 2023
storage_values:
  CAES:
    cost: 77.8993
    lifetime: 26.5986
    annual_cost: 2.928699254847999
    efficiency: 0.60158
    discharge_ratio: 0.1
    depth_of_discharge: 0.4
  Li-ion:
    cost: 275.843
    lifetime: 27.4883
    annual_cost: 10.034923949462137
    efficiency: 0.93108
    discharge_ratio: 2
    depth_of_discharge: 0.9
  Pb-acid:
    cost: 68.7707
    lifetime: 10.3829
    annual_cost: 6.623457800807097
    efficiency: 0.741793
    discharge_ratio: 5
    depth_of_discharge: 0.5
  VRBF:
    cost: 252.619
    lifetime: 24.1837
    annual_cost: 10.44583748557913
    efficiency: 0.705917
    discharge_ratio: 0.5
    depth_of_discharge: 1.0
