cost_values:
  wind_capex: 5000.0
  wind_opex: 100
  wind_lifetime: 20
  solar_capex: 1000.0
  solar_opex: 10
  solar_lifetime: 20
  carbon_price: 1.0
timeseries_values:
  load_level: 269681.1214960882
  wind_year: 2014
  solar_year: 2015
  price_year: 2023
  carbon_year: 2023
storage_values:
  CAES:
    cost: 71.0251
    lifetime: 27.8802
    annual_cost: 2.547510419580921
    efficiency: 0.591492
    discharge_ratio: 0.1
    depth_of_discharge: 0.4
  Li-ion:
    cost: 280.381
    lifetime: 27.4743
    annual_cost: 10.20520995985339
    efficiency: 0.940997
    discharge_ratio: 2
    depth_of_discharge: 0.9
  Pb-acid:
    cost: 86.3873
    lifetime: 12.5192
    annual_cost: 6.900385008626749
    efficiency: 0.73339
    discharge_ratio: 5
    depth_of_discharge: 0.5
  VRBF:
    cost: 213.706
    lifetime: 22.2886
    annual_cost: 9.588130254928528
    efficiency: 0.699477
    discharge_ratio: 0.5
    depth_of_discharge: 1.0
