cost_values:
  wind_capex: 5000.0
  wind_opex: 100
  wind_lifetime: 20
  solar_capex: 1000.0
  solar_opex: 10
  solar_lifetime: 20
  carbon_price: 1.0
timeseries_values:
  load_level: 269681.1214960882
  wind_year: 2014
  solar_year: 2015
  price_year: 2023
  carbon_year: 2023
storage_values:
  CAES:
    cost: 78.2134
    lifetime: 29.0038
    annual_cost: 2.696660437597832
    efficiency: 0.614193
    discharge_ratio: 0.1
    depth_of_discharge: 0.4
  Li-ion:
    cost: 270.947
    lifetime: 25.0319
    annual_cost: 10.824068488608535
    efficiency: 0.938101
    discharge_ratio: 2
    depth_of_discharge: 0.9
  Pb-acid:
    cost: 83.9705
    lifetime: 10.8016
    annual_cost: 7.7738946082061915
    efficiency: 0.739438
    discharge_ratio: 5
    depth_of_discharge: 0.5
  VRBF:
    cost: 239.808
    lifetime: 24.0893
    annual_cost: 9.954959255769158
    efficiency: 0.692867
    discharge_ratio: 0.5
    depth_of_discharge: 1.0
