cost_values:
  wind_capex: 5000.0
  wind_opex: 100
  wind_lifetime: 20
  solar_capex: 1000.0
  solar_opex: 10
  solar_lifetime: 20
  carbon_price: 1.0
timeseries_values:
  load_level: 237360.06695273507
  wind_year: 2017
  solar_year: 2011
  price_year: 2023
  carbon_year: 2023
storage_values:
  CAES:
    cost: 47.5022
    lifetime: 27.6139
    annual_cost: 1.7202278562607962
    efficiency: 0.635126
    discharge_ratio: 0.1
    depth_of_discharge: 0.4
  Li-ion:
    cost: 131.863
    lifetime: 21.2043
    annual_cost: 6.2186914918200555
    efficiency: 0.922319
    discharge_ratio: 2
    depth_of_discharge: 0.9
  Pb-acid:
    cost: 168.741
    lifetime: 15.8491
    annual_cost: 10.646724419683137
    efficiency: 0.715814
    discharge_ratio: 5
    depth_of_discharge: 0.5
  VRBF:
    cost: 249.001
    lifetime: 23.1384
    annual_cost: 10.76137503025274
    efficiency: 0.795908
    discharge_ratio: 0.5
    depth_of_discharge: 1.0
