cost_values:
  wind_capex: 5000.0
  wind_opex: 100
  wind_lifetime: 20
  solar_capex: 1000.0
  solar_opex: 10
  solar_lifetime: 20
  carbon_price: 1.0
timeseries_values:
  load_level: 237360.06695273507
  wind_year: 2017
  solar_year: 2011
  price_year: 2023
  carbon_year: 2023
storage_values:
  CAES:
    cost: 55.1086
    lifetime: 27.5626
    annual_cost: 1.9993977346113938
    efficiency: 0.631257
    discharge_ratio: 0.1
    depth_of_discharge: 0.4
  Li-ion:
    cost: 136.464
    lifetime: 23.0165
    annual_cost: 5.928964004084026
    efficiency: 0.924086
    discharge_ratio: 2
    depth_of_discharge: 0.9
  Pb-acid:
    cost: 179.775
    lifetime: 14.7128
    annual_cost: 12.218952204882823
    efficiency: 0.712121
    discharge_ratio: 5
    depth_of_discharge: 0.5
  VRBF:
    cost: 253.778
    lifetime: 21.049
    annual_cost: 12.056534752244762
    efficiency: 0.801735
    discharge_ratio: 0.5
    depth_of_discharge: 1.0
