cost_values:
  wind_capex: 5000.0
  wind_opex: 100
  wind_lifetime: 20
  solar_capex: 1000.0
  solar_opex: 10
  solar_lifetime: 20
  carbon_price: 1.0
timeseries_values:
  load_level: 237360.06695273507
  wind_year: 2017
  solar_year: 2011
  price_year: 2023
  carbon_year: 2023
storage_values:
  CAES:
    cost: 48.7452
    lifetime: 28.0548
    annual_cost: 1.7374994653321356
    efficiency: 0.629581
    discharge_ratio: 0.1
    depth_of_discharge: 0.4
  Li-ion:
    cost: 159.303
    lifetime: 24.4163
    annual_cost: 6.524452926938152
    efficiency: 0.915979
    discharge_ratio: 2
    depth_of_discharge: 0.9
  Pb-acid:
    cost: 158.867
    lifetime: 15.5685
    annual_cost: 10.204387063622056
    efficiency: 0.701732
    discharge_ratio: 5
    depth_of_discharge: 0.5
  VRBF:
    cost: 265.259
    lifetime: 21.5666
    annual_cost: 12.299527973811356
    efficiency: 0.786867
    discharge_ratio: 0.5
    depth_of_discharge: 1.0
