cost_values:
  wind_capex: 5000.0
  wind_opex: 100
  wind_lifetime: 20
  solar_capex: 1000.0
  solar_opex: 10
  solar_lifetime: 20
  carbon_price: 1.0
timeseries_values:
  load_level: 237360.06695273507
  wind_year: 2017
  solar_year: 2011
  price_year: 2023
  carbon_year: 2023
storage_values:
  CAES:
    cost: 46.4679
    lifetime: 26.6083
    annual_cost: 1.7463686143045591
    efficiency: 0.638528
    discharge_ratio: 0.1
    depth_of_discharge: 0.4
  Li-ion:
    cost: 133.845
    lifetime: 20.7568
    annual_cost: 6.448248284899407
    efficiency: 0.910325
    discharge_ratio: 2
    depth_of_discharge: 0.9
  Pb-acid:
    cost: 179.526
    lifetime: 14.4748
    annual_cost: 12.402658413242325
    efficiency: 0.697272
    discharge_ratio: 5
    depth_of_discharge: 0.5
  VRBF:
    cost: 228.549
    lifetime: 20.7595
    annual_cost: 11.00936920446061
    efficiency: 0.801983
    discharge_ratio: 0.5
    depth_of_discharge: 1.0
