cost_values:
  wind_capex: 5000.0
  wind_opex: 100
  wind_lifetime: 20
  solar_capex: 1000.0
  solar_opex: 10
  solar_lifetime: 20
  carbon_price: 1.0
timeseries_values:
  load_level: 237360.06695273507
  wind_year: 2017
  solar_year: 2011
  price_year: 2023
  carbon_year: 2023
storage_values:
  CAES:
    cost: 47.47
    lifetime: 26.6755
    annual_cost: 1.7795355288560664
    efficiency: 0.628238
    discharge_ratio: 0.1
    depth_of_discharge: 0.4
  Li-ion:
    cost: 131.001
    lifetime: 18.4731
    annual_cost: 7.091446481640873
    efficiency: 0.915477
    discharge_ratio: 2
    depth_of_discharge: 0.9
  Pb-acid:
    cost: 188.0
    lifetime: 15.0705
    annual_cost: 12.474702232838991
    efficiency: 0.699394
    discharge_ratio: 5
    depth_of_discharge: 0.5
  VRBF:
    cost: 228.761
    lifetime: 19.2587
    annual_cost: 11.878319928136374
    efficiency: 0.800923
    discharge_ratio: 0.5
    depth_of_discharge: 1.0
