cost_values:
  wind_capex: 5000.0
  wind_opex: 100
  wind_lifetime: 20
  solar_capex: 1000.0
  solar_opex: 10
  solar_lifetime: 20
  carbon_price: 1.0
timeseries_values:
  load_level: 237360.06695273507
  wind_year: 2017
  solar_year: 2011
  price_year: 2023
  carbon_year: 2023
storage_values:
  CAES:
    cost: 42.4141
    lifetime: 27.5448
    annual_cost: 1.5398223984200285
    efficiency: 0.622637
    discharge_ratio: 0.1
    depth_of_discharge: 0.4
  Li-ion:
    cost: 143.151
    lifetime: 21.4357
    annual_cost: 6.678158399305831
    efficiency: 0.912467
    discharge_ratio: 2
    depth_of_discharge: 0.9
  Pb-acid:
    cost: 179.201
    lifetime: 14.5536
    annual_cost: 12.31317337291117
    efficiency: 0.694669
    discharge_ratio: 5
    depth_of_discharge: 0.5
  VRBF:
    cost: 248.638
    lifetime: 20.3281
    annual_cost: 12.231246402762679
    efficiency: 0.779713
    discharge_ratio: 0.5
    depth_of_discharge: 1.0
