cost_values:
  wind_capex: 5000.0
  wind_opex: 100
  wind_lifetime: 20
  solar_capex: 1000.0
  solar_opex: 10
  solar_lifetime: 20
  carbon_price: 1.0
timeseries_values:
  load_level: 237360.06695273507
  wind_year: 2017
  solar_year: 2011
  price_year: 2023
  carbon_year: 2023
storage_values:
  CAES:
    cost: 46.4392
    lifetime: 27.1781
    annual_cost: 1.7086992836143806
    efficiency: 0.634019
    discharge_ratio: 0.1
    depth_of_discharge: 0.4
  Li-ion:
    cost: 145.25
    lifetime: 22.4801
    annual_cost: 6.461270190079226
    efficiency: 0.927147
    discharge_ratio: 2
    depth_of_discharge: 0.9
  Pb-acid:
    cost: 142.514
    lifetime: 15.133
    annual_cost: 9.41743210202868
    efficiency: 0.716083
    discharge_ratio: 5
    depth_of_discharge: 0.5
  VRBF:
    cost: 249.035
    lifetime: 20.0029
    annual_cost: 12.449944758010089
    efficiency: 0.796648
    discharge_ratio: 0.5
    depth_of_discharge: 1.0
