cost_values:
  wind_capex: 5000.0
  wind_opex: 100
  wind_lifetime: 20
  solar_capex: 1000.0
  solar_opex: 10
  solar_lifetime: 20
  carbon_price: 1.0
timeseries_values:
  load_level: 237360.06695273507
  wind_year: 2017
  solar_year: 2011
  price_year: 2023
  carbon_year: 2023
storage_values:
  CAES:
    cost: 44.5938
    lifetime: 28.5014
    annual_cost: 1.5646178784200075
    efficiency: 0.62476
    discharge_ratio: 0.1
    depth_of_discharge: 0.4
  Li-ion:
    cost: 143.509
    lifetime: 24.3142
    annual_cost: 5.902271100838193
    efficiency: 0.929655
    discharge_ratio: 2
    depth_of_discharge: 0.9
  Pb-acid:
    cost: 177.131
    lifetime: 14.0012
    annual_cost: 12.651129903151158
    efficiency: 0.725055
    discharge_ratio: 5
    depth_of_discharge: 0.5
  VRBF:
    cost: 250.614
    lifetime: 22.112
    annual_cost: 11.333845875542693
    efficiency: 0.795207
    discharge_ratio: 0.5
    depth_of_discharge: 1.0
