cost_values:
  wind_capex: 5000.0
  wind_opex: 100
  wind_lifetime: 20
  solar_capex: 1000.0
  solar_opex: 10
  solar_lifetime: 20
  carbon_price: 1.0
timeseries_values:
  load_level: 237360.06695273507
  wind_year: 2017
  solar_year: 2011
  price_year: 2023
  carbon_year: 2023
storage_values:
  CAES:
    cost: 47.2661
    lifetime: 27.1352
    annual_cost: 1.741874023408709
    efficiency: 0.636349
    discharge_ratio: 0.1
    depth_of_discharge: 0.4
  Li-ion:
    cost: 138.752
    lifetime: 22.9291
    annual_cost: 6.051349595056065
    efficiency: 0.915948
    discharge_ratio: 2
    depth_of_discharge: 0.9
  Pb-acid:
    cost: 187.423
    lifetime: 14.3577
    annual_cost: 13.053831741852804
    efficiency: 0.711424
    discharge_ratio: 5
    depth_of_discharge: 0.5
  VRBF:
    cost: 266.446
    lifetime: 19.8133
    annual_cost: 13.44783554481081
    efficiency: 0.791103
    discharge_ratio: 0.5
    depth_of_discharge: 1.0
