cost_values:
  wind_capex: 5000.0
  wind_opex: 100
  wind_lifetime: 20
  solar_capex: 1000.0
  solar_opex: 10
  solar_lifetime: 20
  carbon_price: 1.0
timeseries_values:
  load_level: 237360.06695273507
  wind_year: 2017
  solar_year: 2011
  price_year: 2023
  carbon_year: 2023
storage_values:
  CAES:
    cost: 48.138
    lifetime: 28.0317
    annual_cost: 1.7172700906473741
    efficiency: 0.633605
    discharge_ratio: 0.1
    depth_of_discharge: 0.4
  Li-ion:
    cost: 166.492
    lifetime: 20.3967
    annual_cost: 8.162692984649478
    efficiency: 0.913625
    discharge_ratio: 2
    depth_of_discharge: 0.9
  Pb-acid:
    cost: 184.929
    lifetime: 17.0551
    annual_cost: 10.843032289461803
    efficiency: 0.71147
    discharge_ratio: 5
    depth_of_discharge: 0.5
  VRBF:
    cost: 233.372
    lifetime: 20.969
    annual_cost: 11.129381467881158
    efficiency: 0.813361
    discharge_ratio: 0.5
    depth_of_discharge: 1.0
