cost_values:
  wind_capex: 5000.0
  wind_opex: 100
  wind_lifetime: 20
  solar_capex: 1000.0
  solar_opex: 10
  solar_lifetime: 20
  carbon_price: 1.0
timeseries_values:
  load_level: 237360.06695273507
  wind_year: 2017
  solar_year: 2011
  price_year: 2023
  carbon_year: 2023
storage_values:
  CAES:
    cost: 49.7389
    lifetime: 27.822
    annual_cost: 1.787754295162102
    efficiency: 0.624569
    discharge_ratio: 0.1
    depth_of_discharge: 0.4
  Li-ion:
    cost: 109.194
    lifetime: 20.1961
    annual_cost: 5.406687429751289
    efficiency: 0.914989
    discharge_ratio: 2
    depth_of_discharge: 0.9
  Pb-acid:
    cost: 169.896
    lifetime: 14.1805
    annual_cost: 11.980959768696447
    efficiency: 0.708263
    discharge_ratio: 5
    depth_of_discharge: 0.5
  VRBF:
    cost: 256.815
    lifetime: 20.0142
    annual_cost: 12.83163953592949
    efficiency: 0.799188
    discharge_ratio: 0.5
    depth_of_discharge: 1.0
