cost_values:
  wind_capex: 5000.0
  wind_opex: 100
  wind_lifetime: 20
  solar_capex: 1000.0
  solar_opex: 10
  solar_lifetime: 20
  carbon_price: 1.0
timeseries_values:
  load_level: 237360.06695273507
  wind_year: 2017
  solar_year: 2011
  price_year: 2023
  carbon_year: 2023
storage_values:
  CAES:
    cost: 42.1801
    lifetime: 26.5529
    annual_cost: 1.5885308196091577
    efficiency: 0.632526
    discharge_ratio: 0.1
    depth_of_discharge: 0.4
  Li-ion:
    cost: 129.525
    lifetime: 22.2732
    annual_cost: 5.81528473681375
    efficiency: 0.925812
    discharge_ratio: 2
    depth_of_discharge: 0.9
  Pb-acid:
    cost: 180.141
    lifetime: 15.5637
    annual_cost: 11.574432814819097
    efficiency: 0.706359
    discharge_ratio: 5
    depth_of_discharge: 0.5
  VRBF:
    cost: 270.077
    lifetime: 21.202
    annual_cost: 12.738279407603056
    efficiency: 0.798637
    discharge_ratio: 0.5
    depth_of_discharge: 1.0
