cost_values:
  wind_capex: 5000.0
  wind_opex: 100
  wind_lifetime: 20
  solar_capex: 1000.0
  solar_opex: 10
  solar_lifetime: 20
  carbon_price: 1.0
timeseries_values:
  load_level: 237360.06695273507
  wind_year: 2017
  solar_year: 2011
  price_year: 2023
  carbon_year: 2023
storage_values:
  CAES:
    cost: 48.3255
    lifetime: 27.4075
    annual_cost: 1.7632217458724802
    efficiency: 0.633625
    discharge_ratio: 0.1
    depth_of_discharge: 0.4
  Li-ion:
    cost: 123.305
    lifetime: 23.5082
    annual_cost: 5.24519103972231
    efficiency: 0.925975
    discharge_ratio: 2
    depth_of_discharge: 0.9
  Pb-acid:
    cost: 176.973
    lifetime: 13.9113
    annual_cost: 12.721528541545363
    efficiency: 0.705573
    discharge_ratio: 5
    depth_of_discharge: 0.5
  VRBF:
    cost: 274.909
    lifetime: 19.6669
    annual_cost: 13.97825788507594
    efficiency: 0.80384
    discharge_ratio: 0.5
    depth_of_discharge: 1.0
