cost_values:
  wind_capex: 5000.0
  wind_opex: 100
  wind_lifetime: 20
  solar_capex: 1000.0
  solar_opex: 10
  solar_lifetime: 20
  carbon_price: 1.0
timeseries_values:
  load_level: 237360.06695273507
  wind_year: 2017
  solar_year: 2011
  price_year: 2023
  carbon_year: 2023
storage_values:
  CAES:
    cost: 48.2252
    lifetime: 26.7605
    annual_cost: 1.8021038470880588
    efficiency: 0.628396
    discharge_ratio: 0.1
    depth_of_discharge: 0.4
  Li-ion:
    cost: 125.132
    lifetime: 22.1888
    annual_cost: 5.639421690222094
    efficiency: 0.915707
    discharge_ratio: 2
    depth_of_discharge: 0.9
  Pb-acid:
    cost: 184.665
    lifetime: 16.2075
    annual_cost: 11.39379916705229
    efficiency: 0.711996
    discharge_ratio: 5
    depth_of_discharge: 0.5
  VRBF:
    cost: 223.844
    lifetime: 19.6702
    annual_cost: 11.379853788980284
    efficiency: 0.793569
    discharge_ratio: 0.5
    depth_of_discharge: 1.0
