cost_values:
  wind_capex: 5000.0
  wind_opex: 100
  wind_lifetime: 20
  solar_capex: 1000.0
  solar_opex: 10
  solar_lifetime: 20
  carbon_price: 1.0
timeseries_values:
  load_level: 237360.06695273507
  wind_year: 2017
  solar_year: 2011
  price_year: 2023
  carbon_year: 2023
storage_values:
  CAES:
    cost: 42.6067
    lifetime: 26.9003
    annual_cost: 1.5838745292803424
    efficiency: 0.623591
    discharge_ratio: 0.1
    depth_of_discharge: 0.4
  Li-ion:
    cost: 107.657
    lifetime: 22.622
    annual_cost: 4.7589514631774374
    efficiency: 0.928116
    discharge_ratio: 2
    depth_of_discharge: 0.9
  Pb-acid:
    cost: 185.028
    lifetime: 14.8113
    annual_cost: 12.492353810941646
    efficiency: 0.711288
    discharge_ratio: 5
    depth_of_discharge: 0.5
  VRBF:
    cost: 242.393
    lifetime: 19.2398
    annual_cost: 12.598519735132383
    efficiency: 0.795038
    discharge_ratio: 0.5
    depth_of_discharge: 1.0
