cost_values:
  wind_capex: 5000.0
  wind_opex: 100
  wind_lifetime: 20
  solar_capex: 1000.0
  solar_opex: 10
  solar_lifetime: 20
  carbon_price: 1.0
timeseries_values:
  load_level: 237360.06695273507
  wind_year: 2017
  solar_year: 2011
  price_year: 2023
  carbon_year: 2023
storage_values:
  CAES:
    cost: 44.4114
    lifetime: 26.6801
    annual_cost: 1.6645889633097328
    efficiency: 0.623364
    discharge_ratio: 0.1
    depth_of_discharge: 0.4
  Li-ion:
    cost: 142.7
    lifetime: 22.7307
    annual_cost: 6.277853299722402
    efficiency: 0.940048
    discharge_ratio: 2
    depth_of_discharge: 0.9
  Pb-acid:
    cost: 195.214
    lifetime: 13.698
    annual_cost: 14.251277558767702
    efficiency: 0.698741
    discharge_ratio: 5
    depth_of_discharge: 0.5
  VRBF:
    cost: 260.341
    lifetime: 21.6415
    annual_cost: 12.02971143405032
    efficiency: 0.789925
    discharge_ratio: 0.5
    depth_of_discharge: 1.0
