cost_values:
  wind_capex: 5000.0
  wind_opex: 100
  wind_lifetime: 20
  solar_capex: 1000.0
  solar_opex: 10
  solar_lifetime: 20
  carbon_price: 1.0
timeseries_values:
  load_level: 237360.06695273507
  wind_year: 2017
  solar_year: 2011
  price_year: 2023
  carbon_year: 2023
storage_values:
  CAES:
    cost: 45.7395
    lifetime: 26.7097
    annual_cost: 1.7124677551601102
    efficiency: 0.633617
    discharge_ratio: 0.1
    depth_of_discharge: 0.4
  Li-ion:
    cost: 127.354
    lifetime: 22.0835
    annual_cost: 5.7669300609052
    efficiency: 0.934481
    discharge_ratio: 2
    depth_of_discharge: 0.9
  Pb-acid:
    cost: 174.024
    lifetime: 15.078
    annual_cost: 11.54158376442499
    efficiency: 0.704264
    discharge_ratio: 5
    depth_of_discharge: 0.5
  VRBF:
    cost: 252.453
    lifetime: 23.5778
    annual_cost: 10.707233075180891
    efficiency: 0.799113
    discharge_ratio: 0.5
    depth_of_discharge: 1.0
