cost_values:
  wind_capex: 5000.0
  wind_opex: 100
  wind_lifetime: 20
  solar_capex: 1000.0
  solar_opex: 10
  solar_lifetime: 20
  carbon_price: 1.0
timeseries_values:
  load_level: 237360.06695273507
  wind_year: 2017
  solar_year: 2011
  price_year: 2023
  carbon_year: 2023
storage_values:
  CAES:
    cost: 52.0173
    lifetime: 27.6257
    annual_cost: 1.8829314732296376
    efficiency: 0.635973
    discharge_ratio: 0.1
    depth_of_discharge: 0.4
  Li-ion:
    cost: 145.464
    lifetime: 19.6512
    annual_cost: 7.402296042989741
    efficiency: 0.916614
    discharge_ratio: 2
    depth_of_discharge: 0.9
  Pb-acid:
    cost: 170.523
    lifetime: 13.964
    annual_cost: 12.211615582927527
    efficiency: 0.719135
    discharge_ratio: 5
    depth_of_discharge: 0.5
  VRBF:
    cost: 229.882
    lifetime: 19.8427
    annual_cost: 11.58521773750548
    efficiency: 0.810211
    discharge_ratio: 0.5
    depth_of_discharge: 1.0
