cost_values:
  wind_capex: 5000.0
  wind_opex: 100
  wind_lifetime: 20
  solar_capex: 1000.0
  solar_opex: 10
  solar_lifetime: 20
  carbon_price: 1.0
timeseries_values:
  load_level: 237360.06695273507
  wind_year: 2017
  solar_year: 2011
  price_year: 2023
  carbon_year: 2023
storage_values:
  CAES:
    cost: 50.358
    lifetime: 27.4348
    annual_cost: 1.8355519267499671
    efficiency: 0.608038
    discharge_ratio: 0.1
    depth_of_discharge: 0.4
  Li-ion:
    cost: 134.469
    lifetime: 21.5839
    annual_cost: 6.230060369071391
    efficiency: 0.921979
    discharge_ratio: 2
    depth_of_discharge: 0.9
  Pb-acid:
    cost: 166.676
    lifetime: 15.0328
    annual_cost: 11.087488691394816
    efficiency: 0.717621
    discharge_ratio: 5
    depth_of_discharge: 0.5
  VRBF:
    cost: 238.162
    lifetime: 22.0031
    annual_cost: 10.824020251691808
    efficiency: 0.81379
    discharge_ratio: 0.5
    depth_of_discharge: 1.0
