cost_values:
  wind_capex: 5000.0
  wind_opex: 100
  wind_lifetime: 20
  solar_capex: 1000.0
  solar_opex: 10
  solar_lifetime: 20
  carbon_price: 1.0
timeseries_values:
  load_level: 237360.06695273507
  wind_year: 2017
  solar_year: 2011
  price_year: 2023
  carbon_year: 2023
storage_values:
  CAES:
    cost: 48.8742
    lifetime: 27.7581
    annual_cost: 1.7607184929804274
    efficiency: 0.629667
    discharge_ratio: 0.1
    depth_of_discharge: 0.4
  Li-ion:
    cost: 121.905
    lifetime: 23.8227
    annual_cost: 5.1171781536097924
    efficiency: 0.917449
    discharge_ratio: 2
    depth_of_discharge: 0.9
  Pb-acid:
    cost: 175.391
    lifetime: 14.6958
    annual_cost: 11.934770478640155
    efficiency: 0.707248
    discharge_ratio: 5
    depth_of_discharge: 0.5
  VRBF:
    cost: 265.472
    lifetime: 20.8571
    annual_cost: 12.728135742744676
    efficiency: 0.78608
    discharge_ratio: 0.5
    depth_of_discharge: 1.0
