cost_values:
  wind_capex: 5000.0
  wind_opex: 100
  wind_lifetime: 20
  solar_capex: 1000.0
  solar_opex: 10
  solar_lifetime: 20
  carbon_price: 1.0
timeseries_values:
  load_level: 237360.06695273507
  wind_year: 2017
  solar_year: 2011
  price_year: 2023
  carbon_year: 2023
storage_values:
  CAES:
    cost: 47.8907
    lifetime: 26.6438
    annual_cost: 1.7974425569926213
    efficiency: 0.622861
    discharge_ratio: 0.1
    depth_of_discharge: 0.4
  Li-ion:
    cost: 131.013
    lifetime: 19.7394
    annual_cost: 6.6371318277151286
    efficiency: 0.918141
    discharge_ratio: 2
    depth_of_discharge: 0.9
  Pb-acid:
    cost: 168.065
    lifetime: 15.3069
    annual_cost: 10.979688898470624
    efficiency: 0.722629
    discharge_ratio: 5
    depth_of_discharge: 0.5
  VRBF:
    cost: 259.765
    lifetime: 20.1036
    annual_cost: 12.921317574961698
    efficiency: 0.824827
    discharge_ratio: 0.5
    depth_of_discharge: 1.0
