cost_values:
  wind_capex: 5000.0
  wind_opex: 100
  wind_lifetime: 20
  solar_capex: 1000.0
  solar_opex: 10
  solar_lifetime: 20
  carbon_price: 1.0
timeseries_values:
  load_level: 237360.06695273507
  wind_year: 2017
  solar_year: 2011
  price_year: 2023
  carbon_year: 2023
storage_values:
  CAES:
    cost: 42.0451
    lifetime: 27.8901
    annual_cost: 1.5075277607466449
    efficiency: 0.629036
    discharge_ratio: 0.1
    depth_of_discharge: 0.4
  Li-ion:
    cost: 133.55
    lifetime: 22.3319
    annual_cost: 5.980234552366794
    efficiency: 0.928413
    discharge_ratio: 2
    depth_of_discharge: 0.9
  Pb-acid:
    cost: 153.407
    lifetime: 15.4201
    annual_cost: 9.948508764534601
    efficiency: 0.716012
    discharge_ratio: 5
    depth_of_discharge: 0.5
  VRBF:
    cost: 252.912
    lifetime: 23.3733
    annual_cost: 10.820551655093633
    efficiency: 0.804589
    discharge_ratio: 0.5
    depth_of_discharge: 1.0
