cost_values:
  wind_capex: 5000.0
  wind_opex: 100
  wind_lifetime: 20
  solar_capex: 1000.0
  solar_opex: 10
  solar_lifetime: 20
  carbon_price: 1.0
timeseries_values:
  load_level: 237360.06695273507
  wind_year: 2017
  solar_year: 2011
  price_year: 2023
  carbon_year: 2023
storage_values:
  CAES:
    cost: 42.1309
    lifetime: 28.3573
    annual_cost: 1.4857162000613597
    efficiency: 0.634763
    discharge_ratio: 0.1
    depth_of_discharge: 0.4
  Li-ion:
    cost: 130.358
    lifetime: 19.468
    annual_cost: 6.696013971645778
    efficiency: 0.930495
    discharge_ratio: 2
    depth_of_discharge: 0.9
  Pb-acid:
    cost: 184.258
    lifetime: 14.2152
    annual_cost: 12.96204063256233
    efficiency: 0.719151
    discharge_ratio: 5
    depth_of_discharge: 0.5
  VRBF:
    cost: 238.314
    lifetime: 19.6979
    annual_cost: 12.098447042578142
    efficiency: 0.795496
    discharge_ratio: 0.5
    depth_of_discharge: 1.0
