cost_values:
  wind_capex: 5000.0
  wind_opex: 100
  wind_lifetime: 20
  solar_capex: 1000.0
  solar_opex: 10
  solar_lifetime: 20
  carbon_price: 1.0
timeseries_values:
  load_level: 237360.06695273507
  wind_year: 2017
  solar_year: 2011
  price_year: 2023
  carbon_year: 2023
storage_values:
  CAES:
    cost: 38.635
    lifetime: 27.1056
    annual_cost: 1.4253512189363085
    efficiency: 0.625773
    discharge_ratio: 0.1
    depth_of_discharge: 0.4
  Li-ion:
    cost: 139.486
    lifetime: 20.7434
    annual_cost: 6.724355698680061
    efficiency: 0.923107
    discharge_ratio: 2
    depth_of_discharge: 0.9
  Pb-acid:
    cost: 192.799
    lifetime: 13.61
    annual_cost: 14.165980896399708
    efficiency: 0.714648
    discharge_ratio: 5
    depth_of_discharge: 0.5
  VRBF:
    cost: 252.513
    lifetime: 19.7188
    annual_cost: 12.805698115503985
    efficiency: 0.81246
    discharge_ratio: 0.5
    depth_of_discharge: 1.0
