cost_values:
  wind_capex: 5000.0
  wind_opex: 100
  wind_lifetime: 20
  solar_capex: 1000.0
  solar_opex: 10
  solar_lifetime: 20
  carbon_price: 1.0
timeseries_values:
  load_level: 237360.06695273507
  wind_year: 2017
  solar_year: 2011
  price_year: 2023
  carbon_year: 2023
storage_values:
  CAES:
    cost: 44.0749
    lifetime: 26.1544
    annual_cost: 1.6851810785183372
    efficiency: 0.628627
    discharge_ratio: 0.1
    depth_of_discharge: 0.4
  Li-ion:
    cost: 125.023
    lifetime: 22.1501
    annual_cost: 5.644353750095936
    efficiency: 0.938327
    discharge_ratio: 2
    depth_of_discharge: 0.9
  Pb-acid:
    cost: 168.243
    lifetime: 14.7632
    annual_cost: 11.396106535168528
    efficiency: 0.702895
    discharge_ratio: 5
    depth_of_discharge: 0.5
  VRBF:
    cost: 229.39
    lifetime: 19.6165
    annual_cost: 11.69372721943262
    efficiency: 0.781012
    discharge_ratio: 0.5
    depth_of_discharge: 1.0
