cost_values:
  wind_capex: 5000.0
  wind_opex: 100
  wind_lifetime: 20
  solar_capex: 1000.0
  solar_opex: 10
  solar_lifetime: 20
  carbon_price: 1.0
timeseries_values:
  load_level: 237360.06695273507
  wind_year: 2017
  solar_year: 2011
  price_year: 2023
  carbon_year: 2023
storage_values:
  CAES:
    cost: 45.5721
    lifetime: 26.6347
    annual_cost: 1.711004817024408
    efficiency: 0.620255
    discharge_ratio: 0.1
    depth_of_discharge: 0.4
  Li-ion:
    cost: 145.621
    lifetime: 20.3579
    annual_cost: 7.153046237578533
    efficiency: 0.923611
    discharge_ratio: 2
    depth_of_discharge: 0.9
  Pb-acid:
    cost: 187.949
    lifetime: 14.7193
    annual_cost: 12.768881672362138
    efficiency: 0.705715
    discharge_ratio: 5
    depth_of_discharge: 0.5
  VRBF:
    cost: 262.679
    lifetime: 22.7504
    annual_cost: 11.546126661509248
    efficiency: 0.799205
    discharge_ratio: 0.5
    depth_of_discharge: 1.0
