cost_values:
  wind_capex: 5000.0
  wind_opex: 100
  wind_lifetime: 20
  solar_capex: 1000.0
  solar_opex: 10
  solar_lifetime: 20
  carbon_price: 1.0
timeseries_values:
  load_level: 237360.06695273507
  wind_year: 2017
  solar_year: 2011
  price_year: 2023
  carbon_year: 2023
storage_values:
  CAES:
    cost: 51.1567
    lifetime: 28.082
    annual_cost: 1.821690050566199
    efficiency: 0.625044
    discharge_ratio: 0.1
    depth_of_discharge: 0.4
  Li-ion:
    cost: 131.497
    lifetime: 21.1987
    annual_cost: 6.203069056121367
    efficiency: 0.923902
    discharge_ratio: 2
    depth_of_discharge: 0.9
  Pb-acid:
    cost: 186.173
    lifetime: 14.9163
    annual_cost: 12.481178308293613
    efficiency: 0.706486
    discharge_ratio: 5
    depth_of_discharge: 0.5
  VRBF:
    cost: 250.255
    lifetime: 21.2266
    annual_cost: 11.789688409825407
    efficiency: 0.795766
    discharge_ratio: 0.5
    depth_of_discharge: 1.0
