cost_values:
  wind_capex: 5000.0
  wind_opex: 100
  wind_lifetime: 20
  solar_capex: 1000.0
  solar_opex: 10
  solar_lifetime: 20
  carbon_price: 1.0
timeseries_values:
  load_level: 237360.06695273507
  wind_year: 2017
  solar_year: 2011
  price_year: 2023
  carbon_year: 2023
storage_values:
  CAES:
    cost: 47.1079
    lifetime: 28.5944
    annual_cost: 1.6474519486332988
    efficiency: 0.634378
    discharge_ratio: 0.1
    depth_of_discharge: 0.4
  Li-ion:
    cost: 147.917
    lifetime: 22.821
    annual_cost: 6.481617808159151
    efficiency: 0.916478
    discharge_ratio: 2
    depth_of_discharge: 0.9
  Pb-acid:
    cost: 175.128
    lifetime: 13.6841
    annual_cost: 12.79791875242069
    efficiency: 0.71246
    discharge_ratio: 5
    depth_of_discharge: 0.5
  VRBF:
    cost: 219.043
    lifetime: 22.4997
    annual_cost: 9.735374249434438
    efficiency: 0.816727
    discharge_ratio: 0.5
    depth_of_discharge: 1.0
