cost_values:
  wind_capex: 5000.0
  wind_opex: 100
  wind_lifetime: 20
  solar_capex: 1000.0
  solar_opex: 10
  solar_lifetime: 20
  carbon_price: 1.0
timeseries_values:
  load_level: 237360.06695273507
  wind_year: 2017
  solar_year: 2011
  price_year: 2023
  carbon_year: 2023
storage_values:
  CAES:
    cost: 50.8799
    lifetime: 27.2916
    annual_cost: 1.8643062334198068
    efficiency: 0.630538
    discharge_ratio: 0.1
    depth_of_discharge: 0.4
  Li-ion:
    cost: 137.155
    lifetime: 20.8479
    annual_cost: 6.578840075019547
    efficiency: 0.91919
    discharge_ratio: 2
    depth_of_discharge: 0.9
  Pb-acid:
    cost: 156.197
    lifetime: 15.6793
    annual_cost: 9.9619880989585
    efficiency: 0.706281
    discharge_ratio: 5
    depth_of_discharge: 0.5
  VRBF:
    cost: 266.12
    lifetime: 21.583
    annual_cost: 12.330074595746654
    efficiency: 0.802792
    discharge_ratio: 0.5
    depth_of_discharge: 1.0
