cost_values:
  wind_capex: 5000.0
  wind_opex: 100
  wind_lifetime: 20
  solar_capex: 1000.0
  solar_opex: 10
  solar_lifetime: 20
  carbon_price: 1.0
timeseries_values:
  load_level: 237360.06695273507
  wind_year: 2017
  solar_year: 2011
  price_year: 2023
  carbon_year: 2023
storage_values:
  CAES:
    cost: 45.9686
    lifetime: 28.3054
    annual_cost: 1.6240222713687142
    efficiency: 0.614938
    discharge_ratio: 0.1
    depth_of_discharge: 0.4
  Li-ion:
    cost: 133.822
    lifetime: 22.2908
    annual_cost: 6.003463312218494
    efficiency: 0.925767
    discharge_ratio: 2
    depth_of_discharge: 0.9
  Pb-acid:
    cost: 193.106
    lifetime: 15.606
    annual_cost: 12.373830577982828
    efficiency: 0.723081
    discharge_ratio: 5
    depth_of_discharge: 0.5
  VRBF:
    cost: 234.895
    lifetime: 23.627
    annual_cost: 9.941803868455581
    efficiency: 0.775582
    discharge_ratio: 0.5
    depth_of_discharge: 1.0
