cost_values:
  wind_capex: 5000.0
  wind_opex: 100
  wind_lifetime: 20
  solar_capex: 1000.0
  solar_opex: 10
  solar_lifetime: 20
  carbon_price: 1.0
timeseries_values:
  load_level: 237360.06695273507
  wind_year: 2017
  solar_year: 2011
  price_year: 2023
  carbon_year: 2023
storage_values:
  CAES:
    cost: 43.2173
    lifetime: 28.2191
    annual_cost: 1.53149108228115
    efficiency: 0.626424
    discharge_ratio: 0.1
    depth_of_discharge: 0.4
  Li-ion:
    cost: 138.639
    lifetime: 22.5268
    annual_cost: 6.154402755828613
    efficiency: 0.914941
    discharge_ratio: 2
    depth_of_discharge: 0.9
  Pb-acid:
    cost: 177.932
    lifetime: 15.1239
    annual_cost: 11.764954806630563
    efficiency: 0.720172
    discharge_ratio: 5
    depth_of_discharge: 0.5
  VRBF:
    cost: 261.829
    lifetime: 21.6443
    annual_cost: 12.096903110749713
    efficiency: 0.787775
    discharge_ratio: 0.5
    depth_of_discharge: 1.0
