cost_values:
  wind_capex: 5000.0
  wind_opex: 100
  wind_lifetime: 20
  solar_capex: 1000.0
  solar_opex: 10
  solar_lifetime: 20
  carbon_price: 1.0
timeseries_values:
  load_level: 237360.06695273507
  wind_year: 2017
  solar_year: 2011
  price_year: 2023
  carbon_year: 2023
storage_values:
  CAES:
    cost: 45.0671
    lifetime: 27.4259
    annual_cost: 1.6432313980580402
    efficiency: 0.618154
    discharge_ratio: 0.1
    depth_of_discharge: 0.4
  Li-ion:
    cost: 138.091
    lifetime: 22.3441
    annual_cost: 6.180199694774012
    efficiency: 0.909852
    discharge_ratio: 2
    depth_of_discharge: 0.9
  Pb-acid:
    cost: 158.039
    lifetime: 13.8891
    annual_cost: 11.37863504474732
    efficiency: 0.695333
    discharge_ratio: 5
    depth_of_discharge: 0.5
  VRBF:
    cost: 277.162
    lifetime: 18.9686
    annual_cost: 14.611621311008719
    efficiency: 0.820445
    discharge_ratio: 0.5
    depth_of_discharge: 1.0
