cost_values:
  wind_capex: 5000.0
  wind_opex: 100
  wind_lifetime: 20
  solar_capex: 1000.0
  solar_opex: 10
  solar_lifetime: 20
  carbon_price: 1.0
timeseries_values:
  load_level: 237360.06695273507
  wind_year: 2017
  solar_year: 2011
  price_year: 2023
  carbon_year: 2023
storage_values:
  CAES:
    cost: 47.8735
    lifetime: 28.4399
    annual_cost: 1.6833216713138934
    efficiency: 0.619198
    discharge_ratio: 0.1
    depth_of_discharge: 0.4
  Li-ion:
    cost: 138.42
    lifetime: 20.8578
    annual_cost: 6.636366251474268
    efficiency: 0.926529
    discharge_ratio: 2
    depth_of_discharge: 0.9
  Pb-acid:
    cost: 167.398
    lifetime: 13.9193
    annual_cost: 12.026323162802727
    efficiency: 0.721859
    discharge_ratio: 5
    depth_of_discharge: 0.5
  VRBF:
    cost: 286.656
    lifetime: 20.6054
    annual_cost: 13.911693051336059
    efficiency: 0.797756
    discharge_ratio: 0.5
    depth_of_discharge: 1.0
