cost_values:
  wind_capex: 5000.0
  wind_opex: 100
  wind_lifetime: 20
  solar_capex: 1000.0
  solar_opex: 10
  solar_lifetime: 20
  carbon_price: 1.0
timeseries_values:
  load_level: 237360.06695273507
  wind_year: 2017
  solar_year: 2011
  price_year: 2023
  carbon_year: 2023
storage_values:
  CAES:
    cost: 43.234
    lifetime: 27.2325
    annual_cost: 1.5875883594969247
    efficiency: 0.629885
    discharge_ratio: 0.1
    depth_of_discharge: 0.4
  Li-ion:
    cost: 148.949
    lifetime: 20.7437
    annual_cost: 7.180445147201319
    efficiency: 0.914813
    discharge_ratio: 2
    depth_of_discharge: 0.9
  Pb-acid:
    cost: 206.578
    lifetime: 14.4215
    annual_cost: 14.324307457615365
    efficiency: 0.699758
    discharge_ratio: 5
    depth_of_discharge: 0.5
  VRBF:
    cost: 277.066
    lifetime: 21.309
    annual_cost: 13.00229949786475
    efficiency: 0.798127
    discharge_ratio: 0.5
    depth_of_discharge: 1.0
