cost_values:
  wind_capex: 5000.0
  wind_opex: 100
  wind_lifetime: 20
  solar_capex: 1000.0
  solar_opex: 10
  solar_lifetime: 20
  carbon_price: 1.0
timeseries_values:
  load_level: 237360.06695273507
  wind_year: 2017
  solar_year: 2011
  price_year: 2023
  carbon_year: 2023
storage_values:
  CAES:
    cost: 46.0063
    lifetime: 28.5749
    annual_cost: 1.61002488197684
    efficiency: 0.619435
    discharge_ratio: 0.1
    depth_of_discharge: 0.4
  Li-ion:
    cost: 133.296
    lifetime: 23.2057
    annual_cost: 5.744105973963293
    efficiency: 0.919123
    discharge_ratio: 2
    depth_of_discharge: 0.9
  Pb-acid:
    cost: 180.412
    lifetime: 12.4261
    annual_cost: 14.518795116730109
    efficiency: 0.706018
    discharge_ratio: 5
    depth_of_discharge: 0.5
  VRBF:
    cost: 293.013
    lifetime: 22.8909
    annual_cost: 12.800414138369396
    efficiency: 0.800117
    discharge_ratio: 0.5
    depth_of_discharge: 1.0
