cost_values:
  wind_capex: 5000.0
  wind_opex: 100
  wind_lifetime: 20
  solar_capex: 1000.0
  solar_opex: 10
  solar_lifetime: 20
  carbon_price: 1.0
timeseries_values:
  load_level: 237360.06695273507
  wind_year: 2017
  solar_year: 2011
  price_year: 2023
  carbon_year: 2023
storage_values:
  CAES:
    cost: 46.6135
    lifetime: 27.5384
    annual_cost: 1.6926727769224066
    efficiency: 0.641033
    discharge_ratio: 0.1
    depth_of_discharge: 0.4
  Li-ion:
    cost: 130.22
    lifetime: 24.1795
    annual_cost: 5.385553878285324
    efficiency: 0.913693
    discharge_ratio: 2
    depth_of_discharge: 0.9
  Pb-acid:
    cost: 187.217
    lifetime: 14.8103
    annual_cost: 12.640999844702675
    efficiency: 0.709489
    discharge_ratio: 5
    depth_of_discharge: 0.5
  VRBF:
    cost: 261.837
    lifetime: 22.9908
    annual_cost: 11.388772900464533
    efficiency: 0.786611
    discharge_ratio: 0.5
    depth_of_discharge: 1.0
