cost_values:
  wind_capex: 5000.0
  wind_opex: 100
  wind_lifetime: 20
  solar_capex: 1000.0
  solar_opex: 10
  solar_lifetime: 20
  carbon_price: 1.0
timeseries_values:
  load_level: 237360.06695273507
  wind_year: 2017
  solar_year: 2011
  price_year: 2023
  carbon_year: 2023
storage_values:
  CAES:
    cost: 46.1924
    lifetime: 26.6113
    annual_cost: 1.7358189941866802
    efficiency: 0.629363
    discharge_ratio: 0.1
    depth_of_discharge: 0.4
  Li-ion:
    cost: 130.765
    lifetime: 20.096
    annual_cost: 6.50701632165605
    efficiency: 0.919823
    discharge_ratio: 2
    depth_of_discharge: 0.9
  Pb-acid:
    cost: 159.283
    lifetime: 14.9717
    annual_cost: 10.638938797865304
    efficiency: 0.701779
    discharge_ratio: 5
    depth_of_discharge: 0.5
  VRBF:
    cost: 290.008
    lifetime: 23.025
    annual_cost: 12.595352877307274
    efficiency: 0.787279
    discharge_ratio: 0.5
    depth_of_discharge: 1.0
