cost_values:
  wind_capex: 5000.0
  wind_opex: 100
  wind_lifetime: 20
  solar_capex: 1000.0
  solar_opex: 10
  solar_lifetime: 20
  carbon_price: 1.0
timeseries_values:
  load_level: 237360.06695273507
  wind_year: 2017
  solar_year: 2011
  price_year: 2023
  carbon_year: 2023
storage_values:
  CAES:
    cost: 48.7366
    lifetime: 27.4169
    annual_cost: 1.7776116191108406
    efficiency: 0.634612
    discharge_ratio: 0.1
    depth_of_discharge: 0.4
  Li-ion:
    cost: 135.385
    lifetime: 20.1773
    annual_cost: 6.709767907500012
    efficiency: 0.927776
    discharge_ratio: 2
    depth_of_discharge: 0.9
  Pb-acid:
    cost: 169.567
    lifetime: 14.884
    annual_cost: 11.392569201827467
    efficiency: 0.705333
    discharge_ratio: 5
    depth_of_discharge: 0.5
  VRBF:
    cost: 245.619
    lifetime: 19.7699
    annual_cost: 12.423886817839241
    efficiency: 0.785085
    discharge_ratio: 0.5
    depth_of_discharge: 1.0
