cost_values:
  wind_capex: 5000.0
  wind_opex: 100
  wind_lifetime: 20
  solar_capex: 1000.0
  solar_opex: 10
  solar_lifetime: 20
  carbon_price: 1.0
timeseries_values:
  load_level: 237360.06695273507
  wind_year: 2017
  solar_year: 2011
  price_year: 2023
  carbon_year: 2023
storage_values:
  CAES:
    cost: 48.2383
    lifetime: 27.6246
    annual_cost: 1.7462080898908943
    efficiency: 0.630461
    discharge_ratio: 0.1
    depth_of_discharge: 0.4
  Li-ion:
    cost: 119.366
    lifetime: 23.1618
    annual_cost: 5.153571829477848
    efficiency: 0.914764
    discharge_ratio: 2
    depth_of_discharge: 0.9
  Pb-acid:
    cost: 190.623
    lifetime: 16.6788
    annual_cost: 11.429059644578746
    efficiency: 0.697054
    discharge_ratio: 5
    depth_of_discharge: 0.5
  VRBF:
    cost: 235.95
    lifetime: 20.2754
    annual_cost: 11.637254998668336
    efficiency: 0.801208
    discharge_ratio: 0.5
    depth_of_discharge: 1.0
