cost_values:
  wind_capex: 5000.0
  wind_opex: 100
  wind_lifetime: 20
  solar_capex: 1000.0
  solar_opex: 10
  solar_lifetime: 20
  carbon_price: 1.0
timeseries_values:
  load_level: 237360.06695273507
  wind_year: 2017
  solar_year: 2011
  price_year: 2023
  carbon_year: 2023
storage_values:
  CAES:
    cost: 45.2889
    lifetime: 27.3294
    annual_cost: 1.6571494434564973
    efficiency: 0.636699
    discharge_ratio: 0.1
    depth_of_discharge: 0.4
  Li-ion:
    cost: 146.407
    lifetime: 21.2181
    annual_cost: 6.900099443399739
    efficiency: 0.931574
    discharge_ratio: 2
    depth_of_discharge: 0.9
  Pb-acid:
    cost: 160.5
    lifetime: 14.0416
    annual_cost: 11.43032133090246
    efficiency: 0.715084
    discharge_ratio: 5
    depth_of_discharge: 0.5
  VRBF:
    cost: 265.975
    lifetime: 19.8622
    annual_cost: 13.391014087059842
    efficiency: 0.789936
    discharge_ratio: 0.5
    depth_of_discharge: 1.0
