cost_values:
  wind_capex: 5000.0
  wind_opex: 100
  wind_lifetime: 20
  solar_capex: 1000.0
  solar_opex: 10
  solar_lifetime: 20
  carbon_price: 1.0
timeseries_values:
  load_level: 246758.46858872188
  wind_year: 2012
  solar_year: 2013
  price_year: 2023
  carbon_year: 2023
storage_values:
  CAES:
    cost: 60.5112
    lifetime: 20.4586
    annual_cost: 2.957739043727332
    efficiency: 0.556644
    discharge_ratio: 0.1
    depth_of_discharge: 0.4
  Li-ion:
    cost: 165.275
    lifetime: 20.0699
    annual_cost: 8.234968784099571
    efficiency: 0.942055
    discharge_ratio: 2
    depth_of_discharge: 0.9
  Pb-acid:
    cost: 195.341
    lifetime: 10.2793
    annual_cost: 19.003336803089706
    efficiency: 0.731223
    discharge_ratio: 5
    depth_of_discharge: 0.5
  VRBF:
    cost: 375.68
    lifetime: 19.2076
    annual_cost: 19.558924592348863
    efficiency: 0.731306
    discharge_ratio: 0.5
    depth_of_discharge: 1.0
