cost_values:
  wind_capex: 5000.0
  wind_opex: 100
  wind_lifetime: 20
  solar_capex: 1000.0
  solar_opex: 10
  solar_lifetime: 20
  carbon_price: 1.0
timeseries_values:
  load_level: 246758.46858872188
  wind_year: 2012
  solar_year: 2013
  price_year: 2023
  carbon_year: 2023
storage_values:
  CAES:
    cost: 57.2822
    lifetime: 20.794
    annual_cost: 2.7547465615081275
    efficiency: 0.559293
    discharge_ratio: 0.1
    depth_of_discharge: 0.4
  Li-ion:
    cost: 118.387
    lifetime: 19.2705
    annual_cost: 6.143431670169431
    efficiency: 0.943003
    discharge_ratio: 2
    depth_of_discharge: 0.9
  Pb-acid:
    cost: 162.281
    lifetime: 11.4195
    annual_cost: 14.210867375979685
    efficiency: 0.722586
    discharge_ratio: 5
    depth_of_discharge: 0.5
  VRBF:
    cost: 384.341
    lifetime: 21.6671
    annual_cost: 17.738460615403074
    efficiency: 0.719113
    discharge_ratio: 0.5
    depth_of_discharge: 1.0
