cost_values:
  wind_capex: 5000.0
  wind_opex: 100
  wind_lifetime: 20
  solar_capex: 1000.0
  solar_opex: 10
  solar_lifetime: 20
  carbon_price: 1.0
timeseries_values:
  load_level: 246758.46858872188
  wind_year: 2012
  solar_year: 2013
  price_year: 2023
  carbon_year: 2023
storage_values:
  CAES:
    cost: 65.5075
    lifetime: 20.2792
    annual_cost: 3.230280287190816
    efficiency: 0.566876
    discharge_ratio: 0.1
    depth_of_discharge: 0.4
  Li-ion:
    cost: 166.131
    lifetime: 19.9967
    annual_cost: 8.307920806933144
    efficiency: 0.935707
    discharge_ratio: 2
    depth_of_discharge: 0.9
  Pb-acid:
    cost: 190.843
    lifetime: 9.24879
    annual_cost: 20.634374874983646
    efficiency: 0.725306
    discharge_ratio: 5
    depth_of_discharge: 0.5
  VRBF:
    cost: 376.043
    lifetime: 18.5333
    annual_cost: 20.290126421090687
    efficiency: 0.748154
    discharge_ratio: 0.5
    depth_of_discharge: 1.0
