cost_values:
  wind_capex: 5000.0
  wind_opex: 100
  wind_lifetime: 20
  solar_capex: 1000.0
  solar_opex: 10
  solar_lifetime: 20
  carbon_price: 1.0
timeseries_values:
  load_level: 246758.46858872188
  wind_year: 2012
  solar_year: 2013
  price_year: 2023
  carbon_year: 2023
storage_values:
  CAES:
    cost: 61.2975
    lifetime: 21.0338
    annual_cost: 2.9142380359231335
    efficiency: 0.57579
    discharge_ratio: 0.1
    depth_of_discharge: 0.4
  Li-ion:
    cost: 138.585
    lifetime: 18.5688
    annual_cost: 7.463325578389557
    efficiency: 0.940572
    discharge_ratio: 2
    depth_of_discharge: 0.9
  Pb-acid:
    cost: 182.933
    lifetime: 12.2009
    annual_cost: 14.993402126072665
    efficiency: 0.733202
    discharge_ratio: 5
    depth_of_discharge: 0.5
  VRBF:
    cost: 387.323
    lifetime: 19.1176
    annual_cost: 20.26002217851613
    efficiency: 0.741766
    discharge_ratio: 0.5
    depth_of_discharge: 1.0
