cost_values:
  wind_capex: 5000.0
  wind_opex: 100
  wind_lifetime: 20
  solar_capex: 1000.0
  solar_opex: 10
  solar_lifetime: 20
  carbon_price: 1.0
timeseries_values:
  load_level: 246758.46858872188
  wind_year: 2012
  solar_year: 2013
  price_year: 2023
  carbon_year: 2023
storage_values:
  CAES:
    cost: 62.5481
    lifetime: 20.0093
    annual_cost: 3.1259514325838484
    efficiency: 0.562858
    discharge_ratio: 0.1
    depth_of_discharge: 0.4
  Li-ion:
    cost: 157.211
    lifetime: 19.8986
    annual_cost: 7.900606072789042
    efficiency: 0.940646
    discharge_ratio: 2
    depth_of_discharge: 0.9
  Pb-acid:
    cost: 186.504
    lifetime: 12.2185
    annual_cost: 15.264066783975117
    efficiency: 0.729292
    discharge_ratio: 5
    depth_of_discharge: 0.5
  VRBF:
    cost: 379.824
    lifetime: 20.7555
    annual_cost: 18.299920502999203
    efficiency: 0.743426
    discharge_ratio: 0.5
    depth_of_discharge: 1.0
