cost_values:
  wind_capex: 5000.0
  wind_opex: 100
  wind_lifetime: 20
  solar_capex: 1000.0
  solar_opex: 10
  solar_lifetime: 20
  carbon_price: 1.0
timeseries_values:
  load_level: 246758.46858872188
  wind_year: 2012
  solar_year: 2013
  price_year: 2023
  carbon_year: 2023
storage_values:
  CAES:
    cost: 56.2057
    lifetime: 20.9811
    annual_cost: 2.6788728903632313
    efficiency: 0.562128
    discharge_ratio: 0.1
    depth_of_discharge: 0.4
  Li-ion:
    cost: 135.236
    lifetime: 21.5609
    annual_cost: 6.272279914103771
    efficiency: 0.943961
    discharge_ratio: 2
    depth_of_discharge: 0.9
  Pb-acid:
    cost: 175.994
    lifetime: 12.5865
    annual_cost: 13.982759305605214
    efficiency: 0.727222
    discharge_ratio: 5
    depth_of_discharge: 0.5
  VRBF:
    cost: 397.237
    lifetime: 20.3766
    annual_cost: 19.494763601385905
    efficiency: 0.731989
    discharge_ratio: 0.5
    depth_of_discharge: 1.0
