cost_values:
  wind_capex: 5000.0
  wind_opex: 100
  wind_lifetime: 20
  solar_capex: 1000.0
  solar_opex: 10
  solar_lifetime: 20
  carbon_price: 1.0
timeseries_values:
  load_level: 246758.46858872188
  wind_year: 2012
  solar_year: 2013
  price_year: 2023
  carbon_year: 2023
storage_values:
  CAES:
    cost: 60.8399
    lifetime: 20.1896
    annual_cost: 3.0134277053532514
    efficiency: 0.557872
    discharge_ratio: 0.1
    depth_of_discharge: 0.4
  Li-ion:
    cost: 141.706
    lifetime: 18.9857
    annual_cost: 7.463828038997771
    efficiency: 0.947313
    discharge_ratio: 2
    depth_of_discharge: 0.9
  Pb-acid:
    cost: 177.01
    lifetime: 11.3672
    annual_cost: 15.571996621859384
    efficiency: 0.717663
    discharge_ratio: 5
    depth_of_discharge: 0.5
  VRBF:
    cost: 385.405
    lifetime: 20.7599
    annual_cost: 18.564877480142005
    efficiency: 0.735124
    discharge_ratio: 0.5
    depth_of_discharge: 1.0
