cost_values:
  wind_capex: 5000.0
  wind_opex: 100
  wind_lifetime: 20
  solar_capex: 1000.0
  solar_opex: 10
  solar_lifetime: 20
  carbon_price: 1.0
timeseries_values:
  load_level: 246758.46858872188
  wind_year: 2012
  solar_year: 2013
  price_year: 2023
  carbon_year: 2023
storage_values:
  CAES:
    cost: 60.3348
    lifetime: 20.658
    annual_cost: 2.9206505954109785
    efficiency: 0.559789
    discharge_ratio: 0.1
    depth_of_discharge: 0.4
  Li-ion:
    cost: 150.773
    lifetime: 19.0364
    annual_cost: 7.920247525792692
    efficiency: 0.943391
    discharge_ratio: 2
    depth_of_discharge: 0.9
  Pb-acid:
    cost: 170.914
    lifetime: 12.7883
    annual_cost: 13.364872578841597
    efficiency: 0.723288
    discharge_ratio: 5
    depth_of_discharge: 0.5
  VRBF:
    cost: 396.047
    lifetime: 18.1679
    annual_cost: 21.79927234297855
    efficiency: 0.714349
    discharge_ratio: 0.5
    depth_of_discharge: 1.0
