cost_values:
  wind_capex: 5000.0
  wind_opex: 100
  wind_lifetime: 20
  solar_capex: 1000.0
  solar_opex: 10
  solar_lifetime: 20
  carbon_price: 1.0
timeseries_values:
  load_level: 246758.46858872188
  wind_year: 2012
  solar_year: 2013
  price_year: 2023
  carbon_year: 2023
storage_values:
  CAES:
    cost: 62.5387
    lifetime: 20.3463
    annual_cost: 3.0737136481817333
    efficiency: 0.562112
    discharge_ratio: 0.1
    depth_of_discharge: 0.4
  Li-ion:
    cost: 130.842
    lifetime: 20.1174
    annual_cost: 6.503921977989204
    efficiency: 0.937609
    discharge_ratio: 2
    depth_of_discharge: 0.9
  Pb-acid:
    cost: 197.111
    lifetime: 12.9237
    annual_cost: 15.251901545223117
    efficiency: 0.716534
    discharge_ratio: 5
    depth_of_discharge: 0.5
  VRBF:
    cost: 372.605
    lifetime: 20.8565
    annual_cost: 17.865173926593627
    efficiency: 0.741176
    discharge_ratio: 0.5
    depth_of_discharge: 1.0
