cost_values:
  wind_capex: 5000.0
  wind_opex: 100
  wind_lifetime: 20
  solar_capex: 1000.0
  solar_opex: 10
  solar_lifetime: 20
  carbon_price: 1.0
timeseries_values:
  load_level: 246758.46858872188
  wind_year: 2012
  solar_year: 2013
  price_year: 2023
  carbon_year: 2023
storage_values:
  CAES:
    cost: 54.2442
    lifetime: 20.1709
    annual_cost: 2.6892305251624866
    efficiency: 0.575098
    discharge_ratio: 0.1
    depth_of_discharge: 0.4
  Li-ion:
    cost: 151.79
    lifetime: 20.5084
    annual_cost: 7.401357492539641
    efficiency: 0.943513
    discharge_ratio: 2
    depth_of_discharge: 0.9
  Pb-acid:
    cost: 181.347
    lifetime: 12.3746
    annual_cost: 14.6547767200556
    efficiency: 0.731282
    discharge_ratio: 5
    depth_of_discharge: 0.5
  VRBF:
    cost: 385.818
    lifetime: 18.1405
    annual_cost: 21.26832226234117
    efficiency: 0.738112
    discharge_ratio: 0.5
    depth_of_discharge: 1.0
