cost_values:
  wind_capex: 5000.0
  wind_opex: 100
  wind_lifetime: 20
  solar_capex: 1000.0
  solar_opex: 10
  solar_lifetime: 20
  carbon_price: 1.0
timeseries_values:
  load_level: 246758.46858872188
  wind_year: 2012
  solar_year: 2013
  price_year: 2023
  carbon_year: 2023
storage_values:
  CAES:
    cost: 58.4845
    lifetime: 20.6078
    annual_cost: 2.837978823552247
    efficiency: 0.551202
    discharge_ratio: 0.1
    depth_of_discharge: 0.4
  Li-ion:
    cost: 158.496
    lifetime: 20.7629
    annual_cost: 7.633615728053404
    efficiency: 0.94377
    discharge_ratio: 2
    depth_of_discharge: 0.9
  Pb-acid:
    cost: 180.377
    lifetime: 12.7098
    annual_cost: 14.19196210797967
    efficiency: 0.732214
    discharge_ratio: 5
    depth_of_discharge: 0.5
  VRBF:
    cost: 384.98
    lifetime: 19.7901
    annual_cost: 19.453160923896295
    efficiency: 0.73911
    discharge_ratio: 0.5
    depth_of_discharge: 1.0
