cost_values:
  wind_capex: 5000.0
  wind_opex: 100
  wind_lifetime: 20
  solar_capex: 1000.0
  solar_opex: 10
  solar_lifetime: 20
  carbon_price: 1.0
timeseries_values:
  load_level: 246758.46858872188
  wind_year: 2012
  solar_year: 2013
  price_year: 2023
  carbon_year: 2023
storage_values:
  CAES:
    cost: 55.7256
    lifetime: 20.6166
    annual_cost: 2.702948109775618
    efficiency: 0.570757
    discharge_ratio: 0.1
    depth_of_discharge: 0.4
  Li-ion:
    cost: 162.462
    lifetime: 21.3619
    annual_cost: 7.605222381904231
    efficiency: 0.937853
    discharge_ratio: 2
    depth_of_discharge: 0.9
  Pb-acid:
    cost: 166.635
    lifetime: 13.1231
    annual_cost: 12.697838163238867
    efficiency: 0.720554
    discharge_ratio: 5
    depth_of_discharge: 0.5
  VRBF:
    cost: 364.701
    lifetime: 18.195
    annual_cost: 20.044023083264634
    efficiency: 0.723565
    discharge_ratio: 0.5
    depth_of_discharge: 1.0
