cost_values:
  wind_capex: 5000.0
  wind_opex: 100
  wind_lifetime: 20
  solar_capex: 1000.0
  solar_opex: 10
  solar_lifetime: 20
  carbon_price: 1.0
timeseries_values:
  load_level: 246758.46858872188
  wind_year: 2012
  solar_year: 2013
  price_year: 2023
  carbon_year: 2023
storage_values:
  CAES:
    cost: 63.7375
    lifetime: 20.789
    annual_cost: 3.0659242868824856
    efficiency: 0.573531
    discharge_ratio: 0.1
    depth_of_discharge: 0.4
  Li-ion:
    cost: 155.442
    lifetime: 20.9745
    annual_cost: 7.41099907029965
    efficiency: 0.944582
    discharge_ratio: 2
    depth_of_discharge: 0.9
  Pb-acid:
    cost: 167.405
    lifetime: 11.5124
    annual_cost: 14.541277231506898
    efficiency: 0.707996
    discharge_ratio: 5
    depth_of_discharge: 0.5
  VRBF:
    cost: 383.85
    lifetime: 18.8856
    annual_cost: 20.325009531071295
    efficiency: 0.757606
    discharge_ratio: 0.5
    depth_of_discharge: 1.0
