cost_values:
  wind_capex: 5000.0
  wind_opex: 100
  wind_lifetime: 20
  solar_capex: 1000.0
  solar_opex: 10
  solar_lifetime: 20
  carbon_price: 1.0
timeseries_values:
  load_level: 246758.46858872188
  wind_year: 2012
  solar_year: 2013
  price_year: 2023
  carbon_year: 2023
storage_values:
  CAES:
    cost: 57.7501
    lifetime: 20.3594
    annual_cost: 2.836532510781261
    efficiency: 0.559003
    discharge_ratio: 0.1
    depth_of_discharge: 0.4
  Li-ion:
    cost: 130.203
    lifetime: 21.2992
    annual_cost: 6.113046499399039
    efficiency: 0.944624
    discharge_ratio: 2
    depth_of_discharge: 0.9
  Pb-acid:
    cost: 211.705
    lifetime: 13.1422
    annual_cost: 16.10879457016329
    efficiency: 0.716714
    discharge_ratio: 5
    depth_of_discharge: 0.5
  VRBF:
    cost: 398.718
    lifetime: 20.0793
    annual_cost: 19.857166335479825
    efficiency: 0.733841
    discharge_ratio: 0.5
    depth_of_discharge: 1.0
