cost_values:
  wind_capex: 5000.0
  wind_opex: 100
  wind_lifetime: 20
  solar_capex: 1000.0
  solar_opex: 10
  solar_lifetime: 20
  carbon_price: 1.0
timeseries_values:
  load_level: 246758.46858872188
  wind_year: 2012
  solar_year: 2013
  price_year: 2023
  carbon_year: 2023
storage_values:
  CAES:
    cost: 64.8358
    lifetime: 20.2765
    annual_cost: 3.197583409365522
    efficiency: 0.560381
    discharge_ratio: 0.1
    depth_of_discharge: 0.4
  Li-ion:
    cost: 154.021
    lifetime: 19.1498
    annual_cost: 8.042956062204304
    efficiency: 0.954184
    discharge_ratio: 2
    depth_of_discharge: 0.9
  Pb-acid:
    cost: 156.642
    lifetime: 12.2868
    annual_cost: 12.748803594100986
    efficiency: 0.722694
    discharge_ratio: 5
    depth_of_discharge: 0.5
  VRBF:
    cost: 388.424
    lifetime: 19.6283
    annual_cost: 19.788978159086625
    efficiency: 0.731157
    discharge_ratio: 0.5
    depth_of_discharge: 1.0
