cost_values:
  wind_capex: 5000.0
  wind_opex: 100
  wind_lifetime: 20
  solar_capex: 1000.0
  solar_opex: 10
  solar_lifetime: 20
  carbon_price: 1.0
timeseries_values:
  load_level: 246758.46858872188
  wind_year: 2012
  solar_year: 2013
  price_year: 2023
  carbon_year: 2023
storage_values:
  CAES:
    cost: 64.5427
    lifetime: 20.7591
    annual_cost: 3.1091280450501224
    efficiency: 0.564023
    discharge_ratio: 0.1
    depth_of_discharge: 0.4
  Li-ion:
    cost: 150.129
    lifetime: 18.755
    annual_cost: 8.004745401226339
    efficiency: 0.950341
    discharge_ratio: 2
    depth_of_discharge: 0.9
  Pb-acid:
    cost: 152.697
    lifetime: 12.0975
    annual_cost: 12.622194668319901
    efficiency: 0.725213
    discharge_ratio: 5
    depth_of_discharge: 0.5
  VRBF:
    cost: 394.006
    lifetime: 20.2061
    annual_cost: 19.49935910442886
    efficiency: 0.733752
    discharge_ratio: 0.5
    depth_of_discharge: 1.0
