cost_values:
  wind_capex: 5000.0
  wind_opex: 100
  wind_lifetime: 20
  solar_capex: 1000.0
  solar_opex: 10
  solar_lifetime: 20
  carbon_price: 1.0
timeseries_values:
  load_level: 246758.46858872188
  wind_year: 2012
  solar_year: 2013
  price_year: 2023
  carbon_year: 2023
storage_values:
  CAES:
    cost: 64.262
    lifetime: 20.4104
    annual_cost: 3.148492925175401
    efficiency: 0.567062
    discharge_ratio: 0.1
    depth_of_discharge: 0.4
  Li-ion:
    cost: 141.625
    lifetime: 19.7847
    annual_cost: 7.15830919852209
    efficiency: 0.941991
    discharge_ratio: 2
    depth_of_discharge: 0.9
  Pb-acid:
    cost: 156.447
    lifetime: 12.393
    annual_cost: 12.623819898329701
    efficiency: 0.705923
    discharge_ratio: 5
    depth_of_discharge: 0.5
  VRBF:
    cost: 399.554
    lifetime: 19.4395
    annual_cost: 20.553717945420406
    efficiency: 0.729752
    discharge_ratio: 0.5
    depth_of_discharge: 1.0
