cost_values:
  wind_capex: 5000.0
  wind_opex: 100
  wind_lifetime: 20
  solar_capex: 1000.0
  solar_opex: 10
  solar_lifetime: 20
  carbon_price: 1.0
timeseries_values:
  load_level: 246758.46858872188
  wind_year: 2012
  solar_year: 2013
  price_year: 2023
  carbon_year: 2023
storage_values:
  CAES:
    cost: 63.3807
    lifetime: 20.572
    annual_cost: 3.0809206688703092
    efficiency: 0.566366
    discharge_ratio: 0.1
    depth_of_discharge: 0.4
  Li-ion:
    cost: 152.857
    lifetime: 18.157
    annual_cost: 8.41862642507022
    efficiency: 0.958031
    discharge_ratio: 2
    depth_of_discharge: 0.9
  Pb-acid:
    cost: 185.979
    lifetime: 11.2841
    annual_cost: 16.481509380455687
    efficiency: 0.739358
    discharge_ratio: 5
    depth_of_discharge: 0.5
  VRBF:
    cost: 378.768
    lifetime: 18.2627
    annual_cost: 20.7399782069464
    efficiency: 0.739973
    discharge_ratio: 0.5
    depth_of_discharge: 1.0
