cost_values:
  wind_capex: 5000.0
  wind_opex: 100
  wind_lifetime: 20
  solar_capex: 1000.0
  solar_opex: 10
  solar_lifetime: 20
  carbon_price: 1.0
timeseries_values:
  load_level: 246758.46858872188
  wind_year: 2012
  solar_year: 2013
  price_year: 2023
  carbon_year: 2023
storage_values:
  CAES:
    cost: 58.1941
    lifetime: 20.6779
    annual_cost: 2.8143138326425796
    efficiency: 0.566596
    discharge_ratio: 0.1
    depth_of_discharge: 0.4
  Li-ion:
    cost: 157.064
    lifetime: 18.9016
    annual_cost: 8.309561095357006
    efficiency: 0.952228
    discharge_ratio: 2
    depth_of_discharge: 0.9
  Pb-acid:
    cost: 180.287
    lifetime: 11.6435
    annual_cost: 15.483918065873665
    efficiency: 0.728637
    discharge_ratio: 5
    depth_of_discharge: 0.5
  VRBF:
    cost: 393.09
    lifetime: 20.0174
    annual_cost: 19.637415448559754
    efficiency: 0.749981
    discharge_ratio: 0.5
    depth_of_discharge: 1.0
