cost_values:
  wind_capex: 5000.0
  wind_opex: 100
  wind_lifetime: 20
  solar_capex: 1000.0
  solar_opex: 10
  solar_lifetime: 20
  carbon_price: 1.0
timeseries_values:
  load_level: 246758.46858872188
  wind_year: 2012
  solar_year: 2013
  price_year: 2023
  carbon_year: 2023
storage_values:
  CAES:
    cost: 58.3999
    lifetime: 20.2193
    annual_cost: 2.888324521620432
    efficiency: 0.557947
    discharge_ratio: 0.1
    depth_of_discharge: 0.4
  Li-ion:
    cost: 156.653
    lifetime: 19.7475
    annual_cost: 7.932801620458286
    efficiency: 0.935797
    discharge_ratio: 2
    depth_of_discharge: 0.9
  Pb-acid:
    cost: 173.448
    lifetime: 12.3319
    annual_cost: 14.064985930797365
    efficiency: 0.726912
    discharge_ratio: 5
    depth_of_discharge: 0.5
  VRBF:
    cost: 382.548
    lifetime: 21.6125
    annual_cost: 17.700312319259687
    efficiency: 0.755616
    discharge_ratio: 0.5
    depth_of_discharge: 1.0
