cost_values:
  wind_capex: 5000.0
  wind_opex: 100
  wind_lifetime: 20
  solar_capex: 1000.0
  solar_opex: 10
  solar_lifetime: 20
  carbon_price: 1.0
timeseries_values:
  load_level: 246758.46858872188
  wind_year: 2012
  solar_year: 2013
  price_year: 2023
  carbon_year: 2023
storage_values:
  CAES:
    cost: 69.0871
    lifetime: 20.0117
    annual_cost: 3.452335383800477
    efficiency: 0.567406
    discharge_ratio: 0.1
    depth_of_discharge: 0.4
  Li-ion:
    cost: 142.733
    lifetime: 19.9181
    annual_cost: 7.165994748495088
    efficiency: 0.936091
    discharge_ratio: 2
    depth_of_discharge: 0.9
  Pb-acid:
    cost: 184.131
    lifetime: 11.8424
    annual_cost: 15.548453016280485
    efficiency: 0.717342
    discharge_ratio: 5
    depth_of_discharge: 0.5
  VRBF:
    cost: 372.858
    lifetime: 24.6471
    annual_cost: 15.127864941514419
    efficiency: 0.724507
    discharge_ratio: 0.5
    depth_of_discharge: 1.0
