cost_values:
  wind_capex: 5000.0
  wind_opex: 100
  wind_lifetime: 20
  solar_capex: 1000.0
  solar_opex: 10
  solar_lifetime: 20
  carbon_price: 1.0
timeseries_values:
  load_level: 246758.46858872188
  wind_year: 2012
  solar_year: 2013
  price_year: 2023
  carbon_year: 2023
storage_values:
  CAES:
    cost: 58.9988
    lifetime: 20.0803
    annual_cost: 2.9381433544319555
    efficiency: 0.560649
    discharge_ratio: 0.1
    depth_of_discharge: 0.4
  Li-ion:
    cost: 150.426
    lifetime: 18.5378
    annual_cost: 8.114555125203637
    efficiency: 0.936923
    discharge_ratio: 2
    depth_of_discharge: 0.9
  Pb-acid:
    cost: 171.51
    lifetime: 11.8947
    annual_cost: 14.419026961587933
    efficiency: 0.730434
    discharge_ratio: 5
    depth_of_discharge: 0.5
  VRBF:
    cost: 391.836
    lifetime: 19.593
    annual_cost: 19.99877507273006
    efficiency: 0.73217
    discharge_ratio: 0.5
    depth_of_discharge: 1.0
