cost_values:
  wind_capex: 5000.0
  wind_opex: 100
  wind_lifetime: 20
  solar_capex: 1000.0
  solar_opex: 10
  solar_lifetime: 20
  carbon_price: 1.0
timeseries_values:
  load_level: 246758.46858872188
  wind_year: 2012
  solar_year: 2013
  price_year: 2023
  carbon_year: 2023
storage_values:
  CAES:
    cost: 63.5248
    lifetime: 20.2936
    annual_cost: 3.1302873812433476
    efficiency: 0.564354
    discharge_ratio: 0.1
    depth_of_discharge: 0.4
  Li-ion:
    cost: 143.98
    lifetime: 19.5244
    annual_cost: 7.374362336358607
    efficiency: 0.934324
    discharge_ratio: 2
    depth_of_discharge: 0.9
  Pb-acid:
    cost: 171.031
    lifetime: 11.6288
    annual_cost: 14.70753646119978
    efficiency: 0.729254
    discharge_ratio: 5
    depth_of_discharge: 0.5
  VRBF:
    cost: 388.774
    lifetime: 19.26
    annual_cost: 20.185565939771546
    efficiency: 0.742388
    discharge_ratio: 0.5
    depth_of_discharge: 1.0
