cost_values:
  wind_capex: 5000.0
  wind_opex: 100
  wind_lifetime: 20
  solar_capex: 1000.0
  solar_opex: 10
  solar_lifetime: 20
  carbon_price: 1.0
timeseries_values:
  load_level: 246758.46858872188
  wind_year: 2012
  solar_year: 2013
  price_year: 2023
  carbon_year: 2023
storage_values:
  CAES:
    cost: 62.1017
    lifetime: 20.4101
    annual_cost: 3.0426945482873675
    efficiency: 0.559203
    discharge_ratio: 0.1
    depth_of_discharge: 0.4
  Li-ion:
    cost: 150.732
    lifetime: 19.5009
    annual_cost: 7.72948940818116
    efficiency: 0.947984
    discharge_ratio: 2
    depth_of_discharge: 0.9
  Pb-acid:
    cost: 171.605
    lifetime: 12.0513
    annual_cost: 14.239542621957797
    efficiency: 0.71485
    discharge_ratio: 5
    depth_of_discharge: 0.5
  VRBF:
    cost: 396.72
    lifetime: 20.0831
    annual_cost: 19.753922452211064
    efficiency: 0.739297
    discharge_ratio: 0.5
    depth_of_discharge: 1.0
