cost_values:
  wind_capex: 5000.0
  wind_opex: 100
  wind_lifetime: 20
  solar_capex: 1000.0
  solar_opex: 10
  solar_lifetime: 20
  carbon_price: 1.0
timeseries_values:
  load_level: 246758.46858872188
  wind_year: 2012
  solar_year: 2013
  price_year: 2023
  carbon_year: 2023
storage_values:
  CAES:
    cost: 57.7849
    lifetime: 20.259
    annual_cost: 2.852307616368034
    efficiency: 0.559064
    discharge_ratio: 0.1
    depth_of_discharge: 0.4
  Li-ion:
    cost: 158.277
    lifetime: 18.9562
    annual_cost: 8.349616484316476
    efficiency: 0.957643
    discharge_ratio: 2
    depth_of_discharge: 0.9
  Pb-acid:
    cost: 178.817
    lifetime: 9.94453
    annual_cost: 17.98144306467978
    efficiency: 0.725027
    discharge_ratio: 5
    depth_of_discharge: 0.5
  VRBF:
    cost: 378.92
    lifetime: 19.4583
    annual_cost: 19.473438070129458
    efficiency: 0.732526
    discharge_ratio: 0.5
    depth_of_discharge: 1.0
