cost_values:
  wind_capex: 5000.0
  wind_opex: 100
  wind_lifetime: 20
  solar_capex: 1000.0
  solar_opex: 10
  solar_lifetime: 20
  carbon_price: 1.0
timeseries_values:
  load_level: 246758.46858872188
  wind_year: 2012
  solar_year: 2013
  price_year: 2023
  carbon_year: 2023
storage_values:
  CAES:
    cost: 64.4138
    lifetime: 21.0978
    annual_cost: 3.0531050630871466
    efficiency: 0.563485
    discharge_ratio: 0.1
    depth_of_discharge: 0.4
  Li-ion:
    cost: 162.005
    lifetime: 19.202
    annual_cost: 8.436881574835954
    efficiency: 0.946358
    discharge_ratio: 2
    depth_of_discharge: 0.9
  Pb-acid:
    cost: 181.761
    lifetime: 13.7642
    annual_cost: 13.205344298978508
    efficiency: 0.735802
    discharge_ratio: 5
    depth_of_discharge: 0.5
  VRBF:
    cost: 388.074
    lifetime: 19.4823
    annual_cost: 19.91931137494033
    efficiency: 0.728307
    discharge_ratio: 0.5
    depth_of_discharge: 1.0
