cost_values:
  wind_capex: 5000.0
  wind_opex: 100
  wind_lifetime: 20
  solar_capex: 1000.0
  solar_opex: 10
  solar_lifetime: 20
  carbon_price: 1.0
timeseries_values:
  load_level: 246758.46858872188
  wind_year: 2012
  solar_year: 2013
  price_year: 2023
  carbon_year: 2023
storage_values:
  CAES:
    cost: 65.6629
    lifetime: 20.0045
    annual_cost: 3.2824064585468267
    efficiency: 0.568213
    discharge_ratio: 0.1
    depth_of_discharge: 0.4
  Li-ion:
    cost: 145.25
    lifetime: 18.4201
    annual_cost: 7.885407788231333
    efficiency: 0.928293
    discharge_ratio: 2
    depth_of_discharge: 0.9
  Pb-acid:
    cost: 158.833
    lifetime: 12.9351
    annual_cost: 12.279224745073481
    efficiency: 0.7296
    discharge_ratio: 5
    depth_of_discharge: 0.5
  VRBF:
    cost: 378.508
    lifetime: 20.6256
    annual_cost: 18.351369172290745
    efficiency: 0.740903
    discharge_ratio: 0.5
    depth_of_discharge: 1.0
