cost_values:
  wind_capex: 5000.0
  wind_opex: 100
  wind_lifetime: 20
  solar_capex: 1000.0
  solar_opex: 10
  solar_lifetime: 20
  carbon_price: 1.0
timeseries_values:
  load_level: 246758.46858872188
  wind_year: 2012
  solar_year: 2013
  price_year: 2023
  carbon_year: 2023
storage_values:
  CAES:
    cost: 57.8294
    lifetime: 20.6267
    annual_cost: 2.803618610829653
    efficiency: 0.56302
    discharge_ratio: 0.1
    depth_of_discharge: 0.4
  Li-ion:
    cost: 129.845
    lifetime: 21.1313
    annual_cost: 6.144676380535036
    efficiency: 0.935196
    discharge_ratio: 2
    depth_of_discharge: 0.9
  Pb-acid:
    cost: 190.649
    lifetime: 11.8967
    annual_cost: 16.025368379466578
    efficiency: 0.72806
    discharge_ratio: 5
    depth_of_discharge: 0.5
  VRBF:
    cost: 395.409
    lifetime: 19.6759
    annual_cost: 20.09610742075331
    efficiency: 0.728115
    discharge_ratio: 0.5
    depth_of_discharge: 1.0
