cost_values:
  wind_capex: 5000.0
  wind_opex: 100
  wind_lifetime: 20
  solar_capex: 1000.0
  solar_opex: 10
  solar_lifetime: 20
  carbon_price: 1.0
timeseries_values:
  load_level: 246758.46858872188
  wind_year: 2012
  solar_year: 2013
  price_year: 2023
  carbon_year: 2023
storage_values:
  CAES:
    cost: 59.1382
    lifetime: 20.5869
    annual_cost: 2.8726131666253782
    efficiency: 0.565281
    discharge_ratio: 0.1
    depth_of_discharge: 0.4
  Li-ion:
    cost: 147.043
    lifetime: 20.1739
    annual_cost: 7.288774109121191
    efficiency: 0.950412
    discharge_ratio: 2
    depth_of_discharge: 0.9
  Pb-acid:
    cost: 191.507
    lifetime: 13.315
    annual_cost: 14.382801351858808
    efficiency: 0.725056
    discharge_ratio: 5
    depth_of_discharge: 0.5
  VRBF:
    cost: 382.697
    lifetime: 19.6394
    annual_cost: 19.48618593236046
    efficiency: 0.755148
    discharge_ratio: 0.5
    depth_of_discharge: 1.0
