cost_values:
  wind_capex: 5000.0
  wind_opex: 100
  wind_lifetime: 20
  solar_capex: 1000.0
  solar_opex: 10
  solar_lifetime: 20
  carbon_price: 1.0
timeseries_values:
  load_level: 246758.46858872188
  wind_year: 2012
  solar_year: 2013
  price_year: 2023
  carbon_year: 2023
storage_values:
  CAES:
    cost: 59.5484
    lifetime: 20.5428
    annual_cost: 2.898747979827482
    efficiency: 0.560557
    discharge_ratio: 0.1
    depth_of_discharge: 0.4
  Li-ion:
    cost: 140.415
    lifetime: 19.5187
    annual_cost: 7.193870493424255
    efficiency: 0.934463
    discharge_ratio: 2
    depth_of_discharge: 0.9
  Pb-acid:
    cost: 186.648
    lifetime: 11.5218
    annual_cost: 16.199552153309376
    efficiency: 0.743276
    discharge_ratio: 5
    depth_of_discharge: 0.5
  VRBF:
    cost: 381.638
    lifetime: 20.2777
    annual_cost: 18.820576298100868
    efficiency: 0.762922
    discharge_ratio: 0.5
    depth_of_discharge: 1.0
