cost_values:
  wind_capex: 5000.0
  wind_opex: 100
  wind_lifetime: 20
  solar_capex: 1000.0
  solar_opex: 10
  solar_lifetime: 20
  carbon_price: 1.0
timeseries_values:
  load_level: 246758.46858872188
  wind_year: 2012
  solar_year: 2013
  price_year: 2023
  carbon_year: 2023
storage_values:
  CAES:
    cost: 68.0892
    lifetime: 20.0246
    annual_cost: 3.40027765848007
    efficiency: 0.570409
    discharge_ratio: 0.1
    depth_of_discharge: 0.4
  Li-ion:
    cost: 146.968
    lifetime: 18.6507
    annual_cost: 7.880025950768603
    efficiency: 0.941646
    discharge_ratio: 2
    depth_of_discharge: 0.9
  Pb-acid:
    cost: 184.528
    lifetime: 11.4578
    annual_cost: 16.10501143325944
    efficiency: 0.70774
    discharge_ratio: 5
    depth_of_discharge: 0.5
  VRBF:
    cost: 361.403
    lifetime: 20.7795
    annual_cost: 17.392285666161364
    efficiency: 0.742723
    discharge_ratio: 0.5
    depth_of_discharge: 1.0
