cost_values:
  wind_capex: 5000.0
  wind_opex: 100
  wind_lifetime: 20
  solar_capex: 1000.0
  solar_opex: 10
  solar_lifetime: 20
  carbon_price: 1.0
timeseries_values:
  load_level: 246758.46858872188
  wind_year: 2012
  solar_year: 2013
  price_year: 2023
  carbon_year: 2023
storage_values:
  CAES:
    cost: 65.6764
    lifetime: 20.6999
    annual_cost: 3.1727882743394895
    efficiency: 0.555797
    discharge_ratio: 0.1
    depth_of_discharge: 0.4
  Li-ion:
    cost: 133.223
    lifetime: 18.7717
    annual_cost: 7.097013056888828
    efficiency: 0.946743
    discharge_ratio: 2
    depth_of_discharge: 0.9
  Pb-acid:
    cost: 172.948
    lifetime: 12.2811
    annual_cost: 14.08245189763132
    efficiency: 0.723359
    discharge_ratio: 5
    depth_of_discharge: 0.5
  VRBF:
    cost: 382.1
    lifetime: 20.0886
    annual_cost: 19.020738130083732
    efficiency: 0.739236
    discharge_ratio: 0.5
    depth_of_discharge: 1.0
