cost_values:
  wind_capex: 5000.0
  wind_opex: 100
  wind_lifetime: 20
  solar_capex: 1000.0
  solar_opex: 10
  solar_lifetime: 20
  carbon_price: 1.0
timeseries_values:
  load_level: 246758.46858872188
  wind_year: 2012
  solar_year: 2013
  price_year: 2023
  carbon_year: 2023
storage_values:
  CAES:
    cost: 58.7373
    lifetime: 20.9329
    annual_cost: 2.8059800600967852
    efficiency: 0.56055
    discharge_ratio: 0.1
    depth_of_discharge: 0.4
  Li-ion:
    cost: 160.336
    lifetime: 19.5201
    annual_cost: 8.213892346862979
    efficiency: 0.93606
    discharge_ratio: 2
    depth_of_discharge: 0.9
  Pb-acid:
    cost: 186.209
    lifetime: 12.5798
    annual_cost: 14.802222610852318
    efficiency: 0.717279
    discharge_ratio: 5
    depth_of_discharge: 0.5
  VRBF:
    cost: 347.703
    lifetime: 19.5342
    annual_cost: 17.799705132536783
    efficiency: 0.73317
    discharge_ratio: 0.5
    depth_of_discharge: 1.0
