cost_values:
  wind_capex: 5000.0
  wind_opex: 100
  wind_lifetime: 20
  solar_capex: 1000.0
  solar_opex: 10
  solar_lifetime: 20
  carbon_price: 1.0
timeseries_values:
  load_level: 246758.46858872188
  wind_year: 2012
  solar_year: 2013
  price_year: 2023
  carbon_year: 2023
storage_values:
  CAES:
    cost: 66.568
    lifetime: 20.0946
    annual_cost: 3.3127307833945436
    efficiency: 0.573289
    discharge_ratio: 0.1
    depth_of_discharge: 0.4
  Li-ion:
    cost: 143.307
    lifetime: 20.1462
    annual_cost: 7.113351401256812
    efficiency: 0.955792
    discharge_ratio: 2
    depth_of_discharge: 0.9
  Pb-acid:
    cost: 191.255
    lifetime: 11.8793
    annual_cost: 16.099854368523395
    efficiency: 0.727989
    discharge_ratio: 5
    depth_of_discharge: 0.5
  VRBF:
    cost: 376.152
    lifetime: 22.2623
    annual_cost: 16.89636740139159
    efficiency: 0.726246
    discharge_ratio: 0.5
    depth_of_discharge: 1.0
