cost_values:
  wind_capex: 5000.0
  wind_opex: 100
  wind_lifetime: 20
  solar_capex: 1000.0
  solar_opex: 10
  solar_lifetime: 20
  carbon_price: 1.0
timeseries_values:
  load_level: 246758.46858872188
  wind_year: 2012
  solar_year: 2013
  price_year: 2023
  carbon_year: 2023
storage_values:
  CAES:
    cost: 63.8557
    lifetime: 20.1651
    annual_cost: 3.166644350883457
    efficiency: 0.555585
    discharge_ratio: 0.1
    depth_of_discharge: 0.4
  Li-ion:
    cost: 157.318
    lifetime: 18.8597
    annual_cost: 8.3414900555152
    efficiency: 0.945239
    discharge_ratio: 2
    depth_of_discharge: 0.9
  Pb-acid:
    cost: 177.617
    lifetime: 11.3237
    annual_cost: 15.685420843010675
    efficiency: 0.732219
    discharge_ratio: 5
    depth_of_discharge: 0.5
  VRBF:
    cost: 399.944
    lifetime: 19.0376
    annual_cost: 21.008110265999914
    efficiency: 0.75459
    discharge_ratio: 0.5
    depth_of_discharge: 1.0
