cost_values:
  wind_capex: 5000.0
  wind_opex: 100
  wind_lifetime: 20
  solar_capex: 1000.0
  solar_opex: 10
  solar_lifetime: 20
  carbon_price: 1.0
timeseries_values:
  load_level: 246758.46858872188
  wind_year: 2012
  solar_year: 2013
  price_year: 2023
  carbon_year: 2023
storage_values:
  CAES:
    cost: 66.7601
    lifetime: 20.8297
    annual_cost: 3.2050437596316796
    efficiency: 0.562659
    discharge_ratio: 0.1
    depth_of_discharge: 0.4
  Li-ion:
    cost: 131.57
    lifetime: 20.0503
    annual_cost: 6.561996578604808
    efficiency: 0.957429
    discharge_ratio: 2
    depth_of_discharge: 0.9
  Pb-acid:
    cost: 176.793
    lifetime: 11.4925
    annual_cost: 15.38333695888623
    efficiency: 0.723552
    discharge_ratio: 5
    depth_of_discharge: 0.5
  VRBF:
    cost: 381.973
    lifetime: 20.6846
    annual_cost: 18.466540324686
    efficiency: 0.738958
    discharge_ratio: 0.5
    depth_of_discharge: 1.0
