cost_values:
  wind_capex: 5000.0
  wind_opex: 100
  wind_lifetime: 20
  solar_capex: 1000.0
  solar_opex: 10
  solar_lifetime: 20
  carbon_price: 1.0
timeseries_values:
  load_level: 246758.46858872188
  wind_year: 2012
  solar_year: 2013
  price_year: 2023
  carbon_year: 2023
storage_values:
  CAES:
    cost: 69.7672
    lifetime: 20.5072
    annual_cost: 3.402083170788796
    efficiency: 0.569697
    discharge_ratio: 0.1
    depth_of_discharge: 0.4
  Li-ion:
    cost: 137.171
    lifetime: 18.894
    annual_cost: 7.260029639038849
    efficiency: 0.948181
    discharge_ratio: 2
    depth_of_discharge: 0.9
  Pb-acid:
    cost: 171.779
    lifetime: 14.333
    annual_cost: 11.984860113025883
    efficiency: 0.736727
    discharge_ratio: 5
    depth_of_discharge: 0.5
  VRBF:
    cost: 386.429
    lifetime: 21.2282
    annual_cost: 18.20356883767818
    efficiency: 0.720701
    discharge_ratio: 0.5
    depth_of_discharge: 1.0
