cost_values:
  wind_capex: 5000.0
  wind_opex: 100
  wind_lifetime: 20
  solar_capex: 1000.0
  solar_opex: 10
  solar_lifetime: 20
  carbon_price: 1.0
timeseries_values:
  load_level: 246758.46858872188
  wind_year: 2012
  solar_year: 2013
  price_year: 2023
  carbon_year: 2023
storage_values:
  CAES:
    cost: 66.2906
    lifetime: 20.2863
    annual_cost: 3.26775212828362
    efficiency: 0.562534
    discharge_ratio: 0.1
    depth_of_discharge: 0.4
  Li-ion:
    cost: 153.004
    lifetime: 18.6743
    annual_cost: 8.193292385792239
    efficiency: 0.964677
    discharge_ratio: 2
    depth_of_discharge: 0.9
  Pb-acid:
    cost: 179.872
    lifetime: 11.7003
    annual_cost: 15.373281026982214
    efficiency: 0.712225
    discharge_ratio: 5
    depth_of_discharge: 0.5
  VRBF:
    cost: 394.405
    lifetime: 18.9055
    annual_cost: 20.861918489328502
    efficiency: 0.723751
    discharge_ratio: 0.5
    depth_of_discharge: 1.0
