cost_values:
  wind_capex: 5000.0
  wind_opex: 100
  wind_lifetime: 20
  solar_capex: 1000.0
  solar_opex: 10
  solar_lifetime: 20
  carbon_price: 1.0
timeseries_values:
  load_level: 246758.46858872188
  wind_year: 2012
  solar_year: 2013
  price_year: 2023
  carbon_year: 2023
storage_values:
  CAES:
    cost: 61.1344
    lifetime: 20.1511
    annual_cost: 3.0337996436919075
    efficiency: 0.56471
    discharge_ratio: 0.1
    depth_of_discharge: 0.4
  Li-ion:
    cost: 153.519
    lifetime: 19.5073
    annual_cost: 7.869823091868172
    efficiency: 0.951642
    discharge_ratio: 2
    depth_of_discharge: 0.9
  Pb-acid:
    cost: 193.448
    lifetime: 13.0282
    annual_cost: 14.848405765953855
    efficiency: 0.723868
    discharge_ratio: 5
    depth_of_discharge: 0.5
  VRBF:
    cost: 383.322
    lifetime: 20.8948
    annual_cost: 18.345329938549305
    efficiency: 0.732019
    discharge_ratio: 0.5
    depth_of_discharge: 1.0
