cost_values:
  wind_capex: 5000.0
  wind_opex: 100
  wind_lifetime: 20
  solar_capex: 1000.0
  solar_opex: 10
  solar_lifetime: 20
  carbon_price: 1.0
timeseries_values:
  load_level: 246758.46858872188
  wind_year: 2012
  solar_year: 2013
  price_year: 2023
  carbon_year: 2023
storage_values:
  CAES:
    cost: 67.4125
    lifetime: 20.3178
    annual_cost: 3.317903513175639
    efficiency: 0.561188
    discharge_ratio: 0.1
    depth_of_discharge: 0.4
  Li-ion:
    cost: 143.179
    lifetime: 19.5175
    annual_cost: 7.335929294223134
    efficiency: 0.919457
    discharge_ratio: 2
    depth_of_discharge: 0.9
  Pb-acid:
    cost: 183.304
    lifetime: 13.1915
    annual_cost: 13.895614600310807
    efficiency: 0.721978
    discharge_ratio: 5
    depth_of_discharge: 0.5
  VRBF:
    cost: 395.799
    lifetime: 18.9016
    annual_cost: 20.93997333559064
    efficiency: 0.736532
    discharge_ratio: 0.5
    depth_of_discharge: 1.0
