cost_values:
  wind_capex: 5000.0
  wind_opex: 100
  wind_lifetime: 20
  solar_capex: 1000.0
  solar_opex: 10
  solar_lifetime: 20
  carbon_price: 1.0
timeseries_values:
  load_level: 246758.46858872188
  wind_year: 2012
  solar_year: 2013
  price_year: 2023
  carbon_year: 2023
storage_values:
  CAES:
    cost: 56.4994
    lifetime: 20.0452
    annual_cost: 2.8185999640811765
    efficiency: 0.575401
    discharge_ratio: 0.1
    depth_of_discharge: 0.4
  Li-ion:
    cost: 149.202
    lifetime: 17.2846
    annual_cost: 8.6320771091029
    efficiency: 0.947974
    discharge_ratio: 2
    depth_of_discharge: 0.9
  Pb-acid:
    cost: 166.636
    lifetime: 11.718
    annual_cost: 14.220515446321897
    efficiency: 0.701263
    discharge_ratio: 5
    depth_of_discharge: 0.5
  VRBF:
    cost: 396.282
    lifetime: 22.2949
    annual_cost: 17.774558307056772
    efficiency: 0.74031
    discharge_ratio: 0.5
    depth_of_discharge: 1.0
