cost_values:
  wind_capex: 5000.0
  wind_opex: 100
  wind_lifetime: 20
  solar_capex: 1000.0
  solar_opex: 10
  solar_lifetime: 20
  carbon_price: 1.0
timeseries_values:
  load_level: 246758.46858872188
  wind_year: 2012
  solar_year: 2013
  price_year: 2023
  carbon_year: 2023
storage_values:
  CAES:
    cost: 57.7491
    lifetime: 20.1298
    annual_cost: 2.868836252719848
    efficiency: 0.558986
    discharge_ratio: 0.1
    depth_of_discharge: 0.4
  Li-ion:
    cost: 149.347
    lifetime: 19.8699
    annual_cost: 7.516243161767296
    efficiency: 0.936629
    discharge_ratio: 2
    depth_of_discharge: 0.9
  Pb-acid:
    cost: 165.407
    lifetime: 13.474
    annual_cost: 12.276013062193856
    efficiency: 0.725992
    discharge_ratio: 5
    depth_of_discharge: 0.5
  VRBF:
    cost: 377.056
    lifetime: 23.1218
    annual_cost: 16.307380913250697
    efficiency: 0.7441
    discharge_ratio: 0.5
    depth_of_discharge: 1.0
