cost_values:
  wind_capex: 5000.0
  wind_opex: 100
  wind_lifetime: 20
  solar_capex: 1000.0
  solar_opex: 10
  solar_lifetime: 20
  carbon_price: 1.0
timeseries_values:
  load_level: 246758.46858872188
  wind_year: 2012
  solar_year: 2013
  price_year: 2023
  carbon_year: 2023
storage_values:
  CAES:
    cost: 64.8054
    lifetime: 20.5126
    annual_cost: 3.159297212445034
    efficiency: 0.566734
    discharge_ratio: 0.1
    depth_of_discharge: 0.4
  Li-ion:
    cost: 149.43
    lifetime: 21.3832
    annual_cost: 6.98819634105279
    efficiency: 0.937964
    discharge_ratio: 2
    depth_of_discharge: 0.9
  Pb-acid:
    cost: 154.763
    lifetime: 11.9228
    annual_cost: 12.980424061462072
    efficiency: 0.729761
    discharge_ratio: 5
    depth_of_discharge: 0.5
  VRBF:
    cost: 376.97
    lifetime: 21.2909
    annual_cost: 17.705686466988244
    efficiency: 0.706262
    discharge_ratio: 0.5
    depth_of_discharge: 1.0
