cost_values:
  wind_capex: 5000.0
  wind_opex: 100
  wind_lifetime: 20
  solar_capex: 1000.0
  solar_opex: 10
  solar_lifetime: 20
  carbon_price: 1.0
timeseries_values:
  load_level: 246758.46858872188
  wind_year: 2012
  solar_year: 2013
  price_year: 2023
  carbon_year: 2023
storage_values:
  CAES:
    cost: 60.475
    lifetime: 20.3898
    annual_cost: 2.9659437561918214
    efficiency: 0.567069
    discharge_ratio: 0.1
    depth_of_discharge: 0.4
  Li-ion:
    cost: 175.532
    lifetime: 18.7687
    annual_cost: 9.352379227117488
    efficiency: 0.935552
    discharge_ratio: 2
    depth_of_discharge: 0.9
  Pb-acid:
    cost: 163.676
    lifetime: 11.8337
    annual_cost: 13.831346070966815
    efficiency: 0.736648
    discharge_ratio: 5
    depth_of_discharge: 0.5
  VRBF:
    cost: 362.831
    lifetime: 19.9486
    annual_cost: 18.188293915362483
    efficiency: 0.757385
    discharge_ratio: 0.5
    depth_of_discharge: 1.0
