cost_values:
  wind_capex: 5000.0
  wind_opex: 100
  wind_lifetime: 20
  solar_capex: 1000.0
  solar_opex: 10
  solar_lifetime: 20
  carbon_price: 1.0
timeseries_values:
  load_level: 246758.46858872188
  wind_year: 2012
  solar_year: 2013
  price_year: 2023
  carbon_year: 2023
storage_values:
  CAES:
    cost: 67.2397
    lifetime: 20.3742
    annual_cost: 3.300237555339596
    efficiency: 0.563214
    discharge_ratio: 0.1
    depth_of_discharge: 0.4
  Li-ion:
    cost: 164.336
    lifetime: 19.1595
    annual_cost: 8.577259323051228
    efficiency: 0.939027
    discharge_ratio: 2
    depth_of_discharge: 0.9
  Pb-acid:
    cost: 181.423
    lifetime: 12.6418
    annual_cost: 14.351041782024712
    efficiency: 0.72049
    discharge_ratio: 5
    depth_of_discharge: 0.5
  VRBF:
    cost: 388.794
    lifetime: 21.8034
    annual_cost: 17.831806048597926
    efficiency: 0.709688
    discharge_ratio: 0.5
    depth_of_discharge: 1.0
