cost_values:
  wind_capex: 5000.0
  wind_opex: 100
  wind_lifetime: 20
  solar_capex: 1000.0
  solar_opex: 10
  solar_lifetime: 20
  carbon_price: 1.0
timeseries_values:
  load_level: 246758.46858872188
  wind_year: 2012
  solar_year: 2013
  price_year: 2023
  carbon_year: 2023
storage_values:
  CAES:
    cost: 61.0953
    lifetime: 20.5282
    annual_cost: 2.976164495669372
    efficiency: 0.56346
    discharge_ratio: 0.1
    depth_of_discharge: 0.4
  Li-ion:
    cost: 152.638
    lifetime: 19.7042
    annual_cost: 7.746470295673004
    efficiency: 0.940035
    discharge_ratio: 2
    depth_of_discharge: 0.9
  Pb-acid:
    cost: 167.46
    lifetime: 12.6594
    annual_cost: 13.228115076543913
    efficiency: 0.731708
    discharge_ratio: 5
    depth_of_discharge: 0.5
  VRBF:
    cost: 394.009
    lifetime: 19.5931
    annual_cost: 20.109579392745406
    efficiency: 0.742564
    discharge_ratio: 0.5
    depth_of_discharge: 1.0
