cost_values:
  wind_capex: 5000.0
  wind_opex: 100
  wind_lifetime: 20
  solar_capex: 1000.0
  solar_opex: 10
  solar_lifetime: 20
  carbon_price: 1.0
timeseries_values:
  load_level: 246758.46858872188
  wind_year: 2012
  solar_year: 2013
  price_year: 2023
  carbon_year: 2023
storage_values:
  CAES:
    cost: 57.577
    lifetime: 20.1418
    annual_cost: 2.858582649018459
    efficiency: 0.558539
    discharge_ratio: 0.1
    depth_of_discharge: 0.4
  Li-ion:
    cost: 150.246
    lifetime: 21.9089
    annual_cost: 6.857761001236941
    efficiency: 0.94328
    discharge_ratio: 2
    depth_of_discharge: 0.9
  Pb-acid:
    cost: 187.68
    lifetime: 11.9647
    annual_cost: 15.686143405183582
    efficiency: 0.732756
    discharge_ratio: 5
    depth_of_discharge: 0.5
  VRBF:
    cost: 392.387
    lifetime: 20.5774
    annual_cost: 19.068832797146385
    efficiency: 0.744357
    discharge_ratio: 0.5
    depth_of_discharge: 1.0
