cost_values:
  wind_capex: 5000.0
  wind_opex: 100
  wind_lifetime: 20
  solar_capex: 1000.0
  solar_opex: 10
  solar_lifetime: 20
  carbon_price: 1.0
timeseries_values:
  load_level: 246758.46858872188
  wind_year: 2012
  solar_year: 2013
  price_year: 2023
  carbon_year: 2023
storage_values:
  CAES:
    cost: 56.6341
    lifetime: 20.4648
    annual_cost: 2.767390836949298
    efficiency: 0.561849
    discharge_ratio: 0.1
    depth_of_discharge: 0.4
  Li-ion:
    cost: 149.197
    lifetime: 18.7178
    annual_cost: 7.970861960273109
    efficiency: 0.94636
    discharge_ratio: 2
    depth_of_discharge: 0.9
  Pb-acid:
    cost: 180.169
    lifetime: 13.6976
    annual_cost: 13.153326130124986
    efficiency: 0.723498
    discharge_ratio: 5
    depth_of_discharge: 0.5
  VRBF:
    cost: 382.746
    lifetime: 21.4606
    annual_cost: 17.834822884728293
    efficiency: 0.73038
    discharge_ratio: 0.5
    depth_of_discharge: 1.0
