cost_values:
  wind_capex: 5000.0
  wind_opex: 100
  wind_lifetime: 20
  solar_capex: 1000.0
  solar_opex: 10
  solar_lifetime: 20
  carbon_price: 1.0
timeseries_values:
  load_level: 246758.46858872188
  wind_year: 2012
  solar_year: 2013
  price_year: 2023
  carbon_year: 2023
storage_values:
  CAES:
    cost: 60.8874
    lifetime: 20.0343
    annual_cost: 3.0391578442970304
    efficiency: 0.575792
    discharge_ratio: 0.1
    depth_of_discharge: 0.4
  Li-ion:
    cost: 136.222
    lifetime: 20.2991
    annual_cost: 6.71074087028489
    efficiency: 0.940152
    discharge_ratio: 2
    depth_of_discharge: 0.9
  Pb-acid:
    cost: 172.068
    lifetime: 10.8521
    annual_cost: 15.855732991771179
    efficiency: 0.70517
    discharge_ratio: 5
    depth_of_discharge: 0.5
  VRBF:
    cost: 393.132
    lifetime: 21.5501
    annual_cost: 18.242699569839584
    efficiency: 0.725336
    discharge_ratio: 0.5
    depth_of_discharge: 1.0
