cost_values:
  wind_capex: 5000.0
  wind_opex: 100
  wind_lifetime: 20
  solar_capex: 1000.0
  solar_opex: 10
  solar_lifetime: 20
  carbon_price: 1.0
timeseries_values:
  load_level: 246758.46858872188
  wind_year: 2012
  solar_year: 2013
  price_year: 2023
  carbon_year: 2023
storage_values:
  CAES:
    cost: 59.4082
    lifetime: 21.0841
    annual_cost: 2.8176777761441087
    efficiency: 0.565552
    discharge_ratio: 0.1
    depth_of_discharge: 0.4
  Li-ion:
    cost: 165.121
    lifetime: 20.1973
    annual_cost: 8.175399682135732
    efficiency: 0.945564
    discharge_ratio: 2
    depth_of_discharge: 0.9
  Pb-acid:
    cost: 159.115
    lifetime: 10.8306
    annual_cost: 14.691245175705872
    efficiency: 0.722022
    discharge_ratio: 5
    depth_of_discharge: 0.5
  VRBF:
    cost: 377.043
    lifetime: 20.5481
    annual_cost: 18.349287768698808
    efficiency: 0.743134
    discharge_ratio: 0.5
    depth_of_discharge: 1.0
