cost_values:
  wind_capex: 5000.0
  wind_opex: 100
  wind_lifetime: 20
  solar_capex: 1000.0
  solar_opex: 10
  solar_lifetime: 20
  carbon_price: 1.0
timeseries_values:
  load_level: 246758.46858872188
  wind_year: 2012
  solar_year: 2013
  price_year: 2023
  carbon_year: 2023
storage_values:
  CAES:
    cost: 67.1792
    lifetime: 20.1321
    annual_cost: 3.3369196457398878
    efficiency: 0.561584
    discharge_ratio: 0.1
    depth_of_discharge: 0.4
  Li-ion:
    cost: 175.902
    lifetime: 17.7711
    annual_cost: 9.898205513445987
    efficiency: 0.933249
    discharge_ratio: 2
    depth_of_discharge: 0.9
  Pb-acid:
    cost: 134.394
    lifetime: 11.9757
    annual_cost: 11.222225005636414
    efficiency: 0.716327
    discharge_ratio: 5
    depth_of_discharge: 0.5
  VRBF:
    cost: 362.546
    lifetime: 19.1053
    annual_cost: 18.97620032137679
    efficiency: 0.738271
    discharge_ratio: 0.5
    depth_of_discharge: 1.0
