cost_values:
  wind_capex: 5000.0
  wind_opex: 100
  wind_lifetime: 20
  solar_capex: 1000.0
  solar_opex: 10
  solar_lifetime: 20
  carbon_price: 1.0
timeseries_values:
  load_level: 246758.46858872188
  wind_year: 2012
  solar_year: 2013
  price_year: 2023
  carbon_year: 2023
storage_values:
  CAES:
    cost: 61.1186
    lifetime: 20.256
    annual_cost: 3.0173084518167457
    efficiency: 0.566619
    discharge_ratio: 0.1
    depth_of_discharge: 0.4
  Li-ion:
    cost: 169.18
    lifetime: 19.7899
    annual_cost: 8.548805198611413
    efficiency: 0.94862
    discharge_ratio: 2
    depth_of_discharge: 0.9
  Pb-acid:
    cost: 185.613
    lifetime: 10.6665
    annual_cost: 17.401490648291382
    efficiency: 0.717032
    discharge_ratio: 5
    depth_of_discharge: 0.5
  VRBF:
    cost: 389.343
    lifetime: 21.8225
    annual_cost: 17.841356398212852
    efficiency: 0.746099
    discharge_ratio: 0.5
    depth_of_discharge: 1.0
