cost_values:
  wind_capex: 5000.0
  wind_opex: 100
  wind_lifetime: 20
  solar_capex: 1000.0
  solar_opex: 10
  solar_lifetime: 20
  carbon_price: 1.0
timeseries_values:
  load_level: 246758.46858872188
  wind_year: 2012
  solar_year: 2013
  price_year: 2023
  carbon_year: 2023
storage_values:
  CAES:
    cost: 60.9554
    lifetime: 20.6569
    annual_cost: 2.950849353000692
    efficiency: 0.577216
    discharge_ratio: 0.1
    depth_of_discharge: 0.4
  Li-ion:
    cost: 144.327
    lifetime: 20.368
    annual_cost: 7.085968185388846
    efficiency: 0.933583
    discharge_ratio: 2
    depth_of_discharge: 0.9
  Pb-acid:
    cost: 178.052
    lifetime: 11.9545
    annual_cost: 14.894140281902212
    efficiency: 0.713408
    discharge_ratio: 5
    depth_of_discharge: 0.5
  VRBF:
    cost: 378.69
    lifetime: 21.8928
    annual_cost: 17.297467660600745
    efficiency: 0.728831
    discharge_ratio: 0.5
    depth_of_discharge: 1.0
