cost_values:
  wind_capex: 5000.0
  wind_opex: 100
  wind_lifetime: 20
  solar_capex: 1000.0
  solar_opex: 10
  solar_lifetime: 20
  carbon_price: 1.0
timeseries_values:
  load_level: 246758.46858872188
  wind_year: 2012
  solar_year: 2013
  price_year: 2023
  carbon_year: 2023
storage_values:
  CAES:
    cost: 58.8352
    lifetime: 20.3766
    annual_cost: 2.8873904380514905
    efficiency: 0.574832
    discharge_ratio: 0.1
    depth_of_discharge: 0.4
  Li-ion:
    cost: 162.033
    lifetime: 17.4463
    annual_cost: 9.287528014536033
    efficiency: 0.944465
    discharge_ratio: 2
    depth_of_discharge: 0.9
  Pb-acid:
    cost: 168.989
    lifetime: 12.3752
    annual_cost: 13.655456073437199
    efficiency: 0.734598
    discharge_ratio: 5
    depth_of_discharge: 0.5
  VRBF:
    cost: 393.049
    lifetime: 21.1278
    annual_cost: 18.603404045854276
    efficiency: 0.728663
    discharge_ratio: 0.5
    depth_of_discharge: 1.0
