cost_values:
  wind_capex: 5000.0
  wind_opex: 100
  wind_lifetime: 20
  solar_capex: 1000.0
  solar_opex: 10
  solar_lifetime: 20
  carbon_price: 1.0
timeseries_values:
  load_level: 246758.46858872188
  wind_year: 2012
  solar_year: 2013
  price_year: 2023
  carbon_year: 2023
storage_values:
  CAES:
    cost: 64.1445
    lifetime: 20.1216
    annual_cost: 3.1878429150763354
    efficiency: 0.564022
    discharge_ratio: 0.1
    depth_of_discharge: 0.4
  Li-ion:
    cost: 149.826
    lifetime: 22.3689
    annual_cost: 6.697960114265788
    efficiency: 0.953658
    discharge_ratio: 2
    depth_of_discharge: 0.9
  Pb-acid:
    cost: 169.149
    lifetime: 12.2186
    annual_cost: 13.843566366032114
    efficiency: 0.731877
    discharge_ratio: 5
    depth_of_discharge: 0.5
  VRBF:
    cost: 342.225
    lifetime: 20.0658
    annual_cost: 17.055138594025657
    efficiency: 0.745281
    discharge_ratio: 0.5
    depth_of_discharge: 1.0
