cost_values:
  wind_capex: 5000.0
  wind_opex: 100
  wind_lifetime: 20
  solar_capex: 1000.0
  solar_opex: 10
  solar_lifetime: 20
  carbon_price: 1.0
timeseries_values:
  load_level: 246758.46858872188
  wind_year: 2012
  solar_year: 2013
  price_year: 2023
  carbon_year: 2023
storage_values:
  CAES:
    cost: 62.6299
    lifetime: 21.0261
    annual_cost: 2.978674124064853
    efficiency: 0.572506
    discharge_ratio: 0.1
    depth_of_discharge: 0.4
  Li-ion:
    cost: 142.503
    lifetime: 18.735
    annual_cost: 7.606244995996797
    efficiency: 0.937951
    discharge_ratio: 2
    depth_of_discharge: 0.9
  Pb-acid:
    cost: 181.847
    lifetime: 14.107
    annual_cost: 12.890550790387753
    efficiency: 0.731384
    discharge_ratio: 5
    depth_of_discharge: 0.5
  VRBF:
    cost: 394.417
    lifetime: 22.8079
    annual_cost: 17.292999355486476
    efficiency: 0.738774
    discharge_ratio: 0.5
    depth_of_discharge: 1.0
