cost_values:
  wind_capex: 5000.0
  wind_opex: 100
  wind_lifetime: 20
  solar_capex: 1000.0
  solar_opex: 10
  solar_lifetime: 20
  carbon_price: 1.0
timeseries_values:
  load_level: 246758.46858872188
  wind_year: 2012
  solar_year: 2013
  price_year: 2023
  carbon_year: 2023
storage_values:
  CAES:
    cost: 59.6912
    lifetime: 20.4035
    annual_cost: 2.925537285269684
    efficiency: 0.562671
    discharge_ratio: 0.1
    depth_of_discharge: 0.4
  Li-ion:
    cost: 156.108
    lifetime: 19.0396
    annual_cost: 8.199121830290553
    efficiency: 0.949971
    discharge_ratio: 2
    depth_of_discharge: 0.9
  Pb-acid:
    cost: 165.383
    lifetime: 13.0254
    annual_cost: 12.696961321725245
    efficiency: 0.729593
    discharge_ratio: 5
    depth_of_discharge: 0.5
  VRBF:
    cost: 376.76
    lifetime: 19.14
    annual_cost: 19.684430512016718
    efficiency: 0.7316
    discharge_ratio: 0.5
    depth_of_discharge: 1.0
