cost_values:
  wind_capex: 5000.0
  wind_opex: 100
  wind_lifetime: 20
  solar_capex: 1000.0
  solar_opex: 10
  solar_lifetime: 20
  carbon_price: 1.0
timeseries_values:
  load_level: 246758.46858872188
  wind_year: 2012
  solar_year: 2013
  price_year: 2023
  carbon_year: 2023
storage_values:
  CAES:
    cost: 61.6882
    lifetime: 21.4414
    annual_cost: 2.87706026658707
    efficiency: 0.56634
    discharge_ratio: 0.1
    depth_of_discharge: 0.4
  Li-ion:
    cost: 182.723
    lifetime: 19.0749
    annual_cost: 9.57923763689456
    efficiency: 0.941219
    discharge_ratio: 2
    depth_of_discharge: 0.9
  Pb-acid:
    cost: 185.156
    lifetime: 13.5709
    annual_cost: 13.643605066723651
    efficiency: 0.716357
    discharge_ratio: 5
    depth_of_discharge: 0.5
  VRBF:
    cost: 386.175
    lifetime: 20.0345
    annual_cost: 19.275499762908982
    efficiency: 0.744826
    discharge_ratio: 0.5
    depth_of_discharge: 1.0
