cost_values:
  wind_capex: 5000.0
  wind_opex: 100
  wind_lifetime: 20
  solar_capex: 1000.0
  solar_opex: 10
  solar_lifetime: 20
  carbon_price: 1.0
timeseries_values:
  load_level: 246758.46858872188
  wind_year: 2012
  solar_year: 2013
  price_year: 2023
  carbon_year: 2023
storage_values:
  CAES:
    cost: 60.0374
    lifetime: 20.0043
    annual_cost: 3.001224736681613
    efficiency: 0.570287
    discharge_ratio: 0.1
    depth_of_discharge: 0.4
  Li-ion:
    cost: 158.633
    lifetime: 21.3135
    annual_cost: 7.442841391606259
    efficiency: 0.929184
    discharge_ratio: 2
    depth_of_discharge: 0.9
  Pb-acid:
    cost: 170.978
    lifetime: 12.6695
    annual_cost: 13.4952444847863
    efficiency: 0.719759
    discharge_ratio: 5
    depth_of_discharge: 0.5
  VRBF:
    cost: 380.371
    lifetime: 21.3411
    annual_cost: 17.823401792784814
    efficiency: 0.727194
    discharge_ratio: 0.5
    depth_of_discharge: 1.0
