cost_values:
  wind_capex: 5000.0
  wind_opex: 100
  wind_lifetime: 20
  solar_capex: 1000.0
  solar_opex: 10
  solar_lifetime: 20
  carbon_price: 1.0
timeseries_values:
  load_level: 246758.46858872188
  wind_year: 2012
  solar_year: 2013
  price_year: 2023
  carbon_year: 2023
storage_values:
  CAES:
    cost: 69.9202
    lifetime: 20.5439
    annual_cost: 3.4034530931322675
    efficiency: 0.562892
    discharge_ratio: 0.1
    depth_of_discharge: 0.4
  Li-ion:
    cost: 159.549
    lifetime: 19.5859
    annual_cost: 8.146115317651985
    efficiency: 0.947518
    discharge_ratio: 2
    depth_of_discharge: 0.9
  Pb-acid:
    cost: 197.338
    lifetime: 11.3455
    annual_cost: 17.393504032435768
    efficiency: 0.719868
    discharge_ratio: 5
    depth_of_discharge: 0.5
  VRBF:
    cost: 387.1
    lifetime: 20.1027
    annual_cost: 19.256119824700168
    efficiency: 0.725029
    discharge_ratio: 0.5
    depth_of_discharge: 1.0
