cost_values:
  wind_capex: 5000.0
  wind_opex: 100
  wind_lifetime: 20
  solar_capex: 1000.0
  solar_opex: 10
  solar_lifetime: 20
  carbon_price: 1.0
timeseries_values:
  load_level: 246758.46858872188
  wind_year: 2012
  solar_year: 2013
  price_year: 2023
  carbon_year: 2023
storage_values:
  CAES:
    cost: 65.7454
    lifetime: 20.016
    annual_cost: 3.2846422861710636
    efficiency: 0.56224
    discharge_ratio: 0.1
    depth_of_discharge: 0.4
  Li-ion:
    cost: 137.143
    lifetime: 21.2673
    annual_cost: 6.4485383664122855
    efficiency: 0.949975
    discharge_ratio: 2
    depth_of_discharge: 0.9
  Pb-acid:
    cost: 189.578
    lifetime: 12.8921
    annual_cost: 14.704974364145485
    efficiency: 0.711851
    discharge_ratio: 5
    depth_of_discharge: 0.5
  VRBF:
    cost: 374.573
    lifetime: 19.328
    annual_cost: 19.37981167218543
    efficiency: 0.748465
    discharge_ratio: 0.5
    depth_of_discharge: 1.0
