cost_values:
  wind_capex: 5000.0
  wind_opex: 100
  wind_lifetime: 20
  solar_capex: 1000.0
  solar_opex: 10
  solar_lifetime: 20
  carbon_price: 1.0
timeseries_values:
  load_level: 246758.46858872188
  wind_year: 2012
  solar_year: 2013
  price_year: 2023
  carbon_year: 2023
storage_values:
  CAES:
    cost: 55.1487
    lifetime: 20.6813
    annual_cost: 2.6665973609009104
    efficiency: 0.565173
    discharge_ratio: 0.1
    depth_of_discharge: 0.4
  Li-ion:
    cost: 151.592
    lifetime: 20.3128
    annual_cost: 7.46288054822575
    efficiency: 0.936485
    discharge_ratio: 2
    depth_of_discharge: 0.9
  Pb-acid:
    cost: 160.253
    lifetime: 12.4525
    annual_cost: 12.869142742421198
    efficiency: 0.723208
    discharge_ratio: 5
    depth_of_discharge: 0.5
  VRBF:
    cost: 384.444
    lifetime: 20.7671
    annual_cost: 18.512165877758573
    efficiency: 0.754441
    discharge_ratio: 0.5
    depth_of_discharge: 1.0
