cost_values:
  wind_capex: 5000.0
  wind_opex: 100
  wind_lifetime: 20
  solar_capex: 1000.0
  solar_opex: 10
  solar_lifetime: 20
  carbon_price: 1.0
timeseries_values:
  load_level: 246758.46858872188
  wind_year: 2012
  solar_year: 2013
  price_year: 2023
  carbon_year: 2023
storage_values:
  CAES:
    cost: 64.8363
    lifetime: 20.3181
    annual_cost: 3.1910611720584106
    efficiency: 0.562318
    discharge_ratio: 0.1
    depth_of_discharge: 0.4
  Li-ion:
    cost: 146.676
    lifetime: 19.7742
    annual_cost: 7.417544072579421
    efficiency: 0.932317
    discharge_ratio: 2
    depth_of_discharge: 0.9
  Pb-acid:
    cost: 173.057
    lifetime: 11.1156
    annual_cost: 15.568840188563819
    efficiency: 0.727092
    discharge_ratio: 5
    depth_of_discharge: 0.5
  VRBF:
    cost: 395.847
    lifetime: 20.6058
    annual_cost: 19.2104650147046
    efficiency: 0.743933
    discharge_ratio: 0.5
    depth_of_discharge: 1.0
