cost_values:
  wind_capex: 5000.0
  wind_opex: 100
  wind_lifetime: 20
  solar_capex: 1000.0
  solar_opex: 10
  solar_lifetime: 20
  carbon_price: 1.0
timeseries_values:
  load_level: 246758.46858872188
  wind_year: 2012
  solar_year: 2013
  price_year: 2023
  carbon_year: 2023
storage_values:
  CAES:
    cost: 59.4145
    lifetime: 20.8342
    annual_cost: 2.851777366061572
    efficiency: 0.551116
    discharge_ratio: 0.1
    depth_of_discharge: 0.4
  Li-ion:
    cost: 137.304
    lifetime: 17.984
    annual_cost: 7.634786476868327
    efficiency: 0.937514
    discharge_ratio: 2
    depth_of_discharge: 0.9
  Pb-acid:
    cost: 174.259
    lifetime: 12.2762
    annual_cost: 14.194864860461706
    efficiency: 0.73195
    discharge_ratio: 5
    depth_of_discharge: 0.5
  VRBF:
    cost: 390.502
    lifetime: 19.955
    annual_cost: 19.56913054372338
    efficiency: 0.73886
    discharge_ratio: 0.5
    depth_of_discharge: 1.0
