cost_values:
  wind_capex: 5000.0
  wind_opex: 100
  wind_lifetime: 20
  solar_capex: 1000.0
  solar_opex: 10
  solar_lifetime: 20
  carbon_price: 1.0
timeseries_values:
  load_level: 246758.46858872188
  wind_year: 2012
  solar_year: 2013
  price_year: 2023
  carbon_year: 2023
storage_values:
  CAES:
    cost: 61.4609
    lifetime: 20.5316
    annual_cost: 2.9934783455746263
    efficiency: 0.568414
    discharge_ratio: 0.1
    depth_of_discharge: 0.4
  Li-ion:
    cost: 146.963
    lifetime: 19.9544
    annual_cost: 7.364942067914845
    efficiency: 0.955088
    discharge_ratio: 2
    depth_of_discharge: 0.9
  Pb-acid:
    cost: 189.913
    lifetime: 11.9477
    annual_cost: 15.895360613339808
    efficiency: 0.720732
    discharge_ratio: 5
    depth_of_discharge: 0.5
  VRBF:
    cost: 387.634
    lifetime: 18.5524
    annual_cost: 20.894008322373388
    efficiency: 0.733967
    discharge_ratio: 0.5
    depth_of_discharge: 1.0
