cost_values:
  wind_capex: 5000.0
  wind_opex: 100
  wind_lifetime: 20
  solar_capex: 1000.0
  solar_opex: 10
  solar_lifetime: 20
  carbon_price: 1.0
timeseries_values:
  load_level: 246758.46858872188
  wind_year: 2012
  solar_year: 2013
  price_year: 2023
  carbon_year: 2023
storage_values:
  CAES:
    cost: 63.1524
    lifetime: 20.2756
    annual_cost: 3.114699441693464
    efficiency: 0.566279
    discharge_ratio: 0.1
    depth_of_discharge: 0.4
  Li-ion:
    cost: 146.899
    lifetime: 21.242
    annual_cost: 6.91549759909613
    efficiency: 0.938986
    discharge_ratio: 2
    depth_of_discharge: 0.9
  Pb-acid:
    cost: 185.293
    lifetime: 11.3312
    annual_cost: 16.352460463146002
    efficiency: 0.722541
    discharge_ratio: 5
    depth_of_discharge: 0.5
  VRBF:
    cost: 388.05
    lifetime: 20.429
    annual_cost: 18.995056047775222
    efficiency: 0.754478
    discharge_ratio: 0.5
    depth_of_discharge: 1.0
