cost_values:
  wind_capex: 5000.0
  wind_opex: 100
  wind_lifetime: 20
  solar_capex: 1000.0
  solar_opex: 10
  solar_lifetime: 20
  carbon_price: 1.0
timeseries_values:
  load_level: 246758.46858872188
  wind_year: 2012
  solar_year: 2013
  price_year: 2023
  carbon_year: 2023
storage_values:
  CAES:
    cost: 60.1186
    lifetime: 20.3832
    annual_cost: 2.949419129479179
    efficiency: 0.572552
    discharge_ratio: 0.1
    depth_of_discharge: 0.4
  Li-ion:
    cost: 142.469
    lifetime: 19.452
    annual_cost: 7.324131194735759
    efficiency: 0.939661
    discharge_ratio: 2
    depth_of_discharge: 0.9
  Pb-acid:
    cost: 192.269
    lifetime: 12.789
    annual_cost: 15.033935413245759
    efficiency: 0.714189
    discharge_ratio: 5
    depth_of_discharge: 0.5
  VRBF:
    cost: 396.547
    lifetime: 20.6033
    annual_cost: 19.246771148311193
    efficiency: 0.721147
    discharge_ratio: 0.5
    depth_of_discharge: 1.0
