cost_values:
  wind_capex: 5000.0
  wind_opex: 100
  wind_lifetime: 20
  solar_capex: 1000.0
  solar_opex: 10
  solar_lifetime: 20
  carbon_price: 1.0
timeseries_values:
  load_level: 246758.46858872188
  wind_year: 2012
  solar_year: 2013
  price_year: 2023
  carbon_year: 2023
storage_values:
  CAES:
    cost: 59.9509
    lifetime: 20.2781
    annual_cost: 2.9564357607468157
    efficiency: 0.562669
    discharge_ratio: 0.1
    depth_of_discharge: 0.4
  Li-ion:
    cost: 147.596
    lifetime: 18.1196
    annual_cost: 8.145654429457604
    efficiency: 0.936449
    discharge_ratio: 2
    depth_of_discharge: 0.9
  Pb-acid:
    cost: 176.949
    lifetime: 14.1157
    annual_cost: 12.535616370424421
    efficiency: 0.730826
    discharge_ratio: 5
    depth_of_discharge: 0.5
  VRBF:
    cost: 349.914
    lifetime: 21.8952
    annual_cost: 15.981310972267895
    efficiency: 0.73228
    discharge_ratio: 0.5
    depth_of_discharge: 1.0
