cost_values:
  wind_capex: 5000.0
  wind_opex: 100
  wind_lifetime: 20
  solar_capex: 1000.0
  solar_opex: 10
  solar_lifetime: 20
  carbon_price: 1.0
timeseries_values:
  load_level: 246758.46858872188
  wind_year: 2012
  solar_year: 2013
  price_year: 2023
  carbon_year: 2023
storage_values:
  CAES:
    cost: 57.5408
    lifetime: 20.395
    annual_cost: 2.8213189507232164
    efficiency: 0.562718
    discharge_ratio: 0.1
    depth_of_discharge: 0.4
  Li-ion:
    cost: 151.463
    lifetime: 19.0113
    annual_cost: 7.966998574531989
    efficiency: 0.945211
    discharge_ratio: 2
    depth_of_discharge: 0.9
  Pb-acid:
    cost: 183.496
    lifetime: 11.0253
    annual_cost: 16.643175242397035
    efficiency: 0.721623
    discharge_ratio: 5
    depth_of_discharge: 0.5
  VRBF:
    cost: 371.852
    lifetime: 21.0255
    annual_cost: 17.685762526455967
    efficiency: 0.730481
    discharge_ratio: 0.5
    depth_of_discharge: 1.0
