cost_values:
  wind_capex: 5000.0
  wind_opex: 100
  wind_lifetime: 20
  solar_capex: 1000.0
  solar_opex: 10
  solar_lifetime: 20
  carbon_price: 1.0
timeseries_values:
  load_level: 246758.46858872188
  wind_year: 2012
  solar_year: 2013
  price_year: 2023
  carbon_year: 2023
storage_values:
  CAES:
    cost: 59.8337
    lifetime: 20.5073
    annual_cost: 2.917678095117348
    efficiency: 0.563309
    discharge_ratio: 0.1
    depth_of_discharge: 0.4
  Li-ion:
    cost: 161.867
    lifetime: 18.9745
    annual_cost: 8.530764974044112
    efficiency: 0.947788
    discharge_ratio: 2
    depth_of_discharge: 0.9
  Pb-acid:
    cost: 173.327
    lifetime: 13.1527
    annual_cost: 13.178054695993978
    efficiency: 0.717266
    discharge_ratio: 5
    depth_of_discharge: 0.5
  VRBF:
    cost: 386.348
    lifetime: 20.8655
    annual_cost: 18.51611511825741
    efficiency: 0.731008
    discharge_ratio: 0.5
    depth_of_discharge: 1.0
