cost_values:
  wind_capex: 5000.0
  wind_opex: 100
  wind_lifetime: 20
  solar_capex: 1000.0
  solar_opex: 10
  solar_lifetime: 20
  carbon_price: 1.0
timeseries_values:
  load_level: 246758.46858872188
  wind_year: 2012
  solar_year: 2013
  price_year: 2023
  carbon_year: 2023
storage_values:
  CAES:
    cost: 57.8447
    lifetime: 20.2926
    annual_cost: 2.850531720922898
    efficiency: 0.554044
    discharge_ratio: 0.1
    depth_of_discharge: 0.4
  Li-ion:
    cost: 160.319
    lifetime: 17.7659
    annual_cost: 9.023972891888393
    efficiency: 0.941464
    discharge_ratio: 2
    depth_of_discharge: 0.9
  Pb-acid:
    cost: 161.081
    lifetime: 11.8276
    annual_cost: 13.61907741215462
    efficiency: 0.716776
    discharge_ratio: 5
    depth_of_discharge: 0.5
  VRBF:
    cost: 379.075
    lifetime: 19.824
    annual_cost: 19.122023809523807
    efficiency: 0.751677
    discharge_ratio: 0.5
    depth_of_discharge: 1.0
