cost_values:
  wind_capex: 5000.0
  wind_opex: 100
  wind_lifetime: 20
  solar_capex: 1000.0
  solar_opex: 10
  solar_lifetime: 20
  carbon_price: 1.0
timeseries_values:
  load_level: 246758.46858872188
  wind_year: 2012
  solar_year: 2013
  price_year: 2023
  carbon_year: 2023
storage_values:
  CAES:
    cost: 59.1846
    lifetime: 20.1851
    annual_cost: 2.9320934748898946
    efficiency: 0.562764
    discharge_ratio: 0.1
    depth_of_discharge: 0.4
  Li-ion:
    cost: 157.02
    lifetime: 18.8207
    annual_cost: 8.342941548401495
    efficiency: 0.948407
    discharge_ratio: 2
    depth_of_discharge: 0.9
  Pb-acid:
    cost: 161.079
    lifetime: 11.6561
    annual_cost: 13.819287754909446
    efficiency: 0.720082
    discharge_ratio: 5
    depth_of_discharge: 0.5
  VRBF:
    cost: 397.194
    lifetime: 20.8447
    annual_cost: 19.054915638027893
    efficiency: 0.722811
    discharge_ratio: 0.5
    depth_of_discharge: 1.0
