cost_values:
  wind_capex: 5000.0
  wind_opex: 100
  wind_lifetime: 20
  solar_capex: 1000.0
  solar_opex: 10
  solar_lifetime: 20
  carbon_price: 1.0
timeseries_values:
  load_level: 246758.46858872188
  wind_year: 2012
  solar_year: 2013
  price_year: 2023
  carbon_year: 2023
storage_values:
  CAES:
    cost: 54.0405
    lifetime: 20.3078
    annual_cost: 2.6610711155319633
    efficiency: 0.562342
    discharge_ratio: 0.1
    depth_of_discharge: 0.4
  Li-ion:
    cost: 169.281
    lifetime: 19.337
    annual_cost: 8.754253503645861
    efficiency: 0.949985
    discharge_ratio: 2
    depth_of_discharge: 0.9
  Pb-acid:
    cost: 199.184
    lifetime: 12.2822
    annual_cost: 16.217290062041002
    efficiency: 0.729825
    discharge_ratio: 5
    depth_of_discharge: 0.5
  VRBF:
    cost: 370.728
    lifetime: 18.8214
    annual_cost: 19.697153240460327
    efficiency: 0.729089
    discharge_ratio: 0.5
    depth_of_discharge: 1.0
