cost_values:
  wind_capex: 5000.0
  wind_opex: 100
  wind_lifetime: 20
  solar_capex: 1000.0
  solar_opex: 10
  solar_lifetime: 20
  carbon_price: 1.0
timeseries_values:
  load_level: 246758.46858872188
  wind_year: 2012
  solar_year: 2013
  price_year: 2023
  carbon_year: 2023
storage_values:
  CAES:
    cost: 63.4932
    lifetime: 20.0987
    annual_cost: 3.1590699896013175
    efficiency: 0.56441
    discharge_ratio: 0.1
    depth_of_discharge: 0.4
  Li-ion:
    cost: 142.047
    lifetime: 21.2189
    annual_cost: 6.69436210171121
    efficiency: 0.937777
    discharge_ratio: 2
    depth_of_discharge: 0.9
  Pb-acid:
    cost: 162.81
    lifetime: 13.1311
    annual_cost: 12.398808934514244
    efficiency: 0.712048
    discharge_ratio: 5
    depth_of_discharge: 0.5
  VRBF:
    cost: 371.853
    lifetime: 18.4038
    annual_cost: 20.20522935480716
    efficiency: 0.717997
    discharge_ratio: 0.5
    depth_of_discharge: 1.0
