cost_values:
  wind_capex: 5000.0
  wind_opex: 100
  wind_lifetime: 20
  solar_capex: 1000.0
  solar_opex: 10
  solar_lifetime: 20
  carbon_price: 1.0
timeseries_values:
  load_level: 246758.46858872188
  wind_year: 2012
  solar_year: 2013
  price_year: 2023
  carbon_year: 2023
storage_values:
  CAES:
    cost: 59.8369
    lifetime: 20.3997
    annual_cost: 2.933224508203552
    efficiency: 0.565905
    discharge_ratio: 0.1
    depth_of_discharge: 0.4
  Li-ion:
    cost: 149.55
    lifetime: 18.492
    annual_cost: 8.087280986372486
    efficiency: 0.942678
    discharge_ratio: 2
    depth_of_discharge: 0.9
  Pb-acid:
    cost: 149.681
    lifetime: 12.4354
    annual_cost: 12.036685591134987
    efficiency: 0.726044
    discharge_ratio: 5
    depth_of_discharge: 0.5
  VRBF:
    cost: 399.456
    lifetime: 21.6479
    annual_cost: 18.452413398066327
    efficiency: 0.747734
    discharge_ratio: 0.5
    depth_of_discharge: 1.0
