cost_values:
  wind_capex: 5000.0
  wind_opex: 100
  wind_lifetime: 20
  solar_capex: 1000.0
  solar_opex: 10
  solar_lifetime: 20
  carbon_price: 1.0
timeseries_values:
  load_level: 246758.46858872188
  wind_year: 2012
  solar_year: 2013
  price_year: 2023
  carbon_year: 2023
storage_values:
  CAES:
    cost: 58.746
    lifetime: 20.479
    annual_cost: 2.8685970994677477
    efficiency: 0.558261
    discharge_ratio: 0.1
    depth_of_discharge: 0.4
  Li-ion:
    cost: 152.063
    lifetime: 19.3809
    annual_cost: 7.846023662471814
    efficiency: 0.945599
    discharge_ratio: 2
    depth_of_discharge: 0.9
  Pb-acid:
    cost: 165.828
    lifetime: 10.5635
    annual_cost: 15.698206086997681
    efficiency: 0.708388
    discharge_ratio: 5
    depth_of_discharge: 0.5
  VRBF:
    cost: 380.725
    lifetime: 18.7013
    annual_cost: 20.358210391790948
    efficiency: 0.733154
    discharge_ratio: 0.5
    depth_of_discharge: 1.0
