cost_values:
  wind_capex: 5000.0
  wind_opex: 100
  wind_lifetime: 20
  solar_capex: 1000.0
  solar_opex: 10
  solar_lifetime: 20
  carbon_price: 1.0
timeseries_values:
  load_level: 246758.46858872188
  wind_year: 2012
  solar_year: 2013
  price_year: 2023
  carbon_year: 2023
storage_values:
  CAES:
    cost: 66.0835
    lifetime: 21.196
    annual_cost: 3.1177344782034346
    efficiency: 0.561724
    discharge_ratio: 0.1
    depth_of_discharge: 0.4
  Li-ion:
    cost: 159.543
    lifetime: 21.0991
    annual_cost: 7.561602153646365
    efficiency: 0.945426
    discharge_ratio: 2
    depth_of_discharge: 0.9
  Pb-acid:
    cost: 183.024
    lifetime: 11.6601
    annual_cost: 15.696606375588546
    efficiency: 0.72511
    discharge_ratio: 5
    depth_of_discharge: 0.5
  VRBF:
    cost: 365.663
    lifetime: 24.2987
    annual_cost: 15.048665154925985
    efficiency: 0.736914
    discharge_ratio: 0.5
    depth_of_discharge: 1.0
