cost_values:
  wind_capex: 5000.0
  wind_opex: 100
  wind_lifetime: 20
  solar_capex: 1000.0
  solar_opex: 10
  solar_lifetime: 20
  carbon_price: 1.0
timeseries_values:
  load_level: 246758.46858872188
  wind_year: 2012
  solar_year: 2013
  price_year: 2023
  carbon_year: 2023
storage_values:
  CAES:
    cost: 61.4908
    lifetime: 20.7005
    annual_cost: 2.970498297142581
    efficiency: 0.56942
    discharge_ratio: 0.1
    depth_of_discharge: 0.4
  Li-ion:
    cost: 131.057
    lifetime: 17.8507
    annual_cost: 7.341840936209784
    efficiency: 0.954921
    discharge_ratio: 2
    depth_of_discharge: 0.9
  Pb-acid:
    cost: 190.701
    lifetime: 10.8207
    annual_cost: 17.623721201031355
    efficiency: 0.720403
    discharge_ratio: 5
    depth_of_discharge: 0.5
  VRBF:
    cost: 393.191
    lifetime: 18.661
    annual_cost: 21.070199882107065
    efficiency: 0.721201
    discharge_ratio: 0.5
    depth_of_discharge: 1.0
