cost_values:
  wind_capex: 5000.0
  wind_opex: 100
  wind_lifetime: 20
  solar_capex: 1000.0
  solar_opex: 10
  solar_lifetime: 20
  carbon_price: 1.0
timeseries_values:
  load_level: 246758.46858872188
  wind_year: 2012
  solar_year: 2013
  price_year: 2023
  carbon_year: 2023
storage_values:
  CAES:
    cost: 57.5644
    lifetime: 20.5401
    annual_cost: 2.802537475474803
    efficiency: 0.56613
    discharge_ratio: 0.1
    depth_of_discharge: 0.4
  Li-ion:
    cost: 140.052
    lifetime: 19.1926
    annual_cost: 7.297187457665975
    efficiency: 0.94212
    discharge_ratio: 2
    depth_of_discharge: 0.9
  Pb-acid:
    cost: 186.872
    lifetime: 11.692
    annual_cost: 15.982894286691756
    efficiency: 0.712563
    discharge_ratio: 5
    depth_of_discharge: 0.5
  VRBF:
    cost: 388.927
    lifetime: 20.6634
    annual_cost: 18.82202348113089
    efficiency: 0.726199
    discharge_ratio: 0.5
    depth_of_discharge: 1.0
