cost_values:
  wind_capex: 5000.0
  wind_opex: 100
  wind_lifetime: 20
  solar_capex: 1000.0
  solar_opex: 10
  solar_lifetime: 20
  carbon_price: 1.0
timeseries_values:
  load_level: 246758.46858872188
  wind_year: 2012
  solar_year: 2013
  price_year: 2023
  carbon_year: 2023
storage_values:
  CAES:
    cost: 63.4763
    lifetime: 20.0258
    annual_cost: 3.1697260533911256
    efficiency: 0.558842
    discharge_ratio: 0.1
    depth_of_discharge: 0.4
  Li-ion:
    cost: 134.002
    lifetime: 20.3611
    annual_cost: 6.581275078458433
    efficiency: 0.944602
    discharge_ratio: 2
    depth_of_discharge: 0.9
  Pb-acid:
    cost: 162.546
    lifetime: 11.873
    annual_cost: 13.690389960414386
    efficiency: 0.736658
    discharge_ratio: 5
    depth_of_discharge: 0.5
  VRBF:
    cost: 352.953
    lifetime: 20.4372
    annual_cost: 17.270125066056014
    efficiency: 0.74641
    discharge_ratio: 0.5
    depth_of_discharge: 1.0
