cost_values:
  wind_capex: 5000.0
  wind_opex: 100
  wind_lifetime: 20
  solar_capex: 1000.0
  solar_opex: 10
  solar_lifetime: 20
  carbon_price: 1.0
timeseries_values:
  load_level: 240028.87604351828
  wind_year: 2015
  solar_year: 2017
  price_year: 2023
  carbon_year: 2023
storage_values:
  CAES:
    cost: 57.1716
    lifetime: 23.8754
    annual_cost: 2.3945818708796502
    efficiency: 0.629299
    discharge_ratio: 0.1
    depth_of_discharge: 0.4
  Li-ion:
    cost: 260.94
    lifetime: 18.5324
    annual_cost: 14.080205477973712
    efficiency: 0.931815
    discharge_ratio: 2
    depth_of_discharge: 0.9
  Pb-acid:
    cost: 112.242
    lifetime: 12.0673
    annual_cost: 9.301335012803197
    efficiency: 0.65143
    discharge_ratio: 5
    depth_of_discharge: 0.5
  VRBF:
    cost: 249.178
    lifetime: 16.3129
    annual_cost: 15.274905136425774
    efficiency: 0.655627
    discharge_ratio: 0.5
    depth_of_discharge: 1.0
