cost_values:
  wind_capex: 5000.0
  wind_opex: 100
  wind_lifetime: 20
  solar_capex: 1000.0
  solar_opex: 10
  solar_lifetime: 20
  carbon_price: 1.0
timeseries_values:
  load_level: 240028.87604351828
  wind_year: 2015
  solar_year: 2017
  price_year: 2023
  carbon_year: 2023
storage_values:
  CAES:
    cost: 57.3934
    lifetime: 24.1525
    annual_cost: 2.376292309284753
    efficiency: 0.624564
    discharge_ratio: 0.1
    depth_of_discharge: 0.4
  Li-ion:
    cost: 248.724
    lifetime: 17.6809
    annual_cost: 14.067383447675173
    efficiency: 0.934608
    discharge_ratio: 2
    depth_of_discharge: 0.9
  Pb-acid:
    cost: 133.62
    lifetime: 9.11101
    annual_cost: 14.665772510402249
    efficiency: 0.659987
    discharge_ratio: 5
    depth_of_discharge: 0.5
  VRBF:
    cost: 300.466
    lifetime: 18.5877
    annual_cost: 16.164775631196974
    efficiency: 0.653927
    discharge_ratio: 0.5
    depth_of_discharge: 1.0
