cost_values:
  wind_capex: 5000.0
  wind_opex: 100
  wind_lifetime: 20
  solar_capex: 1000.0
  solar_opex: 10
  solar_lifetime: 20
  carbon_price: 1.0
timeseries_values:
  load_level: 240028.87604351828
  wind_year: 2015
  solar_year: 2017
  price_year: 2023
  carbon_year: 2023
storage_values:
  CAES:
    cost: 57.9028
    lifetime: 23.5933
    annual_cost: 2.4542052192783546
    efficiency: 0.6214
    discharge_ratio: 0.1
    depth_of_discharge: 0.4
  Li-ion:
    cost: 251.683
    lifetime: 17.6718
    annual_cost: 14.242069285528355
    efficiency: 0.914999
    discharge_ratio: 2
    depth_of_discharge: 0.9
  Pb-acid:
    cost: 112.2
    lifetime: 9.0781
    annual_cost: 12.35941441491061
    efficiency: 0.6571
    discharge_ratio: 5
    depth_of_discharge: 0.5
  VRBF:
    cost: 288.155
    lifetime: 17.4572
    annual_cost: 16.506369864583093
    efficiency: 0.664498
    discharge_ratio: 0.5
    depth_of_discharge: 1.0
