cost_values:
  wind_capex: 5000.0
  wind_opex: 100
  wind_lifetime: 20
  solar_capex: 1000.0
  solar_opex: 10
  solar_lifetime: 20
  carbon_price: 1.0
timeseries_values:
  load_level: 240028.87604351828
  wind_year: 2015
  solar_year: 2017
  price_year: 2023
  carbon_year: 2023
storage_values:
  CAES:
    cost: 56.9778
    lifetime: 23.4749
    annual_cost: 2.4271796684969904
    efficiency: 0.633058
    discharge_ratio: 0.1
    depth_of_discharge: 0.4
  Li-ion:
    cost: 254.24
    lifetime: 17.9884
    annual_cost: 14.133552733984125
    efficiency: 0.920436
    discharge_ratio: 2
    depth_of_discharge: 0.9
  Pb-acid:
    cost: 121.179
    lifetime: 11.9388
    annual_cost: 10.15001507689215
    efficiency: 0.661905
    discharge_ratio: 5
    depth_of_discharge: 0.5
  VRBF:
    cost: 250.055
    lifetime: 19.3055
    annual_cost: 12.952526482090597
    efficiency: 0.68226
    discharge_ratio: 0.5
    depth_of_discharge: 1.0
