cost_values:
  wind_capex: 5000.0
  wind_opex: 100
  wind_lifetime: 20
  solar_capex: 1000.0
  solar_opex: 10
  solar_lifetime: 20
  carbon_price: 1.0
timeseries_values:
  load_level: 240028.87604351828
  wind_year: 2015
  solar_year: 2017
  price_year: 2023
  carbon_year: 2023
storage_values:
  CAES:
    cost: 54.2593
    lifetime: 23.8438
    annual_cost: 2.275614625185583
    efficiency: 0.634294
    discharge_ratio: 0.1
    depth_of_discharge: 0.4
  Li-ion:
    cost: 246.768
    lifetime: 17.1771
    annual_cost: 14.366103707843584
    efficiency: 0.943268
    discharge_ratio: 2
    depth_of_discharge: 0.9
  Pb-acid:
    cost: 177.502
    lifetime: 10.2296
    annual_cost: 17.351802612027843
    efficiency: 0.670079
    discharge_ratio: 5
    depth_of_discharge: 0.5
  VRBF:
    cost: 245.962
    lifetime: 20.8611
    annual_cost: 11.790461672682648
    efficiency: 0.678792
    discharge_ratio: 0.5
    depth_of_discharge: 1.0
