cost_values:
  wind_capex: 5000.0
  wind_opex: 100
  wind_lifetime: 20
  solar_capex: 1000.0
  solar_opex: 10
  solar_lifetime: 20
  carbon_price: 1.0
timeseries_values:
  load_level: 240028.87604351828
  wind_year: 2015
  solar_year: 2017
  price_year: 2023
  carbon_year: 2023
storage_values:
  CAES:
    cost: 49.591
    lifetime: 24.8791
    annual_cost: 1.9932794996603573
    efficiency: 0.630951
    discharge_ratio: 0.1
    depth_of_discharge: 0.4
  Li-ion:
    cost: 256.19
    lifetime: 19.7739
    annual_cost: 12.955967209301148
    efficiency: 0.923215
    discharge_ratio: 2
    depth_of_discharge: 0.9
  Pb-acid:
    cost: 132.956
    lifetime: 9.3849
    annual_cost: 14.167012967639504
    efficiency: 0.656111
    discharge_ratio: 5
    depth_of_discharge: 0.5
  VRBF:
    cost: 285.261
    lifetime: 18.3633
    annual_cost: 15.534299390632405
    efficiency: 0.664185
    discharge_ratio: 0.5
    depth_of_discharge: 1.0
