cost_values:
  wind_capex: 5000.0
  wind_opex: 100
  wind_lifetime: 20
  solar_capex: 1000.0
  solar_opex: 10
  solar_lifetime: 20
  carbon_price: 1.0
timeseries_values:
  load_level: 240028.87604351828
  wind_year: 2015
  solar_year: 2017
  price_year: 2023
  carbon_year: 2023
storage_values:
  CAES:
    cost: 63.8952
    lifetime: 23.2308
    annual_cost: 2.75045198615631
    efficiency: 0.636693
    discharge_ratio: 0.1
    depth_of_discharge: 0.4
  Li-ion:
    cost: 234.541
    lifetime: 17.9369
    annual_cost: 13.07589382780748
    efficiency: 0.925514
    discharge_ratio: 2
    depth_of_discharge: 0.9
  Pb-acid:
    cost: 106.773
    lifetime: 9.47528
    annual_cost: 11.26858520275918
    efficiency: 0.653625
    discharge_ratio: 5
    depth_of_discharge: 0.5
  VRBF:
    cost: 292.69
    lifetime: 19.152
    annual_cost: 15.282477025898078
    efficiency: 0.674812
    discharge_ratio: 0.5
    depth_of_discharge: 1.0
