cost_values:
  wind_capex: 5000.0
  wind_opex: 100
  wind_lifetime: 20
  solar_capex: 1000.0
  solar_opex: 10
  solar_lifetime: 20
  carbon_price: 1.0
timeseries_values:
  load_level: 240028.87604351828
  wind_year: 2015
  solar_year: 2017
  price_year: 2023
  carbon_year: 2023
storage_values:
  CAES:
    cost: 60.5945
    lifetime: 23.7308
    annual_cost: 2.553411600114619
    efficiency: 0.628458
    discharge_ratio: 0.1
    depth_of_discharge: 0.4
  Li-ion:
    cost: 256.59
    lifetime: 17.3486
    annual_cost: 14.790242440312184
    efficiency: 0.945273
    discharge_ratio: 2
    depth_of_discharge: 0.9
  Pb-acid:
    cost: 134.638
    lifetime: 9.15297
    annual_cost: 14.70976087543169
    efficiency: 0.661285
    discharge_ratio: 5
    depth_of_discharge: 0.5
  VRBF:
    cost: 275.314
    lifetime: 18.4355
    annual_cost: 14.933904694746548
    efficiency: 0.667256
    discharge_ratio: 0.5
    depth_of_discharge: 1.0
