cost_values:
  wind_capex: 5000.0
  wind_opex: 100
  wind_lifetime: 20
  solar_capex: 1000.0
  solar_opex: 10
  solar_lifetime: 20
  carbon_price: 1.0
timeseries_values:
  load_level: 240028.87604351828
  wind_year: 2015
  solar_year: 2017
  price_year: 2023
  carbon_year: 2023
storage_values:
  CAES:
    cost: 55.9648
    lifetime: 23.5068
    annual_cost: 2.3807919410553544
    efficiency: 0.628179
    discharge_ratio: 0.1
    depth_of_discharge: 0.4
  Li-ion:
    cost: 257.914
    lifetime: 19.8199
    annual_cost: 13.012880993345071
    efficiency: 0.931651
    discharge_ratio: 2
    depth_of_discharge: 0.9
  Pb-acid:
    cost: 121.366
    lifetime: 10.376
    annual_cost: 11.69680030840401
    efficiency: 0.659008
    discharge_ratio: 5
    depth_of_discharge: 0.5
  VRBF:
    cost: 291.815
    lifetime: 16.511
    annual_cost: 17.673974925807038
    efficiency: 0.687446
    discharge_ratio: 0.5
    depth_of_discharge: 1.0
