cost_values:
  wind_capex: 5000.0
  wind_opex: 100
  wind_lifetime: 20
  solar_capex: 1000.0
  solar_opex: 10
  solar_lifetime: 20
  carbon_price: 1.0
timeseries_values:
  load_level: 240028.87604351828
  wind_year: 2015
  solar_year: 2017
  price_year: 2023
  carbon_year: 2023
storage_values:
  CAES:
    cost: 55.7829
    lifetime: 22.7253
    annual_cost: 2.4546606645456825
    efficiency: 0.62537
    discharge_ratio: 0.1
    depth_of_discharge: 0.4
  Li-ion:
    cost: 243.083
    lifetime: 17.1245
    annual_cost: 14.195042191012876
    efficiency: 0.914722
    discharge_ratio: 2
    depth_of_discharge: 0.9
  Pb-acid:
    cost: 132.063
    lifetime: 8.98064
    annual_cost: 14.705299399597356
    efficiency: 0.658375
    discharge_ratio: 5
    depth_of_discharge: 0.5
  VRBF:
    cost: 281.94
    lifetime: 17.8174
    annual_cost: 15.823857577424317
    efficiency: 0.687762
    discharge_ratio: 0.5
    depth_of_discharge: 1.0
