cost_values:
  wind_capex: 5000.0
  wind_opex: 100
  wind_lifetime: 20
  solar_capex: 1000.0
  solar_opex: 10
  solar_lifetime: 20
  carbon_price: 1.0
timeseries_values:
  load_level: 240028.87604351828
  wind_year: 2015
  solar_year: 2017
  price_year: 2023
  carbon_year: 2023
storage_values:
  CAES:
    cost: 62.1421
    lifetime: 23.4952
    annual_cost: 2.644884912663012
    efficiency: 0.61986
    discharge_ratio: 0.1
    depth_of_discharge: 0.4
  Li-ion:
    cost: 240.915
    lifetime: 17.1819
    annual_cost: 14.021441167740472
    efficiency: 0.914089
    discharge_ratio: 2
    depth_of_discharge: 0.9
  Pb-acid:
    cost: 151.397
    lifetime: 9.48556
    annual_cost: 15.960786711591092
    efficiency: 0.665354
    discharge_ratio: 5
    depth_of_discharge: 0.5
  VRBF:
    cost: 261.532
    lifetime: 19.1582
    annual_cost: 13.65117808562391
    efficiency: 0.677915
    discharge_ratio: 0.5
    depth_of_discharge: 1.0
