cost_values:
  wind_capex: 5000.0
  wind_opex: 100
  wind_lifetime: 20
  solar_capex: 1000.0
  solar_opex: 10
  solar_lifetime: 20
  carbon_price: 1.0
timeseries_values:
  load_level: 240028.87604351828
  wind_year: 2015
  solar_year: 2017
  price_year: 2023
  carbon_year: 2023
storage_values:
  CAES:
    cost: 55.7772
    lifetime: 23.6868
    annual_cost: 2.354779877400071
    efficiency: 0.638497
    discharge_ratio: 0.1
    depth_of_discharge: 0.4
  Li-ion:
    cost: 242.745
    lifetime: 19.3945
    annual_cost: 12.516177266750883
    efficiency: 0.928915
    discharge_ratio: 2
    depth_of_discharge: 0.9
  Pb-acid:
    cost: 142.012
    lifetime: 10.0365
    annual_cost: 14.149554127434863
    efficiency: 0.666972
    discharge_ratio: 5
    depth_of_discharge: 0.5
  VRBF:
    cost: 273.8
    lifetime: 17.7714
    annual_cost: 15.406777181313798
    efficiency: 0.668739
    discharge_ratio: 0.5
    depth_of_discharge: 1.0
