cost_values:
  wind_capex: 5000.0
  wind_opex: 100
  wind_lifetime: 20
  solar_capex: 1000.0
  solar_opex: 10
  solar_lifetime: 20
  carbon_price: 1.0
timeseries_values:
  load_level: 240028.87604351828
  wind_year: 2015
  solar_year: 2017
  price_year: 2023
  carbon_year: 2023
storage_values:
  CAES:
    cost: 59.5985
    lifetime: 23.4604
    annual_cost: 2.5403872056742425
    efficiency: 0.631491
    discharge_ratio: 0.1
    depth_of_discharge: 0.4
  Li-ion:
    cost: 247.658
    lifetime: 19.2584
    annual_cost: 12.85973912682258
    efficiency: 0.947024
    discharge_ratio: 2
    depth_of_discharge: 0.9
  Pb-acid:
    cost: 124.156
    lifetime: 9.66025
    annual_cost: 12.852255376413655
    efficiency: 0.662659
    discharge_ratio: 5
    depth_of_discharge: 0.5
  VRBF:
    cost: 283.592
    lifetime: 17.5048
    annual_cost: 16.200813491156712
    efficiency: 0.685671
    discharge_ratio: 0.5
    depth_of_discharge: 1.0
