cost_values:
  wind_capex: 5000.0
  wind_opex: 100
  wind_lifetime: 20
  solar_capex: 1000.0
  solar_opex: 10
  solar_lifetime: 20
  carbon_price: 1.0
timeseries_values:
  load_level: 240028.87604351828
  wind_year: 2015
  solar_year: 2017
  price_year: 2023
  carbon_year: 2023
storage_values:
  CAES:
    cost: 61.6546
    lifetime: 23.7988
    annual_cost: 2.590660033278989
    efficiency: 0.623742
    discharge_ratio: 0.1
    depth_of_discharge: 0.4
  Li-ion:
    cost: 252.682
    lifetime: 19.4066
    annual_cost: 13.02041573485309
    efficiency: 0.923346
    discharge_ratio: 2
    depth_of_discharge: 0.9
  Pb-acid:
    cost: 116.001
    lifetime: 11.1743
    annual_cost: 10.381052951862756
    efficiency: 0.653373
    discharge_ratio: 5
    depth_of_discharge: 0.5
  VRBF:
    cost: 300.094
    lifetime: 19.4392
    annual_cost: 15.437569447302359
    efficiency: 0.683208
    discharge_ratio: 0.5
    depth_of_discharge: 1.0
