cost_values:
  wind_capex: 5000.0
  wind_opex: 100
  wind_lifetime: 20
  solar_capex: 1000.0
  solar_opex: 10
  solar_lifetime: 20
  carbon_price: 1.0
timeseries_values:
  load_level: 240028.87604351828
  wind_year: 2015
  solar_year: 2017
  price_year: 2023
  carbon_year: 2023
storage_values:
  CAES:
    cost: 55.6398
    lifetime: 23.9553
    annual_cost: 2.3226509373708533
    efficiency: 0.641953
    discharge_ratio: 0.1
    depth_of_discharge: 0.4
  Li-ion:
    cost: 238.332
    lifetime: 16.6671
    annual_cost: 14.299548211746494
    efficiency: 0.920177
    discharge_ratio: 2
    depth_of_discharge: 0.9
  Pb-acid:
    cost: 148.932
    lifetime: 9.52959
    annual_cost: 15.628374358183299
    efficiency: 0.65134
    discharge_ratio: 5
    depth_of_discharge: 0.5
  VRBF:
    cost: 291.005
    lifetime: 18.2662
    annual_cost: 15.93133766191107
    efficiency: 0.698332
    discharge_ratio: 0.5
    depth_of_discharge: 1.0
