cost_values:
  wind_capex: 5000.0
  wind_opex: 100
  wind_lifetime: 20
  solar_capex: 1000.0
  solar_opex: 10
  solar_lifetime: 20
  carbon_price: 1.0
timeseries_values:
  load_level: 240028.87604351828
  wind_year: 2015
  solar_year: 2017
  price_year: 2023
  carbon_year: 2023
storage_values:
  CAES:
    cost: 61.1614
    lifetime: 22.818
    annual_cost: 2.680401437461653
    efficiency: 0.622331
    discharge_ratio: 0.1
    depth_of_discharge: 0.4
  Li-ion:
    cost: 263.829
    lifetime: 20.4547
    annual_cost: 12.898209213530388
    efficiency: 0.933278
    discharge_ratio: 2
    depth_of_discharge: 0.9
  Pb-acid:
    cost: 132.525
    lifetime: 9.07339
    annual_cost: 14.60589702415525
    efficiency: 0.662431
    discharge_ratio: 5
    depth_of_discharge: 0.5
  VRBF:
    cost: 257.301
    lifetime: 18.0336
    annual_cost: 14.267866648922011
    efficiency: 0.657444
    discharge_ratio: 0.5
    depth_of_discharge: 1.0
