cost_values:
  wind_capex: 5000.0
  wind_opex: 100
  wind_lifetime: 20
  solar_capex: 1000.0
  solar_opex: 10
  solar_lifetime: 20
  carbon_price: 1.0
timeseries_values:
  load_level: 240028.87604351828
  wind_year: 2015
  solar_year: 2017
  price_year: 2023
  carbon_year: 2023
storage_values:
  CAES:
    cost: 56.2834
    lifetime: 23.4917
    annual_cost: 2.3958845038886074
    efficiency: 0.641619
    discharge_ratio: 0.1
    depth_of_discharge: 0.4
  Li-ion:
    cost: 254.253
    lifetime: 18.1395
    annual_cost: 14.016538493343255
    efficiency: 0.927794
    discharge_ratio: 2
    depth_of_discharge: 0.9
  Pb-acid:
    cost: 130.591
    lifetime: 9.65492
    annual_cost: 13.525850032936575
    efficiency: 0.650675
    discharge_ratio: 5
    depth_of_discharge: 0.5
  VRBF:
    cost: 281.281
    lifetime: 18.34
    annual_cost: 15.33702290076336
    efficiency: 0.67399
    discharge_ratio: 0.5
    depth_of_discharge: 1.0
