cost_values:
  wind_capex: 5000.0
  wind_opex: 100
  wind_lifetime: 20
  solar_capex: 1000.0
  solar_opex: 10
  solar_lifetime: 20
  carbon_price: 1.0
timeseries_values:
  load_level: 240028.87604351828
  wind_year: 2015
  solar_year: 2017
  price_year: 2023
  carbon_year: 2023
storage_values:
  CAES:
    cost: 62.5361
    lifetime: 24.1084
    annual_cost: 2.5939548041346585
    efficiency: 0.630223
    discharge_ratio: 0.1
    depth_of_discharge: 0.4
  Li-ion:
    cost: 229.573
    lifetime: 16.0131
    annual_cost: 14.336574429685694
    efficiency: 0.92766
    discharge_ratio: 2
    depth_of_discharge: 0.9
  Pb-acid:
    cost: 134.381
    lifetime: 10.1892
    annual_cost: 13.188572213716485
    efficiency: 0.662227
    discharge_ratio: 5
    depth_of_discharge: 0.5
  VRBF:
    cost: 267.978
    lifetime: 20.1185
    annual_cost: 13.319979123692123
    efficiency: 0.664948
    discharge_ratio: 0.5
    depth_of_discharge: 1.0
