cost_values:
  wind_capex: 5000.0
  wind_opex: 100
  wind_lifetime: 20
  solar_capex: 1000.0
  solar_opex: 10
  solar_lifetime: 20
  carbon_price: 1.0
timeseries_values:
  load_level: 240028.87604351828
  wind_year: 2015
  solar_year: 2017
  price_year: 2023
  carbon_year: 2023
storage_values:
  CAES:
    cost: 56.2284
    lifetime: 23.4497
    annual_cost: 2.397830249427498
    efficiency: 0.635189
    discharge_ratio: 0.1
    depth_of_discharge: 0.4
  Li-ion:
    cost: 255.614
    lifetime: 18.8535
    annual_cost: 13.557907019916726
    efficiency: 0.942993
    discharge_ratio: 2
    depth_of_discharge: 0.9
  Pb-acid:
    cost: 134.289
    lifetime: 11.2815
    annual_cost: 11.90347028320702
    efficiency: 0.655355
    discharge_ratio: 5
    depth_of_discharge: 0.5
  VRBF:
    cost: 253.44
    lifetime: 19.4085
    annual_cost: 13.058196151170879
    efficiency: 0.662739
    discharge_ratio: 0.5
    depth_of_discharge: 1.0
