cost_values:
  wind_capex: 5000.0
  wind_opex: 100
  wind_lifetime: 20
  solar_capex: 1000.0
  solar_opex: 10
  solar_lifetime: 20
  carbon_price: 1.0
timeseries_values:
  load_level: 240028.87604351828
  wind_year: 2015
  solar_year: 2017
  price_year: 2023
  carbon_year: 2023
storage_values:
  CAES:
    cost: 59.7539
    lifetime: 24.0778
    annual_cost: 2.481700985970479
    efficiency: 0.636426
    discharge_ratio: 0.1
    depth_of_discharge: 0.4
  Li-ion:
    cost: 258.612
    lifetime: 18.5248
    annual_cost: 13.96031266194507
    efficiency: 0.924814
    discharge_ratio: 2
    depth_of_discharge: 0.9
  Pb-acid:
    cost: 132.464
    lifetime: 9.15718
    annual_cost: 14.46558875112207
    efficiency: 0.654241
    discharge_ratio: 5
    depth_of_discharge: 0.5
  VRBF:
    cost: 243.771
    lifetime: 17.816
    annual_cost: 13.682700942972609
    efficiency: 0.673481
    discharge_ratio: 0.5
    depth_of_discharge: 1.0
