cost_values:
  wind_capex: 5000.0
  wind_opex: 100
  wind_lifetime: 20
  solar_capex: 1000.0
  solar_opex: 10
  solar_lifetime: 20
  carbon_price: 1.0
timeseries_values:
  load_level: 240028.87604351828
  wind_year: 2015
  solar_year: 2017
  price_year: 2023
  carbon_year: 2023
storage_values:
  CAES:
    cost: 58.026
    lifetime: 24.6412
    annual_cost: 2.354836615099914
    efficiency: 0.633658
    discharge_ratio: 0.1
    depth_of_discharge: 0.4
  Li-ion:
    cost: 258.361
    lifetime: 16.8697
    annual_cost: 15.315091554680876
    efficiency: 0.923701
    discharge_ratio: 2
    depth_of_discharge: 0.9
  Pb-acid:
    cost: 127.598
    lifetime: 10.4886
    annual_cost: 12.165398623267166
    efficiency: 0.656746
    discharge_ratio: 5
    depth_of_discharge: 0.5
  VRBF:
    cost: 277.933
    lifetime: 18.0043
    annual_cost: 15.437034486206072
    efficiency: 0.664217
    discharge_ratio: 0.5
    depth_of_discharge: 1.0
