cost_values:
  wind_capex: 5000.0
  wind_opex: 100
  wind_lifetime: 20
  solar_capex: 1000.0
  solar_opex: 10
  solar_lifetime: 20
  carbon_price: 1.0
timeseries_values:
  load_level: 240028.87604351828
  wind_year: 2015
  solar_year: 2017
  price_year: 2023
  carbon_year: 2023
storage_values:
  CAES:
    cost: 54.4267
    lifetime: 23.908
    annual_cost: 2.2765057721264848
    efficiency: 0.624041
    discharge_ratio: 0.1
    depth_of_discharge: 0.4
  Li-ion:
    cost: 244.285
    lifetime: 16.7289
    annual_cost: 14.602573988726098
    efficiency: 0.942816
    discharge_ratio: 2
    depth_of_discharge: 0.9
  Pb-acid:
    cost: 129.905
    lifetime: 9.76865
    annual_cost: 13.298152764199763
    efficiency: 0.656827
    discharge_ratio: 5
    depth_of_discharge: 0.5
  VRBF:
    cost: 300.68
    lifetime: 20.0027
    annual_cost: 15.031970683957665
    efficiency: 0.69898
    discharge_ratio: 0.5
    depth_of_discharge: 1.0
