cost_values:
  wind_capex: 5000.0
  wind_opex: 100
  wind_lifetime: 20
  solar_capex: 1000.0
  solar_opex: 10
  solar_lifetime: 20
  carbon_price: 1.0
timeseries_values:
  load_level: 240028.87604351828
  wind_year: 2015
  solar_year: 2017
  price_year: 2023
  carbon_year: 2023
storage_values:
  CAES:
    cost: 58.2469
    lifetime: 23.3159
    annual_cost: 2.4981621983281794
    efficiency: 0.624914
    discharge_ratio: 0.1
    depth_of_discharge: 0.4
  Li-ion:
    cost: 237.97
    lifetime: 17.2572
    annual_cost: 13.789606656931598
    efficiency: 0.914433
    discharge_ratio: 2
    depth_of_discharge: 0.9
  Pb-acid:
    cost: 128.475
    lifetime: 10.4049
    annual_cost: 12.347547789983565
    efficiency: 0.667816
    discharge_ratio: 5
    depth_of_discharge: 0.5
  VRBF:
    cost: 241.163
    lifetime: 18.3185
    annual_cost: 13.16499713404482
    efficiency: 0.671434
    discharge_ratio: 0.5
    depth_of_discharge: 1.0
