cost_values:
  wind_capex: 5000.0
  wind_opex: 100
  wind_lifetime: 20
  solar_capex: 1000.0
  solar_opex: 10
  solar_lifetime: 20
  carbon_price: 1.0
timeseries_values:
  load_level: 240028.87604351828
  wind_year: 2015
  solar_year: 2017
  price_year: 2023
  carbon_year: 2023
storage_values:
  CAES:
    cost: 60.6435
    lifetime: 23.3026
    annual_cost: 2.602434921425077
    efficiency: 0.626942
    discharge_ratio: 0.1
    depth_of_discharge: 0.4
  Li-ion:
    cost: 249.67
    lifetime: 16.8857
    annual_cost: 14.785883913607371
    efficiency: 0.942069
    discharge_ratio: 2
    depth_of_discharge: 0.9
  Pb-acid:
    cost: 130.833
    lifetime: 9.14937
    annual_cost: 14.299673092245696
    efficiency: 0.655754
    discharge_ratio: 5
    depth_of_discharge: 0.5
  VRBF:
    cost: 274.851
    lifetime: 16.6539
    annual_cost: 16.503701835606073
    efficiency: 0.665966
    discharge_ratio: 0.5
    depth_of_discharge: 1.0
