cost_values:
  wind_capex: 5000.0
  wind_opex: 100
  wind_lifetime: 20
  solar_capex: 1000.0
  solar_opex: 10
  solar_lifetime: 20
  carbon_price: 1.0
timeseries_values:
  load_level: 240028.87604351828
  wind_year: 2015
  solar_year: 2017
  price_year: 2023
  carbon_year: 2023
storage_values:
  CAES:
    cost: 56.3261
    lifetime: 24.4644
    annual_cost: 2.3023699743300465
    efficiency: 0.630325
    discharge_ratio: 0.1
    depth_of_discharge: 0.4
  Li-ion:
    cost: 239.96
    lifetime: 18.3104
    annual_cost: 13.105120587207269
    efficiency: 0.92826
    discharge_ratio: 2
    depth_of_discharge: 0.9
  Pb-acid:
    cost: 140.123
    lifetime: 11.7307
    annual_cost: 11.944981970385397
    efficiency: 0.651801
    discharge_ratio: 5
    depth_of_discharge: 0.5
  VRBF:
    cost: 284.471
    lifetime: 20.0831
    annual_cost: 14.164695689410499
    efficiency: 0.678614
    discharge_ratio: 0.5
    depth_of_discharge: 1.0
