cost_values:
  wind_capex: 5000.0
  wind_opex: 100
  wind_lifetime: 20
  solar_capex: 1000.0
  solar_opex: 10
  solar_lifetime: 20
  carbon_price: 1.0
timeseries_values:
  load_level: 240028.87604351828
  wind_year: 2015
  solar_year: 2017
  price_year: 2023
  carbon_year: 2023
storage_values:
  CAES:
    cost: 53.6668
    lifetime: 24.4154
    annual_cost: 2.1980717088395028
    efficiency: 0.631648
    discharge_ratio: 0.1
    depth_of_discharge: 0.4
  Li-ion:
    cost: 255.313
    lifetime: 16.9247
    annual_cost: 15.085230461987507
    efficiency: 0.927528
    discharge_ratio: 2
    depth_of_discharge: 0.9
  Pb-acid:
    cost: 132.291
    lifetime: 10.5807
    annual_cost: 12.503048002495108
    efficiency: 0.668742
    discharge_ratio: 5
    depth_of_discharge: 0.5
  VRBF:
    cost: 278.471
    lifetime: 19.2567
    annual_cost: 14.460992797312105
    efficiency: 0.677666
    discharge_ratio: 0.5
    depth_of_discharge: 1.0
