cost_values:
  wind_capex: 5000.0
  wind_opex: 100
  wind_lifetime: 20
  solar_capex: 1000.0
  solar_opex: 10
  solar_lifetime: 20
  carbon_price: 1.0
timeseries_values:
  load_level: 240028.87604351828
  wind_year: 2015
  solar_year: 2017
  price_year: 2023
  carbon_year: 2023
storage_values:
  CAES:
    cost: 62.0036
    lifetime: 24.836
    annual_cost: 2.496521178933806
    efficiency: 0.622845
    discharge_ratio: 0.1
    depth_of_discharge: 0.4
  Li-ion:
    cost: 248.03
    lifetime: 17.3363
    annual_cost: 14.306974383230562
    efficiency: 0.908091
    discharge_ratio: 2
    depth_of_discharge: 0.9
  Pb-acid:
    cost: 131.495
    lifetime: 11.164
    annual_cost: 11.778484414188464
    efficiency: 0.67019
    discharge_ratio: 5
    depth_of_discharge: 0.5
  VRBF:
    cost: 300.28
    lifetime: 19.0122
    annual_cost: 15.794069071438338
    efficiency: 0.66634
    discharge_ratio: 0.5
    depth_of_discharge: 1.0
