cost_values:
  wind_capex: 5000.0
  wind_opex: 100
  wind_lifetime: 20
  solar_capex: 1000.0
  solar_opex: 10
  solar_lifetime: 20
  carbon_price: 1.0
timeseries_values:
  load_level: 240028.87604351828
  wind_year: 2015
  solar_year: 2017
  price_year: 2023
  carbon_year: 2023
storage_values:
  CAES:
    cost: 61.4614
    lifetime: 23.5567
    annual_cost: 2.609083615277182
    efficiency: 0.619328
    discharge_ratio: 0.1
    depth_of_discharge: 0.4
  Li-ion:
    cost: 252.915
    lifetime: 18.5574
    annual_cost: 13.628794982055675
    efficiency: 0.928296
    discharge_ratio: 2
    depth_of_discharge: 0.9
  Pb-acid:
    cost: 127.574
    lifetime: 9.61814
    annual_cost: 13.263895098220653
    efficiency: 0.659903
    discharge_ratio: 5
    depth_of_discharge: 0.5
  VRBF:
    cost: 264.909
    lifetime: 21.0667
    annual_cost: 12.57477440700252
    efficiency: 0.665068
    discharge_ratio: 0.5
    depth_of_discharge: 1.0
