cost_values:
  wind_capex: 5000.0
  wind_opex: 100
  wind_lifetime: 20
  solar_capex: 1000.0
  solar_opex: 10
  solar_lifetime: 20
  carbon_price: 1.0
timeseries_values:
  load_level: 240028.87604351828
  wind_year: 2015
  solar_year: 2017
  price_year: 2023
  carbon_year: 2023
storage_values:
  CAES:
    cost: 60.0195
    lifetime: 23.3516
    annual_cost: 2.570252145463266
    efficiency: 0.629368
    discharge_ratio: 0.1
    depth_of_discharge: 0.4
  Li-ion:
    cost: 243.829
    lifetime: 15.9031
    annual_cost: 15.332167942099339
    efficiency: 0.915844
    discharge_ratio: 2
    depth_of_discharge: 0.9
  Pb-acid:
    cost: 133.19
    lifetime: 11.6997
    annual_cost: 11.384052582544852
    efficiency: 0.651086
    discharge_ratio: 5
    depth_of_discharge: 0.5
  VRBF:
    cost: 293.745
    lifetime: 19.1084
    annual_cost: 15.372558665299032
    efficiency: 0.653168
    discharge_ratio: 0.5
    depth_of_discharge: 1.0
