cost_values:
  wind_capex: 5000.0
  wind_opex: 100
  wind_lifetime: 20
  solar_capex: 1000.0
  solar_opex: 10
  solar_lifetime: 20
  carbon_price: 1.0
timeseries_values:
  load_level: 240028.87604351828
  wind_year: 2015
  solar_year: 2017
  price_year: 2023
  carbon_year: 2023
storage_values:
  CAES:
    cost: 66.5361
    lifetime: 24.1553
    annual_cost: 2.754513502212765
    efficiency: 0.636448
    discharge_ratio: 0.1
    depth_of_discharge: 0.4
  Li-ion:
    cost: 263.469
    lifetime: 17.8938
    annual_cost: 14.72403849377997
    efficiency: 0.934977
    discharge_ratio: 2
    depth_of_discharge: 0.9
  Pb-acid:
    cost: 145.029
    lifetime: 9.37509
    annual_cost: 15.46961149172968
    efficiency: 0.652942
    discharge_ratio: 5
    depth_of_discharge: 0.5
  VRBF:
    cost: 280.714
    lifetime: 20.5116
    annual_cost: 13.685621794496772
    efficiency: 0.683202
    discharge_ratio: 0.5
    depth_of_discharge: 1.0
