cost_values:
  wind_capex: 5000.0
  wind_opex: 100
  wind_lifetime: 20
  solar_capex: 1000.0
  solar_opex: 10
  solar_lifetime: 20
  carbon_price: 1.0
timeseries_values:
  load_level: 240028.87604351828
  wind_year: 2015
  solar_year: 2017
  price_year: 2023
  carbon_year: 2023
storage_values:
  CAES:
    cost: 58.6353
    lifetime: 23.8047
    annual_cost: 2.4631816406003857
    efficiency: 0.635307
    discharge_ratio: 0.1
    depth_of_discharge: 0.4
  Li-ion:
    cost: 255.093
    lifetime: 17.8546
    annual_cost: 14.287242503332473
    efficiency: 0.929946
    discharge_ratio: 2
    depth_of_discharge: 0.9
  Pb-acid:
    cost: 145.855
    lifetime: 9.87518
    annual_cost: 14.769857359562051
    efficiency: 0.653428
    discharge_ratio: 5
    depth_of_discharge: 0.5
  VRBF:
    cost: 270.065
    lifetime: 16.6862
    annual_cost: 16.18493126056262
    efficiency: 0.677325
    discharge_ratio: 0.5
    depth_of_discharge: 1.0
