cost_values:
  wind_capex: 5000.0
  wind_opex: 100
  wind_lifetime: 20
  solar_capex: 1000.0
  solar_opex: 10
  solar_lifetime: 20
  carbon_price: 1.0
timeseries_values:
  load_level: 240028.87604351828
  wind_year: 2015
  solar_year: 2017
  price_year: 2023
  carbon_year: 2023
storage_values:
  CAES:
    cost: 61.6411
    lifetime: 23.3358
    annual_cost: 2.641482186168891
    efficiency: 0.638735
    discharge_ratio: 0.1
    depth_of_discharge: 0.4
  Li-ion:
    cost: 255.663
    lifetime: 17.7971
    annual_cost: 14.36543032291778
    efficiency: 0.934394
    discharge_ratio: 2
    depth_of_discharge: 0.9
  Pb-acid:
    cost: 134.547
    lifetime: 10.5696
    annual_cost: 12.729620799273388
    efficiency: 0.651732
    discharge_ratio: 5
    depth_of_discharge: 0.5
  VRBF:
    cost: 261.085
    lifetime: 18.0342
    annual_cost: 14.477215512748002
    efficiency: 0.672995
    discharge_ratio: 0.5
    depth_of_discharge: 1.0
