cost_values:
  wind_capex: 5000.0
  wind_opex: 100
  wind_lifetime: 20
  solar_capex: 1000.0
  solar_opex: 10
  solar_lifetime: 20
  carbon_price: 1.0
timeseries_values:
  load_level: 240028.87604351828
  wind_year: 2015
  solar_year: 2017
  price_year: 2023
  carbon_year: 2023
storage_values:
  CAES:
    cost: 58.5158
    lifetime: 24.1776
    annual_cost: 2.4202484944742237
    efficiency: 0.62725
    discharge_ratio: 0.1
    depth_of_discharge: 0.4
  Li-ion:
    cost: 247.193
    lifetime: 16.7406
    annual_cost: 14.766077679414119
    efficiency: 0.932036
    discharge_ratio: 2
    depth_of_discharge: 0.9
  Pb-acid:
    cost: 135.994
    lifetime: 9.83411
    annual_cost: 13.828806063792248
    efficiency: 0.653519
    discharge_ratio: 5
    depth_of_discharge: 0.5
  VRBF:
    cost: 279.725
    lifetime: 19.9143
    annual_cost: 14.046438991076764
    efficiency: 0.689152
    discharge_ratio: 0.5
    depth_of_discharge: 1.0
