cost_values:
  wind_capex: 5000.0
  wind_opex: 100
  wind_lifetime: 20
  solar_capex: 1000.0
  solar_opex: 10
  solar_lifetime: 20
  carbon_price: 1.0
timeseries_values:
  load_level: 240028.87604351828
  wind_year: 2015
  solar_year: 2017
  price_year: 2023
  carbon_year: 2023
storage_values:
  CAES:
    cost: 57.1588
    lifetime: 23.1921
    annual_cost: 2.4645806115013302
    efficiency: 0.636074
    discharge_ratio: 0.1
    depth_of_discharge: 0.4
  Li-ion:
    cost: 244.728
    lifetime: 17.5583
    annual_cost: 13.938023612764335
    efficiency: 0.925036
    discharge_ratio: 2
    depth_of_discharge: 0.9
  Pb-acid:
    cost: 136.737
    lifetime: 10.4101
    annual_cost: 13.135032324377287
    efficiency: 0.668415
    discharge_ratio: 5
    depth_of_discharge: 0.5
  VRBF:
    cost: 279.517
    lifetime: 18.9827
    annual_cost: 14.724828396381968
    efficiency: 0.687722
    discharge_ratio: 0.5
    depth_of_discharge: 1.0
