cost_values:
  wind_capex: 5000.0
  wind_opex: 100
  wind_lifetime: 20
  solar_capex: 1000.0
  solar_opex: 10
  solar_lifetime: 20
  carbon_price: 1.0
timeseries_values:
  load_level: 240028.87604351828
  wind_year: 2015
  solar_year: 2017
  price_year: 2023
  carbon_year: 2023
storage_values:
  CAES:
    cost: 65.521
    lifetime: 23.4114
    annual_cost: 2.7986792759083183
    efficiency: 0.629676
    discharge_ratio: 0.1
    depth_of_discharge: 0.4
  Li-ion:
    cost: 260.948
    lifetime: 18.8864
    annual_cost: 13.816714672992207
    efficiency: 0.93207
    discharge_ratio: 2
    depth_of_discharge: 0.9
  Pb-acid:
    cost: 118.838
    lifetime: 11.1181
    annual_cost: 10.688696809706693
    efficiency: 0.663333
    discharge_ratio: 5
    depth_of_discharge: 0.5
  VRBF:
    cost: 283.634
    lifetime: 19.6041
    annual_cost: 14.468095959518674
    efficiency: 0.665809
    discharge_ratio: 0.5
    depth_of_discharge: 1.0
