cost_values:
  wind_capex: 5000.0
  wind_opex: 100
  wind_lifetime: 20
  solar_capex: 1000.0
  solar_opex: 10
  solar_lifetime: 20
  carbon_price: 1.0
timeseries_values:
  load_level: 240028.87604351828
  wind_year: 2015
  solar_year: 2017
  price_year: 2023
  carbon_year: 2023
storage_values:
  CAES:
    cost: 56.4135
    lifetime: 22.6296
    annual_cost: 2.492907519355181
    efficiency: 0.626319
    discharge_ratio: 0.1
    depth_of_discharge: 0.4
  Li-ion:
    cost: 238.057
    lifetime: 17.1676
    annual_cost: 13.866644143619375
    efficiency: 0.930728
    discharge_ratio: 2
    depth_of_discharge: 0.9
  Pb-acid:
    cost: 147.257
    lifetime: 10.329
    annual_cost: 14.256656017039404
    efficiency: 0.652558
    discharge_ratio: 5
    depth_of_discharge: 0.5
  VRBF:
    cost: 268.571
    lifetime: 18.9608
    annual_cost: 14.164539470908403
    efficiency: 0.689622
    discharge_ratio: 0.5
    depth_of_discharge: 1.0
