cost_values:
  wind_capex: 5000.0
  wind_opex: 100
  wind_lifetime: 20
  solar_capex: 1000.0
  solar_opex: 10
  solar_lifetime: 20
  carbon_price: 1.0
timeseries_values:
  load_level: 240028.87604351828
  wind_year: 2015
  solar_year: 2017
  price_year: 2023
  carbon_year: 2023
storage_values:
  CAES:
    cost: 63.5109
    lifetime: 24.3479
    annual_cost: 2.6084754742708816
    efficiency: 0.617752
    discharge_ratio: 0.1
    depth_of_discharge: 0.4
  Li-ion:
    cost: 254.048
    lifetime: 19.7639
    annual_cost: 12.854143160003845
    efficiency: 0.923981
    discharge_ratio: 2
    depth_of_discharge: 0.9
  Pb-acid:
    cost: 144.623
    lifetime: 8.94221
    annual_cost: 16.173071310112377
    efficiency: 0.653665
    discharge_ratio: 5
    depth_of_discharge: 0.5
  VRBF:
    cost: 253.815
    lifetime: 20.8751
    annual_cost: 12.158744149728625
    efficiency: 0.680602
    discharge_ratio: 0.5
    depth_of_discharge: 1.0
