cost_values:
  wind_capex: 5000.0
  wind_opex: 100
  wind_lifetime: 20
  solar_capex: 1000.0
  solar_opex: 10
  solar_lifetime: 20
  carbon_price: 1.0
timeseries_values:
  load_level: 240028.87604351828
  wind_year: 2015
  solar_year: 2017
  price_year: 2023
  carbon_year: 2023
storage_values:
  CAES:
    cost: 64.1533
    lifetime: 23.5378
    annual_cost: 2.7255435937088426
    efficiency: 0.633741
    discharge_ratio: 0.1
    depth_of_discharge: 0.4
  Li-ion:
    cost: 245.376
    lifetime: 16.3006
    annual_cost: 15.053188226200264
    efficiency: 0.924564
    discharge_ratio: 2
    depth_of_discharge: 0.9
  Pb-acid:
    cost: 128.22
    lifetime: 9.95875
    annual_cost: 12.875109828040667
    efficiency: 0.659005
    discharge_ratio: 5
    depth_of_discharge: 0.5
  VRBF:
    cost: 291.838
    lifetime: 18.7087
    annual_cost: 15.59905284707115
    efficiency: 0.664833
    discharge_ratio: 0.5
    depth_of_discharge: 1.0
