cost_values:
  wind_capex: 5000.0
  wind_opex: 100
  wind_lifetime: 20
  solar_capex: 1000.0
  solar_opex: 10
  solar_lifetime: 20
  carbon_price: 1.0
timeseries_values:
  load_level: 240028.87604351828
  wind_year: 2015
  solar_year: 2017
  price_year: 2023
  carbon_year: 2023
storage_values:
  CAES:
    cost: 59.1911
    lifetime: 24.2575
    annual_cost: 2.4401154282180766
    efficiency: 0.639343
    discharge_ratio: 0.1
    depth_of_discharge: 0.4
  Li-ion:
    cost: 250.822
    lifetime: 19.3829
    annual_cost: 12.940375279240982
    efficiency: 0.92936
    discharge_ratio: 2
    depth_of_discharge: 0.9
  Pb-acid:
    cost: 142.637
    lifetime: 9.64374
    annual_cost: 14.790631020745066
    efficiency: 0.662282
    discharge_ratio: 5
    depth_of_discharge: 0.5
  VRBF:
    cost: 317.884
    lifetime: 17.918
    annual_cost: 17.741042527067755
    efficiency: 0.673374
    discharge_ratio: 0.5
    depth_of_discharge: 1.0
