cost_values:
  wind_capex: 5000.0
  wind_opex: 100
  wind_lifetime: 20
  solar_capex: 1000.0
  solar_opex: 10
  solar_lifetime: 20
  carbon_price: 1.0
timeseries_values:
  load_level: 240028.87604351828
  wind_year: 2015
  solar_year: 2017
  price_year: 2023
  carbon_year: 2023
storage_values:
  CAES:
    cost: 62.3457
    lifetime: 24.7385
    annual_cost: 2.5201891788103565
    efficiency: 0.634985
    discharge_ratio: 0.1
    depth_of_discharge: 0.4
  Li-ion:
    cost: 257.91
    lifetime: 18.6749
    annual_cost: 13.810515718959675
    efficiency: 0.947506
    discharge_ratio: 2
    depth_of_discharge: 0.9
  Pb-acid:
    cost: 125.409
    lifetime: 9.63129
    annual_cost: 13.020997187292668
    efficiency: 0.650398
    discharge_ratio: 5
    depth_of_discharge: 0.5
  VRBF:
    cost: 285.338
    lifetime: 17.6614
    annual_cost: 16.156023871267283
    efficiency: 0.684685
    discharge_ratio: 0.5
    depth_of_discharge: 1.0
