cost_values:
  wind_capex: 5000.0
  wind_opex: 100
  wind_lifetime: 20
  solar_capex: 1000.0
  solar_opex: 10
  solar_lifetime: 20
  carbon_price: 1.0
timeseries_values:
  load_level: 240028.87604351828
  wind_year: 2015
  solar_year: 2017
  price_year: 2023
  carbon_year: 2023
storage_values:
  CAES:
    cost: 58.6177
    lifetime: 23.259
    annual_cost: 2.5202158304312308
    efficiency: 0.625763
    discharge_ratio: 0.1
    depth_of_discharge: 0.4
  Li-ion:
    cost: 239.979
    lifetime: 17.6946
    annual_cost: 13.56227323590248
    efficiency: 0.935859
    discharge_ratio: 2
    depth_of_discharge: 0.9
  Pb-acid:
    cost: 127.165
    lifetime: 12.9421
    annual_cost: 9.825685167013082
    efficiency: 0.666824
    discharge_ratio: 5
    depth_of_discharge: 0.5
  VRBF:
    cost: 246.422
    lifetime: 19.6519
    annual_cost: 12.539347340460719
    efficiency: 0.684691
    discharge_ratio: 0.5
    depth_of_discharge: 1.0
