cost_values:
  wind_capex: 5000.0
  wind_opex: 100
  wind_lifetime: 20
  solar_capex: 1000.0
  solar_opex: 10
  solar_lifetime: 20
  carbon_price: 1.0
timeseries_values:
  load_level: 240884.55874430586
  wind_year: 2011
  solar_year: 2018
  price_year: 2023
  carbon_year: 2023
storage_values:
  CAES:
    cost: 66.0927
    lifetime: 23.7518
    annual_cost: 2.782639631522663
    efficiency: 0.566597
    discharge_ratio: 0.1
    depth_of_discharge: 0.4
  Li-ion:
    cost: 128.43
    lifetime: 21.2179
    annual_cost: 6.052908157734743
    efficiency: 0.856695
    discharge_ratio: 2
    depth_of_discharge: 0.9
  Pb-acid:
    cost: 167.15
    lifetime: 14.8392
    annual_cost: 11.264084317213866
    efficiency: 0.67019
    discharge_ratio: 5
    depth_of_discharge: 0.5
  VRBF:
    cost: 189.526
    lifetime: 26.4651
    annual_cost: 7.161355898900817
    efficiency: 0.7431
    discharge_ratio: 0.5
    depth_of_discharge: 1.0
