cost_values:
  wind_capex: 5000.0
  wind_opex: 100
  wind_lifetime: 20
  solar_capex: 1000.0
  solar_opex: 10
  solar_lifetime: 20
  carbon_price: 1.0
timeseries_values:
  load_level: 240884.55874430586
  wind_year: 2011
  solar_year: 2018
  price_year: 2023
  carbon_year: 2023
storage_values:
  CAES:
    cost: 69.8386
    lifetime: 26.5631
    annual_cost: 2.6291584943022466
    efficiency: 0.580298
    discharge_ratio: 0.1
    depth_of_discharge: 0.4
  Li-ion:
    cost: 138.28
    lifetime: 22.6755
    annual_cost: 6.09821172631254
    efficiency: 0.862627
    discharge_ratio: 2
    depth_of_discharge: 0.9
  Pb-acid:
    cost: 188.922
    lifetime: 16.2811
    annual_cost: 11.603761416611901
    efficiency: 0.669547
    discharge_ratio: 5
    depth_of_discharge: 0.5
  VRBF:
    cost: 145.274
    lifetime: 28.8102
    annual_cost: 5.042450243316604
    efficiency: 0.756568
    discharge_ratio: 0.5
    depth_of_discharge: 1.0
