cost_values:
  wind_capex: 5000.0
  wind_opex: 100
  wind_lifetime: 20
  solar_capex: 1000.0
  solar_opex: 10
  solar_lifetime: 20
  carbon_price: 1.0
timeseries_values:
  load_level: 240884.55874430586
  wind_year: 2011
  solar_year: 2018
  price_year: 2023
  carbon_year: 2023
storage_values:
  CAES:
    cost: 67.0047
    lifetime: 25.1641
    annual_cost: 2.6627099717454628
    efficiency: 0.570575
    discharge_ratio: 0.1
    depth_of_discharge: 0.4
  Li-ion:
    cost: 152.255
    lifetime: 22.8219
    annual_cost: 6.671442780837704
    efficiency: 0.879401
    discharge_ratio: 2
    depth_of_discharge: 0.9
  Pb-acid:
    cost: 190.361
    lifetime: 16.4049
    annual_cost: 11.60391102658352
    efficiency: 0.683534
    discharge_ratio: 5
    depth_of_discharge: 0.5
  VRBF:
    cost: 156.186
    lifetime: 27.9871
    annual_cost: 5.580642510299388
    efficiency: 0.755456
    discharge_ratio: 0.5
    depth_of_discharge: 1.0
