cost_values:
  wind_capex: 5000.0
  wind_opex: 100
  wind_lifetime: 20
  solar_capex: 1000.0
  solar_opex: 10
  solar_lifetime: 20
  carbon_price: 1.0
timeseries_values:
  load_level: 240884.55874430586
  wind_year: 2011
  solar_year: 2018
  price_year: 2023
  carbon_year: 2023
storage_values:
  CAES:
    cost: 66.0949
    lifetime: 25.793
    annual_cost: 2.5625130849455275
    efficiency: 0.576252
    discharge_ratio: 0.1
    depth_of_discharge: 0.4
  Li-ion:
    cost: 147.507
    lifetime: 23.6709
    annual_cost: 6.231575478752393
    efficiency: 0.861639
    discharge_ratio: 2
    depth_of_discharge: 0.9
  Pb-acid:
    cost: 168.87
    lifetime: 15.5239
    annual_cost: 10.878065434587958
    efficiency: 0.670186
    discharge_ratio: 5
    depth_of_discharge: 0.5
  VRBF:
    cost: 144.832
    lifetime: 29.2062
    annual_cost: 4.958947072881785
    efficiency: 0.754028
    discharge_ratio: 0.5
    depth_of_discharge: 1.0
