cost_values:
  wind_capex: 5000.0
  wind_opex: 100
  wind_lifetime: 20
  solar_capex: 1000.0
  solar_opex: 10
  solar_lifetime: 20
  carbon_price: 1.0
timeseries_values:
  load_level: 240884.55874430586
  wind_year: 2011
  solar_year: 2018
  price_year: 2023
  carbon_year: 2023
storage_values:
  CAES:
    cost: 65.3063
    lifetime: 24.451
    annual_cost: 2.670905075457036
    efficiency: 0.580042
    discharge_ratio: 0.1
    depth_of_discharge: 0.4
  Li-ion:
    cost: 147.27
    lifetime: 21.7699
    annual_cost: 6.764845038332744
    efficiency: 0.872115
    discharge_ratio: 2
    depth_of_discharge: 0.9
  Pb-acid:
    cost: 193.872
    lifetime: 16.0088
    annual_cost: 12.110339313377642
    efficiency: 0.675554
    discharge_ratio: 5
    depth_of_discharge: 0.5
  VRBF:
    cost: 129.621
    lifetime: 27.7974
    annual_cost: 4.663062012994021
    efficiency: 0.708217
    discharge_ratio: 0.5
    depth_of_discharge: 1.0
