cost_values:
  wind_capex: 5000.0
  wind_opex: 100
  wind_lifetime: 20
  solar_capex: 1000.0
  solar_opex: 10
  solar_lifetime: 20
  carbon_price: 1.0
timeseries_values:
  load_level: 240884.55874430586
  wind_year: 2011
  solar_year: 2018
  price_year: 2023
  carbon_year: 2023
storage_values:
  CAES:
    cost: 65.767
    lifetime: 25.3386
    annual_cost: 2.595526193238774
    efficiency: 0.57885
    discharge_ratio: 0.1
    depth_of_discharge: 0.4
  Li-ion:
    cost: 154.316
    lifetime: 22.5028
    annual_cost: 6.857635494249604
    efficiency: 0.874437
    discharge_ratio: 2
    depth_of_discharge: 0.9
  Pb-acid:
    cost: 209.641
    lifetime: 16.5935
    annual_cost: 12.633922921625938
    efficiency: 0.681262
    discharge_ratio: 5
    depth_of_discharge: 0.5
  VRBF:
    cost: 136.647
    lifetime: 28.139
    annual_cost: 4.856142720068233
    efficiency: 0.749454
    discharge_ratio: 0.5
    depth_of_discharge: 1.0
