cost_values:
  wind_capex: 5000.0
  wind_opex: 100
  wind_lifetime: 20
  solar_capex: 1000.0
  solar_opex: 10
  solar_lifetime: 20
  carbon_price: 1.0
timeseries_values:
  load_level: 240884.55874430586
  wind_year: 2011
  solar_year: 2018
  price_year: 2023
  carbon_year: 2023
storage_values:
  CAES:
    cost: 63.4057
    lifetime: 25.683
    annual_cost: 2.468780905657439
    efficiency: 0.577934
    discharge_ratio: 0.1
    depth_of_discharge: 0.4
  Li-ion:
    cost: 149.709
    lifetime: 23.7712
    annual_cost: 6.297915124183886
    efficiency: 0.856579
    discharge_ratio: 2
    depth_of_discharge: 0.9
  Pb-acid:
    cost: 196.148
    lifetime: 14.4642
    annual_cost: 13.560929743781198
    efficiency: 0.682614
    discharge_ratio: 5
    depth_of_discharge: 0.5
  VRBF:
    cost: 122.1
    lifetime: 27.5208
    annual_cost: 4.436644283596407
    efficiency: 0.760151
    discharge_ratio: 0.5
    depth_of_discharge: 1.0
