cost_values:
  wind_capex: 5000.0
  wind_opex: 100
  wind_lifetime: 20
  solar_capex: 1000.0
  solar_opex: 10
  solar_lifetime: 20
  carbon_price: 1.0
timeseries_values:
  load_level: 240884.55874430586
  wind_year: 2011
  solar_year: 2018
  price_year: 2023
  carbon_year: 2023
storage_values:
  CAES:
    cost: 68.5918
    lifetime: 24.9555
    annual_cost: 2.7485644447115867
    efficiency: 0.582697
    discharge_ratio: 0.1
    depth_of_discharge: 0.4
  Li-ion:
    cost: 143.009
    lifetime: 23.9989
    annual_cost: 5.95898145331661
    efficiency: 0.850313
    discharge_ratio: 2
    depth_of_discharge: 0.9
  Pb-acid:
    cost: 199.111
    lifetime: 15.8619
    annual_cost: 12.552783714435218
    efficiency: 0.684853
    discharge_ratio: 5
    depth_of_discharge: 0.5
  VRBF:
    cost: 128.996
    lifetime: 27.3611
    annual_cost: 4.714576533838186
    efficiency: 0.745907
    discharge_ratio: 0.5
    depth_of_discharge: 1.0
