cost_values:
  wind_capex: 5000.0
  wind_opex: 100
  wind_lifetime: 20
  solar_capex: 1000.0
  solar_opex: 10
  solar_lifetime: 20
  carbon_price: 1.0
timeseries_values:
  load_level: 240884.55874430586
  wind_year: 2011
  solar_year: 2018
  price_year: 2023
  carbon_year: 2023
storage_values:
  CAES:
    cost: 66.881
    lifetime: 24.4884
    annual_cost: 2.7311298410676077
    efficiency: 0.573399
    discharge_ratio: 0.1
    depth_of_discharge: 0.4
  Li-ion:
    cost: 142.701
    lifetime: 23.972
    annual_cost: 5.952819956616051
    efficiency: 0.860057
    discharge_ratio: 2
    depth_of_discharge: 0.9
  Pb-acid:
    cost: 195.365
    lifetime: 17.3911
    annual_cost: 11.233619495029066
    efficiency: 0.682721
    discharge_ratio: 5
    depth_of_discharge: 0.5
  VRBF:
    cost: 149.677
    lifetime: 28.6343
    annual_cost: 5.227192562765634
    efficiency: 0.761397
    discharge_ratio: 0.5
    depth_of_discharge: 1.0
