cost_values:
  wind_capex: 5000.0
  wind_opex: 100
  wind_lifetime: 20
  solar_capex: 1000.0
  solar_opex: 10
  solar_lifetime: 20
  carbon_price: 1.0
timeseries_values:
  load_level: 240884.55874430586
  wind_year: 2011
  solar_year: 2018
  price_year: 2023
  carbon_year: 2023
storage_values:
  CAES:
    cost: 66.0672
    lifetime: 25.5424
    annual_cost: 2.5865697820095215
    efficiency: 0.574883
    discharge_ratio: 0.1
    depth_of_discharge: 0.4
  Li-ion:
    cost: 127.054
    lifetime: 23.6225
    annual_cost: 5.378516245105303
    efficiency: 0.870203
    discharge_ratio: 2
    depth_of_discharge: 0.9
  Pb-acid:
    cost: 206.156
    lifetime: 15.9248
    annual_cost: 12.945594293177937
    efficiency: 0.67083
    discharge_ratio: 5
    depth_of_discharge: 0.5
  VRBF:
    cost: 138.361
    lifetime: 29.2517
    annual_cost: 4.730015691395714
    efficiency: 0.751074
    discharge_ratio: 0.5
    depth_of_discharge: 1.0
