cost_values:
  wind_capex: 5000.0
  wind_opex: 100
  wind_lifetime: 20
  solar_capex: 1000.0
  solar_opex: 10
  solar_lifetime: 20
  carbon_price: 1.0
timeseries_values:
  load_level: 240884.55874430586
  wind_year: 2011
  solar_year: 2018
  price_year: 2023
  carbon_year: 2023
storage_values:
  CAES:
    cost: 68.4438
    lifetime: 24.9805
    annual_cost: 2.7398891135085366
    efficiency: 0.575293
    discharge_ratio: 0.1
    depth_of_discharge: 0.4
  Li-ion:
    cost: 151.415
    lifetime: 23.0428
    annual_cost: 6.571033034179874
    efficiency: 0.865667
    discharge_ratio: 2
    depth_of_discharge: 0.9
  Pb-acid:
    cost: 219.216
    lifetime: 15.3256
    annual_cost: 14.303909797985071
    efficiency: 0.68199
    discharge_ratio: 5
    depth_of_discharge: 0.5
  VRBF:
    cost: 138.642
    lifetime: 29.3545
    annual_cost: 4.723023727196852
    efficiency: 0.746717
    discharge_ratio: 0.5
    depth_of_discharge: 1.0
