cost_values:
  wind_capex: 5000.0
  wind_opex: 100
  wind_lifetime: 20
  solar_capex: 1000.0
  solar_opex: 10
  solar_lifetime: 20
  carbon_price: 1.0
timeseries_values:
  load_level: 240884.55874430586
  wind_year: 2011
  solar_year: 2018
  price_year: 2023
  carbon_year: 2023
storage_values:
  CAES:
    cost: 57.0575
    lifetime: 25.6647
    annual_cost: 2.2231898288310403
    efficiency: 0.582235
    discharge_ratio: 0.1
    depth_of_discharge: 0.4
  Li-ion:
    cost: 147.256
    lifetime: 22.855
    annual_cost: 6.443054036315904
    efficiency: 0.858879
    discharge_ratio: 2
    depth_of_discharge: 0.9
  Pb-acid:
    cost: 192.187
    lifetime: 16.5913
    annual_cost: 11.58360104392061
    efficiency: 0.676814
    discharge_ratio: 5
    depth_of_discharge: 0.5
  VRBF:
    cost: 116.389
    lifetime: 29.6588
    annual_cost: 3.9242653108015157
    efficiency: 0.781912
    discharge_ratio: 0.5
    depth_of_discharge: 1.0
