cost_values:
  wind_capex: 5000.0
  wind_opex: 100
  wind_lifetime: 20
  solar_capex: 1000.0
  solar_opex: 10
  solar_lifetime: 20
  carbon_price: 1.0
timeseries_values:
  load_level: 240884.55874430586
  wind_year: 2011
  solar_year: 2018
  price_year: 2023
  carbon_year: 2023
storage_values:
  CAES:
    cost: 65.3777
    lifetime: 24.0096
    annual_cost: 2.722981640677063
    efficiency: 0.581618
    discharge_ratio: 0.1
    depth_of_discharge: 0.4
  Li-ion:
    cost: 161.239
    lifetime: 22.919
    annual_cost: 7.0351673284174705
    efficiency: 0.861687
    discharge_ratio: 2
    depth_of_discharge: 0.9
  Pb-acid:
    cost: 176.846
    lifetime: 15.3214
    annual_cost: 11.542417794718498
    efficiency: 0.669792
    discharge_ratio: 5
    depth_of_discharge: 0.5
  VRBF:
    cost: 139.697
    lifetime: 26.989
    annual_cost: 5.1760717329282295
    efficiency: 0.774824
    discharge_ratio: 0.5
    depth_of_discharge: 1.0
