cost_values:
  wind_capex: 5000.0
  wind_opex: 100
  wind_lifetime: 20
  solar_capex: 1000.0
  solar_opex: 10
  solar_lifetime: 20
  carbon_price: 1.0
timeseries_values:
  load_level: 240884.55874430586
  wind_year: 2011
  solar_year: 2018
  price_year: 2023
  carbon_year: 2023
storage_values:
  CAES:
    cost: 70.6019
    lifetime: 25.6461
    annual_cost: 2.7529292952924616
    efficiency: 0.587078
    discharge_ratio: 0.1
    depth_of_discharge: 0.4
  Li-ion:
    cost: 137.509
    lifetime: 23.7592
    annual_cost: 5.787610693962759
    efficiency: 0.869248
    discharge_ratio: 2
    depth_of_discharge: 0.9
  Pb-acid:
    cost: 198.961
    lifetime: 16.6718
    annual_cost: 11.93398433282549
    efficiency: 0.667092
    discharge_ratio: 5
    depth_of_discharge: 0.5
  VRBF:
    cost: 154.805
    lifetime: 28.9638
    annual_cost: 5.34477520214889
    efficiency: 0.763597
    discharge_ratio: 0.5
    depth_of_discharge: 1.0
