cost_values:
  wind_capex: 5000.0
  wind_opex: 100
  wind_lifetime: 20
  solar_capex: 1000.0
  solar_opex: 10
  solar_lifetime: 20
  carbon_price: 1.0
timeseries_values:
  load_level: 240884.55874430586
  wind_year: 2011
  solar_year: 2018
  price_year: 2023
  carbon_year: 2023
storage_values:
  CAES:
    cost: 56.2185
    lifetime: 24.7352
    annual_cost: 2.2728136420970926
    efficiency: 0.585307
    discharge_ratio: 0.1
    depth_of_discharge: 0.4
  Li-ion:
    cost: 135.605
    lifetime: 22.7073
    annual_cost: 5.971868077666653
    efficiency: 0.869175
    discharge_ratio: 2
    depth_of_discharge: 0.9
  Pb-acid:
    cost: 212.46
    lifetime: 16.1499
    annual_cost: 13.15549941485706
    efficiency: 0.681001
    discharge_ratio: 5
    depth_of_discharge: 0.5
  VRBF:
    cost: 125.092
    lifetime: 27.8261
    annual_cost: 4.495491642738292
    efficiency: 0.749832
    discharge_ratio: 0.5
    depth_of_discharge: 1.0
