cost_values:
  wind_capex: 5000.0
  wind_opex: 100
  wind_lifetime: 20
  solar_capex: 1000.0
  solar_opex: 10
  solar_lifetime: 20
  carbon_price: 1.0
timeseries_values:
  load_level: 240884.55874430586
  wind_year: 2011
  solar_year: 2018
  price_year: 2023
  carbon_year: 2023
storage_values:
  CAES:
    cost: 62.1131
    lifetime: 24.7372
    annual_cost: 2.5109187781964004
    efficiency: 0.58359
    discharge_ratio: 0.1
    depth_of_discharge: 0.4
  Li-ion:
    cost: 128.876
    lifetime: 21.7397
    annual_cost: 5.928140682714114
    efficiency: 0.857099
    discharge_ratio: 2
    depth_of_discharge: 0.9
  Pb-acid:
    cost: 178.465
    lifetime: 13.789
    annual_cost: 12.942562912466459
    efficiency: 0.667475
    discharge_ratio: 5
    depth_of_discharge: 0.5
  VRBF:
    cost: 146.488
    lifetime: 28.8683
    annual_cost: 5.074354915253063
    efficiency: 0.768941
    discharge_ratio: 0.5
    depth_of_discharge: 1.0
