cost_values:
  wind_capex: 5000.0
  wind_opex: 100
  wind_lifetime: 20
  solar_capex: 1000.0
  solar_opex: 10
  solar_lifetime: 20
  carbon_price: 1.0
timeseries_values:
  load_level: 240884.55874430586
  wind_year: 2011
  solar_year: 2018
  price_year: 2023
  carbon_year: 2023
storage_values:
  CAES:
    cost: 68.9734
    lifetime: 25.2805
    annual_cost: 2.7283242024485275
    efficiency: 0.577534
    discharge_ratio: 0.1
    depth_of_discharge: 0.4
  Li-ion:
    cost: 133.752
    lifetime: 24.717
    annual_cost: 5.411336327224179
    efficiency: 0.858841
    discharge_ratio: 2
    depth_of_discharge: 0.9
  Pb-acid:
    cost: 196.531
    lifetime: 16.5001
    annual_cost: 11.910897509712063
    efficiency: 0.668812
    discharge_ratio: 5
    depth_of_discharge: 0.5
  VRBF:
    cost: 124.521
    lifetime: 28.2116
    annual_cost: 4.41382268286804
    efficiency: 0.756857
    discharge_ratio: 0.5
    depth_of_discharge: 1.0
