cost_values:
  wind_capex: 5000.0
  wind_opex: 100
  wind_lifetime: 20
  solar_capex: 1000.0
  solar_opex: 10
  solar_lifetime: 20
  carbon_price: 1.0
timeseries_values:
  load_level: 240884.55874430586
  wind_year: 2011
  solar_year: 2018
  price_year: 2023
  carbon_year: 2023
storage_values:
  CAES:
    cost: 64.3272
    lifetime: 25.6713
    annual_cost: 2.505802199343236
    efficiency: 0.580069
    discharge_ratio: 0.1
    depth_of_discharge: 0.4
  Li-ion:
    cost: 135.915
    lifetime: 22.1908
    annual_cost: 6.124835517421634
    efficiency: 0.866229
    discharge_ratio: 2
    depth_of_discharge: 0.9
  Pb-acid:
    cost: 179.354
    lifetime: 14.7603
    annual_cost: 12.15110803980949
    efficiency: 0.676014
    discharge_ratio: 5
    depth_of_discharge: 0.5
  VRBF:
    cost: 136.509
    lifetime: 28.8631
    annual_cost: 4.729533556686564
    efficiency: 0.762941
    discharge_ratio: 0.5
    depth_of_discharge: 1.0
