cost_values:
  wind_capex: 5000.0
  wind_opex: 100
  wind_lifetime: 20
  solar_capex: 1000.0
  solar_opex: 10
  solar_lifetime: 20
  carbon_price: 1.0
timeseries_values:
  load_level: 240884.55874430586
  wind_year: 2011
  solar_year: 2018
  price_year: 2023
  carbon_year: 2023
storage_values:
  CAES:
    cost: 63.7762
    lifetime: 24.2771
    annual_cost: 2.6270106396563015
    efficiency: 0.580807
    discharge_ratio: 0.1
    depth_of_discharge: 0.4
  Li-ion:
    cost: 134.681
    lifetime: 19.7196
    annual_cost: 6.829803849976674
    efficiency: 0.880528
    discharge_ratio: 2
    depth_of_discharge: 0.9
  Pb-acid:
    cost: 201.554
    lifetime: 14.6471
    annual_cost: 13.760676174805935
    efficiency: 0.67405
    discharge_ratio: 5
    depth_of_discharge: 0.5
  VRBF:
    cost: 129.531
    lifetime: 29.5812
    annual_cost: 4.3788284450935056
    efficiency: 0.765005
    discharge_ratio: 0.5
    depth_of_discharge: 1.0
