cost_values:
  wind_capex: 5000.0
  wind_opex: 100
  wind_lifetime: 20
  solar_capex: 1000.0
  solar_opex: 10
  solar_lifetime: 20
  carbon_price: 1.0
timeseries_values:
  load_level: 240884.55874430586
  wind_year: 2011
  solar_year: 2018
  price_year: 2023
  carbon_year: 2023
storage_values:
  CAES:
    cost: 60.6285
    lifetime: 26.1815
    annual_cost: 2.315700017187709
    efficiency: 0.57592
    discharge_ratio: 0.1
    depth_of_discharge: 0.4
  Li-ion:
    cost: 127.492
    lifetime: 22.033
    annual_cost: 5.78641129215268
    efficiency: 0.871902
    discharge_ratio: 2
    depth_of_discharge: 0.9
  Pb-acid:
    cost: 204.19
    lifetime: 15.8261
    annual_cost: 12.902104751012567
    efficiency: 0.663725
    discharge_ratio: 5
    depth_of_discharge: 0.5
  VRBF:
    cost: 146.01
    lifetime: 29.9962
    annual_cost: 4.8676165647648695
    efficiency: 0.750739
    discharge_ratio: 0.5
    depth_of_discharge: 1.0
