cost_values:
  wind_capex: 5000.0
  wind_opex: 100
  wind_lifetime: 20
  solar_capex: 1000.0
  solar_opex: 10
  solar_lifetime: 20
  carbon_price: 1.0
timeseries_values:
  load_level: 240884.55874430586
  wind_year: 2011
  solar_year: 2018
  price_year: 2023
  carbon_year: 2023
storage_values:
  CAES:
    cost: 63.2306
    lifetime: 25.3654
    annual_cost: 2.4927893902717875
    efficiency: 0.577837
    discharge_ratio: 0.1
    depth_of_discharge: 0.4
  Li-ion:
    cost: 123.466
    lifetime: 22.2974
    annual_cost: 5.537237525451398
    efficiency: 0.86966
    discharge_ratio: 2
    depth_of_discharge: 0.9
  Pb-acid:
    cost: 211.57
    lifetime: 15.3609
    annual_cost: 13.773281513452986
    efficiency: 0.6853
    discharge_ratio: 5
    depth_of_discharge: 0.5
  VRBF:
    cost: 135.793
    lifetime: 26.4446
    annual_cost: 5.134999205887024
    efficiency: 0.760723
    discharge_ratio: 0.5
    depth_of_discharge: 1.0
