cost_values:
  wind_capex: 5000.0
  wind_opex: 100
  wind_lifetime: 20
  solar_capex: 1000.0
  solar_opex: 10
  solar_lifetime: 20
  carbon_price: 1.0
timeseries_values:
  load_level: 240884.55874430586
  wind_year: 2011
  solar_year: 2018
  price_year: 2023
  carbon_year: 2023
storage_values:
  CAES:
    cost: 59.9092
    lifetime: 24.5734
    annual_cost: 2.437969511748476
    efficiency: 0.589345
    discharge_ratio: 0.1
    depth_of_discharge: 0.4
  Li-ion:
    cost: 123.567
    lifetime: 21.9282
    annual_cost: 5.635072646181628
    efficiency: 0.874482
    discharge_ratio: 2
    depth_of_discharge: 0.9
  Pb-acid:
    cost: 185.468
    lifetime: 14.3623
    annual_cost: 12.913530562653614
    efficiency: 0.671856
    discharge_ratio: 5
    depth_of_discharge: 0.5
  VRBF:
    cost: 128.726
    lifetime: 28.3488
    annual_cost: 4.540791850095948
    efficiency: 0.740976
    discharge_ratio: 0.5
    depth_of_discharge: 1.0
