cost_values:
  wind_capex: 5000.0
  wind_opex: 100
  wind_lifetime: 20
  solar_capex: 1000.0
  solar_opex: 10
  solar_lifetime: 20
  carbon_price: 1.0
timeseries_values:
  load_level: 240884.55874430586
  wind_year: 2011
  solar_year: 2018
  price_year: 2023
  carbon_year: 2023
storage_values:
  CAES:
    cost: 69.2517
    lifetime: 25.5391
    annual_cost: 2.7115951619281806
    efficiency: 0.585451
    discharge_ratio: 0.1
    depth_of_discharge: 0.4
  Li-ion:
    cost: 156.964
    lifetime: 21.8952
    annual_cost: 7.168877196828529
    efficiency: 0.852752
    discharge_ratio: 2
    depth_of_discharge: 0.9
  Pb-acid:
    cost: 194.253
    lifetime: 15.3906
    annual_cost: 12.62153522279833
    efficiency: 0.673637
    discharge_ratio: 5
    depth_of_discharge: 0.5
  VRBF:
    cost: 152.81
    lifetime: 27.5867
    annual_cost: 5.539263485665193
    efficiency: 0.74595
    discharge_ratio: 0.5
    depth_of_discharge: 1.0
