cost_values:
  wind_capex: 5000.0
  wind_opex: 100
  wind_lifetime: 20
  solar_capex: 1000.0
  solar_opex: 10
  solar_lifetime: 20
  carbon_price: 1.0
timeseries_values:
  load_level: 240884.55874430586
  wind_year: 2011
  solar_year: 2018
  price_year: 2023
  carbon_year: 2023
storage_values:
  CAES:
    cost: 67.4329
    lifetime: 25.3499
    annual_cost: 2.66008544412404
    efficiency: 0.572109
    discharge_ratio: 0.1
    depth_of_discharge: 0.4
  Li-ion:
    cost: 110.623
    lifetime: 21.0113
    annual_cost: 5.264928871607183
    efficiency: 0.85509
    discharge_ratio: 2
    depth_of_discharge: 0.9
  Pb-acid:
    cost: 184.558
    lifetime: 15.7205
    annual_cost: 11.739957380490443
    efficiency: 0.681418
    discharge_ratio: 5
    depth_of_discharge: 0.5
  VRBF:
    cost: 128.689
    lifetime: 28.5966
    annual_cost: 4.500150367526209
    efficiency: 0.746695
    discharge_ratio: 0.5
    depth_of_discharge: 1.0
