cost_values:
  wind_capex: 5000.0
  wind_opex: 100
  wind_lifetime: 20
  solar_capex: 1000.0
  solar_opex: 10
  solar_lifetime: 20
  carbon_price: 1.0
timeseries_values:
  load_level: 240884.55874430586
  wind_year: 2011
  solar_year: 2018
  price_year: 2023
  carbon_year: 2023
storage_values:
  CAES:
    cost: 60.1408
    lifetime: 25.8417
    annual_cost: 2.327277230213183
    efficiency: 0.583322
    discharge_ratio: 0.1
    depth_of_discharge: 0.4
  Li-ion:
    cost: 154.538
    lifetime: 22.7797
    annual_cost: 6.784022616627964
    efficiency: 0.85731
    discharge_ratio: 2
    depth_of_discharge: 0.9
  Pb-acid:
    cost: 206.102
    lifetime: 15.3351
    annual_cost: 13.439886273972782
    efficiency: 0.667228
    discharge_ratio: 5
    depth_of_discharge: 0.5
  VRBF:
    cost: 162.944
    lifetime: 27.6093
    annual_cost: 5.901779472858783
    efficiency: 0.740204
    discharge_ratio: 0.5
    depth_of_discharge: 1.0
