cost_values:
  wind_capex: 5000.0
  wind_opex: 100
  wind_lifetime: 20
  solar_capex: 1000.0
  solar_opex: 10
  solar_lifetime: 20
  carbon_price: 1.0
timeseries_values:
  load_level: 240884.55874430586
  wind_year: 2011
  solar_year: 2018
  price_year: 2023
  carbon_year: 2023
storage_values:
  CAES:
    cost: 69.5562
    lifetime: 25.045
    annual_cost: 2.777248951886604
    efficiency: 0.586378
    discharge_ratio: 0.1
    depth_of_discharge: 0.4
  Li-ion:
    cost: 114.464
    lifetime: 23.7139
    annual_cost: 4.826873690114237
    efficiency: 0.866316
    discharge_ratio: 2
    depth_of_discharge: 0.9
  Pb-acid:
    cost: 194.682
    lifetime: 14.4678
    annual_cost: 13.456226931530708
    efficiency: 0.674621
    discharge_ratio: 5
    depth_of_discharge: 0.5
  VRBF:
    cost: 112.39
    lifetime: 28.085
    annual_cost: 4.001780309773901
    efficiency: 0.749712
    discharge_ratio: 0.5
    depth_of_discharge: 1.0
