cost_values:
  wind_capex: 5000.0
  wind_opex: 100
  wind_lifetime: 20
  solar_capex: 1000.0
  solar_opex: 10
  solar_lifetime: 20
  carbon_price: 1.0
timeseries_values:
  load_level: 240884.55874430586
  wind_year: 2011
  solar_year: 2018
  price_year: 2023
  carbon_year: 2023
storage_values:
  CAES:
    cost: 65.8954
    lifetime: 24.1127
    annual_cost: 2.732808851766911
    efficiency: 0.57993
    discharge_ratio: 0.1
    depth_of_discharge: 0.4
  Li-ion:
    cost: 128.322
    lifetime: 23.4059
    annual_cost: 5.48246382322406
    efficiency: 0.858647
    discharge_ratio: 2
    depth_of_discharge: 0.9
  Pb-acid:
    cost: 193.244
    lifetime: 14.9661
    annual_cost: 12.912114712583772
    efficiency: 0.674683
    discharge_ratio: 5
    depth_of_discharge: 0.5
  VRBF:
    cost: 147.39
    lifetime: 28.2027
    annual_cost: 5.226095373847184
    efficiency: 0.746
    discharge_ratio: 0.5
    depth_of_discharge: 1.0
