cost_values:
  wind_capex: 5000.0
  wind_opex: 100
  wind_lifetime: 20
  solar_capex: 1000.0
  solar_opex: 10
  solar_lifetime: 20
  carbon_price: 1.0
timeseries_values:
  load_level: 240884.55874430586
  wind_year: 2011
  solar_year: 2018
  price_year: 2023
  carbon_year: 2023
storage_values:
  CAES:
    cost: 63.6821
    lifetime: 25.5459
    annual_cost: 2.492850124677541
    efficiency: 0.580245
    discharge_ratio: 0.1
    depth_of_discharge: 0.4
  Li-ion:
    cost: 123.816
    lifetime: 22.541
    annual_cost: 5.492924005146178
    efficiency: 0.85744
    discharge_ratio: 2
    depth_of_discharge: 0.9
  Pb-acid:
    cost: 202.902
    lifetime: 15.925
    annual_cost: 12.7410989010989
    efficiency: 0.657214
    discharge_ratio: 5
    depth_of_discharge: 0.5
  VRBF:
    cost: 126.801
    lifetime: 28.5283
    annual_cost: 4.44474434158362
    efficiency: 0.736057
    discharge_ratio: 0.5
    depth_of_discharge: 1.0
