cost_values:
  wind_capex: 5000.0
  wind_opex: 100
  wind_lifetime: 20
  solar_capex: 1000.0
  solar_opex: 10
  solar_lifetime: 20
  carbon_price: 1.0
timeseries_values:
  load_level: 240884.55874430586
  wind_year: 2011
  solar_year: 2018
  price_year: 2023
  carbon_year: 2023
storage_values:
  CAES:
    cost: 73.2033
    lifetime: 25.6721
    annual_cost: 2.8514729998714556
    efficiency: 0.58131
    discharge_ratio: 0.1
    depth_of_discharge: 0.4
  Li-ion:
    cost: 137.172
    lifetime: 22.929
    annual_cost: 5.982467617427712
    efficiency: 0.874521
    discharge_ratio: 2
    depth_of_discharge: 0.9
  Pb-acid:
    cost: 216.086
    lifetime: 15.12
    annual_cost: 14.291402116402118
    efficiency: 0.689651
    discharge_ratio: 5
    depth_of_discharge: 0.5
  VRBF:
    cost: 145.605
    lifetime: 28.4707
    annual_cost: 5.1142051301864715
    efficiency: 0.752191
    discharge_ratio: 0.5
    depth_of_discharge: 1.0
