cost_values:
  wind_capex: 5000.0
  wind_opex: 100
  wind_lifetime: 20
  solar_capex: 1000.0
  solar_opex: 10
  solar_lifetime: 20
  carbon_price: 1.0
timeseries_values:
  load_level: 240884.55874430586
  wind_year: 2011
  solar_year: 2018
  price_year: 2023
  carbon_year: 2023
storage_values:
  CAES:
    cost: 62.3141
    lifetime: 24.7371
    annual_cost: 2.519054375816082
    efficiency: 0.568173
    discharge_ratio: 0.1
    depth_of_discharge: 0.4
  Li-ion:
    cost: 126.253
    lifetime: 22.4111
    annual_cost: 5.633503040903838
    efficiency: 0.86942
    discharge_ratio: 2
    depth_of_discharge: 0.9
  Pb-acid:
    cost: 193.681
    lifetime: 14.4955
    annual_cost: 13.361457003897762
    efficiency: 0.681735
    discharge_ratio: 5
    depth_of_discharge: 0.5
  VRBF:
    cost: 152.483
    lifetime: 29.1517
    annual_cost: 5.23067265373889
    efficiency: 0.741361
    discharge_ratio: 0.5
    depth_of_discharge: 1.0
