cost_values:
  wind_capex: 5000.0
  wind_opex: 100
  wind_lifetime: 20
  solar_capex: 1000.0
  solar_opex: 10
  solar_lifetime: 20
  carbon_price: 1.0
timeseries_values:
  load_level: 240884.55874430586
  wind_year: 2011
  solar_year: 2018
  price_year: 2023
  carbon_year: 2023
storage_values:
  CAES:
    cost: 63.1788
    lifetime: 24.9922
    annual_cost: 2.5279407175038613
    efficiency: 0.576458
    discharge_ratio: 0.1
    depth_of_discharge: 0.4
  Li-ion:
    cost: 124.966
    lifetime: 22.2041
    annual_cost: 5.628059682671218
    efficiency: 0.852987
    discharge_ratio: 2
    depth_of_discharge: 0.9
  Pb-acid:
    cost: 213.771
    lifetime: 13.68
    annual_cost: 15.626535087719297
    efficiency: 0.677334
    discharge_ratio: 5
    depth_of_discharge: 0.5
  VRBF:
    cost: 144.331
    lifetime: 29.2668
    annual_cost: 4.931560676261156
    efficiency: 0.73116
    discharge_ratio: 0.5
    depth_of_discharge: 1.0
