cost_values:
  wind_capex: 5000.0
  wind_opex: 100
  wind_lifetime: 20
  solar_capex: 1000.0
  solar_opex: 10
  solar_lifetime: 20
  carbon_price: 1.0
timeseries_values:
  load_level: 240884.55874430586
  wind_year: 2011
  solar_year: 2018
  price_year: 2023
  carbon_year: 2023
storage_values:
  CAES:
    cost: 58.5087
    lifetime: 25.2865
    annual_cost: 2.313831491111858
    efficiency: 0.576181
    discharge_ratio: 0.1
    depth_of_discharge: 0.4
  Li-ion:
    cost: 119.365
    lifetime: 21.6768
    annual_cost: 5.506578461765574
    efficiency: 0.853382
    discharge_ratio: 2
    depth_of_discharge: 0.9
  Pb-acid:
    cost: 202.389
    lifetime: 15.4075
    annual_cost: 13.135745578452052
    efficiency: 0.692696
    discharge_ratio: 5
    depth_of_discharge: 0.5
  VRBF:
    cost: 164.475
    lifetime: 28.8709
    annual_cost: 5.696912808398769
    efficiency: 0.782837
    discharge_ratio: 0.5
    depth_of_discharge: 1.0
