cost_values:
  wind_capex: 5000.0
  wind_opex: 100
  wind_lifetime: 20
  solar_capex: 1000.0
  solar_opex: 10
  solar_lifetime: 20
  carbon_price: 1.0
timeseries_values:
  load_level: 240884.55874430586
  wind_year: 2011
  solar_year: 2018
  price_year: 2023
  carbon_year: 2023
storage_values:
  CAES:
    cost: 65.4114
    lifetime: 25.2636
    annual_cost: 2.589155939771054
    efficiency: 0.569529
    discharge_ratio: 0.1
    depth_of_discharge: 0.4
  Li-ion:
    cost: 140.839
    lifetime: 22.7867
    annual_cost: 6.180754562968749
    efficiency: 0.871786
    discharge_ratio: 2
    depth_of_discharge: 0.9
  Pb-acid:
    cost: 208.265
    lifetime: 17.1759
    annual_cost: 12.125419919771307
    efficiency: 0.684044
    discharge_ratio: 5
    depth_of_discharge: 0.5
  VRBF:
    cost: 138.001
    lifetime: 28.0907
    annual_cost: 4.91269352490326
    efficiency: 0.762435
    discharge_ratio: 0.5
    depth_of_discharge: 1.0
