cost_values:
  wind_capex: 5000.0
  wind_opex: 100
  wind_lifetime: 20
  solar_capex: 1000.0
  solar_opex: 10
  solar_lifetime: 20
  carbon_price: 1.0
timeseries_values:
  load_level: 240884.55874430586
  wind_year: 2011
  solar_year: 2018
  price_year: 2023
  carbon_year: 2023
storage_values:
  CAES:
    cost: 72.2403
    lifetime: 25.1239
    annual_cost: 2.8753617073782336
    efficiency: 0.591561
    discharge_ratio: 0.1
    depth_of_discharge: 0.4
  Li-ion:
    cost: 144.347
    lifetime: 24.6894
    annual_cost: 5.846517128808315
    efficiency: 0.865844
    discharge_ratio: 2
    depth_of_discharge: 0.9
  Pb-acid:
    cost: 199.298
    lifetime: 15.842
    annual_cost: 12.580356015654589
    efficiency: 0.660841
    discharge_ratio: 5
    depth_of_discharge: 0.5
  VRBF:
    cost: 160.825
    lifetime: 29.1163
    annual_cost: 5.523538361673701
    efficiency: 0.760699
    discharge_ratio: 0.5
    depth_of_discharge: 1.0
