cost_values:
  wind_capex: 5000.0
  wind_opex: 100
  wind_lifetime: 20
  solar_capex: 1000.0
  solar_opex: 10
  solar_lifetime: 20
  carbon_price: 1.0
timeseries_values:
  load_level: 240884.55874430586
  wind_year: 2011
  solar_year: 2018
  price_year: 2023
  carbon_year: 2023
storage_values:
  CAES:
    cost: 56.5447
    lifetime: 24.6402
    annual_cost: 2.2948149771511592
    efficiency: 0.585239
    discharge_ratio: 0.1
    depth_of_discharge: 0.4
  Li-ion:
    cost: 148.434
    lifetime: 21.1845
    annual_cost: 7.00672661615804
    efficiency: 0.853956
    discharge_ratio: 2
    depth_of_discharge: 0.9
  Pb-acid:
    cost: 197.828
    lifetime: 17.0796
    annual_cost: 11.582706854961476
    efficiency: 0.659495
    discharge_ratio: 5
    depth_of_discharge: 0.5
  VRBF:
    cost: 129.995
    lifetime: 29.7165
    annual_cost: 4.374505745966046
    efficiency: 0.771608
    discharge_ratio: 0.5
    depth_of_discharge: 1.0
