cost_values:
  wind_capex: 5000.0
  wind_opex: 100
  wind_lifetime: 20
  solar_capex: 1000.0
  solar_opex: 10
  solar_lifetime: 20
  carbon_price: 1.0
timeseries_values:
  load_level: 240884.55874430586
  wind_year: 2011
  solar_year: 2018
  price_year: 2023
  carbon_year: 2023
storage_values:
  CAES:
    cost: 59.2845
    lifetime: 25.3361
    annual_cost: 2.3399220874562388
    efficiency: 0.579685
    discharge_ratio: 0.1
    depth_of_discharge: 0.4
  Li-ion:
    cost: 146.215
    lifetime: 21.4877
    annual_cost: 6.804590533188755
    efficiency: 0.863377
    discharge_ratio: 2
    depth_of_discharge: 0.9
  Pb-acid:
    cost: 185.017
    lifetime: 16.2149
    annual_cost: 11.410307803316702
    efficiency: 0.689575
    discharge_ratio: 5
    depth_of_discharge: 0.5
  VRBF:
    cost: 166.296
    lifetime: 28.7485
    annual_cost: 5.784510496199801
    efficiency: 0.749223
    discharge_ratio: 0.5
    depth_of_discharge: 1.0
