cost_values:
  wind_capex: 5000.0
  wind_opex: 100
  wind_lifetime: 20
  solar_capex: 1000.0
  solar_opex: 10
  solar_lifetime: 20
  carbon_price: 1.0
timeseries_values:
  load_level: 240884.55874430586
  wind_year: 2011
  solar_year: 2018
  price_year: 2023
  carbon_year: 2023
storage_values:
  CAES:
    cost: 66.7165
    lifetime: 25.6978
    annual_cost: 2.5961950050198848
    efficiency: 0.564787
    discharge_ratio: 0.1
    depth_of_discharge: 0.4
  Li-ion:
    cost: 146.181
    lifetime: 23.6081
    annual_cost: 6.191984954316528
    efficiency: 0.860343
    discharge_ratio: 2
    depth_of_discharge: 0.9
  Pb-acid:
    cost: 203.259
    lifetime: 15.7179
    annual_cost: 12.931689347813638
    efficiency: 0.670269
    discharge_ratio: 5
    depth_of_discharge: 0.5
  VRBF:
    cost: 120.174
    lifetime: 27.9119
    annual_cost: 4.305475442374042
    efficiency: 0.758351
    discharge_ratio: 0.5
    depth_of_discharge: 1.0
