cost_values:
  wind_capex: 5000.0
  wind_opex: 100
  wind_lifetime: 20
  solar_capex: 1000.0
  solar_opex: 10
  solar_lifetime: 20
  carbon_price: 1.0
timeseries_values:
  load_level: 240884.55874430586
  wind_year: 2011
  solar_year: 2018
  price_year: 2023
  carbon_year: 2023
storage_values:
  CAES:
    cost: 59.5267
    lifetime: 25.7499
    annual_cost: 2.311725482429058
    efficiency: 0.58038
    discharge_ratio: 0.1
    depth_of_discharge: 0.4
  Li-ion:
    cost: 142.151
    lifetime: 23.5311
    annual_cost: 6.04098405939374
    efficiency: 0.883469
    discharge_ratio: 2
    depth_of_discharge: 0.9
  Pb-acid:
    cost: 212.715
    lifetime: 15.5276
    annual_cost: 13.699155052937995
    efficiency: 0.671563
    discharge_ratio: 5
    depth_of_discharge: 0.5
  VRBF:
    cost: 162.848
    lifetime: 29.3062
    annual_cost: 5.556776381789519
    efficiency: 0.773623
    discharge_ratio: 0.5
    depth_of_discharge: 1.0
