cost_values:
  wind_capex: 5000.0
  wind_opex: 100
  wind_lifetime: 20
  solar_capex: 1000.0
  solar_opex: 10
  solar_lifetime: 20
  carbon_price: 1.0
timeseries_values:
  load_level: 240884.55874430586
  wind_year: 2011
  solar_year: 2018
  price_year: 2023
  carbon_year: 2023
storage_values:
  CAES:
    cost: 64.8926
    lifetime: 24.0698
    annual_cost: 2.6960174160150894
    efficiency: 0.577628
    discharge_ratio: 0.1
    depth_of_discharge: 0.4
  Li-ion:
    cost: 146.411
    lifetime: 22.6935
    annual_cost: 6.4516711833785
    efficiency: 0.860552
    discharge_ratio: 2
    depth_of_discharge: 0.9
  Pb-acid:
    cost: 202.673
    lifetime: 15.1743
    annual_cost: 13.356332746815339
    efficiency: 0.686337
    discharge_ratio: 5
    depth_of_discharge: 0.5
  VRBF:
    cost: 174.569
    lifetime: 28.6324
    annual_cost: 6.096904206423492
    efficiency: 0.757263
    discharge_ratio: 0.5
    depth_of_discharge: 1.0
