cost_values:
  wind_capex: 5000.0
  wind_opex: 100
  wind_lifetime: 20
  solar_capex: 1000.0
  solar_opex: 10
  solar_lifetime: 20
  carbon_price: 1.0
timeseries_values:
  load_level: 240884.55874430586
  wind_year: 2011
  solar_year: 2018
  price_year: 2023
  carbon_year: 2023
storage_values:
  CAES:
    cost: 64.3784
    lifetime: 24.75
    annual_cost: 2.6011474747474748
    efficiency: 0.57065
    discharge_ratio: 0.1
    depth_of_discharge: 0.4
  Li-ion:
    cost: 135.116
    lifetime: 22.664
    annual_cost: 5.961701376632545
    efficiency: 0.857779
    discharge_ratio: 2
    depth_of_discharge: 0.9
  Pb-acid:
    cost: 200.115
    lifetime: 15.4596
    annual_cost: 12.944384072032912
    efficiency: 0.674127
    discharge_ratio: 5
    depth_of_discharge: 0.5
  VRBF:
    cost: 169.371
    lifetime: 29.2142
    annual_cost: 5.7975573522465105
    efficiency: 0.776365
    discharge_ratio: 0.5
    depth_of_discharge: 1.0
