cost_values:
  wind_capex: 5000.0
  wind_opex: 100
  wind_lifetime: 20
  solar_capex: 1000.0
  solar_opex: 10
  solar_lifetime: 20
  carbon_price: 1.0
timeseries_values:
  load_level: 240884.55874430586
  wind_year: 2011
  solar_year: 2018
  price_year: 2023
  carbon_year: 2023
storage_values:
  CAES:
    cost: 60.2119
    lifetime: 24.4288
    annual_cost: 2.4647915575058947
    efficiency: 0.578483
    discharge_ratio: 0.1
    depth_of_discharge: 0.4
  Li-ion:
    cost: 109.839
    lifetime: 23.5891
    annual_cost: 4.656345515513522
    efficiency: 0.871492
    discharge_ratio: 2
    depth_of_discharge: 0.9
  Pb-acid:
    cost: 199.279
    lifetime: 15.4781
    annual_cost: 12.874900666102429
    efficiency: 0.669336
    discharge_ratio: 5
    depth_of_discharge: 0.5
  VRBF:
    cost: 108.25
    lifetime: 27.536
    annual_cost: 3.931217315514236
    efficiency: 0.757299
    discharge_ratio: 0.5
    depth_of_discharge: 1.0
