cost_values:
  wind_capex: 5000.0
  wind_opex: 100
  wind_lifetime: 20
  solar_capex: 1000.0
  solar_opex: 10
  solar_lifetime: 20
  carbon_price: 1.0
timeseries_values:
  load_level: 240884.55874430586
  wind_year: 2011
  solar_year: 2018
  price_year: 2023
  carbon_year: 2023
storage_values:
  CAES:
    cost: 63.0607
    lifetime: 25.3154
    annual_cost: 2.4910015247635826
    efficiency: 0.579873
    discharge_ratio: 0.1
    depth_of_discharge: 0.4
  Li-ion:
    cost: 121.15
    lifetime: 21.6579
    annual_cost: 5.593801799805152
    efficiency: 0.870012
    discharge_ratio: 2
    depth_of_discharge: 0.9
  Pb-acid:
    cost: 187.452
    lifetime: 15.5365
    annual_cost: 12.065265664725002
    efficiency: 0.677155
    discharge_ratio: 5
    depth_of_discharge: 0.5
  VRBF:
    cost: 150.29
    lifetime: 28.3949
    annual_cost: 5.292851885373782
    efficiency: 0.762262
    discharge_ratio: 0.5
    depth_of_discharge: 1.0
