cost_values:
  wind_capex: 5000.0
  wind_opex: 100
  wind_lifetime: 20
  solar_capex: 1000.0
  solar_opex: 10
  solar_lifetime: 20
  carbon_price: 1.0
timeseries_values:
  load_level: 240884.55874430586
  wind_year: 2011
  solar_year: 2018
  price_year: 2023
  carbon_year: 2023
storage_values:
  CAES:
    cost: 62.7278
    lifetime: 25.181
    annual_cost: 2.49107660537707
    efficiency: 0.571516
    discharge_ratio: 0.1
    depth_of_discharge: 0.4
  Li-ion:
    cost: 143.663
    lifetime: 22.7887
    annual_cost: 6.304133188817265
    efficiency: 0.85883
    discharge_ratio: 2
    depth_of_discharge: 0.9
  Pb-acid:
    cost: 211.557
    lifetime: 14.6898
    annual_cost: 14.401625617775599
    efficiency: 0.673749
    discharge_ratio: 5
    depth_of_discharge: 0.5
  VRBF:
    cost: 123.167
    lifetime: 27.8541
    annual_cost: 4.421862490620771
    efficiency: 0.747164
    discharge_ratio: 0.5
    depth_of_discharge: 1.0
