cost_values:
  wind_capex: 5000.0
  wind_opex: 100
  wind_lifetime: 20
  solar_capex: 1000.0
  solar_opex: 10
  solar_lifetime: 20
  carbon_price: 1.0
timeseries_values:
  load_level: 240884.55874430586
  wind_year: 2011
  solar_year: 2018
  price_year: 2023
  carbon_year: 2023
storage_values:
  CAES:
    cost: 68.2186
    lifetime: 23.9513
    annual_cost: 2.8482211821487766
    efficiency: 0.575355
    discharge_ratio: 0.1
    depth_of_discharge: 0.4
  Li-ion:
    cost: 134.081
    lifetime: 22.8122
    annual_cost: 5.877600582144641
    efficiency: 0.864689
    discharge_ratio: 2
    depth_of_discharge: 0.9
  Pb-acid:
    cost: 211.581
    lifetime: 13.9874
    annual_cost: 15.12654245964225
    efficiency: 0.673014
    discharge_ratio: 5
    depth_of_discharge: 0.5
  VRBF:
    cost: 155.631
    lifetime: 28.6589
    annual_cost: 5.430459647788297
    efficiency: 0.765915
    discharge_ratio: 0.5
    depth_of_discharge: 1.0
