cost_values:
  wind_capex: 5000.0
  wind_opex: 100
  wind_lifetime: 20
  solar_capex: 1000.0
  solar_opex: 10
  solar_lifetime: 20
  carbon_price: 1.0
timeseries_values:
  load_level: 240884.55874430586
  wind_year: 2011
  solar_year: 2018
  price_year: 2023
  carbon_year: 2023
storage_values:
  CAES:
    cost: 66.9414
    lifetime: 25.0995
    annual_cost: 2.6670411761190462
    efficiency: 0.576883
    discharge_ratio: 0.1
    depth_of_discharge: 0.4
  Li-ion:
    cost: 136.119
    lifetime: 23.305
    annual_cost: 5.84076378459558
    efficiency: 0.878801
    discharge_ratio: 2
    depth_of_discharge: 0.9
  Pb-acid:
    cost: 187.247
    lifetime: 14.7588
    annual_cost: 12.687142586118112
    efficiency: 0.679299
    discharge_ratio: 5
    depth_of_discharge: 0.5
  VRBF:
    cost: 108.451
    lifetime: 28.536
    annual_cost: 3.8004976170451354
    efficiency: 0.729519
    discharge_ratio: 0.5
    depth_of_discharge: 1.0
