cost_values:
  wind_capex: 5000.0
  wind_opex: 100
  wind_lifetime: 20
  solar_capex: 1000.0
  solar_opex: 10
  solar_lifetime: 20
  carbon_price: 1.0
timeseries_values:
  load_level: 240884.55874430586
  wind_year: 2011
  solar_year: 2018
  price_year: 2023
  carbon_year: 2023
storage_values:
  CAES:
    cost: 67.3739
    lifetime: 26.2557
    annual_cost: 2.5660675586634523
    efficiency: 0.577058
    discharge_ratio: 0.1
    depth_of_discharge: 0.4
  Li-ion:
    cost: 157.163
    lifetime: 23.8893
    annual_cost: 6.578803062458926
    efficiency: 0.861682
    discharge_ratio: 2
    depth_of_discharge: 0.9
  Pb-acid:
    cost: 199.92
    lifetime: 15.1986
    annual_cost: 13.153843117129208
    efficiency: 0.672385
    discharge_ratio: 5
    depth_of_discharge: 0.5
  VRBF:
    cost: 173.945
    lifetime: 26.7081
    annual_cost: 6.512818208708219
    efficiency: 0.751534
    discharge_ratio: 0.5
    depth_of_discharge: 1.0
