cost_values:
  wind_capex: 5000.0
  wind_opex: 100
  wind_lifetime: 20
  solar_capex: 1000.0
  solar_opex: 10
  solar_lifetime: 20
  carbon_price: 1.0
timeseries_values:
  load_level: 240884.55874430586
  wind_year: 2011
  solar_year: 2018
  price_year: 2023
  carbon_year: 2023
storage_values:
  CAES:
    cost: 61.9071
    lifetime: 25.2903
    annual_cost: 2.4478594559969635
    efficiency: 0.57778
    discharge_ratio: 0.1
    depth_of_discharge: 0.4
  Li-ion:
    cost: 138.153
    lifetime: 22.2252
    annual_cost: 6.21605204902543
    efficiency: 0.86475
    discharge_ratio: 2
    depth_of_discharge: 0.9
  Pb-acid:
    cost: 201.318
    lifetime: 16.6283
    annual_cost: 12.106950199358925
    efficiency: 0.693143
    discharge_ratio: 5
    depth_of_discharge: 0.5
  VRBF:
    cost: 154.672
    lifetime: 28.9798
    annual_cost: 5.337234901552115
    efficiency: 0.751688
    discharge_ratio: 0.5
    depth_of_discharge: 1.0
