cost_values:
  wind_capex: 5000.0
  wind_opex: 100
  wind_lifetime: 20
  solar_capex: 1000.0
  solar_opex: 10
  solar_lifetime: 20
  carbon_price: 1.0
timeseries_values:
  load_level: 240884.55874430586
  wind_year: 2011
  solar_year: 2018
  price_year: 2023
  carbon_year: 2023
storage_values:
  CAES:
    cost: 65.9131
    lifetime: 25.3459
    annual_cost: 2.6005428885934214
    efficiency: 0.581967
    discharge_ratio: 0.1
    depth_of_discharge: 0.4
  Li-ion:
    cost: 126.004
    lifetime: 25.0978
    annual_cost: 5.020519726828646
    efficiency: 0.867752
    discharge_ratio: 2
    depth_of_discharge: 0.9
  Pb-acid:
    cost: 191.804
    lifetime: 14.3529
    annual_cost: 13.363431780337075
    efficiency: 0.666603
    discharge_ratio: 5
    depth_of_discharge: 0.5
  VRBF:
    cost: 143.082
    lifetime: 27.6512
    annual_cost: 5.174531304247194
    efficiency: 0.767423
    discharge_ratio: 0.5
    depth_of_discharge: 1.0
