cost_values:
  wind_capex: 5000.0
  wind_opex: 100
  wind_lifetime: 20
  solar_capex: 1000.0
  solar_opex: 10
  solar_lifetime: 20
  carbon_price: 1.0
timeseries_values:
  load_level: 240884.55874430586
  wind_year: 2011
  solar_year: 2018
  price_year: 2023
  carbon_year: 2023
storage_values:
  CAES:
    cost: 61.3183
    lifetime: 25.0604
    annual_cost: 2.446820481716174
    efficiency: 0.582445
    discharge_ratio: 0.1
    depth_of_discharge: 0.4
  Li-ion:
    cost: 133.27
    lifetime: 21.1148
    annual_cost: 6.311686589501204
    efficiency: 0.86173
    discharge_ratio: 2
    depth_of_discharge: 0.9
  Pb-acid:
    cost: 197.375
    lifetime: 16.8805
    annual_cost: 11.692485412161961
    efficiency: 0.68276
    discharge_ratio: 5
    depth_of_discharge: 0.5
  VRBF:
    cost: 137.466
    lifetime: 27.6652
    annual_cost: 4.9689140147188535
    efficiency: 0.756181
    discharge_ratio: 0.5
    depth_of_discharge: 1.0
