cost_values:
  wind_capex: 5000.0
  wind_opex: 100
  wind_lifetime: 20
  solar_capex: 1000.0
  solar_opex: 10
  solar_lifetime: 20
  carbon_price: 1.0
timeseries_values:
  load_level: 240884.55874430586
  wind_year: 2011
  solar_year: 2018
  price_year: 2023
  carbon_year: 2023
storage_values:
  CAES:
    cost: 62.1962
    lifetime: 24.7107
    annual_cost: 2.5169744280817623
    efficiency: 0.578405
    discharge_ratio: 0.1
    depth_of_discharge: 0.4
  Li-ion:
    cost: 125.734
    lifetime: 19.527
    annual_cost: 6.438981922466328
    efficiency: 0.868388
    discharge_ratio: 2
    depth_of_discharge: 0.9
  Pb-acid:
    cost: 208.52
    lifetime: 15.0165
    annual_cost: 13.886058668797656
    efficiency: 0.669276
    discharge_ratio: 5
    depth_of_discharge: 0.5
  VRBF:
    cost: 135.254
    lifetime: 29.3993
    annual_cost: 4.600585728231624
    efficiency: 0.756474
    discharge_ratio: 0.5
    depth_of_discharge: 1.0
