cost_values:
  wind_capex: 5000.0
  wind_opex: 100
  wind_lifetime: 20
  solar_capex: 1000.0
  solar_opex: 10
  solar_lifetime: 20
  carbon_price: 1.0
timeseries_values:
  load_level: 240884.55874430586
  wind_year: 2011
  solar_year: 2018
  price_year: 2023
  carbon_year: 2023
storage_values:
  CAES:
    cost: 64.4889
    lifetime: 24.1761
    annual_cost: 2.667464975740504
    efficiency: 0.580174
    discharge_ratio: 0.1
    depth_of_discharge: 0.4
  Li-ion:
    cost: 117.198
    lifetime: 23.1203
    annual_cost: 5.069051872164288
    efficiency: 0.860588
    discharge_ratio: 2
    depth_of_discharge: 0.9
  Pb-acid:
    cost: 194.424
    lifetime: 15.2259
    annual_cost: 12.769294425945265
    efficiency: 0.684758
    discharge_ratio: 5
    depth_of_discharge: 0.5
  VRBF:
    cost: 131.31
    lifetime: 28.8
    annual_cost: 4.559375
    efficiency: 0.739276
    discharge_ratio: 0.5
    depth_of_discharge: 1.0
