cost_values:
  wind_capex: 5000.0
  wind_opex: 100
  wind_lifetime: 20
  solar_capex: 1000.0
  solar_opex: 10
  solar_lifetime: 20
  carbon_price: 1.0
timeseries_values:
  load_level: 240884.55874430586
  wind_year: 2011
  solar_year: 2018
  price_year: 2023
  carbon_year: 2023
storage_values:
  CAES:
    cost: 65.8635
    lifetime: 25.2832
    annual_cost: 2.6050302176939626
    efficiency: 0.583297
    discharge_ratio: 0.1
    depth_of_discharge: 0.4
  Li-ion:
    cost: 124.724
    lifetime: 22.6578
    annual_cost: 5.5046827141205235
    efficiency: 0.868225
    discharge_ratio: 2
    depth_of_discharge: 0.9
  Pb-acid:
    cost: 185.387
    lifetime: 13.9358
    annual_cost: 13.30293201681999
    efficiency: 0.685922
    discharge_ratio: 5
    depth_of_discharge: 0.5
  VRBF:
    cost: 129.291
    lifetime: 27.9825
    annual_cost: 4.620423478960064
    efficiency: 0.754756
    discharge_ratio: 0.5
    depth_of_discharge: 1.0
