cost_values:
  wind_capex: 5000.0
  wind_opex: 100
  wind_lifetime: 20
  solar_capex: 1000.0
  solar_opex: 10
  solar_lifetime: 20
  carbon_price: 1.0
timeseries_values:
  load_level: 240884.55874430586
  wind_year: 2011
  solar_year: 2018
  price_year: 2023
  carbon_year: 2023
storage_values:
  CAES:
    cost: 66.7696
    lifetime: 25.6496
    annual_cost: 2.6031439086769383
    efficiency: 0.5806
    discharge_ratio: 0.1
    depth_of_discharge: 0.4
  Li-ion:
    cost: 153.697
    lifetime: 22.0233
    annual_cost: 6.9788360509097185
    efficiency: 0.864725
    discharge_ratio: 2
    depth_of_discharge: 0.9
  Pb-acid:
    cost: 203.991
    lifetime: 13.5944
    annual_cost: 15.005516977579004
    efficiency: 0.673154
    discharge_ratio: 5
    depth_of_discharge: 0.5
  VRBF:
    cost: 130.984
    lifetime: 27.8541
    annual_cost: 4.702503401653617
    efficiency: 0.755726
    discharge_ratio: 0.5
    depth_of_discharge: 1.0
