cost_values:
  wind_capex: 5000.0
  wind_opex: 100
  wind_lifetime: 20
  solar_capex: 1000.0
  solar_opex: 10
  solar_lifetime: 20
  carbon_price: 1.0
timeseries_values:
  load_level: 240884.55874430586
  wind_year: 2011
  solar_year: 2018
  price_year: 2023
  carbon_year: 2023
storage_values:
  CAES:
    cost: 62.0761
    lifetime: 26.2474
    annual_cost: 2.3650380609127
    efficiency: 0.586631
    discharge_ratio: 0.1
    depth_of_discharge: 0.4
  Li-ion:
    cost: 158.072
    lifetime: 24.4815
    annual_cost: 6.456793905602189
    efficiency: 0.866623
    discharge_ratio: 2
    depth_of_discharge: 0.9
  Pb-acid:
    cost: 221.637
    lifetime: 14.6744
    annual_cost: 15.103649893692417
    efficiency: 0.668271
    discharge_ratio: 5
    depth_of_discharge: 0.5
  VRBF:
    cost: 120.735
    lifetime: 28.1011
    annual_cost: 4.296451028607422
    efficiency: 0.749161
    discharge_ratio: 0.5
    depth_of_discharge: 1.0
