cost_values:
  wind_capex: 5000.0
  wind_opex: 100
  wind_lifetime: 20
  solar_capex: 1000.0
  solar_opex: 10
  solar_lifetime: 20
  carbon_price: 1.0
timeseries_values:
  load_level: 240884.55874430586
  wind_year: 2011
  solar_year: 2018
  price_year: 2023
  carbon_year: 2023
storage_values:
  CAES:
    cost: 58.2062
    lifetime: 25.8091
    annual_cost: 2.255258804065233
    efficiency: 0.584963
    discharge_ratio: 0.1
    depth_of_discharge: 0.4
  Li-ion:
    cost: 120.938
    lifetime: 24.5081
    annual_cost: 4.934613454327345
    efficiency: 0.86344
    discharge_ratio: 2
    depth_of_discharge: 0.9
  Pb-acid:
    cost: 187.824
    lifetime: 16.2548
    annual_cost: 11.554986834658072
    efficiency: 0.680893
    discharge_ratio: 5
    depth_of_discharge: 0.5
  VRBF:
    cost: 124.427
    lifetime: 29.044
    annual_cost: 4.284086214020108
    efficiency: 0.759055
    discharge_ratio: 0.5
    depth_of_discharge: 1.0
