cost_values:
  wind_capex: 5000.0
  wind_opex: 100
  wind_lifetime: 20
  solar_capex: 1000.0
  solar_opex: 10
  solar_lifetime: 20
  carbon_price: 1.0
timeseries_values:
  load_level: 240884.55874430586
  wind_year: 2011
  solar_year: 2018
  price_year: 2023
  carbon_year: 2023
storage_values:
  CAES:
    cost: 63.6636
    lifetime: 25.3776
    annual_cost: 2.508653300548515
    efficiency: 0.573562
    discharge_ratio: 0.1
    depth_of_discharge: 0.4
  Li-ion:
    cost: 159.207
    lifetime: 20.0128
    annual_cost: 7.955258634473937
    efficiency: 0.864968
    discharge_ratio: 2
    depth_of_discharge: 0.9
  Pb-acid:
    cost: 196.665
    lifetime: 15.7588
    annual_cost: 12.479693885321216
    efficiency: 0.686719
    discharge_ratio: 5
    depth_of_discharge: 0.5
  VRBF:
    cost: 138.745
    lifetime: 27.9
    annual_cost: 4.9729390681003585
    efficiency: 0.749449
    discharge_ratio: 0.5
    depth_of_discharge: 1.0
