cost_values:
  wind_capex: 5000.0
  wind_opex: 100
  wind_lifetime: 20
  solar_capex: 1000.0
  solar_opex: 10
  solar_lifetime: 20
  carbon_price: 1.0
timeseries_values:
  load_level: 240884.55874430586
  wind_year: 2011
  solar_year: 2018
  price_year: 2023
  carbon_year: 2023
storage_values:
  CAES:
    cost: 59.4883
    lifetime: 24.166
    annual_cost: 2.4616527352478688
    efficiency: 0.591008
    discharge_ratio: 0.1
    depth_of_discharge: 0.4
  Li-ion:
    cost: 155.601
    lifetime: 23.6092
    annual_cost: 6.590693458482286
    efficiency: 0.86369
    discharge_ratio: 2
    depth_of_discharge: 0.9
  Pb-acid:
    cost: 197.96
    lifetime: 16.2842
    annual_cost: 12.156568944129894
    efficiency: 0.675775
    discharge_ratio: 5
    depth_of_discharge: 0.5
  VRBF:
    cost: 177.128
    lifetime: 28.4386
    annual_cost: 6.22843599895916
    efficiency: 0.745308
    discharge_ratio: 0.5
    depth_of_discharge: 1.0
