cost_values:
  wind_capex: 5000.0
  wind_opex: 100
  wind_lifetime: 20
  solar_capex: 1000.0
  solar_opex: 10
  solar_lifetime: 20
  carbon_price: 1.0
timeseries_values:
  load_level: 240884.55874430586
  wind_year: 2011
  solar_year: 2018
  price_year: 2023
  carbon_year: 2023
storage_values:
  CAES:
    cost: 69.4803
    lifetime: 25.212
    annual_cost: 2.755842455973346
    efficiency: 0.580768
    discharge_ratio: 0.1
    depth_of_discharge: 0.4
  Li-ion:
    cost: 134.898
    lifetime: 21.1221
    annual_cost: 6.386580879742071
    efficiency: 0.876945
    discharge_ratio: 2
    depth_of_discharge: 0.9
  Pb-acid:
    cost: 208.005
    lifetime: 14.9223
    annual_cost: 13.93920508232645
    efficiency: 0.669053
    discharge_ratio: 5
    depth_of_discharge: 0.5
  VRBF:
    cost: 126.919
    lifetime: 27.1957
    annual_cost: 4.6668774843081815
    efficiency: 0.765534
    discharge_ratio: 0.5
    depth_of_discharge: 1.0
