cost_values:
  wind_capex: 5000.0
  wind_opex: 100
  wind_lifetime: 20
  solar_capex: 1000.0
  solar_opex: 10
  solar_lifetime: 20
  carbon_price: 1.0
timeseries_values:
  load_level: 240884.55874430586
  wind_year: 2011
  solar_year: 2018
  price_year: 2023
  carbon_year: 2023
storage_values:
  CAES:
    cost: 70.2196
    lifetime: 24.8347
    annual_cost: 2.827479293085884
    efficiency: 0.579561
    discharge_ratio: 0.1
    depth_of_discharge: 0.4
  Li-ion:
    cost: 136.833
    lifetime: 22.7417
    annual_cost: 6.016832514719655
    efficiency: 0.863288
    discharge_ratio: 2
    depth_of_discharge: 0.9
  Pb-acid:
    cost: 196.195
    lifetime: 14.9599
    annual_cost: 13.1147267027186
    efficiency: 0.679271
    discharge_ratio: 5
    depth_of_discharge: 0.5
  VRBF:
    cost: 142.76
    lifetime: 28.5276
    annual_cost: 5.004276560243413
    efficiency: 0.733614
    discharge_ratio: 0.5
    depth_of_discharge: 1.0
