cost_values:
  wind_capex: 5000.0
  wind_opex: 100
  wind_lifetime: 20
  solar_capex: 1000.0
  solar_opex: 10
  solar_lifetime: 20
  carbon_price: 1.0
timeseries_values:
  load_level: 240884.55874430586
  wind_year: 2011
  solar_year: 2018
  price_year: 2023
  carbon_year: 2023
storage_values:
  CAES:
    cost: 63.1096
    lifetime: 25.1455
    annual_cost: 2.5097770972937505
    efficiency: 0.584872
    discharge_ratio: 0.1
    depth_of_discharge: 0.4
  Li-ion:
    cost: 147.91
    lifetime: 23.4106
    annual_cost: 6.318078135545437
    efficiency: 0.857229
    discharge_ratio: 2
    depth_of_discharge: 0.9
  Pb-acid:
    cost: 211.814
    lifetime: 16.7296
    annual_cost: 12.661031943381788
    efficiency: 0.681024
    discharge_ratio: 5
    depth_of_discharge: 0.5
  VRBF:
    cost: 139.906
    lifetime: 26.0572
    annual_cost: 5.369187786868888
    efficiency: 0.766282
    discharge_ratio: 0.5
    depth_of_discharge: 1.0
