cost_values:
  wind_capex: 5000.0
  wind_opex: 100
  wind_lifetime: 20
  solar_capex: 1000.0
  solar_opex: 10
  solar_lifetime: 20
  carbon_price: 1.0
timeseries_values:
  load_level: 240884.55874430586
  wind_year: 2011
  solar_year: 2018
  price_year: 2023
  carbon_year: 2023
storage_values:
  CAES:
    cost: 65.0236
    lifetime: 24.9085
    annual_cost: 2.610498424232692
    efficiency: 0.569808
    discharge_ratio: 0.1
    depth_of_discharge: 0.4
  Li-ion:
    cost: 140.916
    lifetime: 24.1825
    annual_cost: 5.827189083014576
    efficiency: 0.863987
    discharge_ratio: 2
    depth_of_discharge: 0.9
  Pb-acid:
    cost: 200.993
    lifetime: 14.2978
    annual_cost: 14.05761725580159
    efficiency: 0.658537
    discharge_ratio: 5
    depth_of_discharge: 0.5
  VRBF:
    cost: 121.103
    lifetime: 28.1443
    annual_cost: 4.302931677106909
    efficiency: 0.739769
    discharge_ratio: 0.5
    depth_of_discharge: 1.0
