cost_values:
  wind_capex: 5000.0
  wind_opex: 100
  wind_lifetime: 20
  solar_capex: 1000.0
  solar_opex: 10
  solar_lifetime: 20
  carbon_price: 1.0
timeseries_values:
  load_level: 240884.55874430586
  wind_year: 2011
  solar_year: 2018
  price_year: 2023
  carbon_year: 2023
storage_values:
  CAES:
    cost: 65.0202
    lifetime: 24.4919
    annual_cost: 2.6547634115768886
    efficiency: 0.567508
    discharge_ratio: 0.1
    depth_of_discharge: 0.4
  Li-ion:
    cost: 119.69
    lifetime: 21.9621
    annual_cost: 5.449843138861948
    efficiency: 0.868589
    discharge_ratio: 2
    depth_of_discharge: 0.9
  Pb-acid:
    cost: 173.388
    lifetime: 15.6236
    annual_cost: 11.097826365242327
    efficiency: 0.682641
    discharge_ratio: 5
    depth_of_discharge: 0.5
  VRBF:
    cost: 144.246
    lifetime: 29.1277
    annual_cost: 4.952193273069964
    efficiency: 0.759649
    discharge_ratio: 0.5
    depth_of_discharge: 1.0
