cost_values:
  wind_capex: 5000.0
  wind_opex: 100
  wind_lifetime: 20
  solar_capex: 1000.0
  solar_opex: 10
  solar_lifetime: 20
  carbon_price: 1.0
timeseries_values:
  load_level: 240884.55874430586
  wind_year: 2011
  solar_year: 2018
  price_year: 2023
  carbon_year: 2023
storage_values:
  CAES:
    cost: 60.9838
    lifetime: 23.8365
    annual_cost: 2.5584209091099783
    efficiency: 0.567599
    discharge_ratio: 0.1
    depth_of_discharge: 0.4
  Li-ion:
    cost: 136.632
    lifetime: 19.0258
    annual_cost: 7.181406300917701
    efficiency: 0.851025
    discharge_ratio: 2
    depth_of_discharge: 0.9
  Pb-acid:
    cost: 207.746
    lifetime: 15.5608
    annual_cost: 13.350598940928487
    efficiency: 0.684797
    discharge_ratio: 5
    depth_of_discharge: 0.5
  VRBF:
    cost: 144.193
    lifetime: 29.7911
    annual_cost: 4.8401368193856555
    efficiency: 0.752301
    discharge_ratio: 0.5
    depth_of_discharge: 1.0
