cost_values:
  wind_capex: 5000.0
  wind_opex: 100
  wind_lifetime: 20
  solar_capex: 1000.0
  solar_opex: 10
  solar_lifetime: 20
  carbon_price: 1.0
timeseries_values:
  load_level: 240884.55874430586
  wind_year: 2011
  solar_year: 2018
  price_year: 2023
  carbon_year: 2023
storage_values:
  CAES:
    cost: 69.485
    lifetime: 26.3071
    annual_cost: 2.6413021579725626
    efficiency: 0.581693
    discharge_ratio: 0.1
    depth_of_discharge: 0.4
  Li-ion:
    cost: 139.111
    lifetime: 22.7559
    annual_cost: 6.113183833643142
    efficiency: 0.873105
    discharge_ratio: 2
    depth_of_discharge: 0.9
  Pb-acid:
    cost: 210.302
    lifetime: 15.7036
    annual_cost: 13.391961078988258
    efficiency: 0.678461
    discharge_ratio: 5
    depth_of_discharge: 0.5
  VRBF:
    cost: 128.695
    lifetime: 28.636
    annual_cost: 4.4941681799133955
    efficiency: 0.74789
    discharge_ratio: 0.5
    depth_of_discharge: 1.0
