cost_values:
  wind_capex: 5000.0
  wind_opex: 100
  wind_lifetime: 20
  solar_capex: 1000.0
  solar_opex: 10
  solar_lifetime: 20
  carbon_price: 1.0
timeseries_values:
  load_level: 240884.55874430586
  wind_year: 2011
  solar_year: 2018
  price_year: 2023
  carbon_year: 2023
storage_values:
  CAES:
    cost: 66.9263
    lifetime: 24.4829
    annual_cost: 2.733593651078916
    efficiency: 0.571195
    discharge_ratio: 0.1
    depth_of_discharge: 0.4
  Li-ion:
    cost: 114.412
    lifetime: 23.591
    annual_cost: 4.849815607646984
    efficiency: 0.860062
    discharge_ratio: 2
    depth_of_discharge: 0.9
  Pb-acid:
    cost: 181.653
    lifetime: 15.8634
    annual_cost: 11.451076061878284
    efficiency: 0.673647
    discharge_ratio: 5
    depth_of_discharge: 0.5
  VRBF:
    cost: 147.109
    lifetime: 29.3298
    annual_cost: 5.0156837073556595
    efficiency: 0.737387
    discharge_ratio: 0.5
    depth_of_discharge: 1.0
