cost_values:
  wind_capex: 5000.0
  wind_opex: 100
  wind_lifetime: 20
  solar_capex: 1000.0
  solar_opex: 10
  solar_lifetime: 20
  carbon_price: 1.0
timeseries_values:
  load_level: 240884.55874430586
  wind_year: 2011
  solar_year: 2018
  price_year: 2023
  carbon_year: 2023
storage_values:
  CAES:
    cost: 63.3442
    lifetime: 25.2422
    annual_cost: 2.509456386527323
    efficiency: 0.584584
    discharge_ratio: 0.1
    depth_of_discharge: 0.4
  Li-ion:
    cost: 131.585
    lifetime: 21.8466
    annual_cost: 6.023134034586619
    efficiency: 0.873799
    discharge_ratio: 2
    depth_of_discharge: 0.9
  Pb-acid:
    cost: 201.614
    lifetime: 15.639
    annual_cost: 12.891744996483151
    efficiency: 0.654058
    discharge_ratio: 5
    depth_of_discharge: 0.5
  VRBF:
    cost: 156.374
    lifetime: 29.9765
    annual_cost: 5.216552966490417
    efficiency: 0.748466
    discharge_ratio: 0.5
    depth_of_discharge: 1.0
