cost_values:
  wind_capex: 5000.0
  wind_opex: 100
  wind_lifetime: 20
  solar_capex: 1000.0
  solar_opex: 10
  solar_lifetime: 20
  carbon_price: 1.0
timeseries_values:
  load_level: 240884.55874430586
  wind_year: 2011
  solar_year: 2018
  price_year: 2023
  carbon_year: 2023
storage_values:
  CAES:
    cost: 60.6361
    lifetime: 25.7304
    annual_cost: 2.3565937568012933
    efficiency: 0.580509
    discharge_ratio: 0.1
    depth_of_discharge: 0.4
  Li-ion:
    cost: 134.083
    lifetime: 21.2145
    annual_cost: 6.3203469325225665
    efficiency: 0.876457
    discharge_ratio: 2
    depth_of_discharge: 0.9
  Pb-acid:
    cost: 176.984
    lifetime: 16.4395
    annual_cost: 10.765777547978955
    efficiency: 0.679017
    discharge_ratio: 5
    depth_of_discharge: 0.5
  VRBF:
    cost: 141.821
    lifetime: 29.747
    annual_cost: 4.76757320065889
    efficiency: 0.771105
    discharge_ratio: 0.5
    depth_of_discharge: 1.0
