cost_values:
  wind_capex: 5000.0
  wind_opex: 100
  wind_lifetime: 20
  solar_capex: 1000.0
  solar_opex: 10
  solar_lifetime: 20
  carbon_price: 1.0
timeseries_values:
  load_level: 240884.55874430586
  wind_year: 2011
  solar_year: 2018
  price_year: 2023
  carbon_year: 2023
storage_values:
  CAES:
    cost: 63.8006
    lifetime: 25.26
    annual_cost: 2.5257561361836895
    efficiency: 0.569528
    discharge_ratio: 0.1
    depth_of_discharge: 0.4
  Li-ion:
    cost: 144.365
    lifetime: 21.2107
    annual_cost: 6.806234589146045
    efficiency: 0.866625
    discharge_ratio: 2
    depth_of_discharge: 0.9
  Pb-acid:
    cost: 184.235
    lifetime: 17.5297
    annual_cost: 10.509877522148127
    efficiency: 0.668107
    discharge_ratio: 5
    depth_of_discharge: 0.5
  VRBF:
    cost: 147.979
    lifetime: 28.2635
    annual_cost: 5.235692677835371
    efficiency: 0.747325
    discharge_ratio: 0.5
    depth_of_discharge: 1.0
