cost_values:
  wind_capex: 5000.0
  wind_opex: 100
  wind_lifetime: 20
  solar_capex: 1000.0
  solar_opex: 10
  solar_lifetime: 20
  carbon_price: 1.0
timeseries_values:
  load_level: 240884.55874430586
  wind_year: 2011
  solar_year: 2018
  price_year: 2023
  carbon_year: 2023
storage_values:
  CAES:
    cost: 65.0488
    lifetime: 25.617
    annual_cost: 2.539282507709724
    efficiency: 0.583676
    discharge_ratio: 0.1
    depth_of_discharge: 0.4
  Li-ion:
    cost: 136.265
    lifetime: 23.7493
    annual_cost: 5.7376427936823395
    efficiency: 0.869765
    discharge_ratio: 2
    depth_of_discharge: 0.9
  Pb-acid:
    cost: 197.528
    lifetime: 16.547
    annual_cost: 11.93739046352813
    efficiency: 0.687351
    discharge_ratio: 5
    depth_of_discharge: 0.5
  VRBF:
    cost: 163.219
    lifetime: 27.1473
    annual_cost: 6.012347452601179
    efficiency: 0.739565
    discharge_ratio: 0.5
    depth_of_discharge: 1.0
