cost_values:
  wind_capex: 5000.0
  wind_opex: 100
  wind_lifetime: 20
  solar_capex: 1000.0
  solar_opex: 10
  solar_lifetime: 20
  carbon_price: 1.0
timeseries_values:
  load_level: 240884.55874430586
  wind_year: 2011
  solar_year: 2018
  price_year: 2023
  carbon_year: 2023
storage_values:
  CAES:
    cost: 65.977
    lifetime: 25.8395
    annual_cost: 2.5533388803962924
    efficiency: 0.584809
    discharge_ratio: 0.1
    depth_of_discharge: 0.4
  Li-ion:
    cost: 143.513
    lifetime: 22.9061
    annual_cost: 6.265274315575327
    efficiency: 0.870597
    discharge_ratio: 2
    depth_of_discharge: 0.9
  Pb-acid:
    cost: 199.508
    lifetime: 16.6823
    annual_cost: 11.9592622120451
    efficiency: 0.67532
    discharge_ratio: 5
    depth_of_discharge: 0.5
  VRBF:
    cost: 154.079
    lifetime: 29.0744
    annual_cost: 5.299473075970614
    efficiency: 0.778311
    discharge_ratio: 0.5
    depth_of_discharge: 1.0
