cost_values:
  wind_capex: 5000.0
  wind_opex: 100
  wind_lifetime: 20
  solar_capex: 1000.0
  solar_opex: 10
  solar_lifetime: 20
  carbon_price: 1.0
timeseries_values:
  load_level: 240884.55874430586
  wind_year: 2011
  solar_year: 2018
  price_year: 2023
  carbon_year: 2023
storage_values:
  CAES:
    cost: 71.1083
    lifetime: 24.83
    annual_cost: 2.863805879983891
    efficiency: 0.57072
    discharge_ratio: 0.1
    depth_of_discharge: 0.4
  Li-ion:
    cost: 154.896
    lifetime: 20.6643
    annual_cost: 7.495826134928354
    efficiency: 0.85189
    discharge_ratio: 2
    depth_of_discharge: 0.9
  Pb-acid:
    cost: 199.803
    lifetime: 16.504
    annual_cost: 12.106337857489093
    efficiency: 0.670706
    discharge_ratio: 5
    depth_of_discharge: 0.5
  VRBF:
    cost: 163.735
    lifetime: 28.2087
    annual_cost: 5.804414949997696
    efficiency: 0.745592
    discharge_ratio: 0.5
    depth_of_discharge: 1.0
