cost_values:
  wind_capex: 5000.0
  wind_opex: 100
  wind_lifetime: 20
  solar_capex: 1000.0
  solar_opex: 10
  solar_lifetime: 20
  carbon_price: 1.0
timeseries_values:
  load_level: 240884.55874430586
  wind_year: 2011
  solar_year: 2018
  price_year: 2023
  carbon_year: 2023
storage_values:
  CAES:
    cost: 60.5261
    lifetime: 25.235
    annual_cost: 2.3984981176936793
    efficiency: 0.575763
    discharge_ratio: 0.1
    depth_of_discharge: 0.4
  Li-ion:
    cost: 155.472
    lifetime: 23.239
    annual_cost: 6.690132966134516
    efficiency: 0.874993
    discharge_ratio: 2
    depth_of_discharge: 0.9
  Pb-acid:
    cost: 192.923
    lifetime: 14.8891
    annual_cost: 12.95733120202027
    efficiency: 0.68357
    discharge_ratio: 5
    depth_of_discharge: 0.5
  VRBF:
    cost: 180.916
    lifetime: 29.2389
    annual_cost: 6.187510474060241
    efficiency: 0.747195
    discharge_ratio: 0.5
    depth_of_discharge: 1.0
