cost_values:
  wind_capex: 5000.0
  wind_opex: 100
  wind_lifetime: 20
  solar_capex: 1000.0
  solar_opex: 10
  solar_lifetime: 20
  carbon_price: 1.0
timeseries_values:
  load_level: 240884.55874430586
  wind_year: 2011
  solar_year: 2018
  price_year: 2023
  carbon_year: 2023
storage_values:
  CAES:
    cost: 64.5116
    lifetime: 25.4462
    annual_cost: 2.5352154742161894
    efficiency: 0.575935
    discharge_ratio: 0.1
    depth_of_discharge: 0.4
  Li-ion:
    cost: 119.39
    lifetime: 22.703
    annual_cost: 5.258776373166542
    efficiency: 0.861486
    discharge_ratio: 2
    depth_of_discharge: 0.9
  Pb-acid:
    cost: 193.865
    lifetime: 15.8119
    annual_cost: 12.26070238238289
    efficiency: 0.679385
    discharge_ratio: 5
    depth_of_discharge: 0.5
  VRBF:
    cost: 139.764
    lifetime: 29.3145
    annual_cost: 4.7677429258558055
    efficiency: 0.742268
    discharge_ratio: 0.5
    depth_of_discharge: 1.0
