cost_values:
  wind_capex: 5000.0
  wind_opex: 100
  wind_lifetime: 20
  solar_capex: 1000.0
  solar_opex: 10
  solar_lifetime: 20
  carbon_price: 1.0
timeseries_values:
  load_level: 240884.55874430586
  wind_year: 2011
  solar_year: 2018
  price_year: 2023
  carbon_year: 2023
storage_values:
  CAES:
    cost: 71.4938
    lifetime: 24.5563
    annual_cost: 2.911423952305518
    efficiency: 0.580181
    discharge_ratio: 0.1
    depth_of_discharge: 0.4
  Li-ion:
    cost: 128.303
    lifetime: 23.5423
    annual_cost: 5.449892321480909
    efficiency: 0.870486
    discharge_ratio: 2
    depth_of_discharge: 0.9
  Pb-acid:
    cost: 206.413
    lifetime: 14.2867
    annual_cost: 14.447913093996515
    efficiency: 0.675046
    discharge_ratio: 5
    depth_of_discharge: 0.5
  VRBF:
    cost: 126.095
    lifetime: 29.4621
    annual_cost: 4.2799053699498675
    efficiency: 0.734117
    discharge_ratio: 0.5
    depth_of_discharge: 1.0
