cost_values:
  wind_capex: 5000.0
  wind_opex: 100
  wind_lifetime: 20
  solar_capex: 1000.0
  solar_opex: 10
  solar_lifetime: 20
  carbon_price: 1.0
timeseries_values:
  load_level: 240884.55874430586
  wind_year: 2011
  solar_year: 2018
  price_year: 2023
  carbon_year: 2023
storage_values:
  CAES:
    cost: 71.386
    lifetime: 25.4794
    annual_cost: 2.8017143260830317
    efficiency: 0.584559
    discharge_ratio: 0.1
    depth_of_discharge: 0.4
  Li-ion:
    cost: 136.481
    lifetime: 20.8143
    annual_cost: 6.557078546960503
    efficiency: 0.864134
    discharge_ratio: 2
    depth_of_discharge: 0.9
  Pb-acid:
    cost: 207.29
    lifetime: 15.7629
    annual_cost: 13.150498956410305
    efficiency: 0.687558
    discharge_ratio: 5
    depth_of_discharge: 0.5
  VRBF:
    cost: 149.497
    lifetime: 28.6892
    annual_cost: 5.210915605872594
    efficiency: 0.729392
    discharge_ratio: 0.5
    depth_of_discharge: 1.0
