cost_values:
  wind_capex: 5000.0
  wind_opex: 100
  wind_lifetime: 20
  solar_capex: 1000.0
  solar_opex: 10
  solar_lifetime: 20
  carbon_price: 1.0
timeseries_values:
  load_level: 240884.55874430586
  wind_year: 2011
  solar_year: 2018
  price_year: 2023
  carbon_year: 2023
storage_values:
  CAES:
    cost: 58.4808
    lifetime: 24.9193
    annual_cost: 2.346807494592545
    efficiency: 0.58276
    discharge_ratio: 0.1
    depth_of_discharge: 0.4
  Li-ion:
    cost: 125.395
    lifetime: 22.473
    annual_cost: 5.579806879366351
    efficiency: 0.870341
    discharge_ratio: 2
    depth_of_discharge: 0.9
  Pb-acid:
    cost: 193.183
    lifetime: 15.5323
    annual_cost: 12.43750120716185
    efficiency: 0.661624
    discharge_ratio: 5
    depth_of_discharge: 0.5
  VRBF:
    cost: 113.622
    lifetime: 27.8326
    annual_cost: 4.082335103439851
    efficiency: 0.759894
    discharge_ratio: 0.5
    depth_of_discharge: 1.0
