cost_values:
  wind_capex: 5000.0
  wind_opex: 100
  wind_lifetime: 20
  solar_capex: 1000.0
  solar_opex: 10
  solar_lifetime: 20
  carbon_price: 1.0
timeseries_values:
  load_level: 240884.55874430586
  wind_year: 2011
  solar_year: 2018
  price_year: 2023
  carbon_year: 2023
storage_values:
  CAES:
    cost: 61.6414
    lifetime: 25.8446
    annual_cost: 2.385078507695998
    efficiency: 0.572597
    discharge_ratio: 0.1
    depth_of_discharge: 0.4
  Li-ion:
    cost: 124.939
    lifetime: 19.9667
    annual_cost: 6.257368518583442
    efficiency: 0.874014
    discharge_ratio: 2
    depth_of_discharge: 0.9
  Pb-acid:
    cost: 186.157
    lifetime: 15.6639
    annual_cost: 11.884460447270476
    efficiency: 0.683993
    discharge_ratio: 5
    depth_of_discharge: 0.5
  VRBF:
    cost: 147.791
    lifetime: 29.4988
    annual_cost: 5.010068206164319
    efficiency: 0.754085
    discharge_ratio: 0.5
    depth_of_discharge: 1.0
