cost_values:
  wind_capex: 5000.0
  wind_opex: 100
  wind_lifetime: 20
  solar_capex: 1000.0
  solar_opex: 10
  solar_lifetime: 20
  carbon_price: 1.0
timeseries_values:
  load_level: 240884.55874430586
  wind_year: 2011
  solar_year: 2018
  price_year: 2023
  carbon_year: 2023
storage_values:
  CAES:
    cost: 74.1183
    lifetime: 24.2167
    annual_cost: 3.0606275834444827
    efficiency: 0.567948
    discharge_ratio: 0.1
    depth_of_discharge: 0.4
  Li-ion:
    cost: 143.688
    lifetime: 22.4976
    annual_cost: 6.386814593556646
    efficiency: 0.864912
    discharge_ratio: 2
    depth_of_discharge: 0.9
  Pb-acid:
    cost: 209.307
    lifetime: 14.6697
    annual_cost: 14.267980940305526
    efficiency: 0.693957
    discharge_ratio: 5
    depth_of_discharge: 0.5
  VRBF:
    cost: 111.072
    lifetime: 28.968
    annual_cost: 3.8342999171499588
    efficiency: 0.747777
    discharge_ratio: 0.5
    depth_of_discharge: 1.0
