cost_values:
  wind_capex: 5000.0
  wind_opex: 100
  wind_lifetime: 20
  solar_capex: 1000.0
  solar_opex: 10
  solar_lifetime: 20
  carbon_price: 1.0
timeseries_values:
  load_level: 215410.16979042004
  wind_year: 2011
  solar_year: 2017
  price_year: 2023
  carbon_year: 2023
storage_values:
  CAES:
    cost: 73.9413
    lifetime: 23.3159
    annual_cost: 3.1712822580299282
    efficiency: 0.608645
    discharge_ratio: 0.1
    depth_of_discharge: 0.4
  Li-ion:
    cost: 237.068
    lifetime: 20.6156
    annual_cost: 11.49944702070277
    efficiency: 0.90878
    discharge_ratio: 2
    depth_of_discharge: 0.9
  Pb-acid:
    cost: 165.518
    lifetime: 10.8748
    annual_cost: 15.22032589105087
    efficiency: 0.779355
    discharge_ratio: 5
    depth_of_discharge: 0.5
  VRBF:
    cost: 295.731
    lifetime: 27.8096
    annual_cost: 10.634133536620448
    efficiency: 0.709272
    discharge_ratio: 0.5
    depth_of_discharge: 1.0
