cost_values:
  wind_capex: 5000.0
  wind_opex: 100
  wind_lifetime: 20
  solar_capex: 1000.0
  solar_opex: 10
  solar_lifetime: 20
  carbon_price: 1.0
timeseries_values:
  load_level: 215410.16979042004
  wind_year: 2011
  solar_year: 2017
  price_year: 2023
  carbon_year: 2023
storage_values:
  CAES:
    cost: 68.7309
    lifetime: 24.2451
    annual_cost: 2.834836729895938
    efficiency: 0.606825
    discharge_ratio: 0.1
    depth_of_discharge: 0.4
  Li-ion:
    cost: 215.248
    lifetime: 20.1088
    annual_cost: 10.704169318905157
    efficiency: 0.897193
    discharge_ratio: 2
    depth_of_discharge: 0.9
  Pb-acid:
    cost: 150.397
    lifetime: 10.1039
    annual_cost: 14.885044388800365
    efficiency: 0.765695
    discharge_ratio: 5
    depth_of_discharge: 0.5
  VRBF:
    cost: 311.407
    lifetime: 27.2266
    annual_cost: 11.437601463274884
    efficiency: 0.715085
    discharge_ratio: 0.5
    depth_of_discharge: 1.0
