cost_values:
  wind_capex: 5000.0
  wind_opex: 100
  wind_lifetime: 20
  solar_capex: 1000.0
  solar_opex: 10
  solar_lifetime: 20
  carbon_price: 1.0
timeseries_values:
  load_level: 215410.16979042004
  wind_year: 2011
  solar_year: 2017
  price_year: 2023
  carbon_year: 2023
storage_values:
  CAES:
    cost: 63.6874
    lifetime: 24.7661
    annual_cost: 2.5715554730054384
    efficiency: 0.608562
    discharge_ratio: 0.1
    depth_of_discharge: 0.4
  Li-ion:
    cost: 260.67
    lifetime: 22.4626
    annual_cost: 11.604622795224063
    efficiency: 0.919049
    discharge_ratio: 2
    depth_of_discharge: 0.9
  Pb-acid:
    cost: 161.799
    lifetime: 10.6638
    annual_cost: 15.172733922241603
    efficiency: 0.775966
    discharge_ratio: 5
    depth_of_discharge: 0.5
  VRBF:
    cost: 327.19
    lifetime: 28.316
    annual_cost: 11.554951264302868
    efficiency: 0.701459
    discharge_ratio: 0.5
    depth_of_discharge: 1.0
