cost_values:
  wind_capex: 5000.0
  wind_opex: 100
  wind_lifetime: 20
  solar_capex: 1000.0
  solar_opex: 10
  solar_lifetime: 20
  carbon_price: 1.0
timeseries_values:
  load_level: 215410.16979042004
  wind_year: 2011
  solar_year: 2017
  price_year: 2023
  carbon_year: 2023
storage_values:
  CAES:
    cost: 67.509
    lifetime: 24.8093
    annual_cost: 2.721116678019936
    efficiency: 0.615852
    discharge_ratio: 0.1
    depth_of_discharge: 0.4
  Li-ion:
    cost: 237.329
    lifetime: 20.7046
    annual_cost: 11.46262183282942
    efficiency: 0.913431
    discharge_ratio: 2
    depth_of_discharge: 0.9
  Pb-acid:
    cost: 157.684
    lifetime: 10.054
    annual_cost: 15.683707976924607
    efficiency: 0.74906
    discharge_ratio: 5
    depth_of_discharge: 0.5
  VRBF:
    cost: 299.617
    lifetime: 26.855
    annual_cost: 11.15684230124744
    efficiency: 0.736997
    discharge_ratio: 0.5
    depth_of_discharge: 1.0
