cost_values:
  wind_capex: 5000.0
  wind_opex: 100
  wind_lifetime: 20
  solar_capex: 1000.0
  solar_opex: 10
  solar_lifetime: 20
  carbon_price: 1.0
timeseries_values:
  load_level: 215410.16979042004
  wind_year: 2011
  solar_year: 2017
  price_year: 2023
  carbon_year: 2023
storage_values:
  CAES:
    cost: 63.6166
    lifetime: 23.0312
    annual_cost: 2.7621921567265275
    efficiency: 0.607166
    discharge_ratio: 0.1
    depth_of_discharge: 0.4
  Li-ion:
    cost: 223.488
    lifetime: 22.9879
    annual_cost: 9.721984174282992
    efficiency: 0.896751
    discharge_ratio: 2
    depth_of_discharge: 0.9
  Pb-acid:
    cost: 144.053
    lifetime: 10.3475
    annual_cost: 13.921526938874123
    efficiency: 0.762166
    discharge_ratio: 5
    depth_of_discharge: 0.5
  VRBF:
    cost: 304.691
    lifetime: 24.8308
    annual_cost: 12.270688016495642
    efficiency: 0.709217
    discharge_ratio: 0.5
    depth_of_discharge: 1.0
