cost_values:
  wind_capex: 5000.0
  wind_opex: 100
  wind_lifetime: 20
  solar_capex: 1000.0
  solar_opex: 10
  solar_lifetime: 20
  carbon_price: 1.0
timeseries_values:
  load_level: 215410.16979042004
  wind_year: 2011
  solar_year: 2017
  price_year: 2023
  carbon_year: 2023
storage_values:
  CAES:
    cost: 70.1262
    lifetime: 24.4978
    annual_cost: 2.862550922940019
    efficiency: 0.611057
    discharge_ratio: 0.1
    depth_of_discharge: 0.4
  Li-ion:
    cost: 214.14
    lifetime: 22.8742
    annual_cost: 9.361638876988048
    efficiency: 0.909286
    discharge_ratio: 2
    depth_of_discharge: 0.9
  Pb-acid:
    cost: 154.404
    lifetime: 9.13644
    annual_cost: 16.89979904645573
    efficiency: 0.780344
    discharge_ratio: 5
    depth_of_discharge: 0.5
  VRBF:
    cost: 332.545
    lifetime: 25.8407
    annual_cost: 12.86903992538902
    efficiency: 0.697088
    discharge_ratio: 0.5
    depth_of_discharge: 1.0
