cost_values:
  wind_capex: 5000.0
  wind_opex: 100
  wind_lifetime: 20
  solar_capex: 1000.0
  solar_opex: 10
  solar_lifetime: 20
  carbon_price: 1.0
timeseries_values:
  load_level: 215410.16979042004
  wind_year: 2011
  solar_year: 2017
  price_year: 2023
  carbon_year: 2023
storage_values:
  CAES:
    cost: 69.689
    lifetime: 24.0208
    annual_cost: 2.9011939652301333
    efficiency: 0.604065
    discharge_ratio: 0.1
    depth_of_discharge: 0.4
  Li-ion:
    cost: 232.794
    lifetime: 21.1142
    annual_cost: 11.025471010031165
    efficiency: 0.917666
    discharge_ratio: 2
    depth_of_discharge: 0.9
  Pb-acid:
    cost: 170.913
    lifetime: 9.25726
    annual_cost: 18.462590442528352
    efficiency: 0.764759
    discharge_ratio: 5
    depth_of_discharge: 0.5
  VRBF:
    cost: 340.159
    lifetime: 25.1816
    annual_cost: 13.508236172443372
    efficiency: 0.707451
    discharge_ratio: 0.5
    depth_of_discharge: 1.0
