cost_values:
  wind_capex: 5000.0
  wind_opex: 100
  wind_lifetime: 20
  solar_capex: 1000.0
  solar_opex: 10
  solar_lifetime: 20
  carbon_price: 1.0
timeseries_values:
  load_level: 215410.16979042004
  wind_year: 2011
  solar_year: 2017
  price_year: 2023
  carbon_year: 2023
storage_values:
  CAES:
    cost: 64.9332
    lifetime: 23.3375
    annual_cost: 2.7823545795393683
    efficiency: 0.612234
    discharge_ratio: 0.1
    depth_of_discharge: 0.4
  Li-ion:
    cost: 241.222
    lifetime: 23.5059
    annual_cost: 10.262189492850732
    efficiency: 0.90562
    discharge_ratio: 2
    depth_of_discharge: 0.9
  Pb-acid:
    cost: 165.163
    lifetime: 10.7886
    annual_cost: 15.309029901933522
    efficiency: 0.778885
    discharge_ratio: 5
    depth_of_discharge: 0.5
  VRBF:
    cost: 312.48
    lifetime: 25.6655
    annual_cost: 12.17509886813037
    efficiency: 0.714859
    discharge_ratio: 0.5
    depth_of_discharge: 1.0
