cost_values:
  wind_capex: 5000.0
  wind_opex: 100
  wind_lifetime: 20
  solar_capex: 1000.0
  solar_opex: 10
  solar_lifetime: 20
  carbon_price: 1.0
timeseries_values:
  load_level: 215410.16979042004
  wind_year: 2011
  solar_year: 2017
  price_year: 2023
  carbon_year: 2023
storage_values:
  CAES:
    cost: 69.8994
    lifetime: 23.5258
    annual_cost: 2.9711805762184493
    efficiency: 0.605428
    discharge_ratio: 0.1
    depth_of_discharge: 0.4
  Li-ion:
    cost: 249.227
    lifetime: 20.092
    annual_cost: 12.404290264782004
    efficiency: 0.899593
    discharge_ratio: 2
    depth_of_discharge: 0.9
  Pb-acid:
    cost: 152.392
    lifetime: 9.54545
    annual_cost: 15.964883792801805
    efficiency: 0.782704
    discharge_ratio: 5
    depth_of_discharge: 0.5
  VRBF:
    cost: 321.009
    lifetime: 28.0658
    annual_cost: 11.437728480926966
    efficiency: 0.713286
    discharge_ratio: 0.5
    depth_of_discharge: 1.0
