cost_values:
  wind_capex: 5000.0
  wind_opex: 100
  wind_lifetime: 20
  solar_capex: 1000.0
  solar_opex: 10
  solar_lifetime: 20
  carbon_price: 1.0
timeseries_values:
  load_level: 215410.16979042004
  wind_year: 2011
  solar_year: 2017
  price_year: 2023
  carbon_year: 2023
storage_values:
  CAES:
    cost: 68.964
    lifetime: 24.0691
    annual_cost: 2.8652504663655893
    efficiency: 0.616757
    discharge_ratio: 0.1
    depth_of_discharge: 0.4
  Li-ion:
    cost: 216.926
    lifetime: 22.4236
    annual_cost: 9.674004174173637
    efficiency: 0.902642
    discharge_ratio: 2
    depth_of_discharge: 0.9
  Pb-acid:
    cost: 141.774
    lifetime: 9.65408
    annual_cost: 14.685397262090225
    efficiency: 0.767607
    discharge_ratio: 5
    depth_of_discharge: 0.5
  VRBF:
    cost: 333.849
    lifetime: 28.7046
    annual_cost: 11.63050521519199
    efficiency: 0.732768
    discharge_ratio: 0.5
    depth_of_discharge: 1.0
