cost_values:
  wind_capex: 5000.0
  wind_opex: 100
  wind_lifetime: 20
  solar_capex: 1000.0
  solar_opex: 10
  solar_lifetime: 20
  carbon_price: 1.0
timeseries_values:
  load_level: 215410.16979042004
  wind_year: 2011
  solar_year: 2017
  price_year: 2023
  carbon_year: 2023
storage_values:
  CAES:
    cost: 69.9102
    lifetime: 24.6893
    annual_cost: 2.8315991137861345
    efficiency: 0.610779
    discharge_ratio: 0.1
    depth_of_discharge: 0.4
  Li-ion:
    cost: 225.279
    lifetime: 20.5381
    annual_cost: 10.968833533773815
    efficiency: 0.90567
    discharge_ratio: 2
    depth_of_discharge: 0.9
  Pb-acid:
    cost: 158.655
    lifetime: 10.5074
    annual_cost: 15.099358547309514
    efficiency: 0.771518
    discharge_ratio: 5
    depth_of_discharge: 0.5
  VRBF:
    cost: 310.813
    lifetime: 25.3266
    annual_cost: 12.272196031050358
    efficiency: 0.710878
    discharge_ratio: 0.5
    depth_of_discharge: 1.0
