cost_values:
  wind_capex: 5000.0
  wind_opex: 100
  wind_lifetime: 20
  solar_capex: 1000.0
  solar_opex: 10
  solar_lifetime: 20
  carbon_price: 1.0
timeseries_values:
  load_level: 215410.16979042004
  wind_year: 2011
  solar_year: 2017
  price_year: 2023
  carbon_year: 2023
storage_values:
  CAES:
    cost: 67.7555
    lifetime: 24.2511
    annual_cost: 2.793914502847293
    efficiency: 0.611882
    discharge_ratio: 0.1
    depth_of_discharge: 0.4
  Li-ion:
    cost: 255.373
    lifetime: 20.9942
    annual_cost: 12.163978622667212
    efficiency: 0.899
    discharge_ratio: 2
    depth_of_discharge: 0.9
  Pb-acid:
    cost: 165.028
    lifetime: 9.53978
    annual_cost: 17.298931421898615
    efficiency: 0.765136
    discharge_ratio: 5
    depth_of_discharge: 0.5
  VRBF:
    cost: 351.186
    lifetime: 25.8744
    annual_cost: 13.572720526852795
    efficiency: 0.731026
    discharge_ratio: 0.5
    depth_of_discharge: 1.0
