cost_values:
  wind_capex: 5000.0
  wind_opex: 100
  wind_lifetime: 20
  solar_capex: 1000.0
  solar_opex: 10
  solar_lifetime: 20
  carbon_price: 1.0
timeseries_values:
  load_level: 215410.16979042004
  wind_year: 2011
  solar_year: 2017
  price_year: 2023
  carbon_year: 2023
storage_values:
  CAES:
    cost: 67.5608
    lifetime: 24.3355
    annual_cost: 2.776224034846212
    efficiency: 0.615128
    discharge_ratio: 0.1
    depth_of_discharge: 0.4
  Li-ion:
    cost: 231.91
    lifetime: 22.9947
    annual_cost: 10.085367497727736
    efficiency: 0.910575
    discharge_ratio: 2
    depth_of_discharge: 0.9
  Pb-acid:
    cost: 149.743
    lifetime: 9.68423
    annual_cost: 15.462561298110433
    efficiency: 0.762923
    discharge_ratio: 5
    depth_of_discharge: 0.5
  VRBF:
    cost: 355.115
    lifetime: 26.9582
    annual_cost: 13.172800854656467
    efficiency: 0.715355
    discharge_ratio: 0.5
    depth_of_discharge: 1.0
