cost_values:
  wind_capex: 5000.0
  wind_opex: 100
  wind_lifetime: 20
  solar_capex: 1000.0
  solar_opex: 10
  solar_lifetime: 20
  carbon_price: 1.0
timeseries_values:
  load_level: 215410.16979042004
  wind_year: 2011
  solar_year: 2017
  price_year: 2023
  carbon_year: 2023
storage_values:
  CAES:
    cost: 60.3213
    lifetime: 24.0831
    annual_cost: 2.5047149245736637
    efficiency: 0.598677
    discharge_ratio: 0.1
    depth_of_discharge: 0.4
  Li-ion:
    cost: 258.497
    lifetime: 22.329
    annual_cost: 11.576738770209145
    efficiency: 0.900582
    discharge_ratio: 2
    depth_of_discharge: 0.9
  Pb-acid:
    cost: 167.476
    lifetime: 10.8769
    annual_cost: 15.39740183324293
    efficiency: 0.742979
    discharge_ratio: 5
    depth_of_discharge: 0.5
  VRBF:
    cost: 298.988
    lifetime: 26.1299
    annual_cost: 11.442370617568379
    efficiency: 0.716197
    discharge_ratio: 0.5
    depth_of_discharge: 1.0
