cost_values:
  wind_capex: 5000.0
  wind_opex: 100
  wind_lifetime: 20
  solar_capex: 1000.0
  solar_opex: 10
  solar_lifetime: 20
  carbon_price: 1.0
timeseries_values:
  load_level: 215410.16979042004
  wind_year: 2011
  solar_year: 2017
  price_year: 2023
  carbon_year: 2023
storage_values:
  CAES:
    cost: 64.5489
    lifetime: 24.6061
    annual_cost: 2.6232885341439722
    efficiency: 0.605962
    discharge_ratio: 0.1
    depth_of_discharge: 0.4
  Li-ion:
    cost: 231.691
    lifetime: 19.4904
    annual_cost: 11.8874420227394
    efficiency: 0.923524
    discharge_ratio: 2
    depth_of_discharge: 0.9
  Pb-acid:
    cost: 157.811
    lifetime: 9.58315
    annual_cost: 16.467549813996442
    efficiency: 0.76262
    discharge_ratio: 5
    depth_of_discharge: 0.5
  VRBF:
    cost: 334.435
    lifetime: 29.359
    annual_cost: 11.391225859191389
    efficiency: 0.715197
    discharge_ratio: 0.5
    depth_of_discharge: 1.0
