cost_values:
  wind_capex: 5000.0
  wind_opex: 100
  wind_lifetime: 20
  solar_capex: 1000.0
  solar_opex: 10
  solar_lifetime: 20
  carbon_price: 1.0
timeseries_values:
  load_level: 215410.16979042004
  wind_year: 2011
  solar_year: 2017
  price_year: 2023
  carbon_year: 2023
storage_values:
  CAES:
    cost: 62.6273
    lifetime: 24.4352
    annual_cost: 2.5629951872708223
    efficiency: 0.606029
    discharge_ratio: 0.1
    depth_of_discharge: 0.4
  Li-ion:
    cost: 225.129
    lifetime: 23.9477
    annual_cost: 9.40086104302292
    efficiency: 0.902258
    discharge_ratio: 2
    depth_of_discharge: 0.9
  Pb-acid:
    cost: 159.569
    lifetime: 9.42319
    annual_cost: 16.9336498574262
    efficiency: 0.78615
    discharge_ratio: 5
    depth_of_discharge: 0.5
  VRBF:
    cost: 326.421
    lifetime: 27.4522
    annual_cost: 11.89052243536037
    efficiency: 0.713099
    discharge_ratio: 0.5
    depth_of_discharge: 1.0
