cost_values:
  wind_capex: 5000.0
  wind_opex: 100
  wind_lifetime: 20
  solar_capex: 1000.0
  solar_opex: 10
  solar_lifetime: 20
  carbon_price: 1.0
timeseries_values:
  load_level: 215410.16979042004
  wind_year: 2011
  solar_year: 2017
  price_year: 2023
  carbon_year: 2023
storage_values:
  CAES:
    cost: 71.6788
    lifetime: 24.3265
    annual_cost: 2.946531560232668
    efficiency: 0.607271
    discharge_ratio: 0.1
    depth_of_discharge: 0.4
  Li-ion:
    cost: 245.495
    lifetime: 21.7948
    annual_cost: 11.263925339989356
    efficiency: 0.92412
    discharge_ratio: 2
    depth_of_discharge: 0.9
  Pb-acid:
    cost: 142.981
    lifetime: 9.97637
    annual_cost: 14.331966436689898
    efficiency: 0.757275
    discharge_ratio: 5
    depth_of_discharge: 0.5
  VRBF:
    cost: 327.94
    lifetime: 26.8548
    annual_cost: 12.211597181881823
    efficiency: 0.692336
    discharge_ratio: 0.5
    depth_of_discharge: 1.0
