cost_values:
  wind_capex: 5000.0
  wind_opex: 100
  wind_lifetime: 20
  solar_capex: 1000.0
  solar_opex: 10
  solar_lifetime: 20
  carbon_price: 1.0
timeseries_values:
  load_level: 215410.16979042004
  wind_year: 2011
  solar_year: 2017
  price_year: 2023
  carbon_year: 2023
storage_values:
  CAES:
    cost: 58.4798
    lifetime: 24.2274
    annual_cost: 2.413787694923929
    efficiency: 0.619496
    discharge_ratio: 0.1
    depth_of_discharge: 0.4
  Li-ion:
    cost: 235.09
    lifetime: 22.096
    annual_cost: 10.639482259232441
    efficiency: 0.909756
    discharge_ratio: 2
    depth_of_discharge: 0.9
  Pb-acid:
    cost: 131.527
    lifetime: 9.16249
    annual_cost: 14.354940632950212
    efficiency: 0.77501
    discharge_ratio: 5
    depth_of_discharge: 0.5
  VRBF:
    cost: 362.78
    lifetime: 26.0668
    annual_cost: 13.917320116009636
    efficiency: 0.708107
    discharge_ratio: 0.5
    depth_of_discharge: 1.0
