cost_values:
  wind_capex: 5000.0
  wind_opex: 100
  wind_lifetime: 20
  solar_capex: 1000.0
  solar_opex: 10
  solar_lifetime: 20
  carbon_price: 1.0
timeseries_values:
  load_level: 215410.16979042004
  wind_year: 2011
  solar_year: 2017
  price_year: 2023
  carbon_year: 2023
storage_values:
  CAES:
    cost: 58.9222
    lifetime: 24.1767
    annual_cost: 2.4371481633142653
    efficiency: 0.609856
    discharge_ratio: 0.1
    depth_of_discharge: 0.4
  Li-ion:
    cost: 247.295
    lifetime: 20.002
    annual_cost: 12.363513648635136
    efficiency: 0.903316
    discharge_ratio: 2
    depth_of_discharge: 0.9
  Pb-acid:
    cost: 160.03
    lifetime: 8.63737
    annual_cost: 18.527630517159736
    efficiency: 0.760151
    discharge_ratio: 5
    depth_of_discharge: 0.5
  VRBF:
    cost: 361.74
    lifetime: 24.0949
    annual_cost: 15.013135559807264
    efficiency: 0.72667
    discharge_ratio: 0.5
    depth_of_discharge: 1.0
