cost_values:
  wind_capex: 5000.0
  wind_opex: 100
  wind_lifetime: 20
  solar_capex: 1000.0
  solar_opex: 10
  solar_lifetime: 20
  carbon_price: 1.0
timeseries_values:
  load_level: 215410.16979042004
  wind_year: 2011
  solar_year: 2017
  price_year: 2023
  carbon_year: 2023
storage_values:
  CAES:
    cost: 65.6891
    lifetime: 23.9213
    annual_cost: 2.7460505908959796
    efficiency: 0.604389
    discharge_ratio: 0.1
    depth_of_discharge: 0.4
  Li-ion:
    cost: 222.597
    lifetime: 21.4343
    annual_cost: 10.385083720951933
    efficiency: 0.910614
    discharge_ratio: 2
    depth_of_discharge: 0.9
  Pb-acid:
    cost: 156.066
    lifetime: 10.3645
    annual_cost: 15.05774518790101
    efficiency: 0.78352
    discharge_ratio: 5
    depth_of_discharge: 0.5
  VRBF:
    cost: 345.918
    lifetime: 25.9228
    annual_cost: 13.344160353048283
    efficiency: 0.723428
    discharge_ratio: 0.5
    depth_of_discharge: 1.0
