cost_values:
  wind_capex: 5000.0
  wind_opex: 100
  wind_lifetime: 20
  solar_capex: 1000.0
  solar_opex: 10
  solar_lifetime: 20
  carbon_price: 1.0
timeseries_values:
  load_level: 215410.16979042004
  wind_year: 2011
  solar_year: 2017
  price_year: 2023
  carbon_year: 2023
storage_values:
  CAES:
    cost: 59.6209
    lifetime: 24.0054
    annual_cost: 2.483645346463712
    efficiency: 0.606185
    discharge_ratio: 0.1
    depth_of_discharge: 0.4
  Li-ion:
    cost: 235.706
    lifetime: 23.3289
    annual_cost: 10.103605399311583
    efficiency: 0.901146
    discharge_ratio: 2
    depth_of_discharge: 0.9
  Pb-acid:
    cost: 153.45
    lifetime: 11.0553
    annual_cost: 13.880220346801984
    efficiency: 0.773505
    discharge_ratio: 5
    depth_of_discharge: 0.5
  VRBF:
    cost: 319.028
    lifetime: 26.1329
    annual_cost: 12.207906508653844
    efficiency: 0.720739
    discharge_ratio: 0.5
    depth_of_discharge: 1.0
