cost_values:
  wind_capex: 5000.0
  wind_opex: 100
  wind_lifetime: 20
  solar_capex: 1000.0
  solar_opex: 10
  solar_lifetime: 20
  carbon_price: 1.0
timeseries_values:
  load_level: 215410.16979042004
  wind_year: 2011
  solar_year: 2017
  price_year: 2023
  carbon_year: 2023
storage_values:
  CAES:
    cost: 61.4108
    lifetime: 24.1512
    annual_cost: 2.542763920633343
    efficiency: 0.604084
    discharge_ratio: 0.1
    depth_of_discharge: 0.4
  Li-ion:
    cost: 212.405
    lifetime: 23.8771
    annual_cost: 8.895762048154927
    efficiency: 0.904707
    discharge_ratio: 2
    depth_of_discharge: 0.9
  Pb-acid:
    cost: 153.113
    lifetime: 11.0296
    annual_cost: 13.882008413723073
    efficiency: 0.767042
    discharge_ratio: 5
    depth_of_discharge: 0.5
  VRBF:
    cost: 330.431
    lifetime: 28.703
    annual_cost: 11.512071908859701
    efficiency: 0.706927
    discharge_ratio: 0.5
    depth_of_discharge: 1.0
