cost_values:
  wind_capex: 5000.0
  wind_opex: 100
  wind_lifetime: 20
  solar_capex: 1000.0
  solar_opex: 10
  solar_lifetime: 20
  carbon_price: 1.0
timeseries_values:
  load_level: 215410.16979042004
  wind_year: 2011
  solar_year: 2017
  price_year: 2023
  carbon_year: 2023
storage_values:
  CAES:
    cost: 58.0031
    lifetime: 22.8801
    annual_cost: 2.535089444539141
    efficiency: 0.601295
    discharge_ratio: 0.1
    depth_of_discharge: 0.4
  Li-ion:
    cost: 244.83
    lifetime: 21.6
    annual_cost: 11.334722222222222
    efficiency: 0.91196
    discharge_ratio: 2
    depth_of_discharge: 0.9
  Pb-acid:
    cost: 162.651
    lifetime: 10.7431
    annual_cost: 15.140043376678985
    efficiency: 0.772593
    discharge_ratio: 5
    depth_of_discharge: 0.5
  VRBF:
    cost: 336.675
    lifetime: 27.2216
    annual_cost: 12.367935756898934
    efficiency: 0.716595
    discharge_ratio: 0.5
    depth_of_discharge: 1.0
