cost_values:
  wind_capex: 5000.0
  wind_opex: 100
  wind_lifetime: 20
  solar_capex: 1000.0
  solar_opex: 10
  solar_lifetime: 20
  carbon_price: 1.0
timeseries_values:
  load_level: 215410.16979042004
  wind_year: 2011
  solar_year: 2017
  price_year: 2023
  carbon_year: 2023
storage_values:
  CAES:
    cost: 64.3146
    lifetime: 24.2776
    annual_cost: 2.64913335749827
    efficiency: 0.611923
    discharge_ratio: 0.1
    depth_of_discharge: 0.4
  Li-ion:
    cost: 213.513
    lifetime: 22.7735
    annual_cost: 9.375502228467298
    efficiency: 0.906072
    discharge_ratio: 2
    depth_of_discharge: 0.9
  Pb-acid:
    cost: 136.055
    lifetime: 7.77339
    annual_cost: 17.50265971474479
    efficiency: 0.767045
    discharge_ratio: 5
    depth_of_discharge: 0.5
  VRBF:
    cost: 319.045
    lifetime: 28.3988
    annual_cost: 11.234453568460639
    efficiency: 0.705514
    discharge_ratio: 0.5
    depth_of_discharge: 1.0
