cost_values:
  wind_capex: 5000.0
  wind_opex: 100
  wind_lifetime: 20
  solar_capex: 1000.0
  solar_opex: 10
  solar_lifetime: 20
  carbon_price: 1.0
timeseries_values:
  load_level: 215410.16979042004
  wind_year: 2011
  solar_year: 2017
  price_year: 2023
  carbon_year: 2023
storage_values:
  CAES:
    cost: 67.4056
    lifetime: 23.4887
    annual_cost: 2.869703304141992
    efficiency: 0.60445
    discharge_ratio: 0.1
    depth_of_discharge: 0.4
  Li-ion:
    cost: 235.033
    lifetime: 21.3361
    annual_cost: 11.01574327079457
    efficiency: 0.9173
    discharge_ratio: 2
    depth_of_discharge: 0.9
  Pb-acid:
    cost: 148.785
    lifetime: 10.6742
    annual_cost: 13.93874950815986
    efficiency: 0.769321
    discharge_ratio: 5
    depth_of_discharge: 0.5
  VRBF:
    cost: 335.319
    lifetime: 28.2258
    annual_cost: 11.87987585825734
    efficiency: 0.71141
    discharge_ratio: 0.5
    depth_of_discharge: 1.0
