cost_values:
  wind_capex: 5000.0
  wind_opex: 100
  wind_lifetime: 20
  solar_capex: 1000.0
  solar_opex: 10
  solar_lifetime: 20
  carbon_price: 1.0
timeseries_values:
  load_level: 215410.16979042004
  wind_year: 2011
  solar_year: 2017
  price_year: 2023
  carbon_year: 2023
storage_values:
  CAES:
    cost: 59.2323
    lifetime: 24.3797
    annual_cost: 2.4295746051017857
    efficiency: 0.625139
    discharge_ratio: 0.1
    depth_of_discharge: 0.4
  Li-ion:
    cost: 250.819
    lifetime: 21.8611
    annual_cost: 11.473301892402485
    efficiency: 0.929299
    discharge_ratio: 2
    depth_of_discharge: 0.9
  Pb-acid:
    cost: 186.997
    lifetime: 12.0575
    annual_cost: 15.508770474808212
    efficiency: 0.767672
    discharge_ratio: 5
    depth_of_discharge: 0.5
  VRBF:
    cost: 354.599
    lifetime: 27.6696
    annual_cost: 12.815472576401538
    efficiency: 0.708723
    discharge_ratio: 0.5
    depth_of_discharge: 1.0
