cost_values:
  wind_capex: 5000.0
  wind_opex: 100
  wind_lifetime: 20
  solar_capex: 1000.0
  solar_opex: 10
  solar_lifetime: 20
  carbon_price: 1.0
timeseries_values:
  load_level: 215410.16979042004
  wind_year: 2011
  solar_year: 2017
  price_year: 2023
  carbon_year: 2023
storage_values:
  CAES:
    cost: 61.4533
    lifetime: 23.9302
    annual_cost: 2.5680228330728534
    efficiency: 0.61158
    discharge_ratio: 0.1
    depth_of_discharge: 0.4
  Li-ion:
    cost: 220.896
    lifetime: 22.1442
    annual_cost: 9.975343430785486
    efficiency: 0.912697
    discharge_ratio: 2
    depth_of_discharge: 0.9
  Pb-acid:
    cost: 177.538
    lifetime: 9.11026
    annual_cost: 19.48769848500482
    efficiency: 0.766834
    discharge_ratio: 5
    depth_of_discharge: 0.5
  VRBF:
    cost: 305.02
    lifetime: 25.917
    annual_cost: 11.769109078982906
    efficiency: 0.710454
    discharge_ratio: 0.5
    depth_of_discharge: 1.0
