cost_values:
  wind_capex: 5000.0
  wind_opex: 100
  wind_lifetime: 20
  solar_capex: 1000.0
  solar_opex: 10
  solar_lifetime: 20
  carbon_price: 1.0
timeseries_values:
  load_level: 215410.16979042004
  wind_year: 2011
  solar_year: 2017
  price_year: 2023
  carbon_year: 2023
storage_values:
  CAES:
    cost: 61.2433
    lifetime: 24.1361
    annual_cost: 2.5374149096167153
    efficiency: 0.607641
    discharge_ratio: 0.1
    depth_of_discharge: 0.4
  Li-ion:
    cost: 239.191
    lifetime: 21.6318
    annual_cost: 11.057378489076267
    efficiency: 0.917717
    discharge_ratio: 2
    depth_of_discharge: 0.9
  Pb-acid:
    cost: 142.892
    lifetime: 8.27815
    annual_cost: 17.261344624100794
    efficiency: 0.757887
    discharge_ratio: 5
    depth_of_discharge: 0.5
  VRBF:
    cost: 331.054
    lifetime: 24.2088
    annual_cost: 13.67494464822709
    efficiency: 0.714676
    discharge_ratio: 0.5
    depth_of_discharge: 1.0
