cost_values:
  wind_capex: 5000.0
  wind_opex: 100
  wind_lifetime: 20
  solar_capex: 1000.0
  solar_opex: 10
  solar_lifetime: 20
  carbon_price: 1.0
timeseries_values:
  load_level: 215410.16979042004
  wind_year: 2011
  solar_year: 2017
  price_year: 2023
  carbon_year: 2023
storage_values:
  CAES:
    cost: 62.0922
    lifetime: 24.3137
    annual_cost: 2.5537947741396825
    efficiency: 0.623905
    discharge_ratio: 0.1
    depth_of_discharge: 0.4
  Li-ion:
    cost: 243.759
    lifetime: 21.6351
    annual_cost: 11.266830289668176
    efficiency: 0.914841
    discharge_ratio: 2
    depth_of_discharge: 0.9
  Pb-acid:
    cost: 133.154
    lifetime: 10.3601
    annual_cost: 12.852578643063291
    efficiency: 0.772157
    discharge_ratio: 5
    depth_of_discharge: 0.5
  VRBF:
    cost: 307.377
    lifetime: 25.161
    annual_cost: 12.216406343150114
    efficiency: 0.70519
    discharge_ratio: 0.5
    depth_of_discharge: 1.0
