cost_values:
  wind_capex: 5000.0
  wind_opex: 100
  wind_lifetime: 20
  solar_capex: 1000.0
  solar_opex: 10
  solar_lifetime: 20
  carbon_price: 1.0
timeseries_values:
  load_level: 215410.16979042004
  wind_year: 2011
  solar_year: 2017
  price_year: 2023
  carbon_year: 2023
storage_values:
  CAES:
    cost: 58.7474
    lifetime: 24.4206
    annual_cost: 2.405649328845319
    efficiency: 0.61523
    discharge_ratio: 0.1
    depth_of_discharge: 0.4
  Li-ion:
    cost: 255.981
    lifetime: 23.1765
    annual_cost: 11.044851465924536
    efficiency: 0.910398
    discharge_ratio: 2
    depth_of_discharge: 0.9
  Pb-acid:
    cost: 153.937
    lifetime: 10.4103
    annual_cost: 14.786989808170755
    efficiency: 0.778557
    discharge_ratio: 5
    depth_of_discharge: 0.5
  VRBF:
    cost: 315.135
    lifetime: 27.4351
    annual_cost: 11.486562833742177
    efficiency: 0.720058
    discharge_ratio: 0.5
    depth_of_discharge: 1.0
