cost_values:
  wind_capex: 5000.0
  wind_opex: 100
  wind_lifetime: 20
  solar_capex: 1000.0
  solar_opex: 10
  solar_lifetime: 20
  carbon_price: 1.0
timeseries_values:
  load_level: 215410.16979042004
  wind_year: 2011
  solar_year: 2017
  price_year: 2023
  carbon_year: 2023
storage_values:
  CAES:
    cost: 61.8142
    lifetime: 23.0536
    annual_cost: 2.681325259395496
    efficiency: 0.61825
    discharge_ratio: 0.1
    depth_of_discharge: 0.4
  Li-ion:
    cost: 235.603
    lifetime: 19.7748
    annual_cost: 11.914305075146146
    efficiency: 0.922249
    discharge_ratio: 2
    depth_of_discharge: 0.9
  Pb-acid:
    cost: 150.986
    lifetime: 10.7533
    annual_cost: 14.040899072842755
    efficiency: 0.753409
    discharge_ratio: 5
    depth_of_discharge: 0.5
  VRBF:
    cost: 343.932
    lifetime: 26.3763
    annual_cost: 13.039433127466703
    efficiency: 0.713793
    discharge_ratio: 0.5
    depth_of_discharge: 1.0
