cost_values:
  wind_capex: 5000.0
  wind_opex: 100
  wind_lifetime: 20
  solar_capex: 1000.0
  solar_opex: 10
  solar_lifetime: 20
  carbon_price: 1.0
timeseries_values:
  load_level: 215410.16979042004
  wind_year: 2011
  solar_year: 2017
  price_year: 2023
  carbon_year: 2023
storage_values:
  CAES:
    cost: 56.7056
    lifetime: 25.5311
    annual_cost: 2.2210402215337375
    efficiency: 0.610475
    discharge_ratio: 0.1
    depth_of_discharge: 0.4
  Li-ion:
    cost: 228.848
    lifetime: 22.9259
    annual_cost: 9.982072677626615
    efficiency: 0.920259
    discharge_ratio: 2
    depth_of_discharge: 0.9
  Pb-acid:
    cost: 167.468
    lifetime: 10.2832
    annual_cost: 16.285592033608214
    efficiency: 0.768198
    discharge_ratio: 5
    depth_of_discharge: 0.5
  VRBF:
    cost: 328.852
    lifetime: 27.5223
    annual_cost: 11.948565345192806
    efficiency: 0.712542
    discharge_ratio: 0.5
    depth_of_discharge: 1.0
