cost_values:
  wind_capex: 5000.0
  wind_opex: 100
  wind_lifetime: 20
  solar_capex: 1000.0
  solar_opex: 10
  solar_lifetime: 20
  carbon_price: 1.0
timeseries_values:
  load_level: 215410.16979042004
  wind_year: 2011
  solar_year: 2017
  price_year: 2023
  carbon_year: 2023
storage_values:
  CAES:
    cost: 60.4397
    lifetime: 23.963
    annual_cost: 2.5222092392438342
    efficiency: 0.614536
    discharge_ratio: 0.1
    depth_of_discharge: 0.4
  Li-ion:
    cost: 241.413
    lifetime: 21.2675
    annual_cost: 11.351263665216882
    efficiency: 0.919183
    discharge_ratio: 2
    depth_of_discharge: 0.9
  Pb-acid:
    cost: 155.908
    lifetime: 8.68517
    annual_cost: 17.951059104197153
    efficiency: 0.780369
    discharge_ratio: 5
    depth_of_discharge: 0.5
  VRBF:
    cost: 335.49
    lifetime: 27.6392
    annual_cost: 12.138195027352456
    efficiency: 0.727217
    discharge_ratio: 0.5
    depth_of_discharge: 1.0
