cost_values:
  wind_capex: 5000.0
  wind_opex: 100
  wind_lifetime: 20
  solar_capex: 1000.0
  solar_opex: 10
  solar_lifetime: 20
  carbon_price: 1.0
timeseries_values:
  load_level: 215410.16979042004
  wind_year: 2011
  solar_year: 2017
  price_year: 2023
  carbon_year: 2023
storage_values:
  CAES:
    cost: 64.6051
    lifetime: 24.7367
    annual_cost: 2.6117105353583945
    efficiency: 0.60318
    discharge_ratio: 0.1
    depth_of_discharge: 0.4
  Li-ion:
    cost: 236.202
    lifetime: 22.5295
    annual_cost: 10.48412081937016
    efficiency: 0.898366
    discharge_ratio: 2
    depth_of_discharge: 0.9
  Pb-acid:
    cost: 155.803
    lifetime: 11.0245
    annual_cost: 14.132432309855322
    efficiency: 0.782777
    discharge_ratio: 5
    depth_of_discharge: 0.5
  VRBF:
    cost: 310.079
    lifetime: 26.2497
    annual_cost: 11.812668335257165
    efficiency: 0.713907
    discharge_ratio: 0.5
    depth_of_discharge: 1.0
