cost_values:
  wind_capex: 5000.0
  wind_opex: 100
  wind_lifetime: 20
  solar_capex: 1000.0
  solar_opex: 10
  solar_lifetime: 20
  carbon_price: 1.0
timeseries_values:
  load_level: 215410.16979042004
  wind_year: 2011
  solar_year: 2017
  price_year: 2023
  carbon_year: 2023
storage_values:
  CAES:
    cost: 63.1993
    lifetime: 23.9867
    annual_cost: 2.6347642651969636
    efficiency: 0.60334
    discharge_ratio: 0.1
    depth_of_discharge: 0.4
  Li-ion:
    cost: 233.164
    lifetime: 23.0925
    annual_cost: 10.09695788675977
    efficiency: 0.912907
    discharge_ratio: 2
    depth_of_discharge: 0.9
  Pb-acid:
    cost: 157.635
    lifetime: 11.0757
    annual_cost: 14.232509006202768
    efficiency: 0.766364
    discharge_ratio: 5
    depth_of_discharge: 0.5
  VRBF:
    cost: 332.283
    lifetime: 27.6621
    annual_cost: 12.012211654212805
    efficiency: 0.720095
    discharge_ratio: 0.5
    depth_of_discharge: 1.0
