cost_values:
  wind_capex: 5000.0
  wind_opex: 100
  wind_lifetime: 20
  solar_capex: 1000.0
  solar_opex: 10
  solar_lifetime: 20
  carbon_price: 1.0
timeseries_values:
  load_level: 215410.16979042004
  wind_year: 2011
  solar_year: 2017
  price_year: 2023
  carbon_year: 2023
storage_values:
  CAES:
    cost: 67.1629
    lifetime: 24.8133
    annual_cost: 2.706729858583904
    efficiency: 0.608309
    discharge_ratio: 0.1
    depth_of_discharge: 0.4
  Li-ion:
    cost: 236.44
    lifetime: 22.0127
    annual_cost: 10.741072199230445
    efficiency: 0.904121
    discharge_ratio: 2
    depth_of_discharge: 0.9
  Pb-acid:
    cost: 161.149
    lifetime: 10.1054
    annual_cost: 15.946820511805571
    efficiency: 0.771386
    discharge_ratio: 5
    depth_of_discharge: 0.5
  VRBF:
    cost: 334.403
    lifetime: 25.7646
    annual_cost: 12.979165211181233
    efficiency: 0.701786
    discharge_ratio: 0.5
    depth_of_discharge: 1.0
