cost_values:
  wind_capex: 5000.0
  wind_opex: 100
  wind_lifetime: 20
  solar_capex: 1000.0
  solar_opex: 10
  solar_lifetime: 20
  carbon_price: 1.0
timeseries_values:
  load_level: 215410.16979042004
  wind_year: 2011
  solar_year: 2017
  price_year: 2023
  carbon_year: 2023
storage_values:
  CAES:
    cost: 71.3643
    lifetime: 23.7757
    annual_cost: 3.001564622703012
    efficiency: 0.620148
    discharge_ratio: 0.1
    depth_of_discharge: 0.4
  Li-ion:
    cost: 230.19
    lifetime: 21.8251
    annual_cost: 10.547030712344961
    efficiency: 0.904813
    discharge_ratio: 2
    depth_of_discharge: 0.9
  Pb-acid:
    cost: 176.316
    lifetime: 7.86326
    annual_cost: 22.422761043129693
    efficiency: 0.775083
    discharge_ratio: 5
    depth_of_discharge: 0.5
  VRBF:
    cost: 340.419
    lifetime: 25.6932
    annual_cost: 13.249381159217224
    efficiency: 0.718686
    discharge_ratio: 0.5
    depth_of_discharge: 1.0
