cost_values:
  wind_capex: 5000.0
  wind_opex: 100
  wind_lifetime: 20
  solar_capex: 1000.0
  solar_opex: 10
  solar_lifetime: 20
  carbon_price: 1.0
timeseries_values:
  load_level: 215410.16979042004
  wind_year: 2011
  solar_year: 2017
  price_year: 2023
  carbon_year: 2023
storage_values:
  CAES:
    cost: 67.2239
    lifetime: 23.6828
    annual_cost: 2.838511493573395
    efficiency: 0.602351
    discharge_ratio: 0.1
    depth_of_discharge: 0.4
  Li-ion:
    cost: 235.085
    lifetime: 20.8611
    annual_cost: 11.269060596037601
    efficiency: 0.920659
    discharge_ratio: 2
    depth_of_discharge: 0.9
  Pb-acid:
    cost: 162.537
    lifetime: 8.73822
    annual_cost: 18.60069899819414
    efficiency: 0.761676
    discharge_ratio: 5
    depth_of_discharge: 0.5
  VRBF:
    cost: 292.279
    lifetime: 27.5336
    annual_cost: 10.615357236249528
    efficiency: 0.715778
    discharge_ratio: 0.5
    depth_of_discharge: 1.0
