cost_values:
  wind_capex: 5000.0
  wind_opex: 100
  wind_lifetime: 20
  solar_capex: 1000.0
  solar_opex: 10
  solar_lifetime: 20
  carbon_price: 1.0
timeseries_values:
  load_level: 215410.16979042004
  wind_year: 2011
  solar_year: 2017
  price_year: 2023
  carbon_year: 2023
storage_values:
  CAES:
    cost: 62.3587
    lifetime: 24.1004
    annual_cost: 2.5874549800003317
    efficiency: 0.620413
    discharge_ratio: 0.1
    depth_of_discharge: 0.4
  Li-ion:
    cost: 243.402
    lifetime: 22.1865
    annual_cost: 10.970725441146643
    efficiency: 0.912461
    discharge_ratio: 2
    depth_of_discharge: 0.9
  Pb-acid:
    cost: 161.688
    lifetime: 10.3787
    annual_cost: 15.578829718558199
    efficiency: 0.756924
    discharge_ratio: 5
    depth_of_discharge: 0.5
  VRBF:
    cost: 327.805
    lifetime: 27.729
    annual_cost: 11.821738973637709
    efficiency: 0.698573
    discharge_ratio: 0.5
    depth_of_discharge: 1.0
