cost_values:
  wind_capex: 5000.0
  wind_opex: 100
  wind_lifetime: 20
  solar_capex: 1000.0
  solar_opex: 10
  solar_lifetime: 20
  carbon_price: 1.0
timeseries_values:
  load_level: 215410.16979042004
  wind_year: 2011
  solar_year: 2017
  price_year: 2023
  carbon_year: 2023
storage_values:
  CAES:
    cost: 61.6755
    lifetime: 24.5362
    annual_cost: 2.5136532959463973
    efficiency: 0.604797
    discharge_ratio: 0.1
    depth_of_discharge: 0.4
  Li-ion:
    cost: 234.379
    lifetime: 22.8463
    annual_cost: 10.258947838380832
    efficiency: 0.899047
    discharge_ratio: 2
    depth_of_discharge: 0.9
  Pb-acid:
    cost: 149.028
    lifetime: 10.4372
    annual_cost: 14.27854213773809
    efficiency: 0.780307
    discharge_ratio: 5
    depth_of_discharge: 0.5
  VRBF:
    cost: 326.725
    lifetime: 26.3248
    annual_cost: 12.411300370753056
    efficiency: 0.699646
    discharge_ratio: 0.5
    depth_of_discharge: 1.0
