cost_values:
  wind_capex: 5000.0
  wind_opex: 100
  wind_lifetime: 20
  solar_capex: 1000.0
  solar_opex: 10
  solar_lifetime: 20
  carbon_price: 1.0
timeseries_values:
  load_level: 215410.16979042004
  wind_year: 2011
  solar_year: 2017
  price_year: 2023
  carbon_year: 2023
storage_values:
  CAES:
    cost: 58.5666
    lifetime: 23.6634
    annual_cost: 2.474986688303456
    efficiency: 0.599041
    discharge_ratio: 0.1
    depth_of_discharge: 0.4
  Li-ion:
    cost: 235.484
    lifetime: 21.7697
    annual_cost: 10.817053059987046
    efficiency: 0.908807
    discharge_ratio: 2
    depth_of_discharge: 0.9
  Pb-acid:
    cost: 170.827
    lifetime: 10.0888
    annual_cost: 16.932340813575447
    efficiency: 0.793821
    discharge_ratio: 5
    depth_of_discharge: 0.5
  VRBF:
    cost: 325.442
    lifetime: 25.2562
    annual_cost: 12.885628083401304
    efficiency: 0.702156
    discharge_ratio: 0.5
    depth_of_discharge: 1.0
