cost_values:
  wind_capex: 5000.0
  wind_opex: 100
  wind_lifetime: 20
  solar_capex: 1000.0
  solar_opex: 10
  solar_lifetime: 20
  carbon_price: 1.0
timeseries_values:
  load_level: 215410.16979042004
  wind_year: 2011
  solar_year: 2017
  price_year: 2023
  carbon_year: 2023
storage_values:
  CAES:
    cost: 64.4628
    lifetime: 24.6998
    annual_cost: 2.6098510919116755
    efficiency: 0.608182
    discharge_ratio: 0.1
    depth_of_discharge: 0.4
  Li-ion:
    cost: 235.887
    lifetime: 22.5678
    annual_cost: 10.452370191157314
    efficiency: 0.907576
    discharge_ratio: 2
    depth_of_discharge: 0.9
  Pb-acid:
    cost: 142.843
    lifetime: 11.21
    annual_cost: 12.742462087421943
    efficiency: 0.769145
    discharge_ratio: 5
    depth_of_discharge: 0.5
  VRBF:
    cost: 318.352
    lifetime: 28.183
    annual_cost: 11.295887591810665
    efficiency: 0.702503
    discharge_ratio: 0.5
    depth_of_discharge: 1.0
