cost_values:
  wind_capex: 5000.0
  wind_opex: 100
  wind_lifetime: 20
  solar_capex: 1000.0
  solar_opex: 10
  solar_lifetime: 20
  carbon_price: 1.0
timeseries_values:
  load_level: 215410.16979042004
  wind_year: 2011
  solar_year: 2017
  price_year: 2023
  carbon_year: 2023
storage_values:
  CAES:
    cost: 63.1586
    lifetime: 24.2269
    annual_cost: 2.6069616830878073
    efficiency: 0.611376
    discharge_ratio: 0.1
    depth_of_discharge: 0.4
  Li-ion:
    cost: 220.384
    lifetime: 19.9234
    annual_cost: 11.061565797002519
    efficiency: 0.902064
    discharge_ratio: 2
    depth_of_discharge: 0.9
  Pb-acid:
    cost: 172.514
    lifetime: 10.595
    annual_cost: 16.282586125530912
    efficiency: 0.765477
    discharge_ratio: 5
    depth_of_discharge: 0.5
  VRBF:
    cost: 307.762
    lifetime: 27.8133
    annual_cost: 11.065281717739355
    efficiency: 0.695921
    discharge_ratio: 0.5
    depth_of_discharge: 1.0
