cost_values:
  wind_capex: 5000.0
  wind_opex: 100
  wind_lifetime: 20
  solar_capex: 1000.0
  solar_opex: 10
  solar_lifetime: 20
  carbon_price: 1.0
timeseries_values:
  load_level: 215410.16979042004
  wind_year: 2011
  solar_year: 2017
  price_year: 2023
  carbon_year: 2023
storage_values:
  CAES:
    cost: 62.8859
    lifetime: 24.1885
    annual_cost: 2.599826363767906
    efficiency: 0.616423
    discharge_ratio: 0.1
    depth_of_discharge: 0.4
  Li-ion:
    cost: 229.288
    lifetime: 21.4244
    annual_cost: 10.702190026325125
    efficiency: 0.920919
    discharge_ratio: 2
    depth_of_discharge: 0.9
  Pb-acid:
    cost: 148.904
    lifetime: 10.4509
    annual_cost: 14.247959505879875
    efficiency: 0.771086
    discharge_ratio: 5
    depth_of_discharge: 0.5
  VRBF:
    cost: 355.875
    lifetime: 27.1752
    annual_cost: 13.095579793340987
    efficiency: 0.717889
    discharge_ratio: 0.5
    depth_of_discharge: 1.0
