cost_values:
  wind_capex: 5000.0
  wind_opex: 100
  wind_lifetime: 20
  solar_capex: 1000.0
  solar_opex: 10
  solar_lifetime: 20
  carbon_price: 1.0
timeseries_values:
  load_level: 215410.16979042004
  wind_year: 2011
  solar_year: 2017
  price_year: 2023
  carbon_year: 2023
storage_values:
  CAES:
    cost: 57.8481
    lifetime: 24.7645
    annual_cost: 2.335928445960952
    efficiency: 0.610703
    discharge_ratio: 0.1
    depth_of_discharge: 0.4
  Li-ion:
    cost: 233.801
    lifetime: 22.124
    annual_cost: 10.567754474778521
    efficiency: 0.912903
    discharge_ratio: 2
    depth_of_discharge: 0.9
  Pb-acid:
    cost: 154.628
    lifetime: 10.4412
    annual_cost: 14.80940888020534
    efficiency: 0.778155
    discharge_ratio: 5
    depth_of_discharge: 0.5
  VRBF:
    cost: 320.413
    lifetime: 26.1042
    annual_cost: 12.274384964871555
    efficiency: 0.698113
    discharge_ratio: 0.5
    depth_of_discharge: 1.0
