cost_values:
  wind_capex: 5000.0
  wind_opex: 100
  wind_lifetime: 20
  solar_capex: 1000.0
  solar_opex: 10
  solar_lifetime: 20
  carbon_price: 1.0
timeseries_values:
  load_level: 215410.16979042004
  wind_year: 2011
  solar_year: 2017
  price_year: 2023
  carbon_year: 2023
storage_values:
  CAES:
    cost: 62.6652
    lifetime: 24.3826
    annual_cost: 2.5700786626528753
    efficiency: 0.615831
    discharge_ratio: 0.1
    depth_of_discharge: 0.4
  Li-ion:
    cost: 246.226
    lifetime: 22.8863
    annual_cost: 10.758663479898456
    efficiency: 0.926442
    discharge_ratio: 2
    depth_of_discharge: 0.9
  Pb-acid:
    cost: 158.048
    lifetime: 8.39194
    annual_cost: 18.83330910373525
    efficiency: 0.763392
    discharge_ratio: 5
    depth_of_discharge: 0.5
  VRBF:
    cost: 312.58
    lifetime: 28.5135
    annual_cost: 10.962526522524417
    efficiency: 0.718403
    discharge_ratio: 0.5
    depth_of_discharge: 1.0
