cost_values:
  wind_capex: 5000.0
  wind_opex: 100
  wind_lifetime: 20
  solar_capex: 1000.0
  solar_opex: 10
  solar_lifetime: 20
  carbon_price: 1.0
timeseries_values:
  load_level: 215410.16979042004
  wind_year: 2011
  solar_year: 2017
  price_year: 2023
  carbon_year: 2023
storage_values:
  CAES:
    cost: 60.5122
    lifetime: 24.8069
    annual_cost: 2.4393293801321407
    efficiency: 0.598075
    discharge_ratio: 0.1
    depth_of_discharge: 0.4
  Li-ion:
    cost: 224.29
    lifetime: 19.2797
    annual_cost: 11.633479774062875
    efficiency: 0.915302
    discharge_ratio: 2
    depth_of_discharge: 0.9
  Pb-acid:
    cost: 145.895
    lifetime: 10.4637
    annual_cost: 13.942964725670654
    efficiency: 0.770834
    discharge_ratio: 5
    depth_of_discharge: 0.5
  VRBF:
    cost: 313.224
    lifetime: 27.746
    annual_cost: 11.288978591508686
    efficiency: 0.713092
    discharge_ratio: 0.5
    depth_of_discharge: 1.0
