cost_values:
  wind_capex: 5000.0
  wind_opex: 100
  wind_lifetime: 20
  solar_capex: 1000.0
  solar_opex: 10
  solar_lifetime: 20
  carbon_price: 1.0
timeseries_values:
  load_level: 215410.16979042004
  wind_year: 2011
  solar_year: 2017
  price_year: 2023
  carbon_year: 2023
storage_values:
  CAES:
    cost: 68.5692
    lifetime: 23.3782
    annual_cost: 2.933040182734342
    efficiency: 0.611009
    discharge_ratio: 0.1
    depth_of_discharge: 0.4
  Li-ion:
    cost: 230.866
    lifetime: 21.5154
    annual_cost: 10.730267622261264
    efficiency: 0.922269
    discharge_ratio: 2
    depth_of_discharge: 0.9
  Pb-acid:
    cost: 141.407
    lifetime: 8.8101
    annual_cost: 16.0505556123086
    efficiency: 0.763819
    discharge_ratio: 5
    depth_of_discharge: 0.5
  VRBF:
    cost: 351.878
    lifetime: 26.8114
    annual_cost: 13.124193440103836
    efficiency: 0.685493
    discharge_ratio: 0.5
    depth_of_discharge: 1.0
