cost_values:
  wind_capex: 5000.0
  wind_opex: 100
  wind_lifetime: 20
  solar_capex: 1000.0
  solar_opex: 10
  solar_lifetime: 20
  carbon_price: 1.0
timeseries_values:
  load_level: 215410.16979042004
  wind_year: 2011
  solar_year: 2017
  price_year: 2023
  carbon_year: 2023
storage_values:
  CAES:
    cost: 73.802
    lifetime: 25.4645
    annual_cost: 2.898230870427458
    efficiency: 0.608448
    discharge_ratio: 0.1
    depth_of_discharge: 0.4
  Li-ion:
    cost: 248.73
    lifetime: 25.181
    annual_cost: 9.877685556570428
    efficiency: 0.906696
    discharge_ratio: 2
    depth_of_discharge: 0.9
  Pb-acid:
    cost: 136.877
    lifetime: 9.55509
    annual_cost: 14.325035138339882
    efficiency: 0.767675
    discharge_ratio: 5
    depth_of_discharge: 0.5
  VRBF:
    cost: 315.615
    lifetime: 25.5743
    annual_cost: 12.341100245168
    efficiency: 0.694958
    discharge_ratio: 0.5
    depth_of_discharge: 1.0
