cost_values:
  wind_capex: 5000.0
  wind_opex: 100
  wind_lifetime: 20
  solar_capex: 1000.0
  solar_opex: 10
  solar_lifetime: 20
  carbon_price: 1.0
timeseries_values:
  load_level: 215410.16979042004
  wind_year: 2011
  solar_year: 2017
  price_year: 2023
  carbon_year: 2023
storage_values:
  CAES:
    cost: 72.4376
    lifetime: 24.6723
    annual_cost: 2.9359889430657056
    efficiency: 0.622859
    discharge_ratio: 0.1
    depth_of_discharge: 0.4
  Li-ion:
    cost: 216.056
    lifetime: 20.5364
    annual_cost: 10.520636528310707
    efficiency: 0.916189
    discharge_ratio: 2
    depth_of_discharge: 0.9
  Pb-acid:
    cost: 146.928
    lifetime: 9.68181
    annual_cost: 15.175674796344897
    efficiency: 0.769413
    discharge_ratio: 5
    depth_of_discharge: 0.5
  VRBF:
    cost: 308.816
    lifetime: 26.9232
    annual_cost: 11.470256135971947
    efficiency: 0.709215
    discharge_ratio: 0.5
    depth_of_discharge: 1.0
