cost_values:
  wind_capex: 5000.0
  wind_opex: 100
  wind_lifetime: 20
  solar_capex: 1000.0
  solar_opex: 10
  solar_lifetime: 20
  carbon_price: 1.0
timeseries_values:
  load_level: 215410.16979042004
  wind_year: 2011
  solar_year: 2017
  price_year: 2023
  carbon_year: 2023
storage_values:
  CAES:
    cost: 62.6413
    lifetime: 24.3155
    annual_cost: 2.576188028212457
    efficiency: 0.607036
    discharge_ratio: 0.1
    depth_of_discharge: 0.4
  Li-ion:
    cost: 250.285
    lifetime: 20.9711
    annual_cost: 11.934757833399297
    efficiency: 0.911015
    discharge_ratio: 2
    depth_of_discharge: 0.9
  Pb-acid:
    cost: 156.3
    lifetime: 9.59875
    annual_cost: 16.28337023049876
    efficiency: 0.762586
    discharge_ratio: 5
    depth_of_discharge: 0.5
  VRBF:
    cost: 308.221
    lifetime: 27.2585
    annual_cost: 11.307335326595373
    efficiency: 0.684991
    discharge_ratio: 0.5
    depth_of_discharge: 1.0
