cost_values:
  wind_capex: 5000.0
  wind_opex: 100
  wind_lifetime: 20
  solar_capex: 1000.0
  solar_opex: 10
  solar_lifetime: 20
  carbon_price: 1.0
timeseries_values:
  load_level: 215410.16979042004
  wind_year: 2011
  solar_year: 2017
  price_year: 2023
  carbon_year: 2023
storage_values:
  CAES:
    cost: 63.2708
    lifetime: 25.2836
    annual_cost: 2.502444272176431
    efficiency: 0.603695
    discharge_ratio: 0.1
    depth_of_discharge: 0.4
  Li-ion:
    cost: 245.094
    lifetime: 21.4478
    annual_cost: 11.427465754063354
    efficiency: 0.901621
    discharge_ratio: 2
    depth_of_discharge: 0.9
  Pb-acid:
    cost: 156.866
    lifetime: 10.0004
    annual_cost: 15.685972561097556
    efficiency: 0.755183
    discharge_ratio: 5
    depth_of_discharge: 0.5
  VRBF:
    cost: 305.495
    lifetime: 26.7281
    annual_cost: 11.429731256617567
    efficiency: 0.694743
    discharge_ratio: 0.5
    depth_of_discharge: 1.0
