cost_values:
  wind_capex: 5000.0
  wind_opex: 100
  wind_lifetime: 20
  solar_capex: 1000.0
  solar_opex: 10
  solar_lifetime: 20
  carbon_price: 1.0
timeseries_values:
  load_level: 215410.16979042004
  wind_year: 2011
  solar_year: 2017
  price_year: 2023
  carbon_year: 2023
storage_values:
  CAES:
    cost: 68.0047
    lifetime: 23.0614
    annual_cost: 2.948853929076292
    efficiency: 0.615189
    discharge_ratio: 0.1
    depth_of_discharge: 0.4
  Li-ion:
    cost: 237.738
    lifetime: 21.1069
    annual_cost: 11.26352046013389
    efficiency: 0.905022
    discharge_ratio: 2
    depth_of_discharge: 0.9
  Pb-acid:
    cost: 158.654
    lifetime: 9.80061
    annual_cost: 16.1881760421035
    efficiency: 0.788969
    discharge_ratio: 5
    depth_of_discharge: 0.5
  VRBF:
    cost: 302.121
    lifetime: 26.3008
    annual_cost: 11.487141075556638
    efficiency: 0.728865
    discharge_ratio: 0.5
    depth_of_discharge: 1.0
