cost_values:
  wind_capex: 5000.0
  wind_opex: 100
  wind_lifetime: 20
  solar_capex: 1000.0
  solar_opex: 10
  solar_lifetime: 20
  carbon_price: 1.0
timeseries_values:
  load_level: 215410.16979042004
  wind_year: 2011
  solar_year: 2017
  price_year: 2023
  carbon_year: 2023
storage_values:
  CAES:
    cost: 66.3491
    lifetime: 25.3059
    annual_cost: 2.621882643968403
    efficiency: 0.61762
    discharge_ratio: 0.1
    depth_of_discharge: 0.4
  Li-ion:
    cost: 230.372
    lifetime: 18.6382
    annual_cost: 12.360206457705143
    efficiency: 0.913311
    discharge_ratio: 2
    depth_of_discharge: 0.9
  Pb-acid:
    cost: 145.778
    lifetime: 8.85297
    annual_cost: 16.46656432812943
    efficiency: 0.781452
    discharge_ratio: 5
    depth_of_discharge: 0.5
  VRBF:
    cost: 329.347
    lifetime: 29.0975
    annual_cost: 11.318738723258011
    efficiency: 0.721892
    discharge_ratio: 0.5
    depth_of_discharge: 1.0
