cost_values:
  wind_capex: 5000.0
  wind_opex: 100
  wind_lifetime: 20
  solar_capex: 1000.0
  solar_opex: 10
  solar_lifetime: 20
  carbon_price: 1.0
timeseries_values:
  load_level: 215410.16979042004
  wind_year: 2011
  solar_year: 2017
  price_year: 2023
  carbon_year: 2023
storage_values:
  CAES:
    cost: 65.0831
    lifetime: 23.7397
    annual_cost: 2.7415300109099947
    efficiency: 0.609427
    discharge_ratio: 0.1
    depth_of_discharge: 0.4
  Li-ion:
    cost: 243.535
    lifetime: 21.8765
    annual_cost: 11.132265216099468
    efficiency: 0.919337
    discharge_ratio: 2
    depth_of_discharge: 0.9
  Pb-acid:
    cost: 161.01
    lifetime: 10.3442
    annual_cost: 15.565244291487016
    efficiency: 0.784186
    discharge_ratio: 5
    depth_of_discharge: 0.5
  VRBF:
    cost: 297.299
    lifetime: 26.927
    annual_cost: 11.040925465146506
    efficiency: 0.722101
    discharge_ratio: 0.5
    depth_of_discharge: 1.0
