cost_values:
  wind_capex: 5000.0
  wind_opex: 100
  wind_lifetime: 20
  solar_capex: 1000.0
  solar_opex: 10
  solar_lifetime: 20
  carbon_price: 1.0
timeseries_values:
  load_level: 215410.16979042004
  wind_year: 2011
  solar_year: 2017
  price_year: 2023
  carbon_year: 2023
storage_values:
  CAES:
    cost: 60.6019
    lifetime: 24.2722
    annual_cost: 2.4967617274083107
    efficiency: 0.606067
    discharge_ratio: 0.1
    depth_of_discharge: 0.4
  Li-ion:
    cost: 227.913
    lifetime: 21.5906
    annual_cost: 10.556121645530927
    efficiency: 0.920549
    discharge_ratio: 2
    depth_of_discharge: 0.9
  Pb-acid:
    cost: 142.803
    lifetime: 10.8478
    annual_cost: 13.164236066299157
    efficiency: 0.758998
    discharge_ratio: 5
    depth_of_discharge: 0.5
  VRBF:
    cost: 329.089
    lifetime: 26.4911
    annual_cost: 12.422624957061052
    efficiency: 0.703433
    discharge_ratio: 0.5
    depth_of_discharge: 1.0
