cost_values:
  wind_capex: 5000.0
  wind_opex: 100
  wind_lifetime: 20
  solar_capex: 1000.0
  solar_opex: 10
  solar_lifetime: 20
  carbon_price: 1.0
timeseries_values:
  load_level: 215410.16979042004
  wind_year: 2011
  solar_year: 2017
  price_year: 2023
  carbon_year: 2023
storage_values:
  CAES:
    cost: 63.3604
    lifetime: 24.4122
    annual_cost: 2.5954399849255703
    efficiency: 0.616243
    discharge_ratio: 0.1
    depth_of_discharge: 0.4
  Li-ion:
    cost: 215.522
    lifetime: 20.8257
    annual_cost: 10.348847817840456
    efficiency: 0.894707
    discharge_ratio: 2
    depth_of_discharge: 0.9
  Pb-acid:
    cost: 168.255
    lifetime: 9.01024
    annual_cost: 18.673753418332918
    efficiency: 0.766375
    discharge_ratio: 5
    depth_of_discharge: 0.5
  VRBF:
    cost: 315.137
    lifetime: 27.9346
    annual_cost: 11.281242616683253
    efficiency: 0.718444
    discharge_ratio: 0.5
    depth_of_discharge: 1.0
