cost_values:
  wind_capex: 5000.0
  wind_opex: 100
  wind_lifetime: 20
  solar_capex: 1000.0
  solar_opex: 10
  solar_lifetime: 20
  carbon_price: 1.0
timeseries_values:
  load_level: 215410.16979042004
  wind_year: 2011
  solar_year: 2017
  price_year: 2023
  carbon_year: 2023
storage_values:
  CAES:
    cost: 59.1769
    lifetime: 23.223
    annual_cost: 2.548202213322999
    efficiency: 0.61768
    discharge_ratio: 0.1
    depth_of_discharge: 0.4
  Li-ion:
    cost: 225.661
    lifetime: 21.1555
    annual_cost: 10.666776961073953
    efficiency: 0.924337
    discharge_ratio: 2
    depth_of_discharge: 0.9
  Pb-acid:
    cost: 138.633
    lifetime: 9.06343
    annual_cost: 15.29586481056289
    efficiency: 0.76694
    discharge_ratio: 5
    depth_of_discharge: 0.5
  VRBF:
    cost: 322.223
    lifetime: 24.103
    annual_cost: 13.368584823465959
    efficiency: 0.725292
    discharge_ratio: 0.5
    depth_of_discharge: 1.0
