cost_values:
  wind_capex: 5000.0
  wind_opex: 100
  wind_lifetime: 20
  solar_capex: 1000.0
  solar_opex: 10
  solar_lifetime: 20
  carbon_price: 1.0
timeseries_values:
  load_level: 215410.16979042004
  wind_year: 2011
  solar_year: 2017
  price_year: 2023
  carbon_year: 2023
storage_values:
  CAES:
    cost: 63.4772
    lifetime: 25.206
    annual_cost: 2.5183369039117673
    efficiency: 0.620168
    discharge_ratio: 0.1
    depth_of_discharge: 0.4
  Li-ion:
    cost: 223.944
    lifetime: 22.3672
    annual_cost: 10.012160663829178
    efficiency: 0.907353
    discharge_ratio: 2
    depth_of_discharge: 0.9
  Pb-acid:
    cost: 157.933
    lifetime: 8.72987
    annual_cost: 18.091105594928674
    efficiency: 0.757629
    discharge_ratio: 5
    depth_of_discharge: 0.5
  VRBF:
    cost: 323.608
    lifetime: 25.4785
    annual_cost: 12.701218674568754
    efficiency: 0.717563
    discharge_ratio: 0.5
    depth_of_discharge: 1.0
