cost_values:
  wind_capex: 5000.0
  wind_opex: 100
  wind_lifetime: 20
  solar_capex: 1000.0
  solar_opex: 10
  solar_lifetime: 20
  carbon_price: 1.0
timeseries_values:
  load_level: 215410.16979042004
  wind_year: 2011
  solar_year: 2017
  price_year: 2023
  carbon_year: 2023
storage_values:
  CAES:
    cost: 62.2135
    lifetime: 23.459
    annual_cost: 2.6520098895946123
    efficiency: 0.615931
    discharge_ratio: 0.1
    depth_of_discharge: 0.4
  Li-ion:
    cost: 241.537
    lifetime: 21.9661
    annual_cost: 10.995898224992146
    efficiency: 0.915969
    discharge_ratio: 2
    depth_of_discharge: 0.9
  Pb-acid:
    cost: 156.974
    lifetime: 9.83401
    annual_cost: 15.96235920036689
    efficiency: 0.759808
    discharge_ratio: 5
    depth_of_discharge: 0.5
  VRBF:
    cost: 273.443
    lifetime: 26.2414
    annual_cost: 10.420290075986799
    efficiency: 0.701506
    discharge_ratio: 0.5
    depth_of_discharge: 1.0
