cost_values:
  wind_capex: 5000.0
  wind_opex: 100
  wind_lifetime: 20
  solar_capex: 1000.0
  solar_opex: 10
  solar_lifetime: 20
  carbon_price: 1.0
timeseries_values:
  load_level: 215410.16979042004
  wind_year: 2011
  solar_year: 2017
  price_year: 2023
  carbon_year: 2023
storage_values:
  CAES:
    cost: 63.7072
    lifetime: 23.7786
    annual_cost: 2.6791821217397156
    efficiency: 0.606511
    discharge_ratio: 0.1
    depth_of_discharge: 0.4
  Li-ion:
    cost: 208.686
    lifetime: 23.9607
    annual_cost: 8.709511825614443
    efficiency: 0.900663
    discharge_ratio: 2
    depth_of_discharge: 0.9
  Pb-acid:
    cost: 158.376
    lifetime: 10.1388
    annual_cost: 15.620783524677478
    efficiency: 0.765649
    discharge_ratio: 5
    depth_of_discharge: 0.5
  VRBF:
    cost: 339.238
    lifetime: 27.2917
    annual_cost: 12.430079474712093
    efficiency: 0.700554
    discharge_ratio: 0.5
    depth_of_discharge: 1.0
