cost_values:
  wind_capex: 5000.0
  wind_opex: 100
  wind_lifetime: 20
  solar_capex: 1000.0
  solar_opex: 10
  solar_lifetime: 20
  carbon_price: 1.0
timeseries_values:
  load_level: 215410.16979042004
  wind_year: 2011
  solar_year: 2017
  price_year: 2023
  carbon_year: 2023
storage_values:
  CAES:
    cost: 59.3161
    lifetime: 24.3861
    annual_cost: 2.4323733602339037
    efficiency: 0.610626
    discharge_ratio: 0.1
    depth_of_discharge: 0.4
  Li-ion:
    cost: 243.132
    lifetime: 21.8164
    annual_cost: 11.14446013091069
    efficiency: 0.916771
    discharge_ratio: 2
    depth_of_discharge: 0.9
  Pb-acid:
    cost: 143.08
    lifetime: 10.6929
    annual_cost: 13.38084149295327
    efficiency: 0.762596
    discharge_ratio: 5
    depth_of_discharge: 0.5
  VRBF:
    cost: 344.001
    lifetime: 27.0333
    annual_cost: 12.725083508117764
    efficiency: 0.710247
    discharge_ratio: 0.5
    depth_of_discharge: 1.0
