cost_values:
  wind_capex: 5000.0
  wind_opex: 100
  wind_lifetime: 20
  solar_capex: 1000.0
  solar_opex: 10
  solar_lifetime: 20
  carbon_price: 1.0
timeseries_values:
  load_level: 215410.16979042004
  wind_year: 2011
  solar_year: 2017
  price_year: 2023
  carbon_year: 2023
storage_values:
  CAES:
    cost: 70.016
    lifetime: 25.174
    annual_cost: 2.7812822753634707
    efficiency: 0.612037
    discharge_ratio: 0.1
    depth_of_discharge: 0.4
  Li-ion:
    cost: 239.125
    lifetime: 19.9973
    annual_cost: 11.957864311682078
    efficiency: 0.89997
    discharge_ratio: 2
    depth_of_discharge: 0.9
  Pb-acid:
    cost: 140.443
    lifetime: 9.70906
    annual_cost: 14.465149046354645
    efficiency: 0.767161
    discharge_ratio: 5
    depth_of_discharge: 0.5
  VRBF:
    cost: 340.646
    lifetime: 28.0432
    annual_cost: 12.147187196896219
    efficiency: 0.706784
    discharge_ratio: 0.5
    depth_of_discharge: 1.0
