cost_values:
  wind_capex: 5000.0
  wind_opex: 100
  wind_lifetime: 20
  solar_capex: 1000.0
  solar_opex: 10
  solar_lifetime: 20
  carbon_price: 1.0
timeseries_values:
  load_level: 215410.16979042004
  wind_year: 2011
  solar_year: 2017
  price_year: 2023
  carbon_year: 2023
storage_values:
  CAES:
    cost: 66.4052
    lifetime: 23.3672
    annual_cost: 2.8418124550652193
    efficiency: 0.608925
    discharge_ratio: 0.1
    depth_of_discharge: 0.4
  Li-ion:
    cost: 227.635
    lifetime: 21.7734
    annual_cost: 10.454729164944382
    efficiency: 0.896791
    discharge_ratio: 2
    depth_of_discharge: 0.9
  Pb-acid:
    cost: 155.929
    lifetime: 10.2456
    annual_cost: 15.219118450847194
    efficiency: 0.757826
    discharge_ratio: 5
    depth_of_discharge: 0.5
  VRBF:
    cost: 286.156
    lifetime: 25.5751
    annual_cost: 11.188851656494013
    efficiency: 0.728402
    discharge_ratio: 0.5
    depth_of_discharge: 1.0
