cost_values:
  wind_capex: 5000.0
  wind_opex: 100
  wind_lifetime: 20
  solar_capex: 1000.0
  solar_opex: 10
  solar_lifetime: 20
  carbon_price: 1.0
timeseries_values:
  load_level: 215410.16979042004
  wind_year: 2011
  solar_year: 2017
  price_year: 2023
  carbon_year: 2023
storage_values:
  CAES:
    cost: 64.5806
    lifetime: 23.2193
    annual_cost: 2.781332770583093
    efficiency: 0.623243
    discharge_ratio: 0.1
    depth_of_discharge: 0.4
  Li-ion:
    cost: 232.699
    lifetime: 23.7643
    annual_cost: 9.791956842827267
    efficiency: 0.92005
    discharge_ratio: 2
    depth_of_discharge: 0.9
  Pb-acid:
    cost: 159.262
    lifetime: 9.77379
    annual_cost: 16.29480477890358
    efficiency: 0.766147
    discharge_ratio: 5
    depth_of_discharge: 0.5
  VRBF:
    cost: 353.898
    lifetime: 27.4743
    annual_cost: 12.88105611425951
    efficiency: 0.715064
    discharge_ratio: 0.5
    depth_of_discharge: 1.0
