cost_values:
  wind_capex: 5000.0
  wind_opex: 100
  wind_lifetime: 20
  solar_capex: 1000.0
  solar_opex: 10
  solar_lifetime: 20
  carbon_price: 1.0
timeseries_values:
  load_level: 215410.16979042004
  wind_year: 2011
  solar_year: 2017
  price_year: 2023
  carbon_year: 2023
storage_values:
  CAES:
    cost: 54.8865
    lifetime: 24.661
    annual_cost: 2.225639673979157
    efficiency: 0.606641
    discharge_ratio: 0.1
    depth_of_discharge: 0.4
  Li-ion:
    cost: 235.417
    lifetime: 21.7129
    annual_cost: 10.842264276075513
    efficiency: 0.918716
    discharge_ratio: 2
    depth_of_discharge: 0.9
  Pb-acid:
    cost: 155.357
    lifetime: 10.2895
    annual_cost: 15.098595655765585
    efficiency: 0.774946
    discharge_ratio: 5
    depth_of_discharge: 0.5
  VRBF:
    cost: 276.604
    lifetime: 25.8167
    annual_cost: 10.71415014312441
    efficiency: 0.69874
    discharge_ratio: 0.5
    depth_of_discharge: 1.0
