cost_values:
  wind_capex: 5000.0
  wind_opex: 100
  wind_lifetime: 20
  solar_capex: 1000.0
  solar_opex: 10
  solar_lifetime: 20
  carbon_price: 1.0
timeseries_values:
  load_level: 215410.16979042004
  wind_year: 2011
  solar_year: 2017
  price_year: 2023
  carbon_year: 2023
storage_values:
  CAES:
    cost: 64.5602
    lifetime: 24.4449
    annual_cost: 2.6410498713433066
    efficiency: 0.603478
    discharge_ratio: 0.1
    depth_of_discharge: 0.4
  Li-ion:
    cost: 237.303
    lifetime: 20.9882
    annual_cost: 11.306496031103192
    efficiency: 0.919248
    discharge_ratio: 2
    depth_of_discharge: 0.9
  Pb-acid:
    cost: 164.782
    lifetime: 10.8901
    annual_cost: 15.131357838770993
    efficiency: 0.762062
    discharge_ratio: 5
    depth_of_discharge: 0.5
  VRBF:
    cost: 340.577
    lifetime: 25.725
    annual_cost: 13.239144800777453
    efficiency: 0.696782
    discharge_ratio: 0.5
    depth_of_discharge: 1.0
