cost_values:
  wind_capex: 5000.0
  wind_opex: 100
  wind_lifetime: 20
  solar_capex: 1000.0
  solar_opex: 10
  solar_lifetime: 20
  carbon_price: 1.0
timeseries_values:
  load_level: 215410.16979042004
  wind_year: 2011
  solar_year: 2017
  price_year: 2023
  carbon_year: 2023
storage_values:
  CAES:
    cost: 59.8052
    lifetime: 24.3208
    annual_cost: 2.459014506101773
    efficiency: 0.610849
    discharge_ratio: 0.1
    depth_of_discharge: 0.4
  Li-ion:
    cost: 244.987
    lifetime: 20.0957
    annual_cost: 12.191015988495051
    efficiency: 0.897132
    discharge_ratio: 2
    depth_of_discharge: 0.9
  Pb-acid:
    cost: 147.508
    lifetime: 11.6843
    annual_cost: 12.624461884751334
    efficiency: 0.769879
    discharge_ratio: 5
    depth_of_discharge: 0.5
  VRBF:
    cost: 326.76
    lifetime: 25.746
    annual_cost: 12.69168026101142
    efficiency: 0.712752
    discharge_ratio: 0.5
    depth_of_discharge: 1.0
