cost_values:
  wind_capex: 5000.0
  wind_opex: 100
  wind_lifetime: 20
  solar_capex: 1000.0
  solar_opex: 10
  solar_lifetime: 20
  carbon_price: 1.0
timeseries_values:
  load_level: 215410.16979042004
  wind_year: 2011
  solar_year: 2017
  price_year: 2023
  carbon_year: 2023
storage_values:
  CAES:
    cost: 64.2384
    lifetime: 24.5638
    annual_cost: 2.615165406003957
    efficiency: 0.620346
    discharge_ratio: 0.1
    depth_of_discharge: 0.4
  Li-ion:
    cost: 220.249
    lifetime: 19.5775
    annual_cost: 11.250108542970246
    efficiency: 0.912029
    discharge_ratio: 2
    depth_of_discharge: 0.9
  Pb-acid:
    cost: 158.199
    lifetime: 10.1835
    annual_cost: 15.534835763735455
    efficiency: 0.768188
    discharge_ratio: 5
    depth_of_discharge: 0.5
  VRBF:
    cost: 305.084
    lifetime: 26.8063
    annual_cost: 11.381055945803785
    efficiency: 0.720401
    discharge_ratio: 0.5
    depth_of_discharge: 1.0
