cost_values:
  wind_capex: 5000.0
  wind_opex: 100
  wind_lifetime: 20
  solar_capex: 1000.0
  solar_opex: 10
  solar_lifetime: 20
  carbon_price: 1.0
timeseries_values:
  load_level: 215410.16979042004
  wind_year: 2011
  solar_year: 2017
  price_year: 2023
  carbon_year: 2023
storage_values:
  CAES:
    cost: 64.998
    lifetime: 25.2283
    annual_cost: 2.5763923847425314
    efficiency: 0.602396
    discharge_ratio: 0.1
    depth_of_discharge: 0.4
  Li-ion:
    cost: 216.282
    lifetime: 22.3701
    annual_cost: 9.668351951935843
    efficiency: 0.921083
    discharge_ratio: 2
    depth_of_discharge: 0.9
  Pb-acid:
    cost: 156.551
    lifetime: 8.36684
    annual_cost: 18.71088726448695
    efficiency: 0.762798
    discharge_ratio: 5
    depth_of_discharge: 0.5
  VRBF:
    cost: 339.601
    lifetime: 26.8554
    annual_cost: 12.6455386998518
    efficiency: 0.712594
    discharge_ratio: 0.5
    depth_of_discharge: 1.0
