cost_values:
  wind_capex: 5000.0
  wind_opex: 100
  wind_lifetime: 20
  solar_capex: 1000.0
  solar_opex: 10
  solar_lifetime: 20
  carbon_price: 1.0
timeseries_values:
  load_level: 215410.16979042004
  wind_year: 2011
  solar_year: 2017
  price_year: 2023
  carbon_year: 2023
storage_values:
  CAES:
    cost: 60.0767
    lifetime: 23.8293
    annual_cost: 2.521127351621743
    efficiency: 0.612184
    discharge_ratio: 0.1
    depth_of_discharge: 0.4
  Li-ion:
    cost: 246.536
    lifetime: 21.2349
    annual_cost: 11.60994400727105
    efficiency: 0.921354
    discharge_ratio: 2
    depth_of_discharge: 0.9
  Pb-acid:
    cost: 151.85
    lifetime: 10.2788
    annual_cost: 14.773125267540957
    efficiency: 0.775376
    discharge_ratio: 5
    depth_of_discharge: 0.5
  VRBF:
    cost: 340.39
    lifetime: 28.2282
    annual_cost: 12.058508867019505
    efficiency: 0.710716
    discharge_ratio: 0.5
    depth_of_discharge: 1.0
