cost_values:
  wind_capex: 5000.0
  wind_opex: 100
  wind_lifetime: 20
  solar_capex: 1000.0
  solar_opex: 10
  solar_lifetime: 20
  carbon_price: 1.0
timeseries_values:
  load_level: 215410.16979042004
  wind_year: 2011
  solar_year: 2017
  price_year: 2023
  carbon_year: 2023
storage_values:
  CAES:
    cost: 63.8421
    lifetime: 24.7582
    annual_cost: 2.5786244557358775
    efficiency: 0.604984
    discharge_ratio: 0.1
    depth_of_discharge: 0.4
  Li-ion:
    cost: 234.166
    lifetime: 20.0566
    annual_cost: 11.675259016981942
    efficiency: 0.911425
    discharge_ratio: 2
    depth_of_discharge: 0.9
  Pb-acid:
    cost: 153.943
    lifetime: 10.6581
    annual_cost: 14.443756391852208
    efficiency: 0.770603
    discharge_ratio: 5
    depth_of_discharge: 0.5
  VRBF:
    cost: 311.629
    lifetime: 25.7855
    annual_cost: 12.085435613038337
    efficiency: 0.707307
    discharge_ratio: 0.5
    depth_of_discharge: 1.0
