cost_values:
  wind_capex: 5000.0
  wind_opex: 100
  wind_lifetime: 20
  solar_capex: 1000.0
  solar_opex: 10
  solar_lifetime: 20
  carbon_price: 1.0
timeseries_values:
  load_level: 215410.16979042004
  wind_year: 2011
  solar_year: 2017
  price_year: 2023
  carbon_year: 2023
storage_values:
  CAES:
    cost: 72.4514
    lifetime: 24.1062
    annual_cost: 3.005508956202139
    efficiency: 0.610051
    discharge_ratio: 0.1
    depth_of_discharge: 0.4
  Li-ion:
    cost: 242.471
    lifetime: 20.4123
    annual_cost: 11.87867119334911
    efficiency: 0.911979
    discharge_ratio: 2
    depth_of_discharge: 0.9
  Pb-acid:
    cost: 171.942
    lifetime: 11.4223
    annual_cost: 15.053185435507736
    efficiency: 0.762089
    discharge_ratio: 5
    depth_of_discharge: 0.5
  VRBF:
    cost: 324.158
    lifetime: 27.6579
    annual_cost: 11.720267988531306
    efficiency: 0.737379
    discharge_ratio: 0.5
    depth_of_discharge: 1.0
