cost_values:
  wind_capex: 5000.0
  wind_opex: 100
  wind_lifetime: 20
  solar_capex: 1000.0
  solar_opex: 10
  solar_lifetime: 20
  carbon_price: 1.0
timeseries_values:
  load_level: 215410.16979042004
  wind_year: 2011
  solar_year: 2017
  price_year: 2023
  carbon_year: 2023
storage_values:
  CAES:
    cost: 59.7499
    lifetime: 23.2208
    annual_cost: 2.5731197891545508
    efficiency: 0.601242
    discharge_ratio: 0.1
    depth_of_discharge: 0.4
  Li-ion:
    cost: 230.553
    lifetime: 18.8145
    annual_cost: 12.254006218607989
    efficiency: 0.912823
    discharge_ratio: 2
    depth_of_discharge: 0.9
  Pb-acid:
    cost: 154.003
    lifetime: 9.59086
    annual_cost: 16.057267022978127
    efficiency: 0.761098
    discharge_ratio: 5
    depth_of_discharge: 0.5
  VRBF:
    cost: 337.407
    lifetime: 25.0684
    annual_cost: 13.45945493130794
    efficiency: 0.692693
    discharge_ratio: 0.5
    depth_of_discharge: 1.0
