cost_values:
  wind_capex: 5000.0
  wind_opex: 100
  wind_lifetime: 20
  solar_capex: 1000.0
  solar_opex: 10
  solar_lifetime: 20
  carbon_price: 1.0
timeseries_values:
  load_level: 215410.16979042004
  wind_year: 2011
  solar_year: 2017
  price_year: 2023
  carbon_year: 2023
storage_values:
  CAES:
    cost: 66.1296
    lifetime: 23.5283
    annual_cost: 2.810640802777931
    efficiency: 0.610729
    discharge_ratio: 0.1
    depth_of_discharge: 0.4
  Li-ion:
    cost: 208.475
    lifetime: 22.3464
    annual_cost: 9.329243189059536
    efficiency: 0.89825
    discharge_ratio: 2
    depth_of_discharge: 0.9
  Pb-acid:
    cost: 159.18
    lifetime: 10.836
    annual_cost: 14.689922480620154
    efficiency: 0.768082
    discharge_ratio: 5
    depth_of_discharge: 0.5
  VRBF:
    cost: 349.915
    lifetime: 25.7868
    annual_cost: 13.569539454294446
    efficiency: 0.732276
    discharge_ratio: 0.5
    depth_of_discharge: 1.0
