cost_values:
  wind_capex: 5000.0
  wind_opex: 100
  wind_lifetime: 20
  solar_capex: 1000.0
  solar_opex: 10
  solar_lifetime: 20
  carbon_price: 1.0
timeseries_values:
  load_level: 215410.16979042004
  wind_year: 2011
  solar_year: 2017
  price_year: 2023
  carbon_year: 2023
storage_values:
  CAES:
    cost: 64.4787
    lifetime: 24.3509
    annual_cost: 2.6478980243030033
    efficiency: 0.623233
    discharge_ratio: 0.1
    depth_of_discharge: 0.4
  Li-ion:
    cost: 241.757
    lifetime: 21.9383
    annual_cost: 11.019860244412738
    efficiency: 0.906426
    discharge_ratio: 2
    depth_of_discharge: 0.9
  Pb-acid:
    cost: 149.358
    lifetime: 9.06583
    annual_cost: 16.474829111068704
    efficiency: 0.765469
    discharge_ratio: 5
    depth_of_discharge: 0.5
  VRBF:
    cost: 288.038
    lifetime: 28.0588
    annual_cost: 10.265513849487505
    efficiency: 0.699162
    discharge_ratio: 0.5
    depth_of_discharge: 1.0
