cost_values:
  wind_capex: 5000.0
  wind_opex: 100
  wind_lifetime: 20
  solar_capex: 1000.0
  solar_opex: 10
  solar_lifetime: 20
  carbon_price: 1.0
timeseries_values:
  load_level: 215410.16979042004
  wind_year: 2011
  solar_year: 2017
  price_year: 2023
  carbon_year: 2023
storage_values:
  CAES:
    cost: 71.0139
    lifetime: 24.1879
    annual_cost: 2.935926641006454
    efficiency: 0.603993
    discharge_ratio: 0.1
    depth_of_discharge: 0.4
  Li-ion:
    cost: 232.771
    lifetime: 21.0466
    annual_cost: 11.05979113015879
    efficiency: 0.912993
    discharge_ratio: 2
    depth_of_discharge: 0.9
  Pb-acid:
    cost: 138.582
    lifetime: 11.5372
    annual_cost: 12.01175328502583
    efficiency: 0.763564
    discharge_ratio: 5
    depth_of_discharge: 0.5
  VRBF:
    cost: 322.977
    lifetime: 24.4426
    annual_cost: 13.21369248770589
    efficiency: 0.709643
    discharge_ratio: 0.5
    depth_of_discharge: 1.0
