cost_values:
  wind_capex: 5000.0
  wind_opex: 100
  wind_lifetime: 20
  solar_capex: 1000.0
  solar_opex: 10
  solar_lifetime: 20
  carbon_price: 1.0
timeseries_values:
  load_level: 215410.16979042004
  wind_year: 2011
  solar_year: 2017
  price_year: 2023
  carbon_year: 2023
storage_values:
  CAES:
    cost: 65.3945
    lifetime: 23.7564
    annual_cost: 2.75271084844505
    efficiency: 0.609704
    discharge_ratio: 0.1
    depth_of_discharge: 0.4
  Li-ion:
    cost: 238.738
    lifetime: 23.0323
    annual_cost: 10.365356477642267
    efficiency: 0.931162
    discharge_ratio: 2
    depth_of_discharge: 0.9
  Pb-acid:
    cost: 144.709
    lifetime: 10.8399
    annual_cost: 13.349661897249975
    efficiency: 0.771661
    discharge_ratio: 5
    depth_of_discharge: 0.5
  VRBF:
    cost: 311.164
    lifetime: 26.4853
    annual_cost: 11.748554858732957
    efficiency: 0.708666
    discharge_ratio: 0.5
    depth_of_discharge: 1.0
