cost_values:
  wind_capex: 5000.0
  wind_opex: 100
  wind_lifetime: 20
  solar_capex: 1000.0
  solar_opex: 10
  solar_lifetime: 20
  carbon_price: 1.0
timeseries_values:
  load_level: 215410.16979042004
  wind_year: 2011
  solar_year: 2017
  price_year: 2023
  carbon_year: 2023
storage_values:
  CAES:
    cost: 58.9442
    lifetime: 24.2143
    annual_cost: 2.434272310163829
    efficiency: 0.609228
    discharge_ratio: 0.1
    depth_of_discharge: 0.4
  Li-ion:
    cost: 237.122
    lifetime: 21.739
    annual_cost: 10.907677446064676
    efficiency: 0.902437
    discharge_ratio: 2
    depth_of_discharge: 0.9
  Pb-acid:
    cost: 161.517
    lifetime: 11.4381
    annual_cost: 14.120964146143152
    efficiency: 0.76514
    discharge_ratio: 5
    depth_of_discharge: 0.5
  VRBF:
    cost: 336.655
    lifetime: 27.4588
    annual_cost: 12.260368260812562
    efficiency: 0.718608
    discharge_ratio: 0.5
    depth_of_discharge: 1.0
