cost_values:
  wind_capex: 5000.0
  wind_opex: 100
  wind_lifetime: 20
  solar_capex: 1000.0
  solar_opex: 10
  solar_lifetime: 20
  carbon_price: 1.0
timeseries_values:
  load_level: 215410.16979042004
  wind_year: 2011
  solar_year: 2017
  price_year: 2023
  carbon_year: 2023
storage_values:
  CAES:
    cost: 57.0368
    lifetime: 24.1301
    annual_cost: 2.3637200011603765
    efficiency: 0.607988
    discharge_ratio: 0.1
    depth_of_discharge: 0.4
  Li-ion:
    cost: 242.066
    lifetime: 22.2696
    annual_cost: 10.869795595789776
    efficiency: 0.913425
    discharge_ratio: 2
    depth_of_discharge: 0.9
  Pb-acid:
    cost: 148.644
    lifetime: 10.8402
    annual_cost: 13.712293131123044
    efficiency: 0.764656
    discharge_ratio: 5
    depth_of_discharge: 0.5
  VRBF:
    cost: 322.782
    lifetime: 27.4153
    annual_cost: 11.773790547613924
    efficiency: 0.71548
    discharge_ratio: 0.5
    depth_of_discharge: 1.0
