cost_values:
  wind_capex: 5000.0
  wind_opex: 100
  wind_lifetime: 20
  solar_capex: 1000.0
  solar_opex: 10
  solar_lifetime: 20
  carbon_price: 1.0
timeseries_values:
  load_level: 215410.16979042004
  wind_year: 2011
  solar_year: 2017
  price_year: 2023
  carbon_year: 2023
storage_values:
  CAES:
    cost: 56.4266
    lifetime: 23.9364
    annual_cost: 2.3573553249444363
    efficiency: 0.609622
    discharge_ratio: 0.1
    depth_of_discharge: 0.4
  Li-ion:
    cost: 239.382
    lifetime: 23.6383
    annual_cost: 10.126870375619228
    efficiency: 0.925587
    discharge_ratio: 2
    depth_of_discharge: 0.9
  Pb-acid:
    cost: 137.22
    lifetime: 11.2589
    annual_cost: 12.187691515156898
    efficiency: 0.775634
    discharge_ratio: 5
    depth_of_discharge: 0.5
  VRBF:
    cost: 314.351
    lifetime: 25.9847
    annual_cost: 12.09754201510889
    efficiency: 0.712008
    discharge_ratio: 0.5
    depth_of_discharge: 1.0
