cost_values:
  wind_capex: 5000.0
  wind_opex: 100
  wind_lifetime: 20
  solar_capex: 1000.0
  solar_opex: 10
  solar_lifetime: 20
  carbon_price: 1.0
timeseries_values:
  load_level: 215410.16979042004
  wind_year: 2011
  solar_year: 2017
  price_year: 2023
  carbon_year: 2023
storage_values:
  CAES:
    cost: 62.5417
    lifetime: 23.4593
    annual_cost: 2.6659661626732256
    efficiency: 0.605787
    discharge_ratio: 0.1
    depth_of_discharge: 0.4
  Li-ion:
    cost: 239.865
    lifetime: 21.712
    annual_cost: 11.047577376565956
    efficiency: 0.927776
    discharge_ratio: 2
    depth_of_discharge: 0.9
  Pb-acid:
    cost: 153.406
    lifetime: 9.39879
    annual_cost: 16.321888243061075
    efficiency: 0.777067
    discharge_ratio: 5
    depth_of_discharge: 0.5
  VRBF:
    cost: 295.784
    lifetime: 26.2503
    annual_cost: 11.267833129526139
    efficiency: 0.712554
    discharge_ratio: 0.5
    depth_of_discharge: 1.0
