cost_values:
  wind_capex: 5000.0
  wind_opex: 100
  wind_lifetime: 20
  solar_capex: 1000.0
  solar_opex: 10
  solar_lifetime: 20
  carbon_price: 1.0
timeseries_values:
  load_level: 215410.16979042004
  wind_year: 2011
  solar_year: 2017
  price_year: 2023
  carbon_year: 2023
storage_values:
  CAES:
    cost: 67.9542
    lifetime: 23.9001
    annual_cost: 2.843260070041548
    efficiency: 0.605373
    discharge_ratio: 0.1
    depth_of_discharge: 0.4
  Li-ion:
    cost: 228.855
    lifetime: 21.6003
    annual_cost: 10.594991736225884
    efficiency: 0.926776
    discharge_ratio: 2
    depth_of_discharge: 0.9
  Pb-acid:
    cost: 159.211
    lifetime: 9.57717
    annual_cost: 16.624013147934097
    efficiency: 0.766517
    discharge_ratio: 5
    depth_of_discharge: 0.5
  VRBF:
    cost: 314.256
    lifetime: 27.0052
    annual_cost: 11.636869936160442
    efficiency: 0.693273
    discharge_ratio: 0.5
    depth_of_discharge: 1.0
