cost_values:
  wind_capex: 5000.0
  wind_opex: 100
  wind_lifetime: 20
  solar_capex: 1000.0
  solar_opex: 10
  solar_lifetime: 20
  carbon_price: 1.0
timeseries_values:
  load_level: 247200.15776392038
  wind_year: 2011
  solar_year: 2015
  price_year: 2023
  carbon_year: 2023
storage_values:
  CAES:
    cost: 47.7149
    lifetime: 23.2004
    annual_cost: 2.0566412648057795
    efficiency: 0.587695
    discharge_ratio: 0.1
    depth_of_discharge: 0.4
  Li-ion:
    cost: 159.158
    lifetime: 18.8415
    annual_cost: 8.447204309635644
    efficiency: 0.949036
    discharge_ratio: 2
    depth_of_discharge: 0.9
  Pb-acid:
    cost: 215.433
    lifetime: 11.7369
    annual_cost: 18.355187485622267
    efficiency: 0.720484
    discharge_ratio: 5
    depth_of_discharge: 0.5
  VRBF:
    cost: 296.891
    lifetime: 19.9587
    annual_cost: 14.875267427237246
    efficiency: 0.650713
    discharge_ratio: 0.5
    depth_of_discharge: 1.0
