cost_values:
  wind_capex: 5000.0
  wind_opex: 100
  wind_lifetime: 20
  solar_capex: 1000.0
  solar_opex: 10
  solar_lifetime: 20
  carbon_price: 1.0
timeseries_values:
  load_level: 247200.15776392038
  wind_year: 2011
  solar_year: 2015
  price_year: 2023
  carbon_year: 2023
storage_values:
  CAES:
    cost: 46.9794
    lifetime: 23.3108
    annual_cost: 2.0153491085677024
    efficiency: 0.600905
    discharge_ratio: 0.1
    depth_of_discharge: 0.4
  Li-ion:
    cost: 146.2
    lifetime: 14.1144
    annual_cost: 10.35821572294961
    efficiency: 0.949187
    discharge_ratio: 2
    depth_of_discharge: 0.9
  Pb-acid:
    cost: 235.526
    lifetime: 11.7873
    annual_cost: 19.981335844510618
    efficiency: 0.703064
    discharge_ratio: 5
    depth_of_discharge: 0.5
  VRBF:
    cost: 280.466
    lifetime: 22.891
    annual_cost: 12.252238871172077
    efficiency: 0.654979
    discharge_ratio: 0.5
    depth_of_discharge: 1.0
