cost_values:
  wind_capex: 5000.0
  wind_opex: 100
  wind_lifetime: 20
  solar_capex: 1000.0
  solar_opex: 10
  solar_lifetime: 20
  carbon_price: 1.0
timeseries_values:
  load_level: 247200.15776392038
  wind_year: 2011
  solar_year: 2015
  price_year: 2023
  carbon_year: 2023
storage_values:
  CAES:
    cost: 46.6221
    lifetime: 23.3335
    annual_cost: 1.9980757280305141
    efficiency: 0.585096
    discharge_ratio: 0.1
    depth_of_discharge: 0.4
  Li-ion:
    cost: 145.165
    lifetime: 17.0433
    annual_cost: 8.517423268967864
    efficiency: 0.928488
    discharge_ratio: 2
    depth_of_discharge: 0.9
  Pb-acid:
    cost: 214.421
    lifetime: 12.7168
    annual_cost: 16.861238676396578
    efficiency: 0.717167
    discharge_ratio: 5
    depth_of_discharge: 0.5
  VRBF:
    cost: 296.072
    lifetime: 20.6271
    annual_cost: 14.35354460879135
    efficiency: 0.65692
    discharge_ratio: 0.5
    depth_of_discharge: 1.0
