cost_values:
  wind_capex: 5000.0
  wind_opex: 100
  wind_lifetime: 20
  solar_capex: 1000.0
  solar_opex: 10
  solar_lifetime: 20
  carbon_price: 1.0
timeseries_values:
  load_level: 247200.15776392038
  wind_year: 2011
  solar_year: 2015
  price_year: 2023
  carbon_year: 2023
storage_values:
  CAES:
    cost: 46.7358
    lifetime: 22.5719
    annual_cost: 2.070530172471081
    efficiency: 0.600703
    discharge_ratio: 0.1
    depth_of_discharge: 0.4
  Li-ion:
    cost: 138.071
    lifetime: 17.6853
    annual_cost: 7.807105336070069
    efficiency: 0.938264
    discharge_ratio: 2
    depth_of_discharge: 0.9
  Pb-acid:
    cost: 231.478
    lifetime: 11.0929
    annual_cost: 20.867221375834994
    efficiency: 0.706108
    discharge_ratio: 5
    depth_of_discharge: 0.5
  VRBF:
    cost: 279.718
    lifetime: 19.8236
    annual_cost: 14.11035331624932
    efficiency: 0.696742
    discharge_ratio: 0.5
    depth_of_discharge: 1.0
