cost_values:
  wind_capex: 5000.0
  wind_opex: 100
  wind_lifetime: 20
  solar_capex: 1000.0
  solar_opex: 10
  solar_lifetime: 20
  carbon_price: 1.0
timeseries_values:
  load_level: 247200.15776392038
  wind_year: 2011
  solar_year: 2015
  price_year: 2023
  carbon_year: 2023
storage_values:
  CAES:
    cost: 43.8506
    lifetime: 22.9926
    annual_cost: 1.907161434548507
    efficiency: 0.600357
    discharge_ratio: 0.1
    depth_of_discharge: 0.4
  Li-ion:
    cost: 160.299
    lifetime: 16.6699
    annual_cost: 9.61607448155058
    efficiency: 0.96046
    discharge_ratio: 2
    depth_of_discharge: 0.9
  Pb-acid:
    cost: 225.522
    lifetime: 10.775
    annual_cost: 20.93011600928074
    efficiency: 0.712348
    discharge_ratio: 5
    depth_of_discharge: 0.5
  VRBF:
    cost: 303.001
    lifetime: 19.5703
    annual_cost: 15.482695717490278
    efficiency: 0.660359
    discharge_ratio: 0.5
    depth_of_discharge: 1.0
