cost_values:
  wind_capex: 5000.0
  wind_opex: 100
  wind_lifetime: 20
  solar_capex: 1000.0
  solar_opex: 10
  solar_lifetime: 20
  carbon_price: 1.0
timeseries_values:
  load_level: 247200.15776392038
  wind_year: 2011
  solar_year: 2015
  price_year: 2023
  carbon_year: 2023
storage_values:
  CAES:
    cost: 40.4881
    lifetime: 22.4754
    annual_cost: 1.8014406862614236
    efficiency: 0.589308
    discharge_ratio: 0.1
    depth_of_discharge: 0.4
  Li-ion:
    cost: 147.678
    lifetime: 18.767
    annual_cost: 7.869025416955294
    efficiency: 0.943484
    discharge_ratio: 2
    depth_of_discharge: 0.9
  Pb-acid:
    cost: 220.652
    lifetime: 12.0478
    annual_cost: 18.314713059645744
    efficiency: 0.701218
    discharge_ratio: 5
    depth_of_discharge: 0.5
  VRBF:
    cost: 294.855
    lifetime: 22.5094
    annual_cost: 13.09919411445885
    efficiency: 0.659114
    discharge_ratio: 0.5
    depth_of_discharge: 1.0
