cost_values:
  wind_capex: 5000.0
  wind_opex: 100
  wind_lifetime: 20
  solar_capex: 1000.0
  solar_opex: 10
  solar_lifetime: 20
  carbon_price: 1.0
timeseries_values:
  load_level: 247200.15776392038
  wind_year: 2011
  solar_year: 2015
  price_year: 2023
  carbon_year: 2023
storage_values:
  CAES:
    cost: 41.4007
    lifetime: 23.7941
    annual_cost: 1.7399565438491054
    efficiency: 0.595623
    discharge_ratio: 0.1
    depth_of_discharge: 0.4
  Li-ion:
    cost: 158.671
    lifetime: 16.9684
    annual_cost: 9.350970038424366
    efficiency: 0.943598
    discharge_ratio: 2
    depth_of_discharge: 0.9
  Pb-acid:
    cost: 217.548
    lifetime: 12.1822
    annual_cost: 17.857858186534454
    efficiency: 0.718771
    discharge_ratio: 5
    depth_of_discharge: 0.5
  VRBF:
    cost: 292.907
    lifetime: 21.0006
    annual_cost: 13.94755387941297
    efficiency: 0.65056
    discharge_ratio: 0.5
    depth_of_discharge: 1.0
