cost_values:
  wind_capex: 5000.0
  wind_opex: 100
  wind_lifetime: 20
  solar_capex: 1000.0
  solar_opex: 10
  solar_lifetime: 20
  carbon_price: 1.0
timeseries_values:
  load_level: 247200.15776392038
  wind_year: 2011
  solar_year: 2015
  price_year: 2023
  carbon_year: 2023
storage_values:
  CAES:
    cost: 48.8189
    lifetime: 23.2764
    annual_cost: 2.0973561203622553
    efficiency: 0.596655
    discharge_ratio: 0.1
    depth_of_discharge: 0.4
  Li-ion:
    cost: 155.193
    lifetime: 16.7943
    annual_cost: 9.24081384755542
    efficiency: 0.960675
    discharge_ratio: 2
    depth_of_discharge: 0.9
  Pb-acid:
    cost: 222.664
    lifetime: 11.1806
    annual_cost: 19.91521027494052
    efficiency: 0.711824
    discharge_ratio: 5
    depth_of_discharge: 0.5
  VRBF:
    cost: 270.093
    lifetime: 20.831
    annual_cost: 12.965916182612453
    efficiency: 0.674615
    discharge_ratio: 0.5
    depth_of_discharge: 1.0
