cost_values:
  wind_capex: 5000.0
  wind_opex: 100
  wind_lifetime: 20
  solar_capex: 1000.0
  solar_opex: 10
  solar_lifetime: 20
  carbon_price: 1.0
timeseries_values:
  load_level: 247200.15776392038
  wind_year: 2011
  solar_year: 2015
  price_year: 2023
  carbon_year: 2023
storage_values:
  CAES:
    cost: 43.406
    lifetime: 22.9299
    annual_cost: 1.8929868861181252
    efficiency: 0.594866
    discharge_ratio: 0.1
    depth_of_discharge: 0.4
  Li-ion:
    cost: 172.252
    lifetime: 16.7753
    annual_cost: 10.268191925032637
    efficiency: 0.93975
    discharge_ratio: 2
    depth_of_discharge: 0.9
  Pb-acid:
    cost: 228.036
    lifetime: 12.2787
    annual_cost: 18.571672896967918
    efficiency: 0.712552
    discharge_ratio: 5
    depth_of_discharge: 0.5
  VRBF:
    cost: 284.32
    lifetime: 19.6625
    annual_cost: 14.460012714558168
    efficiency: 0.666846
    discharge_ratio: 0.5
    depth_of_discharge: 1.0
