cost_values:
  wind_capex: 5000.0
  wind_opex: 100
  wind_lifetime: 20
  solar_capex: 1000.0
  solar_opex: 10
  solar_lifetime: 20
  carbon_price: 1.0
timeseries_values:
  load_level: 247200.15776392038
  wind_year: 2011
  solar_year: 2015
  price_year: 2023
  carbon_year: 2023
storage_values:
  CAES:
    cost: 39.4018
    lifetime: 23.8088
    annual_cost: 1.6549259097476563
    efficiency: 0.600504
    discharge_ratio: 0.1
    depth_of_discharge: 0.4
  Li-ion:
    cost: 154.625
    lifetime: 15.0771
    annual_cost: 10.255619449363605
    efficiency: 0.951745
    discharge_ratio: 2
    depth_of_discharge: 0.9
  Pb-acid:
    cost: 224.603
    lifetime: 9.48126
    annual_cost: 23.68915102001211
    efficiency: 0.725047
    discharge_ratio: 5
    depth_of_discharge: 0.5
  VRBF:
    cost: 301.419
    lifetime: 21.695
    annual_cost: 13.8934777598525
    efficiency: 0.65612
    discharge_ratio: 0.5
    depth_of_discharge: 1.0
