cost_values:
  wind_capex: 5000.0
  wind_opex: 100
  wind_lifetime: 20
  solar_capex: 1000.0
  solar_opex: 10
  solar_lifetime: 20
  carbon_price: 1.0
timeseries_values:
  load_level: 247200.15776392038
  wind_year: 2011
  solar_year: 2015
  price_year: 2023
  carbon_year: 2023
storage_values:
  CAES:
    cost: 44.9946
    lifetime: 23.0541
    annual_cost: 1.951696227569066
    efficiency: 0.594844
    discharge_ratio: 0.1
    depth_of_discharge: 0.4
  Li-ion:
    cost: 144.9
    lifetime: 18.4301
    annual_cost: 7.862138566801049
    efficiency: 0.951716
    discharge_ratio: 2
    depth_of_discharge: 0.9
  Pb-acid:
    cost: 223.071
    lifetime: 11.7752
    annual_cost: 18.944136829947688
    efficiency: 0.700111
    discharge_ratio: 5
    depth_of_discharge: 0.5
  VRBF:
    cost: 290.387
    lifetime: 20.9544
    annual_cost: 13.858044133928912
    efficiency: 0.65899
    discharge_ratio: 0.5
    depth_of_discharge: 1.0
