cost_values:
  wind_capex: 5000.0
  wind_opex: 100
  wind_lifetime: 20
  solar_capex: 1000.0
  solar_opex: 10
  solar_lifetime: 20
  carbon_price: 1.0
timeseries_values:
  load_level: 247200.15776392038
  wind_year: 2011
  solar_year: 2015
  price_year: 2023
  carbon_year: 2023
storage_values:
  CAES:
    cost: 45.916
    lifetime: 23.7243
    annual_cost: 1.935399569218059
    efficiency: 0.602688
    discharge_ratio: 0.1
    depth_of_discharge: 0.4
  Li-ion:
    cost: 170.839
    lifetime: 18.2927
    annual_cost: 9.33918995008938
    efficiency: 0.94925
    discharge_ratio: 2
    depth_of_discharge: 0.9
  Pb-acid:
    cost: 229.418
    lifetime: 13.2548
    annual_cost: 17.308295862630896
    efficiency: 0.709342
    discharge_ratio: 5
    depth_of_discharge: 0.5
  VRBF:
    cost: 307.172
    lifetime: 19.5975
    annual_cost: 15.67404005612961
    efficiency: 0.657947
    discharge_ratio: 0.5
    depth_of_discharge: 1.0
