cost_values:
  wind_capex: 5000.0
  wind_opex: 100
  wind_lifetime: 20
  solar_capex: 1000.0
  solar_opex: 10
  solar_lifetime: 20
  carbon_price: 1.0
timeseries_values:
  load_level: 247200.15776392038
  wind_year: 2011
  solar_year: 2015
  price_year: 2023
  carbon_year: 2023
storage_values:
  CAES:
    cost: 45.4028
    lifetime: 22.8423
    annual_cost: 1.9876632388157058
    efficiency: 0.588955
    discharge_ratio: 0.1
    depth_of_discharge: 0.4
  Li-ion:
    cost: 153.174
    lifetime: 15.5154
    annual_cost: 9.872384856336286
    efficiency: 0.945369
    discharge_ratio: 2
    depth_of_discharge: 0.9
  Pb-acid:
    cost: 202.393
    lifetime: 12.446
    annual_cost: 16.261690502972844
    efficiency: 0.711346
    discharge_ratio: 5
    depth_of_discharge: 0.5
  VRBF:
    cost: 306.332
    lifetime: 20.7944
    annual_cost: 14.731466163967221
    efficiency: 0.657327
    discharge_ratio: 0.5
    depth_of_discharge: 1.0
