cost_values:
  wind_capex: 5000.0
  wind_opex: 100
  wind_lifetime: 20
  solar_capex: 1000.0
  solar_opex: 10
  solar_lifetime: 20
  carbon_price: 1.0
timeseries_values:
  load_level: 247200.15776392038
  wind_year: 2011
  solar_year: 2015
  price_year: 2023
  carbon_year: 2023
storage_values:
  CAES:
    cost: 46.4719
    lifetime: 23.2994
    annual_cost: 1.994553507815652
    efficiency: 0.591466
    discharge_ratio: 0.1
    depth_of_discharge: 0.4
  Li-ion:
    cost: 153.034
    lifetime: 18.6756
    annual_cost: 8.194328428537771
    efficiency: 0.93786
    discharge_ratio: 2
    depth_of_discharge: 0.9
  Pb-acid:
    cost: 211.573
    lifetime: 13.3758
    annual_cost: 15.817595956877346
    efficiency: 0.70435
    discharge_ratio: 5
    depth_of_discharge: 0.5
  VRBF:
    cost: 292.392
    lifetime: 19.3548
    annual_cost: 15.106950213900427
    efficiency: 0.653347
    discharge_ratio: 0.5
    depth_of_discharge: 1.0
