cost_values:
  wind_capex: 5000.0
  wind_opex: 100
  wind_lifetime: 20
  solar_capex: 1000.0
  solar_opex: 10
  solar_lifetime: 20
  carbon_price: 1.0
timeseries_values:
  load_level: 247200.15776392038
  wind_year: 2011
  solar_year: 2015
  price_year: 2023
  carbon_year: 2023
storage_values:
  CAES:
    cost: 47.5419
    lifetime: 23.1647
    annual_cost: 2.052342572966626
    efficiency: 0.595047
    discharge_ratio: 0.1
    depth_of_discharge: 0.4
  Li-ion:
    cost: 125.91
    lifetime: 15.6602
    annual_cost: 8.040127201440594
    efficiency: 0.945629
    discharge_ratio: 2
    depth_of_discharge: 0.9
  Pb-acid:
    cost: 204.196
    lifetime: 12.6442
    annual_cost: 16.149380743740213
    efficiency: 0.708799
    discharge_ratio: 5
    depth_of_discharge: 0.5
  VRBF:
    cost: 320.643
    lifetime: 20.3341
    annual_cost: 15.768733310055522
    efficiency: 0.660292
    discharge_ratio: 0.5
    depth_of_discharge: 1.0
