cost_values:
  wind_capex: 5000.0
  wind_opex: 100
  wind_lifetime: 20
  solar_capex: 1000.0
  solar_opex: 10
  solar_lifetime: 20
  carbon_price: 1.0
timeseries_values:
  load_level: 247200.15776392038
  wind_year: 2011
  solar_year: 2015
  price_year: 2023
  carbon_year: 2023
storage_values:
  CAES:
    cost: 45.8546
    lifetime: 22.7484
    annual_cost: 2.015728578713228
    efficiency: 0.607358
    discharge_ratio: 0.1
    depth_of_discharge: 0.4
  Li-ion:
    cost: 150.055
    lifetime: 19.1073
    annual_cost: 7.8532812066592355
    efficiency: 0.9549
    discharge_ratio: 2
    depth_of_discharge: 0.9
  Pb-acid:
    cost: 224.546
    lifetime: 11.1136
    annual_cost: 20.20461416642672
    efficiency: 0.712245
    discharge_ratio: 5
    depth_of_discharge: 0.5
  VRBF:
    cost: 311.705
    lifetime: 18.9593
    annual_cost: 16.4407441202998
    efficiency: 0.659873
    discharge_ratio: 0.5
    depth_of_discharge: 1.0
