cost_values:
  wind_capex: 5000.0
  wind_opex: 100
  wind_lifetime: 20
  solar_capex: 1000.0
  solar_opex: 10
  solar_lifetime: 20
  carbon_price: 1.0
timeseries_values:
  load_level: 247200.15776392038
  wind_year: 2011
  solar_year: 2015
  price_year: 2023
  carbon_year: 2023
storage_values:
  CAES:
    cost: 45.0412
    lifetime: 23.4677
    annual_cost: 1.9192848042202688
    efficiency: 0.590161
    discharge_ratio: 0.1
    depth_of_discharge: 0.4
  Li-ion:
    cost: 151.891
    lifetime: 16.8914
    annual_cost: 8.992209053127626
    efficiency: 0.940641
    discharge_ratio: 2
    depth_of_discharge: 0.9
  Pb-acid:
    cost: 227.761
    lifetime: 11.2413
    annual_cost: 20.261090799106864
    efficiency: 0.709874
    discharge_ratio: 5
    depth_of_discharge: 0.5
  VRBF:
    cost: 280.584
    lifetime: 21.8973
    annual_cost: 12.813634557685193
    efficiency: 0.652613
    discharge_ratio: 0.5
    depth_of_discharge: 1.0
