cost_values:
  wind_capex: 5000.0
  wind_opex: 100
  wind_lifetime: 20
  solar_capex: 1000.0
  solar_opex: 10
  solar_lifetime: 20
  carbon_price: 1.0
timeseries_values:
  load_level: 247200.15776392038
  wind_year: 2011
  solar_year: 2015
  price_year: 2023
  carbon_year: 2023
storage_values:
  CAES:
    cost: 40.9504
    lifetime: 22.7244
    annual_cost: 1.802045378535847
    efficiency: 0.608594
    discharge_ratio: 0.1
    depth_of_discharge: 0.4
  Li-ion:
    cost: 133.396
    lifetime: 19.1762
    annual_cost: 6.9563312856561765
    efficiency: 0.959412
    discharge_ratio: 2
    depth_of_discharge: 0.9
  Pb-acid:
    cost: 220.816
    lifetime: 11.0635
    annual_cost: 19.958964161431737
    efficiency: 0.710491
    discharge_ratio: 5
    depth_of_discharge: 0.5
  VRBF:
    cost: 264.73
    lifetime: 21.1638
    annual_cost: 12.5086232151126
    efficiency: 0.652076
    discharge_ratio: 0.5
    depth_of_discharge: 1.0
