cost_values:
  wind_capex: 5000.0
  wind_opex: 100
  wind_lifetime: 20
  solar_capex: 1000.0
  solar_opex: 10
  solar_lifetime: 20
  carbon_price: 1.0
timeseries_values:
  load_level: 247200.15776392038
  wind_year: 2011
  solar_year: 2015
  price_year: 2023
  carbon_year: 2023
storage_values:
  CAES:
    cost: 49.2525
    lifetime: 22.7894
    annual_cost: 2.1612021378360113
    efficiency: 0.606953
    discharge_ratio: 0.1
    depth_of_discharge: 0.4
  Li-ion:
    cost: 144.661
    lifetime: 17.8197
    annual_cost: 8.118037901872647
    efficiency: 0.952327
    discharge_ratio: 2
    depth_of_discharge: 0.9
  Pb-acid:
    cost: 211.203
    lifetime: 10.0454
    annual_cost: 21.024847193740417
    efficiency: 0.706472
    discharge_ratio: 5
    depth_of_discharge: 0.5
  VRBF:
    cost: 282.289
    lifetime: 20.6669
    annual_cost: 13.658990946876406
    efficiency: 0.666773
    discharge_ratio: 0.5
    depth_of_discharge: 1.0
