cost_values:
  wind_capex: 5000.0
  wind_opex: 100
  wind_lifetime: 20
  solar_capex: 1000.0
  solar_opex: 10
  solar_lifetime: 20
  carbon_price: 1.0
timeseries_values:
  load_level: 247200.15776392038
  wind_year: 2011
  solar_year: 2015
  price_year: 2023
  carbon_year: 2023
storage_values:
  CAES:
    cost: 45.5194
    lifetime: 23.1814
    annual_cost: 1.963617382901809
    efficiency: 0.597832
    discharge_ratio: 0.1
    depth_of_discharge: 0.4
  Li-ion:
    cost: 164.384
    lifetime: 18.3485
    annual_cost: 8.958988473172193
    efficiency: 0.955271
    discharge_ratio: 2
    depth_of_discharge: 0.9
  Pb-acid:
    cost: 220.927
    lifetime: 12.972
    annual_cost: 17.031066913351836
    efficiency: 0.706229
    discharge_ratio: 5
    depth_of_discharge: 0.5
  VRBF:
    cost: 293.885
    lifetime: 20.5042
    annual_cost: 14.332917158435832
    efficiency: 0.663264
    discharge_ratio: 0.5
    depth_of_discharge: 1.0
