cost_values:
  wind_capex: 5000.0
  wind_opex: 100
  wind_lifetime: 20
  solar_capex: 1000.0
  solar_opex: 10
  solar_lifetime: 20
  carbon_price: 1.0
timeseries_values:
  load_level: 247200.15776392038
  wind_year: 2011
  solar_year: 2015
  price_year: 2023
  carbon_year: 2023
storage_values:
  CAES:
    cost: 40.9048
    lifetime: 23.1991
    annual_cost: 1.7632063312800927
    efficiency: 0.605673
    discharge_ratio: 0.1
    depth_of_discharge: 0.4
  Li-ion:
    cost: 159.532
    lifetime: 16.5178
    annual_cost: 9.658186925619635
    efficiency: 0.949544
    discharge_ratio: 2
    depth_of_discharge: 0.9
  Pb-acid:
    cost: 233.875
    lifetime: 10.8033
    annual_cost: 21.64847777993761
    efficiency: 0.724495
    discharge_ratio: 5
    depth_of_discharge: 0.5
  VRBF:
    cost: 316.414
    lifetime: 18.7334
    annual_cost: 16.89036693819595
    efficiency: 0.657211
    discharge_ratio: 0.5
    depth_of_discharge: 1.0
