cost_values:
  wind_capex: 5000.0
  wind_opex: 100
  wind_lifetime: 20
  solar_capex: 1000.0
  solar_opex: 10
  solar_lifetime: 20
  carbon_price: 1.0
timeseries_values:
  load_level: 247200.15776392038
  wind_year: 2011
  solar_year: 2015
  price_year: 2023
  carbon_year: 2023
storage_values:
  CAES:
    cost: 47.8313
    lifetime: 22.9866
    annual_cost: 2.0808340511428396
    efficiency: 0.605095
    discharge_ratio: 0.1
    depth_of_discharge: 0.4
  Li-ion:
    cost: 138.525
    lifetime: 16.0979
    annual_cost: 8.605159679212818
    efficiency: 0.949434
    discharge_ratio: 2
    depth_of_discharge: 0.9
  Pb-acid:
    cost: 232.463
    lifetime: 12.1758
    annual_cost: 19.09221570656548
    efficiency: 0.722664
    discharge_ratio: 5
    depth_of_discharge: 0.5
  VRBF:
    cost: 309.93
    lifetime: 19.8044
    annual_cost: 15.649552624669266
    efficiency: 0.653476
    discharge_ratio: 0.5
    depth_of_discharge: 1.0
