cost_values:
  wind_capex: 5000.0
  wind_opex: 100
  wind_lifetime: 20
  solar_capex: 1000.0
  solar_opex: 10
  solar_lifetime: 20
  carbon_price: 1.0
timeseries_values:
  load_level: 247200.15776392038
  wind_year: 2011
  solar_year: 2015
  price_year: 2023
  carbon_year: 2023
storage_values:
  CAES:
    cost: 44.1755
    lifetime: 22.5997
    annual_cost: 1.9546940888595867
    efficiency: 0.605623
    discharge_ratio: 0.1
    depth_of_discharge: 0.4
  Li-ion:
    cost: 135.779
    lifetime: 17.8303
    annual_cost: 7.615070974689152
    efficiency: 0.942787
    discharge_ratio: 2
    depth_of_discharge: 0.9
  Pb-acid:
    cost: 233.864
    lifetime: 11.4728
    annual_cost: 20.38421309532111
    efficiency: 0.724672
    discharge_ratio: 5
    depth_of_discharge: 0.5
  VRBF:
    cost: 305.057
    lifetime: 19.4529
    annual_cost: 15.68182636007999
    efficiency: 0.657361
    discharge_ratio: 0.5
    depth_of_discharge: 1.0
