cost_values:
  wind_capex: 5000.0
  wind_opex: 100
  wind_lifetime: 20
  solar_capex: 1000.0
  solar_opex: 10
  solar_lifetime: 20
  carbon_price: 1.0
timeseries_values:
  load_level: 247200.15776392038
  wind_year: 2011
  solar_year: 2015
  price_year: 2023
  carbon_year: 2023
storage_values:
  CAES:
    cost: 51.5787
    lifetime: 23.4173
    annual_cost: 2.202589538503585
    efficiency: 0.590331
    discharge_ratio: 0.1
    depth_of_discharge: 0.4
  Li-ion:
    cost: 151.09
    lifetime: 17.3635
    annual_cost: 8.701586661675355
    efficiency: 0.945385
    discharge_ratio: 2
    depth_of_discharge: 0.9
  Pb-acid:
    cost: 194.329
    lifetime: 11.0392
    annual_cost: 17.603540111602292
    efficiency: 0.711368
    discharge_ratio: 5
    depth_of_discharge: 0.5
  VRBF:
    cost: 292.16
    lifetime: 16.8777
    annual_cost: 17.310415518702193
    efficiency: 0.657108
    discharge_ratio: 0.5
    depth_of_discharge: 1.0
