cost_values:
  wind_capex: 5000.0
  wind_opex: 100
  wind_lifetime: 20
  solar_capex: 1000.0
  solar_opex: 10
  solar_lifetime: 20
  carbon_price: 1.0
timeseries_values:
  load_level: 247200.15776392038
  wind_year: 2011
  solar_year: 2015
  price_year: 2023
  carbon_year: 2023
storage_values:
  CAES:
    cost: 42.5043
    lifetime: 23.6046
    annual_cost: 1.800678681273989
    efficiency: 0.596087
    discharge_ratio: 0.1
    depth_of_discharge: 0.4
  Li-ion:
    cost: 142.528
    lifetime: 17.7505
    annual_cost: 8.029520295202952
    efficiency: 0.953484
    discharge_ratio: 2
    depth_of_discharge: 0.9
  Pb-acid:
    cost: 231.51
    lifetime: 12.5719
    annual_cost: 18.414877623907284
    efficiency: 0.709517
    discharge_ratio: 5
    depth_of_discharge: 0.5
  VRBF:
    cost: 305.468
    lifetime: 21.251
    annual_cost: 14.374288268787351
    efficiency: 0.670283
    discharge_ratio: 0.5
    depth_of_discharge: 1.0
