cost_values:
  wind_capex: 5000.0
  wind_opex: 100
  wind_lifetime: 20
  solar_capex: 1000.0
  solar_opex: 10
  solar_lifetime: 20
  carbon_price: 1.0
timeseries_values:
  load_level: 247200.15776392038
  wind_year: 2011
  solar_year: 2015
  price_year: 2023
  carbon_year: 2023
storage_values:
  CAES:
    cost: 46.6175
    lifetime: 23.4006
    annual_cost: 1.9921497739374203
    efficiency: 0.593817
    discharge_ratio: 0.1
    depth_of_discharge: 0.4
  Li-ion:
    cost: 138.32
    lifetime: 16.1049
    annual_cost: 8.588690398574347
    efficiency: 0.953116
    discharge_ratio: 2
    depth_of_discharge: 0.9
  Pb-acid:
    cost: 249.827
    lifetime: 12.0269
    annual_cost: 20.7723519776501
    efficiency: 0.713905
    discharge_ratio: 5
    depth_of_discharge: 0.5
  VRBF:
    cost: 309.691
    lifetime: 21.1435
    annual_cost: 14.647101946224607
    efficiency: 0.665047
    discharge_ratio: 0.5
    depth_of_discharge: 1.0
