cost_values:
  wind_capex: 5000.0
  wind_opex: 100
  wind_lifetime: 20
  solar_capex: 1000.0
  solar_opex: 10
  solar_lifetime: 20
  carbon_price: 1.0
timeseries_values:
  load_level: 247200.15776392038
  wind_year: 2011
  solar_year: 2015
  price_year: 2023
  carbon_year: 2023
storage_values:
  CAES:
    cost: 49.6225
    lifetime: 23.2596
    annual_cost: 2.133420179194827
    efficiency: 0.596925
    discharge_ratio: 0.1
    depth_of_discharge: 0.4
  Li-ion:
    cost: 126.46
    lifetime: 17.0394
    annual_cost: 7.4216228270948505
    efficiency: 0.952749
    discharge_ratio: 2
    depth_of_discharge: 0.9
  Pb-acid:
    cost: 216.735
    lifetime: 10.7982
    annual_cost: 20.071400789020394
    efficiency: 0.708238
    discharge_ratio: 5
    depth_of_discharge: 0.5
  VRBF:
    cost: 265.968
    lifetime: 22.2213
    annual_cost: 11.969056715853709
    efficiency: 0.659432
    discharge_ratio: 0.5
    depth_of_discharge: 1.0
