cost_values:
  wind_capex: 5000.0
  wind_opex: 100
  wind_lifetime: 20
  solar_capex: 1000.0
  solar_opex: 10
  solar_lifetime: 20
  carbon_price: 1.0
timeseries_values:
  load_level: 247200.15776392038
  wind_year: 2011
  solar_year: 2015
  price_year: 2023
  carbon_year: 2023
storage_values:
  CAES:
    cost: 44.6507
    lifetime: 23.6153
    annual_cost: 1.8907530287567804
    efficiency: 0.596212
    discharge_ratio: 0.1
    depth_of_discharge: 0.4
  Li-ion:
    cost: 167.917
    lifetime: 17.7051
    annual_cost: 9.48410345041824
    efficiency: 0.945774
    discharge_ratio: 2
    depth_of_discharge: 0.9
  Pb-acid:
    cost: 225.263
    lifetime: 11.1967
    annual_cost: 20.1186956871221
    efficiency: 0.720318
    discharge_ratio: 5
    depth_of_discharge: 0.5
  VRBF:
    cost: 302.926
    lifetime: 21.2723
    annual_cost: 14.240397136181794
    efficiency: 0.658841
    discharge_ratio: 0.5
    depth_of_discharge: 1.0
