cost_values:
  wind_capex: 5000.0
  wind_opex: 100
  wind_lifetime: 20
  solar_capex: 1000.0
  solar_opex: 10
  solar_lifetime: 20
  carbon_price: 1.0
timeseries_values:
  load_level: 247200.15776392038
  wind_year: 2011
  solar_year: 2015
  price_year: 2023
  carbon_year: 2023
storage_values:
  CAES:
    cost: 48.6898
    lifetime: 22.721
    annual_cost: 2.142942652171999
    efficiency: 0.592335
    discharge_ratio: 0.1
    depth_of_discharge: 0.4
  Li-ion:
    cost: 143.49
    lifetime: 17.0366
    annual_cost: 8.422455184719956
    efficiency: 0.955963
    discharge_ratio: 2
    depth_of_discharge: 0.9
  Pb-acid:
    cost: 221.125
    lifetime: 9.15471
    annual_cost: 24.154233176146487
    efficiency: 0.73114
    discharge_ratio: 5
    depth_of_discharge: 0.5
  VRBF:
    cost: 320.88
    lifetime: 18.6738
    annual_cost: 17.18343347363686
    efficiency: 0.651084
    discharge_ratio: 0.5
    depth_of_discharge: 1.0
