cost_values:
  wind_capex: 5000.0
  wind_opex: 100
  wind_lifetime: 20
  solar_capex: 1000.0
  solar_opex: 10
  solar_lifetime: 20
  carbon_price: 1.0
timeseries_values:
  load_level: 247200.15776392038
  wind_year: 2011
  solar_year: 2015
  price_year: 2023
  carbon_year: 2023
storage_values:
  CAES:
    cost: 46.1439
    lifetime: 22.0391
    annual_cost: 2.0937288727761114
    efficiency: 0.606982
    discharge_ratio: 0.1
    depth_of_discharge: 0.4
  Li-ion:
    cost: 144.263
    lifetime: 17.8411
    annual_cost: 8.085992455622131
    efficiency: 0.945482
    discharge_ratio: 2
    depth_of_discharge: 0.9
  Pb-acid:
    cost: 237.24
    lifetime: 10.5281
    annual_cost: 22.53398049030689
    efficiency: 0.712057
    discharge_ratio: 5
    depth_of_discharge: 0.5
  VRBF:
    cost: 295.622
    lifetime: 20.1386
    annual_cost: 14.679371952370076
    efficiency: 0.666457
    discharge_ratio: 0.5
    depth_of_discharge: 1.0
