cost_values:
  wind_capex: 5000.0
  wind_opex: 100
  wind_lifetime: 20
  solar_capex: 1000.0
  solar_opex: 10
  solar_lifetime: 20
  carbon_price: 1.0
timeseries_values:
  load_level: 247200.15776392038
  wind_year: 2011
  solar_year: 2015
  price_year: 2023
  carbon_year: 2023
storage_values:
  CAES:
    cost: 43.1123
    lifetime: 23.2845
    annual_cost: 1.8515450192187934
    efficiency: 0.596529
    discharge_ratio: 0.1
    depth_of_discharge: 0.4
  Li-ion:
    cost: 141.838
    lifetime: 18.0446
    annual_cost: 7.860412533389491
    efficiency: 0.959838
    discharge_ratio: 2
    depth_of_discharge: 0.9
  Pb-acid:
    cost: 222.468
    lifetime: 12.4947
    annual_cost: 17.804989315469758
    efficiency: 0.726678
    discharge_ratio: 5
    depth_of_discharge: 0.5
  VRBF:
    cost: 297.948
    lifetime: 19.0155
    annual_cost: 15.668691330756488
    efficiency: 0.65599
    discharge_ratio: 0.5
    depth_of_discharge: 1.0
