cost_values:
  wind_capex: 5000.0
  wind_opex: 100
  wind_lifetime: 20
  solar_capex: 1000.0
  solar_opex: 10
  solar_lifetime: 20
  carbon_price: 1.0
timeseries_values:
  load_level: 247200.15776392038
  wind_year: 2011
  solar_year: 2015
  price_year: 2023
  carbon_year: 2023
storage_values:
  CAES:
    cost: 47.9729
    lifetime: 22.7192
    annual_cost: 2.1115576252684956
    efficiency: 0.603316
    discharge_ratio: 0.1
    depth_of_discharge: 0.4
  Li-ion:
    cost: 165.815
    lifetime: 14.9525
    annual_cost: 11.089449924761745
    efficiency: 0.966125
    discharge_ratio: 2
    depth_of_discharge: 0.9
  Pb-acid:
    cost: 219.518
    lifetime: 10.2507
    annual_cost: 21.414927761030953
    efficiency: 0.717839
    discharge_ratio: 5
    depth_of_discharge: 0.5
  VRBF:
    cost: 305.867
    lifetime: 20.6196
    annual_cost: 14.833798909775167
    efficiency: 0.651022
    discharge_ratio: 0.5
    depth_of_discharge: 1.0
