cost_values:
  wind_capex: 5000.0
  wind_opex: 100
  wind_lifetime: 20
  solar_capex: 1000.0
  solar_opex: 10
  solar_lifetime: 20
  carbon_price: 1.0
timeseries_values:
  load_level: 247200.15776392038
  wind_year: 2011
  solar_year: 2015
  price_year: 2023
  carbon_year: 2023
storage_values:
  CAES:
    cost: 51.2397
    lifetime: 23.3859
    annual_cost: 2.191051017921055
    efficiency: 0.592613
    discharge_ratio: 0.1
    depth_of_discharge: 0.4
  Li-ion:
    cost: 170.566
    lifetime: 19.419
    annual_cost: 8.783459498429373
    efficiency: 0.952739
    discharge_ratio: 2
    depth_of_discharge: 0.9
  Pb-acid:
    cost: 229.07
    lifetime: 11.2012
    annual_cost: 20.45048744777345
    efficiency: 0.727863
    discharge_ratio: 5
    depth_of_discharge: 0.5
  VRBF:
    cost: 325.939
    lifetime: 19.2992
    annual_cost: 16.888731139114576
    efficiency: 0.652103
    discharge_ratio: 0.5
    depth_of_discharge: 1.0
