cost_values:
  wind_capex: 5000.0
  wind_opex: 100
  wind_lifetime: 20
  solar_capex: 1000.0
  solar_opex: 10
  solar_lifetime: 20
  carbon_price: 1.0
timeseries_values:
  load_level: 247200.15776392038
  wind_year: 2011
  solar_year: 2015
  price_year: 2023
  carbon_year: 2023
storage_values:
  CAES:
    cost: 50.3154
    lifetime: 22.4701
    annual_cost: 2.2392156688221236
    efficiency: 0.600496
    discharge_ratio: 0.1
    depth_of_discharge: 0.4
  Li-ion:
    cost: 147.957
    lifetime: 18.4108
    annual_cost: 8.036424272709498
    efficiency: 0.957366
    discharge_ratio: 2
    depth_of_discharge: 0.9
  Pb-acid:
    cost: 215.654
    lifetime: 10.7345
    annual_cost: 20.089803903302435
    efficiency: 0.704041
    discharge_ratio: 5
    depth_of_discharge: 0.5
  VRBF:
    cost: 296.901
    lifetime: 21.1533
    annual_cost: 14.03568237579952
    efficiency: 0.656276
    discharge_ratio: 0.5
    depth_of_discharge: 1.0
