cost_values:
  wind_capex: 5000.0
  wind_opex: 100
  wind_lifetime: 20
  solar_capex: 1000.0
  solar_opex: 10
  solar_lifetime: 20
  carbon_price: 1.0
timeseries_values:
  load_level: 247200.15776392038
  wind_year: 2011
  solar_year: 2015
  price_year: 2023
  carbon_year: 2023
storage_values:
  CAES:
    cost: 44.8287
    lifetime: 22.7606
    annual_cost: 1.969574615783415
    efficiency: 0.598559
    discharge_ratio: 0.1
    depth_of_discharge: 0.4
  Li-ion:
    cost: 168.85
    lifetime: 18.344
    annual_cost: 9.204644570431748
    efficiency: 0.941978
    discharge_ratio: 2
    depth_of_discharge: 0.9
  Pb-acid:
    cost: 229.011
    lifetime: 11.1429
    annual_cost: 20.55219018388391
    efficiency: 0.704199
    discharge_ratio: 5
    depth_of_discharge: 0.5
  VRBF:
    cost: 287.87
    lifetime: 19.1633
    annual_cost: 15.02194298476776
    efficiency: 0.654596
    discharge_ratio: 0.5
    depth_of_discharge: 1.0
