cost_values:
  wind_capex: 5000.0
  wind_opex: 100
  wind_lifetime: 20
  solar_capex: 1000.0
  solar_opex: 10
  solar_lifetime: 20
  carbon_price: 1.0
timeseries_values:
  load_level: 247200.15776392038
  wind_year: 2011
  solar_year: 2015
  price_year: 2023
  carbon_year: 2023
storage_values:
  CAES:
    cost: 45.8081
    lifetime: 22.4778
    annual_cost: 2.0379263095142766
    efficiency: 0.597644
    discharge_ratio: 0.1
    depth_of_discharge: 0.4
  Li-ion:
    cost: 154.619
    lifetime: 17.5636
    annual_cost: 8.803377439704844
    efficiency: 0.952499
    discharge_ratio: 2
    depth_of_discharge: 0.9
  Pb-acid:
    cost: 237.113
    lifetime: 12.8828
    annual_cost: 18.405393237494955
    efficiency: 0.70936
    discharge_ratio: 5
    depth_of_discharge: 0.5
  VRBF:
    cost: 305.915
    lifetime: 20.9726
    annual_cost: 14.586412748061758
    efficiency: 0.655856
    discharge_ratio: 0.5
    depth_of_discharge: 1.0
