cost_values:
  wind_capex: 5000.0
  wind_opex: 100
  wind_lifetime: 20
  solar_capex: 1000.0
  solar_opex: 10
  solar_lifetime: 20
  carbon_price: 1.0
timeseries_values:
  load_level: 247200.15776392038
  wind_year: 2011
  solar_year: 2015
  price_year: 2023
  carbon_year: 2023
storage_values:
  CAES:
    cost: 50.1187
    lifetime: 23.3855
    annual_cost: 2.143152808364157
    efficiency: 0.597191
    discharge_ratio: 0.1
    depth_of_discharge: 0.4
  Li-ion:
    cost: 153.715
    lifetime: 18.6899
    annual_cost: 8.224495583175939
    efficiency: 0.953898
    discharge_ratio: 2
    depth_of_discharge: 0.9
  Pb-acid:
    cost: 231.0
    lifetime: 11.7168
    annual_cost: 19.71528062269562
    efficiency: 0.707626
    discharge_ratio: 5
    depth_of_discharge: 0.5
  VRBF:
    cost: 304.192
    lifetime: 20.8325
    annual_cost: 14.60180007200288
    efficiency: 0.65105
    discharge_ratio: 0.5
    depth_of_discharge: 1.0
