cost_values:
  wind_capex: 5000.0
  wind_opex: 100
  wind_lifetime: 20
  solar_capex: 1000.0
  solar_opex: 10
  solar_lifetime: 20
  carbon_price: 1.0
timeseries_values:
  load_level: 247200.15776392038
  wind_year: 2011
  solar_year: 2015
  price_year: 2023
  carbon_year: 2023
storage_values:
  CAES:
    cost: 45.1727
    lifetime: 23.1174
    annual_cost: 1.9540562520006575
    efficiency: 0.60013
    discharge_ratio: 0.1
    depth_of_discharge: 0.4
  Li-ion:
    cost: 169.272
    lifetime: 18.1667
    annual_cost: 9.317707673930874
    efficiency: 0.961905
    discharge_ratio: 2
    depth_of_discharge: 0.9
  Pb-acid:
    cost: 215.531
    lifetime: 13.0675
    annual_cost: 16.493667495695426
    efficiency: 0.716059
    discharge_ratio: 5
    depth_of_discharge: 0.5
  VRBF:
    cost: 303.433
    lifetime: 18.0069
    annual_cost: 16.850929365965268
    efficiency: 0.66143
    discharge_ratio: 0.5
    depth_of_discharge: 1.0
