cost_values:
  wind_capex: 5000.0
  wind_opex: 100
  wind_lifetime: 20
  solar_capex: 1000.0
  solar_opex: 10
  solar_lifetime: 20
  carbon_price: 1.0
timeseries_values:
  load_level: 247200.15776392038
  wind_year: 2011
  solar_year: 2015
  price_year: 2023
  carbon_year: 2023
storage_values:
  CAES:
    cost: 48.5742
    lifetime: 24.4873
    annual_cost: 1.983648666859964
    efficiency: 0.597848
    discharge_ratio: 0.1
    depth_of_discharge: 0.4
  Li-ion:
    cost: 147.293
    lifetime: 15.6804
    annual_cost: 9.393446595750108
    efficiency: 0.952387
    discharge_ratio: 2
    depth_of_discharge: 0.9
  Pb-acid:
    cost: 210.224
    lifetime: 12.4588
    annual_cost: 16.87353517192667
    efficiency: 0.714387
    discharge_ratio: 5
    depth_of_discharge: 0.5
  VRBF:
    cost: 301.619
    lifetime: 19.8696
    annual_cost: 15.179923098602893
    efficiency: 0.672774
    discharge_ratio: 0.5
    depth_of_discharge: 1.0
