cost_values:
  wind_capex: 5000.0
  wind_opex: 100
  wind_lifetime: 20
  solar_capex: 1000.0
  solar_opex: 10
  solar_lifetime: 20
  carbon_price: 1.0
timeseries_values:
  load_level: 247200.15776392038
  wind_year: 2011
  solar_year: 2015
  price_year: 2023
  carbon_year: 2023
storage_values:
  CAES:
    cost: 50.8943
    lifetime: 23.0457
    annual_cost: 2.208407642206572
    efficiency: 0.600269
    discharge_ratio: 0.1
    depth_of_discharge: 0.4
  Li-ion:
    cost: 141.713
    lifetime: 18.2278
    annual_cost: 7.7745531550708264
    efficiency: 0.959142
    discharge_ratio: 2
    depth_of_discharge: 0.9
  Pb-acid:
    cost: 208.135
    lifetime: 10.3447
    annual_cost: 20.119964812899358
    efficiency: 0.719756
    discharge_ratio: 5
    depth_of_discharge: 0.5
  VRBF:
    cost: 319.388
    lifetime: 21.1418
    annual_cost: 15.106944536416009
    efficiency: 0.662302
    discharge_ratio: 0.5
    depth_of_discharge: 1.0
