cost_values:
  wind_capex: 5000.0
  wind_opex: 100
  wind_lifetime: 20
  solar_capex: 1000.0
  solar_opex: 10
  solar_lifetime: 20
  carbon_price: 1.0
timeseries_values:
  load_level: 247200.15776392038
  wind_year: 2011
  solar_year: 2015
  price_year: 2023
  carbon_year: 2023
storage_values:
  CAES:
    cost: 53.437
    lifetime: 22.8457
    annual_cost: 2.3390397317657152
    efficiency: 0.589514
    discharge_ratio: 0.1
    depth_of_discharge: 0.4
  Li-ion:
    cost: 137.586
    lifetime: 16.7642
    annual_cost: 8.207131864329943
    efficiency: 0.941706
    discharge_ratio: 2
    depth_of_discharge: 0.9
  Pb-acid:
    cost: 229.426
    lifetime: 12.1528
    annual_cost: 18.878447765124086
    efficiency: 0.732013
    discharge_ratio: 5
    depth_of_discharge: 0.5
  VRBF:
    cost: 279.578
    lifetime: 20.9725
    annual_cost: 13.33069495768268
    efficiency: 0.660725
    discharge_ratio: 0.5
    depth_of_discharge: 1.0
