cost_values:
  wind_capex: 5000.0
  wind_opex: 100
  wind_lifetime: 20
  solar_capex: 1000.0
  solar_opex: 10
  solar_lifetime: 20
  carbon_price: 1.0
timeseries_values:
  load_level: 247200.15776392038
  wind_year: 2011
  solar_year: 2015
  price_year: 2023
  carbon_year: 2023
storage_values:
  CAES:
    cost: 42.338
    lifetime: 23.0778
    annual_cost: 1.8345769527424625
    efficiency: 0.600373
    discharge_ratio: 0.1
    depth_of_discharge: 0.4
  Li-ion:
    cost: 175.423
    lifetime: 13.4596
    annual_cost: 13.033299652292788
    efficiency: 0.939013
    discharge_ratio: 2
    depth_of_discharge: 0.9
  Pb-acid:
    cost: 229.725
    lifetime: 9.69578
    annual_cost: 23.693297496436596
    efficiency: 0.716901
    discharge_ratio: 5
    depth_of_discharge: 0.5
  VRBF:
    cost: 306.285
    lifetime: 17.5019
    annual_cost: 17.500099989144037
    efficiency: 0.654191
    discharge_ratio: 0.5
    depth_of_discharge: 1.0
