cost_values:
  wind_capex: 5000.0
  wind_opex: 100
  wind_lifetime: 20
  solar_capex: 1000.0
  solar_opex: 10
  solar_lifetime: 20
  carbon_price: 1.0
timeseries_values:
  load_level: 247200.15776392038
  wind_year: 2011
  solar_year: 2015
  price_year: 2023
  carbon_year: 2023
storage_values:
  CAES:
    cost: 43.463
    lifetime: 23.2166
    annual_cost: 1.8720656771448017
    efficiency: 0.603974
    discharge_ratio: 0.1
    depth_of_discharge: 0.4
  Li-ion:
    cost: 144.334
    lifetime: 17.9223
    annual_cost: 8.053319049452359
    efficiency: 0.948781
    discharge_ratio: 2
    depth_of_discharge: 0.9
  Pb-acid:
    cost: 216.2
    lifetime: 11.9213
    annual_cost: 18.135606016122402
    efficiency: 0.708277
    discharge_ratio: 5
    depth_of_discharge: 0.5
  VRBF:
    cost: 281.214
    lifetime: 20.5826
    annual_cost: 13.662705391932992
    efficiency: 0.654508
    discharge_ratio: 0.5
    depth_of_discharge: 1.0
