cost_values:
  wind_capex: 5000.0
  wind_opex: 100
  wind_lifetime: 20
  solar_capex: 1000.0
  solar_opex: 10
  solar_lifetime: 20
  carbon_price: 1.0
timeseries_values:
  load_level: 247200.15776392038
  wind_year: 2011
  solar_year: 2015
  price_year: 2023
  carbon_year: 2023
storage_values:
  CAES:
    cost: 47.2655
    lifetime: 23.6064
    annual_cost: 2.0022324454385254
    efficiency: 0.59293
    discharge_ratio: 0.1
    depth_of_discharge: 0.4
  Li-ion:
    cost: 152.323
    lifetime: 17.2914
    annual_cost: 8.80917681622078
    efficiency: 0.951824
    discharge_ratio: 2
    depth_of_discharge: 0.9
  Pb-acid:
    cost: 228.9
    lifetime: 10.2628
    annual_cost: 22.30385469852282
    efficiency: 0.706914
    discharge_ratio: 5
    depth_of_discharge: 0.5
  VRBF:
    cost: 294.702
    lifetime: 20.4831
    annual_cost: 14.38756828800328
    efficiency: 0.661753
    discharge_ratio: 0.5
    depth_of_discharge: 1.0
