cost_values:
  wind_capex: 5000.0
  wind_opex: 100
  wind_lifetime: 20
  solar_capex: 1000.0
  solar_opex: 10
  solar_lifetime: 20
  carbon_price: 1.0
timeseries_values:
  load_level: 247200.15776392038
  wind_year: 2011
  solar_year: 2015
  price_year: 2023
  carbon_year: 2023
storage_values:
  CAES:
    cost: 46.4505
    lifetime: 23.4468
    annual_cost: 1.9811018987665694
    efficiency: 0.597452
    discharge_ratio: 0.1
    depth_of_discharge: 0.4
  Li-ion:
    cost: 161.746
    lifetime: 15.5081
    annual_cost: 10.429775407690174
    efficiency: 0.962306
    discharge_ratio: 2
    depth_of_discharge: 0.9
  Pb-acid:
    cost: 235.256
    lifetime: 11.9875
    annual_cost: 19.625109489051095
    efficiency: 0.723959
    discharge_ratio: 5
    depth_of_discharge: 0.5
  VRBF:
    cost: 277.285
    lifetime: 21.6038
    annual_cost: 12.835010507410734
    efficiency: 0.652914
    discharge_ratio: 0.5
    depth_of_discharge: 1.0
