cost_values:
  wind_capex: 5000.0
  wind_opex: 100
  wind_lifetime: 20
  solar_capex: 1000.0
  solar_opex: 10
  solar_lifetime: 20
  carbon_price: 1.0
timeseries_values:
  load_level: 247200.15776392038
  wind_year: 2011
  solar_year: 2015
  price_year: 2023
  carbon_year: 2023
storage_values:
  CAES:
    cost: 43.4712
    lifetime: 22.0973
    annual_cost: 1.967262968778991
    efficiency: 0.601637
    discharge_ratio: 0.1
    depth_of_discharge: 0.4
  Li-ion:
    cost: 169.909
    lifetime: 18.8263
    annual_cost: 9.02508724497113
    efficiency: 0.949249
    discharge_ratio: 2
    depth_of_discharge: 0.9
  Pb-acid:
    cost: 215.338
    lifetime: 11.574
    annual_cost: 18.605322274062555
    efficiency: 0.72544
    discharge_ratio: 5
    depth_of_discharge: 0.5
  VRBF:
    cost: 288.997
    lifetime: 19.5701
    annual_cost: 14.76727252287929
    efficiency: 0.654075
    discharge_ratio: 0.5
    depth_of_discharge: 1.0
