cost_values:
  wind_capex: 5000.0
  wind_opex: 100
  wind_lifetime: 20
  solar_capex: 1000.0
  solar_opex: 10
  solar_lifetime: 20
  carbon_price: 1.0
timeseries_values:
  load_level: 227636.39191827484
  wind_year: 2016
  solar_year: 2011
  price_year: 2023
  carbon_year: 2023
storage_values:
  CAES:
    cost: 65.3162
    lifetime: 28.7782
    annual_cost: 2.2696416037139224
    efficiency: 0.611341
    discharge_ratio: 0.1
    depth_of_discharge: 0.4
  Li-ion:
    cost: 166.939
    lifetime: 13.3605
    annual_cost: 12.494966505744545
    efficiency: 0.931512
    discharge_ratio: 2
    depth_of_discharge: 0.9
  Pb-acid:
    cost: 148.795
    lifetime: 10.8614
    annual_cost: 13.699431012576646
    efficiency: 0.712354
    discharge_ratio: 5
    depth_of_discharge: 0.5
  VRBF:
    cost: 117.294
    lifetime: 25.7048
    annual_cost: 4.5631166163518095
    efficiency: 0.712798
    discharge_ratio: 0.5
    depth_of_discharge: 1.0
