cost_values:
  wind_capex: 5000.0
  wind_opex: 100
  wind_lifetime: 20
  solar_capex: 1000.0
  solar_opex: 10
  solar_lifetime: 20
  carbon_price: 1.0
timeseries_values:
  load_level: 227636.39191827484
  wind_year: 2016
  solar_year: 2011
  price_year: 2023
  carbon_year: 2023
storage_values:
  CAES:
    cost: 63.0146
    lifetime: 27.6494
    annual_cost: 2.2790584967485734
    efficiency: 0.614131
    discharge_ratio: 0.1
    depth_of_discharge: 0.4
  Li-ion:
    cost: 164.462
    lifetime: 14.879
    annual_cost: 11.053296592512938
    efficiency: 0.93843
    discharge_ratio: 2
    depth_of_discharge: 0.9
  Pb-acid:
    cost: 146.15
    lifetime: 9.78877
    annual_cost: 14.930374296259899
    efficiency: 0.710866
    discharge_ratio: 5
    depth_of_discharge: 0.5
  VRBF:
    cost: 138.844
    lifetime: 25.1006
    annual_cost: 5.531501239014206
    efficiency: 0.742856
    discharge_ratio: 0.5
    depth_of_discharge: 1.0
