cost_values:
  wind_capex: 5000.0
  wind_opex: 100
  wind_lifetime: 20
  solar_capex: 1000.0
  solar_opex: 10
  solar_lifetime: 20
  carbon_price: 1.0
timeseries_values:
  load_level: 227636.39191827484
  wind_year: 2016
  solar_year: 2011
  price_year: 2023
  carbon_year: 2023
storage_values:
  CAES:
    cost: 63.8377
    lifetime: 28.7445
    annual_cost: 2.220866600567065
    efficiency: 0.614333
    discharge_ratio: 0.1
    depth_of_discharge: 0.4
  Li-ion:
    cost: 196.912
    lifetime: 16.5323
    annual_cost: 11.910744421526346
    efficiency: 0.926251
    discharge_ratio: 2
    depth_of_discharge: 0.9
  Pb-acid:
    cost: 153.191
    lifetime: 10.1661
    annual_cost: 15.068807113839132
    efficiency: 0.700526
    discharge_ratio: 5
    depth_of_discharge: 0.5
  VRBF:
    cost: 130.012
    lifetime: 26.1228
    annual_cost: 4.976954997167225
    efficiency: 0.73473
    discharge_ratio: 0.5
    depth_of_discharge: 1.0
