cost_values:
  wind_capex: 5000.0
  wind_opex: 100
  wind_lifetime: 20
  solar_capex: 1000.0
  solar_opex: 10
  solar_lifetime: 20
  carbon_price: 1.0
timeseries_values:
  load_level: 227636.39191827484
  wind_year: 2016
  solar_year: 2011
  price_year: 2023
  carbon_year: 2023
storage_values:
  CAES:
    cost: 70.0881
    lifetime: 29.1161
    annual_cost: 2.40719395798201
    efficiency: 0.615054
    discharge_ratio: 0.1
    depth_of_discharge: 0.4
  Li-ion:
    cost: 152.407
    lifetime: 15.8464
    annual_cost: 9.617768073505655
    efficiency: 0.925518
    discharge_ratio: 2
    depth_of_discharge: 0.9
  Pb-acid:
    cost: 144.468
    lifetime: 8.61886
    annual_cost: 16.761845534096157
    efficiency: 0.708374
    discharge_ratio: 5
    depth_of_discharge: 0.5
  VRBF:
    cost: 128.277
    lifetime: 24.9761
    annual_cost: 5.135990006446162
    efficiency: 0.748095
    discharge_ratio: 0.5
    depth_of_discharge: 1.0
