cost_values:
  wind_capex: 5000.0
  wind_opex: 100
  wind_lifetime: 20
  solar_capex: 1000.0
  solar_opex: 10
  solar_lifetime: 20
  carbon_price: 1.0
timeseries_values:
  load_level: 227636.39191827484
  wind_year: 2016
  solar_year: 2011
  price_year: 2023
  carbon_year: 2023
storage_values:
  CAES:
    cost: 67.6859
    lifetime: 29.0232
    annual_cost: 2.3321308470465008
    efficiency: 0.610097
    discharge_ratio: 0.1
    depth_of_discharge: 0.4
  Li-ion:
    cost: 177.065
    lifetime: 14.3891
    annual_cost: 12.305495131731659
    efficiency: 0.922297
    discharge_ratio: 2
    depth_of_discharge: 0.9
  Pb-acid:
    cost: 143.164
    lifetime: 9.81748
    annual_cost: 14.582560901575556
    efficiency: 0.712005
    discharge_ratio: 5
    depth_of_discharge: 0.5
  VRBF:
    cost: 119.201
    lifetime: 26.6205
    annual_cost: 4.477789673372025
    efficiency: 0.715571
    discharge_ratio: 0.5
    depth_of_discharge: 1.0
