cost_values:
  wind_capex: 5000.0
  wind_opex: 100
  wind_lifetime: 20
  solar_capex: 1000.0
  solar_opex: 10
  solar_lifetime: 20
  carbon_price: 1.0
timeseries_values:
  load_level: 227636.39191827484
  wind_year: 2016
  solar_year: 2011
  price_year: 2023
  carbon_year: 2023
storage_values:
  CAES:
    cost: 68.2917
    lifetime: 28.8797
    annual_cost: 2.3646956166442172
    efficiency: 0.609856
    discharge_ratio: 0.1
    depth_of_discharge: 0.4
  Li-ion:
    cost: 162.162
    lifetime: 16.1405
    annual_cost: 10.046900653635266
    efficiency: 0.922136
    discharge_ratio: 2
    depth_of_discharge: 0.9
  Pb-acid:
    cost: 149.275
    lifetime: 10.4728
    annual_cost: 14.253590252845468
    efficiency: 0.695129
    discharge_ratio: 5
    depth_of_discharge: 0.5
  VRBF:
    cost: 147.478
    lifetime: 24.9076
    annual_cost: 5.9210040308982
    efficiency: 0.74034
    discharge_ratio: 0.5
    depth_of_discharge: 1.0
