cost_values:
  wind_capex: 5000.0
  wind_opex: 100
  wind_lifetime: 20
  solar_capex: 1000.0
  solar_opex: 10
  solar_lifetime: 20
  carbon_price: 1.0
timeseries_values:
  load_level: 227636.39191827484
  wind_year: 2016
  solar_year: 2011
  price_year: 2023
  carbon_year: 2023
storage_values:
  CAES:
    cost: 65.0875
    lifetime: 27.4392
    annual_cost: 2.37206259657716
    efficiency: 0.621339
    discharge_ratio: 0.1
    depth_of_discharge: 0.4
  Li-ion:
    cost: 192.957
    lifetime: 15.8568
    annual_cost: 12.16872256697442
    efficiency: 0.922101
    discharge_ratio: 2
    depth_of_discharge: 0.9
  Pb-acid:
    cost: 151.275
    lifetime: 11.68
    annual_cost: 12.951626712328768
    efficiency: 0.704206
    discharge_ratio: 5
    depth_of_discharge: 0.5
  VRBF:
    cost: 132.764
    lifetime: 24.6694
    annual_cost: 5.38172797068433
    efficiency: 0.747622
    discharge_ratio: 0.5
    depth_of_discharge: 1.0
