cost_values:
  wind_capex: 5000.0
  wind_opex: 100
  wind_lifetime: 20
  solar_capex: 1000.0
  solar_opex: 10
  solar_lifetime: 20
  carbon_price: 1.0
timeseries_values:
  load_level: 227636.39191827484
  wind_year: 2016
  solar_year: 2011
  price_year: 2023
  carbon_year: 2023
storage_values:
  CAES:
    cost: 68.2483
    lifetime: 28.2381
    annual_cost: 2.4168871135097616
    efficiency: 0.620665
    discharge_ratio: 0.1
    depth_of_discharge: 0.4
  Li-ion:
    cost: 149.217
    lifetime: 16.707
    annual_cost: 8.931405997486085
    efficiency: 0.91835
    discharge_ratio: 2
    depth_of_discharge: 0.9
  Pb-acid:
    cost: 167.844
    lifetime: 9.86569
    annual_cost: 17.012900263438237
    efficiency: 0.696667
    discharge_ratio: 5
    depth_of_discharge: 0.5
  VRBF:
    cost: 134.971
    lifetime: 24.9281
    annual_cost: 5.414411848476218
    efficiency: 0.718431
    discharge_ratio: 0.5
    depth_of_discharge: 1.0
