cost_values:
  wind_capex: 5000.0
  wind_opex: 100
  wind_lifetime: 20
  solar_capex: 1000.0
  solar_opex: 10
  solar_lifetime: 20
  carbon_price: 1.0
timeseries_values:
  load_level: 227636.39191827484
  wind_year: 2016
  solar_year: 2011
  price_year: 2023
  carbon_year: 2023
storage_values:
  CAES:
    cost: 66.7606
    lifetime: 28.05
    annual_cost: 2.380057040998217
    efficiency: 0.620166
    discharge_ratio: 0.1
    depth_of_discharge: 0.4
  Li-ion:
    cost: 173.957
    lifetime: 14.157
    annual_cost: 12.287702196793106
    efficiency: 0.937204
    discharge_ratio: 2
    depth_of_discharge: 0.9
  Pb-acid:
    cost: 174.07
    lifetime: 10.4776
    annual_cost: 16.613537451324728
    efficiency: 0.696891
    discharge_ratio: 5
    depth_of_discharge: 0.5
  VRBF:
    cost: 124.736
    lifetime: 24.7181
    annual_cost: 5.046342558691809
    efficiency: 0.733273
    discharge_ratio: 0.5
    depth_of_discharge: 1.0
