cost_values:
  wind_capex: 5000.0
  wind_opex: 100
  wind_lifetime: 20
  solar_capex: 1000.0
  solar_opex: 10
  solar_lifetime: 20
  carbon_price: 1.0
timeseries_values:
  load_level: 227636.39191827484
  wind_year: 2016
  solar_year: 2011
  price_year: 2023
  carbon_year: 2023
storage_values:
  CAES:
    cost: 64.0024
    lifetime: 28.5748
    annual_cost: 2.239819701275249
    efficiency: 0.616245
    discharge_ratio: 0.1
    depth_of_discharge: 0.4
  Li-ion:
    cost: 168.959
    lifetime: 15.8294
    annual_cost: 10.673746320138477
    efficiency: 0.929372
    discharge_ratio: 2
    depth_of_discharge: 0.9
  Pb-acid:
    cost: 159.737
    lifetime: 9.99103
    annual_cost: 15.9880412730219
    efficiency: 0.702337
    discharge_ratio: 5
    depth_of_discharge: 0.5
  VRBF:
    cost: 135.037
    lifetime: 24.8955
    annual_cost: 5.424152959370168
    efficiency: 0.732359
    discharge_ratio: 0.5
    depth_of_discharge: 1.0
