cost_values:
  wind_capex: 5000.0
  wind_opex: 100
  wind_lifetime: 20
  solar_capex: 1000.0
  solar_opex: 10
  solar_lifetime: 20
  carbon_price: 1.0
timeseries_values:
  load_level: 227636.39191827484
  wind_year: 2016
  solar_year: 2011
  price_year: 2023
  carbon_year: 2023
storage_values:
  CAES:
    cost: 65.8181
    lifetime: 28.5175
    annual_cost: 2.3079898308056457
    efficiency: 0.606232
    discharge_ratio: 0.1
    depth_of_discharge: 0.4
  Li-ion:
    cost: 167.983
    lifetime: 15.2175
    annual_cost: 11.038804008542797
    efficiency: 0.935685
    discharge_ratio: 2
    depth_of_discharge: 0.9
  Pb-acid:
    cost: 155.595
    lifetime: 11.7089
    annual_cost: 13.288609519254583
    efficiency: 0.702129
    discharge_ratio: 5
    depth_of_discharge: 0.5
  VRBF:
    cost: 142.315
    lifetime: 24.6915
    annual_cost: 5.763724358584938
    efficiency: 0.744197
    discharge_ratio: 0.5
    depth_of_discharge: 1.0
