cost_values:
  wind_capex: 5000.0
  wind_opex: 100
  wind_lifetime: 20
  solar_capex: 1000.0
  solar_opex: 10
  solar_lifetime: 20
  carbon_price: 1.0
timeseries_values:
  load_level: 227636.39191827484
  wind_year: 2016
  solar_year: 2011
  price_year: 2023
  carbon_year: 2023
storage_values:
  CAES:
    cost: 73.1621
    lifetime: 29.4007
    annual_cost: 2.488447553969803
    efficiency: 0.613248
    discharge_ratio: 0.1
    depth_of_discharge: 0.4
  Li-ion:
    cost: 164.24
    lifetime: 13.8206
    annual_cost: 11.88370982446493
    efficiency: 0.928993
    discharge_ratio: 2
    depth_of_discharge: 0.9
  Pb-acid:
    cost: 148.208
    lifetime: 9.35381
    annual_cost: 15.844666504878761
    efficiency: 0.710796
    discharge_ratio: 5
    depth_of_discharge: 0.5
  VRBF:
    cost: 106.236
    lifetime: 24.6732
    annual_cost: 4.305724429745635
    efficiency: 0.734026
    discharge_ratio: 0.5
    depth_of_discharge: 1.0
