cost_values:
  wind_capex: 5000.0
  wind_opex: 100
  wind_lifetime: 20
  solar_capex: 1000.0
  solar_opex: 10
  solar_lifetime: 20
  carbon_price: 1.0
timeseries_values:
  load_level: 227636.39191827484
  wind_year: 2016
  solar_year: 2011
  price_year: 2023
  carbon_year: 2023
storage_values:
  CAES:
    cost: 75.5853
    lifetime: 29.3152
    annual_cost: 2.578365489575374
    efficiency: 0.606683
    discharge_ratio: 0.1
    depth_of_discharge: 0.4
  Li-ion:
    cost: 155.864
    lifetime: 16.1268
    annual_cost: 9.664905622938216
    efficiency: 0.927051
    discharge_ratio: 2
    depth_of_discharge: 0.9
  Pb-acid:
    cost: 150.363
    lifetime: 10.3052
    annual_cost: 14.590983192951132
    efficiency: 0.713372
    discharge_ratio: 5
    depth_of_discharge: 0.5
  VRBF:
    cost: 111.971
    lifetime: 27.2271
    annual_cost: 4.112483518259381
    efficiency: 0.747603
    discharge_ratio: 0.5
    depth_of_discharge: 1.0
