cost_values:
  wind_capex: 5000.0
  wind_opex: 100
  wind_lifetime: 20
  solar_capex: 1000.0
  solar_opex: 10
  solar_lifetime: 20
  carbon_price: 1.0
timeseries_values:
  load_level: 227636.39191827484
  wind_year: 2016
  solar_year: 2011
  price_year: 2023
  carbon_year: 2023
storage_values:
  CAES:
    cost: 65.2955
    lifetime: 28.482
    annual_cost: 2.292518081595394
    efficiency: 0.617094
    discharge_ratio: 0.1
    depth_of_discharge: 0.4
  Li-ion:
    cost: 184.089
    lifetime: 15.7248
    annual_cost: 11.70692155067155
    efficiency: 0.935402
    discharge_ratio: 2
    depth_of_discharge: 0.9
  Pb-acid:
    cost: 158.806
    lifetime: 10.8687
    annual_cost: 14.61131506067883
    efficiency: 0.7013
    discharge_ratio: 5
    depth_of_discharge: 0.5
  VRBF:
    cost: 142.748
    lifetime: 27.375
    annual_cost: 5.214538812785388
    efficiency: 0.753421
    discharge_ratio: 0.5
    depth_of_discharge: 1.0
