cost_values:
  wind_capex: 5000.0
  wind_opex: 100
  wind_lifetime: 20
  solar_capex: 1000.0
  solar_opex: 10
  solar_lifetime: 20
  carbon_price: 1.0
timeseries_values:
  load_level: 227636.39191827484
  wind_year: 2016
  solar_year: 2011
  price_year: 2023
  carbon_year: 2023
storage_values:
  CAES:
    cost: 73.4147
    lifetime: 28.1176
    annual_cost: 2.6109874242467352
    efficiency: 0.615209
    discharge_ratio: 0.1
    depth_of_discharge: 0.4
  Li-ion:
    cost: 172.005
    lifetime: 14.0486
    annual_cost: 12.243568754181911
    efficiency: 0.940155
    discharge_ratio: 2
    depth_of_discharge: 0.9
  Pb-acid:
    cost: 151.16
    lifetime: 9.58784
    annual_cost: 15.765803350911154
    efficiency: 0.718491
    discharge_ratio: 5
    depth_of_discharge: 0.5
  VRBF:
    cost: 112.717
    lifetime: 25.4112
    annual_cost: 4.435721256768669
    efficiency: 0.744163
    discharge_ratio: 0.5
    depth_of_discharge: 1.0
