cost_values:
  wind_capex: 5000.0
  wind_opex: 100
  wind_lifetime: 20
  solar_capex: 1000.0
  solar_opex: 10
  solar_lifetime: 20
  carbon_price: 1.0
timeseries_values:
  load_level: 227636.39191827484
  wind_year: 2016
  solar_year: 2011
  price_year: 2023
  carbon_year: 2023
storage_values:
  CAES:
    cost: 67.5898
    lifetime: 28.4364
    annual_cost: 2.3768761165267054
    efficiency: 0.609093
    discharge_ratio: 0.1
    depth_of_discharge: 0.4
  Li-ion:
    cost: 176.956
    lifetime: 14.8303
    annual_cost: 11.9320580163584
    efficiency: 0.947448
    discharge_ratio: 2
    depth_of_discharge: 0.9
  Pb-acid:
    cost: 131.58
    lifetime: 10.403
    annual_cost: 12.648274536191483
    efficiency: 0.707323
    discharge_ratio: 5
    depth_of_discharge: 0.5
  VRBF:
    cost: 142.053
    lifetime: 28.3062
    annual_cost: 5.018441189562711
    efficiency: 0.730952
    discharge_ratio: 0.5
    depth_of_discharge: 1.0
