cost_values:
  wind_capex: 5000.0
  wind_opex: 100
  wind_lifetime: 20
  solar_capex: 1000.0
  solar_opex: 10
  solar_lifetime: 20
  carbon_price: 1.0
timeseries_values:
  load_level: 227636.39191827484
  wind_year: 2016
  solar_year: 2011
  price_year: 2023
  carbon_year: 2023
storage_values:
  CAES:
    cost: 75.5094
    lifetime: 27.9904
    annual_cost: 2.697689207728364
    efficiency: 0.609679
    discharge_ratio: 0.1
    depth_of_discharge: 0.4
  Li-ion:
    cost: 179.107
    lifetime: 13.4355
    annual_cost: 13.33087715380894
    efficiency: 0.92335
    discharge_ratio: 2
    depth_of_discharge: 0.9
  Pb-acid:
    cost: 163.446
    lifetime: 7.77779
    annual_cost: 21.01445269157434
    efficiency: 0.702234
    discharge_ratio: 5
    depth_of_discharge: 0.5
  VRBF:
    cost: 131.861
    lifetime: 25.6106
    annual_cost: 5.148688433695423
    efficiency: 0.730661
    discharge_ratio: 0.5
    depth_of_discharge: 1.0
