cost_values:
  wind_capex: 5000.0
  wind_opex: 100
  wind_lifetime: 20
  solar_capex: 1000.0
  solar_opex: 10
  solar_lifetime: 20
  carbon_price: 1.0
timeseries_values:
  load_level: 227636.39191827484
  wind_year: 2016
  solar_year: 2011
  price_year: 2023
  carbon_year: 2023
storage_values:
  CAES:
    cost: 78.1717
    lifetime: 29.6352
    annual_cost: 2.6377989687938665
    efficiency: 0.607407
    discharge_ratio: 0.1
    depth_of_discharge: 0.4
  Li-ion:
    cost: 181.199
    lifetime: 14.8679
    annual_cost: 12.1872624916767
    efficiency: 0.934592
    discharge_ratio: 2
    depth_of_discharge: 0.9
  Pb-acid:
    cost: 165.433
    lifetime: 10.028
    annual_cost: 16.49710809732748
    efficiency: 0.71972
    discharge_ratio: 5
    depth_of_discharge: 0.5
  VRBF:
    cost: 126.608
    lifetime: 24.2008
    annual_cost: 5.231562592972133
    efficiency: 0.758484
    discharge_ratio: 0.5
    depth_of_discharge: 1.0
