cost_values:
  wind_capex: 5000.0
  wind_opex: 100
  wind_lifetime: 20
  solar_capex: 1000.0
  solar_opex: 10
  solar_lifetime: 20
  carbon_price: 1.0
timeseries_values:
  load_level: 227636.39191827484
  wind_year: 2016
  solar_year: 2011
  price_year: 2023
  carbon_year: 2023
storage_values:
  CAES:
    cost: 65.8827
    lifetime: 28.9518
    annual_cost: 2.2755994445941186
    efficiency: 0.622292
    discharge_ratio: 0.1
    depth_of_discharge: 0.4
  Li-ion:
    cost: 155.952
    lifetime: 16.6718
    annual_cost: 9.354238894420519
    efficiency: 0.942774
    discharge_ratio: 2
    depth_of_discharge: 0.9
  Pb-acid:
    cost: 144.435
    lifetime: 10.1529
    annual_cost: 14.225984694028307
    efficiency: 0.695425
    discharge_ratio: 5
    depth_of_discharge: 0.5
  VRBF:
    cost: 138.684
    lifetime: 24.2537
    annual_cost: 5.718055389486965
    efficiency: 0.731057
    discharge_ratio: 0.5
    depth_of_discharge: 1.0
