cost_values:
  wind_capex: 5000.0
  wind_opex: 100
  wind_lifetime: 20
  solar_capex: 1000.0
  solar_opex: 10
  solar_lifetime: 20
  carbon_price: 1.0
timeseries_values:
  load_level: 227636.39191827484
  wind_year: 2016
  solar_year: 2011
  price_year: 2023
  carbon_year: 2023
storage_values:
  CAES:
    cost: 63.0449
    lifetime: 27.7842
    annual_cost: 2.269091785979082
    efficiency: 0.610824
    discharge_ratio: 0.1
    depth_of_discharge: 0.4
  Li-ion:
    cost: 174.933
    lifetime: 15.3221
    annual_cost: 11.417038134459375
    efficiency: 0.9356
    discharge_ratio: 2
    depth_of_discharge: 0.9
  Pb-acid:
    cost: 137.475
    lifetime: 10.2823
    annual_cost: 13.370063118173949
    efficiency: 0.721847
    discharge_ratio: 5
    depth_of_discharge: 0.5
  VRBF:
    cost: 122.042
    lifetime: 25.347
    annual_cost: 4.814849883615418
    efficiency: 0.76046
    discharge_ratio: 0.5
    depth_of_discharge: 1.0
