cost_values:
  wind_capex: 5000.0
  wind_opex: 100
  wind_lifetime: 20
  solar_capex: 1000.0
  solar_opex: 10
  solar_lifetime: 20
  carbon_price: 1.0
timeseries_values:
  load_level: 227636.39191827484
  wind_year: 2016
  solar_year: 2011
  price_year: 2023
  carbon_year: 2023
storage_values:
  CAES:
    cost: 65.0708
    lifetime: 29.5602
    annual_cost: 2.201297690814
    efficiency: 0.613435
    discharge_ratio: 0.1
    depth_of_discharge: 0.4
  Li-ion:
    cost: 177.158
    lifetime: 15.3636
    annual_cost: 11.53102137519852
    efficiency: 0.921726
    discharge_ratio: 2
    depth_of_discharge: 0.9
  Pb-acid:
    cost: 161.236
    lifetime: 10.7872
    annual_cost: 14.946974191634528
    efficiency: 0.723111
    discharge_ratio: 5
    depth_of_discharge: 0.5
  VRBF:
    cost: 120.266
    lifetime: 25.8094
    annual_cost: 4.659775120692461
    efficiency: 0.730411
    discharge_ratio: 0.5
    depth_of_discharge: 1.0
