cost_values:
  wind_capex: 5000.0
  wind_opex: 100
  wind_lifetime: 20
  solar_capex: 1000.0
  solar_opex: 10
  solar_lifetime: 20
  carbon_price: 1.0
timeseries_values:
  load_level: 227636.39191827484
  wind_year: 2016
  solar_year: 2011
  price_year: 2023
  carbon_year: 2023
storage_values:
  CAES:
    cost: 70.2655
    lifetime: 28.8026
    annual_cost: 2.4395540680355245
    efficiency: 0.604509
    discharge_ratio: 0.1
    depth_of_discharge: 0.4
  Li-ion:
    cost: 181.616
    lifetime: 15.2683
    annual_cost: 11.894971935316965
    efficiency: 0.926954
    discharge_ratio: 2
    depth_of_discharge: 0.9
  Pb-acid:
    cost: 178.676
    lifetime: 10.0852
    annual_cost: 17.71665410700829
    efficiency: 0.69856
    discharge_ratio: 5
    depth_of_discharge: 0.5
  VRBF:
    cost: 143.167
    lifetime: 27.6417
    annual_cost: 5.179384770111824
    efficiency: 0.732375
    discharge_ratio: 0.5
    depth_of_discharge: 1.0
