cost_values:
  wind_capex: 5000.0
  wind_opex: 100
  wind_lifetime: 20
  solar_capex: 1000.0
  solar_opex: 10
  solar_lifetime: 20
  carbon_price: 1.0
timeseries_values:
  load_level: 227636.39191827484
  wind_year: 2016
  solar_year: 2011
  price_year: 2023
  carbon_year: 2023
storage_values:
  CAES:
    cost: 64.4249
    lifetime: 29.538
    annual_cost: 2.18108538154242
    efficiency: 0.610835
    discharge_ratio: 0.1
    depth_of_discharge: 0.4
  Li-ion:
    cost: 175.04
    lifetime: 15.7748
    annual_cost: 11.096178715419528
    efficiency: 0.927965
    discharge_ratio: 2
    depth_of_discharge: 0.9
  Pb-acid:
    cost: 167.904
    lifetime: 10.1075
    annual_cost: 16.61182290378432
    efficiency: 0.710583
    discharge_ratio: 5
    depth_of_discharge: 0.5
  VRBF:
    cost: 115.294
    lifetime: 25.2363
    annual_cost: 4.568577802609733
    efficiency: 0.727376
    discharge_ratio: 0.5
    depth_of_discharge: 1.0
