cost_values:
  wind_capex: 5000.0
  wind_opex: 100
  wind_lifetime: 20
  solar_capex: 1000.0
  solar_opex: 10
  solar_lifetime: 20
  carbon_price: 1.0
timeseries_values:
  load_level: 227636.39191827484
  wind_year: 2016
  solar_year: 2011
  price_year: 2023
  carbon_year: 2023
storage_values:
  CAES:
    cost: 61.2762
    lifetime: 28.272
    annual_cost: 2.1673811544991515
    efficiency: 0.605096
    discharge_ratio: 0.1
    depth_of_discharge: 0.4
  Li-ion:
    cost: 164.914
    lifetime: 13.1363
    annual_cost: 12.55406773596827
    efficiency: 0.931968
    discharge_ratio: 2
    depth_of_discharge: 0.9
  Pb-acid:
    cost: 154.267
    lifetime: 12.086
    annual_cost: 12.764107231507529
    efficiency: 0.714652
    discharge_ratio: 5
    depth_of_discharge: 0.5
  VRBF:
    cost: 159.519
    lifetime: 27.9055
    annual_cost: 5.7163999928329545
    efficiency: 0.767598
    discharge_ratio: 0.5
    depth_of_discharge: 1.0
