cost_values:
  wind_capex: 5000.0
  wind_opex: 100
  wind_lifetime: 20
  solar_capex: 1000.0
  solar_opex: 10
  solar_lifetime: 20
  carbon_price: 1.0
timeseries_values:
  load_level: 227636.39191827484
  wind_year: 2016
  solar_year: 2011
  price_year: 2023
  carbon_year: 2023
storage_values:
  CAES:
    cost: 76.9827
    lifetime: 29.3378
    annual_cost: 2.6240106620128296
    efficiency: 0.615005
    discharge_ratio: 0.1
    depth_of_discharge: 0.4
  Li-ion:
    cost: 166.879
    lifetime: 15.5976
    annual_cost: 10.699017797609889
    efficiency: 0.922273
    discharge_ratio: 2
    depth_of_discharge: 0.9
  Pb-acid:
    cost: 165.696
    lifetime: 8.89527
    annual_cost: 18.627427835242774
    efficiency: 0.697529
    discharge_ratio: 5
    depth_of_discharge: 0.5
  VRBF:
    cost: 126.374
    lifetime: 25.3277
    annual_cost: 4.989556888308058
    efficiency: 0.736096
    discharge_ratio: 0.5
    depth_of_discharge: 1.0
