cost_values:
  wind_capex: 5000.0
  wind_opex: 100
  wind_lifetime: 20
  solar_capex: 1000.0
  solar_opex: 10
  solar_lifetime: 20
  carbon_price: 1.0
timeseries_values:
  load_level: 227636.39191827484
  wind_year: 2016
  solar_year: 2011
  price_year: 2023
  carbon_year: 2023
storage_values:
  CAES:
    cost: 71.0845
    lifetime: 28.7882
    annual_cost: 2.46922350129567
    efficiency: 0.603441
    discharge_ratio: 0.1
    depth_of_discharge: 0.4
  Li-ion:
    cost: 165.891
    lifetime: 15.5202
    annual_cost: 10.688715351606293
    efficiency: 0.944897
    discharge_ratio: 2
    depth_of_discharge: 0.9
  Pb-acid:
    cost: 131.881
    lifetime: 11.4465
    annual_cost: 11.521513126283143
    efficiency: 0.721344
    discharge_ratio: 5
    depth_of_discharge: 0.5
  VRBF:
    cost: 126.568
    lifetime: 25.0462
    annual_cost: 5.053381351262867
    efficiency: 0.737496
    discharge_ratio: 0.5
    depth_of_discharge: 1.0
