cost_values:
  wind_capex: 5000.0
  wind_opex: 100
  wind_lifetime: 20
  solar_capex: 1000.0
  solar_opex: 10
  solar_lifetime: 20
  carbon_price: 1.0
timeseries_values:
  load_level: 227636.39191827484
  wind_year: 2016
  solar_year: 2011
  price_year: 2023
  carbon_year: 2023
storage_values:
  CAES:
    cost: 69.8934
    lifetime: 29.4162
    annual_cost: 2.376017296591674
    efficiency: 0.622539
    discharge_ratio: 0.1
    depth_of_discharge: 0.4
  Li-ion:
    cost: 177.584
    lifetime: 13.7531
    annual_cost: 12.912288865782987
    efficiency: 0.922588
    discharge_ratio: 2
    depth_of_discharge: 0.9
  Pb-acid:
    cost: 163.662
    lifetime: 11.2345
    annual_cost: 14.567804530686724
    efficiency: 0.70268
    discharge_ratio: 5
    depth_of_discharge: 0.5
  VRBF:
    cost: 150.576
    lifetime: 27.6233
    annual_cost: 5.451050381380935
    efficiency: 0.740407
    discharge_ratio: 0.5
    depth_of_discharge: 1.0
