cost_values:
  wind_capex: 5000.0
  wind_opex: 100
  wind_lifetime: 20
  solar_capex: 1000.0
  solar_opex: 10
  solar_lifetime: 20
  carbon_price: 1.0
timeseries_values:
  load_level: 227636.39191827484
  wind_year: 2016
  solar_year: 2011
  price_year: 2023
  carbon_year: 2023
storage_values:
  CAES:
    cost: 79.1658
    lifetime: 29.183
    annual_cost: 2.7127368673542818
    efficiency: 0.60371
    discharge_ratio: 0.1
    depth_of_discharge: 0.4
  Li-ion:
    cost: 160.313
    lifetime: 12.6363
    annual_cost: 12.686704177646936
    efficiency: 0.929139
    discharge_ratio: 2
    depth_of_discharge: 0.9
  Pb-acid:
    cost: 180.871
    lifetime: 7.85383
    annual_cost: 23.029655594786238
    efficiency: 0.702419
    discharge_ratio: 5
    depth_of_discharge: 0.5
  VRBF:
    cost: 124.604
    lifetime: 26.9973
    annual_cost: 4.615424505413505
    efficiency: 0.746278
    discharge_ratio: 0.5
    depth_of_discharge: 1.0
