cost_values:
  wind_capex: 5000.0
  wind_opex: 100
  wind_lifetime: 20
  solar_capex: 1000.0
  solar_opex: 10
  solar_lifetime: 20
  carbon_price: 1.0
timeseries_values:
  load_level: 227636.39191827484
  wind_year: 2016
  solar_year: 2011
  price_year: 2023
  carbon_year: 2023
storage_values:
  CAES:
    cost: 60.7012
    lifetime: 28.7083
    annual_cost: 2.1144129049786993
    efficiency: 0.619454
    discharge_ratio: 0.1
    depth_of_discharge: 0.4
  Li-ion:
    cost: 182.64
    lifetime: 14.5596
    annual_cost: 12.544300667600758
    efficiency: 0.916459
    discharge_ratio: 2
    depth_of_discharge: 0.9
  Pb-acid:
    cost: 151.168
    lifetime: 10.4751
    annual_cost: 14.431174881385383
    efficiency: 0.704593
    discharge_ratio: 5
    depth_of_discharge: 0.5
  VRBF:
    cost: 131.071
    lifetime: 24.8074
    annual_cost: 5.283544426259906
    efficiency: 0.726538
    discharge_ratio: 0.5
    depth_of_discharge: 1.0
