cost_values:
  wind_capex: 5000.0
  wind_opex: 100
  wind_lifetime: 20
  solar_capex: 1000.0
  solar_opex: 10
  solar_lifetime: 20
  carbon_price: 1.0
timeseries_values:
  load_level: 227636.39191827484
  wind_year: 2016
  solar_year: 2011
  price_year: 2023
  carbon_year: 2023
storage_values:
  CAES:
    cost: 64.7221
    lifetime: 27.9603
    annual_cost: 2.314785606735264
    efficiency: 0.615443
    discharge_ratio: 0.1
    depth_of_discharge: 0.4
  Li-ion:
    cost: 150.24
    lifetime: 13.0453
    annual_cost: 11.516791488122161
    efficiency: 0.921025
    discharge_ratio: 2
    depth_of_discharge: 0.9
  Pb-acid:
    cost: 116.752
    lifetime: 9.48916
    annual_cost: 12.303723406497518
    efficiency: 0.711587
    discharge_ratio: 5
    depth_of_discharge: 0.5
  VRBF:
    cost: 119.3
    lifetime: 26.0215
    annual_cost: 4.584670368733547
    efficiency: 0.730091
    discharge_ratio: 0.5
    depth_of_discharge: 1.0
