cost_values:
  wind_capex: 5000.0
  wind_opex: 100
  wind_lifetime: 20
  solar_capex: 1000.0
  solar_opex: 10
  solar_lifetime: 20
  carbon_price: 1.0
timeseries_values:
  load_level: 227636.39191827484
  wind_year: 2016
  solar_year: 2011
  price_year: 2023
  carbon_year: 2023
storage_values:
  CAES:
    cost: 71.9053
    lifetime: 28.0152
    annual_cost: 2.5666531026014447
    efficiency: 0.608792
    discharge_ratio: 0.1
    depth_of_discharge: 0.4
  Li-ion:
    cost: 150.5
    lifetime: 14.1474
    annual_cost: 10.63799708780412
    efficiency: 0.940313
    discharge_ratio: 2
    depth_of_discharge: 0.9
  Pb-acid:
    cost: 185.684
    lifetime: 9.00638
    annual_cost: 20.616940435557904
    efficiency: 0.715714
    discharge_ratio: 5
    depth_of_discharge: 0.5
  VRBF:
    cost: 139.083
    lifetime: 25.4503
    annual_cost: 5.464886464992555
    efficiency: 0.728598
    discharge_ratio: 0.5
    depth_of_discharge: 1.0
