cost_values:
  wind_capex: 5000.0
  wind_opex: 100
  wind_lifetime: 20
  solar_capex: 1000.0
  solar_opex: 10
  solar_lifetime: 20
  carbon_price: 1.0
timeseries_values:
  load_level: 227636.39191827484
  wind_year: 2016
  solar_year: 2011
  price_year: 2023
  carbon_year: 2023
storage_values:
  CAES:
    cost: 63.5832
    lifetime: 28.6947
    annual_cost: 2.215851707806668
    efficiency: 0.610711
    discharge_ratio: 0.1
    depth_of_discharge: 0.4
  Li-ion:
    cost: 160.049
    lifetime: 14.274
    annual_cost: 11.212624351968616
    efficiency: 0.921447
    discharge_ratio: 2
    depth_of_discharge: 0.9
  Pb-acid:
    cost: 156.575
    lifetime: 8.95129
    annual_cost: 17.491892230058458
    efficiency: 0.725706
    discharge_ratio: 5
    depth_of_discharge: 0.5
  VRBF:
    cost: 100.72
    lifetime: 25.9037
    annual_cost: 3.8882476248566804
    efficiency: 0.747825
    discharge_ratio: 0.5
    depth_of_discharge: 1.0
