cost_values:
  wind_capex: 5000.0
  wind_opex: 100
  wind_lifetime: 20
  solar_capex: 1000.0
  solar_opex: 10
  solar_lifetime: 20
  carbon_price: 1.0
timeseries_values:
  load_level: 227636.39191827484
  wind_year: 2016
  solar_year: 2011
  price_year: 2023
  carbon_year: 2023
storage_values:
  CAES:
    cost: 63.3218
    lifetime: 28.23
    annual_cost: 2.2430676585193057
    efficiency: 0.613637
    discharge_ratio: 0.1
    depth_of_discharge: 0.4
  Li-ion:
    cost: 169.895
    lifetime: 14.4979
    annual_cost: 11.718593727367413
    efficiency: 0.924744
    discharge_ratio: 2
    depth_of_discharge: 0.9
  Pb-acid:
    cost: 149.944
    lifetime: 9.64802
    annual_cost: 15.541427152928785
    efficiency: 0.710642
    discharge_ratio: 5
    depth_of_discharge: 0.5
  VRBF:
    cost: 160.004
    lifetime: 26.7548
    annual_cost: 5.980384828142987
    efficiency: 0.735208
    discharge_ratio: 0.5
    depth_of_discharge: 1.0
