cost_values:
  wind_capex: 5000.0
  wind_opex: 100
  wind_lifetime: 20
  solar_capex: 1000.0
  solar_opex: 10
  solar_lifetime: 20
  carbon_price: 1.0
timeseries_values:
  load_level: 227636.39191827484
  wind_year: 2016
  solar_year: 2011
  price_year: 2023
  carbon_year: 2023
storage_values:
  CAES:
    cost: 70.3461
    lifetime: 28.174
    annual_cost: 2.4968446085042952
    efficiency: 0.606697
    discharge_ratio: 0.1
    depth_of_discharge: 0.4
  Li-ion:
    cost: 161.023
    lifetime: 13.9649
    annual_cost: 11.530551597218741
    efficiency: 0.936042
    discharge_ratio: 2
    depth_of_discharge: 0.9
  Pb-acid:
    cost: 150.604
    lifetime: 9.86257
    annual_cost: 15.270259171798022
    efficiency: 0.704115
    discharge_ratio: 5
    depth_of_discharge: 0.5
  VRBF:
    cost: 148.414
    lifetime: 24.9734
    annual_cost: 5.942883227754329
    efficiency: 0.717672
    discharge_ratio: 0.5
    depth_of_discharge: 1.0
