cost_values:
  wind_capex: 5000.0
  wind_opex: 100
  wind_lifetime: 20
  solar_capex: 1000.0
  solar_opex: 10
  solar_lifetime: 20
  carbon_price: 1.0
timeseries_values:
  load_level: 227636.39191827484
  wind_year: 2016
  solar_year: 2011
  price_year: 2023
  carbon_year: 2023
storage_values:
  CAES:
    cost: 67.1001
    lifetime: 28.3343
    annual_cost: 2.368158027549648
    efficiency: 0.606358
    discharge_ratio: 0.1
    depth_of_discharge: 0.4
  Li-ion:
    cost: 167.394
    lifetime: 12.5461
    annual_cost: 13.34231354763632
    efficiency: 0.921862
    discharge_ratio: 2
    depth_of_discharge: 0.9
  Pb-acid:
    cost: 138.27
    lifetime: 9.72434
    annual_cost: 14.21895984714644
    efficiency: 0.690594
    discharge_ratio: 5
    depth_of_discharge: 0.5
  VRBF:
    cost: 121.415
    lifetime: 26.4502
    annual_cost: 4.590324458794263
    efficiency: 0.742004
    discharge_ratio: 0.5
    depth_of_discharge: 1.0
