cost_values:
  wind_capex: 5000.0
  wind_opex: 100
  wind_lifetime: 20
  solar_capex: 1000.0
  solar_opex: 10
  solar_lifetime: 20
  carbon_price: 1.0
timeseries_values:
  load_level: 227636.39191827484
  wind_year: 2016
  solar_year: 2011
  price_year: 2023
  carbon_year: 2023
storage_values:
  CAES:
    cost: 70.0338
    lifetime: 29.2823
    annual_cost: 2.3916768833049318
    efficiency: 0.60889
    discharge_ratio: 0.1
    depth_of_discharge: 0.4
  Li-ion:
    cost: 169.387
    lifetime: 15.421
    annual_cost: 10.984177420400753
    efficiency: 0.940326
    discharge_ratio: 2
    depth_of_discharge: 0.9
  Pb-acid:
    cost: 172.089
    lifetime: 9.5803
    annual_cost: 17.962798659749694
    efficiency: 0.698102
    discharge_ratio: 5
    depth_of_discharge: 0.5
  VRBF:
    cost: 158.583
    lifetime: 24.5688
    annual_cost: 6.4546497997460195
    efficiency: 0.728724
    discharge_ratio: 0.5
    depth_of_discharge: 1.0
