cost_values:
  wind_capex: 5000.0
  wind_opex: 100
  wind_lifetime: 20
  solar_capex: 1000.0
  solar_opex: 10
  solar_lifetime: 20
  carbon_price: 1.0
timeseries_values:
  load_level: 227636.39191827484
  wind_year: 2016
  solar_year: 2011
  price_year: 2023
  carbon_year: 2023
storage_values:
  CAES:
    cost: 64.7929
    lifetime: 28.7123
    annual_cost: 2.2566252094050285
    efficiency: 0.614129
    discharge_ratio: 0.1
    depth_of_discharge: 0.4
  Li-ion:
    cost: 169.082
    lifetime: 14.261
    annual_cost: 11.85625131477456
    efficiency: 0.924367
    discharge_ratio: 2
    depth_of_discharge: 0.9
  Pb-acid:
    cost: 160.534
    lifetime: 11.1675
    annual_cost: 14.375106335348107
    efficiency: 0.718611
    discharge_ratio: 5
    depth_of_discharge: 0.5
  VRBF:
    cost: 118.884
    lifetime: 25.2499
    annual_cost: 4.708295874439107
    efficiency: 0.73318
    discharge_ratio: 0.5
    depth_of_discharge: 1.0
