cost_values:
  wind_capex: 5000.0
  wind_opex: 100
  wind_lifetime: 20
  solar_capex: 1000.0
  solar_opex: 10
  solar_lifetime: 20
  carbon_price: 1.0
timeseries_values:
  load_level: 227636.39191827484
  wind_year: 2016
  solar_year: 2011
  price_year: 2023
  carbon_year: 2023
storage_values:
  CAES:
    cost: 62.6164
    lifetime: 29.3541
    annual_cost: 2.133139833958459
    efficiency: 0.615403
    discharge_ratio: 0.1
    depth_of_discharge: 0.4
  Li-ion:
    cost: 174.867
    lifetime: 13.7497
    annual_cost: 12.71787748096322
    efficiency: 0.937201
    discharge_ratio: 2
    depth_of_discharge: 0.9
  Pb-acid:
    cost: 149.387
    lifetime: 10.1211
    annual_cost: 14.759956921678473
    efficiency: 0.695735
    discharge_ratio: 5
    depth_of_discharge: 0.5
  VRBF:
    cost: 123.581
    lifetime: 22.8839
    annual_cost: 5.400346968829614
    efficiency: 0.730445
    discharge_ratio: 0.5
    depth_of_discharge: 1.0
