cost_values:
  wind_capex: 5000.0
  wind_opex: 100
  wind_lifetime: 20
  solar_capex: 1000.0
  solar_opex: 10
  solar_lifetime: 20
  carbon_price: 1.0
timeseries_values:
  load_level: 227636.39191827484
  wind_year: 2016
  solar_year: 2011
  price_year: 2023
  carbon_year: 2023
storage_values:
  CAES:
    cost: 69.9892
    lifetime: 29.3347
    annual_cost: 2.38588429402721
    efficiency: 0.613856
    discharge_ratio: 0.1
    depth_of_discharge: 0.4
  Li-ion:
    cost: 186.483
    lifetime: 14.1722
    annual_cost: 13.158366379249516
    efficiency: 0.931197
    discharge_ratio: 2
    depth_of_discharge: 0.9
  Pb-acid:
    cost: 169.474
    lifetime: 11.3017
    annual_cost: 14.995443163417892
    efficiency: 0.699287
    discharge_ratio: 5
    depth_of_discharge: 0.5
  VRBF:
    cost: 130.027
    lifetime: 24.4371
    annual_cost: 5.320885047734796
    efficiency: 0.75013
    discharge_ratio: 0.5
    depth_of_discharge: 1.0
