cost_values:
  wind_capex: 5000.0
  wind_opex: 100
  wind_lifetime: 20
  solar_capex: 1000.0
  solar_opex: 10
  solar_lifetime: 20
  carbon_price: 1.0
timeseries_values:
  load_level: 227636.39191827484
  wind_year: 2016
  solar_year: 2011
  price_year: 2023
  carbon_year: 2023
storage_values:
  CAES:
    cost: 62.7101
    lifetime: 29.323
    annual_cost: 2.138597687821846
    efficiency: 0.621668
    discharge_ratio: 0.1
    depth_of_discharge: 0.4
  Li-ion:
    cost: 183.697
    lifetime: 13.1348
    annual_cost: 13.985519383622133
    efficiency: 0.936467
    discharge_ratio: 2
    depth_of_discharge: 0.9
  Pb-acid:
    cost: 152.618
    lifetime: 10.1682
    annual_cost: 15.009342853209024
    efficiency: 0.709381
    discharge_ratio: 5
    depth_of_discharge: 0.5
  VRBF:
    cost: 141.458
    lifetime: 25.3039
    annual_cost: 5.590363540798059
    efficiency: 0.726139
    discharge_ratio: 0.5
    depth_of_discharge: 1.0
