cost_values:
  wind_capex: 5000.0
  wind_opex: 100
  wind_lifetime: 20
  solar_capex: 1000.0
  solar_opex: 10
  solar_lifetime: 20
  carbon_price: 1.0
timeseries_values:
  load_level: 227636.39191827484
  wind_year: 2016
  solar_year: 2011
  price_year: 2023
  carbon_year: 2023
storage_values:
  CAES:
    cost: 71.367
    lifetime: 28.5963
    annual_cost: 2.4956725170738876
    efficiency: 0.611973
    discharge_ratio: 0.1
    depth_of_discharge: 0.4
  Li-ion:
    cost: 164.098
    lifetime: 17.0663
    annual_cost: 9.615323766721552
    efficiency: 0.932836
    discharge_ratio: 2
    depth_of_discharge: 0.9
  Pb-acid:
    cost: 178.016
    lifetime: 8.69793
    annual_cost: 20.4664788058768
    efficiency: 0.700485
    discharge_ratio: 5
    depth_of_discharge: 0.5
  VRBF:
    cost: 110.489
    lifetime: 26.4269
    annual_cost: 4.180929280392328
    efficiency: 0.74968
    discharge_ratio: 0.5
    depth_of_discharge: 1.0
