cost_values:
  wind_capex: 5000.0
  wind_opex: 100
  wind_lifetime: 20
  solar_capex: 1000.0
  solar_opex: 10
  solar_lifetime: 20
  carbon_price: 1.0
timeseries_values:
  load_level: 227636.39191827484
  wind_year: 2016
  solar_year: 2011
  price_year: 2023
  carbon_year: 2023
storage_values:
  CAES:
    cost: 71.2192
    lifetime: 28.2044
    annual_cost: 2.525109557374027
    efficiency: 0.605454
    discharge_ratio: 0.1
    depth_of_discharge: 0.4
  Li-ion:
    cost: 168.117
    lifetime: 13.1082
    annual_cost: 12.825330709021832
    efficiency: 0.932073
    discharge_ratio: 2
    depth_of_discharge: 0.9
  Pb-acid:
    cost: 147.327
    lifetime: 9.0952
    annual_cost: 16.1983243908875
    efficiency: 0.697599
    discharge_ratio: 5
    depth_of_discharge: 0.5
  VRBF:
    cost: 105.544
    lifetime: 23.6019
    annual_cost: 4.471843368542363
    efficiency: 0.743265
    discharge_ratio: 0.5
    depth_of_discharge: 1.0
