cost_values:
  wind_capex: 5000.0
  wind_opex: 100
  wind_lifetime: 20
  solar_capex: 1000.0
  solar_opex: 10
  solar_lifetime: 20
  carbon_price: 1.0
timeseries_values:
  load_level: 227636.39191827484
  wind_year: 2016
  solar_year: 2011
  price_year: 2023
  carbon_year: 2023
storage_values:
  CAES:
    cost: 66.1511
    lifetime: 26.4848
    annual_cost: 2.497700567872893
    efficiency: 0.610566
    discharge_ratio: 0.1
    depth_of_discharge: 0.4
  Li-ion:
    cost: 158.631
    lifetime: 12.8638
    annual_cost: 12.331581647724622
    efficiency: 0.933648
    discharge_ratio: 2
    depth_of_discharge: 0.9
  Pb-acid:
    cost: 158.729
    lifetime: 12.2915
    annual_cost: 12.913720864011717
    efficiency: 0.705531
    discharge_ratio: 5
    depth_of_discharge: 0.5
  VRBF:
    cost: 130.305
    lifetime: 24.4898
    annual_cost: 5.320786613202231
    efficiency: 0.745048
    discharge_ratio: 0.5
    depth_of_discharge: 1.0
