cost_values:
  wind_capex: 5000.0
  wind_opex: 100
  wind_lifetime: 20
  solar_capex: 1000.0
  solar_opex: 10
  solar_lifetime: 20
  carbon_price: 1.0
timeseries_values:
  load_level: 227636.39191827484
  wind_year: 2016
  solar_year: 2011
  price_year: 2023
  carbon_year: 2023
storage_values:
  CAES:
    cost: 67.3973
    lifetime: 29.4012
    annual_cost: 2.2923316055127003
    efficiency: 0.614932
    discharge_ratio: 0.1
    depth_of_discharge: 0.4
  Li-ion:
    cost: 179.548
    lifetime: 13.3286
    annual_cost: 13.470882163167925
    efficiency: 0.931347
    discharge_ratio: 2
    depth_of_discharge: 0.9
  Pb-acid:
    cost: 151.517
    lifetime: 9.97055
    annual_cost: 15.1964535557216
    efficiency: 0.69054
    discharge_ratio: 5
    depth_of_discharge: 0.5
  VRBF:
    cost: 148.851
    lifetime: 28.7178
    annual_cost: 5.183231306019263
    efficiency: 0.734051
    discharge_ratio: 0.5
    depth_of_discharge: 1.0
