cost_values:
  wind_capex: 5000.0
  wind_opex: 100
  wind_lifetime: 20
  solar_capex: 1000.0
  solar_opex: 10
  solar_lifetime: 20
  carbon_price: 1.0
timeseries_values:
  load_level: 227636.39191827484
  wind_year: 2016
  solar_year: 2011
  price_year: 2023
  carbon_year: 2023
storage_values:
  CAES:
    cost: 63.9385
    lifetime: 28.3813
    annual_cost: 2.252839017240225
    efficiency: 0.611146
    discharge_ratio: 0.1
    depth_of_discharge: 0.4
  Li-ion:
    cost: 146.092
    lifetime: 14.1746
    annual_cost: 10.306604771915964
    efficiency: 0.920061
    discharge_ratio: 2
    depth_of_discharge: 0.9
  Pb-acid:
    cost: 168.146
    lifetime: 11.0876
    annual_cost: 15.165229625888378
    efficiency: 0.702705
    discharge_ratio: 5
    depth_of_discharge: 0.5
  VRBF:
    cost: 151.915
    lifetime: 27.2486
    annual_cost: 5.57514881498499
    efficiency: 0.729283
    discharge_ratio: 0.5
    depth_of_discharge: 1.0
