cost_values:
  wind_capex: 5000.0
  wind_opex: 100
  wind_lifetime: 20
  solar_capex: 1000.0
  solar_opex: 10
  solar_lifetime: 20
  carbon_price: 1.0
timeseries_values:
  load_level: 227636.39191827484
  wind_year: 2016
  solar_year: 2011
  price_year: 2023
  carbon_year: 2023
storage_values:
  CAES:
    cost: 66.8688
    lifetime: 29.7837
    annual_cost: 2.24514751357286
    efficiency: 0.602831
    discharge_ratio: 0.1
    depth_of_discharge: 0.4
  Li-ion:
    cost: 180.754
    lifetime: 14.3563
    annual_cost: 12.590569993661319
    efficiency: 0.939908
    discharge_ratio: 2
    depth_of_discharge: 0.9
  Pb-acid:
    cost: 155.96
    lifetime: 11.3342
    annual_cost: 13.760124225794499
    efficiency: 0.704386
    discharge_ratio: 5
    depth_of_discharge: 0.5
  VRBF:
    cost: 133.949
    lifetime: 24.5705
    annual_cost: 5.451618811176004
    efficiency: 0.729114
    discharge_ratio: 0.5
    depth_of_discharge: 1.0
