cost_values:
  wind_capex: 5000.0
  wind_opex: 100
  wind_lifetime: 20
  solar_capex: 1000.0
  solar_opex: 10
  solar_lifetime: 20
  carbon_price: 1.0
timeseries_values:
  load_level: 227636.39191827484
  wind_year: 2016
  solar_year: 2011
  price_year: 2023
  carbon_year: 2023
storage_values:
  CAES:
    cost: 68.6609
    lifetime: 27.7393
    annual_cost: 2.4752210762348006
    efficiency: 0.606824
    discharge_ratio: 0.1
    depth_of_discharge: 0.4
  Li-ion:
    cost: 185.37
    lifetime: 14.928
    annual_cost: 12.417604501607716
    efficiency: 0.924305
    discharge_ratio: 2
    depth_of_discharge: 0.9
  Pb-acid:
    cost: 184.054
    lifetime: 11.064
    annual_cost: 16.63539407086045
    efficiency: 0.70456
    discharge_ratio: 5
    depth_of_discharge: 0.5
  VRBF:
    cost: 112.595
    lifetime: 26.2366
    annual_cost: 4.29152405418385
    efficiency: 0.753213
    discharge_ratio: 0.5
    depth_of_discharge: 1.0
