cost_values:
  wind_capex: 5000.0
  wind_opex: 100
  wind_lifetime: 20
  solar_capex: 1000.0
  solar_opex: 10
  solar_lifetime: 20
  carbon_price: 1.0
timeseries_values:
  load_level: 227636.39191827484
  wind_year: 2016
  solar_year: 2011
  price_year: 2023
  carbon_year: 2023
storage_values:
  CAES:
    cost: 61.0764
    lifetime: 29.113
    annual_cost: 2.097908150997836
    efficiency: 0.61634
    discharge_ratio: 0.1
    depth_of_discharge: 0.4
  Li-ion:
    cost: 177.209
    lifetime: 14.7873
    annual_cost: 11.983864532402805
    efficiency: 0.943094
    discharge_ratio: 2
    depth_of_discharge: 0.9
  Pb-acid:
    cost: 163.162
    lifetime: 9.25337
    annual_cost: 17.632711109574135
    efficiency: 0.704267
    discharge_ratio: 5
    depth_of_discharge: 0.5
  VRBF:
    cost: 121.064
    lifetime: 26.7564
    annual_cost: 4.52467447040708
    efficiency: 0.727951
    discharge_ratio: 0.5
    depth_of_discharge: 1.0
