cost_values:
  wind_capex: 5000.0
  wind_opex: 100
  wind_lifetime: 20
  solar_capex: 1000.0
  solar_opex: 10
  solar_lifetime: 20
  carbon_price: 1.0
timeseries_values:
  load_level: 227636.39191827484
  wind_year: 2016
  solar_year: 2011
  price_year: 2023
  carbon_year: 2023
storage_values:
  CAES:
    cost: 66.4105
    lifetime: 28.2821
    annual_cost: 2.3481460004737977
    efficiency: 0.611246
    discharge_ratio: 0.1
    depth_of_discharge: 0.4
  Li-ion:
    cost: 190.77
    lifetime: 15.6038
    annual_cost: 12.225868057780797
    efficiency: 0.935426
    discharge_ratio: 2
    depth_of_discharge: 0.9
  Pb-acid:
    cost: 151.352
    lifetime: 10.7202
    annual_cost: 14.118393313557583
    efficiency: 0.693725
    discharge_ratio: 5
    depth_of_discharge: 0.5
  VRBF:
    cost: 136.58
    lifetime: 25.8831
    annual_cost: 5.276802237753593
    efficiency: 0.732355
    discharge_ratio: 0.5
    depth_of_discharge: 1.0
