cost_values:
  wind_capex: 5000.0
  wind_opex: 100
  wind_lifetime: 20
  solar_capex: 1000.0
  solar_opex: 10
  solar_lifetime: 20
  carbon_price: 1.0
timeseries_values:
  load_level: 227636.39191827484
  wind_year: 2016
  solar_year: 2011
  price_year: 2023
  carbon_year: 2023
storage_values:
  CAES:
    cost: 74.2361
    lifetime: 29.4902
    annual_cost: 2.51731422642098
    efficiency: 0.621874
    discharge_ratio: 0.1
    depth_of_discharge: 0.4
  Li-ion:
    cost: 148.071
    lifetime: 15.3362
    annual_cost: 9.654999282742791
    efficiency: 0.933876
    discharge_ratio: 2
    depth_of_discharge: 0.9
  Pb-acid:
    cost: 142.091
    lifetime: 9.69203
    annual_cost: 14.660602577581786
    efficiency: 0.705428
    discharge_ratio: 5
    depth_of_discharge: 0.5
  VRBF:
    cost: 129.994
    lifetime: 26.2674
    annual_cost: 4.948871985807503
    efficiency: 0.721473
    discharge_ratio: 0.5
    depth_of_discharge: 1.0
