cost_values:
  wind_capex: 5000.0
  wind_opex: 100
  wind_lifetime: 20
  solar_capex: 1000.0
  solar_opex: 10
  solar_lifetime: 20
  carbon_price: 1.0
timeseries_values:
  load_level: 227636.39191827484
  wind_year: 2016
  solar_year: 2011
  price_year: 2023
  carbon_year: 2023
storage_values:
  CAES:
    cost: 74.5057
    lifetime: 28.3817
    annual_cost: 2.6251316869673067
    efficiency: 0.617058
    discharge_ratio: 0.1
    depth_of_discharge: 0.4
  Li-ion:
    cost: 178.526
    lifetime: 13.8224
    annual_cost: 12.915702048848248
    efficiency: 0.933907
    discharge_ratio: 2
    depth_of_discharge: 0.9
  Pb-acid:
    cost: 157.83
    lifetime: 8.9251
    annual_cost: 17.683835475232772
    efficiency: 0.706295
    discharge_ratio: 5
    depth_of_discharge: 0.5
  VRBF:
    cost: 162.065
    lifetime: 25.9372
    annual_cost: 6.248361426830961
    efficiency: 0.742775
    discharge_ratio: 0.5
    depth_of_discharge: 1.0
