cost_values:
  wind_capex: 5000.0
  wind_opex: 100
  wind_lifetime: 20
  solar_capex: 1000.0
  solar_opex: 10
  solar_lifetime: 20
  carbon_price: 1.0
timeseries_values:
  load_level: 227636.39191827484
  wind_year: 2016
  solar_year: 2011
  price_year: 2023
  carbon_year: 2023
storage_values:
  CAES:
    cost: 70.2607
    lifetime: 27.5612
    annual_cost: 2.549261280350638
    efficiency: 0.615293
    discharge_ratio: 0.1
    depth_of_discharge: 0.4
  Li-ion:
    cost: 178.517
    lifetime: 14.384
    annual_cost: 12.410803670745272
    efficiency: 0.915013
    discharge_ratio: 2
    depth_of_discharge: 0.9
  Pb-acid:
    cost: 176.88
    lifetime: 8.46397
    annual_cost: 20.897994676257124
    efficiency: 0.700306
    discharge_ratio: 5
    depth_of_discharge: 0.5
  VRBF:
    cost: 113.823
    lifetime: 26.5025
    annual_cost: 4.294802377134232
    efficiency: 0.747566
    discharge_ratio: 0.5
    depth_of_discharge: 1.0
