cost_values:
  wind_capex: 5000.0
  wind_opex: 100
  wind_lifetime: 20
  solar_capex: 1000.0
  solar_opex: 10
  solar_lifetime: 20
  carbon_price: 1.0
timeseries_values:
  load_level: 227636.39191827484
  wind_year: 2016
  solar_year: 2011
  price_year: 2023
  carbon_year: 2023
storage_values:
  CAES:
    cost: 66.9773
    lifetime: 29.2269
    annual_cost: 2.2916320239231665
    efficiency: 0.603415
    discharge_ratio: 0.1
    depth_of_discharge: 0.4
  Li-ion:
    cost: 185.742
    lifetime: 15.8763
    annual_cost: 11.699325409572758
    efficiency: 0.92034
    discharge_ratio: 2
    depth_of_discharge: 0.9
  Pb-acid:
    cost: 146.438
    lifetime: 9.43814
    annual_cost: 15.515557090697953
    efficiency: 0.695816
    discharge_ratio: 5
    depth_of_discharge: 0.5
  VRBF:
    cost: 124.857
    lifetime: 25.9818
    annual_cost: 4.805556197030229
    efficiency: 0.746636
    discharge_ratio: 0.5
    depth_of_discharge: 1.0
