cost_values:
  wind_capex: 5000.0
  wind_opex: 100
  wind_lifetime: 20
  solar_capex: 1000.0
  solar_opex: 10
  solar_lifetime: 20
  carbon_price: 1.0
timeseries_values:
  load_level: 227636.39191827484
  wind_year: 2016
  solar_year: 2011
  price_year: 2023
  carbon_year: 2023
storage_values:
  CAES:
    cost: 65.136
    lifetime: 29.2331
    annual_cost: 2.2281591757288823
    efficiency: 0.619394
    discharge_ratio: 0.1
    depth_of_discharge: 0.4
  Li-ion:
    cost: 170.495
    lifetime: 13.8481
    annual_cost: 12.311797286270318
    efficiency: 0.938779
    discharge_ratio: 2
    depth_of_discharge: 0.9
  Pb-acid:
    cost: 151.633
    lifetime: 11.7646
    annual_cost: 12.888921000289004
    efficiency: 0.712294
    discharge_ratio: 5
    depth_of_discharge: 0.5
  VRBF:
    cost: 128.115
    lifetime: 26.638
    annual_cost: 4.809482693895938
    efficiency: 0.75318
    discharge_ratio: 0.5
    depth_of_discharge: 1.0
