cost_values:
  wind_capex: 5000.0
  wind_opex: 100
  wind_lifetime: 20
  solar_capex: 1000.0
  solar_opex: 10
  solar_lifetime: 20
  carbon_price: 1.0
timeseries_values:
  load_level: 227636.39191827484
  wind_year: 2016
  solar_year: 2011
  price_year: 2023
  carbon_year: 2023
storage_values:
  CAES:
    cost: 69.2652
    lifetime: 29.767
    annual_cost: 2.326912352605234
    efficiency: 0.626076
    discharge_ratio: 0.1
    depth_of_discharge: 0.4
  Li-ion:
    cost: 167.535
    lifetime: 15.2774
    annual_cost: 10.966198436906803
    efficiency: 0.93764
    discharge_ratio: 2
    depth_of_discharge: 0.9
  Pb-acid:
    cost: 146.471
    lifetime: 9.41468
    annual_cost: 15.55772474476031
    efficiency: 0.701175
    discharge_ratio: 5
    depth_of_discharge: 0.5
  VRBF:
    cost: 122.639
    lifetime: 28.6366
    annual_cost: 4.282596397617035
    efficiency: 0.748942
    discharge_ratio: 0.5
    depth_of_discharge: 1.0
