cost_values:
  wind_capex: 5000.0
  wind_opex: 100
  wind_lifetime: 20
  solar_capex: 1000.0
  solar_opex: 10
  solar_lifetime: 20
  carbon_price: 1.0
timeseries_values:
  load_level: 227636.39191827484
  wind_year: 2016
  solar_year: 2011
  price_year: 2023
  carbon_year: 2023
storage_values:
  CAES:
    cost: 68.9345
    lifetime: 28.2243
    annual_cost: 2.4423812105171785
    efficiency: 0.616906
    discharge_ratio: 0.1
    depth_of_discharge: 0.4
  Li-ion:
    cost: 189.953
    lifetime: 17.9065
    annual_cost: 10.608047357104962
    efficiency: 0.926939
    discharge_ratio: 2
    depth_of_discharge: 0.9
  Pb-acid:
    cost: 148.247
    lifetime: 10.7538
    annual_cost: 13.785545574587589
    efficiency: 0.704851
    discharge_ratio: 5
    depth_of_discharge: 0.5
  VRBF:
    cost: 128.609
    lifetime: 25.4679
    annual_cost: 5.049847062380487
    efficiency: 0.743065
    discharge_ratio: 0.5
    depth_of_discharge: 1.0
