cost_values:
  wind_capex: 5000.0
  wind_opex: 100
  wind_lifetime: 20
  solar_capex: 1000.0
  solar_opex: 10
  solar_lifetime: 20
  carbon_price: 1.0
timeseries_values:
  load_level: 227636.39191827484
  wind_year: 2016
  solar_year: 2011
  price_year: 2023
  carbon_year: 2023
storage_values:
  CAES:
    cost: 61.1792
    lifetime: 29.2636
    annual_cost: 2.090624530132998
    efficiency: 0.607564
    discharge_ratio: 0.1
    depth_of_discharge: 0.4
  Li-ion:
    cost: 169.376
    lifetime: 14.0171
    annual_cost: 12.083526549714279
    efficiency: 0.916935
    discharge_ratio: 2
    depth_of_discharge: 0.9
  Pb-acid:
    cost: 156.986
    lifetime: 10.2939
    annual_cost: 15.25039100826703
    efficiency: 0.680656
    discharge_ratio: 5
    depth_of_discharge: 0.5
  VRBF:
    cost: 139.556
    lifetime: 25.8939
    annual_cost: 5.3895318974739235
    efficiency: 0.732847
    discharge_ratio: 0.5
    depth_of_discharge: 1.0
