cost_values:
  wind_capex: 5000.0
  wind_opex: 100
  wind_lifetime: 20
  solar_capex: 1000.0
  solar_opex: 10
  solar_lifetime: 20
  carbon_price: 1.0
timeseries_values:
  load_level: 227636.39191827484
  wind_year: 2016
  solar_year: 2011
  price_year: 2023
  carbon_year: 2023
storage_values:
  CAES:
    cost: 73.4032
    lifetime: 29.0039
    annual_cost: 2.530804478018473
    efficiency: 0.615913
    discharge_ratio: 0.1
    depth_of_discharge: 0.4
  Li-ion:
    cost: 184.061
    lifetime: 14.6657
    annual_cost: 12.55044082450889
    efficiency: 0.936527
    discharge_ratio: 2
    depth_of_discharge: 0.9
  Pb-acid:
    cost: 149.562
    lifetime: 8.65651
    annual_cost: 17.277401631835463
    efficiency: 0.692598
    discharge_ratio: 5
    depth_of_discharge: 0.5
  VRBF:
    cost: 159.427
    lifetime: 26.8587
    annual_cost: 5.93576755390246
    efficiency: 0.724937
    discharge_ratio: 0.5
    depth_of_discharge: 1.0
