cost_values:
  wind_capex: 5000.0
  wind_opex: 100
  wind_lifetime: 20
  solar_capex: 1000.0
  solar_opex: 10
  solar_lifetime: 20
  carbon_price: 1.0
timeseries_values:
  load_level: 227636.39191827484
  wind_year: 2016
  solar_year: 2011
  price_year: 2023
  carbon_year: 2023
storage_values:
  CAES:
    cost: 68.0961
    lifetime: 28.9705
    annual_cost: 2.3505324381698625
    efficiency: 0.615879
    discharge_ratio: 0.1
    depth_of_discharge: 0.4
  Li-ion:
    cost: 181.203
    lifetime: 13.2075
    annual_cost: 13.719704713231119
    efficiency: 0.927157
    discharge_ratio: 2
    depth_of_discharge: 0.9
  Pb-acid:
    cost: 159.415
    lifetime: 8.92687
    annual_cost: 17.857882998184134
    efficiency: 0.709022
    discharge_ratio: 5
    depth_of_discharge: 0.5
  VRBF:
    cost: 115.716
    lifetime: 23.2719
    annual_cost: 4.972348626455081
    efficiency: 0.752534
    discharge_ratio: 0.5
    depth_of_discharge: 1.0
