cost_values:
  wind_capex: 5000.0
  wind_opex: 100
  wind_lifetime: 20
  solar_capex: 1000.0
  solar_opex: 10
  solar_lifetime: 20
  carbon_price: 1.0
timeseries_values:
  load_level: 227636.39191827484
  wind_year: 2016
  solar_year: 2011
  price_year: 2023
  carbon_year: 2023
storage_values:
  CAES:
    cost: 71.3489
    lifetime: 29.3284
    annual_cost: 2.4327580093015646
    efficiency: 0.615655
    discharge_ratio: 0.1
    depth_of_discharge: 0.4
  Li-ion:
    cost: 180.92
    lifetime: 14.3981
    annual_cost: 12.565546842986228
    efficiency: 0.926974
    discharge_ratio: 2
    depth_of_discharge: 0.9
  Pb-acid:
    cost: 179.811
    lifetime: 10.4465
    annual_cost: 17.21255923036424
    efficiency: 0.715821
    discharge_ratio: 5
    depth_of_discharge: 0.5
  VRBF:
    cost: 135.725
    lifetime: 27.1078
    annual_cost: 5.006861493739809
    efficiency: 0.760687
    discharge_ratio: 0.5
    depth_of_discharge: 1.0
