cost_values:
  wind_capex: 5000.0
  wind_opex: 100
  wind_lifetime: 20
  solar_capex: 1000.0
  solar_opex: 10
  solar_lifetime: 20
  carbon_price: 1.0
timeseries_values:
  load_level: 227636.39191827484
  wind_year: 2016
  solar_year: 2011
  price_year: 2023
  carbon_year: 2023
storage_values:
  CAES:
    cost: 69.506
    lifetime: 29.0344
    annual_cost: 2.393918937536164
    efficiency: 0.615933
    discharge_ratio: 0.1
    depth_of_discharge: 0.4
  Li-ion:
    cost: 169.326
    lifetime: 14.4941
    annual_cost: 11.682408704231376
    efficiency: 0.920042
    discharge_ratio: 2
    depth_of_discharge: 0.9
  Pb-acid:
    cost: 147.704
    lifetime: 10.5777
    annual_cost: 13.963716119761385
    efficiency: 0.711909
    discharge_ratio: 5
    depth_of_discharge: 0.5
  VRBF:
    cost: 123.44
    lifetime: 26.8874
    annual_cost: 4.590998013939615
    efficiency: 0.726483
    discharge_ratio: 0.5
    depth_of_discharge: 1.0
