cost_values:
  wind_capex: 5000.0
  wind_opex: 100
  wind_lifetime: 20
  solar_capex: 1000.0
  solar_opex: 10
  solar_lifetime: 20
  carbon_price: 1.0
timeseries_values:
  load_level: 227636.39191827484
  wind_year: 2016
  solar_year: 2011
  price_year: 2023
  carbon_year: 2023
storage_values:
  CAES:
    cost: 65.8091
    lifetime: 28.2941
    annual_cost: 2.3258947978553834
    efficiency: 0.604999
    discharge_ratio: 0.1
    depth_of_discharge: 0.4
  Li-ion:
    cost: 173.742
    lifetime: 16.3856
    annual_cost: 10.603334635289523
    efficiency: 0.944353
    discharge_ratio: 2
    depth_of_discharge: 0.9
  Pb-acid:
    cost: 184.281
    lifetime: 9.75709
    annual_cost: 18.886881232006676
    efficiency: 0.707616
    discharge_ratio: 5
    depth_of_discharge: 0.5
  VRBF:
    cost: 107.162
    lifetime: 25.418
    annual_cost: 4.215988669446849
    efficiency: 0.753387
    discharge_ratio: 0.5
    depth_of_discharge: 1.0
