cost_values:
  wind_capex: 5000.0
  wind_opex: 100
  wind_lifetime: 20
  solar_capex: 1000.0
  solar_opex: 10
  solar_lifetime: 20
  carbon_price: 1.0
timeseries_values:
  load_level: 227636.39191827484
  wind_year: 2016
  solar_year: 2011
  price_year: 2023
  carbon_year: 2023
storage_values:
  CAES:
    cost: 72.8237
    lifetime: 27.9317
    annual_cost: 2.6072061492855787
    efficiency: 0.606942
    discharge_ratio: 0.1
    depth_of_discharge: 0.4
  Li-ion:
    cost: 186.23
    lifetime: 14.498
    annual_cost: 12.845220030349013
    efficiency: 0.910608
    discharge_ratio: 2
    depth_of_discharge: 0.9
  Pb-acid:
    cost: 175.03
    lifetime: 10.5896
    annual_cost: 16.52848077358918
    efficiency: 0.710887
    discharge_ratio: 5
    depth_of_discharge: 0.5
  VRBF:
    cost: 101.76
    lifetime: 26.968
    annual_cost: 3.773361020468704
    efficiency: 0.746527
    discharge_ratio: 0.5
    depth_of_discharge: 1.0
