cost_values:
  wind_capex: 5000.0
  wind_opex: 100
  wind_lifetime: 20
  solar_capex: 1000.0
  solar_opex: 10
  solar_lifetime: 20
  carbon_price: 1.0
timeseries_values:
  load_level: 227636.39191827484
  wind_year: 2016
  solar_year: 2011
  price_year: 2023
  carbon_year: 2023
storage_values:
  CAES:
    cost: 60.5349
    lifetime: 28.8835
    annual_cost: 2.0958297990202017
    efficiency: 0.613761
    discharge_ratio: 0.1
    depth_of_discharge: 0.4
  Li-ion:
    cost: 181.854
    lifetime: 13.7208
    annual_cost: 13.253891901346861
    efficiency: 0.94209
    discharge_ratio: 2
    depth_of_discharge: 0.9
  Pb-acid:
    cost: 192.467
    lifetime: 11.0408
    annual_cost: 17.432341859285557
    efficiency: 0.705678
    discharge_ratio: 5
    depth_of_discharge: 0.5
  VRBF:
    cost: 121.514
    lifetime: 26.761
    annual_cost: 4.540712230484661
    efficiency: 0.726895
    discharge_ratio: 0.5
    depth_of_discharge: 1.0
