cost_values:
  wind_capex: 5000.0
  wind_opex: 100
  wind_lifetime: 20
  solar_capex: 1000.0
  solar_opex: 10
  solar_lifetime: 20
  carbon_price: 1.0
timeseries_values:
  load_level: 227636.39191827484
  wind_year: 2016
  solar_year: 2011
  price_year: 2023
  carbon_year: 2023
storage_values:
  CAES:
    cost: 68.08
    lifetime: 27.993
    annual_cost: 2.432036580573715
    efficiency: 0.608992
    discharge_ratio: 0.1
    depth_of_discharge: 0.4
  Li-ion:
    cost: 188.948
    lifetime: 16.2647
    annual_cost: 11.617060259334632
    efficiency: 0.914382
    discharge_ratio: 2
    depth_of_discharge: 0.9
  Pb-acid:
    cost: 165.331
    lifetime: 10.3842
    annual_cost: 15.92139981895572
    efficiency: 0.703315
    discharge_ratio: 5
    depth_of_discharge: 0.5
  VRBF:
    cost: 108.553
    lifetime: 25.9919
    annual_cost: 4.176416498986223
    efficiency: 0.766863
    discharge_ratio: 0.5
    depth_of_discharge: 1.0
