cost_values:
  wind_capex: 5000.0
  wind_opex: 100
  wind_lifetime: 20
  solar_capex: 1000.0
  solar_opex: 10
  solar_lifetime: 20
  carbon_price: 1.0
timeseries_values:
  load_level: 227636.39191827484
  wind_year: 2016
  solar_year: 2011
  price_year: 2023
  carbon_year: 2023
storage_values:
  CAES:
    cost: 73.7111
    lifetime: 28.5351
    annual_cost: 2.5831730044751904
    efficiency: 0.616574
    discharge_ratio: 0.1
    depth_of_discharge: 0.4
  Li-ion:
    cost: 167.638
    lifetime: 14.0659
    annual_cost: 11.918042926510214
    efficiency: 0.928298
    discharge_ratio: 2
    depth_of_discharge: 0.9
  Pb-acid:
    cost: 136.528
    lifetime: 7.46918
    annual_cost: 18.2788472094661
    efficiency: 0.701581
    discharge_ratio: 5
    depth_of_discharge: 0.5
  VRBF:
    cost: 115.678
    lifetime: 23.0552
    annual_cost: 5.01743641347722
    efficiency: 0.724947
    discharge_ratio: 0.5
    depth_of_discharge: 1.0
