cost_values:
  wind_capex: 5000.0
  wind_opex: 100
  wind_lifetime: 20
  solar_capex: 1000.0
  solar_opex: 10
  solar_lifetime: 20
  carbon_price: 1.0
timeseries_values:
  load_level: 227636.39191827484
  wind_year: 2016
  solar_year: 2011
  price_year: 2023
  carbon_year: 2023
storage_values:
  CAES:
    cost: 61.2747
    lifetime: 28.1422
    annual_cost: 2.177324445139328
    efficiency: 0.608755
    discharge_ratio: 0.1
    depth_of_discharge: 0.4
  Li-ion:
    cost: 168.564
    lifetime: 15.7436
    annual_cost: 10.706826901089967
    efficiency: 0.929388
    discharge_ratio: 2
    depth_of_discharge: 0.9
  Pb-acid:
    cost: 160.183
    lifetime: 11.5976
    annual_cost: 13.81173691108505
    efficiency: 0.698895
    discharge_ratio: 5
    depth_of_discharge: 0.5
  VRBF:
    cost: 153.549
    lifetime: 25.2177
    annual_cost: 6.088937531971592
    efficiency: 0.7234
    discharge_ratio: 0.5
    depth_of_discharge: 1.0
