cost_values:
  wind_capex: 5000.0
  wind_opex: 100
  wind_lifetime: 20
  solar_capex: 1000.0
  solar_opex: 10
  solar_lifetime: 20
  carbon_price: 1.0
timeseries_values:
  load_level: 227636.39191827484
  wind_year: 2016
  solar_year: 2011
  price_year: 2023
  carbon_year: 2023
storage_values:
  CAES:
    cost: 65.7171
    lifetime: 27.9228
    annual_cost: 2.3535282994542097
    efficiency: 0.611073
    discharge_ratio: 0.1
    depth_of_discharge: 0.4
  Li-ion:
    cost: 156.092
    lifetime: 16.1107
    annual_cost: 9.688716194827041
    efficiency: 0.936907
    discharge_ratio: 2
    depth_of_discharge: 0.9
  Pb-acid:
    cost: 154.797
    lifetime: 10.0272
    annual_cost: 15.437709430349448
    efficiency: 0.703191
    discharge_ratio: 5
    depth_of_discharge: 0.5
  VRBF:
    cost: 114.516
    lifetime: 25.2914
    annual_cost: 4.527863226235005
    efficiency: 0.711933
    discharge_ratio: 0.5
    depth_of_discharge: 1.0
