cost_values:
  wind_capex: 5000.0
  wind_opex: 100
  wind_lifetime: 20
  solar_capex: 1000.0
  solar_opex: 10
  solar_lifetime: 20
  carbon_price: 1.0
timeseries_values:
  load_level: 227636.39191827484
  wind_year: 2016
  solar_year: 2011
  price_year: 2023
  carbon_year: 2023
storage_values:
  CAES:
    cost: 65.1442
    lifetime: 28.106
    annual_cost: 2.3178040276097627
    efficiency: 0.609725
    discharge_ratio: 0.1
    depth_of_discharge: 0.4
  Li-ion:
    cost: 166.061
    lifetime: 15.2851
    annual_cost: 10.864240338630431
    efficiency: 0.9254
    discharge_ratio: 2
    depth_of_discharge: 0.9
  Pb-acid:
    cost: 141.098
    lifetime: 9.31636
    annual_cost: 15.145185458698464
    efficiency: 0.70195
    discharge_ratio: 5
    depth_of_discharge: 0.5
  VRBF:
    cost: 143.688
    lifetime: 25.367
    annual_cost: 5.664367091102613
    efficiency: 0.73081
    discharge_ratio: 0.5
    depth_of_discharge: 1.0
