cost_values:
  wind_capex: 5000.0
  wind_opex: 100
  wind_lifetime: 20
  solar_capex: 1000.0
  solar_opex: 10
  solar_lifetime: 20
  carbon_price: 1.0
timeseries_values:
  load_level: 227636.39191827484
  wind_year: 2016
  solar_year: 2011
  price_year: 2023
  carbon_year: 2023
storage_values:
  CAES:
    cost: 68.3976
    lifetime: 29.6145
    annual_cost: 2.309598338651674
    efficiency: 0.601443
    discharge_ratio: 0.1
    depth_of_discharge: 0.4
  Li-ion:
    cost: 161.578
    lifetime: 13.8578
    annual_cost: 11.659715106293929
    efficiency: 0.943248
    discharge_ratio: 2
    depth_of_discharge: 0.9
  Pb-acid:
    cost: 151.361
    lifetime: 9.70417
    annual_cost: 15.597521477880127
    efficiency: 0.713054
    discharge_ratio: 5
    depth_of_discharge: 0.5
  VRBF:
    cost: 136.71
    lifetime: 28.5154
    annual_cost: 4.794251527244928
    efficiency: 0.74848
    discharge_ratio: 0.5
    depth_of_discharge: 1.0
