cost_values:
  wind_capex: 5000.0
  wind_opex: 100
  wind_lifetime: 20
  solar_capex: 1000.0
  solar_opex: 10
  solar_lifetime: 20
  carbon_price: 1.0
timeseries_values:
  load_level: 227636.39191827484
  wind_year: 2016
  solar_year: 2011
  price_year: 2023
  carbon_year: 2023
storage_values:
  CAES:
    cost: 63.944
    lifetime: 28.8542
    annual_cost: 2.2161071871685927
    efficiency: 0.60939
    discharge_ratio: 0.1
    depth_of_discharge: 0.4
  Li-ion:
    cost: 162.037
    lifetime: 15.1517
    annual_cost: 10.694311529399341
    efficiency: 0.930896
    discharge_ratio: 2
    depth_of_discharge: 0.9
  Pb-acid:
    cost: 153.386
    lifetime: 11.169
    annual_cost: 13.73319007968484
    efficiency: 0.711936
    discharge_ratio: 5
    depth_of_discharge: 0.5
  VRBF:
    cost: 148.97
    lifetime: 26.2851
    annual_cost: 5.667469402817566
    efficiency: 0.713082
    discharge_ratio: 0.5
    depth_of_discharge: 1.0
