cost_values:
  wind_capex: 5000.0
  wind_opex: 100
  wind_lifetime: 20
  solar_capex: 1000.0
  solar_opex: 10
  solar_lifetime: 20
  carbon_price: 1.0
timeseries_values:
  load_level: 227636.39191827484
  wind_year: 2016
  solar_year: 2011
  price_year: 2023
  carbon_year: 2023
storage_values:
  CAES:
    cost: 65.8877
    lifetime: 28.2417
    annual_cost: 2.3329934104533363
    efficiency: 0.609029
    discharge_ratio: 0.1
    depth_of_discharge: 0.4
  Li-ion:
    cost: 173.842
    lifetime: 13.2859
    annual_cost: 13.084698816038056
    efficiency: 0.923487
    discharge_ratio: 2
    depth_of_discharge: 0.9
  Pb-acid:
    cost: 177.747
    lifetime: 9.94863
    annual_cost: 17.866480108316424
    efficiency: 0.714823
    discharge_ratio: 5
    depth_of_discharge: 0.5
  VRBF:
    cost: 106.144
    lifetime: 25.5903
    annual_cost: 4.147821635541592
    efficiency: 0.725606
    discharge_ratio: 0.5
    depth_of_discharge: 1.0
