cost_values:
  wind_capex: 5000.0
  wind_opex: 100
  wind_lifetime: 20
  solar_capex: 1000.0
  solar_opex: 10
  solar_lifetime: 20
  carbon_price: 1.0
timeseries_values:
  load_level: 227636.39191827484
  wind_year: 2016
  solar_year: 2011
  price_year: 2023
  carbon_year: 2023
storage_values:
  CAES:
    cost: 70.6203
    lifetime: 28.4236
    annual_cost: 2.4845656426349936
    efficiency: 0.606235
    discharge_ratio: 0.1
    depth_of_discharge: 0.4
  Li-ion:
    cost: 179.886
    lifetime: 14.7675
    annual_cost: 12.181208735398679
    efficiency: 0.936948
    discharge_ratio: 2
    depth_of_discharge: 0.9
  Pb-acid:
    cost: 146.183
    lifetime: 8.86015
    annual_cost: 16.49893060501233
    efficiency: 0.694207
    discharge_ratio: 5
    depth_of_discharge: 0.5
  VRBF:
    cost: 155.463
    lifetime: 25.1007
    annual_cost: 6.1935722908126065
    efficiency: 0.747039
    discharge_ratio: 0.5
    depth_of_discharge: 1.0
