cost_values:
  wind_capex: 5000.0
  wind_opex: 100
  wind_lifetime: 20
  solar_capex: 1000.0
  solar_opex: 10
  solar_lifetime: 20
  carbon_price: 1.0
timeseries_values:
  load_level: 227636.39191827484
  wind_year: 2016
  solar_year: 2011
  price_year: 2023
  carbon_year: 2023
storage_values:
  CAES:
    cost: 64.2822
    lifetime: 28.7763
    annual_cost: 2.2338591132285948
    efficiency: 0.613791
    discharge_ratio: 0.1
    depth_of_discharge: 0.4
  Li-ion:
    cost: 170.875
    lifetime: 14.5514
    annual_cost: 11.742856357463888
    efficiency: 0.929039
    discharge_ratio: 2
    depth_of_discharge: 0.9
  Pb-acid:
    cost: 151.579
    lifetime: 11.7258
    annual_cost: 12.926964471507276
    efficiency: 0.696934
    discharge_ratio: 5
    depth_of_discharge: 0.5
  VRBF:
    cost: 119.472
    lifetime: 24.6441
    annual_cost: 4.847894627923113
    efficiency: 0.728964
    discharge_ratio: 0.5
    depth_of_discharge: 1.0
