cost_values:
  wind_capex: 5000.0
  wind_opex: 100
  wind_lifetime: 20
  solar_capex: 1000.0
  solar_opex: 10
  solar_lifetime: 20
  carbon_price: 1.0
timeseries_values:
  load_level: 227636.39191827484
  wind_year: 2016
  solar_year: 2011
  price_year: 2023
  carbon_year: 2023
storage_values:
  CAES:
    cost: 68.4533
    lifetime: 28.736
    annual_cost: 2.3821443485523384
    efficiency: 0.621781
    discharge_ratio: 0.1
    depth_of_discharge: 0.4
  Li-ion:
    cost: 158.175
    lifetime: 13.1316
    annual_cost: 12.04537147034634
    efficiency: 0.938474
    discharge_ratio: 2
    depth_of_discharge: 0.9
  Pb-acid:
    cost: 169.737
    lifetime: 10.3492
    annual_cost: 16.400977853360647
    efficiency: 0.691996
    discharge_ratio: 5
    depth_of_discharge: 0.5
  VRBF:
    cost: 129.074
    lifetime: 25.1414
    annual_cost: 5.1339225341468655
    efficiency: 0.770778
    discharge_ratio: 0.5
    depth_of_discharge: 1.0
