cost_values:
  wind_capex: 5000.0
  wind_opex: 100
  wind_lifetime: 20
  solar_capex: 1000.0
  solar_opex: 10
  solar_lifetime: 20
  carbon_price: 1.0
timeseries_values:
  load_level: 227636.39191827484
  wind_year: 2016
  solar_year: 2011
  price_year: 2023
  carbon_year: 2023
storage_values:
  CAES:
    cost: 62.657
    lifetime: 27.9328
    annual_cost: 2.2431335204490774
    efficiency: 0.60925
    discharge_ratio: 0.1
    depth_of_discharge: 0.4
  Li-ion:
    cost: 153.302
    lifetime: 14.1762
    annual_cost: 10.81404043396679
    efficiency: 0.910552
    discharge_ratio: 2
    depth_of_discharge: 0.9
  Pb-acid:
    cost: 130.467
    lifetime: 11.1723
    annual_cost: 11.677720791600656
    efficiency: 0.702124
    discharge_ratio: 5
    depth_of_discharge: 0.5
  VRBF:
    cost: 114.346
    lifetime: 23.1516
    annual_cost: 4.939010694725203
    efficiency: 0.742732
    discharge_ratio: 0.5
    depth_of_discharge: 1.0
