cost_values:
  wind_capex: 5000.0
  wind_opex: 100
  wind_lifetime: 20
  solar_capex: 1000.0
  solar_opex: 10
  solar_lifetime: 20
  carbon_price: 1.0
timeseries_values:
  load_level: 227636.39191827484
  wind_year: 2016
  solar_year: 2011
  price_year: 2023
  carbon_year: 2023
storage_values:
  CAES:
    cost: 63.057
    lifetime: 28.9763
    annual_cost: 2.176157756511356
    efficiency: 0.610096
    discharge_ratio: 0.1
    depth_of_discharge: 0.4
  Li-ion:
    cost: 158.877
    lifetime: 14.2619
    annual_cost: 11.139960313843178
    efficiency: 0.919028
    discharge_ratio: 2
    depth_of_discharge: 0.9
  Pb-acid:
    cost: 144.088
    lifetime: 9.07837
    annual_cost: 15.871571658788968
    efficiency: 0.712485
    discharge_ratio: 5
    depth_of_discharge: 0.5
  VRBF:
    cost: 132.839
    lifetime: 27.9964
    annual_cost: 4.744860053435441
    efficiency: 0.728184
    discharge_ratio: 0.5
    depth_of_discharge: 1.0
