cost_values:
  wind_capex: 5000.0
  wind_opex: 100
  wind_lifetime: 20
  solar_capex: 1000.0
  solar_opex: 10
  solar_lifetime: 20
  carbon_price: 1.0
timeseries_values:
  load_level: 227636.39191827484
  wind_year: 2016
  solar_year: 2011
  price_year: 2023
  carbon_year: 2023
storage_values:
  CAES:
    cost: 76.3641
    lifetime: 29.0488
    annual_cost: 2.6288211561234887
    efficiency: 0.618942
    discharge_ratio: 0.1
    depth_of_discharge: 0.4
  Li-ion:
    cost: 172.14
    lifetime: 16.7429
    annual_cost: 10.281372999898464
    efficiency: 0.93482
    discharge_ratio: 2
    depth_of_discharge: 0.9
  Pb-acid:
    cost: 143.653
    lifetime: 8.85054
    annual_cost: 16.230987035819282
    efficiency: 0.714646
    discharge_ratio: 5
    depth_of_discharge: 0.5
  VRBF:
    cost: 150.118
    lifetime: 26.4465
    annual_cost: 5.676289868224528
    efficiency: 0.741569
    discharge_ratio: 0.5
    depth_of_discharge: 1.0
