cost_values:
  wind_capex: 5000.0
  wind_opex: 100
  wind_lifetime: 20
  solar_capex: 1000.0
  solar_opex: 10
  solar_lifetime: 20
  carbon_price: 1.0
timeseries_values:
  load_level: 227636.39191827484
  wind_year: 2016
  solar_year: 2011
  price_year: 2023
  carbon_year: 2023
storage_values:
  CAES:
    cost: 71.2315
    lifetime: 28.7784
    annual_cost: 2.4751723514858366
    efficiency: 0.610803
    discharge_ratio: 0.1
    depth_of_discharge: 0.4
  Li-ion:
    cost: 174.524
    lifetime: 14.7898
    annual_cost: 11.800294797766028
    efficiency: 0.931091
    discharge_ratio: 2
    depth_of_discharge: 0.9
  Pb-acid:
    cost: 155.862
    lifetime: 11.2063
    annual_cost: 13.908426510088074
    efficiency: 0.717717
    discharge_ratio: 5
    depth_of_discharge: 0.5
  VRBF:
    cost: 135.825
    lifetime: 25.9601
    annual_cost: 5.2320676730829225
    efficiency: 0.728065
    discharge_ratio: 0.5
    depth_of_discharge: 1.0
