cost_values:
  wind_capex: 5000.0
  wind_opex: 100
  wind_lifetime: 20
  solar_capex: 1000.0
  solar_opex: 10
  solar_lifetime: 20
  carbon_price: 1.0
timeseries_values:
  load_level: 227636.39191827484
  wind_year: 2016
  solar_year: 2011
  price_year: 2023
  carbon_year: 2023
storage_values:
  CAES:
    cost: 74.6767
    lifetime: 28.839
    annual_cost: 2.5894344464093764
    efficiency: 0.60403
    discharge_ratio: 0.1
    depth_of_discharge: 0.4
  Li-ion:
    cost: 171.955
    lifetime: 14.4791
    annual_cost: 11.876083458225995
    efficiency: 0.940553
    discharge_ratio: 2
    depth_of_discharge: 0.9
  Pb-acid:
    cost: 153.336
    lifetime: 9.55738
    annual_cost: 16.043727465058417
    efficiency: 0.697888
    discharge_ratio: 5
    depth_of_discharge: 0.5
  VRBF:
    cost: 122.9
    lifetime: 26.9619
    annual_cost: 4.558284097188997
    efficiency: 0.726828
    discharge_ratio: 0.5
    depth_of_discharge: 1.0
