cost_values:
  wind_capex: 5000.0
  wind_opex: 100
  wind_lifetime: 20
  solar_capex: 1000.0
  solar_opex: 10
  solar_lifetime: 20
  carbon_price: 1.0
timeseries_values:
  load_level: 227636.39191827484
  wind_year: 2016
  solar_year: 2011
  price_year: 2023
  carbon_year: 2023
storage_values:
  CAES:
    cost: 60.6492
    lifetime: 28.5221
    annual_cost: 2.1263932178906884
    efficiency: 0.608239
    discharge_ratio: 0.1
    depth_of_discharge: 0.4
  Li-ion:
    cost: 156.439
    lifetime: 15.1683
    annual_cost: 10.313548650804638
    efficiency: 0.94852
    discharge_ratio: 2
    depth_of_discharge: 0.9
  Pb-acid:
    cost: 173.014
    lifetime: 9.68751
    annual_cost: 17.859491241815494
    efficiency: 0.711401
    discharge_ratio: 5
    depth_of_discharge: 0.5
  VRBF:
    cost: 148.468
    lifetime: 27.0708
    annual_cost: 5.4844334116464974
    efficiency: 0.730583
    discharge_ratio: 0.5
    depth_of_discharge: 1.0
