cost_values:
  wind_capex: 5000.0
  wind_opex: 100
  wind_lifetime: 20
  solar_capex: 1000.0
  solar_opex: 10
  solar_lifetime: 20
  carbon_price: 1.0
timeseries_values:
  load_level: 227636.39191827484
  wind_year: 2016
  solar_year: 2011
  price_year: 2023
  carbon_year: 2023
storage_values:
  CAES:
    cost: 68.8928
    lifetime: 28.9841
    annual_cost: 2.3769169993203167
    efficiency: 0.623207
    discharge_ratio: 0.1
    depth_of_discharge: 0.4
  Li-ion:
    cost: 166.285
    lifetime: 14.9168
    annual_cost: 11.147498122921807
    efficiency: 0.936261
    discharge_ratio: 2
    depth_of_discharge: 0.9
  Pb-acid:
    cost: 133.17
    lifetime: 9.87629
    annual_cost: 13.4838081911325
    efficiency: 0.701043
    discharge_ratio: 5
    depth_of_discharge: 0.5
  VRBF:
    cost: 131.54
    lifetime: 24.7648
    annual_cost: 5.311571262437007
    efficiency: 0.734665
    discharge_ratio: 0.5
    depth_of_discharge: 1.0
