cost_values:
  wind_capex: 5000.0
  wind_opex: 100
  wind_lifetime: 20
  solar_capex: 1000.0
  solar_opex: 10
  solar_lifetime: 20
  carbon_price: 1.0
timeseries_values:
  load_level: 227636.39191827484
  wind_year: 2016
  solar_year: 2011
  price_year: 2023
  carbon_year: 2023
storage_values:
  CAES:
    cost: 70.9958
    lifetime: 29.0122
    annual_cost: 2.4471015641695564
    efficiency: 0.612636
    discharge_ratio: 0.1
    depth_of_discharge: 0.4
  Li-ion:
    cost: 163.304
    lifetime: 17.1437
    annual_cost: 9.525598324749033
    efficiency: 0.92769
    discharge_ratio: 2
    depth_of_discharge: 0.9
  Pb-acid:
    cost: 150.72
    lifetime: 8.61675
    annual_cost: 17.49151362172513
    efficiency: 0.689249
    discharge_ratio: 5
    depth_of_discharge: 0.5
  VRBF:
    cost: 116.424
    lifetime: 25.6649
    annual_cost: 4.536312239673641
    efficiency: 0.753407
    discharge_ratio: 0.5
    depth_of_discharge: 1.0
