cost_values:
  wind_capex: 5000.0
  wind_opex: 100
  wind_lifetime: 20
  solar_capex: 1000.0
  solar_opex: 10
  solar_lifetime: 20
  carbon_price: 1.0
timeseries_values:
  load_level: 227636.39191827484
  wind_year: 2016
  solar_year: 2011
  price_year: 2023
  carbon_year: 2023
storage_values:
  CAES:
    cost: 66.4144
    lifetime: 28.8558
    annual_cost: 2.301596212893075
    efficiency: 0.616298
    discharge_ratio: 0.1
    depth_of_discharge: 0.4
  Li-ion:
    cost: 170.43
    lifetime: 14.3974
    annual_cost: 11.837554002806064
    efficiency: 0.920729
    discharge_ratio: 2
    depth_of_discharge: 0.9
  Pb-acid:
    cost: 157.378
    lifetime: 10.006
    annual_cost: 15.728362982210673
    efficiency: 0.697071
    discharge_ratio: 5
    depth_of_discharge: 0.5
  VRBF:
    cost: 111.766
    lifetime: 27.6254
    annual_cost: 4.045769473021205
    efficiency: 0.733843
    discharge_ratio: 0.5
    depth_of_discharge: 1.0
