cost_values:
  wind_capex: 5000.0
  wind_opex: 100
  wind_lifetime: 20
  solar_capex: 1000.0
  solar_opex: 10
  solar_lifetime: 20
  carbon_price: 1.0
timeseries_values:
  load_level: 227636.39191827484
  wind_year: 2016
  solar_year: 2011
  price_year: 2023
  carbon_year: 2023
storage_values:
  CAES:
    cost: 66.7689
    lifetime: 28.9462
    annual_cost: 2.306655104987874
    efficiency: 0.606767
    discharge_ratio: 0.1
    depth_of_discharge: 0.4
  Li-ion:
    cost: 173.666
    lifetime: 13.8081
    annual_cost: 12.577110536569116
    efficiency: 0.925192
    discharge_ratio: 2
    depth_of_discharge: 0.9
  Pb-acid:
    cost: 144.381
    lifetime: 9.39949
    annual_cost: 15.360514240666248
    efficiency: 0.700729
    discharge_ratio: 5
    depth_of_discharge: 0.5
  VRBF:
    cost: 150.627
    lifetime: 25.4008
    annual_cost: 5.930010078422727
    efficiency: 0.733022
    discharge_ratio: 0.5
    depth_of_discharge: 1.0
