cost_values:
  wind_capex: 5000.0
  wind_opex: 100
  wind_lifetime: 20
  solar_capex: 1000.0
  solar_opex: 10
  solar_lifetime: 20
  carbon_price: 1.0
timeseries_values:
  load_level: 227636.39191827484
  wind_year: 2016
  solar_year: 2011
  price_year: 2023
  carbon_year: 2023
storage_values:
  CAES:
    cost: 70.4336
    lifetime: 28.5424
    annual_cost: 2.467683166096754
    efficiency: 0.615909
    discharge_ratio: 0.1
    depth_of_discharge: 0.4
  Li-ion:
    cost: 172.101
    lifetime: 14.8435
    annual_cost: 11.594367905143665
    efficiency: 0.92618
    discharge_ratio: 2
    depth_of_discharge: 0.9
  Pb-acid:
    cost: 149.97
    lifetime: 11.8316
    annual_cost: 12.675377801818858
    efficiency: 0.688686
    discharge_ratio: 5
    depth_of_discharge: 0.5
  VRBF:
    cost: 138.201
    lifetime: 27.4078
    annual_cost: 5.042396689993359
    efficiency: 0.731518
    discharge_ratio: 0.5
    depth_of_discharge: 1.0
