cost_values:
  wind_capex: 5000.0
  wind_opex: 100
  wind_lifetime: 20
  solar_capex: 1000.0
  solar_opex: 10
  solar_lifetime: 20
  carbon_price: 1.0
timeseries_values:
  load_level: 227636.39191827484
  wind_year: 2016
  solar_year: 2011
  price_year: 2023
  carbon_year: 2023
storage_values:
  CAES:
    cost: 64.9445
    lifetime: 29.0216
    annual_cost: 2.23779874300521
    efficiency: 0.612539
    discharge_ratio: 0.1
    depth_of_discharge: 0.4
  Li-ion:
    cost: 147.806
    lifetime: 14.7529
    annual_cost: 10.01877596947041
    efficiency: 0.930419
    discharge_ratio: 2
    depth_of_discharge: 0.9
  Pb-acid:
    cost: 157.252
    lifetime: 10.1971
    annual_cost: 15.421247217346108
    efficiency: 0.710453
    discharge_ratio: 5
    depth_of_discharge: 0.5
  VRBF:
    cost: 116.118
    lifetime: 26.0306
    annual_cost: 4.460826872987945
    efficiency: 0.74123
    discharge_ratio: 0.5
    depth_of_discharge: 1.0
