cost_values:
  wind_capex: 5000.0
  wind_opex: 100
  wind_lifetime: 20
  solar_capex: 1000.0
  solar_opex: 10
  solar_lifetime: 20
  carbon_price: 1.0
timeseries_values:
  load_level: 227636.39191827484
  wind_year: 2016
  solar_year: 2011
  price_year: 2023
  carbon_year: 2023
storage_values:
  CAES:
    cost: 60.5726
    lifetime: 27.9623
    annual_cost: 2.166223808484996
    efficiency: 0.604354
    discharge_ratio: 0.1
    depth_of_discharge: 0.4
  Li-ion:
    cost: 182.366
    lifetime: 16.0406
    annual_cost: 11.369026096280688
    efficiency: 0.918635
    discharge_ratio: 2
    depth_of_discharge: 0.9
  Pb-acid:
    cost: 152.332
    lifetime: 10.2052
    annual_cost: 14.926900011758711
    efficiency: 0.706162
    discharge_ratio: 5
    depth_of_discharge: 0.5
  VRBF:
    cost: 164.691
    lifetime: 26.6796
    annual_cost: 6.1729186344622855
    efficiency: 0.752017
    discharge_ratio: 0.5
    depth_of_discharge: 1.0
