cost_values:
  wind_capex: 5000.0
  wind_opex: 100
  wind_lifetime: 20
  solar_capex: 1000.0
  solar_opex: 10
  solar_lifetime: 20
  carbon_price: 1.0
timeseries_values:
  load_level: 227636.39191827484
  wind_year: 2016
  solar_year: 2011
  price_year: 2023
  carbon_year: 2023
storage_values:
  CAES:
    cost: 62.5541
    lifetime: 28.6024
    annual_cost: 2.187022767320225
    efficiency: 0.609725
    discharge_ratio: 0.1
    depth_of_discharge: 0.4
  Li-ion:
    cost: 175.743
    lifetime: 15.5032
    annual_cost: 11.335917746013726
    efficiency: 0.929931
    discharge_ratio: 2
    depth_of_discharge: 0.9
  Pb-acid:
    cost: 157.484
    lifetime: 10.2739
    annual_cost: 15.328550988426986
    efficiency: 0.698161
    discharge_ratio: 5
    depth_of_discharge: 0.5
  VRBF:
    cost: 121.804
    lifetime: 25.0277
    annual_cost: 4.866767621475406
    efficiency: 0.721615
    discharge_ratio: 0.5
    depth_of_discharge: 1.0
