cost_values:
  wind_capex: 5000.0
  wind_opex: 100
  wind_lifetime: 20
  solar_capex: 1000.0
  solar_opex: 10
  solar_lifetime: 20
  carbon_price: 1.0
timeseries_values:
  load_level: 227636.39191827484
  wind_year: 2016
  solar_year: 2011
  price_year: 2023
  carbon_year: 2023
storage_values:
  CAES:
    cost: 76.9562
    lifetime: 27.9869
    annual_cost: 2.7497221914538588
    efficiency: 0.608166
    discharge_ratio: 0.1
    depth_of_discharge: 0.4
  Li-ion:
    cost: 160.829
    lifetime: 11.3198
    annual_cost: 14.20775985441439
    efficiency: 0.940106
    discharge_ratio: 2
    depth_of_discharge: 0.9
  Pb-acid:
    cost: 153.515
    lifetime: 9.97575
    annual_cost: 15.388817883367164
    efficiency: 0.70361
    discharge_ratio: 5
    depth_of_discharge: 0.5
  VRBF:
    cost: 112.585
    lifetime: 25.2751
    annual_cost: 4.454383958916088
    efficiency: 0.722257
    discharge_ratio: 0.5
    depth_of_discharge: 1.0
