cost_values:
  wind_capex: 5000.0
  wind_opex: 100
  wind_lifetime: 20
  solar_capex: 1000.0
  solar_opex: 10
  solar_lifetime: 20
  carbon_price: 1.0
timeseries_values:
  load_level: 227636.39191827484
  wind_year: 2016
  solar_year: 2011
  price_year: 2023
  carbon_year: 2023
storage_values:
  CAES:
    cost: 67.1141
    lifetime: 28.3423
    annual_cost: 2.3679835440313592
    efficiency: 0.614537
    discharge_ratio: 0.1
    depth_of_discharge: 0.4
  Li-ion:
    cost: 176.412
    lifetime: 12.8794
    annual_cost: 13.697221920275789
    efficiency: 0.932047
    discharge_ratio: 2
    depth_of_discharge: 0.9
  Pb-acid:
    cost: 150.267
    lifetime: 9.63956
    annual_cost: 15.588574582242343
    efficiency: 0.710625
    discharge_ratio: 5
    depth_of_discharge: 0.5
  VRBF:
    cost: 145.449
    lifetime: 26.9916
    annual_cost: 5.388676477126218
    efficiency: 0.710124
    discharge_ratio: 0.5
    depth_of_discharge: 1.0
