cost_values:
  wind_capex: 5000.0
  wind_opex: 100
  wind_lifetime: 20
  solar_capex: 1000.0
  solar_opex: 10
  solar_lifetime: 20
  carbon_price: 1.0
timeseries_values:
  load_level: 253799.36508544514
  wind_year: 2013
  solar_year: 2014
  price_year: 2023
  carbon_year: 2023
storage_values:
  CAES:
    cost: 43.6068
    lifetime: 24.3947
    annual_cost: 1.7875522142104636
    efficiency: 0.615414
    discharge_ratio: 0.1
    depth_of_discharge: 0.4
  Li-ion:
    cost: 165.865
    lifetime: 15.1457
    annual_cost: 10.951293106294196
    efficiency: 0.908245
    discharge_ratio: 2
    depth_of_discharge: 0.9
  Pb-acid:
    cost: 137.746
    lifetime: 15.9663
    annual_cost: 8.62729624271121
    efficiency: 0.756585
    discharge_ratio: 5
    depth_of_discharge: 0.5
  VRBF:
    cost: 271.084
    lifetime: 27.5335
    annual_cost: 9.845606261463308
    efficiency: 0.769023
    discharge_ratio: 0.5
    depth_of_discharge: 1.0
