cost_values:
  wind_capex: 5000.0
  wind_opex: 100
  wind_lifetime: 20
  solar_capex: 1000.0
  solar_opex: 10
  solar_lifetime: 20
  carbon_price: 1.0
timeseries_values:
  load_level: 253799.36508544514
  wind_year: 2013
  solar_year: 2014
  price_year: 2023
  carbon_year: 2023
storage_values:
  CAES:
    cost: 38.4413
    lifetime: 25.0868
    annual_cost: 1.5323317441841924
    efficiency: 0.624858
    discharge_ratio: 0.1
    depth_of_discharge: 0.4
  Li-ion:
    cost: 164.453
    lifetime: 13.6313
    annual_cost: 12.064366568118961
    efficiency: 0.891512
    discharge_ratio: 2
    depth_of_discharge: 0.9
  Pb-acid:
    cost: 128.991
    lifetime: 15.521
    annual_cost: 8.310740287352619
    efficiency: 0.75234
    discharge_ratio: 5
    depth_of_discharge: 0.5
  VRBF:
    cost: 221.799
    lifetime: 27.9821
    annual_cost: 7.926460129868738
    efficiency: 0.773169
    discharge_ratio: 0.5
    depth_of_discharge: 1.0
