cost_values:
  wind_capex: 5000.0
  wind_opex: 100
  wind_lifetime: 20
  solar_capex: 1000.0
  solar_opex: 10
  solar_lifetime: 20
  carbon_price: 1.0
timeseries_values:
  load_level: 253799.36508544514
  wind_year: 2013
  solar_year: 2014
  price_year: 2023
  carbon_year: 2023
storage_values:
  CAES:
    cost: 45.7018
    lifetime: 24.5691
    annual_cost: 1.860133256814454
    efficiency: 0.621215
    discharge_ratio: 0.1
    depth_of_discharge: 0.4
  Li-ion:
    cost: 170.045
    lifetime: 15.4629
    annual_cost: 10.996966933757575
    efficiency: 0.890234
    discharge_ratio: 2
    depth_of_discharge: 0.9
  Pb-acid:
    cost: 131.317
    lifetime: 15.4171
    annual_cost: 8.517620045274404
    efficiency: 0.761232
    discharge_ratio: 5
    depth_of_discharge: 0.5
  VRBF:
    cost: 242.927
    lifetime: 25.4593
    annual_cost: 9.54177844638305
    efficiency: 0.788903
    discharge_ratio: 0.5
    depth_of_discharge: 1.0
