cost_values:
  wind_capex: 5000.0
  wind_opex: 100
  wind_lifetime: 20
  solar_capex: 1000.0
  solar_opex: 10
  solar_lifetime: 20
  carbon_price: 1.0
timeseries_values:
  load_level: 253799.36508544514
  wind_year: 2013
  solar_year: 2014
  price_year: 2023
  carbon_year: 2023
storage_values:
  CAES:
    cost: 39.6594
    lifetime: 24.2902
    annual_cost: 1.6327325423421792
    efficiency: 0.617437
    discharge_ratio: 0.1
    depth_of_discharge: 0.4
  Li-ion:
    cost: 163.486
    lifetime: 13.9299
    annual_cost: 11.736336944270956
    efficiency: 0.892056
    discharge_ratio: 2
    depth_of_discharge: 0.9
  Pb-acid:
    cost: 150.543
    lifetime: 16.269
    annual_cost: 9.253365295961647
    efficiency: 0.749839
    discharge_ratio: 5
    depth_of_discharge: 0.5
  VRBF:
    cost: 265.289
    lifetime: 26.9893
    annual_cost: 9.829413878833464
    efficiency: 0.786649
    discharge_ratio: 0.5
    depth_of_discharge: 1.0
