cost_values:
  wind_capex: 5000.0
  wind_opex: 100
  wind_lifetime: 20
  solar_capex: 1000.0
  solar_opex: 10
  solar_lifetime: 20
  carbon_price: 1.0
timeseries_values:
  load_level: 253799.36508544514
  wind_year: 2013
  solar_year: 2014
  price_year: 2023
  carbon_year: 2023
storage_values:
  CAES:
    cost: 38.6565
    lifetime: 23.9515
    annual_cost: 1.613949021981922
    efficiency: 0.627105
    discharge_ratio: 0.1
    depth_of_discharge: 0.4
  Li-ion:
    cost: 150.533
    lifetime: 15.3474
    annual_cost: 9.808371450538852
    efficiency: 0.907812
    discharge_ratio: 2
    depth_of_discharge: 0.9
  Pb-acid:
    cost: 129.903
    lifetime: 15.113
    annual_cost: 8.595447627870046
    efficiency: 0.756214
    discharge_ratio: 5
    depth_of_discharge: 0.5
  VRBF:
    cost: 275.833
    lifetime: 26.9524
    annual_cost: 10.234079339873258
    efficiency: 0.78526
    discharge_ratio: 0.5
    depth_of_discharge: 1.0
