cost_values:
  wind_capex: 5000.0
  wind_opex: 100
  wind_lifetime: 20
  solar_capex: 1000.0
  solar_opex: 10
  solar_lifetime: 20
  carbon_price: 1.0
timeseries_values:
  load_level: 253799.36508544514
  wind_year: 2013
  solar_year: 2014
  price_year: 2023
  carbon_year: 2023
storage_values:
  CAES:
    cost: 39.324
    lifetime: 23.9582
    annual_cost: 1.6413586997353722
    efficiency: 0.622671
    discharge_ratio: 0.1
    depth_of_discharge: 0.4
  Li-ion:
    cost: 152.327
    lifetime: 14.2523
    annual_cost: 10.687888972306224
    efficiency: 0.897374
    discharge_ratio: 2
    depth_of_discharge: 0.9
  Pb-acid:
    cost: 153.662
    lifetime: 17.3216
    annual_cost: 8.871120450766673
    efficiency: 0.766506
    discharge_ratio: 5
    depth_of_discharge: 0.5
  VRBF:
    cost: 265.015
    lifetime: 27.4812
    annual_cost: 9.643501739370915
    efficiency: 0.768539
    discharge_ratio: 0.5
    depth_of_discharge: 1.0
