cost_values:
  wind_capex: 5000.0
  wind_opex: 100
  wind_lifetime: 20
  solar_capex: 1000.0
  solar_opex: 10
  solar_lifetime: 20
  carbon_price: 1.0
timeseries_values:
  load_level: 253799.36508544514
  wind_year: 2013
  solar_year: 2014
  price_year: 2023
  carbon_year: 2023
storage_values:
  CAES:
    cost: 45.7664
    lifetime: 26.6004
    annual_cost: 1.7205154809702108
    efficiency: 0.625376
    discharge_ratio: 0.1
    depth_of_discharge: 0.4
  Li-ion:
    cost: 163.656
    lifetime: 16.6746
    annual_cost: 9.814688208412795
    efficiency: 0.893563
    discharge_ratio: 2
    depth_of_discharge: 0.9
  Pb-acid:
    cost: 118.345
    lifetime: 16.3157
    annual_cost: 7.2534430027519505
    efficiency: 0.745446
    discharge_ratio: 5
    depth_of_discharge: 0.5
  VRBF:
    cost: 279.393
    lifetime: 27.1501
    annual_cost: 10.290680328985896
    efficiency: 0.762879
    discharge_ratio: 0.5
    depth_of_discharge: 1.0
