cost_values:
  wind_capex: 5000.0
  wind_opex: 100
  wind_lifetime: 20
  solar_capex: 1000.0
  solar_opex: 10
  solar_lifetime: 20
  carbon_price: 1.0
timeseries_values:
  load_level: 253799.36508544514
  wind_year: 2013
  solar_year: 2014
  price_year: 2023
  carbon_year: 2023
storage_values:
  CAES:
    cost: 39.6631
    lifetime: 24.8281
    annual_cost: 1.5975084682275327
    efficiency: 0.617331
    discharge_ratio: 0.1
    depth_of_discharge: 0.4
  Li-ion:
    cost: 153.245
    lifetime: 14.6014
    annual_cost: 10.495226485131562
    efficiency: 0.901483
    discharge_ratio: 2
    depth_of_discharge: 0.9
  Pb-acid:
    cost: 127.524
    lifetime: 15.9278
    annual_cost: 8.006378784263992
    efficiency: 0.747927
    discharge_ratio: 5
    depth_of_discharge: 0.5
  VRBF:
    cost: 234.952
    lifetime: 25.9884
    annual_cost: 9.040648904896031
    efficiency: 0.768592
    discharge_ratio: 0.5
    depth_of_discharge: 1.0
