cost_values:
  wind_capex: 5000.0
  wind_opex: 100
  wind_lifetime: 20
  solar_capex: 1000.0
  solar_opex: 10
  solar_lifetime: 20
  carbon_price: 1.0
timeseries_values:
  load_level: 253799.36508544514
  wind_year: 2013
  solar_year: 2014
  price_year: 2023
  carbon_year: 2023
storage_values:
  CAES:
    cost: 40.6858
    lifetime: 25.0868
    annual_cost: 1.6218011065580304
    efficiency: 0.619691
    discharge_ratio: 0.1
    depth_of_discharge: 0.4
  Li-ion:
    cost: 153.819
    lifetime: 15.3239
    annual_cost: 10.037849372548763
    efficiency: 0.909246
    discharge_ratio: 2
    depth_of_discharge: 0.9
  Pb-acid:
    cost: 121.325
    lifetime: 17.2617
    annual_cost: 7.028566131956875
    efficiency: 0.754106
    discharge_ratio: 5
    depth_of_discharge: 0.5
  VRBF:
    cost: 256.281
    lifetime: 28.0494
    annual_cost: 9.136772979101158
    efficiency: 0.77013
    discharge_ratio: 0.5
    depth_of_discharge: 1.0
