cost_values:
  wind_capex: 5000.0
  wind_opex: 100
  wind_lifetime: 20
  solar_capex: 1000.0
  solar_opex: 10
  solar_lifetime: 20
  carbon_price: 1.0
timeseries_values:
  load_level: 253799.36508544514
  wind_year: 2013
  solar_year: 2014
  price_year: 2023
  carbon_year: 2023
storage_values:
  CAES:
    cost: 38.2098
    lifetime: 24.4812
    annual_cost: 1.5607813342483212
    efficiency: 0.605406
    discharge_ratio: 0.1
    depth_of_discharge: 0.4
  Li-ion:
    cost: 164.805
    lifetime: 15.4095
    annual_cost: 10.695025795775335
    efficiency: 0.901716
    discharge_ratio: 2
    depth_of_discharge: 0.9
  Pb-acid:
    cost: 130.122
    lifetime: 16.3329
    annual_cost: 7.9668644270154125
    efficiency: 0.767702
    discharge_ratio: 5
    depth_of_discharge: 0.5
  VRBF:
    cost: 226.261
    lifetime: 27.811
    annual_cost: 8.135665743770451
    efficiency: 0.770214
    discharge_ratio: 0.5
    depth_of_discharge: 1.0
