cost_values:
  wind_capex: 5000.0
  wind_opex: 100
  wind_lifetime: 20
  solar_capex: 1000.0
  solar_opex: 10
  solar_lifetime: 20
  carbon_price: 1.0
timeseries_values:
  load_level: 253799.36508544514
  wind_year: 2013
  solar_year: 2014
  price_year: 2023
  carbon_year: 2023
storage_values:
  CAES:
    cost: 45.8275
    lifetime: 25.4032
    annual_cost: 1.8040050072431821
    efficiency: 0.613599
    discharge_ratio: 0.1
    depth_of_discharge: 0.4
  Li-ion:
    cost: 160.682
    lifetime: 14.8725
    annual_cost: 10.803967053286266
    efficiency: 0.896425
    discharge_ratio: 2
    depth_of_discharge: 0.9
  Pb-acid:
    cost: 136.027
    lifetime: 16.9934
    annual_cost: 8.004695940777006
    efficiency: 0.752768
    discharge_ratio: 5
    depth_of_discharge: 0.5
  VRBF:
    cost: 242.301
    lifetime: 26.9793
    annual_cost: 8.980996541793152
    efficiency: 0.772579
    discharge_ratio: 0.5
    depth_of_discharge: 1.0
