cost_values:
  wind_capex: 5000.0
  wind_opex: 100
  wind_lifetime: 20
  solar_capex: 1000.0
  solar_opex: 10
  solar_lifetime: 20
  carbon_price: 1.0
timeseries_values:
  load_level: 253799.36508544514
  wind_year: 2013
  solar_year: 2014
  price_year: 2023
  carbon_year: 2023
storage_values:
  CAES:
    cost: 47.449
    lifetime: 24.5943
    annual_cost: 1.9292681637615219
    efficiency: 0.614566
    discharge_ratio: 0.1
    depth_of_discharge: 0.4
  Li-ion:
    cost: 153.147
    lifetime: 17.3576
    annual_cost: 8.823051573950314
    efficiency: 0.901461
    discharge_ratio: 2
    depth_of_discharge: 0.9
  Pb-acid:
    cost: 124.758
    lifetime: 16.293
    annual_cost: 7.6571533787516115
    efficiency: 0.749893
    discharge_ratio: 5
    depth_of_discharge: 0.5
  VRBF:
    cost: 249.95
    lifetime: 27.3504
    annual_cost: 9.138806013806013
    efficiency: 0.769968
    discharge_ratio: 0.5
    depth_of_discharge: 1.0
