cost_values:
  wind_capex: 5000.0
  wind_opex: 100
  wind_lifetime: 20
  solar_capex: 1000.0
  solar_opex: 10
  solar_lifetime: 20
  carbon_price: 1.0
timeseries_values:
  load_level: 253799.36508544514
  wind_year: 2013
  solar_year: 2014
  price_year: 2023
  carbon_year: 2023
storage_values:
  CAES:
    cost: 37.8649
    lifetime: 24.4651
    annual_cost: 1.5477108207201278
    efficiency: 0.620515
    discharge_ratio: 0.1
    depth_of_discharge: 0.4
  Li-ion:
    cost: 146.671
    lifetime: 13.5733
    annual_cost: 10.805846772708184
    efficiency: 0.901399
    discharge_ratio: 2
    depth_of_discharge: 0.9
  Pb-acid:
    cost: 128.149
    lifetime: 16.5326
    annual_cost: 7.751291387924465
    efficiency: 0.754464
    discharge_ratio: 5
    depth_of_discharge: 0.5
  VRBF:
    cost: 269.884
    lifetime: 26.5788
    annual_cost: 10.154107785152076
    efficiency: 0.773
    discharge_ratio: 0.5
    depth_of_discharge: 1.0
