cost_values:
  wind_capex: 5000.0
  wind_opex: 100
  wind_lifetime: 20
  solar_capex: 1000.0
  solar_opex: 10
  solar_lifetime: 20
  carbon_price: 1.0
timeseries_values:
  load_level: 253799.36508544514
  wind_year: 2013
  solar_year: 2014
  price_year: 2023
  carbon_year: 2023
storage_values:
  CAES:
    cost: 35.948
    lifetime: 24.6287
    annual_cost: 1.4595979487346065
    efficiency: 0.620988
    discharge_ratio: 0.1
    depth_of_discharge: 0.4
  Li-ion:
    cost: 168.216
    lifetime: 11.3289
    annual_cost: 14.848396578661653
    efficiency: 0.894483
    discharge_ratio: 2
    depth_of_discharge: 0.9
  Pb-acid:
    cost: 134.76
    lifetime: 17.8143
    annual_cost: 7.56470925043364
    efficiency: 0.754709
    discharge_ratio: 5
    depth_of_discharge: 0.5
  VRBF:
    cost: 210.541
    lifetime: 26.2011
    annual_cost: 8.035578658911266
    efficiency: 0.775861
    discharge_ratio: 0.5
    depth_of_discharge: 1.0
