cost_values:
  wind_capex: 5000.0
  wind_opex: 100
  wind_lifetime: 20
  solar_capex: 1000.0
  solar_opex: 10
  solar_lifetime: 20
  carbon_price: 1.0
timeseries_values:
  load_level: 253799.36508544514
  wind_year: 2013
  solar_year: 2014
  price_year: 2023
  carbon_year: 2023
storage_values:
  CAES:
    cost: 36.1365
    lifetime: 25.7613
    annual_cost: 1.4027436503592599
    efficiency: 0.626461
    discharge_ratio: 0.1
    depth_of_discharge: 0.4
  Li-ion:
    cost: 146.178
    lifetime: 17.0311
    annual_cost: 8.583004033796996
    efficiency: 0.901834
    discharge_ratio: 2
    depth_of_discharge: 0.9
  Pb-acid:
    cost: 120.021
    lifetime: 16.4961
    annual_cost: 7.275719715569135
    efficiency: 0.745519
    discharge_ratio: 5
    depth_of_discharge: 0.5
  VRBF:
    cost: 261.275
    lifetime: 26.9341
    annual_cost: 9.70052832654516
    efficiency: 0.792453
    discharge_ratio: 0.5
    depth_of_discharge: 1.0
