cost_values:
  wind_capex: 5000.0
  wind_opex: 100
  wind_lifetime: 20
  solar_capex: 1000.0
  solar_opex: 10
  solar_lifetime: 20
  carbon_price: 1.0
timeseries_values:
  load_level: 253799.36508544514
  wind_year: 2013
  solar_year: 2014
  price_year: 2023
  carbon_year: 2023
storage_values:
  CAES:
    cost: 44.5931
    lifetime: 25.1309
    annual_cost: 1.774433068453577
    efficiency: 0.621251
    discharge_ratio: 0.1
    depth_of_discharge: 0.4
  Li-ion:
    cost: 166.852
    lifetime: 14.7532
    annual_cost: 11.309546403492124
    efficiency: 0.914423
    discharge_ratio: 2
    depth_of_discharge: 0.9
  Pb-acid:
    cost: 136.585
    lifetime: 16.9332
    annual_cost: 8.066106819738739
    efficiency: 0.742728
    discharge_ratio: 5
    depth_of_discharge: 0.5
  VRBF:
    cost: 285.766
    lifetime: 28.9105
    annual_cost: 9.884505629442591
    efficiency: 0.768626
    discharge_ratio: 0.5
    depth_of_discharge: 1.0
