cost_values:
  wind_capex: 5000.0
  wind_opex: 100
  wind_lifetime: 20
  solar_capex: 1000.0
  solar_opex: 10
  solar_lifetime: 20
  carbon_price: 1.0
timeseries_values:
  load_level: 253799.36508544514
  wind_year: 2013
  solar_year: 2014
  price_year: 2023
  carbon_year: 2023
storage_values:
  CAES:
    cost: 37.7466
    lifetime: 25.5475
    annual_cost: 1.4775066053429886
    efficiency: 0.621062
    discharge_ratio: 0.1
    depth_of_discharge: 0.4
  Li-ion:
    cost: 158.107
    lifetime: 14.9056
    annual_cost: 10.60722144697295
    efficiency: 0.913397
    discharge_ratio: 2
    depth_of_discharge: 0.9
  Pb-acid:
    cost: 113.29
    lifetime: 16.3415
    annual_cost: 6.932656120919133
    efficiency: 0.732562
    discharge_ratio: 5
    depth_of_discharge: 0.5
  VRBF:
    cost: 258.735
    lifetime: 26.9373
    annual_cost: 9.60508291476874
    efficiency: 0.784009
    discharge_ratio: 0.5
    depth_of_discharge: 1.0
