cost_values:
  wind_capex: 5000.0
  wind_opex: 100
  wind_lifetime: 20
  solar_capex: 1000.0
  solar_opex: 10
  solar_lifetime: 20
  carbon_price: 1.0
timeseries_values:
  load_level: 253799.36508544514
  wind_year: 2013
  solar_year: 2014
  price_year: 2023
  carbon_year: 2023
storage_values:
  CAES:
    cost: 35.7989
    lifetime: 24.9444
    annual_cost: 1.4351477686374496
    efficiency: 0.618449
    discharge_ratio: 0.1
    depth_of_discharge: 0.4
  Li-ion:
    cost: 167.01
    lifetime: 15.1749
    annual_cost: 11.005673842990728
    efficiency: 0.893116
    discharge_ratio: 2
    depth_of_discharge: 0.9
  Pb-acid:
    cost: 123.949
    lifetime: 15.4801
    annual_cost: 8.00698961893011
    efficiency: 0.755755
    discharge_ratio: 5
    depth_of_discharge: 0.5
  VRBF:
    cost: 241.904
    lifetime: 27.3734
    annual_cost: 8.837192310783461
    efficiency: 0.766824
    discharge_ratio: 0.5
    depth_of_discharge: 1.0
