cost_values:
  wind_capex: 5000.0
  wind_opex: 100
  wind_lifetime: 20
  solar_capex: 1000.0
  solar_opex: 10
  solar_lifetime: 20
  carbon_price: 1.0
timeseries_values:
  load_level: 253799.36508544514
  wind_year: 2013
  solar_year: 2014
  price_year: 2023
  carbon_year: 2023
storage_values:
  CAES:
    cost: 38.033
    lifetime: 24.9467
    annual_cost: 1.5245703840588134
    efficiency: 0.631998
    discharge_ratio: 0.1
    depth_of_discharge: 0.4
  Li-ion:
    cost: 167.347
    lifetime: 13.7013
    annual_cost: 12.213950501047346
    efficiency: 0.899266
    discharge_ratio: 2
    depth_of_discharge: 0.9
  Pb-acid:
    cost: 109.476
    lifetime: 16.0829
    annual_cost: 6.80698132799433
    efficiency: 0.752771
    discharge_ratio: 5
    depth_of_discharge: 0.5
  VRBF:
    cost: 249.506
    lifetime: 27.3677
    annual_cost: 9.116805577377711
    efficiency: 0.757089
    discharge_ratio: 0.5
    depth_of_discharge: 1.0
