cost_values:
  wind_capex: 5000.0
  wind_opex: 100
  wind_lifetime: 20
  solar_capex: 1000.0
  solar_opex: 10
  solar_lifetime: 20
  carbon_price: 1.0
timeseries_values:
  load_level: 253799.36508544514
  wind_year: 2013
  solar_year: 2014
  price_year: 2023
  carbon_year: 2023
storage_values:
  CAES:
    cost: 35.4039
    lifetime: 24.6522
    annual_cost: 1.4361355173169128
    efficiency: 0.628697
    discharge_ratio: 0.1
    depth_of_discharge: 0.4
  Li-ion:
    cost: 173.234
    lifetime: 13.5739
    annual_cost: 12.762286446783902
    efficiency: 0.897934
    discharge_ratio: 2
    depth_of_discharge: 0.9
  Pb-acid:
    cost: 129.347
    lifetime: 18.2866
    annual_cost: 7.073321448492339
    efficiency: 0.76688
    discharge_ratio: 5
    depth_of_discharge: 0.5
  VRBF:
    cost: 240.449
    lifetime: 27.9378
    annual_cost: 8.606583195527207
    efficiency: 0.757305
    discharge_ratio: 0.5
    depth_of_discharge: 1.0
