cost_values:
  wind_capex: 5000.0
  wind_opex: 100
  wind_lifetime: 20
  solar_capex: 1000.0
  solar_opex: 10
  solar_lifetime: 20
  carbon_price: 1.0
timeseries_values:
  load_level: 253799.36508544514
  wind_year: 2013
  solar_year: 2014
  price_year: 2023
  carbon_year: 2023
storage_values:
  CAES:
    cost: 39.2613
    lifetime: 24.7213
    annual_cost: 1.5881567716908092
    efficiency: 0.623126
    discharge_ratio: 0.1
    depth_of_discharge: 0.4
  Li-ion:
    cost: 167.874
    lifetime: 13.5927
    annual_cost: 12.350305678783464
    efficiency: 0.917753
    discharge_ratio: 2
    depth_of_discharge: 0.9
  Pb-acid:
    cost: 105.915
    lifetime: 17.1754
    annual_cost: 6.166668607426902
    efficiency: 0.742491
    discharge_ratio: 5
    depth_of_discharge: 0.5
  VRBF:
    cost: 240.72
    lifetime: 28.8874
    annual_cost: 8.333044856927241
    efficiency: 0.779206
    discharge_ratio: 0.5
    depth_of_discharge: 1.0
