cost_values:
  wind_capex: 5000.0
  wind_opex: 100
  wind_lifetime: 20
  solar_capex: 1000.0
  solar_opex: 10
  solar_lifetime: 20
  carbon_price: 1.0
timeseries_values:
  load_level: 253799.36508544514
  wind_year: 2013
  solar_year: 2014
  price_year: 2023
  carbon_year: 2023
storage_values:
  CAES:
    cost: 46.7273
    lifetime: 24.7987
    annual_cost: 1.884264094488824
    efficiency: 0.613693
    discharge_ratio: 0.1
    depth_of_discharge: 0.4
  Li-ion:
    cost: 145.007
    lifetime: 14.2793
    annual_cost: 10.15504961727816
    efficiency: 0.90539
    discharge_ratio: 2
    depth_of_discharge: 0.9
  Pb-acid:
    cost: 120.862
    lifetime: 16.1856
    annual_cost: 7.467254843811783
    efficiency: 0.762294
    discharge_ratio: 5
    depth_of_discharge: 0.5
  VRBF:
    cost: 264.192
    lifetime: 28.8124
    annual_cost: 9.169385403506825
    efficiency: 0.775815
    discharge_ratio: 0.5
    depth_of_discharge: 1.0
