cost_values:
  wind_capex: 5000.0
  wind_opex: 100
  wind_lifetime: 20
  solar_capex: 1000.0
  solar_opex: 10
  solar_lifetime: 20
  carbon_price: 1.0
timeseries_values:
  load_level: 253799.36508544514
  wind_year: 2013
  solar_year: 2014
  price_year: 2023
  carbon_year: 2023
storage_values:
  CAES:
    cost: 35.8589
    lifetime: 25.4986
    annual_cost: 1.4063085816476197
    efficiency: 0.630071
    discharge_ratio: 0.1
    depth_of_discharge: 0.4
  Li-ion:
    cost: 172.011
    lifetime: 15.5175
    annual_cost: 11.084968583856936
    efficiency: 0.877994
    discharge_ratio: 2
    depth_of_discharge: 0.9
  Pb-acid:
    cost: 116.138
    lifetime: 15.8331
    annual_cost: 7.335139675742591
    efficiency: 0.760142
    discharge_ratio: 5
    depth_of_discharge: 0.5
  VRBF:
    cost: 284.324
    lifetime: 28.1789
    annual_cost: 10.089960928212244
    efficiency: 0.764607
    discharge_ratio: 0.5
    depth_of_discharge: 1.0
