cost_values:
  wind_capex: 5000.0
  wind_opex: 100
  wind_lifetime: 20
  solar_capex: 1000.0
  solar_opex: 10
  solar_lifetime: 20
  carbon_price: 1.0
timeseries_values:
  load_level: 253799.36508544514
  wind_year: 2013
  solar_year: 2014
  price_year: 2023
  carbon_year: 2023
storage_values:
  CAES:
    cost: 35.2174
    lifetime: 26.5332
    annual_cost: 1.3272956145508268
    efficiency: 0.624423
    discharge_ratio: 0.1
    depth_of_discharge: 0.4
  Li-ion:
    cost: 140.316
    lifetime: 17.4535
    annual_cost: 8.03941902770218
    efficiency: 0.89391
    discharge_ratio: 2
    depth_of_discharge: 0.9
  Pb-acid:
    cost: 116.176
    lifetime: 17.4504
    annual_cost: 6.657497822399487
    efficiency: 0.745753
    discharge_ratio: 5
    depth_of_discharge: 0.5
  VRBF:
    cost: 276.764
    lifetime: 26.2824
    annual_cost: 10.530392962590936
    efficiency: 0.775327
    discharge_ratio: 0.5
    depth_of_discharge: 1.0
