cost_values:
  wind_capex: 5000.0
  wind_opex: 100
  wind_lifetime: 20
  solar_capex: 1000.0
  solar_opex: 10
  solar_lifetime: 20
  carbon_price: 1.0
timeseries_values:
  load_level: 253799.36508544514
  wind_year: 2013
  solar_year: 2014
  price_year: 2023
  carbon_year: 2023
storage_values:
  CAES:
    cost: 42.2383
    lifetime: 24.127
    annual_cost: 1.7506652298255068
    efficiency: 0.622394
    discharge_ratio: 0.1
    depth_of_discharge: 0.4
  Li-ion:
    cost: 148.675
    lifetime: 14.3059
    annual_cost: 10.39256530522372
    efficiency: 0.90542
    discharge_ratio: 2
    depth_of_discharge: 0.9
  Pb-acid:
    cost: 132.346
    lifetime: 14.8779
    annual_cost: 8.895475840004302
    efficiency: 0.762921
    discharge_ratio: 5
    depth_of_discharge: 0.5
  VRBF:
    cost: 273.128
    lifetime: 28.1708
    annual_cost: 9.69542930978176
    efficiency: 0.762135
    discharge_ratio: 0.5
    depth_of_discharge: 1.0
