cost_values:
  wind_capex: 5000.0
  wind_opex: 100
  wind_lifetime: 20
  solar_capex: 1000.0
  solar_opex: 10
  solar_lifetime: 20
  carbon_price: 1.0
timeseries_values:
  load_level: 253799.36508544514
  wind_year: 2013
  solar_year: 2014
  price_year: 2023
  carbon_year: 2023
storage_values:
  CAES:
    cost: 40.2727
    lifetime: 25.8639
    annual_cost: 1.5571008239283326
    efficiency: 0.620623
    discharge_ratio: 0.1
    depth_of_discharge: 0.4
  Li-ion:
    cost: 152.883
    lifetime: 15.8464
    annual_cost: 9.64780644184168
    efficiency: 0.905835
    discharge_ratio: 2
    depth_of_discharge: 0.9
  Pb-acid:
    cost: 137.272
    lifetime: 16.6937
    annual_cost: 8.222982322672625
    efficiency: 0.761478
    discharge_ratio: 5
    depth_of_discharge: 0.5
  VRBF:
    cost: 255.697
    lifetime: 26.742
    annual_cost: 9.561625906813253
    efficiency: 0.774821
    discharge_ratio: 0.5
    depth_of_discharge: 1.0
