cost_values:
  wind_capex: 5000.0
  wind_opex: 100
  wind_lifetime: 20
  solar_capex: 1000.0
  solar_opex: 10
  solar_lifetime: 20
  carbon_price: 1.0
timeseries_values:
  load_level: 253799.36508544514
  wind_year: 2013
  solar_year: 2014
  price_year: 2023
  carbon_year: 2023
storage_values:
  CAES:
    cost: 44.0963
    lifetime: 25.7239
    annual_cost: 1.7142151851002374
    efficiency: 0.617384
    discharge_ratio: 0.1
    depth_of_discharge: 0.4
  Li-ion:
    cost: 150.557
    lifetime: 13.5322
    annual_cost: 11.125833197854007
    efficiency: 0.918717
    discharge_ratio: 2
    depth_of_discharge: 0.9
  Pb-acid:
    cost: 155.717
    lifetime: 17.6722
    annual_cost: 8.811410011204039
    efficiency: 0.754704
    discharge_ratio: 5
    depth_of_discharge: 0.5
  VRBF:
    cost: 253.216
    lifetime: 26.9936
    annual_cost: 9.380593918558473
    efficiency: 0.768215
    discharge_ratio: 0.5
    depth_of_discharge: 1.0
