cost_values:
  wind_capex: 5000.0
  wind_opex: 100
  wind_lifetime: 20
  solar_capex: 1000.0
  solar_opex: 10
  solar_lifetime: 20
  carbon_price: 1.0
timeseries_values:
  load_level: 253799.36508544514
  wind_year: 2013
  solar_year: 2014
  price_year: 2023
  carbon_year: 2023
storage_values:
  CAES:
    cost: 44.9816
    lifetime: 24.9656
    annual_cost: 1.8017431986413306
    efficiency: 0.613145
    discharge_ratio: 0.1
    depth_of_discharge: 0.4
  Li-ion:
    cost: 171.583
    lifetime: 14.0962
    annual_cost: 12.172287566861991
    efficiency: 0.900723
    discharge_ratio: 2
    depth_of_discharge: 0.9
  Pb-acid:
    cost: 111.992
    lifetime: 17.502
    annual_cost: 6.398811564392641
    efficiency: 0.748043
    discharge_ratio: 5
    depth_of_discharge: 0.5
  VRBF:
    cost: 271.759
    lifetime: 29.5826
    annual_cost: 9.186447438697073
    efficiency: 0.762749
    discharge_ratio: 0.5
    depth_of_discharge: 1.0
