cost_values:
  wind_capex: 5000.0
  wind_opex: 100
  wind_lifetime: 20
  solar_capex: 1000.0
  solar_opex: 10
  solar_lifetime: 20
  carbon_price: 1.0
timeseries_values:
  load_level: 253799.36508544514
  wind_year: 2013
  solar_year: 2014
  price_year: 2023
  carbon_year: 2023
storage_values:
  CAES:
    cost: 40.6668
    lifetime: 24.6399
    annual_cost: 1.65044500992293
    efficiency: 0.623502
    discharge_ratio: 0.1
    depth_of_discharge: 0.4
  Li-ion:
    cost: 154.892
    lifetime: 16.0748
    annual_cost: 9.635703088063304
    efficiency: 0.896522
    discharge_ratio: 2
    depth_of_discharge: 0.9
  Pb-acid:
    cost: 137.087
    lifetime: 16.2815
    annual_cost: 8.419801615330282
    efficiency: 0.74885
    discharge_ratio: 5
    depth_of_discharge: 0.5
  VRBF:
    cost: 260.531
    lifetime: 28.8462
    annual_cost: 9.031726882570322
    efficiency: 0.76167
    discharge_ratio: 0.5
    depth_of_discharge: 1.0
