cost_values:
  wind_capex: 5000.0
  wind_opex: 100
  wind_lifetime: 20
  solar_capex: 1000.0
  solar_opex: 10
  solar_lifetime: 20
  carbon_price: 1.0
timeseries_values:
  load_level: 253799.36508544514
  wind_year: 2013
  solar_year: 2014
  price_year: 2023
  carbon_year: 2023
storage_values:
  CAES:
    cost: 39.5018
    lifetime: 25.044
    annual_cost: 1.577295959111963
    efficiency: 0.624659
    discharge_ratio: 0.1
    depth_of_discharge: 0.4
  Li-ion:
    cost: 146.27
    lifetime: 17.1388
    annual_cost: 8.534436483301048
    efficiency: 0.89729
    discharge_ratio: 2
    depth_of_discharge: 0.9
  Pb-acid:
    cost: 102.501
    lifetime: 16.8702
    annual_cost: 6.075861578404524
    efficiency: 0.757626
    discharge_ratio: 5
    depth_of_discharge: 0.5
  VRBF:
    cost: 269.644
    lifetime: 27.1118
    annual_cost: 9.94563252900951
    efficiency: 0.782913
    discharge_ratio: 0.5
    depth_of_discharge: 1.0
