cost_values:
  wind_capex: 5000.0
  wind_opex: 100
  wind_lifetime: 20
  solar_capex: 1000.0
  solar_opex: 10
  solar_lifetime: 20
  carbon_price: 1.0
timeseries_values:
  load_level: 253799.36508544514
  wind_year: 2013
  solar_year: 2014
  price_year: 2023
  carbon_year: 2023
storage_values:
  CAES:
    cost: 43.9182
    lifetime: 25.5691
    annual_cost: 1.7176279180729865
    efficiency: 0.604562
    discharge_ratio: 0.1
    depth_of_discharge: 0.4
  Li-ion:
    cost: 153.885
    lifetime: 14.1792
    annual_cost: 10.852868991198374
    efficiency: 0.890533
    discharge_ratio: 2
    depth_of_discharge: 0.9
  Pb-acid:
    cost: 148.167
    lifetime: 17.0298
    annual_cost: 8.700454497410421
    efficiency: 0.751938
    discharge_ratio: 5
    depth_of_discharge: 0.5
  VRBF:
    cost: 258.423
    lifetime: 27.7157
    annual_cost: 9.324065421403754
    efficiency: 0.775157
    discharge_ratio: 0.5
    depth_of_discharge: 1.0
