cost_values:
  wind_capex: 5000.0
  wind_opex: 100
  wind_lifetime: 20
  solar_capex: 1000.0
  solar_opex: 10
  solar_lifetime: 20
  carbon_price: 1.0
timeseries_values:
  load_level: 253799.36508544514
  wind_year: 2013
  solar_year: 2014
  price_year: 2023
  carbon_year: 2023
storage_values:
  CAES:
    cost: 37.795
    lifetime: 24.8648
    annual_cost: 1.5200202696180949
    efficiency: 0.624488
    discharge_ratio: 0.1
    depth_of_discharge: 0.4
  Li-ion:
    cost: 166.824
    lifetime: 14.5537
    annual_cost: 11.462652109085663
    efficiency: 0.899975
    discharge_ratio: 2
    depth_of_discharge: 0.9
  Pb-acid:
    cost: 125.178
    lifetime: 14.4564
    annual_cost: 8.65900224122188
    efficiency: 0.749396
    discharge_ratio: 5
    depth_of_discharge: 0.5
  VRBF:
    cost: 203.811
    lifetime: 28.7853
    annual_cost: 7.080384779731322
    efficiency: 0.757447
    discharge_ratio: 0.5
    depth_of_discharge: 1.0
