cost_values:
  wind_capex: 5000.0
  wind_opex: 100
  wind_lifetime: 20
  solar_capex: 1000.0
  solar_opex: 10
  solar_lifetime: 20
  carbon_price: 1.0
timeseries_values:
  load_level: 253799.36508544514
  wind_year: 2013
  solar_year: 2014
  price_year: 2023
  carbon_year: 2023
storage_values:
  CAES:
    cost: 37.0315
    lifetime: 25.2634
    annual_cost: 1.4658161609284577
    efficiency: 0.619352
    discharge_ratio: 0.1
    depth_of_discharge: 0.4
  Li-ion:
    cost: 166.914
    lifetime: 15.1378
    annual_cost: 11.026305011296225
    efficiency: 0.890643
    discharge_ratio: 2
    depth_of_discharge: 0.9
  Pb-acid:
    cost: 101.421
    lifetime: 16.3717
    annual_cost: 6.19489729227875
    efficiency: 0.75073
    discharge_ratio: 5
    depth_of_discharge: 0.5
  VRBF:
    cost: 297.327
    lifetime: 26.9783
    annual_cost: 11.020968704477301
    efficiency: 0.756775
    discharge_ratio: 0.5
    depth_of_discharge: 1.0
