cost_values:
  wind_capex: 5000.0
  wind_opex: 100
  wind_lifetime: 20
  solar_capex: 1000.0
  solar_opex: 10
  solar_lifetime: 20
  carbon_price: 1.0
timeseries_values:
  load_level: 253799.36508544514
  wind_year: 2013
  solar_year: 2014
  price_year: 2023
  carbon_year: 2023
storage_values:
  CAES:
    cost: 36.6468
    lifetime: 25.1327
    annual_cost: 1.4581322341013898
    efficiency: 0.614658
    discharge_ratio: 0.1
    depth_of_discharge: 0.4
  Li-ion:
    cost: 135.111
    lifetime: 15.1348
    annual_cost: 8.927174458863018
    efficiency: 0.892727
    discharge_ratio: 2
    depth_of_discharge: 0.9
  Pb-acid:
    cost: 103.714
    lifetime: 17.3979
    annual_cost: 5.961294179182545
    efficiency: 0.748816
    discharge_ratio: 5
    depth_of_discharge: 0.5
  VRBF:
    cost: 275.671
    lifetime: 26.1955
    annual_cost: 10.523601381916741
    efficiency: 0.761887
    discharge_ratio: 0.5
    depth_of_discharge: 1.0
