cost_values:
  wind_capex: 5000.0
  wind_opex: 100
  wind_lifetime: 20
  solar_capex: 1000.0
  solar_opex: 10
  solar_lifetime: 20
  carbon_price: 1.0
timeseries_values:
  load_level: 253799.36508544514
  wind_year: 2013
  solar_year: 2014
  price_year: 2023
  carbon_year: 2023
storage_values:
  CAES:
    cost: 36.6694
    lifetime: 24.1338
    annual_cost: 1.5194208951760602
    efficiency: 0.616478
    discharge_ratio: 0.1
    depth_of_discharge: 0.4
  Li-ion:
    cost: 152.607
    lifetime: 14.7345
    annual_cost: 10.35712104245139
    efficiency: 0.896423
    discharge_ratio: 2
    depth_of_discharge: 0.9
  Pb-acid:
    cost: 139.754
    lifetime: 16.0478
    annual_cost: 8.70860803349992
    efficiency: 0.747435
    discharge_ratio: 5
    depth_of_discharge: 0.5
  VRBF:
    cost: 257.354
    lifetime: 27.034
    annual_cost: 9.519641932381445
    efficiency: 0.761194
    discharge_ratio: 0.5
    depth_of_discharge: 1.0
