cost_values:
  wind_capex: 5000.0
  wind_opex: 100
  wind_lifetime: 20
  solar_capex: 1000.0
  solar_opex: 10
  solar_lifetime: 20
  carbon_price: 1.0
timeseries_values:
  load_level: 253799.36508544514
  wind_year: 2013
  solar_year: 2014
  price_year: 2023
  carbon_year: 2023
storage_values:
  CAES:
    cost: 39.6969
    lifetime: 25.324
    annual_cost: 1.5675604169957351
    efficiency: 0.621139
    discharge_ratio: 0.1
    depth_of_discharge: 0.4
  Li-ion:
    cost: 154.335
    lifetime: 15.693
    annual_cost: 9.834639648250814
    efficiency: 0.898195
    discharge_ratio: 2
    depth_of_discharge: 0.9
  Pb-acid:
    cost: 125.094
    lifetime: 16.3848
    annual_cost: 7.634759044968508
    efficiency: 0.763572
    discharge_ratio: 5
    depth_of_discharge: 0.5
  VRBF:
    cost: 244.465
    lifetime: 26.7358
    annual_cost: 9.14373237382087
    efficiency: 0.757492
    discharge_ratio: 0.5
    depth_of_discharge: 1.0
