cost_values:
  wind_capex: 5000.0
  wind_opex: 100
  wind_lifetime: 20
  solar_capex: 1000.0
  solar_opex: 10
  solar_lifetime: 20
  carbon_price: 1.0
timeseries_values:
  load_level: 253799.36508544514
  wind_year: 2013
  solar_year: 2014
  price_year: 2023
  carbon_year: 2023
storage_values:
  CAES:
    cost: 43.1882
    lifetime: 25.492
    annual_cost: 1.6941864114231917
    efficiency: 0.611426
    discharge_ratio: 0.1
    depth_of_discharge: 0.4
  Li-ion:
    cost: 154.511
    lifetime: 15.1997
    annual_cost: 10.16539800127634
    efficiency: 0.887863
    discharge_ratio: 2
    depth_of_discharge: 0.9
  Pb-acid:
    cost: 120.543
    lifetime: 17.1772
    annual_cost: 7.0176163751950265
    efficiency: 0.743811
    discharge_ratio: 5
    depth_of_discharge: 0.5
  VRBF:
    cost: 267.234
    lifetime: 27.4814
    annual_cost: 9.724177079770316
    efficiency: 0.777313
    discharge_ratio: 0.5
    depth_of_discharge: 1.0
