cost_values:
  wind_capex: 5000.0
  wind_opex: 100
  wind_lifetime: 20
  solar_capex: 1000.0
  solar_opex: 10
  solar_lifetime: 20
  carbon_price: 1.0
timeseries_values:
  load_level: 253799.36508544514
  wind_year: 2013
  solar_year: 2014
  price_year: 2023
  carbon_year: 2023
storage_values:
  CAES:
    cost: 38.8285
    lifetime: 24.9046
    annual_cost: 1.5590894854765787
    efficiency: 0.617701
    discharge_ratio: 0.1
    depth_of_discharge: 0.4
  Li-ion:
    cost: 160.268
    lifetime: 16.7273
    annual_cost: 9.581223508874714
    efficiency: 0.895026
    discharge_ratio: 2
    depth_of_discharge: 0.9
  Pb-acid:
    cost: 129.635
    lifetime: 16.1759
    annual_cost: 8.014082678552661
    efficiency: 0.749128
    discharge_ratio: 5
    depth_of_discharge: 0.5
  VRBF:
    cost: 261.255
    lifetime: 26.758
    annual_cost: 9.76362209432693
    efficiency: 0.758706
    discharge_ratio: 0.5
    depth_of_discharge: 1.0
