cost_values:
  wind_capex: 5000.0
  wind_opex: 100
  wind_lifetime: 20
  solar_capex: 1000.0
  solar_opex: 10
  solar_lifetime: 20
  carbon_price: 1.0
timeseries_values:
  load_level: 253799.36508544514
  wind_year: 2013
  solar_year: 2014
  price_year: 2023
  carbon_year: 2023
storage_values:
  CAES:
    cost: 43.4472
    lifetime: 25.2815
    annual_cost: 1.7185372703360164
    efficiency: 0.625977
    discharge_ratio: 0.1
    depth_of_discharge: 0.4
  Li-ion:
    cost: 169.027
    lifetime: 13.6878
    annual_cost: 12.348733909028478
    efficiency: 0.893642
    discharge_ratio: 2
    depth_of_discharge: 0.9
  Pb-acid:
    cost: 132.377
    lifetime: 17.2338
    annual_cost: 7.6812426742796145
    efficiency: 0.741851
    discharge_ratio: 5
    depth_of_discharge: 0.5
  VRBF:
    cost: 262.339
    lifetime: 27.4267
    annual_cost: 9.56509532681657
    efficiency: 0.774299
    discharge_ratio: 0.5
    depth_of_discharge: 1.0
