cost_values:
  wind_capex: 5000.0
  wind_opex: 100
  wind_lifetime: 20
  solar_capex: 1000.0
  solar_opex: 10
  solar_lifetime: 20
  carbon_price: 1.0
timeseries_values:
  load_level: 253799.36508544514
  wind_year: 2013
  solar_year: 2014
  price_year: 2023
  carbon_year: 2023
storage_values:
  CAES:
    cost: 40.0914
    lifetime: 25.5397
    annual_cost: 1.5697678516192437
    efficiency: 0.619463
    discharge_ratio: 0.1
    depth_of_discharge: 0.4
  Li-ion:
    cost: 154.287
    lifetime: 13.3153
    annual_cost: 11.587196683514453
    efficiency: 0.898776
    discharge_ratio: 2
    depth_of_discharge: 0.9
  Pb-acid:
    cost: 119.844
    lifetime: 15.1039
    annual_cost: 7.934639397771436
    efficiency: 0.749214
    discharge_ratio: 5
    depth_of_discharge: 0.5
  VRBF:
    cost: 246.859
    lifetime: 26.7846
    annual_cost: 9.216452737767224
    efficiency: 0.781501
    discharge_ratio: 0.5
    depth_of_discharge: 1.0
