cost_values:
  wind_capex: 5000.0
  wind_opex: 100
  wind_lifetime: 20
  solar_capex: 1000.0
  solar_opex: 10
  solar_lifetime: 20
  carbon_price: 1.0
timeseries_values:
  load_level: 253799.36508544514
  wind_year: 2013
  solar_year: 2014
  price_year: 2023
  carbon_year: 2023
storage_values:
  CAES:
    cost: 38.6011
    lifetime: 24.3401
    annual_cost: 1.5859055632474806
    efficiency: 0.617081
    discharge_ratio: 0.1
    depth_of_discharge: 0.4
  Li-ion:
    cost: 169.961
    lifetime: 14.9876
    annual_cost: 11.340107822466573
    efficiency: 0.910528
    discharge_ratio: 2
    depth_of_discharge: 0.9
  Pb-acid:
    cost: 138.913
    lifetime: 17.0234
    annual_cost: 8.160120774933329
    efficiency: 0.754944
    discharge_ratio: 5
    depth_of_discharge: 0.5
  VRBF:
    cost: 262.762
    lifetime: 27.0819
    annual_cost: 9.702495024352057
    efficiency: 0.777087
    discharge_ratio: 0.5
    depth_of_discharge: 1.0
