cost_values:
  wind_capex: 5000.0
  wind_opex: 100
  wind_lifetime: 20
  solar_capex: 1000.0
  solar_opex: 10
  solar_lifetime: 20
  carbon_price: 1.0
timeseries_values:
  load_level: 252609.82079112547
  wind_year: 2017
  solar_year: 2017
  price_year: 2023
  carbon_year: 2023
storage_values:
  CAES:
    cost: 57.6075
    lifetime: 23.426
    annual_cost: 2.4591266114573553
    efficiency: 0.627536
    discharge_ratio: 0.1
    depth_of_discharge: 0.4
  Li-ion:
    cost: 230.615
    lifetime: 17.2415
    annual_cost: 13.375576370965405
    efficiency: 0.892488
    discharge_ratio: 2
    depth_of_discharge: 0.9
  Pb-acid:
    cost: 218.123
    lifetime: 13.2579
    annual_cost: 16.452303909367245
    efficiency: 0.743007
    discharge_ratio: 5
    depth_of_discharge: 0.5
  VRBF:
    cost: 374.715
    lifetime: 21.5547
    annual_cost: 17.384375565421927
    efficiency: 0.699512
    discharge_ratio: 0.5
    depth_of_discharge: 1.0
