cost_values:
  wind_capex: 5000.0
  wind_opex: 100
  wind_lifetime: 20
  solar_capex: 1000.0
  solar_opex: 10
  solar_lifetime: 20
  carbon_price: 1.0
timeseries_values:
  load_level: 252609.82079112547
  wind_year: 2017
  solar_year: 2017
  price_year: 2023
  carbon_year: 2023
storage_values:
  CAES:
    cost: 58.8552
    lifetime: 23.2802
    annual_cost: 2.528122610630493
    efficiency: 0.62671
    discharge_ratio: 0.1
    depth_of_discharge: 0.4
  Li-ion:
    cost: 222.991
    lifetime: 20.0067
    annual_cost: 11.14581615158922
    efficiency: 0.882519
    discharge_ratio: 2
    depth_of_discharge: 0.9
  Pb-acid:
    cost: 187.624
    lifetime: 12.9672
    annual_cost: 14.469122092664568
    efficiency: 0.735137
    discharge_ratio: 5
    depth_of_discharge: 0.5
  VRBF:
    cost: 302.218
    lifetime: 23.4918
    annual_cost: 12.864829429843605
    efficiency: 0.710037
    discharge_ratio: 0.5
    depth_of_discharge: 1.0
