cost_values:
  wind_capex: 5000.0
  wind_opex: 100
  wind_lifetime: 20
  solar_capex: 1000.0
  solar_opex: 10
  solar_lifetime: 20
  carbon_price: 1.0
timeseries_values:
  load_level: 252609.82079112547
  wind_year: 2017
  solar_year: 2017
  price_year: 2023
  carbon_year: 2023
storage_values:
  CAES:
    cost: 54.038
    lifetime: 24.0511
    annual_cost: 2.246799522682954
    efficiency: 0.638354
    discharge_ratio: 0.1
    depth_of_discharge: 0.4
  Li-ion:
    cost: 217.886
    lifetime: 19.038
    annual_cost: 11.444794621283748
    efficiency: 0.873391
    discharge_ratio: 2
    depth_of_discharge: 0.9
  Pb-acid:
    cost: 211.939
    lifetime: 12.5502
    annual_cost: 16.88730060078724
    efficiency: 0.734381
    discharge_ratio: 5
    depth_of_discharge: 0.5
  VRBF:
    cost: 308.671
    lifetime: 20.4475
    annual_cost: 15.095781880425479
    efficiency: 0.708016
    discharge_ratio: 0.5
    depth_of_discharge: 1.0
