cost_values:
  wind_capex: 5000.0
  wind_opex: 100
  wind_lifetime: 20
  solar_capex: 1000.0
  solar_opex: 10
  solar_lifetime: 20
  carbon_price: 1.0
timeseries_values:
  load_level: 252609.82079112547
  wind_year: 2017
  solar_year: 2017
  price_year: 2023
  carbon_year: 2023
storage_values:
  CAES:
    cost: 49.8807
    lifetime: 21.9856
    annual_cost: 2.2687895713557964
    efficiency: 0.63699
    discharge_ratio: 0.1
    depth_of_discharge: 0.4
  Li-ion:
    cost: 216.447
    lifetime: 21.3269
    annual_cost: 10.149013686939968
    efficiency: 0.871811
    discharge_ratio: 2
    depth_of_discharge: 0.9
  Pb-acid:
    cost: 198.267
    lifetime: 12.6491
    annual_cost: 15.674395806816294
    efficiency: 0.736014
    discharge_ratio: 5
    depth_of_discharge: 0.5
  VRBF:
    cost: 304.025
    lifetime: 22.3437
    annual_cost: 13.606743735370596
    efficiency: 0.708906
    discharge_ratio: 0.5
    depth_of_discharge: 1.0
