cost_values:
  wind_capex: 5000.0
  wind_opex: 100
  wind_lifetime: 20
  solar_capex: 1000.0
  solar_opex: 10
  solar_lifetime: 20
  carbon_price: 1.0
timeseries_values:
  load_level: 252609.82079112547
  wind_year: 2017
  solar_year: 2017
  price_year: 2023
  carbon_year: 2023
storage_values:
  CAES:
    cost: 56.1868
    lifetime: 23.9891
    annual_cost: 2.342180406934816
    efficiency: 0.630633
    discharge_ratio: 0.1
    depth_of_discharge: 0.4
  Li-ion:
    cost: 212.091
    lifetime: 18.5863
    annual_cost: 11.411146920043258
    efficiency: 0.878823
    discharge_ratio: 2
    depth_of_discharge: 0.9
  Pb-acid:
    cost: 198.998
    lifetime: 12.9054
    annual_cost: 15.419746772668804
    efficiency: 0.733161
    discharge_ratio: 5
    depth_of_discharge: 0.5
  VRBF:
    cost: 281.198
    lifetime: 23.3034
    annual_cost: 12.066822867049442
    efficiency: 0.710884
    discharge_ratio: 0.5
    depth_of_discharge: 1.0
