cost_values:
  wind_capex: 5000.0
  wind_opex: 100
  wind_lifetime: 20
  solar_capex: 1000.0
  solar_opex: 10
  solar_lifetime: 20
  carbon_price: 1.0
timeseries_values:
  load_level: 252609.82079112547
  wind_year: 2017
  solar_year: 2017
  price_year: 2023
  carbon_year: 2023
storage_values:
  CAES:
    cost: 53.5227
    lifetime: 22.3038
    annual_cost: 2.399712156672854
    efficiency: 0.640556
    discharge_ratio: 0.1
    depth_of_discharge: 0.4
  Li-ion:
    cost: 220.934
    lifetime: 20.5084
    annual_cost: 10.772854050047783
    efficiency: 0.874528
    discharge_ratio: 2
    depth_of_discharge: 0.9
  Pb-acid:
    cost: 191.039
    lifetime: 13.3603
    annual_cost: 14.299005261857891
    efficiency: 0.723612
    discharge_ratio: 5
    depth_of_discharge: 0.5
  VRBF:
    cost: 329.835
    lifetime: 21.6149
    annual_cost: 15.259612582061449
    efficiency: 0.691336
    discharge_ratio: 0.5
    depth_of_discharge: 1.0
