cost_values:
  wind_capex: 5000.0
  wind_opex: 100
  wind_lifetime: 20
  solar_capex: 1000.0
  solar_opex: 10
  solar_lifetime: 20
  carbon_price: 1.0
timeseries_values:
  load_level: 252609.82079112547
  wind_year: 2017
  solar_year: 2017
  price_year: 2023
  carbon_year: 2023
storage_values:
  CAES:
    cost: 49.6259
    lifetime: 23.8227
    annual_cost: 2.0831349930948213
    efficiency: 0.643199
    discharge_ratio: 0.1
    depth_of_discharge: 0.4
  Li-ion:
    cost: 212.154
    lifetime: 19.8681
    annual_cost: 10.678122216014618
    efficiency: 0.888298
    discharge_ratio: 2
    depth_of_discharge: 0.9
  Pb-acid:
    cost: 190.761
    lifetime: 13.5337
    annual_cost: 14.095258502848445
    efficiency: 0.722554
    discharge_ratio: 5
    depth_of_discharge: 0.5
  VRBF:
    cost: 285.408
    lifetime: 22.8941
    annual_cost: 12.466443319457852
    efficiency: 0.695583
    discharge_ratio: 0.5
    depth_of_discharge: 1.0
