cost_values:
  wind_capex: 5000.0
  wind_opex: 100
  wind_lifetime: 20
  solar_capex: 1000.0
  solar_opex: 10
  solar_lifetime: 20
  carbon_price: 1.0
timeseries_values:
  load_level: 252609.82079112547
  wind_year: 2017
  solar_year: 2017
  price_year: 2023
  carbon_year: 2023
storage_values:
  CAES:
    cost: 60.8434
    lifetime: 22.2183
    annual_cost: 2.7384363340129534
    efficiency: 0.638974
    discharge_ratio: 0.1
    depth_of_discharge: 0.4
  Li-ion:
    cost: 196.504
    lifetime: 18.0084
    annual_cost: 10.91179671708758
    efficiency: 0.875812
    discharge_ratio: 2
    depth_of_discharge: 0.9
  Pb-acid:
    cost: 197.604
    lifetime: 12.0281
    annual_cost: 16.428529859246265
    efficiency: 0.726187
    discharge_ratio: 5
    depth_of_discharge: 0.5
  VRBF:
    cost: 312.137
    lifetime: 21.8794
    annual_cost: 14.266250445624651
    efficiency: 0.737069
    discharge_ratio: 0.5
    depth_of_discharge: 1.0
