cost_values:
  wind_capex: 5000.0
  wind_opex: 100
  wind_lifetime: 20
  solar_capex: 1000.0
  solar_opex: 10
  solar_lifetime: 20
  carbon_price: 1.0
timeseries_values:
  load_level: 252609.82079112547
  wind_year: 2017
  solar_year: 2017
  price_year: 2023
  carbon_year: 2023
storage_values:
  CAES:
    cost: 55.1245
    lifetime: 23.6355
    annual_cost: 2.332275602377779
    efficiency: 0.631893
    discharge_ratio: 0.1
    depth_of_discharge: 0.4
  Li-ion:
    cost: 183.23
    lifetime: 18.1109
    annual_cost: 10.11711179455466
    efficiency: 0.892386
    discharge_ratio: 2
    depth_of_discharge: 0.9
  Pb-acid:
    cost: 180.854
    lifetime: 11.6225
    annual_cost: 15.560679716067972
    efficiency: 0.727112
    discharge_ratio: 5
    depth_of_discharge: 0.5
  VRBF:
    cost: 293.07
    lifetime: 21.8768
    annual_cost: 13.396383383310173
    efficiency: 0.72508
    discharge_ratio: 0.5
    depth_of_discharge: 1.0
