cost_values:
  wind_capex: 5000.0
  wind_opex: 100
  wind_lifetime: 20
  solar_capex: 1000.0
  solar_opex: 10
  solar_lifetime: 20
  carbon_price: 1.0
timeseries_values:
  load_level: 252609.82079112547
  wind_year: 2017
  solar_year: 2017
  price_year: 2023
  carbon_year: 2023
storage_values:
  CAES:
    cost: 54.0187
    lifetime: 23.211
    annual_cost: 2.327288785489639
    efficiency: 0.634244
    discharge_ratio: 0.1
    depth_of_discharge: 0.4
  Li-ion:
    cost: 231.341
    lifetime: 18.2389
    annual_cost: 12.683933789866714
    efficiency: 0.887811
    discharge_ratio: 2
    depth_of_discharge: 0.9
  Pb-acid:
    cost: 206.129
    lifetime: 13.0894
    annual_cost: 15.747780646935688
    efficiency: 0.725177
    discharge_ratio: 5
    depth_of_discharge: 0.5
  VRBF:
    cost: 307.48
    lifetime: 24.2178
    annual_cost: 12.69644641544649
    efficiency: 0.722651
    discharge_ratio: 0.5
    depth_of_discharge: 1.0
