cost_values:
  wind_capex: 5000.0
  wind_opex: 100
  wind_lifetime: 20
  solar_capex: 1000.0
  solar_opex: 10
  solar_lifetime: 20
  carbon_price: 1.0
timeseries_values:
  load_level: 252609.82079112547
  wind_year: 2017
  solar_year: 2017
  price_year: 2023
  carbon_year: 2023
storage_values:
  CAES:
    cost: 56.8521
    lifetime: 22.9921
    annual_cost: 2.4726797465216315
    efficiency: 0.630391
    discharge_ratio: 0.1
    depth_of_discharge: 0.4
  Li-ion:
    cost: 212.242
    lifetime: 18.4996
    annual_cost: 11.472788600834612
    efficiency: 0.893906
    discharge_ratio: 2
    depth_of_discharge: 0.9
  Pb-acid:
    cost: 216.376
    lifetime: 14.1975
    annual_cost: 15.240429653107942
    efficiency: 0.726419
    discharge_ratio: 5
    depth_of_discharge: 0.5
  VRBF:
    cost: 350.906
    lifetime: 23.2086
    annual_cost: 15.119653921391208
    efficiency: 0.692085
    discharge_ratio: 0.5
    depth_of_discharge: 1.0
