cost_values:
  wind_capex: 5000.0
  wind_opex: 100
  wind_lifetime: 20
  solar_capex: 1000.0
  solar_opex: 10
  solar_lifetime: 20
  carbon_price: 1.0
timeseries_values:
  load_level: 252609.82079112547
  wind_year: 2017
  solar_year: 2017
  price_year: 2023
  carbon_year: 2023
storage_values:
  CAES:
    cost: 57.5689
    lifetime: 21.791
    annual_cost: 2.641865907943646
    efficiency: 0.633514
    discharge_ratio: 0.1
    depth_of_discharge: 0.4
  Li-ion:
    cost: 213.166
    lifetime: 21.4577
    annual_cost: 9.934242719396767
    efficiency: 0.882541
    discharge_ratio: 2
    depth_of_discharge: 0.9
  Pb-acid:
    cost: 211.373
    lifetime: 12.5959
    annual_cost: 16.781095435816415
    efficiency: 0.729229
    discharge_ratio: 5
    depth_of_discharge: 0.5
  VRBF:
    cost: 316.67
    lifetime: 22.5496
    annual_cost: 14.043264625536594
    efficiency: 0.716422
    discharge_ratio: 0.5
    depth_of_discharge: 1.0
