cost_values:
  wind_capex: 5000.0
  wind_opex: 100
  wind_lifetime: 20
  solar_capex: 1000.0
  solar_opex: 10
  solar_lifetime: 20
  carbon_price: 1.0
timeseries_values:
  load_level: 252609.82079112547
  wind_year: 2017
  solar_year: 2017
  price_year: 2023
  carbon_year: 2023
storage_values:
  CAES:
    cost: 55.6188
    lifetime: 22.4631
    annual_cost: 2.4760073186692844
    efficiency: 0.638026
    discharge_ratio: 0.1
    depth_of_discharge: 0.4
  Li-ion:
    cost: 204.242
    lifetime: 17.4396
    annual_cost: 11.711392463129888
    efficiency: 0.884656
    discharge_ratio: 2
    depth_of_discharge: 0.9
  Pb-acid:
    cost: 185.604
    lifetime: 14.2043
    annual_cost: 13.066747393394959
    efficiency: 0.734005
    discharge_ratio: 5
    depth_of_discharge: 0.5
  VRBF:
    cost: 324.923
    lifetime: 22.2095
    annual_cost: 14.629910623832146
    efficiency: 0.715593
    discharge_ratio: 0.5
    depth_of_discharge: 1.0
