cost_values:
  wind_capex: 5000.0
  wind_opex: 100
  wind_lifetime: 20
  solar_capex: 1000.0
  solar_opex: 10
  solar_lifetime: 20
  carbon_price: 1.0
timeseries_values:
  load_level: 252609.82079112547
  wind_year: 2017
  solar_year: 2017
  price_year: 2023
  carbon_year: 2023
storage_values:
  CAES:
    cost: 62.7596
    lifetime: 22.6541
    annual_cost: 2.7703417924349236
    efficiency: 0.628513
    discharge_ratio: 0.1
    depth_of_discharge: 0.4
  Li-ion:
    cost: 211.759
    lifetime: 19.5392
    annual_cost: 10.837649443170651
    efficiency: 0.86795
    discharge_ratio: 2
    depth_of_discharge: 0.9
  Pb-acid:
    cost: 206.843
    lifetime: 12.9402
    annual_cost: 15.984528832630097
    efficiency: 0.724327
    discharge_ratio: 5
    depth_of_discharge: 0.5
  VRBF:
    cost: 305.68
    lifetime: 22.5549
    annual_cost: 13.552709167409299
    efficiency: 0.699272
    discharge_ratio: 0.5
    depth_of_discharge: 1.0
