cost_values:
  wind_capex: 5000.0
  wind_opex: 100
  wind_lifetime: 20
  solar_capex: 1000.0
  solar_opex: 10
  solar_lifetime: 20
  carbon_price: 1.0
timeseries_values:
  load_level: 252609.82079112547
  wind_year: 2017
  solar_year: 2017
  price_year: 2023
  carbon_year: 2023
storage_values:
  CAES:
    cost: 54.0325
    lifetime: 22.3064
    annual_cost: 2.4222868773087542
    efficiency: 0.644799
    discharge_ratio: 0.1
    depth_of_discharge: 0.4
  Li-ion:
    cost: 227.577
    lifetime: 18.7553
    annual_cost: 12.134010119806137
    efficiency: 0.899012
    discharge_ratio: 2
    depth_of_discharge: 0.9
  Pb-acid:
    cost: 176.32
    lifetime: 12.6151
    annual_cost: 13.976900698369414
    efficiency: 0.71864
    discharge_ratio: 5
    depth_of_discharge: 0.5
  VRBF:
    cost: 329.142
    lifetime: 22.4776
    annual_cost: 14.643111364202584
    efficiency: 0.686859
    discharge_ratio: 0.5
    depth_of_discharge: 1.0
