cost_values:
  wind_capex: 5000.0
  wind_opex: 100
  wind_lifetime: 20
  solar_capex: 1000.0
  solar_opex: 10
  solar_lifetime: 20
  carbon_price: 1.0
timeseries_values:
  load_level: 252609.82079112547
  wind_year: 2017
  solar_year: 2017
  price_year: 2023
  carbon_year: 2023
storage_values:
  CAES:
    cost: 61.4113
    lifetime: 22.358
    annual_cost: 2.746726004114858
    efficiency: 0.632344
    discharge_ratio: 0.1
    depth_of_discharge: 0.4
  Li-ion:
    cost: 221.936
    lifetime: 20.5503
    annual_cost: 10.799647693707636
    efficiency: 0.870083
    discharge_ratio: 2
    depth_of_discharge: 0.9
  Pb-acid:
    cost: 193.296
    lifetime: 12.573
    annual_cost: 15.373896444762586
    efficiency: 0.743634
    discharge_ratio: 5
    depth_of_discharge: 0.5
  VRBF:
    cost: 337.876
    lifetime: 22.9917
    annual_cost: 14.69556405137506
    efficiency: 0.724364
    discharge_ratio: 0.5
    depth_of_discharge: 1.0
