cost_values:
  wind_capex: 5000.0
  wind_opex: 100
  wind_lifetime: 20
  solar_capex: 1000.0
  solar_opex: 10
  solar_lifetime: 20
  carbon_price: 1.0
timeseries_values:
  load_level: 252609.82079112547
  wind_year: 2017
  solar_year: 2017
  price_year: 2023
  carbon_year: 2023
storage_values:
  CAES:
    cost: 53.4085
    lifetime: 22.002
    annual_cost: 2.4274384146895738
    efficiency: 0.622534
    discharge_ratio: 0.1
    depth_of_discharge: 0.4
  Li-ion:
    cost: 209.102
    lifetime: 19.1893
    annual_cost: 10.896801863538535
    efficiency: 0.885035
    discharge_ratio: 2
    depth_of_discharge: 0.9
  Pb-acid:
    cost: 197.594
    lifetime: 13.0014
    annual_cost: 15.197901764425369
    efficiency: 0.726235
    discharge_ratio: 5
    depth_of_discharge: 0.5
  VRBF:
    cost: 325.84
    lifetime: 22.5081
    annual_cost: 14.476566213940758
    efficiency: 0.700934
    discharge_ratio: 0.5
    depth_of_discharge: 1.0
