cost_values:
  wind_capex: 5000.0
  wind_opex: 100
  wind_lifetime: 20
  solar_capex: 1000.0
  solar_opex: 10
  solar_lifetime: 20
  carbon_price: 1.0
timeseries_values:
  load_level: 252609.82079112547
  wind_year: 2017
  solar_year: 2017
  price_year: 2023
  carbon_year: 2023
storage_values:
  CAES:
    cost: 55.4037
    lifetime: 23.3036
    annual_cost: 2.3774738666987076
    efficiency: 0.635168
    discharge_ratio: 0.1
    depth_of_discharge: 0.4
  Li-ion:
    cost: 234.27
    lifetime: 21.778
    annual_cost: 10.757186151161724
    efficiency: 0.85581
    discharge_ratio: 2
    depth_of_discharge: 0.9
  Pb-acid:
    cost: 193.504
    lifetime: 12.2096
    annual_cost: 15.84851264578692
    efficiency: 0.731509
    discharge_ratio: 5
    depth_of_discharge: 0.5
  VRBF:
    cost: 285.856
    lifetime: 20.8583
    annual_cost: 13.704664330266608
    efficiency: 0.672267
    discharge_ratio: 0.5
    depth_of_discharge: 1.0
