cost_values:
  wind_capex: 5000.0
  wind_opex: 100
  wind_lifetime: 20
  solar_capex: 1000.0
  solar_opex: 10
  solar_lifetime: 20
  carbon_price: 1.0
timeseries_values:
  load_level: 252609.82079112547
  wind_year: 2017
  solar_year: 2017
  price_year: 2023
  carbon_year: 2023
storage_values:
  CAES:
    cost: 60.4849
    lifetime: 23.0572
    annual_cost: 2.623254341377097
    efficiency: 0.632897
    discharge_ratio: 0.1
    depth_of_discharge: 0.4
  Li-ion:
    cost: 211.674
    lifetime: 18.61
    annual_cost: 11.374207415368083
    efficiency: 0.88387
    discharge_ratio: 2
    depth_of_discharge: 0.9
  Pb-acid:
    cost: 197.191
    lifetime: 13.2272
    annual_cost: 14.907992621265272
    efficiency: 0.72051
    discharge_ratio: 5
    depth_of_discharge: 0.5
  VRBF:
    cost: 320.97
    lifetime: 21.6205
    annual_cost: 14.845632617192019
    efficiency: 0.70752
    discharge_ratio: 0.5
    depth_of_discharge: 1.0
