cost_values:
  wind_capex: 5000.0
  wind_opex: 100
  wind_lifetime: 20
  solar_capex: 1000.0
  solar_opex: 10
  solar_lifetime: 20
  carbon_price: 1.0
timeseries_values:
  load_level: 252609.82079112547
  wind_year: 2017
  solar_year: 2017
  price_year: 2023
  carbon_year: 2023
storage_values:
  CAES:
    cost: 58.2495
    lifetime: 24.5304
    annual_cost: 2.3745841894139517
    efficiency: 0.631878
    discharge_ratio: 0.1
    depth_of_discharge: 0.4
  Li-ion:
    cost: 218.224
    lifetime: 21.9512
    annual_cost: 9.941324392288347
    efficiency: 0.873724
    discharge_ratio: 2
    depth_of_discharge: 0.9
  Pb-acid:
    cost: 196.865
    lifetime: 13.3123
    annual_cost: 14.788203390849064
    efficiency: 0.745287
    discharge_ratio: 5
    depth_of_discharge: 0.5
  VRBF:
    cost: 327.077
    lifetime: 23.5115
    annual_cost: 13.911362524721943
    efficiency: 0.718558
    discharge_ratio: 0.5
    depth_of_discharge: 1.0
