cost_values:
  wind_capex: 5000.0
  wind_opex: 100
  wind_lifetime: 20
  solar_capex: 1000.0
  solar_opex: 10
  solar_lifetime: 20
  carbon_price: 1.0
timeseries_values:
  load_level: 252609.82079112547
  wind_year: 2017
  solar_year: 2017
  price_year: 2023
  carbon_year: 2023
storage_values:
  CAES:
    cost: 46.9388
    lifetime: 22.4364
    annual_cost: 2.0920825087803747
    efficiency: 0.634786
    discharge_ratio: 0.1
    depth_of_discharge: 0.4
  Li-ion:
    cost: 239.553
    lifetime: 19.8429
    annual_cost: 12.07247932509865
    efficiency: 0.882495
    discharge_ratio: 2
    depth_of_discharge: 0.9
  Pb-acid:
    cost: 199.128
    lifetime: 13.1971
    annual_cost: 15.088769502390674
    efficiency: 0.711612
    discharge_ratio: 5
    depth_of_discharge: 0.5
  VRBF:
    cost: 341.582
    lifetime: 24.4107
    annual_cost: 13.993125965252943
    efficiency: 0.726823
    discharge_ratio: 0.5
    depth_of_discharge: 1.0
