cost_values:
  wind_capex: 5000.0
  wind_opex: 100
  wind_lifetime: 20
  solar_capex: 1000.0
  solar_opex: 10
  solar_lifetime: 20
  carbon_price: 1.0
timeseries_values:
  load_level: 252609.82079112547
  wind_year: 2017
  solar_year: 2017
  price_year: 2023
  carbon_year: 2023
storage_values:
  CAES:
    cost: 56.3938
    lifetime: 23.3193
    annual_cost: 2.4183315965745114
    efficiency: 0.63386
    discharge_ratio: 0.1
    depth_of_discharge: 0.4
  Li-ion:
    cost: 203.542
    lifetime: 18.5093
    annual_cost: 10.996742178256337
    efficiency: 0.88403
    discharge_ratio: 2
    depth_of_discharge: 0.9
  Pb-acid:
    cost: 185.236
    lifetime: 13.737
    annual_cost: 13.484458033049428
    efficiency: 0.742433
    discharge_ratio: 5
    depth_of_discharge: 0.5
  VRBF:
    cost: 317.721
    lifetime: 22.6073
    annual_cost: 14.053911789554702
    efficiency: 0.680601
    discharge_ratio: 0.5
    depth_of_discharge: 1.0
