cost_values:
  wind_capex: 5000.0
  wind_opex: 100
  wind_lifetime: 20
  solar_capex: 1000.0
  solar_opex: 10
  solar_lifetime: 20
  carbon_price: 1.0
timeseries_values:
  load_level: 252609.82079112547
  wind_year: 2017
  solar_year: 2017
  price_year: 2023
  carbon_year: 2023
storage_values:
  CAES:
    cost: 52.9977
    lifetime: 22.0268
    annual_cost: 2.4060553507545355
    efficiency: 0.633495
    discharge_ratio: 0.1
    depth_of_discharge: 0.4
  Li-ion:
    cost: 215.153
    lifetime: 19.5586
    annual_cost: 11.000429478592539
    efficiency: 0.871296
    discharge_ratio: 2
    depth_of_discharge: 0.9
  Pb-acid:
    cost: 211.563
    lifetime: 13.4697
    annual_cost: 15.706585892781575
    efficiency: 0.748951
    discharge_ratio: 5
    depth_of_discharge: 0.5
  VRBF:
    cost: 303.239
    lifetime: 21.1452
    annual_cost: 14.340796019900496
    efficiency: 0.702163
    discharge_ratio: 0.5
    depth_of_discharge: 1.0
