cost_values:
  wind_capex: 5000.0
  wind_opex: 100
  wind_lifetime: 20
  solar_capex: 1000.0
  solar_opex: 10
  solar_lifetime: 20
  carbon_price: 1.0
timeseries_values:
  load_level: 252609.82079112547
  wind_year: 2017
  solar_year: 2017
  price_year: 2023
  carbon_year: 2023
storage_values:
  CAES:
    cost: 55.3816
    lifetime: 23.4108
    annual_cost: 2.3656432074085467
    efficiency: 0.625773
    discharge_ratio: 0.1
    depth_of_discharge: 0.4
  Li-ion:
    cost: 227.213
    lifetime: 17.7157
    annual_cost: 12.825516349904323
    efficiency: 0.87448
    discharge_ratio: 2
    depth_of_discharge: 0.9
  Pb-acid:
    cost: 199.229
    lifetime: 12.6711
    annual_cost: 15.723102177395809
    efficiency: 0.731763
    discharge_ratio: 5
    depth_of_discharge: 0.5
  VRBF:
    cost: 316.76
    lifetime: 21.7705
    annual_cost: 14.549964401368825
    efficiency: 0.70523
    discharge_ratio: 0.5
    depth_of_discharge: 1.0
