cost_values:
  wind_capex: 5000.0
  wind_opex: 100
  wind_lifetime: 20
  solar_capex: 1000.0
  solar_opex: 10
  solar_lifetime: 20
  carbon_price: 1.0
timeseries_values:
  load_level: 252609.82079112547
  wind_year: 2017
  solar_year: 2017
  price_year: 2023
  carbon_year: 2023
storage_values:
  CAES:
    cost: 46.184
    lifetime: 23.7169
    annual_cost: 1.9473033996854563
    efficiency: 0.637186
    discharge_ratio: 0.1
    depth_of_discharge: 0.4
  Li-ion:
    cost: 218.041
    lifetime: 18.7944
    annual_cost: 11.601381262503725
    efficiency: 0.883914
    discharge_ratio: 2
    depth_of_discharge: 0.9
  Pb-acid:
    cost: 199.249
    lifetime: 13.4146
    annual_cost: 14.853145080732933
    efficiency: 0.742035
    discharge_ratio: 5
    depth_of_discharge: 0.5
  VRBF:
    cost: 313.883
    lifetime: 22.1662
    annual_cost: 14.160433452734342
    efficiency: 0.708064
    discharge_ratio: 0.5
    depth_of_discharge: 1.0
