cost_values:
  wind_capex: 5000.0
  wind_opex: 100
  wind_lifetime: 20
  solar_capex: 1000.0
  solar_opex: 10
  solar_lifetime: 20
  carbon_price: 1.0
timeseries_values:
  load_level: 252609.82079112547
  wind_year: 2017
  solar_year: 2017
  price_year: 2023
  carbon_year: 2023
storage_values:
  CAES:
    cost: 57.9915
    lifetime: 21.3339
    annual_cost: 2.7182793582045477
    efficiency: 0.639345
    discharge_ratio: 0.1
    depth_of_discharge: 0.4
  Li-ion:
    cost: 216.608
    lifetime: 17.7908
    annual_cost: 12.175281606223441
    efficiency: 0.895964
    discharge_ratio: 2
    depth_of_discharge: 0.9
  Pb-acid:
    cost: 199.855
    lifetime: 12.5436
    annual_cost: 15.932826301859116
    efficiency: 0.720914
    discharge_ratio: 5
    depth_of_discharge: 0.5
  VRBF:
    cost: 322.665
    lifetime: 21.5061
    annual_cost: 15.003417634996584
    efficiency: 0.704707
    discharge_ratio: 0.5
    depth_of_discharge: 1.0
