cost_values:
  wind_capex: 5000.0
  wind_opex: 100
  wind_lifetime: 20
  solar_capex: 1000.0
  solar_opex: 10
  solar_lifetime: 20
  carbon_price: 1.0
timeseries_values:
  load_level: 252609.82079112547
  wind_year: 2017
  solar_year: 2017
  price_year: 2023
  carbon_year: 2023
storage_values:
  CAES:
    cost: 63.1284
    lifetime: 22.5972
    annual_cost: 2.7936381498592744
    efficiency: 0.625309
    discharge_ratio: 0.1
    depth_of_discharge: 0.4
  Li-ion:
    cost: 242.732
    lifetime: 18.7624
    annual_cost: 12.93715089753976
    efficiency: 0.876212
    discharge_ratio: 2
    depth_of_discharge: 0.9
  Pb-acid:
    cost: 195.507
    lifetime: 13.9481
    annual_cost: 14.016747800775732
    efficiency: 0.741858
    discharge_ratio: 5
    depth_of_discharge: 0.5
  VRBF:
    cost: 338.471
    lifetime: 21.4325
    annual_cost: 15.792418056689606
    efficiency: 0.710138
    discharge_ratio: 0.5
    depth_of_discharge: 1.0
