cost_values:
  wind_capex: 5000.0
  wind_opex: 100
  wind_lifetime: 20
  solar_capex: 1000.0
  solar_opex: 10
  solar_lifetime: 20
  carbon_price: 1.0
timeseries_values:
  load_level: 252609.82079112547
  wind_year: 2017
  solar_year: 2017
  price_year: 2023
  carbon_year: 2023
storage_values:
  CAES:
    cost: 62.955
    lifetime: 23.0104
    annual_cost: 2.735936793797587
    efficiency: 0.629137
    discharge_ratio: 0.1
    depth_of_discharge: 0.4
  Li-ion:
    cost: 229.011
    lifetime: 18.8011
    annual_cost: 12.180723468307704
    efficiency: 0.87108
    discharge_ratio: 2
    depth_of_discharge: 0.9
  Pb-acid:
    cost: 209.979
    lifetime: 13.7932
    annual_cost: 15.223370936403445
    efficiency: 0.731985
    discharge_ratio: 5
    depth_of_discharge: 0.5
  VRBF:
    cost: 326.143
    lifetime: 20.0677
    annual_cost: 16.252136517886953
    efficiency: 0.713965
    discharge_ratio: 0.5
    depth_of_discharge: 1.0
