cost_values:
  wind_capex: 5000.0
  wind_opex: 100
  wind_lifetime: 20
  solar_capex: 1000.0
  solar_opex: 10
  solar_lifetime: 20
  carbon_price: 1.0
timeseries_values:
  load_level: 252609.82079112547
  wind_year: 2017
  solar_year: 2017
  price_year: 2023
  carbon_year: 2023
storage_values:
  CAES:
    cost: 46.7351
    lifetime: 22.1466
    annual_cost: 2.110260717220702
    efficiency: 0.636786
    discharge_ratio: 0.1
    depth_of_discharge: 0.4
  Li-ion:
    cost: 226.668
    lifetime: 19.8714
    annual_cost: 11.40674537274676
    efficiency: 0.881444
    discharge_ratio: 2
    depth_of_discharge: 0.9
  Pb-acid:
    cost: 213.048
    lifetime: 12.3643
    annual_cost: 17.23089863558794
    efficiency: 0.726732
    discharge_ratio: 5
    depth_of_discharge: 0.5
  VRBF:
    cost: 332.06
    lifetime: 21.9097
    annual_cost: 15.15584421511933
    efficiency: 0.706217
    discharge_ratio: 0.5
    depth_of_discharge: 1.0
