cost_values:
  wind_capex: 5000.0
  wind_opex: 100
  wind_lifetime: 20
  solar_capex: 1000.0
  solar_opex: 10
  solar_lifetime: 20
  carbon_price: 1.0
timeseries_values:
  load_level: 252609.82079112547
  wind_year: 2017
  solar_year: 2017
  price_year: 2023
  carbon_year: 2023
storage_values:
  CAES:
    cost: 61.5787
    lifetime: 22.4224
    annual_cost: 2.7463028043385185
    efficiency: 0.639941
    discharge_ratio: 0.1
    depth_of_discharge: 0.4
  Li-ion:
    cost: 198.793
    lifetime: 19.0216
    annual_cost: 10.450908440930311
    efficiency: 0.891565
    discharge_ratio: 2
    depth_of_discharge: 0.9
  Pb-acid:
    cost: 179.606
    lifetime: 14.3547
    annual_cost: 12.511999554152995
    efficiency: 0.748351
    discharge_ratio: 5
    depth_of_discharge: 0.5
  VRBF:
    cost: 322.941
    lifetime: 20.9099
    annual_cost: 15.444406716435754
    efficiency: 0.693663
    discharge_ratio: 0.5
    depth_of_discharge: 1.0
