cost_values:
  wind_capex: 5000.0
  wind_opex: 100
  wind_lifetime: 20
  solar_capex: 1000.0
  solar_opex: 10
  solar_lifetime: 20
  carbon_price: 1.0
timeseries_values:
  load_level: 252609.82079112547
  wind_year: 2017
  solar_year: 2017
  price_year: 2023
  carbon_year: 2023
storage_values:
  CAES:
    cost: 54.6636
    lifetime: 24.1118
    annual_cost: 2.267089143075175
    efficiency: 0.637349
    discharge_ratio: 0.1
    depth_of_discharge: 0.4
  Li-ion:
    cost: 209.69
    lifetime: 19.3119
    annual_cost: 10.85807196598988
    efficiency: 0.898576
    discharge_ratio: 2
    depth_of_discharge: 0.9
  Pb-acid:
    cost: 214.755
    lifetime: 10.7701
    annual_cost: 19.93992627737904
    efficiency: 0.719937
    discharge_ratio: 5
    depth_of_discharge: 0.5
  VRBF:
    cost: 354.952
    lifetime: 22.2079
    annual_cost: 15.98314113446116
    efficiency: 0.712612
    discharge_ratio: 0.5
    depth_of_discharge: 1.0
