cost_values:
  wind_capex: 5000.0
  wind_opex: 100
  wind_lifetime: 20
  solar_capex: 1000.0
  solar_opex: 10
  solar_lifetime: 20
  carbon_price: 1.0
timeseries_values:
  load_level: 252609.82079112547
  wind_year: 2017
  solar_year: 2017
  price_year: 2023
  carbon_year: 2023
storage_values:
  CAES:
    cost: 57.1276
    lifetime: 23.1935
    annual_cost: 2.4630866406536316
    efficiency: 0.631366
    discharge_ratio: 0.1
    depth_of_discharge: 0.4
  Li-ion:
    cost: 211.867
    lifetime: 18.0045
    annual_cost: 11.767447027132105
    efficiency: 0.895546
    discharge_ratio: 2
    depth_of_discharge: 0.9
  Pb-acid:
    cost: 198.641
    lifetime: 12.6515
    annual_cost: 15.700984073034817
    efficiency: 0.741356
    discharge_ratio: 5
    depth_of_discharge: 0.5
  VRBF:
    cost: 348.918
    lifetime: 24.554
    annual_cost: 14.21023051234015
    efficiency: 0.684165
    discharge_ratio: 0.5
    depth_of_discharge: 1.0
