cost_values:
  wind_capex: 5000.0
  wind_opex: 100
  wind_lifetime: 20
  solar_capex: 1000.0
  solar_opex: 10
  solar_lifetime: 20
  carbon_price: 1.0
timeseries_values:
  load_level: 252609.82079112547
  wind_year: 2017
  solar_year: 2017
  price_year: 2023
  carbon_year: 2023
storage_values:
  CAES:
    cost: 60.0902
    lifetime: 23.5656
    annual_cost: 2.549911735750416
    efficiency: 0.63283
    discharge_ratio: 0.1
    depth_of_discharge: 0.4
  Li-ion:
    cost: 201.044
    lifetime: 17.5766
    annual_cost: 11.438162101885462
    efficiency: 0.879119
    discharge_ratio: 2
    depth_of_discharge: 0.9
  Pb-acid:
    cost: 195.571
    lifetime: 13.2715
    annual_cost: 14.736163960366198
    efficiency: 0.737606
    discharge_ratio: 5
    depth_of_discharge: 0.5
  VRBF:
    cost: 297.329
    lifetime: 22.0784
    annual_cost: 13.466963185738098
    efficiency: 0.702121
    discharge_ratio: 0.5
    depth_of_discharge: 1.0
