cost_values:
  wind_capex: 5000.0
  wind_opex: 100
  wind_lifetime: 20
  solar_capex: 1000.0
  solar_opex: 10
  solar_lifetime: 20
  carbon_price: 1.0
timeseries_values:
  load_level: 252609.82079112547
  wind_year: 2017
  solar_year: 2017
  price_year: 2023
  carbon_year: 2023
storage_values:
  CAES:
    cost: 54.7696
    lifetime: 22.8746
    annual_cost: 2.394341321815463
    efficiency: 0.640807
    discharge_ratio: 0.1
    depth_of_discharge: 0.4
  Li-ion:
    cost: 206.156
    lifetime: 20.2769
    annual_cost: 10.167037367644955
    efficiency: 0.887843
    discharge_ratio: 2
    depth_of_discharge: 0.9
  Pb-acid:
    cost: 191.424
    lifetime: 12.759
    annual_cost: 15.003056665882907
    efficiency: 0.724042
    discharge_ratio: 5
    depth_of_discharge: 0.5
  VRBF:
    cost: 347.812
    lifetime: 22.6325
    annual_cost: 15.367811775102176
    efficiency: 0.693574
    discharge_ratio: 0.5
    depth_of_discharge: 1.0
