cost_values:
  wind_capex: 5000.0
  wind_opex: 100
  wind_lifetime: 20
  solar_capex: 1000.0
  solar_opex: 10
  solar_lifetime: 20
  carbon_price: 1.0
timeseries_values:
  load_level: 252609.82079112547
  wind_year: 2017
  solar_year: 2017
  price_year: 2023
  carbon_year: 2023
storage_values:
  CAES:
    cost: 57.545
    lifetime: 22.7544
    annual_cost: 2.5289614316352003
    efficiency: 0.643711
    discharge_ratio: 0.1
    depth_of_discharge: 0.4
  Li-ion:
    cost: 203.573
    lifetime: 18.7472
    annual_cost: 10.858848254672699
    efficiency: 0.88233
    discharge_ratio: 2
    depth_of_discharge: 0.9
  Pb-acid:
    cost: 176.355
    lifetime: 12.4952
    annual_cost: 14.113819706767398
    efficiency: 0.724406
    discharge_ratio: 5
    depth_of_discharge: 0.5
  VRBF:
    cost: 332.352
    lifetime: 21.9381
    annual_cost: 15.14953437170949
    efficiency: 0.704369
    discharge_ratio: 0.5
    depth_of_discharge: 1.0
