cost_values:
  wind_capex: 5000.0
  wind_opex: 100
  wind_lifetime: 20
  solar_capex: 1000.0
  solar_opex: 10
  solar_lifetime: 20
  carbon_price: 1.0
timeseries_values:
  load_level: 252609.82079112547
  wind_year: 2017
  solar_year: 2017
  price_year: 2023
  carbon_year: 2023
storage_values:
  CAES:
    cost: 59.597
    lifetime: 23.1608
    annual_cost: 2.5731840005526583
    efficiency: 0.644395
    discharge_ratio: 0.1
    depth_of_discharge: 0.4
  Li-ion:
    cost: 230.093
    lifetime: 19.2813
    annual_cost: 11.933479589031858
    efficiency: 0.889306
    discharge_ratio: 2
    depth_of_discharge: 0.9
  Pb-acid:
    cost: 182.591
    lifetime: 13.3325
    annual_cost: 13.695180948809302
    efficiency: 0.730318
    discharge_ratio: 5
    depth_of_discharge: 0.5
  VRBF:
    cost: 281.1
    lifetime: 22.8696
    annual_cost: 12.29142617273586
    efficiency: 0.717055
    discharge_ratio: 0.5
    depth_of_discharge: 1.0
