cost_values:
  wind_capex: 5000.0
  wind_opex: 100
  wind_lifetime: 20
  solar_capex: 1000.0
  solar_opex: 10
  solar_lifetime: 20
  carbon_price: 1.0
timeseries_values:
  load_level: 252609.82079112547
  wind_year: 2017
  solar_year: 2017
  price_year: 2023
  carbon_year: 2023
storage_values:
  CAES:
    cost: 56.3144
    lifetime: 22.2114
    annual_cost: 2.535382731390187
    efficiency: 0.634567
    discharge_ratio: 0.1
    depth_of_discharge: 0.4
  Li-ion:
    cost: 208.604
    lifetime: 18.2277
    annual_cost: 11.444340207486409
    efficiency: 0.876698
    discharge_ratio: 2
    depth_of_discharge: 0.9
  Pb-acid:
    cost: 191.144
    lifetime: 12.5385
    annual_cost: 15.24456673445787
    efficiency: 0.727792
    discharge_ratio: 5
    depth_of_discharge: 0.5
  VRBF:
    cost: 319.051
    lifetime: 20.5994
    annual_cost: 15.488363738749673
    efficiency: 0.68792
    discharge_ratio: 0.5
    depth_of_discharge: 1.0
