cost_values:
  wind_capex: 5000.0
  wind_opex: 100
  wind_lifetime: 20
  solar_capex: 1000.0
  solar_opex: 10
  solar_lifetime: 20
  carbon_price: 1.0
timeseries_values:
  load_level: 252609.82079112547
  wind_year: 2017
  solar_year: 2017
  price_year: 2023
  carbon_year: 2023
storage_values:
  CAES:
    cost: 51.343
    lifetime: 22.0108
    annual_cost: 2.332627619168772
    efficiency: 0.628615
    discharge_ratio: 0.1
    depth_of_discharge: 0.4
  Li-ion:
    cost: 211.851
    lifetime: 17.2772
    annual_cost: 12.261882712476558
    efficiency: 0.874634
    discharge_ratio: 2
    depth_of_discharge: 0.9
  Pb-acid:
    cost: 191.106
    lifetime: 13.8139
    annual_cost: 13.834326294529422
    efficiency: 0.734576
    discharge_ratio: 5
    depth_of_discharge: 0.5
  VRBF:
    cost: 290.748
    lifetime: 23.1374
    annual_cost: 12.566148313985149
    efficiency: 0.703952
    discharge_ratio: 0.5
    depth_of_discharge: 1.0
