cost_values:
  wind_capex: 5000.0
  wind_opex: 100
  wind_lifetime: 20
  solar_capex: 1000.0
  solar_opex: 10
  solar_lifetime: 20
  carbon_price: 1.0
timeseries_values:
  load_level: 252609.82079112547
  wind_year: 2017
  solar_year: 2017
  price_year: 2023
  carbon_year: 2023
storage_values:
  CAES:
    cost: 59.9089
    lifetime: 23.2174
    annual_cost: 2.5803449137284966
    efficiency: 0.622086
    discharge_ratio: 0.1
    depth_of_discharge: 0.4
  Li-ion:
    cost: 238.102
    lifetime: 19.5289
    annual_cost: 12.19228937625775
    efficiency: 0.864838
    discharge_ratio: 2
    depth_of_discharge: 0.9
  Pb-acid:
    cost: 192.833
    lifetime: 13.1157
    annual_cost: 14.702455835372874
    efficiency: 0.725258
    discharge_ratio: 5
    depth_of_discharge: 0.5
  VRBF:
    cost: 297.842
    lifetime: 21.7953
    annual_cost: 13.665423279330863
    efficiency: 0.689396
    discharge_ratio: 0.5
    depth_of_discharge: 1.0
