cost_values:
  wind_capex: 5000.0
  wind_opex: 100
  wind_lifetime: 20
  solar_capex: 1000.0
  solar_opex: 10
  solar_lifetime: 20
  carbon_price: 1.0
timeseries_values:
  load_level: 252609.82079112547
  wind_year: 2017
  solar_year: 2017
  price_year: 2023
  carbon_year: 2023
storage_values:
  CAES:
    cost: 53.9256
    lifetime: 23.5755
    annual_cost: 2.2873576382261245
    efficiency: 0.626347
    discharge_ratio: 0.1
    depth_of_discharge: 0.4
  Li-ion:
    cost: 227.637
    lifetime: 18.7077
    annual_cost: 12.168091213778284
    efficiency: 0.885445
    discharge_ratio: 2
    depth_of_discharge: 0.9
  Pb-acid:
    cost: 190.429
    lifetime: 12.9108
    annual_cost: 14.749589490968802
    efficiency: 0.727533
    discharge_ratio: 5
    depth_of_discharge: 0.5
  VRBF:
    cost: 323.736
    lifetime: 25.2353
    annual_cost: 12.828696310327201
    efficiency: 0.717537
    discharge_ratio: 0.5
    depth_of_discharge: 1.0
