cost_values:
  wind_capex: 5000.0
  wind_opex: 100
  wind_lifetime: 20
  solar_capex: 1000.0
  solar_opex: 10
  solar_lifetime: 20
  carbon_price: 1.0
timeseries_values:
  load_level: 252609.82079112547
  wind_year: 2017
  solar_year: 2017
  price_year: 2023
  carbon_year: 2023
storage_values:
  CAES:
    cost: 52.9148
    lifetime: 23.1849
    annual_cost: 2.2822958045969575
    efficiency: 0.631815
    discharge_ratio: 0.1
    depth_of_discharge: 0.4
  Li-ion:
    cost: 247.436
    lifetime: 19.889
    annual_cost: 12.440846699180453
    efficiency: 0.893507
    discharge_ratio: 2
    depth_of_discharge: 0.9
  Pb-acid:
    cost: 178.073
    lifetime: 14.4891
    annual_cost: 12.290135343120001
    efficiency: 0.730459
    discharge_ratio: 5
    depth_of_discharge: 0.5
  VRBF:
    cost: 333.795
    lifetime: 23.502
    annual_cost: 14.202833801378608
    efficiency: 0.716718
    discharge_ratio: 0.5
    depth_of_discharge: 1.0
