cost_values:
  wind_capex: 5000.0
  wind_opex: 100
  wind_lifetime: 20
  solar_capex: 1000.0
  solar_opex: 10
  solar_lifetime: 20
  carbon_price: 1.0
timeseries_values:
  load_level: 252609.82079112547
  wind_year: 2017
  solar_year: 2017
  price_year: 2023
  carbon_year: 2023
storage_values:
  CAES:
    cost: 46.5994
    lifetime: 22.8314
    annual_cost: 2.0410224515360427
    efficiency: 0.633936
    discharge_ratio: 0.1
    depth_of_discharge: 0.4
  Li-ion:
    cost: 228.516
    lifetime: 20.1088
    annual_cost: 11.363979949077022
    efficiency: 0.890574
    discharge_ratio: 2
    depth_of_discharge: 0.9
  Pb-acid:
    cost: 183.116
    lifetime: 13.1169
    annual_cost: 13.960310744154489
    efficiency: 0.725312
    discharge_ratio: 5
    depth_of_discharge: 0.5
  VRBF:
    cost: 287.27
    lifetime: 24.0066
    annual_cost: 11.966292602867545
    efficiency: 0.715649
    discharge_ratio: 0.5
    depth_of_discharge: 1.0
