cost_values:
  wind_capex: 5000.0
  wind_opex: 100
  wind_lifetime: 20
  solar_capex: 1000.0
  solar_opex: 10
  solar_lifetime: 20
  carbon_price: 1.0
timeseries_values:
  load_level: 252609.82079112547
  wind_year: 2017
  solar_year: 2017
  price_year: 2023
  carbon_year: 2023
storage_values:
  CAES:
    cost: 57.3881
    lifetime: 21.642
    annual_cost: 2.651700397375474
    efficiency: 0.635438
    discharge_ratio: 0.1
    depth_of_discharge: 0.4
  Li-ion:
    cost: 214.296
    lifetime: 19.5261
    annual_cost: 10.974849048197028
    efficiency: 0.881998
    discharge_ratio: 2
    depth_of_discharge: 0.9
  Pb-acid:
    cost: 194.89
    lifetime: 13.1997
    annual_cost: 14.764729501428063
    efficiency: 0.753123
    discharge_ratio: 5
    depth_of_discharge: 0.5
  VRBF:
    cost: 345.672
    lifetime: 21.8868
    annual_cost: 15.793629036679643
    efficiency: 0.69757
    discharge_ratio: 0.5
    depth_of_discharge: 1.0
