cost_values:
  wind_capex: 5000.0
  wind_opex: 100
  wind_lifetime: 20
  solar_capex: 1000.0
  solar_opex: 10
  solar_lifetime: 20
  carbon_price: 1.0
timeseries_values:
  load_level: 252609.82079112547
  wind_year: 2017
  solar_year: 2017
  price_year: 2023
  carbon_year: 2023
storage_values:
  CAES:
    cost: 52.0462
    lifetime: 23.0055
    annual_cost: 2.2623372671752406
    efficiency: 0.641852
    discharge_ratio: 0.1
    depth_of_discharge: 0.4
  Li-ion:
    cost: 207.912
    lifetime: 19.3764
    annual_cost: 10.730166594413824
    efficiency: 0.888874
    discharge_ratio: 2
    depth_of_discharge: 0.9
  Pb-acid:
    cost: 195.202
    lifetime: 13.0282
    annual_cost: 14.983036797101672
    efficiency: 0.714718
    discharge_ratio: 5
    depth_of_discharge: 0.5
  VRBF:
    cost: 292.96
    lifetime: 22.842
    annual_cost: 12.825496891690745
    efficiency: 0.688535
    discharge_ratio: 0.5
    depth_of_discharge: 1.0
