cost_values:
  wind_capex: 5000.0
  wind_opex: 100
  wind_lifetime: 20
  solar_capex: 1000.0
  solar_opex: 10
  solar_lifetime: 20
  carbon_price: 1.0
timeseries_values:
  load_level: 252609.82079112547
  wind_year: 2017
  solar_year: 2017
  price_year: 2023
  carbon_year: 2023
storage_values:
  CAES:
    cost: 46.3557
    lifetime: 23.2273
    annual_cost: 1.9957420793635077
    efficiency: 0.633537
    discharge_ratio: 0.1
    depth_of_discharge: 0.4
  Li-ion:
    cost: 221.031
    lifetime: 21.5768
    annual_cost: 10.24391939490564
    efficiency: 0.89055
    discharge_ratio: 2
    depth_of_discharge: 0.9
  Pb-acid:
    cost: 177.278
    lifetime: 13.5476
    annual_cost: 13.085564970917359
    efficiency: 0.744425
    discharge_ratio: 5
    depth_of_discharge: 0.5
  VRBF:
    cost: 320.282
    lifetime: 24.3136
    annual_cost: 13.17295669913135
    efficiency: 0.70474
    discharge_ratio: 0.5
    depth_of_discharge: 1.0
