cost_values:
  wind_capex: 5000.0
  wind_opex: 100
  wind_lifetime: 20
  solar_capex: 1000.0
  solar_opex: 10
  solar_lifetime: 20
  carbon_price: 1.0
timeseries_values:
  load_level: 252609.82079112547
  wind_year: 2017
  solar_year: 2017
  price_year: 2023
  carbon_year: 2023
storage_values:
  CAES:
    cost: 58.9221
    lifetime: 23.3114
    annual_cost: 2.5276088094237155
    efficiency: 0.631298
    discharge_ratio: 0.1
    depth_of_discharge: 0.4
  Li-ion:
    cost: 222.15
    lifetime: 18.7738
    annual_cost: 11.832980004048194
    efficiency: 0.880986
    discharge_ratio: 2
    depth_of_discharge: 0.9
  Pb-acid:
    cost: 192.8
    lifetime: 14.8141
    annual_cost: 13.014627955798868
    efficiency: 0.735919
    discharge_ratio: 5
    depth_of_discharge: 0.5
  VRBF:
    cost: 348.256
    lifetime: 22.2794
    annual_cost: 15.63130066339309
    efficiency: 0.703058
    discharge_ratio: 0.5
    depth_of_discharge: 1.0
