cost_values:
  wind_capex: 5000.0
  wind_opex: 100
  wind_lifetime: 20
  solar_capex: 1000.0
  solar_opex: 10
  solar_lifetime: 20
  carbon_price: 1.0
timeseries_values:
  load_level: 252609.82079112547
  wind_year: 2017
  solar_year: 2017
  price_year: 2023
  carbon_year: 2023
storage_values:
  CAES:
    cost: 53.9452
    lifetime: 24.086
    annual_cost: 2.2396911068670597
    efficiency: 0.633011
    discharge_ratio: 0.1
    depth_of_discharge: 0.4
  Li-ion:
    cost: 216.651
    lifetime: 20.7687
    annual_cost: 10.431611030059658
    efficiency: 0.882037
    discharge_ratio: 2
    depth_of_discharge: 0.9
  Pb-acid:
    cost: 180.038
    lifetime: 14.4228
    annual_cost: 12.482874337853954
    efficiency: 0.715836
    discharge_ratio: 5
    depth_of_discharge: 0.5
  VRBF:
    cost: 340.999
    lifetime: 22.0785
    annual_cost: 15.444844532010782
    efficiency: 0.704495
    discharge_ratio: 0.5
    depth_of_discharge: 1.0
