cost_values:
  wind_capex: 5000.0
  wind_opex: 100
  wind_lifetime: 20
  solar_capex: 1000.0
  solar_opex: 10
  solar_lifetime: 20
  carbon_price: 1.0
timeseries_values:
  load_level: 252609.82079112547
  wind_year: 2017
  solar_year: 2017
  price_year: 2023
  carbon_year: 2023
storage_values:
  CAES:
    cost: 57.9904
    lifetime: 22.7223
    annual_cost: 2.55213600735841
    efficiency: 0.63327
    discharge_ratio: 0.1
    depth_of_discharge: 0.4
  Li-ion:
    cost: 218.03
    lifetime: 18.1676
    annual_cost: 12.00103480922081
    efficiency: 0.872715
    discharge_ratio: 2
    depth_of_discharge: 0.9
  Pb-acid:
    cost: 203.362
    lifetime: 12.9004
    annual_cost: 15.764007317602555
    efficiency: 0.729398
    discharge_ratio: 5
    depth_of_discharge: 0.5
  VRBF:
    cost: 315.324
    lifetime: 22.4021
    annual_cost: 14.075644694024222
    efficiency: 0.706752
    discharge_ratio: 0.5
    depth_of_discharge: 1.0
