cost_values:
  wind_capex: 5000.0
  wind_opex: 100
  wind_lifetime: 20
  solar_capex: 1000.0
  solar_opex: 10
  solar_lifetime: 20
  carbon_price: 1.0
timeseries_values:
  load_level: 252609.82079112547
  wind_year: 2017
  solar_year: 2017
  price_year: 2023
  carbon_year: 2023
storage_values:
  CAES:
    cost: 52.8359
    lifetime: 22.8642
    annual_cost: 2.3108571478555997
    efficiency: 0.630442
    discharge_ratio: 0.1
    depth_of_discharge: 0.4
  Li-ion:
    cost: 236.199
    lifetime: 17.4874
    annual_cost: 13.506810617930624
    efficiency: 0.874246
    discharge_ratio: 2
    depth_of_discharge: 0.9
  Pb-acid:
    cost: 202.843
    lifetime: 13.5776
    annual_cost: 14.939532759839734
    efficiency: 0.717078
    discharge_ratio: 5
    depth_of_discharge: 0.5
  VRBF:
    cost: 316.005
    lifetime: 20.1282
    annual_cost: 15.699615464870183
    efficiency: 0.719127
    discharge_ratio: 0.5
    depth_of_discharge: 1.0
