cost_values:
  wind_capex: 5000.0
  wind_opex: 100
  wind_lifetime: 20
  solar_capex: 1000.0
  solar_opex: 10
  solar_lifetime: 20
  carbon_price: 1.0
timeseries_values:
  load_level: 252609.82079112547
  wind_year: 2017
  solar_year: 2017
  price_year: 2023
  carbon_year: 2023
storage_values:
  CAES:
    cost: 53.7464
    lifetime: 22.7078
    annual_cost: 2.3668695338165744
    efficiency: 0.63
    discharge_ratio: 0.1
    depth_of_discharge: 0.4
  Li-ion:
    cost: 222.427
    lifetime: 16.938
    annual_cost: 13.131833746605267
    efficiency: 0.886072
    discharge_ratio: 2
    depth_of_discharge: 0.9
  Pb-acid:
    cost: 211.86
    lifetime: 14.5294
    annual_cost: 14.581469296736273
    efficiency: 0.736218
    discharge_ratio: 5
    depth_of_discharge: 0.5
  VRBF:
    cost: 365.3
    lifetime: 20.5293
    annual_cost: 17.794079681236088
    efficiency: 0.69952
    discharge_ratio: 0.5
    depth_of_discharge: 1.0
