cost_values:
  wind_capex: 5000.0
  wind_opex: 100
  wind_lifetime: 20
  solar_capex: 1000.0
  solar_opex: 10
  solar_lifetime: 20
  carbon_price: 1.0
timeseries_values:
  load_level: 252609.82079112547
  wind_year: 2017
  solar_year: 2017
  price_year: 2023
  carbon_year: 2023
storage_values:
  CAES:
    cost: 53.9295
    lifetime: 22.3561
    annual_cost: 2.412294630995567
    efficiency: 0.632011
    discharge_ratio: 0.1
    depth_of_discharge: 0.4
  Li-ion:
    cost: 215.063
    lifetime: 19.8204
    annual_cost: 10.85058828277936
    efficiency: 0.887147
    discharge_ratio: 2
    depth_of_discharge: 0.9
  Pb-acid:
    cost: 188.453
    lifetime: 11.7296
    annual_cost: 16.06644727867958
    efficiency: 0.732083
    discharge_ratio: 5
    depth_of_discharge: 0.5
  VRBF:
    cost: 316.264
    lifetime: 21.9716
    annual_cost: 14.394217990496825
    efficiency: 0.704013
    discharge_ratio: 0.5
    depth_of_discharge: 1.0
