cost_values:
  wind_capex: 5000.0
  wind_opex: 100
  wind_lifetime: 20
  solar_capex: 1000.0
  solar_opex: 10
  solar_lifetime: 20
  carbon_price: 1.0
timeseries_values:
  load_level: 252609.82079112547
  wind_year: 2017
  solar_year: 2017
  price_year: 2023
  carbon_year: 2023
storage_values:
  CAES:
    cost: 53.2578
    lifetime: 23.2279
    annual_cost: 2.292837492842659
    efficiency: 0.638151
    discharge_ratio: 0.1
    depth_of_discharge: 0.4
  Li-ion:
    cost: 234.685
    lifetime: 19.2205
    annual_cost: 12.210140214874743
    efficiency: 0.880281
    discharge_ratio: 2
    depth_of_discharge: 0.9
  Pb-acid:
    cost: 190.557
    lifetime: 13.1617
    annual_cost: 14.478144920488994
    efficiency: 0.739537
    discharge_ratio: 5
    depth_of_discharge: 0.5
  VRBF:
    cost: 296.426
    lifetime: 24.1109
    annual_cost: 12.294273544330572
    efficiency: 0.709337
    discharge_ratio: 0.5
    depth_of_discharge: 1.0
