cost_values:
  wind_capex: 5000.0
  wind_opex: 100
  wind_lifetime: 20
  solar_capex: 1000.0
  solar_opex: 10
  solar_lifetime: 20
  carbon_price: 1.0
timeseries_values:
  load_level: 252609.82079112547
  wind_year: 2017
  solar_year: 2017
  price_year: 2023
  carbon_year: 2023
storage_values:
  CAES:
    cost: 56.4506
    lifetime: 23.0125
    annual_cost: 2.453040738728952
    efficiency: 0.649295
    discharge_ratio: 0.1
    depth_of_discharge: 0.4
  Li-ion:
    cost: 213.803
    lifetime: 19.7003
    annual_cost: 10.852778891692004
    efficiency: 0.888867
    discharge_ratio: 2
    depth_of_discharge: 0.9
  Pb-acid:
    cost: 192.414
    lifetime: 13.0651
    annual_cost: 14.72732700094144
    efficiency: 0.719975
    discharge_ratio: 5
    depth_of_discharge: 0.5
  VRBF:
    cost: 353.458
    lifetime: 20.5718
    annual_cost: 17.181675886407607
    efficiency: 0.690125
    discharge_ratio: 0.5
    depth_of_discharge: 1.0
