cost_values:
  wind_capex: 5000.0
  wind_opex: 100
  wind_lifetime: 20
  solar_capex: 1000.0
  solar_opex: 10
  solar_lifetime: 20
  carbon_price: 1.0
timeseries_values:
  load_level: 252609.82079112547
  wind_year: 2017
  solar_year: 2017
  price_year: 2023
  carbon_year: 2023
storage_values:
  CAES:
    cost: 63.863
    lifetime: 22.592
    annual_cost: 2.8267970963172804
    efficiency: 0.630537
    discharge_ratio: 0.1
    depth_of_discharge: 0.4
  Li-ion:
    cost: 227.621
    lifetime: 18.4833
    annual_cost: 12.314954580621427
    efficiency: 0.876694
    discharge_ratio: 2
    depth_of_discharge: 0.9
  Pb-acid:
    cost: 185.559
    lifetime: 12.5484
    annual_cost: 14.787462943482833
    efficiency: 0.727815
    discharge_ratio: 5
    depth_of_discharge: 0.5
  VRBF:
    cost: 336.524
    lifetime: 22.2736
    annual_cost: 15.108648803965234
    efficiency: 0.710771
    discharge_ratio: 0.5
    depth_of_discharge: 1.0
