cost_values:
  wind_capex: 5000.0
  wind_opex: 100
  wind_lifetime: 20
  solar_capex: 1000.0
  solar_opex: 10
  solar_lifetime: 20
  carbon_price: 1.0
timeseries_values:
  load_level: 252609.82079112547
  wind_year: 2017
  solar_year: 2017
  price_year: 2023
  carbon_year: 2023
storage_values:
  CAES:
    cost: 63.905
    lifetime: 23.0372
    annual_cost: 2.77399163092737
    efficiency: 0.637839
    discharge_ratio: 0.1
    depth_of_discharge: 0.4
  Li-ion:
    cost: 219.182
    lifetime: 18.3431
    annual_cost: 11.949016251342465
    efficiency: 0.893152
    discharge_ratio: 2
    depth_of_discharge: 0.9
  Pb-acid:
    cost: 201.832
    lifetime: 11.8171
    annual_cost: 17.07965575310355
    efficiency: 0.729175
    discharge_ratio: 5
    depth_of_discharge: 0.5
  VRBF:
    cost: 342.772
    lifetime: 20.1426
    annual_cost: 17.017266887095012
    efficiency: 0.722055
    discharge_ratio: 0.5
    depth_of_discharge: 1.0
