cost_values:
  wind_capex: 5000.0
  wind_opex: 100
  wind_lifetime: 20
  solar_capex: 1000.0
  solar_opex: 10
  solar_lifetime: 20
  carbon_price: 1.0
timeseries_values:
  load_level: 252609.82079112547
  wind_year: 2017
  solar_year: 2017
  price_year: 2023
  carbon_year: 2023
storage_values:
  CAES:
    cost: 53.6718
    lifetime: 22.4596
    annual_cost: 2.3897041799497765
    efficiency: 0.634171
    discharge_ratio: 0.1
    depth_of_discharge: 0.4
  Li-ion:
    cost: 205.433
    lifetime: 16.139
    annual_cost: 12.728979490674764
    efficiency: 0.875965
    discharge_ratio: 2
    depth_of_discharge: 0.9
  Pb-acid:
    cost: 183.208
    lifetime: 12.9372
    annual_cost: 14.161333209658967
    efficiency: 0.72967
    discharge_ratio: 5
    depth_of_discharge: 0.5
  VRBF:
    cost: 336.484
    lifetime: 24.4278
    annual_cost: 13.77463381884574
    efficiency: 0.714981
    discharge_ratio: 0.5
    depth_of_discharge: 1.0
