cost_values:
  wind_capex: 5000.0
  wind_opex: 100
  wind_lifetime: 20
  solar_capex: 1000.0
  solar_opex: 10
  solar_lifetime: 20
  carbon_price: 1.0
timeseries_values:
  load_level: 252609.82079112547
  wind_year: 2017
  solar_year: 2017
  price_year: 2023
  carbon_year: 2023
storage_values:
  CAES:
    cost: 58.599
    lifetime: 22.6223
    annual_cost: 2.5903201708049135
    efficiency: 0.633541
    discharge_ratio: 0.1
    depth_of_discharge: 0.4
  Li-ion:
    cost: 219.952
    lifetime: 20.0391
    annual_cost: 10.976141643087763
    efficiency: 0.885229
    discharge_ratio: 2
    depth_of_discharge: 0.9
  Pb-acid:
    cost: 202.141
    lifetime: 14.7929
    annual_cost: 13.664731053410758
    efficiency: 0.761997
    discharge_ratio: 5
    depth_of_discharge: 0.5
  VRBF:
    cost: 323.094
    lifetime: 23.8439
    annual_cost: 13.55038395564484
    efficiency: 0.686781
    discharge_ratio: 0.5
    depth_of_discharge: 1.0
