cost_values:
  wind_capex: 5000.0
  wind_opex: 100
  wind_lifetime: 20
  solar_capex: 1000.0
  solar_opex: 10
  solar_lifetime: 20
  carbon_price: 1.0
timeseries_values:
  load_level: 252609.82079112547
  wind_year: 2017
  solar_year: 2017
  price_year: 2023
  carbon_year: 2023
storage_values:
  CAES:
    cost: 48.8722
    lifetime: 23.5943
    annual_cost: 2.0713562173914886
    efficiency: 0.61812
    discharge_ratio: 0.1
    depth_of_discharge: 0.4
  Li-ion:
    cost: 211.041
    lifetime: 19.5175
    annual_cost: 10.81291148968874
    efficiency: 0.87436
    discharge_ratio: 2
    depth_of_discharge: 0.9
  Pb-acid:
    cost: 191.961
    lifetime: 13.0756
    annual_cost: 14.680855945425067
    efficiency: 0.737909
    discharge_ratio: 5
    depth_of_discharge: 0.5
  VRBF:
    cost: 303.444
    lifetime: 20.3641
    annual_cost: 14.900928594929312
    efficiency: 0.700514
    discharge_ratio: 0.5
    depth_of_discharge: 1.0
