cost_values:
  wind_capex: 5000.0
  wind_opex: 100
  wind_lifetime: 20
  solar_capex: 1000.0
  solar_opex: 10
  solar_lifetime: 20
  carbon_price: 1.0
timeseries_values:
  load_level: 252609.82079112547
  wind_year: 2017
  solar_year: 2017
  price_year: 2023
  carbon_year: 2023
storage_values:
  CAES:
    cost: 54.0139
    lifetime: 23.4512
    annual_cost: 2.3032467421709764
    efficiency: 0.628642
    discharge_ratio: 0.1
    depth_of_discharge: 0.4
  Li-ion:
    cost: 227.343
    lifetime: 18.9639
    annual_cost: 11.988198630028634
    efficiency: 0.877087
    discharge_ratio: 2
    depth_of_discharge: 0.9
  Pb-acid:
    cost: 199.898
    lifetime: 11.7343
    annual_cost: 17.035357882447187
    efficiency: 0.733395
    discharge_ratio: 5
    depth_of_discharge: 0.5
  VRBF:
    cost: 333.729
    lifetime: 23.7216
    annual_cost: 14.06857041683529
    efficiency: 0.701675
    discharge_ratio: 0.5
    depth_of_discharge: 1.0
