cost_values:
  wind_capex: 5000.0
  wind_opex: 100
  wind_lifetime: 20
  solar_capex: 1000.0
  solar_opex: 10
  solar_lifetime: 20
  carbon_price: 1.0
timeseries_values:
  load_level: 252609.82079112547
  wind_year: 2017
  solar_year: 2017
  price_year: 2023
  carbon_year: 2023
storage_values:
  CAES:
    cost: 61.1628
    lifetime: 23.7112
    annual_cost: 2.5794898613313535
    efficiency: 0.639949
    discharge_ratio: 0.1
    depth_of_discharge: 0.4
  Li-ion:
    cost: 211.72
    lifetime: 20.1018
    annual_cost: 10.532390134216836
    efficiency: 0.882145
    discharge_ratio: 2
    depth_of_discharge: 0.9
  Pb-acid:
    cost: 186.124
    lifetime: 13.2892
    annual_cost: 14.005658730397617
    efficiency: 0.726386
    discharge_ratio: 5
    depth_of_discharge: 0.5
  VRBF:
    cost: 311.362
    lifetime: 23.6516
    annual_cost: 13.16452163912801
    efficiency: 0.70414
    discharge_ratio: 0.5
    depth_of_discharge: 1.0
