cost_values:
  wind_capex: 5000.0
  wind_opex: 100
  wind_lifetime: 20
  solar_capex: 1000.0
  solar_opex: 10
  solar_lifetime: 20
  carbon_price: 1.0
timeseries_values:
  load_level: 252609.82079112547
  wind_year: 2017
  solar_year: 2017
  price_year: 2023
  carbon_year: 2023
storage_values:
  CAES:
    cost: 59.7392
    lifetime: 23.6328
    annual_cost: 2.5278088080972205
    efficiency: 0.641599
    discharge_ratio: 0.1
    depth_of_discharge: 0.4
  Li-ion:
    cost: 211.59
    lifetime: 18.4966
    annual_cost: 11.439399673453499
    efficiency: 0.868192
    discharge_ratio: 2
    depth_of_discharge: 0.9
  Pb-acid:
    cost: 165.935
    lifetime: 13.0288
    annual_cost: 12.73601559621761
    efficiency: 0.740582
    discharge_ratio: 5
    depth_of_discharge: 0.5
  VRBF:
    cost: 318.982
    lifetime: 23.0951
    annual_cost: 13.811674337846558
    efficiency: 0.699481
    discharge_ratio: 0.5
    depth_of_discharge: 1.0
