cost_values:
  wind_capex: 5000.0
  wind_opex: 100
  wind_lifetime: 20
  solar_capex: 1000.0
  solar_opex: 10
  solar_lifetime: 20
  carbon_price: 1.0
timeseries_values:
  load_level: 252609.82079112547
  wind_year: 2017
  solar_year: 2017
  price_year: 2023
  carbon_year: 2023
storage_values:
  CAES:
    cost: 51.1908
    lifetime: 21.1951
    annual_cost: 2.415218611848965
    efficiency: 0.641538
    discharge_ratio: 0.1
    depth_of_discharge: 0.4
  Li-ion:
    cost: 211.688
    lifetime: 19.9309
    annual_cost: 10.62109588628712
    efficiency: 0.880592
    discharge_ratio: 2
    depth_of_discharge: 0.9
  Pb-acid:
    cost: 200.782
    lifetime: 13.3005
    annual_cost: 15.095823465283262
    efficiency: 0.745643
    discharge_ratio: 5
    depth_of_discharge: 0.5
  VRBF:
    cost: 313.677
    lifetime: 22.1179
    annual_cost: 14.182042598980917
    efficiency: 0.707748
    discharge_ratio: 0.5
    depth_of_discharge: 1.0
