cost_values:
  wind_capex: 5000.0
  wind_opex: 100
  wind_lifetime: 20
  solar_capex: 1000.0
  solar_opex: 10
  solar_lifetime: 20
  carbon_price: 1.0
timeseries_values:
  load_level: 252609.82079112547
  wind_year: 2017
  solar_year: 2017
  price_year: 2023
  carbon_year: 2023
storage_values:
  CAES:
    cost: 57.799
    lifetime: 23.288
    annual_cost: 2.4819220199244247
    efficiency: 0.631722
    discharge_ratio: 0.1
    depth_of_discharge: 0.4
  Li-ion:
    cost: 216.121
    lifetime: 19.743
    annual_cost: 10.946715291495721
    efficiency: 0.875632
    discharge_ratio: 2
    depth_of_discharge: 0.9
  Pb-acid:
    cost: 213.44
    lifetime: 12.6576
    annual_cost: 16.862596384780684
    efficiency: 0.741539
    discharge_ratio: 5
    depth_of_discharge: 0.5
  VRBF:
    cost: 333.401
    lifetime: 21.2898
    annual_cost: 15.660128324361901
    efficiency: 0.684744
    discharge_ratio: 0.5
    depth_of_discharge: 1.0
