cost_values:
  wind_capex: 5000.0
  wind_opex: 100
  wind_lifetime: 20
  solar_capex: 1000.0
  solar_opex: 10
  solar_lifetime: 20
  carbon_price: 1.0
timeseries_values:
  load_level: 252609.82079112547
  wind_year: 2017
  solar_year: 2017
  price_year: 2023
  carbon_year: 2023
storage_values:
  CAES:
    cost: 61.2775
    lifetime: 22.507
    annual_cost: 2.722597414137824
    efficiency: 0.639168
    discharge_ratio: 0.1
    depth_of_discharge: 0.4
  Li-ion:
    cost: 204.264
    lifetime: 17.3115
    annual_cost: 11.79932414868729
    efficiency: 0.876355
    discharge_ratio: 2
    depth_of_discharge: 0.9
  Pb-acid:
    cost: 165.978
    lifetime: 14.8722
    annual_cost: 11.160285633598258
    efficiency: 0.746778
    discharge_ratio: 5
    depth_of_discharge: 0.5
  VRBF:
    cost: 283.021
    lifetime: 21.465
    annual_cost: 13.185231772653157
    efficiency: 0.694812
    discharge_ratio: 0.5
    depth_of_discharge: 1.0
