cost_values:
  wind_capex: 5000.0
  wind_opex: 100
  wind_lifetime: 20
  solar_capex: 1000.0
  solar_opex: 10
  solar_lifetime: 20
  carbon_price: 1.0
timeseries_values:
  load_level: 252609.82079112547
  wind_year: 2017
  solar_year: 2017
  price_year: 2023
  carbon_year: 2023
storage_values:
  CAES:
    cost: 61.2562
    lifetime: 23.224
    annual_cost: 2.637624870823286
    efficiency: 0.635034
    discharge_ratio: 0.1
    depth_of_discharge: 0.4
  Li-ion:
    cost: 218.351
    lifetime: 19.9287
    annual_cost: 10.956610315775741
    efficiency: 0.877337
    discharge_ratio: 2
    depth_of_discharge: 0.9
  Pb-acid:
    cost: 203.512
    lifetime: 14.2484
    annual_cost: 14.283147581482833
    efficiency: 0.725436
    discharge_ratio: 5
    depth_of_discharge: 0.5
  VRBF:
    cost: 306.476
    lifetime: 21.4077
    annual_cost: 14.316157270514816
    efficiency: 0.714859
    discharge_ratio: 0.5
    depth_of_discharge: 1.0
