cost_values:
  wind_capex: 5000.0
  wind_opex: 100
  wind_lifetime: 20
  solar_capex: 1000.0
  solar_opex: 10
  solar_lifetime: 20
  carbon_price: 1.0
timeseries_values:
  load_level: 252609.82079112547
  wind_year: 2017
  solar_year: 2017
  price_year: 2023
  carbon_year: 2023
storage_values:
  CAES:
    cost: 52.7694
    lifetime: 22.9425
    annual_cost: 2.3000719189277543
    efficiency: 0.631053
    discharge_ratio: 0.1
    depth_of_discharge: 0.4
  Li-ion:
    cost: 233.913
    lifetime: 20.663
    annual_cost: 11.320379422155543
    efficiency: 0.876406
    discharge_ratio: 2
    depth_of_discharge: 0.9
  Pb-acid:
    cost: 216.971
    lifetime: 12.8766
    annual_cost: 16.85002252147306
    efficiency: 0.729556
    discharge_ratio: 5
    depth_of_discharge: 0.5
  VRBF:
    cost: 323.606
    lifetime: 21.9069
    annual_cost: 14.771875527801743
    efficiency: 0.702494
    discharge_ratio: 0.5
    depth_of_discharge: 1.0
