cost_values:
  wind_capex: 5000.0
  wind_opex: 100
  wind_lifetime: 20
  solar_capex: 1000.0
  solar_opex: 10
  solar_lifetime: 20
  carbon_price: 1.0
timeseries_values:
  load_level: 252609.82079112547
  wind_year: 2017
  solar_year: 2017
  price_year: 2023
  carbon_year: 2023
storage_values:
  CAES:
    cost: 55.9838
    lifetime: 23.3453
    annual_cost: 2.3980758439600263
    efficiency: 0.633709
    discharge_ratio: 0.1
    depth_of_discharge: 0.4
  Li-ion:
    cost: 220.771
    lifetime: 19.0851
    annual_cost: 11.567715128555783
    efficiency: 0.897022
    discharge_ratio: 2
    depth_of_discharge: 0.9
  Pb-acid:
    cost: 207.872
    lifetime: 13.3236
    annual_cost: 15.601789306193522
    efficiency: 0.718346
    discharge_ratio: 5
    depth_of_discharge: 0.5
  VRBF:
    cost: 314.023
    lifetime: 19.8324
    annual_cost: 15.833837558742262
    efficiency: 0.726904
    discharge_ratio: 0.5
    depth_of_discharge: 1.0
