cost_values:
  wind_capex: 5000.0
  wind_opex: 100
  wind_lifetime: 20
  solar_capex: 1000.0
  solar_opex: 10
  solar_lifetime: 20
  carbon_price: 1.0
timeseries_values:
  load_level: 252609.82079112547
  wind_year: 2017
  solar_year: 2017
  price_year: 2023
  carbon_year: 2023
storage_values:
  CAES:
    cost: 51.9159
    lifetime: 24.3382
    annual_cost: 2.133103516283045
    efficiency: 0.638812
    discharge_ratio: 0.1
    depth_of_discharge: 0.4
  Li-ion:
    cost: 221.352
    lifetime: 20.2258
    annual_cost: 10.944041768434376
    efficiency: 0.878507
    discharge_ratio: 2
    depth_of_discharge: 0.9
  Pb-acid:
    cost: 193.707
    lifetime: 13.1968
    annual_cost: 14.67833111057226
    efficiency: 0.729211
    discharge_ratio: 5
    depth_of_discharge: 0.5
  VRBF:
    cost: 362.725
    lifetime: 23.4934
    annual_cost: 15.439442566848562
    efficiency: 0.704348
    discharge_ratio: 0.5
    depth_of_discharge: 1.0
