cost_values:
  wind_capex: 5000.0
  wind_opex: 100
  wind_lifetime: 20
  solar_capex: 1000.0
  solar_opex: 10
  solar_lifetime: 20
  carbon_price: 1.0
timeseries_values:
  load_level: 252609.82079112547
  wind_year: 2017
  solar_year: 2017
  price_year: 2023
  carbon_year: 2023
storage_values:
  CAES:
    cost: 60.2348
    lifetime: 22.3917
    annual_cost: 2.6900503311494885
    efficiency: 0.643449
    discharge_ratio: 0.1
    depth_of_discharge: 0.4
  Li-ion:
    cost: 243.653
    lifetime: 17.9218
    annual_cost: 13.595341985738038
    efficiency: 0.880295
    discharge_ratio: 2
    depth_of_discharge: 0.9
  Pb-acid:
    cost: 177.12
    lifetime: 12.2806
    annual_cost: 14.42274807419833
    efficiency: 0.72713
    discharge_ratio: 5
    depth_of_discharge: 0.5
  VRBF:
    cost: 325.279
    lifetime: 22.8689
    annual_cost: 14.223639965192904
    efficiency: 0.700345
    discharge_ratio: 0.5
    depth_of_discharge: 1.0
