cost_values:
  wind_capex: 5000.0
  wind_opex: 100
  wind_lifetime: 20
  solar_capex: 1000.0
  solar_opex: 10
  solar_lifetime: 20
  carbon_price: 1.0
timeseries_values:
  load_level: 252609.82079112547
  wind_year: 2017
  solar_year: 2017
  price_year: 2023
  carbon_year: 2023
storage_values:
  CAES:
    cost: 58.9946
    lifetime: 23.3575
    annual_cost: 2.5257240714973777
    efficiency: 0.627536
    discharge_ratio: 0.1
    depth_of_discharge: 0.4
  Li-ion:
    cost: 203.024
    lifetime: 17.2143
    annual_cost: 11.793915523721557
    efficiency: 0.87477
    discharge_ratio: 2
    depth_of_discharge: 0.9
  Pb-acid:
    cost: 182.937
    lifetime: 13.6916
    annual_cost: 13.361257997604373
    efficiency: 0.723627
    discharge_ratio: 5
    depth_of_discharge: 0.5
  VRBF:
    cost: 343.718
    lifetime: 22.3706
    annual_cost: 15.364719766121608
    efficiency: 0.697766
    discharge_ratio: 0.5
    depth_of_discharge: 1.0
