cost_values:
  wind_capex: 5000.0
  wind_opex: 100
  wind_lifetime: 20
  solar_capex: 1000.0
  solar_opex: 10
  solar_lifetime: 20
  carbon_price: 1.0
timeseries_values:
  load_level: 252609.82079112547
  wind_year: 2017
  solar_year: 2017
  price_year: 2023
  carbon_year: 2023
storage_values:
  CAES:
    cost: 55.1724
    lifetime: 22.4738
    annual_cost: 2.4549653374151235
    efficiency: 0.63167
    discharge_ratio: 0.1
    depth_of_discharge: 0.4
  Li-ion:
    cost: 240.254
    lifetime: 18.4061
    annual_cost: 13.052955270263663
    efficiency: 0.894859
    discharge_ratio: 2
    depth_of_discharge: 0.9
  Pb-acid:
    cost: 195.471
    lifetime: 14.8555
    annual_cost: 13.15815691158157
    efficiency: 0.732162
    discharge_ratio: 5
    depth_of_discharge: 0.5
  VRBF:
    cost: 289.041
    lifetime: 21.6744
    annual_cost: 13.33559406488761
    efficiency: 0.710578
    discharge_ratio: 0.5
    depth_of_discharge: 1.0
