cost_values:
  wind_capex: 5000.0
  wind_opex: 100
  wind_lifetime: 20
  solar_capex: 1000.0
  solar_opex: 10
  solar_lifetime: 20
  carbon_price: 1.0
timeseries_values:
  load_level: 252609.82079112547
  wind_year: 2017
  solar_year: 2017
  price_year: 2023
  carbon_year: 2023
storage_values:
  CAES:
    cost: 64.428
    lifetime: 22.7307
    annual_cost: 2.834404571790574
    efficiency: 0.62433
    discharge_ratio: 0.1
    depth_of_discharge: 0.4
  Li-ion:
    cost: 218.1
    lifetime: 18.3216
    annual_cost: 11.903982184962011
    efficiency: 0.883945
    discharge_ratio: 2
    depth_of_discharge: 0.9
  Pb-acid:
    cost: 204.196
    lifetime: 12.6438
    annual_cost: 16.149891646498677
    efficiency: 0.731918
    discharge_ratio: 5
    depth_of_discharge: 0.5
  VRBF:
    cost: 318.599
    lifetime: 20.4925
    annual_cost: 15.54710259851165
    efficiency: 0.692095
    discharge_ratio: 0.5
    depth_of_discharge: 1.0
