cost_values:
  wind_capex: 5000.0
  wind_opex: 100
  wind_lifetime: 20
  solar_capex: 1000.0
  solar_opex: 10
  solar_lifetime: 20
  carbon_price: 1.0
timeseries_values:
  load_level: 252609.82079112547
  wind_year: 2017
  solar_year: 2017
  price_year: 2023
  carbon_year: 2023
storage_values:
  CAES:
    cost: 55.0312
    lifetime: 22.5026
    annual_cost: 2.445548514393892
    efficiency: 0.637064
    discharge_ratio: 0.1
    depth_of_discharge: 0.4
  Li-ion:
    cost: 231.751
    lifetime: 19.5902
    annual_cost: 11.829945585037418
    efficiency: 0.892484
    discharge_ratio: 2
    depth_of_discharge: 0.9
  Pb-acid:
    cost: 195.699
    lifetime: 12.8967
    annual_cost: 15.174346925957805
    efficiency: 0.738584
    discharge_ratio: 5
    depth_of_discharge: 0.5
  VRBF:
    cost: 335.304
    lifetime: 23.2535
    annual_cost: 14.41950674092072
    efficiency: 0.697988
    discharge_ratio: 0.5
    depth_of_discharge: 1.0
