cost_values:
  wind_capex: 5000.0
  wind_opex: 100
  wind_lifetime: 20
  solar_capex: 1000.0
  solar_opex: 10
  solar_lifetime: 20
  carbon_price: 1.0
timeseries_values:
  load_level: 252609.82079112547
  wind_year: 2017
  solar_year: 2017
  price_year: 2023
  carbon_year: 2023
storage_values:
  CAES:
    cost: 57.0864
    lifetime: 22.9168
    annual_cost: 2.4910284158346716
    efficiency: 0.627834
    discharge_ratio: 0.1
    depth_of_discharge: 0.4
  Li-ion:
    cost: 234.418
    lifetime: 16.6879
    annual_cost: 14.047183887727037
    efficiency: 0.900332
    discharge_ratio: 2
    depth_of_discharge: 0.9
  Pb-acid:
    cost: 203.577
    lifetime: 14.1975
    annual_cost: 14.338932910723718
    efficiency: 0.720307
    discharge_ratio: 5
    depth_of_discharge: 0.5
  VRBF:
    cost: 305.094
    lifetime: 23.2267
    annual_cost: 13.135486315318145
    efficiency: 0.697098
    discharge_ratio: 0.5
    depth_of_discharge: 1.0
