cost_values:
  wind_capex: 5000.0
  wind_opex: 100
  wind_lifetime: 20
  solar_capex: 1000.0
  solar_opex: 10
  solar_lifetime: 20
  carbon_price: 1.0
timeseries_values:
  load_level: 252609.82079112547
  wind_year: 2017
  solar_year: 2017
  price_year: 2023
  carbon_year: 2023
storage_values:
  CAES:
    cost: 52.8695
    lifetime: 22.2909
    annual_cost: 2.3717974599500247
    efficiency: 0.622499
    discharge_ratio: 0.1
    depth_of_discharge: 0.4
  Li-ion:
    cost: 205.374
    lifetime: 18.659
    annual_cost: 11.006699180020366
    efficiency: 0.875823
    discharge_ratio: 2
    depth_of_discharge: 0.9
  Pb-acid:
    cost: 183.284
    lifetime: 13.5061
    annual_cost: 13.570460754770066
    efficiency: 0.723652
    discharge_ratio: 5
    depth_of_discharge: 0.5
  VRBF:
    cost: 314.297
    lifetime: 21.1204
    annual_cost: 14.881204901422322
    efficiency: 0.725827
    discharge_ratio: 0.5
    depth_of_discharge: 1.0
