cost_values:
  wind_capex: 5000.0
  wind_opex: 100
  wind_lifetime: 20
  solar_capex: 1000.0
  solar_opex: 10
  solar_lifetime: 20
  carbon_price: 1.0
timeseries_values:
  load_level: 212644.5764580515
  wind_year: 2018
  solar_year: 2019
  price_year: 2023
  carbon_year: 2023
storage_values:
  CAES:
    cost: 27.2468
    lifetime: 28.549
    annual_cost: 0.9543871939472486
    efficiency: 0.619488
    discharge_ratio: 0.1
    depth_of_discharge: 0.4
  Li-ion:
    cost: 229.605
    lifetime: 21.1946
    annual_cost: 10.833183924207109
    efficiency: 0.908977
    discharge_ratio: 2
    depth_of_discharge: 0.9
  Pb-acid:
    cost: 131.367
    lifetime: 13.9866
    annual_cost: 9.392346960662348
    efficiency: 0.738336
    discharge_ratio: 5
    depth_of_discharge: 0.5
  VRBF:
    cost: 219.368
    lifetime: 19.0505
    annual_cost: 11.51507834440041
    efficiency: 0.756199
    discharge_ratio: 0.5
    depth_of_discharge: 1.0
