cost_values:
  wind_capex: 5000.0
  wind_opex: 100
  wind_lifetime: 20
  solar_capex: 1000.0
  solar_opex: 10
  solar_lifetime: 20
  carbon_price: 1.0
timeseries_values:
  load_level: 212644.5764580515
  wind_year: 2018
  solar_year: 2019
  price_year: 2023
  carbon_year: 2023
storage_values:
  CAES:
    cost: 32.5407
    lifetime: 28.9492
    annual_cost: 1.1240621502494024
    efficiency: 0.624902
    discharge_ratio: 0.1
    depth_of_discharge: 0.4
  Li-ion:
    cost: 225.107
    lifetime: 20.7252
    annual_cost: 10.861511589755466
    efficiency: 0.913487
    discharge_ratio: 2
    depth_of_discharge: 0.9
  Pb-acid:
    cost: 125.127
    lifetime: 12.8215
    annual_cost: 9.759154545100026
    efficiency: 0.730319
    discharge_ratio: 5
    depth_of_discharge: 0.5
  VRBF:
    cost: 203.532
    lifetime: 19.7599
    annual_cost: 10.300254555944111
    efficiency: 0.752899
    discharge_ratio: 0.5
    depth_of_discharge: 1.0
