cost_values:
  wind_capex: 5000.0
  wind_opex: 100
  wind_lifetime: 20
  solar_capex: 1000.0
  solar_opex: 10
  solar_lifetime: 20
  carbon_price: 1.0
timeseries_values:
  load_level: 212644.5764580515
  wind_year: 2018
  solar_year: 2019
  price_year: 2023
  carbon_year: 2023
storage_values:
  CAES:
    cost: 32.2638
    lifetime: 29.7598
    annual_cost: 1.0841403504055809
    efficiency: 0.637359
    discharge_ratio: 0.1
    depth_of_discharge: 0.4
  Li-ion:
    cost: 236.092
    lifetime: 19.5805
    annual_cost: 12.057506192385281
    efficiency: 0.887826
    discharge_ratio: 2
    depth_of_discharge: 0.9
  Pb-acid:
    cost: 120.187
    lifetime: 13.032
    annual_cost: 9.22245242480049
    efficiency: 0.750971
    discharge_ratio: 5
    depth_of_discharge: 0.5
  VRBF:
    cost: 202.593
    lifetime: 21.8398
    annual_cost: 9.276321211732707
    efficiency: 0.782099
    discharge_ratio: 0.5
    depth_of_discharge: 1.0
