cost_values:
  wind_capex: 5000.0
  wind_opex: 100
  wind_lifetime: 20
  solar_capex: 1000.0
  solar_opex: 10
  solar_lifetime: 20
  carbon_price: 1.0
timeseries_values:
  load_level: 212644.5764580515
  wind_year: 2018
  solar_year: 2019
  price_year: 2023
  carbon_year: 2023
storage_values:
  CAES:
    cost: 30.3613
    lifetime: 28.8978
    annual_cost: 1.050643993660417
    efficiency: 0.637759
    discharge_ratio: 0.1
    depth_of_discharge: 0.4
  Li-ion:
    cost: 227.433
    lifetime: 21.2015
    annual_cost: 10.727212697214819
    efficiency: 0.887642
    discharge_ratio: 2
    depth_of_discharge: 0.9
  Pb-acid:
    cost: 147.205
    lifetime: 13.0536
    annual_cost: 11.276965741251457
    efficiency: 0.736493
    discharge_ratio: 5
    depth_of_discharge: 0.5
  VRBF:
    cost: 214.445
    lifetime: 18.144
    annual_cost: 11.819058641975309
    efficiency: 0.750494
    discharge_ratio: 0.5
    depth_of_discharge: 1.0
