cost_values:
  wind_capex: 5000.0
  wind_opex: 100
  wind_lifetime: 20
  solar_capex: 1000.0
  solar_opex: 10
  solar_lifetime: 20
  carbon_price: 1.0
timeseries_values:
  load_level: 212644.5764580515
  wind_year: 2018
  solar_year: 2019
  price_year: 2023
  carbon_year: 2023
storage_values:
  CAES:
    cost: 30.9498
    lifetime: 29.6405
    annual_cost: 1.0441726691520048
    efficiency: 0.616883
    discharge_ratio: 0.1
    depth_of_discharge: 0.4
  Li-ion:
    cost: 211.401
    lifetime: 18.2852
    annual_cost: 11.561317349550457
    efficiency: 0.897682
    discharge_ratio: 2
    depth_of_discharge: 0.9
  Pb-acid:
    cost: 127.869
    lifetime: 13.1618
    annual_cost: 9.715160540351624
    efficiency: 0.727295
    discharge_ratio: 5
    depth_of_discharge: 0.5
  VRBF:
    cost: 217.747
    lifetime: 20.2349
    annual_cost: 10.760962495490466
    efficiency: 0.763078
    discharge_ratio: 0.5
    depth_of_discharge: 1.0
