cost_values:
  wind_capex: 5000.0
  wind_opex: 100
  wind_lifetime: 20
  solar_capex: 1000.0
  solar_opex: 10
  solar_lifetime: 20
  carbon_price: 1.0
timeseries_values:
  load_level: 212644.5764580515
  wind_year: 2018
  solar_year: 2019
  price_year: 2023
  carbon_year: 2023
storage_values:
  CAES:
    cost: 26.5482
    lifetime: 28.5873
    annual_cost: 0.9286711231910675
    efficiency: 0.625752
    discharge_ratio: 0.1
    depth_of_discharge: 0.4
  Li-ion:
    cost: 214.368
    lifetime: 21.1283
    annual_cost: 10.14601269387504
    efficiency: 0.895963
    discharge_ratio: 2
    depth_of_discharge: 0.9
  Pb-acid:
    cost: 131.702
    lifetime: 15.4956
    annual_cost: 8.49931593484602
    efficiency: 0.735919
    discharge_ratio: 5
    depth_of_discharge: 0.5
  VRBF:
    cost: 244.746
    lifetime: 19.7763
    annual_cost: 12.375722455666633
    efficiency: 0.772022
    discharge_ratio: 0.5
    depth_of_discharge: 1.0
