cost_values:
  wind_capex: 5000.0
  wind_opex: 100
  wind_lifetime: 20
  solar_capex: 1000.0
  solar_opex: 10
  solar_lifetime: 20
  carbon_price: 1.0
timeseries_values:
  load_level: 212644.5764580515
  wind_year: 2018
  solar_year: 2019
  price_year: 2023
  carbon_year: 2023
storage_values:
  CAES:
    cost: 27.3904
    lifetime: 29.3036
    annual_cost: 0.93471109351752
    efficiency: 0.62856
    discharge_ratio: 0.1
    depth_of_discharge: 0.4
  Li-ion:
    cost: 253.808
    lifetime: 23.3932
    annual_cost: 10.849648615837081
    efficiency: 0.906888
    discharge_ratio: 2
    depth_of_discharge: 0.9
  Pb-acid:
    cost: 147.076
    lifetime: 15.0608
    annual_cost: 9.765483905237437
    efficiency: 0.727411
    discharge_ratio: 5
    depth_of_discharge: 0.5
  VRBF:
    cost: 196.865
    lifetime: 19.7108
    annual_cost: 9.987671733262983
    efficiency: 0.757862
    discharge_ratio: 0.5
    depth_of_discharge: 1.0
