cost_values:
  wind_capex: 5000.0
  wind_opex: 100
  wind_lifetime: 20
  solar_capex: 1000.0
  solar_opex: 10
  solar_lifetime: 20
  carbon_price: 1.0
timeseries_values:
  load_level: 212644.5764580515
  wind_year: 2018
  solar_year: 2019
  price_year: 2023
  carbon_year: 2023
storage_values:
  CAES:
    cost: 29.7613
    lifetime: 28.7337
    annual_cost: 1.035762884696367
    efficiency: 0.625531
    discharge_ratio: 0.1
    depth_of_discharge: 0.4
  Li-ion:
    cost: 234.465
    lifetime: 20.8666
    annual_cost: 11.236377752005598
    efficiency: 0.898271
    discharge_ratio: 2
    depth_of_discharge: 0.9
  Pb-acid:
    cost: 127.322
    lifetime: 13.9945
    annual_cost: 9.098002786809104
    efficiency: 0.730989
    discharge_ratio: 5
    depth_of_discharge: 0.5
  VRBF:
    cost: 204.836
    lifetime: 21.2799
    annual_cost: 9.625797113708241
    efficiency: 0.750299
    discharge_ratio: 0.5
    depth_of_discharge: 1.0
