cost_values:
  wind_capex: 5000.0
  wind_opex: 100
  wind_lifetime: 20
  solar_capex: 1000.0
  solar_opex: 10
  solar_lifetime: 20
  carbon_price: 1.0
timeseries_values:
  load_level: 212644.5764580515
  wind_year: 2018
  solar_year: 2019
  price_year: 2023
  carbon_year: 2023
storage_values:
  CAES:
    cost: 28.5697
    lifetime: 28.0113
    annual_cost: 1.019934812022291
    efficiency: 0.626239
    discharge_ratio: 0.1
    depth_of_discharge: 0.4
  Li-ion:
    cost: 228.456
    lifetime: 19.9003
    annual_cost: 11.480027939277296
    efficiency: 0.900985
    discharge_ratio: 2
    depth_of_discharge: 0.9
  Pb-acid:
    cost: 146.738
    lifetime: 13.5245
    annual_cost: 10.849791119819587
    efficiency: 0.744899
    discharge_ratio: 5
    depth_of_discharge: 0.5
  VRBF:
    cost: 216.763
    lifetime: 23.0871
    annual_cost: 9.388922818370432
    efficiency: 0.780627
    discharge_ratio: 0.5
    depth_of_discharge: 1.0
