cost_values:
  wind_capex: 5000.0
  wind_opex: 100
  wind_lifetime: 20
  solar_capex: 1000.0
  solar_opex: 10
  solar_lifetime: 20
  carbon_price: 1.0
timeseries_values:
  load_level: 212644.5764580515
  wind_year: 2018
  solar_year: 2019
  price_year: 2023
  carbon_year: 2023
storage_values:
  CAES:
    cost: 20.2669
    lifetime: 29.3983
    annual_cost: 0.6893902028348579
    efficiency: 0.643761
    discharge_ratio: 0.1
    depth_of_discharge: 0.4
  Li-ion:
    cost: 238.666
    lifetime: 21.0018
    annual_cost: 11.364073555599996
    efficiency: 0.90292
    discharge_ratio: 2
    depth_of_discharge: 0.9
  Pb-acid:
    cost: 164.746
    lifetime: 13.8313
    annual_cost: 11.911100185810444
    efficiency: 0.734652
    discharge_ratio: 5
    depth_of_discharge: 0.5
  VRBF:
    cost: 201.316
    lifetime: 21.886
    annual_cost: 9.198391665905145
    efficiency: 0.758855
    discharge_ratio: 0.5
    depth_of_discharge: 1.0
