cost_values:
  wind_capex: 5000.0
  wind_opex: 100
  wind_lifetime: 20
  solar_capex: 1000.0
  solar_opex: 10
  solar_lifetime: 20
  carbon_price: 1.0
timeseries_values:
  load_level: 212644.5764580515
  wind_year: 2018
  solar_year: 2019
  price_year: 2023
  carbon_year: 2023
storage_values:
  CAES:
    cost: 27.8342
    lifetime: 29.2937
    annual_cost: 0.9501770005154692
    efficiency: 0.635233
    discharge_ratio: 0.1
    depth_of_discharge: 0.4
  Li-ion:
    cost: 224.507
    lifetime: 19.2386
    annual_cost: 11.66961213393906
    efficiency: 0.898094
    discharge_ratio: 2
    depth_of_discharge: 0.9
  Pb-acid:
    cost: 155.569
    lifetime: 14.0431
    annual_cost: 11.077967115522924
    efficiency: 0.725171
    discharge_ratio: 5
    depth_of_discharge: 0.5
  VRBF:
    cost: 243.771
    lifetime: 20.5356
    annual_cost: 11.870653888856426
    efficiency: 0.771627
    discharge_ratio: 0.5
    depth_of_discharge: 1.0
