cost_values:
  wind_capex: 5000.0
  wind_opex: 100
  wind_lifetime: 20
  solar_capex: 1000.0
  solar_opex: 10
  solar_lifetime: 20
  carbon_price: 1.0
timeseries_values:
  load_level: 212644.5764580515
  wind_year: 2018
  solar_year: 2019
  price_year: 2023
  carbon_year: 2023
storage_values:
  CAES:
    cost: 23.1137
    lifetime: 29.6306
    annual_cost: 0.7800618279751338
    efficiency: 0.629351
    discharge_ratio: 0.1
    depth_of_discharge: 0.4
  Li-ion:
    cost: 212.215
    lifetime: 19.2433
    annual_cost: 11.02799415900599
    efficiency: 0.898805
    discharge_ratio: 2
    depth_of_discharge: 0.9
  Pb-acid:
    cost: 139.071
    lifetime: 13.8034
    annual_cost: 10.075126418128868
    efficiency: 0.738505
    discharge_ratio: 5
    depth_of_discharge: 0.5
  VRBF:
    cost: 205.747
    lifetime: 20.0276
    annual_cost: 10.273173021230702
    efficiency: 0.76407
    discharge_ratio: 0.5
    depth_of_discharge: 1.0
