cost_values:
  wind_capex: 5000.0
  wind_opex: 100
  wind_lifetime: 20
  solar_capex: 1000.0
  solar_opex: 10
  solar_lifetime: 20
  carbon_price: 1.0
timeseries_values:
  load_level: 212644.5764580515
  wind_year: 2018
  solar_year: 2019
  price_year: 2023
  carbon_year: 2023
storage_values:
  CAES:
    cost: 31.3856
    lifetime: 28.5669
    annual_cost: 1.098670139217066
    efficiency: 0.63819
    discharge_ratio: 0.1
    depth_of_discharge: 0.4
  Li-ion:
    cost: 236.912
    lifetime: 21.9751
    annual_cost: 10.7809293245537
    efficiency: 0.900409
    discharge_ratio: 2
    depth_of_discharge: 0.9
  Pb-acid:
    cost: 111.223
    lifetime: 14.2746
    annual_cost: 7.7916719207543474
    efficiency: 0.737152
    discharge_ratio: 5
    depth_of_discharge: 0.5
  VRBF:
    cost: 194.933
    lifetime: 19.5079
    annual_cost: 9.992515852552042
    efficiency: 0.767522
    discharge_ratio: 0.5
    depth_of_discharge: 1.0
