cost_values:
  wind_capex: 5000.0
  wind_opex: 100
  wind_lifetime: 20
  solar_capex: 1000.0
  solar_opex: 10
  solar_lifetime: 20
  carbon_price: 1.0
timeseries_values:
  load_level: 212644.5764580515
  wind_year: 2018
  solar_year: 2019
  price_year: 2023
  carbon_year: 2023
storage_values:
  CAES:
    cost: 27.5467
    lifetime: 28.8279
    annual_cost: 0.9555569431002605
    efficiency: 0.628927
    discharge_ratio: 0.1
    depth_of_discharge: 0.4
  Li-ion:
    cost: 213.074
    lifetime: 19.3458
    annual_cost: 11.013966855855019
    efficiency: 0.895649
    discharge_ratio: 2
    depth_of_discharge: 0.9
  Pb-acid:
    cost: 136.252
    lifetime: 15.0631
    annual_cost: 9.045415618299023
    efficiency: 0.74814
    discharge_ratio: 5
    depth_of_discharge: 0.5
  VRBF:
    cost: 206.756
    lifetime: 20.0664
    annual_cost: 10.30359207431328
    efficiency: 0.768492
    discharge_ratio: 0.5
    depth_of_discharge: 1.0
