cost_values:
  wind_capex: 5000.0
  wind_opex: 100
  wind_lifetime: 20
  solar_capex: 1000.0
  solar_opex: 10
  solar_lifetime: 20
  carbon_price: 1.0
timeseries_values:
  load_level: 212644.5764580515
  wind_year: 2018
  solar_year: 2019
  price_year: 2023
  carbon_year: 2023
storage_values:
  CAES:
    cost: 22.6046
    lifetime: 28.6279
    annual_cost: 0.7896003548985431
    efficiency: 0.641324
    discharge_ratio: 0.1
    depth_of_discharge: 0.4
  Li-ion:
    cost: 194.294
    lifetime: 20.1752
    annual_cost: 9.6303382370435
    efficiency: 0.88244
    discharge_ratio: 2
    depth_of_discharge: 0.9
  Pb-acid:
    cost: 143.915
    lifetime: 13.6421
    annual_cost: 10.549328915636156
    efficiency: 0.730525
    discharge_ratio: 5
    depth_of_discharge: 0.5
  VRBF:
    cost: 214.01
    lifetime: 20.5574
    annual_cost: 10.410363178222926
    efficiency: 0.729558
    discharge_ratio: 0.5
    depth_of_discharge: 1.0
