cost_values:
  wind_capex: 5000.0
  wind_opex: 100
  wind_lifetime: 20
  solar_capex: 1000.0
  solar_opex: 10
  solar_lifetime: 20
  carbon_price: 1.0
timeseries_values:
  load_level: 212644.5764580515
  wind_year: 2018
  solar_year: 2019
  price_year: 2023
  carbon_year: 2023
storage_values:
  CAES:
    cost: 22.3563
    lifetime: 29.5413
    annual_cost: 0.7567811843080704
    efficiency: 0.622829
    discharge_ratio: 0.1
    depth_of_discharge: 0.4
  Li-ion:
    cost: 233.638
    lifetime: 20.2091
    annual_cost: 11.561029437233723
    efficiency: 0.888734
    discharge_ratio: 2
    depth_of_discharge: 0.9
  Pb-acid:
    cost: 122.349
    lifetime: 13.2653
    annual_cost: 9.223236564570723
    efficiency: 0.747078
    discharge_ratio: 5
    depth_of_discharge: 0.5
  VRBF:
    cost: 204.399
    lifetime: 21.2372
    annual_cost: 9.624573860960954
    efficiency: 0.774188
    discharge_ratio: 0.5
    depth_of_discharge: 1.0
