cost_values:
  wind_capex: 5000.0
  wind_opex: 100
  wind_lifetime: 20
  solar_capex: 1000.0
  solar_opex: 10
  solar_lifetime: 20
  carbon_price: 1.0
timeseries_values:
  load_level: 212644.5764580515
  wind_year: 2018
  solar_year: 2019
  price_year: 2023
  carbon_year: 2023
storage_values:
  CAES:
    cost: 22.565
    lifetime: 29.5998
    annual_cost: 0.7623362320015676
    efficiency: 0.623457
    discharge_ratio: 0.1
    depth_of_discharge: 0.4
  Li-ion:
    cost: 217.068
    lifetime: 20.4782
    annual_cost: 10.59995507417644
    efficiency: 0.913096
    discharge_ratio: 2
    depth_of_discharge: 0.9
  Pb-acid:
    cost: 150.495
    lifetime: 14.3469
    annual_cost: 10.489722518453464
    efficiency: 0.721552
    discharge_ratio: 5
    depth_of_discharge: 0.5
  VRBF:
    cost: 161.138
    lifetime: 22.0405
    annual_cost: 7.310995667067444
    efficiency: 0.751114
    discharge_ratio: 0.5
    depth_of_discharge: 1.0
