cost_values:
  wind_capex: 5000.0
  wind_opex: 100
  wind_lifetime: 20
  solar_capex: 1000.0
  solar_opex: 10
  solar_lifetime: 20
  carbon_price: 1.0
timeseries_values:
  load_level: 212644.5764580515
  wind_year: 2018
  solar_year: 2019
  price_year: 2023
  carbon_year: 2023
storage_values:
  CAES:
    cost: 26.8471
    lifetime: 29.2158
    annual_cost: 0.9189240068729934
    efficiency: 0.620282
    discharge_ratio: 0.1
    depth_of_discharge: 0.4
  Li-ion:
    cost: 211.05
    lifetime: 18.3508
    annual_cost: 11.50086099788565
    efficiency: 0.890954
    discharge_ratio: 2
    depth_of_discharge: 0.9
  Pb-acid:
    cost: 130.53
    lifetime: 13.1179
    annual_cost: 9.950525617667461
    efficiency: 0.72426
    discharge_ratio: 5
    depth_of_discharge: 0.5
  VRBF:
    cost: 223.858
    lifetime: 19.858
    annual_cost: 11.272937858797462
    efficiency: 0.786271
    discharge_ratio: 0.5
    depth_of_discharge: 1.0
