cost_values:
  wind_capex: 5000.0
  wind_opex: 100
  wind_lifetime: 20
  solar_capex: 1000.0
  solar_opex: 10
  solar_lifetime: 20
  carbon_price: 1.0
timeseries_values:
  load_level: 212644.5764580515
  wind_year: 2018
  solar_year: 2019
  price_year: 2023
  carbon_year: 2023
storage_values:
  CAES:
    cost: 30.8813
    lifetime: 29.4736
    annual_cost: 1.0477613864611042
    efficiency: 0.622572
    discharge_ratio: 0.1
    depth_of_discharge: 0.4
  Li-ion:
    cost: 229.753
    lifetime: 21.0159
    annual_cost: 10.932341703186635
    efficiency: 0.9005
    discharge_ratio: 2
    depth_of_discharge: 0.9
  Pb-acid:
    cost: 141.354
    lifetime: 15.5599
    annual_cost: 9.084505684483833
    efficiency: 0.722629
    discharge_ratio: 5
    depth_of_discharge: 0.5
  VRBF:
    cost: 242.322
    lifetime: 21.5884
    annual_cost: 11.224639158066369
    efficiency: 0.749731
    discharge_ratio: 0.5
    depth_of_discharge: 1.0
