cost_values:
  wind_capex: 5000.0
  wind_opex: 100
  wind_lifetime: 20
  solar_capex: 1000.0
  solar_opex: 10
  solar_lifetime: 20
  carbon_price: 1.0
timeseries_values:
  load_level: 212644.5764580515
  wind_year: 2018
  solar_year: 2019
  price_year: 2023
  carbon_year: 2023
storage_values:
  CAES:
    cost: 24.5497
    lifetime: 28.4288
    annual_cost: 0.8635503433138226
    efficiency: 0.634963
    discharge_ratio: 0.1
    depth_of_discharge: 0.4
  Li-ion:
    cost: 212.846
    lifetime: 20.7923
    annual_cost: 10.236770342867311
    efficiency: 0.903587
    discharge_ratio: 2
    depth_of_discharge: 0.9
  Pb-acid:
    cost: 144.814
    lifetime: 12.9317
    annual_cost: 11.198372990403428
    efficiency: 0.729896
    discharge_ratio: 5
    depth_of_discharge: 0.5
  VRBF:
    cost: 208.423
    lifetime: 19.9182
    annual_cost: 10.463947545460936
    efficiency: 0.755407
    discharge_ratio: 0.5
    depth_of_discharge: 1.0
