cost_values:
  wind_capex: 5000.0
  wind_opex: 100
  wind_lifetime: 20
  solar_capex: 1000.0
  solar_opex: 10
  solar_lifetime: 20
  carbon_price: 1.0
timeseries_values:
  load_level: 212644.5764580515
  wind_year: 2018
  solar_year: 2019
  price_year: 2023
  carbon_year: 2023
storage_values:
  CAES:
    cost: 31.9041
    lifetime: 29.0476
    annual_cost: 1.0983385890744846
    efficiency: 0.620556
    discharge_ratio: 0.1
    depth_of_discharge: 0.4
  Li-ion:
    cost: 220.6
    lifetime: 20.4138
    annual_cost: 10.80641526810295
    efficiency: 0.899538
    discharge_ratio: 2
    depth_of_discharge: 0.9
  Pb-acid:
    cost: 164.822
    lifetime: 14.8959
    annual_cost: 11.06492390523567
    efficiency: 0.733477
    discharge_ratio: 5
    depth_of_discharge: 0.5
  VRBF:
    cost: 212.882
    lifetime: 20.8936
    annual_cost: 10.188861660987097
    efficiency: 0.750716
    discharge_ratio: 0.5
    depth_of_discharge: 1.0
