cost_values:
  wind_capex: 5000.0
  wind_opex: 100
  wind_lifetime: 20
  solar_capex: 1000.0
  solar_opex: 10
  solar_lifetime: 20
  carbon_price: 1.0
timeseries_values:
  load_level: 212644.5764580515
  wind_year: 2018
  solar_year: 2019
  price_year: 2023
  carbon_year: 2023
storage_values:
  CAES:
    cost: 27.2071
    lifetime: 29.3304
    annual_cost: 0.9276075334806207
    efficiency: 0.642513
    discharge_ratio: 0.1
    depth_of_discharge: 0.4
  Li-ion:
    cost: 198.569
    lifetime: 20.1737
    annual_cost: 9.842963858885579
    efficiency: 0.891654
    discharge_ratio: 2
    depth_of_discharge: 0.9
  Pb-acid:
    cost: 124.374
    lifetime: 14.6753
    annual_cost: 8.47505672797149
    efficiency: 0.725094
    discharge_ratio: 5
    depth_of_discharge: 0.5
  VRBF:
    cost: 208.582
    lifetime: 18.3475
    annual_cost: 11.368415315438071
    efficiency: 0.759812
    discharge_ratio: 0.5
    depth_of_discharge: 1.0
