cost_values:
  wind_capex: 5000.0
  wind_opex: 100
  wind_lifetime: 20
  solar_capex: 1000.0
  solar_opex: 10
  solar_lifetime: 20
  carbon_price: 1.0
timeseries_values:
  load_level: 212644.5764580515
  wind_year: 2018
  solar_year: 2019
  price_year: 2023
  carbon_year: 2023
storage_values:
  CAES:
    cost: 27.9833
    lifetime: 28.7749
    annual_cost: 0.9724899130839725
    efficiency: 0.638032
    discharge_ratio: 0.1
    depth_of_discharge: 0.4
  Li-ion:
    cost: 227.37
    lifetime: 19.3133
    annual_cost: 11.772716211108406
    efficiency: 0.900579
    discharge_ratio: 2
    depth_of_discharge: 0.9
  Pb-acid:
    cost: 168.885
    lifetime: 15.8066
    annual_cost: 10.684460921387268
    efficiency: 0.723888
    discharge_ratio: 5
    depth_of_discharge: 0.5
  VRBF:
    cost: 225.602
    lifetime: 18.777
    annual_cost: 12.014805346967034
    efficiency: 0.757308
    discharge_ratio: 0.5
    depth_of_discharge: 1.0
