cost_values:
  wind_capex: 5000.0
  wind_opex: 100
  wind_lifetime: 20
  solar_capex: 1000.0
  solar_opex: 10
  solar_lifetime: 20
  carbon_price: 1.0
timeseries_values:
  load_level: 212644.5764580515
  wind_year: 2018
  solar_year: 2019
  price_year: 2023
  carbon_year: 2023
storage_values:
  CAES:
    cost: 24.8041
    lifetime: 28.9795
    annual_cost: 0.8559188391794198
    efficiency: 0.631968
    discharge_ratio: 0.1
    depth_of_discharge: 0.4
  Li-ion:
    cost: 257.796
    lifetime: 19.5435
    annual_cost: 13.19088187888556
    efficiency: 0.902869
    discharge_ratio: 2
    depth_of_discharge: 0.9
  Pb-acid:
    cost: 144.858
    lifetime: 14.2193
    annual_cost: 10.187421321724699
    efficiency: 0.718233
    discharge_ratio: 5
    depth_of_discharge: 0.5
  VRBF:
    cost: 233.224
    lifetime: 19.2211
    annual_cost: 12.133748848921238
    efficiency: 0.767823
    discharge_ratio: 0.5
    depth_of_discharge: 1.0
