cost_values:
  wind_capex: 5000.0
  wind_opex: 100
  wind_lifetime: 20
  solar_capex: 1000.0
  solar_opex: 10
  solar_lifetime: 20
  carbon_price: 1.0
timeseries_values:
  load_level: 212644.5764580515
  wind_year: 2018
  solar_year: 2019
  price_year: 2023
  carbon_year: 2023
storage_values:
  CAES:
    cost: 25.7676
    lifetime: 28.7009
    annual_cost: 0.8977976300394761
    efficiency: 0.643473
    discharge_ratio: 0.1
    depth_of_discharge: 0.4
  Li-ion:
    cost: 227.064
    lifetime: 21.7785
    annual_cost: 10.426062400991803
    efficiency: 0.905888
    discharge_ratio: 2
    depth_of_discharge: 0.9
  Pb-acid:
    cost: 137.024
    lifetime: 12.8184
    annual_cost: 10.689633651625787
    efficiency: 0.738253
    discharge_ratio: 5
    depth_of_discharge: 0.5
  VRBF:
    cost: 216.225
    lifetime: 22.518
    annual_cost: 9.602318145483613
    efficiency: 0.74683
    discharge_ratio: 0.5
    depth_of_discharge: 1.0
