cost_values:
  wind_capex: 5000.0
  wind_opex: 100
  wind_lifetime: 20
  solar_capex: 1000.0
  solar_opex: 10
  solar_lifetime: 20
  carbon_price: 1.0
timeseries_values:
  load_level: 212644.5764580515
  wind_year: 2018
  solar_year: 2019
  price_year: 2023
  carbon_year: 2023
storage_values:
  CAES:
    cost: 30.0772
    lifetime: 28.9411
    annual_cost: 1.039255591529002
    efficiency: 0.636344
    discharge_ratio: 0.1
    depth_of_discharge: 0.4
  Li-ion:
    cost: 212.366
    lifetime: 20.8526
    annual_cost: 10.18414969835896
    efficiency: 0.901673
    discharge_ratio: 2
    depth_of_discharge: 0.9
  Pb-acid:
    cost: 143.443
    lifetime: 15.4024
    annual_cost: 9.313029138316107
    efficiency: 0.742822
    discharge_ratio: 5
    depth_of_discharge: 0.5
  VRBF:
    cost: 228.128
    lifetime: 21.5887
    annual_cost: 10.567009592981513
    efficiency: 0.756391
    discharge_ratio: 0.5
    depth_of_discharge: 1.0
