cost_values:
  wind_capex: 5000.0
  wind_opex: 100
  wind_lifetime: 20
  solar_capex: 1000.0
  solar_opex: 10
  solar_lifetime: 20
  carbon_price: 1.0
timeseries_values:
  load_level: 212644.5764580515
  wind_year: 2018
  solar_year: 2019
  price_year: 2023
  carbon_year: 2023
storage_values:
  CAES:
    cost: 24.3126
    lifetime: 28.7496
    annual_cost: 0.8456674179814675
    efficiency: 0.638759
    discharge_ratio: 0.1
    depth_of_discharge: 0.4
  Li-ion:
    cost: 228.061
    lifetime: 19.4247
    annual_cost: 11.740773345276889
    efficiency: 0.903655
    discharge_ratio: 2
    depth_of_discharge: 0.9
  Pb-acid:
    cost: 137.629
    lifetime: 14.7046
    annual_cost: 9.359588156087211
    efficiency: 0.732429
    discharge_ratio: 5
    depth_of_discharge: 0.5
  VRBF:
    cost: 199.241
    lifetime: 20.2932
    annual_cost: 9.818116413379853
    efficiency: 0.762385
    discharge_ratio: 0.5
    depth_of_discharge: 1.0
