cost_values:
  wind_capex: 5000.0
  wind_opex: 100
  wind_lifetime: 20
  solar_capex: 1000.0
  solar_opex: 10
  solar_lifetime: 20
  carbon_price: 1.0
timeseries_values:
  load_level: 212644.5764580515
  wind_year: 2018
  solar_year: 2019
  price_year: 2023
  carbon_year: 2023
storage_values:
  CAES:
    cost: 23.6208
    lifetime: 28.5284
    annual_cost: 0.8279749302449488
    efficiency: 0.636094
    discharge_ratio: 0.1
    depth_of_discharge: 0.4
  Li-ion:
    cost: 225.789
    lifetime: 20.1235
    annual_cost: 11.220165478172285
    efficiency: 0.897772
    discharge_ratio: 2
    depth_of_discharge: 0.9
  Pb-acid:
    cost: 146.555
    lifetime: 13.9424
    annual_cost: 10.511461441358733
    efficiency: 0.731812
    discharge_ratio: 5
    depth_of_discharge: 0.5
  VRBF:
    cost: 232.504
    lifetime: 19.4741
    annual_cost: 11.9391396778285
    efficiency: 0.77541
    discharge_ratio: 0.5
    depth_of_discharge: 1.0
