cost_values:
  wind_capex: 5000.0
  wind_opex: 100
  wind_lifetime: 20
  solar_capex: 1000.0
  solar_opex: 10
  solar_lifetime: 20
  carbon_price: 1.0
timeseries_values:
  load_level: 212644.5764580515
  wind_year: 2018
  solar_year: 2019
  price_year: 2023
  carbon_year: 2023
storage_values:
  CAES:
    cost: 24.9345
    lifetime: 28.1485
    annual_cost: 0.8858198483045279
    efficiency: 0.638508
    discharge_ratio: 0.1
    depth_of_discharge: 0.4
  Li-ion:
    cost: 225.602
    lifetime: 22.4023
    annual_cost: 10.070483834249162
    efficiency: 0.899726
    discharge_ratio: 2
    depth_of_discharge: 0.9
  Pb-acid:
    cost: 136.517
    lifetime: 13.7125
    annual_cost: 9.955660893345486
    efficiency: 0.737781
    discharge_ratio: 5
    depth_of_discharge: 0.5
  VRBF:
    cost: 214.398
    lifetime: 20.2652
    annual_cost: 10.57961431419379
    efficiency: 0.762252
    discharge_ratio: 0.5
    depth_of_discharge: 1.0
