cost_values:
  wind_capex: 5000.0
  wind_opex: 100
  wind_lifetime: 20
  solar_capex: 1000.0
  solar_opex: 10
  solar_lifetime: 20
  carbon_price: 1.0
timeseries_values:
  load_level: 212644.5764580515
  wind_year: 2018
  solar_year: 2019
  price_year: 2023
  carbon_year: 2023
storage_values:
  CAES:
    cost: 29.2895
    lifetime: 29.3465
    annual_cost: 0.9980576900141415
    efficiency: 0.626396
    discharge_ratio: 0.1
    depth_of_discharge: 0.4
  Li-ion:
    cost: 225.963
    lifetime: 19.4856
    annual_cost: 11.596409656361619
    efficiency: 0.902764
    discharge_ratio: 2
    depth_of_discharge: 0.9
  Pb-acid:
    cost: 149.464
    lifetime: 14.066
    annual_cost: 10.625906441063558
    efficiency: 0.733355
    discharge_ratio: 5
    depth_of_discharge: 0.5
  VRBF:
    cost: 244.956
    lifetime: 21.0772
    annual_cost: 11.621847304196002
    efficiency: 0.780967
    discharge_ratio: 0.5
    depth_of_discharge: 1.0
