cost_values:
  wind_capex: 5000.0
  wind_opex: 100
  wind_lifetime: 20
  solar_capex: 1000.0
  solar_opex: 10
  solar_lifetime: 20
  carbon_price: 1.0
timeseries_values:
  load_level: 212644.5764580515
  wind_year: 2018
  solar_year: 2019
  price_year: 2023
  carbon_year: 2023
storage_values:
  CAES:
    cost: 27.645
    lifetime: 29.6317
    annual_cost: 0.9329535598700042
    efficiency: 0.633005
    discharge_ratio: 0.1
    depth_of_discharge: 0.4
  Li-ion:
    cost: 245.032
    lifetime: 21.7256
    annual_cost: 11.278491733254778
    efficiency: 0.915964
    discharge_ratio: 2
    depth_of_discharge: 0.9
  Pb-acid:
    cost: 133.031
    lifetime: 14.1839
    annual_cost: 9.379014234448919
    efficiency: 0.722963
    discharge_ratio: 5
    depth_of_discharge: 0.5
  VRBF:
    cost: 205.4
    lifetime: 21.1141
    annual_cost: 9.728096390563651
    efficiency: 0.763315
    discharge_ratio: 0.5
    depth_of_discharge: 1.0
