cost_values:
  wind_capex: 5000.0
  wind_opex: 100
  wind_lifetime: 20
  solar_capex: 1000.0
  solar_opex: 10
  solar_lifetime: 20
  carbon_price: 1.0
timeseries_values:
  load_level: 212644.5764580515
  wind_year: 2018
  solar_year: 2019
  price_year: 2023
  carbon_year: 2023
storage_values:
  CAES:
    cost: 29.41
    lifetime: 29.2793
    annual_cost: 1.0044639045332369
    efficiency: 0.643189
    discharge_ratio: 0.1
    depth_of_discharge: 0.4
  Li-ion:
    cost: 209.671
    lifetime: 20.3509
    annual_cost: 10.302787591703561
    efficiency: 0.890739
    discharge_ratio: 2
    depth_of_discharge: 0.9
  Pb-acid:
    cost: 114.96
    lifetime: 12.9138
    annual_cost: 8.902104725177717
    efficiency: 0.744493
    discharge_ratio: 5
    depth_of_discharge: 0.5
  VRBF:
    cost: 222.806
    lifetime: 22.3897
    annual_cost: 9.951272236787451
    efficiency: 0.7621
    discharge_ratio: 0.5
    depth_of_discharge: 1.0
