cost_values:
  wind_capex: 5000.0
  wind_opex: 100
  wind_lifetime: 20
  solar_capex: 1000.0
  solar_opex: 10
  solar_lifetime: 20
  carbon_price: 1.0
timeseries_values:
  load_level: 212644.5764580515
  wind_year: 2018
  solar_year: 2019
  price_year: 2023
  carbon_year: 2023
storage_values:
  CAES:
    cost: 21.9687
    lifetime: 29.3441
    annual_cost: 0.7486581629697281
    efficiency: 0.629339
    discharge_ratio: 0.1
    depth_of_discharge: 0.4
  Li-ion:
    cost: 220.581
    lifetime: 19.3562
    annual_cost: 11.395883489527902
    efficiency: 0.899936
    discharge_ratio: 2
    depth_of_discharge: 0.9
  Pb-acid:
    cost: 119.553
    lifetime: 12.9631
    annual_cost: 9.222562504339239
    efficiency: 0.730882
    discharge_ratio: 5
    depth_of_discharge: 0.5
  VRBF:
    cost: 187.676
    lifetime: 22.608
    annual_cost: 8.301309271054492
    efficiency: 0.782889
    discharge_ratio: 0.5
    depth_of_discharge: 1.0
