cost_values:
  wind_capex: 5000.0
  wind_opex: 100
  wind_lifetime: 20
  solar_capex: 1000.0
  solar_opex: 10
  solar_lifetime: 20
  carbon_price: 1.0
timeseries_values:
  load_level: 212644.5764580515
  wind_year: 2018
  solar_year: 2019
  price_year: 2023
  carbon_year: 2023
storage_values:
  CAES:
    cost: 27.6841
    lifetime: 28.8967
    annual_cost: 0.9580367308377774
    efficiency: 0.634772
    discharge_ratio: 0.1
    depth_of_discharge: 0.4
  Li-ion:
    cost: 227.399
    lifetime: 19.6442
    annual_cost: 11.575884994044042
    efficiency: 0.895608
    discharge_ratio: 2
    depth_of_discharge: 0.9
  Pb-acid:
    cost: 127.984
    lifetime: 14.6357
    annual_cost: 8.744644943528495
    efficiency: 0.746636
    discharge_ratio: 5
    depth_of_discharge: 0.5
  VRBF:
    cost: 218.153
    lifetime: 21.8411
    annual_cost: 9.988187408143363
    efficiency: 0.76768
    discharge_ratio: 0.5
    depth_of_discharge: 1.0
