cost_values:
  wind_capex: 5000.0
  wind_opex: 100
  wind_lifetime: 20
  solar_capex: 1000.0
  solar_opex: 10
  solar_lifetime: 20
  carbon_price: 1.0
timeseries_values:
  load_level: 212644.5764580515
  wind_year: 2018
  solar_year: 2019
  price_year: 2023
  carbon_year: 2023
storage_values:
  CAES:
    cost: 24.3226
    lifetime: 29.22
    annual_cost: 0.8323956194387406
    efficiency: 0.642598
    discharge_ratio: 0.1
    depth_of_discharge: 0.4
  Li-ion:
    cost: 231.189
    lifetime: 18.7704
    annual_cost: 12.316679452755402
    efficiency: 0.894493
    discharge_ratio: 2
    depth_of_discharge: 0.9
  Pb-acid:
    cost: 120.151
    lifetime: 14.4506
    annual_cost: 8.31460285386074
    efficiency: 0.749264
    discharge_ratio: 5
    depth_of_discharge: 0.5
  VRBF:
    cost: 209.817
    lifetime: 18.6462
    annual_cost: 11.252534028381119
    efficiency: 0.742268
    discharge_ratio: 0.5
    depth_of_discharge: 1.0
