cost_values:
  wind_capex: 5000.0
  wind_opex: 100
  wind_lifetime: 20
  solar_capex: 1000.0
  solar_opex: 10
  solar_lifetime: 20
  carbon_price: 1.0
timeseries_values:
  load_level: 212644.5764580515
  wind_year: 2018
  solar_year: 2019
  price_year: 2023
  carbon_year: 2023
storage_values:
  CAES:
    cost: 28.8378
    lifetime: 29.1197
    annual_cost: 0.9903192683990563
    efficiency: 0.634068
    discharge_ratio: 0.1
    depth_of_discharge: 0.4
  Li-ion:
    cost: 224.908
    lifetime: 20.6922
    annual_cost: 10.869216419713709
    efficiency: 0.905047
    discharge_ratio: 2
    depth_of_discharge: 0.9
  Pb-acid:
    cost: 122.998
    lifetime: 12.0678
    annual_cost: 10.19224713700923
    efficiency: 0.74356
    discharge_ratio: 5
    depth_of_discharge: 0.5
  VRBF:
    cost: 217.453
    lifetime: 19.9417
    annual_cost: 10.904436432199862
    efficiency: 0.77427
    discharge_ratio: 0.5
    depth_of_discharge: 1.0
