cost_values:
  wind_capex: 5000.0
  wind_opex: 100
  wind_lifetime: 20
  solar_capex: 1000.0
  solar_opex: 10
  solar_lifetime: 20
  carbon_price: 1.0
timeseries_values:
  load_level: 212644.5764580515
  wind_year: 2018
  solar_year: 2019
  price_year: 2023
  carbon_year: 2023
storage_values:
  CAES:
    cost: 30.3587
    lifetime: 28.1027
    annual_cost: 1.0802769840620297
    efficiency: 0.630457
    discharge_ratio: 0.1
    depth_of_discharge: 0.4
  Li-ion:
    cost: 200.891
    lifetime: 20.5972
    annual_cost: 9.753315984696949
    efficiency: 0.88791
    discharge_ratio: 2
    depth_of_discharge: 0.9
  Pb-acid:
    cost: 160.543
    lifetime: 13.6389
    annual_cost: 11.770963934041603
    efficiency: 0.755427
    discharge_ratio: 5
    depth_of_discharge: 0.5
  VRBF:
    cost: 179.509
    lifetime: 21.3218
    annual_cost: 8.419035916292245
    efficiency: 0.751003
    discharge_ratio: 0.5
    depth_of_discharge: 1.0
