cost_values:
  wind_capex: 5000.0
  wind_opex: 100
  wind_lifetime: 20
  solar_capex: 1000.0
  solar_opex: 10
  solar_lifetime: 20
  carbon_price: 1.0
timeseries_values:
  load_level: 212644.5764580515
  wind_year: 2018
  solar_year: 2019
  price_year: 2023
  carbon_year: 2023
storage_values:
  CAES:
    cost: 30.0404
    lifetime: 29.2286
    annual_cost: 1.0277741663986644
    efficiency: 0.626909
    discharge_ratio: 0.1
    depth_of_discharge: 0.4
  Li-ion:
    cost: 217.276
    lifetime: 20.3968
    annual_cost: 10.65245528710386
    efficiency: 0.892338
    discharge_ratio: 2
    depth_of_discharge: 0.9
  Pb-acid:
    cost: 140.309
    lifetime: 15.5599
    annual_cost: 9.017345869832068
    efficiency: 0.723598
    discharge_ratio: 5
    depth_of_discharge: 0.5
  VRBF:
    cost: 218.655
    lifetime: 18.6366
    annual_cost: 11.732558513892018
    efficiency: 0.775278
    discharge_ratio: 0.5
    depth_of_discharge: 1.0
