cost_values:
  wind_capex: 5000.0
  wind_opex: 100
  wind_lifetime: 20
  solar_capex: 1000.0
  solar_opex: 10
  solar_lifetime: 20
  carbon_price: 1.0
timeseries_values:
  load_level: 212644.5764580515
  wind_year: 2018
  solar_year: 2019
  price_year: 2023
  carbon_year: 2023
storage_values:
  CAES:
    cost: 26.142
    lifetime: 29.3834
    annual_cost: 0.8896860131911214
    efficiency: 0.634138
    discharge_ratio: 0.1
    depth_of_discharge: 0.4
  Li-ion:
    cost: 240.855
    lifetime: 21.3953
    annual_cost: 11.257378957060663
    efficiency: 0.905401
    discharge_ratio: 2
    depth_of_discharge: 0.9
  Pb-acid:
    cost: 155.877
    lifetime: 15.0025
    annual_cost: 10.390068321946343
    efficiency: 0.715493
    discharge_ratio: 5
    depth_of_discharge: 0.5
  VRBF:
    cost: 253.234
    lifetime: 20.5469
    annual_cost: 12.324681582136478
    efficiency: 0.757932
    discharge_ratio: 0.5
    depth_of_discharge: 1.0
