cost_values:
  wind_capex: 5000.0
  wind_opex: 100
  wind_lifetime: 20
  solar_capex: 1000.0
  solar_opex: 10
  solar_lifetime: 20
  carbon_price: 1.0
timeseries_values:
  load_level: 212644.5764580515
  wind_year: 2018
  solar_year: 2019
  price_year: 2023
  carbon_year: 2023
storage_values:
  CAES:
    cost: 25.7675
    lifetime: 28.8872
    annual_cost: 0.892004071007228
    efficiency: 0.638759
    discharge_ratio: 0.1
    depth_of_discharge: 0.4
  Li-ion:
    cost: 222.067
    lifetime: 19.9677
    annual_cost: 11.121310917131167
    efficiency: 0.883893
    discharge_ratio: 2
    depth_of_discharge: 0.9
  Pb-acid:
    cost: 140.239
    lifetime: 14.3765
    annual_cost: 9.75473863596842
    efficiency: 0.749903
    discharge_ratio: 5
    depth_of_discharge: 0.5
  VRBF:
    cost: 211.848
    lifetime: 20.1405
    annual_cost: 10.518507484918448
    efficiency: 0.757497
    discharge_ratio: 0.5
    depth_of_discharge: 1.0
