cost_values:
  wind_capex: 5000.0
  wind_opex: 100
  wind_lifetime: 20
  solar_capex: 1000.0
  solar_opex: 10
  solar_lifetime: 20
  carbon_price: 1.0
timeseries_values:
  load_level: 212644.5764580515
  wind_year: 2018
  solar_year: 2019
  price_year: 2023
  carbon_year: 2023
storage_values:
  CAES:
    cost: 27.7006
    lifetime: 28.593
    annual_cost: 0.9687895638792712
    efficiency: 0.623676
    discharge_ratio: 0.1
    depth_of_discharge: 0.4
  Li-ion:
    cost: 196.008
    lifetime: 20.5363
    annual_cost: 9.544465166558728
    efficiency: 0.893897
    discharge_ratio: 2
    depth_of_discharge: 0.9
  Pb-acid:
    cost: 138.522
    lifetime: 14.7436
    annual_cost: 9.395398681461785
    efficiency: 0.736465
    discharge_ratio: 5
    depth_of_discharge: 0.5
  VRBF:
    cost: 242.188
    lifetime: 21.1317
    annual_cost: 11.460885778238382
    efficiency: 0.769887
    discharge_ratio: 0.5
    depth_of_discharge: 1.0
