cost_values:
  wind_capex: 5000.0
  wind_opex: 100
  wind_lifetime: 20
  solar_capex: 1000.0
  solar_opex: 10
  solar_lifetime: 20
  carbon_price: 1.0
timeseries_values:
  load_level: 229807.5926200441
  wind_year: 2011
  solar_year: 2012
  price_year: 2023
  carbon_year: 2023
storage_values:
  CAES:
    cost: 52.7183
    lifetime: 24.2117
    annual_cost: 2.1773894439465216
    efficiency: 0.609095
    discharge_ratio: 0.1
    depth_of_discharge: 0.4
  Li-ion:
    cost: 175.643
    lifetime: 22.995
    annual_cost: 7.638312676668841
    efficiency: 0.903609
    discharge_ratio: 2
    depth_of_discharge: 0.9
  Pb-acid:
    cost: 92.932
    lifetime: 12.3158
    annual_cost: 7.545754234398091
    efficiency: 0.755264
    discharge_ratio: 5
    depth_of_discharge: 0.5
  VRBF:
    cost: 210.155
    lifetime: 27.2346
    annual_cost: 7.716470959735043
    efficiency: 0.695493
    discharge_ratio: 0.5
    depth_of_discharge: 1.0
