cost_values:
  wind_capex: 5000.0
  wind_opex: 100
  wind_lifetime: 20
  solar_capex: 1000.0
  solar_opex: 10
  solar_lifetime: 20
  carbon_price: 1.0
timeseries_values:
  load_level: 229807.5926200441
  wind_year: 2011
  solar_year: 2012
  price_year: 2023
  carbon_year: 2023
storage_values:
  CAES:
    cost: 47.2277
    lifetime: 24.3465
    annual_cost: 1.9398147577680571
    efficiency: 0.621723
    discharge_ratio: 0.1
    depth_of_discharge: 0.4
  Li-ion:
    cost: 172.085
    lifetime: 20.6746
    annual_cost: 8.323498399001673
    efficiency: 0.9071
    discharge_ratio: 2
    depth_of_discharge: 0.9
  Pb-acid:
    cost: 115.676
    lifetime: 11.4868
    annual_cost: 10.070341609499598
    efficiency: 0.761912
    discharge_ratio: 5
    depth_of_discharge: 0.5
  VRBF:
    cost: 245.654
    lifetime: 27.0803
    annual_cost: 9.071317526024453
    efficiency: 0.651014
    discharge_ratio: 0.5
    depth_of_discharge: 1.0
