cost_values:
  wind_capex: 5000.0
  wind_opex: 100
  wind_lifetime: 20
  solar_capex: 1000.0
  solar_opex: 10
  solar_lifetime: 20
  carbon_price: 1.0
timeseries_values:
  load_level: 229807.5926200441
  wind_year: 2011
  solar_year: 2012
  price_year: 2023
  carbon_year: 2023
storage_values:
  CAES:
    cost: 47.2936
    lifetime: 24.3031
    annual_cost: 1.9459904292045047
    efficiency: 0.6106
    discharge_ratio: 0.1
    depth_of_discharge: 0.4
  Li-ion:
    cost: 186.216
    lifetime: 21.5018
    annual_cost: 8.660484238528868
    efficiency: 0.896476
    discharge_ratio: 2
    depth_of_discharge: 0.9
  Pb-acid:
    cost: 109.048
    lifetime: 11.0682
    annual_cost: 9.852369852369852
    efficiency: 0.744047
    discharge_ratio: 5
    depth_of_discharge: 0.5
  VRBF:
    cost: 240.095
    lifetime: 25.3302
    annual_cost: 9.478606564496134
    efficiency: 0.676594
    discharge_ratio: 0.5
    depth_of_discharge: 1.0
