cost_values:
  wind_capex: 5000.0
  wind_opex: 100
  wind_lifetime: 20
  solar_capex: 1000.0
  solar_opex: 10
  solar_lifetime: 20
  carbon_price: 1.0
timeseries_values:
  load_level: 229807.5926200441
  wind_year: 2011
  solar_year: 2012
  price_year: 2023
  carbon_year: 2023
storage_values:
  CAES:
    cost: 53.771
    lifetime: 23.9616
    annual_cost: 2.244048811431624
    efficiency: 0.6092
    discharge_ratio: 0.1
    depth_of_discharge: 0.4
  Li-ion:
    cost: 172.951
    lifetime: 22.3178
    annual_cost: 7.749464552957729
    efficiency: 0.918979
    discharge_ratio: 2
    depth_of_discharge: 0.9
  Pb-acid:
    cost: 119.421
    lifetime: 11.7117
    annual_cost: 10.196726350572504
    efficiency: 0.753504
    discharge_ratio: 5
    depth_of_discharge: 0.5
  VRBF:
    cost: 238.546
    lifetime: 24.9562
    annual_cost: 9.558586643799938
    efficiency: 0.662179
    discharge_ratio: 0.5
    depth_of_discharge: 1.0
