cost_values:
  wind_capex: 5000.0
  wind_opex: 100
  wind_lifetime: 20
  solar_capex: 1000.0
  solar_opex: 10
  solar_lifetime: 20
  carbon_price: 1.0
timeseries_values:
  load_level: 229807.5926200441
  wind_year: 2011
  solar_year: 2012
  price_year: 2023
  carbon_year: 2023
storage_values:
  CAES:
    cost: 56.7338
    lifetime: 25.1415
    annual_cost: 2.2565797585665135
    efficiency: 0.609223
    discharge_ratio: 0.1
    depth_of_discharge: 0.4
  Li-ion:
    cost: 187.924
    lifetime: 21.3441
    annual_cost: 8.804493981943487
    efficiency: 0.889549
    discharge_ratio: 2
    depth_of_discharge: 0.9
  Pb-acid:
    cost: 109.152
    lifetime: 10.3291
    annual_cost: 10.567426010010552
    efficiency: 0.745316
    discharge_ratio: 5
    depth_of_discharge: 0.5
  VRBF:
    cost: 236.795
    lifetime: 26.7847
    annual_cost: 8.840681433803626
    efficiency: 0.688366
    discharge_ratio: 0.5
    depth_of_discharge: 1.0
