cost_values:
  wind_capex: 5000.0
  wind_opex: 100
  wind_lifetime: 20
  solar_capex: 1000.0
  solar_opex: 10
  solar_lifetime: 20
  carbon_price: 1.0
timeseries_values:
  load_level: 229807.5926200441
  wind_year: 2011
  solar_year: 2012
  price_year: 2023
  carbon_year: 2023
storage_values:
  CAES:
    cost: 49.7072
    lifetime: 23.954
    annual_cost: 2.075110628705018
    efficiency: 0.603324
    discharge_ratio: 0.1
    depth_of_discharge: 0.4
  Li-ion:
    cost: 191.9
    lifetime: 22.7002
    annual_cost: 8.453670011717959
    efficiency: 0.901375
    discharge_ratio: 2
    depth_of_discharge: 0.9
  Pb-acid:
    cost: 113.919
    lifetime: 8.46487
    annual_cost: 13.45785582058555
    efficiency: 0.742408
    discharge_ratio: 5
    depth_of_discharge: 0.5
  VRBF:
    cost: 231.973
    lifetime: 25.8819
    annual_cost: 8.962750029943706
    efficiency: 0.681171
    discharge_ratio: 0.5
    depth_of_discharge: 1.0
