cost_values:
  wind_capex: 5000.0
  wind_opex: 100
  wind_lifetime: 20
  solar_capex: 1000.0
  solar_opex: 10
  solar_lifetime: 20
  carbon_price: 1.0
timeseries_values:
  load_level: 229807.5926200441
  wind_year: 2011
  solar_year: 2012
  price_year: 2023
  carbon_year: 2023
storage_values:
  CAES:
    cost: 55.5476
    lifetime: 24.0932
    annual_cost: 2.3055301910912624
    efficiency: 0.611919
    discharge_ratio: 0.1
    depth_of_discharge: 0.4
  Li-ion:
    cost: 190.925
    lifetime: 23.6243
    annual_cost: 8.0817209398797
    efficiency: 0.902593
    discharge_ratio: 2
    depth_of_discharge: 0.9
  Pb-acid:
    cost: 87.3239
    lifetime: 9.72273
    annual_cost: 8.981417770523299
    efficiency: 0.734955
    discharge_ratio: 5
    depth_of_discharge: 0.5
  VRBF:
    cost: 237.15
    lifetime: 25.838
    annual_cost: 9.178341976933199
    efficiency: 0.659118
    discharge_ratio: 0.5
    depth_of_discharge: 1.0
