cost_values:
  wind_capex: 5000.0
  wind_opex: 100
  wind_lifetime: 20
  solar_capex: 1000.0
  solar_opex: 10
  solar_lifetime: 20
  carbon_price: 1.0
timeseries_values:
  load_level: 229807.5926200441
  wind_year: 2011
  solar_year: 2012
  price_year: 2023
  carbon_year: 2023
storage_values:
  CAES:
    cost: 46.1788
    lifetime: 24.5721
    annual_cost: 1.879318413973572
    efficiency: 0.614035
    discharge_ratio: 0.1
    depth_of_discharge: 0.4
  Li-ion:
    cost: 184.842
    lifetime: 20.4736
    annual_cost: 9.028309628008753
    efficiency: 0.874592
    discharge_ratio: 2
    depth_of_discharge: 0.9
  Pb-acid:
    cost: 108.788
    lifetime: 11.0902
    annual_cost: 9.809381255522894
    efficiency: 0.753397
    discharge_ratio: 5
    depth_of_discharge: 0.5
  VRBF:
    cost: 237.795
    lifetime: 24.4605
    annual_cost: 9.721591954375421
    efficiency: 0.660382
    discharge_ratio: 0.5
    depth_of_discharge: 1.0
