cost_values:
  wind_capex: 5000.0
  wind_opex: 100
  wind_lifetime: 20
  solar_capex: 1000.0
  solar_opex: 10
  solar_lifetime: 20
  carbon_price: 1.0
timeseries_values:
  load_level: 229807.5926200441
  wind_year: 2011
  solar_year: 2012
  price_year: 2023
  carbon_year: 2023
storage_values:
  CAES:
    cost: 56.3869
    lifetime: 24.8724
    annual_cost: 2.267047007928467
    efficiency: 0.621776
    discharge_ratio: 0.1
    depth_of_discharge: 0.4
  Li-ion:
    cost: 193.66
    lifetime: 21.8404
    annual_cost: 8.867053716964891
    efficiency: 0.892438
    discharge_ratio: 2
    depth_of_discharge: 0.9
  Pb-acid:
    cost: 93.0523
    lifetime: 9.99205
    annual_cost: 9.312633543667214
    efficiency: 0.738729
    discharge_ratio: 5
    depth_of_discharge: 0.5
  VRBF:
    cost: 257.007
    lifetime: 28.6089
    annual_cost: 8.983463188028901
    efficiency: 0.674997
    discharge_ratio: 0.5
    depth_of_discharge: 1.0
