cost_values:
  wind_capex: 5000.0
  wind_opex: 100
  wind_lifetime: 20
  solar_capex: 1000.0
  solar_opex: 10
  solar_lifetime: 20
  carbon_price: 1.0
timeseries_values:
  load_level: 229807.5926200441
  wind_year: 2011
  solar_year: 2012
  price_year: 2023
  carbon_year: 2023
storage_values:
  CAES:
    cost: 47.0232
    lifetime: 24.5891
    annual_cost: 1.9123595414228258
    efficiency: 0.602521
    discharge_ratio: 0.1
    depth_of_discharge: 0.4
  Li-ion:
    cost: 170.63
    lifetime: 22.2301
    annual_cost: 7.675628989523214
    efficiency: 0.899837
    discharge_ratio: 2
    depth_of_discharge: 0.9
  Pb-acid:
    cost: 99.5359
    lifetime: 11.0493
    annual_cost: 9.008344420008507
    efficiency: 0.737716
    discharge_ratio: 5
    depth_of_discharge: 0.5
  VRBF:
    cost: 230.192
    lifetime: 24.8369
    annual_cost: 9.268145380462135
    efficiency: 0.660052
    discharge_ratio: 0.5
    depth_of_discharge: 1.0
