cost_values:
  wind_capex: 5000.0
  wind_opex: 100
  wind_lifetime: 20
  solar_capex: 1000.0
  solar_opex: 10
  solar_lifetime: 20
  carbon_price: 1.0
timeseries_values:
  load_level: 229807.5926200441
  wind_year: 2011
  solar_year: 2012
  price_year: 2023
  carbon_year: 2023
storage_values:
  CAES:
    cost: 46.5356
    lifetime: 23.6539
    annual_cost: 1.9673542206570587
    efficiency: 0.608027
    discharge_ratio: 0.1
    depth_of_discharge: 0.4
  Li-ion:
    cost: 190.707
    lifetime: 19.2622
    annual_cost: 9.900582487981643
    efficiency: 0.895548
    discharge_ratio: 2
    depth_of_discharge: 0.9
  Pb-acid:
    cost: 110.919
    lifetime: 13.3489
    annual_cost: 8.30922398100218
    efficiency: 0.759
    discharge_ratio: 5
    depth_of_discharge: 0.5
  VRBF:
    cost: 226.093
    lifetime: 27.0594
    annual_cost: 8.355432862517276
    efficiency: 0.688607
    discharge_ratio: 0.5
    depth_of_discharge: 1.0
