cost_values:
  wind_capex: 5000.0
  wind_opex: 100
  wind_lifetime: 20
  solar_capex: 1000.0
  solar_opex: 10
  solar_lifetime: 20
  carbon_price: 1.0
timeseries_values:
  load_level: 229807.5926200441
  wind_year: 2011
  solar_year: 2012
  price_year: 2023
  carbon_year: 2023
storage_values:
  CAES:
    cost: 46.9853
    lifetime: 24.4028
    annual_cost: 1.9254061009392367
    efficiency: 0.613218
    discharge_ratio: 0.1
    depth_of_discharge: 0.4
  Li-ion:
    cost: 165.823
    lifetime: 23.4274
    annual_cost: 7.078164883853949
    efficiency: 0.906221
    discharge_ratio: 2
    depth_of_discharge: 0.9
  Pb-acid:
    cost: 124.897
    lifetime: 11.2461
    annual_cost: 11.105805568152515
    efficiency: 0.752464
    discharge_ratio: 5
    depth_of_discharge: 0.5
  VRBF:
    cost: 227.333
    lifetime: 23.5706
    annual_cost: 9.644769331285586
    efficiency: 0.682471
    discharge_ratio: 0.5
    depth_of_discharge: 1.0
