cost_values:
  wind_capex: 5000.0
  wind_opex: 100
  wind_lifetime: 20
  solar_capex: 1000.0
  solar_opex: 10
  solar_lifetime: 20
  carbon_price: 1.0
timeseries_values:
  load_level: 229807.5926200441
  wind_year: 2011
  solar_year: 2012
  price_year: 2023
  carbon_year: 2023
storage_values:
  CAES:
    cost: 46.9527
    lifetime: 24.251
    annual_cost: 1.9361139746814564
    efficiency: 0.602188
    discharge_ratio: 0.1
    depth_of_discharge: 0.4
  Li-ion:
    cost: 176.252
    lifetime: 22.3864
    annual_cost: 7.873172997891578
    efficiency: 0.894647
    discharge_ratio: 2
    depth_of_discharge: 0.9
  Pb-acid:
    cost: 112.401
    lifetime: 11.0367
    annual_cost: 10.184294218380494
    efficiency: 0.746612
    discharge_ratio: 5
    depth_of_discharge: 0.5
  VRBF:
    cost: 241.135
    lifetime: 26.6688
    annual_cost: 9.04183915286777
    efficiency: 0.659793
    discharge_ratio: 0.5
    depth_of_discharge: 1.0
