cost_values:
  wind_capex: 5000.0
  wind_opex: 100
  wind_lifetime: 20
  solar_capex: 1000.0
  solar_opex: 10
  solar_lifetime: 20
  carbon_price: 1.0
timeseries_values:
  load_level: 229807.5926200441
  wind_year: 2011
  solar_year: 2012
  price_year: 2023
  carbon_year: 2023
storage_values:
  CAES:
    cost: 50.6792
    lifetime: 25.3772
    annual_cost: 1.9970367101177438
    efficiency: 0.617262
    discharge_ratio: 0.1
    depth_of_discharge: 0.4
  Li-ion:
    cost: 183.336
    lifetime: 23.0279
    annual_cost: 7.961472822098412
    efficiency: 0.899008
    discharge_ratio: 2
    depth_of_discharge: 0.9
  Pb-acid:
    cost: 90.2745
    lifetime: 10.9606
    annual_cost: 8.236273561666334
    efficiency: 0.743692
    discharge_ratio: 5
    depth_of_discharge: 0.5
  VRBF:
    cost: 231.172
    lifetime: 26.9272
    annual_cost: 8.585073828693663
    efficiency: 0.666542
    discharge_ratio: 0.5
    depth_of_discharge: 1.0
