cost_values:
  wind_capex: 5000.0
  wind_opex: 100
  wind_lifetime: 20
  solar_capex: 1000.0
  solar_opex: 10
  solar_lifetime: 20
  carbon_price: 1.0
timeseries_values:
  load_level: 229807.5926200441
  wind_year: 2011
  solar_year: 2012
  price_year: 2023
  carbon_year: 2023
storage_values:
  CAES:
    cost: 55.0238
    lifetime: 24.3161
    annual_cost: 2.262854651856178
    efficiency: 0.61942
    discharge_ratio: 0.1
    depth_of_discharge: 0.4
  Li-ion:
    cost: 178.171
    lifetime: 20.732
    annual_cost: 8.594009261045727
    efficiency: 0.891019
    discharge_ratio: 2
    depth_of_discharge: 0.9
  Pb-acid:
    cost: 107.807
    lifetime: 9.34381
    annual_cost: 11.537798820823626
    efficiency: 0.756334
    discharge_ratio: 5
    depth_of_discharge: 0.5
  VRBF:
    cost: 251.734
    lifetime: 26.2021
    annual_cost: 9.60739788032257
    efficiency: 0.665145
    discharge_ratio: 0.5
    depth_of_discharge: 1.0
