cost_values:
  wind_capex: 5000.0
  wind_opex: 100
  wind_lifetime: 20
  solar_capex: 1000.0
  solar_opex: 10
  solar_lifetime: 20
  carbon_price: 1.0
timeseries_values:
  load_level: 229807.5926200441
  wind_year: 2011
  solar_year: 2012
  price_year: 2023
  carbon_year: 2023
storage_values:
  CAES:
    cost: 49.8375
    lifetime: 23.8021
    annual_cost: 2.093827855525353
    efficiency: 0.608732
    discharge_ratio: 0.1
    depth_of_discharge: 0.4
  Li-ion:
    cost: 204.071
    lifetime: 23.31
    annual_cost: 8.754654654654654
    efficiency: 0.892016
    discharge_ratio: 2
    depth_of_discharge: 0.9
  Pb-acid:
    cost: 111.406
    lifetime: 9.35734
    annual_cost: 11.90573389446146
    efficiency: 0.757966
    discharge_ratio: 5
    depth_of_discharge: 0.5
  VRBF:
    cost: 208.574
    lifetime: 28.9733
    annual_cost: 7.198834789271502
    efficiency: 0.702502
    discharge_ratio: 0.5
    depth_of_discharge: 1.0
