cost_values:
  wind_capex: 5000.0
  wind_opex: 100
  wind_lifetime: 20
  solar_capex: 1000.0
  solar_opex: 10
  solar_lifetime: 20
  carbon_price: 1.0
timeseries_values:
  load_level: 229807.5926200441
  wind_year: 2011
  solar_year: 2012
  price_year: 2023
  carbon_year: 2023
storage_values:
  CAES:
    cost: 55.5862
    lifetime: 24.7718
    annual_cost: 2.2439305985031366
    efficiency: 0.60692
    discharge_ratio: 0.1
    depth_of_discharge: 0.4
  Li-ion:
    cost: 181.93
    lifetime: 21.1166
    annual_cost: 8.615496812933902
    efficiency: 0.900054
    discharge_ratio: 2
    depth_of_discharge: 0.9
  Pb-acid:
    cost: 102.557
    lifetime: 11.9548
    annual_cost: 8.578729882557633
    efficiency: 0.75561
    discharge_ratio: 5
    depth_of_discharge: 0.5
  VRBF:
    cost: 226.408
    lifetime: 25.9888
    annual_cost: 8.711752755032936
    efficiency: 0.682796
    discharge_ratio: 0.5
    depth_of_discharge: 1.0
