cost_values:
  wind_capex: 5000.0
  wind_opex: 100
  wind_lifetime: 20
  solar_capex: 1000.0
  solar_opex: 10
  solar_lifetime: 20
  carbon_price: 1.0
timeseries_values:
  load_level: 229807.5926200441
  wind_year: 2011
  solar_year: 2012
  price_year: 2023
  carbon_year: 2023
storage_values:
  CAES:
    cost: 53.7365
    lifetime: 24.3737
    annual_cost: 2.204691942544628
    efficiency: 0.607373
    discharge_ratio: 0.1
    depth_of_discharge: 0.4
  Li-ion:
    cost: 176.492
    lifetime: 21.3885
    annual_cost: 8.251724057320523
    efficiency: 0.897919
    discharge_ratio: 2
    depth_of_discharge: 0.9
  Pb-acid:
    cost: 115.341
    lifetime: 9.64576
    annual_cost: 11.95768918156786
    efficiency: 0.740438
    discharge_ratio: 5
    depth_of_discharge: 0.5
  VRBF:
    cost: 235.631
    lifetime: 26.4251
    annual_cost: 8.91693881953143
    efficiency: 0.675111
    discharge_ratio: 0.5
    depth_of_discharge: 1.0
