cost_values:
  wind_capex: 5000.0
  wind_opex: 100
  wind_lifetime: 20
  solar_capex: 1000.0
  solar_opex: 10
  solar_lifetime: 20
  carbon_price: 1.0
timeseries_values:
  load_level: 229807.5926200441
  wind_year: 2011
  solar_year: 2012
  price_year: 2023
  carbon_year: 2023
storage_values:
  CAES:
    cost: 50.888
    lifetime: 24.5658
    annual_cost: 2.071497773327146
    efficiency: 0.603845
    discharge_ratio: 0.1
    depth_of_discharge: 0.4
  Li-ion:
    cost: 188.922
    lifetime: 21.5401
    annual_cost: 8.770711370885001
    efficiency: 0.919118
    discharge_ratio: 2
    depth_of_discharge: 0.9
  Pb-acid:
    cost: 106.244
    lifetime: 9.85504
    annual_cost: 10.780676689287917
    efficiency: 0.731608
    discharge_ratio: 5
    depth_of_discharge: 0.5
  VRBF:
    cost: 221.211
    lifetime: 26.965
    annual_cost: 8.203634340812165
    efficiency: 0.675217
    discharge_ratio: 0.5
    depth_of_discharge: 1.0
