cost_values:
  wind_capex: 5000.0
  wind_opex: 100
  wind_lifetime: 20
  solar_capex: 1000.0
  solar_opex: 10
  solar_lifetime: 20
  carbon_price: 1.0
timeseries_values:
  load_level: 229807.5926200441
  wind_year: 2011
  solar_year: 2012
  price_year: 2023
  carbon_year: 2023
storage_values:
  CAES:
    cost: 44.4597
    lifetime: 24.1249
    annual_cost: 1.8428967581212772
    efficiency: 0.618692
    discharge_ratio: 0.1
    depth_of_discharge: 0.4
  Li-ion:
    cost: 160.148
    lifetime: 19.9787
    annual_cost: 8.015936972876112
    efficiency: 0.893754
    discharge_ratio: 2
    depth_of_discharge: 0.9
  Pb-acid:
    cost: 99.0591
    lifetime: 11.0034
    annual_cost: 9.002590108511916
    efficiency: 0.737987
    discharge_ratio: 5
    depth_of_discharge: 0.5
  VRBF:
    cost: 239.834
    lifetime: 24.4138
    annual_cost: 9.823706264489756
    efficiency: 0.657933
    discharge_ratio: 0.5
    depth_of_discharge: 1.0
