cost_values:
  wind_capex: 5000.0
  wind_opex: 100
  wind_lifetime: 20
  solar_capex: 1000.0
  solar_opex: 10
  solar_lifetime: 20
  carbon_price: 1.0
timeseries_values:
  load_level: 229807.5926200441
  wind_year: 2011
  solar_year: 2012
  price_year: 2023
  carbon_year: 2023
storage_values:
  CAES:
    cost: 52.4871
    lifetime: 24.3293
    annual_cost: 2.157361699678988
    efficiency: 0.607925
    discharge_ratio: 0.1
    depth_of_discharge: 0.4
  Li-ion:
    cost: 190.504
    lifetime: 22.6024
    annual_cost: 8.428485470569496
    efficiency: 0.897996
    discharge_ratio: 2
    depth_of_discharge: 0.9
  Pb-acid:
    cost: 117.247
    lifetime: 11.6194
    annual_cost: 10.090624300738419
    efficiency: 0.757557
    discharge_ratio: 5
    depth_of_discharge: 0.5
  VRBF:
    cost: 219.297
    lifetime: 26.394
    annual_cost: 8.308592862014095
    efficiency: 0.684759
    discharge_ratio: 0.5
    depth_of_discharge: 1.0
