cost_values:
  wind_capex: 5000.0
  wind_opex: 100
  wind_lifetime: 20
  solar_capex: 1000.0
  solar_opex: 10
  solar_lifetime: 20
  carbon_price: 1.0
timeseries_values:
  load_level: 229807.5926200441
  wind_year: 2011
  solar_year: 2012
  price_year: 2023
  carbon_year: 2023
storage_values:
  CAES:
    cost: 55.1374
    lifetime: 24.7075
    annual_cost: 2.2316057877162807
    efficiency: 0.621039
    discharge_ratio: 0.1
    depth_of_discharge: 0.4
  Li-ion:
    cost: 178.418
    lifetime: 21.0519
    annual_cost: 8.475149511445522
    efficiency: 0.895437
    discharge_ratio: 2
    depth_of_discharge: 0.9
  Pb-acid:
    cost: 102.945
    lifetime: 11.4472
    annual_cost: 8.993028862953386
    efficiency: 0.745416
    discharge_ratio: 5
    depth_of_discharge: 0.5
  VRBF:
    cost: 217.106
    lifetime: 25.0999
    annual_cost: 8.649675895123087
    efficiency: 0.677286
    discharge_ratio: 0.5
    depth_of_discharge: 1.0
