cost_values:
  wind_capex: 5000.0
  wind_opex: 100
  wind_lifetime: 20
  solar_capex: 1000.0
  solar_opex: 10
  solar_lifetime: 20
  carbon_price: 1.0
timeseries_values:
  load_level: 229807.5926200441
  wind_year: 2011
  solar_year: 2012
  price_year: 2023
  carbon_year: 2023
storage_values:
  CAES:
    cost: 48.269
    lifetime: 25.2369
    annual_cost: 1.9126358625663216
    efficiency: 0.623205
    discharge_ratio: 0.1
    depth_of_discharge: 0.4
  Li-ion:
    cost: 157.666
    lifetime: 19.6933
    annual_cost: 8.006073131471108
    efficiency: 0.910561
    discharge_ratio: 2
    depth_of_discharge: 0.9
  Pb-acid:
    cost: 111.152
    lifetime: 9.36966
    annual_cost: 11.862970481319493
    efficiency: 0.756674
    discharge_ratio: 5
    depth_of_discharge: 0.5
  VRBF:
    cost: 221.404
    lifetime: 27.1361
    annual_cost: 8.15902064040153
    efficiency: 0.670218
    discharge_ratio: 0.5
    depth_of_discharge: 1.0
