cost_values:
  wind_capex: 5000.0
  wind_opex: 100
  wind_lifetime: 20
  solar_capex: 1000.0
  solar_opex: 10
  solar_lifetime: 20
  carbon_price: 1.0
timeseries_values:
  load_level: 229807.5926200441
  wind_year: 2011
  solar_year: 2012
  price_year: 2023
  carbon_year: 2023
storage_values:
  CAES:
    cost: 52.329
    lifetime: 24.8183
    annual_cost: 2.1084844650922907
    efficiency: 0.61388
    discharge_ratio: 0.1
    depth_of_discharge: 0.4
  Li-ion:
    cost: 185.009
    lifetime: 20.7058
    annual_cost: 8.93512928744603
    efficiency: 0.882642
    discharge_ratio: 2
    depth_of_discharge: 0.9
  Pb-acid:
    cost: 90.3119
    lifetime: 12.7157
    annual_cost: 7.102393104587242
    efficiency: 0.727847
    discharge_ratio: 5
    depth_of_discharge: 0.5
  VRBF:
    cost: 192.615
    lifetime: 25.9701
    annual_cost: 7.416798549100697
    efficiency: 0.678509
    discharge_ratio: 0.5
    depth_of_discharge: 1.0
