cost_values:
  wind_capex: 5000.0
  wind_opex: 100
  wind_lifetime: 20
  solar_capex: 1000.0
  solar_opex: 10
  solar_lifetime: 20
  carbon_price: 1.0
timeseries_values:
  load_level: 229807.5926200441
  wind_year: 2011
  solar_year: 2012
  price_year: 2023
  carbon_year: 2023
storage_values:
  CAES:
    cost: 57.9763
    lifetime: 25.0614
    annual_cost: 2.3133703623899704
    efficiency: 0.616821
    discharge_ratio: 0.1
    depth_of_discharge: 0.4
  Li-ion:
    cost: 195.686
    lifetime: 21.1364
    annual_cost: 9.258246437425486
    efficiency: 0.898527
    discharge_ratio: 2
    depth_of_discharge: 0.9
  Pb-acid:
    cost: 102.37
    lifetime: 9.47074
    annual_cost: 10.809081444533374
    efficiency: 0.749431
    discharge_ratio: 5
    depth_of_discharge: 0.5
  VRBF:
    cost: 228.664
    lifetime: 28.5316
    annual_cost: 8.014412090454092
    efficiency: 0.657704
    discharge_ratio: 0.5
    depth_of_discharge: 1.0
