cost_values:
  wind_capex: 5000.0
  wind_opex: 100
  wind_lifetime: 20
  solar_capex: 1000.0
  solar_opex: 10
  solar_lifetime: 20
  carbon_price: 1.0
timeseries_values:
  load_level: 229807.5926200441
  wind_year: 2011
  solar_year: 2012
  price_year: 2023
  carbon_year: 2023
storage_values:
  CAES:
    cost: 46.4089
    lifetime: 24.4421
    annual_cost: 1.898728014368651
    efficiency: 0.605261
    discharge_ratio: 0.1
    depth_of_discharge: 0.4
  Li-ion:
    cost: 196.951
    lifetime: 20.9899
    annual_cost: 9.383131887241007
    efficiency: 0.898829
    discharge_ratio: 2
    depth_of_discharge: 0.9
  Pb-acid:
    cost: 124.799
    lifetime: 10.6062
    annual_cost: 11.766608210292095
    efficiency: 0.764483
    discharge_ratio: 5
    depth_of_discharge: 0.5
  VRBF:
    cost: 239.455
    lifetime: 26.1984
    annual_cost: 9.140061988518383
    efficiency: 0.669797
    discharge_ratio: 0.5
    depth_of_discharge: 1.0
