cost_values:
  wind_capex: 5000.0
  wind_opex: 100
  wind_lifetime: 20
  solar_capex: 1000.0
  solar_opex: 10
  solar_lifetime: 20
  carbon_price: 1.0
timeseries_values:
  load_level: 229807.5926200441
  wind_year: 2011
  solar_year: 2012
  price_year: 2023
  carbon_year: 2023
storage_values:
  CAES:
    cost: 57.1711
    lifetime: 24.8563
    annual_cost: 2.300064772311245
    efficiency: 0.61553
    discharge_ratio: 0.1
    depth_of_discharge: 0.4
  Li-ion:
    cost: 181.47
    lifetime: 20.5432
    annual_cost: 8.833579968067292
    efficiency: 0.902776
    discharge_ratio: 2
    depth_of_discharge: 0.9
  Pb-acid:
    cost: 92.823
    lifetime: 10.6211
    annual_cost: 8.739490259954241
    efficiency: 0.735777
    discharge_ratio: 5
    depth_of_discharge: 0.5
  VRBF:
    cost: 222.477
    lifetime: 26.0801
    annual_cost: 8.53052710687459
    efficiency: 0.68639
    discharge_ratio: 0.5
    depth_of_discharge: 1.0
