cost_values:
  wind_capex: 5000.0
  wind_opex: 100
  wind_lifetime: 20
  solar_capex: 1000.0
  solar_opex: 10
  solar_lifetime: 20
  carbon_price: 1.0
timeseries_values:
  load_level: 229807.5926200441
  wind_year: 2011
  solar_year: 2012
  price_year: 2023
  carbon_year: 2023
storage_values:
  CAES:
    cost: 53.3106
    lifetime: 24.3044
    annual_cost: 2.193454683102648
    efficiency: 0.620176
    discharge_ratio: 0.1
    depth_of_discharge: 0.4
  Li-ion:
    cost: 167.375
    lifetime: 20.0386
    annual_cost: 8.352629425209347
    efficiency: 0.887264
    discharge_ratio: 2
    depth_of_discharge: 0.9
  Pb-acid:
    cost: 109.707
    lifetime: 11.6917
    annual_cost: 9.383323212193265
    efficiency: 0.75994
    discharge_ratio: 5
    depth_of_discharge: 0.5
  VRBF:
    cost: 220.672
    lifetime: 26.5382
    annual_cost: 8.315258759071828
    efficiency: 0.66974
    discharge_ratio: 0.5
    depth_of_discharge: 1.0
