cost_values:
  wind_capex: 5000.0
  wind_opex: 100
  wind_lifetime: 20
  solar_capex: 1000.0
  solar_opex: 10
  solar_lifetime: 20
  carbon_price: 1.0
timeseries_values:
  load_level: 229807.5926200441
  wind_year: 2011
  solar_year: 2012
  price_year: 2023
  carbon_year: 2023
storage_values:
  CAES:
    cost: 49.2575
    lifetime: 24.0185
    annual_cost: 2.0508149967733207
    efficiency: 0.609165
    discharge_ratio: 0.1
    depth_of_discharge: 0.4
  Li-ion:
    cost: 176.926
    lifetime: 21.4819
    annual_cost: 8.23604988385571
    efficiency: 0.887522
    discharge_ratio: 2
    depth_of_discharge: 0.9
  Pb-acid:
    cost: 99.7534
    lifetime: 11.2195
    annual_cost: 8.891073577253888
    efficiency: 0.74982
    discharge_ratio: 5
    depth_of_discharge: 0.5
  VRBF:
    cost: 228.096
    lifetime: 25.3382
    annual_cost: 9.002060130553867
    efficiency: 0.674221
    discharge_ratio: 0.5
    depth_of_discharge: 1.0
