cost_values:
  wind_capex: 5000.0
  wind_opex: 100
  wind_lifetime: 20
  solar_capex: 1000.0
  solar_opex: 10
  solar_lifetime: 20
  carbon_price: 1.0
timeseries_values:
  load_level: 229807.5926200441
  wind_year: 2011
  solar_year: 2012
  price_year: 2023
  carbon_year: 2023
storage_values:
  CAES:
    cost: 55.3216
    lifetime: 23.6524
    annual_cost: 2.3389423483451997
    efficiency: 0.617981
    discharge_ratio: 0.1
    depth_of_discharge: 0.4
  Li-ion:
    cost: 205.243
    lifetime: 21.6163
    annual_cost: 9.494825663966544
    efficiency: 0.893427
    discharge_ratio: 2
    depth_of_discharge: 0.9
  Pb-acid:
    cost: 106.953
    lifetime: 10.1388
    annual_cost: 10.548881524440763
    efficiency: 0.737598
    discharge_ratio: 5
    depth_of_discharge: 0.5
  VRBF:
    cost: 201.507
    lifetime: 25.363
    annual_cost: 7.944919765012026
    efficiency: 0.674804
    discharge_ratio: 0.5
    depth_of_discharge: 1.0
