cost_values:
  wind_capex: 5000.0
  wind_opex: 100
  wind_lifetime: 20
  solar_capex: 1000.0
  solar_opex: 10
  solar_lifetime: 20
  carbon_price: 1.0
timeseries_values:
  load_level: 229807.5926200441
  wind_year: 2011
  solar_year: 2012
  price_year: 2023
  carbon_year: 2023
storage_values:
  CAES:
    cost: 51.6448
    lifetime: 23.8845
    annual_cost: 2.1622726035713535
    efficiency: 0.605571
    discharge_ratio: 0.1
    depth_of_discharge: 0.4
  Li-ion:
    cost: 181.551
    lifetime: 20.6213
    annual_cost: 8.804052120865318
    efficiency: 0.885199
    discharge_ratio: 2
    depth_of_discharge: 0.9
  Pb-acid:
    cost: 126.946
    lifetime: 10.1201
    annual_cost: 12.543947194197685
    efficiency: 0.735583
    discharge_ratio: 5
    depth_of_discharge: 0.5
  VRBF:
    cost: 201.59
    lifetime: 26.3708
    annual_cost: 7.644440062493365
    efficiency: 0.668201
    discharge_ratio: 0.5
    depth_of_discharge: 1.0
