cost_values:
  wind_capex: 5000.0
  wind_opex: 100
  wind_lifetime: 20
  solar_capex: 1000.0
  solar_opex: 10
  solar_lifetime: 20
  carbon_price: 1.0
timeseries_values:
  load_level: 229807.5926200441
  wind_year: 2011
  solar_year: 2012
  price_year: 2023
  carbon_year: 2023
storage_values:
  CAES:
    cost: 51.5971
    lifetime: 24.8495
    annual_cost: 2.0763838306605766
    efficiency: 0.609946
    discharge_ratio: 0.1
    depth_of_discharge: 0.4
  Li-ion:
    cost: 200.03
    lifetime: 20.7331
    annual_cost: 9.647857773318993
    efficiency: 0.90174
    discharge_ratio: 2
    depth_of_discharge: 0.9
  Pb-acid:
    cost: 99.5872
    lifetime: 10.7348
    annual_cost: 9.27704288854939
    efficiency: 0.751051
    discharge_ratio: 5
    depth_of_discharge: 0.5
  VRBF:
    cost: 220.624
    lifetime: 27.6386
    annual_cost: 7.982459314147605
    efficiency: 0.68232
    discharge_ratio: 0.5
    depth_of_discharge: 1.0
