cost_values:
  wind_capex: 5000.0
  wind_opex: 100
  wind_lifetime: 20
  solar_capex: 1000.0
  solar_opex: 10
  solar_lifetime: 20
  carbon_price: 1.0
timeseries_values:
  load_level: 229807.5926200441
  wind_year: 2011
  solar_year: 2012
  price_year: 2023
  carbon_year: 2023
storage_values:
  CAES:
    cost: 48.5133
    lifetime: 24.2329
    annual_cost: 2.001960145092003
    efficiency: 0.60576
    discharge_ratio: 0.1
    depth_of_discharge: 0.4
  Li-ion:
    cost: 180.76
    lifetime: 19.2974
    annual_cost: 9.367064993211521
    efficiency: 0.910733
    discharge_ratio: 2
    depth_of_discharge: 0.9
  Pb-acid:
    cost: 71.8271
    lifetime: 10.0652
    annual_cost: 7.136182092755235
    efficiency: 0.740476
    discharge_ratio: 5
    depth_of_discharge: 0.5
  VRBF:
    cost: 191.556
    lifetime: 25.345
    annual_cost: 7.557940422173999
    efficiency: 0.658766
    discharge_ratio: 0.5
    depth_of_discharge: 1.0
