cost_values:
  wind_capex: 5000.0
  wind_opex: 100
  wind_lifetime: 20
  solar_capex: 1000.0
  solar_opex: 10
  solar_lifetime: 20
  carbon_price: 1.0
timeseries_values:
  load_level: 229807.5926200441
  wind_year: 2011
  solar_year: 2012
  price_year: 2023
  carbon_year: 2023
storage_values:
  CAES:
    cost: 49.6117
    lifetime: 24.3424
    annual_cost: 2.038077593006441
    efficiency: 0.609983
    discharge_ratio: 0.1
    depth_of_discharge: 0.4
  Li-ion:
    cost: 187.817
    lifetime: 21.4394
    annual_cost: 8.760366428164968
    efficiency: 0.907892
    discharge_ratio: 2
    depth_of_discharge: 0.9
  Pb-acid:
    cost: 111.039
    lifetime: 9.99867
    annual_cost: 11.105377015143013
    efficiency: 0.742328
    discharge_ratio: 5
    depth_of_discharge: 0.5
  VRBF:
    cost: 231.23
    lifetime: 25.9238
    annual_cost: 8.91960283600398
    efficiency: 0.698629
    discharge_ratio: 0.5
    depth_of_discharge: 1.0
