cost_values:
  wind_capex: 5000.0
  wind_opex: 100
  wind_lifetime: 20
  solar_capex: 1000.0
  solar_opex: 10
  solar_lifetime: 20
  carbon_price: 1.0
timeseries_values:
  load_level: 229807.5926200441
  wind_year: 2011
  solar_year: 2012
  price_year: 2023
  carbon_year: 2023
storage_values:
  CAES:
    cost: 50.0226
    lifetime: 24.2558
    annual_cost: 2.0622943790763446
    efficiency: 0.599218
    discharge_ratio: 0.1
    depth_of_discharge: 0.4
  Li-ion:
    cost: 191.584
    lifetime: 20.239
    annual_cost: 9.466080339937744
    efficiency: 0.913401
    discharge_ratio: 2
    depth_of_discharge: 0.9
  Pb-acid:
    cost: 88.9588
    lifetime: 9.92161
    annual_cost: 8.966165773498455
    efficiency: 0.735136
    discharge_ratio: 5
    depth_of_discharge: 0.5
  VRBF:
    cost: 208.591
    lifetime: 26.9892
    annual_cost: 7.72868406621908
    efficiency: 0.658399
    discharge_ratio: 0.5
    depth_of_discharge: 1.0
