cost_values:
  wind_capex: 5000.0
  wind_opex: 100
  wind_lifetime: 20
  solar_capex: 1000.0
  solar_opex: 10
  solar_lifetime: 20
  carbon_price: 1.0
timeseries_values:
  load_level: 229807.5926200441
  wind_year: 2011
  solar_year: 2012
  price_year: 2023
  carbon_year: 2023
storage_values:
  CAES:
    cost: 48.0622
    lifetime: 25.3222
    annual_cost: 1.8980262378466326
    efficiency: 0.607965
    discharge_ratio: 0.1
    depth_of_discharge: 0.4
  Li-ion:
    cost: 190.3
    lifetime: 23.2191
    annual_cost: 8.195838770667253
    efficiency: 0.875756
    discharge_ratio: 2
    depth_of_discharge: 0.9
  Pb-acid:
    cost: 90.6165
    lifetime: 11.1705
    annual_cost: 8.112125688196588
    efficiency: 0.741149
    discharge_ratio: 5
    depth_of_discharge: 0.5
  VRBF:
    cost: 219.102
    lifetime: 26.627
    annual_cost: 8.228564990423255
    efficiency: 0.681439
    discharge_ratio: 0.5
    depth_of_discharge: 1.0
