cost_values:
  wind_capex: 5000.0
  wind_opex: 100
  wind_lifetime: 20
  solar_capex: 1000.0
  solar_opex: 10
  solar_lifetime: 20
  carbon_price: 1.0
timeseries_values:
  load_level: 229807.5926200441
  wind_year: 2011
  solar_year: 2012
  price_year: 2023
  carbon_year: 2023
storage_values:
  CAES:
    cost: 54.7285
    lifetime: 24.3763
    annual_cost: 2.2451520534289453
    efficiency: 0.607613
    discharge_ratio: 0.1
    depth_of_discharge: 0.4
  Li-ion:
    cost: 187.582
    lifetime: 23.3435
    annual_cost: 8.035727290252105
    efficiency: 0.88661
    discharge_ratio: 2
    depth_of_discharge: 0.9
  Pb-acid:
    cost: 104.828
    lifetime: 10.8236
    annual_cost: 9.68513248826638
    efficiency: 0.743578
    discharge_ratio: 5
    depth_of_discharge: 0.5
  VRBF:
    cost: 239.044
    lifetime: 26.1722
    annual_cost: 9.133508073451983
    efficiency: 0.670149
    discharge_ratio: 0.5
    depth_of_discharge: 1.0
