cost_values:
  wind_capex: 5000.0
  wind_opex: 100
  wind_lifetime: 20
  solar_capex: 1000.0
  solar_opex: 10
  solar_lifetime: 20
  carbon_price: 1.0
timeseries_values:
  load_level: 229807.5926200441
  wind_year: 2011
  solar_year: 2012
  price_year: 2023
  carbon_year: 2023
storage_values:
  CAES:
    cost: 49.59
    lifetime: 22.6966
    annual_cost: 2.1849087528528504
    efficiency: 0.613326
    discharge_ratio: 0.1
    depth_of_discharge: 0.4
  Li-ion:
    cost: 188.335
    lifetime: 23.1274
    annual_cost: 8.143371066354195
    efficiency: 0.893549
    discharge_ratio: 2
    depth_of_discharge: 0.9
  Pb-acid:
    cost: 81.1341
    lifetime: 10.5706
    annual_cost: 7.67544888653435
    efficiency: 0.743343
    discharge_ratio: 5
    depth_of_discharge: 0.5
  VRBF:
    cost: 209.713
    lifetime: 27.4138
    annual_cost: 7.649906251595912
    efficiency: 0.68412
    discharge_ratio: 0.5
    depth_of_discharge: 1.0
