cost_values:
  wind_capex: 5000.0
  wind_opex: 100
  wind_lifetime: 20
  solar_capex: 1000.0
  solar_opex: 10
  solar_lifetime: 20
  carbon_price: 1.0
timeseries_values:
  load_level: 229807.5926200441
  wind_year: 2011
  solar_year: 2012
  price_year: 2023
  carbon_year: 2023
storage_values:
  CAES:
    cost: 48.418
    lifetime: 24.2084
    annual_cost: 2.0000495695708924
    efficiency: 0.60078
    discharge_ratio: 0.1
    depth_of_discharge: 0.4
  Li-ion:
    cost: 198.109
    lifetime: 19.9776
    annual_cost: 9.916556543328529
    efficiency: 0.909997
    discharge_ratio: 2
    depth_of_discharge: 0.9
  Pb-acid:
    cost: 94.6137
    lifetime: 11.2207
    annual_cost: 8.432067518069282
    efficiency: 0.742878
    discharge_ratio: 5
    depth_of_discharge: 0.5
  VRBF:
    cost: 240.254
    lifetime: 24.9078
    annual_cost: 9.645733465018989
    efficiency: 0.673166
    discharge_ratio: 0.5
    depth_of_discharge: 1.0
