cost_values:
  wind_capex: 5000.0
  wind_opex: 100
  wind_lifetime: 20
  solar_capex: 1000.0
  solar_opex: 10
  solar_lifetime: 20
  carbon_price: 1.0
timeseries_values:
  load_level: 229807.5926200441
  wind_year: 2011
  solar_year: 2012
  price_year: 2023
  carbon_year: 2023
storage_values:
  CAES:
    cost: 55.9898
    lifetime: 24.9019
    annual_cost: 2.2484147795951315
    efficiency: 0.619331
    discharge_ratio: 0.1
    depth_of_discharge: 0.4
  Li-ion:
    cost: 182.576
    lifetime: 20.0886
    annual_cost: 9.088537777645032
    efficiency: 0.905761
    discharge_ratio: 2
    depth_of_discharge: 0.9
  Pb-acid:
    cost: 79.7302
    lifetime: 9.52823
    annual_cost: 8.367787091621423
    efficiency: 0.744951
    discharge_ratio: 5
    depth_of_discharge: 0.5
  VRBF:
    cost: 210.433
    lifetime: 25.9956
    annual_cost: 8.094946837157057
    efficiency: 0.661642
    discharge_ratio: 0.5
    depth_of_discharge: 1.0
