cost_values:
  wind_capex: 5000.0
  wind_opex: 100
  wind_lifetime: 20
  solar_capex: 1000.0
  solar_opex: 10
  solar_lifetime: 20
  carbon_price: 1.0
timeseries_values:
  load_level: 273741.498817583
  wind_year: 2011
  solar_year: 2014
  price_year: 2023
  carbon_year: 2023
storage_values:
  CAES:
    cost: 50.0375
    lifetime: 29.536
    annual_cost: 1.6941190411700975
    efficiency: 0.601426
    discharge_ratio: 0.1
    depth_of_discharge: 0.4
  Li-ion:
    cost: 154.169
    lifetime: 17.6579
    annual_cost: 8.730879662927075
    efficiency: 0.877126
    discharge_ratio: 2
    depth_of_discharge: 0.9
  Pb-acid:
    cost: 78.9898
    lifetime: 11.3089
    annual_cost: 6.984746527071599
    efficiency: 0.702747
    discharge_ratio: 5
    depth_of_discharge: 0.5
  VRBF:
    cost: 209.037
    lifetime: 15.8033
    annual_cost: 13.227427182930148
    efficiency: 0.712162
    discharge_ratio: 0.5
    depth_of_discharge: 1.0
