cost_values:
  wind_capex: 5000.0
  wind_opex: 100
  wind_lifetime: 20
  solar_capex: 1000.0
  solar_opex: 10
  solar_lifetime: 20
  carbon_price: 1.0
timeseries_values:
  load_level: 273741.498817583
  wind_year: 2011
  solar_year: 2014
  price_year: 2023
  carbon_year: 2023
storage_values:
  CAES:
    cost: 57.8929
    lifetime: 28.2029
    annual_cost: 2.0527286201064427
    efficiency: 0.60853
    discharge_ratio: 0.1
    depth_of_discharge: 0.4
  Li-ion:
    cost: 162.742
    lifetime: 15.0175
    annual_cost: 10.836823705676709
    efficiency: 0.874649
    discharge_ratio: 2
    depth_of_discharge: 0.9
  Pb-acid:
    cost: 63.9968
    lifetime: 12.5584
    annual_cost: 5.095935787998471
    efficiency: 0.696133
    discharge_ratio: 5
    depth_of_discharge: 0.5
  VRBF:
    cost: 222.427
    lifetime: 14.2575
    annual_cost: 15.60070138523584
    efficiency: 0.729921
    discharge_ratio: 0.5
    depth_of_discharge: 1.0
