cost_values:
  wind_capex: 5000.0
  wind_opex: 100
  wind_lifetime: 20
  solar_capex: 1000.0
  solar_opex: 10
  solar_lifetime: 20
  carbon_price: 1.0
timeseries_values:
  load_level: 273741.498817583
  wind_year: 2011
  solar_year: 2014
  price_year: 2023
  carbon_year: 2023
storage_values:
  CAES:
    cost: 53.6129
    lifetime: 29.6198
    annual_cost: 1.8100358543946955
    efficiency: 0.612883
    discharge_ratio: 0.1
    depth_of_discharge: 0.4
  Li-ion:
    cost: 163.049
    lifetime: 17.5004
    annual_cost: 9.316872757194123
    efficiency: 0.881682
    discharge_ratio: 2
    depth_of_discharge: 0.9
  Pb-acid:
    cost: 63.252
    lifetime: 10.692
    annual_cost: 5.915824915824916
    efficiency: 0.710872
    discharge_ratio: 5
    depth_of_discharge: 0.5
  VRBF:
    cost: 227.652
    lifetime: 12.3935
    annual_cost: 18.36866099164885
    efficiency: 0.704307
    discharge_ratio: 0.5
    depth_of_discharge: 1.0
