cost_values:
  wind_capex: 5000.0
  wind_opex: 100
  wind_lifetime: 20
  solar_capex: 1000.0
  solar_opex: 10
  solar_lifetime: 20
  carbon_price: 1.0
timeseries_values:
  load_level: 273741.498817583
  wind_year: 2011
  solar_year: 2014
  price_year: 2023
  carbon_year: 2023
storage_values:
  CAES:
    cost: 52.5624
    lifetime: 29.115
    annual_cost: 1.8053374549201442
    efficiency: 0.601177
    discharge_ratio: 0.1
    depth_of_discharge: 0.4
  Li-ion:
    cost: 165.775
    lifetime: 16.2819
    annual_cost: 10.181551293153747
    efficiency: 0.876207
    discharge_ratio: 2
    depth_of_discharge: 0.9
  Pb-acid:
    cost: 76.0055
    lifetime: 11.4858
    annual_cost: 6.617344895436104
    efficiency: 0.698053
    discharge_ratio: 5
    depth_of_discharge: 0.5
  VRBF:
    cost: 205.109
    lifetime: 16.201
    annual_cost: 12.660267884698476
    efficiency: 0.711254
    discharge_ratio: 0.5
    depth_of_discharge: 1.0
