cost_values:
  wind_capex: 5000.0
  wind_opex: 100
  wind_lifetime: 20
  solar_capex: 1000.0
  solar_opex: 10
  solar_lifetime: 20
  carbon_price: 1.0
timeseries_values:
  load_level: 273741.498817583
  wind_year: 2011
  solar_year: 2014
  price_year: 2023
  carbon_year: 2023
storage_values:
  CAES:
    cost: 59.8889
    lifetime: 29.7294
    annual_cost: 2.0144671604539615
    efficiency: 0.607547
    discharge_ratio: 0.1
    depth_of_discharge: 0.4
  Li-ion:
    cost: 172.465
    lifetime: 17.5123
    annual_cost: 9.848220964693388
    efficiency: 0.887363
    discharge_ratio: 2
    depth_of_discharge: 0.9
  Pb-acid:
    cost: 68.0975
    lifetime: 11.3345
    annual_cost: 6.007984472186687
    efficiency: 0.697476
    discharge_ratio: 5
    depth_of_discharge: 0.5
  VRBF:
    cost: 211.016
    lifetime: 13.9638
    annual_cost: 15.111645827067129
    efficiency: 0.707509
    discharge_ratio: 0.5
    depth_of_discharge: 1.0
