cost_values:
  wind_capex: 5000.0
  wind_opex: 100
  wind_lifetime: 20
  solar_capex: 1000.0
  solar_opex: 10
  solar_lifetime: 20
  carbon_price: 1.0
timeseries_values:
  load_level: 273741.498817583
  wind_year: 2011
  solar_year: 2014
  price_year: 2023
  carbon_year: 2023
storage_values:
  CAES:
    cost: 57.1551
    lifetime: 28.557
    annual_cost: 2.0014392268095387
    efficiency: 0.613652
    discharge_ratio: 0.1
    depth_of_discharge: 0.4
  Li-ion:
    cost: 173.491
    lifetime: 15.8221
    annual_cost: 10.965105769777717
    efficiency: 0.883792
    discharge_ratio: 2
    depth_of_discharge: 0.9
  Pb-acid:
    cost: 87.4963
    lifetime: 10.9042
    annual_cost: 8.024091634416097
    efficiency: 0.688393
    discharge_ratio: 5
    depth_of_discharge: 0.5
  VRBF:
    cost: 203.087
    lifetime: 13.9218
    annual_cost: 14.5876969932049
    efficiency: 0.725816
    discharge_ratio: 0.5
    depth_of_discharge: 1.0
