cost_values:
  wind_capex: 5000.0
  wind_opex: 100
  wind_lifetime: 20
  solar_capex: 1000.0
  solar_opex: 10
  solar_lifetime: 20
  carbon_price: 1.0
timeseries_values:
  load_level: 273741.498817583
  wind_year: 2011
  solar_year: 2014
  price_year: 2023
  carbon_year: 2023
storage_values:
  CAES:
    cost: 59.006
    lifetime: 29.2633
    annual_cost: 2.0163822945464114
    efficiency: 0.594977
    discharge_ratio: 0.1
    depth_of_discharge: 0.4
  Li-ion:
    cost: 165.023
    lifetime: 18.0274
    annual_cost: 9.15401000698936
    efficiency: 0.864375
    discharge_ratio: 2
    depth_of_discharge: 0.9
  Pb-acid:
    cost: 67.5069
    lifetime: 11.2861
    annual_cost: 5.981419622367337
    efficiency: 0.70287
    discharge_ratio: 5
    depth_of_discharge: 0.5
  VRBF:
    cost: 230.311
    lifetime: 14.137
    annual_cost: 16.29136308976445
    efficiency: 0.696892
    discharge_ratio: 0.5
    depth_of_discharge: 1.0
