cost_values:
  wind_capex: 5000.0
  wind_opex: 100
  wind_lifetime: 20
  solar_capex: 1000.0
  solar_opex: 10
  solar_lifetime: 20
  carbon_price: 1.0
timeseries_values:
  load_level: 273741.498817583
  wind_year: 2011
  solar_year: 2014
  price_year: 2023
  carbon_year: 2023
storage_values:
  CAES:
    cost: 55.2839
    lifetime: 29.8862
    annual_cost: 1.8498136263559772
    efficiency: 0.595006
    discharge_ratio: 0.1
    depth_of_discharge: 0.4
  Li-ion:
    cost: 163.986
    lifetime: 17.1036
    annual_cost: 9.587806075913843
    efficiency: 0.867692
    discharge_ratio: 2
    depth_of_discharge: 0.9
  Pb-acid:
    cost: 79.7306
    lifetime: 10.5485
    annual_cost: 7.558477508650518
    efficiency: 0.706859
    discharge_ratio: 5
    depth_of_discharge: 0.5
  VRBF:
    cost: 217.862
    lifetime: 13.6167
    annual_cost: 15.999618115989923
    efficiency: 0.711764
    discharge_ratio: 0.5
    depth_of_discharge: 1.0
