cost_values:
  wind_capex: 5000.0
  wind_opex: 100
  wind_lifetime: 20
  solar_capex: 1000.0
  solar_opex: 10
  solar_lifetime: 20
  carbon_price: 1.0
timeseries_values:
  load_level: 273741.498817583
  wind_year: 2011
  solar_year: 2014
  price_year: 2023
  carbon_year: 2023
storage_values:
  CAES:
    cost: 57.9469
    lifetime: 29.4899
    annual_cost: 1.9649744488791079
    efficiency: 0.605982
    discharge_ratio: 0.1
    depth_of_discharge: 0.4
  Li-ion:
    cost: 172.11
    lifetime: 15.0749
    annual_cost: 11.41699115748695
    efficiency: 0.875786
    discharge_ratio: 2
    depth_of_discharge: 0.9
  Pb-acid:
    cost: 93.9113
    lifetime: 10.4889
    annual_cost: 8.953398354450895
    efficiency: 0.69896
    discharge_ratio: 5
    depth_of_discharge: 0.5
  VRBF:
    cost: 245.27
    lifetime: 13.2881
    annual_cost: 18.457868318269732
    efficiency: 0.720052
    discharge_ratio: 0.5
    depth_of_discharge: 1.0
