cost_values:
  wind_capex: 5000.0
  wind_opex: 100
  wind_lifetime: 20
  solar_capex: 1000.0
  solar_opex: 10
  solar_lifetime: 20
  carbon_price: 1.0
timeseries_values:
  load_level: 273741.498817583
  wind_year: 2011
  solar_year: 2014
  price_year: 2023
  carbon_year: 2023
storage_values:
  CAES:
    cost: 51.6449
    lifetime: 29.0111
    annual_cost: 1.7801772425037314
    efficiency: 0.614823
    discharge_ratio: 0.1
    depth_of_discharge: 0.4
  Li-ion:
    cost: 152.395
    lifetime: 18.3203
    annual_cost: 8.318368148993194
    efficiency: 0.873227
    discharge_ratio: 2
    depth_of_discharge: 0.9
  Pb-acid:
    cost: 71.8989
    lifetime: 11.5868
    annual_cost: 6.205242172126903
    efficiency: 0.694269
    discharge_ratio: 5
    depth_of_discharge: 0.5
  VRBF:
    cost: 238.734
    lifetime: 13.4512
    annual_cost: 17.748156298322826
    efficiency: 0.744646
    discharge_ratio: 0.5
    depth_of_discharge: 1.0
