cost_values:
  wind_capex: 5000.0
  wind_opex: 100
  wind_lifetime: 20
  solar_capex: 1000.0
  solar_opex: 10
  solar_lifetime: 20
  carbon_price: 1.0
timeseries_values:
  load_level: 273741.498817583
  wind_year: 2011
  solar_year: 2014
  price_year: 2023
  carbon_year: 2023
storage_values:
  CAES:
    cost: 44.2022
    lifetime: 29.2921
    annual_cost: 1.509014375889745
    efficiency: 0.61117
    discharge_ratio: 0.1
    depth_of_discharge: 0.4
  Li-ion:
    cost: 160.375
    lifetime: 17.4894
    annual_cost: 9.169840017381958
    efficiency: 0.887439
    discharge_ratio: 2
    depth_of_discharge: 0.9
  Pb-acid:
    cost: 64.71
    lifetime: 12.8605
    annual_cost: 5.031686170833171
    efficiency: 0.671902
    discharge_ratio: 5
    depth_of_discharge: 0.5
  VRBF:
    cost: 185.884
    lifetime: 14.1409
    annual_cost: 13.145132205163744
    efficiency: 0.720144
    discharge_ratio: 0.5
    depth_of_discharge: 1.0
