cost_values:
  wind_capex: 5000.0
  wind_opex: 100
  wind_lifetime: 20
  solar_capex: 1000.0
  solar_opex: 10
  solar_lifetime: 20
  carbon_price: 1.0
timeseries_values:
  load_level: 273741.498817583
  wind_year: 2011
  solar_year: 2014
  price_year: 2023
  carbon_year: 2023
storage_values:
  CAES:
    cost: 52.0255
    lifetime: 29.5588
    annual_cost: 1.7600680677158747
    efficiency: 0.60767
    discharge_ratio: 0.1
    depth_of_discharge: 0.4
  Li-ion:
    cost: 157.111
    lifetime: 15.8813
    annual_cost: 9.892829932058458
    efficiency: 0.877978
    discharge_ratio: 2
    depth_of_discharge: 0.9
  Pb-acid:
    cost: 73.6679
    lifetime: 11.7615
    annual_cost: 6.26347829783616
    efficiency: 0.695116
    discharge_ratio: 5
    depth_of_discharge: 0.5
  VRBF:
    cost: 209.581
    lifetime: 15.4322
    annual_cost: 13.5807597102163
    efficiency: 0.697807
    discharge_ratio: 0.5
    depth_of_discharge: 1.0
