cost_values:
  wind_capex: 5000.0
  wind_opex: 100
  wind_lifetime: 20
  solar_capex: 1000.0
  solar_opex: 10
  solar_lifetime: 20
  carbon_price: 1.0
timeseries_values:
  load_level: 273741.498817583
  wind_year: 2011
  solar_year: 2014
  price_year: 2023
  carbon_year: 2023
storage_values:
  CAES:
    cost: 53.7758
    lifetime: 29.2461
    annual_cost: 1.8387340534293461
    efficiency: 0.608134
    discharge_ratio: 0.1
    depth_of_discharge: 0.4
  Li-ion:
    cost: 171.125
    lifetime: 17.3381
    annual_cost: 9.869881936313668
    efficiency: 0.881514
    discharge_ratio: 2
    depth_of_discharge: 0.9
  Pb-acid:
    cost: 72.5348
    lifetime: 11.6681
    annual_cost: 6.216504829406673
    efficiency: 0.707858
    discharge_ratio: 5
    depth_of_discharge: 0.5
  VRBF:
    cost: 233.139
    lifetime: 13.4785
    annual_cost: 17.297102793337537
    efficiency: 0.721582
    discharge_ratio: 0.5
    depth_of_discharge: 1.0
