cost_values:
  wind_capex: 5000.0
  wind_opex: 100
  wind_lifetime: 20
  solar_capex: 1000.0
  solar_opex: 10
  solar_lifetime: 20
  carbon_price: 1.0
timeseries_values:
  load_level: 273741.498817583
  wind_year: 2011
  solar_year: 2014
  price_year: 2023
  carbon_year: 2023
storage_values:
  CAES:
    cost: 62.9959
    lifetime: 29.7739
    annual_cost: 2.11580948414551
    efficiency: 0.618397
    discharge_ratio: 0.1
    depth_of_discharge: 0.4
  Li-ion:
    cost: 170.658
    lifetime: 16.8396
    annual_cost: 10.134326231026863
    efficiency: 0.887439
    discharge_ratio: 2
    depth_of_discharge: 0.9
  Pb-acid:
    cost: 70.1366
    lifetime: 10.8038
    annual_cost: 6.491845461781965
    efficiency: 0.709107
    discharge_ratio: 5
    depth_of_discharge: 0.5
  VRBF:
    cost: 186.673
    lifetime: 12.2955
    annual_cost: 15.182221137814647
    efficiency: 0.738969
    discharge_ratio: 0.5
    depth_of_discharge: 1.0
