cost_values:
  wind_capex: 5000.0
  wind_opex: 100
  wind_lifetime: 20
  solar_capex: 1000.0
  solar_opex: 10
  solar_lifetime: 20
  carbon_price: 1.0
timeseries_values:
  load_level: 273741.498817583
  wind_year: 2011
  solar_year: 2014
  price_year: 2023
  carbon_year: 2023
storage_values:
  CAES:
    cost: 61.6632
    lifetime: 28.9534
    annual_cost: 2.1297395124579497
    efficiency: 0.611038
    discharge_ratio: 0.1
    depth_of_discharge: 0.4
  Li-ion:
    cost: 148.853
    lifetime: 15.7172
    annual_cost: 9.470707250655334
    efficiency: 0.874831
    discharge_ratio: 2
    depth_of_discharge: 0.9
  Pb-acid:
    cost: 53.223
    lifetime: 11.7564
    annual_cost: 4.52715116872512
    efficiency: 0.698138
    discharge_ratio: 5
    depth_of_discharge: 0.5
  VRBF:
    cost: 211.045
    lifetime: 11.8203
    annual_cost: 17.8544537786689
    efficiency: 0.737209
    discharge_ratio: 0.5
    depth_of_discharge: 1.0
