cost_values:
  wind_capex: 5000.0
  wind_opex: 100
  wind_lifetime: 20
  solar_capex: 1000.0
  solar_opex: 10
  solar_lifetime: 20
  carbon_price: 1.0
timeseries_values:
  load_level: 273741.498817583
  wind_year: 2011
  solar_year: 2014
  price_year: 2023
  carbon_year: 2023
storage_values:
  CAES:
    cost: 42.7327
    lifetime: 28.3234
    annual_cost: 1.5087418883326156
    efficiency: 0.600085
    discharge_ratio: 0.1
    depth_of_discharge: 0.4
  Li-ion:
    cost: 152.009
    lifetime: 15.3858
    annual_cost: 9.879824253532478
    efficiency: 0.881314
    discharge_ratio: 2
    depth_of_discharge: 0.9
  Pb-acid:
    cost: 76.4801
    lifetime: 11.0004
    annual_cost: 6.95248354605287
    efficiency: 0.694834
    discharge_ratio: 5
    depth_of_discharge: 0.5
  VRBF:
    cost: 211.633
    lifetime: 13.5554
    annual_cost: 15.612449651061569
    efficiency: 0.726773
    discharge_ratio: 0.5
    depth_of_discharge: 1.0
