cost_values:
  wind_capex: 5000.0
  wind_opex: 100
  wind_lifetime: 20
  solar_capex: 1000.0
  solar_opex: 10
  solar_lifetime: 20
  carbon_price: 1.0
timeseries_values:
  load_level: 273741.498817583
  wind_year: 2011
  solar_year: 2014
  price_year: 2023
  carbon_year: 2023
storage_values:
  CAES:
    cost: 56.984
    lifetime: 29.2576
    annual_cost: 1.9476648802362464
    efficiency: 0.603692
    discharge_ratio: 0.1
    depth_of_discharge: 0.4
  Li-ion:
    cost: 158.711
    lifetime: 17.5361
    annual_cost: 9.050530049440868
    efficiency: 0.874778
    discharge_ratio: 2
    depth_of_discharge: 0.9
  Pb-acid:
    cost: 81.264
    lifetime: 11.4704
    annual_cost: 7.0846701074068905
    efficiency: 0.689813
    discharge_ratio: 5
    depth_of_discharge: 0.5
  VRBF:
    cost: 190.947
    lifetime: 11.8512
    annual_cost: 16.112039287160794
    efficiency: 0.725625
    discharge_ratio: 0.5
    depth_of_discharge: 1.0
