cost_values:
  wind_capex: 5000.0
  wind_opex: 100
  wind_lifetime: 20
  solar_capex: 1000.0
  solar_opex: 10
  solar_lifetime: 20
  carbon_price: 1.0
timeseries_values:
  load_level: 273741.498817583
  wind_year: 2011
  solar_year: 2014
  price_year: 2023
  carbon_year: 2023
storage_values:
  CAES:
    cost: 52.5139
    lifetime: 29.6162
    annual_cost: 1.7731478042422728
    efficiency: 0.612883
    discharge_ratio: 0.1
    depth_of_discharge: 0.4
  Li-ion:
    cost: 168.813
    lifetime: 14.9241
    annual_cost: 11.311435865479325
    efficiency: 0.89157
    discharge_ratio: 2
    depth_of_discharge: 0.9
  Pb-acid:
    cost: 83.0884
    lifetime: 9.13728
    annual_cost: 9.093340687819568
    efficiency: 0.696199
    discharge_ratio: 5
    depth_of_discharge: 0.5
  VRBF:
    cost: 207.074
    lifetime: 11.7793
    annual_cost: 17.57948265177048
    efficiency: 0.70472
    discharge_ratio: 0.5
    depth_of_discharge: 1.0
