cost_values:
  wind_capex: 5000.0
  wind_opex: 100
  wind_lifetime: 20
  solar_capex: 1000.0
  solar_opex: 10
  solar_lifetime: 20
  carbon_price: 1.0
timeseries_values:
  load_level: 273741.498817583
  wind_year: 2011
  solar_year: 2014
  price_year: 2023
  carbon_year: 2023
storage_values:
  CAES:
    cost: 50.8836
    lifetime: 27.5689
    annual_cost: 1.8456884387842825
    efficiency: 0.59604
    discharge_ratio: 0.1
    depth_of_discharge: 0.4
  Li-ion:
    cost: 159.369
    lifetime: 16.8922
    annual_cost: 9.434472715217675
    efficiency: 0.864789
    discharge_ratio: 2
    depth_of_discharge: 0.9
  Pb-acid:
    cost: 64.6219
    lifetime: 12.2165
    annual_cost: 5.289722915728727
    efficiency: 0.684438
    discharge_ratio: 5
    depth_of_discharge: 0.5
  VRBF:
    cost: 201.072
    lifetime: 14.1019
    annual_cost: 14.258504173196519
    efficiency: 0.730837
    discharge_ratio: 0.5
    depth_of_discharge: 1.0
