cost_values:
  wind_capex: 5000.0
  wind_opex: 100
  wind_lifetime: 20
  solar_capex: 1000.0
  solar_opex: 10
  solar_lifetime: 20
  carbon_price: 1.0
timeseries_values:
  load_level: 273741.498817583
  wind_year: 2011
  solar_year: 2014
  price_year: 2023
  carbon_year: 2023
storage_values:
  CAES:
    cost: 56.0549
    lifetime: 28.4362
    annual_cost: 1.9712514330325432
    efficiency: 0.60942
    discharge_ratio: 0.1
    depth_of_discharge: 0.4
  Li-ion:
    cost: 159.894
    lifetime: 15.2641
    annual_cost: 10.47516722243696
    efficiency: 0.907106
    discharge_ratio: 2
    depth_of_discharge: 0.9
  Pb-acid:
    cost: 73.776
    lifetime: 10.4519
    annual_cost: 7.058620920598169
    efficiency: 0.706994
    discharge_ratio: 5
    depth_of_discharge: 0.5
  VRBF:
    cost: 203.613
    lifetime: 10.0664
    annual_cost: 20.226992768020345
    efficiency: 0.724225
    discharge_ratio: 0.5
    depth_of_discharge: 1.0
