cost_values:
  wind_capex: 5000.0
  wind_opex: 100
  wind_lifetime: 20
  solar_capex: 1000.0
  solar_opex: 10
  solar_lifetime: 20
  carbon_price: 1.0
timeseries_values:
  load_level: 273741.498817583
  wind_year: 2011
  solar_year: 2014
  price_year: 2023
  carbon_year: 2023
storage_values:
  CAES:
    cost: 52.7733
    lifetime: 28.2534
    annual_cost: 1.8678566119475886
    efficiency: 0.600712
    discharge_ratio: 0.1
    depth_of_discharge: 0.4
  Li-ion:
    cost: 167.229
    lifetime: 16.9226
    annual_cost: 9.881992128869088
    efficiency: 0.888534
    discharge_ratio: 2
    depth_of_discharge: 0.9
  Pb-acid:
    cost: 79.9727
    lifetime: 10.3164
    annual_cost: 7.751996820596332
    efficiency: 0.697378
    discharge_ratio: 5
    depth_of_discharge: 0.5
  VRBF:
    cost: 225.039
    lifetime: 13.7524
    annual_cost: 16.363616532387073
    efficiency: 0.718313
    discharge_ratio: 0.5
    depth_of_discharge: 1.0
