cost_values:
  wind_capex: 5000.0
  wind_opex: 100
  wind_lifetime: 20
  solar_capex: 1000.0
  solar_opex: 10
  solar_lifetime: 20
  carbon_price: 1.0
timeseries_values:
  load_level: 273741.498817583
  wind_year: 2011
  solar_year: 2014
  price_year: 2023
  carbon_year: 2023
storage_values:
  CAES:
    cost: 51.3693
    lifetime: 29.2516
    annual_cost: 1.7561193233874388
    efficiency: 0.60188
    discharge_ratio: 0.1
    depth_of_discharge: 0.4
  Li-ion:
    cost: 160.782
    lifetime: 15.5181
    annual_cost: 10.360933361687321
    efficiency: 0.894977
    discharge_ratio: 2
    depth_of_discharge: 0.9
  Pb-acid:
    cost: 64.688
    lifetime: 12.2244
    annual_cost: 5.2917116586499136
    efficiency: 0.693483
    discharge_ratio: 5
    depth_of_discharge: 0.5
  VRBF:
    cost: 232.012
    lifetime: 14.2826
    annual_cost: 16.244381275117977
    efficiency: 0.700576
    discharge_ratio: 0.5
    depth_of_discharge: 1.0
