cost_values:
  wind_capex: 5000.0
  wind_opex: 100
  wind_lifetime: 20
  solar_capex: 1000.0
  solar_opex: 10
  solar_lifetime: 20
  carbon_price: 1.0
timeseries_values:
  load_level: 273741.498817583
  wind_year: 2011
  solar_year: 2014
  price_year: 2023
  carbon_year: 2023
storage_values:
  CAES:
    cost: 61.1665
    lifetime: 27.814
    annual_cost: 2.1991263392536133
    efficiency: 0.613598
    discharge_ratio: 0.1
    depth_of_discharge: 0.4
  Li-ion:
    cost: 150.642
    lifetime: 14.6498
    annual_cost: 10.282870755914756
    efficiency: 0.885121
    discharge_ratio: 2
    depth_of_discharge: 0.9
  Pb-acid:
    cost: 74.4412
    lifetime: 11.0484
    annual_cost: 6.737735780746532
    efficiency: 0.704059
    discharge_ratio: 5
    depth_of_discharge: 0.5
  VRBF:
    cost: 244.729
    lifetime: 13.3634
    annual_cost: 18.313378331861653
    efficiency: 0.737028
    discharge_ratio: 0.5
    depth_of_discharge: 1.0
