cost_values:
  wind_capex: 5000.0
  wind_opex: 100
  wind_lifetime: 20
  solar_capex: 1000.0
  solar_opex: 10
  solar_lifetime: 20
  carbon_price: 1.0
timeseries_values:
  load_level: 273741.498817583
  wind_year: 2011
  solar_year: 2014
  price_year: 2023
  carbon_year: 2023
storage_values:
  CAES:
    cost: 53.3561
    lifetime: 29.1604
    annual_cost: 1.8297451338116075
    efficiency: 0.608321
    discharge_ratio: 0.1
    depth_of_discharge: 0.4
  Li-ion:
    cost: 161.67
    lifetime: 16.784
    annual_cost: 9.632387988560534
    efficiency: 0.875765
    discharge_ratio: 2
    depth_of_discharge: 0.9
  Pb-acid:
    cost: 89.9481
    lifetime: 10.9678
    annual_cost: 8.201106876493006
    efficiency: 0.699979
    discharge_ratio: 5
    depth_of_discharge: 0.5
  VRBF:
    cost: 229.697
    lifetime: 12.9174
    annual_cost: 17.78198399058634
    efficiency: 0.715264
    discharge_ratio: 0.5
    depth_of_discharge: 1.0
