cost_values:
  wind_capex: 5000.0
  wind_opex: 100
  wind_lifetime: 20
  solar_capex: 1000.0
  solar_opex: 10
  solar_lifetime: 20
  carbon_price: 1.0
timeseries_values:
  load_level: 273741.498817583
  wind_year: 2011
  solar_year: 2014
  price_year: 2023
  carbon_year: 2023
storage_values:
  CAES:
    cost: 53.3533
    lifetime: 27.7912
    annual_cost: 1.9197911569129795
    efficiency: 0.612707
    discharge_ratio: 0.1
    depth_of_discharge: 0.4
  Li-ion:
    cost: 163.869
    lifetime: 19.1101
    annual_cost: 8.574994374702383
    efficiency: 0.881813
    discharge_ratio: 2
    depth_of_discharge: 0.9
  Pb-acid:
    cost: 85.4198
    lifetime: 9.99946
    annual_cost: 8.542441291829759
    efficiency: 0.692653
    discharge_ratio: 5
    depth_of_discharge: 0.5
  VRBF:
    cost: 236.046
    lifetime: 12.0186
    annual_cost: 19.64005791023913
    efficiency: 0.72431
    discharge_ratio: 0.5
    depth_of_discharge: 1.0
