cost_values:
  wind_capex: 5000.0
  wind_opex: 100
  wind_lifetime: 20
  solar_capex: 1000.0
  solar_opex: 10
  solar_lifetime: 20
  carbon_price: 1.0
timeseries_values:
  load_level: 273741.498817583
  wind_year: 2011
  solar_year: 2014
  price_year: 2023
  carbon_year: 2023
storage_values:
  CAES:
    cost: 62.6536
    lifetime: 28.5838
    annual_cost: 2.1919268956541815
    efficiency: 0.609205
    discharge_ratio: 0.1
    depth_of_discharge: 0.4
  Li-ion:
    cost: 169.956
    lifetime: 16.0556
    annual_cost: 10.585465507361917
    efficiency: 0.880101
    discharge_ratio: 2
    depth_of_discharge: 0.9
  Pb-acid:
    cost: 69.5201
    lifetime: 9.61089
    annual_cost: 7.233471613971235
    efficiency: 0.710809
    discharge_ratio: 5
    depth_of_discharge: 0.5
  VRBF:
    cost: 219.5
    lifetime: 13.0398
    annual_cost: 16.833080261967208
    efficiency: 0.6921
    discharge_ratio: 0.5
    depth_of_discharge: 1.0
