cost_values:
  wind_capex: 5000.0
  wind_opex: 100
  wind_lifetime: 20
  solar_capex: 1000.0
  solar_opex: 10
  solar_lifetime: 20
  carbon_price: 1.0
timeseries_values:
  load_level: 273741.498817583
  wind_year: 2011
  solar_year: 2014
  price_year: 2023
  carbon_year: 2023
storage_values:
  CAES:
    cost: 58.9665
    lifetime: 29.0075
    annual_cost: 2.0328018615875205
    efficiency: 0.614224
    discharge_ratio: 0.1
    depth_of_discharge: 0.4
  Li-ion:
    cost: 169.506
    lifetime: 18.0093
    annual_cost: 9.412137062517699
    efficiency: 0.888219
    discharge_ratio: 2
    depth_of_discharge: 0.9
  Pb-acid:
    cost: 65.8053
    lifetime: 10.8388
    annual_cost: 6.071271727497509
    efficiency: 0.699997
    discharge_ratio: 5
    depth_of_discharge: 0.5
  VRBF:
    cost: 242.149
    lifetime: 15.1491
    annual_cost: 15.984381910476529
    efficiency: 0.710274
    discharge_ratio: 0.5
    depth_of_discharge: 1.0
