cost_values:
  wind_capex: 5000.0
  wind_opex: 100
  wind_lifetime: 20
  solar_capex: 1000.0
  solar_opex: 10
  solar_lifetime: 20
  carbon_price: 1.0
timeseries_values:
  load_level: 273741.498817583
  wind_year: 2011
  solar_year: 2014
  price_year: 2023
  carbon_year: 2023
storage_values:
  CAES:
    cost: 50.963
    lifetime: 29.7398
    annual_cost: 1.7136295469371012
    efficiency: 0.609478
    discharge_ratio: 0.1
    depth_of_discharge: 0.4
  Li-ion:
    cost: 173.259
    lifetime: 17.3976
    annual_cost: 9.958787418954337
    efficiency: 0.86981
    discharge_ratio: 2
    depth_of_discharge: 0.9
  Pb-acid:
    cost: 66.9186
    lifetime: 12.4418
    annual_cost: 5.378530437718014
    efficiency: 0.699024
    discharge_ratio: 5
    depth_of_discharge: 0.5
  VRBF:
    cost: 228.508
    lifetime: 12.9054
    annual_cost: 17.706386473879153
    efficiency: 0.731997
    discharge_ratio: 0.5
    depth_of_discharge: 1.0
