cost_values:
  wind_capex: 5000.0
  wind_opex: 100
  wind_lifetime: 20
  solar_capex: 1000.0
  solar_opex: 10
  solar_lifetime: 20
  carbon_price: 1.0
timeseries_values:
  load_level: 273741.498817583
  wind_year: 2011
  solar_year: 2014
  price_year: 2023
  carbon_year: 2023
storage_values:
  CAES:
    cost: 53.5799
    lifetime: 28.0566
    annual_cost: 1.909707519799263
    efficiency: 0.607276
    discharge_ratio: 0.1
    depth_of_discharge: 0.4
  Li-ion:
    cost: 168.048
    lifetime: 17.8153
    annual_cost: 9.432790915673607
    efficiency: 0.88952
    discharge_ratio: 2
    depth_of_discharge: 0.9
  Pb-acid:
    cost: 58.0986
    lifetime: 10.7196
    annual_cost: 5.419847755513265
    efficiency: 0.71541
    discharge_ratio: 5
    depth_of_discharge: 0.5
  VRBF:
    cost: 244.009
    lifetime: 13.4589
    annual_cost: 18.12993632466249
    efficiency: 0.701068
    discharge_ratio: 0.5
    depth_of_discharge: 1.0
