cost_values:
  wind_capex: 5000.0
  wind_opex: 100
  wind_lifetime: 20
  solar_capex: 1000.0
  solar_opex: 10
  solar_lifetime: 20
  carbon_price: 1.0
timeseries_values:
  load_level: 273741.498817583
  wind_year: 2011
  solar_year: 2014
  price_year: 2023
  carbon_year: 2023
storage_values:
  CAES:
    cost: 54.7711
    lifetime: 29.9358
    annual_cost: 1.8296187173885448
    efficiency: 0.605914
    discharge_ratio: 0.1
    depth_of_discharge: 0.4
  Li-ion:
    cost: 163.153
    lifetime: 17.4632
    annual_cost: 9.342674882037656
    efficiency: 0.882403
    discharge_ratio: 2
    depth_of_discharge: 0.9
  Pb-acid:
    cost: 57.0193
    lifetime: 11.7693
    annual_cost: 4.84474862566168
    efficiency: 0.696431
    discharge_ratio: 5
    depth_of_discharge: 0.5
  VRBF:
    cost: 205.512
    lifetime: 14.2191
    annual_cost: 14.453235436841995
    efficiency: 0.721128
    discharge_ratio: 0.5
    depth_of_discharge: 1.0
