cost_values:
  wind_capex: 5000.0
  wind_opex: 100
  wind_lifetime: 20
  solar_capex: 1000.0
  solar_opex: 10
  solar_lifetime: 20
  carbon_price: 1.0
timeseries_values:
  load_level: 273741.498817583
  wind_year: 2011
  solar_year: 2014
  price_year: 2023
  carbon_year: 2023
storage_values:
  CAES:
    cost: 53.8534
    lifetime: 28.1084
    annual_cost: 1.9159183731553557
    efficiency: 0.610413
    discharge_ratio: 0.1
    depth_of_discharge: 0.4
  Li-ion:
    cost: 164.269
    lifetime: 17.0053
    annual_cost: 9.659870746179134
    efficiency: 0.876887
    discharge_ratio: 2
    depth_of_discharge: 0.9
  Pb-acid:
    cost: 96.2494
    lifetime: 11.8881
    annual_cost: 8.096281155104684
    efficiency: 0.6887
    discharge_ratio: 5
    depth_of_discharge: 0.5
  VRBF:
    cost: 230.393
    lifetime: 13.0722
    annual_cost: 17.624653845565398
    efficiency: 0.718185
    discharge_ratio: 0.5
    depth_of_discharge: 1.0
