cost_values:
  wind_capex: 5000.0
  wind_opex: 100
  wind_lifetime: 20
  solar_capex: 1000.0
  solar_opex: 10
  solar_lifetime: 20
  carbon_price: 1.0
timeseries_values:
  load_level: 273741.498817583
  wind_year: 2011
  solar_year: 2014
  price_year: 2023
  carbon_year: 2023
storage_values:
  CAES:
    cost: 54.4085
    lifetime: 28.8433
    annual_cost: 1.8863479560244494
    efficiency: 0.605428
    discharge_ratio: 0.1
    depth_of_discharge: 0.4
  Li-ion:
    cost: 164.894
    lifetime: 17.7871
    annual_cost: 9.270426320198347
    efficiency: 0.873049
    discharge_ratio: 2
    depth_of_discharge: 0.9
  Pb-acid:
    cost: 102.737
    lifetime: 12.3064
    annual_cost: 8.348257817070792
    efficiency: 0.70593
    discharge_ratio: 5
    depth_of_discharge: 0.5
  VRBF:
    cost: 221.837
    lifetime: 13.2789
    annual_cost: 16.705977151721903
    efficiency: 0.726597
    discharge_ratio: 0.5
    depth_of_discharge: 1.0
