cost_values:
  wind_capex: 5000.0
  wind_opex: 100
  wind_lifetime: 20
  solar_capex: 1000.0
  solar_opex: 10
  solar_lifetime: 20
  carbon_price: 1.0
timeseries_values:
  load_level: 273741.498817583
  wind_year: 2011
  solar_year: 2014
  price_year: 2023
  carbon_year: 2023
storage_values:
  CAES:
    cost: 61.4841
    lifetime: 27.9545
    annual_cost: 2.199434795828936
    efficiency: 0.612633
    discharge_ratio: 0.1
    depth_of_discharge: 0.4
  Li-ion:
    cost: 130.733
    lifetime: 18.6585
    annual_cost: 7.006618967226733
    efficiency: 0.889661
    discharge_ratio: 2
    depth_of_discharge: 0.9
  Pb-acid:
    cost: 67.8346
    lifetime: 12.1797
    annual_cost: 5.569480364869413
    efficiency: 0.694029
    discharge_ratio: 5
    depth_of_discharge: 0.5
  VRBF:
    cost: 212.16
    lifetime: 14.4254
    annual_cost: 14.707391129535402
    efficiency: 0.724531
    discharge_ratio: 0.5
    depth_of_discharge: 1.0
