cost_values:
  wind_capex: 5000.0
  wind_opex: 100
  wind_lifetime: 20
  solar_capex: 1000.0
  solar_opex: 10
  solar_lifetime: 20
  carbon_price: 1.0
timeseries_values:
  load_level: 273741.498817583
  wind_year: 2011
  solar_year: 2014
  price_year: 2023
  carbon_year: 2023
storage_values:
  CAES:
    cost: 56.5398
    lifetime: 28.8487
    annual_cost: 1.9598734085071423
    efficiency: 0.606363
    discharge_ratio: 0.1
    depth_of_discharge: 0.4
  Li-ion:
    cost: 135.399
    lifetime: 16.5691
    annual_cost: 8.171777585988377
    efficiency: 0.87213
    discharge_ratio: 2
    depth_of_discharge: 0.9
  Pb-acid:
    cost: 85.4535
    lifetime: 10.9081
    annual_cost: 7.833949083708438
    efficiency: 0.693963
    discharge_ratio: 5
    depth_of_discharge: 0.5
  VRBF:
    cost: 254.07
    lifetime: 14.6971
    annual_cost: 17.287083846473113
    efficiency: 0.725351
    discharge_ratio: 0.5
    depth_of_discharge: 1.0
