cost_values:
  wind_capex: 5000.0
  wind_opex: 100
  wind_lifetime: 20
  solar_capex: 1000.0
  solar_opex: 10
  solar_lifetime: 20
  carbon_price: 1.0
timeseries_values:
  load_level: 273741.498817583
  wind_year: 2011
  solar_year: 2014
  price_year: 2023
  carbon_year: 2023
storage_values:
  CAES:
    cost: 53.4918
    lifetime: 29.1892
    annual_cost: 1.8325887657078646
    efficiency: 0.608038
    discharge_ratio: 0.1
    depth_of_discharge: 0.4
  Li-ion:
    cost: 165.207
    lifetime: 17.7755
    annual_cost: 9.294084554583556
    efficiency: 0.871172
    discharge_ratio: 2
    depth_of_discharge: 0.9
  Pb-acid:
    cost: 71.9896
    lifetime: 10.9474
    annual_cost: 6.575954107824688
    efficiency: 0.700783
    discharge_ratio: 5
    depth_of_discharge: 0.5
  VRBF:
    cost: 191.635
    lifetime: 13.607
    annual_cost: 14.083559932387741
    efficiency: 0.722531
    discharge_ratio: 0.5
    depth_of_discharge: 1.0
