cost_values:
  wind_capex: 5000.0
  wind_opex: 100
  wind_lifetime: 20
  solar_capex: 1000.0
  solar_opex: 10
  solar_lifetime: 20
  carbon_price: 1.0
timeseries_values:
  load_level: 273741.498817583
  wind_year: 2011
  solar_year: 2014
  price_year: 2023
  carbon_year: 2023
storage_values:
  CAES:
    cost: 57.9391
    lifetime: 28.8335
    annual_cost: 2.009436939670869
    efficiency: 0.600197
    discharge_ratio: 0.1
    depth_of_discharge: 0.4
  Li-ion:
    cost: 160.904
    lifetime: 15.2739
    annual_cost: 10.534572047741573
    efficiency: 0.881536
    discharge_ratio: 2
    depth_of_discharge: 0.9
  Pb-acid:
    cost: 67.6301
    lifetime: 10.927
    annual_cost: 6.189265123089594
    efficiency: 0.686046
    discharge_ratio: 5
    depth_of_discharge: 0.5
  VRBF:
    cost: 204.24
    lifetime: 14.5316
    annual_cost: 14.054887280134329
    efficiency: 0.722821
    discharge_ratio: 0.5
    depth_of_discharge: 1.0
