cost_values:
  wind_capex: 5000.0
  wind_opex: 100
  wind_lifetime: 20
  solar_capex: 1000.0
  solar_opex: 10
  solar_lifetime: 20
  carbon_price: 1.0
timeseries_values:
  load_level: 273741.498817583
  wind_year: 2011
  solar_year: 2014
  price_year: 2023
  carbon_year: 2023
storage_values:
  CAES:
    cost: 57.8913
    lifetime: 29.279
    annual_cost: 1.977229413572868
    efficiency: 0.610542
    discharge_ratio: 0.1
    depth_of_discharge: 0.4
  Li-ion:
    cost: 152.054
    lifetime: 17.623
    annual_cost: 8.628156386540317
    efficiency: 0.875505
    discharge_ratio: 2
    depth_of_discharge: 0.9
  Pb-acid:
    cost: 55.7845
    lifetime: 9.88285
    annual_cost: 5.6445762103037085
    efficiency: 0.697225
    discharge_ratio: 5
    depth_of_discharge: 0.5
  VRBF:
    cost: 227.908
    lifetime: 13.7166
    annual_cost: 16.615487803099892
    efficiency: 0.738341
    discharge_ratio: 0.5
    depth_of_discharge: 1.0
