cost_values:
  wind_capex: 5000.0
  wind_opex: 100
  wind_lifetime: 20
  solar_capex: 1000.0
  solar_opex: 10
  solar_lifetime: 20
  carbon_price: 1.0
timeseries_values:
  load_level: 273741.498817583
  wind_year: 2011
  solar_year: 2014
  price_year: 2023
  carbon_year: 2023
storage_values:
  CAES:
    cost: 55.0787
    lifetime: 29.076
    annual_cost: 1.8943011418351905
    efficiency: 0.600066
    discharge_ratio: 0.1
    depth_of_discharge: 0.4
  Li-ion:
    cost: 134.923
    lifetime: 17.6046
    annual_cost: 7.664076434568237
    efficiency: 0.889768
    discharge_ratio: 2
    depth_of_discharge: 0.9
  Pb-acid:
    cost: 77.9315
    lifetime: 9.9698
    annual_cost: 7.81675660494694
    efficiency: 0.718175
    discharge_ratio: 5
    depth_of_discharge: 0.5
  VRBF:
    cost: 235.196
    lifetime: 14.4166
    annual_cost: 16.314248852017812
    efficiency: 0.739705
    discharge_ratio: 0.5
    depth_of_discharge: 1.0
