cost_values:
  wind_capex: 5000.0
  wind_opex: 100
  wind_lifetime: 20
  solar_capex: 1000.0
  solar_opex: 10
  solar_lifetime: 20
  carbon_price: 1.0
timeseries_values:
  load_level: 273741.498817583
  wind_year: 2011
  solar_year: 2014
  price_year: 2023
  carbon_year: 2023
storage_values:
  CAES:
    cost: 65.1594
    lifetime: 28.3218
    annual_cost: 2.3006800415227846
    efficiency: 0.609685
    discharge_ratio: 0.1
    depth_of_discharge: 0.4
  Li-ion:
    cost: 168.689
    lifetime: 16.631
    annual_cost: 10.143046118694004
    efficiency: 0.895662
    discharge_ratio: 2
    depth_of_discharge: 0.9
  Pb-acid:
    cost: 73.9764
    lifetime: 11.2532
    annual_cost: 6.573810116233605
    efficiency: 0.71018
    discharge_ratio: 5
    depth_of_discharge: 0.5
  VRBF:
    cost: 224.592
    lifetime: 12.1835
    annual_cost: 18.43411170845816
    efficiency: 0.69989
    discharge_ratio: 0.5
    depth_of_discharge: 1.0
