cost_values:
  wind_capex: 5000.0
  wind_opex: 100
  wind_lifetime: 20
  solar_capex: 1000.0
  solar_opex: 10
  solar_lifetime: 20
  carbon_price: 1.0
timeseries_values:
  load_level: 273741.498817583
  wind_year: 2011
  solar_year: 2014
  price_year: 2023
  carbon_year: 2023
storage_values:
  CAES:
    cost: 55.4854
    lifetime: 28.2159
    annual_cost: 1.9664586279367307
    efficiency: 0.613308
    discharge_ratio: 0.1
    depth_of_discharge: 0.4
  Li-ion:
    cost: 153.745
    lifetime: 18.5458
    annual_cost: 8.290017146739423
    efficiency: 0.883075
    discharge_ratio: 2
    depth_of_discharge: 0.9
  Pb-acid:
    cost: 64.4163
    lifetime: 12.8438
    annual_cost: 5.015361497376166
    efficiency: 0.689443
    discharge_ratio: 5
    depth_of_discharge: 0.5
  VRBF:
    cost: 271.558
    lifetime: 13.6597
    annual_cost: 19.880231630270064
    efficiency: 0.706365
    discharge_ratio: 0.5
    depth_of_discharge: 1.0
