cost_values:
  wind_capex: 5000.0
  wind_opex: 100
  wind_lifetime: 20
  solar_capex: 1000.0
  solar_opex: 10
  solar_lifetime: 20
  carbon_price: 1.0
timeseries_values:
  load_level: 273741.498817583
  wind_year: 2011
  solar_year: 2014
  price_year: 2023
  carbon_year: 2023
storage_values:
  CAES:
    cost: 56.4021
    lifetime: 29.5982
    annual_cost: 1.9055922319600516
    efficiency: 0.616802
    discharge_ratio: 0.1
    depth_of_discharge: 0.4
  Li-ion:
    cost: 142.038
    lifetime: 17.0413
    annual_cost: 8.334927499662586
    efficiency: 0.858743
    discharge_ratio: 2
    depth_of_discharge: 0.9
  Pb-acid:
    cost: 96.0313
    lifetime: 10.5193
    annual_cost: 9.129058017168443
    efficiency: 0.696445
    discharge_ratio: 5
    depth_of_discharge: 0.5
  VRBF:
    cost: 197.799
    lifetime: 16.5037
    annual_cost: 11.985130607075991
    efficiency: 0.724309
    discharge_ratio: 0.5
    depth_of_discharge: 1.0
