cost_values:
  wind_capex: 5000.0
  wind_opex: 100
  wind_lifetime: 20
  solar_capex: 1000.0
  solar_opex: 10
  solar_lifetime: 20
  carbon_price: 1.0
timeseries_values:
  load_level: 273741.498817583
  wind_year: 2011
  solar_year: 2014
  price_year: 2023
  carbon_year: 2023
storage_values:
  CAES:
    cost: 55.1177
    lifetime: 29.0897
    annual_cost: 1.8947496880339088
    efficiency: 0.599934
    discharge_ratio: 0.1
    depth_of_discharge: 0.4
  Li-ion:
    cost: 172.267
    lifetime: 15.4676
    annual_cost: 11.137280508934806
    efficiency: 0.879979
    discharge_ratio: 2
    depth_of_discharge: 0.9
  Pb-acid:
    cost: 92.3033
    lifetime: 8.59184
    annual_cost: 10.743135347026946
    efficiency: 0.703905
    discharge_ratio: 5
    depth_of_discharge: 0.5
  VRBF:
    cost: 258.357
    lifetime: 11.7707
    annual_cost: 21.94916190201093
    efficiency: 0.741336
    discharge_ratio: 0.5
    depth_of_discharge: 1.0
