cost_values:
  wind_capex: 5000.0
  wind_opex: 100
  wind_lifetime: 20
  solar_capex: 1000.0
  solar_opex: 10
  solar_lifetime: 20
  carbon_price: 1.0
timeseries_values:
  load_level: 273741.498817583
  wind_year: 2011
  solar_year: 2014
  price_year: 2023
  carbon_year: 2023
storage_values:
  CAES:
    cost: 48.3393
    lifetime: 29.7318
    annual_cost: 1.625845054789821
    efficiency: 0.615698
    discharge_ratio: 0.1
    depth_of_discharge: 0.4
  Li-ion:
    cost: 159.083
    lifetime: 16.0652
    annual_cost: 9.902335482907153
    efficiency: 0.875717
    discharge_ratio: 2
    depth_of_discharge: 0.9
  Pb-acid:
    cost: 76.4065
    lifetime: 11.7386
    annual_cost: 6.508995962039766
    efficiency: 0.692998
    discharge_ratio: 5
    depth_of_discharge: 0.5
  VRBF:
    cost: 210.25
    lifetime: 13.7106
    annual_cost: 15.33485040771374
    efficiency: 0.735759
    discharge_ratio: 0.5
    depth_of_discharge: 1.0
