cost_values:
  wind_capex: 5000.0
  wind_opex: 100
  wind_lifetime: 20
  solar_capex: 1000.0
  solar_opex: 10
  solar_lifetime: 20
  carbon_price: 1.0
timeseries_values:
  load_level: 273741.498817583
  wind_year: 2011
  solar_year: 2014
  price_year: 2023
  carbon_year: 2023
storage_values:
  CAES:
    cost: 63.3578
    lifetime: 29.4014
    annual_cost: 2.1549245954274285
    efficiency: 0.611677
    discharge_ratio: 0.1
    depth_of_discharge: 0.4
  Li-ion:
    cost: 172.425
    lifetime: 14.986
    annual_cost: 11.505738689443481
    efficiency: 0.873393
    discharge_ratio: 2
    depth_of_discharge: 0.9
  Pb-acid:
    cost: 80.8961
    lifetime: 13.1166
    annual_cost: 6.167459555067625
    efficiency: 0.695627
    discharge_ratio: 5
    depth_of_discharge: 0.5
  VRBF:
    cost: 232.314
    lifetime: 11.2673
    annual_cost: 20.618426774826265
    efficiency: 0.707282
    discharge_ratio: 0.5
    depth_of_discharge: 1.0
