cost_values:
  wind_capex: 5000.0
  wind_opex: 100
  wind_lifetime: 20
  solar_capex: 1000.0
  solar_opex: 10
  solar_lifetime: 20
  carbon_price: 1.0
timeseries_values:
  load_level: 273741.498817583
  wind_year: 2011
  solar_year: 2014
  price_year: 2023
  carbon_year: 2023
storage_values:
  CAES:
    cost: 46.6011
    lifetime: 28.1828
    annual_cost: 1.6535298125097577
    efficiency: 0.597572
    discharge_ratio: 0.1
    depth_of_discharge: 0.4
  Li-ion:
    cost: 156.44
    lifetime: 17.9207
    annual_cost: 8.729569715468704
    efficiency: 0.882685
    discharge_ratio: 2
    depth_of_discharge: 0.9
  Pb-acid:
    cost: 72.0989
    lifetime: 11.9694
    annual_cost: 6.023601851387705
    efficiency: 0.698419
    discharge_ratio: 5
    depth_of_discharge: 0.5
  VRBF:
    cost: 214.21
    lifetime: 12.3444
    annual_cost: 17.35280775088299
    efficiency: 0.737456
    discharge_ratio: 0.5
    depth_of_discharge: 1.0
