cost_values:
  wind_capex: 5000.0
  wind_opex: 100
  wind_lifetime: 20
  solar_capex: 1000.0
  solar_opex: 10
  solar_lifetime: 20
  carbon_price: 1.0
timeseries_values:
  load_level: 273741.498817583
  wind_year: 2011
  solar_year: 2014
  price_year: 2023
  carbon_year: 2023
storage_values:
  CAES:
    cost: 57.0268
    lifetime: 29.6077
    annual_cost: 1.9260800399895972
    efficiency: 0.615317
    discharge_ratio: 0.1
    depth_of_discharge: 0.4
  Li-ion:
    cost: 158.977
    lifetime: 17.3129
    annual_cost: 9.182574843036118
    efficiency: 0.884353
    discharge_ratio: 2
    depth_of_discharge: 0.9
  Pb-acid:
    cost: 60.0099
    lifetime: 11.5107
    annual_cost: 5.213401443873961
    efficiency: 0.702501
    discharge_ratio: 5
    depth_of_discharge: 0.5
  VRBF:
    cost: 228.272
    lifetime: 14.054
    annual_cost: 16.242493240358616
    efficiency: 0.720896
    discharge_ratio: 0.5
    depth_of_discharge: 1.0
