cost_values:
  wind_capex: 5000.0
  wind_opex: 100
  wind_lifetime: 20
  solar_capex: 1000.0
  solar_opex: 10
  solar_lifetime: 20
  carbon_price: 1.0
timeseries_values:
  load_level: 273741.498817583
  wind_year: 2011
  solar_year: 2014
  price_year: 2023
  carbon_year: 2023
storage_values:
  CAES:
    cost: 55.5566
    lifetime: 29.4809
    annual_cost: 1.8844947067423317
    efficiency: 0.602552
    discharge_ratio: 0.1
    depth_of_discharge: 0.4
  Li-ion:
    cost: 166.291
    lifetime: 17.4807
    annual_cost: 9.512834154238675
    efficiency: 0.873235
    discharge_ratio: 2
    depth_of_discharge: 0.9
  Pb-acid:
    cost: 89.7254
    lifetime: 13.098
    annual_cost: 6.850313024889295
    efficiency: 0.698975
    discharge_ratio: 5
    depth_of_discharge: 0.5
  VRBF:
    cost: 220.997
    lifetime: 12.8784
    annual_cost: 17.160283886197046
    efficiency: 0.719986
    discharge_ratio: 0.5
    depth_of_discharge: 1.0
