cost_values:
  wind_capex: 5000.0
  wind_opex: 100
  wind_lifetime: 20
  solar_capex: 1000.0
  solar_opex: 10
  solar_lifetime: 20
  carbon_price: 1.0
timeseries_values:
  load_level: 273741.498817583
  wind_year: 2011
  solar_year: 2014
  price_year: 2023
  carbon_year: 2023
storage_values:
  CAES:
    cost: 56.0804
    lifetime: 29.7092
    annual_cost: 1.887644231416531
    efficiency: 0.606706
    discharge_ratio: 0.1
    depth_of_discharge: 0.4
  Li-ion:
    cost: 166.226
    lifetime: 16.5852
    annual_cost: 10.022550225502254
    efficiency: 0.878651
    discharge_ratio: 2
    depth_of_discharge: 0.9
  Pb-acid:
    cost: 87.863
    lifetime: 11.7768
    annual_cost: 7.460685415392976
    efficiency: 0.702959
    discharge_ratio: 5
    depth_of_discharge: 0.5
  VRBF:
    cost: 172.87
    lifetime: 15.4441
    annual_cost: 11.193271216840088
    efficiency: 0.727254
    discharge_ratio: 0.5
    depth_of_discharge: 1.0
