cost_values:
  wind_capex: 5000.0
  wind_opex: 100
  wind_lifetime: 20
  solar_capex: 1000.0
  solar_opex: 10
  solar_lifetime: 20
  carbon_price: 1.0
timeseries_values:
  load_level: 273741.498817583
  wind_year: 2011
  solar_year: 2014
  price_year: 2023
  carbon_year: 2023
storage_values:
  CAES:
    cost: 54.2335
    lifetime: 29.5923
    annual_cost: 1.832689584790638
    efficiency: 0.599896
    discharge_ratio: 0.1
    depth_of_discharge: 0.4
  Li-ion:
    cost: 174.78
    lifetime: 16.1126
    annual_cost: 10.847411342675917
    efficiency: 0.874876
    discharge_ratio: 2
    depth_of_discharge: 0.9
  Pb-acid:
    cost: 55.4726
    lifetime: 10.1366
    annual_cost: 5.472505573861058
    efficiency: 0.678662
    discharge_ratio: 5
    depth_of_discharge: 0.5
  VRBF:
    cost: 210.446
    lifetime: 12.646
    annual_cost: 16.641309504981812
    efficiency: 0.706308
    discharge_ratio: 0.5
    depth_of_discharge: 1.0
