cost_values:
  wind_capex: 5000.0
  wind_opex: 100
  wind_lifetime: 20
  solar_capex: 1000.0
  solar_opex: 10
  solar_lifetime: 20
  carbon_price: 1.0
timeseries_values:
  load_level: 273741.498817583
  wind_year: 2011
  solar_year: 2014
  price_year: 2023
  carbon_year: 2023
storage_values:
  CAES:
    cost: 57.1216
    lifetime: 28.8774
    annual_cost: 1.9780728181900031
    efficiency: 0.607423
    discharge_ratio: 0.1
    depth_of_discharge: 0.4
  Li-ion:
    cost: 190.419
    lifetime: 18.2676
    annual_cost: 10.42386520396768
    efficiency: 0.87197
    discharge_ratio: 2
    depth_of_discharge: 0.9
  Pb-acid:
    cost: 73.388
    lifetime: 11.3398
    annual_cost: 6.471719077937883
    efficiency: 0.720509
    discharge_ratio: 5
    depth_of_discharge: 0.5
  VRBF:
    cost: 194.321
    lifetime: 12.7006
    annual_cost: 15.30014330031652
    efficiency: 0.709231
    discharge_ratio: 0.5
    depth_of_discharge: 1.0
