cost_values:
  wind_capex: 5000.0
  wind_opex: 100
  wind_lifetime: 20
  solar_capex: 1000.0
  solar_opex: 10
  solar_lifetime: 20
  carbon_price: 1.0
timeseries_values:
  load_level: 273741.498817583
  wind_year: 2011
  solar_year: 2014
  price_year: 2023
  carbon_year: 2023
storage_values:
  CAES:
    cost: 52.5769
    lifetime: 28.5889
    annual_cost: 1.839066910584178
    efficiency: 0.607085
    discharge_ratio: 0.1
    depth_of_discharge: 0.4
  Li-ion:
    cost: 169.623
    lifetime: 16.9096
    annual_cost: 10.031165728343662
    efficiency: 0.890416
    discharge_ratio: 2
    depth_of_discharge: 0.9
  Pb-acid:
    cost: 66.4021
    lifetime: 11.9114
    annual_cost: 5.574667965142637
    efficiency: 0.688623
    discharge_ratio: 5
    depth_of_discharge: 0.5
  VRBF:
    cost: 220.71
    lifetime: 13.8665
    annual_cost: 15.916777845887571
    efficiency: 0.734623
    discharge_ratio: 0.5
    depth_of_discharge: 1.0
