cost_values:
  wind_capex: 5000.0
  wind_opex: 100
  wind_lifetime: 20
  solar_capex: 1000.0
  solar_opex: 10
  solar_lifetime: 20
  carbon_price: 1.0
timeseries_values:
  load_level: 273741.498817583
  wind_year: 2011
  solar_year: 2014
  price_year: 2023
  carbon_year: 2023
storage_values:
  CAES:
    cost: 55.1528
    lifetime: 28.9559
    annual_cost: 1.9047171733567252
    efficiency: 0.595434
    discharge_ratio: 0.1
    depth_of_discharge: 0.4
  Li-ion:
    cost: 153.106
    lifetime: 18.9884
    annual_cost: 8.063133281371785
    efficiency: 0.872111
    discharge_ratio: 2
    depth_of_discharge: 0.9
  Pb-acid:
    cost: 78.9648
    lifetime: 10.3818
    annual_cost: 7.60607987054268
    efficiency: 0.701005
    discharge_ratio: 5
    depth_of_discharge: 0.5
  VRBF:
    cost: 231.163
    lifetime: 14.4121
    annual_cost: 16.039508468578486
    efficiency: 0.721331
    discharge_ratio: 0.5
    depth_of_discharge: 1.0
