cost_values:
  wind_capex: 5000.0
  wind_opex: 100
  wind_lifetime: 20
  solar_capex: 1000.0
  solar_opex: 10
  solar_lifetime: 20
  carbon_price: 1.0
timeseries_values:
  load_level: 273741.498817583
  wind_year: 2011
  solar_year: 2014
  price_year: 2023
  carbon_year: 2023
storage_values:
  CAES:
    cost: 58.5266
    lifetime: 29.2915
    annual_cost: 1.9980745267398394
    efficiency: 0.606822
    discharge_ratio: 0.1
    depth_of_discharge: 0.4
  Li-ion:
    cost: 158.415
    lifetime: 19.2633
    annual_cost: 8.223668841787232
    efficiency: 0.881587
    discharge_ratio: 2
    depth_of_discharge: 0.9
  Pb-acid:
    cost: 76.6172
    lifetime: 11.466
    annual_cost: 6.682121053549625
    efficiency: 0.699263
    discharge_ratio: 5
    depth_of_discharge: 0.5
  VRBF:
    cost: 225.879
    lifetime: 13.9024
    annual_cost: 16.24748244907354
    efficiency: 0.723478
    discharge_ratio: 0.5
    depth_of_discharge: 1.0
