cost_values:
  wind_capex: 5000.0
  wind_opex: 100
  wind_lifetime: 20
  solar_capex: 1000.0
  solar_opex: 10
  solar_lifetime: 20
  carbon_price: 1.0
timeseries_values:
  load_level: 273741.498817583
  wind_year: 2011
  solar_year: 2014
  price_year: 2023
  carbon_year: 2023
storage_values:
  CAES:
    cost: 56.6664
    lifetime: 29.1903
    annual_cost: 1.9412750125897986
    efficiency: 0.60529
    discharge_ratio: 0.1
    depth_of_discharge: 0.4
  Li-ion:
    cost: 165.884
    lifetime: 15.7058
    annual_cost: 10.561958002776043
    efficiency: 0.892792
    discharge_ratio: 2
    depth_of_discharge: 0.9
  Pb-acid:
    cost: 70.6291
    lifetime: 10.2534
    annual_cost: 6.888358983361616
    efficiency: 0.692996
    discharge_ratio: 5
    depth_of_discharge: 0.5
  VRBF:
    cost: 228.975
    lifetime: 11.8206
    annual_cost: 19.370844119587836
    efficiency: 0.712899
    discharge_ratio: 0.5
    depth_of_discharge: 1.0
