cost_values:
  wind_capex: 5000.0
  wind_opex: 100
  wind_lifetime: 20
  solar_capex: 1000.0
  solar_opex: 10
  solar_lifetime: 20
  carbon_price: 1.0
timeseries_values:
  load_level: 273741.498817583
  wind_year: 2011
  solar_year: 2014
  price_year: 2023
  carbon_year: 2023
storage_values:
  CAES:
    cost: 53.0516
    lifetime: 29.1802
    annual_cost: 1.8180684162548577
    efficiency: 0.602661
    discharge_ratio: 0.1
    depth_of_discharge: 0.4
  Li-ion:
    cost: 163.093
    lifetime: 17.0754
    annual_cost: 9.551342867517013
    efficiency: 0.874964
    discharge_ratio: 2
    depth_of_discharge: 0.9
  Pb-acid:
    cost: 92.0597
    lifetime: 11.2968
    annual_cost: 8.149183839671412
    efficiency: 0.686055
    discharge_ratio: 5
    depth_of_discharge: 0.5
  VRBF:
    cost: 248.29
    lifetime: 12.1435
    annual_cost: 20.4463293119776
    efficiency: 0.711315
    discharge_ratio: 0.5
    depth_of_discharge: 1.0
