cost_values:
  wind_capex: 5000.0
  wind_opex: 100
  wind_lifetime: 20
  solar_capex: 1000.0
  solar_opex: 10
  solar_lifetime: 20
  carbon_price: 1.0
timeseries_values:
  load_level: 273741.498817583
  wind_year: 2011
  solar_year: 2014
  price_year: 2023
  carbon_year: 2023
storage_values:
  CAES:
    cost: 48.3112
    lifetime: 29.2031
    annual_cost: 1.6543175210850902
    efficiency: 0.602095
    discharge_ratio: 0.1
    depth_of_discharge: 0.4
  Li-ion:
    cost: 160.554
    lifetime: 16.9029
    annual_cost: 9.498606747954494
    efficiency: 0.89168
    discharge_ratio: 2
    depth_of_discharge: 0.9
  Pb-acid:
    cost: 72.9664
    lifetime: 10.6972
    annual_cost: 6.8210746737464
    efficiency: 0.693564
    discharge_ratio: 5
    depth_of_discharge: 0.5
  VRBF:
    cost: 213.847
    lifetime: 12.3759
    annual_cost: 17.279308979548965
    efficiency: 0.725509
    discharge_ratio: 0.5
    depth_of_discharge: 1.0
