cost_values:
  wind_capex: 5000.0
  wind_opex: 100
  wind_lifetime: 20
  solar_capex: 1000.0
  solar_opex: 10
  solar_lifetime: 20
  carbon_price: 1.0
timeseries_values:
  load_level: 273741.498817583
  wind_year: 2011
  solar_year: 2014
  price_year: 2023
  carbon_year: 2023
storage_values:
  CAES:
    cost: 50.1668
    lifetime: 29.9135
    annual_cost: 1.6770621959984624
    efficiency: 0.603241
    discharge_ratio: 0.1
    depth_of_discharge: 0.4
  Li-ion:
    cost: 173.659
    lifetime: 17.7062
    annual_cost: 9.807807434683896
    efficiency: 0.897264
    discharge_ratio: 2
    depth_of_discharge: 0.9
  Pb-acid:
    cost: 98.022
    lifetime: 10.5124
    annual_cost: 9.32441687911419
    efficiency: 0.713705
    discharge_ratio: 5
    depth_of_discharge: 0.5
  VRBF:
    cost: 219.588
    lifetime: 12.9648
    annual_cost: 16.937245464642725
    efficiency: 0.721447
    discharge_ratio: 0.5
    depth_of_discharge: 1.0
