cost_values:
  wind_capex: 5000.0
  wind_opex: 100
  wind_lifetime: 20
  solar_capex: 1000.0
  solar_opex: 10
  solar_lifetime: 20
  carbon_price: 1.0
timeseries_values:
  load_level: 273741.498817583
  wind_year: 2011
  solar_year: 2014
  price_year: 2023
  carbon_year: 2023
storage_values:
  CAES:
    cost: 55.0548
    lifetime: 29.3583
    annual_cost: 1.875272069568061
    efficiency: 0.59805
    discharge_ratio: 0.1
    depth_of_discharge: 0.4
  Li-ion:
    cost: 170.682
    lifetime: 15.4136
    annual_cost: 11.073467587065966
    efficiency: 0.883477
    discharge_ratio: 2
    depth_of_discharge: 0.9
  Pb-acid:
    cost: 89.4596
    lifetime: 10.2433
    annual_cost: 8.733474563861256
    efficiency: 0.689464
    discharge_ratio: 5
    depth_of_discharge: 0.5
  VRBF:
    cost: 222.082
    lifetime: 12.2865
    annual_cost: 18.075285882879584
    efficiency: 0.725836
    discharge_ratio: 0.5
    depth_of_discharge: 1.0
