cost_values:
  wind_capex: 5000.0
  wind_opex: 100
  wind_lifetime: 20
  solar_capex: 1000.0
  solar_opex: 10
  solar_lifetime: 20
  carbon_price: 1.0
timeseries_values:
  load_level: 273741.498817583
  wind_year: 2011
  solar_year: 2014
  price_year: 2023
  carbon_year: 2023
storage_values:
  CAES:
    cost: 50.6934
    lifetime: 29.8509
    annual_cost: 1.698220154166206
    efficiency: 0.611298
    discharge_ratio: 0.1
    depth_of_discharge: 0.4
  Li-ion:
    cost: 166.47
    lifetime: 18.4664
    annual_cost: 9.014751115539575
    efficiency: 0.889625
    discharge_ratio: 2
    depth_of_discharge: 0.9
  Pb-acid:
    cost: 82.1935
    lifetime: 10.0996
    annual_cost: 8.138292605647749
    efficiency: 0.712202
    discharge_ratio: 5
    depth_of_discharge: 0.5
  VRBF:
    cost: 240.992
    lifetime: 16.2221
    annual_cost: 14.855783160010109
    efficiency: 0.721372
    discharge_ratio: 0.5
    depth_of_discharge: 1.0
