cost_values:
  wind_capex: 5000.0
  wind_opex: 100
  wind_lifetime: 20
  solar_capex: 1000.0
  solar_opex: 10
  solar_lifetime: 20
  carbon_price: 1.0
timeseries_values:
  load_level: 273741.498817583
  wind_year: 2011
  solar_year: 2014
  price_year: 2023
  carbon_year: 2023
storage_values:
  CAES:
    cost: 46.9672
    lifetime: 28.6946
    annual_cost: 1.636795773420783
    efficiency: 0.616859
    discharge_ratio: 0.1
    depth_of_discharge: 0.4
  Li-ion:
    cost: 187.02
    lifetime: 14.9895
    annual_cost: 12.47673371359952
    efficiency: 0.872501
    discharge_ratio: 2
    depth_of_discharge: 0.9
  Pb-acid:
    cost: 66.7707
    lifetime: 11.5342
    annual_cost: 5.7889320455688305
    efficiency: 0.697122
    discharge_ratio: 5
    depth_of_discharge: 0.5
  VRBF:
    cost: 228.319
    lifetime: 12.4081
    annual_cost: 18.400802701461142
    efficiency: 0.748592
    discharge_ratio: 0.5
    depth_of_discharge: 1.0
