cost_values:
  wind_capex: 5000.0
  wind_opex: 100
  wind_lifetime: 20
  solar_capex: 1000.0
  solar_opex: 10
  solar_lifetime: 20
  carbon_price: 1.0
timeseries_values:
  load_level: 273741.498817583
  wind_year: 2011
  solar_year: 2014
  price_year: 2023
  carbon_year: 2023
storage_values:
  CAES:
    cost: 46.2815
    lifetime: 28.5378
    annual_cost: 1.621761313065478
    efficiency: 0.595994
    discharge_ratio: 0.1
    depth_of_discharge: 0.4
  Li-ion:
    cost: 141.63
    lifetime: 16.7151
    annual_cost: 8.473176947789723
    efficiency: 0.877524
    discharge_ratio: 2
    depth_of_discharge: 0.9
  Pb-acid:
    cost: 86.6052
    lifetime: 11.7621
    annual_cost: 7.363072920651924
    efficiency: 0.687376
    discharge_ratio: 5
    depth_of_discharge: 0.5
  VRBF:
    cost: 234.964
    lifetime: 13.2803
    annual_cost: 17.69267260528753
    efficiency: 0.700136
    discharge_ratio: 0.5
    depth_of_discharge: 1.0
