cost_values:
  wind_capex: 5000.0
  wind_opex: 100
  wind_lifetime: 20
  solar_capex: 1000.0
  solar_opex: 10
  solar_lifetime: 20
  carbon_price: 1.0
timeseries_values:
  load_level: 273741.498817583
  wind_year: 2011
  solar_year: 2014
  price_year: 2023
  carbon_year: 2023
storage_values:
  CAES:
    cost: 52.9744
    lifetime: 28.6637
    annual_cost: 1.8481354465752853
    efficiency: 0.609179
    discharge_ratio: 0.1
    depth_of_discharge: 0.4
  Li-ion:
    cost: 153.664
    lifetime: 15.1402
    annual_cost: 10.149403574589503
    efficiency: 0.891822
    discharge_ratio: 2
    depth_of_discharge: 0.9
  Pb-acid:
    cost: 113.478
    lifetime: 11.7963
    annual_cost: 9.619796037740647
    efficiency: 0.693893
    discharge_ratio: 5
    depth_of_discharge: 0.5
  VRBF:
    cost: 248.997
    lifetime: 10.1765
    annual_cost: 24.467842578489655
    efficiency: 0.713132
    discharge_ratio: 0.5
    depth_of_discharge: 1.0
