cost_values:
  wind_capex: 5000.0
  wind_opex: 100
  wind_lifetime: 20
  solar_capex: 1000.0
  solar_opex: 10
  solar_lifetime: 20
  carbon_price: 1.0
timeseries_values:
  load_level: 273741.498817583
  wind_year: 2011
  solar_year: 2014
  price_year: 2023
  carbon_year: 2023
storage_values:
  CAES:
    cost: 59.8729
    lifetime: 28.9442
    annual_cost: 2.068562959072975
    efficiency: 0.604156
    discharge_ratio: 0.1
    depth_of_discharge: 0.4
  Li-ion:
    cost: 154.598
    lifetime: 18.0123
    annual_cost: 8.582912787373074
    efficiency: 0.873402
    discharge_ratio: 2
    depth_of_discharge: 0.9
  Pb-acid:
    cost: 68.5112
    lifetime: 12.3403
    annual_cost: 5.551826130645122
    efficiency: 0.712171
    discharge_ratio: 5
    depth_of_discharge: 0.5
  VRBF:
    cost: 217.388
    lifetime: 14.2679
    annual_cost: 15.236159490885136
    efficiency: 0.714132
    discharge_ratio: 0.5
    depth_of_discharge: 1.0
