cost_values:
  wind_capex: 5000.0
  wind_opex: 100
  wind_lifetime: 20
  solar_capex: 1000.0
  solar_opex: 10
  solar_lifetime: 20
  carbon_price: 1.0
timeseries_values:
  load_level: 273741.498817583
  wind_year: 2011
  solar_year: 2014
  price_year: 2023
  carbon_year: 2023
storage_values:
  CAES:
    cost: 60.6074
    lifetime: 28.9008
    annual_cost: 2.0970838177489894
    efficiency: 0.610734
    discharge_ratio: 0.1
    depth_of_discharge: 0.4
  Li-ion:
    cost: 163.855
    lifetime: 17.4895
    annual_cost: 9.368764115612224
    efficiency: 0.87766
    discharge_ratio: 2
    depth_of_discharge: 0.9
  Pb-acid:
    cost: 64.6599
    lifetime: 10.8454
    annual_cost: 5.961965441569697
    efficiency: 0.696608
    discharge_ratio: 5
    depth_of_discharge: 0.5
  VRBF:
    cost: 219.505
    lifetime: 15.1926
    annual_cost: 14.448152389979331
    efficiency: 0.703866
    discharge_ratio: 0.5
    depth_of_discharge: 1.0
