cost_values:
  wind_capex: 5000.0
  wind_opex: 100
  wind_lifetime: 20
  solar_capex: 1000.0
  solar_opex: 10
  solar_lifetime: 20
  carbon_price: 1.0
timeseries_values:
  load_level: 273741.498817583
  wind_year: 2011
  solar_year: 2014
  price_year: 2023
  carbon_year: 2023
storage_values:
  CAES:
    cost: 57.385
    lifetime: 28.7097
    annual_cost: 1.9988017986952142
    efficiency: 0.601478
    discharge_ratio: 0.1
    depth_of_discharge: 0.4
  Li-ion:
    cost: 157.44
    lifetime: 16.6253
    annual_cost: 9.469904302478753
    efficiency: 0.882473
    discharge_ratio: 2
    depth_of_discharge: 0.9
  Pb-acid:
    cost: 79.2952
    lifetime: 10.6396
    annual_cost: 7.452836572803489
    efficiency: 0.708735
    discharge_ratio: 5
    depth_of_discharge: 0.5
  VRBF:
    cost: 177.269
    lifetime: 12.73
    annual_cost: 13.925294579732915
    efficiency: 0.717866
    discharge_ratio: 0.5
    depth_of_discharge: 1.0
