cost_values:
  wind_capex: 5000.0
  wind_opex: 100
  wind_lifetime: 20
  solar_capex: 1000.0
  solar_opex: 10
  solar_lifetime: 20
  carbon_price: 1.0
timeseries_values:
  load_level: 273741.498817583
  wind_year: 2011
  solar_year: 2014
  price_year: 2023
  carbon_year: 2023
storage_values:
  CAES:
    cost: 51.9976
    lifetime: 28.9374
    annual_cost: 1.7968995141235908
    efficiency: 0.603472
    discharge_ratio: 0.1
    depth_of_discharge: 0.4
  Li-ion:
    cost: 151.075
    lifetime: 18.0651
    annual_cost: 8.362810059174873
    efficiency: 0.883262
    discharge_ratio: 2
    depth_of_discharge: 0.9
  Pb-acid:
    cost: 69.8211
    lifetime: 10.8368
    annual_cost: 6.44296286726709
    efficiency: 0.699681
    discharge_ratio: 5
    depth_of_discharge: 0.5
  VRBF:
    cost: 204.636
    lifetime: 14.4351
    annual_cost: 14.176278654113931
    efficiency: 0.701116
    discharge_ratio: 0.5
    depth_of_discharge: 1.0
