cost_values:
  wind_capex: 5000.0
  wind_opex: 100
  wind_lifetime: 20
  solar_capex: 1000.0
  solar_opex: 10
  solar_lifetime: 20
  carbon_price: 1.0
timeseries_values:
  load_level: 273741.498817583
  wind_year: 2011
  solar_year: 2014
  price_year: 2023
  carbon_year: 2023
storage_values:
  CAES:
    cost: 61.2078
    lifetime: 28.6551
    annual_cost: 2.136017672246825
    efficiency: 0.606688
    discharge_ratio: 0.1
    depth_of_discharge: 0.4
  Li-ion:
    cost: 169.607
    lifetime: 17.6937
    annual_cost: 9.585728253559177
    efficiency: 0.89306
    discharge_ratio: 2
    depth_of_discharge: 0.9
  Pb-acid:
    cost: 74.3943
    lifetime: 10.7468
    annual_cost: 6.922460639446161
    efficiency: 0.69639
    discharge_ratio: 5
    depth_of_discharge: 0.5
  VRBF:
    cost: 250.617
    lifetime: 12.6882
    annual_cost: 19.751974275310918
    efficiency: 0.719023
    discharge_ratio: 0.5
    depth_of_discharge: 1.0
