cost_values:
  wind_capex: 5000.0
  wind_opex: 100
  wind_lifetime: 20
  solar_capex: 1000.0
  solar_opex: 10
  solar_lifetime: 20
  carbon_price: 1.0
timeseries_values:
  load_level: 273741.498817583
  wind_year: 2011
  solar_year: 2014
  price_year: 2023
  carbon_year: 2023
storage_values:
  CAES:
    cost: 59.8955
    lifetime: 29.0052
    annual_cost: 2.064991794574766
    efficiency: 0.609631
    discharge_ratio: 0.1
    depth_of_discharge: 0.4
  Li-ion:
    cost: 171.825
    lifetime: 15.671
    annual_cost: 10.96452045178993
    efficiency: 0.8885
    discharge_ratio: 2
    depth_of_discharge: 0.9
  Pb-acid:
    cost: 85.3998
    lifetime: 11.4495
    annual_cost: 7.458823529411764
    efficiency: 0.701785
    discharge_ratio: 5
    depth_of_discharge: 0.5
  VRBF:
    cost: 264.544
    lifetime: 12.4825
    annual_cost: 21.193190466653313
    efficiency: 0.718182
    discharge_ratio: 0.5
    depth_of_discharge: 1.0
