cost_values:
  wind_capex: 5000.0
  wind_opex: 100
  wind_lifetime: 20
  solar_capex: 1000.0
  solar_opex: 10
  solar_lifetime: 20
  carbon_price: 1.0
timeseries_values:
  load_level: 273741.498817583
  wind_year: 2011
  solar_year: 2014
  price_year: 2023
  carbon_year: 2023
storage_values:
  CAES:
    cost: 57.3228
    lifetime: 28.5067
    annual_cost: 2.0108535888054386
    efficiency: 0.604621
    discharge_ratio: 0.1
    depth_of_discharge: 0.4
  Li-ion:
    cost: 153.527
    lifetime: 16.4557
    annual_cost: 9.329715539296414
    efficiency: 0.883506
    discharge_ratio: 2
    depth_of_discharge: 0.9
  Pb-acid:
    cost: 68.4068
    lifetime: 10.5259
    annual_cost: 6.498902706656914
    efficiency: 0.7075
    discharge_ratio: 5
    depth_of_discharge: 0.5
  VRBF:
    cost: 227.672
    lifetime: 13.3526
    annual_cost: 17.050761649416593
    efficiency: 0.714994
    discharge_ratio: 0.5
    depth_of_discharge: 1.0
