cost_values:
  wind_capex: 5000.0
  wind_opex: 100
  wind_lifetime: 20
  solar_capex: 1000.0
  solar_opex: 10
  solar_lifetime: 20
  carbon_price: 1.0
timeseries_values:
  load_level: 273741.498817583
  wind_year: 2011
  solar_year: 2014
  price_year: 2023
  carbon_year: 2023
storage_values:
  CAES:
    cost: 49.347
    lifetime: 28.8412
    annual_cost: 1.71098983398749
    efficiency: 0.609221
    discharge_ratio: 0.1
    depth_of_discharge: 0.4
  Li-ion:
    cost: 159.169
    lifetime: 15.4889
    annual_cost: 10.276326917986431
    efficiency: 0.872785
    discharge_ratio: 2
    depth_of_discharge: 0.9
  Pb-acid:
    cost: 79.1415
    lifetime: 12.5121
    annual_cost: 6.325197209101589
    efficiency: 0.694998
    discharge_ratio: 5
    depth_of_discharge: 0.5
  VRBF:
    cost: 249.808
    lifetime: 11.0607
    annual_cost: 22.58518900250436
    efficiency: 0.728497
    discharge_ratio: 0.5
    depth_of_discharge: 1.0
