cost_values:
  wind_capex: 5000.0
  wind_opex: 100
  wind_lifetime: 20
  solar_capex: 1000.0
  solar_opex: 10
  solar_lifetime: 20
  carbon_price: 1.0
timeseries_values:
  load_level: 273741.498817583
  wind_year: 2011
  solar_year: 2014
  price_year: 2023
  carbon_year: 2023
storage_values:
  CAES:
    cost: 50.0859
    lifetime: 29.6858
    annual_cost: 1.6872006144351845
    efficiency: 0.604414
    discharge_ratio: 0.1
    depth_of_discharge: 0.4
  Li-ion:
    cost: 156.452
    lifetime: 15.6497
    annual_cost: 9.997124545518444
    efficiency: 0.886053
    discharge_ratio: 2
    depth_of_discharge: 0.9
  Pb-acid:
    cost: 81.084
    lifetime: 10.7765
    annual_cost: 7.524149770333596
    efficiency: 0.693524
    discharge_ratio: 5
    depth_of_discharge: 0.5
  VRBF:
    cost: 223.561
    lifetime: 13.2764
    annual_cost: 16.83897743364165
    efficiency: 0.727485
    discharge_ratio: 0.5
    depth_of_discharge: 1.0
