cost_values:
  wind_capex: 5000.0
  wind_opex: 100
  wind_lifetime: 20
  solar_capex: 1000.0
  solar_opex: 10
  solar_lifetime: 20
  carbon_price: 1.0
timeseries_values:
  load_level: 273741.498817583
  wind_year: 2011
  solar_year: 2014
  price_year: 2023
  carbon_year: 2023
storage_values:
  CAES:
    cost: 51.6834
    lifetime: 28.5036
    annual_cost: 1.8132235928093294
    efficiency: 0.610165
    discharge_ratio: 0.1
    depth_of_discharge: 0.4
  Li-ion:
    cost: 150.298
    lifetime: 16.715
    annual_cost: 8.991803769069698
    efficiency: 0.888605
    discharge_ratio: 2
    depth_of_discharge: 0.9
  Pb-acid:
    cost: 85.9578
    lifetime: 10.6106
    annual_cost: 8.101125289804536
    efficiency: 0.7061
    discharge_ratio: 5
    depth_of_discharge: 0.5
  VRBF:
    cost: 232.602
    lifetime: 14.6747
    annual_cost: 15.850545496671142
    efficiency: 0.743329
    discharge_ratio: 0.5
    depth_of_discharge: 1.0
