cost_values:
  wind_capex: 5000.0
  wind_opex: 100
  wind_lifetime: 20
  solar_capex: 1000.0
  solar_opex: 10
  solar_lifetime: 20
  carbon_price: 1.0
timeseries_values:
  load_level: 273741.498817583
  wind_year: 2011
  solar_year: 2014
  price_year: 2023
  carbon_year: 2023
storage_values:
  CAES:
    cost: 57.1227
    lifetime: 28.9455
    annual_cost: 1.9734570140436338
    efficiency: 0.602861
    discharge_ratio: 0.1
    depth_of_discharge: 0.4
  Li-ion:
    cost: 144.772
    lifetime: 16.3969
    annual_cost: 8.82922991541084
    efficiency: 0.885805
    discharge_ratio: 2
    depth_of_discharge: 0.9
  Pb-acid:
    cost: 68.9591
    lifetime: 11.7858
    annual_cost: 5.851032598550799
    efficiency: 0.680628
    discharge_ratio: 5
    depth_of_discharge: 0.5
  VRBF:
    cost: 218.417
    lifetime: 11.5237
    annual_cost: 18.953721460989094
    efficiency: 0.719698
    discharge_ratio: 0.5
    depth_of_discharge: 1.0
