cost_values:
  wind_capex: 5000.0
  wind_opex: 100
  wind_lifetime: 20
  solar_capex: 1000.0
  solar_opex: 10
  solar_lifetime: 20
  carbon_price: 1.0
timeseries_values:
  load_level: 273741.498817583
  wind_year: 2011
  solar_year: 2014
  price_year: 2023
  carbon_year: 2023
storage_values:
  CAES:
    cost: 57.3355
    lifetime: 28.2473
    annual_cost: 2.0297692168809056
    efficiency: 0.608469
    discharge_ratio: 0.1
    depth_of_discharge: 0.4
  Li-ion:
    cost: 140.665
    lifetime: 17.2212
    annual_cost: 8.168129979327805
    efficiency: 0.885818
    discharge_ratio: 2
    depth_of_discharge: 0.9
  Pb-acid:
    cost: 77.2986
    lifetime: 10.0978
    annual_cost: 7.65499415714314
    efficiency: 0.686608
    discharge_ratio: 5
    depth_of_discharge: 0.5
  VRBF:
    cost: 254.557
    lifetime: 12.7641
    annual_cost: 19.943200068943366
    efficiency: 0.721465
    discharge_ratio: 0.5
    depth_of_discharge: 1.0
