cost_values:
  wind_capex: 5000.0
  wind_opex: 100
  wind_lifetime: 20
  solar_capex: 1000.0
  solar_opex: 10
  solar_lifetime: 20
  carbon_price: 1.0
timeseries_values:
  load_level: 273741.498817583
  wind_year: 2011
  solar_year: 2014
  price_year: 2023
  carbon_year: 2023
storage_values:
  CAES:
    cost: 60.6892
    lifetime: 28.3558
    annual_cost: 2.140274652804717
    efficiency: 0.593555
    discharge_ratio: 0.1
    depth_of_discharge: 0.4
  Li-ion:
    cost: 157.209
    lifetime: 15.8022
    annual_cost: 9.948551467517182
    efficiency: 0.880255
    discharge_ratio: 2
    depth_of_discharge: 0.9
  Pb-acid:
    cost: 75.7914
    lifetime: 10.9267
    annual_cost: 6.936348577338079
    efficiency: 0.698102
    discharge_ratio: 5
    depth_of_discharge: 0.5
  VRBF:
    cost: 236.875
    lifetime: 13.832
    annual_cost: 17.125144592249853
    efficiency: 0.740508
    discharge_ratio: 0.5
    depth_of_discharge: 1.0
