cost_values:
  wind_capex: 5000.0
  wind_opex: 100
  wind_lifetime: 20
  solar_capex: 1000.0
  solar_opex: 10
  solar_lifetime: 20
  carbon_price: 1.0
timeseries_values:
  load_level: 273741.498817583
  wind_year: 2011
  solar_year: 2014
  price_year: 2023
  carbon_year: 2023
storage_values:
  CAES:
    cost: 58.7315
    lifetime: 29.6073
    annual_cost: 1.983683078159778
    efficiency: 0.608884
    discharge_ratio: 0.1
    depth_of_discharge: 0.4
  Li-ion:
    cost: 164.331
    lifetime: 16.5266
    annual_cost: 9.943424539832755
    efficiency: 0.887843
    discharge_ratio: 2
    depth_of_discharge: 0.9
  Pb-acid:
    cost: 54.6121
    lifetime: 10.8145
    annual_cost: 5.049895972999214
    efficiency: 0.700412
    discharge_ratio: 5
    depth_of_discharge: 0.5
  VRBF:
    cost: 227.274
    lifetime: 11.5721
    annual_cost: 19.639823368273692
    efficiency: 0.740121
    discharge_ratio: 0.5
    depth_of_discharge: 1.0
