cost_values:
  wind_capex: 5000.0
  wind_opex: 100
  wind_lifetime: 20
  solar_capex: 1000.0
  solar_opex: 10
  solar_lifetime: 20
  carbon_price: 1.0
timeseries_values:
  load_level: 250527.2478061945
  wind_year: 2015
  solar_year: 2016
  price_year: 2023
  carbon_year: 2023
storage_values:
  CAES:
    cost: 34.2359
    lifetime: 23.9056
    annual_cost: 1.432128873569373
    efficiency: 0.638862
    discharge_ratio: 0.1
    depth_of_discharge: 0.4
  Li-ion:
    cost: 213.568
    lifetime: 27.6274
    annual_cost: 7.730296734401355
    efficiency: 0.909503
    discharge_ratio: 2
    depth_of_discharge: 0.9
  Pb-acid:
    cost: 154.669
    lifetime: 12.3951
    annual_cost: 12.478237367992191
    efficiency: 0.754665
    discharge_ratio: 5
    depth_of_discharge: 0.5
  VRBF:
    cost: 336.86
    lifetime: 17.8249
    annual_cost: 18.898282739314105
    efficiency: 0.757333
    discharge_ratio: 0.5
    depth_of_discharge: 1.0
