cost_values:
  wind_capex: 5000.0
  wind_opex: 100
  wind_lifetime: 20
  solar_capex: 1000.0
  solar_opex: 10
  solar_lifetime: 20
  carbon_price: 1.0
timeseries_values:
  load_level: 250527.2478061945
  wind_year: 2015
  solar_year: 2016
  price_year: 2023
  carbon_year: 2023
storage_values:
  CAES:
    cost: 36.9731
    lifetime: 25.0823
    annual_cost: 1.4740713570924517
    efficiency: 0.626321
    discharge_ratio: 0.1
    depth_of_discharge: 0.4
  Li-ion:
    cost: 222.983
    lifetime: 28.0276
    annual_cost: 7.955836389844297
    efficiency: 0.920983
    discharge_ratio: 2
    depth_of_discharge: 0.9
  Pb-acid:
    cost: 119.099
    lifetime: 13.6776
    annual_cost: 8.707594899690005
    efficiency: 0.751866
    discharge_ratio: 5
    depth_of_discharge: 0.5
  VRBF:
    cost: 315.441
    lifetime: 15.6041
    annual_cost: 20.215263937042184
    efficiency: 0.737783
    discharge_ratio: 0.5
    depth_of_discharge: 1.0
