cost_values:
  wind_capex: 5000.0
  wind_opex: 100
  wind_lifetime: 20
  solar_capex: 1000.0
  solar_opex: 10
  solar_lifetime: 20
  carbon_price: 1.0
timeseries_values:
  load_level: 250527.2478061945
  wind_year: 2015
  solar_year: 2016
  price_year: 2023
  carbon_year: 2023
storage_values:
  CAES:
    cost: 42.8439
    lifetime: 26.2963
    annual_cost: 1.6292748409472055
    efficiency: 0.645463
    discharge_ratio: 0.1
    depth_of_discharge: 0.4
  Li-ion:
    cost: 207.623
    lifetime: 22.8189
    annual_cost: 9.098729561898251
    efficiency: 0.923215
    discharge_ratio: 2
    depth_of_discharge: 0.9
  Pb-acid:
    cost: 127.605
    lifetime: 13.0815
    annual_cost: 9.754615296410963
    efficiency: 0.753574
    discharge_ratio: 5
    depth_of_discharge: 0.5
  VRBF:
    cost: 324.724
    lifetime: 16.149
    annual_cost: 20.10799430305282
    efficiency: 0.743083
    discharge_ratio: 0.5
    depth_of_discharge: 1.0
