cost_values:
  wind_capex: 5000.0
  wind_opex: 100
  wind_lifetime: 20
  solar_capex: 1000.0
  solar_opex: 10
  solar_lifetime: 20
  carbon_price: 1.0
timeseries_values:
  load_level: 250527.2478061945
  wind_year: 2015
  solar_year: 2016
  price_year: 2023
  carbon_year: 2023
storage_values:
  CAES:
    cost: 38.973
    lifetime: 25.7273
    annual_cost: 1.5148499842579672
    efficiency: 0.638326
    discharge_ratio: 0.1
    depth_of_discharge: 0.4
  Li-ion:
    cost: 237.299
    lifetime: 24.8376
    annual_cost: 9.554022932972591
    efficiency: 0.931409
    discharge_ratio: 2
    depth_of_discharge: 0.9
  Pb-acid:
    cost: 113.626
    lifetime: 15.2569
    annual_cost: 7.447515550341158
    efficiency: 0.755317
    discharge_ratio: 5
    depth_of_discharge: 0.5
  VRBF:
    cost: 308.938
    lifetime: 15.0667
    annual_cost: 20.50468914891781
    efficiency: 0.755715
    discharge_ratio: 0.5
    depth_of_discharge: 1.0
