cost_values:
  wind_capex: 5000.0
  wind_opex: 100
  wind_lifetime: 20
  solar_capex: 1000.0
  solar_opex: 10
  solar_lifetime: 20
  carbon_price: 1.0
timeseries_values:
  load_level: 250527.2478061945
  wind_year: 2015
  solar_year: 2016
  price_year: 2023
  carbon_year: 2023
storage_values:
  CAES:
    cost: 37.4121
    lifetime: 25.2275
    annual_cost: 1.4829888019026858
    efficiency: 0.645281
    discharge_ratio: 0.1
    depth_of_discharge: 0.4
  Li-ion:
    cost: 182.639
    lifetime: 25.8671
    annual_cost: 7.0606677980910115
    efficiency: 0.921339
    discharge_ratio: 2
    depth_of_discharge: 0.9
  Pb-acid:
    cost: 132.063
    lifetime: 13.0337
    annual_cost: 10.132425941981172
    efficiency: 0.75456
    discharge_ratio: 5
    depth_of_discharge: 0.5
  VRBF:
    cost: 331.098
    lifetime: 15.8891
    annual_cost: 20.838058795023006
    efficiency: 0.755634
    discharge_ratio: 0.5
    depth_of_discharge: 1.0
