cost_values:
  wind_capex: 5000.0
  wind_opex: 100
  wind_lifetime: 20
  solar_capex: 1000.0
  solar_opex: 10
  solar_lifetime: 20
  carbon_price: 1.0
timeseries_values:
  load_level: 250527.2478061945
  wind_year: 2015
  solar_year: 2016
  price_year: 2023
  carbon_year: 2023
storage_values:
  CAES:
    cost: 34.1066
    lifetime: 25.0079
    annual_cost: 1.363833028762911
    efficiency: 0.631757
    discharge_ratio: 0.1
    depth_of_discharge: 0.4
  Li-ion:
    cost: 200.565
    lifetime: 23.426
    annual_cost: 8.561640911807395
    efficiency: 0.925404
    discharge_ratio: 2
    depth_of_discharge: 0.9
  Pb-acid:
    cost: 148.27
    lifetime: 15.2512
    annual_cost: 9.721857952161141
    efficiency: 0.766872
    discharge_ratio: 5
    depth_of_discharge: 0.5
  VRBF:
    cost: 299.259
    lifetime: 14.9821
    annual_cost: 19.974436160484846
    efficiency: 0.764245
    discharge_ratio: 0.5
    depth_of_discharge: 1.0
