cost_values:
  wind_capex: 5000.0
  wind_opex: 100
  wind_lifetime: 20
  solar_capex: 1000.0
  solar_opex: 10
  solar_lifetime: 20
  carbon_price: 1.0
timeseries_values:
  load_level: 250527.2478061945
  wind_year: 2015
  solar_year: 2016
  price_year: 2023
  carbon_year: 2023
storage_values:
  CAES:
    cost: 33.8041
    lifetime: 24.9061
    annual_cost: 1.3572618756047716
    efficiency: 0.630371
    discharge_ratio: 0.1
    depth_of_discharge: 0.4
  Li-ion:
    cost: 234.038
    lifetime: 25.2089
    annual_cost: 9.283943369206908
    efficiency: 0.921089
    discharge_ratio: 2
    depth_of_discharge: 0.9
  Pb-acid:
    cost: 130.528
    lifetime: 14.0568
    annual_cost: 9.285754937112285
    efficiency: 0.755193
    discharge_ratio: 5
    depth_of_discharge: 0.5
  VRBF:
    cost: 331.98
    lifetime: 14.312
    annual_cost: 23.19591950810509
    efficiency: 0.749846
    discharge_ratio: 0.5
    depth_of_discharge: 1.0
