cost_values:
  wind_capex: 5000.0
  wind_opex: 100
  wind_lifetime: 20
  solar_capex: 1000.0
  solar_opex: 10
  solar_lifetime: 20
  carbon_price: 1.0
timeseries_values:
  load_level: 250527.2478061945
  wind_year: 2015
  solar_year: 2016
  price_year: 2023
  carbon_year: 2023
storage_values:
  CAES:
    cost: 32.3823
    lifetime: 25.6012
    annual_cost: 1.264874302767058
    efficiency: 0.637334
    discharge_ratio: 0.1
    depth_of_discharge: 0.4
  Li-ion:
    cost: 217.561
    lifetime: 28.1187
    annual_cost: 7.7372353629435215
    efficiency: 0.910921
    discharge_ratio: 2
    depth_of_discharge: 0.9
  Pb-acid:
    cost: 137.713
    lifetime: 15.4077
    annual_cost: 8.937933630587303
    efficiency: 0.761086
    discharge_ratio: 5
    depth_of_discharge: 0.5
  VRBF:
    cost: 301.653
    lifetime: 15.4367
    annual_cost: 19.541287969578992
    efficiency: 0.767698
    discharge_ratio: 0.5
    depth_of_discharge: 1.0
