cost_values:
  wind_capex: 5000.0
  wind_opex: 100
  wind_lifetime: 20
  solar_capex: 1000.0
  solar_opex: 10
  solar_lifetime: 20
  carbon_price: 1.0
timeseries_values:
  load_level: 250527.2478061945
  wind_year: 2015
  solar_year: 2016
  price_year: 2023
  carbon_year: 2023
storage_values:
  CAES:
    cost: 38.0725
    lifetime: 25.2538
    annual_cost: 1.507594896609619
    efficiency: 0.628089
    discharge_ratio: 0.1
    depth_of_discharge: 0.4
  Li-ion:
    cost: 208.866
    lifetime: 26.2519
    annual_cost: 7.956224120920772
    efficiency: 0.907734
    discharge_ratio: 2
    depth_of_discharge: 0.9
  Pb-acid:
    cost: 126.453
    lifetime: 12.477
    annual_cost: 10.13488819427747
    efficiency: 0.759788
    discharge_ratio: 5
    depth_of_discharge: 0.5
  VRBF:
    cost: 299.794
    lifetime: 17.5157
    annual_cost: 17.115730458959675
    efficiency: 0.7572
    discharge_ratio: 0.5
    depth_of_discharge: 1.0
