cost_values:
  wind_capex: 5000.0
  wind_opex: 100
  wind_lifetime: 20
  solar_capex: 1000.0
  solar_opex: 10
  solar_lifetime: 20
  carbon_price: 1.0
timeseries_values:
  load_level: 250527.2478061945
  wind_year: 2015
  solar_year: 2016
  price_year: 2023
  carbon_year: 2023
storage_values:
  CAES:
    cost: 38.4443
    lifetime: 26.2345
    annual_cost: 1.4654100516495454
    efficiency: 0.641247
    discharge_ratio: 0.1
    depth_of_discharge: 0.4
  Li-ion:
    cost: 216.006
    lifetime: 26.7251
    annual_cost: 8.082514190779454
    efficiency: 0.923794
    discharge_ratio: 2
    depth_of_discharge: 0.9
  Pb-acid:
    cost: 134.357
    lifetime: 11.2793
    annual_cost: 11.911820769019355
    efficiency: 0.745993
    discharge_ratio: 5
    depth_of_discharge: 0.5
  VRBF:
    cost: 299.564
    lifetime: 16.4847
    annual_cost: 18.172244566173482
    efficiency: 0.763187
    discharge_ratio: 0.5
    depth_of_discharge: 1.0
