cost_values:
  wind_capex: 5000.0
  wind_opex: 100
  wind_lifetime: 20
  solar_capex: 1000.0
  solar_opex: 10
  solar_lifetime: 20
  carbon_price: 1.0
timeseries_values:
  load_level: 250527.2478061945
  wind_year: 2015
  solar_year: 2016
  price_year: 2023
  carbon_year: 2023
storage_values:
  CAES:
    cost: 32.1019
    lifetime: 25.4943
    annual_cost: 1.259179502869269
    efficiency: 0.620705
    discharge_ratio: 0.1
    depth_of_discharge: 0.4
  Li-ion:
    cost: 215.703
    lifetime: 23.2926
    annual_cost: 9.26058061358543
    efficiency: 0.914942
    discharge_ratio: 2
    depth_of_discharge: 0.9
  Pb-acid:
    cost: 118.544
    lifetime: 14.1885
    annual_cost: 8.354935334954364
    efficiency: 0.775291
    discharge_ratio: 5
    depth_of_discharge: 0.5
  VRBF:
    cost: 324.687
    lifetime: 16.7705
    annual_cost: 19.36060344056528
    efficiency: 0.782974
    discharge_ratio: 0.5
    depth_of_discharge: 1.0
