cost_values:
  wind_capex: 5000.0
  wind_opex: 100
  wind_lifetime: 20
  solar_capex: 1000.0
  solar_opex: 10
  solar_lifetime: 20
  carbon_price: 1.0
timeseries_values:
  load_level: 250527.2478061945
  wind_year: 2015
  solar_year: 2016
  price_year: 2023
  carbon_year: 2023
storage_values:
  CAES:
    cost: 41.3897
    lifetime: 25.5164
    annual_cost: 1.622082268658588
    efficiency: 0.644771
    discharge_ratio: 0.1
    depth_of_discharge: 0.4
  Li-ion:
    cost: 217.499
    lifetime: 25.8667
    annual_cost: 8.408455659206624
    efficiency: 0.918102
    discharge_ratio: 2
    depth_of_discharge: 0.9
  Pb-acid:
    cost: 123.685
    lifetime: 15.0572
    annual_cost: 8.214342640065881
    efficiency: 0.758993
    discharge_ratio: 5
    depth_of_discharge: 0.5
  VRBF:
    cost: 337.113
    lifetime: 15.7887
    annual_cost: 21.351536225275037
    efficiency: 0.745583
    discharge_ratio: 0.5
    depth_of_discharge: 1.0
