cost_values:
  wind_capex: 5000.0
  wind_opex: 100
  wind_lifetime: 20
  solar_capex: 1000.0
  solar_opex: 10
  solar_lifetime: 20
  carbon_price: 1.0
timeseries_values:
  load_level: 250527.2478061945
  wind_year: 2015
  solar_year: 2016
  price_year: 2023
  carbon_year: 2023
storage_values:
  CAES:
    cost: 39.1203
    lifetime: 25.6034
    annual_cost: 1.52793379004351
    efficiency: 0.642043
    discharge_ratio: 0.1
    depth_of_discharge: 0.4
  Li-ion:
    cost: 209.548
    lifetime: 26.5368
    annual_cost: 7.896505984142776
    efficiency: 0.914411
    discharge_ratio: 2
    depth_of_discharge: 0.9
  Pb-acid:
    cost: 135.744
    lifetime: 14.8053
    annual_cost: 9.168608538834066
    efficiency: 0.741608
    discharge_ratio: 5
    depth_of_discharge: 0.5
  VRBF:
    cost: 316.4
    lifetime: 17.9261
    annual_cost: 17.65024182616408
    efficiency: 0.738564
    discharge_ratio: 0.5
    depth_of_discharge: 1.0
