cost_values:
  wind_capex: 5000.0
  wind_opex: 100
  wind_lifetime: 20
  solar_capex: 1000.0
  solar_opex: 10
  solar_lifetime: 20
  carbon_price: 1.0
timeseries_values:
  load_level: 250527.2478061945
  wind_year: 2015
  solar_year: 2016
  price_year: 2023
  carbon_year: 2023
storage_values:
  CAES:
    cost: 39.2915
    lifetime: 24.6929
    annual_cost: 1.591206379161621
    efficiency: 0.626213
    discharge_ratio: 0.1
    depth_of_discharge: 0.4
  Li-ion:
    cost: 216.072
    lifetime: 23.4523
    annual_cost: 9.21325413712088
    efficiency: 0.923107
    discharge_ratio: 2
    depth_of_discharge: 0.9
  Pb-acid:
    cost: 143.296
    lifetime: 12.555
    annual_cost: 11.413460772600557
    efficiency: 0.759998
    discharge_ratio: 5
    depth_of_discharge: 0.5
  VRBF:
    cost: 314.637
    lifetime: 13.5806
    annual_cost: 23.168122174278015
    efficiency: 0.758636
    discharge_ratio: 0.5
    depth_of_discharge: 1.0
