cost_values:
  wind_capex: 5000.0
  wind_opex: 100
  wind_lifetime: 20
  solar_capex: 1000.0
  solar_opex: 10
  solar_lifetime: 20
  carbon_price: 1.0
timeseries_values:
  load_level: 250527.2478061945
  wind_year: 2015
  solar_year: 2016
  price_year: 2023
  carbon_year: 2023
storage_values:
  CAES:
    cost: 38.6326
    lifetime: 24.3764
    annual_cost: 1.584836153000443
    efficiency: 0.636602
    discharge_ratio: 0.1
    depth_of_discharge: 0.4
  Li-ion:
    cost: 212.683
    lifetime: 23.7612
    annual_cost: 8.950852650539534
    efficiency: 0.924942
    discharge_ratio: 2
    depth_of_discharge: 0.9
  Pb-acid:
    cost: 143.01
    lifetime: 13.5531
    annual_cost: 10.55182947074839
    efficiency: 0.767779
    discharge_ratio: 5
    depth_of_discharge: 0.5
  VRBF:
    cost: 349.784
    lifetime: 15.2367
    annual_cost: 22.95667697073513
    efficiency: 0.762077
    discharge_ratio: 0.5
    depth_of_discharge: 1.0
