cost_values:
  wind_capex: 5000.0
  wind_opex: 100
  wind_lifetime: 20
  solar_capex: 1000.0
  solar_opex: 10
  solar_lifetime: 20
  carbon_price: 1.0
timeseries_values:
  load_level: 250527.2478061945
  wind_year: 2015
  solar_year: 2016
  price_year: 2023
  carbon_year: 2023
storage_values:
  CAES:
    cost: 36.2245
    lifetime: 25.6535
    annual_cost: 1.4120685286608063
    efficiency: 0.633485
    discharge_ratio: 0.1
    depth_of_discharge: 0.4
  Li-ion:
    cost: 206.341
    lifetime: 25.8328
    annual_cost: 7.9875584528196715
    efficiency: 0.925949
    discharge_ratio: 2
    depth_of_discharge: 0.9
  Pb-acid:
    cost: 128.122
    lifetime: 12.8655
    annual_cost: 9.958571373051962
    efficiency: 0.762226
    discharge_ratio: 5
    depth_of_discharge: 0.5
  VRBF:
    cost: 313.14
    lifetime: 14.5333
    annual_cost: 21.546379693531406
    efficiency: 0.770497
    discharge_ratio: 0.5
    depth_of_discharge: 1.0
