cost_values:
  wind_capex: 5000.0
  wind_opex: 100
  wind_lifetime: 20
  solar_capex: 1000.0
  solar_opex: 10
  solar_lifetime: 20
  carbon_price: 1.0
timeseries_values:
  load_level: 250527.2478061945
  wind_year: 2015
  solar_year: 2016
  price_year: 2023
  carbon_year: 2023
storage_values:
  CAES:
    cost: 35.9719
    lifetime: 25.9531
    annual_cost: 1.3860348089438255
    efficiency: 0.624601
    discharge_ratio: 0.1
    depth_of_discharge: 0.4
  Li-ion:
    cost: 226.285
    lifetime: 26.3822
    annual_cost: 8.577184616900789
    efficiency: 0.913783
    discharge_ratio: 2
    depth_of_discharge: 0.9
  Pb-acid:
    cost: 126.806
    lifetime: 14.1322
    annual_cost: 8.97284216187147
    efficiency: 0.763964
    discharge_ratio: 5
    depth_of_discharge: 0.5
  VRBF:
    cost: 355.302
    lifetime: 17.0458
    annual_cost: 20.843961562379004
    efficiency: 0.760413
    discharge_ratio: 0.5
    depth_of_discharge: 1.0
