cost_values:
  wind_capex: 5000.0
  wind_opex: 100
  wind_lifetime: 20
  solar_capex: 1000.0
  solar_opex: 10
  solar_lifetime: 20
  carbon_price: 1.0
timeseries_values:
  load_level: 250527.2478061945
  wind_year: 2015
  solar_year: 2016
  price_year: 2023
  carbon_year: 2023
storage_values:
  CAES:
    cost: 37.3088
    lifetime: 23.8603
    annual_cost: 1.5636349920160266
    efficiency: 0.63228
    discharge_ratio: 0.1
    depth_of_discharge: 0.4
  Li-ion:
    cost: 202.617
    lifetime: 26.5762
    annual_cost: 7.624001926535772
    efficiency: 0.913001
    discharge_ratio: 2
    depth_of_discharge: 0.9
  Pb-acid:
    cost: 140.3
    lifetime: 14.0241
    annual_cost: 10.00420704358925
    efficiency: 0.751735
    discharge_ratio: 5
    depth_of_discharge: 0.5
  VRBF:
    cost: 335.388
    lifetime: 15.9953
    annual_cost: 20.967909323363735
    efficiency: 0.770643
    discharge_ratio: 0.5
    depth_of_discharge: 1.0
