cost_values:
  wind_capex: 5000.0
  wind_opex: 100
  wind_lifetime: 20
  solar_capex: 1000.0
  solar_opex: 10
  solar_lifetime: 20
  carbon_price: 1.0
timeseries_values:
  load_level: 250527.2478061945
  wind_year: 2015
  solar_year: 2016
  price_year: 2023
  carbon_year: 2023
storage_values:
  CAES:
    cost: 43.2682
    lifetime: 24.9989
    annual_cost: 1.7308041553828368
    efficiency: 0.636262
    discharge_ratio: 0.1
    depth_of_discharge: 0.4
  Li-ion:
    cost: 225.145
    lifetime: 24.3906
    annual_cost: 9.23081023017064
    efficiency: 0.90722
    discharge_ratio: 2
    depth_of_discharge: 0.9
  Pb-acid:
    cost: 154.386
    lifetime: 15.8583
    annual_cost: 9.735343637085942
    efficiency: 0.743891
    discharge_ratio: 5
    depth_of_discharge: 0.5
  VRBF:
    cost: 330.789
    lifetime: 17.272
    annual_cost: 19.151748494673463
    efficiency: 0.756302
    discharge_ratio: 0.5
    depth_of_discharge: 1.0
