cost_values:
  wind_capex: 5000.0
  wind_opex: 100
  wind_lifetime: 20
  solar_capex: 1000.0
  solar_opex: 10
  solar_lifetime: 20
  carbon_price: 1.0
timeseries_values:
  load_level: 250527.2478061945
  wind_year: 2015
  solar_year: 2016
  price_year: 2023
  carbon_year: 2023
storage_values:
  CAES:
    cost: 41.467
    lifetime: 25.2132
    annual_cost: 1.644654387384386
    efficiency: 0.639249
    discharge_ratio: 0.1
    depth_of_discharge: 0.4
  Li-ion:
    cost: 212.938
    lifetime: 25.2529
    annual_cost: 8.432219665860158
    efficiency: 0.917397
    discharge_ratio: 2
    depth_of_discharge: 0.9
  Pb-acid:
    cost: 122.827
    lifetime: 15.0665
    annual_cost: 8.152324693857233
    efficiency: 0.755427
    discharge_ratio: 5
    depth_of_discharge: 0.5
  VRBF:
    cost: 316.695
    lifetime: 13.8332
    annual_cost: 22.893835121302374
    efficiency: 0.761531
    discharge_ratio: 0.5
    depth_of_discharge: 1.0
