cost_values:
  wind_capex: 5000.0
  wind_opex: 100
  wind_lifetime: 20
  solar_capex: 1000.0
  solar_opex: 10
  solar_lifetime: 20
  carbon_price: 1.0
timeseries_values:
  load_level: 250527.2478061945
  wind_year: 2015
  solar_year: 2016
  price_year: 2023
  carbon_year: 2023
storage_values:
  CAES:
    cost: 41.4433
    lifetime: 25.5861
    annual_cost: 1.619758384435299
    efficiency: 0.641046
    discharge_ratio: 0.1
    depth_of_discharge: 0.4
  Li-ion:
    cost: 220.477
    lifetime: 24.6427
    annual_cost: 8.946949806636448
    efficiency: 0.923679
    discharge_ratio: 2
    depth_of_discharge: 0.9
  Pb-acid:
    cost: 138.558
    lifetime: 15.7013
    annual_cost: 8.824619617483902
    efficiency: 0.759908
    discharge_ratio: 5
    depth_of_discharge: 0.5
  VRBF:
    cost: 339.066
    lifetime: 17.1888
    annual_cost: 19.72598436191008
    efficiency: 0.755274
    discharge_ratio: 0.5
    depth_of_discharge: 1.0
