cost_values:
  wind_capex: 5000.0
  wind_opex: 100
  wind_lifetime: 20
  solar_capex: 1000.0
  solar_opex: 10
  solar_lifetime: 20
  carbon_price: 1.0
timeseries_values:
  load_level: 250527.2478061945
  wind_year: 2015
  solar_year: 2016
  price_year: 2023
  carbon_year: 2023
storage_values:
  CAES:
    cost: 41.7887
    lifetime: 24.9809
    annual_cost: 1.6728260390938678
    efficiency: 0.632139
    discharge_ratio: 0.1
    depth_of_discharge: 0.4
  Li-ion:
    cost: 215.212
    lifetime: 26.1948
    annual_cost: 8.215829095851085
    efficiency: 0.920621
    discharge_ratio: 2
    depth_of_discharge: 0.9
  Pb-acid:
    cost: 131.156
    lifetime: 15.1684
    annual_cost: 8.64666016191556
    efficiency: 0.761808
    discharge_ratio: 5
    depth_of_discharge: 0.5
  VRBF:
    cost: 313.305
    lifetime: 15.6649
    annual_cost: 20.00044685890111
    efficiency: 0.773998
    discharge_ratio: 0.5
    depth_of_discharge: 1.0
