cost_values:
  wind_capex: 5000.0
  wind_opex: 100
  wind_lifetime: 20
  solar_capex: 1000.0
  solar_opex: 10
  solar_lifetime: 20
  carbon_price: 1.0
timeseries_values:
  load_level: 250527.2478061945
  wind_year: 2015
  solar_year: 2016
  price_year: 2023
  carbon_year: 2023
storage_values:
  CAES:
    cost: 44.6633
    lifetime: 25.5973
    annual_cost: 1.744844182784903
    efficiency: 0.637796
    discharge_ratio: 0.1
    depth_of_discharge: 0.4
  Li-ion:
    cost: 224.303
    lifetime: 24.6293
    annual_cost: 9.107160983056765
    efficiency: 0.90894
    discharge_ratio: 2
    depth_of_discharge: 0.9
  Pb-acid:
    cost: 147.921
    lifetime: 14.7582
    annual_cost: 10.022970280928568
    efficiency: 0.736179
    discharge_ratio: 5
    depth_of_discharge: 0.5
  VRBF:
    cost: 311.818
    lifetime: 17.0101
    annual_cost: 18.33134431896344
    efficiency: 0.756536
    discharge_ratio: 0.5
    depth_of_discharge: 1.0
