cost_values:
  wind_capex: 5000.0
  wind_opex: 100
  wind_lifetime: 20
  solar_capex: 1000.0
  solar_opex: 10
  solar_lifetime: 20
  carbon_price: 1.0
timeseries_values:
  load_level: 250527.2478061945
  wind_year: 2015
  solar_year: 2016
  price_year: 2023
  carbon_year: 2023
storage_values:
  CAES:
    cost: 41.491
    lifetime: 25.3455
    annual_cost: 1.6370164328973584
    efficiency: 0.636861
    discharge_ratio: 0.1
    depth_of_discharge: 0.4
  Li-ion:
    cost: 209.692
    lifetime: 25.8559
    annual_cost: 8.110025178005795
    efficiency: 0.915121
    discharge_ratio: 2
    depth_of_discharge: 0.9
  Pb-acid:
    cost: 123.203
    lifetime: 13.0743
    annual_cost: 9.423296084685223
    efficiency: 0.774353
    discharge_ratio: 5
    depth_of_discharge: 0.5
  VRBF:
    cost: 342.248
    lifetime: 17.0541
    annual_cost: 20.068370655736746
    efficiency: 0.761229
    discharge_ratio: 0.5
    depth_of_discharge: 1.0
