cost_values:
  wind_capex: 5000.0
  wind_opex: 100
  wind_lifetime: 20
  solar_capex: 1000.0
  solar_opex: 10
  solar_lifetime: 20
  carbon_price: 1.0
timeseries_values:
  load_level: 250527.2478061945
  wind_year: 2015
  solar_year: 2016
  price_year: 2023
  carbon_year: 2023
storage_values:
  CAES:
    cost: 38.4651
    lifetime: 25.7954
    annual_cost: 1.4911612147902338
    efficiency: 0.628987
    discharge_ratio: 0.1
    depth_of_discharge: 0.4
  Li-ion:
    cost: 207.913
    lifetime: 24.8423
    annual_cost: 8.36931363038044
    efficiency: 0.895398
    discharge_ratio: 2
    depth_of_discharge: 0.9
  Pb-acid:
    cost: 125.511
    lifetime: 14.966
    annual_cost: 8.38640919417346
    efficiency: 0.762626
    discharge_ratio: 5
    depth_of_discharge: 0.5
  VRBF:
    cost: 332.046
    lifetime: 17.9556
    annual_cost: 18.49261511728931
    efficiency: 0.769354
    discharge_ratio: 0.5
    depth_of_discharge: 1.0
