cost_values:
  wind_capex: 5000.0
  wind_opex: 100
  wind_lifetime: 20
  solar_capex: 1000.0
  solar_opex: 10
  solar_lifetime: 20
  carbon_price: 1.0
timeseries_values:
  load_level: 250527.2478061945
  wind_year: 2015
  solar_year: 2016
  price_year: 2023
  carbon_year: 2023
storage_values:
  CAES:
    cost: 30.2996
    lifetime: 24.5614
    annual_cost: 1.2336267476609641
    efficiency: 0.630508
    discharge_ratio: 0.1
    depth_of_discharge: 0.4
  Li-ion:
    cost: 220.564
    lifetime: 23.5772
    annual_cost: 9.354970055816636
    efficiency: 0.928015
    discharge_ratio: 2
    depth_of_discharge: 0.9
  Pb-acid:
    cost: 134.328
    lifetime: 13.708
    annual_cost: 9.799241318937847
    efficiency: 0.769877
    discharge_ratio: 5
    depth_of_discharge: 0.5
  VRBF:
    cost: 353.265
    lifetime: 17.3162
    annual_cost: 20.400838521153602
    efficiency: 0.74696
    discharge_ratio: 0.5
    depth_of_discharge: 1.0
