cost_values:
  wind_capex: 5000.0
  wind_opex: 100
  wind_lifetime: 20
  solar_capex: 1000.0
  solar_opex: 10
  solar_lifetime: 20
  carbon_price: 1.0
timeseries_values:
  load_level: 250527.2478061945
  wind_year: 2015
  solar_year: 2016
  price_year: 2023
  carbon_year: 2023
storage_values:
  CAES:
    cost: 42.4326
    lifetime: 25.3563
    annual_cost: 1.6734539345251476
    efficiency: 0.635329
    discharge_ratio: 0.1
    depth_of_discharge: 0.4
  Li-ion:
    cost: 215.305
    lifetime: 23.6971
    annual_cost: 9.08571090977377
    efficiency: 0.915774
    discharge_ratio: 2
    depth_of_discharge: 0.9
  Pb-acid:
    cost: 147.58
    lifetime: 13.3178
    annual_cost: 11.081409842466474
    efficiency: 0.760345
    discharge_ratio: 5
    depth_of_discharge: 0.5
  VRBF:
    cost: 321.762
    lifetime: 16.4221
    annual_cost: 19.593231072761704
    efficiency: 0.738445
    discharge_ratio: 0.5
    depth_of_discharge: 1.0
