cost_values:
  wind_capex: 5000.0
  wind_opex: 100
  wind_lifetime: 20
  solar_capex: 1000.0
  solar_opex: 10
  solar_lifetime: 20
  carbon_price: 1.0
timeseries_values:
  load_level: 250527.2478061945
  wind_year: 2015
  solar_year: 2016
  price_year: 2023
  carbon_year: 2023
storage_values:
  CAES:
    cost: 35.2036
    lifetime: 25.1563
    annual_cost: 1.3993949825689787
    efficiency: 0.64472
    discharge_ratio: 0.1
    depth_of_discharge: 0.4
  Li-ion:
    cost: 217.615
    lifetime: 27.1286
    annual_cost: 8.02160819209248
    efficiency: 0.90552
    discharge_ratio: 2
    depth_of_discharge: 0.9
  Pb-acid:
    cost: 127.732
    lifetime: 12.9139
    annual_cost: 9.891047630847382
    efficiency: 0.779619
    discharge_ratio: 5
    depth_of_discharge: 0.5
  VRBF:
    cost: 332.513
    lifetime: 18.3679
    annual_cost: 18.10294045590405
    efficiency: 0.752558
    discharge_ratio: 0.5
    depth_of_discharge: 1.0
