cost_values:
  wind_capex: 5000.0
  wind_opex: 100
  wind_lifetime: 20
  solar_capex: 1000.0
  solar_opex: 10
  solar_lifetime: 20
  carbon_price: 1.0
timeseries_values:
  load_level: 250527.2478061945
  wind_year: 2015
  solar_year: 2016
  price_year: 2023
  carbon_year: 2023
storage_values:
  CAES:
    cost: 34.7491
    lifetime: 24.295
    annual_cost: 1.4302984153117924
    efficiency: 0.639978
    discharge_ratio: 0.1
    depth_of_discharge: 0.4
  Li-ion:
    cost: 195.978
    lifetime: 25.702
    annual_cost: 7.6250097268695045
    efficiency: 0.919526
    discharge_ratio: 2
    depth_of_discharge: 0.9
  Pb-acid:
    cost: 126.24
    lifetime: 14.4918
    annual_cost: 8.71113319256407
    efficiency: 0.746457
    discharge_ratio: 5
    depth_of_discharge: 0.5
  VRBF:
    cost: 306.024
    lifetime: 13.8584
    annual_cost: 22.082202851700053
    efficiency: 0.747095
    discharge_ratio: 0.5
    depth_of_discharge: 1.0
