cost_values:
  wind_capex: 5000.0
  wind_opex: 100
  wind_lifetime: 20
  solar_capex: 1000.0
  solar_opex: 10
  solar_lifetime: 20
  carbon_price: 1.0
timeseries_values:
  load_level: 250527.2478061945
  wind_year: 2015
  solar_year: 2016
  price_year: 2023
  carbon_year: 2023
storage_values:
  CAES:
    cost: 35.8542
    lifetime: 25.6396
    annual_cost: 1.3983915505702116
    efficiency: 0.63626
    discharge_ratio: 0.1
    depth_of_discharge: 0.4
  Li-ion:
    cost: 206.744
    lifetime: 28.3858
    annual_cost: 7.283359989854082
    efficiency: 0.913477
    discharge_ratio: 2
    depth_of_discharge: 0.9
  Pb-acid:
    cost: 122.986
    lifetime: 14.0938
    annual_cost: 8.726248421291633
    efficiency: 0.756364
    discharge_ratio: 5
    depth_of_discharge: 0.5
  VRBF:
    cost: 337.587
    lifetime: 17.6878
    annual_cost: 19.085867094833727
    efficiency: 0.75449
    discharge_ratio: 0.5
    depth_of_discharge: 1.0
