cost_values:
  wind_capex: 5000.0
  wind_opex: 100
  wind_lifetime: 20
  solar_capex: 1000.0
  solar_opex: 10
  solar_lifetime: 20
  carbon_price: 1.0
timeseries_values:
  load_level: 250527.2478061945
  wind_year: 2015
  solar_year: 2016
  price_year: 2023
  carbon_year: 2023
storage_values:
  CAES:
    cost: 37.86
    lifetime: 24.7057
    annual_cost: 1.5324398822943692
    efficiency: 0.626966
    discharge_ratio: 0.1
    depth_of_discharge: 0.4
  Li-ion:
    cost: 216.163
    lifetime: 25.4686
    annual_cost: 8.487431582419136
    efficiency: 0.900618
    discharge_ratio: 2
    depth_of_discharge: 0.9
  Pb-acid:
    cost: 134.782
    lifetime: 14.0703
    annual_cost: 9.579184523428784
    efficiency: 0.760073
    discharge_ratio: 5
    depth_of_discharge: 0.5
  VRBF:
    cost: 339.051
    lifetime: 15.033
    annual_cost: 22.553781680303334
    efficiency: 0.784021
    discharge_ratio: 0.5
    depth_of_discharge: 1.0
