cost_values:
  wind_capex: 5000.0
  wind_opex: 100
  wind_lifetime: 20
  solar_capex: 1000.0
  solar_opex: 10
  solar_lifetime: 20
  carbon_price: 1.0
timeseries_values:
  load_level: 232611.98291562518
  wind_year: 2019
  solar_year: 2010
  price_year: 2023
  carbon_year: 2023
storage_values:
  CAES:
    cost: 35.8278
    lifetime: 24.3294
    annual_cost: 1.4726133813410935
    efficiency: 0.648731
    discharge_ratio: 0.1
    depth_of_discharge: 0.4
  Li-ion:
    cost: 177.369
    lifetime: 22.0754
    annual_cost: 8.034690198139106
    efficiency: 0.867923
    discharge_ratio: 2
    depth_of_discharge: 0.9
  Pb-acid:
    cost: 92.7185
    lifetime: 19.5328
    annual_cost: 4.746810493119266
    efficiency: 0.756721
    discharge_ratio: 5
    depth_of_discharge: 0.5
  VRBF:
    cost: 114.438
    lifetime: 28.5929
    annual_cost: 4.002322254825499
    efficiency: 0.78434
    discharge_ratio: 0.5
    depth_of_discharge: 1.0
