cost_values:
  wind_capex: 5000.0
  wind_opex: 100
  wind_lifetime: 20
  solar_capex: 1000.0
  solar_opex: 10
  solar_lifetime: 20
  carbon_price: 1.0
timeseries_values:
  load_level: 232611.98291562518
  wind_year: 2019
  solar_year: 2010
  price_year: 2023
  carbon_year: 2023
storage_values:
  CAES:
    cost: 44.2852
    lifetime: 25.1918
    annual_cost: 1.7579212283362047
    efficiency: 0.64458
    discharge_ratio: 0.1
    depth_of_discharge: 0.4
  Li-ion:
    cost: 179.161
    lifetime: 21.2675
    annual_cost: 8.424168331961914
    efficiency: 0.8691
    discharge_ratio: 2
    depth_of_discharge: 0.9
  Pb-acid:
    cost: 121.548
    lifetime: 18.0955
    annual_cost: 6.71702909563151
    efficiency: 0.764212
    discharge_ratio: 5
    depth_of_discharge: 0.5
  VRBF:
    cost: 104.203
    lifetime: 28.6763
    annual_cost: 3.633767257282146
    efficiency: 0.769334
    discharge_ratio: 0.5
    depth_of_discharge: 1.0
