cost_values:
  wind_capex: 5000.0
  wind_opex: 100
  wind_lifetime: 20
  solar_capex: 1000.0
  solar_opex: 10
  solar_lifetime: 20
  carbon_price: 1.0
timeseries_values:
  load_level: 232611.98291562518
  wind_year: 2019
  solar_year: 2010
  price_year: 2023
  carbon_year: 2023
storage_values:
  CAES:
    cost: 26.004
    lifetime: 25.0785
    annual_cost: 1.0369041210598722
    efficiency: 0.649779
    discharge_ratio: 0.1
    depth_of_discharge: 0.4
  Li-ion:
    cost: 186.928
    lifetime: 20.9074
    annual_cost: 8.940757817806135
    efficiency: 0.872385
    discharge_ratio: 2
    depth_of_discharge: 0.9
  Pb-acid:
    cost: 102.837
    lifetime: 19.1749
    annual_cost: 5.363104892333206
    efficiency: 0.767655
    discharge_ratio: 5
    depth_of_discharge: 0.5
  VRBF:
    cost: 133.768
    lifetime: 27.6394
    annual_cost: 4.839757737143354
    efficiency: 0.755352
    discharge_ratio: 0.5
    depth_of_discharge: 1.0
