cost_values:
  wind_capex: 5000.0
  wind_opex: 100
  wind_lifetime: 20
  solar_capex: 1000.0
  solar_opex: 10
  solar_lifetime: 20
  carbon_price: 1.0
timeseries_values:
  load_level: 232611.98291562518
  wind_year: 2019
  solar_year: 2010
  price_year: 2023
  carbon_year: 2023
storage_values:
  CAES:
    cost: 36.713
    lifetime: 24.6851
    annual_cost: 1.4872534443854797
    efficiency: 0.647623
    discharge_ratio: 0.1
    depth_of_discharge: 0.4
  Li-ion:
    cost: 179.873
    lifetime: 19.1217
    annual_cost: 9.406747308032235
    efficiency: 0.866445
    discharge_ratio: 2
    depth_of_discharge: 0.9
  Pb-acid:
    cost: 115.387
    lifetime: 18.6559
    annual_cost: 6.185013856206348
    efficiency: 0.754632
    discharge_ratio: 5
    depth_of_discharge: 0.5
  VRBF:
    cost: 125.876
    lifetime: 27.9249
    annual_cost: 4.507661620990586
    efficiency: 0.776997
    discharge_ratio: 0.5
    depth_of_discharge: 1.0
