cost_values:
  wind_capex: 5000.0
  wind_opex: 100
  wind_lifetime: 20
  solar_capex: 1000.0
  solar_opex: 10
  solar_lifetime: 20
  carbon_price: 1.0
timeseries_values:
  load_level: 232611.98291562518
  wind_year: 2019
  solar_year: 2010
  price_year: 2023
  carbon_year: 2023
storage_values:
  CAES:
    cost: 33.5796
    lifetime: 25.7719
    annual_cost: 1.3029539925267444
    efficiency: 0.647329
    discharge_ratio: 0.1
    depth_of_discharge: 0.4
  Li-ion:
    cost: 180.952
    lifetime: 21.8402
    annual_cost: 8.28527211289274
    efficiency: 0.85859
    discharge_ratio: 2
    depth_of_discharge: 0.9
  Pb-acid:
    cost: 103.703
    lifetime: 18.423
    annual_cost: 5.628996363241601
    efficiency: 0.774962
    discharge_ratio: 5
    depth_of_discharge: 0.5
  VRBF:
    cost: 113.526
    lifetime: 26.3656
    annual_cost: 4.305837910003945
    efficiency: 0.764158
    discharge_ratio: 0.5
    depth_of_discharge: 1.0
