cost_values:
  wind_capex: 5000.0
  wind_opex: 100
  wind_lifetime: 20
  solar_capex: 1000.0
  solar_opex: 10
  solar_lifetime: 20
  carbon_price: 1.0
timeseries_values:
  load_level: 232611.98291562518
  wind_year: 2019
  solar_year: 2010
  price_year: 2023
  carbon_year: 2023
storage_values:
  CAES:
    cost: 42.4228
    lifetime: 25.5342
    annual_cost: 1.6614109703848174
    efficiency: 0.640293
    discharge_ratio: 0.1
    depth_of_discharge: 0.4
  Li-ion:
    cost: 189.734
    lifetime: 21.984
    annual_cost: 8.630549490538574
    efficiency: 0.85676
    discharge_ratio: 2
    depth_of_discharge: 0.9
  Pb-acid:
    cost: 96.3154
    lifetime: 17.7401
    annual_cost: 5.429247862187924
    efficiency: 0.7746
    discharge_ratio: 5
    depth_of_discharge: 0.5
  VRBF:
    cost: 162.521
    lifetime: 28.8563
    annual_cost: 5.632080342940709
    efficiency: 0.774936
    discharge_ratio: 0.5
    depth_of_discharge: 1.0
