cost_values:
  wind_capex: 5000.0
  wind_opex: 100
  wind_lifetime: 20
  solar_capex: 1000.0
  solar_opex: 10
  solar_lifetime: 20
  carbon_price: 1.0
timeseries_values:
  load_level: 232611.98291562518
  wind_year: 2019
  solar_year: 2010
  price_year: 2023
  carbon_year: 2023
storage_values:
  CAES:
    cost: 30.1921
    lifetime: 24.6311
    annual_cost: 1.2257714840181722
    efficiency: 0.632121
    discharge_ratio: 0.1
    depth_of_discharge: 0.4
  Li-ion:
    cost: 163.967
    lifetime: 21.9064
    annual_cost: 7.484890260380528
    efficiency: 0.870883
    discharge_ratio: 2
    depth_of_discharge: 0.9
  Pb-acid:
    cost: 117.945
    lifetime: 19.6493
    annual_cost: 6.002503905991562
    efficiency: 0.763707
    discharge_ratio: 5
    depth_of_discharge: 0.5
  VRBF:
    cost: 121.786
    lifetime: 29.6545
    annual_cost: 4.10683032929235
    efficiency: 0.789019
    discharge_ratio: 0.5
    depth_of_discharge: 1.0
