cost_values:
  wind_capex: 5000.0
  wind_opex: 100
  wind_lifetime: 20
  solar_capex: 1000.0
  solar_opex: 10
  solar_lifetime: 20
  carbon_price: 1.0
timeseries_values:
  load_level: 232611.98291562518
  wind_year: 2019
  solar_year: 2010
  price_year: 2023
  carbon_year: 2023
storage_values:
  CAES:
    cost: 37.7752
    lifetime: 25.2845
    annual_cost: 1.4940062093377364
    efficiency: 0.633725
    discharge_ratio: 0.1
    depth_of_discharge: 0.4
  Li-ion:
    cost: 183.604
    lifetime: 19.1994
    annual_cost: 9.563007177307625
    efficiency: 0.856505
    discharge_ratio: 2
    depth_of_discharge: 0.9
  Pb-acid:
    cost: 106.856
    lifetime: 18.9864
    annual_cost: 5.628028483546117
    efficiency: 0.770009
    discharge_ratio: 5
    depth_of_discharge: 0.5
  VRBF:
    cost: 146.393
    lifetime: 29.3978
    annual_cost: 4.979726374082414
    efficiency: 0.758989
    discharge_ratio: 0.5
    depth_of_discharge: 1.0
