cost_values:
  wind_capex: 5000.0
  wind_opex: 100
  wind_lifetime: 20
  solar_capex: 1000.0
  solar_opex: 10
  solar_lifetime: 20
  carbon_price: 1.0
timeseries_values:
  load_level: 232611.98291562518
  wind_year: 2019
  solar_year: 2010
  price_year: 2023
  carbon_year: 2023
storage_values:
  CAES:
    cost: 41.0426
    lifetime: 23.9324
    annual_cost: 1.7149387441292974
    efficiency: 0.636826
    discharge_ratio: 0.1
    depth_of_discharge: 0.4
  Li-ion:
    cost: 188.624
    lifetime: 20.4377
    annual_cost: 9.229218551989705
    efficiency: 0.877536
    discharge_ratio: 2
    depth_of_discharge: 0.9
  Pb-acid:
    cost: 109.227
    lifetime: 19.1376
    annual_cost: 5.707455480311011
    efficiency: 0.772724
    discharge_ratio: 5
    depth_of_discharge: 0.5
  VRBF:
    cost: 116.426
    lifetime: 27.7656
    annual_cost: 4.193174287607688
    efficiency: 0.742697
    discharge_ratio: 0.5
    depth_of_discharge: 1.0
