cost_values:
  wind_capex: 5000.0
  wind_opex: 100
  wind_lifetime: 20
  solar_capex: 1000.0
  solar_opex: 10
  solar_lifetime: 20
  carbon_price: 1.0
timeseries_values:
  load_level: 232611.98291562518
  wind_year: 2019
  solar_year: 2010
  price_year: 2023
  carbon_year: 2023
storage_values:
  CAES:
    cost: 32.0638
    lifetime: 24.645
    annual_cost: 1.3010265773990668
    efficiency: 0.64981
    discharge_ratio: 0.1
    depth_of_discharge: 0.4
  Li-ion:
    cost: 185.013
    lifetime: 21.1004
    annual_cost: 8.76822240336676
    efficiency: 0.85954
    discharge_ratio: 2
    depth_of_discharge: 0.9
  Pb-acid:
    cost: 120.593
    lifetime: 18.5598
    annual_cost: 6.4975376889837175
    efficiency: 0.753163
    discharge_ratio: 5
    depth_of_discharge: 0.5
  VRBF:
    cost: 133.599
    lifetime: 29.5501
    annual_cost: 4.521101451433328
    efficiency: 0.765015
    discharge_ratio: 0.5
    depth_of_discharge: 1.0
