cost_values:
  wind_capex: 5000.0
  wind_opex: 100
  wind_lifetime: 20
  solar_capex: 1000.0
  solar_opex: 10
  solar_lifetime: 20
  carbon_price: 1.0
timeseries_values:
  load_level: 232611.98291562518
  wind_year: 2019
  solar_year: 2010
  price_year: 2023
  carbon_year: 2023
storage_values:
  CAES:
    cost: 35.2308
    lifetime: 24.987
    annual_cost: 1.4099651818945853
    efficiency: 0.645684
    discharge_ratio: 0.1
    depth_of_discharge: 0.4
  Li-ion:
    cost: 199.004
    lifetime: 20.0956
    annual_cost: 9.902864308604867
    efficiency: 0.858785
    discharge_ratio: 2
    depth_of_discharge: 0.9
  Pb-acid:
    cost: 120.811
    lifetime: 18.8284
    annual_cost: 6.41642412525759
    efficiency: 0.756488
    discharge_ratio: 5
    depth_of_discharge: 0.5
  VRBF:
    cost: 123.585
    lifetime: 27.0313
    annual_cost: 4.571922179103483
    efficiency: 0.770863
    discharge_ratio: 0.5
    depth_of_discharge: 1.0
