cost_values:
  wind_capex: 5000.0
  wind_opex: 100
  wind_lifetime: 20
  solar_capex: 1000.0
  solar_opex: 10
  solar_lifetime: 20
  carbon_price: 1.0
timeseries_values:
  load_level: 232611.98291562518
  wind_year: 2019
  solar_year: 2010
  price_year: 2023
  carbon_year: 2023
storage_values:
  CAES:
    cost: 32.4786
    lifetime: 25.3266
    annual_cost: 1.2823908459880127
    efficiency: 0.644925
    discharge_ratio: 0.1
    depth_of_discharge: 0.4
  Li-ion:
    cost: 187.775
    lifetime: 21.442
    annual_cost: 8.757345396884618
    efficiency: 0.866352
    discharge_ratio: 2
    depth_of_discharge: 0.9
  Pb-acid:
    cost: 124.763
    lifetime: 18.7053
    annual_cost: 6.669927774481029
    efficiency: 0.773873
    discharge_ratio: 5
    depth_of_discharge: 0.5
  VRBF:
    cost: 159.231
    lifetime: 29.4498
    annual_cost: 5.406861846260416
    efficiency: 0.786176
    discharge_ratio: 0.5
    depth_of_discharge: 1.0
