cost_values:
  wind_capex: 5000.0
  wind_opex: 100
  wind_lifetime: 20
  solar_capex: 1000.0
  solar_opex: 10
  solar_lifetime: 20
  carbon_price: 1.0
timeseries_values:
  load_level: 232611.98291562518
  wind_year: 2019
  solar_year: 2010
  price_year: 2023
  carbon_year: 2023
storage_values:
  CAES:
    cost: 31.6835
    lifetime: 24.1553
    annual_cost: 1.31165831101249
    efficiency: 0.649855
    discharge_ratio: 0.1
    depth_of_discharge: 0.4
  Li-ion:
    cost: 186.721
    lifetime: 19.1905
    annual_cost: 9.729866340116203
    efficiency: 0.858575
    discharge_ratio: 2
    depth_of_discharge: 0.9
  Pb-acid:
    cost: 94.3044
    lifetime: 19.2648
    annual_cost: 4.895166313691291
    efficiency: 0.761552
    discharge_ratio: 5
    depth_of_discharge: 0.5
  VRBF:
    cost: 132.385
    lifetime: 28.0388
    annual_cost: 4.721493073883333
    efficiency: 0.765678
    discharge_ratio: 0.5
    depth_of_discharge: 1.0
