cost_values:
  wind_capex: 5000.0
  wind_opex: 100
  wind_lifetime: 20
  solar_capex: 1000.0
  solar_opex: 10
  solar_lifetime: 20
  carbon_price: 1.0
timeseries_values:
  load_level: 232611.98291562518
  wind_year: 2019
  solar_year: 2010
  price_year: 2023
  carbon_year: 2023
storage_values:
  CAES:
    cost: 33.613
    lifetime: 24.8744
    annual_cost: 1.3513089762969157
    efficiency: 0.638863
    discharge_ratio: 0.1
    depth_of_discharge: 0.4
  Li-ion:
    cost: 175.165
    lifetime: 21.5483
    annual_cost: 8.128947527183119
    efficiency: 0.866347
    discharge_ratio: 2
    depth_of_discharge: 0.9
  Pb-acid:
    cost: 119.831
    lifetime: 18.9239
    annual_cost: 6.3322570928825455
    efficiency: 0.758061
    discharge_ratio: 5
    depth_of_discharge: 0.5
  VRBF:
    cost: 139.005
    lifetime: 27.7238
    annual_cost: 5.013923055281022
    efficiency: 0.781317
    discharge_ratio: 0.5
    depth_of_discharge: 1.0
