cost_values:
  wind_capex: 5000.0
  wind_opex: 100
  wind_lifetime: 20
  solar_capex: 1000.0
  solar_opex: 10
  solar_lifetime: 20
  carbon_price: 1.0
timeseries_values:
  load_level: 232611.98291562518
  wind_year: 2019
  solar_year: 2010
  price_year: 2023
  carbon_year: 2023
storage_values:
  CAES:
    cost: 29.0227
    lifetime: 23.5303
    annual_cost: 1.2334181884633855
    efficiency: 0.642486
    discharge_ratio: 0.1
    depth_of_discharge: 0.4
  Li-ion:
    cost: 178.194
    lifetime: 21.8893
    annual_cost: 8.140689743390606
    efficiency: 0.868247
    discharge_ratio: 2
    depth_of_discharge: 0.9
  Pb-acid:
    cost: 113.255
    lifetime: 18.6571
    annual_cost: 6.070343193743937
    efficiency: 0.762332
    discharge_ratio: 5
    depth_of_discharge: 0.5
  VRBF:
    cost: 137.761
    lifetime: 27.1713
    annual_cost: 5.070092340079422
    efficiency: 0.751397
    discharge_ratio: 0.5
    depth_of_discharge: 1.0
