cost_values:
  wind_capex: 5000.0
  wind_opex: 100
  wind_lifetime: 20
  solar_capex: 1000.0
  solar_opex: 10
  solar_lifetime: 20
  carbon_price: 1.0
timeseries_values:
  load_level: 232611.98291562518
  wind_year: 2019
  solar_year: 2010
  price_year: 2023
  carbon_year: 2023
storage_values:
  CAES:
    cost: 32.9328
    lifetime: 24.9166
    annual_cost: 1.3217212621304673
    efficiency: 0.636042
    discharge_ratio: 0.1
    depth_of_discharge: 0.4
  Li-ion:
    cost: 181.957
    lifetime: 20.5365
    annual_cost: 8.860175784578676
    efficiency: 0.850256
    discharge_ratio: 2
    depth_of_discharge: 0.9
  Pb-acid:
    cost: 101.596
    lifetime: 17.6014
    annual_cost: 5.772040860386105
    efficiency: 0.75675
    discharge_ratio: 5
    depth_of_discharge: 0.5
  VRBF:
    cost: 149.379
    lifetime: 27.362
    annual_cost: 5.4593596959286605
    efficiency: 0.775169
    discharge_ratio: 0.5
    depth_of_discharge: 1.0
