cost_values:
  wind_capex: 5000.0
  wind_opex: 100
  wind_lifetime: 20
  solar_capex: 1000.0
  solar_opex: 10
  solar_lifetime: 20
  carbon_price: 1.0
timeseries_values:
  load_level: 232611.98291562518
  wind_year: 2019
  solar_year: 2010
  price_year: 2023
  carbon_year: 2023
storage_values:
  CAES:
    cost: 36.1162
    lifetime: 24.7206
    annual_cost: 1.4609758662815626
    efficiency: 0.638902
    discharge_ratio: 0.1
    depth_of_discharge: 0.4
  Li-ion:
    cost: 171.598
    lifetime: 21.091
    annual_cost: 8.136076999668106
    efficiency: 0.866625
    discharge_ratio: 2
    depth_of_discharge: 0.9
  Pb-acid:
    cost: 125.287
    lifetime: 17.8203
    annual_cost: 7.030577487472153
    efficiency: 0.778565
    discharge_ratio: 5
    depth_of_discharge: 0.5
  VRBF:
    cost: 137.573
    lifetime: 26.5459
    annual_cost: 5.182457554650624
    efficiency: 0.783352
    discharge_ratio: 0.5
    depth_of_discharge: 1.0
