cost_values:
  wind_capex: 5000.0
  wind_opex: 100
  wind_lifetime: 20
  solar_capex: 1000.0
  solar_opex: 10
  solar_lifetime: 20
  carbon_price: 1.0
timeseries_values:
  load_level: 232611.98291562518
  wind_year: 2019
  solar_year: 2010
  price_year: 2023
  carbon_year: 2023
storage_values:
  CAES:
    cost: 30.2333
    lifetime: 24.6949
    annual_cost: 1.2242730280341285
    efficiency: 0.648186
    discharge_ratio: 0.1
    depth_of_discharge: 0.4
  Li-ion:
    cost: 196.139
    lifetime: 21.6605
    annual_cost: 9.055146464763048
    efficiency: 0.879252
    discharge_ratio: 2
    depth_of_discharge: 0.9
  Pb-acid:
    cost: 110.941
    lifetime: 18.1115
    annual_cost: 6.125445159153025
    efficiency: 0.757572
    discharge_ratio: 5
    depth_of_discharge: 0.5
  VRBF:
    cost: 150.579
    lifetime: 26.7539
    annual_cost: 5.628300920613444
    efficiency: 0.771906
    discharge_ratio: 0.5
    depth_of_discharge: 1.0
