cost_values:
  wind_capex: 5000.0
  wind_opex: 100
  wind_lifetime: 20
  solar_capex: 1000.0
  solar_opex: 10
  solar_lifetime: 20
  carbon_price: 1.0
timeseries_values:
  load_level: 232611.98291562518
  wind_year: 2019
  solar_year: 2010
  price_year: 2023
  carbon_year: 2023
storage_values:
  CAES:
    cost: 34.5202
    lifetime: 26.4808
    annual_cost: 1.3035935470227487
    efficiency: 0.626065
    discharge_ratio: 0.1
    depth_of_discharge: 0.4
  Li-ion:
    cost: 192.251
    lifetime: 22.7299
    annual_cost: 8.458066247541785
    efficiency: 0.856843
    discharge_ratio: 2
    depth_of_discharge: 0.9
  Pb-acid:
    cost: 110.898
    lifetime: 18.7428
    annual_cost: 5.9168320635123886
    efficiency: 0.758129
    discharge_ratio: 5
    depth_of_discharge: 0.5
  VRBF:
    cost: 108.369
    lifetime: 27.9373
    annual_cost: 3.8790076349539864
    efficiency: 0.776607
    discharge_ratio: 0.5
    depth_of_discharge: 1.0
