cost_values:
  wind_capex: 5000.0
  wind_opex: 100
  wind_lifetime: 20
  solar_capex: 1000.0
  solar_opex: 10
  solar_lifetime: 20
  carbon_price: 1.0
timeseries_values:
  load_level: 232611.98291562518
  wind_year: 2019
  solar_year: 2010
  price_year: 2023
  carbon_year: 2023
storage_values:
  CAES:
    cost: 39.61
    lifetime: 25.1963
    annual_cost: 1.5720562146029378
    efficiency: 0.633433
    discharge_ratio: 0.1
    depth_of_discharge: 0.4
  Li-ion:
    cost: 181.755
    lifetime: 22.0281
    annual_cost: 8.251052065316573
    efficiency: 0.859835
    discharge_ratio: 2
    depth_of_discharge: 0.9
  Pb-acid:
    cost: 107.002
    lifetime: 17.6202
    annual_cost: 6.072689299780933
    efficiency: 0.761879
    discharge_ratio: 5
    depth_of_discharge: 0.5
  VRBF:
    cost: 123.822
    lifetime: 27.7805
    annual_cost: 4.4571551987905185
    efficiency: 0.778891
    discharge_ratio: 0.5
    depth_of_discharge: 1.0
