cost_values:
  wind_capex: 5000.0
  wind_opex: 100
  wind_lifetime: 20
  solar_capex: 1000.0
  solar_opex: 10
  solar_lifetime: 20
  carbon_price: 1.0
timeseries_values:
  load_level: 232611.98291562518
  wind_year: 2019
  solar_year: 2010
  price_year: 2023
  carbon_year: 2023
storage_values:
  CAES:
    cost: 36.8817
    lifetime: 25.037
    annual_cost: 1.473087830011583
    efficiency: 0.63573
    discharge_ratio: 0.1
    depth_of_discharge: 0.4
  Li-ion:
    cost: 201.633
    lifetime: 18.8196
    annual_cost: 10.713989670343684
    efficiency: 0.860643
    discharge_ratio: 2
    depth_of_discharge: 0.9
  Pb-acid:
    cost: 123.127
    lifetime: 19.316
    annual_cost: 6.374352868088631
    efficiency: 0.7686
    discharge_ratio: 5
    depth_of_discharge: 0.5
  VRBF:
    cost: 113.145
    lifetime: 29.9735
    annual_cost: 3.7748344370860925
    efficiency: 0.763528
    discharge_ratio: 0.5
    depth_of_discharge: 1.0
