cost_values:
  wind_capex: 5000.0
  wind_opex: 100
  wind_lifetime: 20
  solar_capex: 1000.0
  solar_opex: 10
  solar_lifetime: 20
  carbon_price: 1.0
timeseries_values:
  load_level: 232611.98291562518
  wind_year: 2019
  solar_year: 2010
  price_year: 2023
  carbon_year: 2023
storage_values:
  CAES:
    cost: 38.8282
    lifetime: 25.7937
    annual_cost: 1.5053365744348426
    efficiency: 0.64558
    discharge_ratio: 0.1
    depth_of_discharge: 0.4
  Li-ion:
    cost: 195.561
    lifetime: 19.8688
    annual_cost: 9.842617571267516
    efficiency: 0.874648
    discharge_ratio: 2
    depth_of_discharge: 0.9
  Pb-acid:
    cost: 118.144
    lifetime: 18.911
    annual_cost: 6.247369255988578
    efficiency: 0.746741
    discharge_ratio: 5
    depth_of_discharge: 0.5
  VRBF:
    cost: 147.284
    lifetime: 29.633
    annual_cost: 4.970269631829379
    efficiency: 0.76494
    discharge_ratio: 0.5
    depth_of_discharge: 1.0
