cost_values:
  wind_capex: 5000.0
  wind_opex: 100
  wind_lifetime: 20
  solar_capex: 1000.0
  solar_opex: 10
  solar_lifetime: 20
  carbon_price: 1.0
timeseries_values:
  load_level: 232611.98291562518
  wind_year: 2019
  solar_year: 2010
  price_year: 2023
  carbon_year: 2023
storage_values:
  CAES:
    cost: 31.5399
    lifetime: 25.0084
    annual_cost: 1.2611722461253019
    efficiency: 0.638653
    discharge_ratio: 0.1
    depth_of_discharge: 0.4
  Li-ion:
    cost: 175.176
    lifetime: 18.441
    annual_cost: 9.499267935578331
    efficiency: 0.851205
    discharge_ratio: 2
    depth_of_discharge: 0.9
  Pb-acid:
    cost: 116.894
    lifetime: 17.9825
    annual_cost: 6.500430974558598
    efficiency: 0.757861
    discharge_ratio: 5
    depth_of_discharge: 0.5
  VRBF:
    cost: 101.519
    lifetime: 27.5262
    annual_cost: 3.688086259636274
    efficiency: 0.783971
    discharge_ratio: 0.5
    depth_of_discharge: 1.0
