cost_values:
  wind_capex: 5000.0
  wind_opex: 100
  wind_lifetime: 20
  solar_capex: 1000.0
  solar_opex: 10
  solar_lifetime: 20
  carbon_price: 1.0
timeseries_values:
  load_level: 232611.98291562518
  wind_year: 2019
  solar_year: 2010
  price_year: 2023
  carbon_year: 2023
storage_values:
  CAES:
    cost: 40.3095
    lifetime: 25.0205
    annual_cost: 1.6110589316760258
    efficiency: 0.649818
    discharge_ratio: 0.1
    depth_of_discharge: 0.4
  Li-ion:
    cost: 200.878
    lifetime: 20.9366
    annual_cost: 9.594585558304596
    efficiency: 0.871428
    discharge_ratio: 2
    depth_of_discharge: 0.9
  Pb-acid:
    cost: 119.288
    lifetime: 18.2785
    annual_cost: 6.526137265092868
    efficiency: 0.755416
    discharge_ratio: 5
    depth_of_discharge: 0.5
  VRBF:
    cost: 130.353
    lifetime: 26.9729
    annual_cost: 4.832739527451628
    efficiency: 0.774418
    discharge_ratio: 0.5
    depth_of_discharge: 1.0
