cost_values:
  wind_capex: 5000.0
  wind_opex: 100
  wind_lifetime: 20
  solar_capex: 1000.0
  solar_opex: 10
  solar_lifetime: 20
  carbon_price: 1.0
timeseries_values:
  load_level: 232611.98291562518
  wind_year: 2019
  solar_year: 2010
  price_year: 2023
  carbon_year: 2023
storage_values:
  CAES:
    cost: 25.851
    lifetime: 25.4337
    annual_cost: 1.0164073650314345
    efficiency: 0.642882
    discharge_ratio: 0.1
    depth_of_discharge: 0.4
  Li-ion:
    cost: 164.781
    lifetime: 18.8663
    annual_cost: 8.734145009885353
    efficiency: 0.862055
    discharge_ratio: 2
    depth_of_discharge: 0.9
  Pb-acid:
    cost: 101.679
    lifetime: 18.1755
    annual_cost: 5.594289015432863
    efficiency: 0.756104
    discharge_ratio: 5
    depth_of_discharge: 0.5
  VRBF:
    cost: 110.738
    lifetime: 28.7232
    annual_cost: 3.855350378787879
    efficiency: 0.775084
    discharge_ratio: 0.5
    depth_of_discharge: 1.0
