cost_values:
  wind_capex: 5000.0
  wind_opex: 100
  wind_lifetime: 20
  solar_capex: 1000.0
  solar_opex: 10
  solar_lifetime: 20
  carbon_price: 1.0
timeseries_values:
  load_level: 232611.98291562518
  wind_year: 2019
  solar_year: 2010
  price_year: 2023
  carbon_year: 2023
storage_values:
  CAES:
    cost: 30.1562
    lifetime: 24.5296
    annual_cost: 1.2293800143500098
    efficiency: 0.643183
    discharge_ratio: 0.1
    depth_of_discharge: 0.4
  Li-ion:
    cost: 164.51
    lifetime: 20.7237
    annual_cost: 7.938254269266587
    efficiency: 0.852718
    discharge_ratio: 2
    depth_of_discharge: 0.9
  Pb-acid:
    cost: 93.2842
    lifetime: 18.7628
    annual_cost: 4.9717632762700665
    efficiency: 0.774708
    discharge_ratio: 5
    depth_of_discharge: 0.5
  VRBF:
    cost: 126.301
    lifetime: 26.9921
    annual_cost: 4.679183909366074
    efficiency: 0.788723
    discharge_ratio: 0.5
    depth_of_discharge: 1.0
