cost_values:
  wind_capex: 5000.0
  wind_opex: 100
  wind_lifetime: 20
  solar_capex: 1000.0
  solar_opex: 10
  solar_lifetime: 20
  carbon_price: 1.0
timeseries_values:
  load_level: 232611.98291562518
  wind_year: 2019
  solar_year: 2010
  price_year: 2023
  carbon_year: 2023
storage_values:
  CAES:
    cost: 35.1949
    lifetime: 25.2843
    annual_cost: 1.3919665563215116
    efficiency: 0.641653
    discharge_ratio: 0.1
    depth_of_discharge: 0.4
  Li-ion:
    cost: 175.501
    lifetime: 20.6858
    annual_cost: 8.484129209409353
    efficiency: 0.877202
    discharge_ratio: 2
    depth_of_discharge: 0.9
  Pb-acid:
    cost: 111.119
    lifetime: 19.456
    annual_cost: 5.711297286184211
    efficiency: 0.753937
    discharge_ratio: 5
    depth_of_discharge: 0.5
  VRBF:
    cost: 119.889
    lifetime: 27.3299
    annual_cost: 4.386733943409965
    efficiency: 0.7777
    discharge_ratio: 0.5
    depth_of_discharge: 1.0
