cost_values:
  wind_capex: 5000.0
  wind_opex: 100
  wind_lifetime: 20
  solar_capex: 1000.0
  solar_opex: 10
  solar_lifetime: 20
  carbon_price: 1.0
timeseries_values:
  load_level: 232611.98291562518
  wind_year: 2019
  solar_year: 2010
  price_year: 2023
  carbon_year: 2023
storage_values:
  CAES:
    cost: 30.7254
    lifetime: 25.2623
    annual_cost: 1.216255051994474
    efficiency: 0.642765
    discharge_ratio: 0.1
    depth_of_discharge: 0.4
  Li-ion:
    cost: 188.388
    lifetime: 20.5167
    annual_cost: 9.182178420506222
    efficiency: 0.870578
    discharge_ratio: 2
    depth_of_discharge: 0.9
  Pb-acid:
    cost: 113.267
    lifetime: 18.104
    annual_cost: 6.256462660185594
    efficiency: 0.759357
    discharge_ratio: 5
    depth_of_discharge: 0.5
  VRBF:
    cost: 128.608
    lifetime: 29.5192
    annual_cost: 4.356757635708285
    efficiency: 0.78678
    discharge_ratio: 0.5
    depth_of_discharge: 1.0
