cost_values:
  wind_capex: 5000.0
  wind_opex: 100
  wind_lifetime: 20
  solar_capex: 1000.0
  solar_opex: 10
  solar_lifetime: 20
  carbon_price: 1.0
timeseries_values:
  load_level: 232611.98291562518
  wind_year: 2019
  solar_year: 2010
  price_year: 2023
  carbon_year: 2023
storage_values:
  CAES:
    cost: 31.0132
    lifetime: 24.7307
    annual_cost: 1.2540364809730418
    efficiency: 0.647521
    discharge_ratio: 0.1
    depth_of_discharge: 0.4
  Li-ion:
    cost: 179.608
    lifetime: 20.0072
    annual_cost: 8.977168219441001
    efficiency: 0.860878
    discharge_ratio: 2
    depth_of_discharge: 0.9
  Pb-acid:
    cost: 109.907
    lifetime: 19.2169
    annual_cost: 5.719288751047255
    efficiency: 0.764151
    discharge_ratio: 5
    depth_of_discharge: 0.5
  VRBF:
    cost: 100.073
    lifetime: 28.8926
    annual_cost: 3.46362044260468
    efficiency: 0.775856
    discharge_ratio: 0.5
    depth_of_discharge: 1.0
