cost_values:
  wind_capex: 5000.0
  wind_opex: 100
  wind_lifetime: 20
  solar_capex: 1000.0
  solar_opex: 10
  solar_lifetime: 20
  carbon_price: 1.0
timeseries_values:
  load_level: 232611.98291562518
  wind_year: 2019
  solar_year: 2010
  price_year: 2023
  carbon_year: 2023
storage_values:
  CAES:
    cost: 44.3362
    lifetime: 25.3416
    annual_cost: 1.7495422546326989
    efficiency: 0.643494
    discharge_ratio: 0.1
    depth_of_discharge: 0.4
  Li-ion:
    cost: 195.7
    lifetime: 20.4737
    annual_cost: 9.558604453518415
    efficiency: 0.854171
    discharge_ratio: 2
    depth_of_discharge: 0.9
  Pb-acid:
    cost: 87.6423
    lifetime: 19.4355
    annual_cost: 4.50939260631319
    efficiency: 0.783174
    discharge_ratio: 5
    depth_of_discharge: 0.5
  VRBF:
    cost: 132.899
    lifetime: 28.9895
    annual_cost: 4.584384001103848
    efficiency: 0.754861
    discharge_ratio: 0.5
    depth_of_discharge: 1.0
