cost_values:
  wind_capex: 5000.0
  wind_opex: 100
  wind_lifetime: 20
  solar_capex: 1000.0
  solar_opex: 10
  solar_lifetime: 20
  carbon_price: 1.0
timeseries_values:
  load_level: 232611.98291562518
  wind_year: 2019
  solar_year: 2010
  price_year: 2023
  carbon_year: 2023
storage_values:
  CAES:
    cost: 33.7919
    lifetime: 24.1467
    annual_cost: 1.3994417456629684
    efficiency: 0.636941
    discharge_ratio: 0.1
    depth_of_discharge: 0.4
  Li-ion:
    cost: 194.993
    lifetime: 19.065
    annual_cost: 10.227799632835037
    efficiency: 0.854932
    discharge_ratio: 2
    depth_of_discharge: 0.9
  Pb-acid:
    cost: 107.34
    lifetime: 18.6361
    annual_cost: 5.759788797012251
    efficiency: 0.752567
    discharge_ratio: 5
    depth_of_discharge: 0.5
  VRBF:
    cost: 118.045
    lifetime: 27.1493
    annual_cost: 4.347994239262154
    efficiency: 0.776302
    discharge_ratio: 0.5
    depth_of_discharge: 1.0
