cost_values:
  wind_capex: 5000.0
  wind_opex: 100
  wind_lifetime: 20
  solar_capex: 1000.0
  solar_opex: 10
  solar_lifetime: 20
  carbon_price: 1.0
timeseries_values:
  load_level: 232611.98291562518
  wind_year: 2019
  solar_year: 2010
  price_year: 2023
  carbon_year: 2023
storage_values:
  CAES:
    cost: 31.8871
    lifetime: 24.504
    annual_cost: 1.301301828272935
    efficiency: 0.641142
    discharge_ratio: 0.1
    depth_of_discharge: 0.4
  Li-ion:
    cost: 175.069
    lifetime: 21.0459
    annual_cost: 8.318437320333176
    efficiency: 0.861897
    discharge_ratio: 2
    depth_of_discharge: 0.9
  Pb-acid:
    cost: 110.101
    lifetime: 19.1701
    annual_cost: 5.7433711874220785
    efficiency: 0.765667
    discharge_ratio: 5
    depth_of_discharge: 0.5
  VRBF:
    cost: 123.952
    lifetime: 26.452
    annual_cost: 4.685921669438984
    efficiency: 0.755681
    discharge_ratio: 0.5
    depth_of_discharge: 1.0
