cost_values:
  wind_capex: 5000.0
  wind_opex: 100
  wind_lifetime: 20
  solar_capex: 1000.0
  solar_opex: 10
  solar_lifetime: 20
  carbon_price: 1.0
timeseries_values:
  load_level: 232611.98291562518
  wind_year: 2019
  solar_year: 2010
  price_year: 2023
  carbon_year: 2023
storage_values:
  CAES:
    cost: 37.3874
    lifetime: 24.2959
    annual_cost: 1.5388357706444298
    efficiency: 0.647243
    discharge_ratio: 0.1
    depth_of_discharge: 0.4
  Li-ion:
    cost: 170.554
    lifetime: 19.3546
    annual_cost: 8.812065348805968
    efficiency: 0.866017
    discharge_ratio: 2
    depth_of_discharge: 0.9
  Pb-acid:
    cost: 115.689
    lifetime: 18.8828
    annual_cost: 6.126686720189802
    efficiency: 0.765888
    discharge_ratio: 5
    depth_of_discharge: 0.5
  VRBF:
    cost: 117.581
    lifetime: 29.0724
    annual_cost: 4.044420137312366
    efficiency: 0.763942
    discharge_ratio: 0.5
    depth_of_discharge: 1.0
