cost_values:
  wind_capex: 5000.0
  wind_opex: 100
  wind_lifetime: 20
  solar_capex: 1000.0
  solar_opex: 10
  solar_lifetime: 20
  carbon_price: 1.0
timeseries_values:
  load_level: 232611.98291562518
  wind_year: 2019
  solar_year: 2010
  price_year: 2023
  carbon_year: 2023
storage_values:
  CAES:
    cost: 36.4448
    lifetime: 24.0567
    annual_cost: 1.5149542539084746
    efficiency: 0.634198
    discharge_ratio: 0.1
    depth_of_discharge: 0.4
  Li-ion:
    cost: 173.397
    lifetime: 23.5651
    annual_cost: 7.358211932052059
    efficiency: 0.857508
    discharge_ratio: 2
    depth_of_discharge: 0.9
  Pb-acid:
    cost: 131.768
    lifetime: 18.2048
    annual_cost: 7.238091052909123
    efficiency: 0.771607
    discharge_ratio: 5
    depth_of_discharge: 0.5
  VRBF:
    cost: 127.553
    lifetime: 28.7798
    annual_cost: 4.432032189243844
    efficiency: 0.784289
    discharge_ratio: 0.5
    depth_of_discharge: 1.0
