cost_values:
  wind_capex: 5000.0
  wind_opex: 100
  wind_lifetime: 20
  solar_capex: 1000.0
  solar_opex: 10
  solar_lifetime: 20
  carbon_price: 1.0
timeseries_values:
  load_level: 232611.98291562518
  wind_year: 2019
  solar_year: 2010
  price_year: 2023
  carbon_year: 2023
storage_values:
  CAES:
    cost: 33.244
    lifetime: 25.5008
    annual_cost: 1.3036453758313464
    efficiency: 0.649802
    discharge_ratio: 0.1
    depth_of_discharge: 0.4
  Li-ion:
    cost: 190.1
    lifetime: 22.2218
    annual_cost: 8.554662538588232
    efficiency: 0.861439
    discharge_ratio: 2
    depth_of_discharge: 0.9
  Pb-acid:
    cost: 120.225
    lifetime: 17.598
    annual_cost: 6.8317422434367545
    efficiency: 0.777492
    discharge_ratio: 5
    depth_of_discharge: 0.5
  VRBF:
    cost: 136.733
    lifetime: 27.789
    annual_cost: 4.920400158336032
    efficiency: 0.790096
    discharge_ratio: 0.5
    depth_of_discharge: 1.0
