cost_values:
  wind_capex: 5000.0
  wind_opex: 100
  wind_lifetime: 20
  solar_capex: 1000.0
  solar_opex: 10
  solar_lifetime: 20
  carbon_price: 1.0
timeseries_values:
  load_level: 232611.98291562518
  wind_year: 2019
  solar_year: 2010
  price_year: 2023
  carbon_year: 2023
storage_values:
  CAES:
    cost: 38.618
    lifetime: 25.4075
    annual_cost: 1.5199448981599923
    efficiency: 0.627152
    discharge_ratio: 0.1
    depth_of_discharge: 0.4
  Li-ion:
    cost: 188.792
    lifetime: 22.6296
    annual_cost: 8.342701594371974
    efficiency: 0.867817
    discharge_ratio: 2
    depth_of_discharge: 0.9
  Pb-acid:
    cost: 141.67
    lifetime: 18.5779
    annual_cost: 7.625727342702889
    efficiency: 0.78848
    discharge_ratio: 5
    depth_of_discharge: 0.5
  VRBF:
    cost: 135.52
    lifetime: 29.6372
    annual_cost: 4.57263169260254
    efficiency: 0.774214
    discharge_ratio: 0.5
    depth_of_discharge: 1.0
