cost_values:
  wind_capex: 5000.0
  wind_opex: 100
  wind_lifetime: 20
  solar_capex: 1000.0
  solar_opex: 10
  solar_lifetime: 20
  carbon_price: 1.0
timeseries_values:
  load_level: 232611.98291562518
  wind_year: 2019
  solar_year: 2010
  price_year: 2023
  carbon_year: 2023
storage_values:
  CAES:
    cost: 36.6754
    lifetime: 24.503
    annual_cost: 1.4967718238583032
    efficiency: 0.643225
    discharge_ratio: 0.1
    depth_of_discharge: 0.4
  Li-ion:
    cost: 188.376
    lifetime: 21.3156
    annual_cost: 8.837471147891685
    efficiency: 0.858352
    discharge_ratio: 2
    depth_of_discharge: 0.9
  Pb-acid:
    cost: 126.628
    lifetime: 17.7636
    annual_cost: 7.128509986714405
    efficiency: 0.771898
    discharge_ratio: 5
    depth_of_discharge: 0.5
  VRBF:
    cost: 108.563
    lifetime: 28.1118
    annual_cost: 3.86183026344809
    efficiency: 0.765968
    discharge_ratio: 0.5
    depth_of_discharge: 1.0
