cost_values:
  wind_capex: 5000.0
  wind_opex: 100
  wind_lifetime: 20
  solar_capex: 1000.0
  solar_opex: 10
  solar_lifetime: 20
  carbon_price: 1.0
timeseries_values:
  load_level: 232611.98291562518
  wind_year: 2019
  solar_year: 2010
  price_year: 2023
  carbon_year: 2023
storage_values:
  CAES:
    cost: 39.4909
    lifetime: 24.0255
    annual_cost: 1.64370772720651
    efficiency: 0.648084
    discharge_ratio: 0.1
    depth_of_discharge: 0.4
  Li-ion:
    cost: 198.524
    lifetime: 20.3319
    annual_cost: 9.764163703343023
    efficiency: 0.870195
    discharge_ratio: 2
    depth_of_discharge: 0.9
  Pb-acid:
    cost: 98.4704
    lifetime: 19.3183
    annual_cost: 5.097260110879321
    efficiency: 0.760305
    discharge_ratio: 5
    depth_of_discharge: 0.5
  VRBF:
    cost: 163.326
    lifetime: 28.1282
    annual_cost: 5.8064860175908874
    efficiency: 0.790023
    discharge_ratio: 0.5
    depth_of_discharge: 1.0
