cost_values:
  wind_capex: 5000.0
  wind_opex: 100
  wind_lifetime: 20
  solar_capex: 1000.0
  solar_opex: 10
  solar_lifetime: 20
  carbon_price: 1.0
timeseries_values:
  load_level: 232611.98291562518
  wind_year: 2019
  solar_year: 2010
  price_year: 2023
  carbon_year: 2023
storage_values:
  CAES:
    cost: 38.2976
    lifetime: 24.0098
    annual_cost: 1.5950820081799935
    efficiency: 0.632317
    discharge_ratio: 0.1
    depth_of_discharge: 0.4
  Li-ion:
    cost: 215.476
    lifetime: 20.47
    annual_cost: 10.526428920371275
    efficiency: 0.853612
    discharge_ratio: 2
    depth_of_discharge: 0.9
  Pb-acid:
    cost: 100.576
    lifetime: 18.6005
    annual_cost: 5.407166474019515
    efficiency: 0.780606
    discharge_ratio: 5
    depth_of_discharge: 0.5
  VRBF:
    cost: 129.354
    lifetime: 26.8941
    annual_cost: 4.809753812174417
    efficiency: 0.746515
    discharge_ratio: 0.5
    depth_of_discharge: 1.0
