cost_values:
  wind_capex: 5000.0
  wind_opex: 100
  wind_lifetime: 20
  solar_capex: 1000.0
  solar_opex: 10
  solar_lifetime: 20
  carbon_price: 1.0
timeseries_values:
  load_level: 232611.98291562518
  wind_year: 2019
  solar_year: 2010
  price_year: 2023
  carbon_year: 2023
storage_values:
  CAES:
    cost: 34.6362
    lifetime: 24.1539
    annual_cost: 1.433979605777949
    efficiency: 0.644325
    discharge_ratio: 0.1
    depth_of_discharge: 0.4
  Li-ion:
    cost: 163.442
    lifetime: 18.7333
    annual_cost: 8.724677446045279
    efficiency: 0.871503
    discharge_ratio: 2
    depth_of_discharge: 0.9
  Pb-acid:
    cost: 121.272
    lifetime: 19.2246
    annual_cost: 6.308167660185388
    efficiency: 0.765611
    discharge_ratio: 5
    depth_of_discharge: 0.5
  VRBF:
    cost: 120.157
    lifetime: 26.8219
    annual_cost: 4.479809409475093
    efficiency: 0.787544
    discharge_ratio: 0.5
    depth_of_discharge: 1.0
