cost_values:
  wind_capex: 5000.0
  wind_opex: 100
  wind_lifetime: 20
  solar_capex: 1000.0
  solar_opex: 10
  solar_lifetime: 20
  carbon_price: 1.0
timeseries_values:
  load_level: 232611.98291562518
  wind_year: 2019
  solar_year: 2010
  price_year: 2023
  carbon_year: 2023
storage_values:
  CAES:
    cost: 36.88
    lifetime: 23.7874
    annual_cost: 1.550400632267503
    efficiency: 0.630295
    discharge_ratio: 0.1
    depth_of_discharge: 0.4
  Li-ion:
    cost: 192.81
    lifetime: 21.756
    annual_cost: 8.86238279095422
    efficiency: 0.866068
    discharge_ratio: 2
    depth_of_discharge: 0.9
  Pb-acid:
    cost: 110.412
    lifetime: 19.4995
    annual_cost: 5.662299033308546
    efficiency: 0.773443
    discharge_ratio: 5
    depth_of_discharge: 0.5
  VRBF:
    cost: 148.333
    lifetime: 26.8617
    annual_cost: 5.522100239374277
    efficiency: 0.750016
    discharge_ratio: 0.5
    depth_of_discharge: 1.0
