cost_values:
  wind_capex: 5000.0
  wind_opex: 100
  wind_lifetime: 20
  solar_capex: 1000.0
  solar_opex: 10
  solar_lifetime: 20
  carbon_price: 1.0
timeseries_values:
  load_level: 232611.98291562518
  wind_year: 2019
  solar_year: 2010
  price_year: 2023
  carbon_year: 2023
storage_values:
  CAES:
    cost: 36.2423
    lifetime: 24.4532
    annual_cost: 1.482108681072416
    efficiency: 0.642609
    discharge_ratio: 0.1
    depth_of_discharge: 0.4
  Li-ion:
    cost: 198.537
    lifetime: 19.9693
    annual_cost: 9.942111140600822
    efficiency: 0.868469
    discharge_ratio: 2
    depth_of_discharge: 0.9
  Pb-acid:
    cost: 113.85
    lifetime: 19.7637
    annual_cost: 5.760561028552345
    efficiency: 0.763392
    discharge_ratio: 5
    depth_of_discharge: 0.5
  VRBF:
    cost: 108.31
    lifetime: 27.6329
    annual_cost: 3.9196030818336114
    efficiency: 0.782687
    discharge_ratio: 0.5
    depth_of_discharge: 1.0
