cost_values:
  wind_capex: 5000.0
  wind_opex: 100
  wind_lifetime: 20
  solar_capex: 1000.0
  solar_opex: 10
  solar_lifetime: 20
  carbon_price: 1.0
timeseries_values:
  load_level: 232611.98291562518
  wind_year: 2019
  solar_year: 2010
  price_year: 2023
  carbon_year: 2023
storage_values:
  CAES:
    cost: 34.9051
    lifetime: 24.9153
    annual_cost: 1.400950420023038
    efficiency: 0.642208
    discharge_ratio: 0.1
    depth_of_discharge: 0.4
  Li-ion:
    cost: 175.461
    lifetime: 23.6629
    annual_cost: 7.415025208237368
    efficiency: 0.862574
    discharge_ratio: 2
    depth_of_discharge: 0.9
  Pb-acid:
    cost: 104.347
    lifetime: 18.8641
    annual_cost: 5.5315122375305465
    efficiency: 0.765962
    discharge_ratio: 5
    depth_of_discharge: 0.5
  VRBF:
    cost: 104.078
    lifetime: 27.3481
    annual_cost: 3.805675714217807
    efficiency: 0.76763
    discharge_ratio: 0.5
    depth_of_discharge: 1.0
