cost_values:
  wind_capex: 5000.0
  wind_opex: 100
  wind_lifetime: 20
  solar_capex: 1000.0
  solar_opex: 10
  solar_lifetime: 20
  carbon_price: 1.0
timeseries_values:
  load_level: 232611.98291562518
  wind_year: 2019
  solar_year: 2010
  price_year: 2023
  carbon_year: 2023
storage_values:
  CAES:
    cost: 37.8445
    lifetime: 25.4549
    annual_cost: 1.486727506295448
    efficiency: 0.635177
    discharge_ratio: 0.1
    depth_of_discharge: 0.4
  Li-ion:
    cost: 182.527
    lifetime: 18.815
    annual_cost: 9.701142705288332
    efficiency: 0.852227
    discharge_ratio: 2
    depth_of_discharge: 0.9
  Pb-acid:
    cost: 93.9788
    lifetime: 17.4376
    annual_cost: 5.389434325824655
    efficiency: 0.757004
    discharge_ratio: 5
    depth_of_discharge: 0.5
  VRBF:
    cost: 125.121
    lifetime: 29.5472
    annual_cost: 4.234614447392646
    efficiency: 0.77176
    discharge_ratio: 0.5
    depth_of_discharge: 1.0
