cost_values:
  wind_capex: 5000.0
  wind_opex: 100
  wind_lifetime: 20
  solar_capex: 1000.0
  solar_opex: 10
  solar_lifetime: 20
  carbon_price: 1.0
timeseries_values:
  load_level: 232611.98291562518
  wind_year: 2019
  solar_year: 2010
  price_year: 2023
  carbon_year: 2023
storage_values:
  CAES:
    cost: 33.6507
    lifetime: 24.5244
    annual_cost: 1.3721314282918238
    efficiency: 0.636848
    discharge_ratio: 0.1
    depth_of_discharge: 0.4
  Li-ion:
    cost: 185.074
    lifetime: 18.4167
    annual_cost: 10.04924877964022
    efficiency: 0.865125
    discharge_ratio: 2
    depth_of_discharge: 0.9
  Pb-acid:
    cost: 115.742
    lifetime: 18.8141
    annual_cost: 6.151875455110795
    efficiency: 0.769951
    discharge_ratio: 5
    depth_of_discharge: 0.5
  VRBF:
    cost: 113.07
    lifetime: 26.9744
    annual_cost: 4.191752179844594
    efficiency: 0.791013
    discharge_ratio: 0.5
    depth_of_discharge: 1.0
