cost_values:
  wind_capex: 5000.0
  wind_opex: 100
  wind_lifetime: 20
  solar_capex: 1000.0
  solar_opex: 10
  solar_lifetime: 20
  carbon_price: 1.0
timeseries_values:
  load_level: 232611.98291562518
  wind_year: 2019
  solar_year: 2010
  price_year: 2023
  carbon_year: 2023
storage_values:
  CAES:
    cost: 33.2405
    lifetime: 24.5517
    annual_cost: 1.3538981007425146
    efficiency: 0.648662
    discharge_ratio: 0.1
    depth_of_discharge: 0.4
  Li-ion:
    cost: 172.806
    lifetime: 21.2432
    annual_cost: 8.134650146870529
    efficiency: 0.865379
    discharge_ratio: 2
    depth_of_discharge: 0.9
  Pb-acid:
    cost: 120.841
    lifetime: 17.7496
    annual_cost: 6.8080970838779455
    efficiency: 0.776392
    discharge_ratio: 5
    depth_of_discharge: 0.5
  VRBF:
    cost: 133.086
    lifetime: 27.6814
    annual_cost: 4.807777063298822
    efficiency: 0.777136
    discharge_ratio: 0.5
    depth_of_discharge: 1.0
