cost_values:
  wind_capex: 5000.0
  wind_opex: 100
  wind_lifetime: 20
  solar_capex: 1000.0
  solar_opex: 10
  solar_lifetime: 20
  carbon_price: 1.0
timeseries_values:
  load_level: 232611.98291562518
  wind_year: 2019
  solar_year: 2010
  price_year: 2023
  carbon_year: 2023
storage_values:
  CAES:
    cost: 25.9826
    lifetime: 25.3045
    annual_cost: 1.026797605169041
    efficiency: 0.647942
    discharge_ratio: 0.1
    depth_of_discharge: 0.4
  Li-ion:
    cost: 180.029
    lifetime: 21.4283
    annual_cost: 8.401459751823523
    efficiency: 0.886966
    discharge_ratio: 2
    depth_of_discharge: 0.9
  Pb-acid:
    cost: 119.401
    lifetime: 19.764
    annual_cost: 6.041337785873305
    efficiency: 0.756937
    discharge_ratio: 5
    depth_of_discharge: 0.5
  VRBF:
    cost: 106.427
    lifetime: 26.8938
    annual_cost: 3.9573061449107234
    efficiency: 0.756557
    discharge_ratio: 0.5
    depth_of_discharge: 1.0
