cost_values:
  wind_capex: 5000.0
  wind_opex: 100
  wind_lifetime: 20
  solar_capex: 1000.0
  solar_opex: 10
  solar_lifetime: 20
  carbon_price: 1.0
timeseries_values:
  load_level: 232611.98291562518
  wind_year: 2019
  solar_year: 2010
  price_year: 2023
  carbon_year: 2023
storage_values:
  CAES:
    cost: 34.3211
    lifetime: 24.8443
    annual_cost: 1.3814476560015778
    efficiency: 0.639922
    discharge_ratio: 0.1
    depth_of_discharge: 0.4
  Li-ion:
    cost: 198.187
    lifetime: 20.1464
    annual_cost: 9.83734066632252
    efficiency: 0.857085
    discharge_ratio: 2
    depth_of_discharge: 0.9
  Pb-acid:
    cost: 94.0462
    lifetime: 19.6337
    annual_cost: 4.7900395748126945
    efficiency: 0.77828
    discharge_ratio: 5
    depth_of_discharge: 0.5
  VRBF:
    cost: 143.518
    lifetime: 29.2887
    annual_cost: 4.9001150614400775
    efficiency: 0.776416
    discharge_ratio: 0.5
    depth_of_discharge: 1.0
