cost_values:
  wind_capex: 5000.0
  wind_opex: 100
  wind_lifetime: 20
  solar_capex: 1000.0
  solar_opex: 10
  solar_lifetime: 20
  carbon_price: 1.0
timeseries_values:
  load_level: 232611.98291562518
  wind_year: 2019
  solar_year: 2010
  price_year: 2023
  carbon_year: 2023
storage_values:
  CAES:
    cost: 33.5312
    lifetime: 25.1088
    annual_cost: 1.3354361817370803
    efficiency: 0.641344
    discharge_ratio: 0.1
    depth_of_discharge: 0.4
  Li-ion:
    cost: 179.253
    lifetime: 19.7835
    annual_cost: 9.060732428538934
    efficiency: 0.860006
    discharge_ratio: 2
    depth_of_discharge: 0.9
  Pb-acid:
    cost: 92.952
    lifetime: 19.119
    annual_cost: 4.861760552330143
    efficiency: 0.744609
    discharge_ratio: 5
    depth_of_discharge: 0.5
  VRBF:
    cost: 117.122
    lifetime: 29.0924
    annual_cost: 4.025862424550741
    efficiency: 0.76771
    discharge_ratio: 0.5
    depth_of_discharge: 1.0
