cost_values:
  wind_capex: 5000.0
  wind_opex: 100
  wind_lifetime: 20
  solar_capex: 1000.0
  solar_opex: 10
  solar_lifetime: 20
  carbon_price: 1.0
timeseries_values:
  load_level: 232611.98291562518
  wind_year: 2019
  solar_year: 2010
  price_year: 2023
  carbon_year: 2023
storage_values:
  CAES:
    cost: 34.1516
    lifetime: 24.7847
    annual_cost: 1.3779307395288223
    efficiency: 0.630938
    discharge_ratio: 0.1
    depth_of_discharge: 0.4
  Li-ion:
    cost: 205.454
    lifetime: 22.3952
    annual_cost: 9.174019432735587
    efficiency: 0.868679
    discharge_ratio: 2
    depth_of_discharge: 0.9
  Pb-acid:
    cost: 133.126
    lifetime: 18.1906
    annual_cost: 7.318395215111102
    efficiency: 0.765851
    discharge_ratio: 5
    depth_of_discharge: 0.5
  VRBF:
    cost: 140.832
    lifetime: 29.4139
    annual_cost: 4.787940395527285
    efficiency: 0.788957
    discharge_ratio: 0.5
    depth_of_discharge: 1.0
