cost_values:
  wind_capex: 5000.0
  wind_opex: 100
  wind_lifetime: 20
  solar_capex: 1000.0
  solar_opex: 10
  solar_lifetime: 20
  carbon_price: 1.0
timeseries_values:
  load_level: 232611.98291562518
  wind_year: 2019
  solar_year: 2010
  price_year: 2023
  carbon_year: 2023
storage_values:
  CAES:
    cost: 30.3025
    lifetime: 24.9767
    annual_cost: 1.2132307310413304
    efficiency: 0.632262
    discharge_ratio: 0.1
    depth_of_discharge: 0.4
  Li-ion:
    cost: 181.462
    lifetime: 19.4399
    annual_cost: 9.334513037618505
    efficiency: 0.865399
    discharge_ratio: 2
    depth_of_discharge: 0.9
  Pb-acid:
    cost: 116.451
    lifetime: 19.0128
    annual_cost: 6.12487376925019
    efficiency: 0.776975
    discharge_ratio: 5
    depth_of_discharge: 0.5
  VRBF:
    cost: 128.711
    lifetime: 27.2995
    annual_cost: 4.714774995879046
    efficiency: 0.779957
    discharge_ratio: 0.5
    depth_of_discharge: 1.0
