cost_values:
  wind_capex: 5000.0
  wind_opex: 100
  wind_lifetime: 20
  solar_capex: 1000.0
  solar_opex: 10
  solar_lifetime: 20
  carbon_price: 1.0
timeseries_values:
  load_level: 232611.98291562518
  wind_year: 2019
  solar_year: 2010
  price_year: 2023
  carbon_year: 2023
storage_values:
  CAES:
    cost: 31.4979
    lifetime: 24.7983
    annual_cost: 1.2701636805748782
    efficiency: 0.638963
    discharge_ratio: 0.1
    depth_of_discharge: 0.4
  Li-ion:
    cost: 176.451
    lifetime: 22.5521
    annual_cost: 7.824149414023528
    efficiency: 0.878635
    discharge_ratio: 2
    depth_of_discharge: 0.9
  Pb-acid:
    cost: 114.67
    lifetime: 18.7824
    annual_cost: 6.105183576113809
    efficiency: 0.766752
    discharge_ratio: 5
    depth_of_discharge: 0.5
  VRBF:
    cost: 132.864
    lifetime: 28.4596
    annual_cost: 4.66851255815261
    efficiency: 0.74942
    discharge_ratio: 0.5
    depth_of_discharge: 1.0
