cost_values:
  wind_capex: 5000.0
  wind_opex: 100
  wind_lifetime: 20
  solar_capex: 1000.0
  solar_opex: 10
  solar_lifetime: 20
  carbon_price: 1.0
timeseries_values:
  load_level: 232611.98291562518
  wind_year: 2019
  solar_year: 2010
  price_year: 2023
  carbon_year: 2023
storage_values:
  CAES:
    cost: 29.5192
    lifetime: 24.8147
    annual_cost: 1.1895852055434886
    efficiency: 0.639045
    discharge_ratio: 0.1
    depth_of_discharge: 0.4
  Li-ion:
    cost: 173.993
    lifetime: 20.8698
    annual_cost: 8.33707079128693
    efficiency: 0.859845
    discharge_ratio: 2
    depth_of_discharge: 0.9
  Pb-acid:
    cost: 124.405
    lifetime: 19.7256
    annual_cost: 6.3067790079896175
    efficiency: 0.767206
    discharge_ratio: 5
    depth_of_discharge: 0.5
  VRBF:
    cost: 132.489
    lifetime: 28.4098
    annual_cost: 4.663496399129878
    efficiency: 0.769624
    discharge_ratio: 0.5
    depth_of_discharge: 1.0
