cost_values:
  wind_capex: 5000.0
  wind_opex: 100
  wind_lifetime: 20
  solar_capex: 1000.0
  solar_opex: 10
  solar_lifetime: 20
  carbon_price: 1.0
timeseries_values:
  load_level: 232611.98291562518
  wind_year: 2019
  solar_year: 2010
  price_year: 2023
  carbon_year: 2023
storage_values:
  CAES:
    cost: 30.7002
    lifetime: 24.4433
    annual_cost: 1.2559760752435227
    efficiency: 0.642472
    discharge_ratio: 0.1
    depth_of_discharge: 0.4
  Li-ion:
    cost: 178.332
    lifetime: 21.3336
    annual_cost: 8.359208009899875
    efficiency: 0.869229
    discharge_ratio: 2
    depth_of_discharge: 0.9
  Pb-acid:
    cost: 89.8465
    lifetime: 19.6003
    annual_cost: 4.58393493977133
    efficiency: 0.759927
    discharge_ratio: 5
    depth_of_discharge: 0.5
  VRBF:
    cost: 145.628
    lifetime: 29.6101
    annual_cost: 4.918186699808511
    efficiency: 0.76034
    discharge_ratio: 0.5
    depth_of_discharge: 1.0
