cost_values:
  wind_capex: 5000.0
  wind_opex: 100
  wind_lifetime: 20
  solar_capex: 1000.0
  solar_opex: 10
  solar_lifetime: 20
  carbon_price: 1.0
timeseries_values:
  load_level: 232611.98291562518
  wind_year: 2019
  solar_year: 2010
  price_year: 2023
  carbon_year: 2023
storage_values:
  CAES:
    cost: 36.691
    lifetime: 24.7142
    annual_cost: 1.4846120853598337
    efficiency: 0.644343
    discharge_ratio: 0.1
    depth_of_discharge: 0.4
  Li-ion:
    cost: 186.848
    lifetime: 20.3265
    annual_cost: 9.192335129018769
    efficiency: 0.861911
    discharge_ratio: 2
    depth_of_discharge: 0.9
  Pb-acid:
    cost: 105.463
    lifetime: 17.7042
    annual_cost: 5.956948068819828
    efficiency: 0.776937
    discharge_ratio: 5
    depth_of_discharge: 0.5
  VRBF:
    cost: 146.068
    lifetime: 29.4786
    annual_cost: 4.955052139518159
    efficiency: 0.754121
    discharge_ratio: 0.5
    depth_of_discharge: 1.0
