cost_values:
  wind_capex: 5000.0
  wind_opex: 100
  wind_lifetime: 20
  solar_capex: 1000.0
  solar_opex: 10
  solar_lifetime: 20
  carbon_price: 1.0
timeseries_values:
  load_level: 232611.98291562518
  wind_year: 2019
  solar_year: 2010
  price_year: 2023
  carbon_year: 2023
storage_values:
  CAES:
    cost: 42.3837
    lifetime: 25.2615
    annual_cost: 1.677798230508877
    efficiency: 0.645548
    discharge_ratio: 0.1
    depth_of_discharge: 0.4
  Li-ion:
    cost: 183.557
    lifetime: 18.3787
    annual_cost: 9.987485513121168
    efficiency: 0.872292
    discharge_ratio: 2
    depth_of_discharge: 0.9
  Pb-acid:
    cost: 129.458
    lifetime: 19.3957
    annual_cost: 6.67457219899256
    efficiency: 0.769055
    discharge_ratio: 5
    depth_of_discharge: 0.5
  VRBF:
    cost: 119.348
    lifetime: 27.9492
    annual_cost: 4.270175890544273
    efficiency: 0.765351
    discharge_ratio: 0.5
    depth_of_discharge: 1.0
