cost_values:
  wind_capex: 5000.0
  wind_opex: 100
  wind_lifetime: 20
  solar_capex: 1000.0
  solar_opex: 10
  solar_lifetime: 20
  carbon_price: 1.0
timeseries_values:
  load_level: 232611.98291562518
  wind_year: 2019
  solar_year: 2010
  price_year: 2023
  carbon_year: 2023
storage_values:
  CAES:
    cost: 36.8272
    lifetime: 25.0404
    annual_cost: 1.470711330489928
    efficiency: 0.644824
    discharge_ratio: 0.1
    depth_of_discharge: 0.4
  Li-ion:
    cost: 182.31
    lifetime: 20.8959
    annual_cost: 8.724678046889581
    efficiency: 0.867694
    discharge_ratio: 2
    depth_of_discharge: 0.9
  Pb-acid:
    cost: 122.075
    lifetime: 17.8508
    annual_cost: 6.838629081049589
    efficiency: 0.781211
    discharge_ratio: 5
    depth_of_discharge: 0.5
  VRBF:
    cost: 116.517
    lifetime: 27.2933
    annual_cost: 4.269069698424156
    efficiency: 0.770691
    discharge_ratio: 0.5
    depth_of_discharge: 1.0
