cost_values:
  wind_capex: 5000.0
  wind_opex: 100
  wind_lifetime: 20
  solar_capex: 1000.0
  solar_opex: 10
  solar_lifetime: 20
  carbon_price: 1.0
timeseries_values:
  load_level: 232611.98291562518
  wind_year: 2019
  solar_year: 2010
  price_year: 2023
  carbon_year: 2023
storage_values:
  CAES:
    cost: 29.857
    lifetime: 25.5599
    annual_cost: 1.1681188111064598
    efficiency: 0.64066
    discharge_ratio: 0.1
    depth_of_discharge: 0.4
  Li-ion:
    cost: 207.596
    lifetime: 20.3363
    annual_cost: 10.208149958448685
    efficiency: 0.86152
    discharge_ratio: 2
    depth_of_discharge: 0.9
  Pb-acid:
    cost: 112.662
    lifetime: 18.5173
    annual_cost: 6.084148336960573
    efficiency: 0.763311
    discharge_ratio: 5
    depth_of_discharge: 0.5
  VRBF:
    cost: 127.297
    lifetime: 29.1475
    annual_cost: 4.367338536752723
    efficiency: 0.778148
    discharge_ratio: 0.5
    depth_of_discharge: 1.0
