cost_values:
  wind_capex: 5000.0
  wind_opex: 100
  wind_lifetime: 20
  solar_capex: 1000.0
  solar_opex: 10
  solar_lifetime: 20
  carbon_price: 1.0
timeseries_values:
  load_level: 232611.98291562518
  wind_year: 2019
  solar_year: 2010
  price_year: 2023
  carbon_year: 2023
storage_values:
  CAES:
    cost: 29.5041
    lifetime: 25.9177
    annual_cost: 1.1383764763076971
    efficiency: 0.643689
    discharge_ratio: 0.1
    depth_of_discharge: 0.4
  Li-ion:
    cost: 169.105
    lifetime: 22.91
    annual_cost: 7.381274552597119
    efficiency: 0.871785
    discharge_ratio: 2
    depth_of_discharge: 0.9
  Pb-acid:
    cost: 119.939
    lifetime: 19.4634
    annual_cost: 6.162284081917856
    efficiency: 0.777558
    discharge_ratio: 5
    depth_of_discharge: 0.5
  VRBF:
    cost: 130.859
    lifetime: 28.3977
    annual_cost: 4.608084457544098
    efficiency: 0.769099
    discharge_ratio: 0.5
    depth_of_discharge: 1.0
