cost_values:
  wind_capex: 5000.0
  wind_opex: 100
  wind_lifetime: 20
  solar_capex: 1000.0
  solar_opex: 10
  solar_lifetime: 20
  carbon_price: 1.0
timeseries_values:
  load_level: 232611.98291562518
  wind_year: 2019
  solar_year: 2010
  price_year: 2023
  carbon_year: 2023
storage_values:
  CAES:
    cost: 24.2062
    lifetime: 24.6163
    annual_cost: 0.9833403070323322
    efficiency: 0.645571
    discharge_ratio: 0.1
    depth_of_discharge: 0.4
  Li-ion:
    cost: 164.595
    lifetime: 20.7289
    annual_cost: 7.94036345392182
    efficiency: 0.86113
    discharge_ratio: 2
    depth_of_discharge: 0.9
  Pb-acid:
    cost: 108.467
    lifetime: 19.0567
    annual_cost: 5.691803932475192
    efficiency: 0.789686
    discharge_ratio: 5
    depth_of_discharge: 0.5
  VRBF:
    cost: 160.181
    lifetime: 29.0163
    annual_cost: 5.520379924387328
    efficiency: 0.790703
    discharge_ratio: 0.5
    depth_of_discharge: 1.0
