cost_values:
  wind_capex: 5000.0
  wind_opex: 100
  wind_lifetime: 20
  solar_capex: 1000.0
  solar_opex: 10
  solar_lifetime: 20
  carbon_price: 1.0
timeseries_values:
  load_level: 232611.98291562518
  wind_year: 2019
  solar_year: 2010
  price_year: 2023
  carbon_year: 2023
storage_values:
  CAES:
    cost: 38.3003
    lifetime: 25.1402
    annual_cost: 1.5234683892729572
    efficiency: 0.641928
    discharge_ratio: 0.1
    depth_of_discharge: 0.4
  Li-ion:
    cost: 167.194
    lifetime: 20.7934
    annual_cost: 8.040724460646167
    efficiency: 0.874802
    discharge_ratio: 2
    depth_of_discharge: 0.9
  Pb-acid:
    cost: 101.215
    lifetime: 18.7886
    annual_cost: 5.387043207051085
    efficiency: 0.76031
    discharge_ratio: 5
    depth_of_discharge: 0.5
  VRBF:
    cost: 117.586
    lifetime: 25.7421
    annual_cost: 4.567847999968922
    efficiency: 0.763489
    discharge_ratio: 0.5
    depth_of_discharge: 1.0
