cost_values:
  wind_capex: 5000.0
  wind_opex: 100
  wind_lifetime: 20
  solar_capex: 1000.0
  solar_opex: 10
  solar_lifetime: 20
  carbon_price: 1.0
timeseries_values:
  load_level: 232611.98291562518
  wind_year: 2019
  solar_year: 2010
  price_year: 2023
  carbon_year: 2023
storage_values:
  CAES:
    cost: 36.5472
    lifetime: 24.5274
    annual_cost: 1.4900560189828518
    efficiency: 0.64363
    discharge_ratio: 0.1
    depth_of_discharge: 0.4
  Li-ion:
    cost: 169.912
    lifetime: 20.2421
    annual_cost: 8.393990742067276
    efficiency: 0.862485
    discharge_ratio: 2
    depth_of_discharge: 0.9
  Pb-acid:
    cost: 119.712
    lifetime: 18.2999
    annual_cost: 6.541675091120716
    efficiency: 0.79219
    discharge_ratio: 5
    depth_of_discharge: 0.5
  VRBF:
    cost: 135.712
    lifetime: 28.1909
    annual_cost: 4.814035734935741
    efficiency: 0.777275
    discharge_ratio: 0.5
    depth_of_discharge: 1.0
