cost_values:
  wind_capex: 5000.0
  wind_opex: 100
  wind_lifetime: 20
  solar_capex: 1000.0
  solar_opex: 10
  solar_lifetime: 20
  carbon_price: 1.0
timeseries_values:
  load_level: 232611.98291562518
  wind_year: 2019
  solar_year: 2010
  price_year: 2023
  carbon_year: 2023
storage_values:
  CAES:
    cost: 35.8904
    lifetime: 24.2566
    annual_cost: 1.4796137958328868
    efficiency: 0.636041
    discharge_ratio: 0.1
    depth_of_discharge: 0.4
  Li-ion:
    cost: 200.615
    lifetime: 22.0332
    annual_cost: 9.105123177749942
    efficiency: 0.863651
    discharge_ratio: 2
    depth_of_discharge: 0.9
  Pb-acid:
    cost: 108.69
    lifetime: 19.3034
    annual_cost: 5.630614295927142
    efficiency: 0.770106
    discharge_ratio: 5
    depth_of_discharge: 0.5
  VRBF:
    cost: 114.7
    lifetime: 27.1277
    annual_cost: 4.228150561971711
    efficiency: 0.761359
    discharge_ratio: 0.5
    depth_of_discharge: 1.0
