cost_values:
  wind_capex: 5000.0
  wind_opex: 100
  wind_lifetime: 20
  solar_capex: 1000.0
  solar_opex: 10
  solar_lifetime: 20
  carbon_price: 1.0
timeseries_values:
  load_level: 232611.98291562518
  wind_year: 2019
  solar_year: 2010
  price_year: 2023
  carbon_year: 2023
storage_values:
  CAES:
    cost: 35.481
    lifetime: 24.5033
    annual_cost: 1.448009043679831
    efficiency: 0.639545
    discharge_ratio: 0.1
    depth_of_discharge: 0.4
  Li-ion:
    cost: 193.126
    lifetime: 20.4202
    annual_cost: 9.457595909932321
    efficiency: 0.869926
    discharge_ratio: 2
    depth_of_discharge: 0.9
  Pb-acid:
    cost: 109.056
    lifetime: 19.1056
    annual_cost: 5.708064651201742
    efficiency: 0.761209
    discharge_ratio: 5
    depth_of_discharge: 0.5
  VRBF:
    cost: 109.777
    lifetime: 28.3499
    annual_cost: 3.872218244156064
    efficiency: 0.768007
    discharge_ratio: 0.5
    depth_of_discharge: 1.0
