cost_values:
  wind_capex: 5000.0
  wind_opex: 100
  wind_lifetime: 20
  solar_capex: 1000.0
  solar_opex: 10
  solar_lifetime: 20
  carbon_price: 1.0
timeseries_values:
  load_level: 232611.98291562518
  wind_year: 2019
  solar_year: 2010
  price_year: 2023
  carbon_year: 2023
storage_values:
  CAES:
    cost: 31.5212
    lifetime: 24.8826
    annual_cost: 1.2667968781397443
    efficiency: 0.631629
    discharge_ratio: 0.1
    depth_of_discharge: 0.4
  Li-ion:
    cost: 191.986
    lifetime: 20.9295
    annual_cost: 9.172985498936907
    efficiency: 0.856097
    discharge_ratio: 2
    depth_of_discharge: 0.9
  Pb-acid:
    cost: 103.784
    lifetime: 18.657
    annual_cost: 5.562737846384735
    efficiency: 0.767706
    discharge_ratio: 5
    depth_of_discharge: 0.5
  VRBF:
    cost: 120.532
    lifetime: 27.9416
    annual_cost: 4.313711455321098
    efficiency: 0.773221
    discharge_ratio: 0.5
    depth_of_discharge: 1.0
