cost_values:
  wind_capex: 5000.0
  wind_opex: 100
  wind_lifetime: 20
  solar_capex: 1000.0
  solar_opex: 10
  solar_lifetime: 20
  carbon_price: 1.0
timeseries_values:
  load_level: 232611.98291562518
  wind_year: 2019
  solar_year: 2010
  price_year: 2023
  carbon_year: 2023
storage_values:
  CAES:
    cost: 31.2292
    lifetime: 23.3301
    annual_cost: 1.3385797746259123
    efficiency: 0.630178
    discharge_ratio: 0.1
    depth_of_discharge: 0.4
  Li-ion:
    cost: 195.245
    lifetime: 19.7159
    annual_cost: 9.902920992701322
    efficiency: 0.869469
    discharge_ratio: 2
    depth_of_discharge: 0.9
  Pb-acid:
    cost: 109.707
    lifetime: 18.7203
    annual_cost: 5.86032275123796
    efficiency: 0.757528
    discharge_ratio: 5
    depth_of_discharge: 0.5
  VRBF:
    cost: 153.979
    lifetime: 28.1376
    annual_cost: 5.472357272830662
    efficiency: 0.795688
    discharge_ratio: 0.5
    depth_of_discharge: 1.0
