cost_values:
  wind_capex: 5000.0
  wind_opex: 100
  wind_lifetime: 20
  solar_capex: 1000.0
  solar_opex: 10
  solar_lifetime: 20
  carbon_price: 1.0
timeseries_values:
  load_level: 232611.98291562518
  wind_year: 2019
  solar_year: 2010
  price_year: 2023
  carbon_year: 2023
storage_values:
  CAES:
    cost: 42.3505
    lifetime: 23.7144
    annual_cost: 1.785855851297102
    efficiency: 0.632498
    discharge_ratio: 0.1
    depth_of_discharge: 0.4
  Li-ion:
    cost: 187.748
    lifetime: 22.0138
    annual_cost: 8.528650210322615
    efficiency: 0.859281
    discharge_ratio: 2
    depth_of_discharge: 0.9
  Pb-acid:
    cost: 99.3468
    lifetime: 18.7318
    annual_cost: 5.303644070511109
    efficiency: 0.758829
    discharge_ratio: 5
    depth_of_discharge: 0.5
  VRBF:
    cost: 126.061
    lifetime: 28.8596
    annual_cost: 4.3680785596473966
    efficiency: 0.781192
    discharge_ratio: 0.5
    depth_of_discharge: 1.0
