cost_values:
  wind_capex: 5000.0
  wind_opex: 100
  wind_lifetime: 20
  solar_capex: 1000.0
  solar_opex: 10
  solar_lifetime: 20
  carbon_price: 1.0
timeseries_values:
  load_level: 232611.98291562518
  wind_year: 2019
  solar_year: 2010
  price_year: 2023
  carbon_year: 2023
storage_values:
  CAES:
    cost: 41.07
    lifetime: 24.6339
    annual_cost: 1.6672146919488997
    efficiency: 0.644186
    discharge_ratio: 0.1
    depth_of_discharge: 0.4
  Li-ion:
    cost: 167.675
    lifetime: 21.7971
    annual_cost: 7.692537080620817
    efficiency: 0.874458
    discharge_ratio: 2
    depth_of_discharge: 0.9
  Pb-acid:
    cost: 99.9856
    lifetime: 19.4287
    annual_cost: 5.146283590770356
    efficiency: 0.766239
    discharge_ratio: 5
    depth_of_discharge: 0.5
  VRBF:
    cost: 132.238
    lifetime: 27.6004
    annual_cost: 4.791162446921059
    efficiency: 0.800313
    discharge_ratio: 0.5
    depth_of_discharge: 1.0
