cost_values:
  wind_capex: 5000.0
  wind_opex: 100
  wind_lifetime: 20
  solar_capex: 1000.0
  solar_opex: 10
  solar_lifetime: 20
  carbon_price: 1.0
timeseries_values:
  load_level: 232611.98291562518
  wind_year: 2019
  solar_year: 2010
  price_year: 2023
  carbon_year: 2023
storage_values:
  CAES:
    cost: 37.7715
    lifetime: 25.2202
    annual_cost: 1.497668535538973
    efficiency: 0.64328
    discharge_ratio: 0.1
    depth_of_discharge: 0.4
  Li-ion:
    cost: 169.603
    lifetime: 20.5933
    annual_cost: 8.23583398483973
    efficiency: 0.879079
    discharge_ratio: 2
    depth_of_discharge: 0.9
  Pb-acid:
    cost: 88.6948
    lifetime: 19.3739
    annual_cost: 4.578056044472203
    efficiency: 0.776687
    discharge_ratio: 5
    depth_of_discharge: 0.5
  VRBF:
    cost: 136.256
    lifetime: 28.2547
    annual_cost: 4.82241892499301
    efficiency: 0.77892
    discharge_ratio: 0.5
    depth_of_discharge: 1.0
