cost_values:
  wind_capex: 5000.0
  wind_opex: 100
  wind_lifetime: 20
  solar_capex: 1000.0
  solar_opex: 10
  solar_lifetime: 20
  carbon_price: 1.0
timeseries_values:
  load_level: 232611.98291562518
  wind_year: 2019
  solar_year: 2010
  price_year: 2023
  carbon_year: 2023
storage_values:
  CAES:
    cost: 32.0985
    lifetime: 24.2601
    annual_cost: 1.3230984208638876
    efficiency: 0.648357
    discharge_ratio: 0.1
    depth_of_discharge: 0.4
  Li-ion:
    cost: 185.531
    lifetime: 20.6691
    annual_cost: 8.976249570615073
    efficiency: 0.863507
    discharge_ratio: 2
    depth_of_discharge: 0.9
  Pb-acid:
    cost: 107.405
    lifetime: 18.5717
    annual_cost: 5.783261629253111
    efficiency: 0.759304
    discharge_ratio: 5
    depth_of_discharge: 0.5
  VRBF:
    cost: 159.55
    lifetime: 28.2813
    annual_cost: 5.641536987337923
    efficiency: 0.785841
    discharge_ratio: 0.5
    depth_of_discharge: 1.0
