cost_values:
  wind_capex: 5000.0
  wind_opex: 100
  wind_lifetime: 20
  solar_capex: 1000.0
  solar_opex: 10
  solar_lifetime: 20
  carbon_price: 1.0
timeseries_values:
  load_level: 232611.98291562518
  wind_year: 2019
  solar_year: 2010
  price_year: 2023
  carbon_year: 2023
storage_values:
  CAES:
    cost: 31.8837
    lifetime: 24.438
    annual_cost: 1.3046771421556593
    efficiency: 0.645674
    discharge_ratio: 0.1
    depth_of_discharge: 0.4
  Li-ion:
    cost: 192.262
    lifetime: 20.999
    annual_cost: 9.155769322348684
    efficiency: 0.877737
    discharge_ratio: 2
    depth_of_discharge: 0.9
  Pb-acid:
    cost: 98.9389
    lifetime: 17.3724
    annual_cost: 5.695177407842325
    efficiency: 0.774623
    discharge_ratio: 5
    depth_of_discharge: 0.5
  VRBF:
    cost: 116.405
    lifetime: 28.1499
    annual_cost: 4.135183428715555
    efficiency: 0.783381
    discharge_ratio: 0.5
    depth_of_discharge: 1.0
