cost_values:
  wind_capex: 5000.0
  wind_opex: 100
  wind_lifetime: 20
  solar_capex: 1000.0
  solar_opex: 10
  solar_lifetime: 20
  carbon_price: 1.0
timeseries_values:
  load_level: 232611.98291562518
  wind_year: 2019
  solar_year: 2010
  price_year: 2023
  carbon_year: 2023
storage_values:
  CAES:
    cost: 28.3292
    lifetime: 24.7133
    annual_cost: 1.1463139281277692
    efficiency: 0.642823
    discharge_ratio: 0.1
    depth_of_discharge: 0.4
  Li-ion:
    cost: 183.676
    lifetime: 20.0381
    annual_cost: 9.166338125870217
    efficiency: 0.875578
    discharge_ratio: 2
    depth_of_discharge: 0.9
  Pb-acid:
    cost: 100.201
    lifetime: 18.3142
    annual_cost: 5.471219054067335
    efficiency: 0.766895
    discharge_ratio: 5
    depth_of_discharge: 0.5
  VRBF:
    cost: 151.548
    lifetime: 29.2382
    annual_cost: 5.183219213221061
    efficiency: 0.791603
    discharge_ratio: 0.5
    depth_of_discharge: 1.0
