cost_values:
  wind_capex: 5000.0
  wind_opex: 100
  wind_lifetime: 20
  solar_capex: 1000.0
  solar_opex: 10
  solar_lifetime: 20
  carbon_price: 1.0
timeseries_values:
  load_level: 232611.98291562518
  wind_year: 2019
  solar_year: 2010
  price_year: 2023
  carbon_year: 2023
storage_values:
  CAES:
    cost: 26.8557
    lifetime: 26.1235
    annual_cost: 1.0280284035447012
    efficiency: 0.639327
    discharge_ratio: 0.1
    depth_of_discharge: 0.4
  Li-ion:
    cost: 179.628
    lifetime: 20.1828
    annual_cost: 8.90005351091028
    efficiency: 0.862304
    discharge_ratio: 2
    depth_of_discharge: 0.9
  Pb-acid:
    cost: 110.769
    lifetime: 19.5087
    annual_cost: 5.677928308908333
    efficiency: 0.765016
    discharge_ratio: 5
    depth_of_discharge: 0.5
  VRBF:
    cost: 116.204
    lifetime: 28.0761
    annual_cost: 4.138893934698907
    efficiency: 0.778796
    discharge_ratio: 0.5
    depth_of_discharge: 1.0
