cost_values:
  wind_capex: 5000.0
  wind_opex: 100
  wind_lifetime: 20
  solar_capex: 1000.0
  solar_opex: 10
  solar_lifetime: 20
  carbon_price: 1.0
timeseries_values:
  load_level: 232611.98291562518
  wind_year: 2019
  solar_year: 2010
  price_year: 2023
  carbon_year: 2023
storage_values:
  CAES:
    cost: 37.4216
    lifetime: 25.3895
    annual_cost: 1.4739006282124498
    efficiency: 0.645005
    discharge_ratio: 0.1
    depth_of_discharge: 0.4
  Li-ion:
    cost: 175.624
    lifetime: 20.7586
    annual_cost: 8.460300790997465
    efficiency: 0.854374
    discharge_ratio: 2
    depth_of_discharge: 0.9
  Pb-acid:
    cost: 112.15
    lifetime: 19.8598
    annual_cost: 5.647086073374354
    efficiency: 0.761771
    discharge_ratio: 5
    depth_of_discharge: 0.5
  VRBF:
    cost: 138.309
    lifetime: 29.3906
    annual_cost: 4.705892360142358
    efficiency: 0.756417
    discharge_ratio: 0.5
    depth_of_discharge: 1.0
