cost_values:
  wind_capex: 5000.0
  wind_opex: 100
  wind_lifetime: 20
  solar_capex: 1000.0
  solar_opex: 10
  solar_lifetime: 20
  carbon_price: 1.0
timeseries_values:
  load_level: 232611.98291562518
  wind_year: 2019
  solar_year: 2010
  price_year: 2023
  carbon_year: 2023
storage_values:
  CAES:
    cost: 41.0586
    lifetime: 24.9616
    annual_cost: 1.6448705211204409
    efficiency: 0.643934
    discharge_ratio: 0.1
    depth_of_discharge: 0.4
  Li-ion:
    cost: 177.366
    lifetime: 21.2528
    annual_cost: 8.345535647067681
    efficiency: 0.872743
    discharge_ratio: 2
    depth_of_discharge: 0.9
  Pb-acid:
    cost: 124.341
    lifetime: 18.5874
    annual_cost: 6.689531618192969
    efficiency: 0.756693
    discharge_ratio: 5
    depth_of_discharge: 0.5
  VRBF:
    cost: 171.961
    lifetime: 27.7335
    annual_cost: 6.200479564425695
    efficiency: 0.782043
    discharge_ratio: 0.5
    depth_of_discharge: 1.0
