cost_values:
  wind_capex: 5000.0
  wind_opex: 100
  wind_lifetime: 20
  solar_capex: 1000.0
  solar_opex: 10
  solar_lifetime: 20
  carbon_price: 1.0
timeseries_values:
  load_level: 232611.98291562518
  wind_year: 2019
  solar_year: 2010
  price_year: 2023
  carbon_year: 2023
storage_values:
  CAES:
    cost: 30.9205
    lifetime: 24.8231
    annual_cost: 1.2456341069407124
    efficiency: 0.642349
    discharge_ratio: 0.1
    depth_of_discharge: 0.4
  Li-ion:
    cost: 173.508
    lifetime: 20.445
    annual_cost: 8.486573734409392
    efficiency: 0.863894
    discharge_ratio: 2
    depth_of_discharge: 0.9
  Pb-acid:
    cost: 99.9544
    lifetime: 19.1106
    annual_cost: 5.230311973459755
    efficiency: 0.790013
    discharge_ratio: 5
    depth_of_discharge: 0.5
  VRBF:
    cost: 130.27
    lifetime: 25.8042
    annual_cost: 5.0484029731594084
    efficiency: 0.764073
    discharge_ratio: 0.5
    depth_of_discharge: 1.0
