cost_values:
  wind_capex: 5000.0
  wind_opex: 100
  wind_lifetime: 20
  solar_capex: 1000.0
  solar_opex: 10
  solar_lifetime: 20
  carbon_price: 1.0
timeseries_values:
  load_level: 232611.98291562518
  wind_year: 2019
  solar_year: 2010
  price_year: 2023
  carbon_year: 2023
storage_values:
  CAES:
    cost: 37.8907
    lifetime: 25.2039
    annual_cost: 1.503366542479537
    efficiency: 0.633799
    discharge_ratio: 0.1
    depth_of_discharge: 0.4
  Li-ion:
    cost: 163.903
    lifetime: 20.881
    annual_cost: 7.849384608016857
    efficiency: 0.860118
    discharge_ratio: 2
    depth_of_discharge: 0.9
  Pb-acid:
    cost: 108.227
    lifetime: 17.5416
    annual_cost: 6.169733661695627
    efficiency: 0.777458
    discharge_ratio: 5
    depth_of_discharge: 0.5
  VRBF:
    cost: 120.543
    lifetime: 29.6184
    annual_cost: 4.069868730248764
    efficiency: 0.774548
    discharge_ratio: 0.5
    depth_of_discharge: 1.0
