cost_values:
  wind_capex: 5000.0
  wind_opex: 100
  wind_lifetime: 20
  solar_capex: 1000.0
  solar_opex: 10
  solar_lifetime: 20
  carbon_price: 1.0
timeseries_values:
  load_level: 232611.98291562518
  wind_year: 2019
  solar_year: 2010
  price_year: 2023
  carbon_year: 2023
storage_values:
  CAES:
    cost: 36.4284
    lifetime: 24.8692
    annual_cost: 1.4647998327248164
    efficiency: 0.639395
    discharge_ratio: 0.1
    depth_of_discharge: 0.4
  Li-ion:
    cost: 176.958
    lifetime: 20.4118
    annual_cost: 8.669397113434385
    efficiency: 0.851121
    discharge_ratio: 2
    depth_of_discharge: 0.9
  Pb-acid:
    cost: 112.287
    lifetime: 18.8997
    annual_cost: 5.941205415958984
    efficiency: 0.777129
    discharge_ratio: 5
    depth_of_discharge: 0.5
  VRBF:
    cost: 108.427
    lifetime: 26.6189
    annual_cost: 4.073308814413819
    efficiency: 0.777689
    discharge_ratio: 0.5
    depth_of_discharge: 1.0
