cost_values:
  wind_capex: 5000.0
  wind_opex: 100
  wind_lifetime: 20
  solar_capex: 1000.0
  solar_opex: 10
  solar_lifetime: 20
  carbon_price: 1.0
timeseries_values:
  load_level: 232611.98291562518
  wind_year: 2019
  solar_year: 2010
  price_year: 2023
  carbon_year: 2023
storage_values:
  CAES:
    cost: 34.6692
    lifetime: 24.7156
    annual_cost: 1.4027254041981583
    efficiency: 0.646823
    discharge_ratio: 0.1
    depth_of_discharge: 0.4
  Li-ion:
    cost: 169.521
    lifetime: 18.1975
    annual_cost: 9.315620277510645
    efficiency: 0.860445
    discharge_ratio: 2
    depth_of_discharge: 0.9
  Pb-acid:
    cost: 113.609
    lifetime: 18.6203
    annual_cost: 6.101351750508853
    efficiency: 0.782112
    discharge_ratio: 5
    depth_of_discharge: 0.5
  VRBF:
    cost: 111.939
    lifetime: 27.978
    annual_cost: 4.000965043963113
    efficiency: 0.768621
    discharge_ratio: 0.5
    depth_of_discharge: 1.0
