cost_values:
  wind_capex: 5000.0
  wind_opex: 100
  wind_lifetime: 20
  solar_capex: 1000.0
  solar_opex: 10
  solar_lifetime: 20
  carbon_price: 1.0
timeseries_values:
  load_level: 232611.98291562518
  wind_year: 2019
  solar_year: 2010
  price_year: 2023
  carbon_year: 2023
storage_values:
  CAES:
    cost: 32.9637
    lifetime: 25.6418
    annual_cost: 1.285545476526609
    efficiency: 0.64827
    discharge_ratio: 0.1
    depth_of_discharge: 0.4
  Li-ion:
    cost: 188.884
    lifetime: 19.0693
    annual_cost: 9.905135479540414
    efficiency: 0.866563
    discharge_ratio: 2
    depth_of_discharge: 0.9
  Pb-acid:
    cost: 95.3874
    lifetime: 18.9173
    annual_cost: 5.042336908544031
    efficiency: 0.771552
    discharge_ratio: 5
    depth_of_discharge: 0.5
  VRBF:
    cost: 146.828
    lifetime: 28.0411
    annual_cost: 5.236171191572371
    efficiency: 0.778274
    discharge_ratio: 0.5
    depth_of_discharge: 1.0
