cost_values:
  wind_capex: 5000.0
  wind_opex: 100
  wind_lifetime: 20
  solar_capex: 1000.0
  solar_opex: 10
  solar_lifetime: 20
  carbon_price: 1.0
timeseries_values:
  load_level: 232611.98291562518
  wind_year: 2019
  solar_year: 2010
  price_year: 2023
  carbon_year: 2023
storage_values:
  CAES:
    cost: 30.6854
    lifetime: 24.0029
    annual_cost: 1.2784038595336398
    efficiency: 0.646369
    discharge_ratio: 0.1
    depth_of_discharge: 0.4
  Li-ion:
    cost: 192.265
    lifetime: 21.009
    annual_cost: 9.151554095863677
    efficiency: 0.858122
    discharge_ratio: 2
    depth_of_discharge: 0.9
  Pb-acid:
    cost: 117.342
    lifetime: 18.5635
    annual_cost: 6.321114014059848
    efficiency: 0.77994
    discharge_ratio: 5
    depth_of_discharge: 0.5
  VRBF:
    cost: 136.392
    lifetime: 28.6157
    annual_cost: 4.766334564592165
    efficiency: 0.769449
    discharge_ratio: 0.5
    depth_of_discharge: 1.0
