cost_values:
  wind_capex: 5000.0
  wind_opex: 100
  wind_lifetime: 20
  solar_capex: 1000.0
  solar_opex: 10
  solar_lifetime: 20
  carbon_price: 1.0
timeseries_values:
  load_level: 258100.9459334124
  wind_year: 2018
  solar_year: 2018
  price_year: 2023
  carbon_year: 2023
storage_values:
  CAES:
    cost: 53.9897
    lifetime: 25.7006
    annual_cost: 2.1007174929768175
    efficiency: 0.613139
    discharge_ratio: 0.1
    depth_of_discharge: 0.4
  Li-ion:
    cost: 247.262
    lifetime: 19.5887
    annual_cost: 12.62268552788087
    efficiency: 0.926699
    discharge_ratio: 2
    depth_of_discharge: 0.9
  Pb-acid:
    cost: 83.1938
    lifetime: 10.9628
    annual_cost: 7.588736454190535
    efficiency: 0.75988
    discharge_ratio: 5
    depth_of_discharge: 0.5
  VRBF:
    cost: 286.896
    lifetime: 13.7744
    annual_cost: 20.828203043326752
    efficiency: 0.669359
    discharge_ratio: 0.5
    depth_of_discharge: 1.0
