cost_values:
  wind_capex: 5000.0
  wind_opex: 100
  wind_lifetime: 20
  solar_capex: 1000.0
  solar_opex: 10
  solar_lifetime: 20
  carbon_price: 1.0
timeseries_values:
  load_level: 258100.9459334124
  wind_year: 2018
  solar_year: 2018
  price_year: 2023
  carbon_year: 2023
storage_values:
  CAES:
    cost: 48.1321
    lifetime: 26.5641
    annual_cost: 1.8119228582937124
    efficiency: 0.624385
    discharge_ratio: 0.1
    depth_of_discharge: 0.4
  Li-ion:
    cost: 226.027
    lifetime: 22.0441
    annual_cost: 10.253401136812117
    efficiency: 0.918112
    discharge_ratio: 2
    depth_of_discharge: 0.9
  Pb-acid:
    cost: 75.5
    lifetime: 9.72562
    annual_cost: 7.763001227685228
    efficiency: 0.760773
    discharge_ratio: 5
    depth_of_discharge: 0.5
  VRBF:
    cost: 241.641
    lifetime: 14.1131
    annual_cost: 17.12175213099886
    efficiency: 0.677729
    discharge_ratio: 0.5
    depth_of_discharge: 1.0
