cost_values:
  wind_capex: 5000.0
  wind_opex: 100
  wind_lifetime: 20
  solar_capex: 1000.0
  solar_opex: 10
  solar_lifetime: 20
  carbon_price: 1.0
timeseries_values:
  load_level: 258100.9459334124
  wind_year: 2018
  solar_year: 2018
  price_year: 2023
  carbon_year: 2023
storage_values:
  CAES:
    cost: 53.7493
    lifetime: 27.6008
    annual_cost: 1.94738195994319
    efficiency: 0.627172
    discharge_ratio: 0.1
    depth_of_discharge: 0.4
  Li-ion:
    cost: 230.871
    lifetime: 23.6468
    annual_cost: 9.763308354618808
    efficiency: 0.936814
    discharge_ratio: 2
    depth_of_discharge: 0.9
  Pb-acid:
    cost: 109.226
    lifetime: 10.6686
    annual_cost: 10.23808184766511
    efficiency: 0.763101
    discharge_ratio: 5
    depth_of_discharge: 0.5
  VRBF:
    cost: 226.858
    lifetime: 14.4237
    annual_cost: 15.728141877604221
    efficiency: 0.680013
    discharge_ratio: 0.5
    depth_of_discharge: 1.0
