cost_values:
  wind_capex: 5000.0
  wind_opex: 100
  wind_lifetime: 20
  solar_capex: 1000.0
  solar_opex: 10
  solar_lifetime: 20
  carbon_price: 1.0
timeseries_values:
  load_level: 258100.9459334124
  wind_year: 2018
  solar_year: 2018
  price_year: 2023
  carbon_year: 2023
storage_values:
  CAES:
    cost: 45.3987
    lifetime: 27.9246
    annual_cost: 1.6257600825078962
    efficiency: 0.61996
    discharge_ratio: 0.1
    depth_of_discharge: 0.4
  Li-ion:
    cost: 251.633
    lifetime: 22.3665
    annual_cost: 11.250441508506025
    efficiency: 0.916847
    discharge_ratio: 2
    depth_of_discharge: 0.9
  Pb-acid:
    cost: 93.728
    lifetime: 9.63032
    annual_cost: 9.732594555528788
    efficiency: 0.760441
    discharge_ratio: 5
    depth_of_discharge: 0.5
  VRBF:
    cost: 233.233
    lifetime: 13.3376
    annual_cost: 17.486879198656432
    efficiency: 0.667822
    discharge_ratio: 0.5
    depth_of_discharge: 1.0
