cost_values:
  wind_capex: 5000.0
  wind_opex: 100
  wind_lifetime: 20
  solar_capex: 1000.0
  solar_opex: 10
  solar_lifetime: 20
  carbon_price: 1.0
timeseries_values:
  load_level: 258100.9459334124
  wind_year: 2018
  solar_year: 2018
  price_year: 2023
  carbon_year: 2023
storage_values:
  CAES:
    cost: 44.3209
    lifetime: 27.3846
    annual_cost: 1.6184607407082814
    efficiency: 0.627607
    discharge_ratio: 0.1
    depth_of_discharge: 0.4
  Li-ion:
    cost: 236.755
    lifetime: 21.5168
    annual_cost: 11.00326256692445
    efficiency: 0.937698
    discharge_ratio: 2
    depth_of_discharge: 0.9
  Pb-acid:
    cost: 105.008
    lifetime: 8.16213
    annual_cost: 12.86526923731918
    efficiency: 0.746006
    discharge_ratio: 5
    depth_of_discharge: 0.5
  VRBF:
    cost: 211.553
    lifetime: 15.4878
    annual_cost: 13.659331861206885
    efficiency: 0.668787
    discharge_ratio: 0.5
    depth_of_discharge: 1.0
