cost_values:
  wind_capex: 5000.0
  wind_opex: 100
  wind_lifetime: 20
  solar_capex: 1000.0
  solar_opex: 10
  solar_lifetime: 20
  carbon_price: 1.0
timeseries_values:
  load_level: 258100.9459334124
  wind_year: 2018
  solar_year: 2018
  price_year: 2023
  carbon_year: 2023
storage_values:
  CAES:
    cost: 51.4369
    lifetime: 27.8951
    annual_cost: 1.8439403336069777
    efficiency: 0.622757
    discharge_ratio: 0.1
    depth_of_discharge: 0.4
  Li-ion:
    cost: 233.682
    lifetime: 22.1782
    annual_cost: 10.53656293116664
    efficiency: 0.926014
    discharge_ratio: 2
    depth_of_discharge: 0.9
  Pb-acid:
    cost: 84.8139
    lifetime: 9.27879
    annual_cost: 9.140620705932562
    efficiency: 0.772559
    discharge_ratio: 5
    depth_of_discharge: 0.5
  VRBF:
    cost: 263.324
    lifetime: 13.059
    annual_cost: 20.16417796155908
    efficiency: 0.668934
    discharge_ratio: 0.5
    depth_of_discharge: 1.0
