cost_values:
  wind_capex: 5000.0
  wind_opex: 100
  wind_lifetime: 20
  solar_capex: 1000.0
  solar_opex: 10
  solar_lifetime: 20
  carbon_price: 1.0
timeseries_values:
  load_level: 258100.9459334124
  wind_year: 2018
  solar_year: 2018
  price_year: 2023
  carbon_year: 2023
storage_values:
  CAES:
    cost: 45.0976
    lifetime: 25.9436
    annual_cost: 1.7382938374011316
    efficiency: 0.614136
    discharge_ratio: 0.1
    depth_of_discharge: 0.4
  Li-ion:
    cost: 236.957
    lifetime: 22.5222
    annual_cost: 10.521041461313725
    efficiency: 0.925228
    discharge_ratio: 2
    depth_of_discharge: 0.9
  Pb-acid:
    cost: 95.6691
    lifetime: 10.5619
    annual_cost: 9.05794411990267
    efficiency: 0.753345
    discharge_ratio: 5
    depth_of_discharge: 0.5
  VRBF:
    cost: 241.66
    lifetime: 11.6469
    annual_cost: 20.748868797705825
    efficiency: 0.68579
    discharge_ratio: 0.5
    depth_of_discharge: 1.0
