cost_values:
  wind_capex: 5000.0
  wind_opex: 100
  wind_lifetime: 20
  solar_capex: 1000.0
  solar_opex: 10
  solar_lifetime: 20
  carbon_price: 1.0
timeseries_values:
  load_level: 258100.9459334124
  wind_year: 2018
  solar_year: 2018
  price_year: 2023
  carbon_year: 2023
storage_values:
  CAES:
    cost: 51.4738
    lifetime: 27.6915
    annual_cost: 1.8588303269956483
    efficiency: 0.613795
    discharge_ratio: 0.1
    depth_of_discharge: 0.4
  Li-ion:
    cost: 246.51
    lifetime: 24.7066
    annual_cost: 9.977495891785999
    efficiency: 0.940948
    discharge_ratio: 2
    depth_of_discharge: 0.9
  Pb-acid:
    cost: 89.5958
    lifetime: 10.9491
    annual_cost: 8.182937410380761
    efficiency: 0.758741
    discharge_ratio: 5
    depth_of_discharge: 0.5
  VRBF:
    cost: 212.791
    lifetime: 14.9911
    annual_cost: 14.194488729979788
    efficiency: 0.690551
    discharge_ratio: 0.5
    depth_of_discharge: 1.0
