cost_values:
  wind_capex: 5000.0
  wind_opex: 100
  wind_lifetime: 20
  solar_capex: 1000.0
  solar_opex: 10
  solar_lifetime: 20
  carbon_price: 1.0
timeseries_values:
  load_level: 258100.9459334124
  wind_year: 2018
  solar_year: 2018
  price_year: 2023
  carbon_year: 2023
storage_values:
  CAES:
    cost: 49.4537
    lifetime: 26.7543
    annual_cost: 1.8484393162968193
    efficiency: 0.616217
    discharge_ratio: 0.1
    depth_of_discharge: 0.4
  Li-ion:
    cost: 252.808
    lifetime: 21.371
    annual_cost: 11.829488559262552
    efficiency: 0.929409
    discharge_ratio: 2
    depth_of_discharge: 0.9
  Pb-acid:
    cost: 102.028
    lifetime: 8.69009
    annual_cost: 11.740729957917583
    efficiency: 0.762526
    discharge_ratio: 5
    depth_of_discharge: 0.5
  VRBF:
    cost: 270.237
    lifetime: 15.5525
    annual_cost: 17.37579167336441
    efficiency: 0.69479
    discharge_ratio: 0.5
    depth_of_discharge: 1.0
