cost_values:
  wind_capex: 5000.0
  wind_opex: 100
  wind_lifetime: 20
  solar_capex: 1000.0
  solar_opex: 10
  solar_lifetime: 20
  carbon_price: 1.0
timeseries_values:
  load_level: 258100.9459334124
  wind_year: 2018
  solar_year: 2018
  price_year: 2023
  carbon_year: 2023
storage_values:
  CAES:
    cost: 51.9189
    lifetime: 27.1368
    annual_cost: 1.9132285309984964
    efficiency: 0.620705
    discharge_ratio: 0.1
    depth_of_discharge: 0.4
  Li-ion:
    cost: 222.47
    lifetime: 22.0587
    annual_cost: 10.085363144700276
    efficiency: 0.942202
    discharge_ratio: 2
    depth_of_discharge: 0.9
  Pb-acid:
    cost: 76.4011
    lifetime: 10.7987
    annual_cost: 7.075027549612453
    efficiency: 0.758935
    discharge_ratio: 5
    depth_of_discharge: 0.5
  VRBF:
    cost: 230.373
    lifetime: 13.8947
    annual_cost: 16.579918961906337
    efficiency: 0.675629
    discharge_ratio: 0.5
    depth_of_discharge: 1.0
