cost_values:
  wind_capex: 5000.0
  wind_opex: 100
  wind_lifetime: 20
  solar_capex: 1000.0
  solar_opex: 10
  solar_lifetime: 20
  carbon_price: 1.0
timeseries_values:
  load_level: 258100.9459334124
  wind_year: 2018
  solar_year: 2018
  price_year: 2023
  carbon_year: 2023
storage_values:
  CAES:
    cost: 42.5292
    lifetime: 26.4452
    annual_cost: 1.6082011102203804
    efficiency: 0.623733
    discharge_ratio: 0.1
    depth_of_discharge: 0.4
  Li-ion:
    cost: 236.872
    lifetime: 22.1044
    annual_cost: 10.71605653173124
    efficiency: 0.934516
    discharge_ratio: 2
    depth_of_discharge: 0.9
  Pb-acid:
    cost: 78.8191
    lifetime: 9.32776
    annual_cost: 8.449949398355018
    efficiency: 0.755059
    discharge_ratio: 5
    depth_of_discharge: 0.5
  VRBF:
    cost: 207.917
    lifetime: 14.4053
    annual_cost: 14.433368274176866
    efficiency: 0.677732
    discharge_ratio: 0.5
    depth_of_discharge: 1.0
