cost_values:
  wind_capex: 5000.0
  wind_opex: 100
  wind_lifetime: 20
  solar_capex: 1000.0
  solar_opex: 10
  solar_lifetime: 20
  carbon_price: 1.0
timeseries_values:
  load_level: 258100.9459334124
  wind_year: 2018
  solar_year: 2018
  price_year: 2023
  carbon_year: 2023
storage_values:
  CAES:
    cost: 49.7001
    lifetime: 27.8075
    annual_cost: 1.787291198417693
    efficiency: 0.620918
    discharge_ratio: 0.1
    depth_of_discharge: 0.4
  Li-ion:
    cost: 247.922
    lifetime: 21.7709
    annual_cost: 11.38776991304907
    efficiency: 0.948094
    discharge_ratio: 2
    depth_of_discharge: 0.9
  Pb-acid:
    cost: 102.865
    lifetime: 9.33398
    annual_cost: 11.020486437725385
    efficiency: 0.76034
    discharge_ratio: 5
    depth_of_discharge: 0.5
  VRBF:
    cost: 250.72
    lifetime: 14.2463
    annual_cost: 17.59895551827492
    efficiency: 0.672885
    discharge_ratio: 0.5
    depth_of_discharge: 1.0
