cost_values:
  wind_capex: 5000.0
  wind_opex: 100
  wind_lifetime: 20
  solar_capex: 1000.0
  solar_opex: 10
  solar_lifetime: 20
  carbon_price: 1.0
timeseries_values:
  load_level: 258100.9459334124
  wind_year: 2018
  solar_year: 2018
  price_year: 2023
  carbon_year: 2023
storage_values:
  CAES:
    cost: 48.7619
    lifetime: 27.0596
    annual_cost: 1.802018507295008
    efficiency: 0.61088
    discharge_ratio: 0.1
    depth_of_discharge: 0.4
  Li-ion:
    cost: 259.099
    lifetime: 23.06
    annual_cost: 11.235862966175196
    efficiency: 0.915915
    discharge_ratio: 2
    depth_of_discharge: 0.9
  Pb-acid:
    cost: 107.62
    lifetime: 9.9276
    annual_cost: 10.840485112212418
    efficiency: 0.758623
    discharge_ratio: 5
    depth_of_discharge: 0.5
  VRBF:
    cost: 257.527
    lifetime: 15.316
    annual_cost: 16.814246539566465
    efficiency: 0.667107
    discharge_ratio: 0.5
    depth_of_discharge: 1.0
