cost_values:
  wind_capex: 5000.0
  wind_opex: 100
  wind_lifetime: 20
  solar_capex: 1000.0
  solar_opex: 10
  solar_lifetime: 20
  carbon_price: 1.0
timeseries_values:
  load_level: 258100.9459334124
  wind_year: 2018
  solar_year: 2018
  price_year: 2023
  carbon_year: 2023
storage_values:
  CAES:
    cost: 55.4059
    lifetime: 26.2906
    annual_cost: 2.107441442949191
    efficiency: 0.625405
    discharge_ratio: 0.1
    depth_of_discharge: 0.4
  Li-ion:
    cost: 257.59
    lifetime: 21.9772
    annual_cost: 11.720783357297561
    efficiency: 0.941724
    discharge_ratio: 2
    depth_of_discharge: 0.9
  Pb-acid:
    cost: 90.6884
    lifetime: 9.32169
    annual_cost: 9.72875090246511
    efficiency: 0.754979
    discharge_ratio: 5
    depth_of_discharge: 0.5
  VRBF:
    cost: 257.134
    lifetime: 13.7264
    annual_cost: 18.732806853945682
    efficiency: 0.66681
    discharge_ratio: 0.5
    depth_of_discharge: 1.0
