cost_values:
  wind_capex: 5000.0
  wind_opex: 100
  wind_lifetime: 20
  solar_capex: 1000.0
  solar_opex: 10
  solar_lifetime: 20
  carbon_price: 1.0
timeseries_values:
  load_level: 258100.9459334124
  wind_year: 2018
  solar_year: 2018
  price_year: 2023
  carbon_year: 2023
storage_values:
  CAES:
    cost: 51.6556
    lifetime: 26.9498
    annual_cost: 1.9167340759486156
    efficiency: 0.633118
    discharge_ratio: 0.1
    depth_of_discharge: 0.4
  Li-ion:
    cost: 246.753
    lifetime: 23.5822
    annual_cost: 10.463527575883505
    efficiency: 0.919947
    discharge_ratio: 2
    depth_of_discharge: 0.9
  Pb-acid:
    cost: 76.5937
    lifetime: 9.32286
    annual_cost: 8.215687031661957
    efficiency: 0.757472
    discharge_ratio: 5
    depth_of_discharge: 0.5
  VRBF:
    cost: 249.22
    lifetime: 11.853
    annual_cost: 21.025900615877838
    efficiency: 0.666797
    discharge_ratio: 0.5
    depth_of_discharge: 1.0
