cost_values:
  wind_capex: 5000.0
  wind_opex: 100
  wind_lifetime: 20
  solar_capex: 1000.0
  solar_opex: 10
  solar_lifetime: 20
  carbon_price: 1.0
timeseries_values:
  load_level: 258100.9459334124
  wind_year: 2018
  solar_year: 2018
  price_year: 2023
  carbon_year: 2023
storage_values:
  CAES:
    cost: 47.8262
    lifetime: 27.2787
    annual_cost: 1.7532433730346386
    efficiency: 0.617214
    discharge_ratio: 0.1
    depth_of_discharge: 0.4
  Li-ion:
    cost: 222.595
    lifetime: 21.3839
    annual_cost: 10.409466935404673
    efficiency: 0.934155
    discharge_ratio: 2
    depth_of_discharge: 0.9
  Pb-acid:
    cost: 104.415
    lifetime: 8.3031
    annual_cost: 12.575423636954872
    efficiency: 0.762677
    discharge_ratio: 5
    depth_of_discharge: 0.5
  VRBF:
    cost: 241.471
    lifetime: 14.2502
    annual_cost: 16.945095507431475
    efficiency: 0.665837
    discharge_ratio: 0.5
    depth_of_discharge: 1.0
