cost_values:
  wind_capex: 5000.0
  wind_opex: 100
  wind_lifetime: 20
  solar_capex: 1000.0
  solar_opex: 10
  solar_lifetime: 20
  carbon_price: 1.0
timeseries_values:
  load_level: 258100.9459334124
  wind_year: 2018
  solar_year: 2018
  price_year: 2023
  carbon_year: 2023
storage_values:
  CAES:
    cost: 41.1095
    lifetime: 25.8555
    annual_cost: 1.5899711860145809
    efficiency: 0.630591
    discharge_ratio: 0.1
    depth_of_discharge: 0.4
  Li-ion:
    cost: 236.077
    lifetime: 22.6534
    annual_cost: 10.421261267624285
    efficiency: 0.924321
    discharge_ratio: 2
    depth_of_discharge: 0.9
  Pb-acid:
    cost: 89.4113
    lifetime: 10.9545
    annual_cost: 8.162061253366197
    efficiency: 0.767491
    discharge_ratio: 5
    depth_of_discharge: 0.5
  VRBF:
    cost: 214.881
    lifetime: 14.0525
    annual_cost: 15.291300480341576
    efficiency: 0.695402
    discharge_ratio: 0.5
    depth_of_discharge: 1.0
