cost_values:
  wind_capex: 5000.0
  wind_opex: 100
  wind_lifetime: 20
  solar_capex: 1000.0
  solar_opex: 10
  solar_lifetime: 20
  carbon_price: 1.0
timeseries_values:
  load_level: 258100.9459334124
  wind_year: 2018
  solar_year: 2018
  price_year: 2023
  carbon_year: 2023
storage_values:
  CAES:
    cost: 53.9137
    lifetime: 27.59
    annual_cost: 1.954102935846321
    efficiency: 0.623984
    discharge_ratio: 0.1
    depth_of_discharge: 0.4
  Li-ion:
    cost: 240.236
    lifetime: 23.8955
    annual_cost: 10.053608419995397
    efficiency: 0.922488
    discharge_ratio: 2
    depth_of_discharge: 0.9
  Pb-acid:
    cost: 87.8615
    lifetime: 10.8597
    annual_cost: 8.090601029494369
    efficiency: 0.772427
    discharge_ratio: 5
    depth_of_discharge: 0.5
  VRBF:
    cost: 233.545
    lifetime: 12.1041
    annual_cost: 19.294701795259456
    efficiency: 0.667164
    discharge_ratio: 0.5
    depth_of_discharge: 1.0
