cost_values:
  wind_capex: 5000.0
  wind_opex: 100
  wind_lifetime: 20
  solar_capex: 1000.0
  solar_opex: 10
  solar_lifetime: 20
  carbon_price: 1.0
timeseries_values:
  load_level: 258100.9459334124
  wind_year: 2018
  solar_year: 2018
  price_year: 2023
  carbon_year: 2023
storage_values:
  CAES:
    cost: 51.3503
    lifetime: 27.2151
    annual_cost: 1.8868312076751508
    efficiency: 0.618241
    discharge_ratio: 0.1
    depth_of_discharge: 0.4
  Li-ion:
    cost: 235.01
    lifetime: 23.1308
    annual_cost: 10.160046345132896
    efficiency: 0.931949
    discharge_ratio: 2
    depth_of_discharge: 0.9
  Pb-acid:
    cost: 86.9481
    lifetime: 8.78861
    annual_cost: 9.893270949558575
    efficiency: 0.761192
    discharge_ratio: 5
    depth_of_discharge: 0.5
  VRBF:
    cost: 236.257
    lifetime: 13.1142
    annual_cost: 18.015357398850103
    efficiency: 0.689287
    discharge_ratio: 0.5
    depth_of_discharge: 1.0
