cost_values:
  wind_capex: 5000.0
  wind_opex: 100
  wind_lifetime: 20
  solar_capex: 1000.0
  solar_opex: 10
  solar_lifetime: 20
  carbon_price: 1.0
timeseries_values:
  load_level: 258100.9459334124
  wind_year: 2018
  solar_year: 2018
  price_year: 2023
  carbon_year: 2023
storage_values:
  CAES:
    cost: 47.6617
    lifetime: 25.8758
    annual_cost: 1.8419411187286963
    efficiency: 0.607785
    discharge_ratio: 0.1
    depth_of_discharge: 0.4
  Li-ion:
    cost: 228.409
    lifetime: 23.7488
    annual_cost: 9.617706999932627
    efficiency: 0.924283
    discharge_ratio: 2
    depth_of_discharge: 0.9
  Pb-acid:
    cost: 79.0457
    lifetime: 8.66163
    annual_cost: 9.125961279805301
    efficiency: 0.760284
    discharge_ratio: 5
    depth_of_discharge: 0.5
  VRBF:
    cost: 230.493
    lifetime: 13.3007
    annual_cost: 17.32938867879134
    efficiency: 0.684551
    discharge_ratio: 0.5
    depth_of_discharge: 1.0
