cost_values:
  wind_capex: 5000.0
  wind_opex: 100
  wind_lifetime: 20
  solar_capex: 1000.0
  solar_opex: 10
  solar_lifetime: 20
  carbon_price: 1.0
timeseries_values:
  load_level: 258100.9459334124
  wind_year: 2018
  solar_year: 2018
  price_year: 2023
  carbon_year: 2023
storage_values:
  CAES:
    cost: 49.4538
    lifetime: 26.7035
    annual_cost: 1.8519594809669147
    efficiency: 0.61802
    discharge_ratio: 0.1
    depth_of_discharge: 0.4
  Li-ion:
    cost: 237.643
    lifetime: 21.3497
    annual_cost: 11.130976079289171
    efficiency: 0.944503
    discharge_ratio: 2
    depth_of_discharge: 0.9
  Pb-acid:
    cost: 102.244
    lifetime: 9.63869
    annual_cost: 10.60766556451136
    efficiency: 0.770386
    discharge_ratio: 5
    depth_of_discharge: 0.5
  VRBF:
    cost: 216.729
    lifetime: 13.771
    annual_cost: 15.738072761600465
    efficiency: 0.69633
    discharge_ratio: 0.5
    depth_of_discharge: 1.0
