cost_values:
  wind_capex: 5000.0
  wind_opex: 100
  wind_lifetime: 20
  solar_capex: 1000.0
  solar_opex: 10
  solar_lifetime: 20
  carbon_price: 1.0
timeseries_values:
  load_level: 258100.9459334124
  wind_year: 2018
  solar_year: 2018
  price_year: 2023
  carbon_year: 2023
storage_values:
  CAES:
    cost: 49.9816
    lifetime: 27.0358
    annual_cost: 1.8487191057782646
    efficiency: 0.627676
    discharge_ratio: 0.1
    depth_of_discharge: 0.4
  Li-ion:
    cost: 234.485
    lifetime: 21.5897
    annual_cost: 10.860966108838937
    efficiency: 0.939733
    discharge_ratio: 2
    depth_of_discharge: 0.9
  Pb-acid:
    cost: 77.124
    lifetime: 10.1752
    annual_cost: 7.579605314883245
    efficiency: 0.756954
    discharge_ratio: 5
    depth_of_discharge: 0.5
  VRBF:
    cost: 248.518
    lifetime: 12.8954
    annual_cost: 19.271833366937045
    efficiency: 0.680073
    discharge_ratio: 0.5
    depth_of_discharge: 1.0
