cost_values:
  wind_capex: 5000.0
  wind_opex: 100
  wind_lifetime: 20
  solar_capex: 1000.0
  solar_opex: 10
  solar_lifetime: 20
  carbon_price: 1.0
timeseries_values:
  load_level: 258100.9459334124
  wind_year: 2018
  solar_year: 2018
  price_year: 2023
  carbon_year: 2023
storage_values:
  CAES:
    cost: 43.8654
    lifetime: 26.6021
    annual_cost: 1.6489450081008643
    efficiency: 0.623445
    discharge_ratio: 0.1
    depth_of_discharge: 0.4
  Li-ion:
    cost: 241.056
    lifetime: 21.3666
    annual_cost: 11.281907275841736
    efficiency: 0.940796
    discharge_ratio: 2
    depth_of_discharge: 0.9
  Pb-acid:
    cost: 114.199
    lifetime: 9.6759
    annual_cost: 11.802416312694426
    efficiency: 0.75849
    discharge_ratio: 5
    depth_of_discharge: 0.5
  VRBF:
    cost: 261.659
    lifetime: 15.6056
    annual_cost: 16.766993899625774
    efficiency: 0.669346
    discharge_ratio: 0.5
    depth_of_discharge: 1.0
