cost_values:
  wind_capex: 5000.0
  wind_opex: 100
  wind_lifetime: 20
  solar_capex: 1000.0
  solar_opex: 10
  solar_lifetime: 20
  carbon_price: 1.0
timeseries_values:
  load_level: 258100.9459334124
  wind_year: 2018
  solar_year: 2018
  price_year: 2023
  carbon_year: 2023
storage_values:
  CAES:
    cost: 45.997
    lifetime: 26.4789
    annual_cost: 1.7371189890818728
    efficiency: 0.619611
    discharge_ratio: 0.1
    depth_of_discharge: 0.4
  Li-ion:
    cost: 232.574
    lifetime: 23.8199
    annual_cost: 9.763852912900559
    efficiency: 0.92561
    discharge_ratio: 2
    depth_of_discharge: 0.9
  Pb-acid:
    cost: 80.1734
    lifetime: 9.00384
    annual_cost: 8.904356363507125
    efficiency: 0.761979
    discharge_ratio: 5
    depth_of_discharge: 0.5
  VRBF:
    cost: 217.477
    lifetime: 15.067
    annual_cost: 14.433994823123383
    efficiency: 0.687957
    discharge_ratio: 0.5
    depth_of_discharge: 1.0
