cost_values:
  wind_capex: 5000.0
  wind_opex: 100
  wind_lifetime: 20
  solar_capex: 1000.0
  solar_opex: 10
  solar_lifetime: 20
  carbon_price: 1.0
timeseries_values:
  load_level: 258100.9459334124
  wind_year: 2018
  solar_year: 2018
  price_year: 2023
  carbon_year: 2023
storage_values:
  CAES:
    cost: 47.7033
    lifetime: 26.1987
    annual_cost: 1.8208269875986214
    efficiency: 0.618326
    discharge_ratio: 0.1
    depth_of_discharge: 0.4
  Li-ion:
    cost: 234.306
    lifetime: 20.3928
    annual_cost: 11.489643403554195
    efficiency: 0.922986
    discharge_ratio: 2
    depth_of_discharge: 0.9
  Pb-acid:
    cost: 73.3559
    lifetime: 8.96405
    annual_cost: 8.183343466401906
    efficiency: 0.766882
    discharge_ratio: 5
    depth_of_discharge: 0.5
  VRBF:
    cost: 241.158
    lifetime: 12.7298
    annual_cost: 18.944366761457367
    efficiency: 0.687749
    discharge_ratio: 0.5
    depth_of_discharge: 1.0
