cost_values:
  wind_capex: 5000.0
  wind_opex: 100
  wind_lifetime: 20
  solar_capex: 1000.0
  solar_opex: 10
  solar_lifetime: 20
  carbon_price: 1.0
timeseries_values:
  load_level: 258100.9459334124
  wind_year: 2018
  solar_year: 2018
  price_year: 2023
  carbon_year: 2023
storage_values:
  CAES:
    cost: 49.4751
    lifetime: 27.3032
    annual_cost: 1.812062322365144
    efficiency: 0.626529
    discharge_ratio: 0.1
    depth_of_discharge: 0.4
  Li-ion:
    cost: 237.403
    lifetime: 21.3487
    annual_cost: 11.120255565912677
    efficiency: 0.921697
    discharge_ratio: 2
    depth_of_discharge: 0.9
  Pb-acid:
    cost: 87.5432
    lifetime: 9.40478
    annual_cost: 9.308372976295033
    efficiency: 0.765046
    discharge_ratio: 5
    depth_of_discharge: 0.5
  VRBF:
    cost: 207.191
    lifetime: 13.9049
    annual_cost: 14.900574617580853
    efficiency: 0.667771
    discharge_ratio: 0.5
    depth_of_discharge: 1.0
