cost_values:
  wind_capex: 5000.0
  wind_opex: 100
  wind_lifetime: 20
  solar_capex: 1000.0
  solar_opex: 10
  solar_lifetime: 20
  carbon_price: 1.0
timeseries_values:
  load_level: 258100.9459334124
  wind_year: 2018
  solar_year: 2018
  price_year: 2023
  carbon_year: 2023
storage_values:
  CAES:
    cost: 51.0625
    lifetime: 26.8269
    annual_cost: 1.9034066552602054
    efficiency: 0.609898
    discharge_ratio: 0.1
    depth_of_discharge: 0.4
  Li-ion:
    cost: 240.562
    lifetime: 21.0514
    annual_cost: 11.427363500764795
    efficiency: 0.933405
    discharge_ratio: 2
    depth_of_discharge: 0.9
  Pb-acid:
    cost: 80.9435
    lifetime: 8.84197
    annual_cost: 9.15446444627159
    efficiency: 0.755099
    discharge_ratio: 5
    depth_of_discharge: 0.5
  VRBF:
    cost: 239.054
    lifetime: 13.7611
    annual_cost: 17.37172173736111
    efficiency: 0.668966
    discharge_ratio: 0.5
    depth_of_discharge: 1.0
