cost_values:
  wind_capex: 5000.0
  wind_opex: 100
  wind_lifetime: 20
  solar_capex: 1000.0
  solar_opex: 10
  solar_lifetime: 20
  carbon_price: 1.0
timeseries_values:
  load_level: 258100.9459334124
  wind_year: 2018
  solar_year: 2018
  price_year: 2023
  carbon_year: 2023
storage_values:
  CAES:
    cost: 44.2323
    lifetime: 26.4615
    annual_cost: 1.6715719063545151
    efficiency: 0.630069
    discharge_ratio: 0.1
    depth_of_discharge: 0.4
  Li-ion:
    cost: 263.087
    lifetime: 23.9925
    annual_cost: 10.965385016150881
    efficiency: 0.939197
    discharge_ratio: 2
    depth_of_discharge: 0.9
  Pb-acid:
    cost: 72.7348
    lifetime: 11.3041
    annual_cost: 6.434373368954628
    efficiency: 0.761237
    discharge_ratio: 5
    depth_of_discharge: 0.5
  VRBF:
    cost: 232.362
    lifetime: 14.1599
    annual_cost: 16.409861651565336
    efficiency: 0.682738
    discharge_ratio: 0.5
    depth_of_discharge: 1.0
