cost_values:
  wind_capex: 5000.0
  wind_opex: 100
  wind_lifetime: 20
  solar_capex: 1000.0
  solar_opex: 10
  solar_lifetime: 20
  carbon_price: 1.0
timeseries_values:
  load_level: 258100.9459334124
  wind_year: 2018
  solar_year: 2018
  price_year: 2023
  carbon_year: 2023
storage_values:
  CAES:
    cost: 50.7851
    lifetime: 26.4535
    annual_cost: 1.9197875517417355
    efficiency: 0.627755
    discharge_ratio: 0.1
    depth_of_discharge: 0.4
  Li-ion:
    cost: 224.197
    lifetime: 22.9403
    annual_cost: 9.77306312471938
    efficiency: 0.932908
    discharge_ratio: 2
    depth_of_discharge: 0.9
  Pb-acid:
    cost: 78.1552
    lifetime: 9.51394
    annual_cost: 8.214809006573512
    efficiency: 0.761194
    discharge_ratio: 5
    depth_of_discharge: 0.5
  VRBF:
    cost: 211.533
    lifetime: 12.6569
    annual_cost: 16.71286017903278
    efficiency: 0.685277
    discharge_ratio: 0.5
    depth_of_discharge: 1.0
