cost_values:
  wind_capex: 5000.0
  wind_opex: 100
  wind_lifetime: 20
  solar_capex: 1000.0
  solar_opex: 10
  solar_lifetime: 20
  carbon_price: 1.0
timeseries_values:
  load_level: 258100.9459334124
  wind_year: 2018
  solar_year: 2018
  price_year: 2023
  carbon_year: 2023
storage_values:
  CAES:
    cost: 46.8833
    lifetime: 27.0949
    annual_cost: 1.7303367054316494
    efficiency: 0.624725
    discharge_ratio: 0.1
    depth_of_discharge: 0.4
  Li-ion:
    cost: 253.637
    lifetime: 23.2109
    annual_cost: 10.927495271618076
    efficiency: 0.9197
    discharge_ratio: 2
    depth_of_discharge: 0.9
  Pb-acid:
    cost: 85.9929
    lifetime: 11.4099
    annual_cost: 7.536691820261352
    efficiency: 0.754502
    discharge_ratio: 5
    depth_of_discharge: 0.5
  VRBF:
    cost: 232.932
    lifetime: 13.1924
    annual_cost: 17.656529516994635
    efficiency: 0.667968
    discharge_ratio: 0.5
    depth_of_discharge: 1.0
