cost_values:
  wind_capex: 5000.0
  wind_opex: 100
  wind_lifetime: 20
  solar_capex: 1000.0
  solar_opex: 10
  solar_lifetime: 20
  carbon_price: 1.0
timeseries_values:
  load_level: 258100.9459334124
  wind_year: 2018
  solar_year: 2018
  price_year: 2023
  carbon_year: 2023
storage_values:
  CAES:
    cost: 39.7643
    lifetime: 27.008
    annual_cost: 1.4723156101895734
    efficiency: 0.624164
    discharge_ratio: 0.1
    depth_of_discharge: 0.4
  Li-ion:
    cost: 241.236
    lifetime: 21.2649
    annual_cost: 11.344327977089005
    efficiency: 0.937982
    discharge_ratio: 2
    depth_of_discharge: 0.9
  Pb-acid:
    cost: 85.9719
    lifetime: 10.2692
    annual_cost: 8.371820589724614
    efficiency: 0.756403
    discharge_ratio: 5
    depth_of_discharge: 0.5
  VRBF:
    cost: 215.468
    lifetime: 12.7186
    annual_cost: 16.941172770587958
    efficiency: 0.664453
    discharge_ratio: 0.5
    depth_of_discharge: 1.0
