cost_values:
  wind_capex: 5000.0
  wind_opex: 100
  wind_lifetime: 20
  solar_capex: 1000.0
  solar_opex: 10
  solar_lifetime: 20
  carbon_price: 1.0
timeseries_values:
  load_level: 258100.9459334124
  wind_year: 2018
  solar_year: 2018
  price_year: 2023
  carbon_year: 2023
storage_values:
  CAES:
    cost: 48.2727
    lifetime: 25.6135
    annual_cost: 1.884658480879224
    efficiency: 0.62251
    discharge_ratio: 0.1
    depth_of_discharge: 0.4
  Li-ion:
    cost: 233.937
    lifetime: 22.7499
    annual_cost: 10.28299025490222
    efficiency: 0.928489
    discharge_ratio: 2
    depth_of_discharge: 0.9
  Pb-acid:
    cost: 71.0822
    lifetime: 10.1563
    annual_cost: 6.998828313460611
    efficiency: 0.745112
    discharge_ratio: 5
    depth_of_discharge: 0.5
  VRBF:
    cost: 258.948
    lifetime: 13.2664
    annual_cost: 19.51908581077006
    efficiency: 0.681574
    discharge_ratio: 0.5
    depth_of_discharge: 1.0
