cost_values:
  wind_capex: 5000.0
  wind_opex: 100
  wind_lifetime: 20
  solar_capex: 1000.0
  solar_opex: 10
  solar_lifetime: 20
  carbon_price: 1.0
timeseries_values:
  load_level: 258100.9459334124
  wind_year: 2018
  solar_year: 2018
  price_year: 2023
  carbon_year: 2023
storage_values:
  CAES:
    cost: 53.0331
    lifetime: 25.9892
    annual_cost: 2.0405822418543087
    efficiency: 0.625636
    discharge_ratio: 0.1
    depth_of_discharge: 0.4
  Li-ion:
    cost: 237.559
    lifetime: 22.3588
    annual_cost: 10.624854643361898
    efficiency: 0.931898
    discharge_ratio: 2
    depth_of_discharge: 0.9
  Pb-acid:
    cost: 103.354
    lifetime: 10.1344
    annual_cost: 10.198334385854121
    efficiency: 0.778706
    discharge_ratio: 5
    depth_of_discharge: 0.5
  VRBF:
    cost: 238.953
    lifetime: 12.5957
    annual_cost: 18.970998039013313
    efficiency: 0.716623
    discharge_ratio: 0.5
    depth_of_discharge: 1.0
