cost_values:
  wind_capex: 5000.0
  wind_opex: 100
  wind_lifetime: 20
  solar_capex: 1000.0
  solar_opex: 10
  solar_lifetime: 20
  carbon_price: 1.0
timeseries_values:
  load_level: 258100.9459334124
  wind_year: 2018
  solar_year: 2018
  price_year: 2023
  carbon_year: 2023
storage_values:
  CAES:
    cost: 53.9629
    lifetime: 26.5549
    annual_cost: 2.0321258976686036
    efficiency: 0.610358
    discharge_ratio: 0.1
    depth_of_discharge: 0.4
  Li-ion:
    cost: 248.669
    lifetime: 22.5905
    annual_cost: 11.00768021956132
    efficiency: 0.931344
    discharge_ratio: 2
    depth_of_discharge: 0.9
  Pb-acid:
    cost: 53.8077
    lifetime: 9.146
    annual_cost: 5.883194839273998
    efficiency: 0.744147
    discharge_ratio: 5
    depth_of_discharge: 0.5
  VRBF:
    cost: 241.834
    lifetime: 14.2638
    annual_cost: 16.954388031239922
    efficiency: 0.685055
    discharge_ratio: 0.5
    depth_of_discharge: 1.0
