cost_values:
  wind_capex: 5000.0
  wind_opex: 100
  wind_lifetime: 20
  solar_capex: 1000.0
  solar_opex: 10
  solar_lifetime: 20
  carbon_price: 1.0
timeseries_values:
  load_level: 258100.9459334124
  wind_year: 2018
  solar_year: 2018
  price_year: 2023
  carbon_year: 2023
storage_values:
  CAES:
    cost: 42.1889
    lifetime: 25.7283
    annual_cost: 1.6397857612045879
    efficiency: 0.616836
    discharge_ratio: 0.1
    depth_of_discharge: 0.4
  Li-ion:
    cost: 248.197
    lifetime: 19.8492
    annual_cost: 12.504131148862424
    efficiency: 0.936971
    discharge_ratio: 2
    depth_of_discharge: 0.9
  Pb-acid:
    cost: 75.7316
    lifetime: 10.7535
    annual_cost: 7.0425070907146505
    efficiency: 0.735621
    discharge_ratio: 5
    depth_of_discharge: 0.5
  VRBF:
    cost: 220.725
    lifetime: 13.4091
    annual_cost: 16.4608362977381
    efficiency: 0.691094
    discharge_ratio: 0.5
    depth_of_discharge: 1.0
