cost_values:
  wind_capex: 5000.0
  wind_opex: 100
  wind_lifetime: 20
  solar_capex: 1000.0
  solar_opex: 10
  solar_lifetime: 20
  carbon_price: 1.0
timeseries_values:
  load_level: 258100.9459334124
  wind_year: 2018
  solar_year: 2018
  price_year: 2023
  carbon_year: 2023
storage_values:
  CAES:
    cost: 53.7327
    lifetime: 27.3081
    annual_cost: 1.9676469618904282
    efficiency: 0.625287
    discharge_ratio: 0.1
    depth_of_discharge: 0.4
  Li-ion:
    cost: 223.581
    lifetime: 23.3439
    annual_cost: 9.577705524783775
    efficiency: 0.91884
    discharge_ratio: 2
    depth_of_discharge: 0.9
  Pb-acid:
    cost: 85.5011
    lifetime: 9.5565
    annual_cost: 8.946905247737142
    efficiency: 0.761647
    discharge_ratio: 5
    depth_of_discharge: 0.5
  VRBF:
    cost: 238.923
    lifetime: 15.428
    annual_cost: 15.486323567539538
    efficiency: 0.683768
    discharge_ratio: 0.5
    depth_of_discharge: 1.0
