cost_values:
  wind_capex: 5000.0
  wind_opex: 100
  wind_lifetime: 20
  solar_capex: 1000.0
  solar_opex: 10
  solar_lifetime: 20
  carbon_price: 1.0
timeseries_values:
  load_level: 258100.9459334124
  wind_year: 2018
  solar_year: 2018
  price_year: 2023
  carbon_year: 2023
storage_values:
  CAES:
    cost: 51.9511
    lifetime: 26.7242
    annual_cost: 1.943972130129246
    efficiency: 0.623296
    discharge_ratio: 0.1
    depth_of_discharge: 0.4
  Li-ion:
    cost: 246.698
    lifetime: 21.315
    annual_cost: 11.573915083274688
    efficiency: 0.942078
    discharge_ratio: 2
    depth_of_discharge: 0.9
  Pb-acid:
    cost: 107.83
    lifetime: 9.61946
    annual_cost: 11.209568936302038
    efficiency: 0.762863
    discharge_ratio: 5
    depth_of_discharge: 0.5
  VRBF:
    cost: 244.484
    lifetime: 15.1322
    annual_cost: 16.15654035764793
    efficiency: 0.685962
    discharge_ratio: 0.5
    depth_of_discharge: 1.0
