cost_values:
  wind_capex: 5000.0
  wind_opex: 100
  wind_lifetime: 20
  solar_capex: 1000.0
  solar_opex: 10
  solar_lifetime: 20
  carbon_price: 1.0
timeseries_values:
  load_level: 258100.9459334124
  wind_year: 2018
  solar_year: 2018
  price_year: 2023
  carbon_year: 2023
storage_values:
  CAES:
    cost: 50.426
    lifetime: 27.1301
    annual_cost: 1.8586735765809932
    efficiency: 0.629115
    discharge_ratio: 0.1
    depth_of_discharge: 0.4
  Li-ion:
    cost: 244.841
    lifetime: 23.4677
    annual_cost: 10.433105928574168
    efficiency: 0.930454
    discharge_ratio: 2
    depth_of_discharge: 0.9
  Pb-acid:
    cost: 108.72
    lifetime: 7.69761
    annual_cost: 14.123864420255117
    efficiency: 0.746084
    discharge_ratio: 5
    depth_of_discharge: 0.5
  VRBF:
    cost: 243.327
    lifetime: 12.9234
    annual_cost: 18.828404289892752
    efficiency: 0.682159
    discharge_ratio: 0.5
    depth_of_discharge: 1.0
