cost_values:
  wind_capex: 5000.0
  wind_opex: 100
  wind_lifetime: 20
  solar_capex: 1000.0
  solar_opex: 10
  solar_lifetime: 20
  carbon_price: 1.0
timeseries_values:
  load_level: 258100.9459334124
  wind_year: 2018
  solar_year: 2018
  price_year: 2023
  carbon_year: 2023
storage_values:
  CAES:
    cost: 56.0863
    lifetime: 26.4178
    annual_cost: 2.123049610489897
    efficiency: 0.631299
    discharge_ratio: 0.1
    depth_of_discharge: 0.4
  Li-ion:
    cost: 241.385
    lifetime: 22.3754
    annual_cost: 10.787963567131762
    efficiency: 0.941817
    discharge_ratio: 2
    depth_of_discharge: 0.9
  Pb-acid:
    cost: 92.8579
    lifetime: 9.03587
    annual_cost: 10.276586537876264
    efficiency: 0.766221
    discharge_ratio: 5
    depth_of_discharge: 0.5
  VRBF:
    cost: 261.188
    lifetime: 14.561
    annual_cost: 17.937504292287617
    efficiency: 0.6773
    discharge_ratio: 0.5
    depth_of_discharge: 1.0
