cost_values:
  wind_capex: 5000.0
  wind_opex: 100
  wind_lifetime: 20
  solar_capex: 1000.0
  solar_opex: 10
  solar_lifetime: 20
  carbon_price: 1.0
timeseries_values:
  load_level: 258100.9459334124
  wind_year: 2018
  solar_year: 2018
  price_year: 2023
  carbon_year: 2023
storage_values:
  CAES:
    cost: 51.4996
    lifetime: 26.0045
    annual_cost: 1.9804110826972254
    efficiency: 0.623466
    discharge_ratio: 0.1
    depth_of_discharge: 0.4
  Li-ion:
    cost: 258.181
    lifetime: 24.4286
    annual_cost: 10.568800504326894
    efficiency: 0.925668
    discharge_ratio: 2
    depth_of_discharge: 0.9
  Pb-acid:
    cost: 120.574
    lifetime: 10.0754
    annual_cost: 11.967167556623062
    efficiency: 0.760857
    discharge_ratio: 5
    depth_of_discharge: 0.5
  VRBF:
    cost: 249.901
    lifetime: 15.2345
    annual_cost: 16.403623354885294
    efficiency: 0.688105
    discharge_ratio: 0.5
    depth_of_discharge: 1.0
