cost_values:
  wind_capex: 5000.0
  wind_opex: 100
  wind_lifetime: 20
  solar_capex: 1000.0
  solar_opex: 10
  solar_lifetime: 20
  carbon_price: 1.0
timeseries_values:
  load_level: 258100.9459334124
  wind_year: 2018
  solar_year: 2018
  price_year: 2023
  carbon_year: 2023
storage_values:
  CAES:
    cost: 54.195
    lifetime: 27.6591
    annual_cost: 1.9593913034046662
    efficiency: 0.624899
    discharge_ratio: 0.1
    depth_of_discharge: 0.4
  Li-ion:
    cost: 252.464
    lifetime: 22.1813
    annual_cost: 11.381839657729708
    efficiency: 0.929439
    discharge_ratio: 2
    depth_of_discharge: 0.9
  Pb-acid:
    cost: 93.2951
    lifetime: 8.80557
    annual_cost: 10.595009749510822
    efficiency: 0.745168
    discharge_ratio: 5
    depth_of_discharge: 0.5
  VRBF:
    cost: 219.72
    lifetime: 14.3579
    annual_cost: 15.303073569254556
    efficiency: 0.685068
    discharge_ratio: 0.5
    depth_of_discharge: 1.0
