cost_values:
  wind_capex: 5000.0
  wind_opex: 100
  wind_lifetime: 20
  solar_capex: 1000.0
  solar_opex: 10
  solar_lifetime: 20
  carbon_price: 1.0
timeseries_values:
  load_level: 258100.9459334124
  wind_year: 2018
  solar_year: 2018
  price_year: 2023
  carbon_year: 2023
storage_values:
  CAES:
    cost: 54.7856
    lifetime: 27.3717
    annual_cost: 2.0015417383648075
    efficiency: 0.625582
    discharge_ratio: 0.1
    depth_of_discharge: 0.4
  Li-ion:
    cost: 241.545
    lifetime: 24.08
    annual_cost: 10.03093853820598
    efficiency: 0.92804
    discharge_ratio: 2
    depth_of_discharge: 0.9
  Pb-acid:
    cost: 80.9221
    lifetime: 10.264
    annual_cost: 7.884070537802027
    efficiency: 0.752527
    discharge_ratio: 5
    depth_of_discharge: 0.5
  VRBF:
    cost: 243.46
    lifetime: 15.9916
    annual_cost: 15.224242727431902
    efficiency: 0.690718
    discharge_ratio: 0.5
    depth_of_discharge: 1.0
