cost_values:
  wind_capex: 5000.0
  wind_opex: 100
  wind_lifetime: 20
  solar_capex: 1000.0
  solar_opex: 10
  solar_lifetime: 20
  carbon_price: 1.0
timeseries_values:
  load_level: 258100.9459334124
  wind_year: 2018
  solar_year: 2018
  price_year: 2023
  carbon_year: 2023
storage_values:
  CAES:
    cost: 43.8563
    lifetime: 27.1357
    annual_cost: 1.6161845834085724
    efficiency: 0.62821
    discharge_ratio: 0.1
    depth_of_discharge: 0.4
  Li-ion:
    cost: 249.707
    lifetime: 24.894
    annual_cost: 10.03081063710131
    efficiency: 0.919571
    discharge_ratio: 2
    depth_of_discharge: 0.9
  Pb-acid:
    cost: 109.135
    lifetime: 10.4571
    annual_cost: 10.436449876160694
    efficiency: 0.757651
    discharge_ratio: 5
    depth_of_discharge: 0.5
  VRBF:
    cost: 276.963
    lifetime: 13.7176
    annual_cost: 20.19033941797399
    efficiency: 0.692877
    discharge_ratio: 0.5
    depth_of_discharge: 1.0
