cost_values:
  wind_capex: 5000.0
  wind_opex: 100
  wind_lifetime: 20
  solar_capex: 1000.0
  solar_opex: 10
  solar_lifetime: 20
  carbon_price: 1.0
timeseries_values:
  load_level: 258100.9459334124
  wind_year: 2018
  solar_year: 2018
  price_year: 2023
  carbon_year: 2023
storage_values:
  CAES:
    cost: 47.1434
    lifetime: 27.3291
    annual_cost: 1.7250257052006834
    efficiency: 0.626078
    discharge_ratio: 0.1
    depth_of_discharge: 0.4
  Li-ion:
    cost: 242.319
    lifetime: 21.7996
    annual_cost: 11.115754417512246
    efficiency: 0.923669
    discharge_ratio: 2
    depth_of_discharge: 0.9
  Pb-acid:
    cost: 88.4951
    lifetime: 9.48535
    annual_cost: 9.329661003547574
    efficiency: 0.748648
    discharge_ratio: 5
    depth_of_discharge: 0.5
  VRBF:
    cost: 253.689
    lifetime: 12.7797
    annual_cost: 19.850935467968732
    efficiency: 0.678549
    discharge_ratio: 0.5
    depth_of_discharge: 1.0
