cost_values:
  wind_capex: 5000.0
  wind_opex: 100
  wind_lifetime: 20
  solar_capex: 1000.0
  solar_opex: 10
  solar_lifetime: 20
  carbon_price: 1.0
timeseries_values:
  load_level: 258100.9459334124
  wind_year: 2018
  solar_year: 2018
  price_year: 2023
  carbon_year: 2023
storage_values:
  CAES:
    cost: 47.4221
    lifetime: 27.2179
    annual_cost: 1.7423129631602732
    efficiency: 0.619735
    discharge_ratio: 0.1
    depth_of_discharge: 0.4
  Li-ion:
    cost: 232.176
    lifetime: 24.4091
    annual_cost: 9.511862379194644
    efficiency: 0.931206
    discharge_ratio: 2
    depth_of_discharge: 0.9
  Pb-acid:
    cost: 90.4057
    lifetime: 7.44115
    annual_cost: 12.149425827997016
    efficiency: 0.76242
    discharge_ratio: 5
    depth_of_discharge: 0.5
  VRBF:
    cost: 216.195
    lifetime: 15.3769
    annual_cost: 14.059725952565211
    efficiency: 0.690781
    discharge_ratio: 0.5
    depth_of_discharge: 1.0
