cost_values:
  wind_capex: 5000.0
  wind_opex: 100
  wind_lifetime: 20
  solar_capex: 1000.0
  solar_opex: 10
  solar_lifetime: 20
  carbon_price: 1.0
timeseries_values:
  load_level: 258100.9459334124
  wind_year: 2018
  solar_year: 2018
  price_year: 2023
  carbon_year: 2023
storage_values:
  CAES:
    cost: 51.0835
    lifetime: 27.3457
    annual_cost: 1.868063351824967
    efficiency: 0.619258
    discharge_ratio: 0.1
    depth_of_discharge: 0.4
  Li-ion:
    cost: 243.63
    lifetime: 23.2749
    annual_cost: 10.467499323305363
    efficiency: 0.937508
    discharge_ratio: 2
    depth_of_discharge: 0.9
  Pb-acid:
    cost: 76.2399
    lifetime: 8.09513
    annual_cost: 9.417995757943357
    efficiency: 0.760294
    discharge_ratio: 5
    depth_of_discharge: 0.5
  VRBF:
    cost: 252.382
    lifetime: 12.9263
    annual_cost: 19.524689973155507
    efficiency: 0.676643
    discharge_ratio: 0.5
    depth_of_discharge: 1.0
