cost_values:
  wind_capex: 5000.0
  wind_opex: 100
  wind_lifetime: 20
  solar_capex: 1000.0
  solar_opex: 10
  solar_lifetime: 20
  carbon_price: 1.0
timeseries_values:
  load_level: 258100.9459334124
  wind_year: 2018
  solar_year: 2018
  price_year: 2023
  carbon_year: 2023
storage_values:
  CAES:
    cost: 51.8551
    lifetime: 25.937
    annual_cost: 1.9992713112541927
    efficiency: 0.615867
    discharge_ratio: 0.1
    depth_of_discharge: 0.4
  Li-ion:
    cost: 260.514
    lifetime: 21.6476
    annual_cost: 12.034313272602967
    efficiency: 0.923591
    discharge_ratio: 2
    depth_of_discharge: 0.9
  Pb-acid:
    cost: 74.4809
    lifetime: 9.8246
    annual_cost: 7.581061824399976
    efficiency: 0.750786
    discharge_ratio: 5
    depth_of_discharge: 0.5
  VRBF:
    cost: 254.345
    lifetime: 10.8413
    annual_cost: 23.46074732735004
    efficiency: 0.679384
    discharge_ratio: 0.5
    depth_of_discharge: 1.0
