cost_values:
  wind_capex: 5000.0
  wind_opex: 100
  wind_lifetime: 20
  solar_capex: 1000.0
  solar_opex: 10
  solar_lifetime: 20
  carbon_price: 1.0
timeseries_values:
  load_level: 258100.9459334124
  wind_year: 2018
  solar_year: 2018
  price_year: 2023
  carbon_year: 2023
storage_values:
  CAES:
    cost: 49.3841
    lifetime: 26.6872
    annual_cost: 1.8504788812614286
    efficiency: 0.632695
    discharge_ratio: 0.1
    depth_of_discharge: 0.4
  Li-ion:
    cost: 262.887
    lifetime: 22.1443
    annual_cost: 11.871542564000668
    efficiency: 0.942843
    discharge_ratio: 2
    depth_of_discharge: 0.9
  Pb-acid:
    cost: 78.6402
    lifetime: 9.39729
    annual_cost: 8.368391312814651
    efficiency: 0.751554
    discharge_ratio: 5
    depth_of_discharge: 0.5
  VRBF:
    cost: 223.329
    lifetime: 14.0617
    annual_cost: 15.88207684703841
    efficiency: 0.685884
    discharge_ratio: 0.5
    depth_of_discharge: 1.0
