cost_values:
  wind_capex: 5000.0
  wind_opex: 100
  wind_lifetime: 20
  solar_capex: 1000.0
  solar_opex: 10
  solar_lifetime: 20
  carbon_price: 1.0
timeseries_values:
  load_level: 258100.9459334124
  wind_year: 2018
  solar_year: 2018
  price_year: 2023
  carbon_year: 2023
storage_values:
  CAES:
    cost: 54.7486
    lifetime: 25.5948
    annual_cost: 2.1390516823729824
    efficiency: 0.622662
    discharge_ratio: 0.1
    depth_of_discharge: 0.4
  Li-ion:
    cost: 255.79
    lifetime: 24.4738
    annual_cost: 10.451584960243197
    efficiency: 0.937851
    discharge_ratio: 2
    depth_of_discharge: 0.9
  Pb-acid:
    cost: 82.8708
    lifetime: 10.6468
    annual_cost: 7.783634519292182
    efficiency: 0.756718
    discharge_ratio: 5
    depth_of_discharge: 0.5
  VRBF:
    cost: 218.772
    lifetime: 13.6115
    annual_cost: 16.072585681225434
    efficiency: 0.689441
    discharge_ratio: 0.5
    depth_of_discharge: 1.0
