cost_values:
  wind_capex: 5000.0
  wind_opex: 100
  wind_lifetime: 20
  solar_capex: 1000.0
  solar_opex: 10
  solar_lifetime: 20
  carbon_price: 1.0
timeseries_values:
  load_level: 258100.9459334124
  wind_year: 2018
  solar_year: 2018
  price_year: 2023
  carbon_year: 2023
storage_values:
  CAES:
    cost: 44.8991
    lifetime: 27.7984
    annual_cost: 1.6151684989064117
    efficiency: 0.626247
    discharge_ratio: 0.1
    depth_of_discharge: 0.4
  Li-ion:
    cost: 251.642
    lifetime: 23.1849
    annual_cost: 10.853702194100471
    efficiency: 0.922709
    discharge_ratio: 2
    depth_of_discharge: 0.9
  Pb-acid:
    cost: 89.893
    lifetime: 8.53105
    annual_cost: 10.53715544979809
    efficiency: 0.76394
    discharge_ratio: 5
    depth_of_discharge: 0.5
  VRBF:
    cost: 201.043
    lifetime: 13.4907
    annual_cost: 14.902340130608493
    efficiency: 0.687013
    discharge_ratio: 0.5
    depth_of_discharge: 1.0
