cost_values:
  wind_capex: 5000.0
  wind_opex: 100
  wind_lifetime: 20
  solar_capex: 1000.0
  solar_opex: 10
  solar_lifetime: 20
  carbon_price: 1.0
timeseries_values:
  load_level: 258100.9459334124
  wind_year: 2018
  solar_year: 2018
  price_year: 2023
  carbon_year: 2023
storage_values:
  CAES:
    cost: 44.8449
    lifetime: 26.634
    annual_cost: 1.6837463392656005
    efficiency: 0.621729
    discharge_ratio: 0.1
    depth_of_discharge: 0.4
  Li-ion:
    cost: 230.605
    lifetime: 21.093
    annual_cost: 10.932773906035177
    efficiency: 0.934765
    discharge_ratio: 2
    depth_of_discharge: 0.9
  Pb-acid:
    cost: 67.3864
    lifetime: 10.5304
    annual_cost: 6.399225100660943
    efficiency: 0.769547
    discharge_ratio: 5
    depth_of_discharge: 0.5
  VRBF:
    cost: 280.2
    lifetime: 12.4808
    annual_cost: 22.450483943336963
    efficiency: 0.690937
    discharge_ratio: 0.5
    depth_of_discharge: 1.0
