cost_values:
  wind_capex: 5000.0
  wind_opex: 100
  wind_lifetime: 20
  solar_capex: 1000.0
  solar_opex: 10
  solar_lifetime: 20
  carbon_price: 1.0
timeseries_values:
  load_level: 258100.9459334124
  wind_year: 2018
  solar_year: 2018
  price_year: 2023
  carbon_year: 2023
storage_values:
  CAES:
    cost: 53.3358
    lifetime: 26.7941
    annual_cost: 1.990580015749736
    efficiency: 0.624181
    discharge_ratio: 0.1
    depth_of_discharge: 0.4
  Li-ion:
    cost: 230.838
    lifetime: 21.81
    annual_cost: 10.58404401650619
    efficiency: 0.932783
    discharge_ratio: 2
    depth_of_discharge: 0.9
  Pb-acid:
    cost: 73.3048
    lifetime: 9.50377
    annual_cost: 7.713233800902169
    efficiency: 0.761251
    discharge_ratio: 5
    depth_of_discharge: 0.5
  VRBF:
    cost: 259.256
    lifetime: 14.5375
    annual_cost: 17.833602751504728
    efficiency: 0.683677
    discharge_ratio: 0.5
    depth_of_discharge: 1.0
