cost_values:
  wind_capex: 5000.0
  wind_opex: 100
  wind_lifetime: 20
  solar_capex: 1000.0
  solar_opex: 10
  solar_lifetime: 20
  carbon_price: 1.0
timeseries_values:
  load_level: 258100.9459334124
  wind_year: 2018
  solar_year: 2018
  price_year: 2023
  carbon_year: 2023
storage_values:
  CAES:
    cost: 51.9774
    lifetime: 26.4284
    annual_cost: 1.9667251895687974
    efficiency: 0.630822
    discharge_ratio: 0.1
    depth_of_discharge: 0.4
  Li-ion:
    cost: 250.553
    lifetime: 22.5907
    annual_cost: 11.09097991651432
    efficiency: 0.925437
    discharge_ratio: 2
    depth_of_discharge: 0.9
  Pb-acid:
    cost: 108.329
    lifetime: 10.4092
    annual_cost: 10.4070437689736
    efficiency: 0.764575
    discharge_ratio: 5
    depth_of_discharge: 0.5
  VRBF:
    cost: 235.755
    lifetime: 12.923
    annual_cost: 18.24305501818463
    efficiency: 0.666512
    discharge_ratio: 0.5
    depth_of_discharge: 1.0
