cost_values:
  wind_capex: 5000.0
  wind_opex: 100
  wind_lifetime: 20
  solar_capex: 1000.0
  solar_opex: 10
  solar_lifetime: 20
  carbon_price: 1.0
timeseries_values:
  load_level: 258100.9459334124
  wind_year: 2018
  solar_year: 2018
  price_year: 2023
  carbon_year: 2023
storage_values:
  CAES:
    cost: 50.1577
    lifetime: 27.3455
    annual_cost: 1.8342213526905706
    efficiency: 0.629119
    discharge_ratio: 0.1
    depth_of_discharge: 0.4
  Li-ion:
    cost: 242.559
    lifetime: 26.2304
    annual_cost: 9.247247468586067
    efficiency: 0.939903
    discharge_ratio: 2
    depth_of_discharge: 0.9
  Pb-acid:
    cost: 90.2372
    lifetime: 8.98399
    annual_cost: 10.04422311244781
    efficiency: 0.739573
    discharge_ratio: 5
    depth_of_discharge: 0.5
  VRBF:
    cost: 228.873
    lifetime: 15.2681
    annual_cost: 14.990273838919052
    efficiency: 0.671365
    discharge_ratio: 0.5
    depth_of_discharge: 1.0
