cost_values:
  wind_capex: 5000.0
  wind_opex: 100
  wind_lifetime: 20
  solar_capex: 1000.0
  solar_opex: 10
  solar_lifetime: 20
  carbon_price: 1.0
timeseries_values:
  load_level: 258100.9459334124
  wind_year: 2018
  solar_year: 2018
  price_year: 2023
  carbon_year: 2023
storage_values:
  CAES:
    cost: 48.4147
    lifetime: 26.8545
    annual_cost: 1.8028524083486939
    efficiency: 0.62082
    discharge_ratio: 0.1
    depth_of_discharge: 0.4
  Li-ion:
    cost: 247.354
    lifetime: 23.9896
    annual_cost: 10.310884716710575
    efficiency: 0.930733
    discharge_ratio: 2
    depth_of_discharge: 0.9
  Pb-acid:
    cost: 97.4914
    lifetime: 10.0518
    annual_cost: 9.698899699556298
    efficiency: 0.746341
    discharge_ratio: 5
    depth_of_discharge: 0.5
  VRBF:
    cost: 209.97
    lifetime: 11.4506
    annual_cost: 18.337030373954203
    efficiency: 0.675923
    discharge_ratio: 0.5
    depth_of_discharge: 1.0
