cost_values:
  wind_capex: 5000.0
  wind_opex: 100
  wind_lifetime: 20
  solar_capex: 1000.0
  solar_opex: 10
  solar_lifetime: 20
  carbon_price: 1.0
timeseries_values:
  load_level: 258100.9459334124
  wind_year: 2018
  solar_year: 2018
  price_year: 2023
  carbon_year: 2023
storage_values:
  CAES:
    cost: 45.6907
    lifetime: 26.2881
    annual_cost: 1.7380754029389724
    efficiency: 0.618736
    discharge_ratio: 0.1
    depth_of_discharge: 0.4
  Li-ion:
    cost: 236.349
    lifetime: 21.5691
    annual_cost: 10.957759016370641
    efficiency: 0.927387
    discharge_ratio: 2
    depth_of_discharge: 0.9
  Pb-acid:
    cost: 89.9147
    lifetime: 9.36498
    annual_cost: 9.601163056408023
    efficiency: 0.753625
    discharge_ratio: 5
    depth_of_discharge: 0.5
  VRBF:
    cost: 247.55
    lifetime: 14.8422
    annual_cost: 16.678794248831036
    efficiency: 0.699166
    discharge_ratio: 0.5
    depth_of_discharge: 1.0
