cost_values:
  wind_capex: 5000.0
  wind_opex: 100
  wind_lifetime: 20
  solar_capex: 1000.0
  solar_opex: 10
  solar_lifetime: 20
  carbon_price: 1.0
timeseries_values:
  load_level: 258100.9459334124
  wind_year: 2018
  solar_year: 2018
  price_year: 2023
  carbon_year: 2023
storage_values:
  CAES:
    cost: 47.4166
    lifetime: 25.5915
    annual_cost: 1.8528261336771976
    efficiency: 0.621626
    discharge_ratio: 0.1
    depth_of_discharge: 0.4
  Li-ion:
    cost: 219.423
    lifetime: 23.1213
    annual_cost: 9.49008057505417
    efficiency: 0.918578
    discharge_ratio: 2
    depth_of_discharge: 0.9
  Pb-acid:
    cost: 90.7997
    lifetime: 9.60287
    annual_cost: 9.455475290199702
    efficiency: 0.757757
    discharge_ratio: 5
    depth_of_discharge: 0.5
  VRBF:
    cost: 254.893
    lifetime: 14.0908
    annual_cost: 18.08932069151503
    efficiency: 0.657407
    discharge_ratio: 0.5
    depth_of_discharge: 1.0
