cost_values:
  wind_capex: 5000.0
  wind_opex: 100
  wind_lifetime: 20
  solar_capex: 1000.0
  solar_opex: 10
  solar_lifetime: 20
  carbon_price: 1.0
timeseries_values:
  load_level: 258100.9459334124
  wind_year: 2018
  solar_year: 2018
  price_year: 2023
  carbon_year: 2023
storage_values:
  CAES:
    cost: 50.984
    lifetime: 25.9343
    annual_cost: 1.965890731579414
    efficiency: 0.612838
    discharge_ratio: 0.1
    depth_of_discharge: 0.4
  Li-ion:
    cost: 252.358
    lifetime: 23.8139
    annual_cost: 10.597088255178699
    efficiency: 0.925852
    discharge_ratio: 2
    depth_of_discharge: 0.9
  Pb-acid:
    cost: 53.6122
    lifetime: 8.16262
    annual_cost: 6.568013701483102
    efficiency: 0.766015
    discharge_ratio: 5
    depth_of_discharge: 0.5
  VRBF:
    cost: 200.506
    lifetime: 13.9565
    annual_cost: 14.366495897968688
    efficiency: 0.661941
    discharge_ratio: 0.5
    depth_of_discharge: 1.0
