cost_values:
  wind_capex: 5000.0
  wind_opex: 100
  wind_lifetime: 20
  solar_capex: 1000.0
  solar_opex: 10
  solar_lifetime: 20
  carbon_price: 1.0
timeseries_values:
  load_level: 258100.9459334124
  wind_year: 2018
  solar_year: 2018
  price_year: 2023
  carbon_year: 2023
storage_values:
  CAES:
    cost: 57.047
    lifetime: 26.5338
    annual_cost: 2.1499747491878285
    efficiency: 0.607429
    discharge_ratio: 0.1
    depth_of_discharge: 0.4
  Li-ion:
    cost: 247.5
    lifetime: 23.4343
    annual_cost: 10.561441988879547
    efficiency: 0.925935
    discharge_ratio: 2
    depth_of_discharge: 0.9
  Pb-acid:
    cost: 89.1637
    lifetime: 9.78546
    annual_cost: 9.111855753331984
    efficiency: 0.761137
    discharge_ratio: 5
    depth_of_discharge: 0.5
  VRBF:
    cost: 277.674
    lifetime: 14.0268
    annual_cost: 19.795962015570193
    efficiency: 0.687596
    discharge_ratio: 0.5
    depth_of_discharge: 1.0
