cost_values:
  wind_capex: 5000.0
  wind_opex: 100
  wind_lifetime: 20
  solar_capex: 1000.0
  solar_opex: 10
  solar_lifetime: 20
  carbon_price: 1.0
timeseries_values:
  load_level: 258100.9459334124
  wind_year: 2018
  solar_year: 2018
  price_year: 2023
  carbon_year: 2023
storage_values:
  CAES:
    cost: 45.6271
    lifetime: 26.4551
    annual_cost: 1.7246995853351526
    efficiency: 0.617837
    discharge_ratio: 0.1
    depth_of_discharge: 0.4
  Li-ion:
    cost: 235.721
    lifetime: 23.2381
    annual_cost: 10.14372947874396
    efficiency: 0.919754
    discharge_ratio: 2
    depth_of_discharge: 0.9
  Pb-acid:
    cost: 82.9211
    lifetime: 8.62298
    annual_cost: 9.616292743343948
    efficiency: 0.75528
    discharge_ratio: 5
    depth_of_discharge: 0.5
  VRBF:
    cost: 235.506
    lifetime: 14.1454
    annual_cost: 16.64894594709234
    efficiency: 0.689885
    discharge_ratio: 0.5
    depth_of_discharge: 1.0
