cost_values:
  wind_capex: 5000.0
  wind_opex: 100
  wind_lifetime: 20
  solar_capex: 1000.0
  solar_opex: 10
  solar_lifetime: 20
  carbon_price: 1.0
timeseries_values:
  load_level: 258100.9459334124
  wind_year: 2018
  solar_year: 2018
  price_year: 2023
  carbon_year: 2023
storage_values:
  CAES:
    cost: 54.7603
    lifetime: 27.8024
    annual_cost: 1.9696249244669526
    efficiency: 0.617658
    discharge_ratio: 0.1
    depth_of_discharge: 0.4
  Li-ion:
    cost: 232.407
    lifetime: 23.2791
    annual_cost: 9.983504516927201
    efficiency: 0.940124
    discharge_ratio: 2
    depth_of_discharge: 0.9
  Pb-acid:
    cost: 80.6095
    lifetime: 9.82294
    annual_cost: 8.206249860021542
    efficiency: 0.751197
    discharge_ratio: 5
    depth_of_discharge: 0.5
  VRBF:
    cost: 236.202
    lifetime: 13.1654
    annual_cost: 17.941118386072585
    efficiency: 0.677412
    discharge_ratio: 0.5
    depth_of_discharge: 1.0
