cost_values:
  wind_capex: 5000.0
  wind_opex: 100
  wind_lifetime: 20
  solar_capex: 1000.0
  solar_opex: 10
  solar_lifetime: 20
  carbon_price: 1.0
timeseries_values:
  load_level: 258100.9459334124
  wind_year: 2018
  solar_year: 2018
  price_year: 2023
  carbon_year: 2023
storage_values:
  CAES:
    cost: 53.8283
    lifetime: 26.4814
    annual_cost: 2.0326833173472703
    efficiency: 0.620297
    discharge_ratio: 0.1
    depth_of_discharge: 0.4
  Li-ion:
    cost: 246.446
    lifetime: 23.2337
    annual_cost: 10.607264447763379
    efficiency: 0.924253
    discharge_ratio: 2
    depth_of_discharge: 0.9
  Pb-acid:
    cost: 87.7271
    lifetime: 11.4675
    annual_cost: 7.650063222149553
    efficiency: 0.755356
    discharge_ratio: 5
    depth_of_discharge: 0.5
  VRBF:
    cost: 240.049
    lifetime: 12.6294
    annual_cost: 19.00715790140466
    efficiency: 0.68624
    discharge_ratio: 0.5
    depth_of_discharge: 1.0
