cost_values:
  wind_capex: 5000.0
  wind_opex: 100
  wind_lifetime: 20
  solar_capex: 1000.0
  solar_opex: 10
  solar_lifetime: 20
  carbon_price: 1.0
timeseries_values:
  load_level: 258100.9459334124
  wind_year: 2018
  solar_year: 2018
  price_year: 2023
  carbon_year: 2023
storage_values:
  CAES:
    cost: 46.1451
    lifetime: 27.1657
    annual_cost: 1.6986530809071734
    efficiency: 0.62161
    discharge_ratio: 0.1
    depth_of_discharge: 0.4
  Li-ion:
    cost: 232.568
    lifetime: 23.913
    annual_cost: 9.725588591979259
    efficiency: 0.94422
    discharge_ratio: 2
    depth_of_discharge: 0.9
  Pb-acid:
    cost: 66.5784
    lifetime: 8.50059
    annual_cost: 7.832209293707848
    efficiency: 0.766158
    discharge_ratio: 5
    depth_of_discharge: 0.5
  VRBF:
    cost: 230.893
    lifetime: 15.7098
    annual_cost: 14.697386344829342
    efficiency: 0.716289
    discharge_ratio: 0.5
    depth_of_discharge: 1.0
