cost_values:
  wind_capex: 5000.0
  wind_opex: 100
  wind_lifetime: 20
  solar_capex: 1000.0
  solar_opex: 10
  solar_lifetime: 20
  carbon_price: 1.0
timeseries_values:
  load_level: 258100.9459334124
  wind_year: 2018
  solar_year: 2018
  price_year: 2023
  carbon_year: 2023
storage_values:
  CAES:
    cost: 41.5436
    lifetime: 26.5078
    annual_cost: 1.5672217234172583
    efficiency: 0.632926
    discharge_ratio: 0.1
    depth_of_discharge: 0.4
  Li-ion:
    cost: 242.611
    lifetime: 19.7648
    annual_cost: 12.274902857605438
    efficiency: 0.945555
    discharge_ratio: 2
    depth_of_discharge: 0.9
  Pb-acid:
    cost: 88.3671
    lifetime: 11.2086
    annual_cost: 7.883865960066377
    efficiency: 0.753701
    discharge_ratio: 5
    depth_of_discharge: 0.5
  VRBF:
    cost: 237.935
    lifetime: 11.2131
    annual_cost: 21.219377335438015
    efficiency: 0.667123
    discharge_ratio: 0.5
    depth_of_discharge: 1.0
