cost_values:
  wind_capex: 5000.0
  wind_opex: 100
  wind_lifetime: 20
  solar_capex: 1000.0
  solar_opex: 10
  solar_lifetime: 20
  carbon_price: 1.0
timeseries_values:
  load_level: 258100.9459334124
  wind_year: 2018
  solar_year: 2018
  price_year: 2023
  carbon_year: 2023
storage_values:
  CAES:
    cost: 50.0931
    lifetime: 26.4995
    annual_cost: 1.8903413271948526
    efficiency: 0.618649
    discharge_ratio: 0.1
    depth_of_discharge: 0.4
  Li-ion:
    cost: 245.124
    lifetime: 21.4759
    annual_cost: 11.41391047639447
    efficiency: 0.93598
    discharge_ratio: 2
    depth_of_discharge: 0.9
  Pb-acid:
    cost: 107.586
    lifetime: 7.56213
    annual_cost: 14.226943995937653
    efficiency: 0.769815
    discharge_ratio: 5
    depth_of_discharge: 0.5
  VRBF:
    cost: 238.148
    lifetime: 11.5526
    annual_cost: 20.61423402524107
    efficiency: 0.684429
    discharge_ratio: 0.5
    depth_of_discharge: 1.0
