cost_values:
  wind_capex: 5000.0
  wind_opex: 100
  wind_lifetime: 20
  solar_capex: 1000.0
  solar_opex: 10
  solar_lifetime: 20
  carbon_price: 1.0
timeseries_values:
  load_level: 258100.9459334124
  wind_year: 2018
  solar_year: 2018
  price_year: 2023
  carbon_year: 2023
storage_values:
  CAES:
    cost: 51.7363
    lifetime: 27.1162
    annual_cost: 1.9079480163149705
    efficiency: 0.615961
    discharge_ratio: 0.1
    depth_of_discharge: 0.4
  Li-ion:
    cost: 240.006
    lifetime: 22.8723
    annual_cost: 10.49330412770032
    efficiency: 0.917663
    discharge_ratio: 2
    depth_of_discharge: 0.9
  Pb-acid:
    cost: 91.94
    lifetime: 11.556
    annual_cost: 7.956040152301835
    efficiency: 0.761928
    discharge_ratio: 5
    depth_of_discharge: 0.5
  VRBF:
    cost: 256.499
    lifetime: 13.6276
    annual_cost: 18.822022953418067
    efficiency: 0.686757
    discharge_ratio: 0.5
    depth_of_discharge: 1.0
