cost_values:
  wind_capex: 5000.0
  wind_opex: 100
  wind_lifetime: 20
  solar_capex: 1000.0
  solar_opex: 10
  solar_lifetime: 20
  carbon_price: 1.0
timeseries_values:
  load_level: 258100.9459334124
  wind_year: 2018
  solar_year: 2018
  price_year: 2023
  carbon_year: 2023
storage_values:
  CAES:
    cost: 49.2426
    lifetime: 25.8764
    annual_cost: 1.9029926883183133
    efficiency: 0.620324
    discharge_ratio: 0.1
    depth_of_discharge: 0.4
  Li-ion:
    cost: 238.041
    lifetime: 21.6442
    annual_cost: 10.9979116807274
    efficiency: 0.930691
    discharge_ratio: 2
    depth_of_discharge: 0.9
  Pb-acid:
    cost: 88.3942
    lifetime: 9.6259
    annual_cost: 9.182954321154385
    efficiency: 0.749795
    discharge_ratio: 5
    depth_of_discharge: 0.5
  VRBF:
    cost: 208.394
    lifetime: 14.222
    annual_cost: 14.652932077063705
    efficiency: 0.679723
    discharge_ratio: 0.5
    depth_of_discharge: 1.0
