cost_values:
  wind_capex: 5000.0
  wind_opex: 100
  wind_lifetime: 20
  solar_capex: 1000.0
  solar_opex: 10
  solar_lifetime: 20
  carbon_price: 1.0
timeseries_values:
  load_level: 258100.9459334124
  wind_year: 2018
  solar_year: 2018
  price_year: 2023
  carbon_year: 2023
storage_values:
  CAES:
    cost: 47.418
    lifetime: 27.0578
    annual_cost: 1.7524706369327883
    efficiency: 0.613127
    discharge_ratio: 0.1
    depth_of_discharge: 0.4
  Li-ion:
    cost: 251.822
    lifetime: 20.6692
    annual_cost: 12.183442029686685
    efficiency: 0.931184
    discharge_ratio: 2
    depth_of_discharge: 0.9
  Pb-acid:
    cost: 93.0807
    lifetime: 9.59544
    annual_cost: 9.700513994147219
    efficiency: 0.767448
    discharge_ratio: 5
    depth_of_discharge: 0.5
  VRBF:
    cost: 220.944
    lifetime: 14.4608
    annual_cost: 15.278822748395662
    efficiency: 0.675577
    discharge_ratio: 0.5
    depth_of_discharge: 1.0
