cost_values:
  wind_capex: 5000.0
  wind_opex: 100
  wind_lifetime: 20
  solar_capex: 1000.0
  solar_opex: 10
  solar_lifetime: 20
  carbon_price: 1.0
timeseries_values:
  load_level: 258100.9459334124
  wind_year: 2018
  solar_year: 2018
  price_year: 2023
  carbon_year: 2023
storage_values:
  CAES:
    cost: 41.3686
    lifetime: 26.9402
    annual_cost: 1.5355713766044796
    efficiency: 0.617639
    discharge_ratio: 0.1
    depth_of_discharge: 0.4
  Li-ion:
    cost: 242.346
    lifetime: 24.7575
    annual_cost: 9.7887912753711
    efficiency: 0.941216
    discharge_ratio: 2
    depth_of_discharge: 0.9
  Pb-acid:
    cost: 93.8058
    lifetime: 10.6659
    annual_cost: 8.794925885298007
    efficiency: 0.77127
    discharge_ratio: 5
    depth_of_discharge: 0.5
  VRBF:
    cost: 235.021
    lifetime: 16.4077
    annual_cost: 14.323823570640615
    efficiency: 0.66802
    discharge_ratio: 0.5
    depth_of_discharge: 1.0
