cost_values:
  wind_capex: 5000.0
  wind_opex: 100
  wind_lifetime: 20
  solar_capex: 1000.0
  solar_opex: 10
  solar_lifetime: 20
  carbon_price: 1.0
timeseries_values:
  load_level: 258100.9459334124
  wind_year: 2018
  solar_year: 2018
  price_year: 2023
  carbon_year: 2023
storage_values:
  CAES:
    cost: 47.5853
    lifetime: 26.149
    annual_cost: 1.81977513480439
    efficiency: 0.608457
    discharge_ratio: 0.1
    depth_of_discharge: 0.4
  Li-ion:
    cost: 239.378
    lifetime: 21.4408
    annual_cost: 11.16460206708705
    efficiency: 0.923643
    discharge_ratio: 2
    depth_of_discharge: 0.9
  Pb-acid:
    cost: 86.8248
    lifetime: 8.50611
    annual_cost: 10.207345073129785
    efficiency: 0.75551
    discharge_ratio: 5
    depth_of_discharge: 0.5
  VRBF:
    cost: 243.148
    lifetime: 15.5643
    annual_cost: 15.622160970939907
    efficiency: 0.67451
    discharge_ratio: 0.5
    depth_of_discharge: 1.0
