cost_values:
  wind_capex: 5000.0
  wind_opex: 100
  wind_lifetime: 20
  solar_capex: 1000.0
  solar_opex: 10
  solar_lifetime: 20
  carbon_price: 1.0
timeseries_values:
  load_level: 258100.9459334124
  wind_year: 2018
  solar_year: 2018
  price_year: 2023
  carbon_year: 2023
storage_values:
  CAES:
    cost: 52.3941
    lifetime: 26.4481
    annual_cost: 1.9810156495173568
    efficiency: 0.623355
    discharge_ratio: 0.1
    depth_of_discharge: 0.4
  Li-ion:
    cost: 261.731
    lifetime: 22.2473
    annual_cost: 11.76461862787844
    efficiency: 0.929596
    discharge_ratio: 2
    depth_of_discharge: 0.9
  Pb-acid:
    cost: 92.8199
    lifetime: 10.9127
    annual_cost: 8.505676871901548
    efficiency: 0.769163
    discharge_ratio: 5
    depth_of_discharge: 0.5
  VRBF:
    cost: 245.164
    lifetime: 14.5607
    annual_cost: 16.837377323892394
    efficiency: 0.697141
    discharge_ratio: 0.5
    depth_of_discharge: 1.0
