cost_values:
  wind_capex: 5000.0
  wind_opex: 100
  wind_lifetime: 20
  solar_capex: 1000.0
  solar_opex: 10
  solar_lifetime: 20
  carbon_price: 1.0
timeseries_values:
  load_level: 258100.9459334124
  wind_year: 2018
  solar_year: 2018
  price_year: 2023
  carbon_year: 2023
storage_values:
  CAES:
    cost: 47.2197
    lifetime: 25.5015
    annual_cost: 1.8516440209399447
    efficiency: 0.628733
    discharge_ratio: 0.1
    depth_of_discharge: 0.4
  Li-ion:
    cost: 238.218
    lifetime: 23.8443
    annual_cost: 9.990563782539223
    efficiency: 0.913947
    discharge_ratio: 2
    depth_of_discharge: 0.9
  Pb-acid:
    cost: 83.1295
    lifetime: 11.0485
    annual_cost: 7.5240530388740545
    efficiency: 0.77071
    discharge_ratio: 5
    depth_of_discharge: 0.5
  VRBF:
    cost: 253.333
    lifetime: 16.3037
    annual_cost: 15.53837472475573
    efficiency: 0.661572
    discharge_ratio: 0.5
    depth_of_discharge: 1.0
