cost_values:
  wind_capex: 5000.0
  wind_opex: 100
  wind_lifetime: 20
  solar_capex: 1000.0
  solar_opex: 10
  solar_lifetime: 20
  carbon_price: 1.0
timeseries_values:
  load_level: 258100.9459334124
  wind_year: 2018
  solar_year: 2018
  price_year: 2023
  carbon_year: 2023
storage_values:
  CAES:
    cost: 52.3217
    lifetime: 27.0516
    annual_cost: 1.9341443759334014
    efficiency: 0.620853
    discharge_ratio: 0.1
    depth_of_discharge: 0.4
  Li-ion:
    cost: 238.379
    lifetime: 20.2522
    annual_cost: 11.770523696191031
    efficiency: 0.928503
    discharge_ratio: 2
    depth_of_discharge: 0.9
  Pb-acid:
    cost: 91.0294
    lifetime: 9.95131
    annual_cost: 9.14747907561919
    efficiency: 0.771806
    discharge_ratio: 5
    depth_of_discharge: 0.5
  VRBF:
    cost: 221.868
    lifetime: 11.3797
    annual_cost: 19.496823290596414
    efficiency: 0.680561
    discharge_ratio: 0.5
    depth_of_discharge: 1.0
