cost_values:
  wind_capex: 5000.0
  wind_opex: 100
  wind_lifetime: 20
  solar_capex: 1000.0
  solar_opex: 10
  solar_lifetime: 20
  carbon_price: 1.0
timeseries_values:
  load_level: 258100.9459334124
  wind_year: 2018
  solar_year: 2018
  price_year: 2023
  carbon_year: 2023
storage_values:
  CAES:
    cost: 46.5359
    lifetime: 26.6446
    annual_cost: 1.7465415131020918
    efficiency: 0.621723
    discharge_ratio: 0.1
    depth_of_discharge: 0.4
  Li-ion:
    cost: 247.18
    lifetime: 22.4331
    annual_cost: 11.01853956876223
    efficiency: 0.94007
    discharge_ratio: 2
    depth_of_discharge: 0.9
  Pb-acid:
    cost: 93.3217
    lifetime: 9.9194
    annual_cost: 9.407998467649254
    efficiency: 0.773594
    discharge_ratio: 5
    depth_of_discharge: 0.5
  VRBF:
    cost: 248.711
    lifetime: 12.5941
    annual_cost: 19.74821543421126
    efficiency: 0.678599
    discharge_ratio: 0.5
    depth_of_discharge: 1.0
