cost_values:
  wind_capex: 5000.0
  wind_opex: 100
  wind_lifetime: 20
  solar_capex: 1000.0
  solar_opex: 10
  solar_lifetime: 20
  carbon_price: 1.0
timeseries_values:
  load_level: 258100.9459334124
  wind_year: 2018
  solar_year: 2018
  price_year: 2023
  carbon_year: 2023
storage_values:
  CAES:
    cost: 49.0319
    lifetime: 27.7409
    annual_cost: 1.7674949262641082
    efficiency: 0.629526
    discharge_ratio: 0.1
    depth_of_discharge: 0.4
  Li-ion:
    cost: 258.011
    lifetime: 20.6785
    annual_cost: 12.477258988804799
    efficiency: 0.932263
    discharge_ratio: 2
    depth_of_discharge: 0.9
  Pb-acid:
    cost: 81.1088
    lifetime: 10.4887
    annual_cost: 7.732969767464033
    efficiency: 0.756975
    discharge_ratio: 5
    depth_of_discharge: 0.5
  VRBF:
    cost: 243.46
    lifetime: 11.5291
    annual_cost: 21.116999592335915
    efficiency: 0.689704
    discharge_ratio: 0.5
    depth_of_discharge: 1.0
