cost_values:
  wind_capex: 5000.0
  wind_opex: 100
  wind_lifetime: 20
  solar_capex: 1000.0
  solar_opex: 10
  solar_lifetime: 20
  carbon_price: 1.0
timeseries_values:
  load_level: 258100.9459334124
  wind_year: 2018
  solar_year: 2018
  price_year: 2023
  carbon_year: 2023
storage_values:
  CAES:
    cost: 43.6997
    lifetime: 26.7608
    annual_cost: 1.6329743505425847
    efficiency: 0.627238
    discharge_ratio: 0.1
    depth_of_discharge: 0.4
  Li-ion:
    cost: 256.793
    lifetime: 21.4404
    annual_cost: 11.977061995112031
    efficiency: 0.943471
    discharge_ratio: 2
    depth_of_discharge: 0.9
  Pb-acid:
    cost: 78.5282
    lifetime: 10.2171
    annual_cost: 7.68595785496863
    efficiency: 0.757493
    discharge_ratio: 5
    depth_of_discharge: 0.5
  VRBF:
    cost: 240.786
    lifetime: 14.5914
    annual_cost: 16.50191208520087
    efficiency: 0.683979
    discharge_ratio: 0.5
    depth_of_discharge: 1.0
