cost_values:
  wind_capex: 5000.0
  wind_opex: 100
  wind_lifetime: 20
  solar_capex: 1000.0
  solar_opex: 10
  solar_lifetime: 20
  carbon_price: 1.0
timeseries_values:
  load_level: 258100.9459334124
  wind_year: 2018
  solar_year: 2018
  price_year: 2023
  carbon_year: 2023
storage_values:
  CAES:
    cost: 46.2166
    lifetime: 26.3194
    annual_cost: 1.7559898781887124
    efficiency: 0.619725
    discharge_ratio: 0.1
    depth_of_discharge: 0.4
  Li-ion:
    cost: 226.859
    lifetime: 20.3858
    annual_cost: 11.12828537511405
    efficiency: 0.932497
    discharge_ratio: 2
    depth_of_discharge: 0.9
  Pb-acid:
    cost: 76.2132
    lifetime: 11.0826
    annual_cost: 6.876833955930919
    efficiency: 0.755537
    discharge_ratio: 5
    depth_of_discharge: 0.5
  VRBF:
    cost: 225.953
    lifetime: 11.2786
    annual_cost: 20.03378078839572
    efficiency: 0.687684
    discharge_ratio: 0.5
    depth_of_discharge: 1.0
