cost_values:
  wind_capex: 5000.0
  wind_opex: 100
  wind_lifetime: 20
  solar_capex: 1000.0
  solar_opex: 10
  solar_lifetime: 20
  carbon_price: 1.0
timeseries_values:
  load_level: 258100.9459334124
  wind_year: 2018
  solar_year: 2018
  price_year: 2023
  carbon_year: 2023
storage_values:
  CAES:
    cost: 49.0994
    lifetime: 26.3276
    annual_cost: 1.8649402148315837
    efficiency: 0.609531
    discharge_ratio: 0.1
    depth_of_discharge: 0.4
  Li-ion:
    cost: 242.221
    lifetime: 21.7609
    annual_cost: 11.131019397175669
    efficiency: 0.935001
    discharge_ratio: 2
    depth_of_discharge: 0.9
  Pb-acid:
    cost: 115.02
    lifetime: 10.2418
    annual_cost: 11.230447772852429
    efficiency: 0.744426
    discharge_ratio: 5
    depth_of_discharge: 0.5
  VRBF:
    cost: 270.169
    lifetime: 15.7731
    annual_cost: 17.12846555211087
    efficiency: 0.696137
    discharge_ratio: 0.5
    depth_of_discharge: 1.0
