cost_values:
  wind_capex: 5000.0
  wind_opex: 100
  wind_lifetime: 20
  solar_capex: 1000.0
  solar_opex: 10
  solar_lifetime: 20
  carbon_price: 1.0
timeseries_values:
  load_level: 258100.9459334124
  wind_year: 2018
  solar_year: 2018
  price_year: 2023
  carbon_year: 2023
storage_values:
  CAES:
    cost: 54.1383
    lifetime: 27.4254
    annual_cost: 1.9740204336126366
    efficiency: 0.614281
    discharge_ratio: 0.1
    depth_of_discharge: 0.4
  Li-ion:
    cost: 263.304
    lifetime: 22.9617
    annual_cost: 11.46709520636538
    efficiency: 0.91401
    discharge_ratio: 2
    depth_of_discharge: 0.9
  Pb-acid:
    cost: 76.8006
    lifetime: 9.53137
    annual_cost: 8.057666421511282
    efficiency: 0.748132
    discharge_ratio: 5
    depth_of_discharge: 0.5
  VRBF:
    cost: 246.398
    lifetime: 13.3615
    annual_cost: 18.440893612244135
    efficiency: 0.692237
    discharge_ratio: 0.5
    depth_of_discharge: 1.0
