cost_values:
  wind_capex: 5000.0
  wind_opex: 100
  wind_lifetime: 20
  solar_capex: 1000.0
  solar_opex: 10
  solar_lifetime: 20
  carbon_price: 1.0
timeseries_values:
  load_level: 258100.9459334124
  wind_year: 2018
  solar_year: 2018
  price_year: 2023
  carbon_year: 2023
storage_values:
  CAES:
    cost: 50.2376
    lifetime: 26.8056
    annual_cost: 1.87414570089832
    efficiency: 0.625795
    discharge_ratio: 0.1
    depth_of_discharge: 0.4
  Li-ion:
    cost: 248.29
    lifetime: 22.3277
    annual_cost: 11.120267649601168
    efficiency: 0.925506
    discharge_ratio: 2
    depth_of_discharge: 0.9
  Pb-acid:
    cost: 102.675
    lifetime: 9.66338
    annual_cost: 10.625164279993129
    efficiency: 0.771642
    discharge_ratio: 5
    depth_of_discharge: 0.5
  VRBF:
    cost: 225.196
    lifetime: 14.0836
    annual_cost: 15.989945752506461
    efficiency: 0.667443
    discharge_ratio: 0.5
    depth_of_discharge: 1.0
