cost_values:
  wind_capex: 5000.0
  wind_opex: 100
  wind_lifetime: 20
  solar_capex: 1000.0
  solar_opex: 10
  solar_lifetime: 20
  carbon_price: 1.0
timeseries_values:
  load_level: 258100.9459334124
  wind_year: 2018
  solar_year: 2018
  price_year: 2023
  carbon_year: 2023
storage_values:
  CAES:
    cost: 59.5068
    lifetime: 26.9203
    annual_cost: 2.2104805667098804
    efficiency: 0.625211
    discharge_ratio: 0.1
    depth_of_discharge: 0.4
  Li-ion:
    cost: 244.703
    lifetime: 24.7462
    annual_cost: 9.88850813458228
    efficiency: 0.922915
    discharge_ratio: 2
    depth_of_discharge: 0.9
  Pb-acid:
    cost: 76.7264
    lifetime: 9.86267
    annual_cost: 7.779475537557274
    efficiency: 0.739969
    discharge_ratio: 5
    depth_of_discharge: 0.5
  VRBF:
    cost: 223.962
    lifetime: 14.6354
    annual_cost: 15.302759063640213
    efficiency: 0.682998
    discharge_ratio: 0.5
    depth_of_discharge: 1.0
