cost_values:
  wind_capex: 5000.0
  wind_opex: 100
  wind_lifetime: 20
  solar_capex: 1000.0
  solar_opex: 10
  solar_lifetime: 20
  carbon_price: 1.0
timeseries_values:
  load_level: 258100.9459334124
  wind_year: 2018
  solar_year: 2018
  price_year: 2023
  carbon_year: 2023
storage_values:
  CAES:
    cost: 44.0333
    lifetime: 26.2578
    annual_cost: 1.676960750710265
    efficiency: 0.617193
    discharge_ratio: 0.1
    depth_of_discharge: 0.4
  Li-ion:
    cost: 237.55
    lifetime: 24.9647
    annual_cost: 9.515435795343025
    efficiency: 0.940652
    discharge_ratio: 2
    depth_of_discharge: 0.9
  Pb-acid:
    cost: 101.096
    lifetime: 9.74203
    annual_cost: 10.377303293050833
    efficiency: 0.762506
    discharge_ratio: 5
    depth_of_discharge: 0.5
  VRBF:
    cost: 283.436
    lifetime: 12.2005
    annual_cost: 23.231506905454694
    efficiency: 0.678042
    discharge_ratio: 0.5
    depth_of_discharge: 1.0
