cost_values:
  wind_capex: 5000.0
  wind_opex: 100
  wind_lifetime: 20
  solar_capex: 1000.0
  solar_opex: 10
  solar_lifetime: 20
  carbon_price: 1.0
timeseries_values:
  load_level: 258100.9459334124
  wind_year: 2018
  solar_year: 2018
  price_year: 2023
  carbon_year: 2023
storage_values:
  CAES:
    cost: 48.9606
    lifetime: 26.8192
    annual_cost: 1.825580181362606
    efficiency: 0.620901
    discharge_ratio: 0.1
    depth_of_discharge: 0.4
  Li-ion:
    cost: 257.334
    lifetime: 22.2178
    annual_cost: 11.582334884642044
    efficiency: 0.919548
    discharge_ratio: 2
    depth_of_discharge: 0.9
  Pb-acid:
    cost: 88.4021
    lifetime: 10.3235
    annual_cost: 8.563190778321307
    efficiency: 0.767854
    discharge_ratio: 5
    depth_of_discharge: 0.5
  VRBF:
    cost: 243.676
    lifetime: 14.6254
    annual_cost: 16.661151148002787
    efficiency: 0.668864
    discharge_ratio: 0.5
    depth_of_discharge: 1.0
