cost_values:
  wind_capex: 5000.0
  wind_opex: 100
  wind_lifetime: 20
  solar_capex: 1000.0
  solar_opex: 10
  solar_lifetime: 20
  carbon_price: 1.0
timeseries_values:
  load_level: 258100.9459334124
  wind_year: 2018
  solar_year: 2018
  price_year: 2023
  carbon_year: 2023
storage_values:
  CAES:
    cost: 45.6445
    lifetime: 27.561
    annual_cost: 1.6561264105076015
    efficiency: 0.626805
    discharge_ratio: 0.1
    depth_of_discharge: 0.4
  Li-ion:
    cost: 232.777
    lifetime: 21.3147
    annual_cost: 10.920960651569105
    efficiency: 0.937309
    discharge_ratio: 2
    depth_of_discharge: 0.9
  Pb-acid:
    cost: 101.579
    lifetime: 11.1317
    annual_cost: 9.125201002542289
    efficiency: 0.751372
    discharge_ratio: 5
    depth_of_discharge: 0.5
  VRBF:
    cost: 235.399
    lifetime: 14.2081
    annual_cost: 16.56794363778408
    efficiency: 0.680844
    discharge_ratio: 0.5
    depth_of_discharge: 1.0
