cost_values:
  wind_capex: 5000.0
  wind_opex: 100
  wind_lifetime: 20
  solar_capex: 1000.0
  solar_opex: 10
  solar_lifetime: 20
  carbon_price: 1.0
timeseries_values:
  load_level: 258100.9459334124
  wind_year: 2018
  solar_year: 2018
  price_year: 2023
  carbon_year: 2023
storage_values:
  CAES:
    cost: 47.532
    lifetime: 26.929
    annual_cost: 1.7650859668015892
    efficiency: 0.61462
    discharge_ratio: 0.1
    depth_of_discharge: 0.4
  Li-ion:
    cost: 260.661
    lifetime: 23.2615
    annual_cost: 11.205683210455042
    efficiency: 0.949823
    discharge_ratio: 2
    depth_of_discharge: 0.9
  Pb-acid:
    cost: 75.3149
    lifetime: 11.5455
    annual_cost: 6.523312112944437
    efficiency: 0.7391
    discharge_ratio: 5
    depth_of_discharge: 0.5
  VRBF:
    cost: 256.76
    lifetime: 15.3358
    annual_cost: 16.7425240287432
    efficiency: 0.676295
    discharge_ratio: 0.5
    depth_of_discharge: 1.0
