cost_values:
  wind_capex: 5000.0
  wind_opex: 100
  wind_lifetime: 20
  solar_capex: 1000.0
  solar_opex: 10
  solar_lifetime: 20
  carbon_price: 1.0
timeseries_values:
  load_level: 251380.34558391193
  wind_year: 2013
  solar_year: 2018
  price_year: 2023
  carbon_year: 2023
storage_values:
  CAES:
    cost: 61.1949
    lifetime: 24.5658
    annual_cost: 2.4910607429841485
    efficiency: 0.623907
    discharge_ratio: 0.1
    depth_of_discharge: 0.4
  Li-ion:
    cost: 178.038
    lifetime: 18.6591
    annual_cost: 9.541617762914612
    efficiency: 0.941116
    discharge_ratio: 2
    depth_of_discharge: 0.9
  Pb-acid:
    cost: 134.867
    lifetime: 14.6374
    annual_cost: 9.213863117766817
    efficiency: 0.734624
    discharge_ratio: 5
    depth_of_discharge: 0.5
  VRBF:
    cost: 202.308
    lifetime: 24.5577
    annual_cost: 8.238067897237933
    efficiency: 0.734841
    discharge_ratio: 0.5
    depth_of_discharge: 1.0
