cost_values:
  wind_capex: 5000.0
  wind_opex: 100
  wind_lifetime: 20
  solar_capex: 1000.0
  solar_opex: 10
  solar_lifetime: 20
  carbon_price: 1.0
timeseries_values:
  load_level: 251380.34558391193
  wind_year: 2013
  solar_year: 2018
  price_year: 2023
  carbon_year: 2023
storage_values:
  CAES:
    cost: 62.8077
    lifetime: 23.9268
    annual_cost: 2.6249937308791815
    efficiency: 0.605972
    discharge_ratio: 0.1
    depth_of_discharge: 0.4
  Li-ion:
    cost: 174.478
    lifetime: 16.9117
    annual_cost: 10.316999473737118
    efficiency: 0.920047
    discharge_ratio: 2
    depth_of_discharge: 0.9
  Pb-acid:
    cost: 121.403
    lifetime: 15.6746
    annual_cost: 7.745205619282151
    efficiency: 0.718074
    discharge_ratio: 5
    depth_of_discharge: 0.5
  VRBF:
    cost: 219.784
    lifetime: 24.936
    annual_cost: 8.813923644529996
    efficiency: 0.727344
    discharge_ratio: 0.5
    depth_of_discharge: 1.0
