cost_values:
  wind_capex: 5000.0
  wind_opex: 100
  wind_lifetime: 20
  solar_capex: 1000.0
  solar_opex: 10
  solar_lifetime: 20
  carbon_price: 1.0
timeseries_values:
  load_level: 251380.34558391193
  wind_year: 2013
  solar_year: 2018
  price_year: 2023
  carbon_year: 2023
storage_values:
  CAES:
    cost: 70.4196
    lifetime: 25.0118
    annual_cost: 2.8154551051903502
    efficiency: 0.615055
    discharge_ratio: 0.1
    depth_of_discharge: 0.4
  Li-ion:
    cost: 163.699
    lifetime: 19.5028
    annual_cost: 8.393615275755277
    efficiency: 0.913778
    discharge_ratio: 2
    depth_of_discharge: 0.9
  Pb-acid:
    cost: 111.634
    lifetime: 13.7057
    annual_cost: 8.145078325076428
    efficiency: 0.728987
    discharge_ratio: 5
    depth_of_discharge: 0.5
  VRBF:
    cost: 197.852
    lifetime: 24.9696
    annual_cost: 7.923715237729079
    efficiency: 0.752078
    discharge_ratio: 0.5
    depth_of_discharge: 1.0
