cost_values:
  wind_capex: 5000.0
  wind_opex: 100
  wind_lifetime: 20
  solar_capex: 1000.0
  solar_opex: 10
  solar_lifetime: 20
  carbon_price: 1.0
timeseries_values:
  load_level: 251380.34558391193
  wind_year: 2013
  solar_year: 2018
  price_year: 2023
  carbon_year: 2023
storage_values:
  CAES:
    cost: 59.2508
    lifetime: 25.0532
    annual_cost: 2.3649992815289065
    efficiency: 0.613847
    discharge_ratio: 0.1
    depth_of_discharge: 0.4
  Li-ion:
    cost: 167.782
    lifetime: 17.6593
    annual_cost: 9.501056100751445
    efficiency: 0.919039
    discharge_ratio: 2
    depth_of_discharge: 0.9
  Pb-acid:
    cost: 124.16
    lifetime: 14.9287
    annual_cost: 8.31686617053059
    efficiency: 0.722031
    discharge_ratio: 5
    depth_of_discharge: 0.5
  VRBF:
    cost: 192.525
    lifetime: 26.7533
    annual_cost: 7.196308492784068
    efficiency: 0.74361
    discharge_ratio: 0.5
    depth_of_discharge: 1.0
