cost_values:
  wind_capex: 5000.0
  wind_opex: 100
  wind_lifetime: 20
  solar_capex: 1000.0
  solar_opex: 10
  solar_lifetime: 20
  carbon_price: 1.0
timeseries_values:
  load_level: 251380.34558391193
  wind_year: 2013
  solar_year: 2018
  price_year: 2023
  carbon_year: 2023
storage_values:
  CAES:
    cost: 64.1539
    lifetime: 24.5261
    annual_cost: 2.6157399668108665
    efficiency: 0.606422
    discharge_ratio: 0.1
    depth_of_discharge: 0.4
  Li-ion:
    cost: 183.116
    lifetime: 18.622
    annual_cost: 9.833315433358393
    efficiency: 0.923904
    discharge_ratio: 2
    depth_of_discharge: 0.9
  Pb-acid:
    cost: 139.038
    lifetime: 14.5677
    annual_cost: 9.54426573858605
    efficiency: 0.732026
    discharge_ratio: 5
    depth_of_discharge: 0.5
  VRBF:
    cost: 195.377
    lifetime: 25.2898
    annual_cost: 7.725525706015865
    efficiency: 0.733158
    discharge_ratio: 0.5
    depth_of_discharge: 1.0
