cost_values:
  wind_capex: 5000.0
  wind_opex: 100
  wind_lifetime: 20
  solar_capex: 1000.0
  solar_opex: 10
  solar_lifetime: 20
  carbon_price: 1.0
timeseries_values:
  load_level: 251380.34558391193
  wind_year: 2013
  solar_year: 2018
  price_year: 2023
  carbon_year: 2023
storage_values:
  CAES:
    cost: 61.8308
    lifetime: 23.7703
    annual_cost: 2.601178781925344
    efficiency: 0.612554
    discharge_ratio: 0.1
    depth_of_discharge: 0.4
  Li-ion:
    cost: 149.117
    lifetime: 19.4283
    annual_cost: 7.675246933596866
    efficiency: 0.938436
    discharge_ratio: 2
    depth_of_discharge: 0.9
  Pb-acid:
    cost: 127.369
    lifetime: 14.5554
    annual_cost: 8.750635502974841
    efficiency: 0.739805
    discharge_ratio: 5
    depth_of_discharge: 0.5
  VRBF:
    cost: 182.321
    lifetime: 26.4621
    annual_cost: 6.889891580789128
    efficiency: 0.742483
    discharge_ratio: 0.5
    depth_of_discharge: 1.0
