cost_values:
  wind_capex: 5000.0
  wind_opex: 100
  wind_lifetime: 20
  solar_capex: 1000.0
  solar_opex: 10
  solar_lifetime: 20
  carbon_price: 1.0
timeseries_values:
  load_level: 251380.34558391193
  wind_year: 2013
  solar_year: 2018
  price_year: 2023
  carbon_year: 2023
storage_values:
  CAES:
    cost: 65.2339
    lifetime: 23.5427
    annual_cost: 2.7708758978366967
    efficiency: 0.604633
    discharge_ratio: 0.1
    depth_of_discharge: 0.4
  Li-ion:
    cost: 169.408
    lifetime: 16.7768
    annual_cost: 10.09775404129512
    efficiency: 0.93194
    discharge_ratio: 2
    depth_of_discharge: 0.9
  Pb-acid:
    cost: 126.442
    lifetime: 15.0725
    annual_cost: 8.38892021894178
    efficiency: 0.722406
    discharge_ratio: 5
    depth_of_discharge: 0.5
  VRBF:
    cost: 209.741
    lifetime: 24.3973
    annual_cost: 8.596893918589352
    efficiency: 0.744213
    discharge_ratio: 0.5
    depth_of_discharge: 1.0
