cost_values:
  wind_capex: 5000.0
  wind_opex: 100
  wind_lifetime: 20
  solar_capex: 1000.0
  solar_opex: 10
  solar_lifetime: 20
  carbon_price: 1.0
timeseries_values:
  load_level: 251380.34558391193
  wind_year: 2013
  solar_year: 2018
  price_year: 2023
  carbon_year: 2023
storage_values:
  CAES:
    cost: 66.1661
    lifetime: 23.9911
    annual_cost: 2.7579435707408164
    efficiency: 0.614101
    discharge_ratio: 0.1
    depth_of_discharge: 0.4
  Li-ion:
    cost: 140.386
    lifetime: 18.8067
    annual_cost: 7.464680140588195
    efficiency: 0.928973
    discharge_ratio: 2
    depth_of_discharge: 0.9
  Pb-acid:
    cost: 133.975
    lifetime: 13.8382
    annual_cost: 9.681533725484528
    efficiency: 0.733469
    discharge_ratio: 5
    depth_of_discharge: 0.5
  VRBF:
    cost: 208.132
    lifetime: 26.4317
    annual_cost: 7.874332714127355
    efficiency: 0.736195
    discharge_ratio: 0.5
    depth_of_discharge: 1.0
