cost_values:
  wind_capex: 5000.0
  wind_opex: 100
  wind_lifetime: 20
  solar_capex: 1000.0
  solar_opex: 10
  solar_lifetime: 20
  carbon_price: 1.0
timeseries_values:
  load_level: 251380.34558391193
  wind_year: 2013
  solar_year: 2018
  price_year: 2023
  carbon_year: 2023
storage_values:
  CAES:
    cost: 62.5211
    lifetime: 25.2429
    annual_cost: 2.4767796093158867
    efficiency: 0.613032
    discharge_ratio: 0.1
    depth_of_discharge: 0.4
  Li-ion:
    cost: 143.21
    lifetime: 17.0953
    annual_cost: 8.377156294420104
    efficiency: 0.93766
    discharge_ratio: 2
    depth_of_discharge: 0.9
  Pb-acid:
    cost: 129.612
    lifetime: 14.7035
    annual_cost: 8.815044037134015
    efficiency: 0.714942
    discharge_ratio: 5
    depth_of_discharge: 0.5
  VRBF:
    cost: 180.217
    lifetime: 24.3591
    annual_cost: 7.398343945383861
    efficiency: 0.744783
    discharge_ratio: 0.5
    depth_of_discharge: 1.0
