cost_values:
  wind_capex: 5000.0
  wind_opex: 100
  wind_lifetime: 20
  solar_capex: 1000.0
  solar_opex: 10
  solar_lifetime: 20
  carbon_price: 1.0
timeseries_values:
  load_level: 251380.34558391193
  wind_year: 2013
  solar_year: 2018
  price_year: 2023
  carbon_year: 2023
storage_values:
  CAES:
    cost: 60.8763
    lifetime: 25.3653
    annual_cost: 2.3999834419462807
    efficiency: 0.615287
    discharge_ratio: 0.1
    depth_of_discharge: 0.4
  Li-ion:
    cost: 154.339
    lifetime: 19.0834
    annual_cost: 8.087604934131233
    efficiency: 0.924115
    discharge_ratio: 2
    depth_of_discharge: 0.9
  Pb-acid:
    cost: 123.713
    lifetime: 15.0153
    annual_cost: 8.239129421323582
    efficiency: 0.731404
    discharge_ratio: 5
    depth_of_discharge: 0.5
  VRBF:
    cost: 188.074
    lifetime: 25.9219
    annual_cost: 7.255409518592387
    efficiency: 0.764965
    discharge_ratio: 0.5
    depth_of_discharge: 1.0
