cost_values:
  wind_capex: 5000.0
  wind_opex: 100
  wind_lifetime: 20
  solar_capex: 1000.0
  solar_opex: 10
  solar_lifetime: 20
  carbon_price: 1.0
timeseries_values:
  load_level: 251380.34558391193
  wind_year: 2013
  solar_year: 2018
  price_year: 2023
  carbon_year: 2023
storage_values:
  CAES:
    cost: 58.4362
    lifetime: 24.6191
    annual_cost: 2.3736123578847317
    efficiency: 0.608637
    discharge_ratio: 0.1
    depth_of_discharge: 0.4
  Li-ion:
    cost: 170.309
    lifetime: 18.6335
    annual_cost: 9.139936136528295
    efficiency: 0.930244
    discharge_ratio: 2
    depth_of_discharge: 0.9
  Pb-acid:
    cost: 116.974
    lifetime: 16.3556
    annual_cost: 7.1519235002078805
    efficiency: 0.729507
    discharge_ratio: 5
    depth_of_discharge: 0.5
  VRBF:
    cost: 180.056
    lifetime: 26.625
    annual_cost: 6.762666666666667
    efficiency: 0.745994
    discharge_ratio: 0.5
    depth_of_discharge: 1.0
