cost_values:
  wind_capex: 5000.0
  wind_opex: 100
  wind_lifetime: 20
  solar_capex: 1000.0
  solar_opex: 10
  solar_lifetime: 20
  carbon_price: 1.0
timeseries_values:
  load_level: 251380.34558391193
  wind_year: 2013
  solar_year: 2018
  price_year: 2023
  carbon_year: 2023
storage_values:
  CAES:
    cost: 60.4007
    lifetime: 23.7756
    annual_cost: 2.5404490317804806
    efficiency: 0.611033
    discharge_ratio: 0.1
    depth_of_discharge: 0.4
  Li-ion:
    cost: 149.84
    lifetime: 20.5816
    annual_cost: 7.2802891903447735
    efficiency: 0.917779
    discharge_ratio: 2
    depth_of_discharge: 0.9
  Pb-acid:
    cost: 133.819
    lifetime: 13.6317
    annual_cost: 9.816750662059757
    efficiency: 0.729688
    discharge_ratio: 5
    depth_of_discharge: 0.5
  VRBF:
    cost: 194.391
    lifetime: 25.4827
    annual_cost: 7.628351783759177
    efficiency: 0.717712
    discharge_ratio: 0.5
    depth_of_discharge: 1.0
