cost_values:
  wind_capex: 5000.0
  wind_opex: 100
  wind_lifetime: 20
  solar_capex: 1000.0
  solar_opex: 10
  solar_lifetime: 20
  carbon_price: 1.0
timeseries_values:
  load_level: 251380.34558391193
  wind_year: 2013
  solar_year: 2018
  price_year: 2023
  carbon_year: 2023
storage_values:
  CAES:
    cost: 64.1047
    lifetime: 25.0356
    annual_cost: 2.5605417884931856
    efficiency: 0.601405
    discharge_ratio: 0.1
    depth_of_discharge: 0.4
  Li-ion:
    cost: 170.366
    lifetime: 17.7589
    annual_cost: 9.593274358209124
    efficiency: 0.924029
    discharge_ratio: 2
    depth_of_discharge: 0.9
  Pb-acid:
    cost: 111.1
    lifetime: 15.4156
    annual_cost: 7.206985131944264
    efficiency: 0.7224
    discharge_ratio: 5
    depth_of_discharge: 0.5
  VRBF:
    cost: 187.896
    lifetime: 27.0744
    annual_cost: 6.939987589752681
    efficiency: 0.74689
    discharge_ratio: 0.5
    depth_of_discharge: 1.0
