cost_values:
  wind_capex: 5000.0
  wind_opex: 100
  wind_lifetime: 20
  solar_capex: 1000.0
  solar_opex: 10
  solar_lifetime: 20
  carbon_price: 1.0
timeseries_values:
  load_level: 251380.34558391193
  wind_year: 2013
  solar_year: 2018
  price_year: 2023
  carbon_year: 2023
storage_values:
  CAES:
    cost: 62.2909
    lifetime: 24.0705
    annual_cost: 2.587852350387404
    efficiency: 0.6159
    discharge_ratio: 0.1
    depth_of_discharge: 0.4
  Li-ion:
    cost: 169.715
    lifetime: 20.0977
    annual_cost: 8.444498624220682
    efficiency: 0.910793
    discharge_ratio: 2
    depth_of_discharge: 0.9
  Pb-acid:
    cost: 112.678
    lifetime: 14.3739
    annual_cost: 7.839069424442913
    efficiency: 0.725042
    discharge_ratio: 5
    depth_of_discharge: 0.5
  VRBF:
    cost: 182.324
    lifetime: 26.6804
    annual_cost: 6.833630680199698
    efficiency: 0.74649
    discharge_ratio: 0.5
    depth_of_discharge: 1.0
