cost_values:
  wind_capex: 5000.0
  wind_opex: 100
  wind_lifetime: 20
  solar_capex: 1000.0
  solar_opex: 10
  solar_lifetime: 20
  carbon_price: 1.0
timeseries_values:
  load_level: 251380.34558391193
  wind_year: 2013
  solar_year: 2018
  price_year: 2023
  carbon_year: 2023
storage_values:
  CAES:
    cost: 65.2889
    lifetime: 24.4396
    annual_cost: 2.6714389760879884
    efficiency: 0.61684
    discharge_ratio: 0.1
    depth_of_discharge: 0.4
  Li-ion:
    cost: 155.427
    lifetime: 18.6268
    annual_cost: 8.344267399660703
    efficiency: 0.930759
    discharge_ratio: 2
    depth_of_discharge: 0.9
  Pb-acid:
    cost: 110.708
    lifetime: 15.1994
    annual_cost: 7.283708567443451
    efficiency: 0.721067
    discharge_ratio: 5
    depth_of_discharge: 0.5
  VRBF:
    cost: 185.175
    lifetime: 25.8136
    annual_cost: 7.173544178262621
    efficiency: 0.72688
    discharge_ratio: 0.5
    depth_of_discharge: 1.0
