cost_values:
  wind_capex: 5000.0
  wind_opex: 100
  wind_lifetime: 20
  solar_capex: 1000.0
  solar_opex: 10
  solar_lifetime: 20
  carbon_price: 1.0
timeseries_values:
  load_level: 251380.34558391193
  wind_year: 2013
  solar_year: 2018
  price_year: 2023
  carbon_year: 2023
storage_values:
  CAES:
    cost: 65.1175
    lifetime: 24.2637
    annual_cost: 2.683741556316638
    efficiency: 0.613948
    discharge_ratio: 0.1
    depth_of_discharge: 0.4
  Li-ion:
    cost: 180.217
    lifetime: 18.679
    annual_cost: 9.648107500401522
    efficiency: 0.916143
    discharge_ratio: 2
    depth_of_discharge: 0.9
  Pb-acid:
    cost: 155.868
    lifetime: 14.532
    annual_cost: 10.725846407927332
    efficiency: 0.719749
    discharge_ratio: 5
    depth_of_discharge: 0.5
  VRBF:
    cost: 196.244
    lifetime: 27.7281
    annual_cost: 7.077441296013791
    efficiency: 0.747248
    discharge_ratio: 0.5
    depth_of_discharge: 1.0
