cost_values:
  wind_capex: 5000.0
  wind_opex: 100
  wind_lifetime: 20
  solar_capex: 1000.0
  solar_opex: 10
  solar_lifetime: 20
  carbon_price: 1.0
timeseries_values:
  load_level: 251380.34558391193
  wind_year: 2013
  solar_year: 2018
  price_year: 2023
  carbon_year: 2023
storage_values:
  CAES:
    cost: 58.5183
    lifetime: 24.7864
    annual_cost: 2.3609035600167836
    efficiency: 0.59818
    discharge_ratio: 0.1
    depth_of_discharge: 0.4
  Li-ion:
    cost: 149.14
    lifetime: 19.5729
    annual_cost: 7.619719101410623
    efficiency: 0.933489
    discharge_ratio: 2
    depth_of_discharge: 0.9
  Pb-acid:
    cost: 107.852
    lifetime: 13.8428
    annual_cost: 7.791198312480134
    efficiency: 0.711786
    discharge_ratio: 5
    depth_of_discharge: 0.5
  VRBF:
    cost: 192.468
    lifetime: 24.8365
    annual_cost: 7.749401083083365
    efficiency: 0.729608
    discharge_ratio: 0.5
    depth_of_discharge: 1.0
