cost_values:
  wind_capex: 5000.0
  wind_opex: 100
  wind_lifetime: 20
  solar_capex: 1000.0
  solar_opex: 10
  solar_lifetime: 20
  carbon_price: 1.0
timeseries_values:
  load_level: 251380.34558391193
  wind_year: 2013
  solar_year: 2018
  price_year: 2023
  carbon_year: 2023
storage_values:
  CAES:
    cost: 60.0703
    lifetime: 24.3894
    annual_cost: 2.4629675186761464
    efficiency: 0.603439
    discharge_ratio: 0.1
    depth_of_discharge: 0.4
  Li-ion:
    cost: 166.336
    lifetime: 18.0595
    annual_cost: 9.210443257011546
    efficiency: 0.923311
    discharge_ratio: 2
    depth_of_discharge: 0.9
  Pb-acid:
    cost: 137.452
    lifetime: 15.6625
    annual_cost: 8.775865921787709
    efficiency: 0.725203
    discharge_ratio: 5
    depth_of_discharge: 0.5
  VRBF:
    cost: 196.658
    lifetime: 24.6789
    annual_cost: 7.968669592242766
    efficiency: 0.742505
    discharge_ratio: 0.5
    depth_of_discharge: 1.0
