cost_values:
  wind_capex: 5000.0
  wind_opex: 100
  wind_lifetime: 20
  solar_capex: 1000.0
  solar_opex: 10
  solar_lifetime: 20
  carbon_price: 1.0
timeseries_values:
  load_level: 251380.34558391193
  wind_year: 2013
  solar_year: 2018
  price_year: 2023
  carbon_year: 2023
storage_values:
  CAES:
    cost: 58.0405
    lifetime: 25.1768
    annual_cost: 2.3053167995932764
    efficiency: 0.615757
    discharge_ratio: 0.1
    depth_of_discharge: 0.4
  Li-ion:
    cost: 161.306
    lifetime: 18.972
    annual_cost: 8.502319207252794
    efficiency: 0.930577
    discharge_ratio: 2
    depth_of_discharge: 0.9
  Pb-acid:
    cost: 134.302
    lifetime: 14.9535
    annual_cost: 8.981308723710168
    efficiency: 0.710588
    discharge_ratio: 5
    depth_of_discharge: 0.5
  VRBF:
    cost: 169.195
    lifetime: 24.2281
    annual_cost: 6.983420078338788
    efficiency: 0.731488
    discharge_ratio: 0.5
    depth_of_discharge: 1.0
