cost_values:
  wind_capex: 5000.0
  wind_opex: 100
  wind_lifetime: 20
  solar_capex: 1000.0
  solar_opex: 10
  solar_lifetime: 20
  carbon_price: 1.0
timeseries_values:
  load_level: 251380.34558391193
  wind_year: 2013
  solar_year: 2018
  price_year: 2023
  carbon_year: 2023
storage_values:
  CAES:
    cost: 63.7179
    lifetime: 25.5175
    annual_cost: 2.4970275301263842
    efficiency: 0.611327
    discharge_ratio: 0.1
    depth_of_discharge: 0.4
  Li-ion:
    cost: 166.152
    lifetime: 19.0768
    annual_cost: 8.709636836366686
    efficiency: 0.919411
    discharge_ratio: 2
    depth_of_discharge: 0.9
  Pb-acid:
    cost: 129.345
    lifetime: 16.269
    annual_cost: 7.950396459524249
    efficiency: 0.726691
    discharge_ratio: 5
    depth_of_discharge: 0.5
  VRBF:
    cost: 188.041
    lifetime: 24.5341
    annual_cost: 7.664475159064323
    efficiency: 0.735283
    discharge_ratio: 0.5
    depth_of_discharge: 1.0
