cost_values:
  wind_capex: 5000.0
  wind_opex: 100
  wind_lifetime: 20
  solar_capex: 1000.0
  solar_opex: 10
  solar_lifetime: 20
  carbon_price: 1.0
timeseries_values:
  load_level: 251380.34558391193
  wind_year: 2013
  solar_year: 2018
  price_year: 2023
  carbon_year: 2023
storage_values:
  CAES:
    cost: 59.8064
    lifetime: 24.6234
    annual_cost: 2.4288441076374503
    efficiency: 0.609575
    discharge_ratio: 0.1
    depth_of_discharge: 0.4
  Li-ion:
    cost: 181.219
    lifetime: 19.7023
    annual_cost: 9.197860148307557
    efficiency: 0.918867
    discharge_ratio: 2
    depth_of_discharge: 0.9
  Pb-acid:
    cost: 134.773
    lifetime: 14.0513
    annual_cost: 9.591496872175528
    efficiency: 0.71348
    discharge_ratio: 5
    depth_of_discharge: 0.5
  VRBF:
    cost: 186.173
    lifetime: 23.0182
    annual_cost: 8.08807812948015
    efficiency: 0.766052
    discharge_ratio: 0.5
    depth_of_discharge: 1.0
