cost_values:
  wind_capex: 5000.0
  wind_opex: 100
  wind_lifetime: 20
  solar_capex: 1000.0
  solar_opex: 10
  solar_lifetime: 20
  carbon_price: 1.0
timeseries_values:
  load_level: 251380.34558391193
  wind_year: 2013
  solar_year: 2018
  price_year: 2023
  carbon_year: 2023
storage_values:
  CAES:
    cost: 62.4659
    lifetime: 24.042
    annual_cost: 2.598198985109392
    efficiency: 0.613067
    discharge_ratio: 0.1
    depth_of_discharge: 0.4
  Li-ion:
    cost: 177.332
    lifetime: 16.8673
    annual_cost: 10.513360170270285
    efficiency: 0.923815
    discharge_ratio: 2
    depth_of_discharge: 0.9
  Pb-acid:
    cost: 139.403
    lifetime: 14.4502
    annual_cost: 9.6471329116552
    efficiency: 0.713287
    discharge_ratio: 5
    depth_of_discharge: 0.5
  VRBF:
    cost: 190.865
    lifetime: 26.3924
    annual_cost: 7.231816735120717
    efficiency: 0.740693
    discharge_ratio: 0.5
    depth_of_discharge: 1.0
