cost_values:
  wind_capex: 5000.0
  wind_opex: 100
  wind_lifetime: 20
  solar_capex: 1000.0
  solar_opex: 10
  solar_lifetime: 20
  carbon_price: 1.0
timeseries_values:
  load_level: 251380.34558391193
  wind_year: 2013
  solar_year: 2018
  price_year: 2023
  carbon_year: 2023
storage_values:
  CAES:
    cost: 59.418
    lifetime: 24.685
    annual_cost: 2.4070488150698806
    efficiency: 0.606344
    discharge_ratio: 0.1
    depth_of_discharge: 0.4
  Li-ion:
    cost: 172.289
    lifetime: 19.9785
    annual_cost: 8.623720499537
    efficiency: 0.925661
    discharge_ratio: 2
    depth_of_discharge: 0.9
  Pb-acid:
    cost: 114.172
    lifetime: 15.932
    annual_cost: 7.166206377102686
    efficiency: 0.716317
    discharge_ratio: 5
    depth_of_discharge: 0.5
  VRBF:
    cost: 196.646
    lifetime: 25.0748
    annual_cost: 7.842375612168392
    efficiency: 0.722021
    discharge_ratio: 0.5
    depth_of_discharge: 1.0
