cost_values:
  wind_capex: 5000.0
  wind_opex: 100
  wind_lifetime: 20
  solar_capex: 1000.0
  solar_opex: 10
  solar_lifetime: 20
  carbon_price: 1.0
timeseries_values:
  load_level: 251380.34558391193
  wind_year: 2013
  solar_year: 2018
  price_year: 2023
  carbon_year: 2023
storage_values:
  CAES:
    cost: 60.5336
    lifetime: 25.1119
    annual_cost: 2.4105543586905016
    efficiency: 0.605528
    discharge_ratio: 0.1
    depth_of_discharge: 0.4
  Li-ion:
    cost: 181.529
    lifetime: 16.6697
    annual_cost: 10.889758064032346
    efficiency: 0.914838
    discharge_ratio: 2
    depth_of_discharge: 0.9
  Pb-acid:
    cost: 134.587
    lifetime: 13.2053
    annual_cost: 10.191892649163593
    efficiency: 0.717487
    discharge_ratio: 5
    depth_of_discharge: 0.5
  VRBF:
    cost: 195.492
    lifetime: 26.3695
    annual_cost: 7.413564914010505
    efficiency: 0.747944
    discharge_ratio: 0.5
    depth_of_discharge: 1.0
