cost_values:
  wind_capex: 5000.0
  wind_opex: 100
  wind_lifetime: 20
  solar_capex: 1000.0
  solar_opex: 10
  solar_lifetime: 20
  carbon_price: 1.0
timeseries_values:
  load_level: 251380.34558391193
  wind_year: 2013
  solar_year: 2018
  price_year: 2023
  carbon_year: 2023
storage_values:
  CAES:
    cost: 63.9542
    lifetime: 24.7322
    annual_cost: 2.585867816045479
    efficiency: 0.596334
    discharge_ratio: 0.1
    depth_of_discharge: 0.4
  Li-ion:
    cost: 175.192
    lifetime: 20.92
    annual_cost: 8.374378585086042
    efficiency: 0.934753
    discharge_ratio: 2
    depth_of_discharge: 0.9
  Pb-acid:
    cost: 132.897
    lifetime: 13.9565
    annual_cost: 9.52222978540465
    efficiency: 0.72357
    discharge_ratio: 5
    depth_of_discharge: 0.5
  VRBF:
    cost: 174.429
    lifetime: 24.4643
    annual_cost: 7.12994036207862
    efficiency: 0.740541
    discharge_ratio: 0.5
    depth_of_discharge: 1.0
