cost_values:
  wind_capex: 5000.0
  wind_opex: 100
  wind_lifetime: 20
  solar_capex: 1000.0
  solar_opex: 10
  solar_lifetime: 20
  carbon_price: 1.0
timeseries_values:
  load_level: 251380.34558391193
  wind_year: 2013
  solar_year: 2018
  price_year: 2023
  carbon_year: 2023
storage_values:
  CAES:
    cost: 63.048
    lifetime: 24.1476
    annual_cost: 2.6109427023803606
    efficiency: 0.619272
    discharge_ratio: 0.1
    depth_of_discharge: 0.4
  Li-ion:
    cost: 177.913
    lifetime: 19.4802
    annual_cost: 9.133017114814017
    efficiency: 0.918549
    discharge_ratio: 2
    depth_of_discharge: 0.9
  Pb-acid:
    cost: 134.314
    lifetime: 14.4417
    annual_cost: 9.300428619899318
    efficiency: 0.727038
    discharge_ratio: 5
    depth_of_discharge: 0.5
  VRBF:
    cost: 195.206
    lifetime: 26.5548
    annual_cost: 7.351062708060312
    efficiency: 0.750848
    discharge_ratio: 0.5
    depth_of_discharge: 1.0
