cost_values:
  wind_capex: 5000.0
  wind_opex: 100
  wind_lifetime: 20
  solar_capex: 1000.0
  solar_opex: 10
  solar_lifetime: 20
  carbon_price: 1.0
timeseries_values:
  load_level: 251380.34558391193
  wind_year: 2013
  solar_year: 2018
  price_year: 2023
  carbon_year: 2023
storage_values:
  CAES:
    cost: 63.3795
    lifetime: 25.2841
    annual_cost: 2.5066939301774633
    efficiency: 0.61694
    discharge_ratio: 0.1
    depth_of_discharge: 0.4
  Li-ion:
    cost: 141.085
    lifetime: 18.4831
    annual_cost: 7.633189237736095
    efficiency: 0.918947
    discharge_ratio: 2
    depth_of_discharge: 0.9
  Pb-acid:
    cost: 149.228
    lifetime: 15.2677
    annual_cost: 9.774098259724779
    efficiency: 0.719473
    discharge_ratio: 5
    depth_of_discharge: 0.5
  VRBF:
    cost: 197.528
    lifetime: 24.069
    annual_cost: 8.206738958826707
    efficiency: 0.718249
    discharge_ratio: 0.5
    depth_of_discharge: 1.0
