cost_values:
  wind_capex: 5000.0
  wind_opex: 100
  wind_lifetime: 20
  solar_capex: 1000.0
  solar_opex: 10
  solar_lifetime: 20
  carbon_price: 1.0
timeseries_values:
  load_level: 251380.34558391193
  wind_year: 2013
  solar_year: 2018
  price_year: 2023
  carbon_year: 2023
storage_values:
  CAES:
    cost: 58.7383
    lifetime: 25.4075
    annual_cost: 2.31184886352455
    efficiency: 0.609081
    discharge_ratio: 0.1
    depth_of_discharge: 0.4
  Li-ion:
    cost: 161.758
    lifetime: 18.9931
    annual_cost: 8.51667184398545
    efficiency: 0.916506
    discharge_ratio: 2
    depth_of_discharge: 0.9
  Pb-acid:
    cost: 138.834
    lifetime: 13.6347
    annual_cost: 10.182402253074875
    efficiency: 0.723348
    discharge_ratio: 5
    depth_of_discharge: 0.5
  VRBF:
    cost: 154.267
    lifetime: 22.6726
    annual_cost: 6.804115981404868
    efficiency: 0.725528
    discharge_ratio: 0.5
    depth_of_discharge: 1.0
