cost_values:
  wind_capex: 5000.0
  wind_opex: 100
  wind_lifetime: 20
  solar_capex: 1000.0
  solar_opex: 10
  solar_lifetime: 20
  carbon_price: 1.0
timeseries_values:
  load_level: 251380.34558391193
  wind_year: 2013
  solar_year: 2018
  price_year: 2023
  carbon_year: 2023
storage_values:
  CAES:
    cost: 56.4787
    lifetime: 24.8363
    annual_cost: 2.2740384034658945
    efficiency: 0.615282
    discharge_ratio: 0.1
    depth_of_discharge: 0.4
  Li-ion:
    cost: 178.574
    lifetime: 19.3638
    annual_cost: 9.222053522552391
    efficiency: 0.934814
    discharge_ratio: 2
    depth_of_discharge: 0.9
  Pb-acid:
    cost: 114.071
    lifetime: 14.6042
    annual_cost: 7.81083523917777
    efficiency: 0.716891
    discharge_ratio: 5
    depth_of_discharge: 0.5
  VRBF:
    cost: 167.941
    lifetime: 25.3232
    annual_cost: 6.631902761104442
    efficiency: 0.752625
    discharge_ratio: 0.5
    depth_of_discharge: 1.0
