cost_values:
  wind_capex: 5000.0
  wind_opex: 100
  wind_lifetime: 20
  solar_capex: 1000.0
  solar_opex: 10
  solar_lifetime: 20
  carbon_price: 1.0
timeseries_values:
  load_level: 251380.34558391193
  wind_year: 2013
  solar_year: 2018
  price_year: 2023
  carbon_year: 2023
storage_values:
  CAES:
    cost: 61.3195
    lifetime: 25.1434
    annual_cost: 2.4387910942831916
    efficiency: 0.601435
    discharge_ratio: 0.1
    depth_of_discharge: 0.4
  Li-ion:
    cost: 174.229
    lifetime: 20.2818
    annual_cost: 8.59041110749539
    efficiency: 0.925164
    discharge_ratio: 2
    depth_of_discharge: 0.9
  Pb-acid:
    cost: 125.579
    lifetime: 15.1579
    annual_cost: 8.284722817804576
    efficiency: 0.725198
    discharge_ratio: 5
    depth_of_discharge: 0.5
  VRBF:
    cost: 151.467
    lifetime: 26.6124
    annual_cost: 5.691594895612572
    efficiency: 0.725314
    discharge_ratio: 0.5
    depth_of_discharge: 1.0
