cost_values:
  wind_capex: 5000.0
  wind_opex: 100
  wind_lifetime: 20
  solar_capex: 1000.0
  solar_opex: 10
  solar_lifetime: 20
  carbon_price: 1.0
timeseries_values:
  load_level: 251380.34558391193
  wind_year: 2013
  solar_year: 2018
  price_year: 2023
  carbon_year: 2023
storage_values:
  CAES:
    cost: 64.3331
    lifetime: 24.5788
    annual_cost: 2.617422331440103
    efficiency: 0.612221
    discharge_ratio: 0.1
    depth_of_discharge: 0.4
  Li-ion:
    cost: 160.541
    lifetime: 17.1421
    annual_cost: 9.365305300984128
    efficiency: 0.920267
    discharge_ratio: 2
    depth_of_discharge: 0.9
  Pb-acid:
    cost: 123.423
    lifetime: 15.7986
    annual_cost: 7.812274505335916
    efficiency: 0.727659
    discharge_ratio: 5
    depth_of_discharge: 0.5
  VRBF:
    cost: 172.484
    lifetime: 24.1649
    annual_cost: 7.1377907626350625
    efficiency: 0.742811
    discharge_ratio: 0.5
    depth_of_discharge: 1.0
