cost_values:
  wind_capex: 5000.0
  wind_opex: 100
  wind_lifetime: 20
  solar_capex: 1000.0
  solar_opex: 10
  solar_lifetime: 20
  carbon_price: 1.0
timeseries_values:
  load_level: 251380.34558391193
  wind_year: 2013
  solar_year: 2018
  price_year: 2023
  carbon_year: 2023
storage_values:
  CAES:
    cost: 64.2523
    lifetime: 23.703
    annual_cost: 2.7107243808800576
    efficiency: 0.601624
    discharge_ratio: 0.1
    depth_of_discharge: 0.4
  Li-ion:
    cost: 178.744
    lifetime: 19.8693
    annual_cost: 8.995988786721224
    efficiency: 0.939775
    discharge_ratio: 2
    depth_of_discharge: 0.9
  Pb-acid:
    cost: 135.664
    lifetime: 14.7774
    annual_cost: 9.180505366302596
    efficiency: 0.726049
    discharge_ratio: 5
    depth_of_discharge: 0.5
  VRBF:
    cost: 182.914
    lifetime: 23.9704
    annual_cost: 7.630828021226178
    efficiency: 0.741169
    discharge_ratio: 0.5
    depth_of_discharge: 1.0
