cost_values:
  wind_capex: 5000.0
  wind_opex: 100
  wind_lifetime: 20
  solar_capex: 1000.0
  solar_opex: 10
  solar_lifetime: 20
  carbon_price: 1.0
timeseries_values:
  load_level: 251380.34558391193
  wind_year: 2013
  solar_year: 2018
  price_year: 2023
  carbon_year: 2023
storage_values:
  CAES:
    cost: 61.0253
    lifetime: 25.2275
    annual_cost: 2.418999108116143
    efficiency: 0.604622
    discharge_ratio: 0.1
    depth_of_discharge: 0.4
  Li-ion:
    cost: 164.878
    lifetime: 19.0083
    annual_cost: 8.674000305129864
    efficiency: 0.933782
    discharge_ratio: 2
    depth_of_discharge: 0.9
  Pb-acid:
    cost: 126.886
    lifetime: 14.6505
    annual_cost: 8.660864816900448
    efficiency: 0.72647
    discharge_ratio: 5
    depth_of_discharge: 0.5
  VRBF:
    cost: 200.037
    lifetime: 24.3979
    annual_cost: 8.198943351681907
    efficiency: 0.750859
    discharge_ratio: 0.5
    depth_of_discharge: 1.0
