cost_values:
  wind_capex: 5000.0
  wind_opex: 100
  wind_lifetime: 20
  solar_capex: 1000.0
  solar_opex: 10
  solar_lifetime: 20
  carbon_price: 1.0
timeseries_values:
  load_level: 251380.34558391193
  wind_year: 2013
  solar_year: 2018
  price_year: 2023
  carbon_year: 2023
storage_values:
  CAES:
    cost: 68.4802
    lifetime: 24.2527
    annual_cost: 2.8236113917213337
    efficiency: 0.612402
    discharge_ratio: 0.1
    depth_of_discharge: 0.4
  Li-ion:
    cost: 144.668
    lifetime: 17.8456
    annual_cost: 8.106648137355986
    efficiency: 0.909853
    discharge_ratio: 2
    depth_of_discharge: 0.9
  Pb-acid:
    cost: 133.834
    lifetime: 14.3675
    annual_cost: 9.315051331129284
    efficiency: 0.72127
    discharge_ratio: 5
    depth_of_discharge: 0.5
  VRBF:
    cost: 206.506
    lifetime: 24.3251
    annual_cost: 8.489420392927471
    efficiency: 0.732555
    discharge_ratio: 0.5
    depth_of_discharge: 1.0
