cost_values:
  wind_capex: 5000.0
  wind_opex: 100
  wind_lifetime: 20
  solar_capex: 1000.0
  solar_opex: 10
  solar_lifetime: 20
  carbon_price: 1.0
timeseries_values:
  load_level: 251380.34558391193
  wind_year: 2013
  solar_year: 2018
  price_year: 2023
  carbon_year: 2023
storage_values:
  CAES:
    cost: 63.1811
    lifetime: 24.6785
    annual_cost: 2.560167757359645
    efficiency: 0.609854
    discharge_ratio: 0.1
    depth_of_discharge: 0.4
  Li-ion:
    cost: 170.503
    lifetime: 19.8777
    annual_cost: 8.577602036452909
    efficiency: 0.935137
    discharge_ratio: 2
    depth_of_discharge: 0.9
  Pb-acid:
    cost: 135.617
    lifetime: 13.8668
    annual_cost: 9.779978077133872
    efficiency: 0.731005
    discharge_ratio: 5
    depth_of_discharge: 0.5
  VRBF:
    cost: 180.165
    lifetime: 25.318
    annual_cost: 7.116083418911446
    efficiency: 0.737665
    discharge_ratio: 0.5
    depth_of_discharge: 1.0
