cost_values:
  wind_capex: 5000.0
  wind_opex: 100
  wind_lifetime: 20
  solar_capex: 1000.0
  solar_opex: 10
  solar_lifetime: 20
  carbon_price: 1.0
timeseries_values:
  load_level: 251380.34558391193
  wind_year: 2013
  solar_year: 2018
  price_year: 2023
  carbon_year: 2023
storage_values:
  CAES:
    cost: 60.5259
    lifetime: 24.486
    annual_cost: 2.4718573878951235
    efficiency: 0.608961
    discharge_ratio: 0.1
    depth_of_discharge: 0.4
  Li-ion:
    cost: 160.391
    lifetime: 19.8864
    annual_cost: 8.065361251910854
    efficiency: 0.925357
    discharge_ratio: 2
    depth_of_discharge: 0.9
  Pb-acid:
    cost: 117.775
    lifetime: 14.8439
    annual_cost: 7.934235611934869
    efficiency: 0.726851
    discharge_ratio: 5
    depth_of_discharge: 0.5
  VRBF:
    cost: 197.369
    lifetime: 25.4478
    annual_cost: 7.755837439778684
    efficiency: 0.733374
    discharge_ratio: 0.5
    depth_of_discharge: 1.0
