cost_values:
  wind_capex: 5000.0
  wind_opex: 100
  wind_lifetime: 20
  solar_capex: 1000.0
  solar_opex: 10
  solar_lifetime: 20
  carbon_price: 1.0
timeseries_values:
  load_level: 251380.34558391193
  wind_year: 2013
  solar_year: 2018
  price_year: 2023
  carbon_year: 2023
storage_values:
  CAES:
    cost: 61.2014
    lifetime: 23.8501
    annual_cost: 2.566085676789615
    efficiency: 0.609795
    discharge_ratio: 0.1
    depth_of_discharge: 0.4
  Li-ion:
    cost: 163.518
    lifetime: 16.1652
    annual_cost: 10.11543315269839
    efficiency: 0.929962
    discharge_ratio: 2
    depth_of_discharge: 0.9
  Pb-acid:
    cost: 119.645
    lifetime: 15.0481
    annual_cost: 7.950837647277729
    efficiency: 0.723454
    discharge_ratio: 5
    depth_of_discharge: 0.5
  VRBF:
    cost: 174.695
    lifetime: 24.8408
    annual_cost: 7.032583491674986
    efficiency: 0.731418
    discharge_ratio: 0.5
    depth_of_discharge: 1.0
