cost_values:
  wind_capex: 5000.0
  wind_opex: 100
  wind_lifetime: 20
  solar_capex: 1000.0
  solar_opex: 10
  solar_lifetime: 20
  carbon_price: 1.0
timeseries_values:
  load_level: 251380.34558391193
  wind_year: 2013
  solar_year: 2018
  price_year: 2023
  carbon_year: 2023
storage_values:
  CAES:
    cost: 60.6969
    lifetime: 25.2792
    annual_cost: 2.401060951295927
    efficiency: 0.610199
    discharge_ratio: 0.1
    depth_of_discharge: 0.4
  Li-ion:
    cost: 170.116
    lifetime: 19.0055
    annual_cost: 8.95088263923601
    efficiency: 0.91874
    discharge_ratio: 2
    depth_of_discharge: 0.9
  Pb-acid:
    cost: 127.306
    lifetime: 14.8622
    annual_cost: 8.565757424876532
    efficiency: 0.714193
    discharge_ratio: 5
    depth_of_discharge: 0.5
  VRBF:
    cost: 223.006
    lifetime: 25.9579
    annual_cost: 8.591064762557835
    efficiency: 0.7359
    discharge_ratio: 0.5
    depth_of_discharge: 1.0
