cost_values:
  wind_capex: 5000.0
  wind_opex: 100
  wind_lifetime: 20
  solar_capex: 1000.0
  solar_opex: 10
  solar_lifetime: 20
  carbon_price: 1.0
timeseries_values:
  load_level: 251380.34558391193
  wind_year: 2013
  solar_year: 2018
  price_year: 2023
  carbon_year: 2023
storage_values:
  CAES:
    cost: 58.6945
    lifetime: 24.3023
    annual_cost: 2.4151829250729353
    efficiency: 0.619626
    discharge_ratio: 0.1
    depth_of_discharge: 0.4
  Li-ion:
    cost: 152.894
    lifetime: 21.0247
    annual_cost: 7.272113276289318
    efficiency: 0.926699
    discharge_ratio: 2
    depth_of_discharge: 0.9
  Pb-acid:
    cost: 136.104
    lifetime: 14.3519
    annual_cost: 9.483343668782531
    efficiency: 0.731884
    discharge_ratio: 5
    depth_of_discharge: 0.5
  VRBF:
    cost: 197.65
    lifetime: 24.2169
    annual_cost: 8.161655703248558
    efficiency: 0.742612
    discharge_ratio: 0.5
    depth_of_discharge: 1.0
