cost_values:
  wind_capex: 5000.0
  wind_opex: 100
  wind_lifetime: 20
  solar_capex: 1000.0
  solar_opex: 10
  solar_lifetime: 20
  carbon_price: 1.0
timeseries_values:
  load_level: 276037.46676088165
  wind_year: 2017
  solar_year: 2011
  price_year: 2023
  carbon_year: 2023
storage_values:
  CAES:
    cost: 37.2731
    lifetime: 24.7661
    annual_cost: 1.5050048251440475
    efficiency: 0.563599
    discharge_ratio: 0.1
    depth_of_discharge: 0.4
  Li-ion:
    cost: 150.802
    lifetime: 14.4196
    annual_cost: 10.458126439013563
    efficiency: 0.964853
    discharge_ratio: 2
    depth_of_discharge: 0.9
  Pb-acid:
    cost: 202.373
    lifetime: 10.216
    annual_cost: 19.809416601409556
    efficiency: 0.692605
    discharge_ratio: 5
    depth_of_discharge: 0.5
  VRBF:
    cost: 294.533
    lifetime: 13.9815
    annual_cost: 21.06590852197547
    efficiency: 0.708174
    discharge_ratio: 0.5
    depth_of_discharge: 1.0
