cost_values:
  wind_capex: 5000.0
  wind_opex: 100
  wind_lifetime: 20
  solar_capex: 1000.0
  solar_opex: 10
  solar_lifetime: 20
  carbon_price: 1.0
timeseries_values:
  load_level: 276037.46676088165
  wind_year: 2017
  solar_year: 2011
  price_year: 2023
  carbon_year: 2023
storage_values:
  CAES:
    cost: 50.8151
    lifetime: 24.8077
    annual_cost: 2.0483599850046557
    efficiency: 0.556332
    discharge_ratio: 0.1
    depth_of_discharge: 0.4
  Li-ion:
    cost: 148.854
    lifetime: 16.276
    annual_cost: 9.145613172769723
    efficiency: 0.979069
    discharge_ratio: 2
    depth_of_discharge: 0.9
  Pb-acid:
    cost: 210.83
    lifetime: 7.81842
    annual_cost: 26.9658063905495
    efficiency: 0.704895
    discharge_ratio: 5
    depth_of_discharge: 0.5
  VRBF:
    cost: 275.163
    lifetime: 15.6376
    annual_cost: 17.596242390136595
    efficiency: 0.73499
    discharge_ratio: 0.5
    depth_of_discharge: 1.0
