cost_values:
  wind_capex: 5000.0
  wind_opex: 100
  wind_lifetime: 20
  solar_capex: 1000.0
  solar_opex: 10
  solar_lifetime: 20
  carbon_price: 1.0
timeseries_values:
  load_level: 276037.46676088165
  wind_year: 2017
  solar_year: 2011
  price_year: 2023
  carbon_year: 2023
storage_values:
  CAES:
    cost: 39.818
    lifetime: 24.402
    annual_cost: 1.6317514957790344
    efficiency: 0.565727
    discharge_ratio: 0.1
    depth_of_discharge: 0.4
  Li-ion:
    cost: 141.85
    lifetime: 16.4396
    annual_cost: 8.628555439305092
    efficiency: 0.987199
    discharge_ratio: 2
    depth_of_discharge: 0.9
  Pb-acid:
    cost: 199.806
    lifetime: 9.22526
    annual_cost: 21.658576560443827
    efficiency: 0.710659
    discharge_ratio: 5
    depth_of_discharge: 0.5
  VRBF:
    cost: 315.896
    lifetime: 16.7984
    annual_cost: 18.805124297552148
    efficiency: 0.726875
    discharge_ratio: 0.5
    depth_of_discharge: 1.0
