cost_values:
  wind_capex: 5000.0
  wind_opex: 100
  wind_lifetime: 20
  solar_capex: 1000.0
  solar_opex: 10
  solar_lifetime: 20
  carbon_price: 1.0
timeseries_values:
  load_level: 276037.46676088165
  wind_year: 2017
  solar_year: 2011
  price_year: 2023
  carbon_year: 2023
storage_values:
  CAES:
    cost: 45.8539
    lifetime: 25.0388
    annual_cost: 1.8313138009808778
    efficiency: 0.559121
    discharge_ratio: 0.1
    depth_of_discharge: 0.4
  Li-ion:
    cost: 166.724
    lifetime: 16.4646
    annual_cost: 10.126210172126864
    efficiency: 0.967985
    discharge_ratio: 2
    depth_of_discharge: 0.9
  Pb-acid:
    cost: 187.125
    lifetime: 8.08633
    annual_cost: 23.140905701350302
    efficiency: 0.705649
    discharge_ratio: 5
    depth_of_discharge: 0.5
  VRBF:
    cost: 297.345
    lifetime: 15.2069
    annual_cost: 19.553294885874177
    efficiency: 0.744118
    discharge_ratio: 0.5
    depth_of_discharge: 1.0
