cost_values:
  wind_capex: 5000.0
  wind_opex: 100
  wind_lifetime: 20
  solar_capex: 1000.0
  solar_opex: 10
  solar_lifetime: 20
  carbon_price: 1.0
timeseries_values:
  load_level: 276037.46676088165
  wind_year: 2017
  solar_year: 2011
  price_year: 2023
  carbon_year: 2023
storage_values:
  CAES:
    cost: 46.7751
    lifetime: 24.9207
    annual_cost: 1.8769577098556622
    efficiency: 0.558977
    discharge_ratio: 0.1
    depth_of_discharge: 0.4
  Li-ion:
    cost: 151.882
    lifetime: 16.2451
    annual_cost: 9.349403820228869
    efficiency: 0.976737
    discharge_ratio: 2
    depth_of_discharge: 0.9
  Pb-acid:
    cost: 186.021
    lifetime: 9.2042
    annual_cost: 20.210447404445794
    efficiency: 0.696939
    discharge_ratio: 5
    depth_of_discharge: 0.5
  VRBF:
    cost: 312.646
    lifetime: 16.3442
    annual_cost: 19.12886528554472
    efficiency: 0.725054
    discharge_ratio: 0.5
    depth_of_discharge: 1.0
