cost_values:
  wind_capex: 5000.0
  wind_opex: 100
  wind_lifetime: 20
  solar_capex: 1000.0
  solar_opex: 10
  solar_lifetime: 20
  carbon_price: 1.0
timeseries_values:
  load_level: 276037.46676088165
  wind_year: 2017
  solar_year: 2011
  price_year: 2023
  carbon_year: 2023
storage_values:
  CAES:
    cost: 44.4703
    lifetime: 24.0813
    annual_cost: 1.846673559982227
    efficiency: 0.5601
    discharge_ratio: 0.1
    depth_of_discharge: 0.4
  Li-ion:
    cost: 162.862
    lifetime: 17.2407
    annual_cost: 9.446368186906563
    efficiency: 0.973658
    discharge_ratio: 2
    depth_of_discharge: 0.9
  Pb-acid:
    cost: 170.406
    lifetime: 10.1785
    annual_cost: 16.741759591295377
    efficiency: 0.709777
    discharge_ratio: 5
    depth_of_discharge: 0.5
  VRBF:
    cost: 319.547
    lifetime: 11.4716
    annual_cost: 27.855486592977442
    efficiency: 0.732603
    discharge_ratio: 0.5
    depth_of_discharge: 1.0
