cost_values:
  wind_capex: 5000.0
  wind_opex: 100
  wind_lifetime: 20
  solar_capex: 1000.0
  solar_opex: 10
  solar_lifetime: 20
  carbon_price: 1.0
timeseries_values:
  load_level: 276037.46676088165
  wind_year: 2017
  solar_year: 2011
  price_year: 2023
  carbon_year: 2023
storage_values:
  CAES:
    cost: 41.9635
    lifetime: 24.1769
    annual_cost: 1.735685716531069
    efficiency: 0.563669
    discharge_ratio: 0.1
    depth_of_discharge: 0.4
  Li-ion:
    cost: 146.695
    lifetime: 16.7459
    annual_cost: 8.760054699956408
    efficiency: 0.972513
    discharge_ratio: 2
    depth_of_discharge: 0.9
  Pb-acid:
    cost: 216.106
    lifetime: 10.0964
    annual_cost: 21.404262905590112
    efficiency: 0.71168
    discharge_ratio: 5
    depth_of_discharge: 0.5
  VRBF:
    cost: 327.247
    lifetime: 14.0196
    annual_cost: 23.342106764814975
    efficiency: 0.743687
    discharge_ratio: 0.5
    depth_of_discharge: 1.0
