cost_values:
  wind_capex: 5000.0
  wind_opex: 100
  wind_lifetime: 20
  solar_capex: 1000.0
  solar_opex: 10
  solar_lifetime: 20
  carbon_price: 1.0
timeseries_values:
  load_level: 276037.46676088165
  wind_year: 2017
  solar_year: 2011
  price_year: 2023
  carbon_year: 2023
storage_values:
  CAES:
    cost: 44.7919
    lifetime: 24.6638
    annual_cost: 1.8160988979800357
    efficiency: 0.553705
    discharge_ratio: 0.1
    depth_of_discharge: 0.4
  Li-ion:
    cost: 148.917
    lifetime: 16.5827
    annual_cost: 8.980262562791344
    efficiency: 0.984711
    discharge_ratio: 2
    depth_of_discharge: 0.9
  Pb-acid:
    cost: 189.498
    lifetime: 8.38538
    annual_cost: 22.598618070975913
    efficiency: 0.693943
    discharge_ratio: 5
    depth_of_discharge: 0.5
  VRBF:
    cost: 287.274
    lifetime: 14.2918
    annual_cost: 20.100617137099594
    efficiency: 0.742101
    discharge_ratio: 0.5
    depth_of_discharge: 1.0
