cost_values:
  wind_capex: 5000.0
  wind_opex: 100
  wind_lifetime: 20
  solar_capex: 1000.0
  solar_opex: 10
  solar_lifetime: 20
  carbon_price: 1.0
timeseries_values:
  load_level: 276037.46676088165
  wind_year: 2017
  solar_year: 2011
  price_year: 2023
  carbon_year: 2023
storage_values:
  CAES:
    cost: 47.0474
    lifetime: 25.2538
    annual_cost: 1.8629829966183309
    efficiency: 0.567511
    discharge_ratio: 0.1
    depth_of_discharge: 0.4
  Li-ion:
    cost: 141.723
    lifetime: 15.9014
    annual_cost: 8.912611468172614
    efficiency: 0.977781
    discharge_ratio: 2
    depth_of_discharge: 0.9
  Pb-acid:
    cost: 181.73
    lifetime: 9.42689
    annual_cost: 19.27783181940173
    efficiency: 0.708003
    discharge_ratio: 5
    depth_of_discharge: 0.5
  VRBF:
    cost: 288.411
    lifetime: 15.4668
    annual_cost: 18.64710218015362
    efficiency: 0.729105
    discharge_ratio: 0.5
    depth_of_discharge: 1.0
