cost_values:
  wind_capex: 5000.0
  wind_opex: 100
  wind_lifetime: 20
  solar_capex: 1000.0
  solar_opex: 10
  solar_lifetime: 20
  carbon_price: 1.0
timeseries_values:
  load_level: 276037.46676088165
  wind_year: 2017
  solar_year: 2011
  price_year: 2023
  carbon_year: 2023
storage_values:
  CAES:
    cost: 44.0429
    lifetime: 23.7145
    annual_cost: 1.857213940837884
    efficiency: 0.557412
    discharge_ratio: 0.1
    depth_of_discharge: 0.4
  Li-ion:
    cost: 157.777
    lifetime: 18.5968
    annual_cost: 8.484094037683901
    efficiency: 0.957576
    discharge_ratio: 2
    depth_of_discharge: 0.9
  Pb-acid:
    cost: 189.186
    lifetime: 10.2515
    annual_cost: 18.454470077549626
    efficiency: 0.689507
    discharge_ratio: 5
    depth_of_discharge: 0.5
  VRBF:
    cost: 285.438
    lifetime: 12.5781
    annual_cost: 22.69325255801751
    efficiency: 0.751266
    discharge_ratio: 0.5
    depth_of_discharge: 1.0
