cost_values:
  wind_capex: 5000.0
  wind_opex: 100
  wind_lifetime: 20
  solar_capex: 1000.0
  solar_opex: 10
  solar_lifetime: 20
  carbon_price: 1.0
timeseries_values:
  load_level: 276037.46676088165
  wind_year: 2017
  solar_year: 2011
  price_year: 2023
  carbon_year: 2023
storage_values:
  CAES:
    cost: 40.9513
    lifetime: 25.5616
    annual_cost: 1.6020632511266903
    efficiency: 0.557565
    discharge_ratio: 0.1
    depth_of_discharge: 0.4
  Li-ion:
    cost: 154.649
    lifetime: 14.1211
    annual_cost: 10.951625581576506
    efficiency: 0.97147
    discharge_ratio: 2
    depth_of_discharge: 0.9
  Pb-acid:
    cost: 179.465
    lifetime: 7.88315
    annual_cost: 22.765645712690993
    efficiency: 0.695473
    discharge_ratio: 5
    depth_of_discharge: 0.5
  VRBF:
    cost: 333.471
    lifetime: 12.8368
    annual_cost: 25.977735884332542
    efficiency: 0.721444
    discharge_ratio: 0.5
    depth_of_discharge: 1.0
