cost_values:
  wind_capex: 5000.0
  wind_opex: 100
  wind_lifetime: 20
  solar_capex: 1000.0
  solar_opex: 10
  solar_lifetime: 20
  carbon_price: 1.0
timeseries_values:
  load_level: 276037.46676088165
  wind_year: 2017
  solar_year: 2011
  price_year: 2023
  carbon_year: 2023
storage_values:
  CAES:
    cost: 38.736
    lifetime: 23.8171
    annual_cost: 1.6263944812760578
    efficiency: 0.569045
    discharge_ratio: 0.1
    depth_of_discharge: 0.4
  Li-ion:
    cost: 164.621
    lifetime: 16.6166
    annual_cost: 9.907020690153223
    efficiency: 0.975259
    discharge_ratio: 2
    depth_of_discharge: 0.9
  Pb-acid:
    cost: 172.684
    lifetime: 8.36378
    annual_cost: 20.64664541630698
    efficiency: 0.712374
    discharge_ratio: 5
    depth_of_discharge: 0.5
  VRBF:
    cost: 297.581
    lifetime: 15.0729
    annual_cost: 19.74278340598027
    efficiency: 0.763563
    discharge_ratio: 0.5
    depth_of_discharge: 1.0
