cost_values:
  wind_capex: 5000.0
  wind_opex: 100
  wind_lifetime: 20
  solar_capex: 1000.0
  solar_opex: 10
  solar_lifetime: 20
  carbon_price: 1.0
timeseries_values:
  load_level: 276037.46676088165
  wind_year: 2017
  solar_year: 2011
  price_year: 2023
  carbon_year: 2023
storage_values:
  CAES:
    cost: 42.0405
    lifetime: 24.3624
    annual_cost: 1.7256304797556892
    efficiency: 0.55238
    discharge_ratio: 0.1
    depth_of_discharge: 0.4
  Li-ion:
    cost: 154.759
    lifetime: 18.7211
    annual_cost: 8.266554849875273
    efficiency: 0.967159
    discharge_ratio: 2
    depth_of_discharge: 0.9
  Pb-acid:
    cost: 200.844
    lifetime: 10.1624
    annual_cost: 19.76344170668346
    efficiency: 0.707207
    discharge_ratio: 5
    depth_of_discharge: 0.5
  VRBF:
    cost: 294.865
    lifetime: 14.9835
    annual_cost: 19.679313911969835
    efficiency: 0.718318
    discharge_ratio: 0.5
    depth_of_discharge: 1.0
