cost_values:
  wind_capex: 5000.0
  wind_opex: 100
  wind_lifetime: 20
  solar_capex: 1000.0
  solar_opex: 10
  solar_lifetime: 20
  carbon_price: 1.0
timeseries_values:
  load_level: 276037.46676088165
  wind_year: 2017
  solar_year: 2011
  price_year: 2023
  carbon_year: 2023
storage_values:
  CAES:
    cost: 46.5469
    lifetime: 24.6149
    annual_cost: 1.8910050416617579
    efficiency: 0.570686
    discharge_ratio: 0.1
    depth_of_discharge: 0.4
  Li-ion:
    cost: 146.1
    lifetime: 14.851
    annual_cost: 9.837721365564608
    efficiency: 0.977048
    discharge_ratio: 2
    depth_of_discharge: 0.9
  Pb-acid:
    cost: 183.723
    lifetime: 9.84492
    annual_cost: 18.661705732499605
    efficiency: 0.704049
    discharge_ratio: 5
    depth_of_discharge: 0.5
  VRBF:
    cost: 358.018
    lifetime: 17.0045
    annual_cost: 21.054309153459375
    efficiency: 0.738969
    discharge_ratio: 0.5
    depth_of_discharge: 1.0
