cost_values:
  wind_capex: 5000.0
  wind_opex: 100
  wind_lifetime: 20
  solar_capex: 1000.0
  solar_opex: 10
  solar_lifetime: 20
  carbon_price: 1.0
timeseries_values:
  load_level: 276037.46676088165
  wind_year: 2017
  solar_year: 2011
  price_year: 2023
  carbon_year: 2023
storage_values:
  CAES:
    cost: 38.6084
    lifetime: 24.8645
    annual_cost: 1.5527519153813671
    efficiency: 0.567689
    discharge_ratio: 0.1
    depth_of_discharge: 0.4
  Li-ion:
    cost: 153.584
    lifetime: 17.2167
    annual_cost: 8.920641005535323
    efficiency: 0.98867
    discharge_ratio: 2
    depth_of_discharge: 0.9
  Pb-acid:
    cost: 181.116
    lifetime: 9.51648
    annual_cost: 19.03182689397761
    efficiency: 0.699687
    discharge_ratio: 5
    depth_of_discharge: 0.5
  VRBF:
    cost: 332.737
    lifetime: 13.2464
    annual_cost: 25.119051213914727
    efficiency: 0.692728
    discharge_ratio: 0.5
    depth_of_discharge: 1.0
