cost_values:
  wind_capex: 5000.0
  wind_opex: 100
  wind_lifetime: 20
  solar_capex: 1000.0
  solar_opex: 10
  solar_lifetime: 20
  carbon_price: 1.0
timeseries_values:
  load_level: 276037.46676088165
  wind_year: 2017
  solar_year: 2011
  price_year: 2023
  carbon_year: 2023
storage_values:
  CAES:
    cost: 44.4886
    lifetime: 24.7794
    annual_cost: 1.795386490391212
    efficiency: 0.553571
    discharge_ratio: 0.1
    depth_of_discharge: 0.4
  Li-ion:
    cost: 159.392
    lifetime: 18.1285
    annual_cost: 8.792343547452907
    efficiency: 0.970183
    discharge_ratio: 2
    depth_of_discharge: 0.9
  Pb-acid:
    cost: 180.778
    lifetime: 7.77113
    annual_cost: 23.262768735048827
    efficiency: 0.708866
    discharge_ratio: 5
    depth_of_discharge: 0.5
  VRBF:
    cost: 288.912
    lifetime: 14.6183
    annual_cost: 19.763720815689922
    efficiency: 0.711975
    discharge_ratio: 0.5
    depth_of_discharge: 1.0
