cost_values:
  wind_capex: 5000.0
  wind_opex: 100
  wind_lifetime: 20
  solar_capex: 1000.0
  solar_opex: 10
  solar_lifetime: 20
  carbon_price: 1.0
timeseries_values:
  load_level: 276037.46676088165
  wind_year: 2017
  solar_year: 2011
  price_year: 2023
  carbon_year: 2023
storage_values:
  CAES:
    cost: 43.4807
    lifetime: 24.6921
    annual_cost: 1.7609154344911935
    efficiency: 0.570543
    discharge_ratio: 0.1
    depth_of_discharge: 0.4
  Li-ion:
    cost: 159.445
    lifetime: 15.2011
    annual_cost: 10.489043556058443
    efficiency: 0.97531
    discharge_ratio: 2
    depth_of_discharge: 0.9
  Pb-acid:
    cost: 185.826
    lifetime: 9.39136
    annual_cost: 19.78691052201172
    efficiency: 0.724677
    discharge_ratio: 5
    depth_of_discharge: 0.5
  VRBF:
    cost: 298.854
    lifetime: 13.6966
    annual_cost: 21.819575661112975
    efficiency: 0.73989
    discharge_ratio: 0.5
    depth_of_discharge: 1.0
