cost_values:
  wind_capex: 5000.0
  wind_opex: 100
  wind_lifetime: 20
  solar_capex: 1000.0
  solar_opex: 10
  solar_lifetime: 20
  carbon_price: 1.0
timeseries_values:
  load_level: 276037.46676088165
  wind_year: 2017
  solar_year: 2011
  price_year: 2023
  carbon_year: 2023
storage_values:
  CAES:
    cost: 44.1301
    lifetime: 25.1866
    annual_cost: 1.752126130561489
    efficiency: 0.558712
    discharge_ratio: 0.1
    depth_of_discharge: 0.4
  Li-ion:
    cost: 147.017
    lifetime: 15.9646
    annual_cost: 9.208937273718101
    efficiency: 0.988619
    discharge_ratio: 2
    depth_of_discharge: 0.9
  Pb-acid:
    cost: 193.197
    lifetime: 8.16921
    annual_cost: 23.64941040810556
    efficiency: 0.700351
    discharge_ratio: 5
    depth_of_discharge: 0.5
  VRBF:
    cost: 342.282
    lifetime: 14.7672
    annual_cost: 23.17853079798472
    efficiency: 0.699243
    discharge_ratio: 0.5
    depth_of_discharge: 1.0
