cost_values:
  wind_capex: 5000.0
  wind_opex: 100
  wind_lifetime: 20
  solar_capex: 1000.0
  solar_opex: 10
  solar_lifetime: 20
  carbon_price: 1.0
timeseries_values:
  load_level: 276037.46676088165
  wind_year: 2017
  solar_year: 2011
  price_year: 2023
  carbon_year: 2023
storage_values:
  CAES:
    cost: 44.0002
    lifetime: 25.0318
    annual_cost: 1.7577721138711557
    efficiency: 0.566884
    discharge_ratio: 0.1
    depth_of_discharge: 0.4
  Li-ion:
    cost: 177.655
    lifetime: 16.219
    annual_cost: 10.953511313891115
    efficiency: 0.983608
    discharge_ratio: 2
    depth_of_discharge: 0.9
  Pb-acid:
    cost: 181.212
    lifetime: 10.1663
    annual_cost: 17.82477400824292
    efficiency: 0.687821
    discharge_ratio: 5
    depth_of_discharge: 0.5
  VRBF:
    cost: 341.593
    lifetime: 15.0166
    annual_cost: 22.747692553574044
    efficiency: 0.722648
    discharge_ratio: 0.5
    depth_of_discharge: 1.0
