cost_values:
  wind_capex: 5000.0
  wind_opex: 100
  wind_lifetime: 20
  solar_capex: 1000.0
  solar_opex: 10
  solar_lifetime: 20
  carbon_price: 1.0
timeseries_values:
  load_level: 276037.46676088165
  wind_year: 2017
  solar_year: 2011
  price_year: 2023
  carbon_year: 2023
storage_values:
  CAES:
    cost: 45.614
    lifetime: 24.5147
    annual_cost: 1.8606795106609502
    efficiency: 0.572675
    discharge_ratio: 0.1
    depth_of_discharge: 0.4
  Li-ion:
    cost: 175.613
    lifetime: 18.3825
    annual_cost: 9.553270773833809
    efficiency: 0.986268
    discharge_ratio: 2
    depth_of_discharge: 0.9
  Pb-acid:
    cost: 195.972
    lifetime: 10.2776
    annual_cost: 19.067875768661946
    efficiency: 0.700184
    discharge_ratio: 5
    depth_of_discharge: 0.5
  VRBF:
    cost: 321.389
    lifetime: 15.161
    annual_cost: 21.198403799221687
    efficiency: 0.698883
    discharge_ratio: 0.5
    depth_of_discharge: 1.0
