cost_values:
  wind_capex: 5000.0
  wind_opex: 100
  wind_lifetime: 20
  solar_capex: 1000.0
  solar_opex: 10
  solar_lifetime: 20
  carbon_price: 1.0
timeseries_values:
  load_level: 276037.46676088165
  wind_year: 2017
  solar_year: 2011
  price_year: 2023
  carbon_year: 2023
storage_values:
  CAES:
    cost: 41.822
    lifetime: 23.4024
    annual_cost: 1.7870816668375895
    efficiency: 0.554212
    discharge_ratio: 0.1
    depth_of_discharge: 0.4
  Li-ion:
    cost: 159.991
    lifetime: 17.6047
    annual_cost: 9.08797082597261
    efficiency: 0.97728
    discharge_ratio: 2
    depth_of_discharge: 0.9
  Pb-acid:
    cost: 181.838
    lifetime: 8.29042
    annual_cost: 21.93350879690052
    efficiency: 0.712159
    discharge_ratio: 5
    depth_of_discharge: 0.5
  VRBF:
    cost: 318.989
    lifetime: 13.6832
    annual_cost: 23.312456150608043
    efficiency: 0.726256
    discharge_ratio: 0.5
    depth_of_discharge: 1.0
