cost_values:
  wind_capex: 5000.0
  wind_opex: 100
  wind_lifetime: 20
  solar_capex: 1000.0
  solar_opex: 10
  solar_lifetime: 20
  carbon_price: 1.0
timeseries_values:
  load_level: 276037.46676088165
  wind_year: 2017
  solar_year: 2011
  price_year: 2023
  carbon_year: 2023
storage_values:
  CAES:
    cost: 46.1682
    lifetime: 25.2079
    annual_cost: 1.8314972687133795
    efficiency: 0.557912
    discharge_ratio: 0.1
    depth_of_discharge: 0.4
  Li-ion:
    cost: 162.074
    lifetime: 15.8491
    annual_cost: 10.22606961909509
    efficiency: 0.988768
    discharge_ratio: 2
    depth_of_discharge: 0.9
  Pb-acid:
    cost: 194.259
    lifetime: 9.30599
    annual_cost: 20.87461946552704
    efficiency: 0.705326
    discharge_ratio: 5
    depth_of_discharge: 0.5
  VRBF:
    cost: 297.728
    lifetime: 14.8935
    annual_cost: 19.990465639372882
    efficiency: 0.709681
    discharge_ratio: 0.5
    depth_of_discharge: 1.0
