cost_values:
  wind_capex: 5000.0
  wind_opex: 100
  wind_lifetime: 20
  solar_capex: 1000.0
  solar_opex: 10
  solar_lifetime: 20
  carbon_price: 1.0
timeseries_values:
  load_level: 276037.46676088165
  wind_year: 2017
  solar_year: 2011
  price_year: 2023
  carbon_year: 2023
storage_values:
  CAES:
    cost: 38.6072
    lifetime: 24.0776
    annual_cost: 1.603448848722464
    efficiency: 0.559493
    discharge_ratio: 0.1
    depth_of_discharge: 0.4
  Li-ion:
    cost: 173.013
    lifetime: 16.3264
    annual_cost: 10.597131027048217
    efficiency: 0.96749
    discharge_ratio: 2
    depth_of_discharge: 0.9
  Pb-acid:
    cost: 185.12
    lifetime: 9.32646
    annual_cost: 19.848903013576425
    efficiency: 0.699723
    discharge_ratio: 5
    depth_of_discharge: 0.5
  VRBF:
    cost: 273.876
    lifetime: 16.3223
    annual_cost: 16.77925292391391
    efficiency: 0.723993
    discharge_ratio: 0.5
    depth_of_discharge: 1.0
