cost_values:
  wind_capex: 5000.0
  wind_opex: 100
  wind_lifetime: 20
  solar_capex: 1000.0
  solar_opex: 10
  solar_lifetime: 20
  carbon_price: 1.0
timeseries_values:
  load_level: 276037.46676088165
  wind_year: 2017
  solar_year: 2011
  price_year: 2023
  carbon_year: 2023
storage_values:
  CAES:
    cost: 37.8911
    lifetime: 25.3774
    annual_cost: 1.493104100498869
    efficiency: 0.564744
    discharge_ratio: 0.1
    depth_of_discharge: 0.4
  Li-ion:
    cost: 137.881
    lifetime: 14.8212
    annual_cost: 9.302957925134267
    efficiency: 0.968956
    discharge_ratio: 2
    depth_of_discharge: 0.9
  Pb-acid:
    cost: 198.736
    lifetime: 10.5317
    annual_cost: 18.870267857990637
    efficiency: 0.716553
    discharge_ratio: 5
    depth_of_discharge: 0.5
  VRBF:
    cost: 316.499
    lifetime: 12.0298
    annual_cost: 26.309581206670106
    efficiency: 0.728766
    discharge_ratio: 0.5
    depth_of_discharge: 1.0
