cost_values:
  wind_capex: 5000.0
  wind_opex: 100
  wind_lifetime: 20
  solar_capex: 1000.0
  solar_opex: 10
  solar_lifetime: 20
  carbon_price: 1.0
timeseries_values:
  load_level: 276037.46676088165
  wind_year: 2017
  solar_year: 2011
  price_year: 2023
  carbon_year: 2023
storage_values:
  CAES:
    cost: 43.5989
    lifetime: 25.0272
    annual_cost: 1.742060638025828
    efficiency: 0.563308
    discharge_ratio: 0.1
    depth_of_discharge: 0.4
  Li-ion:
    cost: 167.56
    lifetime: 17.5858
    annual_cost: 9.528142023678196
    efficiency: 0.955561
    discharge_ratio: 2
    depth_of_discharge: 0.9
  Pb-acid:
    cost: 200.087
    lifetime: 8.31773
    annual_cost: 24.05548148352976
    efficiency: 0.724381
    discharge_ratio: 5
    depth_of_discharge: 0.5
  VRBF:
    cost: 300.436
    lifetime: 13.9213
    annual_cost: 21.581030507208375
    efficiency: 0.725578
    discharge_ratio: 0.5
    depth_of_discharge: 1.0
