cost_values:
  wind_capex: 5000.0
  wind_opex: 100
  wind_lifetime: 20
  solar_capex: 1000.0
  solar_opex: 10
  solar_lifetime: 20
  carbon_price: 1.0
timeseries_values:
  load_level: 276037.46676088165
  wind_year: 2017
  solar_year: 2011
  price_year: 2023
  carbon_year: 2023
storage_values:
  CAES:
    cost: 45.8917
    lifetime: 24.6525
    annual_cost: 1.8615434540107494
    efficiency: 0.559366
    discharge_ratio: 0.1
    depth_of_discharge: 0.4
  Li-ion:
    cost: 136.49
    lifetime: 15.6307
    annual_cost: 8.732174502741401
    efficiency: 0.973562
    discharge_ratio: 2
    depth_of_discharge: 0.9
  Pb-acid:
    cost: 190.628
    lifetime: 9.11044
    annual_cost: 20.92412660639881
    efficiency: 0.707625
    discharge_ratio: 5
    depth_of_discharge: 0.5
  VRBF:
    cost: 314.131
    lifetime: 16.0527
    annual_cost: 19.568732985728253
    efficiency: 0.721367
    discharge_ratio: 0.5
    depth_of_discharge: 1.0
