cost_values:
  wind_capex: 5000.0
  wind_opex: 100
  wind_lifetime: 20
  solar_capex: 1000.0
  solar_opex: 10
  solar_lifetime: 20
  carbon_price: 1.0
timeseries_values:
  load_level: 276037.46676088165
  wind_year: 2017
  solar_year: 2011
  price_year: 2023
  carbon_year: 2023
storage_values:
  CAES:
    cost: 44.102
    lifetime: 24.0022
    annual_cost: 1.8374149036338336
    efficiency: 0.56688
    discharge_ratio: 0.1
    depth_of_discharge: 0.4
  Li-ion:
    cost: 154.331
    lifetime: 16.0632
    annual_cost: 9.607736939090593
    efficiency: 0.97643
    discharge_ratio: 2
    depth_of_discharge: 0.9
  Pb-acid:
    cost: 193.22
    lifetime: 9.2449
    annual_cost: 20.900171986717
    efficiency: 0.710339
    discharge_ratio: 5
    depth_of_discharge: 0.5
  VRBF:
    cost: 298.28
    lifetime: 17.836
    annual_cost: 16.72348060103162
    efficiency: 0.715695
    discharge_ratio: 0.5
    depth_of_discharge: 1.0
