cost_values:
  wind_capex: 5000.0
  wind_opex: 100
  wind_lifetime: 20
  solar_capex: 1000.0
  solar_opex: 10
  solar_lifetime: 20
  carbon_price: 1.0
timeseries_values:
  load_level: 276037.46676088165
  wind_year: 2017
  solar_year: 2011
  price_year: 2023
  carbon_year: 2023
storage_values:
  CAES:
    cost: 44.8165
    lifetime: 24.3319
    annual_cost: 1.8418824670494287
    efficiency: 0.557473
    discharge_ratio: 0.1
    depth_of_discharge: 0.4
  Li-ion:
    cost: 149.475
    lifetime: 16.9209
    annual_cost: 8.833749977838059
    efficiency: 0.975318
    discharge_ratio: 2
    depth_of_discharge: 0.9
  Pb-acid:
    cost: 186.872
    lifetime: 11.0213
    annual_cost: 16.955531561612514
    efficiency: 0.69975
    discharge_ratio: 5
    depth_of_discharge: 0.5
  VRBF:
    cost: 318.534
    lifetime: 15.8391
    annual_cost: 20.110612345398412
    efficiency: 0.711357
    discharge_ratio: 0.5
    depth_of_discharge: 1.0
