cost_values:
  wind_capex: 5000.0
  wind_opex: 100
  wind_lifetime: 20
  solar_capex: 1000.0
  solar_opex: 10
  solar_lifetime: 20
  carbon_price: 1.0
timeseries_values:
  load_level: 276037.46676088165
  wind_year: 2017
  solar_year: 2011
  price_year: 2023
  carbon_year: 2023
storage_values:
  CAES:
    cost: 47.4253
    lifetime: 24.2527
    annual_cost: 1.9554647523780857
    efficiency: 0.562
    discharge_ratio: 0.1
    depth_of_discharge: 0.4
  Li-ion:
    cost: 156.421
    lifetime: 14.4876
    annual_cost: 10.796888373505618
    efficiency: 0.969942
    discharge_ratio: 2
    depth_of_discharge: 0.9
  Pb-acid:
    cost: 199.707
    lifetime: 10.0526
    annual_cost: 19.866203768179375
    efficiency: 0.689636
    discharge_ratio: 5
    depth_of_discharge: 0.5
  VRBF:
    cost: 285.815
    lifetime: 16.2613
    annual_cost: 17.57639303130746
    efficiency: 0.738615
    discharge_ratio: 0.5
    depth_of_discharge: 1.0
