cost_values:
  wind_capex: 5000.0
  wind_opex: 100
  wind_lifetime: 20
  solar_capex: 1000.0
  solar_opex: 10
  solar_lifetime: 20
  carbon_price: 1.0
timeseries_values:
  load_level: 276037.46676088165
  wind_year: 2017
  solar_year: 2011
  price_year: 2023
  carbon_year: 2023
storage_values:
  CAES:
    cost: 40.7276
    lifetime: 25.008
    annual_cost: 1.6285828534868843
    efficiency: 0.555103
    discharge_ratio: 0.1
    depth_of_discharge: 0.4
  Li-ion:
    cost: 163.788
    lifetime: 16.4227
    annual_cost: 9.973268707338015
    efficiency: 0.978154
    discharge_ratio: 2
    depth_of_discharge: 0.9
  Pb-acid:
    cost: 172.489
    lifetime: 9.55782
    annual_cost: 18.04689772353947
    efficiency: 0.693101
    discharge_ratio: 5
    depth_of_discharge: 0.5
  VRBF:
    cost: 300.25
    lifetime: 16.673
    annual_cost: 18.00815690037786
    efficiency: 0.732497
    discharge_ratio: 0.5
    depth_of_discharge: 1.0
