cost_values:
  wind_capex: 5000.0
  wind_opex: 100
  wind_lifetime: 20
  solar_capex: 1000.0
  solar_opex: 10
  solar_lifetime: 20
  carbon_price: 1.0
timeseries_values:
  load_level: 276037.46676088165
  wind_year: 2017
  solar_year: 2011
  price_year: 2023
  carbon_year: 2023
storage_values:
  CAES:
    cost: 45.008
    lifetime: 25.22
    annual_cost: 1.7846153846153847
    efficiency: 0.55389
    discharge_ratio: 0.1
    depth_of_discharge: 0.4
  Li-ion:
    cost: 150.413
    lifetime: 16.9284
    annual_cost: 8.88524609531911
    efficiency: 0.984301
    discharge_ratio: 2
    depth_of_discharge: 0.9
  Pb-acid:
    cost: 182.304
    lifetime: 8.42106
    annual_cost: 21.648581057491572
    efficiency: 0.717087
    discharge_ratio: 5
    depth_of_discharge: 0.5
  VRBF:
    cost: 300.332
    lifetime: 16.0703
    annual_cost: 18.68863680205099
    efficiency: 0.733852
    discharge_ratio: 0.5
    depth_of_discharge: 1.0
