cost_values:
  wind_capex: 5000.0
  wind_opex: 100
  wind_lifetime: 20
  solar_capex: 1000.0
  solar_opex: 10
  solar_lifetime: 20
  carbon_price: 1.0
timeseries_values:
  load_level: 276037.46676088165
  wind_year: 2017
  solar_year: 2011
  price_year: 2023
  carbon_year: 2023
storage_values:
  CAES:
    cost: 39.6125
    lifetime: 25.1206
    annual_cost: 1.5768930678407362
    efficiency: 0.56205
    discharge_ratio: 0.1
    depth_of_discharge: 0.4
  Li-ion:
    cost: 147.606
    lifetime: 17.4326
    annual_cost: 8.467239539712951
    efficiency: 0.967155
    discharge_ratio: 2
    depth_of_discharge: 0.9
  Pb-acid:
    cost: 176.435
    lifetime: 8.2338
    annual_cost: 21.428137676407005
    efficiency: 0.698498
    discharge_ratio: 5
    depth_of_discharge: 0.5
  VRBF:
    cost: 321.803
    lifetime: 15.128
    annual_cost: 21.272012162876784
    efficiency: 0.71011
    discharge_ratio: 0.5
    depth_of_discharge: 1.0
