cost_values:
  wind_capex: 5000.0
  wind_opex: 100
  wind_lifetime: 20
  solar_capex: 1000.0
  solar_opex: 10
  solar_lifetime: 20
  carbon_price: 1.0
timeseries_values:
  load_level: 276037.46676088165
  wind_year: 2017
  solar_year: 2011
  price_year: 2023
  carbon_year: 2023
storage_values:
  CAES:
    cost: 39.4612
    lifetime: 24.7052
    annual_cost: 1.5972831630587891
    efficiency: 0.572244
    discharge_ratio: 0.1
    depth_of_discharge: 0.4
  Li-ion:
    cost: 155.716
    lifetime: 17.6193
    annual_cost: 8.8378085394993
    efficiency: 0.964498
    discharge_ratio: 2
    depth_of_discharge: 0.9
  Pb-acid:
    cost: 189.933
    lifetime: 7.71355
    annual_cost: 24.623292776996326
    efficiency: 0.706338
    discharge_ratio: 5
    depth_of_discharge: 0.5
  VRBF:
    cost: 312.198
    lifetime: 15.5334
    annual_cost: 20.098497431341496
    efficiency: 0.72013
    discharge_ratio: 0.5
    depth_of_discharge: 1.0
