cost_values:
  wind_capex: 5000.0
  wind_opex: 100
  wind_lifetime: 20
  solar_capex: 1000.0
  solar_opex: 10
  solar_lifetime: 20
  carbon_price: 1.0
timeseries_values:
  load_level: 276037.46676088165
  wind_year: 2017
  solar_year: 2011
  price_year: 2023
  carbon_year: 2023
storage_values:
  CAES:
    cost: 39.0433
    lifetime: 23.635
    annual_cost: 1.6519272265707636
    efficiency: 0.567156
    discharge_ratio: 0.1
    depth_of_discharge: 0.4
  Li-ion:
    cost: 148.285
    lifetime: 18.7161
    annual_cost: 7.922857860344836
    efficiency: 0.97808
    discharge_ratio: 2
    depth_of_discharge: 0.9
  Pb-acid:
    cost: 176.581
    lifetime: 8.55946
    annual_cost: 20.629922915697954
    efficiency: 0.711288
    discharge_ratio: 5
    depth_of_discharge: 0.5
  VRBF:
    cost: 285.344
    lifetime: 16.7508
    annual_cost: 17.03464909138668
    efficiency: 0.744691
    discharge_ratio: 0.5
    depth_of_discharge: 1.0
