cost_values:
  wind_capex: 5000.0
  wind_opex: 100
  wind_lifetime: 20
  solar_capex: 1000.0
  solar_opex: 10
  solar_lifetime: 20
  carbon_price: 1.0
timeseries_values:
  load_level: 276037.46676088165
  wind_year: 2017
  solar_year: 2011
  price_year: 2023
  carbon_year: 2023
storage_values:
  CAES:
    cost: 48.0782
    lifetime: 24.7695
    annual_cost: 1.9410242435253033
    efficiency: 0.564316
    discharge_ratio: 0.1
    depth_of_discharge: 0.4
  Li-ion:
    cost: 156.218
    lifetime: 16.7762
    annual_cost: 9.311882309462215
    efficiency: 0.95902
    discharge_ratio: 2
    depth_of_discharge: 0.9
  Pb-acid:
    cost: 202.905
    lifetime: 11.421
    annual_cost: 17.76595744680851
    efficiency: 0.695342
    discharge_ratio: 5
    depth_of_discharge: 0.5
  VRBF:
    cost: 296.121
    lifetime: 13.4288
    annual_cost: 22.05118849040867
    efficiency: 0.719044
    discharge_ratio: 0.5
    depth_of_discharge: 1.0
