cost_values:
  wind_capex: 5000.0
  wind_opex: 100
  wind_lifetime: 20
  solar_capex: 1000.0
  solar_opex: 10
  solar_lifetime: 20
  carbon_price: 1.0
timeseries_values:
  load_level: 276037.46676088165
  wind_year: 2017
  solar_year: 2011
  price_year: 2023
  carbon_year: 2023
storage_values:
  CAES:
    cost: 49.0263
    lifetime: 24.433
    annual_cost: 2.006560798919494
    efficiency: 0.560493
    discharge_ratio: 0.1
    depth_of_discharge: 0.4
  Li-ion:
    cost: 181.955
    lifetime: 15.5991
    annual_cost: 11.66445500060901
    efficiency: 0.967669
    discharge_ratio: 2
    depth_of_discharge: 0.9
  Pb-acid:
    cost: 168.975
    lifetime: 11.7033
    annual_cost: 14.438235369511162
    efficiency: 0.70544
    discharge_ratio: 5
    depth_of_discharge: 0.5
  VRBF:
    cost: 317.902
    lifetime: 13.6826
    annual_cost: 23.234034467133437
    efficiency: 0.736257
    discharge_ratio: 0.5
    depth_of_discharge: 1.0
