cost_values:
  wind_capex: 5000.0
  wind_opex: 100
  wind_lifetime: 20
  solar_capex: 1000.0
  solar_opex: 10
  solar_lifetime: 20
  carbon_price: 1.0
timeseries_values:
  load_level: 276037.46676088165
  wind_year: 2017
  solar_year: 2011
  price_year: 2023
  carbon_year: 2023
storage_values:
  CAES:
    cost: 41.1539
    lifetime: 23.616
    annual_cost: 1.7426278794037942
    efficiency: 0.56126
    discharge_ratio: 0.1
    depth_of_discharge: 0.4
  Li-ion:
    cost: 153.534
    lifetime: 17.2467
    annual_cost: 8.902224773434916
    efficiency: 0.973072
    discharge_ratio: 2
    depth_of_discharge: 0.9
  Pb-acid:
    cost: 181.102
    lifetime: 9.58501
    annual_cost: 18.89429431998506
    efficiency: 0.702997
    discharge_ratio: 5
    depth_of_discharge: 0.5
  VRBF:
    cost: 322.833
    lifetime: 15.1339
    annual_cost: 21.331778325481206
    efficiency: 0.732211
    discharge_ratio: 0.5
    depth_of_discharge: 1.0
