cost_values:
  wind_capex: 5000.0
  wind_opex: 100
  wind_lifetime: 20
  solar_capex: 1000.0
  solar_opex: 10
  solar_lifetime: 20
  carbon_price: 1.0
timeseries_values:
  load_level: 276037.46676088165
  wind_year: 2017
  solar_year: 2011
  price_year: 2023
  carbon_year: 2023
storage_values:
  CAES:
    cost: 45.7038
    lifetime: 23.6686
    annual_cost: 1.9309887361314146
    efficiency: 0.562754
    discharge_ratio: 0.1
    depth_of_discharge: 0.4
  Li-ion:
    cost: 148.053
    lifetime: 14.3104
    annual_cost: 10.345832401610018
    efficiency: 0.979
    discharge_ratio: 2
    depth_of_discharge: 0.9
  Pb-acid:
    cost: 200.653
    lifetime: 8.99107
    annual_cost: 22.316921122847447
    efficiency: 0.694966
    discharge_ratio: 5
    depth_of_discharge: 0.5
  VRBF:
    cost: 326.507
    lifetime: 14.9958
    annual_cost: 21.773229837687886
    efficiency: 0.732983
    discharge_ratio: 0.5
    depth_of_discharge: 1.0
