cost_values:
  wind_capex: 5000.0
  wind_opex: 100
  wind_lifetime: 20
  solar_capex: 1000.0
  solar_opex: 10
  solar_lifetime: 20
  carbon_price: 1.0
timeseries_values:
  load_level: 276037.46676088165
  wind_year: 2017
  solar_year: 2011
  price_year: 2023
  carbon_year: 2023
storage_values:
  CAES:
    cost: 44.7918
    lifetime: 24.1988
    annual_cost: 1.8509926112038615
    efficiency: 0.569571
    discharge_ratio: 0.1
    depth_of_discharge: 0.4
  Li-ion:
    cost: 160.289
    lifetime: 17.5376
    annual_cost: 9.139734057111577
    efficiency: 0.972887
    discharge_ratio: 2
    depth_of_discharge: 0.9
  Pb-acid:
    cost: 180.74
    lifetime: 9.40525
    annual_cost: 19.21692671646155
    efficiency: 0.706683
    discharge_ratio: 5
    depth_of_discharge: 0.5
  VRBF:
    cost: 328.014
    lifetime: 15.2211
    annual_cost: 21.549953682716755
    efficiency: 0.739781
    discharge_ratio: 0.5
    depth_of_discharge: 1.0
