cost_values:
  wind_capex: 5000.0
  wind_opex: 100
  wind_lifetime: 20
  solar_capex: 1000.0
  solar_opex: 10
  solar_lifetime: 20
  carbon_price: 1.0
timeseries_values:
  load_level: 276037.46676088165
  wind_year: 2017
  solar_year: 2011
  price_year: 2023
  carbon_year: 2023
storage_values:
  CAES:
    cost: 44.5873
    lifetime: 24.9838
    annual_cost: 1.7846484521970238
    efficiency: 0.55214
    discharge_ratio: 0.1
    depth_of_discharge: 0.4
  Li-ion:
    cost: 154.873
    lifetime: 16.7118
    annual_cost: 9.26728419440156
    efficiency: 0.971146
    discharge_ratio: 2
    depth_of_discharge: 0.9
  Pb-acid:
    cost: 192.482
    lifetime: 8.95773
    annual_cost: 21.48780996971331
    efficiency: 0.711635
    discharge_ratio: 5
    depth_of_discharge: 0.5
  VRBF:
    cost: 308.038
    lifetime: 15.5379
    annual_cost: 19.824944168774415
    efficiency: 0.710439
    discharge_ratio: 0.5
    depth_of_discharge: 1.0
