cost_values:
  wind_capex: 5000.0
  wind_opex: 100
  wind_lifetime: 20
  solar_capex: 1000.0
  solar_opex: 10
  solar_lifetime: 20
  carbon_price: 1.0
timeseries_values:
  load_level: 276037.46676088165
  wind_year: 2017
  solar_year: 2011
  price_year: 2023
  carbon_year: 2023
storage_values:
  CAES:
    cost: 50.0153
    lifetime: 24.979
    annual_cost: 2.002293926898595
    efficiency: 0.556743
    discharge_ratio: 0.1
    depth_of_discharge: 0.4
  Li-ion:
    cost: 169.311
    lifetime: 17.3819
    annual_cost: 9.740649756355749
    efficiency: 0.972781
    discharge_ratio: 2
    depth_of_discharge: 0.9
  Pb-acid:
    cost: 217.114
    lifetime: 8.48093
    annual_cost: 25.600258462220534
    efficiency: 0.716448
    discharge_ratio: 5
    depth_of_discharge: 0.5
  VRBF:
    cost: 318.952
    lifetime: 12.4587
    annual_cost: 25.60074486102081
    efficiency: 0.699525
    discharge_ratio: 0.5
    depth_of_discharge: 1.0
