cost_values:
  wind_capex: 5000.0
  wind_opex: 100
  wind_lifetime: 20
  solar_capex: 1000.0
  solar_opex: 10
  solar_lifetime: 20
  carbon_price: 1.0
timeseries_values:
  load_level: 276037.46676088165
  wind_year: 2017
  solar_year: 2011
  price_year: 2023
  carbon_year: 2023
storage_values:
  CAES:
    cost: 43.694
    lifetime: 24.9369
    annual_cost: 1.7521825086518372
    efficiency: 0.561126
    discharge_ratio: 0.1
    depth_of_discharge: 0.4
  Li-ion:
    cost: 157.666
    lifetime: 16.0801
    annual_cost: 9.805038525879812
    efficiency: 0.976011
    discharge_ratio: 2
    depth_of_discharge: 0.9
  Pb-acid:
    cost: 184.255
    lifetime: 9.9329
    annual_cost: 18.549970300717817
    efficiency: 0.708138
    discharge_ratio: 5
    depth_of_discharge: 0.5
  VRBF:
    cost: 299.049
    lifetime: 15.3658
    annual_cost: 19.46198701011337
    efficiency: 0.698665
    discharge_ratio: 0.5
    depth_of_discharge: 1.0
