cost_values:
  wind_capex: 5000.0
  wind_opex: 100
  wind_lifetime: 20
  solar_capex: 1000.0
  solar_opex: 10
  solar_lifetime: 20
  carbon_price: 1.0
timeseries_values:
  load_level: 280922.851210587
  wind_year: 2014
  solar_year: 2013
  price_year: 2023
  carbon_year: 2023
storage_values:
  CAES:
    cost: 30.6412
    lifetime: 26.3406
    annual_cost: 1.163268870109261
    efficiency: 0.58175
    discharge_ratio: 0.1
    depth_of_discharge: 0.4
  Li-ion:
    cost: 128.327
    lifetime: 26.2322
    annual_cost: 4.891964837108592
    efficiency: 0.918167
    discharge_ratio: 2
    depth_of_discharge: 0.9
  Pb-acid:
    cost: 156.38
    lifetime: 11.7044
    annual_cost: 13.360787396192885
    efficiency: 0.770313
    discharge_ratio: 5
    depth_of_discharge: 0.5
  VRBF:
    cost: 163.575
    lifetime: 27.8955
    annual_cost: 5.8638490079045
    efficiency: 0.787205
    discharge_ratio: 0.5
    depth_of_discharge: 1.0
