cost_values:
  wind_capex: 5000.0
  wind_opex: 100
  wind_lifetime: 20
  solar_capex: 1000.0
  solar_opex: 10
  solar_lifetime: 20
  carbon_price: 1.0
timeseries_values:
  load_level: 280922.851210587
  wind_year: 2014
  solar_year: 2013
  price_year: 2023
  carbon_year: 2023
storage_values:
  CAES:
    cost: 33.4621
    lifetime: 25.3133
    annual_cost: 1.321917727044676
    efficiency: 0.579223
    discharge_ratio: 0.1
    depth_of_discharge: 0.4
  Li-ion:
    cost: 146.923
    lifetime: 26.798
    annual_cost: 5.482610642585268
    efficiency: 0.914758
    discharge_ratio: 2
    depth_of_discharge: 0.9
  Pb-acid:
    cost: 150.412
    lifetime: 12.0056
    annual_cost: 12.528486706203772
    efficiency: 0.759426
    discharge_ratio: 5
    depth_of_discharge: 0.5
  VRBF:
    cost: 174.394
    lifetime: 25.54
    annual_cost: 6.828269381362569
    efficiency: 0.782874
    discharge_ratio: 0.5
    depth_of_discharge: 1.0
