cost_values:
  wind_capex: 5000.0
  wind_opex: 100
  wind_lifetime: 20
  solar_capex: 1000.0
  solar_opex: 10
  solar_lifetime: 20
  carbon_price: 1.0
timeseries_values:
  load_level: 280922.851210587
  wind_year: 2014
  solar_year: 2013
  price_year: 2023
  carbon_year: 2023
storage_values:
  CAES:
    cost: 37.708
    lifetime: 27.1087
    annual_cost: 1.3909925595841925
    efficiency: 0.584928
    discharge_ratio: 0.1
    depth_of_discharge: 0.4
  Li-ion:
    cost: 141.95
    lifetime: 25.9204
    annual_cost: 5.476381537321954
    efficiency: 0.918477
    discharge_ratio: 2
    depth_of_discharge: 0.9
  Pb-acid:
    cost: 159.811
    lifetime: 12.3383
    annual_cost: 12.952432669006265
    efficiency: 0.763912
    discharge_ratio: 5
    depth_of_discharge: 0.5
  VRBF:
    cost: 164.266
    lifetime: 25.7482
    annual_cost: 6.379708096099921
    efficiency: 0.782806
    discharge_ratio: 0.5
    depth_of_discharge: 1.0
