cost_values:
  wind_capex: 5000.0
  wind_opex: 100
  wind_lifetime: 20
  solar_capex: 1000.0
  solar_opex: 10
  solar_lifetime: 20
  carbon_price: 1.0
timeseries_values:
  load_level: 280922.851210587
  wind_year: 2014
  solar_year: 2013
  price_year: 2023
  carbon_year: 2023
storage_values:
  CAES:
    cost: 37.0522
    lifetime: 25.9627
    annual_cost: 1.4271320009089963
    efficiency: 0.583594
    discharge_ratio: 0.1
    depth_of_discharge: 0.4
  Li-ion:
    cost: 144.181
    lifetime: 24.6952
    annual_cost: 5.838422041530339
    efficiency: 0.923311
    discharge_ratio: 2
    depth_of_discharge: 0.9
  Pb-acid:
    cost: 191.071
    lifetime: 12.7618
    annual_cost: 14.972104248616967
    efficiency: 0.761684
    discharge_ratio: 5
    depth_of_discharge: 0.5
  VRBF:
    cost: 196.646
    lifetime: 27.1471
    annual_cost: 7.2437203237178185
    efficiency: 0.78461
    discharge_ratio: 0.5
    depth_of_discharge: 1.0
