cost_values:
  wind_capex: 5000.0
  wind_opex: 100
  wind_lifetime: 20
  solar_capex: 1000.0
  solar_opex: 10
  solar_lifetime: 20
  carbon_price: 1.0
timeseries_values:
  load_level: 280922.851210587
  wind_year: 2014
  solar_year: 2013
  price_year: 2023
  carbon_year: 2023
storage_values:
  CAES:
    cost: 36.6442
    lifetime: 25.7953
    annual_cost: 1.4205766166704785
    efficiency: 0.5737
    discharge_ratio: 0.1
    depth_of_discharge: 0.4
  Li-ion:
    cost: 143.651
    lifetime: 24.2371
    annual_cost: 5.926905446608711
    efficiency: 0.912509
    discharge_ratio: 2
    depth_of_discharge: 0.9
  Pb-acid:
    cost: 182.135
    lifetime: 13.0594
    annual_cost: 13.94665911144463
    efficiency: 0.769233
    discharge_ratio: 5
    depth_of_discharge: 0.5
  VRBF:
    cost: 136.766
    lifetime: 26.4213
    annual_cost: 5.176353926566823
    efficiency: 0.769844
    discharge_ratio: 0.5
    depth_of_discharge: 1.0
