cost_values:
  wind_capex: 5000.0
  wind_opex: 100
  wind_lifetime: 20
  solar_capex: 1000.0
  solar_opex: 10
  solar_lifetime: 20
  carbon_price: 1.0
timeseries_values:
  load_level: 280922.851210587
  wind_year: 2014
  solar_year: 2013
  price_year: 2023
  carbon_year: 2023
storage_values:
  CAES:
    cost: 33.0662
    lifetime: 27.5751
    annual_cost: 1.199132550743243
    efficiency: 0.584076
    discharge_ratio: 0.1
    depth_of_discharge: 0.4
  Li-ion:
    cost: 138.519
    lifetime: 25.929
    annual_cost: 5.342242276987157
    efficiency: 0.913617
    discharge_ratio: 2
    depth_of_discharge: 0.9
  Pb-acid:
    cost: 183.404
    lifetime: 12.4605
    annual_cost: 14.718831507563902
    efficiency: 0.757681
    discharge_ratio: 5
    depth_of_discharge: 0.5
  VRBF:
    cost: 176.684
    lifetime: 26.5331
    annual_cost: 6.6590032826921846
    efficiency: 0.771618
    discharge_ratio: 0.5
    depth_of_discharge: 1.0
