cost_values:
  wind_capex: 5000.0
  wind_opex: 100
  wind_lifetime: 20
  solar_capex: 1000.0
  solar_opex: 10
  solar_lifetime: 20
  carbon_price: 1.0
timeseries_values:
  load_level: 280922.851210587
  wind_year: 2014
  solar_year: 2013
  price_year: 2023
  carbon_year: 2023
storage_values:
  CAES:
    cost: 45.395
    lifetime: 25.9225
    annual_cost: 1.7511814061143796
    efficiency: 0.583107
    discharge_ratio: 0.1
    depth_of_discharge: 0.4
  Li-ion:
    cost: 141.952
    lifetime: 24.5237
    annual_cost: 5.7883598315099265
    efficiency: 0.907862
    discharge_ratio: 2
    depth_of_discharge: 0.9
  Pb-acid:
    cost: 174.507
    lifetime: 12.9941
    annual_cost: 13.429710407030884
    efficiency: 0.7605
    discharge_ratio: 5
    depth_of_discharge: 0.5
  VRBF:
    cost: 153.148
    lifetime: 26.6519
    annual_cost: 5.746231975956686
    efficiency: 0.808667
    discharge_ratio: 0.5
    depth_of_discharge: 1.0
