cost_values:
  wind_capex: 5000.0
  wind_opex: 100
  wind_lifetime: 20
  solar_capex: 1000.0
  solar_opex: 10
  solar_lifetime: 20
  carbon_price: 1.0
timeseries_values:
  load_level: 280922.851210587
  wind_year: 2014
  solar_year: 2013
  price_year: 2023
  carbon_year: 2023
storage_values:
  CAES:
    cost: 37.7574
    lifetime: 27.4043
    annual_cost: 1.377791076582872
    efficiency: 0.584022
    discharge_ratio: 0.1
    depth_of_discharge: 0.4
  Li-ion:
    cost: 130.394
    lifetime: 26.5459
    annual_cost: 4.9120203119879156
    efficiency: 0.907736
    discharge_ratio: 2
    depth_of_discharge: 0.9
  Pb-acid:
    cost: 170.804
    lifetime: 11.0731
    annual_cost: 15.425129367566445
    efficiency: 0.754773
    discharge_ratio: 5
    depth_of_discharge: 0.5
  VRBF:
    cost: 186.903
    lifetime: 27.8677
    annual_cost: 6.706796757536503
    efficiency: 0.78032
    discharge_ratio: 0.5
    depth_of_discharge: 1.0
