cost_values:
  wind_capex: 5000.0
  wind_opex: 100
  wind_lifetime: 20
  solar_capex: 1000.0
  solar_opex: 10
  solar_lifetime: 20
  carbon_price: 1.0
timeseries_values:
  load_level: 280922.851210587
  wind_year: 2014
  solar_year: 2013
  price_year: 2023
  carbon_year: 2023
storage_values:
  CAES:
    cost: 35.7474
    lifetime: 26.8408
    annual_cost: 1.3318306458823879
    efficiency: 0.58708
    discharge_ratio: 0.1
    depth_of_discharge: 0.4
  Li-ion:
    cost: 126.468
    lifetime: 25.2749
    annual_cost: 5.003699322252512
    efficiency: 0.919634
    discharge_ratio: 2
    depth_of_discharge: 0.9
  Pb-acid:
    cost: 155.158
    lifetime: 14.3518
    annual_cost: 10.811048091528587
    efficiency: 0.766007
    discharge_ratio: 5
    depth_of_discharge: 0.5
  VRBF:
    cost: 209.537
    lifetime: 25.252
    annual_cost: 8.297837795026137
    efficiency: 0.773236
    discharge_ratio: 0.5
    depth_of_discharge: 1.0
