cost_values:
  wind_capex: 5000.0
  wind_opex: 100
  wind_lifetime: 20
  solar_capex: 1000.0
  solar_opex: 10
  solar_lifetime: 20
  carbon_price: 1.0
timeseries_values:
  load_level: 280922.851210587
  wind_year: 2014
  solar_year: 2013
  price_year: 2023
  carbon_year: 2023
storage_values:
  CAES:
    cost: 39.7262
    lifetime: 26.2194
    annual_cost: 1.51514527411001
    efficiency: 0.579696
    discharge_ratio: 0.1
    depth_of_discharge: 0.4
  Li-ion:
    cost: 126.542
    lifetime: 26.6176
    annual_cost: 4.7540724933878336
    efficiency: 0.908072
    discharge_ratio: 2
    depth_of_discharge: 0.9
  Pb-acid:
    cost: 185.456
    lifetime: 12.7124
    annual_cost: 14.58859066737988
    efficiency: 0.756451
    discharge_ratio: 5
    depth_of_discharge: 0.5
  VRBF:
    cost: 169.205
    lifetime: 27.7049
    annual_cost: 6.107403383516996
    efficiency: 0.779588
    discharge_ratio: 0.5
    depth_of_discharge: 1.0
