cost_values:
  wind_capex: 5000.0
  wind_opex: 100
  wind_lifetime: 20
  solar_capex: 1000.0
  solar_opex: 10
  solar_lifetime: 20
  carbon_price: 1.0
timeseries_values:
  load_level: 280922.851210587
  wind_year: 2014
  solar_year: 2013
  price_year: 2023
  carbon_year: 2023
storage_values:
  CAES:
    cost: 35.3566
    lifetime: 27.9676
    annual_cost: 1.264198572634048
    efficiency: 0.58814
    discharge_ratio: 0.1
    depth_of_discharge: 0.4
  Li-ion:
    cost: 167.901
    lifetime: 24.6199
    annual_cost: 6.819727131304352
    efficiency: 0.905382
    discharge_ratio: 2
    depth_of_discharge: 0.9
  Pb-acid:
    cost: 179.419
    lifetime: 11.3206
    annual_cost: 15.848894934897444
    efficiency: 0.748498
    discharge_ratio: 5
    depth_of_discharge: 0.5
  VRBF:
    cost: 165.477
    lifetime: 25.5808
    annual_cost: 6.468796910182637
    efficiency: 0.746515
    discharge_ratio: 0.5
    depth_of_discharge: 1.0
