cost_values:
  wind_capex: 5000.0
  wind_opex: 100
  wind_lifetime: 20
  solar_capex: 1000.0
  solar_opex: 10
  solar_lifetime: 20
  carbon_price: 1.0
timeseries_values:
  load_level: 280922.851210587
  wind_year: 2014
  solar_year: 2013
  price_year: 2023
  carbon_year: 2023
storage_values:
  CAES:
    cost: 44.3669
    lifetime: 27.3547
    annual_cost: 1.6219114082771882
    efficiency: 0.591852
    discharge_ratio: 0.1
    depth_of_discharge: 0.4
  Li-ion:
    cost: 144.381
    lifetime: 24.1777
    annual_cost: 5.971659835302779
    efficiency: 0.905958
    discharge_ratio: 2
    depth_of_discharge: 0.9
  Pb-acid:
    cost: 191.345
    lifetime: 12.6662
    annual_cost: 15.10674077466012
    efficiency: 0.766603
    discharge_ratio: 5
    depth_of_discharge: 0.5
  VRBF:
    cost: 168.662
    lifetime: 24.8645
    annual_cost: 6.783245188923968
    efficiency: 0.783344
    discharge_ratio: 0.5
    depth_of_discharge: 1.0
