cost_values:
  wind_capex: 5000.0
  wind_opex: 100
  wind_lifetime: 20
  solar_capex: 1000.0
  solar_opex: 10
  solar_lifetime: 20
  carbon_price: 1.0
timeseries_values:
  load_level: 280922.851210587
  wind_year: 2014
  solar_year: 2013
  price_year: 2023
  carbon_year: 2023
storage_values:
  CAES:
    cost: 48.2231
    lifetime: 27.0802
    annual_cost: 1.780751249990768
    efficiency: 0.583502
    discharge_ratio: 0.1
    depth_of_discharge: 0.4
  Li-ion:
    cost: 151.702
    lifetime: 25.6677
    annual_cost: 5.910229588159438
    efficiency: 0.92465
    discharge_ratio: 2
    depth_of_discharge: 0.9
  Pb-acid:
    cost: 193.086
    lifetime: 10.5342
    annual_cost: 18.32944124850487
    efficiency: 0.770179
    discharge_ratio: 5
    depth_of_discharge: 0.5
  VRBF:
    cost: 164.119
    lifetime: 28.314
    annual_cost: 5.79639047820866
    efficiency: 0.767784
    discharge_ratio: 0.5
    depth_of_discharge: 1.0
