cost_values:
  wind_capex: 5000.0
  wind_opex: 100
  wind_lifetime: 20
  solar_capex: 1000.0
  solar_opex: 10
  solar_lifetime: 20
  carbon_price: 1.0
timeseries_values:
  load_level: 280922.851210587
  wind_year: 2014
  solar_year: 2013
  price_year: 2023
  carbon_year: 2023
storage_values:
  CAES:
    cost: 36.6777
    lifetime: 26.9426
    annual_cost: 1.3613274145776577
    efficiency: 0.582876
    discharge_ratio: 0.1
    depth_of_discharge: 0.4
  Li-ion:
    cost: 126.709
    lifetime: 26.7761
    annual_cost: 4.732167866119413
    efficiency: 0.911913
    discharge_ratio: 2
    depth_of_discharge: 0.9
  Pb-acid:
    cost: 163.364
    lifetime: 10.3247
    annual_cost: 15.822638914447879
    efficiency: 0.784206
    discharge_ratio: 5
    depth_of_discharge: 0.5
  VRBF:
    cost: 173.925
    lifetime: 25.4046
    annual_cost: 6.846201081693867
    efficiency: 0.801514
    discharge_ratio: 0.5
    depth_of_discharge: 1.0
