cost_values:
  wind_capex: 5000.0
  wind_opex: 100
  wind_lifetime: 20
  solar_capex: 1000.0
  solar_opex: 10
  solar_lifetime: 20
  carbon_price: 1.0
timeseries_values:
  load_level: 280922.851210587
  wind_year: 2014
  solar_year: 2013
  price_year: 2023
  carbon_year: 2023
storage_values:
  CAES:
    cost: 40.1622
    lifetime: 26.5927
    annual_cost: 1.5102716158945875
    efficiency: 0.582656
    discharge_ratio: 0.1
    depth_of_discharge: 0.4
  Li-ion:
    cost: 134.998
    lifetime: 28.002
    annual_cost: 4.821012784801085
    efficiency: 0.930214
    discharge_ratio: 2
    depth_of_discharge: 0.9
  Pb-acid:
    cost: 170.461
    lifetime: 11.7293
    annual_cost: 14.532921828242095
    efficiency: 0.767124
    discharge_ratio: 5
    depth_of_discharge: 0.5
  VRBF:
    cost: 171.093
    lifetime: 26.6922
    annual_cost: 6.409850068559354
    efficiency: 0.755218
    discharge_ratio: 0.5
    depth_of_discharge: 1.0
