cost_values:
  wind_capex: 5000.0
  wind_opex: 100
  wind_lifetime: 20
  solar_capex: 1000.0
  solar_opex: 10
  solar_lifetime: 20
  carbon_price: 1.0
timeseries_values:
  load_level: 280922.851210587
  wind_year: 2014
  solar_year: 2013
  price_year: 2023
  carbon_year: 2023
storage_values:
  CAES:
    cost: 39.7424
    lifetime: 25.2498
    annual_cost: 1.573968902723982
    efficiency: 0.576278
    discharge_ratio: 0.1
    depth_of_discharge: 0.4
  Li-ion:
    cost: 134.838
    lifetime: 22.6376
    annual_cost: 5.956373467151995
    efficiency: 0.908253
    discharge_ratio: 2
    depth_of_discharge: 0.9
  Pb-acid:
    cost: 158.635
    lifetime: 11.8214
    annual_cost: 13.419307357842555
    efficiency: 0.760797
    discharge_ratio: 5
    depth_of_discharge: 0.5
  VRBF:
    cost: 160.146
    lifetime: 26.0415
    annual_cost: 6.149645757732849
    efficiency: 0.781348
    discharge_ratio: 0.5
    depth_of_discharge: 1.0
