cost_values:
  wind_capex: 5000.0
  wind_opex: 100
  wind_lifetime: 20
  solar_capex: 1000.0
  solar_opex: 10
  solar_lifetime: 20
  carbon_price: 1.0
timeseries_values:
  load_level: 280922.851210587
  wind_year: 2014
  solar_year: 2013
  price_year: 2023
  carbon_year: 2023
storage_values:
  CAES:
    cost: 36.7475
    lifetime: 26.0743
    annual_cost: 1.4093379304525913
    efficiency: 0.586343
    discharge_ratio: 0.1
    depth_of_discharge: 0.4
  Li-ion:
    cost: 137.895
    lifetime: 27.494
    annual_cost: 5.01545791809122
    efficiency: 0.914485
    discharge_ratio: 2
    depth_of_discharge: 0.9
  Pb-acid:
    cost: 158.939
    lifetime: 13.0308
    annual_cost: 12.197178991312889
    efficiency: 0.768706
    discharge_ratio: 5
    depth_of_discharge: 0.5
  VRBF:
    cost: 147.333
    lifetime: 25.5418
    annual_cost: 5.76830920295359
    efficiency: 0.761532
    discharge_ratio: 0.5
    depth_of_discharge: 1.0
