cost_values:
  wind_capex: 5000.0
  wind_opex: 100
  wind_lifetime: 20
  solar_capex: 1000.0
  solar_opex: 10
  solar_lifetime: 20
  carbon_price: 1.0
timeseries_values:
  load_level: 280922.851210587
  wind_year: 2014
  solar_year: 2013
  price_year: 2023
  carbon_year: 2023
storage_values:
  CAES:
    cost: 34.9898
    lifetime: 26.5278
    annual_cost: 1.3189861202210513
    efficiency: 0.576504
    discharge_ratio: 0.1
    depth_of_discharge: 0.4
  Li-ion:
    cost: 124.225
    lifetime: 27.2524
    annual_cost: 4.558314130131658
    efficiency: 0.924787
    discharge_ratio: 2
    depth_of_discharge: 0.9
  Pb-acid:
    cost: 173.498
    lifetime: 11.3923
    annual_cost: 15.229409337886114
    efficiency: 0.743526
    discharge_ratio: 5
    depth_of_discharge: 0.5
  VRBF:
    cost: 184.647
    lifetime: 26.2021
    annual_cost: 7.047030581518275
    efficiency: 0.798108
    discharge_ratio: 0.5
    depth_of_discharge: 1.0
