cost_values:
  wind_capex: 5000.0
  wind_opex: 100
  wind_lifetime: 20
  solar_capex: 1000.0
  solar_opex: 10
  solar_lifetime: 20
  carbon_price: 1.0
timeseries_values:
  load_level: 280922.851210587
  wind_year: 2014
  solar_year: 2013
  price_year: 2023
  carbon_year: 2023
storage_values:
  CAES:
    cost: 32.3034
    lifetime: 27.3926
    annual_cost: 1.179274694625556
    efficiency: 0.581075
    discharge_ratio: 0.1
    depth_of_discharge: 0.4
  Li-ion:
    cost: 141.747
    lifetime: 28.8632
    annual_cost: 4.910993929986974
    efficiency: 0.925295
    discharge_ratio: 2
    depth_of_discharge: 0.9
  Pb-acid:
    cost: 174.754
    lifetime: 13.1471
    annual_cost: 13.292208928204698
    efficiency: 0.762269
    discharge_ratio: 5
    depth_of_discharge: 0.5
  VRBF:
    cost: 199.987
    lifetime: 26.6925
    annual_cost: 7.49225437857076
    efficiency: 0.766496
    discharge_ratio: 0.5
    depth_of_discharge: 1.0
