cost_values:
  wind_capex: 5000.0
  wind_opex: 100
  wind_lifetime: 20
  solar_capex: 1000.0
  solar_opex: 10
  solar_lifetime: 20
  carbon_price: 1.0
timeseries_values:
  load_level: 280922.851210587
  wind_year: 2014
  solar_year: 2013
  price_year: 2023
  carbon_year: 2023
storage_values:
  CAES:
    cost: 31.3669
    lifetime: 26.9617
    annual_cost: 1.163387323499631
    efficiency: 0.573644
    discharge_ratio: 0.1
    depth_of_discharge: 0.4
  Li-ion:
    cost: 140.214
    lifetime: 26.3952
    annual_cost: 5.312102200400073
    efficiency: 0.902646
    discharge_ratio: 2
    depth_of_discharge: 0.9
  Pb-acid:
    cost: 170.083
    lifetime: 12.5365
    annual_cost: 13.567024289075897
    efficiency: 0.757555
    discharge_ratio: 5
    depth_of_discharge: 0.5
  VRBF:
    cost: 175.571
    lifetime: 26.6366
    annual_cost: 6.591344240631312
    efficiency: 0.782557
    discharge_ratio: 0.5
    depth_of_discharge: 1.0
