cost_values:
  wind_capex: 5000.0
  wind_opex: 100
  wind_lifetime: 20
  solar_capex: 1000.0
  solar_opex: 10
  solar_lifetime: 20
  carbon_price: 1.0
timeseries_values:
  load_level: 280922.851210587
  wind_year: 2014
  solar_year: 2013
  price_year: 2023
  carbon_year: 2023
storage_values:
  CAES:
    cost: 43.9461
    lifetime: 27.0814
    annual_cost: 1.6227410695163471
    efficiency: 0.576272
    discharge_ratio: 0.1
    depth_of_discharge: 0.4
  Li-ion:
    cost: 158.233
    lifetime: 26.6619
    annual_cost: 5.9347983452042055
    efficiency: 0.917896
    discharge_ratio: 2
    depth_of_discharge: 0.9
  Pb-acid:
    cost: 172.344
    lifetime: 13.0676
    annual_cost: 13.188649790321099
    efficiency: 0.754181
    discharge_ratio: 5
    depth_of_discharge: 0.5
  VRBF:
    cost: 162.808
    lifetime: 25.1479
    annual_cost: 6.474019699458006
    efficiency: 0.80313
    discharge_ratio: 0.5
    depth_of_discharge: 1.0
