cost_values:
  wind_capex: 5000.0
  wind_opex: 100
  wind_lifetime: 20
  solar_capex: 1000.0
  solar_opex: 10
  solar_lifetime: 20
  carbon_price: 1.0
timeseries_values:
  load_level: 280922.851210587
  wind_year: 2014
  solar_year: 2013
  price_year: 2023
  carbon_year: 2023
storage_values:
  CAES:
    cost: 33.3083
    lifetime: 27.3439
    annual_cost: 1.2181254319976302
    efficiency: 0.579132
    discharge_ratio: 0.1
    depth_of_discharge: 0.4
  Li-ion:
    cost: 140.16
    lifetime: 27.0374
    annual_cost: 5.183930407509598
    efficiency: 0.898387
    discharge_ratio: 2
    depth_of_discharge: 0.9
  Pb-acid:
    cost: 171.315
    lifetime: 10.8381
    annual_cost: 15.806737343261272
    efficiency: 0.759025
    discharge_ratio: 5
    depth_of_discharge: 0.5
  VRBF:
    cost: 154.861
    lifetime: 26.2002
    annual_cost: 5.910680071144495
    efficiency: 0.787261
    discharge_ratio: 0.5
    depth_of_discharge: 1.0
