cost_values:
  wind_capex: 5000.0
  wind_opex: 100
  wind_lifetime: 20
  solar_capex: 1000.0
  solar_opex: 10
  solar_lifetime: 20
  carbon_price: 1.0
timeseries_values:
  load_level: 280922.851210587
  wind_year: 2014
  solar_year: 2013
  price_year: 2023
  carbon_year: 2023
storage_values:
  CAES:
    cost: 35.5273
    lifetime: 26.7285
    annual_cost: 1.3291916867762874
    efficiency: 0.584138
    discharge_ratio: 0.1
    depth_of_discharge: 0.4
  Li-ion:
    cost: 157.53
    lifetime: 27.6893
    annual_cost: 5.689201243801757
    efficiency: 0.9072
    discharge_ratio: 2
    depth_of_discharge: 0.9
  Pb-acid:
    cost: 169.55
    lifetime: 13.435
    annual_cost: 12.620022329735765
    efficiency: 0.758494
    discharge_ratio: 5
    depth_of_discharge: 0.5
  VRBF:
    cost: 163.442
    lifetime: 27.7319
    annual_cost: 5.893645945643826
    efficiency: 0.782808
    discharge_ratio: 0.5
    depth_of_discharge: 1.0
