cost_values:
  wind_capex: 5000.0
  wind_opex: 100
  wind_lifetime: 20
  solar_capex: 1000.0
  solar_opex: 10
  solar_lifetime: 20
  carbon_price: 1.0
timeseries_values:
  load_level: 280922.851210587
  wind_year: 2014
  solar_year: 2013
  price_year: 2023
  carbon_year: 2023
storage_values:
  CAES:
    cost: 39.9238
    lifetime: 26.5822
    annual_cost: 1.5018997675135992
    efficiency: 0.578483
    discharge_ratio: 0.1
    depth_of_discharge: 0.4
  Li-ion:
    cost: 135.339
    lifetime: 24.6264
    annual_cost: 5.495687554819218
    efficiency: 0.910227
    discharge_ratio: 2
    depth_of_discharge: 0.9
  Pb-acid:
    cost: 156.932
    lifetime: 12.8826
    annual_cost: 12.181702451368512
    efficiency: 0.773327
    discharge_ratio: 5
    depth_of_discharge: 0.5
  VRBF:
    cost: 167.667
    lifetime: 26.3132
    annual_cost: 6.371973002143411
    efficiency: 0.769719
    discharge_ratio: 0.5
    depth_of_discharge: 1.0
