cost_values:
  wind_capex: 5000.0
  wind_opex: 100
  wind_lifetime: 20
  solar_capex: 1000.0
  solar_opex: 10
  solar_lifetime: 20
  carbon_price: 1.0
timeseries_values:
  load_level: 280922.851210587
  wind_year: 2014
  solar_year: 2013
  price_year: 2023
  carbon_year: 2023
storage_values:
  CAES:
    cost: 43.664
    lifetime: 27.3979
    annual_cost: 1.5936987871333206
    efficiency: 0.580074
    discharge_ratio: 0.1
    depth_of_discharge: 0.4
  Li-ion:
    cost: 131.608
    lifetime: 27.8586
    annual_cost: 4.724142634590396
    efficiency: 0.919621
    discharge_ratio: 2
    depth_of_discharge: 0.9
  Pb-acid:
    cost: 158.829
    lifetime: 13.3689
    annual_cost: 11.880483809438324
    efficiency: 0.761684
    discharge_ratio: 5
    depth_of_discharge: 0.5
  VRBF:
    cost: 165.672
    lifetime: 28.2502
    annual_cost: 5.864454056962429
    efficiency: 0.78148
    discharge_ratio: 0.5
    depth_of_discharge: 1.0
