cost_values:
  wind_capex: 5000.0
  wind_opex: 100
  wind_lifetime: 20
  solar_capex: 1000.0
  solar_opex: 10
  solar_lifetime: 20
  carbon_price: 1.0
timeseries_values:
  load_level: 280922.851210587
  wind_year: 2014
  solar_year: 2013
  price_year: 2023
  carbon_year: 2023
storage_values:
  CAES:
    cost: 37.3449
    lifetime: 26.937
    annual_cost: 1.3863793295467202
    efficiency: 0.567941
    discharge_ratio: 0.1
    depth_of_discharge: 0.4
  Li-ion:
    cost: 124.194
    lifetime: 26.633
    annual_cost: 4.663162242330943
    efficiency: 0.920262
    discharge_ratio: 2
    depth_of_discharge: 0.9
  Pb-acid:
    cost: 174.457
    lifetime: 12.6723
    annual_cost: 13.766798450162954
    efficiency: 0.766323
    discharge_ratio: 5
    depth_of_discharge: 0.5
  VRBF:
    cost: 197.404
    lifetime: 24.9143
    annual_cost: 7.923321144884664
    efficiency: 0.766553
    discharge_ratio: 0.5
    depth_of_discharge: 1.0
