cost_values:
  wind_capex: 5000.0
  wind_opex: 100
  wind_lifetime: 20
  solar_capex: 1000.0
  solar_opex: 10
  solar_lifetime: 20
  carbon_price: 1.0
timeseries_values:
  load_level: 280922.851210587
  wind_year: 2014
  solar_year: 2013
  price_year: 2023
  carbon_year: 2023
storage_values:
  CAES:
    cost: 35.6432
    lifetime: 26.7268
    annual_cost: 1.333612703353937
    efficiency: 0.579251
    discharge_ratio: 0.1
    depth_of_discharge: 0.4
  Li-ion:
    cost: 143.506
    lifetime: 25.6576
    annual_cost: 5.593118608131704
    efficiency: 0.914547
    discharge_ratio: 2
    depth_of_discharge: 0.9
  Pb-acid:
    cost: 187.122
    lifetime: 11.8427
    annual_cost: 15.800619791094936
    efficiency: 0.7586
    discharge_ratio: 5
    depth_of_discharge: 0.5
  VRBF:
    cost: 163.993
    lifetime: 27.0234
    annual_cost: 6.068555400134698
    efficiency: 0.785919
    discharge_ratio: 0.5
    depth_of_discharge: 1.0
