cost_values:
  wind_capex: 5000.0
  wind_opex: 100
  wind_lifetime: 20
  solar_capex: 1000.0
  solar_opex: 10
  solar_lifetime: 20
  carbon_price: 1.0
timeseries_values:
  load_level: 280922.851210587
  wind_year: 2014
  solar_year: 2013
  price_year: 2023
  carbon_year: 2023
storage_values:
  CAES:
    cost: 38.6863
    lifetime: 27.0505
    annual_cost: 1.4301510138444762
    efficiency: 0.587403
    discharge_ratio: 0.1
    depth_of_discharge: 0.4
  Li-ion:
    cost: 111.323
    lifetime: 26.4858
    annual_cost: 4.20312016250217
    efficiency: 0.912375
    discharge_ratio: 2
    depth_of_discharge: 0.9
  Pb-acid:
    cost: 166.796
    lifetime: 11.3035
    annual_cost: 14.756137479541735
    efficiency: 0.767469
    discharge_ratio: 5
    depth_of_discharge: 0.5
  VRBF:
    cost: 147.488
    lifetime: 26.4718
    annual_cost: 5.571513837366556
    efficiency: 0.783823
    discharge_ratio: 0.5
    depth_of_discharge: 1.0
