cost_values:
  wind_capex: 5000.0
  wind_opex: 100
  wind_lifetime: 20
  solar_capex: 1000.0
  solar_opex: 10
  solar_lifetime: 20
  carbon_price: 1.0
timeseries_values:
  load_level: 280922.851210587
  wind_year: 2014
  solar_year: 2013
  price_year: 2023
  carbon_year: 2023
storage_values:
  CAES:
    cost: 35.7778
    lifetime: 26.7964
    annual_cost: 1.335171888761177
    efficiency: 0.5769
    discharge_ratio: 0.1
    depth_of_discharge: 0.4
  Li-ion:
    cost: 152.541
    lifetime: 25.9468
    annual_cost: 5.878990858217584
    efficiency: 0.918756
    discharge_ratio: 2
    depth_of_discharge: 0.9
  Pb-acid:
    cost: 165.118
    lifetime: 12.7903
    annual_cost: 12.909626826579517
    efficiency: 0.739694
    discharge_ratio: 5
    depth_of_discharge: 0.5
  VRBF:
    cost: 178.179
    lifetime: 28.0564
    annual_cost: 6.35074350237379
    efficiency: 0.760968
    discharge_ratio: 0.5
    depth_of_discharge: 1.0
