cost_values:
  wind_capex: 5000.0
  wind_opex: 100
  wind_lifetime: 20
  solar_capex: 1000.0
  solar_opex: 10
  solar_lifetime: 20
  carbon_price: 1.0
timeseries_values:
  load_level: 280922.851210587
  wind_year: 2014
  solar_year: 2013
  price_year: 2023
  carbon_year: 2023
storage_values:
  CAES:
    cost: 32.7107
    lifetime: 26.0614
    annual_cost: 1.255139785276309
    efficiency: 0.574747
    discharge_ratio: 0.1
    depth_of_discharge: 0.4
  Li-ion:
    cost: 134.708
    lifetime: 28.1692
    annual_cost: 4.782102438123908
    efficiency: 0.904257
    discharge_ratio: 2
    depth_of_discharge: 0.9
  Pb-acid:
    cost: 174.367
    lifetime: 13.6779
    annual_cost: 12.748082673509822
    efficiency: 0.774188
    discharge_ratio: 5
    depth_of_discharge: 0.5
  VRBF:
    cost: 178.53
    lifetime: 24.7633
    annual_cost: 7.209459159320446
    efficiency: 0.771029
    discharge_ratio: 0.5
    depth_of_discharge: 1.0
