cost_values:
  wind_capex: 5000.0
  wind_opex: 100
  wind_lifetime: 20
  solar_capex: 1000.0
  solar_opex: 10
  solar_lifetime: 20
  carbon_price: 1.0
timeseries_values:
  load_level: 280922.851210587
  wind_year: 2014
  solar_year: 2013
  price_year: 2023
  carbon_year: 2023
storage_values:
  CAES:
    cost: 40.5331
    lifetime: 26.9691
    annual_cost: 1.5029459640848228
    efficiency: 0.59315
    discharge_ratio: 0.1
    depth_of_discharge: 0.4
  Li-ion:
    cost: 144.384
    lifetime: 24.569
    annual_cost: 5.876673857299849
    efficiency: 0.914118
    discharge_ratio: 2
    depth_of_discharge: 0.9
  Pb-acid:
    cost: 172.373
    lifetime: 11.5852
    annual_cost: 14.878724579636087
    efficiency: 0.747841
    discharge_ratio: 5
    depth_of_discharge: 0.5
  VRBF:
    cost: 166.484
    lifetime: 27.29
    annual_cost: 6.100549651887139
    efficiency: 0.779505
    discharge_ratio: 0.5
    depth_of_discharge: 1.0
