cost_values:
  wind_capex: 5000.0
  wind_opex: 100
  wind_lifetime: 20
  solar_capex: 1000.0
  solar_opex: 10
  solar_lifetime: 20
  carbon_price: 1.0
timeseries_values:
  load_level: 280922.851210587
  wind_year: 2014
  solar_year: 2013
  price_year: 2023
  carbon_year: 2023
storage_values:
  CAES:
    cost: 40.4159
    lifetime: 26.9599
    annual_cost: 1.4991116435891825
    efficiency: 0.581728
    discharge_ratio: 0.1
    depth_of_discharge: 0.4
  Li-ion:
    cost: 140.614
    lifetime: 25.9521
    annual_cost: 5.418212784321885
    efficiency: 0.923829
    discharge_ratio: 2
    depth_of_discharge: 0.9
  Pb-acid:
    cost: 170.793
    lifetime: 12.5871
    annual_cost: 13.568891960817028
    efficiency: 0.76829
    discharge_ratio: 5
    depth_of_discharge: 0.5
  VRBF:
    cost: 192.105
    lifetime: 26.1135
    annual_cost: 7.356539720834052
    efficiency: 0.784648
    discharge_ratio: 0.5
    depth_of_discharge: 1.0
