cost_values:
  wind_capex: 5000.0
  wind_opex: 100
  wind_lifetime: 20
  solar_capex: 1000.0
  solar_opex: 10
  solar_lifetime: 20
  carbon_price: 1.0
timeseries_values:
  load_level: 280922.851210587
  wind_year: 2014
  solar_year: 2013
  price_year: 2023
  carbon_year: 2023
storage_values:
  CAES:
    cost: 34.9138
    lifetime: 26.4147
    annual_cost: 1.321756446221233
    efficiency: 0.580643
    discharge_ratio: 0.1
    depth_of_discharge: 0.4
  Li-ion:
    cost: 131.019
    lifetime: 26.6538
    annual_cost: 4.91558426940999
    efficiency: 0.91176
    discharge_ratio: 2
    depth_of_discharge: 0.9
  Pb-acid:
    cost: 161.565
    lifetime: 12.1498
    annual_cost: 13.297749757197648
    efficiency: 0.749786
    discharge_ratio: 5
    depth_of_discharge: 0.5
  VRBF:
    cost: 178.645
    lifetime: 27.6413
    annual_cost: 6.462973883283348
    efficiency: 0.80931
    discharge_ratio: 0.5
    depth_of_discharge: 1.0
