cost_values:
  wind_capex: 5000.0
  wind_opex: 100
  wind_lifetime: 20
  solar_capex: 1000.0
  solar_opex: 10
  solar_lifetime: 20
  carbon_price: 1.0
timeseries_values:
  load_level: 280922.851210587
  wind_year: 2014
  solar_year: 2013
  price_year: 2023
  carbon_year: 2023
storage_values:
  CAES:
    cost: 36.5034
    lifetime: 25.2937
    annual_cost: 1.4431815036945959
    efficiency: 0.571272
    discharge_ratio: 0.1
    depth_of_discharge: 0.4
  Li-ion:
    cost: 121.047
    lifetime: 24.1817
    annual_cost: 5.005727471600425
    efficiency: 0.91462
    discharge_ratio: 2
    depth_of_discharge: 0.9
  Pb-acid:
    cost: 168.566
    lifetime: 12.7309
    annual_cost: 13.240697829689967
    efficiency: 0.748226
    discharge_ratio: 5
    depth_of_discharge: 0.5
  VRBF:
    cost: 179.368
    lifetime: 27.8928
    annual_cost: 6.430620088338209
    efficiency: 0.773128
    discharge_ratio: 0.5
    depth_of_discharge: 1.0
