cost_values:
  wind_capex: 5000.0
  wind_opex: 100
  wind_lifetime: 20
  solar_capex: 1000.0
  solar_opex: 10
  solar_lifetime: 20
  carbon_price: 1.0
timeseries_values:
  load_level: 280922.851210587
  wind_year: 2014
  solar_year: 2013
  price_year: 2023
  carbon_year: 2023
storage_values:
  CAES:
    cost: 37.6141
    lifetime: 27.4253
    annual_cost: 1.3715109770904967
    efficiency: 0.578514
    discharge_ratio: 0.1
    depth_of_discharge: 0.4
  Li-ion:
    cost: 148.409
    lifetime: 26.7215
    annual_cost: 5.55391725763898
    efficiency: 0.909072
    discharge_ratio: 2
    depth_of_discharge: 0.9
  Pb-acid:
    cost: 169.746
    lifetime: 12.591
    annual_cost: 13.481534429354301
    efficiency: 0.77162
    discharge_ratio: 5
    depth_of_discharge: 0.5
  VRBF:
    cost: 182.549
    lifetime: 25.5926
    annual_cost: 7.132882161249737
    efficiency: 0.783411
    discharge_ratio: 0.5
    depth_of_discharge: 1.0
