cost_values:
  wind_capex: 5000.0
  wind_opex: 100
  wind_lifetime: 20
  solar_capex: 1000.0
  solar_opex: 10
  solar_lifetime: 20
  carbon_price: 1.0
timeseries_values:
  load_level: 280922.851210587
  wind_year: 2014
  solar_year: 2013
  price_year: 2023
  carbon_year: 2023
storage_values:
  CAES:
    cost: 35.2527
    lifetime: 27.2264
    annual_cost: 1.294798430934681
    efficiency: 0.581472
    discharge_ratio: 0.1
    depth_of_discharge: 0.4
  Li-ion:
    cost: 145.839
    lifetime: 25.4589
    annual_cost: 5.72840931854872
    efficiency: 0.896884
    discharge_ratio: 2
    depth_of_discharge: 0.9
  Pb-acid:
    cost: 176.863
    lifetime: 13.5002
    annual_cost: 13.100768877498112
    efficiency: 0.759998
    discharge_ratio: 5
    depth_of_discharge: 0.5
  VRBF:
    cost: 213.996
    lifetime: 25.7111
    annual_cost: 8.323097806005967
    efficiency: 0.78195
    discharge_ratio: 0.5
    depth_of_discharge: 1.0
