cost_values:
  wind_capex: 5000.0
  wind_opex: 100
  wind_lifetime: 20
  solar_capex: 1000.0
  solar_opex: 10
  solar_lifetime: 20
  carbon_price: 1.0
timeseries_values:
  load_level: 280922.851210587
  wind_year: 2014
  solar_year: 2013
  price_year: 2023
  carbon_year: 2023
storage_values:
  CAES:
    cost: 36.8815
    lifetime: 26.5138
    annual_cost: 1.391030331374605
    efficiency: 0.577169
    discharge_ratio: 0.1
    depth_of_discharge: 0.4
  Li-ion:
    cost: 124.456
    lifetime: 25.2572
    annual_cost: 4.927545412793184
    efficiency: 0.913178
    discharge_ratio: 2
    depth_of_discharge: 0.9
  Pb-acid:
    cost: 189.154
    lifetime: 12.5531
    annual_cost: 15.068309819885126
    efficiency: 0.758372
    discharge_ratio: 5
    depth_of_discharge: 0.5
  VRBF:
    cost: 170.548
    lifetime: 26.5942
    annual_cost: 6.412977265719593
    efficiency: 0.77238
    discharge_ratio: 0.5
    depth_of_discharge: 1.0
