cost_values:
  wind_capex: 5000.0
  wind_opex: 100
  wind_lifetime: 20
  solar_capex: 1000.0
  solar_opex: 10
  solar_lifetime: 20
  carbon_price: 1.0
timeseries_values:
  load_level: 280922.851210587
  wind_year: 2014
  solar_year: 2013
  price_year: 2023
  carbon_year: 2023
storage_values:
  CAES:
    cost: 41.4823
    lifetime: 26.7579
    annual_cost: 1.550282346521962
    efficiency: 0.589471
    discharge_ratio: 0.1
    depth_of_discharge: 0.4
  Li-ion:
    cost: 139.604
    lifetime: 26.8401
    annual_cost: 5.201321902675475
    efficiency: 0.910808
    discharge_ratio: 2
    depth_of_discharge: 0.9
  Pb-acid:
    cost: 170.009
    lifetime: 14.3802
    annual_cost: 11.822436405613272
    efficiency: 0.768331
    discharge_ratio: 5
    depth_of_discharge: 0.5
  VRBF:
    cost: 157.223
    lifetime: 26.9012
    annual_cost: 5.844460470164901
    efficiency: 0.77111
    discharge_ratio: 0.5
    depth_of_discharge: 1.0
