cost_values:
  wind_capex: 5000.0
  wind_opex: 100
  wind_lifetime: 20
  solar_capex: 1000.0
  solar_opex: 10
  solar_lifetime: 20
  carbon_price: 1.0
timeseries_values:
  load_level: 280922.851210587
  wind_year: 2014
  solar_year: 2013
  price_year: 2023
  carbon_year: 2023
storage_values:
  CAES:
    cost: 35.3585
    lifetime: 25.0453
    annual_cost: 1.4117818512854707
    efficiency: 0.578587
    discharge_ratio: 0.1
    depth_of_discharge: 0.4
  Li-ion:
    cost: 148.771
    lifetime: 26.2141
    annual_cost: 5.6752282168756505
    efficiency: 0.923314
    discharge_ratio: 2
    depth_of_discharge: 0.9
  Pb-acid:
    cost: 177.853
    lifetime: 12.4372
    annual_cost: 14.30008362010742
    efficiency: 0.76581
    discharge_ratio: 5
    depth_of_discharge: 0.5
  VRBF:
    cost: 170.381
    lifetime: 26.4733
    annual_cost: 6.4359562275953515
    efficiency: 0.801498
    discharge_ratio: 0.5
    depth_of_discharge: 1.0
