cost_values:
  wind_capex: 5000.0
  wind_opex: 100
  wind_lifetime: 20
  solar_capex: 1000.0
  solar_opex: 10
  solar_lifetime: 20
  carbon_price: 1.0
timeseries_values:
  load_level: 258100.9459334124
  wind_year: 2018
  solar_year: 2018
  price_year: 2023
  carbon_year: 2023
storage_values:
  CAES:
    cost: 49.9302
    lifetime: 26.6787
    annual_cost: 1.8715379684917182
    efficiency: 0.629075
    discharge_ratio: 0.1
    depth_of_discharge: 0.4
  Li-ion:
    cost: 252.072
    lifetime: 23.0892
    annual_cost: 10.917311990021307
    efficiency: 0.928487
    discharge_ratio: 2
    depth_of_discharge: 0.9
  Pb-acid:
    cost: 89.7436
    lifetime: 10.3267
    annual_cost: 8.690443220002518
    efficiency: 0.764933
    discharge_ratio: 5
    depth_of_discharge: 0.5
  VRBF:
    cost: 245.804
    lifetime: 14.2672
    annual_cost: 17.228608276326117
    efficiency: 0.674137
    discharge_ratio: 0.5
    depth_of_discharge: 1.0
