cost_values:
  wind_capex: 5000.0
  wind_opex: 100
  wind_lifetime: 20
  solar_capex: 1000.0
  solar_opex: 10
  solar_lifetime: 20
  carbon_price: 1.0
timeseries_values:
  load_level: 258100.9459334124
  wind_year: 2018
  solar_year: 2018
  price_year: 2023
  carbon_year: 2023
storage_values:
  CAES:
    cost: 47.5145
    lifetime: 26.8359
    annual_cost: 1.7705573504149292
    efficiency: 0.62212
    discharge_ratio: 0.1
    depth_of_discharge: 0.4
  Li-ion:
    cost: 244.351
    lifetime: 22.5567
    annual_cost: 10.832745924714166
    efficiency: 0.921317
    discharge_ratio: 2
    depth_of_discharge: 0.9
  Pb-acid:
    cost: 87.0704
    lifetime: 10.0478
    annual_cost: 8.66561834431418
    efficiency: 0.750677
    discharge_ratio: 5
    depth_of_discharge: 0.5
  VRBF:
    cost: 234.12
    lifetime: 13.755
    annual_cost: 17.02071973827699
    efficiency: 0.671134
    discharge_ratio: 0.5
    depth_of_discharge: 1.0
