cost_values:
  wind_capex: 5000.0
  wind_opex: 100
  wind_lifetime: 20
  solar_capex: 1000.0
  solar_opex: 10
  solar_lifetime: 20
  carbon_price: 1.0
timeseries_values:
  load_level: 258100.9459334124
  wind_year: 2018
  solar_year: 2018
  price_year: 2023
  carbon_year: 2023
storage_values:
  CAES:
    cost: 49.6809
    lifetime: 24.8971
    annual_cost: 1.9954492691919945
    efficiency: 0.623513
    discharge_ratio: 0.1
    depth_of_discharge: 0.4
  Li-ion:
    cost: 238.893
    lifetime: 21.9451
    annual_cost: 10.885938090963359
    efficiency: 0.928475
    discharge_ratio: 2
    depth_of_discharge: 0.9
  Pb-acid:
    cost: 96.6012
    lifetime: 10.4051
    annual_cost: 9.284024180449974
    efficiency: 0.751927
    discharge_ratio: 5
    depth_of_discharge: 0.5
  VRBF:
    cost: 227.954
    lifetime: 14.185
    annual_cost: 16.070074021854072
    efficiency: 0.696133
    discharge_ratio: 0.5
    depth_of_discharge: 1.0
