cost_values:
  wind_capex: 5000.0
  wind_opex: 100
  wind_lifetime: 20
  solar_capex: 1000.0
  solar_opex: 10
  solar_lifetime: 20
  carbon_price: 1.0
timeseries_values:
  load_level: 258100.9459334124
  wind_year: 2018
  solar_year: 2018
  price_year: 2023
  carbon_year: 2023
storage_values:
  CAES:
    cost: 45.9686
    lifetime: 26.9851
    annual_cost: 1.703480809780212
    efficiency: 0.615976
    discharge_ratio: 0.1
    depth_of_discharge: 0.4
  Li-ion:
    cost: 241.148
    lifetime: 23.0167
    annual_cost: 10.477088374962527
    efficiency: 0.923807
    discharge_ratio: 2
    depth_of_discharge: 0.9
  Pb-acid:
    cost: 88.7055
    lifetime: 12.9268
    annual_cost: 6.862139121824427
    efficiency: 0.757176
    discharge_ratio: 5
    depth_of_discharge: 0.5
  VRBF:
    cost: 227.36
    lifetime: 14.0191
    annual_cost: 16.21787418593205
    efficiency: 0.699607
    discharge_ratio: 0.5
    depth_of_discharge: 1.0
