cost_values:
  wind_capex: 5000.0
  wind_opex: 100
  wind_lifetime: 20
  solar_capex: 1000.0
  solar_opex: 10
  solar_lifetime: 20
  carbon_price: 1.0
timeseries_values:
  load_level: 258100.9459334124
  wind_year: 2018
  solar_year: 2018
  price_year: 2023
  carbon_year: 2023
storage_values:
  CAES:
    cost: 42.8326
    lifetime: 26.6773
    annual_cost: 1.6055822740682153
    efficiency: 0.630473
    discharge_ratio: 0.1
    depth_of_discharge: 0.4
  Li-ion:
    cost: 232.026
    lifetime: 20.2604
    annual_cost: 11.45219245424572
    efficiency: 0.934182
    discharge_ratio: 2
    depth_of_discharge: 0.9
  Pb-acid:
    cost: 95.0166
    lifetime: 10.2667
    annual_cost: 9.254833588202635
    efficiency: 0.763515
    discharge_ratio: 5
    depth_of_discharge: 0.5
  VRBF:
    cost: 255.429
    lifetime: 14.1588
    annual_cost: 18.040300025425886
    efficiency: 0.693447
    discharge_ratio: 0.5
    depth_of_discharge: 1.0
