cost_values:
  wind_capex: 5000.0
  wind_opex: 100
  wind_lifetime: 20
  solar_capex: 1000.0
  solar_opex: 10
  solar_lifetime: 20
  carbon_price: 1.0
timeseries_values:
  load_level: 258100.9459334124
  wind_year: 2018
  solar_year: 2018
  price_year: 2023
  carbon_year: 2023
storage_values:
  CAES:
    cost: 48.0007
    lifetime: 26.1031
    annual_cost: 1.8388888676057633
    efficiency: 0.616107
    discharge_ratio: 0.1
    depth_of_discharge: 0.4
  Li-ion:
    cost: 240.989
    lifetime: 23.0227
    annual_cost: 10.46745168898522
    efficiency: 0.917625
    discharge_ratio: 2
    depth_of_discharge: 0.9
  Pb-acid:
    cost: 100.576
    lifetime: 10.2042
    annual_cost: 9.856333666529467
    efficiency: 0.745567
    discharge_ratio: 5
    depth_of_discharge: 0.5
  VRBF:
    cost: 212.168
    lifetime: 13.4118
    annual_cost: 15.819502229380099
    efficiency: 0.683591
    discharge_ratio: 0.5
    depth_of_discharge: 1.0
