cost_values:
  wind_capex: 5000.0
  wind_opex: 100
  wind_lifetime: 20
  solar_capex: 1000.0
  solar_opex: 10
  solar_lifetime: 20
  carbon_price: 1.0
timeseries_values:
  load_level: 258100.9459334124
  wind_year: 2018
  solar_year: 2018
  price_year: 2023
  carbon_year: 2023
storage_values:
  CAES:
    cost: 48.5673
    lifetime: 26.9795
    annual_cost: 1.8001556737522935
    efficiency: 0.612104
    discharge_ratio: 0.1
    depth_of_discharge: 0.4
  Li-ion:
    cost: 246.38
    lifetime: 23.3602
    annual_cost: 10.546998741449132
    efficiency: 0.92641
    discharge_ratio: 2
    depth_of_discharge: 0.9
  Pb-acid:
    cost: 78.7065
    lifetime: 9.95375
    annual_cost: 7.907220896646994
    efficiency: 0.753466
    discharge_ratio: 5
    depth_of_discharge: 0.5
  VRBF:
    cost: 233.675
    lifetime: 13.9392
    annual_cost: 16.763874540863178
    efficiency: 0.687102
    discharge_ratio: 0.5
    depth_of_discharge: 1.0
