cost_values:
  wind_capex: 5000.0
  wind_opex: 100
  wind_lifetime: 20
  solar_capex: 1000.0
  solar_opex: 10
  solar_lifetime: 20
  carbon_price: 1.0
timeseries_values:
  load_level: 258100.9459334124
  wind_year: 2018
  solar_year: 2018
  price_year: 2023
  carbon_year: 2023
storage_values:
  CAES:
    cost: 47.8111
    lifetime: 25.8804
    annual_cost: 1.847386439158591
    efficiency: 0.611229
    discharge_ratio: 0.1
    depth_of_discharge: 0.4
  Li-ion:
    cost: 239.134
    lifetime: 21.0289
    annual_cost: 11.371683730485188
    efficiency: 0.919677
    discharge_ratio: 2
    depth_of_discharge: 0.9
  Pb-acid:
    cost: 91.1828
    lifetime: 8.42623
    annual_cost: 10.821304426772114
    efficiency: 0.770517
    discharge_ratio: 5
    depth_of_discharge: 0.5
  VRBF:
    cost: 230.013
    lifetime: 13.9366
    annual_cost: 16.504240632578966
    efficiency: 0.689513
    discharge_ratio: 0.5
    depth_of_discharge: 1.0
