cost_values:
  wind_capex: 5000.0
  wind_opex: 100
  wind_lifetime: 20
  solar_capex: 1000.0
  solar_opex: 10
  solar_lifetime: 20
  carbon_price: 1.0
timeseries_values:
  load_level: 258100.9459334124
  wind_year: 2018
  solar_year: 2018
  price_year: 2023
  carbon_year: 2023
storage_values:
  CAES:
    cost: 52.384
    lifetime: 25.5661
    annual_cost: 2.0489632755875946
    efficiency: 0.633999
    discharge_ratio: 0.1
    depth_of_discharge: 0.4
  Li-ion:
    cost: 253.786
    lifetime: 20.7132
    annual_cost: 12.252380124751365
    efficiency: 0.914046
    discharge_ratio: 2
    depth_of_discharge: 0.9
  Pb-acid:
    cost: 82.8687
    lifetime: 9.57144
    annual_cost: 8.6579135427898
    efficiency: 0.744756
    discharge_ratio: 5
    depth_of_discharge: 0.5
  VRBF:
    cost: 240.731
    lifetime: 13.3638
    annual_cost: 18.01366377826666
    efficiency: 0.686225
    discharge_ratio: 0.5
    depth_of_discharge: 1.0
