cost_values:
  wind_capex: 5000.0
  wind_opex: 100
  wind_lifetime: 20
  solar_capex: 1000.0
  solar_opex: 10
  solar_lifetime: 20
  carbon_price: 1.0
timeseries_values:
  load_level: 258100.9459334124
  wind_year: 2018
  solar_year: 2018
  price_year: 2023
  carbon_year: 2023
storage_values:
  CAES:
    cost: 48.9177
    lifetime: 26.3901
    annual_cost: 1.8536382961792492
    efficiency: 0.627537
    discharge_ratio: 0.1
    depth_of_discharge: 0.4
  Li-ion:
    cost: 240.468
    lifetime: 22.5024
    annual_cost: 10.686326791808872
    efficiency: 0.927223
    discharge_ratio: 2
    depth_of_discharge: 0.9
  Pb-acid:
    cost: 96.7985
    lifetime: 10.7311
    annual_cost: 9.02037069825088
    efficiency: 0.767816
    discharge_ratio: 5
    depth_of_discharge: 0.5
  VRBF:
    cost: 268.868
    lifetime: 14.8234
    annual_cost: 18.138078983229217
    efficiency: 0.664641
    discharge_ratio: 0.5
    depth_of_discharge: 1.0
