cost_values:
  wind_capex: 5000.0
  wind_opex: 100
  wind_lifetime: 20
  solar_capex: 1000.0
  solar_opex: 10
  solar_lifetime: 20
  carbon_price: 1.0
timeseries_values:
  load_level: 258100.9459334124
  wind_year: 2018
  solar_year: 2018
  price_year: 2023
  carbon_year: 2023
storage_values:
  CAES:
    cost: 46.2869
    lifetime: 26.7402
    annual_cost: 1.7309855573256745
    efficiency: 0.620063
    discharge_ratio: 0.1
    depth_of_discharge: 0.4
  Li-ion:
    cost: 236.599
    lifetime: 22.5049
    annual_cost: 10.513221565081382
    efficiency: 0.942511
    discharge_ratio: 2
    depth_of_discharge: 0.9
  Pb-acid:
    cost: 86.7152
    lifetime: 7.41819
    annual_cost: 11.689536126737114
    efficiency: 0.757173
    discharge_ratio: 5
    depth_of_discharge: 0.5
  VRBF:
    cost: 233.114
    lifetime: 13.7964
    annual_cost: 16.896726682322925
    efficiency: 0.677704
    discharge_ratio: 0.5
    depth_of_discharge: 1.0
