cost_values:
  wind_capex: 5000.0
  wind_opex: 100
  wind_lifetime: 20
  solar_capex: 1000.0
  solar_opex: 10
  solar_lifetime: 20
  carbon_price: 1.0
timeseries_values:
  load_level: 258100.9459334124
  wind_year: 2018
  solar_year: 2018
  price_year: 2023
  carbon_year: 2023
storage_values:
  CAES:
    cost: 42.1766
    lifetime: 27.0761
    annual_cost: 1.5577058734455849
    efficiency: 0.629479
    discharge_ratio: 0.1
    depth_of_discharge: 0.4
  Li-ion:
    cost: 252.016
    lifetime: 21.9629
    annual_cost: 11.474623114433886
    efficiency: 0.916633
    discharge_ratio: 2
    depth_of_discharge: 0.9
  Pb-acid:
    cost: 102.661
    lifetime: 9.64279
    annual_cost: 10.646400056415208
    efficiency: 0.75404
    discharge_ratio: 5
    depth_of_discharge: 0.5
  VRBF:
    cost: 246.158
    lifetime: 16.0463
    annual_cost: 15.340483475941495
    efficiency: 0.674498
    discharge_ratio: 0.5
    depth_of_discharge: 1.0
