cost_values:
  wind_capex: 5000.0
  wind_opex: 100
  wind_lifetime: 20
  solar_capex: 1000.0
  solar_opex: 10
  solar_lifetime: 20
  carbon_price: 1.0
timeseries_values:
  load_level: 258100.9459334124
  wind_year: 2018
  solar_year: 2018
  price_year: 2023
  carbon_year: 2023
storage_values:
  CAES:
    cost: 48.9497
    lifetime: 27.2148
    annual_cost: 1.7986426503226185
    efficiency: 0.621989
    discharge_ratio: 0.1
    depth_of_discharge: 0.4
  Li-ion:
    cost: 237.811
    lifetime: 23.3741
    annual_cost: 10.174124351311923
    efficiency: 0.941816
    discharge_ratio: 2
    depth_of_discharge: 0.9
  Pb-acid:
    cost: 89.9923
    lifetime: 8.6427
    annual_cost: 10.412521549978596
    efficiency: 0.760419
    discharge_ratio: 5
    depth_of_discharge: 0.5
  VRBF:
    cost: 207.577
    lifetime: 14.4358
    annual_cost: 14.379320855096356
    efficiency: 0.674753
    discharge_ratio: 0.5
    depth_of_discharge: 1.0
