cost_values:
  wind_capex: 5000.0
  wind_opex: 100
  wind_lifetime: 20
  solar_capex: 1000.0
  solar_opex: 10
  solar_lifetime: 20
  carbon_price: 1.0
timeseries_values:
  load_level: 258100.9459334124
  wind_year: 2018
  solar_year: 2018
  price_year: 2023
  carbon_year: 2023
storage_values:
  CAES:
    cost: 47.5276
    lifetime: 26.9189
    annual_cost: 1.76558477500938
    efficiency: 0.627903
    discharge_ratio: 0.1
    depth_of_discharge: 0.4
  Li-ion:
    cost: 236.586
    lifetime: 22.5461
    annual_cost: 10.493433454122886
    efficiency: 0.931595
    discharge_ratio: 2
    depth_of_discharge: 0.9
  Pb-acid:
    cost: 114.878
    lifetime: 9.11712
    annual_cost: 12.600250956442386
    efficiency: 0.770295
    discharge_ratio: 5
    depth_of_discharge: 0.5
  VRBF:
    cost: 242.314
    lifetime: 14.7436
    annual_cost: 16.435199001600694
    efficiency: 0.682778
    discharge_ratio: 0.5
    depth_of_discharge: 1.0
