cost_values:
  wind_capex: 5000.0
  wind_opex: 100
  wind_lifetime: 20
  solar_capex: 1000.0
  solar_opex: 10
  solar_lifetime: 20
  carbon_price: 1.0
timeseries_values:
  load_level: 258100.9459334124
  wind_year: 2018
  solar_year: 2018
  price_year: 2023
  carbon_year: 2023
storage_values:
  CAES:
    cost: 43.2963
    lifetime: 27.1063
    annual_cost: 1.597278123535857
    efficiency: 0.618694
    discharge_ratio: 0.1
    depth_of_discharge: 0.4
  Li-ion:
    cost: 242.894
    lifetime: 23.2066
    annual_cost: 10.466591400722209
    efficiency: 0.918321
    discharge_ratio: 2
    depth_of_discharge: 0.9
  Pb-acid:
    cost: 102.766
    lifetime: 10.0156
    annual_cost: 10.260593474180281
    efficiency: 0.764034
    discharge_ratio: 5
    depth_of_discharge: 0.5
  VRBF:
    cost: 263.351
    lifetime: 14.0172
    annual_cost: 18.78770367833804
    efficiency: 0.668571
    discharge_ratio: 0.5
    depth_of_discharge: 1.0
