cost_values:
  wind_capex: 5000.0
  wind_opex: 100
  wind_lifetime: 20
  solar_capex: 1000.0
  solar_opex: 10
  solar_lifetime: 20
  carbon_price: 1.0
timeseries_values:
  load_level: 258100.9459334124
  wind_year: 2018
  solar_year: 2018
  price_year: 2023
  carbon_year: 2023
storage_values:
  CAES:
    cost: 49.8688
    lifetime: 26.3114
    annual_cost: 1.8953305411342614
    efficiency: 0.616747
    discharge_ratio: 0.1
    depth_of_discharge: 0.4
  Li-ion:
    cost: 231.693
    lifetime: 22.5958
    annual_cost: 10.253808229848024
    efficiency: 0.912265
    discharge_ratio: 2
    depth_of_discharge: 0.9
  Pb-acid:
    cost: 93.315
    lifetime: 9.30789
    annual_cost: 10.02536557694601
    efficiency: 0.752285
    discharge_ratio: 5
    depth_of_discharge: 0.5
  VRBF:
    cost: 236.157
    lifetime: 12.4266
    annual_cost: 19.00415238279175
    efficiency: 0.668111
    discharge_ratio: 0.5
    depth_of_discharge: 1.0
