cost_values:
  wind_capex: 5000.0
  wind_opex: 100
  wind_lifetime: 20
  solar_capex: 1000.0
  solar_opex: 10
  solar_lifetime: 20
  carbon_price: 1.0
timeseries_values:
  load_level: 258100.9459334124
  wind_year: 2018
  solar_year: 2018
  price_year: 2023
  carbon_year: 2023
storage_values:
  CAES:
    cost: 43.6792
    lifetime: 26.1609
    annual_cost: 1.6696367479712089
    efficiency: 0.625561
    discharge_ratio: 0.1
    depth_of_discharge: 0.4
  Li-ion:
    cost: 250.802
    lifetime: 23.3303
    annual_cost: 10.750054649961637
    efficiency: 0.946445
    discharge_ratio: 2
    depth_of_discharge: 0.9
  Pb-acid:
    cost: 108.78
    lifetime: 11.1424
    annual_cost: 9.762708213670305
    efficiency: 0.751817
    discharge_ratio: 5
    depth_of_discharge: 0.5
  VRBF:
    cost: 252.611
    lifetime: 11.8543
    annual_cost: 21.309651350142985
    efficiency: 0.676359
    discharge_ratio: 0.5
    depth_of_discharge: 1.0
