cost_values:
  wind_capex: 5000.0
  wind_opex: 100
  wind_lifetime: 20
  solar_capex: 1000.0
  solar_opex: 10
  solar_lifetime: 20
  carbon_price: 1.0
timeseries_values:
  load_level: 258100.9459334124
  wind_year: 2018
  solar_year: 2018
  price_year: 2023
  carbon_year: 2023
storage_values:
  CAES:
    cost: 48.3797
    lifetime: 27.1545
    annual_cost: 1.781645767736471
    efficiency: 0.620472
    discharge_ratio: 0.1
    depth_of_discharge: 0.4
  Li-ion:
    cost: 226.239
    lifetime: 23.9562
    annual_cost: 9.443860044581362
    efficiency: 0.92777
    discharge_ratio: 2
    depth_of_discharge: 0.9
  Pb-acid:
    cost: 102.691
    lifetime: 9.99559
    annual_cost: 10.273630671125966
    efficiency: 0.757273
    discharge_ratio: 5
    depth_of_discharge: 0.5
  VRBF:
    cost: 245.511
    lifetime: 14.7278
    annual_cost: 16.669903176306033
    efficiency: 0.671831
    discharge_ratio: 0.5
    depth_of_discharge: 1.0
