cost_values:
  wind_capex: 5000.0
  wind_opex: 100
  wind_lifetime: 20
  solar_capex: 1000.0
  solar_opex: 10
  solar_lifetime: 20
  carbon_price: 1.0
timeseries_values:
  load_level: 258100.9459334124
  wind_year: 2018
  solar_year: 2018
  price_year: 2023
  carbon_year: 2023
storage_values:
  CAES:
    cost: 52.5401
    lifetime: 27.0326
    annual_cost: 1.9435829331991745
    efficiency: 0.622499
    discharge_ratio: 0.1
    depth_of_discharge: 0.4
  Li-ion:
    cost: 264.511
    lifetime: 22.5268
    annual_cost: 11.742058348278496
    efficiency: 0.917167
    discharge_ratio: 2
    depth_of_discharge: 0.9
  Pb-acid:
    cost: 94.9066
    lifetime: 9.76603
    annual_cost: 9.718032813743147
    efficiency: 0.75278
    discharge_ratio: 5
    depth_of_discharge: 0.5
  VRBF:
    cost: 214.58
    lifetime: 12.9806
    annual_cost: 16.530822920358073
    efficiency: 0.694351
    discharge_ratio: 0.5
    depth_of_discharge: 1.0
