cost_values:
  wind_capex: 5000.0
  wind_opex: 100
  wind_lifetime: 20
  solar_capex: 1000.0
  solar_opex: 10
  solar_lifetime: 20
  carbon_price: 1.0
timeseries_values:
  load_level: 258100.9459334124
  wind_year: 2018
  solar_year: 2018
  price_year: 2023
  carbon_year: 2023
storage_values:
  CAES:
    cost: 47.1541
    lifetime: 26.2702
    annual_cost: 1.7949653980555915
    efficiency: 0.623195
    discharge_ratio: 0.1
    depth_of_discharge: 0.4
  Li-ion:
    cost: 252.509
    lifetime: 23.5643
    annual_cost: 10.715743730982885
    efficiency: 0.939022
    discharge_ratio: 2
    depth_of_discharge: 0.9
  Pb-acid:
    cost: 81.6564
    lifetime: 8.98322
    annual_cost: 9.089880911299067
    efficiency: 0.757281
    discharge_ratio: 5
    depth_of_discharge: 0.5
  VRBF:
    cost: 238.116
    lifetime: 14.5504
    annual_cost: 16.364910930283706
    efficiency: 0.698187
    discharge_ratio: 0.5
    depth_of_discharge: 1.0
