cost_values:
  wind_capex: 5000.0
  wind_opex: 100
  wind_lifetime: 20
  solar_capex: 1000.0
  solar_opex: 10
  solar_lifetime: 20
  carbon_price: 1.0
timeseries_values:
  load_level: 258100.9459334124
  wind_year: 2018
  solar_year: 2018
  price_year: 2023
  carbon_year: 2023
storage_values:
  CAES:
    cost: 44.1109
    lifetime: 26.905
    annual_cost: 1.6395056680914328
    efficiency: 0.629165
    discharge_ratio: 0.1
    depth_of_discharge: 0.4
  Li-ion:
    cost: 230.833
    lifetime: 24.0519
    annual_cost: 9.5972875323779
    efficiency: 0.941253
    discharge_ratio: 2
    depth_of_discharge: 0.9
  Pb-acid:
    cost: 103.619
    lifetime: 11.0945
    annual_cost: 9.339672810852225
    efficiency: 0.760405
    discharge_ratio: 5
    depth_of_discharge: 0.5
  VRBF:
    cost: 279.078
    lifetime: 12.6767
    annual_cost: 22.015035458755037
    efficiency: 0.675247
    discharge_ratio: 0.5
    depth_of_discharge: 1.0
