cost_values:
  wind_capex: 5000.0
  wind_opex: 100
  wind_lifetime: 20
  solar_capex: 1000.0
  solar_opex: 10
  solar_lifetime: 20
  carbon_price: 1.0
timeseries_values:
  load_level: 258100.9459334124
  wind_year: 2018
  solar_year: 2018
  price_year: 2023
  carbon_year: 2023
storage_values:
  CAES:
    cost: 45.0001
    lifetime: 26.5145
    annual_cost: 1.6971883309132738
    efficiency: 0.609569
    discharge_ratio: 0.1
    depth_of_discharge: 0.4
  Li-ion:
    cost: 256.219
    lifetime: 23.823
    annual_cost: 10.755110607396213
    efficiency: 0.930886
    discharge_ratio: 2
    depth_of_discharge: 0.9
  Pb-acid:
    cost: 82.8657
    lifetime: 9.56862
    annual_cost: 8.66015162060987
    efficiency: 0.754919
    discharge_ratio: 5
    depth_of_discharge: 0.5
  VRBF:
    cost: 216.596
    lifetime: 14.4671
    annual_cost: 14.971625273897326
    efficiency: 0.675195
    discharge_ratio: 0.5
    depth_of_discharge: 1.0
