cost_values:
  wind_capex: 5000.0
  wind_opex: 100
  wind_lifetime: 20
  solar_capex: 1000.0
  solar_opex: 10
  solar_lifetime: 20
  carbon_price: 1.0
timeseries_values:
  load_level: 258100.9459334124
  wind_year: 2018
  solar_year: 2018
  price_year: 2023
  carbon_year: 2023
storage_values:
  CAES:
    cost: 40.8891
    lifetime: 26.7965
    annual_cost: 1.5259119661149776
    efficiency: 0.625037
    discharge_ratio: 0.1
    depth_of_discharge: 0.4
  Li-ion:
    cost: 238.089
    lifetime: 23.2613
    annual_cost: 10.235412466199223
    efficiency: 0.933539
    discharge_ratio: 2
    depth_of_discharge: 0.9
  Pb-acid:
    cost: 90.857
    lifetime: 10.2324
    annual_cost: 8.87934404440796
    efficiency: 0.755743
    discharge_ratio: 5
    depth_of_discharge: 0.5
  VRBF:
    cost: 231.613
    lifetime: 15.405
    annual_cost: 15.034923726062967
    efficiency: 0.69747
    discharge_ratio: 0.5
    depth_of_discharge: 1.0
