cost_values:
  wind_capex: 5000.0
  wind_opex: 100
  wind_lifetime: 20
  solar_capex: 1000.0
  solar_opex: 10
  solar_lifetime: 20
  carbon_price: 1.0
timeseries_values:
  load_level: 258100.9459334124
  wind_year: 2018
  solar_year: 2018
  price_year: 2023
  carbon_year: 2023
storage_values:
  CAES:
    cost: 49.5545
    lifetime: 26.5201
    annual_cost: 1.8685638440277375
    efficiency: 0.612351
    discharge_ratio: 0.1
    depth_of_discharge: 0.4
  Li-ion:
    cost: 241.096
    lifetime: 23.7892
    annual_cost: 10.134682965379248
    efficiency: 0.92793
    discharge_ratio: 2
    depth_of_discharge: 0.9
  Pb-acid:
    cost: 95.6235
    lifetime: 9.84984
    annual_cost: 9.708127238615043
    efficiency: 0.76164
    discharge_ratio: 5
    depth_of_discharge: 0.5
  VRBF:
    cost: 222.494
    lifetime: 12.899
    annual_cost: 17.24893402589348
    efficiency: 0.693909
    discharge_ratio: 0.5
    depth_of_discharge: 1.0
