cost_values:
  wind_capex: 5000.0
  wind_opex: 100
  wind_lifetime: 20
  solar_capex: 1000.0
  solar_opex: 10
  solar_lifetime: 20
  carbon_price: 1.0
timeseries_values:
  load_level: 258100.9459334124
  wind_year: 2018
  solar_year: 2018
  price_year: 2023
  carbon_year: 2023
storage_values:
  CAES:
    cost: 48.8235
    lifetime: 27.4157
    annual_cost: 1.7808591427539695
    efficiency: 0.623997
    discharge_ratio: 0.1
    depth_of_discharge: 0.4
  Li-ion:
    cost: 243.282
    lifetime: 20.7985
    annual_cost: 11.697093540399548
    efficiency: 0.935245
    discharge_ratio: 2
    depth_of_discharge: 0.9
  Pb-acid:
    cost: 96.8961
    lifetime: 9.59874
    annual_cost: 10.094668675263629
    efficiency: 0.758401
    discharge_ratio: 5
    depth_of_discharge: 0.5
  VRBF:
    cost: 201.932
    lifetime: 16.6456
    annual_cost: 12.131253904935837
    efficiency: 0.686108
    discharge_ratio: 0.5
    depth_of_discharge: 1.0
