cost_values:
  wind_capex: 5000.0
  wind_opex: 100
  wind_lifetime: 20
  solar_capex: 1000.0
  solar_opex: 10
  solar_lifetime: 20
  carbon_price: 1.0
timeseries_values:
  load_level: 258100.9459334124
  wind_year: 2018
  solar_year: 2018
  price_year: 2023
  carbon_year: 2023
storage_values:
  CAES:
    cost: 44.512
    lifetime: 26.9071
    annual_cost: 1.6542845568641735
    efficiency: 0.625518
    discharge_ratio: 0.1
    depth_of_discharge: 0.4
  Li-ion:
    cost: 235.918
    lifetime: 22.993
    annual_cost: 10.26042708650459
    efficiency: 0.932533
    discharge_ratio: 2
    depth_of_discharge: 0.9
  Pb-acid:
    cost: 90.7397
    lifetime: 10.266
    annual_cost: 8.838856419248003
    efficiency: 0.755777
    discharge_ratio: 5
    depth_of_discharge: 0.5
  VRBF:
    cost: 234.566
    lifetime: 16.2828
    annual_cost: 14.405753310241481
    efficiency: 0.693219
    discharge_ratio: 0.5
    depth_of_discharge: 1.0
