cost_values:
  wind_capex: 5000.0
  wind_opex: 100
  wind_lifetime: 20
  solar_capex: 1000.0
  solar_opex: 10
  solar_lifetime: 20
  carbon_price: 1.0
timeseries_values:
  load_level: 258100.9459334124
  wind_year: 2018
  solar_year: 2018
  price_year: 2023
  carbon_year: 2023
storage_values:
  CAES:
    cost: 49.0779
    lifetime: 26.3663
    annual_cost: 1.86138745292286
    efficiency: 0.614598
    discharge_ratio: 0.1
    depth_of_discharge: 0.4
  Li-ion:
    cost: 246.38
    lifetime: 22.6768
    annual_cost: 10.864848655895011
    efficiency: 0.921821
    discharge_ratio: 2
    depth_of_discharge: 0.9
  Pb-acid:
    cost: 111.964
    lifetime: 10.2862
    annual_cost: 10.884874880908402
    efficiency: 0.758741
    discharge_ratio: 5
    depth_of_discharge: 0.5
  VRBF:
    cost: 232.023
    lifetime: 13.2227
    annual_cost: 17.54732392022809
    efficiency: 0.658489
    discharge_ratio: 0.5
    depth_of_discharge: 1.0
