cost_values:
  wind_capex: 5000.0
  wind_opex: 100
  wind_lifetime: 20
  solar_capex: 1000.0
  solar_opex: 10
  solar_lifetime: 20
  carbon_price: 1.0
timeseries_values:
  load_level: 258100.9459334124
  wind_year: 2018
  solar_year: 2018
  price_year: 2023
  carbon_year: 2023
storage_values:
  CAES:
    cost: 51.6466
    lifetime: 27.8846
    annual_cost: 1.8521549529130774
    efficiency: 0.617862
    discharge_ratio: 0.1
    depth_of_discharge: 0.4
  Li-ion:
    cost: 217.725
    lifetime: 23.1981
    annual_cost: 9.385466913238584
    efficiency: 0.92724
    discharge_ratio: 2
    depth_of_discharge: 0.9
  Pb-acid:
    cost: 75.3924
    lifetime: 10.1082
    annual_cost: 7.458538612215825
    efficiency: 0.761277
    discharge_ratio: 5
    depth_of_discharge: 0.5
  VRBF:
    cost: 247.003
    lifetime: 12.6458
    annual_cost: 19.532413923990575
    efficiency: 0.691465
    discharge_ratio: 0.5
    depth_of_discharge: 1.0
