cost_values:
  wind_capex: 5000.0
  wind_opex: 100
  wind_lifetime: 20
  solar_capex: 1000.0
  solar_opex: 10
  solar_lifetime: 20
  carbon_price: 1.0
timeseries_values:
  load_level: 258100.9459334124
  wind_year: 2018
  solar_year: 2018
  price_year: 2023
  carbon_year: 2023
storage_values:
  CAES:
    cost: 46.3453
    lifetime: 26.7999
    annual_cost: 1.7293086914503413
    efficiency: 0.622307
    discharge_ratio: 0.1
    depth_of_discharge: 0.4
  Li-ion:
    cost: 276.633
    lifetime: 21.0633
    annual_cost: 13.133412143396331
    efficiency: 0.922287
    discharge_ratio: 2
    depth_of_discharge: 0.9
  Pb-acid:
    cost: 109.675
    lifetime: 10.0246
    annual_cost: 10.940586158051195
    efficiency: 0.761331
    discharge_ratio: 5
    depth_of_discharge: 0.5
  VRBF:
    cost: 243.049
    lifetime: 14.6504
    annual_cost: 16.589922459455032
    efficiency: 0.673453
    discharge_ratio: 0.5
    depth_of_discharge: 1.0
