cost_values:
  wind_capex: 5000.0
  wind_opex: 100
  wind_lifetime: 20
  solar_capex: 1000.0
  solar_opex: 10
  solar_lifetime: 20
  carbon_price: 1.0
timeseries_values:
  load_level: 258100.9459334124
  wind_year: 2018
  solar_year: 2018
  price_year: 2023
  carbon_year: 2023
storage_values:
  CAES:
    cost: 39.3351
    lifetime: 26.6056
    annual_cost: 1.4784519048621343
    efficiency: 0.617184
    discharge_ratio: 0.1
    depth_of_discharge: 0.4
  Li-ion:
    cost: 240.573
    lifetime: 24.8169
    annual_cost: 9.693918257316588
    efficiency: 0.94701
    discharge_ratio: 2
    depth_of_discharge: 0.9
  Pb-acid:
    cost: 90.9004
    lifetime: 10.7403
    annual_cost: 8.463487984506951
    efficiency: 0.767399
    discharge_ratio: 5
    depth_of_discharge: 0.5
  VRBF:
    cost: 236.93
    lifetime: 16.747
    annual_cost: 14.14760852690034
    efficiency: 0.684206
    discharge_ratio: 0.5
    depth_of_discharge: 1.0
