cost_values:
  wind_capex: 5000.0
  wind_opex: 100
  wind_lifetime: 20
  solar_capex: 1000.0
  solar_opex: 10
  solar_lifetime: 20
  carbon_price: 1.0
timeseries_values:
  load_level: 258100.9459334124
  wind_year: 2018
  solar_year: 2018
  price_year: 2023
  carbon_year: 2023
storage_values:
  CAES:
    cost: 42.0636
    lifetime: 27.6925
    annual_cost: 1.518952785050104
    efficiency: 0.631041
    discharge_ratio: 0.1
    depth_of_discharge: 0.4
  Li-ion:
    cost: 221.092
    lifetime: 23.6011
    annual_cost: 9.367868446809684
    efficiency: 0.933025
    discharge_ratio: 2
    depth_of_discharge: 0.9
  Pb-acid:
    cost: 97.0583
    lifetime: 10.1482
    annual_cost: 9.564090183480815
    efficiency: 0.751768
    discharge_ratio: 5
    depth_of_discharge: 0.5
  VRBF:
    cost: 245.495
    lifetime: 12.4017
    annual_cost: 19.795270003305998
    efficiency: 0.675755
    discharge_ratio: 0.5
    depth_of_discharge: 1.0
