cost_values:
  wind_capex: 5000.0
  wind_opex: 100
  wind_lifetime: 20
  solar_capex: 1000.0
  solar_opex: 10
  solar_lifetime: 20
  carbon_price: 1.0
timeseries_values:
  load_level: 258100.9459334124
  wind_year: 2018
  solar_year: 2018
  price_year: 2023
  carbon_year: 2023
storage_values:
  CAES:
    cost: 45.0367
    lifetime: 26.5812
    annual_cost: 1.69430650234
    efficiency: 0.604905
    discharge_ratio: 0.1
    depth_of_discharge: 0.4
  Li-ion:
    cost: 255.738
    lifetime: 21.7085
    annual_cost: 11.780546790427712
    efficiency: 0.93057
    discharge_ratio: 2
    depth_of_discharge: 0.9
  Pb-acid:
    cost: 101.423
    lifetime: 9.44465
    annual_cost: 10.73867215831185
    efficiency: 0.757435
    discharge_ratio: 5
    depth_of_discharge: 0.5
  VRBF:
    cost: 240.897
    lifetime: 14.0414
    annual_cost: 17.15619525118578
    efficiency: 0.654466
    discharge_ratio: 0.5
    depth_of_discharge: 1.0
