cost_values:
  wind_capex: 5000.0
  wind_opex: 100
  wind_lifetime: 20
  solar_capex: 1000.0
  solar_opex: 10
  solar_lifetime: 20
  carbon_price: 1.0
timeseries_values:
  load_level: 258100.9459334124
  wind_year: 2018
  solar_year: 2018
  price_year: 2023
  carbon_year: 2023
storage_values:
  CAES:
    cost: 51.1564
    lifetime: 26.2078
    annual_cost: 1.9519532352963622
    efficiency: 0.625704
    discharge_ratio: 0.1
    depth_of_discharge: 0.4
  Li-ion:
    cost: 260.248
    lifetime: 23.1342
    annual_cost: 11.249492093956134
    efficiency: 0.938146
    discharge_ratio: 2
    depth_of_discharge: 0.9
  Pb-acid:
    cost: 68.5682
    lifetime: 10.4418
    annual_cost: 6.566703058859583
    efficiency: 0.75779
    discharge_ratio: 5
    depth_of_discharge: 0.5
  VRBF:
    cost: 255.962
    lifetime: 12.386
    annual_cost: 20.665428709833684
    efficiency: 0.677987
    discharge_ratio: 0.5
    depth_of_discharge: 1.0
