cost_values:
  wind_capex: 5000.0
  wind_opex: 100
  wind_lifetime: 20
  solar_capex: 1000.0
  solar_opex: 10
  solar_lifetime: 20
  carbon_price: 1.0
timeseries_values:
  load_level: 258100.9459334124
  wind_year: 2018
  solar_year: 2018
  price_year: 2023
  carbon_year: 2023
storage_values:
  CAES:
    cost: 40.4866
    lifetime: 26.1811
    annual_cost: 1.5464056132095292
    efficiency: 0.616068
    discharge_ratio: 0.1
    depth_of_discharge: 0.4
  Li-ion:
    cost: 251.615
    lifetime: 22.0635
    annual_cost: 11.404128991320507
    efficiency: 0.937261
    discharge_ratio: 2
    depth_of_discharge: 0.9
  Pb-acid:
    cost: 89.4516
    lifetime: 10.1588
    annual_cost: 8.805331338347049
    efficiency: 0.747867
    discharge_ratio: 5
    depth_of_discharge: 0.5
  VRBF:
    cost: 227.367
    lifetime: 12.9648
    annual_cost: 17.537254720473896
    efficiency: 0.682554
    discharge_ratio: 0.5
    depth_of_discharge: 1.0
