cost_values:
  wind_capex: 5000.0
  wind_opex: 100
  wind_lifetime: 20
  solar_capex: 1000.0
  solar_opex: 10
  solar_lifetime: 20
  carbon_price: 1.0
timeseries_values:
  load_level: 258100.9459334124
  wind_year: 2018
  solar_year: 2018
  price_year: 2023
  carbon_year: 2023
storage_values:
  CAES:
    cost: 52.9717
    lifetime: 27.2857
    annual_cost: 1.941372220613728
    efficiency: 0.62133
    discharge_ratio: 0.1
    depth_of_discharge: 0.4
  Li-ion:
    cost: 248.739
    lifetime: 24.9611
    annual_cost: 9.96506564213917
    efficiency: 0.935727
    discharge_ratio: 2
    depth_of_discharge: 0.9
  Pb-acid:
    cost: 83.2766
    lifetime: 8.17928
    annual_cost: 10.181409610625874
    efficiency: 0.761264
    discharge_ratio: 5
    depth_of_discharge: 0.5
  VRBF:
    cost: 251.96
    lifetime: 14.3853
    annual_cost: 17.515102222407595
    efficiency: 0.681937
    discharge_ratio: 0.5
    depth_of_discharge: 1.0
