cost_values:
  wind_capex: 5000.0
  wind_opex: 100
  wind_lifetime: 20
  solar_capex: 1000.0
  solar_opex: 10
  solar_lifetime: 20
  carbon_price: 1.0
timeseries_values:
  load_level: 258100.9459334124
  wind_year: 2018
  solar_year: 2018
  price_year: 2023
  carbon_year: 2023
storage_values:
  CAES:
    cost: 43.3405
    lifetime: 25.8467
    annual_cost: 1.6768291503364066
    efficiency: 0.622267
    discharge_ratio: 0.1
    depth_of_discharge: 0.4
  Li-ion:
    cost: 265.084
    lifetime: 23.6997
    annual_cost: 11.185120486757217
    efficiency: 0.927332
    discharge_ratio: 2
    depth_of_discharge: 0.9
  Pb-acid:
    cost: 102.589
    lifetime: 9.06536
    annual_cost: 11.316594156216631
    efficiency: 0.760614
    discharge_ratio: 5
    depth_of_discharge: 0.5
  VRBF:
    cost: 240.183
    lifetime: 13.3718
    annual_cost: 17.961904904350945
    efficiency: 0.706536
    discharge_ratio: 0.5
    depth_of_discharge: 1.0
