cost_values:
  wind_capex: 5000.0
  wind_opex: 100
  wind_lifetime: 20
  solar_capex: 1000.0
  solar_opex: 10
  solar_lifetime: 20
  carbon_price: 1.0
timeseries_values:
  load_level: 258100.9459334124
  wind_year: 2018
  solar_year: 2018
  price_year: 2023
  carbon_year: 2023
storage_values:
  CAES:
    cost: 47.876
    lifetime: 27.4802
    annual_cost: 1.7421998384291235
    efficiency: 0.617651
    discharge_ratio: 0.1
    depth_of_discharge: 0.4
  Li-ion:
    cost: 237.834
    lifetime: 22.8533
    annual_cost: 10.406987174718749
    efficiency: 0.928334
    discharge_ratio: 2
    depth_of_discharge: 0.9
  Pb-acid:
    cost: 80.4722
    lifetime: 9.75265
    annual_cost: 8.251316308900659
    efficiency: 0.766763
    discharge_ratio: 5
    depth_of_discharge: 0.5
  VRBF:
    cost: 264.731
    lifetime: 15.4475
    annual_cost: 17.137465609321897
    efficiency: 0.692667
    discharge_ratio: 0.5
    depth_of_discharge: 1.0
