cost_values:
  wind_capex: 5000.0
  wind_opex: 100
  wind_lifetime: 20
  solar_capex: 1000.0
  solar_opex: 10
  solar_lifetime: 20
  carbon_price: 1.0
timeseries_values:
  load_level: 258100.9459334124
  wind_year: 2018
  solar_year: 2018
  price_year: 2023
  carbon_year: 2023
storage_values:
  CAES:
    cost: 45.9566
    lifetime: 25.8936
    annual_cost: 1.774824667099206
    efficiency: 0.625543
    discharge_ratio: 0.1
    depth_of_discharge: 0.4
  Li-ion:
    cost: 253.434
    lifetime: 21.7467
    annual_cost: 11.653906109892535
    efficiency: 0.944349
    discharge_ratio: 2
    depth_of_discharge: 0.9
  Pb-acid:
    cost: 94.4712
    lifetime: 10.7969
    annual_cost: 8.749844862877307
    efficiency: 0.75751
    discharge_ratio: 5
    depth_of_discharge: 0.5
  VRBF:
    cost: 263.976
    lifetime: 13.5749
    annual_cost: 19.445889104155462
    efficiency: 0.689603
    discharge_ratio: 0.5
    depth_of_discharge: 1.0
