cost_values:
  wind_capex: 5000.0
  wind_opex: 100
  wind_lifetime: 20
  solar_capex: 1000.0
  solar_opex: 10
  solar_lifetime: 20
  carbon_price: 1.0
timeseries_values:
  load_level: 258100.9459334124
  wind_year: 2018
  solar_year: 2018
  price_year: 2023
  carbon_year: 2023
storage_values:
  CAES:
    cost: 46.7372
    lifetime: 25.7332
    annual_cost: 1.816221845709045
    efficiency: 0.608957
    discharge_ratio: 0.1
    depth_of_discharge: 0.4
  Li-ion:
    cost: 221.329
    lifetime: 22.017
    annual_cost: 10.052641140936549
    efficiency: 0.93923
    discharge_ratio: 2
    depth_of_discharge: 0.9
  Pb-acid:
    cost: 76.7873
    lifetime: 8.89587
    annual_cost: 8.631792056313772
    efficiency: 0.750919
    discharge_ratio: 5
    depth_of_discharge: 0.5
  VRBF:
    cost: 261.052
    lifetime: 13.8134
    annual_cost: 18.898460914763927
    efficiency: 0.695622
    discharge_ratio: 0.5
    depth_of_discharge: 1.0
