cost_values:
  wind_capex: 5000.0
  wind_opex: 100
  wind_lifetime: 20
  solar_capex: 1000.0
  solar_opex: 10
  solar_lifetime: 20
  carbon_price: 1.0
timeseries_values:
  load_level: 258100.9459334124
  wind_year: 2018
  solar_year: 2018
  price_year: 2023
  carbon_year: 2023
storage_values:
  CAES:
    cost: 46.3091
    lifetime: 25.4995
    annual_cost: 1.816078746642091
    efficiency: 0.618868
    discharge_ratio: 0.1
    depth_of_discharge: 0.4
  Li-ion:
    cost: 243.105
    lifetime: 22.5646
    annual_cost: 10.773734079044166
    efficiency: 0.927156
    discharge_ratio: 2
    depth_of_discharge: 0.9
  Pb-acid:
    cost: 102.129
    lifetime: 11.6146
    annual_cost: 8.793156888743479
    efficiency: 0.757083
    discharge_ratio: 5
    depth_of_discharge: 0.5
  VRBF:
    cost: 247.162
    lifetime: 12.7589
    annual_cost: 19.37173267287932
    efficiency: 0.69586
    discharge_ratio: 0.5
    depth_of_discharge: 1.0
