cost_values:
  wind_capex: 5000.0
  wind_opex: 100
  wind_lifetime: 20
  solar_capex: 1000.0
  solar_opex: 10
  solar_lifetime: 20
  carbon_price: 1.0
timeseries_values:
  load_level: 264598.0009272072
  wind_year: 2018
  solar_year: 2011
  price_year: 2023
  carbon_year: 2023
storage_values:
  CAES:
    cost: 48.1874
    lifetime: 23.7456
    annual_cost: 2.029319115962536
    efficiency: 0.592527
    discharge_ratio: 0.1
    depth_of_discharge: 0.4
  Li-ion:
    cost: 197.599
    lifetime: 25.5778
    annual_cost: 7.725410316759064
    efficiency: 0.887135
    discharge_ratio: 2
    depth_of_discharge: 0.9
  Pb-acid:
    cost: 164.73
    lifetime: 8.60578
    annual_cost: 19.14178610189896
    efficiency: 0.687008
    discharge_ratio: 5
    depth_of_discharge: 0.5
  VRBF:
    cost: 205.166
    lifetime: 21.5635
    annual_cost: 9.514503675191875
    efficiency: 0.77264
    discharge_ratio: 0.5
    depth_of_discharge: 1.0
