cost_values:
  wind_capex: 5000.0
  wind_opex: 100
  wind_lifetime: 20
  solar_capex: 1000.0
  solar_opex: 10
  solar_lifetime: 20
  carbon_price: 1.0
timeseries_values:
  load_level: 264598.0009272072
  wind_year: 2018
  solar_year: 2011
  price_year: 2023
  carbon_year: 2023
storage_values:
  CAES:
    cost: 47.543
    lifetime: 22.2396
    annual_cost: 2.1377632691235453
    efficiency: 0.598255
    discharge_ratio: 0.1
    depth_of_discharge: 0.4
  Li-ion:
    cost: 204.274
    lifetime: 24.8886
    annual_cost: 8.20753276600532
    efficiency: 0.880634
    discharge_ratio: 2
    depth_of_discharge: 0.9
  Pb-acid:
    cost: 206.868
    lifetime: 11.1073
    annual_cost: 18.624508206314765
    efficiency: 0.678156
    discharge_ratio: 5
    depth_of_discharge: 0.5
  VRBF:
    cost: 209.109
    lifetime: 23.2487
    annual_cost: 8.994438398706166
    efficiency: 0.796673
    discharge_ratio: 0.5
    depth_of_discharge: 1.0
