cost_values:
  wind_capex: 5000.0
  wind_opex: 100
  wind_lifetime: 20
  solar_capex: 1000.0
  solar_opex: 10
  solar_lifetime: 20
  carbon_price: 1.0
timeseries_values:
  load_level: 264598.0009272072
  wind_year: 2018
  solar_year: 2011
  price_year: 2023
  carbon_year: 2023
storage_values:
  CAES:
    cost: 47.6628
    lifetime: 22.9998
    annual_cost: 2.072313672292802
    efficiency: 0.607791
    discharge_ratio: 0.1
    depth_of_discharge: 0.4
  Li-ion:
    cost: 205.994
    lifetime: 24.7507
    annual_cost: 8.322754507953311
    efficiency: 0.862504
    discharge_ratio: 2
    depth_of_discharge: 0.9
  Pb-acid:
    cost: 203.05
    lifetime: 10.2912
    annual_cost: 19.7304493159204
    efficiency: 0.685969
    discharge_ratio: 5
    depth_of_discharge: 0.5
  VRBF:
    cost: 193.435
    lifetime: 23.2503
    annual_cost: 8.319677595557907
    efficiency: 0.793067
    discharge_ratio: 0.5
    depth_of_discharge: 1.0
