cost_values:
  wind_capex: 5000.0
  wind_opex: 100
  wind_lifetime: 20
  solar_capex: 1000.0
  solar_opex: 10
  solar_lifetime: 20
  carbon_price: 1.0
timeseries_values:
  load_level: 264598.0009272072
  wind_year: 2018
  solar_year: 2011
  price_year: 2023
  carbon_year: 2023
storage_values:
  CAES:
    cost: 49.3176
    lifetime: 21.8551
    annual_cost: 2.256571692648398
    efficiency: 0.598162
    discharge_ratio: 0.1
    depth_of_discharge: 0.4
  Li-ion:
    cost: 183.375
    lifetime: 23.6053
    annual_cost: 7.768382524263619
    efficiency: 0.866215
    discharge_ratio: 2
    depth_of_discharge: 0.9
  Pb-acid:
    cost: 150.39
    lifetime: 9.96004
    annual_cost: 15.099336950454013
    efficiency: 0.669643
    discharge_ratio: 5
    depth_of_discharge: 0.5
  VRBF:
    cost: 192.2
    lifetime: 24.0346
    annual_cost: 7.996804606692018
    efficiency: 0.793987
    discharge_ratio: 0.5
    depth_of_discharge: 1.0
