cost_values:
  wind_capex: 5000.0
  wind_opex: 100
  wind_lifetime: 20
  solar_capex: 1000.0
  solar_opex: 10
  solar_lifetime: 20
  carbon_price: 1.0
timeseries_values:
  load_level: 264598.0009272072
  wind_year: 2018
  solar_year: 2011
  price_year: 2023
  carbon_year: 2023
storage_values:
  CAES:
    cost: 40.7933
    lifetime: 22.8074
    annual_cost: 1.7885993142576533
    efficiency: 0.598024
    discharge_ratio: 0.1
    depth_of_discharge: 0.4
  Li-ion:
    cost: 187.416
    lifetime: 24.979
    annual_cost: 7.502942471676208
    efficiency: 0.887007
    discharge_ratio: 2
    depth_of_discharge: 0.9
  Pb-acid:
    cost: 201.066
    lifetime: 9.68791
    annual_cost: 20.75432162354935
    efficiency: 0.675205
    discharge_ratio: 5
    depth_of_discharge: 0.5
  VRBF:
    cost: 188.852
    lifetime: 25.7889
    annual_cost: 7.322995552350042
    efficiency: 0.785754
    discharge_ratio: 0.5
    depth_of_discharge: 1.0
