cost_values:
  wind_capex: 5000.0
  wind_opex: 100
  wind_lifetime: 20
  solar_capex: 1000.0
  solar_opex: 10
  solar_lifetime: 20
  carbon_price: 1.0
timeseries_values:
  load_level: 264598.0009272072
  wind_year: 2018
  solar_year: 2011
  price_year: 2023
  carbon_year: 2023
storage_values:
  CAES:
    cost: 40.8905
    lifetime: 22.5262
    annual_cost: 1.8152418073177015
    efficiency: 0.602845
    discharge_ratio: 0.1
    depth_of_discharge: 0.4
  Li-ion:
    cost: 198.248
    lifetime: 23.8765
    annual_cost: 8.303059493644378
    efficiency: 0.876414
    discharge_ratio: 2
    depth_of_discharge: 0.9
  Pb-acid:
    cost: 199.037
    lifetime: 10.4457
    annual_cost: 19.05444345520166
    efficiency: 0.676676
    discharge_ratio: 5
    depth_of_discharge: 0.5
  VRBF:
    cost: 217.598
    lifetime: 24.8579
    annual_cost: 8.753675893780247
    efficiency: 0.771016
    discharge_ratio: 0.5
    depth_of_discharge: 1.0
