cost_values:
  wind_capex: 5000.0
  wind_opex: 100
  wind_lifetime: 20
  solar_capex: 1000.0
  solar_opex: 10
  solar_lifetime: 20
  carbon_price: 1.0
timeseries_values:
  load_level: 264598.0009272072
  wind_year: 2018
  solar_year: 2011
  price_year: 2023
  carbon_year: 2023
storage_values:
  CAES:
    cost: 40.848
    lifetime: 22.9799
    annual_cost: 1.7775534271254443
    efficiency: 0.60787
    discharge_ratio: 0.1
    depth_of_discharge: 0.4
  Li-ion:
    cost: 210.049
    lifetime: 27.5661
    annual_cost: 7.619830153703281
    efficiency: 0.877425
    discharge_ratio: 2
    depth_of_discharge: 0.9
  Pb-acid:
    cost: 190.687
    lifetime: 10.099
    annual_cost: 18.881770472323993
    efficiency: 0.692956
    discharge_ratio: 5
    depth_of_discharge: 0.5
  VRBF:
    cost: 202.673
    lifetime: 23.1302
    annual_cost: 8.762267511737901
    efficiency: 0.790478
    discharge_ratio: 0.5
    depth_of_discharge: 1.0
