cost_values:
  wind_capex: 5000.0
  wind_opex: 100
  wind_lifetime: 20
  solar_capex: 1000.0
  solar_opex: 10
  solar_lifetime: 20
  carbon_price: 1.0
timeseries_values:
  load_level: 264598.0009272072
  wind_year: 2018
  solar_year: 2011
  price_year: 2023
  carbon_year: 2023
storage_values:
  CAES:
    cost: 45.8849
    lifetime: 22.153
    annual_cost: 2.071272513880739
    efficiency: 0.60028
    discharge_ratio: 0.1
    depth_of_discharge: 0.4
  Li-ion:
    cost: 193.725
    lifetime: 26.0185
    annual_cost: 7.4456636623940655
    efficiency: 0.878893
    discharge_ratio: 2
    depth_of_discharge: 0.9
  Pb-acid:
    cost: 167.671
    lifetime: 9.61745
    annual_cost: 17.43403916838663
    efficiency: 0.679149
    discharge_ratio: 5
    depth_of_discharge: 0.5
  VRBF:
    cost: 191.372
    lifetime: 23.6525
    annual_cost: 8.0909840397421
    efficiency: 0.784263
    discharge_ratio: 0.5
    depth_of_discharge: 1.0
