cost_values:
  wind_capex: 5000.0
  wind_opex: 100
  wind_lifetime: 20
  solar_capex: 1000.0
  solar_opex: 10
  solar_lifetime: 20
  carbon_price: 1.0
timeseries_values:
  load_level: 264598.0009272072
  wind_year: 2018
  solar_year: 2011
  price_year: 2023
  carbon_year: 2023
storage_values:
  CAES:
    cost: 49.3042
    lifetime: 22.1413
    annual_cost: 2.2267978844963934
    efficiency: 0.602665
    discharge_ratio: 0.1
    depth_of_discharge: 0.4
  Li-ion:
    cost: 178.917
    lifetime: 24.5957
    annual_cost: 7.274320308021321
    efficiency: 0.879588
    discharge_ratio: 2
    depth_of_discharge: 0.9
  Pb-acid:
    cost: 191.319
    lifetime: 9.96853
    annual_cost: 19.19229816231681
    efficiency: 0.672229
    discharge_ratio: 5
    depth_of_discharge: 0.5
  VRBF:
    cost: 206.475
    lifetime: 25.2685
    annual_cost: 8.171240873023725
    efficiency: 0.786831
    discharge_ratio: 0.5
    depth_of_discharge: 1.0
