cost_values:
  wind_capex: 5000.0
  wind_opex: 100
  wind_lifetime: 20
  solar_capex: 1000.0
  solar_opex: 10
  solar_lifetime: 20
  carbon_price: 1.0
timeseries_values:
  load_level: 264598.0009272072
  wind_year: 2018
  solar_year: 2011
  price_year: 2023
  carbon_year: 2023
storage_values:
  CAES:
    cost: 45.8207
    lifetime: 20.9152
    annual_cost: 2.1907846924724605
    efficiency: 0.605599
    discharge_ratio: 0.1
    depth_of_discharge: 0.4
  Li-ion:
    cost: 221.356
    lifetime: 24.4358
    annual_cost: 9.058676204585076
    efficiency: 0.876517
    discharge_ratio: 2
    depth_of_discharge: 0.9
  Pb-acid:
    cost: 182.828
    lifetime: 10.7016
    annual_cost: 17.08417432907229
    efficiency: 0.684467
    discharge_ratio: 5
    depth_of_discharge: 0.5
  VRBF:
    cost: 193.607
    lifetime: 24.668
    annual_cost: 7.848508188746554
    efficiency: 0.781878
    discharge_ratio: 0.5
    depth_of_discharge: 1.0
