cost_values:
  wind_capex: 5000.0
  wind_opex: 100
  wind_lifetime: 20
  solar_capex: 1000.0
  solar_opex: 10
  solar_lifetime: 20
  carbon_price: 1.0
timeseries_values:
  load_level: 264598.0009272072
  wind_year: 2018
  solar_year: 2011
  price_year: 2023
  carbon_year: 2023
storage_values:
  CAES:
    cost: 49.8795
    lifetime: 23.6185
    annual_cost: 2.111882634375595
    efficiency: 0.597489
    discharge_ratio: 0.1
    depth_of_discharge: 0.4
  Li-ion:
    cost: 212.055
    lifetime: 26.4258
    annual_cost: 8.02454419544536
    efficiency: 0.884628
    discharge_ratio: 2
    depth_of_discharge: 0.9
  Pb-acid:
    cost: 177.555
    lifetime: 11.4552
    annual_cost: 15.499947622040647
    efficiency: 0.681712
    discharge_ratio: 5
    depth_of_discharge: 0.5
  VRBF:
    cost: 240.297
    lifetime: 24.765
    annual_cost: 9.703089036947304
    efficiency: 0.770232
    discharge_ratio: 0.5
    depth_of_discharge: 1.0
