cost_values:
  wind_capex: 5000.0
  wind_opex: 100
  wind_lifetime: 20
  solar_capex: 1000.0
  solar_opex: 10
  solar_lifetime: 20
  carbon_price: 1.0
timeseries_values:
  load_level: 264598.0009272072
  wind_year: 2018
  solar_year: 2011
  price_year: 2023
  carbon_year: 2023
storage_values:
  CAES:
    cost: 39.0349
    lifetime: 22.5743
    annual_cost: 1.729174326557191
    efficiency: 0.611358
    discharge_ratio: 0.1
    depth_of_discharge: 0.4
  Li-ion:
    cost: 197.008
    lifetime: 25.1284
    annual_cost: 7.840053485299502
    efficiency: 0.874614
    discharge_ratio: 2
    depth_of_discharge: 0.9
  Pb-acid:
    cost: 182.235
    lifetime: 10.4985
    annual_cost: 17.35819402771825
    efficiency: 0.696163
    discharge_ratio: 5
    depth_of_discharge: 0.5
  VRBF:
    cost: 201.423
    lifetime: 27.3204
    annual_cost: 7.372622655598015
    efficiency: 0.763659
    discharge_ratio: 0.5
    depth_of_discharge: 1.0
