cost_values:
  wind_capex: 5000.0
  wind_opex: 100
  wind_lifetime: 20
  solar_capex: 1000.0
  solar_opex: 10
  solar_lifetime: 20
  carbon_price: 1.0
timeseries_values:
  load_level: 264598.0009272072
  wind_year: 2018
  solar_year: 2011
  price_year: 2023
  carbon_year: 2023
storage_values:
  CAES:
    cost: 48.836
    lifetime: 22.6035
    annual_cost: 2.160550357245559
    efficiency: 0.598506
    discharge_ratio: 0.1
    depth_of_discharge: 0.4
  Li-ion:
    cost: 205.527
    lifetime: 27.0173
    annual_cost: 7.60723684454035
    efficiency: 0.854538
    discharge_ratio: 2
    depth_of_discharge: 0.9
  Pb-acid:
    cost: 189.869
    lifetime: 9.04793
    annual_cost: 20.984799838195038
    efficiency: 0.675212
    discharge_ratio: 5
    depth_of_discharge: 0.5
  VRBF:
    cost: 209.931
    lifetime: 24.4087
    annual_cost: 8.600662878399916
    efficiency: 0.773202
    discharge_ratio: 0.5
    depth_of_discharge: 1.0
