cost_values:
  wind_capex: 5000.0
  wind_opex: 100
  wind_lifetime: 20
  solar_capex: 1000.0
  solar_opex: 10
  solar_lifetime: 20
  carbon_price: 1.0
timeseries_values:
  load_level: 264598.0009272072
  wind_year: 2018
  solar_year: 2011
  price_year: 2023
  carbon_year: 2023
storage_values:
  CAES:
    cost: 42.9023
    lifetime: 22.5862
    annual_cost: 1.899491725035641
    efficiency: 0.595283
    discharge_ratio: 0.1
    depth_of_discharge: 0.4
  Li-ion:
    cost: 226.212
    lifetime: 25.7907
    annual_cost: 8.771068641021763
    efficiency: 0.898085
    discharge_ratio: 2
    depth_of_discharge: 0.9
  Pb-acid:
    cost: 173.917
    lifetime: 10.7965
    annual_cost: 16.10864632056685
    efficiency: 0.688216
    discharge_ratio: 5
    depth_of_discharge: 0.5
  VRBF:
    cost: 179.075
    lifetime: 24.0365
    annual_cost: 7.450127930439123
    efficiency: 0.750881
    discharge_ratio: 0.5
    depth_of_discharge: 1.0
