cost_values:
  wind_capex: 5000.0
  wind_opex: 100
  wind_lifetime: 20
  solar_capex: 1000.0
  solar_opex: 10
  solar_lifetime: 20
  carbon_price: 1.0
timeseries_values:
  load_level: 264598.0009272072
  wind_year: 2018
  solar_year: 2011
  price_year: 2023
  carbon_year: 2023
storage_values:
  CAES:
    cost: 43.5976
    lifetime: 22.0317
    annual_cost: 1.9788577368065106
    efficiency: 0.610273
    discharge_ratio: 0.1
    depth_of_discharge: 0.4
  Li-ion:
    cost: 208.754
    lifetime: 23.4588
    annual_cost: 8.898750149197742
    efficiency: 0.872401
    discharge_ratio: 2
    depth_of_discharge: 0.9
  Pb-acid:
    cost: 207.447
    lifetime: 11.1587
    annual_cost: 18.590606432648965
    efficiency: 0.678521
    discharge_ratio: 5
    depth_of_discharge: 0.5
  VRBF:
    cost: 203.069
    lifetime: 22.5335
    annual_cost: 9.011871213970311
    efficiency: 0.779491
    discharge_ratio: 0.5
    depth_of_discharge: 1.0
