cost_values:
  wind_capex: 5000.0
  wind_opex: 100
  wind_lifetime: 20
  solar_capex: 1000.0
  solar_opex: 10
  solar_lifetime: 20
  carbon_price: 1.0
timeseries_values:
  load_level: 264598.0009272072
  wind_year: 2018
  solar_year: 2011
  price_year: 2023
  carbon_year: 2023
storage_values:
  CAES:
    cost: 50.627
    lifetime: 21.7046
    annual_cost: 2.3325470176828875
    efficiency: 0.609871
    discharge_ratio: 0.1
    depth_of_discharge: 0.4
  Li-ion:
    cost: 207.435
    lifetime: 24.9984
    annual_cost: 8.297931067588326
    efficiency: 0.868731
    discharge_ratio: 2
    depth_of_discharge: 0.9
  Pb-acid:
    cost: 174.34
    lifetime: 11.5434
    annual_cost: 15.103002581561759
    efficiency: 0.665419
    discharge_ratio: 5
    depth_of_discharge: 0.5
  VRBF:
    cost: 203.359
    lifetime: 24.0902
    annual_cost: 8.441565449850977
    efficiency: 0.767836
    discharge_ratio: 0.5
    depth_of_discharge: 1.0
