cost_values:
  wind_capex: 5000.0
  wind_opex: 100
  wind_lifetime: 20
  solar_capex: 1000.0
  solar_opex: 10
  solar_lifetime: 20
  carbon_price: 1.0
timeseries_values:
  load_level: 264598.0009272072
  wind_year: 2018
  solar_year: 2011
  price_year: 2023
  carbon_year: 2023
storage_values:
  CAES:
    cost: 45.6579
    lifetime: 21.9288
    annual_cost: 2.0820975155959287
    efficiency: 0.604368
    discharge_ratio: 0.1
    depth_of_discharge: 0.4
  Li-ion:
    cost: 216.85
    lifetime: 25.5284
    annual_cost: 8.494461070807414
    efficiency: 0.884912
    discharge_ratio: 2
    depth_of_discharge: 0.9
  Pb-acid:
    cost: 184.727
    lifetime: 10.847
    annual_cost: 17.03023877569835
    efficiency: 0.684024
    discharge_ratio: 5
    depth_of_discharge: 0.5
  VRBF:
    cost: 202.163
    lifetime: 23.0927
    annual_cost: 8.754411567291829
    efficiency: 0.781306
    discharge_ratio: 0.5
    depth_of_discharge: 1.0
