cost_values:
  wind_capex: 5000.0
  wind_opex: 100
  wind_lifetime: 20
  solar_capex: 1000.0
  solar_opex: 10
  solar_lifetime: 20
  carbon_price: 1.0
timeseries_values:
  load_level: 264598.0009272072
  wind_year: 2018
  solar_year: 2011
  price_year: 2023
  carbon_year: 2023
storage_values:
  CAES:
    cost: 49.5789
    lifetime: 21.6908
    annual_cost: 2.285710992678924
    efficiency: 0.597776
    discharge_ratio: 0.1
    depth_of_discharge: 0.4
  Li-ion:
    cost: 216.705
    lifetime: 27.1425
    annual_cost: 7.983973473335176
    efficiency: 0.898827
    discharge_ratio: 2
    depth_of_discharge: 0.9
  Pb-acid:
    cost: 207.225
    lifetime: 11.3046
    annual_cost: 18.33103338463988
    efficiency: 0.676973
    discharge_ratio: 5
    depth_of_discharge: 0.5
  VRBF:
    cost: 200.701
    lifetime: 22.8661
    annual_cost: 8.777229173317705
    efficiency: 0.76223
    discharge_ratio: 0.5
    depth_of_discharge: 1.0
