cost_values:
  wind_capex: 5000.0
  wind_opex: 100
  wind_lifetime: 20
  solar_capex: 1000.0
  solar_opex: 10
  solar_lifetime: 20
  carbon_price: 1.0
timeseries_values:
  load_level: 264598.0009272072
  wind_year: 2018
  solar_year: 2011
  price_year: 2023
  carbon_year: 2023
storage_values:
  CAES:
    cost: 48.8596
    lifetime: 22.525
    annual_cost: 2.1691276359600447
    efficiency: 0.600782
    discharge_ratio: 0.1
    depth_of_discharge: 0.4
  Li-ion:
    cost: 203.453
    lifetime: 26.6533
    annual_cost: 7.633313698491368
    efficiency: 0.874961
    discharge_ratio: 2
    depth_of_discharge: 0.9
  Pb-acid:
    cost: 190.56
    lifetime: 12.0848
    annual_cost: 15.768568780616974
    efficiency: 0.685994
    discharge_ratio: 5
    depth_of_discharge: 0.5
  VRBF:
    cost: 191.063
    lifetime: 22.8337
    annual_cost: 8.36758825770681
    efficiency: 0.765012
    discharge_ratio: 0.5
    depth_of_discharge: 1.0
