cost_values:
  wind_capex: 5000.0
  wind_opex: 100
  wind_lifetime: 20
  solar_capex: 1000.0
  solar_opex: 10
  solar_lifetime: 20
  carbon_price: 1.0
timeseries_values:
  load_level: 264598.0009272072
  wind_year: 2018
  solar_year: 2011
  price_year: 2023
  carbon_year: 2023
storage_values:
  CAES:
    cost: 43.0783
    lifetime: 22.1444
    annual_cost: 1.9453360669063058
    efficiency: 0.596919
    discharge_ratio: 0.1
    depth_of_discharge: 0.4
  Li-ion:
    cost: 215.266
    lifetime: 26.384
    annual_cost: 8.158959975742874
    efficiency: 0.893724
    discharge_ratio: 2
    depth_of_discharge: 0.9
  Pb-acid:
    cost: 174.835
    lifetime: 11.0963
    annual_cost: 15.756152951884864
    efficiency: 0.678757
    discharge_ratio: 5
    depth_of_discharge: 0.5
  VRBF:
    cost: 219.828
    lifetime: 23.2324
    annual_cost: 9.462130472960178
    efficiency: 0.792109
    discharge_ratio: 0.5
    depth_of_discharge: 1.0
