cost_values:
  wind_capex: 5000.0
  wind_opex: 100
  wind_lifetime: 20
  solar_capex: 1000.0
  solar_opex: 10
  solar_lifetime: 20
  carbon_price: 1.0
timeseries_values:
  load_level: 264598.0009272072
  wind_year: 2018
  solar_year: 2011
  price_year: 2023
  carbon_year: 2023
storage_values:
  CAES:
    cost: 44.8165
    lifetime: 22.9168
    annual_cost: 1.9556177127696712
    efficiency: 0.605031
    discharge_ratio: 0.1
    depth_of_discharge: 0.4
  Li-ion:
    cost: 211.433
    lifetime: 26.3097
    annual_cost: 8.036313602967727
    efficiency: 0.879197
    discharge_ratio: 2
    depth_of_discharge: 0.9
  Pb-acid:
    cost: 192.983
    lifetime: 9.9485
    annual_cost: 19.398200733778964
    efficiency: 0.678627
    discharge_ratio: 5
    depth_of_discharge: 0.5
  VRBF:
    cost: 184.672
    lifetime: 25.3888
    annual_cost: 7.27375850768843
    efficiency: 0.74648
    discharge_ratio: 0.5
    depth_of_discharge: 1.0
