cost_values:
  wind_capex: 5000.0
  wind_opex: 100
  wind_lifetime: 20
  solar_capex: 1000.0
  solar_opex: 10
  solar_lifetime: 20
  carbon_price: 1.0
timeseries_values:
  load_level: 264598.0009272072
  wind_year: 2018
  solar_year: 2011
  price_year: 2023
  carbon_year: 2023
storage_values:
  CAES:
    cost: 37.2666
    lifetime: 22.5188
    annual_cost: 1.6549105636179546
    efficiency: 0.608958
    discharge_ratio: 0.1
    depth_of_discharge: 0.4
  Li-ion:
    cost: 220.644
    lifetime: 23.9207
    annual_cost: 9.22397755918514
    efficiency: 0.87014
    discharge_ratio: 2
    depth_of_discharge: 0.9
  Pb-acid:
    cost: 186.252
    lifetime: 10.9425
    annual_cost: 17.020973269362578
    efficiency: 0.684275
    discharge_ratio: 5
    depth_of_discharge: 0.5
  VRBF:
    cost: 222.144
    lifetime: 21.7463
    annual_cost: 10.215255008898065
    efficiency: 0.777388
    discharge_ratio: 0.5
    depth_of_discharge: 1.0
