cost_values:
  wind_capex: 5000.0
  wind_opex: 100
  wind_lifetime: 20
  solar_capex: 1000.0
  solar_opex: 10
  solar_lifetime: 20
  carbon_price: 1.0
timeseries_values:
  load_level: 264598.0009272072
  wind_year: 2018
  solar_year: 2011
  price_year: 2023
  carbon_year: 2023
storage_values:
  CAES:
    cost: 42.334
    lifetime: 24.1186
    annual_cost: 1.7552428416243067
    efficiency: 0.60227
    discharge_ratio: 0.1
    depth_of_discharge: 0.4
  Li-ion:
    cost: 187.044
    lifetime: 27.3206
    annual_cost: 6.846262527177296
    efficiency: 0.878453
    discharge_ratio: 2
    depth_of_discharge: 0.9
  Pb-acid:
    cost: 184.047
    lifetime: 9.11574
    annual_cost: 20.190022971256308
    efficiency: 0.679975
    discharge_ratio: 5
    depth_of_discharge: 0.5
  VRBF:
    cost: 229.677
    lifetime: 24.1013
    annual_cost: 9.52965192748939
    efficiency: 0.767299
    discharge_ratio: 0.5
    depth_of_discharge: 1.0
