cost_values:
  wind_capex: 5000.0
  wind_opex: 100
  wind_lifetime: 20
  solar_capex: 1000.0
  solar_opex: 10
  solar_lifetime: 20
  carbon_price: 1.0
timeseries_values:
  load_level: 264598.0009272072
  wind_year: 2018
  solar_year: 2011
  price_year: 2023
  carbon_year: 2023
storage_values:
  CAES:
    cost: 48.7373
    lifetime: 22.2888
    annual_cost: 2.1866273644162093
    efficiency: 0.615141
    discharge_ratio: 0.1
    depth_of_discharge: 0.4
  Li-ion:
    cost: 213.172
    lifetime: 27.0777
    annual_cost: 7.872603655406478
    efficiency: 0.871603
    discharge_ratio: 2
    depth_of_discharge: 0.9
  Pb-acid:
    cost: 210.907
    lifetime: 10.215
    annual_cost: 20.646793930494372
    efficiency: 0.672672
    discharge_ratio: 5
    depth_of_discharge: 0.5
  VRBF:
    cost: 201.573
    lifetime: 23.6006
    annual_cost: 8.541011669194852
    efficiency: 0.756949
    discharge_ratio: 0.5
    depth_of_discharge: 1.0
