cost_values:
  wind_capex: 5000.0
  wind_opex: 100
  wind_lifetime: 20
  solar_capex: 1000.0
  solar_opex: 10
  solar_lifetime: 20
  carbon_price: 1.0
timeseries_values:
  load_level: 264598.0009272072
  wind_year: 2018
  solar_year: 2011
  price_year: 2023
  carbon_year: 2023
storage_values:
  CAES:
    cost: 40.92
    lifetime: 22.2032
    annual_cost: 1.8429775888160267
    efficiency: 0.603792
    discharge_ratio: 0.1
    depth_of_discharge: 0.4
  Li-ion:
    cost: 224.14
    lifetime: 26.2618
    annual_cost: 8.53483005734565
    efficiency: 0.857639
    discharge_ratio: 2
    depth_of_discharge: 0.9
  Pb-acid:
    cost: 177.452
    lifetime: 10.105
    annual_cost: 17.56081147946561
    efficiency: 0.693353
    discharge_ratio: 5
    depth_of_discharge: 0.5
  VRBF:
    cost: 191.444
    lifetime: 25.3349
    annual_cost: 7.556532688110076
    efficiency: 0.785251
    discharge_ratio: 0.5
    depth_of_discharge: 1.0
