cost_values:
  wind_capex: 5000.0
  wind_opex: 100
  wind_lifetime: 20
  solar_capex: 1000.0
  solar_opex: 10
  solar_lifetime: 20
  carbon_price: 1.0
timeseries_values:
  load_level: 264598.0009272072
  wind_year: 2018
  solar_year: 2011
  price_year: 2023
  carbon_year: 2023
storage_values:
  CAES:
    cost: 44.1477
    lifetime: 22.5943
    annual_cost: 1.953930858667894
    efficiency: 0.600477
    discharge_ratio: 0.1
    depth_of_discharge: 0.4
  Li-ion:
    cost: 203.657
    lifetime: 24.8105
    annual_cost: 8.208500433284295
    efficiency: 0.863962
    discharge_ratio: 2
    depth_of_discharge: 0.9
  Pb-acid:
    cost: 201.041
    lifetime: 9.7733
    annual_cost: 20.57043168632908
    efficiency: 0.691138
    discharge_ratio: 5
    depth_of_discharge: 0.5
  VRBF:
    cost: 228.534
    lifetime: 24.597
    annual_cost: 9.291133065007926
    efficiency: 0.799523
    discharge_ratio: 0.5
    depth_of_discharge: 1.0
