cost_values:
  wind_capex: 5000.0
  wind_opex: 100
  wind_lifetime: 20
  solar_capex: 1000.0
  solar_opex: 10
  solar_lifetime: 20
  carbon_price: 1.0
timeseries_values:
  load_level: 264598.0009272072
  wind_year: 2018
  solar_year: 2011
  price_year: 2023
  carbon_year: 2023
storage_values:
  CAES:
    cost: 46.5872
    lifetime: 22.9121
    annual_cost: 2.033301181471799
    efficiency: 0.610407
    discharge_ratio: 0.1
    depth_of_discharge: 0.4
  Li-ion:
    cost: 214.261
    lifetime: 26.267
    annual_cost: 8.157041154300073
    efficiency: 0.875134
    discharge_ratio: 2
    depth_of_discharge: 0.9
  Pb-acid:
    cost: 177.733
    lifetime: 10.4571
    annual_cost: 16.996394793967735
    efficiency: 0.668221
    discharge_ratio: 5
    depth_of_discharge: 0.5
  VRBF:
    cost: 229.726
    lifetime: 24.7439
    annual_cost: 9.284146799817329
    efficiency: 0.755843
    discharge_ratio: 0.5
    depth_of_discharge: 1.0
