cost_values:
  wind_capex: 5000.0
  wind_opex: 100
  wind_lifetime: 20
  solar_capex: 1000.0
  solar_opex: 10
  solar_lifetime: 20
  carbon_price: 1.0
timeseries_values:
  load_level: 264598.0009272072
  wind_year: 2018
  solar_year: 2011
  price_year: 2023
  carbon_year: 2023
storage_values:
  CAES:
    cost: 48.1291
    lifetime: 21.9156
    annual_cost: 2.196111445728157
    efficiency: 0.607762
    discharge_ratio: 0.1
    depth_of_discharge: 0.4
  Li-ion:
    cost: 220.164
    lifetime: 25.4356
    annual_cost: 8.655742345374199
    efficiency: 0.882322
    discharge_ratio: 2
    depth_of_discharge: 0.9
  Pb-acid:
    cost: 184.061
    lifetime: 9.43496
    annual_cost: 19.50840279132079
    efficiency: 0.681734
    discharge_ratio: 5
    depth_of_discharge: 0.5
  VRBF:
    cost: 212.263
    lifetime: 23.8208
    annual_cost: 8.910825832885546
    efficiency: 0.785553
    discharge_ratio: 0.5
    depth_of_discharge: 1.0
