cost_values:
  wind_capex: 5000.0
  wind_opex: 100
  wind_lifetime: 20
  solar_capex: 1000.0
  solar_opex: 10
  solar_lifetime: 20
  carbon_price: 1.0
timeseries_values:
  load_level: 264598.0009272072
  wind_year: 2018
  solar_year: 2011
  price_year: 2023
  carbon_year: 2023
storage_values:
  CAES:
    cost: 48.5132
    lifetime: 22.5855
    annual_cost: 2.1479798986075136
    efficiency: 0.607804
    discharge_ratio: 0.1
    depth_of_discharge: 0.4
  Li-ion:
    cost: 198.473
    lifetime: 26.4622
    annual_cost: 7.50024563339405
    efficiency: 0.86877
    discharge_ratio: 2
    depth_of_discharge: 0.9
  Pb-acid:
    cost: 211.433
    lifetime: 10.2577
    annual_cost: 20.612125525215205
    efficiency: 0.688518
    discharge_ratio: 5
    depth_of_discharge: 0.5
  VRBF:
    cost: 189.062
    lifetime: 25.3706
    annual_cost: 7.452011383254634
    efficiency: 0.78566
    discharge_ratio: 0.5
    depth_of_discharge: 1.0
