cost_values:
  wind_capex: 5000.0
  wind_opex: 100
  wind_lifetime: 20
  solar_capex: 1000.0
  solar_opex: 10
  solar_lifetime: 20
  carbon_price: 1.0
timeseries_values:
  load_level: 264598.0009272072
  wind_year: 2018
  solar_year: 2011
  price_year: 2023
  carbon_year: 2023
storage_values:
  CAES:
    cost: 42.6
    lifetime: 21.8407
    annual_cost: 1.9504869349425615
    efficiency: 0.598173
    discharge_ratio: 0.1
    depth_of_discharge: 0.4
  Li-ion:
    cost: 207.199
    lifetime: 25.8064
    annual_cost: 8.028977307954616
    efficiency: 0.875193
    discharge_ratio: 2
    depth_of_discharge: 0.9
  Pb-acid:
    cost: 198.87
    lifetime: 11.1228
    annual_cost: 17.87949077570396
    efficiency: 0.686349
    discharge_ratio: 5
    depth_of_discharge: 0.5
  VRBF:
    cost: 203.539
    lifetime: 23.4259
    annual_cost: 8.688630959749679
    efficiency: 0.769596
    discharge_ratio: 0.5
    depth_of_discharge: 1.0
