cost_values:
  wind_capex: 5000.0
  wind_opex: 100
  wind_lifetime: 20
  solar_capex: 1000.0
  solar_opex: 10
  solar_lifetime: 20
  carbon_price: 1.0
timeseries_values:
  load_level: 264598.0009272072
  wind_year: 2018
  solar_year: 2011
  price_year: 2023
  carbon_year: 2023
storage_values:
  CAES:
    cost: 48.8232
    lifetime: 22.2752
    annual_cost: 2.1918187042091652
    efficiency: 0.601037
    discharge_ratio: 0.1
    depth_of_discharge: 0.4
  Li-ion:
    cost: 205.405
    lifetime: 26.9469
    annual_cost: 7.6225836738177675
    efficiency: 0.874832
    discharge_ratio: 2
    depth_of_discharge: 0.9
  Pb-acid:
    cost: 214.535
    lifetime: 10.2891
    annual_cost: 20.850706087024133
    efficiency: 0.696714
    discharge_ratio: 5
    depth_of_discharge: 0.5
  VRBF:
    cost: 192.302
    lifetime: 25.8978
    annual_cost: 7.42541837530601
    efficiency: 0.769728
    discharge_ratio: 0.5
    depth_of_discharge: 1.0
