cost_values:
  wind_capex: 5000.0
  wind_opex: 100
  wind_lifetime: 20
  solar_capex: 1000.0
  solar_opex: 10
  solar_lifetime: 20
  carbon_price: 1.0
timeseries_values:
  load_level: 264598.0009272072
  wind_year: 2018
  solar_year: 2011
  price_year: 2023
  carbon_year: 2023
storage_values:
  CAES:
    cost: 49.5233
    lifetime: 22.1862
    annual_cost: 2.232166842451614
    efficiency: 0.588654
    discharge_ratio: 0.1
    depth_of_discharge: 0.4
  Li-ion:
    cost: 192.739
    lifetime: 27.9554
    annual_cost: 6.894517696044414
    efficiency: 0.882906
    discharge_ratio: 2
    depth_of_discharge: 0.9
  Pb-acid:
    cost: 198.299
    lifetime: 9.61374
    annual_cost: 20.626623977765156
    efficiency: 0.663741
    discharge_ratio: 5
    depth_of_discharge: 0.5
  VRBF:
    cost: 187.01
    lifetime: 22.9679
    annual_cost: 8.142233290810218
    efficiency: 0.77651
    discharge_ratio: 0.5
    depth_of_discharge: 1.0
