cost_values:
  wind_capex: 5000.0
  wind_opex: 100
  wind_lifetime: 20
  solar_capex: 1000.0
  solar_opex: 10
  solar_lifetime: 20
  carbon_price: 1.0
timeseries_values:
  load_level: 264598.0009272072
  wind_year: 2018
  solar_year: 2011
  price_year: 2023
  carbon_year: 2023
storage_values:
  CAES:
    cost: 51.0166
    lifetime: 21.7556
    annual_cost: 2.344987037820147
    efficiency: 0.610103
    discharge_ratio: 0.1
    depth_of_discharge: 0.4
  Li-ion:
    cost: 227.359
    lifetime: 25.3551
    annual_cost: 8.966992833788863
    efficiency: 0.870222
    discharge_ratio: 2
    depth_of_discharge: 0.9
  Pb-acid:
    cost: 197.277
    lifetime: 10.2587
    annual_cost: 19.230214354645327
    efficiency: 0.672739
    discharge_ratio: 5
    depth_of_discharge: 0.5
  VRBF:
    cost: 209.312
    lifetime: 25.9452
    annual_cost: 8.067465272959932
    efficiency: 0.772991
    discharge_ratio: 0.5
    depth_of_discharge: 1.0
