cost_values:
  wind_capex: 5000.0
  wind_opex: 100
  wind_lifetime: 20
  solar_capex: 1000.0
  solar_opex: 10
  solar_lifetime: 20
  carbon_price: 1.0
timeseries_values:
  load_level: 264598.0009272072
  wind_year: 2018
  solar_year: 2011
  price_year: 2023
  carbon_year: 2023
storage_values:
  CAES:
    cost: 53.141
    lifetime: 22.0906
    annual_cost: 2.405593329289381
    efficiency: 0.598713
    discharge_ratio: 0.1
    depth_of_discharge: 0.4
  Li-ion:
    cost: 211.614
    lifetime: 24.8434
    annual_cost: 8.517916227247479
    efficiency: 0.873955
    discharge_ratio: 2
    depth_of_discharge: 0.9
  Pb-acid:
    cost: 211.527
    lifetime: 11.966
    annual_cost: 17.677335784723383
    efficiency: 0.689927
    discharge_ratio: 5
    depth_of_discharge: 0.5
  VRBF:
    cost: 190.512
    lifetime: 26.1631
    annual_cost: 7.281705914054527
    efficiency: 0.766533
    discharge_ratio: 0.5
    depth_of_discharge: 1.0
