cost_values:
  wind_capex: 5000.0
  wind_opex: 100
  wind_lifetime: 20
  solar_capex: 1000.0
  solar_opex: 10
  solar_lifetime: 20
  carbon_price: 1.0
timeseries_values:
  load_level: 264598.0009272072
  wind_year: 2018
  solar_year: 2011
  price_year: 2023
  carbon_year: 2023
storage_values:
  CAES:
    cost: 45.7675
    lifetime: 22.7663
    annual_cost: 2.0103178821328016
    efficiency: 0.598498
    discharge_ratio: 0.1
    depth_of_discharge: 0.4
  Li-ion:
    cost: 208.926
    lifetime: 26.6885
    annual_cost: 7.828315566629821
    efficiency: 0.88041
    discharge_ratio: 2
    depth_of_discharge: 0.9
  Pb-acid:
    cost: 192.232
    lifetime: 10.7455
    annual_cost: 17.889535154250616
    efficiency: 0.678005
    discharge_ratio: 5
    depth_of_discharge: 0.5
  VRBF:
    cost: 212.301
    lifetime: 24.7067
    annual_cost: 8.592851331824969
    efficiency: 0.780663
    discharge_ratio: 0.5
    depth_of_discharge: 1.0
