cost_values:
  wind_capex: 5000.0
  wind_opex: 100
  wind_lifetime: 20
  solar_capex: 1000.0
  solar_opex: 10
  solar_lifetime: 20
  carbon_price: 1.0
timeseries_values:
  load_level: 264598.0009272072
  wind_year: 2018
  solar_year: 2011
  price_year: 2023
  carbon_year: 2023
storage_values:
  CAES:
    cost: 44.5842
    lifetime: 23.6726
    annual_cost: 1.8833672684876188
    efficiency: 0.605266
    discharge_ratio: 0.1
    depth_of_discharge: 0.4
  Li-ion:
    cost: 207.308
    lifetime: 26.5414
    annual_cost: 7.8107409556391145
    efficiency: 0.881627
    discharge_ratio: 2
    depth_of_discharge: 0.9
  Pb-acid:
    cost: 172.739
    lifetime: 10.0374
    annual_cost: 17.209536334110428
    efficiency: 0.6826
    discharge_ratio: 5
    depth_of_discharge: 0.5
  VRBF:
    cost: 236.252
    lifetime: 24.7533
    annual_cost: 9.544262785164
    efficiency: 0.776497
    discharge_ratio: 0.5
    depth_of_discharge: 1.0
