cost_values:
  wind_capex: 5000.0
  wind_opex: 100
  wind_lifetime: 20
  solar_capex: 1000.0
  solar_opex: 10
  solar_lifetime: 20
  carbon_price: 1.0
timeseries_values:
  load_level: 264598.0009272072
  wind_year: 2018
  solar_year: 2011
  price_year: 2023
  carbon_year: 2023
storage_values:
  CAES:
    cost: 45.398
    lifetime: 22.6418
    annual_cost: 2.0050526018249433
    efficiency: 0.601729
    discharge_ratio: 0.1
    depth_of_discharge: 0.4
  Li-ion:
    cost: 232.305
    lifetime: 26.7317
    annual_cost: 8.690244167037637
    efficiency: 0.859082
    discharge_ratio: 2
    depth_of_discharge: 0.9
  Pb-acid:
    cost: 188.9
    lifetime: 9.3423
    annual_cost: 20.219860205730924
    efficiency: 0.673815
    discharge_ratio: 5
    depth_of_discharge: 0.5
  VRBF:
    cost: 167.595
    lifetime: 26.7924
    annual_cost: 6.255318672459354
    efficiency: 0.784129
    discharge_ratio: 0.5
    depth_of_discharge: 1.0
