cost_values:
  wind_capex: 5000.0
  wind_opex: 100
  wind_lifetime: 20
  solar_capex: 1000.0
  solar_opex: 10
  solar_lifetime: 20
  carbon_price: 1.0
timeseries_values:
  load_level: 264598.0009272072
  wind_year: 2018
  solar_year: 2011
  price_year: 2023
  carbon_year: 2023
storage_values:
  CAES:
    cost: 44.3606
    lifetime: 22.7438
    annual_cost: 1.9504480341895372
    efficiency: 0.599698
    discharge_ratio: 0.1
    depth_of_discharge: 0.4
  Li-ion:
    cost: 191.515
    lifetime: 27.0209
    annual_cost: 7.087661772923921
    efficiency: 0.885015
    discharge_ratio: 2
    depth_of_discharge: 0.9
  Pb-acid:
    cost: 184.329
    lifetime: 11.437
    annual_cost: 16.11690128530209
    efficiency: 0.689847
    discharge_ratio: 5
    depth_of_discharge: 0.5
  VRBF:
    cost: 194.672
    lifetime: 24.8785
    annual_cost: 7.824909058021987
    efficiency: 0.775132
    discharge_ratio: 0.5
    depth_of_discharge: 1.0
