cost_values:
  wind_capex: 5000.0
  wind_opex: 100
  wind_lifetime: 20
  solar_capex: 1000.0
  solar_opex: 10
  solar_lifetime: 20
  carbon_price: 1.0
timeseries_values:
  load_level: 264598.0009272072
  wind_year: 2018
  solar_year: 2011
  price_year: 2023
  carbon_year: 2023
storage_values:
  CAES:
    cost: 49.3562
    lifetime: 22.5881
    annual_cost: 2.185053191724846
    efficiency: 0.609696
    discharge_ratio: 0.1
    depth_of_discharge: 0.4
  Li-ion:
    cost: 189.486
    lifetime: 26.0857
    annual_cost: 7.263979881697635
    efficiency: 0.883413
    discharge_ratio: 2
    depth_of_discharge: 0.9
  Pb-acid:
    cost: 187.897
    lifetime: 9.95704
    annual_cost: 18.87076882286302
    efficiency: 0.685391
    discharge_ratio: 5
    depth_of_discharge: 0.5
  VRBF:
    cost: 227.77
    lifetime: 24.1028
    annual_cost: 9.449939426124766
    efficiency: 0.787968
    discharge_ratio: 0.5
    depth_of_discharge: 1.0
