cost_values:
  wind_capex: 5000.0
  wind_opex: 100
  wind_lifetime: 20
  solar_capex: 1000.0
  solar_opex: 10
  solar_lifetime: 20
  carbon_price: 1.0
timeseries_values:
  load_level: 264598.0009272072
  wind_year: 2018
  solar_year: 2011
  price_year: 2023
  carbon_year: 2023
storage_values:
  CAES:
    cost: 49.14
    lifetime: 22.2071
    annual_cost: 2.2128058143566696
    efficiency: 0.606072
    discharge_ratio: 0.1
    depth_of_discharge: 0.4
  Li-ion:
    cost: 210.456
    lifetime: 27.8581
    annual_cost: 7.554571201912549
    efficiency: 0.862255
    discharge_ratio: 2
    depth_of_discharge: 0.9
  Pb-acid:
    cost: 196.261
    lifetime: 10.8849
    annual_cost: 18.03057446554401
    efficiency: 0.693464
    discharge_ratio: 5
    depth_of_discharge: 0.5
  VRBF:
    cost: 242.648
    lifetime: 24.3375
    annual_cost: 9.970128402670776
    efficiency: 0.782279
    discharge_ratio: 0.5
    depth_of_discharge: 1.0
