cost_values:
  wind_capex: 5000.0
  wind_opex: 100
  wind_lifetime: 20
  solar_capex: 1000.0
  solar_opex: 10
  solar_lifetime: 20
  carbon_price: 1.0
timeseries_values:
  load_level: 264598.0009272072
  wind_year: 2018
  solar_year: 2011
  price_year: 2023
  carbon_year: 2023
storage_values:
  CAES:
    cost: 52.9834
    lifetime: 22.6825
    annual_cost: 2.335871266394798
    efficiency: 0.606008
    discharge_ratio: 0.1
    depth_of_discharge: 0.4
  Li-ion:
    cost: 210.197
    lifetime: 25.1123
    annual_cost: 8.370280699099643
    efficiency: 0.870235
    discharge_ratio: 2
    depth_of_discharge: 0.9
  Pb-acid:
    cost: 200.305
    lifetime: 10.1567
    annual_cost: 19.72146464895094
    efficiency: 0.682917
    discharge_ratio: 5
    depth_of_discharge: 0.5
  VRBF:
    cost: 215.349
    lifetime: 25.7617
    annual_cost: 8.359269768687625
    efficiency: 0.778784
    discharge_ratio: 0.5
    depth_of_discharge: 1.0
