cost_values:
  wind_capex: 5000.0
  wind_opex: 100
  wind_lifetime: 20
  solar_capex: 1000.0
  solar_opex: 10
  solar_lifetime: 20
  carbon_price: 1.0
timeseries_values:
  load_level: 264598.0009272072
  wind_year: 2018
  solar_year: 2011
  price_year: 2023
  carbon_year: 2023
storage_values:
  CAES:
    cost: 50.3665
    lifetime: 23.021
    annual_cost: 2.1878502237087876
    efficiency: 0.607275
    discharge_ratio: 0.1
    depth_of_discharge: 0.4
  Li-ion:
    cost: 184.837
    lifetime: 24.9195
    annual_cost: 7.417363911795983
    efficiency: 0.877057
    discharge_ratio: 2
    depth_of_discharge: 0.9
  Pb-acid:
    cost: 177.745
    lifetime: 10.7331
    annual_cost: 16.560453177553548
    efficiency: 0.67151
    discharge_ratio: 5
    depth_of_discharge: 0.5
  VRBF:
    cost: 209.766
    lifetime: 22.8236
    annual_cost: 9.190749925515695
    efficiency: 0.779989
    discharge_ratio: 0.5
    depth_of_discharge: 1.0
