cost_values:
  wind_capex: 5000.0
  wind_opex: 100
  wind_lifetime: 20
  solar_capex: 1000.0
  solar_opex: 10
  solar_lifetime: 20
  carbon_price: 1.0
timeseries_values:
  load_level: 264598.0009272072
  wind_year: 2018
  solar_year: 2011
  price_year: 2023
  carbon_year: 2023
storage_values:
  CAES:
    cost: 48.5776
    lifetime: 21.6814
    annual_cost: 2.240519523646997
    efficiency: 0.600054
    discharge_ratio: 0.1
    depth_of_discharge: 0.4
  Li-ion:
    cost: 213.208
    lifetime: 25.9354
    annual_cost: 8.22073305212181
    efficiency: 0.878219
    discharge_ratio: 2
    depth_of_discharge: 0.9
  Pb-acid:
    cost: 204.469
    lifetime: 10.9515
    annual_cost: 18.67041044605762
    efficiency: 0.665045
    discharge_ratio: 5
    depth_of_discharge: 0.5
  VRBF:
    cost: 190.793
    lifetime: 25.5461
    annual_cost: 7.46857641675246
    efficiency: 0.772093
    discharge_ratio: 0.5
    depth_of_discharge: 1.0
