cost_values:
  wind_capex: 5000.0
  wind_opex: 100
  wind_lifetime: 20
  solar_capex: 1000.0
  solar_opex: 10
  solar_lifetime: 20
  carbon_price: 1.0
timeseries_values:
  load_level: 264598.0009272072
  wind_year: 2018
  solar_year: 2011
  price_year: 2023
  carbon_year: 2023
storage_values:
  CAES:
    cost: 48.8951
    lifetime: 21.5721
    annual_cost: 2.266589715419454
    efficiency: 0.607547
    discharge_ratio: 0.1
    depth_of_discharge: 0.4
  Li-ion:
    cost: 225.454
    lifetime: 25.7747
    annual_cost: 8.747104718968602
    efficiency: 0.867947
    discharge_ratio: 2
    depth_of_discharge: 0.9
  Pb-acid:
    cost: 221.377
    lifetime: 10.8354
    annual_cost: 20.430902412462853
    efficiency: 0.667856
    discharge_ratio: 5
    depth_of_discharge: 0.5
  VRBF:
    cost: 167.04
    lifetime: 24.0638
    annual_cost: 6.941547054081234
    efficiency: 0.775889
    discharge_ratio: 0.5
    depth_of_discharge: 1.0
