cost_values:
  wind_capex: 5000.0
  wind_opex: 100
  wind_lifetime: 20
  solar_capex: 1000.0
  solar_opex: 10
  solar_lifetime: 20
  carbon_price: 1.0
timeseries_values:
  load_level: 264598.0009272072
  wind_year: 2018
  solar_year: 2011
  price_year: 2023
  carbon_year: 2023
storage_values:
  CAES:
    cost: 56.3492
    lifetime: 22.1286
    annual_cost: 2.54644216082355
    efficiency: 0.612879
    discharge_ratio: 0.1
    depth_of_discharge: 0.4
  Li-ion:
    cost: 214.11
    lifetime: 26.4572
    annual_cost: 8.092693104334549
    efficiency: 0.857588
    discharge_ratio: 2
    depth_of_discharge: 0.9
  Pb-acid:
    cost: 219.863
    lifetime: 11.1286
    annual_cost: 19.75657315385583
    efficiency: 0.68405
    discharge_ratio: 5
    depth_of_discharge: 0.5
  VRBF:
    cost: 216.495
    lifetime: 24.0628
    annual_cost: 8.997082633774957
    efficiency: 0.795672
    discharge_ratio: 0.5
    depth_of_discharge: 1.0
