cost_values:
  wind_capex: 5000.0
  wind_opex: 100
  wind_lifetime: 20
  solar_capex: 1000.0
  solar_opex: 10
  solar_lifetime: 20
  carbon_price: 1.0
timeseries_values:
  load_level: 264598.0009272072
  wind_year: 2018
  solar_year: 2011
  price_year: 2023
  carbon_year: 2023
storage_values:
  CAES:
    cost: 44.4026
    lifetime: 22.4469
    annual_cost: 1.9781172455884777
    efficiency: 0.607789
    discharge_ratio: 0.1
    depth_of_discharge: 0.4
  Li-ion:
    cost: 199.24
    lifetime: 23.4421
    annual_cost: 8.499238549447362
    efficiency: 0.883096
    discharge_ratio: 2
    depth_of_discharge: 0.9
  Pb-acid:
    cost: 202.597
    lifetime: 9.64392
    annual_cost: 21.007743739060466
    efficiency: 0.703571
    discharge_ratio: 5
    depth_of_discharge: 0.5
  VRBF:
    cost: 207.404
    lifetime: 24.6169
    annual_cost: 8.425268819388306
    efficiency: 0.785793
    discharge_ratio: 0.5
    depth_of_discharge: 1.0
