cost_values:
  wind_capex: 5000.0
  wind_opex: 100
  wind_lifetime: 20
  solar_capex: 1000.0
  solar_opex: 10
  solar_lifetime: 20
  carbon_price: 1.0
timeseries_values:
  load_level: 264598.0009272072
  wind_year: 2018
  solar_year: 2011
  price_year: 2023
  carbon_year: 2023
storage_values:
  CAES:
    cost: 46.5886
    lifetime: 22.158
    annual_cost: 2.102563408249842
    efficiency: 0.610168
    discharge_ratio: 0.1
    depth_of_discharge: 0.4
  Li-ion:
    cost: 211.692
    lifetime: 24.1892
    annual_cost: 8.751508937873101
    efficiency: 0.867905
    discharge_ratio: 2
    depth_of_discharge: 0.9
  Pb-acid:
    cost: 202.489
    lifetime: 10.204
    annual_cost: 19.844080752646022
    efficiency: 0.694307
    discharge_ratio: 5
    depth_of_discharge: 0.5
  VRBF:
    cost: 178.484
    lifetime: 25.0168
    annual_cost: 7.13456557193566
    efficiency: 0.762181
    discharge_ratio: 0.5
    depth_of_discharge: 1.0
