cost_values:
  wind_capex: 5000.0
  wind_opex: 100
  wind_lifetime: 20
  solar_capex: 1000.0
  solar_opex: 10
  solar_lifetime: 20
  carbon_price: 1.0
timeseries_values:
  load_level: 264598.0009272072
  wind_year: 2018
  solar_year: 2011
  price_year: 2023
  carbon_year: 2023
storage_values:
  CAES:
    cost: 39.9803
    lifetime: 23.1597
    annual_cost: 1.7262874734992248
    efficiency: 0.592976
    discharge_ratio: 0.1
    depth_of_discharge: 0.4
  Li-ion:
    cost: 211.79
    lifetime: 25.4318
    annual_cost: 8.327762879544506
    efficiency: 0.859753
    discharge_ratio: 2
    depth_of_discharge: 0.9
  Pb-acid:
    cost: 211.923
    lifetime: 9.0275
    annual_cost: 23.475270008307948
    efficiency: 0.688547
    discharge_ratio: 5
    depth_of_discharge: 0.5
  VRBF:
    cost: 199.852
    lifetime: 23.6016
    annual_cost: 8.467731001288048
    efficiency: 0.784697
    discharge_ratio: 0.5
    depth_of_discharge: 1.0
