cost_values:
  wind_capex: 5000.0
  wind_opex: 100
  wind_lifetime: 20
  solar_capex: 1000.0
  solar_opex: 10
  solar_lifetime: 20
  carbon_price: 1.0
timeseries_values:
  load_level: 264598.0009272072
  wind_year: 2018
  solar_year: 2011
  price_year: 2023
  carbon_year: 2023
storage_values:
  CAES:
    cost: 49.7313
    lifetime: 22.3877
    annual_cost: 2.2213670899645788
    efficiency: 0.597815
    discharge_ratio: 0.1
    depth_of_discharge: 0.4
  Li-ion:
    cost: 207.586
    lifetime: 24.0676
    annual_cost: 8.625122571423823
    efficiency: 0.885968
    discharge_ratio: 2
    depth_of_discharge: 0.9
  Pb-acid:
    cost: 205.455
    lifetime: 10.953
    annual_cost: 18.757874554916462
    efficiency: 0.682303
    discharge_ratio: 5
    depth_of_discharge: 0.5
  VRBF:
    cost: 183.756
    lifetime: 26.0068
    annual_cost: 7.065690511712321
    efficiency: 0.780956
    discharge_ratio: 0.5
    depth_of_discharge: 1.0
