cost_values:
  wind_capex: 5000.0
  wind_opex: 100
  wind_lifetime: 20
  solar_capex: 1000.0
  solar_opex: 10
  solar_lifetime: 20
  carbon_price: 1.0
timeseries_values:
  load_level: 264598.0009272072
  wind_year: 2018
  solar_year: 2011
  price_year: 2023
  carbon_year: 2023
storage_values:
  CAES:
    cost: 43.711
    lifetime: 22.3285
    annual_cost: 1.957632621985355
    efficiency: 0.61497
    discharge_ratio: 0.1
    depth_of_discharge: 0.4
  Li-ion:
    cost: 221.786
    lifetime: 25.0414
    annual_cost: 8.856773183607945
    efficiency: 0.893181
    discharge_ratio: 2
    depth_of_discharge: 0.9
  Pb-acid:
    cost: 195.541
    lifetime: 9.92986
    annual_cost: 19.692221239775787
    efficiency: 0.685724
    discharge_ratio: 5
    depth_of_discharge: 0.5
  VRBF:
    cost: 182.294
    lifetime: 26.0848
    annual_cost: 6.988514383855732
    efficiency: 0.767772
    discharge_ratio: 0.5
    depth_of_discharge: 1.0
