cost_values:
  wind_capex: 5000.0
  wind_opex: 100
  wind_lifetime: 20
  solar_capex: 1000.0
  solar_opex: 10
  solar_lifetime: 20
  carbon_price: 1.0
timeseries_values:
  load_level: 264598.0009272072
  wind_year: 2018
  solar_year: 2011
  price_year: 2023
  carbon_year: 2023
storage_values:
  CAES:
    cost: 41.4083
    lifetime: 22.6924
    annual_cost: 1.8247651195995134
    efficiency: 0.604831
    discharge_ratio: 0.1
    depth_of_discharge: 0.4
  Li-ion:
    cost: 229.177
    lifetime: 24.6625
    annual_cost: 9.29252914343639
    efficiency: 0.876792
    discharge_ratio: 2
    depth_of_discharge: 0.9
  Pb-acid:
    cost: 207.248
    lifetime: 9.21979
    annual_cost: 22.47860309182747
    efficiency: 0.68267
    discharge_ratio: 5
    depth_of_discharge: 0.5
  VRBF:
    cost: 195.047
    lifetime: 24.577
    annual_cost: 7.936159824225902
    efficiency: 0.762844
    discharge_ratio: 0.5
    depth_of_discharge: 1.0
