cost_values:
  wind_capex: 5000.0
  wind_opex: 100
  wind_lifetime: 20
  solar_capex: 1000.0
  solar_opex: 10
  solar_lifetime: 20
  carbon_price: 1.0
timeseries_values:
  load_level: 264598.0009272072
  wind_year: 2018
  solar_year: 2011
  price_year: 2023
  carbon_year: 2023
storage_values:
  CAES:
    cost: 48.0419
    lifetime: 22.0749
    annual_cost: 2.1763133694829873
    efficiency: 0.602643
    discharge_ratio: 0.1
    depth_of_discharge: 0.4
  Li-ion:
    cost: 197.679
    lifetime: 25.9304
    annual_cost: 7.623445839632247
    efficiency: 0.874842
    discharge_ratio: 2
    depth_of_discharge: 0.9
  Pb-acid:
    cost: 204.79
    lifetime: 9.17113
    annual_cost: 22.329854663492938
    efficiency: 0.68013
    discharge_ratio: 5
    depth_of_discharge: 0.5
  VRBF:
    cost: 196.128
    lifetime: 22.6293
    annual_cost: 8.666993676339965
    efficiency: 0.775183
    discharge_ratio: 0.5
    depth_of_discharge: 1.0
