cost_values:
  wind_capex: 5000.0
  wind_opex: 100
  wind_lifetime: 20
  solar_capex: 1000.0
  solar_opex: 10
  solar_lifetime: 20
  carbon_price: 1.0
timeseries_values:
  load_level: 264598.0009272072
  wind_year: 2018
  solar_year: 2011
  price_year: 2023
  carbon_year: 2023
storage_values:
  CAES:
    cost: 47.1775
    lifetime: 22.472
    annual_cost: 2.0993903524385904
    efficiency: 0.61189
    discharge_ratio: 0.1
    depth_of_discharge: 0.4
  Li-ion:
    cost: 209.48
    lifetime: 26.1562
    annual_cost: 8.008808618988997
    efficiency: 0.870857
    discharge_ratio: 2
    depth_of_discharge: 0.9
  Pb-acid:
    cost: 190.81
    lifetime: 10.2097
    annual_cost: 18.689089787163187
    efficiency: 0.690895
    discharge_ratio: 5
    depth_of_discharge: 0.5
  VRBF:
    cost: 194.152
    lifetime: 25.6829
    annual_cost: 7.559582445907588
    efficiency: 0.787378
    discharge_ratio: 0.5
    depth_of_discharge: 1.0
