cost_values:
  wind_capex: 5000.0
  wind_opex: 100
  wind_lifetime: 20
  solar_capex: 1000.0
  solar_opex: 10
  solar_lifetime: 20
  carbon_price: 1.0
timeseries_values:
  load_level: 264598.0009272072
  wind_year: 2018
  solar_year: 2011
  price_year: 2023
  carbon_year: 2023
storage_values:
  CAES:
    cost: 47.462
    lifetime: 22.3236
    annual_cost: 2.126090773889516
    efficiency: 0.603318
    discharge_ratio: 0.1
    depth_of_discharge: 0.4
  Li-ion:
    cost: 227.223
    lifetime: 26.0901
    annual_cost: 8.709165545551762
    efficiency: 0.880064
    discharge_ratio: 2
    depth_of_discharge: 0.9
  Pb-acid:
    cost: 191.074
    lifetime: 11.3071
    annual_cost: 16.898585844292526
    efficiency: 0.679902
    discharge_ratio: 5
    depth_of_discharge: 0.5
  VRBF:
    cost: 198.582
    lifetime: 23.2452
    annual_cost: 8.542924990965876
    efficiency: 0.783221
    discharge_ratio: 0.5
    depth_of_discharge: 1.0
