cost_values:
  wind_capex: 5000.0
  wind_opex: 100
  wind_lifetime: 20
  solar_capex: 1000.0
  solar_opex: 10
  solar_lifetime: 20
  carbon_price: 1.0
timeseries_values:
  load_level: 264598.0009272072
  wind_year: 2018
  solar_year: 2011
  price_year: 2023
  carbon_year: 2023
storage_values:
  CAES:
    cost: 38.8395
    lifetime: 22.5121
    annual_cost: 1.7252721869572363
    efficiency: 0.605435
    discharge_ratio: 0.1
    depth_of_discharge: 0.4
  Li-ion:
    cost: 192.479
    lifetime: 25.1933
    annual_cost: 7.640086848487495
    efficiency: 0.874026
    discharge_ratio: 2
    depth_of_discharge: 0.9
  Pb-acid:
    cost: 195.815
    lifetime: 10.5204
    annual_cost: 18.61288544161819
    efficiency: 0.686163
    discharge_ratio: 5
    depth_of_discharge: 0.5
  VRBF:
    cost: 191.366
    lifetime: 23.9001
    annual_cost: 8.006912104970274
    efficiency: 0.779242
    discharge_ratio: 0.5
    depth_of_discharge: 1.0
