cost_values:
  wind_capex: 5000.0
  wind_opex: 100
  wind_lifetime: 20
  solar_capex: 1000.0
  solar_opex: 10
  solar_lifetime: 20
  carbon_price: 1.0
timeseries_values:
  load_level: 264598.0009272072
  wind_year: 2018
  solar_year: 2011
  price_year: 2023
  carbon_year: 2023
storage_values:
  CAES:
    cost: 47.4563
    lifetime: 21.8528
    annual_cost: 2.17163475618685
    efficiency: 0.617447
    discharge_ratio: 0.1
    depth_of_discharge: 0.4
  Li-ion:
    cost: 206.532
    lifetime: 26.5423
    annual_cost: 7.781239756916318
    efficiency: 0.871521
    discharge_ratio: 2
    depth_of_discharge: 0.9
  Pb-acid:
    cost: 199.461
    lifetime: 11.0222
    annual_cost: 18.096296565114045
    efficiency: 0.686872
    discharge_ratio: 5
    depth_of_discharge: 0.5
  VRBF:
    cost: 180.819
    lifetime: 24.7059
    annual_cost: 7.318859057957815
    efficiency: 0.783759
    discharge_ratio: 0.5
    depth_of_discharge: 1.0
