cost_values:
  wind_capex: 5000.0
  wind_opex: 100
  wind_lifetime: 20
  solar_capex: 1000.0
  solar_opex: 10
  solar_lifetime: 20
  carbon_price: 1.0
timeseries_values:
  load_level: 264598.0009272072
  wind_year: 2018
  solar_year: 2011
  price_year: 2023
  carbon_year: 2023
storage_values:
  CAES:
    cost: 50.1117
    lifetime: 22.295
    annual_cost: 2.247665395828661
    efficiency: 0.606452
    discharge_ratio: 0.1
    depth_of_discharge: 0.4
  Li-ion:
    cost: 218.958
    lifetime: 27.3634
    annual_cost: 8.00185649444148
    efficiency: 0.886411
    discharge_ratio: 2
    depth_of_discharge: 0.9
  Pb-acid:
    cost: 201.693
    lifetime: 9.39243
    annual_cost: 21.473995547478133
    efficiency: 0.695405
    discharge_ratio: 5
    depth_of_discharge: 0.5
  VRBF:
    cost: 221.084
    lifetime: 25.2041
    annual_cost: 8.771747453787281
    efficiency: 0.785945
    discharge_ratio: 0.5
    depth_of_discharge: 1.0
