cost_values:
  wind_capex: 5000.0
  wind_opex: 100
  wind_lifetime: 20
  solar_capex: 1000.0
  solar_opex: 10
  solar_lifetime: 20
  carbon_price: 1.0
timeseries_values:
  load_level: 264598.0009272072
  wind_year: 2018
  solar_year: 2011
  price_year: 2023
  carbon_year: 2023
storage_values:
  CAES:
    cost: 33.525
    lifetime: 20.9075
    annual_cost: 1.6034915700107617
    efficiency: 0.603823
    discharge_ratio: 0.1
    depth_of_discharge: 0.4
  Li-ion:
    cost: 211.494
    lifetime: 25.7631
    annual_cost: 8.209182901126029
    efficiency: 0.877149
    discharge_ratio: 2
    depth_of_discharge: 0.9
  Pb-acid:
    cost: 202.349
    lifetime: 12.1718
    annual_cost: 16.62441052268358
    efficiency: 0.688804
    discharge_ratio: 5
    depth_of_discharge: 0.5
  VRBF:
    cost: 209.056
    lifetime: 25.1936
    annual_cost: 8.297980439476692
    efficiency: 0.767031
    discharge_ratio: 0.5
    depth_of_discharge: 1.0
