cost_values:
  wind_capex: 5000.0
  wind_opex: 100
  wind_lifetime: 20
  solar_capex: 1000.0
  solar_opex: 10
  solar_lifetime: 20
  carbon_price: 1.0
timeseries_values:
  load_level: 264598.0009272072
  wind_year: 2018
  solar_year: 2011
  price_year: 2023
  carbon_year: 2023
storage_values:
  CAES:
    cost: 42.8071
    lifetime: 22.2141
    annual_cost: 1.927023827208845
    efficiency: 0.609826
    discharge_ratio: 0.1
    depth_of_discharge: 0.4
  Li-ion:
    cost: 223.921
    lifetime: 24.0792
    annual_cost: 9.29935379912954
    efficiency: 0.881182
    discharge_ratio: 2
    depth_of_discharge: 0.9
  Pb-acid:
    cost: 173.926
    lifetime: 11.8521
    annual_cost: 14.674698998489719
    efficiency: 0.667206
    discharge_ratio: 5
    depth_of_discharge: 0.5
  VRBF:
    cost: 207.161
    lifetime: 24.4574
    annual_cost: 8.47027893398317
    efficiency: 0.772612
    discharge_ratio: 0.5
    depth_of_discharge: 1.0
