cost_values:
  wind_capex: 5000.0
  wind_opex: 100
  wind_lifetime: 20
  solar_capex: 1000.0
  solar_opex: 10
  solar_lifetime: 20
  carbon_price: 1.0
timeseries_values:
  load_level: 264598.0009272072
  wind_year: 2018
  solar_year: 2011
  price_year: 2023
  carbon_year: 2023
storage_values:
  CAES:
    cost: 45.1987
    lifetime: 22.088
    annual_cost: 2.0463011590003624
    efficiency: 0.606559
    discharge_ratio: 0.1
    depth_of_discharge: 0.4
  Li-ion:
    cost: 204.761
    lifetime: 25.8419
    annual_cost: 7.923604688509746
    efficiency: 0.870177
    discharge_ratio: 2
    depth_of_discharge: 0.9
  Pb-acid:
    cost: 197.687
    lifetime: 10.4703
    annual_cost: 18.880738851799855
    efficiency: 0.68885
    discharge_ratio: 5
    depth_of_discharge: 0.5
  VRBF:
    cost: 196.282
    lifetime: 23.4911
    annual_cost: 8.355589989400242
    efficiency: 0.762591
    discharge_ratio: 0.5
    depth_of_discharge: 1.0
