cost_values:
  wind_capex: 5000.0
  wind_opex: 100
  wind_lifetime: 20
  solar_capex: 1000.0
  solar_opex: 10
  solar_lifetime: 20
  carbon_price: 1.0
timeseries_values:
  load_level: 264598.0009272072
  wind_year: 2018
  solar_year: 2011
  price_year: 2023
  carbon_year: 2023
storage_values:
  CAES:
    cost: 44.5256
    lifetime: 22.7992
    annual_cost: 1.9529457173935927
    efficiency: 0.605655
    discharge_ratio: 0.1
    depth_of_discharge: 0.4
  Li-ion:
    cost: 192.539
    lifetime: 24.6302
    annual_cost: 7.817191902623608
    efficiency: 0.881256
    discharge_ratio: 2
    depth_of_discharge: 0.9
  Pb-acid:
    cost: 171.901
    lifetime: 9.99309
    annual_cost: 17.20198657272175
    efficiency: 0.669438
    discharge_ratio: 5
    depth_of_discharge: 0.5
  VRBF:
    cost: 181.439
    lifetime: 25.1625
    annual_cost: 7.210690511674118
    efficiency: 0.781425
    discharge_ratio: 0.5
    depth_of_discharge: 1.0
