cost_values:
  wind_capex: 5000.0
  wind_opex: 100
  wind_lifetime: 20
  solar_capex: 1000.0
  solar_opex: 10
  solar_lifetime: 20
  carbon_price: 1.0
timeseries_values:
  load_level: 264598.0009272072
  wind_year: 2018
  solar_year: 2011
  price_year: 2023
  carbon_year: 2023
storage_values:
  CAES:
    cost: 49.7562
    lifetime: 23.2653
    annual_cost: 2.138644247011644
    efficiency: 0.619234
    discharge_ratio: 0.1
    depth_of_discharge: 0.4
  Li-ion:
    cost: 217.423
    lifetime: 25.7021
    annual_cost: 8.459347679761576
    efficiency: 0.887117
    discharge_ratio: 2
    depth_of_discharge: 0.9
  Pb-acid:
    cost: 214.506
    lifetime: 10.6942
    annual_cost: 20.0581623683866
    efficiency: 0.675213
    discharge_ratio: 5
    depth_of_discharge: 0.5
  VRBF:
    cost: 200.398
    lifetime: 25.6998
    annual_cost: 7.797648230725531
    efficiency: 0.769476
    discharge_ratio: 0.5
    depth_of_discharge: 1.0
