cost_values:
  wind_capex: 5000.0
  wind_opex: 100
  wind_lifetime: 20
  solar_capex: 1000.0
  solar_opex: 10
  solar_lifetime: 20
  carbon_price: 1.0
timeseries_values:
  load_level: 264598.0009272072
  wind_year: 2018
  solar_year: 2011
  price_year: 2023
  carbon_year: 2023
storage_values:
  CAES:
    cost: 41.6181
    lifetime: 22.1537
    annual_cost: 1.878607185255736
    efficiency: 0.612747
    discharge_ratio: 0.1
    depth_of_discharge: 0.4
  Li-ion:
    cost: 216.99
    lifetime: 22.5766
    annual_cost: 9.611278934826325
    efficiency: 0.863036
    discharge_ratio: 2
    depth_of_discharge: 0.9
  Pb-acid:
    cost: 206.602
    lifetime: 12.9045
    annual_cost: 16.01007400519199
    efficiency: 0.685074
    discharge_ratio: 5
    depth_of_discharge: 0.5
  VRBF:
    cost: 186.777
    lifetime: 23.5769
    annual_cost: 7.9220338551718
    efficiency: 0.779856
    discharge_ratio: 0.5
    depth_of_discharge: 1.0
