cost_values:
  wind_capex: 5000.0
  wind_opex: 100
  wind_lifetime: 20
  solar_capex: 1000.0
  solar_opex: 10
  solar_lifetime: 20
  carbon_price: 1.0
timeseries_values:
  load_level: 264598.0009272072
  wind_year: 2018
  solar_year: 2011
  price_year: 2023
  carbon_year: 2023
storage_values:
  CAES:
    cost: 52.9475
    lifetime: 23.1392
    annual_cost: 2.28821653298299
    efficiency: 0.596896
    discharge_ratio: 0.1
    depth_of_discharge: 0.4
  Li-ion:
    cost: 206.346
    lifetime: 26.1698
    annual_cost: 7.8848902169676505
    efficiency: 0.877108
    discharge_ratio: 2
    depth_of_discharge: 0.9
  Pb-acid:
    cost: 188.636
    lifetime: 10.527
    annual_cost: 17.919255248408856
    efficiency: 0.68669
    discharge_ratio: 5
    depth_of_discharge: 0.5
  VRBF:
    cost: 228.4
    lifetime: 23.6933
    annual_cost: 9.639855993044447
    efficiency: 0.744124
    discharge_ratio: 0.5
    depth_of_discharge: 1.0
