cost_values:
  wind_capex: 5000.0
  wind_opex: 100
  wind_lifetime: 20
  solar_capex: 1000.0
  solar_opex: 10
  solar_lifetime: 20
  carbon_price: 1.0
timeseries_values:
  load_level: 264598.0009272072
  wind_year: 2018
  solar_year: 2011
  price_year: 2023
  carbon_year: 2023
storage_values:
  CAES:
    cost: 49.6019
    lifetime: 22.8557
    annual_cost: 2.170220120145084
    efficiency: 0.604449
    discharge_ratio: 0.1
    depth_of_discharge: 0.4
  Li-ion:
    cost: 194.749
    lifetime: 25.8856
    annual_cost: 7.523449330902123
    efficiency: 0.874315
    discharge_ratio: 2
    depth_of_discharge: 0.9
  Pb-acid:
    cost: 183.219
    lifetime: 9.83279
    annual_cost: 18.63347025615314
    efficiency: 0.685256
    discharge_ratio: 5
    depth_of_discharge: 0.5
  VRBF:
    cost: 185.262
    lifetime: 24.0172
    annual_cost: 7.713721832686575
    efficiency: 0.783785
    discharge_ratio: 0.5
    depth_of_discharge: 1.0
