cost_values:
  wind_capex: 5000.0
  wind_opex: 100
  wind_lifetime: 20
  solar_capex: 1000.0
  solar_opex: 10
  solar_lifetime: 20
  carbon_price: 1.0
timeseries_values:
  load_level: 264598.0009272072
  wind_year: 2018
  solar_year: 2011
  price_year: 2023
  carbon_year: 2023
storage_values:
  CAES:
    cost: 43.9353
    lifetime: 22.6996
    annual_cost: 1.9355098768260233
    efficiency: 0.618219
    discharge_ratio: 0.1
    depth_of_discharge: 0.4
  Li-ion:
    cost: 224.882
    lifetime: 23.761
    annual_cost: 9.464332309246245
    efficiency: 0.873437
    discharge_ratio: 2
    depth_of_discharge: 0.9
  Pb-acid:
    cost: 207.782
    lifetime: 9.59994
    annual_cost: 21.64409360891839
    efficiency: 0.676414
    discharge_ratio: 5
    depth_of_discharge: 0.5
  VRBF:
    cost: 212.543
    lifetime: 23.5966
    annual_cost: 9.007356992109033
    efficiency: 0.774459
    discharge_ratio: 0.5
    depth_of_discharge: 1.0
