cost_values:
  wind_capex: 5000.0
  wind_opex: 100
  wind_lifetime: 20
  solar_capex: 1000.0
  solar_opex: 10
  solar_lifetime: 20
  carbon_price: 1.0
timeseries_values:
  load_level: 264598.0009272072
  wind_year: 2018
  solar_year: 2011
  price_year: 2023
  carbon_year: 2023
storage_values:
  CAES:
    cost: 45.3433
    lifetime: 22.7423
    annual_cost: 1.9937869080963666
    efficiency: 0.589291
    discharge_ratio: 0.1
    depth_of_discharge: 0.4
  Li-ion:
    cost: 228.397
    lifetime: 26.4543
    annual_cost: 8.633643679855448
    efficiency: 0.882415
    discharge_ratio: 2
    depth_of_discharge: 0.9
  Pb-acid:
    cost: 190.0
    lifetime: 9.01906
    annual_cost: 21.06649695201052
    efficiency: 0.675864
    discharge_ratio: 5
    depth_of_discharge: 0.5
  VRBF:
    cost: 200.72
    lifetime: 23.9971
    annual_cost: 8.364344024903009
    efficiency: 0.762551
    discharge_ratio: 0.5
    depth_of_discharge: 1.0
