cost_values:
  wind_capex: 5000.0
  wind_opex: 100
  wind_lifetime: 20
  solar_capex: 1000.0
  solar_opex: 10
  solar_lifetime: 20
  carbon_price: 1.0
timeseries_values:
  load_level: 264598.0009272072
  wind_year: 2018
  solar_year: 2011
  price_year: 2023
  carbon_year: 2023
storage_values:
  CAES:
    cost: 55.2804
    lifetime: 21.9276
    annual_cost: 2.521041974497893
    efficiency: 0.60602
    discharge_ratio: 0.1
    depth_of_discharge: 0.4
  Li-ion:
    cost: 215.885
    lifetime: 25.2512
    annual_cost: 8.549494677480673
    efficiency: 0.880087
    discharge_ratio: 2
    depth_of_discharge: 0.9
  Pb-acid:
    cost: 186.936
    lifetime: 10.6136
    annual_cost: 17.612874048390744
    efficiency: 0.684073
    discharge_ratio: 5
    depth_of_discharge: 0.5
  VRBF:
    cost: 173.495
    lifetime: 22.2745
    annual_cost: 7.788951491615974
    efficiency: 0.762508
    discharge_ratio: 0.5
    depth_of_discharge: 1.0
