cost_values:
  wind_capex: 5000.0
  wind_opex: 100
  wind_lifetime: 20
  solar_capex: 1000.0
  solar_opex: 10
  solar_lifetime: 20
  carbon_price: 1.0
timeseries_values:
  load_level: 264598.0009272072
  wind_year: 2018
  solar_year: 2011
  price_year: 2023
  carbon_year: 2023
storage_values:
  CAES:
    cost: 36.8643
    lifetime: 22.7824
    annual_cost: 1.6181043261464991
    efficiency: 0.60257
    discharge_ratio: 0.1
    depth_of_discharge: 0.4
  Li-ion:
    cost: 215.484
    lifetime: 25.7514
    annual_cost: 8.367855728232252
    efficiency: 0.875341
    discharge_ratio: 2
    depth_of_discharge: 0.9
  Pb-acid:
    cost: 216.32
    lifetime: 10.0476
    annual_cost: 21.529519487240734
    efficiency: 0.690521
    discharge_ratio: 5
    depth_of_discharge: 0.5
  VRBF:
    cost: 212.744
    lifetime: 21.9254
    annual_cost: 9.703084094246856
    efficiency: 0.767322
    discharge_ratio: 0.5
    depth_of_discharge: 1.0
