cost_values:
  wind_capex: 5000.0
  wind_opex: 100
  wind_lifetime: 20
  solar_capex: 1000.0
  solar_opex: 10
  solar_lifetime: 20
  carbon_price: 1.0
timeseries_values:
  load_level: 264598.0009272072
  wind_year: 2018
  solar_year: 2011
  price_year: 2023
  carbon_year: 2023
storage_values:
  CAES:
    cost: 34.7215
    lifetime: 22.3838
    annual_cost: 1.551188806190191
    efficiency: 0.601548
    discharge_ratio: 0.1
    depth_of_discharge: 0.4
  Li-ion:
    cost: 172.254
    lifetime: 26.8463
    annual_cost: 6.416303177719089
    efficiency: 0.884728
    discharge_ratio: 2
    depth_of_discharge: 0.9
  Pb-acid:
    cost: 226.605
    lifetime: 11.0828
    annual_cost: 20.44654780380409
    efficiency: 0.664502
    discharge_ratio: 5
    depth_of_discharge: 0.5
  VRBF:
    cost: 200.049
    lifetime: 25.2381
    annual_cost: 7.926468315760696
    efficiency: 0.774809
    discharge_ratio: 0.5
    depth_of_discharge: 1.0
