cost_values:
  wind_capex: 5000.0
  wind_opex: 100
  wind_lifetime: 20
  solar_capex: 1000.0
  solar_opex: 10
  solar_lifetime: 20
  carbon_price: 1.0
timeseries_values:
  load_level: 264598.0009272072
  wind_year: 2018
  solar_year: 2011
  price_year: 2023
  carbon_year: 2023
storage_values:
  CAES:
    cost: 49.9364
    lifetime: 22.295
    annual_cost: 2.2398026463332585
    efficiency: 0.600188
    discharge_ratio: 0.1
    depth_of_discharge: 0.4
  Li-ion:
    cost: 200.574
    lifetime: 25.9163
    annual_cost: 7.739299205519307
    efficiency: 0.865557
    discharge_ratio: 2
    depth_of_discharge: 0.9
  Pb-acid:
    cost: 188.868
    lifetime: 10.309
    annual_cost: 18.320690658647784
    efficiency: 0.686657
    discharge_ratio: 5
    depth_of_discharge: 0.5
  VRBF:
    cost: 207.596
    lifetime: 24.5157
    annual_cost: 8.46787976684329
    efficiency: 0.781776
    discharge_ratio: 0.5
    depth_of_discharge: 1.0
