cost_values:
  wind_capex: 5000.0
  wind_opex: 100
  wind_lifetime: 20
  solar_capex: 1000.0
  solar_opex: 10
  solar_lifetime: 20
  carbon_price: 1.0
timeseries_values:
  load_level: 264598.0009272072
  wind_year: 2018
  solar_year: 2011
  price_year: 2023
  carbon_year: 2023
storage_values:
  CAES:
    cost: 44.9495
    lifetime: 23.246
    annual_cost: 1.9336444979781469
    efficiency: 0.59865
    discharge_ratio: 0.1
    depth_of_discharge: 0.4
  Li-ion:
    cost: 206.77
    lifetime: 26.4629
    annual_cost: 7.813580522164993
    efficiency: 0.878647
    discharge_ratio: 2
    depth_of_discharge: 0.9
  Pb-acid:
    cost: 200.921
    lifetime: 10.3197
    annual_cost: 19.469655125633498
    efficiency: 0.668406
    discharge_ratio: 5
    depth_of_discharge: 0.5
  VRBF:
    cost: 225.92
    lifetime: 23.3784
    annual_cost: 9.663621120350408
    efficiency: 0.770138
    discharge_ratio: 0.5
    depth_of_discharge: 1.0
