cost_values:
  wind_capex: 5000.0
  wind_opex: 100
  wind_lifetime: 20
  solar_capex: 1000.0
  solar_opex: 10
  solar_lifetime: 20
  carbon_price: 1.0
timeseries_values:
  load_level: 264598.0009272072
  wind_year: 2018
  solar_year: 2011
  price_year: 2023
  carbon_year: 2023
storage_values:
  CAES:
    cost: 42.1752
    lifetime: 23.7353
    annual_cost: 1.776897700892763
    efficiency: 0.601083
    discharge_ratio: 0.1
    depth_of_discharge: 0.4
  Li-ion:
    cost: 219.347
    lifetime: 27.9898
    annual_cost: 7.836676217765044
    efficiency: 0.878048
    discharge_ratio: 2
    depth_of_discharge: 0.9
  Pb-acid:
    cost: 208.202
    lifetime: 9.17292
    annual_cost: 22.697461658882887
    efficiency: 0.68186
    discharge_ratio: 5
    depth_of_discharge: 0.5
  VRBF:
    cost: 186.849
    lifetime: 23.4049
    annual_cost: 7.983328277411994
    efficiency: 0.762667
    discharge_ratio: 0.5
    depth_of_discharge: 1.0
