cost_values:
  wind_capex: 5000.0
  wind_opex: 100
  wind_lifetime: 20
  solar_capex: 1000.0
  solar_opex: 10
  solar_lifetime: 20
  carbon_price: 1.0
timeseries_values:
  load_level: 264598.0009272072
  wind_year: 2018
  solar_year: 2011
  price_year: 2023
  carbon_year: 2023
storage_values:
  CAES:
    cost: 44.2306
    lifetime: 21.6487
    annual_cost: 2.0431065144789295
    efficiency: 0.599979
    discharge_ratio: 0.1
    depth_of_discharge: 0.4
  Li-ion:
    cost: 197.037
    lifetime: 23.964
    annual_cost: 8.222208312468704
    efficiency: 0.864492
    discharge_ratio: 2
    depth_of_discharge: 0.9
  Pb-acid:
    cost: 181.998
    lifetime: 11.8528
    annual_cost: 15.354852861771057
    efficiency: 0.670268
    discharge_ratio: 5
    depth_of_discharge: 0.5
  VRBF:
    cost: 192.554
    lifetime: 24.314
    annual_cost: 7.919470264045406
    efficiency: 0.772254
    discharge_ratio: 0.5
    depth_of_discharge: 1.0
