cost_values:
  wind_capex: 5000.0
  wind_opex: 100
  wind_lifetime: 20
  solar_capex: 1000.0
  solar_opex: 10
  solar_lifetime: 20
  carbon_price: 1.0
timeseries_values:
  load_level: 264598.0009272072
  wind_year: 2018
  solar_year: 2011
  price_year: 2023
  carbon_year: 2023
storage_values:
  CAES:
    cost: 46.4017
    lifetime: 23.1795
    annual_cost: 2.0018421449988133
    efficiency: 0.59683
    discharge_ratio: 0.1
    depth_of_discharge: 0.4
  Li-ion:
    cost: 195.635
    lifetime: 26.5197
    annual_cost: 7.376968819405951
    efficiency: 0.89263
    discharge_ratio: 2
    depth_of_discharge: 0.9
  Pb-acid:
    cost: 202.736
    lifetime: 13.077
    annual_cost: 15.503249980882465
    efficiency: 0.669069
    discharge_ratio: 5
    depth_of_discharge: 0.5
  VRBF:
    cost: 193.174
    lifetime: 24.28
    annual_cost: 7.956095551894563
    efficiency: 0.755561
    discharge_ratio: 0.5
    depth_of_discharge: 1.0
