cost_values:
  wind_capex: 5000.0
  wind_opex: 100
  wind_lifetime: 20
  solar_capex: 1000.0
  solar_opex: 10
  solar_lifetime: 20
  carbon_price: 1.0
timeseries_values:
  load_level: 264598.0009272072
  wind_year: 2018
  solar_year: 2011
  price_year: 2023
  carbon_year: 2023
storage_values:
  CAES:
    cost: 49.635
    lifetime: 21.7244
    annual_cost: 2.2847581521238793
    efficiency: 0.596847
    discharge_ratio: 0.1
    depth_of_discharge: 0.4
  Li-ion:
    cost: 213.344
    lifetime: 24.8189
    annual_cost: 8.596029638702763
    efficiency: 0.885398
    discharge_ratio: 2
    depth_of_discharge: 0.9
  Pb-acid:
    cost: 205.812
    lifetime: 10.9186
    annual_cost: 18.84966937153115
    efficiency: 0.679757
    discharge_ratio: 5
    depth_of_discharge: 0.5
  VRBF:
    cost: 204.84
    lifetime: 23.8227
    annual_cost: 8.598521578158646
    efficiency: 0.78893
    discharge_ratio: 0.5
    depth_of_discharge: 1.0
