cost_values:
  wind_capex: 5000.0
  wind_opex: 100
  wind_lifetime: 20
  solar_capex: 1000.0
  solar_opex: 10
  solar_lifetime: 20
  carbon_price: 1.0
timeseries_values:
  load_level: 264598.0009272072
  wind_year: 2018
  solar_year: 2011
  price_year: 2023
  carbon_year: 2023
storage_values:
  CAES:
    cost: 50.0475
    lifetime: 22.3134
    annual_cost: 2.2429347387668397
    efficiency: 0.593339
    discharge_ratio: 0.1
    depth_of_discharge: 0.4
  Li-ion:
    cost: 208.041
    lifetime: 26.4691
    annual_cost: 7.85976856032128
    efficiency: 0.878063
    discharge_ratio: 2
    depth_of_discharge: 0.9
  Pb-acid:
    cost: 202.334
    lifetime: 11.1794
    annual_cost: 18.09882462386175
    efficiency: 0.67189
    discharge_ratio: 5
    depth_of_discharge: 0.5
  VRBF:
    cost: 177.909
    lifetime: 24.4151
    annual_cost: 7.286842978320793
    efficiency: 0.78836
    discharge_ratio: 0.5
    depth_of_discharge: 1.0
