cost_values:
  wind_capex: 5000.0
  wind_opex: 100
  wind_lifetime: 20
  solar_capex: 1000.0
  solar_opex: 10
  solar_lifetime: 20
  carbon_price: 1.0
timeseries_values:
  load_level: 264598.0009272072
  wind_year: 2018
  solar_year: 2011
  price_year: 2023
  carbon_year: 2023
storage_values:
  CAES:
    cost: 43.3139
    lifetime: 21.4064
    annual_cost: 2.023408887061813
    efficiency: 0.59776
    discharge_ratio: 0.1
    depth_of_discharge: 0.4
  Li-ion:
    cost: 206.034
    lifetime: 25.3358
    annual_cost: 8.13212924004768
    efficiency: 0.892158
    discharge_ratio: 2
    depth_of_discharge: 0.9
  Pb-acid:
    cost: 187.518
    lifetime: 11.0035
    annual_cost: 17.041668560003632
    efficiency: 0.673438
    discharge_ratio: 5
    depth_of_discharge: 0.5
  VRBF:
    cost: 184.022
    lifetime: 22.2323
    annual_cost: 8.277236273350036
    efficiency: 0.808936
    discharge_ratio: 0.5
    depth_of_discharge: 1.0
