cost_values:
  wind_capex: 5000.0
  wind_opex: 100
  wind_lifetime: 20
  solar_capex: 1000.0
  solar_opex: 10
  solar_lifetime: 20
  carbon_price: 1.0
timeseries_values:
  load_level: 264598.0009272072
  wind_year: 2018
  solar_year: 2011
  price_year: 2023
  carbon_year: 2023
storage_values:
  CAES:
    cost: 48.0388
    lifetime: 22.3403
    annual_cost: 2.150320273228202
    efficiency: 0.596363
    discharge_ratio: 0.1
    depth_of_discharge: 0.4
  Li-ion:
    cost: 201.813
    lifetime: 27.2803
    annual_cost: 7.39775588978127
    efficiency: 0.875664
    discharge_ratio: 2
    depth_of_discharge: 0.9
  Pb-acid:
    cost: 197.087
    lifetime: 10.8695
    annual_cost: 18.132112792676754
    efficiency: 0.688385
    discharge_ratio: 5
    depth_of_discharge: 0.5
  VRBF:
    cost: 180.921
    lifetime: 26.6619
    annual_cost: 6.7857504528934545
    efficiency: 0.790225
    discharge_ratio: 0.5
    depth_of_discharge: 1.0
