cost_values:
  wind_capex: 5000.0
  wind_opex: 100
  wind_lifetime: 20
  solar_capex: 1000.0
  solar_opex: 10
  solar_lifetime: 20
  carbon_price: 1.0
timeseries_values:
  load_level: 264598.0009272072
  wind_year: 2018
  solar_year: 2011
  price_year: 2023
  carbon_year: 2023
storage_values:
  CAES:
    cost: 39.0129
    lifetime: 23.2186
    annual_cost: 1.6802434255295327
    efficiency: 0.594567
    discharge_ratio: 0.1
    depth_of_discharge: 0.4
  Li-ion:
    cost: 223.965
    lifetime: 24.8527
    annual_cost: 9.011696918242285
    efficiency: 0.87266
    discharge_ratio: 2
    depth_of_discharge: 0.9
  Pb-acid:
    cost: 208.694
    lifetime: 9.2916
    annual_cost: 22.460501958758446
    efficiency: 0.671872
    discharge_ratio: 5
    depth_of_discharge: 0.5
  VRBF:
    cost: 195.552
    lifetime: 26.7256
    annual_cost: 7.317029365103122
    efficiency: 0.777466
    discharge_ratio: 0.5
    depth_of_discharge: 1.0
