cost_values:
  wind_capex: 5000.0
  wind_opex: 100
  wind_lifetime: 20
  solar_capex: 1000.0
  solar_opex: 10
  solar_lifetime: 20
  carbon_price: 1.0
timeseries_values:
  load_level: 264598.0009272072
  wind_year: 2018
  solar_year: 2011
  price_year: 2023
  carbon_year: 2023
storage_values:
  CAES:
    cost: 46.0356
    lifetime: 21.9807
    annual_cost: 2.0943646016732864
    efficiency: 0.601987
    discharge_ratio: 0.1
    depth_of_discharge: 0.4
  Li-ion:
    cost: 215.323
    lifetime: 25.7585
    annual_cost: 8.359298872216938
    efficiency: 0.874668
    discharge_ratio: 2
    depth_of_discharge: 0.9
  Pb-acid:
    cost: 210.634
    lifetime: 9.95663
    annual_cost: 21.155149885051465
    efficiency: 0.680608
    discharge_ratio: 5
    depth_of_discharge: 0.5
  VRBF:
    cost: 181.454
    lifetime: 26.55
    annual_cost: 6.834425612052731
    efficiency: 0.771194
    discharge_ratio: 0.5
    depth_of_discharge: 1.0
