cost_values:
  wind_capex: 5000.0
  wind_opex: 100
  wind_lifetime: 20
  solar_capex: 1000.0
  solar_opex: 10
  solar_lifetime: 20
  carbon_price: 1.0
timeseries_values:
  load_level: 264598.0009272072
  wind_year: 2018
  solar_year: 2011
  price_year: 2023
  carbon_year: 2023
storage_values:
  CAES:
    cost: 50.9491
    lifetime: 23.1238
    annual_cost: 2.203318658697965
    efficiency: 0.594636
    discharge_ratio: 0.1
    depth_of_discharge: 0.4
  Li-ion:
    cost: 211.584
    lifetime: 26.1882
    annual_cost: 8.079363988361171
    efficiency: 0.864398
    discharge_ratio: 2
    depth_of_discharge: 0.9
  Pb-acid:
    cost: 197.464
    lifetime: 10.0457
    annual_cost: 19.65656947748788
    efficiency: 0.698123
    discharge_ratio: 5
    depth_of_discharge: 0.5
  VRBF:
    cost: 184.125
    lifetime: 22.6425
    annual_cost: 8.131831732361709
    efficiency: 0.752915
    discharge_ratio: 0.5
    depth_of_discharge: 1.0
