cost_values:
  wind_capex: 5000.0
  wind_opex: 100
  wind_lifetime: 20
  solar_capex: 1000.0
  solar_opex: 10
  solar_lifetime: 20
  carbon_price: 1.0
timeseries_values:
  load_level: 264598.0009272072
  wind_year: 2018
  solar_year: 2011
  price_year: 2023
  carbon_year: 2023
storage_values:
  CAES:
    cost: 45.3862
    lifetime: 22.7592
    annual_cost: 1.9941913599775036
    efficiency: 0.593013
    discharge_ratio: 0.1
    depth_of_discharge: 0.4
  Li-ion:
    cost: 218.442
    lifetime: 23.0413
    annual_cost: 9.480454661846338
    efficiency: 0.890259
    discharge_ratio: 2
    depth_of_discharge: 0.9
  Pb-acid:
    cost: 188.516
    lifetime: 10.3872
    annual_cost: 18.148875539125076
    efficiency: 0.668512
    discharge_ratio: 5
    depth_of_discharge: 0.5
  VRBF:
    cost: 203.635
    lifetime: 25.4604
    annual_cost: 7.99810686399271
    efficiency: 0.747254
    discharge_ratio: 0.5
    depth_of_discharge: 1.0
