cost_values:
  wind_capex: 5000.0
  wind_opex: 100
  wind_lifetime: 20
  solar_capex: 1000.0
  solar_opex: 10
  solar_lifetime: 20
  carbon_price: 1.0
timeseries_values:
  load_level: 264598.0009272072
  wind_year: 2018
  solar_year: 2011
  price_year: 2023
  carbon_year: 2023
storage_values:
  CAES:
    cost: 46.0158
    lifetime: 22.1575
    annual_cost: 2.0767595622249804
    efficiency: 0.604355
    discharge_ratio: 0.1
    depth_of_discharge: 0.4
  Li-ion:
    cost: 210.859
    lifetime: 26.6745
    annual_cost: 7.904890438433711
    efficiency: 0.887152
    discharge_ratio: 2
    depth_of_discharge: 0.9
  Pb-acid:
    cost: 189.047
    lifetime: 9.77735
    annual_cost: 19.335198187647983
    efficiency: 0.692398
    discharge_ratio: 5
    depth_of_discharge: 0.5
  VRBF:
    cost: 187.179
    lifetime: 25.1764
    annual_cost: 7.4347007514974335
    efficiency: 0.767218
    discharge_ratio: 0.5
    depth_of_discharge: 1.0
