cost_values:
  wind_capex: 5000.0
  wind_opex: 100
  wind_lifetime: 20
  solar_capex: 1000.0
  solar_opex: 10
  solar_lifetime: 20
  carbon_price: 1.0
timeseries_values:
  load_level: 264598.0009272072
  wind_year: 2018
  solar_year: 2011
  price_year: 2023
  carbon_year: 2023
storage_values:
  CAES:
    cost: 52.5135
    lifetime: 22.5721
    annual_cost: 2.32647826298838
    efficiency: 0.600972
    discharge_ratio: 0.1
    depth_of_discharge: 0.4
  Li-ion:
    cost: 220.166
    lifetime: 25.215
    annual_cost: 8.731548681340472
    efficiency: 0.882738
    discharge_ratio: 2
    depth_of_discharge: 0.9
  Pb-acid:
    cost: 199.254
    lifetime: 10.0623
    annual_cost: 19.802033332339523
    efficiency: 0.676448
    discharge_ratio: 5
    depth_of_discharge: 0.5
  VRBF:
    cost: 203.156
    lifetime: 25.2434
    annual_cost: 8.047885784006908
    efficiency: 0.783151
    discharge_ratio: 0.5
    depth_of_discharge: 1.0
