cost_values:
  wind_capex: 5000.0
  wind_opex: 100
  wind_lifetime: 20
  solar_capex: 1000.0
  solar_opex: 10
  solar_lifetime: 20
  carbon_price: 1.0
timeseries_values:
  load_level: 264598.0009272072
  wind_year: 2018
  solar_year: 2011
  price_year: 2023
  carbon_year: 2023
storage_values:
  CAES:
    cost: 44.2759
    lifetime: 22.1752
    annual_cost: 1.9966403910674988
    efficiency: 0.602968
    discharge_ratio: 0.1
    depth_of_discharge: 0.4
  Li-ion:
    cost: 209.061
    lifetime: 25.9531
    annual_cost: 8.05533828328793
    efficiency: 0.87626
    discharge_ratio: 2
    depth_of_discharge: 0.9
  Pb-acid:
    cost: 189.079
    lifetime: 10.6376
    annual_cost: 17.774592013236067
    efficiency: 0.673162
    discharge_ratio: 5
    depth_of_discharge: 0.5
  VRBF:
    cost: 210.045
    lifetime: 26.1724
    annual_cost: 8.02543901208907
    efficiency: 0.781948
    discharge_ratio: 0.5
    depth_of_discharge: 1.0
