cost_values:
  wind_capex: 5000.0
  wind_opex: 100
  wind_lifetime: 20
  solar_capex: 1000.0
  solar_opex: 10
  solar_lifetime: 20
  carbon_price: 1.0
timeseries_values:
  load_level: 264598.0009272072
  wind_year: 2018
  solar_year: 2011
  price_year: 2023
  carbon_year: 2023
storage_values:
  CAES:
    cost: 50.6783
    lifetime: 22.3049
    annual_cost: 2.2720702625880413
    efficiency: 0.60367
    discharge_ratio: 0.1
    depth_of_discharge: 0.4
  Li-ion:
    cost: 207.493
    lifetime: 25.2925
    annual_cost: 8.203736285460117
    efficiency: 0.884198
    discharge_ratio: 2
    depth_of_discharge: 0.9
  Pb-acid:
    cost: 186.051
    lifetime: 11.0018
    annual_cost: 16.910960024723227
    efficiency: 0.687053
    discharge_ratio: 5
    depth_of_discharge: 0.5
  VRBF:
    cost: 201.687
    lifetime: 23.9714
    annual_cost: 8.413651267760748
    efficiency: 0.799098
    discharge_ratio: 0.5
    depth_of_discharge: 1.0
