cost_values:
  wind_capex: 5000.0
  wind_opex: 100
  wind_lifetime: 20
  solar_capex: 1000.0
  solar_opex: 10
  solar_lifetime: 20
  carbon_price: 1.0
timeseries_values:
  load_level: 264598.0009272072
  wind_year: 2018
  solar_year: 2011
  price_year: 2023
  carbon_year: 2023
storage_values:
  CAES:
    cost: 41.8824
    lifetime: 22.4002
    annual_cost: 1.869733305952625
    efficiency: 0.606411
    discharge_ratio: 0.1
    depth_of_discharge: 0.4
  Li-ion:
    cost: 194.79
    lifetime: 23.5499
    annual_cost: 8.271372702219542
    efficiency: 0.887519
    discharge_ratio: 2
    depth_of_discharge: 0.9
  Pb-acid:
    cost: 205.662
    lifetime: 10.8564
    annual_cost: 18.943848789654027
    efficiency: 0.677191
    discharge_ratio: 5
    depth_of_discharge: 0.5
  VRBF:
    cost: 200.178
    lifetime: 23.5691
    annual_cost: 8.49323902906772
    efficiency: 0.781245
    discharge_ratio: 0.5
    depth_of_discharge: 1.0
