cost_values:
  wind_capex: 5000.0
  wind_opex: 100
  wind_lifetime: 20
  solar_capex: 1000.0
  solar_opex: 10
  solar_lifetime: 20
  carbon_price: 1.0
timeseries_values:
  load_level: 264598.0009272072
  wind_year: 2018
  solar_year: 2011
  price_year: 2023
  carbon_year: 2023
storage_values:
  CAES:
    cost: 38.4705
    lifetime: 21.0639
    annual_cost: 1.8263711848233233
    efficiency: 0.610401
    discharge_ratio: 0.1
    depth_of_discharge: 0.4
  Li-ion:
    cost: 195.498
    lifetime: 25.3315
    annual_cost: 7.717584825217615
    efficiency: 0.858721
    discharge_ratio: 2
    depth_of_discharge: 0.9
  Pb-acid:
    cost: 200.298
    lifetime: 10.3609
    annual_cost: 19.33210435386887
    efficiency: 0.664493
    discharge_ratio: 5
    depth_of_discharge: 0.5
  VRBF:
    cost: 183.131
    lifetime: 24.7888
    annual_cost: 7.387650874588524
    efficiency: 0.765923
    discharge_ratio: 0.5
    depth_of_discharge: 1.0
