cost_values:
  wind_capex: 5000.0
  wind_opex: 100
  wind_lifetime: 20
  solar_capex: 1000.0
  solar_opex: 10
  solar_lifetime: 20
  carbon_price: 1.0
timeseries_values:
  load_level: 227013.6450587728
  wind_year: 2016
  solar_year: 2013
  price_year: 2023
  carbon_year: 2023
storage_values:
  CAES:
    cost: 66.9666
    lifetime: 27.2907
    annual_cost: 2.453824929371544
    efficiency: 0.584821
    discharge_ratio: 0.1
    depth_of_discharge: 0.4
  Li-ion:
    cost: 166.332
    lifetime: 26.5237
    annual_cost: 6.271070778209676
    efficiency: 0.9635
    discharge_ratio: 2
    depth_of_discharge: 0.9
  Pb-acid:
    cost: 56.2857
    lifetime: 14.9704
    annual_cost: 3.759799337359055
    efficiency: 0.770522
    discharge_ratio: 5
    depth_of_discharge: 0.5
  VRBF:
    cost: 301.259
    lifetime: 26.9366
    annual_cost: 11.184002435348189
    efficiency: 0.788366
    discharge_ratio: 0.5
    depth_of_discharge: 1.0
