cost_values:
  wind_capex: 5000.0
  wind_opex: 100
  wind_lifetime: 20
  solar_capex: 1000.0
  solar_opex: 10
  solar_lifetime: 20
  carbon_price: 1.0
timeseries_values:
  load_level: 227013.6450587728
  wind_year: 2016
  solar_year: 2013
  price_year: 2023
  carbon_year: 2023
storage_values:
  CAES:
    cost: 69.0609
    lifetime: 26.7707
    annual_cost: 2.579719618837012
    efficiency: 0.577901
    discharge_ratio: 0.1
    depth_of_discharge: 0.4
  Li-ion:
    cost: 151.117
    lifetime: 26.2014
    annual_cost: 5.76751623959025
    efficiency: 0.969108
    discharge_ratio: 2
    depth_of_discharge: 0.9
  Pb-acid:
    cost: 55.844
    lifetime: 14.7813
    annual_cost: 3.77801681854776
    efficiency: 0.778189
    discharge_ratio: 5
    depth_of_discharge: 0.5
  VRBF:
    cost: 308.236
    lifetime: 28.1019
    annual_cost: 10.968511025944863
    efficiency: 0.780328
    discharge_ratio: 0.5
    depth_of_discharge: 1.0
