cost_values:
  wind_capex: 5000.0
  wind_opex: 100
  wind_lifetime: 20
  solar_capex: 1000.0
  solar_opex: 10
  solar_lifetime: 20
  carbon_price: 1.0
timeseries_values:
  load_level: 227013.6450587728
  wind_year: 2016
  solar_year: 2013
  price_year: 2023
  carbon_year: 2023
storage_values:
  CAES:
    cost: 60.97
    lifetime: 27.8706
    annual_cost: 2.1876098828155834
    efficiency: 0.580191
    discharge_ratio: 0.1
    depth_of_discharge: 0.4
  Li-ion:
    cost: 144.441
    lifetime: 27.3086
    annual_cost: 5.28921292193668
    efficiency: 0.969173
    discharge_ratio: 2
    depth_of_discharge: 0.9
  Pb-acid:
    cost: 60.4236
    lifetime: 14.5768
    annual_cost: 4.145189616376708
    efficiency: 0.778683
    discharge_ratio: 5
    depth_of_discharge: 0.5
  VRBF:
    cost: 293.031
    lifetime: 27.3439
    annual_cost: 10.716503498037953
    efficiency: 0.769379
    discharge_ratio: 0.5
    depth_of_discharge: 1.0
