cost_values:
  wind_capex: 5000.0
  wind_opex: 100
  wind_lifetime: 20
  solar_capex: 1000.0
  solar_opex: 10
  solar_lifetime: 20
  carbon_price: 1.0
timeseries_values:
  load_level: 227013.6450587728
  wind_year: 2016
  solar_year: 2013
  price_year: 2023
  carbon_year: 2023
storage_values:
  CAES:
    cost: 63.3206
    lifetime: 28.0349
    annual_cost: 2.258634773086403
    efficiency: 0.572769
    discharge_ratio: 0.1
    depth_of_discharge: 0.4
  Li-ion:
    cost: 139.017
    lifetime: 27.5467
    annual_cost: 5.0465936028635
    efficiency: 0.967618
    discharge_ratio: 2
    depth_of_discharge: 0.9
  Pb-acid:
    cost: 60.5961
    lifetime: 14.6142
    annual_cost: 4.146385022786057
    efficiency: 0.775832
    discharge_ratio: 5
    depth_of_discharge: 0.5
  VRBF:
    cost: 327.362
    lifetime: 27.4501
    annual_cost: 11.925712474635795
    efficiency: 0.787999
    discharge_ratio: 0.5
    depth_of_discharge: 1.0
