cost_values:
  wind_capex: 5000.0
  wind_opex: 100
  wind_lifetime: 20
  solar_capex: 1000.0
  solar_opex: 10
  solar_lifetime: 20
  carbon_price: 1.0
timeseries_values:
  load_level: 227013.6450587728
  wind_year: 2016
  solar_year: 2013
  price_year: 2023
  carbon_year: 2023
storage_values:
  CAES:
    cost: 67.0736
    lifetime: 28.1412
    annual_cost: 2.3834662345600046
    efficiency: 0.579443
    discharge_ratio: 0.1
    depth_of_discharge: 0.4
  Li-ion:
    cost: 153.594
    lifetime: 27.3747
    annual_cost: 5.610801214259882
    efficiency: 0.95976
    discharge_ratio: 2
    depth_of_discharge: 0.9
  Pb-acid:
    cost: 62.1016
    lifetime: 13.7871
    annual_cost: 4.504326508112656
    efficiency: 0.783082
    discharge_ratio: 5
    depth_of_discharge: 0.5
  VRBF:
    cost: 281.224
    lifetime: 28.5084
    annual_cost: 9.864601310490942
    efficiency: 0.801673
    discharge_ratio: 0.5
    depth_of_discharge: 1.0
