cost_values:
  wind_capex: 5000.0
  wind_opex: 100
  wind_lifetime: 20
  solar_capex: 1000.0
  solar_opex: 10
  solar_lifetime: 20
  carbon_price: 1.0
timeseries_values:
  load_level: 227013.6450587728
  wind_year: 2016
  solar_year: 2013
  price_year: 2023
  carbon_year: 2023
storage_values:
  CAES:
    cost: 61.4977
    lifetime: 27.9716
    annual_cost: 2.1985764132191226
    efficiency: 0.58457
    discharge_ratio: 0.1
    depth_of_discharge: 0.4
  Li-ion:
    cost: 134.448
    lifetime: 24.0796
    annual_cost: 5.583481453180286
    efficiency: 0.959677
    discharge_ratio: 2
    depth_of_discharge: 0.9
  Pb-acid:
    cost: 77.5865
    lifetime: 14.7431
    annual_cost: 5.26256350428336
    efficiency: 0.788655
    discharge_ratio: 5
    depth_of_discharge: 0.5
  VRBF:
    cost: 274.153
    lifetime: 27.1405
    annual_cost: 10.10125089810431
    efficiency: 0.783427
    discharge_ratio: 0.5
    depth_of_discharge: 1.0
