cost_values:
  wind_capex: 5000.0
  wind_opex: 100
  wind_lifetime: 20
  solar_capex: 1000.0
  solar_opex: 10
  solar_lifetime: 20
  carbon_price: 1.0
timeseries_values:
  load_level: 227013.6450587728
  wind_year: 2016
  solar_year: 2013
  price_year: 2023
  carbon_year: 2023
storage_values:
  CAES:
    cost: 66.0166
    lifetime: 27.774
    annual_cost: 2.376920861237128
    efficiency: 0.583
    discharge_ratio: 0.1
    depth_of_discharge: 0.4
  Li-ion:
    cost: 142.149
    lifetime: 26.1762
    annual_cost: 5.430467371123386
    efficiency: 0.967114
    discharge_ratio: 2
    depth_of_discharge: 0.9
  Pb-acid:
    cost: 53.8958
    lifetime: 14.6631
    annual_cost: 3.6756074772728824
    efficiency: 0.76534
    discharge_ratio: 5
    depth_of_discharge: 0.5
  VRBF:
    cost: 319.108
    lifetime: 29.8257
    annual_cost: 10.699095075723285
    efficiency: 0.779667
    discharge_ratio: 0.5
    depth_of_discharge: 1.0
