cost_values:
  wind_capex: 5000.0
  wind_opex: 100
  wind_lifetime: 20
  solar_capex: 1000.0
  solar_opex: 10
  solar_lifetime: 20
  carbon_price: 1.0
timeseries_values:
  load_level: 227013.6450587728
  wind_year: 2016
  solar_year: 2013
  price_year: 2023
  carbon_year: 2023
storage_values:
  CAES:
    cost: 67.3802
    lifetime: 28.0171
    annual_cost: 2.4049669666025393
    efficiency: 0.582525
    discharge_ratio: 0.1
    depth_of_discharge: 0.4
  Li-ion:
    cost: 141.535
    lifetime: 23.9449
    annual_cost: 5.9108620207225755
    efficiency: 0.972342
    discharge_ratio: 2
    depth_of_discharge: 0.9
  Pb-acid:
    cost: 56.9778
    lifetime: 15.9711
    annual_cost: 3.567556398745234
    efficiency: 0.786298
    discharge_ratio: 5
    depth_of_discharge: 0.5
  VRBF:
    cost: 329.044
    lifetime: 29.7311
    annual_cost: 11.067333532899891
    efficiency: 0.783837
    discharge_ratio: 0.5
    depth_of_discharge: 1.0
