cost_values:
  wind_capex: 5000.0
  wind_opex: 100
  wind_lifetime: 20
  solar_capex: 1000.0
  solar_opex: 10
  solar_lifetime: 20
  carbon_price: 1.0
timeseries_values:
  load_level: 227013.6450587728
  wind_year: 2016
  solar_year: 2013
  price_year: 2023
  carbon_year: 2023
storage_values:
  CAES:
    cost: 60.2342
    lifetime: 28.7114
    annual_cost: 2.097919293381723
    efficiency: 0.585243
    discharge_ratio: 0.1
    depth_of_discharge: 0.4
  Li-ion:
    cost: 157.676
    lifetime: 25.6282
    annual_cost: 6.152441451213897
    efficiency: 0.96398
    discharge_ratio: 2
    depth_of_discharge: 0.9
  Pb-acid:
    cost: 66.9395
    lifetime: 14.7729
    annual_cost: 4.5312362501607675
    efficiency: 0.779131
    discharge_ratio: 5
    depth_of_discharge: 0.5
  VRBF:
    cost: 317.363
    lifetime: 26.1427
    annual_cost: 12.139641276532263
    efficiency: 0.77676
    discharge_ratio: 0.5
    depth_of_discharge: 1.0
