cost_values:
  wind_capex: 5000.0
  wind_opex: 100
  wind_lifetime: 20
  solar_capex: 1000.0
  solar_opex: 10
  solar_lifetime: 20
  carbon_price: 1.0
timeseries_values:
  load_level: 227013.6450587728
  wind_year: 2016
  solar_year: 2013
  price_year: 2023
  carbon_year: 2023
storage_values:
  CAES:
    cost: 64.7292
    lifetime: 26.6075
    annual_cost: 2.4327426477496945
    efficiency: 0.57082
    discharge_ratio: 0.1
    depth_of_discharge: 0.4
  Li-ion:
    cost: 131.153
    lifetime: 27.8187
    annual_cost: 4.714562506515401
    efficiency: 0.973508
    discharge_ratio: 2
    depth_of_discharge: 0.9
  Pb-acid:
    cost: 64.3721
    lifetime: 14.393
    annual_cost: 4.472458834155492
    efficiency: 0.779707
    discharge_ratio: 5
    depth_of_discharge: 0.5
  VRBF:
    cost: 240.881
    lifetime: 27.9797
    annual_cost: 8.609134479640597
    efficiency: 0.787919
    discharge_ratio: 0.5
    depth_of_discharge: 1.0
