cost_values:
  wind_capex: 5000.0
  wind_opex: 100
  wind_lifetime: 20
  solar_capex: 1000.0
  solar_opex: 10
  solar_lifetime: 20
  carbon_price: 1.0
timeseries_values:
  load_level: 227013.6450587728
  wind_year: 2016
  solar_year: 2013
  price_year: 2023
  carbon_year: 2023
storage_values:
  CAES:
    cost: 61.5826
    lifetime: 27.3769
    annual_cost: 2.2494365687860935
    efficiency: 0.572803
    discharge_ratio: 0.1
    depth_of_discharge: 0.4
  Li-ion:
    cost: 161.811
    lifetime: 26.0836
    annual_cost: 6.203553190510513
    efficiency: 0.969256
    discharge_ratio: 2
    depth_of_discharge: 0.9
  Pb-acid:
    cost: 57.9939
    lifetime: 13.5803
    annual_cost: 4.2704432155401575
    efficiency: 0.782062
    discharge_ratio: 5
    depth_of_discharge: 0.5
  VRBF:
    cost: 297.712
    lifetime: 27.182
    annual_cost: 10.952542123464058
    efficiency: 0.779803
    discharge_ratio: 0.5
    depth_of_discharge: 1.0
