cost_values:
  wind_capex: 5000.0
  wind_opex: 100
  wind_lifetime: 20
  solar_capex: 1000.0
  solar_opex: 10
  solar_lifetime: 20
  carbon_price: 1.0
timeseries_values:
  load_level: 227013.6450587728
  wind_year: 2016
  solar_year: 2013
  price_year: 2023
  carbon_year: 2023
storage_values:
  CAES:
    cost: 59.0372
    lifetime: 28.021
    annual_cost: 2.106891260126334
    efficiency: 0.578771
    discharge_ratio: 0.1
    depth_of_discharge: 0.4
  Li-ion:
    cost: 154.625
    lifetime: 24.3582
    annual_cost: 6.347964956359665
    efficiency: 0.976984
    discharge_ratio: 2
    depth_of_discharge: 0.9
  Pb-acid:
    cost: 56.6724
    lifetime: 13.6805
    annual_cost: 4.142567888600563
    efficiency: 0.765701
    discharge_ratio: 5
    depth_of_discharge: 0.5
  VRBF:
    cost: 286.775
    lifetime: 28.9169
    annual_cost: 9.917211042677465
    efficiency: 0.773076
    discharge_ratio: 0.5
    depth_of_discharge: 1.0
