cost_values:
  wind_capex: 5000.0
  wind_opex: 100
  wind_lifetime: 20
  solar_capex: 1000.0
  solar_opex: 10
  solar_lifetime: 20
  carbon_price: 1.0
timeseries_values:
  load_level: 227013.6450587728
  wind_year: 2016
  solar_year: 2013
  price_year: 2023
  carbon_year: 2023
storage_values:
  CAES:
    cost: 63.2959
    lifetime: 28.5864
    annual_cost: 2.214196261159153
    efficiency: 0.577699
    discharge_ratio: 0.1
    depth_of_discharge: 0.4
  Li-ion:
    cost: 157.196
    lifetime: 26.5967
    annual_cost: 5.910357299965786
    efficiency: 0.965622
    discharge_ratio: 2
    depth_of_discharge: 0.9
  Pb-acid:
    cost: 60.2402
    lifetime: 14.5292
    annual_cost: 4.146147069349999
    efficiency: 0.758791
    discharge_ratio: 5
    depth_of_discharge: 0.5
  VRBF:
    cost: 290.028
    lifetime: 27.8201
    annual_cost: 10.425124280646008
    efficiency: 0.797852
    discharge_ratio: 0.5
    depth_of_discharge: 1.0
