cost_values:
  wind_capex: 5000.0
  wind_opex: 100
  wind_lifetime: 20
  solar_capex: 1000.0
  solar_opex: 10
  solar_lifetime: 20
  carbon_price: 1.0
timeseries_values:
  load_level: 227013.6450587728
  wind_year: 2016
  solar_year: 2013
  price_year: 2023
  carbon_year: 2023
storage_values:
  CAES:
    cost: 64.5681
    lifetime: 28.6294
    annual_cost: 2.255307481120806
    efficiency: 0.577829
    discharge_ratio: 0.1
    depth_of_discharge: 0.4
  Li-ion:
    cost: 143.94
    lifetime: 28.2287
    annual_cost: 5.099065844335729
    efficiency: 0.971377
    discharge_ratio: 2
    depth_of_discharge: 0.9
  Pb-acid:
    cost: 72.7261
    lifetime: 12.6849
    annual_cost: 5.733281302966519
    efficiency: 0.777112
    discharge_ratio: 5
    depth_of_discharge: 0.5
  VRBF:
    cost: 264.368
    lifetime: 27.4225
    annual_cost: 9.640550642720394
    efficiency: 0.800424
    discharge_ratio: 0.5
    depth_of_discharge: 1.0
