cost_values:
  wind_capex: 5000.0
  wind_opex: 100
  wind_lifetime: 20
  solar_capex: 1000.0
  solar_opex: 10
  solar_lifetime: 20
  carbon_price: 1.0
timeseries_values:
  load_level: 227013.6450587728
  wind_year: 2016
  solar_year: 2013
  price_year: 2023
  carbon_year: 2023
storage_values:
  CAES:
    cost: 56.9368
    lifetime: 26.9451
    annual_cost: 2.11306693981466
    efficiency: 0.5817
    discharge_ratio: 0.1
    depth_of_discharge: 0.4
  Li-ion:
    cost: 144.592
    lifetime: 24.5146
    annual_cost: 5.898199440333515
    efficiency: 0.953749
    discharge_ratio: 2
    depth_of_discharge: 0.9
  Pb-acid:
    cost: 55.5981
    lifetime: 12.9515
    annual_cost: 4.292792340655523
    efficiency: 0.77672
    discharge_ratio: 5
    depth_of_discharge: 0.5
  VRBF:
    cost: 292.53
    lifetime: 29.2863
    annual_cost: 9.988629495702767
    efficiency: 0.768296
    discharge_ratio: 0.5
    depth_of_discharge: 1.0
