cost_values:
  wind_capex: 5000.0
  wind_opex: 100
  wind_lifetime: 20
  solar_capex: 1000.0
  solar_opex: 10
  solar_lifetime: 20
  carbon_price: 1.0
timeseries_values:
  load_level: 227013.6450587728
  wind_year: 2016
  solar_year: 2013
  price_year: 2023
  carbon_year: 2023
storage_values:
  CAES:
    cost: 68.6124
    lifetime: 26.9072
    annual_cost: 2.5499643218172086
    efficiency: 0.582211
    discharge_ratio: 0.1
    depth_of_discharge: 0.4
  Li-ion:
    cost: 138.152
    lifetime: 26.0635
    annual_cost: 5.300592783010723
    efficiency: 0.958291
    discharge_ratio: 2
    depth_of_discharge: 0.9
  Pb-acid:
    cost: 59.5223
    lifetime: 14.6628
    annual_cost: 4.0594088441498215
    efficiency: 0.797409
    discharge_ratio: 5
    depth_of_discharge: 0.5
  VRBF:
    cost: 326.884
    lifetime: 28.0917
    annual_cost: 11.636319624657817
    efficiency: 0.797189
    discharge_ratio: 0.5
    depth_of_discharge: 1.0
