cost_values:
  wind_capex: 5000.0
  wind_opex: 100
  wind_lifetime: 20
  solar_capex: 1000.0
  solar_opex: 10
  solar_lifetime: 20
  carbon_price: 1.0
timeseries_values:
  load_level: 227013.6450587728
  wind_year: 2016
  solar_year: 2013
  price_year: 2023
  carbon_year: 2023
storage_values:
  CAES:
    cost: 63.3895
    lifetime: 27.3955
    annual_cost: 2.313865415852969
    efficiency: 0.576602
    discharge_ratio: 0.1
    depth_of_discharge: 0.4
  Li-ion:
    cost: 146.533
    lifetime: 26.6641
    annual_cost: 5.495516443457682
    efficiency: 0.977232
    discharge_ratio: 2
    depth_of_discharge: 0.9
  Pb-acid:
    cost: 62.5501
    lifetime: 14.3305
    annual_cost: 4.364823279020271
    efficiency: 0.794702
    discharge_ratio: 5
    depth_of_discharge: 0.5
  VRBF:
    cost: 323.765
    lifetime: 29.5764
    annual_cost: 10.946734558634587
    efficiency: 0.801836
    discharge_ratio: 0.5
    depth_of_discharge: 1.0
