cost_values:
  wind_capex: 5000.0
  wind_opex: 100
  wind_lifetime: 20
  solar_capex: 1000.0
  solar_opex: 10
  solar_lifetime: 20
  carbon_price: 1.0
timeseries_values:
  load_level: 227013.6450587728
  wind_year: 2016
  solar_year: 2013
  price_year: 2023
  carbon_year: 2023
storage_values:
  CAES:
    cost: 69.7683
    lifetime: 28.0374
    annual_cost: 2.4884012069592756
    efficiency: 0.588741
    discharge_ratio: 0.1
    depth_of_discharge: 0.4
  Li-ion:
    cost: 164.049
    lifetime: 26.335
    annual_cost: 6.229314600341751
    efficiency: 0.963521
    discharge_ratio: 2
    depth_of_discharge: 0.9
  Pb-acid:
    cost: 58.6438
    lifetime: 14.9158
    annual_cost: 3.9316563643921207
    efficiency: 0.783878
    discharge_ratio: 5
    depth_of_discharge: 0.5
  VRBF:
    cost: 334.778
    lifetime: 27.5984
    annual_cost: 12.130340889326918
    efficiency: 0.787994
    discharge_ratio: 0.5
    depth_of_discharge: 1.0
