cost_values:
  wind_capex: 5000.0
  wind_opex: 100
  wind_lifetime: 20
  solar_capex: 1000.0
  solar_opex: 10
  solar_lifetime: 20
  carbon_price: 1.0
timeseries_values:
  load_level: 227013.6450587728
  wind_year: 2016
  solar_year: 2013
  price_year: 2023
  carbon_year: 2023
storage_values:
  CAES:
    cost: 60.7082
    lifetime: 27.8461
    annual_cost: 2.1801329450084572
    efficiency: 0.588937
    discharge_ratio: 0.1
    depth_of_discharge: 0.4
  Li-ion:
    cost: 157.717
    lifetime: 25.0507
    annual_cost: 6.29591189068569
    efficiency: 0.963218
    discharge_ratio: 2
    depth_of_discharge: 0.9
  Pb-acid:
    cost: 51.0531
    lifetime: 13.26
    annual_cost: 3.850158371040724
    efficiency: 0.782697
    discharge_ratio: 5
    depth_of_discharge: 0.5
  VRBF:
    cost: 303.048
    lifetime: 27.1791
    annual_cost: 11.15003808073115
    efficiency: 0.799709
    discharge_ratio: 0.5
    depth_of_discharge: 1.0
