cost_values:
  wind_capex: 5000.0
  wind_opex: 100
  wind_lifetime: 20
  solar_capex: 1000.0
  solar_opex: 10
  solar_lifetime: 20
  carbon_price: 1.0
timeseries_values:
  load_level: 227013.6450587728
  wind_year: 2016
  solar_year: 2013
  price_year: 2023
  carbon_year: 2023
storage_values:
  CAES:
    cost: 59.8312
    lifetime: 27.4318
    annual_cost: 2.1810891009704068
    efficiency: 0.579146
    discharge_ratio: 0.1
    depth_of_discharge: 0.4
  Li-ion:
    cost: 133.967
    lifetime: 24.059
    annual_cost: 5.568269670393616
    efficiency: 0.968437
    discharge_ratio: 2
    depth_of_discharge: 0.9
  Pb-acid:
    cost: 51.7026
    lifetime: 14.8016
    annual_cost: 3.493041292833207
    efficiency: 0.762891
    discharge_ratio: 5
    depth_of_discharge: 0.5
  VRBF:
    cost: 296.839
    lifetime: 29.3918
    annual_cost: 10.09938146013514
    efficiency: 0.797649
    discharge_ratio: 0.5
    depth_of_discharge: 1.0
