cost_values:
  wind_capex: 5000.0
  wind_opex: 100
  wind_lifetime: 20
  solar_capex: 1000.0
  solar_opex: 10
  solar_lifetime: 20
  carbon_price: 1.0
timeseries_values:
  load_level: 227013.6450587728
  wind_year: 2016
  solar_year: 2013
  price_year: 2023
  carbon_year: 2023
storage_values:
  CAES:
    cost: 64.7457
    lifetime: 27.0148
    annual_cost: 2.396675155840502
    efficiency: 0.575127
    discharge_ratio: 0.1
    depth_of_discharge: 0.4
  Li-ion:
    cost: 178.869
    lifetime: 25.0668
    annual_cost: 7.135693427162622
    efficiency: 0.958694
    discharge_ratio: 2
    depth_of_discharge: 0.9
  Pb-acid:
    cost: 55.3147
    lifetime: 15.3536
    annual_cost: 3.6027185806586077
    efficiency: 0.773127
    discharge_ratio: 5
    depth_of_discharge: 0.5
  VRBF:
    cost: 290.685
    lifetime: 29.0081
    annual_cost: 10.020821770471008
    efficiency: 0.784856
    discharge_ratio: 0.5
    depth_of_discharge: 1.0
