cost_values:
  wind_capex: 5000.0
  wind_opex: 100
  wind_lifetime: 20
  solar_capex: 1000.0
  solar_opex: 10
  solar_lifetime: 20
  carbon_price: 1.0
timeseries_values:
  load_level: 227013.6450587728
  wind_year: 2016
  solar_year: 2013
  price_year: 2023
  carbon_year: 2023
storage_values:
  CAES:
    cost: 64.7019
    lifetime: 26.5744
    annual_cost: 2.43474546932386
    efficiency: 0.583597
    discharge_ratio: 0.1
    depth_of_discharge: 0.4
  Li-ion:
    cost: 120.455
    lifetime: 27.022
    annual_cost: 4.457664125527348
    efficiency: 0.958203
    discharge_ratio: 2
    depth_of_discharge: 0.9
  Pb-acid:
    cost: 54.1869
    lifetime: 14.7902
    annual_cost: 3.6637029925220754
    efficiency: 0.783256
    discharge_ratio: 5
    depth_of_discharge: 0.5
  VRBF:
    cost: 332.717
    lifetime: 28.2696
    annual_cost: 11.769427229249795
    efficiency: 0.794932
    discharge_ratio: 0.5
    depth_of_discharge: 1.0
