cost_values:
  wind_capex: 5000.0
  wind_opex: 100
  wind_lifetime: 20
  solar_capex: 1000.0
  solar_opex: 10
  solar_lifetime: 20
  carbon_price: 1.0
timeseries_values:
  load_level: 227013.6450587728
  wind_year: 2016
  solar_year: 2013
  price_year: 2023
  carbon_year: 2023
storage_values:
  CAES:
    cost: 67.9525
    lifetime: 27.5377
    annual_cost: 2.4676171212555875
    efficiency: 0.574903
    discharge_ratio: 0.1
    depth_of_discharge: 0.4
  Li-ion:
    cost: 148.528
    lifetime: 26.351
    annual_cost: 5.636522333118288
    efficiency: 0.965886
    discharge_ratio: 2
    depth_of_discharge: 0.9
  Pb-acid:
    cost: 70.7017
    lifetime: 14.6001
    annual_cost: 4.842549023636825
    efficiency: 0.777354
    discharge_ratio: 5
    depth_of_discharge: 0.5
  VRBF:
    cost: 295.862
    lifetime: 28.8955
    annual_cost: 10.239033759581943
    efficiency: 0.773934
    discharge_ratio: 0.5
    depth_of_discharge: 1.0
