cost_values:
  wind_capex: 5000.0
  wind_opex: 100
  wind_lifetime: 20
  solar_capex: 1000.0
  solar_opex: 10
  solar_lifetime: 20
  carbon_price: 1.0
timeseries_values:
  load_level: 227013.6450587728
  wind_year: 2016
  solar_year: 2013
  price_year: 2023
  carbon_year: 2023
storage_values:
  CAES:
    cost: 59.6761
    lifetime: 27.5198
    annual_cost: 2.1684786953393558
    efficiency: 0.587195
    discharge_ratio: 0.1
    depth_of_discharge: 0.4
  Li-ion:
    cost: 146.551
    lifetime: 26.1356
    annual_cost: 5.607332527280796
    efficiency: 0.943732
    discharge_ratio: 2
    depth_of_discharge: 0.9
  Pb-acid:
    cost: 54.7966
    lifetime: 15.1914
    annual_cost: 3.6070803217609964
    efficiency: 0.753238
    discharge_ratio: 5
    depth_of_discharge: 0.5
  VRBF:
    cost: 299.722
    lifetime: 26.5724
    annual_cost: 11.279447848143187
    efficiency: 0.774102
    discharge_ratio: 0.5
    depth_of_discharge: 1.0
