cost_values:
  wind_capex: 5000.0
  wind_opex: 100
  wind_lifetime: 20
  solar_capex: 1000.0
  solar_opex: 10
  solar_lifetime: 20
  carbon_price: 1.0
timeseries_values:
  load_level: 227013.6450587728
  wind_year: 2016
  solar_year: 2013
  price_year: 2023
  carbon_year: 2023
storage_values:
  CAES:
    cost: 58.8858
    lifetime: 27.5625
    annual_cost: 2.1364462585034016
    efficiency: 0.582143
    discharge_ratio: 0.1
    depth_of_discharge: 0.4
  Li-ion:
    cost: 150.716
    lifetime: 26.7895
    annual_cost: 5.625935534444466
    efficiency: 0.95982
    discharge_ratio: 2
    depth_of_discharge: 0.9
  Pb-acid:
    cost: 61.5909
    lifetime: 15.1082
    annual_cost: 4.076653737705352
    efficiency: 0.773715
    discharge_ratio: 5
    depth_of_discharge: 0.5
  VRBF:
    cost: 310.593
    lifetime: 27.901
    annual_cost: 11.13196659617935
    efficiency: 0.773954
    discharge_ratio: 0.5
    depth_of_discharge: 1.0
