cost_values:
  wind_capex: 5000.0
  wind_opex: 100
  wind_lifetime: 20
  solar_capex: 1000.0
  solar_opex: 10
  solar_lifetime: 20
  carbon_price: 1.0
timeseries_values:
  load_level: 227013.6450587728
  wind_year: 2016
  solar_year: 2013
  price_year: 2023
  carbon_year: 2023
storage_values:
  CAES:
    cost: 64.4873
    lifetime: 28.0982
    annual_cost: 2.2950687232634124
    efficiency: 0.589061
    discharge_ratio: 0.1
    depth_of_discharge: 0.4
  Li-ion:
    cost: 150.748
    lifetime: 26.3901
    annual_cost: 5.712293625260988
    efficiency: 0.97419
    discharge_ratio: 2
    depth_of_discharge: 0.9
  Pb-acid:
    cost: 58.0424
    lifetime: 13.8793
    annual_cost: 4.181940011383859
    efficiency: 0.777761
    discharge_ratio: 5
    depth_of_discharge: 0.5
  VRBF:
    cost: 304.061
    lifetime: 29.2227
    annual_cost: 10.404959158462427
    efficiency: 0.77188
    discharge_ratio: 0.5
    depth_of_discharge: 1.0
