cost_values:
  wind_capex: 5000.0
  wind_opex: 100
  wind_lifetime: 20
  solar_capex: 1000.0
  solar_opex: 10
  solar_lifetime: 20
  carbon_price: 1.0
timeseries_values:
  load_level: 227013.6450587728
  wind_year: 2016
  solar_year: 2013
  price_year: 2023
  carbon_year: 2023
storage_values:
  CAES:
    cost: 61.9299
    lifetime: 27.0823
    annual_cost: 2.286729709071977
    efficiency: 0.582596
    discharge_ratio: 0.1
    depth_of_discharge: 0.4
  Li-ion:
    cost: 157.292
    lifetime: 26.1414
    annual_cost: 6.016969251838081
    efficiency: 0.971711
    discharge_ratio: 2
    depth_of_discharge: 0.9
  Pb-acid:
    cost: 57.7972
    lifetime: 13.4647
    annual_cost: 4.292498161860271
    efficiency: 0.782917
    discharge_ratio: 5
    depth_of_discharge: 0.5
  VRBF:
    cost: 292.929
    lifetime: 25.8611
    annual_cost: 11.327012385397373
    efficiency: 0.796428
    discharge_ratio: 0.5
    depth_of_discharge: 1.0
