cost_values:
  wind_capex: 5000.0
  wind_opex: 100
  wind_lifetime: 20
  solar_capex: 1000.0
  solar_opex: 10
  solar_lifetime: 20
  carbon_price: 1.0
timeseries_values:
  load_level: 227013.6450587728
  wind_year: 2016
  solar_year: 2013
  price_year: 2023
  carbon_year: 2023
storage_values:
  CAES:
    cost: 65.3661
    lifetime: 28.2512
    annual_cost: 2.3137459647731777
    efficiency: 0.596954
    discharge_ratio: 0.1
    depth_of_discharge: 0.4
  Li-ion:
    cost: 159.082
    lifetime: 26.5483
    annual_cost: 5.9921727568243535
    efficiency: 0.965047
    discharge_ratio: 2
    depth_of_discharge: 0.9
  Pb-acid:
    cost: 54.8144
    lifetime: 15.8241
    annual_cost: 3.463982153803376
    efficiency: 0.795348
    discharge_ratio: 5
    depth_of_discharge: 0.5
  VRBF:
    cost: 315.598
    lifetime: 28.2904
    annual_cost: 11.155657042671718
    efficiency: 0.786998
    discharge_ratio: 0.5
    depth_of_discharge: 1.0
