cost_values:
  wind_capex: 5000.0
  wind_opex: 100
  wind_lifetime: 20
  solar_capex: 1000.0
  solar_opex: 10
  solar_lifetime: 20
  carbon_price: 1.0
timeseries_values:
  load_level: 227013.6450587728
  wind_year: 2016
  solar_year: 2013
  price_year: 2023
  carbon_year: 2023
storage_values:
  CAES:
    cost: 58.0778
    lifetime: 28.955
    annual_cost: 2.0057951994474186
    efficiency: 0.585808
    discharge_ratio: 0.1
    depth_of_discharge: 0.4
  Li-ion:
    cost: 158.95
    lifetime: 25.8926
    annual_cost: 6.138819585518641
    efficiency: 0.968672
    discharge_ratio: 2
    depth_of_discharge: 0.9
  Pb-acid:
    cost: 50.0457
    lifetime: 14.6505
    annual_cost: 3.4159721511211223
    efficiency: 0.766664
    discharge_ratio: 5
    depth_of_discharge: 0.5
  VRBF:
    cost: 288.284
    lifetime: 28.5273
    annual_cost: 10.105548018915215
    efficiency: 0.783066
    discharge_ratio: 0.5
    depth_of_discharge: 1.0
