cost_values:
  wind_capex: 5000.0
  wind_opex: 100
  wind_lifetime: 20
  solar_capex: 1000.0
  solar_opex: 10
  solar_lifetime: 20
  carbon_price: 1.0
timeseries_values:
  load_level: 227013.6450587728
  wind_year: 2016
  solar_year: 2013
  price_year: 2023
  carbon_year: 2023
storage_values:
  CAES:
    cost: 60.2166
    lifetime: 27.0237
    annual_cost: 2.228288502314635
    efficiency: 0.590055
    discharge_ratio: 0.1
    depth_of_discharge: 0.4
  Li-ion:
    cost: 175.375
    lifetime: 25.1744
    annual_cost: 6.966402377017923
    efficiency: 0.969416
    discharge_ratio: 2
    depth_of_discharge: 0.9
  Pb-acid:
    cost: 74.8282
    lifetime: 15.8437
    annual_cost: 4.722899322759203
    efficiency: 0.785134
    discharge_ratio: 5
    depth_of_discharge: 0.5
  VRBF:
    cost: 321.931
    lifetime: 26.4048
    annual_cost: 12.192139308004604
    efficiency: 0.814402
    discharge_ratio: 0.5
    depth_of_discharge: 1.0
