cost_values:
  wind_capex: 5000.0
  wind_opex: 100
  wind_lifetime: 20
  solar_capex: 1000.0
  solar_opex: 10
  solar_lifetime: 20
  carbon_price: 1.0
timeseries_values:
  load_level: 227013.6450587728
  wind_year: 2016
  solar_year: 2013
  price_year: 2023
  carbon_year: 2023
storage_values:
  CAES:
    cost: 63.7551
    lifetime: 27.5526
    annual_cost: 2.313941334030182
    efficiency: 0.573835
    discharge_ratio: 0.1
    depth_of_discharge: 0.4
  Li-ion:
    cost: 159.122
    lifetime: 25.6036
    annual_cost: 6.214829164648722
    efficiency: 0.976794
    discharge_ratio: 2
    depth_of_discharge: 0.9
  Pb-acid:
    cost: 68.3039
    lifetime: 15.3264
    annual_cost: 4.456617340014615
    efficiency: 0.775868
    discharge_ratio: 5
    depth_of_discharge: 0.5
  VRBF:
    cost: 290.664
    lifetime: 28.637
    annual_cost: 10.149945874218668
    efficiency: 0.796337
    discharge_ratio: 0.5
    depth_of_discharge: 1.0
