cost_values:
  wind_capex: 5000.0
  wind_opex: 100
  wind_lifetime: 20
  solar_capex: 1000.0
  solar_opex: 10
  solar_lifetime: 20
  carbon_price: 1.0
timeseries_values:
  load_level: 227013.6450587728
  wind_year: 2016
  solar_year: 2013
  price_year: 2023
  carbon_year: 2023
storage_values:
  CAES:
    cost: 62.06
    lifetime: 27.5632
    annual_cost: 2.2515527950310563
    efficiency: 0.589837
    discharge_ratio: 0.1
    depth_of_discharge: 0.4
  Li-ion:
    cost: 151.742
    lifetime: 26.2132
    annual_cost: 5.78876291334137
    efficiency: 0.954247
    discharge_ratio: 2
    depth_of_discharge: 0.9
  Pb-acid:
    cost: 51.66
    lifetime: 15.5408
    annual_cost: 3.324153196746628
    efficiency: 0.770788
    discharge_ratio: 5
    depth_of_discharge: 0.5
  VRBF:
    cost: 307.865
    lifetime: 28.7584
    annual_cost: 10.705220040057862
    efficiency: 0.789186
    discharge_ratio: 0.5
    depth_of_discharge: 1.0
