cost_values:
  wind_capex: 5000.0
  wind_opex: 100
  wind_lifetime: 20
  solar_capex: 1000.0
  solar_opex: 10
  solar_lifetime: 20
  carbon_price: 1.0
timeseries_values:
  load_level: 227013.6450587728
  wind_year: 2016
  solar_year: 2013
  price_year: 2023
  carbon_year: 2023
storage_values:
  CAES:
    cost: 69.4077
    lifetime: 26.9304
    annual_cost: 2.5772992603154803
    efficiency: 0.583729
    discharge_ratio: 0.1
    depth_of_discharge: 0.4
  Li-ion:
    cost: 169.696
    lifetime: 25.9932
    annual_cost: 6.528476678515919
    efficiency: 0.973118
    discharge_ratio: 2
    depth_of_discharge: 0.9
  Pb-acid:
    cost: 57.0029
    lifetime: 17.2255
    annual_cost: 3.3092159879248784
    efficiency: 0.780673
    discharge_ratio: 5
    depth_of_discharge: 0.5
  VRBF:
    cost: 252.183
    lifetime: 29.6622
    annual_cost: 8.50183061269899
    efficiency: 0.80461
    discharge_ratio: 0.5
    depth_of_discharge: 1.0
