cost_values:
  wind_capex: 5000.0
  wind_opex: 100
  wind_lifetime: 20
  solar_capex: 1000.0
  solar_opex: 10
  solar_lifetime: 20
  carbon_price: 1.0
timeseries_values:
  load_level: 227013.6450587728
  wind_year: 2016
  solar_year: 2013
  price_year: 2023
  carbon_year: 2023
storage_values:
  CAES:
    cost: 60.29
    lifetime: 28.9497
    annual_cost: 2.082577712376985
    efficiency: 0.581123
    discharge_ratio: 0.1
    depth_of_discharge: 0.4
  Li-ion:
    cost: 165.015
    lifetime: 26.1537
    annual_cost: 6.309432317415891
    efficiency: 0.965208
    discharge_ratio: 2
    depth_of_discharge: 0.9
  Pb-acid:
    cost: 69.5236
    lifetime: 15.3747
    annual_cost: 4.521948395741055
    efficiency: 0.775819
    discharge_ratio: 5
    depth_of_discharge: 0.5
  VRBF:
    cost: 293.142
    lifetime: 27.1675
    annual_cost: 10.790172080611024
    efficiency: 0.79043
    discharge_ratio: 0.5
    depth_of_discharge: 1.0
