cost_values:
  wind_capex: 5000.0
  wind_opex: 100
  wind_lifetime: 20
  solar_capex: 1000.0
  solar_opex: 10
  solar_lifetime: 20
  carbon_price: 1.0
timeseries_values:
  load_level: 227013.6450587728
  wind_year: 2016
  solar_year: 2013
  price_year: 2023
  carbon_year: 2023
storage_values:
  CAES:
    cost: 67.0295
    lifetime: 27.4745
    annual_cost: 2.439698629638392
    efficiency: 0.590637
    discharge_ratio: 0.1
    depth_of_discharge: 0.4
  Li-ion:
    cost: 136.992
    lifetime: 23.9
    annual_cost: 5.731882845188284
    efficiency: 0.970573
    discharge_ratio: 2
    depth_of_discharge: 0.9
  Pb-acid:
    cost: 55.7924
    lifetime: 15.2509
    annual_cost: 3.6583021329888727
    efficiency: 0.768546
    discharge_ratio: 5
    depth_of_discharge: 0.5
  VRBF:
    cost: 303.673
    lifetime: 27.9907
    annual_cost: 10.849067726066158
    efficiency: 0.791538
    discharge_ratio: 0.5
    depth_of_discharge: 1.0
