cost_values:
  wind_capex: 5000.0
  wind_opex: 100
  wind_lifetime: 20
  solar_capex: 1000.0
  solar_opex: 10
  solar_lifetime: 20
  carbon_price: 1.0
timeseries_values:
  load_level: 227013.6450587728
  wind_year: 2016
  solar_year: 2013
  price_year: 2023
  carbon_year: 2023
storage_values:
  CAES:
    cost: 65.3711
    lifetime: 27.2752
    annual_cost: 2.3967230304452394
    efficiency: 0.591052
    discharge_ratio: 0.1
    depth_of_discharge: 0.4
  Li-ion:
    cost: 152.417
    lifetime: 25.7931
    annual_cost: 5.909216030643854
    efficiency: 0.973972
    discharge_ratio: 2
    depth_of_discharge: 0.9
  Pb-acid:
    cost: 78.1825
    lifetime: 15.4031
    annual_cost: 5.075763969590537
    efficiency: 0.780652
    discharge_ratio: 5
    depth_of_discharge: 0.5
  VRBF:
    cost: 291.173
    lifetime: 27.8547
    annual_cost: 10.453280774878207
    efficiency: 0.790637
    discharge_ratio: 0.5
    depth_of_discharge: 1.0
