cost_values:
  wind_capex: 5000.0
  wind_opex: 100
  wind_lifetime: 20
  solar_capex: 1000.0
  solar_opex: 10
  solar_lifetime: 20
  carbon_price: 1.0
timeseries_values:
  load_level: 227013.6450587728
  wind_year: 2016
  solar_year: 2013
  price_year: 2023
  carbon_year: 2023
storage_values:
  CAES:
    cost: 62.5634
    lifetime: 28.3754
    annual_cost: 2.2048464515037676
    efficiency: 0.58162
    discharge_ratio: 0.1
    depth_of_discharge: 0.4
  Li-ion:
    cost: 139.58
    lifetime: 25.7346
    annual_cost: 5.42382628834332
    efficiency: 0.96903
    discharge_ratio: 2
    depth_of_discharge: 0.9
  Pb-acid:
    cost: 56.9657
    lifetime: 15.0617
    annual_cost: 3.78215606472045
    efficiency: 0.774668
    discharge_ratio: 5
    depth_of_discharge: 0.5
  VRBF:
    cost: 305.514
    lifetime: 25.6804
    annual_cost: 11.896777308764662
    efficiency: 0.778669
    discharge_ratio: 0.5
    depth_of_discharge: 1.0
