cost_values:
  wind_capex: 5000.0
  wind_opex: 100
  wind_lifetime: 20
  solar_capex: 1000.0
  solar_opex: 10
  solar_lifetime: 20
  carbon_price: 1.0
timeseries_values:
  load_level: 227013.6450587728
  wind_year: 2016
  solar_year: 2013
  price_year: 2023
  carbon_year: 2023
storage_values:
  CAES:
    cost: 64.0285
    lifetime: 27.1659
    annual_cost: 2.3569438155923415
    efficiency: 0.584442
    discharge_ratio: 0.1
    depth_of_discharge: 0.4
  Li-ion:
    cost: 131.044
    lifetime: 25.9009
    annual_cost: 5.059438089023934
    efficiency: 0.957886
    discharge_ratio: 2
    depth_of_discharge: 0.9
  Pb-acid:
    cost: 56.407
    lifetime: 15.6149
    annual_cost: 3.6123830443998997
    efficiency: 0.774665
    discharge_ratio: 5
    depth_of_discharge: 0.5
  VRBF:
    cost: 301.231
    lifetime: 27.9564
    annual_cost: 10.775028258287906
    efficiency: 0.773966
    discharge_ratio: 0.5
    depth_of_discharge: 1.0
