cost_values:
  wind_capex: 5000.0
  wind_opex: 100
  wind_lifetime: 20
  solar_capex: 1000.0
  solar_opex: 10
  solar_lifetime: 20
  carbon_price: 1.0
timeseries_values:
  load_level: 227013.6450587728
  wind_year: 2016
  solar_year: 2013
  price_year: 2023
  carbon_year: 2023
storage_values:
  CAES:
    cost: 64.4266
    lifetime: 28.815
    annual_cost: 2.2358702064896754
    efficiency: 0.580737
    discharge_ratio: 0.1
    depth_of_discharge: 0.4
  Li-ion:
    cost: 153.815
    lifetime: 25.3145
    annual_cost: 6.076161883505501
    efficiency: 0.968015
    discharge_ratio: 2
    depth_of_discharge: 0.9
  Pb-acid:
    cost: 53.1078
    lifetime: 15.997
    annual_cost: 3.319859973745077
    efficiency: 0.76487
    discharge_ratio: 5
    depth_of_discharge: 0.5
  VRBF:
    cost: 292.457
    lifetime: 27.9872
    annual_cost: 10.449669849073862
    efficiency: 0.80665
    discharge_ratio: 0.5
    depth_of_discharge: 1.0
