cost_values:
  wind_capex: 5000.0
  wind_opex: 100
  wind_lifetime: 20
  solar_capex: 1000.0
  solar_opex: 10
  solar_lifetime: 20
  carbon_price: 1.0
timeseries_values:
  load_level: 227013.6450587728
  wind_year: 2016
  solar_year: 2013
  price_year: 2023
  carbon_year: 2023
storage_values:
  CAES:
    cost: 58.8108
    lifetime: 27.8414
    annual_cost: 2.1123506720208036
    efficiency: 0.586039
    discharge_ratio: 0.1
    depth_of_discharge: 0.4
  Li-ion:
    cost: 131.545
    lifetime: 26.6236
    annual_cost: 4.940917081085954
    efficiency: 0.966011
    discharge_ratio: 2
    depth_of_discharge: 0.9
  Pb-acid:
    cost: 58.4996
    lifetime: 13.9276
    annual_cost: 4.200264223556104
    efficiency: 0.779985
    discharge_ratio: 5
    depth_of_discharge: 0.5
  VRBF:
    cost: 278.526
    lifetime: 27.3625
    annual_cost: 10.179113750571037
    efficiency: 0.776128
    discharge_ratio: 0.5
    depth_of_discharge: 1.0
