cost_values:
  wind_capex: 5000.0
  wind_opex: 100
  wind_lifetime: 20
  solar_capex: 1000.0
  solar_opex: 10
  solar_lifetime: 20
  carbon_price: 1.0
timeseries_values:
  load_level: 227013.6450587728
  wind_year: 2016
  solar_year: 2013
  price_year: 2023
  carbon_year: 2023
storage_values:
  CAES:
    cost: 60.5608
    lifetime: 27.6213
    annual_cost: 2.192539815287477
    efficiency: 0.588745
    discharge_ratio: 0.1
    depth_of_discharge: 0.4
  Li-ion:
    cost: 152.495
    lifetime: 27.3676
    annual_cost: 5.572099855303351
    efficiency: 0.965918
    discharge_ratio: 2
    depth_of_discharge: 0.9
  Pb-acid:
    cost: 50.2476
    lifetime: 15.3222
    annual_cost: 3.2793985197948072
    efficiency: 0.784677
    discharge_ratio: 5
    depth_of_discharge: 0.5
  VRBF:
    cost: 311.006
    lifetime: 26.7706
    annual_cost: 11.617446004198634
    efficiency: 0.772025
    discharge_ratio: 0.5
    depth_of_discharge: 1.0
