cost_values:
  wind_capex: 5000.0
  wind_opex: 100
  wind_lifetime: 20
  solar_capex: 1000.0
  solar_opex: 10
  solar_lifetime: 20
  carbon_price: 1.0
timeseries_values:
  load_level: 227013.6450587728
  wind_year: 2016
  solar_year: 2013
  price_year: 2023
  carbon_year: 2023
storage_values:
  CAES:
    cost: 63.4761
    lifetime: 27.3775
    annual_cost: 2.3185499041183455
    efficiency: 0.577172
    discharge_ratio: 0.1
    depth_of_discharge: 0.4
  Li-ion:
    cost: 150.37
    lifetime: 26.9953
    annual_cost: 5.570228891695962
    efficiency: 0.972405
    discharge_ratio: 2
    depth_of_discharge: 0.9
  Pb-acid:
    cost: 74.6175
    lifetime: 14.0751
    annual_cost: 5.301383293901997
    efficiency: 0.783701
    discharge_ratio: 5
    depth_of_discharge: 0.5
  VRBF:
    cost: 311.991
    lifetime: 26.7447
    annual_cost: 11.665526253799817
    efficiency: 0.758459
    discharge_ratio: 0.5
    depth_of_discharge: 1.0
