cost_values:
  wind_capex: 5000.0
  wind_opex: 100
  wind_lifetime: 20
  solar_capex: 1000.0
  solar_opex: 10
  solar_lifetime: 20
  carbon_price: 1.0
timeseries_values:
  load_level: 212644.5764580515
  wind_year: 2018
  solar_year: 2019
  price_year: 2023
  carbon_year: 2023
storage_values:
  CAES:
    cost: 23.1413
    lifetime: 29.778
    annual_cost: 0.7771274094969441
    efficiency: 0.647527
    discharge_ratio: 0.1
    depth_of_discharge: 0.4
  Li-ion:
    cost: 221.013
    lifetime: 18.0744
    annual_cost: 12.227957774531934
    efficiency: 0.89473
    discharge_ratio: 2
    depth_of_discharge: 0.9
  Pb-acid:
    cost: 161.44
    lifetime: 13.5748
    annual_cost: 11.892624569054425
    efficiency: 0.740219
    discharge_ratio: 5
    depth_of_discharge: 0.5
  VRBF:
    cost: 231.479
    lifetime: 23.1695
    annual_cost: 9.990677399167009
    efficiency: 0.766617
    discharge_ratio: 0.5
    depth_of_discharge: 1.0
