cost_values:
  wind_capex: 5000.0
  wind_opex: 100
  wind_lifetime: 20
  solar_capex: 1000.0
  solar_opex: 10
  solar_lifetime: 20
  carbon_price: 1.0
timeseries_values:
  load_level: 212644.5764580515
  wind_year: 2018
  solar_year: 2019
  price_year: 2023
  carbon_year: 2023
storage_values:
  CAES:
    cost: 30.1356
    lifetime: 29.1598
    annual_cost: 1.0334638783530752
    efficiency: 0.639759
    discharge_ratio: 0.1
    depth_of_discharge: 0.4
  Li-ion:
    cost: 238.971
    lifetime: 20.9621
    annual_cost: 11.400145977740781
    efficiency: 0.905986
    discharge_ratio: 2
    depth_of_discharge: 0.9
  Pb-acid:
    cost: 139.779
    lifetime: 13.6098
    annual_cost: 10.27046686946171
    efficiency: 0.737812
    discharge_ratio: 5
    depth_of_discharge: 0.5
  VRBF:
    cost: 228.51
    lifetime: 19.6996
    annual_cost: 11.599727913257121
    efficiency: 0.753981
    discharge_ratio: 0.5
    depth_of_discharge: 1.0
