cost_values:
  wind_capex: 5000.0
  wind_opex: 100
  wind_lifetime: 20
  solar_capex: 1000.0
  solar_opex: 10
  solar_lifetime: 20
  carbon_price: 1.0
timeseries_values:
  load_level: 212644.5764580515
  wind_year: 2018
  solar_year: 2019
  price_year: 2023
  carbon_year: 2023
storage_values:
  CAES:
    cost: 31.7754
    lifetime: 28.2985
    annual_cost: 1.122865169531954
    efficiency: 0.630692
    discharge_ratio: 0.1
    depth_of_discharge: 0.4
  Li-ion:
    cost: 222.912
    lifetime: 21.5531
    annual_cost: 10.342456537574641
    efficiency: 0.900949
    discharge_ratio: 2
    depth_of_discharge: 0.9
  Pb-acid:
    cost: 130.069
    lifetime: 15.275
    annual_cost: 8.515155482815056
    efficiency: 0.728256
    discharge_ratio: 5
    depth_of_discharge: 0.5
  VRBF:
    cost: 205.711
    lifetime: 20.1989
    annual_cost: 10.184267460109215
    efficiency: 0.758518
    discharge_ratio: 0.5
    depth_of_discharge: 1.0
