cost_values:
  wind_capex: 5000.0
  wind_opex: 100
  wind_lifetime: 20
  solar_capex: 1000.0
  solar_opex: 10
  solar_lifetime: 20
  carbon_price: 1.0
timeseries_values:
  load_level: 212644.5764580515
  wind_year: 2018
  solar_year: 2019
  price_year: 2023
  carbon_year: 2023
storage_values:
  CAES:
    cost: 28.4955
    lifetime: 28.959
    annual_cost: 0.9839946130736559
    efficiency: 0.628653
    discharge_ratio: 0.1
    depth_of_discharge: 0.4
  Li-ion:
    cost: 219.454
    lifetime: 19.4605
    annual_cost: 11.276894221628428
    efficiency: 0.904042
    discharge_ratio: 2
    depth_of_discharge: 0.9
  Pb-acid:
    cost: 147.323
    lifetime: 13.6598
    annual_cost: 10.785150587856338
    efficiency: 0.724309
    discharge_ratio: 5
    depth_of_discharge: 0.5
  VRBF:
    cost: 190.719
    lifetime: 21.3646
    annual_cost: 8.926869681622872
    efficiency: 0.752686
    discharge_ratio: 0.5
    depth_of_discharge: 1.0
