cost_values:
  wind_capex: 5000.0
  wind_opex: 100
  wind_lifetime: 20
  solar_capex: 1000.0
  solar_opex: 10
  solar_lifetime: 20
  carbon_price: 1.0
timeseries_values:
  load_level: 212644.5764580515
  wind_year: 2018
  solar_year: 2019
  price_year: 2023
  carbon_year: 2023
storage_values:
  CAES:
    cost: 24.2481
    lifetime: 28.841
    annual_cost: 0.8407510141812004
    efficiency: 0.638406
    discharge_ratio: 0.1
    depth_of_discharge: 0.4
  Li-ion:
    cost: 231.39
    lifetime: 21.4302
    annual_cost: 10.797379399165663
    efficiency: 0.885833
    discharge_ratio: 2
    depth_of_discharge: 0.9
  Pb-acid:
    cost: 145.44
    lifetime: 14.0756
    annual_cost: 10.332774446560004
    efficiency: 0.731369
    discharge_ratio: 5
    depth_of_discharge: 0.5
  VRBF:
    cost: 210.824
    lifetime: 22.4564
    annual_cost: 9.388147699542225
    efficiency: 0.792368
    discharge_ratio: 0.5
    depth_of_discharge: 1.0
