cost_values:
  wind_capex: 5000.0
  wind_opex: 100
  wind_lifetime: 20
  solar_capex: 1000.0
  solar_opex: 10
  solar_lifetime: 20
  carbon_price: 1.0
timeseries_values:
  load_level: 212644.5764580515
  wind_year: 2018
  solar_year: 2019
  price_year: 2023
  carbon_year: 2023
storage_values:
  CAES:
    cost: 24.9394
    lifetime: 29.8339
    annual_cost: 0.8359416636778966
    efficiency: 0.628821
    discharge_ratio: 0.1
    depth_of_discharge: 0.4
  Li-ion:
    cost: 222.065
    lifetime: 22.5517
    annual_cost: 9.846929499771635
    efficiency: 0.898314
    discharge_ratio: 2
    depth_of_discharge: 0.9
  Pb-acid:
    cost: 134.764
    lifetime: 14.1554
    annual_cost: 9.520324399169223
    efficiency: 0.736557
    discharge_ratio: 5
    depth_of_discharge: 0.5
  VRBF:
    cost: 215.918
    lifetime: 20.3771
    annual_cost: 10.596110339547828
    efficiency: 0.775538
    discharge_ratio: 0.5
    depth_of_discharge: 1.0
