cost_values:
  wind_capex: 5000.0
  wind_opex: 100
  wind_lifetime: 20
  solar_capex: 1000.0
  solar_opex: 10
  solar_lifetime: 20
  carbon_price: 1.0
timeseries_values:
  load_level: 212644.5764580515
  wind_year: 2018
  solar_year: 2019
  price_year: 2023
  carbon_year: 2023
storage_values:
  CAES:
    cost: 30.5489
    lifetime: 29.8342
    annual_cost: 1.0239557286603964
    efficiency: 0.638785
    discharge_ratio: 0.1
    depth_of_discharge: 0.4
  Li-ion:
    cost: 215.793
    lifetime: 19.8232
    annual_cost: 10.8858811897171
    efficiency: 0.891112
    discharge_ratio: 2
    depth_of_discharge: 0.9
  Pb-acid:
    cost: 119.07
    lifetime: 14.6912
    annual_cost: 8.104851884121105
    efficiency: 0.747644
    discharge_ratio: 5
    depth_of_discharge: 0.5
  VRBF:
    cost: 183.733
    lifetime: 22.2586
    annual_cost: 8.254472428634326
    efficiency: 0.774409
    discharge_ratio: 0.5
    depth_of_discharge: 1.0
