cost_values:
  wind_capex: 5000.0
  wind_opex: 100
  wind_lifetime: 20
  solar_capex: 1000.0
  solar_opex: 10
  solar_lifetime: 20
  carbon_price: 1.0
timeseries_values:
  load_level: 212644.5764580515
  wind_year: 2018
  solar_year: 2019
  price_year: 2023
  carbon_year: 2023
storage_values:
  CAES:
    cost: 24.7082
    lifetime: 28.1858
    annual_cost: 0.8766187229030221
    efficiency: 0.625492
    discharge_ratio: 0.1
    depth_of_discharge: 0.4
  Li-ion:
    cost: 202.384
    lifetime: 20.5249
    annual_cost: 9.860413449030203
    efficiency: 0.90366
    discharge_ratio: 2
    depth_of_discharge: 0.9
  Pb-acid:
    cost: 146.258
    lifetime: 14.5311
    annual_cost: 10.065170565201534
    efficiency: 0.745478
    discharge_ratio: 5
    depth_of_discharge: 0.5
  VRBF:
    cost: 221.768
    lifetime: 21.0987
    annual_cost: 10.51097934943859
    efficiency: 0.742648
    discharge_ratio: 0.5
    depth_of_discharge: 1.0
