cost_values:
  wind_capex: 5000.0
  wind_opex: 100
  wind_lifetime: 20
  solar_capex: 1000.0
  solar_opex: 10
  solar_lifetime: 20
  carbon_price: 1.0
timeseries_values:
  load_level: 212644.5764580515
  wind_year: 2018
  solar_year: 2019
  price_year: 2023
  carbon_year: 2023
storage_values:
  CAES:
    cost: 27.6776
    lifetime: 28.9118
    annual_cost: 0.9573115475342249
    efficiency: 0.62902
    discharge_ratio: 0.1
    depth_of_discharge: 0.4
  Li-ion:
    cost: 216.424
    lifetime: 21.2903
    annual_cost: 10.165380478433843
    efficiency: 0.902122
    discharge_ratio: 2
    depth_of_discharge: 0.9
  Pb-acid:
    cost: 156.636
    lifetime: 13.4982
    annual_cost: 11.604213895186025
    efficiency: 0.742546
    discharge_ratio: 5
    depth_of_discharge: 0.5
  VRBF:
    cost: 201.78
    lifetime: 21.0302
    annual_cost: 9.5947732308775
    efficiency: 0.765569
    discharge_ratio: 0.5
    depth_of_discharge: 1.0
