cost_values:
  wind_capex: 5000.0
  wind_opex: 100
  wind_lifetime: 20
  solar_capex: 1000.0
  solar_opex: 10
  solar_lifetime: 20
  carbon_price: 1.0
timeseries_values:
  load_level: 212644.5764580515
  wind_year: 2018
  solar_year: 2019
  price_year: 2023
  carbon_year: 2023
storage_values:
  CAES:
    cost: 28.281
    lifetime: 28.5617
    annual_cost: 0.990172153618307
    efficiency: 0.626994
    discharge_ratio: 0.1
    depth_of_discharge: 0.4
  Li-ion:
    cost: 232.008
    lifetime: 20.724
    annual_cost: 11.195136074116967
    efficiency: 0.893297
    discharge_ratio: 2
    depth_of_discharge: 0.9
  Pb-acid:
    cost: 142.49
    lifetime: 12.8863
    annual_cost: 11.057479648929483
    efficiency: 0.73075
    discharge_ratio: 5
    depth_of_discharge: 0.5
  VRBF:
    cost: 213.122
    lifetime: 20.8226
    annual_cost: 10.235129138532171
    efficiency: 0.761554
    discharge_ratio: 0.5
    depth_of_discharge: 1.0
