cost_values:
  wind_capex: 5000.0
  wind_opex: 100
  wind_lifetime: 20
  solar_capex: 1000.0
  solar_opex: 10
  solar_lifetime: 20
  carbon_price: 1.0
timeseries_values:
  load_level: 212644.5764580515
  wind_year: 2018
  solar_year: 2019
  price_year: 2023
  carbon_year: 2023
storage_values:
  CAES:
    cost: 23.1229
    lifetime: 29.7047
    annual_cost: 0.7784256363471102
    efficiency: 0.640054
    discharge_ratio: 0.1
    depth_of_discharge: 0.4
  Li-ion:
    cost: 247.748
    lifetime: 22.1184
    annual_cost: 11.200991030092592
    efficiency: 0.902522
    discharge_ratio: 2
    depth_of_discharge: 0.9
  Pb-acid:
    cost: 140.242
    lifetime: 12.659
    annual_cost: 11.078442215024882
    efficiency: 0.729371
    discharge_ratio: 5
    depth_of_discharge: 0.5
  VRBF:
    cost: 232.458
    lifetime: 18.055
    annual_cost: 12.874993076710053
    efficiency: 0.77114
    discharge_ratio: 0.5
    depth_of_discharge: 1.0
