cost_values:
  wind_capex: 5000.0
  wind_opex: 100
  wind_lifetime: 20
  solar_capex: 1000.0
  solar_opex: 10
  solar_lifetime: 20
  carbon_price: 1.0
timeseries_values:
  load_level: 212644.5764580515
  wind_year: 2018
  solar_year: 2019
  price_year: 2023
  carbon_year: 2023
storage_values:
  CAES:
    cost: 23.6267
    lifetime: 29.6551
    annual_cost: 0.7967162477954888
    efficiency: 0.640608
    discharge_ratio: 0.1
    depth_of_discharge: 0.4
  Li-ion:
    cost: 221.099
    lifetime: 21.5728
    annual_cost: 10.248970926351701
    efficiency: 0.899047
    discharge_ratio: 2
    depth_of_discharge: 0.9
  Pb-acid:
    cost: 153.6
    lifetime: 13.646
    annual_cost: 11.256045727685768
    efficiency: 0.739866
    discharge_ratio: 5
    depth_of_discharge: 0.5
  VRBF:
    cost: 198.247
    lifetime: 19.9897
    annual_cost: 9.917457490607664
    efficiency: 0.777008
    discharge_ratio: 0.5
    depth_of_discharge: 1.0
