cost_values:
  wind_capex: 5000.0
  wind_opex: 100
  wind_lifetime: 20
  solar_capex: 1000.0
  solar_opex: 10
  solar_lifetime: 20
  carbon_price: 1.0
timeseries_values:
  load_level: 212644.5764580515
  wind_year: 2018
  solar_year: 2019
  price_year: 2023
  carbon_year: 2023
storage_values:
  CAES:
    cost: 27.9261
    lifetime: 29.6282
    annual_cost: 0.9425513531027873
    efficiency: 0.634285
    discharge_ratio: 0.1
    depth_of_discharge: 0.4
  Li-ion:
    cost: 229.604
    lifetime: 21.0915
    annual_cost: 10.886091553469408
    efficiency: 0.901225
    discharge_ratio: 2
    depth_of_discharge: 0.9
  Pb-acid:
    cost: 151.921
    lifetime: 14.7916
    annual_cost: 10.27076178371508
    efficiency: 0.720142
    discharge_ratio: 5
    depth_of_discharge: 0.5
  VRBF:
    cost: 225.002
    lifetime: 18.8371
    annual_cost: 11.94461992557241
    efficiency: 0.774406
    discharge_ratio: 0.5
    depth_of_discharge: 1.0
