cost_values:
  wind_capex: 5000.0
  wind_opex: 100
  wind_lifetime: 20
  solar_capex: 1000.0
  solar_opex: 10
  solar_lifetime: 20
  carbon_price: 1.0
timeseries_values:
  load_level: 212644.5764580515
  wind_year: 2018
  solar_year: 2019
  price_year: 2023
  carbon_year: 2023
storage_values:
  CAES:
    cost: 31.0743
    lifetime: 28.4949
    annual_cost: 1.0905214617352579
    efficiency: 0.630583
    discharge_ratio: 0.1
    depth_of_discharge: 0.4
  Li-ion:
    cost: 209.509
    lifetime: 22.1389
    annual_cost: 9.463387973205533
    efficiency: 0.887168
    discharge_ratio: 2
    depth_of_discharge: 0.9
  Pb-acid:
    cost: 145.004
    lifetime: 15.7478
    annual_cost: 9.207889355973533
    efficiency: 0.747689
    discharge_ratio: 5
    depth_of_discharge: 0.5
  VRBF:
    cost: 203.868
    lifetime: 20.8282
    annual_cost: 9.788075781872653
    efficiency: 0.756716
    discharge_ratio: 0.5
    depth_of_discharge: 1.0
