cost_values:
  wind_capex: 5000.0
  wind_opex: 100
  wind_lifetime: 20
  solar_capex: 1000.0
  solar_opex: 10
  solar_lifetime: 20
  carbon_price: 1.0
timeseries_values:
  load_level: 212644.5764580515
  wind_year: 2018
  solar_year: 2019
  price_year: 2023
  carbon_year: 2023
storage_values:
  CAES:
    cost: 28.607
    lifetime: 28.7775
    annual_cost: 0.9940752323864129
    efficiency: 0.633919
    discharge_ratio: 0.1
    depth_of_discharge: 0.4
  Li-ion:
    cost: 233.456
    lifetime: 18.9713
    annual_cost: 12.305746047977735
    efficiency: 0.886039
    discharge_ratio: 2
    depth_of_discharge: 0.9
  Pb-acid:
    cost: 127.545
    lifetime: 14.3564
    annual_cost: 8.88419102281909
    efficiency: 0.723361
    discharge_ratio: 5
    depth_of_discharge: 0.5
  VRBF:
    cost: 191.392
    lifetime: 20.0318
    annual_cost: 9.554408490500105
    efficiency: 0.757342
    discharge_ratio: 0.5
    depth_of_discharge: 1.0
