cost_values:
  wind_capex: 5000.0
  wind_opex: 100
  wind_lifetime: 20
  solar_capex: 1000.0
  solar_opex: 10
  solar_lifetime: 20
  carbon_price: 1.0
timeseries_values:
  load_level: 212644.5764580515
  wind_year: 2018
  solar_year: 2019
  price_year: 2023
  carbon_year: 2023
storage_values:
  CAES:
    cost: 31.4363
    lifetime: 29.5699
    annual_cost: 1.063118238478994
    efficiency: 0.630806
    discharge_ratio: 0.1
    depth_of_discharge: 0.4
  Li-ion:
    cost: 216.154
    lifetime: 22.1793
    annual_cost: 9.745753923703633
    efficiency: 0.891686
    discharge_ratio: 2
    depth_of_discharge: 0.9
  Pb-acid:
    cost: 154.93
    lifetime: 12.6498
    annual_cost: 12.247624468371042
    efficiency: 0.727427
    discharge_ratio: 5
    depth_of_discharge: 0.5
  VRBF:
    cost: 217.299
    lifetime: 18.7107
    annual_cost: 11.613622152030658
    efficiency: 0.754538
    discharge_ratio: 0.5
    depth_of_discharge: 1.0
