cost_values:
  wind_capex: 5000.0
  wind_opex: 100
  wind_lifetime: 20
  solar_capex: 1000.0
  solar_opex: 10
  solar_lifetime: 20
  carbon_price: 1.0
timeseries_values:
  load_level: 212644.5764580515
  wind_year: 2018
  solar_year: 2019
  price_year: 2023
  carbon_year: 2023
storage_values:
  CAES:
    cost: 24.7387
    lifetime: 29.1974
    annual_cost: 0.8472911971613912
    efficiency: 0.633752
    discharge_ratio: 0.1
    depth_of_discharge: 0.4
  Li-ion:
    cost: 215.048
    lifetime: 18.7153
    annual_cost: 11.490491736707401
    efficiency: 0.895468
    discharge_ratio: 2
    depth_of_discharge: 0.9
  Pb-acid:
    cost: 129.196
    lifetime: 14.1596
    annual_cost: 9.124269047148225
    efficiency: 0.735957
    discharge_ratio: 5
    depth_of_discharge: 0.5
  VRBF:
    cost: 223.867
    lifetime: 20.3673
    annual_cost: 10.991491262955815
    efficiency: 0.760993
    discharge_ratio: 0.5
    depth_of_discharge: 1.0
