cost_values:
  wind_capex: 5000.0
  wind_opex: 100
  wind_lifetime: 20
  solar_capex: 1000.0
  solar_opex: 10
  solar_lifetime: 20
  carbon_price: 1.0
timeseries_values:
  load_level: 212644.5764580515
  wind_year: 2018
  solar_year: 2019
  price_year: 2023
  carbon_year: 2023
storage_values:
  CAES:
    cost: 22.5149
    lifetime: 28.8764
    annual_cost: 0.7796989929492596
    efficiency: 0.634582
    discharge_ratio: 0.1
    depth_of_discharge: 0.4
  Li-ion:
    cost: 254.634
    lifetime: 19.7971
    annual_cost: 12.862186885958044
    efficiency: 0.896017
    discharge_ratio: 2
    depth_of_discharge: 0.9
  Pb-acid:
    cost: 123.682
    lifetime: 13.1601
    annual_cost: 9.39825685215158
    efficiency: 0.734662
    discharge_ratio: 5
    depth_of_discharge: 0.5
  VRBF:
    cost: 200.144
    lifetime: 19.6365
    annual_cost: 10.19244773763145
    efficiency: 0.737255
    discharge_ratio: 0.5
    depth_of_discharge: 1.0
