cost_values:
  wind_capex: 5000.0
  wind_opex: 100
  wind_lifetime: 20
  solar_capex: 1000.0
  solar_opex: 10
  solar_lifetime: 20
  carbon_price: 1.0
timeseries_values:
  load_level: 212644.5764580515
  wind_year: 2018
  solar_year: 2019
  price_year: 2023
  carbon_year: 2023
storage_values:
  CAES:
    cost: 28.2037
    lifetime: 29.4342
    annual_cost: 0.9581948889387176
    efficiency: 0.632864
    discharge_ratio: 0.1
    depth_of_discharge: 0.4
  Li-ion:
    cost: 215.864
    lifetime: 19.6576
    annual_cost: 10.981198111671823
    efficiency: 0.888304
    discharge_ratio: 2
    depth_of_discharge: 0.9
  Pb-acid:
    cost: 149.091
    lifetime: 13.908
    annual_cost: 10.719801553062986
    efficiency: 0.754226
    discharge_ratio: 5
    depth_of_discharge: 0.5
  VRBF:
    cost: 195.522
    lifetime: 21.9639
    annual_cost: 8.901970961441274
    efficiency: 0.78542
    discharge_ratio: 0.5
    depth_of_discharge: 1.0
