cost_values:
  wind_capex: 5000.0
  wind_opex: 100
  wind_lifetime: 20
  solar_capex: 1000.0
  solar_opex: 10
  solar_lifetime: 20
  carbon_price: 1.0
timeseries_values:
  load_level: 212644.5764580515
  wind_year: 2018
  solar_year: 2019
  price_year: 2023
  carbon_year: 2023
storage_values:
  CAES:
    cost: 23.0558
    lifetime: 29.4282
    annual_cost: 0.7834594028856675
    efficiency: 0.630505
    discharge_ratio: 0.1
    depth_of_discharge: 0.4
  Li-ion:
    cost: 236.012
    lifetime: 20.6995
    annual_cost: 11.401821300031402
    efficiency: 0.902968
    discharge_ratio: 2
    depth_of_discharge: 0.9
  Pb-acid:
    cost: 149.358
    lifetime: 13.8955
    annual_cost: 10.748659638012306
    efficiency: 0.729847
    discharge_ratio: 5
    depth_of_discharge: 0.5
  VRBF:
    cost: 226.16
    lifetime: 21.7277
    annual_cost: 10.408832964372667
    efficiency: 0.765485
    discharge_ratio: 0.5
    depth_of_discharge: 1.0
