cost_values:
  wind_capex: 5000.0
  wind_opex: 100
  wind_lifetime: 20
  solar_capex: 1000.0
  solar_opex: 10
  solar_lifetime: 20
  carbon_price: 1.0
timeseries_values:
  load_level: 212644.5764580515
  wind_year: 2018
  solar_year: 2019
  price_year: 2023
  carbon_year: 2023
storage_values:
  CAES:
    cost: 29.0417
    lifetime: 29.1581
    annual_cost: 0.996007970341003
    efficiency: 0.63701
    discharge_ratio: 0.1
    depth_of_discharge: 0.4
  Li-ion:
    cost: 223.511
    lifetime: 22.0235
    annual_cost: 10.148750198651442
    efficiency: 0.914467
    discharge_ratio: 2
    depth_of_discharge: 0.9
  Pb-acid:
    cost: 158.515
    lifetime: 13.9364
    annual_cost: 11.374171235039176
    efficiency: 0.733849
    discharge_ratio: 5
    depth_of_discharge: 0.5
  VRBF:
    cost: 223.401
    lifetime: 19.2647
    annual_cost: 11.59639132714239
    efficiency: 0.764805
    discharge_ratio: 0.5
    depth_of_discharge: 1.0
