cost_values:
  wind_capex: 5000.0
  wind_opex: 100
  wind_lifetime: 20
  solar_capex: 1000.0
  solar_opex: 10
  solar_lifetime: 20
  carbon_price: 1.0
timeseries_values:
  load_level: 212644.5764580515
  wind_year: 2018
  solar_year: 2019
  price_year: 2023
  carbon_year: 2023
storage_values:
  CAES:
    cost: 22.7532
    lifetime: 28.9196
    annual_cost: 0.786774367556951
    efficiency: 0.636789
    discharge_ratio: 0.1
    depth_of_discharge: 0.4
  Li-ion:
    cost: 213.058
    lifetime: 20.4711
    annual_cost: 10.407745553487599
    efficiency: 0.899695
    discharge_ratio: 2
    depth_of_discharge: 0.9
  Pb-acid:
    cost: 151.175
    lifetime: 14.5998
    annual_cost: 10.354593898546556
    efficiency: 0.746569
    discharge_ratio: 5
    depth_of_discharge: 0.5
  VRBF:
    cost: 237.457
    lifetime: 20.4342
    annual_cost: 11.620567480009004
    efficiency: 0.752969
    discharge_ratio: 0.5
    depth_of_discharge: 1.0
