cost_values:
  wind_capex: 5000.0
  wind_opex: 100
  wind_lifetime: 20
  solar_capex: 1000.0
  solar_opex: 10
  solar_lifetime: 20
  carbon_price: 1.0
timeseries_values:
  load_level: 212644.5764580515
  wind_year: 2018
  solar_year: 2019
  price_year: 2023
  carbon_year: 2023
storage_values:
  CAES:
    cost: 31.6414
    lifetime: 28.8005
    annual_cost: 1.0986406485998508
    efficiency: 0.633035
    discharge_ratio: 0.1
    depth_of_discharge: 0.4
  Li-ion:
    cost: 233.019
    lifetime: 21.7904
    annual_cost: 10.693654086203098
    efficiency: 0.900484
    discharge_ratio: 2
    depth_of_discharge: 0.9
  Pb-acid:
    cost: 152.518
    lifetime: 14.0008
    annual_cost: 10.893520370264556
    efficiency: 0.726318
    discharge_ratio: 5
    depth_of_discharge: 0.5
  VRBF:
    cost: 215.406
    lifetime: 21.7246
    annual_cost: 9.915303388785064
    efficiency: 0.759564
    discharge_ratio: 0.5
    depth_of_discharge: 1.0
