cost_values:
  wind_capex: 5000.0
  wind_opex: 100
  wind_lifetime: 20
  solar_capex: 1000.0
  solar_opex: 10
  solar_lifetime: 20
  carbon_price: 1.0
timeseries_values:
  load_level: 212644.5764580515
  wind_year: 2018
  solar_year: 2019
  price_year: 2023
  carbon_year: 2023
storage_values:
  CAES:
    cost: 36.0729
    lifetime: 29.237
    annual_cost: 1.23380989841639
    efficiency: 0.627341
    discharge_ratio: 0.1
    depth_of_discharge: 0.4
  Li-ion:
    cost: 232.194
    lifetime: 22.3615
    annual_cost: 10.383650470675043
    efficiency: 0.885516
    discharge_ratio: 2
    depth_of_discharge: 0.9
  Pb-acid:
    cost: 148.219
    lifetime: 14.3876
    annual_cost: 10.301857154772163
    efficiency: 0.74872
    discharge_ratio: 5
    depth_of_discharge: 0.5
  VRBF:
    cost: 223.771
    lifetime: 20.5878
    annual_cost: 10.86910694683259
    efficiency: 0.754786
    discharge_ratio: 0.5
    depth_of_discharge: 1.0
