cost_values:
  wind_capex: 5000.0
  wind_opex: 100
  wind_lifetime: 20
  solar_capex: 1000.0
  solar_opex: 10
  solar_lifetime: 20
  carbon_price: 1.0
timeseries_values:
  load_level: 212644.5764580515
  wind_year: 2018
  solar_year: 2019
  price_year: 2023
  carbon_year: 2023
storage_values:
  CAES:
    cost: 32.8999
    lifetime: 28.8107
    annual_cost: 1.141933378918249
    efficiency: 0.63169
    discharge_ratio: 0.1
    depth_of_discharge: 0.4
  Li-ion:
    cost: 232.491
    lifetime: 21.3732
    annual_cost: 10.877687945651564
    efficiency: 0.896979
    discharge_ratio: 2
    depth_of_discharge: 0.9
  Pb-acid:
    cost: 143.916
    lifetime: 13.2588
    annual_cost: 10.854375961625486
    efficiency: 0.725213
    discharge_ratio: 5
    depth_of_discharge: 0.5
  VRBF:
    cost: 226.079
    lifetime: 21.1852
    annual_cost: 10.671553726186207
    efficiency: 0.781448
    discharge_ratio: 0.5
    depth_of_discharge: 1.0
