cost_values:
  wind_capex: 5000.0
  wind_opex: 100
  wind_lifetime: 20
  solar_capex: 1000.0
  solar_opex: 10
  solar_lifetime: 20
  carbon_price: 1.0
timeseries_values:
  load_level: 212644.5764580515
  wind_year: 2018
  solar_year: 2019
  price_year: 2023
  carbon_year: 2023
storage_values:
  CAES:
    cost: 29.9651
    lifetime: 28.9901
    annual_cost: 1.0336321709825078
    efficiency: 0.629532
    discharge_ratio: 0.1
    depth_of_discharge: 0.4
  Li-ion:
    cost: 215.779
    lifetime: 20.9782
    annual_cost: 10.28586818697505
    efficiency: 0.893181
    discharge_ratio: 2
    depth_of_discharge: 0.9
  Pb-acid:
    cost: 112.13
    lifetime: 14.2303
    annual_cost: 7.879665221393786
    efficiency: 0.728325
    discharge_ratio: 5
    depth_of_discharge: 0.5
  VRBF:
    cost: 229.703
    lifetime: 19.9275
    annual_cost: 11.526935139882074
    efficiency: 0.768186
    discharge_ratio: 0.5
    depth_of_discharge: 1.0
