cost_values:
  wind_capex: 5000.0
  wind_opex: 100
  wind_lifetime: 20
  solar_capex: 1000.0
  solar_opex: 10
  solar_lifetime: 20
  carbon_price: 1.0
timeseries_values:
  load_level: 212644.5764580515
  wind_year: 2018
  solar_year: 2019
  price_year: 2023
  carbon_year: 2023
storage_values:
  CAES:
    cost: 36.9636
    lifetime: 28.6004
    annual_cost: 1.2924154906924379
    efficiency: 0.638152
    discharge_ratio: 0.1
    depth_of_discharge: 0.4
  Li-ion:
    cost: 212.228
    lifetime: 19.9545
    annual_cost: 10.635595980856449
    efficiency: 0.900014
    discharge_ratio: 2
    depth_of_discharge: 0.9
  Pb-acid:
    cost: 130.945
    lifetime: 13.1066
    annual_cost: 9.990768010010223
    efficiency: 0.731301
    discharge_ratio: 5
    depth_of_discharge: 0.5
  VRBF:
    cost: 196.433
    lifetime: 18.8769
    annual_cost: 10.405998866339283
    efficiency: 0.763355
    discharge_ratio: 0.5
    depth_of_discharge: 1.0
