cost_values:
  wind_capex: 5000.0
  wind_opex: 100
  wind_lifetime: 20
  solar_capex: 1000.0
  solar_opex: 10
  solar_lifetime: 20
  carbon_price: 1.0
timeseries_values:
  load_level: 212644.5764580515
  wind_year: 2018
  solar_year: 2019
  price_year: 2023
  carbon_year: 2023
storage_values:
  CAES:
    cost: 24.9656
    lifetime: 28.4877
    annual_cost: 0.87636418524486
    efficiency: 0.631853
    discharge_ratio: 0.1
    depth_of_discharge: 0.4
  Li-ion:
    cost: 226.691
    lifetime: 20.0066
    annual_cost: 11.3308108324253
    efficiency: 0.89566
    discharge_ratio: 2
    depth_of_discharge: 0.9
  Pb-acid:
    cost: 131.505
    lifetime: 14.6579
    annual_cost: 8.971612577517925
    efficiency: 0.742842
    discharge_ratio: 5
    depth_of_discharge: 0.5
  VRBF:
    cost: 246.243
    lifetime: 19.2106
    annual_cost: 12.818079601886458
    efficiency: 0.775242
    discharge_ratio: 0.5
    depth_of_discharge: 1.0
