cost_values:
  wind_capex: 5000.0
  wind_opex: 100
  wind_lifetime: 20
  solar_capex: 1000.0
  solar_opex: 10
  solar_lifetime: 20
  carbon_price: 1.0
timeseries_values:
  load_level: 212644.5764580515
  wind_year: 2018
  solar_year: 2019
  price_year: 2023
  carbon_year: 2023
storage_values:
  CAES:
    cost: 27.9812
    lifetime: 28.3746
    annual_cost: 0.9861354873725092
    efficiency: 0.633732
    discharge_ratio: 0.1
    depth_of_discharge: 0.4
  Li-ion:
    cost: 201.987
    lifetime: 18.1369
    annual_cost: 11.136798460596903
    efficiency: 0.8806
    discharge_ratio: 2
    depth_of_discharge: 0.9
  Pb-acid:
    cost: 131.274
    lifetime: 13.9291
    annual_cost: 9.424442354495266
    efficiency: 0.731638
    discharge_ratio: 5
    depth_of_discharge: 0.5
  VRBF:
    cost: 218.562
    lifetime: 19.6477
    annual_cost: 11.124050143273768
    efficiency: 0.76453
    discharge_ratio: 0.5
    depth_of_discharge: 1.0
