cost_values:
  wind_capex: 5000.0
  wind_opex: 100
  wind_lifetime: 20
  solar_capex: 1000.0
  solar_opex: 10
  solar_lifetime: 20
  carbon_price: 1.0
timeseries_values:
  load_level: 212644.5764580515
  wind_year: 2018
  solar_year: 2019
  price_year: 2023
  carbon_year: 2023
storage_values:
  CAES:
    cost: 25.7986
    lifetime: 28.9009
    annual_cost: 0.8926573220903156
    efficiency: 0.618083
    discharge_ratio: 0.1
    depth_of_discharge: 0.4
  Li-ion:
    cost: 234.3
    lifetime: 20.9509
    annual_cost: 11.183290455302636
    efficiency: 0.884992
    discharge_ratio: 2
    depth_of_discharge: 0.9
  Pb-acid:
    cost: 125.077
    lifetime: 15.1282
    annual_cost: 8.267804497560848
    efficiency: 0.743976
    discharge_ratio: 5
    depth_of_discharge: 0.5
  VRBF:
    cost: 218.69
    lifetime: 20.2328
    annual_cost: 10.808686884662528
    efficiency: 0.775748
    discharge_ratio: 0.5
    depth_of_discharge: 1.0
