cost_values:
  wind_capex: 5000.0
  wind_opex: 100
  wind_lifetime: 20
  solar_capex: 1000.0
  solar_opex: 10
  solar_lifetime: 20
  carbon_price: 1.0
timeseries_values:
  load_level: 212644.5764580515
  wind_year: 2018
  solar_year: 2019
  price_year: 2023
  carbon_year: 2023
storage_values:
  CAES:
    cost: 29.6789
    lifetime: 28.0185
    annual_cost: 1.059260845512786
    efficiency: 0.622689
    discharge_ratio: 0.1
    depth_of_discharge: 0.4
  Li-ion:
    cost: 212.069
    lifetime: 20.651
    annual_cost: 10.269187932787759
    efficiency: 0.897755
    discharge_ratio: 2
    depth_of_discharge: 0.9
  Pb-acid:
    cost: 143.125
    lifetime: 12.4561
    annual_cost: 11.490354123682373
    efficiency: 0.736565
    discharge_ratio: 5
    depth_of_discharge: 0.5
  VRBF:
    cost: 205.11
    lifetime: 18.4054
    annual_cost: 11.144012083410304
    efficiency: 0.773726
    discharge_ratio: 0.5
    depth_of_discharge: 1.0
