cost_values:
  wind_capex: 5000.0
  wind_opex: 100
  wind_lifetime: 20
  solar_capex: 1000.0
  solar_opex: 10
  solar_lifetime: 20
  carbon_price: 1.0
timeseries_values:
  load_level: 212644.5764580515
  wind_year: 2018
  solar_year: 2019
  price_year: 2023
  carbon_year: 2023
storage_values:
  CAES:
    cost: 22.5345
    lifetime: 28.486
    annual_cost: 0.7910728076950081
    efficiency: 0.631371
    discharge_ratio: 0.1
    depth_of_discharge: 0.4
  Li-ion:
    cost: 243.756
    lifetime: 20.6574
    annual_cost: 11.799936100380494
    efficiency: 0.899618
    discharge_ratio: 2
    depth_of_discharge: 0.9
  Pb-acid:
    cost: 133.165
    lifetime: 15.0329
    annual_cost: 8.858237598866486
    efficiency: 0.742368
    discharge_ratio: 5
    depth_of_discharge: 0.5
  VRBF:
    cost: 200.104
    lifetime: 19.9715
    annual_cost: 10.019477755802018
    efficiency: 0.775484
    discharge_ratio: 0.5
    depth_of_discharge: 1.0
