cost_values:
  wind_capex: 5000.0
  wind_opex: 100
  wind_lifetime: 20
  solar_capex: 1000.0
  solar_opex: 10
  solar_lifetime: 20
  carbon_price: 1.0
timeseries_values:
  load_level: 212644.5764580515
  wind_year: 2018
  solar_year: 2019
  price_year: 2023
  carbon_year: 2023
storage_values:
  CAES:
    cost: 32.5424
    lifetime: 28.6383
    annual_cost: 1.1363244326653468
    efficiency: 0.629367
    discharge_ratio: 0.1
    depth_of_discharge: 0.4
  Li-ion:
    cost: 209.683
    lifetime: 19.4817
    annual_cost: 10.76307509098282
    efficiency: 0.898793
    discharge_ratio: 2
    depth_of_discharge: 0.9
  Pb-acid:
    cost: 123.545
    lifetime: 13.3975
    annual_cost: 9.221496547863406
    efficiency: 0.758372
    discharge_ratio: 5
    depth_of_discharge: 0.5
  VRBF:
    cost: 228.058
    lifetime: 20.7582
    annual_cost: 10.986405372334788
    efficiency: 0.771829
    discharge_ratio: 0.5
    depth_of_discharge: 1.0
