cost_values:
  wind_capex: 5000.0
  wind_opex: 100
  wind_lifetime: 20
  solar_capex: 1000.0
  solar_opex: 10
  solar_lifetime: 20
  carbon_price: 1.0
timeseries_values:
  load_level: 212644.5764580515
  wind_year: 2018
  solar_year: 2019
  price_year: 2023
  carbon_year: 2023
storage_values:
  CAES:
    cost: 29.8337
    lifetime: 28.497
    annual_cost: 1.046906691932484
    efficiency: 0.630243
    discharge_ratio: 0.1
    depth_of_discharge: 0.4
  Li-ion:
    cost: 205.074
    lifetime: 22.5564
    annual_cost: 9.091610363355855
    efficiency: 0.882919
    discharge_ratio: 2
    depth_of_discharge: 0.9
  Pb-acid:
    cost: 125.037
    lifetime: 14.94
    annual_cost: 8.369277108433735
    efficiency: 0.725477
    discharge_ratio: 5
    depth_of_discharge: 0.5
  VRBF:
    cost: 164.654
    lifetime: 20.4233
    annual_cost: 8.062066365376799
    efficiency: 0.77005
    discharge_ratio: 0.5
    depth_of_discharge: 1.0
