cost_values:
  wind_capex: 5000.0
  wind_opex: 100
  wind_lifetime: 20
  solar_capex: 1000.0
  solar_opex: 10
  solar_lifetime: 20
  carbon_price: 1.0
timeseries_values:
  load_level: 212644.5764580515
  wind_year: 2018
  solar_year: 2019
  price_year: 2023
  carbon_year: 2023
storage_values:
  CAES:
    cost: 27.5744
    lifetime: 29.2024
    annual_cost: 0.9442511574391146
    efficiency: 0.636405
    discharge_ratio: 0.1
    depth_of_discharge: 0.4
  Li-ion:
    cost: 220.545
    lifetime: 20.9178
    annual_cost: 10.543412787195594
    efficiency: 0.905814
    discharge_ratio: 2
    depth_of_discharge: 0.9
  Pb-acid:
    cost: 118.75
    lifetime: 12.9885
    annual_cost: 9.142703160488123
    efficiency: 0.72455
    discharge_ratio: 5
    depth_of_discharge: 0.5
  VRBF:
    cost: 219.584
    lifetime: 20.7547
    annual_cost: 10.57996501997138
    efficiency: 0.771081
    discharge_ratio: 0.5
    depth_of_discharge: 1.0
