cost_values:
  wind_capex: 5000.0
  wind_opex: 100
  wind_lifetime: 20
  solar_capex: 1000.0
  solar_opex: 10
  solar_lifetime: 20
  carbon_price: 1.0
timeseries_values:
  load_level: 212644.5764580515
  wind_year: 2018
  solar_year: 2019
  price_year: 2023
  carbon_year: 2023
storage_values:
  CAES:
    cost: 30.7785
    lifetime: 27.22
    annual_cost: 1.1307310800881705
    efficiency: 0.64169
    discharge_ratio: 0.1
    depth_of_discharge: 0.4
  Li-ion:
    cost: 216.05
    lifetime: 20.1315
    annual_cost: 10.731937510866057
    efficiency: 0.904431
    discharge_ratio: 2
    depth_of_discharge: 0.9
  Pb-acid:
    cost: 156.113
    lifetime: 13.5618
    annual_cost: 11.511230072704214
    efficiency: 0.743581
    discharge_ratio: 5
    depth_of_discharge: 0.5
  VRBF:
    cost: 240.182
    lifetime: 21.17
    annual_cost: 11.345394426074632
    efficiency: 0.776618
    discharge_ratio: 0.5
    depth_of_discharge: 1.0
