cost_values:
  wind_capex: 5000.0
  wind_opex: 100
  wind_lifetime: 20
  solar_capex: 1000.0
  solar_opex: 10
  solar_lifetime: 20
  carbon_price: 1.0
timeseries_values:
  load_level: 212644.5764580515
  wind_year: 2018
  solar_year: 2019
  price_year: 2023
  carbon_year: 2023
storage_values:
  CAES:
    cost: 34.7883
    lifetime: 29.4031
    annual_cost: 1.1831507562127803
    efficiency: 0.63007
    discharge_ratio: 0.1
    depth_of_discharge: 0.4
  Li-ion:
    cost: 215.467
    lifetime: 21.2314
    annual_cost: 10.148506457416845
    efficiency: 0.892206
    discharge_ratio: 2
    depth_of_discharge: 0.9
  Pb-acid:
    cost: 166.819
    lifetime: 14.0918
    annual_cost: 11.83801927362012
    efficiency: 0.7342
    discharge_ratio: 5
    depth_of_discharge: 0.5
  VRBF:
    cost: 229.983
    lifetime: 23.3051
    annual_cost: 9.86835499525855
    efficiency: 0.78618
    discharge_ratio: 0.5
    depth_of_discharge: 1.0
