cost_values:
  wind_capex: 5000.0
  wind_opex: 100
  wind_lifetime: 20
  solar_capex: 1000.0
  solar_opex: 10
  solar_lifetime: 20
  carbon_price: 1.0
timeseries_values:
  load_level: 212644.5764580515
  wind_year: 2018
  solar_year: 2019
  price_year: 2023
  carbon_year: 2023
storage_values:
  CAES:
    cost: 25.7534
    lifetime: 29.5065
    annual_cost: 0.8728042973582092
    efficiency: 0.636766
    discharge_ratio: 0.1
    depth_of_discharge: 0.4
  Li-ion:
    cost: 218.676
    lifetime: 20.9932
    annual_cost: 10.416515824171634
    efficiency: 0.901466
    discharge_ratio: 2
    depth_of_discharge: 0.9
  Pb-acid:
    cost: 135.853
    lifetime: 13.3993
    annual_cost: 10.138813221586203
    efficiency: 0.723642
    discharge_ratio: 5
    depth_of_discharge: 0.5
  VRBF:
    cost: 238.075
    lifetime: 21.2604
    annual_cost: 11.198048954864442
    efficiency: 0.776048
    discharge_ratio: 0.5
    depth_of_discharge: 1.0
