cost_values:
  wind_capex: 5000.0
  wind_opex: 100
  wind_lifetime: 20
  solar_capex: 1000.0
  solar_opex: 10
  solar_lifetime: 20
  carbon_price: 1.0
timeseries_values:
  load_level: 212644.5764580515
  wind_year: 2018
  solar_year: 2019
  price_year: 2023
  carbon_year: 2023
storage_values:
  CAES:
    cost: 24.335
    lifetime: 29.946
    annual_cost: 0.8126293995859213
    efficiency: 0.635886
    discharge_ratio: 0.1
    depth_of_discharge: 0.4
  Li-ion:
    cost: 209.599
    lifetime: 21.7082
    annual_cost: 9.655291548815654
    efficiency: 0.904372
    discharge_ratio: 2
    depth_of_discharge: 0.9
  Pb-acid:
    cost: 137.22
    lifetime: 12.4963
    annual_cost: 10.980850331698182
    efficiency: 0.73589
    discharge_ratio: 5
    depth_of_discharge: 0.5
  VRBF:
    cost: 204.374
    lifetime: 20.197
    annual_cost: 10.11902757835322
    efficiency: 0.752538
    discharge_ratio: 0.5
    depth_of_discharge: 1.0
