cost_values:
  wind_capex: 5000.0
  wind_opex: 100
  wind_lifetime: 20
  solar_capex: 1000.0
  solar_opex: 10
  solar_lifetime: 20
  carbon_price: 1.0
timeseries_values:
  load_level: 212644.5764580515
  wind_year: 2018
  solar_year: 2019
  price_year: 2023
  carbon_year: 2023
storage_values:
  CAES:
    cost: 22.0251
    lifetime: 29.6609
    annual_cost: 0.742563442107286
    efficiency: 0.630721
    discharge_ratio: 0.1
    depth_of_discharge: 0.4
  Li-ion:
    cost: 234.474
    lifetime: 20.5118
    annual_cost: 11.431176201016
    efficiency: 0.898732
    discharge_ratio: 2
    depth_of_discharge: 0.9
  Pb-acid:
    cost: 140.195
    lifetime: 13.5486
    annual_cost: 10.347563585905554
    efficiency: 0.745839
    discharge_ratio: 5
    depth_of_discharge: 0.5
  VRBF:
    cost: 229.697
    lifetime: 20.6115
    annual_cost: 11.144118574582151
    efficiency: 0.768962
    discharge_ratio: 0.5
    depth_of_discharge: 1.0
