cost_values:
  wind_capex: 5000.0
  wind_opex: 100
  wind_lifetime: 20
  solar_capex: 1000.0
  solar_opex: 10
  solar_lifetime: 20
  carbon_price: 1.0
timeseries_values:
  load_level: 212644.5764580515
  wind_year: 2018
  solar_year: 2019
  price_year: 2023
  carbon_year: 2023
storage_values:
  CAES:
    cost: 29.6646
    lifetime: 28.7369
    annual_cost: 1.032282535694525
    efficiency: 0.629409
    discharge_ratio: 0.1
    depth_of_discharge: 0.4
  Li-ion:
    cost: 232.352
    lifetime: 21.7925
    annual_cost: 10.662016748881497
    efficiency: 0.887337
    discharge_ratio: 2
    depth_of_discharge: 0.9
  Pb-acid:
    cost: 108.936
    lifetime: 13.0168
    annual_cost: 8.368877143383935
    efficiency: 0.740565
    discharge_ratio: 5
    depth_of_discharge: 0.5
  VRBF:
    cost: 227.006
    lifetime: 20.4686
    annual_cost: 11.09045073918099
    efficiency: 0.765847
    discharge_ratio: 0.5
    depth_of_discharge: 1.0
