cost_values:
  wind_capex: 5000.0
  wind_opex: 100
  wind_lifetime: 20
  solar_capex: 1000.0
  solar_opex: 10
  solar_lifetime: 20
  carbon_price: 1.0
timeseries_values:
  load_level: 262258.3682715532
  wind_year: 2015
  solar_year: 2016
  price_year: 2023
  carbon_year: 2023
storage_values:
  CAES:
    cost: 45.9017
    lifetime: 26.953
    annual_cost: 1.7030274923014135
    efficiency: 0.615301
    discharge_ratio: 0.1
    depth_of_discharge: 0.4
  Li-ion:
    cost: 270.682
    lifetime: 27.0303
    annual_cost: 10.014021302020327
    efficiency: 0.948327
    discharge_ratio: 2
    depth_of_discharge: 0.9
  Pb-acid:
    cost: 149.477
    lifetime: 15.1946
    annual_cost: 9.837508062074685
    efficiency: 0.720879
    discharge_ratio: 5
    depth_of_discharge: 0.5
  VRBF:
    cost: 300.83
    lifetime: 22.2468
    annual_cost: 13.52239423197943
    efficiency: 0.768392
    discharge_ratio: 0.5
    depth_of_discharge: 1.0
