cost_values:
  wind_capex: 5000.0
  wind_opex: 100
  wind_lifetime: 20
  solar_capex: 1000.0
  solar_opex: 10
  solar_lifetime: 20
  carbon_price: 1.0
timeseries_values:
  load_level: 262258.3682715532
  wind_year: 2015
  solar_year: 2016
  price_year: 2023
  carbon_year: 2023
storage_values:
  CAES:
    cost: 48.6358
    lifetime: 27.5005
    annual_cost: 1.7685423901383612
    efficiency: 0.600824
    discharge_ratio: 0.1
    depth_of_discharge: 0.4
  Li-ion:
    cost: 258.386
    lifetime: 26.8394
    annual_cost: 9.627115360253956
    efficiency: 0.951581
    discharge_ratio: 2
    depth_of_discharge: 0.9
  Pb-acid:
    cost: 143.919
    lifetime: 14.632
    annual_cost: 9.835907599781303
    efficiency: 0.742789
    discharge_ratio: 5
    depth_of_discharge: 0.5
  VRBF:
    cost: 308.902
    lifetime: 25.3448
    annual_cost: 12.18798333385941
    efficiency: 0.800703
    discharge_ratio: 0.5
    depth_of_discharge: 1.0
