cost_values:
  wind_capex: 5000.0
  wind_opex: 100
  wind_lifetime: 20
  solar_capex: 1000.0
  solar_opex: 10
  solar_lifetime: 20
  carbon_price: 1.0
timeseries_values:
  load_level: 262258.3682715532
  wind_year: 2015
  solar_year: 2016
  price_year: 2023
  carbon_year: 2023
storage_values:
  CAES:
    cost: 37.9178
    lifetime: 26.3073
    annual_cost: 1.4413413767281325
    efficiency: 0.615194
    discharge_ratio: 0.1
    depth_of_discharge: 0.4
  Li-ion:
    cost: 274.186
    lifetime: 25.4219
    annual_cost: 10.785425164916862
    efficiency: 0.931883
    discharge_ratio: 2
    depth_of_discharge: 0.9
  Pb-acid:
    cost: 129.098
    lifetime: 15.2209
    annual_cost: 8.481627236234388
    efficiency: 0.743259
    discharge_ratio: 5
    depth_of_discharge: 0.5
  VRBF:
    cost: 293.064
    lifetime: 22.6034
    annual_cost: 12.965483068918836
    efficiency: 0.801263
    discharge_ratio: 0.5
    depth_of_discharge: 1.0
