cost_values:
  wind_capex: 5000.0
  wind_opex: 100
  wind_lifetime: 20
  solar_capex: 1000.0
  solar_opex: 10
  solar_lifetime: 20
  carbon_price: 1.0
timeseries_values:
  load_level: 262258.3682715532
  wind_year: 2015
  solar_year: 2016
  price_year: 2023
  carbon_year: 2023
storage_values:
  CAES:
    cost: 47.9592
    lifetime: 26.603
    annual_cost: 1.8027741232191858
    efficiency: 0.608695
    discharge_ratio: 0.1
    depth_of_discharge: 0.4
  Li-ion:
    cost: 258.951
    lifetime: 27.1449
    annual_cost: 9.53958202093211
    efficiency: 0.945195
    discharge_ratio: 2
    depth_of_discharge: 0.9
  Pb-acid:
    cost: 151.001
    lifetime: 13.4393
    annual_cost: 11.235778649185598
    efficiency: 0.727509
    discharge_ratio: 5
    depth_of_discharge: 0.5
  VRBF:
    cost: 298.787
    lifetime: 25.1444
    annual_cost: 11.882844689075895
    efficiency: 0.778422
    discharge_ratio: 0.5
    depth_of_discharge: 1.0
