cost_values:
  wind_capex: 5000.0
  wind_opex: 100
  wind_lifetime: 20
  solar_capex: 1000.0
  solar_opex: 10
  solar_lifetime: 20
  carbon_price: 1.0
timeseries_values:
  load_level: 262258.3682715532
  wind_year: 2015
  solar_year: 2016
  price_year: 2023
  carbon_year: 2023
storage_values:
  CAES:
    cost: 46.4582
    lifetime: 25.4939
    annual_cost: 1.8223261250730567
    efficiency: 0.606339
    discharge_ratio: 0.1
    depth_of_discharge: 0.4
  Li-ion:
    cost: 261.439
    lifetime: 23.6468
    annual_cost: 11.055999120388384
    efficiency: 0.939827
    discharge_ratio: 2
    depth_of_discharge: 0.9
  Pb-acid:
    cost: 138.708
    lifetime: 15.0002
    annual_cost: 9.247076705643925
    efficiency: 0.729477
    discharge_ratio: 5
    depth_of_discharge: 0.5
  VRBF:
    cost: 280.94
    lifetime: 22.083
    annual_cost: 12.722003350993978
    efficiency: 0.799581
    discharge_ratio: 0.5
    depth_of_discharge: 1.0
