cost_values:
  wind_capex: 5000.0
  wind_opex: 100
  wind_lifetime: 20
  solar_capex: 1000.0
  solar_opex: 10
  solar_lifetime: 20
  carbon_price: 1.0
timeseries_values:
  load_level: 262258.3682715532
  wind_year: 2015
  solar_year: 2016
  price_year: 2023
  carbon_year: 2023
storage_values:
  CAES:
    cost: 46.3109
    lifetime: 27.2582
    annual_cost: 1.6989713187224393
    efficiency: 0.609128
    discharge_ratio: 0.1
    depth_of_discharge: 0.4
  Li-ion:
    cost: 251.897
    lifetime: 27.5787
    annual_cost: 9.133751772201009
    efficiency: 0.936416
    discharge_ratio: 2
    depth_of_discharge: 0.9
  Pb-acid:
    cost: 141.38
    lifetime: 15.3927
    annual_cost: 9.18487334905507
    efficiency: 0.728731
    discharge_ratio: 5
    depth_of_discharge: 0.5
  VRBF:
    cost: 292.483
    lifetime: 21.3454
    annual_cost: 13.702390210537164
    efficiency: 0.789694
    discharge_ratio: 0.5
    depth_of_discharge: 1.0
