cost_values:
  wind_capex: 5000.0
  wind_opex: 100
  wind_lifetime: 20
  solar_capex: 1000.0
  solar_opex: 10
  solar_lifetime: 20
  carbon_price: 1.0
timeseries_values:
  load_level: 262258.3682715532
  wind_year: 2015
  solar_year: 2016
  price_year: 2023
  carbon_year: 2023
storage_values:
  CAES:
    cost: 41.5111
    lifetime: 26.765
    annual_cost: 1.550947132449094
    efficiency: 0.612296
    discharge_ratio: 0.1
    depth_of_discharge: 0.4
  Li-ion:
    cost: 274.916
    lifetime: 28.7141
    annual_cost: 9.574250977742642
    efficiency: 0.936833
    discharge_ratio: 2
    depth_of_discharge: 0.9
  Pb-acid:
    cost: 149.279
    lifetime: 14.1715
    annual_cost: 10.533747309741383
    efficiency: 0.745377
    discharge_ratio: 5
    depth_of_discharge: 0.5
  VRBF:
    cost: 335.825
    lifetime: 22.1048
    annual_cost: 15.192401650320292
    efficiency: 0.782506
    discharge_ratio: 0.5
    depth_of_discharge: 1.0
