cost_values:
  wind_capex: 5000.0
  wind_opex: 100
  wind_lifetime: 20
  solar_capex: 1000.0
  solar_opex: 10
  solar_lifetime: 20
  carbon_price: 1.0
timeseries_values:
  load_level: 262258.3682715532
  wind_year: 2015
  solar_year: 2016
  price_year: 2023
  carbon_year: 2023
storage_values:
  CAES:
    cost: 45.7182
    lifetime: 27.0828
    annual_cost: 1.688089857769507
    efficiency: 0.605631
    discharge_ratio: 0.1
    depth_of_discharge: 0.4
  Li-ion:
    cost: 256.147
    lifetime: 27.1868
    annual_cost: 9.421741433342651
    efficiency: 0.937632
    discharge_ratio: 2
    depth_of_discharge: 0.9
  Pb-acid:
    cost: 142.683
    lifetime: 14.7978
    annual_cost: 9.642176539755908
    efficiency: 0.720428
    discharge_ratio: 5
    depth_of_discharge: 0.5
  VRBF:
    cost: 296.34
    lifetime: 21.9902
    annual_cost: 13.476002946767194
    efficiency: 0.798583
    discharge_ratio: 0.5
    depth_of_discharge: 1.0
