cost_values:
  wind_capex: 5000.0
  wind_opex: 100
  wind_lifetime: 20
  solar_capex: 1000.0
  solar_opex: 10
  solar_lifetime: 20
  carbon_price: 1.0
timeseries_values:
  load_level: 262258.3682715532
  wind_year: 2015
  solar_year: 2016
  price_year: 2023
  carbon_year: 2023
storage_values:
  CAES:
    cost: 51.5569
    lifetime: 26.6339
    annual_cost: 1.9357623179481787
    efficiency: 0.610614
    discharge_ratio: 0.1
    depth_of_discharge: 0.4
  Li-ion:
    cost: 229.147
    lifetime: 26.5214
    annual_cost: 8.640079332161951
    efficiency: 0.946886
    discharge_ratio: 2
    depth_of_discharge: 0.9
  Pb-acid:
    cost: 139.814
    lifetime: 16.1056
    annual_cost: 8.68107987283926
    efficiency: 0.737077
    discharge_ratio: 5
    depth_of_discharge: 0.5
  VRBF:
    cost: 299.551
    lifetime: 26.9248
    annual_cost: 11.125467970049916
    efficiency: 0.804428
    discharge_ratio: 0.5
    depth_of_discharge: 1.0
