cost_values:
  wind_capex: 5000.0
  wind_opex: 100
  wind_lifetime: 20
  solar_capex: 1000.0
  solar_opex: 10
  solar_lifetime: 20
  carbon_price: 1.0
timeseries_values:
  load_level: 262258.3682715532
  wind_year: 2015
  solar_year: 2016
  price_year: 2023
  carbon_year: 2023
storage_values:
  CAES:
    cost: 49.9093
    lifetime: 26.3196
    annual_cost: 1.8962788188270339
    efficiency: 0.602771
    discharge_ratio: 0.1
    depth_of_discharge: 0.4
  Li-ion:
    cost: 264.053
    lifetime: 26.4554
    annual_cost: 9.98106246739796
    efficiency: 0.94365
    discharge_ratio: 2
    depth_of_discharge: 0.9
  Pb-acid:
    cost: 136.51
    lifetime: 15.893
    annual_cost: 8.589316051091675
    efficiency: 0.733955
    discharge_ratio: 5
    depth_of_discharge: 0.5
  VRBF:
    cost: 279.284
    lifetime: 21.3819
    annual_cost: 13.061701719678792
    efficiency: 0.777971
    discharge_ratio: 0.5
    depth_of_discharge: 1.0
