cost_values:
  wind_capex: 5000.0
  wind_opex: 100
  wind_lifetime: 20
  solar_capex: 1000.0
  solar_opex: 10
  solar_lifetime: 20
  carbon_price: 1.0
timeseries_values:
  load_level: 262258.3682715532
  wind_year: 2015
  solar_year: 2016
  price_year: 2023
  carbon_year: 2023
storage_values:
  CAES:
    cost: 42.4113
    lifetime: 25.7413
    annual_cost: 1.6475974406886986
    efficiency: 0.633231
    discharge_ratio: 0.1
    depth_of_discharge: 0.4
  Li-ion:
    cost: 256.098
    lifetime: 25.7531
    annual_cost: 9.944356213426733
    efficiency: 0.944458
    discharge_ratio: 2
    depth_of_discharge: 0.9
  Pb-acid:
    cost: 152.397
    lifetime: 15.7754
    annual_cost: 9.660420654943772
    efficiency: 0.743323
    discharge_ratio: 5
    depth_of_discharge: 0.5
  VRBF:
    cost: 301.767
    lifetime: 22.0043
    annual_cost: 13.714001354280754
    efficiency: 0.787034
    discharge_ratio: 0.5
    depth_of_discharge: 1.0
