cost_values:
  wind_capex: 5000.0
  wind_opex: 100
  wind_lifetime: 20
  solar_capex: 1000.0
  solar_opex: 10
  solar_lifetime: 20
  carbon_price: 1.0
timeseries_values:
  load_level: 262258.3682715532
  wind_year: 2015
  solar_year: 2016
  price_year: 2023
  carbon_year: 2023
storage_values:
  CAES:
    cost: 41.459
    lifetime: 27.7791
    annual_cost: 1.4924529592391405
    efficiency: 0.598577
    discharge_ratio: 0.1
    depth_of_discharge: 0.4
  Li-ion:
    cost: 247.158
    lifetime: 26.5486
    annual_cost: 9.309643446358752
    efficiency: 0.941848
    discharge_ratio: 2
    depth_of_discharge: 0.9
  Pb-acid:
    cost: 115.187
    lifetime: 15.9353
    annual_cost: 7.228417412913469
    efficiency: 0.734129
    discharge_ratio: 5
    depth_of_discharge: 0.5
  VRBF:
    cost: 287.636
    lifetime: 23.1729
    annual_cost: 12.41260265223602
    efficiency: 0.793826
    discharge_ratio: 0.5
    depth_of_discharge: 1.0
