cost_values:
  wind_capex: 5000.0
  wind_opex: 100
  wind_lifetime: 20
  solar_capex: 1000.0
  solar_opex: 10
  solar_lifetime: 20
  carbon_price: 1.0
timeseries_values:
  load_level: 262258.3682715532
  wind_year: 2015
  solar_year: 2016
  price_year: 2023
  carbon_year: 2023
storage_values:
  CAES:
    cost: 44.601
    lifetime: 26.8317
    annual_cost: 1.6622502487729065
    efficiency: 0.613163
    discharge_ratio: 0.1
    depth_of_discharge: 0.4
  Li-ion:
    cost: 233.567
    lifetime: 24.8657
    annual_cost: 9.393139947799579
    efficiency: 0.947975
    discharge_ratio: 2
    depth_of_discharge: 0.9
  Pb-acid:
    cost: 143.578
    lifetime: 15.7481
    annual_cost: 9.11716334033947
    efficiency: 0.726423
    discharge_ratio: 5
    depth_of_discharge: 0.5
  VRBF:
    cost: 301.528
    lifetime: 23.5158
    annual_cost: 12.822357733949092
    efficiency: 0.779219
    discharge_ratio: 0.5
    depth_of_discharge: 1.0
