cost_values:
  wind_capex: 5000.0
  wind_opex: 100
  wind_lifetime: 20
  solar_capex: 1000.0
  solar_opex: 10
  solar_lifetime: 20
  carbon_price: 1.0
timeseries_values:
  load_level: 262258.3682715532
  wind_year: 2015
  solar_year: 2016
  price_year: 2023
  carbon_year: 2023
storage_values:
  CAES:
    cost: 50.8426
    lifetime: 26.6088
    annual_cost: 1.910743814076546
    efficiency: 0.607452
    discharge_ratio: 0.1
    depth_of_discharge: 0.4
  Li-ion:
    cost: 232.536
    lifetime: 26.0962
    annual_cost: 8.910722633946705
    efficiency: 0.950811
    discharge_ratio: 2
    depth_of_discharge: 0.9
  Pb-acid:
    cost: 149.62
    lifetime: 13.6098
    annual_cost: 10.993548766330145
    efficiency: 0.743095
    discharge_ratio: 5
    depth_of_discharge: 0.5
  VRBF:
    cost: 317.726
    lifetime: 25.6289
    annual_cost: 12.39717662482588
    efficiency: 0.772948
    discharge_ratio: 0.5
    depth_of_discharge: 1.0
