cost_values:
  wind_capex: 5000.0
  wind_opex: 100
  wind_lifetime: 20
  solar_capex: 1000.0
  solar_opex: 10
  solar_lifetime: 20
  carbon_price: 1.0
timeseries_values:
  load_level: 262258.3682715532
  wind_year: 2015
  solar_year: 2016
  price_year: 2023
  carbon_year: 2023
storage_values:
  CAES:
    cost: 51.7708
    lifetime: 26.1688
    annual_cost: 1.978340619363517
    efficiency: 0.607795
    discharge_ratio: 0.1
    depth_of_discharge: 0.4
  Li-ion:
    cost: 254.195
    lifetime: 27.1828
    annual_cost: 9.35131774504466
    efficiency: 0.938108
    discharge_ratio: 2
    depth_of_discharge: 0.9
  Pb-acid:
    cost: 148.03
    lifetime: 14.3924
    annual_cost: 10.285289458325227
    efficiency: 0.742259
    discharge_ratio: 5
    depth_of_discharge: 0.5
  VRBF:
    cost: 310.577
    lifetime: 22.1369
    annual_cost: 14.029832542045183
    efficiency: 0.794319
    discharge_ratio: 0.5
    depth_of_discharge: 1.0
