cost_values:
  wind_capex: 5000.0
  wind_opex: 100
  wind_lifetime: 20
  solar_capex: 1000.0
  solar_opex: 10
  solar_lifetime: 20
  carbon_price: 1.0
timeseries_values:
  load_level: 262258.3682715532
  wind_year: 2015
  solar_year: 2016
  price_year: 2023
  carbon_year: 2023
storage_values:
  CAES:
    cost: 45.6347
    lifetime: 26.6381
    annual_cost: 1.7131364474192978
    efficiency: 0.602626
    discharge_ratio: 0.1
    depth_of_discharge: 0.4
  Li-ion:
    cost: 268.075
    lifetime: 28.4999
    annual_cost: 9.406173354994227
    efficiency: 0.924249
    discharge_ratio: 2
    depth_of_discharge: 0.9
  Pb-acid:
    cost: 139.011
    lifetime: 15.6529
    annual_cost: 8.880846360738266
    efficiency: 0.736757
    discharge_ratio: 5
    depth_of_discharge: 0.5
  VRBF:
    cost: 300.004
    lifetime: 23.3694
    annual_cost: 12.837471223052368
    efficiency: 0.794789
    discharge_ratio: 0.5
    depth_of_discharge: 1.0
