cost_values:
  wind_capex: 5000.0
  wind_opex: 100
  wind_lifetime: 20
  solar_capex: 1000.0
  solar_opex: 10
  solar_lifetime: 20
  carbon_price: 1.0
timeseries_values:
  load_level: 262258.3682715532
  wind_year: 2015
  solar_year: 2016
  price_year: 2023
  carbon_year: 2023
storage_values:
  CAES:
    cost: 42.6648
    lifetime: 26.8234
    annual_cost: 1.5905813580679555
    efficiency: 0.606091
    discharge_ratio: 0.1
    depth_of_discharge: 0.4
  Li-ion:
    cost: 264.281
    lifetime: 26.1935
    annual_cost: 10.089564204859984
    efficiency: 0.947586
    discharge_ratio: 2
    depth_of_discharge: 0.9
  Pb-acid:
    cost: 157.344
    lifetime: 15.9779
    annual_cost: 9.847602000262862
    efficiency: 0.74798
    discharge_ratio: 5
    depth_of_discharge: 0.5
  VRBF:
    cost: 334.28
    lifetime: 22.2641
    annual_cost: 15.014305541207595
    efficiency: 0.783186
    discharge_ratio: 0.5
    depth_of_discharge: 1.0
