cost_values:
  wind_capex: 5000.0
  wind_opex: 100
  wind_lifetime: 20
  solar_capex: 1000.0
  solar_opex: 10
  solar_lifetime: 20
  carbon_price: 1.0
timeseries_values:
  load_level: 262258.3682715532
  wind_year: 2015
  solar_year: 2016
  price_year: 2023
  carbon_year: 2023
storage_values:
  CAES:
    cost: 45.2377
    lifetime: 27.8557
    annual_cost: 1.6240015508495569
    efficiency: 0.604623
    discharge_ratio: 0.1
    depth_of_discharge: 0.4
  Li-ion:
    cost: 281.262
    lifetime: 26.5761
    annual_cost: 10.58326842538973
    efficiency: 0.922877
    discharge_ratio: 2
    depth_of_discharge: 0.9
  Pb-acid:
    cost: 172.963
    lifetime: 13.6715
    annual_cost: 12.651355008594521
    efficiency: 0.759057
    discharge_ratio: 5
    depth_of_discharge: 0.5
  VRBF:
    cost: 296.208
    lifetime: 24.8153
    annual_cost: 11.93650691307379
    efficiency: 0.783274
    discharge_ratio: 0.5
    depth_of_discharge: 1.0
