cost_values:
  wind_capex: 5000.0
  wind_opex: 100
  wind_lifetime: 20
  solar_capex: 1000.0
  solar_opex: 10
  solar_lifetime: 20
  carbon_price: 1.0
timeseries_values:
  load_level: 262258.3682715532
  wind_year: 2015
  solar_year: 2016
  price_year: 2023
  carbon_year: 2023
storage_values:
  CAES:
    cost: 44.9005
    lifetime: 25.6524
    annual_cost: 1.7503430478239854
    efficiency: 0.611634
    discharge_ratio: 0.1
    depth_of_discharge: 0.4
  Li-ion:
    cost: 248.016
    lifetime: 27.7913
    annual_cost: 8.92423168401622
    efficiency: 0.940119
    discharge_ratio: 2
    depth_of_discharge: 0.9
  Pb-acid:
    cost: 146.467
    lifetime: 14.8964
    annual_cost: 9.832375607529336
    efficiency: 0.724355
    discharge_ratio: 5
    depth_of_discharge: 0.5
  VRBF:
    cost: 299.07
    lifetime: 24.2476
    annual_cost: 12.334004190105412
    efficiency: 0.793605
    discharge_ratio: 0.5
    depth_of_discharge: 1.0
