cost_values:
  wind_capex: 5000.0
  wind_opex: 100
  wind_lifetime: 20
  solar_capex: 1000.0
  solar_opex: 10
  solar_lifetime: 20
  carbon_price: 1.0
timeseries_values:
  load_level: 262258.3682715532
  wind_year: 2015
  solar_year: 2016
  price_year: 2023
  carbon_year: 2023
storage_values:
  CAES:
    cost: 42.1856
    lifetime: 26.9785
    annual_cost: 1.563674778064014
    efficiency: 0.606358
    discharge_ratio: 0.1
    depth_of_discharge: 0.4
  Li-ion:
    cost: 272.25
    lifetime: 25.5997
    annual_cost: 10.63489025262015
    efficiency: 0.945147
    discharge_ratio: 2
    depth_of_discharge: 0.9
  Pb-acid:
    cost: 158.614
    lifetime: 15.7725
    annual_cost: 10.056363924552226
    efficiency: 0.746469
    discharge_ratio: 5
    depth_of_discharge: 0.5
  VRBF:
    cost: 300.896
    lifetime: 24.9472
    annual_cost: 12.06131349409954
    efficiency: 0.794369
    discharge_ratio: 0.5
    depth_of_discharge: 1.0
