cost_values:
  wind_capex: 5000.0
  wind_opex: 100
  wind_lifetime: 20
  solar_capex: 1000.0
  solar_opex: 10
  solar_lifetime: 20
  carbon_price: 1.0
timeseries_values:
  load_level: 262258.3682715532
  wind_year: 2015
  solar_year: 2016
  price_year: 2023
  carbon_year: 2023
storage_values:
  CAES:
    cost: 46.0827
    lifetime: 26.8491
    annual_cost: 1.7163592075712035
    efficiency: 0.602461
    discharge_ratio: 0.1
    depth_of_discharge: 0.4
  Li-ion:
    cost: 242.518
    lifetime: 26.314
    annual_cost: 9.216310709128221
    efficiency: 0.929989
    discharge_ratio: 2
    depth_of_discharge: 0.9
  Pb-acid:
    cost: 126.411
    lifetime: 14.4524
    annual_cost: 8.746713348647974
    efficiency: 0.739822
    discharge_ratio: 5
    depth_of_discharge: 0.5
  VRBF:
    cost: 286.937
    lifetime: 25.0238
    annual_cost: 11.466563831232666
    efficiency: 0.797942
    discharge_ratio: 0.5
    depth_of_discharge: 1.0
