cost_values:
  wind_capex: 5000.0
  wind_opex: 100
  wind_lifetime: 20
  solar_capex: 1000.0
  solar_opex: 10
  solar_lifetime: 20
  carbon_price: 1.0
timeseries_values:
  load_level: 262258.3682715532
  wind_year: 2015
  solar_year: 2016
  price_year: 2023
  carbon_year: 2023
storage_values:
  CAES:
    cost: 44.5418
    lifetime: 26.2002
    annual_cost: 1.70005572476546
    efficiency: 0.609559
    discharge_ratio: 0.1
    depth_of_discharge: 0.4
  Li-ion:
    cost: 264.511
    lifetime: 26.1572
    annual_cost: 10.112359121006836
    efficiency: 0.928886
    discharge_ratio: 2
    depth_of_discharge: 0.9
  Pb-acid:
    cost: 167.041
    lifetime: 14.1837
    annual_cost: 11.776969338042965
    efficiency: 0.733529
    discharge_ratio: 5
    depth_of_discharge: 0.5
  VRBF:
    cost: 289.076
    lifetime: 23.6268
    annual_cost: 12.235088966766554
    efficiency: 0.788695
    discharge_ratio: 0.5
    depth_of_discharge: 1.0
