cost_values:
  wind_capex: 5000.0
  wind_opex: 100
  wind_lifetime: 20
  solar_capex: 1000.0
  solar_opex: 10
  solar_lifetime: 20
  carbon_price: 1.0
timeseries_values:
  load_level: 262258.3682715532
  wind_year: 2015
  solar_year: 2016
  price_year: 2023
  carbon_year: 2023
storage_values:
  CAES:
    cost: 44.6574
    lifetime: 25.7266
    annual_cost: 1.7358453895967598
    efficiency: 0.605138
    discharge_ratio: 0.1
    depth_of_discharge: 0.4
  Li-ion:
    cost: 253.301
    lifetime: 28.4323
    annual_cost: 8.908916971191214
    efficiency: 0.947611
    discharge_ratio: 2
    depth_of_discharge: 0.9
  Pb-acid:
    cost: 135.919
    lifetime: 13.9837
    annual_cost: 9.719816643663695
    efficiency: 0.738801
    discharge_ratio: 5
    depth_of_discharge: 0.5
  VRBF:
    cost: 332.089
    lifetime: 27.3853
    annual_cost: 12.126542342059425
    efficiency: 0.787466
    discharge_ratio: 0.5
    depth_of_discharge: 1.0
