cost_values:
  wind_capex: 5000.0
  wind_opex: 100
  wind_lifetime: 20
  solar_capex: 1000.0
  solar_opex: 10
  solar_lifetime: 20
  carbon_price: 1.0
timeseries_values:
  load_level: 262258.3682715532
  wind_year: 2015
  solar_year: 2016
  price_year: 2023
  carbon_year: 2023
storage_values:
  CAES:
    cost: 46.2175
    lifetime: 26.6502
    annual_cost: 1.7342271352560206
    efficiency: 0.605488
    discharge_ratio: 0.1
    depth_of_discharge: 0.4
  Li-ion:
    cost: 260.406
    lifetime: 28.2268
    annual_cost: 9.225487834256805
    efficiency: 0.943789
    discharge_ratio: 2
    depth_of_discharge: 0.9
  Pb-acid:
    cost: 125.128
    lifetime: 15.5687
    annual_cost: 8.037151464155645
    efficiency: 0.742885
    discharge_ratio: 5
    depth_of_discharge: 0.5
  VRBF:
    cost: 321.391
    lifetime: 23.8548
    annual_cost: 13.472802119489579
    efficiency: 0.752206
    discharge_ratio: 0.5
    depth_of_discharge: 1.0
