cost_values:
  wind_capex: 5000.0
  wind_opex: 100
  wind_lifetime: 20
  solar_capex: 1000.0
  solar_opex: 10
  solar_lifetime: 20
  carbon_price: 1.0
timeseries_values:
  load_level: 262258.3682715532
  wind_year: 2015
  solar_year: 2016
  price_year: 2023
  carbon_year: 2023
storage_values:
  CAES:
    cost: 39.4516
    lifetime: 27.4101
    annual_cost: 1.439308867899059
    efficiency: 0.604552
    discharge_ratio: 0.1
    depth_of_discharge: 0.4
  Li-ion:
    cost: 254.001
    lifetime: 28.497
    annual_cost: 8.913254026739658
    efficiency: 0.941046
    discharge_ratio: 2
    depth_of_discharge: 0.9
  Pb-acid:
    cost: 141.136
    lifetime: 14.9553
    annual_cost: 9.437189491350892
    efficiency: 0.733693
    discharge_ratio: 5
    depth_of_discharge: 0.5
  VRBF:
    cost: 326.153
    lifetime: 22.9545
    annual_cost: 14.208673680541942
    efficiency: 0.794173
    discharge_ratio: 0.5
    depth_of_discharge: 1.0
