cost_values:
  wind_capex: 5000.0
  wind_opex: 100
  wind_lifetime: 20
  solar_capex: 1000.0
  solar_opex: 10
  solar_lifetime: 20
  carbon_price: 1.0
timeseries_values:
  load_level: 262258.3682715532
  wind_year: 2015
  solar_year: 2016
  price_year: 2023
  carbon_year: 2023
storage_values:
  CAES:
    cost: 40.8141
    lifetime: 26.1381
    annual_cost: 1.5614792199892111
    efficiency: 0.610418
    discharge_ratio: 0.1
    depth_of_discharge: 0.4
  Li-ion:
    cost: 246.242
    lifetime: 28.9379
    annual_cost: 8.509325141077964
    efficiency: 0.938171
    discharge_ratio: 2
    depth_of_discharge: 0.9
  Pb-acid:
    cost: 135.217
    lifetime: 14.4617
    annual_cost: 9.350007260557197
    efficiency: 0.753099
    discharge_ratio: 5
    depth_of_discharge: 0.5
  VRBF:
    cost: 286.299
    lifetime: 21.9071
    annual_cost: 13.068776789260102
    efficiency: 0.779
    discharge_ratio: 0.5
    depth_of_discharge: 1.0
