cost_values:
  wind_capex: 5000.0
  wind_opex: 100
  wind_lifetime: 20
  solar_capex: 1000.0
  solar_opex: 10
  solar_lifetime: 20
  carbon_price: 1.0
timeseries_values:
  load_level: 262258.3682715532
  wind_year: 2015
  solar_year: 2016
  price_year: 2023
  carbon_year: 2023
storage_values:
  CAES:
    cost: 43.4218
    lifetime: 26.4306
    annual_cost: 1.642860926350518
    efficiency: 0.612876
    discharge_ratio: 0.1
    depth_of_discharge: 0.4
  Li-ion:
    cost: 254.501
    lifetime: 27.0369
    annual_cost: 9.41309839515625
    efficiency: 0.935479
    discharge_ratio: 2
    depth_of_discharge: 0.9
  Pb-acid:
    cost: 117.479
    lifetime: 14.8998
    annual_cost: 7.8846024778856085
    efficiency: 0.734052
    discharge_ratio: 5
    depth_of_discharge: 0.5
  VRBF:
    cost: 309.083
    lifetime: 22.3389
    annual_cost: 13.836088616717925
    efficiency: 0.795658
    discharge_ratio: 0.5
    depth_of_discharge: 1.0
