cost_values:
  wind_capex: 5000.0
  wind_opex: 100
  wind_lifetime: 20
  solar_capex: 1000.0
  solar_opex: 10
  solar_lifetime: 20
  carbon_price: 1.0
timeseries_values:
  load_level: 262258.3682715532
  wind_year: 2015
  solar_year: 2016
  price_year: 2023
  carbon_year: 2023
storage_values:
  CAES:
    cost: 46.2026
    lifetime: 25.7845
    annual_cost: 1.7918749636409468
    efficiency: 0.61581
    discharge_ratio: 0.1
    depth_of_discharge: 0.4
  Li-ion:
    cost: 261.405
    lifetime: 24.173
    annual_cost: 10.813924626649568
    efficiency: 0.947362
    discharge_ratio: 2
    depth_of_discharge: 0.9
  Pb-acid:
    cost: 140.758
    lifetime: 13.9719
    annual_cost: 10.0743635439704
    efficiency: 0.752306
    discharge_ratio: 5
    depth_of_discharge: 0.5
  VRBF:
    cost: 307.895
    lifetime: 24.3795
    annual_cost: 12.629258188231915
    efficiency: 0.775673
    discharge_ratio: 0.5
    depth_of_discharge: 1.0
