cost_values:
  wind_capex: 5000.0
  wind_opex: 100
  wind_lifetime: 20
  solar_capex: 1000.0
  solar_opex: 10
  solar_lifetime: 20
  carbon_price: 1.0
timeseries_values:
  load_level: 262258.3682715532
  wind_year: 2015
  solar_year: 2016
  price_year: 2023
  carbon_year: 2023
storage_values:
  CAES:
    cost: 47.2566
    lifetime: 27.1183
    annual_cost: 1.7426092343546606
    efficiency: 0.603874
    discharge_ratio: 0.1
    depth_of_discharge: 0.4
  Li-ion:
    cost: 275.627
    lifetime: 24.3993
    annual_cost: 11.296512604869813
    efficiency: 0.938419
    discharge_ratio: 2
    depth_of_discharge: 0.9
  Pb-acid:
    cost: 141.668
    lifetime: 14.3094
    annual_cost: 9.900345227612618
    efficiency: 0.718295
    discharge_ratio: 5
    depth_of_discharge: 0.5
  VRBF:
    cost: 315.25
    lifetime: 22.8494
    annual_cost: 13.796861186727003
    efficiency: 0.784858
    discharge_ratio: 0.5
    depth_of_discharge: 1.0
