cost_values:
  wind_capex: 5000.0
  wind_opex: 100
  wind_lifetime: 20
  solar_capex: 1000.0
  solar_opex: 10
  solar_lifetime: 20
  carbon_price: 1.0
timeseries_values:
  load_level: 262258.3682715532
  wind_year: 2015
  solar_year: 2016
  price_year: 2023
  carbon_year: 2023
storage_values:
  CAES:
    cost: 45.6175
    lifetime: 26.2856
    annual_cost: 1.7354559150257176
    efficiency: 0.605889
    discharge_ratio: 0.1
    depth_of_discharge: 0.4
  Li-ion:
    cost: 258.419
    lifetime: 25.763
    annual_cost: 10.030625315374762
    efficiency: 0.931114
    discharge_ratio: 2
    depth_of_discharge: 0.9
  Pb-acid:
    cost: 160.959
    lifetime: 14.6342
    annual_cost: 10.998824670976207
    efficiency: 0.737634
    discharge_ratio: 5
    depth_of_discharge: 0.5
  VRBF:
    cost: 282.422
    lifetime: 22.7671
    annual_cost: 12.404829776300014
    efficiency: 0.776847
    discharge_ratio: 0.5
    depth_of_discharge: 1.0
