cost_values:
  wind_capex: 5000.0
  wind_opex: 100
  wind_lifetime: 20
  solar_capex: 1000.0
  solar_opex: 10
  solar_lifetime: 20
  carbon_price: 1.0
timeseries_values:
  load_level: 262258.3682715532
  wind_year: 2015
  solar_year: 2016
  price_year: 2023
  carbon_year: 2023
storage_values:
  CAES:
    cost: 40.8669
    lifetime: 26.4012
    annual_cost: 1.54791827644198
    efficiency: 0.612695
    discharge_ratio: 0.1
    depth_of_discharge: 0.4
  Li-ion:
    cost: 268.469
    lifetime: 25.7109
    annual_cost: 10.441835952844903
    efficiency: 0.944146
    discharge_ratio: 2
    depth_of_discharge: 0.9
  Pb-acid:
    cost: 141.943
    lifetime: 14.9805
    annual_cost: 9.475184406394982
    efficiency: 0.739208
    discharge_ratio: 5
    depth_of_discharge: 0.5
  VRBF:
    cost: 282.356
    lifetime: 24.4584
    annual_cost: 11.544336506067445
    efficiency: 0.800421
    discharge_ratio: 0.5
    depth_of_discharge: 1.0
