cost_values:
  wind_capex: 5000.0
  wind_opex: 100
  wind_lifetime: 20
  solar_capex: 1000.0
  solar_opex: 10
  solar_lifetime: 20
  carbon_price: 1.0
timeseries_values:
  load_level: 262258.3682715532
  wind_year: 2015
  solar_year: 2016
  price_year: 2023
  carbon_year: 2023
storage_values:
  CAES:
    cost: 44.5039
    lifetime: 27.2531
    annual_cost: 1.6329848714458173
    efficiency: 0.605031
    discharge_ratio: 0.1
    depth_of_discharge: 0.4
  Li-ion:
    cost: 251.427
    lifetime: 27.5727
    annual_cost: 9.118693490300188
    efficiency: 0.95465
    discharge_ratio: 2
    depth_of_discharge: 0.9
  Pb-acid:
    cost: 126.636
    lifetime: 15.5116
    annual_cost: 8.163954717759612
    efficiency: 0.734803
    discharge_ratio: 5
    depth_of_discharge: 0.5
  VRBF:
    cost: 311.893
    lifetime: 22.2785
    annual_cost: 13.999730682047712
    efficiency: 0.787042
    discharge_ratio: 0.5
    depth_of_discharge: 1.0
