cost_values:
  wind_capex: 5000.0
  wind_opex: 100
  wind_lifetime: 20
  solar_capex: 1000.0
  solar_opex: 10
  solar_lifetime: 20
  carbon_price: 1.0
timeseries_values:
  load_level: 262258.3682715532
  wind_year: 2015
  solar_year: 2016
  price_year: 2023
  carbon_year: 2023
storage_values:
  CAES:
    cost: 45.675
    lifetime: 27.5054
    annual_cost: 1.6605830127902155
    efficiency: 0.60554
    discharge_ratio: 0.1
    depth_of_discharge: 0.4
  Li-ion:
    cost: 255.062
    lifetime: 24.4206
    annual_cost: 10.44454272212804
    efficiency: 0.942927
    discharge_ratio: 2
    depth_of_discharge: 0.9
  Pb-acid:
    cost: 139.829
    lifetime: 13.9689
    annual_cost: 10.01002226374303
    efficiency: 0.730287
    discharge_ratio: 5
    depth_of_discharge: 0.5
  VRBF:
    cost: 295.055
    lifetime: 24.1809
    annual_cost: 12.201985864876823
    efficiency: 0.795874
    discharge_ratio: 0.5
    depth_of_discharge: 1.0
