cost_values:
  wind_capex: 5000.0
  wind_opex: 100
  wind_lifetime: 20
  solar_capex: 1000.0
  solar_opex: 10
  solar_lifetime: 20
  carbon_price: 1.0
timeseries_values:
  load_level: 262258.3682715532
  wind_year: 2015
  solar_year: 2016
  price_year: 2023
  carbon_year: 2023
storage_values:
  CAES:
    cost: 45.5333
    lifetime: 26.8113
    annual_cost: 1.6982876622916456
    efficiency: 0.617657
    discharge_ratio: 0.1
    depth_of_discharge: 0.4
  Li-ion:
    cost: 272.406
    lifetime: 26.5963
    annual_cost: 10.242251741783631
    efficiency: 0.944339
    discharge_ratio: 2
    depth_of_discharge: 0.9
  Pb-acid:
    cost: 130.279
    lifetime: 14.7002
    annual_cost: 8.862396429980544
    efficiency: 0.745109
    discharge_ratio: 5
    depth_of_discharge: 0.5
  VRBF:
    cost: 317.816
    lifetime: 24.7466
    annual_cost: 12.842814770513927
    efficiency: 0.765735
    discharge_ratio: 0.5
    depth_of_discharge: 1.0
