cost_values:
  wind_capex: 5000.0
  wind_opex: 100
  wind_lifetime: 20
  solar_capex: 1000.0
  solar_opex: 10
  solar_lifetime: 20
  carbon_price: 1.0
timeseries_values:
  load_level: 262258.3682715532
  wind_year: 2015
  solar_year: 2016
  price_year: 2023
  carbon_year: 2023
storage_values:
  CAES:
    cost: 50.2881
    lifetime: 26.7915
    annual_cost: 1.8770169643357035
    efficiency: 0.605813
    discharge_ratio: 0.1
    depth_of_discharge: 0.4
  Li-ion:
    cost: 250.438
    lifetime: 26.5814
    annual_cost: 9.42155040742775
    efficiency: 0.949442
    discharge_ratio: 2
    depth_of_discharge: 0.9
  Pb-acid:
    cost: 143.693
    lifetime: 15.0447
    annual_cost: 9.551071141332164
    efficiency: 0.743364
    discharge_ratio: 5
    depth_of_discharge: 0.5
  VRBF:
    cost: 320.466
    lifetime: 22.4886
    annual_cost: 14.250153411061603
    efficiency: 0.771068
    discharge_ratio: 0.5
    depth_of_discharge: 1.0
