cost_values:
  wind_capex: 5000.0
  wind_opex: 100
  wind_lifetime: 20
  solar_capex: 1000.0
  solar_opex: 10
  solar_lifetime: 20
  carbon_price: 1.0
timeseries_values:
  load_level: 262258.3682715532
  wind_year: 2015
  solar_year: 2016
  price_year: 2023
  carbon_year: 2023
storage_values:
  CAES:
    cost: 40.4175
    lifetime: 26.5062
    annual_cost: 1.5248319261153993
    efficiency: 0.604916
    discharge_ratio: 0.1
    depth_of_discharge: 0.4
  Li-ion:
    cost: 267.311
    lifetime: 26.8812
    annual_cost: 9.944161718970879
    efficiency: 0.948613
    discharge_ratio: 2
    depth_of_discharge: 0.9
  Pb-acid:
    cost: 133.538
    lifetime: 14.8567
    annual_cost: 8.988402538921834
    efficiency: 0.725297
    discharge_ratio: 5
    depth_of_discharge: 0.5
  VRBF:
    cost: 315.156
    lifetime: 21.8168
    annual_cost: 14.445564885776099
    efficiency: 0.799368
    discharge_ratio: 0.5
    depth_of_discharge: 1.0
