cost_values:
  wind_capex: 5000.0
  wind_opex: 100
  wind_lifetime: 20
  solar_capex: 1000.0
  solar_opex: 10
  solar_lifetime: 20
  carbon_price: 1.0
timeseries_values:
  load_level: 262258.3682715532
  wind_year: 2015
  solar_year: 2016
  price_year: 2023
  carbon_year: 2023
storage_values:
  CAES:
    cost: 45.8365
    lifetime: 26.4853
    annual_cost: 1.730639260268904
    efficiency: 0.608007
    discharge_ratio: 0.1
    depth_of_discharge: 0.4
  Li-ion:
    cost: 273.865
    lifetime: 28.4373
    annual_cost: 9.630485313303302
    efficiency: 0.933597
    discharge_ratio: 2
    depth_of_discharge: 0.9
  Pb-acid:
    cost: 133.658
    lifetime: 15.8845
    annual_cost: 8.414366206049923
    efficiency: 0.721318
    discharge_ratio: 5
    depth_of_discharge: 0.5
  VRBF:
    cost: 316.488
    lifetime: 23.384
    annual_cost: 13.534382483749573
    efficiency: 0.805617
    discharge_ratio: 0.5
    depth_of_discharge: 1.0
