cost_values:
  wind_capex: 5000.0
  wind_opex: 100
  wind_lifetime: 20
  solar_capex: 1000.0
  solar_opex: 10
  solar_lifetime: 20
  carbon_price: 1.0
timeseries_values:
  load_level: 262258.3682715532
  wind_year: 2015
  solar_year: 2016
  price_year: 2023
  carbon_year: 2023
storage_values:
  CAES:
    cost: 53.4061
    lifetime: 26.8586
    annual_cost: 1.988417117794673
    efficiency: 0.618522
    discharge_ratio: 0.1
    depth_of_discharge: 0.4
  Li-ion:
    cost: 265.606
    lifetime: 25.9861
    annual_cost: 10.221079731087004
    efficiency: 0.935251
    discharge_ratio: 2
    depth_of_discharge: 0.9
  Pb-acid:
    cost: 138.321
    lifetime: 14.2669
    annual_cost: 9.695238629274755
    efficiency: 0.733194
    discharge_ratio: 5
    depth_of_discharge: 0.5
  VRBF:
    cost: 291.612
    lifetime: 24.203
    annual_cost: 12.048589017890345
    efficiency: 0.779007
    discharge_ratio: 0.5
    depth_of_discharge: 1.0
