cost_values:
  wind_capex: 5000.0
  wind_opex: 100
  wind_lifetime: 20
  solar_capex: 1000.0
  solar_opex: 10
  solar_lifetime: 20
  carbon_price: 1.0
timeseries_values:
  load_level: 262258.3682715532
  wind_year: 2015
  solar_year: 2016
  price_year: 2023
  carbon_year: 2023
storage_values:
  CAES:
    cost: 44.5504
    lifetime: 25.8783
    annual_cost: 1.721535031281035
    efficiency: 0.614405
    discharge_ratio: 0.1
    depth_of_discharge: 0.4
  Li-ion:
    cost: 242.921
    lifetime: 26.9175
    annual_cost: 9.0246493916597
    efficiency: 0.94696
    discharge_ratio: 2
    depth_of_discharge: 0.9
  Pb-acid:
    cost: 125.387
    lifetime: 14.9681
    annual_cost: 8.376948310072756
    efficiency: 0.729436
    discharge_ratio: 5
    depth_of_discharge: 0.5
  VRBF:
    cost: 265.163
    lifetime: 23.115
    annual_cost: 11.47146874324032
    efficiency: 0.801556
    discharge_ratio: 0.5
    depth_of_discharge: 1.0
