cost_values:
  wind_capex: 5000.0
  wind_opex: 100
  wind_lifetime: 20
  solar_capex: 1000.0
  solar_opex: 10
  solar_lifetime: 20
  carbon_price: 1.0
timeseries_values:
  load_level: 262258.3682715532
  wind_year: 2015
  solar_year: 2016
  price_year: 2023
  carbon_year: 2023
storage_values:
  CAES:
    cost: 39.829
    lifetime: 25.9879
    annual_cost: 1.532597862851558
    efficiency: 0.606376
    discharge_ratio: 0.1
    depth_of_discharge: 0.4
  Li-ion:
    cost: 258.22
    lifetime: 26.584
    annual_cost: 9.71336142040325
    efficiency: 0.944522
    discharge_ratio: 2
    depth_of_discharge: 0.9
  Pb-acid:
    cost: 149.988
    lifetime: 12.8921
    annual_cost: 11.634101504021844
    efficiency: 0.727082
    discharge_ratio: 5
    depth_of_discharge: 0.5
  VRBF:
    cost: 287.051
    lifetime: 22.2535
    annual_cost: 12.89913946120835
    efficiency: 0.808666
    discharge_ratio: 0.5
    depth_of_discharge: 1.0
