cost_values:
  wind_capex: 5000.0
  wind_opex: 100
  wind_lifetime: 20
  solar_capex: 1000.0
  solar_opex: 10
  solar_lifetime: 20
  carbon_price: 1.0
timeseries_values:
  load_level: 262258.3682715532
  wind_year: 2015
  solar_year: 2016
  price_year: 2023
  carbon_year: 2023
storage_values:
  CAES:
    cost: 52.8853
    lifetime: 25.5174
    annual_cost: 2.072519143799917
    efficiency: 0.602885
    discharge_ratio: 0.1
    depth_of_discharge: 0.4
  Li-ion:
    cost: 246.94
    lifetime: 26.9398
    annual_cost: 9.166363521629707
    efficiency: 0.945448
    discharge_ratio: 2
    depth_of_discharge: 0.9
  Pb-acid:
    cost: 144.402
    lifetime: 17.3333
    annual_cost: 8.330900636347376
    efficiency: 0.73323
    discharge_ratio: 5
    depth_of_discharge: 0.5
  VRBF:
    cost: 303.569
    lifetime: 22.5735
    annual_cost: 13.448025339446698
    efficiency: 0.791113
    discharge_ratio: 0.5
    depth_of_discharge: 1.0
