cost_values:
  wind_capex: 5000.0
  wind_opex: 100
  wind_lifetime: 20
  solar_capex: 1000.0
  solar_opex: 10
  solar_lifetime: 20
  carbon_price: 1.0
timeseries_values:
  load_level: 262258.3682715532
  wind_year: 2015
  solar_year: 2016
  price_year: 2023
  carbon_year: 2023
storage_values:
  CAES:
    cost: 44.9693
    lifetime: 25.9572
    annual_cost: 1.7324403248424327
    efficiency: 0.610019
    discharge_ratio: 0.1
    depth_of_discharge: 0.4
  Li-ion:
    cost: 247.487
    lifetime: 25.1308
    annual_cost: 9.84795549684053
    efficiency: 0.945311
    discharge_ratio: 2
    depth_of_discharge: 0.9
  Pb-acid:
    cost: 120.735
    lifetime: 12.9592
    annual_cost: 9.316547317735663
    efficiency: 0.73279
    discharge_ratio: 5
    depth_of_discharge: 0.5
  VRBF:
    cost: 291.151
    lifetime: 22.1244
    annual_cost: 13.159724105512465
    efficiency: 0.78824
    discharge_ratio: 0.5
    depth_of_discharge: 1.0
