cost_values:
  wind_capex: 5000.0
  wind_opex: 100
  wind_lifetime: 20
  solar_capex: 1000.0
  solar_opex: 10
  solar_lifetime: 20
  carbon_price: 1.0
timeseries_values:
  load_level: 262258.3682715532
  wind_year: 2015
  solar_year: 2016
  price_year: 2023
  carbon_year: 2023
storage_values:
  CAES:
    cost: 46.5688
    lifetime: 26.921
    annual_cost: 1.7298317298763048
    efficiency: 0.601309
    discharge_ratio: 0.1
    depth_of_discharge: 0.4
  Li-ion:
    cost: 249.246
    lifetime: 26.8155
    annual_cost: 9.294848128880686
    efficiency: 0.924686
    discharge_ratio: 2
    depth_of_discharge: 0.9
  Pb-acid:
    cost: 127.439
    lifetime: 15.9337
    annual_cost: 7.998079542102587
    efficiency: 0.735532
    discharge_ratio: 5
    depth_of_discharge: 0.5
  VRBF:
    cost: 308.161
    lifetime: 24.4325
    annual_cost: 12.612749411644327
    efficiency: 0.790252
    discharge_ratio: 0.5
    depth_of_discharge: 1.0
