cost_values:
  wind_capex: 5000.0
  wind_opex: 100
  wind_lifetime: 20
  solar_capex: 1000.0
  solar_opex: 10
  solar_lifetime: 20
  carbon_price: 1.0
timeseries_values:
  load_level: 262258.3682715532
  wind_year: 2015
  solar_year: 2016
  price_year: 2023
  carbon_year: 2023
storage_values:
  CAES:
    cost: 42.3118
    lifetime: 26.6219
    annual_cost: 1.5893606391730115
    efficiency: 0.609278
    discharge_ratio: 0.1
    depth_of_discharge: 0.4
  Li-ion:
    cost: 243.83
    lifetime: 26.4495
    annual_cost: 9.218699786385375
    efficiency: 0.944329
    discharge_ratio: 2
    depth_of_discharge: 0.9
  Pb-acid:
    cost: 140.93
    lifetime: 16.8083
    annual_cost: 8.384548110159862
    efficiency: 0.743007
    discharge_ratio: 5
    depth_of_discharge: 0.5
  VRBF:
    cost: 292.639
    lifetime: 22.9713
    annual_cost: 12.739331252475916
    efficiency: 0.792628
    discharge_ratio: 0.5
    depth_of_discharge: 1.0
