cost_values:
  wind_capex: 5000.0
  wind_opex: 100
  wind_lifetime: 20
  solar_capex: 1000.0
  solar_opex: 10
  solar_lifetime: 20
  carbon_price: 1.0
timeseries_values:
  load_level: 262258.3682715532
  wind_year: 2015
  solar_year: 2016
  price_year: 2023
  carbon_year: 2023
storage_values:
  CAES:
    cost: 47.3852
    lifetime: 26.3367
    annual_cost: 1.7992079493634356
    efficiency: 0.60858
    discharge_ratio: 0.1
    depth_of_discharge: 0.4
  Li-ion:
    cost: 245.465
    lifetime: 26.8417
    annual_cost: 9.14491258005268
    efficiency: 0.941583
    discharge_ratio: 2
    depth_of_discharge: 0.9
  Pb-acid:
    cost: 137.073
    lifetime: 14.2767
    annual_cost: 9.601168337220788
    efficiency: 0.747679
    discharge_ratio: 5
    depth_of_discharge: 0.5
  VRBF:
    cost: 305.237
    lifetime: 22.0444
    annual_cost: 13.846464408194374
    efficiency: 0.793659
    discharge_ratio: 0.5
    depth_of_discharge: 1.0
