cost_values:
  wind_capex: 5000.0
  wind_opex: 100
  wind_lifetime: 20
  solar_capex: 1000.0
  solar_opex: 10
  solar_lifetime: 20
  carbon_price: 1.0
timeseries_values:
  load_level: 262258.3682715532
  wind_year: 2015
  solar_year: 2016
  price_year: 2023
  carbon_year: 2023
storage_values:
  CAES:
    cost: 47.9743
    lifetime: 27.3511
    annual_cost: 1.7540172058893426
    efficiency: 0.606849
    discharge_ratio: 0.1
    depth_of_discharge: 0.4
  Li-ion:
    cost: 249.154
    lifetime: 26.8438
    annual_cost: 9.281621827014058
    efficiency: 0.950931
    discharge_ratio: 2
    depth_of_discharge: 0.9
  Pb-acid:
    cost: 125.614
    lifetime: 15.3273
    annual_cost: 8.195442119616633
    efficiency: 0.727832
    discharge_ratio: 5
    depth_of_discharge: 0.5
  VRBF:
    cost: 297.135
    lifetime: 23.3812
    annual_cost: 12.708286999811815
    efficiency: 0.76666
    discharge_ratio: 0.5
    depth_of_discharge: 1.0
