cost_values:
  wind_capex: 5000.0
  wind_opex: 100
  wind_lifetime: 20
  solar_capex: 1000.0
  solar_opex: 10
  solar_lifetime: 20
  carbon_price: 1.0
timeseries_values:
  load_level: 262258.3682715532
  wind_year: 2015
  solar_year: 2016
  price_year: 2023
  carbon_year: 2023
storage_values:
  CAES:
    cost: 47.0042
    lifetime: 26.842
    annual_cost: 1.7511437299754116
    efficiency: 0.620441
    discharge_ratio: 0.1
    depth_of_discharge: 0.4
  Li-ion:
    cost: 256.531
    lifetime: 27.3087
    annual_cost: 9.393746315276816
    efficiency: 0.924626
    discharge_ratio: 2
    depth_of_discharge: 0.9
  Pb-acid:
    cost: 149.932
    lifetime: 14.6969
    annual_cost: 10.201607141642114
    efficiency: 0.739747
    discharge_ratio: 5
    depth_of_discharge: 0.5
  VRBF:
    cost: 302.103
    lifetime: 23.8109
    annual_cost: 12.687592657144418
    efficiency: 0.794268
    discharge_ratio: 0.5
    depth_of_discharge: 1.0
