cost_values:
  wind_capex: 5000.0
  wind_opex: 100
  wind_lifetime: 20
  solar_capex: 1000.0
  solar_opex: 10
  solar_lifetime: 20
  carbon_price: 1.0
timeseries_values:
  load_level: 262258.3682715532
  wind_year: 2015
  solar_year: 2016
  price_year: 2023
  carbon_year: 2023
storage_values:
  CAES:
    cost: 48.0822
    lifetime: 26.1727
    annual_cost: 1.8371127166857069
    efficiency: 0.608772
    discharge_ratio: 0.1
    depth_of_discharge: 0.4
  Li-ion:
    cost: 265.917
    lifetime: 27.5806
    annual_cost: 9.641450874890321
    efficiency: 0.944246
    discharge_ratio: 2
    depth_of_discharge: 0.9
  Pb-acid:
    cost: 158.139
    lifetime: 14.5734
    annual_cost: 10.851208365926963
    efficiency: 0.724963
    discharge_ratio: 5
    depth_of_discharge: 0.5
  VRBF:
    cost: 296.362
    lifetime: 21.1592
    annual_cost: 14.006295134031534
    efficiency: 0.805363
    discharge_ratio: 0.5
    depth_of_discharge: 1.0
