cost_values:
  wind_capex: 5000.0
  wind_opex: 100
  wind_lifetime: 20
  solar_capex: 1000.0
  solar_opex: 10
  solar_lifetime: 20
  carbon_price: 1.0
timeseries_values:
  load_level: 262258.3682715532
  wind_year: 2015
  solar_year: 2016
  price_year: 2023
  carbon_year: 2023
storage_values:
  CAES:
    cost: 47.9162
    lifetime: 25.8814
    annual_cost: 1.851375891566917
    efficiency: 0.612036
    discharge_ratio: 0.1
    depth_of_discharge: 0.4
  Li-ion:
    cost: 267.011
    lifetime: 25.7014
    annual_cost: 10.388967137976922
    efficiency: 0.917446
    discharge_ratio: 2
    depth_of_discharge: 0.9
  Pb-acid:
    cost: 131.433
    lifetime: 14.1064
    annual_cost: 9.317260250666363
    efficiency: 0.735394
    discharge_ratio: 5
    depth_of_discharge: 0.5
  VRBF:
    cost: 317.98
    lifetime: 20.6915
    annual_cost: 15.367663050044705
    efficiency: 0.776033
    discharge_ratio: 0.5
    depth_of_discharge: 1.0
