cost_values:
  wind_capex: 5000.0
  wind_opex: 100
  wind_lifetime: 20
  solar_capex: 1000.0
  solar_opex: 10
  solar_lifetime: 20
  carbon_price: 1.0
timeseries_values:
  load_level: 262258.3682715532
  wind_year: 2015
  solar_year: 2016
  price_year: 2023
  carbon_year: 2023
storage_values:
  CAES:
    cost: 43.604
    lifetime: 26.5645
    annual_cost: 1.6414387622579005
    efficiency: 0.604342
    discharge_ratio: 0.1
    depth_of_discharge: 0.4
  Li-ion:
    cost: 250.027
    lifetime: 25.9999
    annual_cost: 9.616460063307935
    efficiency: 0.935739
    discharge_ratio: 2
    depth_of_discharge: 0.9
  Pb-acid:
    cost: 139.929
    lifetime: 15.3748
    annual_cost: 9.101191560215417
    efficiency: 0.733997
    discharge_ratio: 5
    depth_of_discharge: 0.5
  VRBF:
    cost: 285.531
    lifetime: 22.5708
    annual_cost: 12.65045988622468
    efficiency: 0.785775
    discharge_ratio: 0.5
    depth_of_discharge: 1.0
