cost_values:
  wind_capex: 5000.0
  wind_opex: 100
  wind_lifetime: 20
  solar_capex: 1000.0
  solar_opex: 10
  solar_lifetime: 20
  carbon_price: 1.0
timeseries_values:
  load_level: 262258.3682715532
  wind_year: 2015
  solar_year: 2016
  price_year: 2023
  carbon_year: 2023
storage_values:
  CAES:
    cost: 46.1491
    lifetime: 26.5413
    annual_cost: 1.7387656218798626
    efficiency: 0.606239
    discharge_ratio: 0.1
    depth_of_discharge: 0.4
  Li-ion:
    cost: 256.023
    lifetime: 28.6209
    annual_cost: 8.945316185025629
    efficiency: 0.951196
    discharge_ratio: 2
    depth_of_discharge: 0.9
  Pb-acid:
    cost: 138.951
    lifetime: 15.4208
    annual_cost: 9.010622017015978
    efficiency: 0.741599
    discharge_ratio: 5
    depth_of_discharge: 0.5
  VRBF:
    cost: 322.018
    lifetime: 23.6826
    annual_cost: 13.59724016788697
    efficiency: 0.791698
    discharge_ratio: 0.5
    depth_of_discharge: 1.0
