cost_values:
  wind_capex: 5000.0
  wind_opex: 100
  wind_lifetime: 20
  solar_capex: 1000.0
  solar_opex: 10
  solar_lifetime: 20
  carbon_price: 1.0
timeseries_values:
  load_level: 262258.3682715532
  wind_year: 2015
  solar_year: 2016
  price_year: 2023
  carbon_year: 2023
storage_values:
  CAES:
    cost: 48.1606
    lifetime: 26.978
    annual_cost: 1.78518051745867
    efficiency: 0.609829
    discharge_ratio: 0.1
    depth_of_discharge: 0.4
  Li-ion:
    cost: 257.994
    lifetime: 25.6005
    annual_cost: 10.077693795043066
    efficiency: 0.948962
    discharge_ratio: 2
    depth_of_discharge: 0.9
  Pb-acid:
    cost: 159.131
    lifetime: 15.275
    annual_cost: 10.417741407528641
    efficiency: 0.737128
    discharge_ratio: 5
    depth_of_discharge: 0.5
  VRBF:
    cost: 322.258
    lifetime: 22.2163
    annual_cost: 14.50547570927652
    efficiency: 0.798828
    discharge_ratio: 0.5
    depth_of_discharge: 1.0
