cost_values:
  wind_capex: 5000.0
  wind_opex: 100
  wind_lifetime: 20
  solar_capex: 1000.0
  solar_opex: 10
  solar_lifetime: 20
  carbon_price: 1.0
timeseries_values:
  load_level: 262258.3682715532
  wind_year: 2015
  solar_year: 2016
  price_year: 2023
  carbon_year: 2023
storage_values:
  CAES:
    cost: 48.6578
    lifetime: 26.8394
    annual_cost: 1.812924282957145
    efficiency: 0.609022
    discharge_ratio: 0.1
    depth_of_discharge: 0.4
  Li-ion:
    cost: 236.109
    lifetime: 28.1907
    annual_cost: 8.375421681618407
    efficiency: 0.953452
    discharge_ratio: 2
    depth_of_discharge: 0.9
  Pb-acid:
    cost: 153.535
    lifetime: 13.8681
    annual_cost: 11.071091209322113
    efficiency: 0.73121
    discharge_ratio: 5
    depth_of_discharge: 0.5
  VRBF:
    cost: 309.266
    lifetime: 24.7513
    annual_cost: 12.494939659735044
    efficiency: 0.792854
    discharge_ratio: 0.5
    depth_of_discharge: 1.0
