cost_values:
  wind_capex: 5000.0
  wind_opex: 100
  wind_lifetime: 20
  solar_capex: 1000.0
  solar_opex: 10
  solar_lifetime: 20
  carbon_price: 1.0
timeseries_values:
  load_level: 262258.3682715532
  wind_year: 2015
  solar_year: 2016
  price_year: 2023
  carbon_year: 2023
storage_values:
  CAES:
    cost: 41.3536
    lifetime: 27.0773
    annual_cost: 1.527242376455555
    efficiency: 0.597088
    discharge_ratio: 0.1
    depth_of_discharge: 0.4
  Li-ion:
    cost: 246.418
    lifetime: 26.0055
    annual_cost: 9.475610928457442
    efficiency: 0.914932
    discharge_ratio: 2
    depth_of_discharge: 0.9
  Pb-acid:
    cost: 148.959
    lifetime: 13.7218
    annual_cost: 10.85564576076025
    efficiency: 0.736494
    discharge_ratio: 5
    depth_of_discharge: 0.5
  VRBF:
    cost: 312.282
    lifetime: 23.8394
    annual_cost: 13.099406864266717
    efficiency: 0.791144
    discharge_ratio: 0.5
    depth_of_discharge: 1.0
