cost_values:
  wind_capex: 5000.0
  wind_opex: 100
  wind_lifetime: 20
  solar_capex: 1000.0
  solar_opex: 10
  solar_lifetime: 20
  carbon_price: 1.0
timeseries_values:
  load_level: 262258.3682715532
  wind_year: 2015
  solar_year: 2016
  price_year: 2023
  carbon_year: 2023
storage_values:
  CAES:
    cost: 46.2374
    lifetime: 27.0281
    annual_cost: 1.7107158845793824
    efficiency: 0.621191
    discharge_ratio: 0.1
    depth_of_discharge: 0.4
  Li-ion:
    cost: 256.469
    lifetime: 25.3938
    annual_cost: 10.099669998188535
    efficiency: 0.932519
    discharge_ratio: 2
    depth_of_discharge: 0.9
  Pb-acid:
    cost: 118.835
    lifetime: 14.5754
    annual_cost: 8.153121012116305
    efficiency: 0.7385
    discharge_ratio: 5
    depth_of_discharge: 0.5
  VRBF:
    cost: 295.635
    lifetime: 23.1746
    annual_cost: 12.75685448724034
    efficiency: 0.772053
    discharge_ratio: 0.5
    depth_of_discharge: 1.0
