cost_values:
  wind_capex: 5000.0
  wind_opex: 100
  wind_lifetime: 20
  solar_capex: 1000.0
  solar_opex: 10
  solar_lifetime: 20
  carbon_price: 1.0
timeseries_values:
  load_level: 262258.3682715532
  wind_year: 2015
  solar_year: 2016
  price_year: 2023
  carbon_year: 2023
storage_values:
  CAES:
    cost: 35.7803
    lifetime: 27.4636
    annual_cost: 1.3028262864300382
    efficiency: 0.608028
    discharge_ratio: 0.1
    depth_of_discharge: 0.4
  Li-ion:
    cost: 234.668
    lifetime: 27.0753
    annual_cost: 8.667235450761396
    efficiency: 0.927465
    discharge_ratio: 2
    depth_of_discharge: 0.9
  Pb-acid:
    cost: 154.965
    lifetime: 15.9065
    annual_cost: 9.742243736837143
    efficiency: 0.729277
    discharge_ratio: 5
    depth_of_discharge: 0.5
  VRBF:
    cost: 288.749
    lifetime: 22.3501
    annual_cost: 12.919360539773871
    efficiency: 0.781131
    discharge_ratio: 0.5
    depth_of_discharge: 1.0
