cost_values:
  wind_capex: 5000.0
  wind_opex: 100
  wind_lifetime: 20
  solar_capex: 1000.0
  solar_opex: 10
  solar_lifetime: 20
  carbon_price: 1.0
timeseries_values:
  load_level: 262258.3682715532
  wind_year: 2015
  solar_year: 2016
  price_year: 2023
  carbon_year: 2023
storage_values:
  CAES:
    cost: 48.1581
    lifetime: 26.13
    annual_cost: 1.8430195177956372
    efficiency: 0.61413
    discharge_ratio: 0.1
    depth_of_discharge: 0.4
  Li-ion:
    cost: 256.093
    lifetime: 27.1377
    annual_cost: 9.436798254826313
    efficiency: 0.941514
    discharge_ratio: 2
    depth_of_discharge: 0.9
  Pb-acid:
    cost: 140.607
    lifetime: 15.1103
    annual_cost: 9.30537447965957
    efficiency: 0.737965
    discharge_ratio: 5
    depth_of_discharge: 0.5
  VRBF:
    cost: 305.738
    lifetime: 19.9492
    annual_cost: 15.325827602109356
    efficiency: 0.803301
    discharge_ratio: 0.5
    depth_of_discharge: 1.0
