cost_values:
  wind_capex: 5000.0
  wind_opex: 100
  wind_lifetime: 20
  solar_capex: 1000.0
  solar_opex: 10
  solar_lifetime: 20
  carbon_price: 1.0
timeseries_values:
  load_level: 262258.3682715532
  wind_year: 2015
  solar_year: 2016
  price_year: 2023
  carbon_year: 2023
storage_values:
  CAES:
    cost: 47.8715
    lifetime: 26.1551
    annual_cost: 1.8302931359467176
    efficiency: 0.616119
    discharge_ratio: 0.1
    depth_of_discharge: 0.4
  Li-ion:
    cost: 270.341
    lifetime: 27.5808
    annual_cost: 9.801782399350273
    efficiency: 0.940975
    discharge_ratio: 2
    depth_of_discharge: 0.9
  Pb-acid:
    cost: 121.273
    lifetime: 14.1828
    annual_cost: 8.55070930986829
    efficiency: 0.737142
    discharge_ratio: 5
    depth_of_discharge: 0.5
  VRBF:
    cost: 294.387
    lifetime: 23.2478
    annual_cost: 12.663004671409768
    efficiency: 0.780889
    discharge_ratio: 0.5
    depth_of_discharge: 1.0
