cost_values:
  wind_capex: 5000.0
  wind_opex: 100
  wind_lifetime: 20
  solar_capex: 1000.0
  solar_opex: 10
  solar_lifetime: 20
  carbon_price: 1.0
timeseries_values:
  load_level: 262258.3682715532
  wind_year: 2015
  solar_year: 2016
  price_year: 2023
  carbon_year: 2023
storage_values:
  CAES:
    cost: 45.4194
    lifetime: 26.6768
    annual_cost: 1.7025805194026271
    efficiency: 0.612359
    discharge_ratio: 0.1
    depth_of_discharge: 0.4
  Li-ion:
    cost: 256.511
    lifetime: 26.1799
    annual_cost: 9.798012979423147
    efficiency: 0.943474
    discharge_ratio: 2
    depth_of_discharge: 0.9
  Pb-acid:
    cost: 132.746
    lifetime: 14.8085
    annual_cost: 8.96417598001148
    efficiency: 0.7425
    discharge_ratio: 5
    depth_of_discharge: 0.5
  VRBF:
    cost: 290.13
    lifetime: 23.8172
    annual_cost: 12.181532673865945
    efficiency: 0.799283
    discharge_ratio: 0.5
    depth_of_discharge: 1.0
