cost_values:
  wind_capex: 5000.0
  wind_opex: 100
  wind_lifetime: 20
  solar_capex: 1000.0
  solar_opex: 10
  solar_lifetime: 20
  carbon_price: 1.0
timeseries_values:
  load_level: 262258.3682715532
  wind_year: 2015
  solar_year: 2016
  price_year: 2023
  carbon_year: 2023
storage_values:
  CAES:
    cost: 43.8313
    lifetime: 25.8568
    annual_cost: 1.6951556263729464
    efficiency: 0.613491
    discharge_ratio: 0.1
    depth_of_discharge: 0.4
  Li-ion:
    cost: 262.852
    lifetime: 28.4492
    annual_cost: 9.239345921853689
    efficiency: 0.946795
    discharge_ratio: 2
    depth_of_discharge: 0.9
  Pb-acid:
    cost: 155.862
    lifetime: 15.3766
    annual_cost: 10.136311018040399
    efficiency: 0.737425
    discharge_ratio: 5
    depth_of_discharge: 0.5
  VRBF:
    cost: 332.28
    lifetime: 24.2703
    annual_cost: 13.690807282975488
    efficiency: 0.788041
    discharge_ratio: 0.5
    depth_of_discharge: 1.0
