cost_values:
  wind_capex: 5000.0
  wind_opex: 100
  wind_lifetime: 20
  solar_capex: 1000.0
  solar_opex: 10
  solar_lifetime: 20
  carbon_price: 1.0
timeseries_values:
  load_level: 262258.3682715532
  wind_year: 2015
  solar_year: 2016
  price_year: 2023
  carbon_year: 2023
storage_values:
  CAES:
    cost: 49.3218
    lifetime: 27.0161
    annual_cost: 1.8256447081555074
    efficiency: 0.606034
    discharge_ratio: 0.1
    depth_of_discharge: 0.4
  Li-ion:
    cost: 275.353
    lifetime: 29.0073
    annual_cost: 9.492541532648678
    efficiency: 0.949879
    discharge_ratio: 2
    depth_of_discharge: 0.9
  Pb-acid:
    cost: 141.69
    lifetime: 14.7223
    annual_cost: 9.624175570393213
    efficiency: 0.750242
    discharge_ratio: 5
    depth_of_discharge: 0.5
  VRBF:
    cost: 277.999
    lifetime: 23.4965
    annual_cost: 11.831506820164705
    efficiency: 0.80236
    discharge_ratio: 0.5
    depth_of_discharge: 1.0
