cost_values:
  wind_capex: 5000.0
  wind_opex: 100
  wind_lifetime: 20
  solar_capex: 1000.0
  solar_opex: 10
  solar_lifetime: 20
  carbon_price: 1.0
timeseries_values:
  load_level: 262258.3682715532
  wind_year: 2015
  solar_year: 2016
  price_year: 2023
  carbon_year: 2023
storage_values:
  CAES:
    cost: 47.0987
    lifetime: 26.2324
    annual_cost: 1.795439990241076
    efficiency: 0.611621
    discharge_ratio: 0.1
    depth_of_discharge: 0.4
  Li-ion:
    cost: 254.671
    lifetime: 24.2167
    annual_cost: 10.516337899053132
    efficiency: 0.938893
    discharge_ratio: 2
    depth_of_discharge: 0.9
  Pb-acid:
    cost: 170.129
    lifetime: 16.0715
    annual_cost: 10.585757396633792
    efficiency: 0.73929
    discharge_ratio: 5
    depth_of_discharge: 0.5
  VRBF:
    cost: 308.379
    lifetime: 24.0737
    annual_cost: 12.809788275171663
    efficiency: 0.78653
    discharge_ratio: 0.5
    depth_of_discharge: 1.0
