cost_values:
  wind_capex: 5000.0
  wind_opex: 100
  wind_lifetime: 20
  solar_capex: 1000.0
  solar_opex: 10
  solar_lifetime: 20
  carbon_price: 1.0
timeseries_values:
  load_level: 262258.3682715532
  wind_year: 2015
  solar_year: 2016
  price_year: 2023
  carbon_year: 2023
storage_values:
  CAES:
    cost: 46.0504
    lifetime: 26.9118
    annual_cost: 1.7111601602271125
    efficiency: 0.624327
    discharge_ratio: 0.1
    depth_of_discharge: 0.4
  Li-ion:
    cost: 245.343
    lifetime: 28.2556
    annual_cost: 8.682986735372811
    efficiency: 0.943956
    discharge_ratio: 2
    depth_of_discharge: 0.9
  Pb-acid:
    cost: 136.871
    lifetime: 13.8184
    annual_cost: 9.904981763445841
    efficiency: 0.749278
    discharge_ratio: 5
    depth_of_discharge: 0.5
  VRBF:
    cost: 327.461
    lifetime: 25.144
    annual_cost: 13.023425071587656
    efficiency: 0.806885
    discharge_ratio: 0.5
    depth_of_discharge: 1.0
