cost_values:
  wind_capex: 5000.0
  wind_opex: 100
  wind_lifetime: 20
  solar_capex: 1000.0
  solar_opex: 10
  solar_lifetime: 20
  carbon_price: 1.0
timeseries_values:
  load_level: 262258.3682715532
  wind_year: 2015
  solar_year: 2016
  price_year: 2023
  carbon_year: 2023
storage_values:
  CAES:
    cost: 49.5111
    lifetime: 27.259
    annual_cost: 1.8163212150115557
    efficiency: 0.614477
    discharge_ratio: 0.1
    depth_of_discharge: 0.4
  Li-ion:
    cost: 257.47
    lifetime: 26.669
    annual_cost: 9.654280250478084
    efficiency: 0.919285
    discharge_ratio: 2
    depth_of_discharge: 0.9
  Pb-acid:
    cost: 133.937
    lifetime: 12.7983
    annual_cost: 10.46521803677051
    efficiency: 0.751012
    discharge_ratio: 5
    depth_of_discharge: 0.5
  VRBF:
    cost: 318.082
    lifetime: 22.5011
    annual_cost: 14.136286670429445
    efficiency: 0.80419
    discharge_ratio: 0.5
    depth_of_discharge: 1.0
