cost_values:
  wind_capex: 5000.0
  wind_opex: 100
  wind_lifetime: 20
  solar_capex: 1000.0
  solar_opex: 10
  solar_lifetime: 20
  carbon_price: 1.0
timeseries_values:
  load_level: 262258.3682715532
  wind_year: 2015
  solar_year: 2016
  price_year: 2023
  carbon_year: 2023
storage_values:
  CAES:
    cost: 45.5815
    lifetime: 25.4096
    annual_cost: 1.7938692462691266
    efficiency: 0.594715
    discharge_ratio: 0.1
    depth_of_discharge: 0.4
  Li-ion:
    cost: 255.347
    lifetime: 26.1455
    annual_cost: 9.766384272628178
    efficiency: 0.93795
    discharge_ratio: 2
    depth_of_discharge: 0.9
  Pb-acid:
    cost: 152.964
    lifetime: 14.9898
    annual_cost: 10.204539086578873
    efficiency: 0.728646
    discharge_ratio: 5
    depth_of_discharge: 0.5
  VRBF:
    cost: 284.299
    lifetime: 23.4829
    annual_cost: 12.106639299234761
    efficiency: 0.78489
    discharge_ratio: 0.5
    depth_of_discharge: 1.0
