cost_values:
  wind_capex: 5000.0
  wind_opex: 100
  wind_lifetime: 20
  solar_capex: 1000.0
  solar_opex: 10
  solar_lifetime: 20
  carbon_price: 1.0
timeseries_values:
  load_level: 262258.3682715532
  wind_year: 2015
  solar_year: 2016
  price_year: 2023
  carbon_year: 2023
storage_values:
  CAES:
    cost: 41.1691
    lifetime: 26.5906
    annual_cost: 1.5482576549607756
    efficiency: 0.613203
    discharge_ratio: 0.1
    depth_of_discharge: 0.4
  Li-ion:
    cost: 272.014
    lifetime: 28.714
    annual_cost: 9.473218638991433
    efficiency: 0.938349
    discharge_ratio: 2
    depth_of_discharge: 0.9
  Pb-acid:
    cost: 149.362
    lifetime: 14.7309
    annual_cost: 10.139366909014385
    efficiency: 0.74983
    discharge_ratio: 5
    depth_of_discharge: 0.5
  VRBF:
    cost: 305.575
    lifetime: 23.4619
    annual_cost: 13.024307494277956
    efficiency: 0.778124
    discharge_ratio: 0.5
    depth_of_discharge: 1.0
