cost_values:
  wind_capex: 5000.0
  wind_opex: 100
  wind_lifetime: 20
  solar_capex: 1000.0
  solar_opex: 10
  solar_lifetime: 20
  carbon_price: 1.0
timeseries_values:
  load_level: 262258.3682715532
  wind_year: 2015
  solar_year: 2016
  price_year: 2023
  carbon_year: 2023
storage_values:
  CAES:
    cost: 40.7919
    lifetime: 27.6495
    annual_cost: 1.475321434383985
    efficiency: 0.614005
    discharge_ratio: 0.1
    depth_of_discharge: 0.4
  Li-ion:
    cost: 222.278
    lifetime: 28.2206
    annual_cost: 7.876444866515949
    efficiency: 0.953435
    discharge_ratio: 2
    depth_of_discharge: 0.9
  Pb-acid:
    cost: 142.205
    lifetime: 14.3311
    annual_cost: 9.922825184389197
    efficiency: 0.739436
    discharge_ratio: 5
    depth_of_discharge: 0.5
  VRBF:
    cost: 274.862
    lifetime: 22.5853
    annual_cost: 12.169951251477732
    efficiency: 0.798152
    discharge_ratio: 0.5
    depth_of_discharge: 1.0
