cost_values:
  wind_capex: 5000.0
  wind_opex: 100
  wind_lifetime: 20
  solar_capex: 1000.0
  solar_opex: 10
  solar_lifetime: 20
  carbon_price: 1.0
timeseries_values:
  load_level: 262258.3682715532
  wind_year: 2015
  solar_year: 2016
  price_year: 2023
  carbon_year: 2023
storage_values:
  CAES:
    cost: 50.9362
    lifetime: 26.5554
    annual_cost: 1.9181108173855412
    efficiency: 0.630187
    discharge_ratio: 0.1
    depth_of_discharge: 0.4
  Li-ion:
    cost: 257.884
    lifetime: 26.6883
    annual_cost: 9.662811044540117
    efficiency: 0.939416
    discharge_ratio: 2
    depth_of_discharge: 0.9
  Pb-acid:
    cost: 142.573
    lifetime: 15.5085
    annual_cost: 9.193216623142149
    efficiency: 0.745412
    discharge_ratio: 5
    depth_of_discharge: 0.5
  VRBF:
    cost: 285.329
    lifetime: 21.3913
    annual_cost: 13.338553524096245
    efficiency: 0.813785
    discharge_ratio: 0.5
    depth_of_discharge: 1.0
