cost_values:
  wind_capex: 5000.0
  wind_opex: 100
  wind_lifetime: 20
  solar_capex: 1000.0
  solar_opex: 10
  solar_lifetime: 20
  carbon_price: 1.0
timeseries_values:
  load_level: 262258.3682715532
  wind_year: 2015
  solar_year: 2016
  price_year: 2023
  carbon_year: 2023
storage_values:
  CAES:
    cost: 39.1548
    lifetime: 25.8634
    annual_cost: 1.5139076842178525
    efficiency: 0.600569
    discharge_ratio: 0.1
    depth_of_discharge: 0.4
  Li-ion:
    cost: 256.86
    lifetime: 26.9768
    annual_cost: 9.521514783072863
    efficiency: 0.933797
    discharge_ratio: 2
    depth_of_discharge: 0.9
  Pb-acid:
    cost: 144.949
    lifetime: 14.607
    annual_cost: 9.923255973163553
    efficiency: 0.734441
    discharge_ratio: 5
    depth_of_discharge: 0.5
  VRBF:
    cost: 324.094
    lifetime: 21.9291
    annual_cost: 14.779174703932219
    efficiency: 0.786063
    discharge_ratio: 0.5
    depth_of_discharge: 1.0
