cost_values:
  wind_capex: 5000.0
  wind_opex: 100
  wind_lifetime: 20
  solar_capex: 1000.0
  solar_opex: 10
  solar_lifetime: 20
  carbon_price: 1.0
timeseries_values:
  load_level: 262258.3682715532
  wind_year: 2015
  solar_year: 2016
  price_year: 2023
  carbon_year: 2023
storage_values:
  CAES:
    cost: 44.496
    lifetime: 26.5483
    annual_cost: 1.67603952042127
    efficiency: 0.609169
    discharge_ratio: 0.1
    depth_of_discharge: 0.4
  Li-ion:
    cost: 251.222
    lifetime: 26.0701
    annual_cost: 9.636403389323402
    efficiency: 0.935975
    discharge_ratio: 2
    depth_of_discharge: 0.9
  Pb-acid:
    cost: 159.465
    lifetime: 16.4489
    annual_cost: 9.694569241712212
    efficiency: 0.710063
    discharge_ratio: 5
    depth_of_discharge: 0.5
  VRBF:
    cost: 282.392
    lifetime: 23.7422
    annual_cost: 11.894095745128926
    efficiency: 0.79952
    discharge_ratio: 0.5
    depth_of_discharge: 1.0
