cost_values:
  wind_capex: 5000.0
  wind_opex: 100
  wind_lifetime: 20
  solar_capex: 1000.0
  solar_opex: 10
  solar_lifetime: 20
  carbon_price: 1.0
timeseries_values:
  load_level: 262258.3682715532
  wind_year: 2015
  solar_year: 2016
  price_year: 2023
  carbon_year: 2023
storage_values:
  CAES:
    cost: 41.8158
    lifetime: 26.8574
    annual_cost: 1.5569563695666746
    efficiency: 0.594757
    discharge_ratio: 0.1
    depth_of_discharge: 0.4
  Li-ion:
    cost: 268.538
    lifetime: 24.5035
    annual_cost: 10.959169098292081
    efficiency: 0.948558
    discharge_ratio: 2
    depth_of_discharge: 0.9
  Pb-acid:
    cost: 144.021
    lifetime: 12.9625
    annual_cost: 11.110588235294117
    efficiency: 0.718369
    discharge_ratio: 5
    depth_of_discharge: 0.5
  VRBF:
    cost: 319.477
    lifetime: 22.0682
    annual_cost: 14.476803726629266
    efficiency: 0.797621
    discharge_ratio: 0.5
    depth_of_discharge: 1.0
