cost_values:
  wind_capex: 5000.0
  wind_opex: 100
  wind_lifetime: 20
  solar_capex: 1000.0
  solar_opex: 10
  solar_lifetime: 20
  carbon_price: 1.0
timeseries_values:
  load_level: 262258.3682715532
  wind_year: 2015
  solar_year: 2016
  price_year: 2023
  carbon_year: 2023
storage_values:
  CAES:
    cost: 48.064
    lifetime: 27.2137
    annual_cost: 1.7661692456373077
    efficiency: 0.612687
    discharge_ratio: 0.1
    depth_of_discharge: 0.4
  Li-ion:
    cost: 260.916
    lifetime: 26.6294
    annual_cost: 9.798042764763757
    efficiency: 0.957111
    discharge_ratio: 2
    depth_of_discharge: 0.9
  Pb-acid:
    cost: 122.583
    lifetime: 13.495
    annual_cost: 9.083586513523528
    efficiency: 0.736557
    discharge_ratio: 5
    depth_of_discharge: 0.5
  VRBF:
    cost: 350.255
    lifetime: 21.5387
    annual_cost: 16.261659245915492
    efficiency: 0.776894
    discharge_ratio: 0.5
    depth_of_discharge: 1.0
