cost_values:
  wind_capex: 5000.0
  wind_opex: 100
  wind_lifetime: 20
  solar_capex: 1000.0
  solar_opex: 10
  solar_lifetime: 20
  carbon_price: 1.0
timeseries_values:
  load_level: 262258.3682715532
  wind_year: 2015
  solar_year: 2016
  price_year: 2023
  carbon_year: 2023
storage_values:
  CAES:
    cost: 38.9223
    lifetime: 27.1343
    annual_cost: 1.4344316971508386
    efficiency: 0.609935
    discharge_ratio: 0.1
    depth_of_discharge: 0.4
  Li-ion:
    cost: 259.052
    lifetime: 27.3645
    annual_cost: 9.466717827842643
    efficiency: 0.949683
    discharge_ratio: 2
    depth_of_discharge: 0.9
  Pb-acid:
    cost: 125.069
    lifetime: 14.654
    annual_cost: 8.534802784222737
    efficiency: 0.730913
    discharge_ratio: 5
    depth_of_discharge: 0.5
  VRBF:
    cost: 317.089
    lifetime: 24.915
    annual_cost: 12.726831226168976
    efficiency: 0.792398
    discharge_ratio: 0.5
    depth_of_discharge: 1.0
