cost_values:
  wind_capex: 5000.0
  wind_opex: 100
  wind_lifetime: 20
  solar_capex: 1000.0
  solar_opex: 10
  solar_lifetime: 20
  carbon_price: 1.0
timeseries_values:
  load_level: 262258.3682715532
  wind_year: 2015
  solar_year: 2016
  price_year: 2023
  carbon_year: 2023
storage_values:
  CAES:
    cost: 50.4415
    lifetime: 26.463
    annual_cost: 1.9061141971809694
    efficiency: 0.610927
    discharge_ratio: 0.1
    depth_of_discharge: 0.4
  Li-ion:
    cost: 261.126
    lifetime: 24.1166
    annual_cost: 10.827645688032309
    efficiency: 0.948775
    discharge_ratio: 2
    depth_of_discharge: 0.9
  Pb-acid:
    cost: 127.756
    lifetime: 16.5676
    annual_cost: 7.711195345131462
    efficiency: 0.731164
    discharge_ratio: 5
    depth_of_discharge: 0.5
  VRBF:
    cost: 285.04
    lifetime: 24.8167
    annual_cost: 11.485813988161198
    efficiency: 0.802729
    discharge_ratio: 0.5
    depth_of_discharge: 1.0
