cost_values:
  wind_capex: 5000.0
  wind_opex: 100
  wind_lifetime: 20
  solar_capex: 1000.0
  solar_opex: 10
  solar_lifetime: 20
  carbon_price: 1.0
timeseries_values:
  load_level: 262258.3682715532
  wind_year: 2015
  solar_year: 2016
  price_year: 2023
  carbon_year: 2023
storage_values:
  CAES:
    cost: 41.8999
    lifetime: 27.2229
    annual_cost: 1.5391416785133105
    efficiency: 0.609177
    discharge_ratio: 0.1
    depth_of_discharge: 0.4
  Li-ion:
    cost: 244.019
    lifetime: 26.4369
    annual_cost: 9.230242577609326
    efficiency: 0.941484
    discharge_ratio: 2
    depth_of_discharge: 0.9
  Pb-acid:
    cost: 126.638
    lifetime: 16.8133
    annual_cost: 7.532013346576817
    efficiency: 0.742401
    discharge_ratio: 5
    depth_of_discharge: 0.5
  VRBF:
    cost: 300.276
    lifetime: 20.5121
    annual_cost: 14.638969193792933
    efficiency: 0.795202
    discharge_ratio: 0.5
    depth_of_discharge: 1.0
