cost_values:
  wind_capex: 5000.0
  wind_opex: 100
  wind_lifetime: 20
  solar_capex: 1000.0
  solar_opex: 10
  solar_lifetime: 20
  carbon_price: 1.0
timeseries_values:
  load_level: 262258.3682715532
  wind_year: 2015
  solar_year: 2016
  price_year: 2023
  carbon_year: 2023
storage_values:
  CAES:
    cost: 55.3828
    lifetime: 26.9593
    annual_cost: 2.05431149918581
    efficiency: 0.612542
    discharge_ratio: 0.1
    depth_of_discharge: 0.4
  Li-ion:
    cost: 260.386
    lifetime: 26.3488
    annual_cost: 9.882271678406607
    efficiency: 0.927685
    discharge_ratio: 2
    depth_of_discharge: 0.9
  Pb-acid:
    cost: 133.272
    lifetime: 13.631
    annual_cost: 9.777125669429974
    efficiency: 0.741781
    discharge_ratio: 5
    depth_of_discharge: 0.5
  VRBF:
    cost: 296.149
    lifetime: 21.915
    annual_cost: 13.513529545973078
    efficiency: 0.808123
    discharge_ratio: 0.5
    depth_of_discharge: 1.0
