cost_values:
  wind_capex: 5000.0
  wind_opex: 100
  wind_lifetime: 20
  solar_capex: 1000.0
  solar_opex: 10
  solar_lifetime: 20
  carbon_price: 1.0
timeseries_values:
  load_level: 262258.3682715532
  wind_year: 2015
  solar_year: 2016
  price_year: 2023
  carbon_year: 2023
storage_values:
  CAES:
    cost: 44.3836
    lifetime: 26.625
    annual_cost: 1.6669896713615024
    efficiency: 0.607629
    discharge_ratio: 0.1
    depth_of_discharge: 0.4
  Li-ion:
    cost: 246.626
    lifetime: 26.0923
    annual_cost: 9.452060569593328
    efficiency: 0.932648
    discharge_ratio: 2
    depth_of_discharge: 0.9
  Pb-acid:
    cost: 132.856
    lifetime: 15.8424
    annual_cost: 8.386103115689542
    efficiency: 0.731542
    discharge_ratio: 5
    depth_of_discharge: 0.5
  VRBF:
    cost: 297.166
    lifetime: 23.4594
    annual_cost: 12.66724639163832
    efficiency: 0.785955
    discharge_ratio: 0.5
    depth_of_discharge: 1.0
