cost_values:
  wind_capex: 5000.0
  wind_opex: 100
  wind_lifetime: 20
  solar_capex: 1000.0
  solar_opex: 10
  solar_lifetime: 20
  carbon_price: 1.0
timeseries_values:
  load_level: 262258.3682715532
  wind_year: 2015
  solar_year: 2016
  price_year: 2023
  carbon_year: 2023
storage_values:
  CAES:
    cost: 50.2346
    lifetime: 26.749
    annual_cost: 1.8779991775393474
    efficiency: 0.608023
    discharge_ratio: 0.1
    depth_of_discharge: 0.4
  Li-ion:
    cost: 251.338
    lifetime: 27.2994
    annual_cost: 9.206722492069423
    efficiency: 0.952226
    discharge_ratio: 2
    depth_of_discharge: 0.9
  Pb-acid:
    cost: 133.187
    lifetime: 14.541
    annual_cost: 9.159411319716664
    efficiency: 0.733114
    discharge_ratio: 5
    depth_of_discharge: 0.5
  VRBF:
    cost: 307.374
    lifetime: 23.7592
    annual_cost: 12.937051752584264
    efficiency: 0.787677
    discharge_ratio: 0.5
    depth_of_discharge: 1.0
