cost_values:
  wind_capex: 5000.0
  wind_opex: 100
  wind_lifetime: 20
  solar_capex: 1000.0
  solar_opex: 10
  solar_lifetime: 20
  carbon_price: 1.0
timeseries_values:
  load_level: 262258.3682715532
  wind_year: 2015
  solar_year: 2016
  price_year: 2023
  carbon_year: 2023
storage_values:
  CAES:
    cost: 51.3433
    lifetime: 25.4129
    annual_cost: 2.0203636735673616
    efficiency: 0.612614
    discharge_ratio: 0.1
    depth_of_discharge: 0.4
  Li-ion:
    cost: 270.139
    lifetime: 26.8954
    annual_cost: 10.044059578961459
    efficiency: 0.945916
    discharge_ratio: 2
    depth_of_discharge: 0.9
  Pb-acid:
    cost: 125.594
    lifetime: 16.4167
    annual_cost: 7.650380405318974
    efficiency: 0.724124
    discharge_ratio: 5
    depth_of_discharge: 0.5
  VRBF:
    cost: 310.886
    lifetime: 23.3403
    annual_cost: 13.31970882979225
    efficiency: 0.797045
    discharge_ratio: 0.5
    depth_of_discharge: 1.0
