cost_values:
  wind_capex: 5000.0
  wind_opex: 100
  wind_lifetime: 20
  solar_capex: 1000.0
  solar_opex: 10
  solar_lifetime: 20
  carbon_price: 1.0
timeseries_values:
  load_level: 262258.3682715532
  wind_year: 2015
  solar_year: 2016
  price_year: 2023
  carbon_year: 2023
storage_values:
  CAES:
    cost: 46.3379
    lifetime: 26.5223
    annual_cost: 1.7471297738129798
    efficiency: 0.604924
    discharge_ratio: 0.1
    depth_of_discharge: 0.4
  Li-ion:
    cost: 260.781
    lifetime: 26.4242
    annual_cost: 9.86902157870437
    efficiency: 0.949696
    discharge_ratio: 2
    depth_of_discharge: 0.9
  Pb-acid:
    cost: 141.13
    lifetime: 13.2057
    annual_cost: 10.68705180338793
    efficiency: 0.745576
    discharge_ratio: 5
    depth_of_discharge: 0.5
  VRBF:
    cost: 335.79
    lifetime: 22.2501
    annual_cost: 15.09161756576375
    efficiency: 0.778899
    discharge_ratio: 0.5
    depth_of_discharge: 1.0
