cost_values:
  wind_capex: 5000.0
  wind_opex: 100
  wind_lifetime: 20
  solar_capex: 1000.0
  solar_opex: 10
  solar_lifetime: 20
  carbon_price: 1.0
timeseries_values:
  load_level: 200104.54069594597
  wind_year: 2011
  solar_year: 2012
  price_year: 2023
  carbon_year: 2023
storage_values:
  CAES:
    cost: 26.0934
    lifetime: 21.5475
    annual_cost: 1.2109711103376262
    efficiency: 0.557501
    discharge_ratio: 0.1
    depth_of_discharge: 0.4
  Li-ion:
    cost: 153.828
    lifetime: 12.5579
    annual_cost: 12.249500314543036
    efficiency: 0.915186
    discharge_ratio: 2
    depth_of_discharge: 0.9
  Pb-acid:
    cost: 169.374
    lifetime: 9.66392
    annual_cost: 17.52642819890893
    efficiency: 0.704001
    discharge_ratio: 5
    depth_of_discharge: 0.5
  VRBF:
    cost: 168.752
    lifetime: 18.7527
    annual_cost: 8.998810837906008
    efficiency: 0.768066
    discharge_ratio: 0.5
    depth_of_discharge: 1.0
