cost_values:
  wind_capex: 5000.0
  wind_opex: 100
  wind_lifetime: 20
  solar_capex: 1000.0
  solar_opex: 10
  solar_lifetime: 20
  carbon_price: 1.0
timeseries_values:
  load_level: 200104.54069594597
  wind_year: 2011
  solar_year: 2012
  price_year: 2023
  carbon_year: 2023
storage_values:
  CAES:
    cost: 34.9268
    lifetime: 21.289
    annual_cost: 1.6406031283761566
    efficiency: 0.556329
    discharge_ratio: 0.1
    depth_of_discharge: 0.4
  Li-ion:
    cost: 109.193
    lifetime: 10.2489
    annual_cost: 10.654118978622096
    efficiency: 0.900554
    discharge_ratio: 2
    depth_of_discharge: 0.9
  Pb-acid:
    cost: 155.927
    lifetime: 9.49479
    annual_cost: 16.42237479712558
    efficiency: 0.713401
    discharge_ratio: 5
    depth_of_discharge: 0.5
  VRBF:
    cost: 173.546
    lifetime: 17.1749
    annual_cost: 10.104629430156798
    efficiency: 0.742558
    discharge_ratio: 0.5
    depth_of_discharge: 1.0
