cost_values:
  wind_capex: 5000.0
  wind_opex: 100
  wind_lifetime: 20
  solar_capex: 1000.0
  solar_opex: 10
  solar_lifetime: 20
  carbon_price: 1.0
timeseries_values:
  load_level: 200104.54069594597
  wind_year: 2011
  solar_year: 2012
  price_year: 2023
  carbon_year: 2023
storage_values:
  CAES:
    cost: 25.836
    lifetime: 20.8384
    annual_cost: 1.2398264742014742
    efficiency: 0.556573
    discharge_ratio: 0.1
    depth_of_discharge: 0.4
  Li-ion:
    cost: 134.161
    lifetime: 10.3911
    annual_cost: 12.9111451145692
    efficiency: 0.91123
    discharge_ratio: 2
    depth_of_discharge: 0.9
  Pb-acid:
    cost: 142.074
    lifetime: 11.8049
    annual_cost: 12.035171835424274
    efficiency: 0.70945
    discharge_ratio: 5
    depth_of_discharge: 0.5
  VRBF:
    cost: 165.666
    lifetime: 18.0621
    annual_cost: 9.172023186672645
    efficiency: 0.757517
    discharge_ratio: 0.5
    depth_of_discharge: 1.0
