cost_values:
  wind_capex: 5000.0
  wind_opex: 100
  wind_lifetime: 20
  solar_capex: 1000.0
  solar_opex: 10
  solar_lifetime: 20
  carbon_price: 1.0
timeseries_values:
  load_level: 200104.54069594597
  wind_year: 2011
  solar_year: 2012
  price_year: 2023
  carbon_year: 2023
storage_values:
  CAES:
    cost: 25.4001
    lifetime: 20.6932
    annual_cost: 1.2274611949819263
    efficiency: 0.55358
    discharge_ratio: 0.1
    depth_of_discharge: 0.4
  Li-ion:
    cost: 152.564
    lifetime: 10.955
    annual_cost: 13.926426289365585
    efficiency: 0.917247
    discharge_ratio: 2
    depth_of_discharge: 0.9
  Pb-acid:
    cost: 139.216
    lifetime: 10.1903
    annual_cost: 13.661619383138868
    efficiency: 0.732261
    discharge_ratio: 5
    depth_of_discharge: 0.5
  VRBF:
    cost: 178.224
    lifetime: 16.3609
    annual_cost: 10.893288266537903
    efficiency: 0.753544
    discharge_ratio: 0.5
    depth_of_discharge: 1.0
