cost_values:
  wind_capex: 5000.0
  wind_opex: 100
  wind_lifetime: 20
  solar_capex: 1000.0
  solar_opex: 10
  solar_lifetime: 20
  carbon_price: 1.0
timeseries_values:
  load_level: 200104.54069594597
  wind_year: 2011
  solar_year: 2012
  price_year: 2023
  carbon_year: 2023
storage_values:
  CAES:
    cost: 24.8805
    lifetime: 20.5976
    annual_cost: 1.2079319920767468
    efficiency: 0.573122
    discharge_ratio: 0.1
    depth_of_discharge: 0.4
  Li-ion:
    cost: 149.711
    lifetime: 11.4015
    annual_cost: 13.130816120685875
    efficiency: 0.892798
    discharge_ratio: 2
    depth_of_discharge: 0.9
  Pb-acid:
    cost: 166.997
    lifetime: 10.7127
    annual_cost: 15.588693793348083
    efficiency: 0.732218
    discharge_ratio: 5
    depth_of_discharge: 0.5
  VRBF:
    cost: 144.373
    lifetime: 18.4251
    annual_cost: 7.835669819973839
    efficiency: 0.779334
    discharge_ratio: 0.5
    depth_of_discharge: 1.0
