cost_values:
  wind_capex: 5000.0
  wind_opex: 100
  wind_lifetime: 20
  solar_capex: 1000.0
  solar_opex: 10
  solar_lifetime: 20
  carbon_price: 1.0
timeseries_values:
  load_level: 200104.54069594597
  wind_year: 2011
  solar_year: 2012
  price_year: 2023
  carbon_year: 2023
storage_values:
  CAES:
    cost: 27.7184
    lifetime: 21.4076
    annual_cost: 1.2947925035968535
    efficiency: 0.557382
    discharge_ratio: 0.1
    depth_of_discharge: 0.4
  Li-ion:
    cost: 150.449
    lifetime: 13.6425
    annual_cost: 11.027964082829394
    efficiency: 0.908736
    discharge_ratio: 2
    depth_of_discharge: 0.9
  Pb-acid:
    cost: 167.158
    lifetime: 9.86137
    annual_cost: 16.950788784925418
    efficiency: 0.710108
    discharge_ratio: 5
    depth_of_discharge: 0.5
  VRBF:
    cost: 174.426
    lifetime: 20.4255
    annual_cost: 8.539619593155614
    efficiency: 0.751296
    discharge_ratio: 0.5
    depth_of_discharge: 1.0
