cost_values:
  wind_capex: 5000.0
  wind_opex: 100
  wind_lifetime: 20
  solar_capex: 1000.0
  solar_opex: 10
  solar_lifetime: 20
  carbon_price: 1.0
timeseries_values:
  load_level: 200104.54069594597
  wind_year: 2011
  solar_year: 2012
  price_year: 2023
  carbon_year: 2023
storage_values:
  CAES:
    cost: 32.0411
    lifetime: 20.8302
    annual_cost: 1.5382041459035438
    efficiency: 0.556845
    discharge_ratio: 0.1
    depth_of_discharge: 0.4
  Li-ion:
    cost: 130.174
    lifetime: 10.7052
    annual_cost: 12.159884915741884
    efficiency: 0.913193
    discharge_ratio: 2
    depth_of_discharge: 0.9
  Pb-acid:
    cost: 140.523
    lifetime: 9.8412
    annual_cost: 14.279051335203023
    efficiency: 0.71535
    discharge_ratio: 5
    depth_of_discharge: 0.5
  VRBF:
    cost: 185.616
    lifetime: 18.7865
    annual_cost: 9.880286375855002
    efficiency: 0.770206
    discharge_ratio: 0.5
    depth_of_discharge: 1.0
