cost_values:
  wind_capex: 5000.0
  wind_opex: 100
  wind_lifetime: 20
  solar_capex: 1000.0
  solar_opex: 10
  solar_lifetime: 20
  carbon_price: 1.0
timeseries_values:
  load_level: 200104.54069594597
  wind_year: 2011
  solar_year: 2012
  price_year: 2023
  carbon_year: 2023
storage_values:
  CAES:
    cost: 29.6827
    lifetime: 20.8344
    annual_cost: 1.4246966555312368
    efficiency: 0.557966
    discharge_ratio: 0.1
    depth_of_discharge: 0.4
  Li-ion:
    cost: 139.817
    lifetime: 10.9883
    annual_cost: 12.724170253815421
    efficiency: 0.890803
    discharge_ratio: 2
    depth_of_discharge: 0.9
  Pb-acid:
    cost: 162.81
    lifetime: 9.27663
    annual_cost: 17.55055445781496
    efficiency: 0.717152
    discharge_ratio: 5
    depth_of_discharge: 0.5
  VRBF:
    cost: 155.991
    lifetime: 16.6242
    annual_cost: 9.38336882376295
    efficiency: 0.753513
    discharge_ratio: 0.5
    depth_of_discharge: 1.0
