cost_values:
  wind_capex: 5000.0
  wind_opex: 100
  wind_lifetime: 20
  solar_capex: 1000.0
  solar_opex: 10
  solar_lifetime: 20
  carbon_price: 1.0
timeseries_values:
  load_level: 200104.54069594597
  wind_year: 2011
  solar_year: 2012
  price_year: 2023
  carbon_year: 2023
storage_values:
  CAES:
    cost: 32.6443
    lifetime: 20.0068
    annual_cost: 1.6316602355199235
    efficiency: 0.557382
    discharge_ratio: 0.1
    depth_of_discharge: 0.4
  Li-ion:
    cost: 131.071
    lifetime: 12.2766
    annual_cost: 10.676490233452258
    efficiency: 0.914672
    discharge_ratio: 2
    depth_of_discharge: 0.9
  Pb-acid:
    cost: 147.944
    lifetime: 8.47548
    annual_cost: 17.455530542222977
    efficiency: 0.707936
    discharge_ratio: 5
    depth_of_discharge: 0.5
  VRBF:
    cost: 152.289
    lifetime: 16.9368
    annual_cost: 8.991604081054271
    efficiency: 0.740208
    discharge_ratio: 0.5
    depth_of_discharge: 1.0
