cost_values:
  wind_capex: 5000.0
  wind_opex: 100
  wind_lifetime: 20
  solar_capex: 1000.0
  solar_opex: 10
  solar_lifetime: 20
  carbon_price: 1.0
timeseries_values:
  load_level: 200104.54069594597
  wind_year: 2011
  solar_year: 2012
  price_year: 2023
  carbon_year: 2023
storage_values:
  CAES:
    cost: 31.1917
    lifetime: 21.0929
    annual_cost: 1.4787772188745976
    efficiency: 0.553523
    discharge_ratio: 0.1
    depth_of_discharge: 0.4
  Li-ion:
    cost: 151.294
    lifetime: 10.2798
    annual_cost: 14.717601509757001
    efficiency: 0.914894
    discharge_ratio: 2
    depth_of_discharge: 0.9
  Pb-acid:
    cost: 153.956
    lifetime: 11.384
    annual_cost: 13.523893183415318
    efficiency: 0.722649
    discharge_ratio: 5
    depth_of_discharge: 0.5
  VRBF:
    cost: 160.187
    lifetime: 17.7256
    annual_cost: 9.03704246964842
    efficiency: 0.763571
    discharge_ratio: 0.5
    depth_of_discharge: 1.0
