cost_values:
  wind_capex: 5000.0
  wind_opex: 100
  wind_lifetime: 20
  solar_capex: 1000.0
  solar_opex: 10
  solar_lifetime: 20
  carbon_price: 1.0
timeseries_values:
  load_level: 200104.54069594597
  wind_year: 2011
  solar_year: 2012
  price_year: 2023
  carbon_year: 2023
storage_values:
  CAES:
    cost: 25.8411
    lifetime: 20.2796
    annual_cost: 1.2742411092920967
    efficiency: 0.558084
    discharge_ratio: 0.1
    depth_of_discharge: 0.4
  Li-ion:
    cost: 119.331
    lifetime: 11.527
    annual_cost: 10.352303287932681
    efficiency: 0.906196
    discharge_ratio: 2
    depth_of_discharge: 0.9
  Pb-acid:
    cost: 159.624
    lifetime: 10.0392
    annual_cost: 15.900071718862062
    efficiency: 0.719096
    discharge_ratio: 5
    depth_of_discharge: 0.5
  VRBF:
    cost: 156.071
    lifetime: 17.8741
    annual_cost: 8.731684392500881
    efficiency: 0.751353
    discharge_ratio: 0.5
    depth_of_discharge: 1.0
