cost_values:
  wind_capex: 5000.0
  wind_opex: 100
  wind_lifetime: 20
  solar_capex: 1000.0
  solar_opex: 10
  solar_lifetime: 20
  carbon_price: 1.0
timeseries_values:
  load_level: 200104.54069594597
  wind_year: 2011
  solar_year: 2012
  price_year: 2023
  carbon_year: 2023
storage_values:
  CAES:
    cost: 23.6727
    lifetime: 20.2625
    annual_cost: 1.1683010487353485
    efficiency: 0.558785
    discharge_ratio: 0.1
    depth_of_discharge: 0.4
  Li-ion:
    cost: 150.047
    lifetime: 10.7162
    annual_cost: 14.001884996547282
    efficiency: 0.904933
    discharge_ratio: 2
    depth_of_discharge: 0.9
  Pb-acid:
    cost: 154.404
    lifetime: 9.6299
    annual_cost: 16.033811358373402
    efficiency: 0.72051
    discharge_ratio: 5
    depth_of_discharge: 0.5
  VRBF:
    cost: 157.91
    lifetime: 17.1581
    annual_cost: 9.203233458250038
    efficiency: 0.738606
    discharge_ratio: 0.5
    depth_of_discharge: 1.0
