cost_values:
  wind_capex: 5000.0
  wind_opex: 100
  wind_lifetime: 20
  solar_capex: 1000.0
  solar_opex: 10
  solar_lifetime: 20
  carbon_price: 1.0
timeseries_values:
  load_level: 200104.54069594597
  wind_year: 2011
  solar_year: 2012
  price_year: 2023
  carbon_year: 2023
storage_values:
  CAES:
    cost: 29.5537
    lifetime: 20.7269
    annual_cost: 1.4258620440104404
    efficiency: 0.562549
    discharge_ratio: 0.1
    depth_of_discharge: 0.4
  Li-ion:
    cost: 122.334
    lifetime: 10.3607
    annual_cost: 11.807503354020483
    efficiency: 0.898638
    discharge_ratio: 2
    depth_of_discharge: 0.9
  Pb-acid:
    cost: 159.077
    lifetime: 10.0019
    annual_cost: 15.904678111158882
    efficiency: 0.733564
    discharge_ratio: 5
    depth_of_discharge: 0.5
  VRBF:
    cost: 191.186
    lifetime: 17.1725
    annual_cost: 11.13326539525404
    efficiency: 0.762997
    discharge_ratio: 0.5
    depth_of_discharge: 1.0
