cost_values:
  wind_capex: 5000.0
  wind_opex: 100
  wind_lifetime: 20
  solar_capex: 1000.0
  solar_opex: 10
  solar_lifetime: 20
  carbon_price: 1.0
timeseries_values:
  load_level: 200104.54069594597
  wind_year: 2011
  solar_year: 2012
  price_year: 2023
  carbon_year: 2023
storage_values:
  CAES:
    cost: 27.8381
    lifetime: 20.4776
    annual_cost: 1.3594415361175138
    efficiency: 0.555373
    discharge_ratio: 0.1
    depth_of_discharge: 0.4
  Li-ion:
    cost: 134.851
    lifetime: 10.5913
    annual_cost: 12.732242500920567
    efficiency: 0.891399
    discharge_ratio: 2
    depth_of_discharge: 0.9
  Pb-acid:
    cost: 183.338
    lifetime: 11.798
    annual_cost: 15.5397525004238
    efficiency: 0.717741
    discharge_ratio: 5
    depth_of_discharge: 0.5
  VRBF:
    cost: 189.391
    lifetime: 19.1453
    annual_cost: 9.892297326236726
    efficiency: 0.77808
    discharge_ratio: 0.5
    depth_of_discharge: 1.0
