cost_values:
  wind_capex: 5000.0
  wind_opex: 100
  wind_lifetime: 20
  solar_capex: 1000.0
  solar_opex: 10
  solar_lifetime: 20
  carbon_price: 1.0
timeseries_values:
  load_level: 200104.54069594597
  wind_year: 2011
  solar_year: 2012
  price_year: 2023
  carbon_year: 2023
storage_values:
  CAES:
    cost: 34.3129
    lifetime: 20.9591
    annual_cost: 1.6371361365707497
    efficiency: 0.56588
    discharge_ratio: 0.1
    depth_of_discharge: 0.4
  Li-ion:
    cost: 132.633
    lifetime: 11.7947
    annual_cost: 11.24513552697398
    efficiency: 0.896962
    discharge_ratio: 2
    depth_of_discharge: 0.9
  Pb-acid:
    cost: 168.85
    lifetime: 10.4654
    annual_cost: 16.134118141685935
    efficiency: 0.717494
    discharge_ratio: 5
    depth_of_discharge: 0.5
  VRBF:
    cost: 153.892
    lifetime: 16.5901
    annual_cost: 9.27613456217865
    efficiency: 0.751058
    discharge_ratio: 0.5
    depth_of_discharge: 1.0
