cost_values:
  wind_capex: 5000.0
  wind_opex: 100
  wind_lifetime: 20
  solar_capex: 1000.0
  solar_opex: 10
  solar_lifetime: 20
  carbon_price: 1.0
timeseries_values:
  load_level: 200104.54069594597
  wind_year: 2011
  solar_year: 2012
  price_year: 2023
  carbon_year: 2023
storage_values:
  CAES:
    cost: 23.1685
    lifetime: 20.2757
    annual_cost: 1.1426732492589653
    efficiency: 0.557204
    discharge_ratio: 0.1
    depth_of_discharge: 0.4
  Li-ion:
    cost: 146.153
    lifetime: 11.1018
    annual_cost: 13.164802104163288
    efficiency: 0.904587
    discharge_ratio: 2
    depth_of_discharge: 0.9
  Pb-acid:
    cost: 145.052
    lifetime: 8.85057
    annual_cost: 16.389000934403096
    efficiency: 0.709314
    discharge_ratio: 5
    depth_of_discharge: 0.5
  VRBF:
    cost: 173.966
    lifetime: 18.8042
    annual_cost: 9.251443826379212
    efficiency: 0.763807
    discharge_ratio: 0.5
    depth_of_discharge: 1.0
