cost_values:
  wind_capex: 5000.0
  wind_opex: 100
  wind_lifetime: 20
  solar_capex: 1000.0
  solar_opex: 10
  solar_lifetime: 20
  carbon_price: 1.0
timeseries_values:
  load_level: 200104.54069594597
  wind_year: 2011
  solar_year: 2012
  price_year: 2023
  carbon_year: 2023
storage_values:
  CAES:
    cost: 26.9157
    lifetime: 21.9999
    annual_cost: 1.2234464702112282
    efficiency: 0.558528
    discharge_ratio: 0.1
    depth_of_discharge: 0.4
  Li-ion:
    cost: 156.287
    lifetime: 10.8634
    annual_cost: 14.386564059134342
    efficiency: 0.919011
    discharge_ratio: 2
    depth_of_discharge: 0.9
  Pb-acid:
    cost: 165.101
    lifetime: 9.30428
    annual_cost: 17.744629353372854
    efficiency: 0.728493
    discharge_ratio: 5
    depth_of_discharge: 0.5
  VRBF:
    cost: 172.22
    lifetime: 19.2879
    annual_cost: 8.92891398234126
    efficiency: 0.764887
    discharge_ratio: 0.5
    depth_of_discharge: 1.0
