cost_values:
  wind_capex: 5000.0
  wind_opex: 100
  wind_lifetime: 20
  solar_capex: 1000.0
  solar_opex: 10
  solar_lifetime: 20
  carbon_price: 1.0
timeseries_values:
  load_level: 200104.54069594597
  wind_year: 2011
  solar_year: 2012
  price_year: 2023
  carbon_year: 2023
storage_values:
  CAES:
    cost: 21.2277
    lifetime: 20.2931
    annual_cost: 1.0460550630509877
    efficiency: 0.565864
    discharge_ratio: 0.1
    depth_of_discharge: 0.4
  Li-ion:
    cost: 135.287
    lifetime: 10.6041
    annual_cost: 12.757989834120764
    efficiency: 0.901433
    discharge_ratio: 2
    depth_of_discharge: 0.9
  Pb-acid:
    cost: 162.209
    lifetime: 9.60239
    annual_cost: 16.892565288433403
    efficiency: 0.707705
    discharge_ratio: 5
    depth_of_discharge: 0.5
  VRBF:
    cost: 147.535
    lifetime: 18.825
    annual_cost: 7.837184594953519
    efficiency: 0.742806
    discharge_ratio: 0.5
    depth_of_discharge: 1.0
