cost_values:
  wind_capex: 5000.0
  wind_opex: 100
  wind_lifetime: 20
  solar_capex: 1000.0
  solar_opex: 10
  solar_lifetime: 20
  carbon_price: 1.0
timeseries_values:
  load_level: 200104.54069594597
  wind_year: 2011
  solar_year: 2012
  price_year: 2023
  carbon_year: 2023
storage_values:
  CAES:
    cost: 28.9435
    lifetime: 21.5492
    annual_cost: 1.3431357080541273
    efficiency: 0.557531
    discharge_ratio: 0.1
    depth_of_discharge: 0.4
  Li-ion:
    cost: 141.528
    lifetime: 11.25
    annual_cost: 12.580266666666667
    efficiency: 0.901215
    discharge_ratio: 2
    depth_of_discharge: 0.9
  Pb-acid:
    cost: 170.318
    lifetime: 9.51201
    annual_cost: 17.90557411104488
    efficiency: 0.722732
    discharge_ratio: 5
    depth_of_discharge: 0.5
  VRBF:
    cost: 147.242
    lifetime: 18.3996
    annual_cost: 8.002456575142938
    efficiency: 0.776498
    discharge_ratio: 0.5
    depth_of_discharge: 1.0
