cost_values:
  wind_capex: 5000.0
  wind_opex: 100
  wind_lifetime: 20
  solar_capex: 1000.0
  solar_opex: 10
  solar_lifetime: 20
  carbon_price: 1.0
timeseries_values:
  load_level: 200104.54069594597
  wind_year: 2011
  solar_year: 2012
  price_year: 2023
  carbon_year: 2023
storage_values:
  CAES:
    cost: 30.8049
    lifetime: 20.7418
    annual_cost: 1.4851604007366765
    efficiency: 0.554974
    discharge_ratio: 0.1
    depth_of_discharge: 0.4
  Li-ion:
    cost: 137.233
    lifetime: 11.4812
    annual_cost: 11.952844650384979
    efficiency: 0.906631
    discharge_ratio: 2
    depth_of_discharge: 0.9
  Pb-acid:
    cost: 159.356
    lifetime: 8.86495
    annual_cost: 17.97596151134524
    efficiency: 0.729972
    discharge_ratio: 5
    depth_of_discharge: 0.5
  VRBF:
    cost: 176.277
    lifetime: 18.8068
    annual_cost: 9.37304591956101
    efficiency: 0.763729
    discharge_ratio: 0.5
    depth_of_discharge: 1.0
