cost_values:
  wind_capex: 5000.0
  wind_opex: 100
  wind_lifetime: 20
  solar_capex: 1000.0
  solar_opex: 10
  solar_lifetime: 20
  carbon_price: 1.0
timeseries_values:
  load_level: 200104.54069594597
  wind_year: 2011
  solar_year: 2012
  price_year: 2023
  carbon_year: 2023
storage_values:
  CAES:
    cost: 31.2599
    lifetime: 20.39
    annual_cost: 1.5330995586071603
    efficiency: 0.566453
    discharge_ratio: 0.1
    depth_of_discharge: 0.4
  Li-ion:
    cost: 139.499
    lifetime: 10.1878
    annual_cost: 13.692750152142759
    efficiency: 0.887405
    discharge_ratio: 2
    depth_of_discharge: 0.9
  Pb-acid:
    cost: 168.232
    lifetime: 11.7859
    annual_cost: 14.274005379309175
    efficiency: 0.70465
    discharge_ratio: 5
    depth_of_discharge: 0.5
  VRBF:
    cost: 150.777
    lifetime: 18.4641
    annual_cost: 8.165954473816758
    efficiency: 0.753742
    discharge_ratio: 0.5
    depth_of_discharge: 1.0
