cost_values:
  wind_capex: 5000.0
  wind_opex: 100
  wind_lifetime: 20
  solar_capex: 1000.0
  solar_opex: 10
  solar_lifetime: 20
  carbon_price: 1.0
timeseries_values:
  load_level: 200104.54069594597
  wind_year: 2011
  solar_year: 2012
  price_year: 2023
  carbon_year: 2023
storage_values:
  CAES:
    cost: 31.3236
    lifetime: 20.4749
    annual_cost: 1.5298536256587332
    efficiency: 0.567861
    discharge_ratio: 0.1
    depth_of_discharge: 0.4
  Li-ion:
    cost: 143.871
    lifetime: 11.8683
    annual_cost: 12.122292156416675
    efficiency: 0.899481
    discharge_ratio: 2
    depth_of_discharge: 0.9
  Pb-acid:
    cost: 156.635
    lifetime: 11.2753
    annual_cost: 13.89186983938343
    efficiency: 0.720228
    discharge_ratio: 5
    depth_of_discharge: 0.5
  VRBF:
    cost: 149.066
    lifetime: 17.9361
    annual_cost: 8.31094831094831
    efficiency: 0.761855
    discharge_ratio: 0.5
    depth_of_discharge: 1.0
