cost_values:
  wind_capex: 5000.0
  wind_opex: 100
  wind_lifetime: 20
  solar_capex: 1000.0
  solar_opex: 10
  solar_lifetime: 20
  carbon_price: 1.0
timeseries_values:
  load_level: 200104.54069594597
  wind_year: 2011
  solar_year: 2012
  price_year: 2023
  carbon_year: 2023
storage_values:
  CAES:
    cost: 27.9046
    lifetime: 20.5013
    annual_cost: 1.361113685473604
    efficiency: 0.559751
    discharge_ratio: 0.1
    depth_of_discharge: 0.4
  Li-ion:
    cost: 132.946
    lifetime: 10.6293
    annual_cost: 12.507502845907068
    efficiency: 0.898565
    discharge_ratio: 2
    depth_of_discharge: 0.9
  Pb-acid:
    cost: 168.674
    lifetime: 11.2538
    annual_cost: 14.988181769713341
    efficiency: 0.726616
    discharge_ratio: 5
    depth_of_discharge: 0.5
  VRBF:
    cost: 140.43
    lifetime: 18.1768
    annual_cost: 7.725782315919194
    efficiency: 0.780635
    discharge_ratio: 0.5
    depth_of_discharge: 1.0
