cost_values:
  wind_capex: 5000.0
  wind_opex: 100
  wind_lifetime: 20
  solar_capex: 1000.0
  solar_opex: 10
  solar_lifetime: 20
  carbon_price: 1.0
timeseries_values:
  load_level: 200104.54069594597
  wind_year: 2011
  solar_year: 2012
  price_year: 2023
  carbon_year: 2023
storage_values:
  CAES:
    cost: 27.5271
    lifetime: 20.0302
    annual_cost: 1.3742798374454575
    efficiency: 0.565464
    discharge_ratio: 0.1
    depth_of_discharge: 0.4
  Li-ion:
    cost: 157.277
    lifetime: 10.1687
    annual_cost: 15.466775497359544
    efficiency: 0.898949
    discharge_ratio: 2
    depth_of_discharge: 0.9
  Pb-acid:
    cost: 139.928
    lifetime: 9.88998
    annual_cost: 14.148461372014909
    efficiency: 0.727197
    discharge_ratio: 5
    depth_of_discharge: 0.5
  VRBF:
    cost: 145.262
    lifetime: 17.3115
    annual_cost: 8.391069520261098
    efficiency: 0.778959
    discharge_ratio: 0.5
    depth_of_discharge: 1.0
