cost_values:
  wind_capex: 5000.0
  wind_opex: 100
  wind_lifetime: 20
  solar_capex: 1000.0
  solar_opex: 10
  solar_lifetime: 20
  carbon_price: 1.0
timeseries_values:
  load_level: 200104.54069594597
  wind_year: 2011
  solar_year: 2012
  price_year: 2023
  carbon_year: 2023
storage_values:
  CAES:
    cost: 26.5635
    lifetime: 20.3728
    annual_cost: 1.3038708474043823
    efficiency: 0.556117
    discharge_ratio: 0.1
    depth_of_discharge: 0.4
  Li-ion:
    cost: 128.274
    lifetime: 10.3702
    annual_cost: 12.3694817843436
    efficiency: 0.909562
    discharge_ratio: 2
    depth_of_discharge: 0.9
  Pb-acid:
    cost: 156.472
    lifetime: 10.0167
    annual_cost: 15.621112741721326
    efficiency: 0.736342
    discharge_ratio: 5
    depth_of_discharge: 0.5
  VRBF:
    cost: 169.438
    lifetime: 16.5629
    annual_cost: 10.229971804454534
    efficiency: 0.762089
    discharge_ratio: 0.5
    depth_of_discharge: 1.0
