cost_values:
  wind_capex: 5000.0
  wind_opex: 100
  wind_lifetime: 20
  solar_capex: 1000.0
  solar_opex: 10
  solar_lifetime: 20
  carbon_price: 1.0
timeseries_values:
  load_level: 200104.54069594597
  wind_year: 2011
  solar_year: 2012
  price_year: 2023
  carbon_year: 2023
storage_values:
  CAES:
    cost: 27.4445
    lifetime: 20.3708
    annual_cost: 1.3472470398806136
    efficiency: 0.564882
    discharge_ratio: 0.1
    depth_of_discharge: 0.4
  Li-ion:
    cost: 168.214
    lifetime: 11.3819
    annual_cost: 14.779079064128133
    efficiency: 0.907776
    discharge_ratio: 2
    depth_of_discharge: 0.9
  Pb-acid:
    cost: 157.704
    lifetime: 10.3353
    annual_cost: 15.25877333023715
    efficiency: 0.7232
    discharge_ratio: 5
    depth_of_discharge: 0.5
  VRBF:
    cost: 144.665
    lifetime: 17.976
    annual_cost: 8.047674677347574
    efficiency: 0.767136
    discharge_ratio: 0.5
    depth_of_discharge: 1.0
