cost_values:
  wind_capex: 5000.0
  wind_opex: 100
  wind_lifetime: 20
  solar_capex: 1000.0
  solar_opex: 10
  solar_lifetime: 20
  carbon_price: 1.0
timeseries_values:
  load_level: 200104.54069594597
  wind_year: 2011
  solar_year: 2012
  price_year: 2023
  carbon_year: 2023
storage_values:
  CAES:
    cost: 23.0043
    lifetime: 20.7791
    annual_cost: 1.1070883724511649
    efficiency: 0.557266
    discharge_ratio: 0.1
    depth_of_discharge: 0.4
  Li-ion:
    cost: 143.972
    lifetime: 10.3836
    annual_cost: 13.865326091143729
    efficiency: 0.889916
    discharge_ratio: 2
    depth_of_discharge: 0.9
  Pb-acid:
    cost: 158.219
    lifetime: 9.16887
    annual_cost: 17.256106804873447
    efficiency: 0.726098
    discharge_ratio: 5
    depth_of_discharge: 0.5
  VRBF:
    cost: 133.793
    lifetime: 16.8233
    annual_cost: 7.9528392170382745
    efficiency: 0.766374
    discharge_ratio: 0.5
    depth_of_discharge: 1.0
