cost_values:
  wind_capex: 5000.0
  wind_opex: 100
  wind_lifetime: 20
  solar_capex: 1000.0
  solar_opex: 10
  solar_lifetime: 20
  carbon_price: 1.0
timeseries_values:
  load_level: 200104.54069594597
  wind_year: 2011
  solar_year: 2012
  price_year: 2023
  carbon_year: 2023
storage_values:
  CAES:
    cost: 29.0396
    lifetime: 20.7399
    annual_cost: 1.4001803287383257
    efficiency: 0.565826
    discharge_ratio: 0.1
    depth_of_discharge: 0.4
  Li-ion:
    cost: 148.213
    lifetime: 10.4354
    annual_cost: 14.202905494758227
    efficiency: 0.916917
    discharge_ratio: 2
    depth_of_discharge: 0.9
  Pb-acid:
    cost: 176.472
    lifetime: 10.6325
    annual_cost: 16.597413590406774
    efficiency: 0.713602
    discharge_ratio: 5
    depth_of_discharge: 0.5
  VRBF:
    cost: 171.253
    lifetime: 18.7136
    annual_cost: 9.15125897742818
    efficiency: 0.763433
    discharge_ratio: 0.5
    depth_of_discharge: 1.0
