cost_values:
  wind_capex: 5000.0
  wind_opex: 100
  wind_lifetime: 20
  solar_capex: 1000.0
  solar_opex: 10
  solar_lifetime: 20
  carbon_price: 1.0
timeseries_values:
  load_level: 200104.54069594597
  wind_year: 2011
  solar_year: 2012
  price_year: 2023
  carbon_year: 2023
storage_values:
  CAES:
    cost: 28.7321
    lifetime: 20.8836
    annual_cost: 1.375821218563849
    efficiency: 0.564445
    discharge_ratio: 0.1
    depth_of_discharge: 0.4
  Li-ion:
    cost: 140.663
    lifetime: 10.7852
    annual_cost: 13.042224529911362
    efficiency: 0.889443
    discharge_ratio: 2
    depth_of_discharge: 0.9
  Pb-acid:
    cost: 151.532
    lifetime: 9.87801
    annual_cost: 15.340336768235709
    efficiency: 0.723897
    discharge_ratio: 5
    depth_of_discharge: 0.5
  VRBF:
    cost: 164.696
    lifetime: 19.2935
    annual_cost: 8.536346437919505
    efficiency: 0.752614
    discharge_ratio: 0.5
    depth_of_discharge: 1.0
