cost_values:
  wind_capex: 5000.0
  wind_opex: 100
  wind_lifetime: 20
  solar_capex: 1000.0
  solar_opex: 10
  solar_lifetime: 20
  carbon_price: 1.0
timeseries_values:
  load_level: 200104.54069594597
  wind_year: 2011
  solar_year: 2012
  price_year: 2023
  carbon_year: 2023
storage_values:
  CAES:
    cost: 32.1299
    lifetime: 21.0581
    annual_cost: 1.5257739302216249
    efficiency: 0.570027
    discharge_ratio: 0.1
    depth_of_discharge: 0.4
  Li-ion:
    cost: 141.903
    lifetime: 10.9543
    annual_cost: 12.954091087518142
    efficiency: 0.892562
    discharge_ratio: 2
    depth_of_discharge: 0.9
  Pb-acid:
    cost: 163.687
    lifetime: 11.146
    annual_cost: 14.685716849093845
    efficiency: 0.735862
    discharge_ratio: 5
    depth_of_discharge: 0.5
  VRBF:
    cost: 157.987
    lifetime: 18.069
    annual_cost: 8.743538657368974
    efficiency: 0.749137
    discharge_ratio: 0.5
    depth_of_discharge: 1.0
