cost_values:
  wind_capex: 5000.0
  wind_opex: 100
  wind_lifetime: 20
  solar_capex: 1000.0
  solar_opex: 10
  solar_lifetime: 20
  carbon_price: 1.0
timeseries_values:
  load_level: 200104.54069594597
  wind_year: 2011
  solar_year: 2012
  price_year: 2023
  carbon_year: 2023
storage_values:
  CAES:
    cost: 29.8952
    lifetime: 21.3982
    annual_cost: 1.3970894748156386
    efficiency: 0.561875
    discharge_ratio: 0.1
    depth_of_discharge: 0.4
  Li-ion:
    cost: 137.139
    lifetime: 11.1201
    annual_cost: 12.332532980818518
    efficiency: 0.905156
    discharge_ratio: 2
    depth_of_discharge: 0.9
  Pb-acid:
    cost: 156.301
    lifetime: 11.6769
    annual_cost: 13.385487586602608
    efficiency: 0.721073
    discharge_ratio: 5
    depth_of_discharge: 0.5
  VRBF:
    cost: 174.205
    lifetime: 17.1378
    annual_cost: 10.164956995647051
    efficiency: 0.75353
    discharge_ratio: 0.5
    depth_of_discharge: 1.0
