cost_values:
  wind_capex: 5000.0
  wind_opex: 100
  wind_lifetime: 20
  solar_capex: 1000.0
  solar_opex: 10
  solar_lifetime: 20
  carbon_price: 1.0
timeseries_values:
  load_level: 200104.54069594597
  wind_year: 2011
  solar_year: 2012
  price_year: 2023
  carbon_year: 2023
storage_values:
  CAES:
    cost: 22.9492
    lifetime: 20.9887
    annual_cost: 1.0934074049369422
    efficiency: 0.559817
    discharge_ratio: 0.1
    depth_of_discharge: 0.4
  Li-ion:
    cost: 132.467
    lifetime: 12.195
    annual_cost: 10.862402624026242
    efficiency: 0.889212
    discharge_ratio: 2
    depth_of_discharge: 0.9
  Pb-acid:
    cost: 151.256
    lifetime: 8.99342
    annual_cost: 16.818518427917297
    efficiency: 0.716027
    discharge_ratio: 5
    depth_of_discharge: 0.5
  VRBF:
    cost: 122.776
    lifetime: 19.0989
    annual_cost: 6.428433051118127
    efficiency: 0.74199
    discharge_ratio: 0.5
    depth_of_discharge: 1.0
