cost_values:
  wind_capex: 5000.0
  wind_opex: 100
  wind_lifetime: 20
  solar_capex: 1000.0
  solar_opex: 10
  solar_lifetime: 20
  carbon_price: 1.0
timeseries_values:
  load_level: 200104.54069594597
  wind_year: 2011
  solar_year: 2012
  price_year: 2023
  carbon_year: 2023
storage_values:
  CAES:
    cost: 33.8084
    lifetime: 21.5782
    annual_cost: 1.566784995968153
    efficiency: 0.561207
    discharge_ratio: 0.1
    depth_of_discharge: 0.4
  Li-ion:
    cost: 142.762
    lifetime: 10.5763
    annual_cost: 13.49829335400849
    efficiency: 0.894661
    discharge_ratio: 2
    depth_of_discharge: 0.9
  Pb-acid:
    cost: 159.556
    lifetime: 9.17888
    annual_cost: 17.382948682192165
    efficiency: 0.720259
    discharge_ratio: 5
    depth_of_discharge: 0.5
  VRBF:
    cost: 163.498
    lifetime: 18.5706
    annual_cost: 8.804131261240887
    efficiency: 0.731876
    discharge_ratio: 0.5
    depth_of_discharge: 1.0
