cost_values:
  wind_capex: 5000.0
  wind_opex: 100
  wind_lifetime: 20
  solar_capex: 1000.0
  solar_opex: 10
  solar_lifetime: 20
  carbon_price: 1.0
timeseries_values:
  load_level: 200104.54069594597
  wind_year: 2011
  solar_year: 2012
  price_year: 2023
  carbon_year: 2023
storage_values:
  CAES:
    cost: 26.5896
    lifetime: 21.3189
    annual_cost: 1.247231329946667
    efficiency: 0.559117
    discharge_ratio: 0.1
    depth_of_discharge: 0.4
  Li-ion:
    cost: 113.321
    lifetime: 11.8038
    annual_cost: 9.600382927531811
    efficiency: 0.912501
    discharge_ratio: 2
    depth_of_discharge: 0.9
  Pb-acid:
    cost: 162.664
    lifetime: 9.9962
    annual_cost: 16.27258358176107
    efficiency: 0.726271
    discharge_ratio: 5
    depth_of_discharge: 0.5
  VRBF:
    cost: 153.163
    lifetime: 19.2267
    annual_cost: 7.966161639802983
    efficiency: 0.759045
    discharge_ratio: 0.5
    depth_of_discharge: 1.0
