cost_values:
  wind_capex: 5000.0
  wind_opex: 100
  wind_lifetime: 20
  solar_capex: 1000.0
  solar_opex: 10
  solar_lifetime: 20
  carbon_price: 1.0
timeseries_values:
  load_level: 200104.54069594597
  wind_year: 2011
  solar_year: 2012
  price_year: 2023
  carbon_year: 2023
storage_values:
  CAES:
    cost: 30.3673
    lifetime: 21.061
    annual_cost: 1.4418736052419163
    efficiency: 0.551564
    discharge_ratio: 0.1
    depth_of_discharge: 0.4
  Li-ion:
    cost: 145.952
    lifetime: 11.9176
    annual_cost: 12.246761092837483
    efficiency: 0.908575
    discharge_ratio: 2
    depth_of_discharge: 0.9
  Pb-acid:
    cost: 170.539
    lifetime: 10.4899
    annual_cost: 16.25744764011096
    efficiency: 0.714202
    discharge_ratio: 5
    depth_of_discharge: 0.5
  VRBF:
    cost: 171.334
    lifetime: 16.3723
    annual_cost: 10.464870543540004
    efficiency: 0.753848
    discharge_ratio: 0.5
    depth_of_discharge: 1.0
