cost_values:
  wind_capex: 5000.0
  wind_opex: 100
  wind_lifetime: 20
  solar_capex: 1000.0
  solar_opex: 10
  solar_lifetime: 20
  carbon_price: 1.0
timeseries_values:
  load_level: 200104.54069594597
  wind_year: 2011
  solar_year: 2012
  price_year: 2023
  carbon_year: 2023
storage_values:
  CAES:
    cost: 29.8766
    lifetime: 20.7754
    annual_cost: 1.4380758011879433
    efficiency: 0.561304
    discharge_ratio: 0.1
    depth_of_discharge: 0.4
  Li-ion:
    cost: 142.382
    lifetime: 14.0699
    annual_cost: 10.119617054847582
    efficiency: 0.908968
    discharge_ratio: 2
    depth_of_discharge: 0.9
  Pb-acid:
    cost: 166.698
    lifetime: 9.85945
    annual_cost: 16.907433984654315
    efficiency: 0.720085
    discharge_ratio: 5
    depth_of_discharge: 0.5
  VRBF:
    cost: 172.842
    lifetime: 19.1916
    annual_cost: 9.006127680860377
    efficiency: 0.762412
    discharge_ratio: 0.5
    depth_of_discharge: 1.0
