cost_values:
  wind_capex: 5000.0
  wind_opex: 100
  wind_lifetime: 20
  solar_capex: 1000.0
  solar_opex: 10
  solar_lifetime: 20
  carbon_price: 1.0
timeseries_values:
  load_level: 200104.54069594597
  wind_year: 2011
  solar_year: 2012
  price_year: 2023
  carbon_year: 2023
storage_values:
  CAES:
    cost: 27.0406
    lifetime: 20.1311
    annual_cost: 1.3432251590822162
    efficiency: 0.561806
    discharge_ratio: 0.1
    depth_of_discharge: 0.4
  Li-ion:
    cost: 140.365
    lifetime: 12.2382
    annual_cost: 11.469415436910657
    efficiency: 0.914523
    discharge_ratio: 2
    depth_of_discharge: 0.9
  Pb-acid:
    cost: 175.524
    lifetime: 10.0876
    annual_cost: 17.39997620841429
    efficiency: 0.716376
    discharge_ratio: 5
    depth_of_discharge: 0.5
  VRBF:
    cost: 182.322
    lifetime: 18.9942
    annual_cost: 9.598824904444514
    efficiency: 0.730592
    discharge_ratio: 0.5
    depth_of_discharge: 1.0
