cost_values:
  wind_capex: 5000.0
  wind_opex: 100
  wind_lifetime: 20
  solar_capex: 1000.0
  solar_opex: 10
  solar_lifetime: 20
  carbon_price: 1.0
timeseries_values:
  load_level: 200104.54069594597
  wind_year: 2011
  solar_year: 2012
  price_year: 2023
  carbon_year: 2023
storage_values:
  CAES:
    cost: 27.1651
    lifetime: 20.5387
    annual_cost: 1.3226299619742243
    efficiency: 0.577204
    discharge_ratio: 0.1
    depth_of_discharge: 0.4
  Li-ion:
    cost: 151.202
    lifetime: 11.0838
    annual_cost: 13.64171132644039
    efficiency: 0.923822
    discharge_ratio: 2
    depth_of_discharge: 0.9
  Pb-acid:
    cost: 151.073
    lifetime: 8.94594
    annual_cost: 16.88732542359998
    efficiency: 0.714125
    discharge_ratio: 5
    depth_of_discharge: 0.5
  VRBF:
    cost: 145.946
    lifetime: 17.7045
    annual_cost: 8.243440933096105
    efficiency: 0.757951
    discharge_ratio: 0.5
    depth_of_discharge: 1.0
