cost_values:
  wind_capex: 5000.0
  wind_opex: 100
  wind_lifetime: 20
  solar_capex: 1000.0
  solar_opex: 10
  solar_lifetime: 20
  carbon_price: 1.0
timeseries_values:
  load_level: 200104.54069594597
  wind_year: 2011
  solar_year: 2012
  price_year: 2023
  carbon_year: 2023
storage_values:
  CAES:
    cost: 24.1904
    lifetime: 20.9286
    annual_cost: 1.155853712145103
    efficiency: 0.564772
    discharge_ratio: 0.1
    depth_of_discharge: 0.4
  Li-ion:
    cost: 138.109
    lifetime: 12.7395
    annual_cost: 10.841006318929315
    efficiency: 0.898091
    discharge_ratio: 2
    depth_of_discharge: 0.9
  Pb-acid:
    cost: 164.27
    lifetime: 9.35576
    annual_cost: 17.55816737496473
    efficiency: 0.714592
    discharge_ratio: 5
    depth_of_discharge: 0.5
  VRBF:
    cost: 169.04
    lifetime: 18.2828
    annual_cost: 9.245848557113789
    efficiency: 0.735151
    discharge_ratio: 0.5
    depth_of_discharge: 1.0
