cost_values:
  wind_capex: 5000.0
  wind_opex: 100
  wind_lifetime: 20
  solar_capex: 1000.0
  solar_opex: 10
  solar_lifetime: 20
  carbon_price: 1.0
timeseries_values:
  load_level: 200104.54069594597
  wind_year: 2011
  solar_year: 2012
  price_year: 2023
  carbon_year: 2023
storage_values:
  CAES:
    cost: 24.7921
    lifetime: 20.974
    annual_cost: 1.1820396681605798
    efficiency: 0.568617
    discharge_ratio: 0.1
    depth_of_discharge: 0.4
  Li-ion:
    cost: 138.127
    lifetime: 11.1085
    annual_cost: 12.434352072737095
    efficiency: 0.904715
    discharge_ratio: 2
    depth_of_discharge: 0.9
  Pb-acid:
    cost: 166.113
    lifetime: 10.7625
    annual_cost: 15.434425087108014
    efficiency: 0.723784
    discharge_ratio: 5
    depth_of_discharge: 0.5
  VRBF:
    cost: 165.172
    lifetime: 18.8601
    annual_cost: 8.75774783802843
    efficiency: 0.75415
    discharge_ratio: 0.5
    depth_of_discharge: 1.0
