cost_values:
  wind_capex: 5000.0
  wind_opex: 100
  wind_lifetime: 20
  solar_capex: 1000.0
  solar_opex: 10
  solar_lifetime: 20
  carbon_price: 1.0
timeseries_values:
  load_level: 200104.54069594597
  wind_year: 2011
  solar_year: 2012
  price_year: 2023
  carbon_year: 2023
storage_values:
  CAES:
    cost: 29.0315
    lifetime: 21.0354
    annual_cost: 1.3801258830352645
    efficiency: 0.560706
    discharge_ratio: 0.1
    depth_of_discharge: 0.4
  Li-ion:
    cost: 176.855
    lifetime: 10.2804
    annual_cost: 17.203124392047002
    efficiency: 0.903322
    discharge_ratio: 2
    depth_of_discharge: 0.9
  Pb-acid:
    cost: 129.511
    lifetime: 9.17691
    annual_cost: 14.112702423800604
    efficiency: 0.723636
    discharge_ratio: 5
    depth_of_discharge: 0.5
  VRBF:
    cost: 186.116
    lifetime: 17.77
    annual_cost: 10.47360720315138
    efficiency: 0.750099
    discharge_ratio: 0.5
    depth_of_discharge: 1.0
