cost_values:
  wind_capex: 5000.0
  wind_opex: 100
  wind_lifetime: 20
  solar_capex: 1000.0
  solar_opex: 10
  solar_lifetime: 20
  carbon_price: 1.0
timeseries_values:
  load_level: 200104.54069594597
  wind_year: 2011
  solar_year: 2012
  price_year: 2023
  carbon_year: 2023
storage_values:
  CAES:
    cost: 33.5094
    lifetime: 20.3176
    annual_cost: 1.6492794424538333
    efficiency: 0.56288
    discharge_ratio: 0.1
    depth_of_discharge: 0.4
  Li-ion:
    cost: 151.335
    lifetime: 11.1417
    annual_cost: 13.582756670885054
    efficiency: 0.903624
    discharge_ratio: 2
    depth_of_discharge: 0.9
  Pb-acid:
    cost: 163.378
    lifetime: 9.63057
    annual_cost: 16.964520272424163
    efficiency: 0.729106
    discharge_ratio: 5
    depth_of_discharge: 0.5
  VRBF:
    cost: 184.836
    lifetime: 18.7607
    annual_cost: 9.852297622156957
    efficiency: 0.767651
    discharge_ratio: 0.5
    depth_of_discharge: 1.0
