cost_values:
  wind_capex: 5000.0
  wind_opex: 100
  wind_lifetime: 20
  solar_capex: 1000.0
  solar_opex: 10
  solar_lifetime: 20
  carbon_price: 1.0
timeseries_values:
  load_level: 240053.4814613137
  wind_year: 2011
  solar_year: 2011
  price_year: 2023
  carbon_year: 2023
storage_values:
  CAES:
    cost: 53.1018
    lifetime: 25.5046
    annual_cost: 2.0820479442924023
    efficiency: 0.589288
    discharge_ratio: 0.1
    depth_of_discharge: 0.4
  Li-ion:
    cost: 156.023
    lifetime: 27.5972
    annual_cost: 5.653580798051976
    efficiency: 0.936955
    discharge_ratio: 2
    depth_of_discharge: 0.9
  Pb-acid:
    cost: 200.721
    lifetime: 10.0184
    annual_cost: 20.035235167292182
    efficiency: 0.683433
    discharge_ratio: 5
    depth_of_discharge: 0.5
  VRBF:
    cost: 186.503
    lifetime: 20.2661
    annual_cost: 9.202707970453119
    efficiency: 0.703489
    discharge_ratio: 0.5
    depth_of_discharge: 1.0
