cost_values:
  wind_capex: 5000.0
  wind_opex: 100
  wind_lifetime: 20
  solar_capex: 1000.0
  solar_opex: 10
  solar_lifetime: 20
  carbon_price: 1.0
timeseries_values:
  load_level: 240053.4814613137
  wind_year: 2011
  solar_year: 2011
  price_year: 2023
  carbon_year: 2023
storage_values:
  CAES:
    cost: 53.5061
    lifetime: 26.092
    annual_cost: 2.0506707036639584
    efficiency: 0.605581
    discharge_ratio: 0.1
    depth_of_discharge: 0.4
  Li-ion:
    cost: 162.006
    lifetime: 28.9844
    annual_cost: 5.589420515863706
    efficiency: 0.948496
    discharge_ratio: 2
    depth_of_discharge: 0.9
  Pb-acid:
    cost: 211.149
    lifetime: 11.9915
    annual_cost: 17.608222490931077
    efficiency: 0.672831
    discharge_ratio: 5
    depth_of_discharge: 0.5
  VRBF:
    cost: 204.261
    lifetime: 20.9801
    annual_cost: 9.735940248139904
    efficiency: 0.709788
    discharge_ratio: 0.5
    depth_of_discharge: 1.0
