cost_values:
  wind_capex: 5000.0
  wind_opex: 100
  wind_lifetime: 20
  solar_capex: 1000.0
  solar_opex: 10
  solar_lifetime: 20
  carbon_price: 1.0
timeseries_values:
  load_level: 240053.4814613137
  wind_year: 2011
  solar_year: 2011
  price_year: 2023
  carbon_year: 2023
storage_values:
  CAES:
    cost: 53.3175
    lifetime: 25.5209
    annual_cost: 2.08917005278027
    efficiency: 0.582856
    discharge_ratio: 0.1
    depth_of_discharge: 0.4
  Li-ion:
    cost: 147.774
    lifetime: 29.1866
    annual_cost: 5.063076891450186
    efficiency: 0.938276
    discharge_ratio: 2
    depth_of_discharge: 0.9
  Pb-acid:
    cost: 197.25
    lifetime: 9.29895
    annual_cost: 21.21207233074702
    efficiency: 0.669604
    discharge_ratio: 5
    depth_of_discharge: 0.5
  VRBF:
    cost: 216.01
    lifetime: 19.9648
    annual_cost: 10.81954239461452
    efficiency: 0.735735
    discharge_ratio: 0.5
    depth_of_discharge: 1.0
