cost_values:
  wind_capex: 5000.0
  wind_opex: 100
  wind_lifetime: 20
  solar_capex: 1000.0
  solar_opex: 10
  solar_lifetime: 20
  carbon_price: 1.0
timeseries_values:
  load_level: 240053.4814613137
  wind_year: 2011
  solar_year: 2011
  price_year: 2023
  carbon_year: 2023
storage_values:
  CAES:
    cost: 51.7071
    lifetime: 26.4924
    annual_cost: 1.9517710739683833
    efficiency: 0.60052
    discharge_ratio: 0.1
    depth_of_discharge: 0.4
  Li-ion:
    cost: 135.743
    lifetime: 29.3187
    annual_cost: 4.629911967447397
    efficiency: 0.941221
    discharge_ratio: 2
    depth_of_discharge: 0.9
  Pb-acid:
    cost: 196.48
    lifetime: 9.86731
    annual_cost: 19.912215183266767
    efficiency: 0.684254
    discharge_ratio: 5
    depth_of_discharge: 0.5
  VRBF:
    cost: 211.406
    lifetime: 21.6208
    annual_cost: 9.777899060164287
    efficiency: 0.713785
    discharge_ratio: 0.5
    depth_of_discharge: 1.0
