cost_values:
  wind_capex: 5000.0
  wind_opex: 100
  wind_lifetime: 20
  solar_capex: 1000.0
  solar_opex: 10
  solar_lifetime: 20
  carbon_price: 1.0
timeseries_values:
  load_level: 240053.4814613137
  wind_year: 2011
  solar_year: 2011
  price_year: 2023
  carbon_year: 2023
storage_values:
  CAES:
    cost: 50.897
    lifetime: 24.8102
    annual_cost: 2.051454643654626
    efficiency: 0.604624
    discharge_ratio: 0.1
    depth_of_discharge: 0.4
  Li-ion:
    cost: 152.385
    lifetime: 27.276
    annual_cost: 5.586779586449626
    efficiency: 0.954331
    discharge_ratio: 2
    depth_of_discharge: 0.9
  Pb-acid:
    cost: 209.362
    lifetime: 10.9824
    annual_cost: 19.063410547785548
    efficiency: 0.675388
    discharge_ratio: 5
    depth_of_discharge: 0.5
  VRBF:
    cost: 194.6
    lifetime: 19.7712
    annual_cost: 9.842599336408513
    efficiency: 0.716867
    discharge_ratio: 0.5
    depth_of_discharge: 1.0
