cost_values:
  wind_capex: 5000.0
  wind_opex: 100
  wind_lifetime: 20
  solar_capex: 1000.0
  solar_opex: 10
  solar_lifetime: 20
  carbon_price: 1.0
timeseries_values:
  load_level: 240053.4814613137
  wind_year: 2011
  solar_year: 2011
  price_year: 2023
  carbon_year: 2023
storage_values:
  CAES:
    cost: 56.4528
    lifetime: 25.6308
    annual_cost: 2.202537571983707
    efficiency: 0.589815
    discharge_ratio: 0.1
    depth_of_discharge: 0.4
  Li-ion:
    cost: 177.599
    lifetime: 28.4866
    annual_cost: 6.234475156740362
    efficiency: 0.963904
    discharge_ratio: 2
    depth_of_discharge: 0.9
  Pb-acid:
    cost: 193.138
    lifetime: 11.0274
    annual_cost: 17.514373288354463
    efficiency: 0.677459
    discharge_ratio: 5
    depth_of_discharge: 0.5
  VRBF:
    cost: 202.255
    lifetime: 22.2026
    annual_cost: 9.10951870501653
    efficiency: 0.718179
    discharge_ratio: 0.5
    depth_of_discharge: 1.0
