cost_values:
  wind_capex: 5000.0
  wind_opex: 100
  wind_lifetime: 20
  solar_capex: 1000.0
  solar_opex: 10
  solar_lifetime: 20
  carbon_price: 1.0
timeseries_values:
  load_level: 240053.4814613137
  wind_year: 2011
  solar_year: 2011
  price_year: 2023
  carbon_year: 2023
storage_values:
  CAES:
    cost: 61.5574
    lifetime: 27.07
    annual_cost: 2.274008127077946
    efficiency: 0.599562
    discharge_ratio: 0.1
    depth_of_discharge: 0.4
  Li-ion:
    cost: 170.169
    lifetime: 29.5128
    annual_cost: 5.765938846873222
    efficiency: 0.951473
    discharge_ratio: 2
    depth_of_discharge: 0.9
  Pb-acid:
    cost: 204.777
    lifetime: 9.18921
    annual_cost: 22.284505414502444
    efficiency: 0.680558
    discharge_ratio: 5
    depth_of_discharge: 0.5
  VRBF:
    cost: 208.66
    lifetime: 20.5923
    annual_cost: 10.132913759026431
    efficiency: 0.729824
    discharge_ratio: 0.5
    depth_of_discharge: 1.0
