cost_values:
  wind_capex: 5000.0
  wind_opex: 100
  wind_lifetime: 20
  solar_capex: 1000.0
  solar_opex: 10
  solar_lifetime: 20
  carbon_price: 1.0
timeseries_values:
  load_level: 240053.4814613137
  wind_year: 2011
  solar_year: 2011
  price_year: 2023
  carbon_year: 2023
storage_values:
  CAES:
    cost: 51.6928
    lifetime: 26.4609
    annual_cost: 1.9535541119160724
    efficiency: 0.598383
    discharge_ratio: 0.1
    depth_of_discharge: 0.4
  Li-ion:
    cost: 175.527
    lifetime: 26.0699
    annual_cost: 6.7329372187848815
    efficiency: 0.955413
    discharge_ratio: 2
    depth_of_discharge: 0.9
  Pb-acid:
    cost: 199.148
    lifetime: 8.79855
    annual_cost: 22.634184041688684
    efficiency: 0.658358
    discharge_ratio: 5
    depth_of_discharge: 0.5
  VRBF:
    cost: 213.815
    lifetime: 20.8113
    annual_cost: 10.273985767347547
    efficiency: 0.724459
    discharge_ratio: 0.5
    depth_of_discharge: 1.0
