cost_values:
  wind_capex: 5000.0
  wind_opex: 100
  wind_lifetime: 20
  solar_capex: 1000.0
  solar_opex: 10
  solar_lifetime: 20
  carbon_price: 1.0
timeseries_values:
  load_level: 240053.4814613137
  wind_year: 2011
  solar_year: 2011
  price_year: 2023
  carbon_year: 2023
storage_values:
  CAES:
    cost: 45.4943
    lifetime: 26.0368
    annual_cost: 1.747307656854913
    efficiency: 0.595389
    discharge_ratio: 0.1
    depth_of_discharge: 0.4
  Li-ion:
    cost: 154.417
    lifetime: 26.9812
    annual_cost: 5.723133144559916
    efficiency: 0.938257
    discharge_ratio: 2
    depth_of_discharge: 0.9
  Pb-acid:
    cost: 187.175
    lifetime: 9.4213
    annual_cost: 19.86721577701591
    efficiency: 0.656768
    discharge_ratio: 5
    depth_of_discharge: 0.5
  VRBF:
    cost: 205.42
    lifetime: 19.7278
    annual_cost: 10.412717079451333
    efficiency: 0.727159
    discharge_ratio: 0.5
    depth_of_discharge: 1.0
