cost_values:
  wind_capex: 5000.0
  wind_opex: 100
  wind_lifetime: 20
  solar_capex: 1000.0
  solar_opex: 10
  solar_lifetime: 20
  carbon_price: 1.0
timeseries_values:
  load_level: 240053.4814613137
  wind_year: 2011
  solar_year: 2011
  price_year: 2023
  carbon_year: 2023
storage_values:
  CAES:
    cost: 54.5722
    lifetime: 25.9235
    annual_cost: 2.105124693810635
    efficiency: 0.598058
    discharge_ratio: 0.1
    depth_of_discharge: 0.4
  Li-ion:
    cost: 161.269
    lifetime: 28.6194
    annual_cost: 5.634953912381112
    efficiency: 0.951766
    discharge_ratio: 2
    depth_of_discharge: 0.9
  Pb-acid:
    cost: 181.697
    lifetime: 8.82912
    annual_cost: 20.579287630024286
    efficiency: 0.674303
    discharge_ratio: 5
    depth_of_discharge: 0.5
  VRBF:
    cost: 166.895
    lifetime: 19.9435
    annual_cost: 8.36839070373806
    efficiency: 0.701383
    discharge_ratio: 0.5
    depth_of_discharge: 1.0
