cost_values:
  wind_capex: 5000.0
  wind_opex: 100
  wind_lifetime: 20
  solar_capex: 1000.0
  solar_opex: 10
  solar_lifetime: 20
  carbon_price: 1.0
timeseries_values:
  load_level: 240053.4814613137
  wind_year: 2011
  solar_year: 2011
  price_year: 2023
  carbon_year: 2023
storage_values:
  CAES:
    cost: 51.5758
    lifetime: 25.445
    annual_cost: 2.0269522499508743
    efficiency: 0.591864
    discharge_ratio: 0.1
    depth_of_discharge: 0.4
  Li-ion:
    cost: 152.124
    lifetime: 28.7792
    annual_cost: 5.285900928448323
    efficiency: 0.941323
    discharge_ratio: 2
    depth_of_discharge: 0.9
  Pb-acid:
    cost: 183.954
    lifetime: 10.3339
    annual_cost: 17.801023814823058
    efficiency: 0.677432
    discharge_ratio: 5
    depth_of_discharge: 0.5
  VRBF:
    cost: 193.133
    lifetime: 19.7365
    annual_cost: 9.7855749499658
    efficiency: 0.700471
    discharge_ratio: 0.5
    depth_of_discharge: 1.0
