cost_values:
  wind_capex: 5000.0
  wind_opex: 100
  wind_lifetime: 20
  solar_capex: 1000.0
  solar_opex: 10
  solar_lifetime: 20
  carbon_price: 1.0
timeseries_values:
  load_level: 240053.4814613137
  wind_year: 2011
  solar_year: 2011
  price_year: 2023
  carbon_year: 2023
storage_values:
  CAES:
    cost: 49.4436
    lifetime: 26.214
    annual_cost: 1.8861524376287482
    efficiency: 0.60047
    discharge_ratio: 0.1
    depth_of_discharge: 0.4
  Li-ion:
    cost: 169.067
    lifetime: 29.4663
    annual_cost: 5.737639269266926
    efficiency: 0.942198
    discharge_ratio: 2
    depth_of_discharge: 0.9
  Pb-acid:
    cost: 182.212
    lifetime: 9.77608
    annual_cost: 18.638554512647193
    efficiency: 0.673348
    discharge_ratio: 5
    depth_of_discharge: 0.5
  VRBF:
    cost: 158.929
    lifetime: 21.8752
    annual_cost: 7.265259289057929
    efficiency: 0.699602
    discharge_ratio: 0.5
    depth_of_discharge: 1.0
