cost_values:
  wind_capex: 5000.0
  wind_opex: 100
  wind_lifetime: 20
  solar_capex: 1000.0
  solar_opex: 10
  solar_lifetime: 20
  carbon_price: 1.0
timeseries_values:
  load_level: 240053.4814613137
  wind_year: 2011
  solar_year: 2011
  price_year: 2023
  carbon_year: 2023
storage_values:
  CAES:
    cost: 54.9145
    lifetime: 25.7163
    annual_cost: 2.135396616153957
    efficiency: 0.591029
    discharge_ratio: 0.1
    depth_of_discharge: 0.4
  Li-ion:
    cost: 161.477
    lifetime: 28.7734
    annual_cost: 5.612023605135299
    efficiency: 0.947811
    discharge_ratio: 2
    depth_of_discharge: 0.9
  Pb-acid:
    cost: 185.005
    lifetime: 9.78676
    annual_cost: 18.903600374383352
    efficiency: 0.696133
    discharge_ratio: 5
    depth_of_discharge: 0.5
  VRBF:
    cost: 215.714
    lifetime: 21.1008
    annual_cost: 10.223024719441916
    efficiency: 0.724738
    discharge_ratio: 0.5
    depth_of_discharge: 1.0
