cost_values:
  wind_capex: 5000.0
  wind_opex: 100
  wind_lifetime: 20
  solar_capex: 1000.0
  solar_opex: 10
  solar_lifetime: 20
  carbon_price: 1.0
timeseries_values:
  load_level: 240053.4814613137
  wind_year: 2011
  solar_year: 2011
  price_year: 2023
  carbon_year: 2023
storage_values:
  CAES:
    cost: 43.2389
    lifetime: 25.9346
    annual_cost: 1.6672283358910491
    efficiency: 0.603915
    discharge_ratio: 0.1
    depth_of_discharge: 0.4
  Li-ion:
    cost: 160.633
    lifetime: 27.8876
    annual_cost: 5.7600152038899015
    efficiency: 0.943551
    discharge_ratio: 2
    depth_of_discharge: 0.9
  Pb-acid:
    cost: 187.792
    lifetime: 9.69779
    annual_cost: 19.36441189178153
    efficiency: 0.671944
    discharge_ratio: 5
    depth_of_discharge: 0.5
  VRBF:
    cost: 194.4
    lifetime: 20.9023
    annual_cost: 9.300411916391976
    efficiency: 0.711637
    discharge_ratio: 0.5
    depth_of_discharge: 1.0
