cost_values:
  wind_capex: 5000.0
  wind_opex: 100
  wind_lifetime: 20
  solar_capex: 1000.0
  solar_opex: 10
  solar_lifetime: 20
  carbon_price: 1.0
timeseries_values:
  load_level: 240053.4814613137
  wind_year: 2011
  solar_year: 2011
  price_year: 2023
  carbon_year: 2023
storage_values:
  CAES:
    cost: 44.8067
    lifetime: 25.8749
    annual_cost: 1.7316665958129307
    efficiency: 0.594232
    discharge_ratio: 0.1
    depth_of_discharge: 0.4
  Li-ion:
    cost: 154.625
    lifetime: 28.1402
    annual_cost: 5.4948081392456345
    efficiency: 0.947757
    discharge_ratio: 2
    depth_of_discharge: 0.9
  Pb-acid:
    cost: 180.423
    lifetime: 10.8127
    annual_cost: 16.686211584525605
    efficiency: 0.685779
    discharge_ratio: 5
    depth_of_discharge: 0.5
  VRBF:
    cost: 222.071
    lifetime: 18.7201
    annual_cost: 11.862703724873265
    efficiency: 0.711248
    discharge_ratio: 0.5
    depth_of_discharge: 1.0
