cost_values:
  wind_capex: 5000.0
  wind_opex: 100
  wind_lifetime: 20
  solar_capex: 1000.0
  solar_opex: 10
  solar_lifetime: 20
  carbon_price: 1.0
timeseries_values:
  load_level: 240053.4814613137
  wind_year: 2011
  solar_year: 2011
  price_year: 2023
  carbon_year: 2023
storage_values:
  CAES:
    cost: 50.582
    lifetime: 24.046
    annual_cost: 2.103551526241371
    efficiency: 0.598346
    discharge_ratio: 0.1
    depth_of_discharge: 0.4
  Li-ion:
    cost: 149.418
    lifetime: 28.399
    annual_cost: 5.261382443043769
    efficiency: 0.93902
    discharge_ratio: 2
    depth_of_discharge: 0.9
  Pb-acid:
    cost: 194.089
    lifetime: 9.7202
    annual_cost: 19.967593259397955
    efficiency: 0.681213
    discharge_ratio: 5
    depth_of_discharge: 0.5
  VRBF:
    cost: 191.788
    lifetime: 20.1979
    annual_cost: 9.495442595517355
    efficiency: 0.695427
    discharge_ratio: 0.5
    depth_of_discharge: 1.0
