cost_values:
  wind_capex: 5000.0
  wind_opex: 100
  wind_lifetime: 20
  solar_capex: 1000.0
  solar_opex: 10
  solar_lifetime: 20
  carbon_price: 1.0
timeseries_values:
  load_level: 240053.4814613137
  wind_year: 2011
  solar_year: 2011
  price_year: 2023
  carbon_year: 2023
storage_values:
  CAES:
    cost: 58.5749
    lifetime: 24.9814
    annual_cost: 2.34474048692227
    efficiency: 0.603777
    discharge_ratio: 0.1
    depth_of_discharge: 0.4
  Li-ion:
    cost: 154.197
    lifetime: 27.4839
    annual_cost: 5.61044829882222
    efficiency: 0.965056
    discharge_ratio: 2
    depth_of_discharge: 0.9
  Pb-acid:
    cost: 205.934
    lifetime: 11.1471
    annual_cost: 18.47422199495833
    efficiency: 0.671954
    discharge_ratio: 5
    depth_of_discharge: 0.5
  VRBF:
    cost: 209.709
    lifetime: 20.277
    annual_cost: 10.342210386151796
    efficiency: 0.721929
    discharge_ratio: 0.5
    depth_of_discharge: 1.0
