cost_values:
  wind_capex: 5000.0
  wind_opex: 100
  wind_lifetime: 20
  solar_capex: 1000.0
  solar_opex: 10
  solar_lifetime: 20
  carbon_price: 1.0
timeseries_values:
  load_level: 240053.4814613137
  wind_year: 2011
  solar_year: 2011
  price_year: 2023
  carbon_year: 2023
storage_values:
  CAES:
    cost: 53.5945
    lifetime: 26.3963
    annual_cost: 2.0303792576989954
    efficiency: 0.594537
    discharge_ratio: 0.1
    depth_of_discharge: 0.4
  Li-ion:
    cost: 165.129
    lifetime: 29.1589
    annual_cost: 5.663073709913611
    efficiency: 0.946991
    discharge_ratio: 2
    depth_of_discharge: 0.9
  Pb-acid:
    cost: 224.448
    lifetime: 9.47144
    annual_cost: 23.697346971527036
    efficiency: 0.65942
    discharge_ratio: 5
    depth_of_discharge: 0.5
  VRBF:
    cost: 206.817
    lifetime: 21.5637
    annual_cost: 9.590979284631116
    efficiency: 0.719089
    discharge_ratio: 0.5
    depth_of_discharge: 1.0
