cost_values:
  wind_capex: 5000.0
  wind_opex: 100
  wind_lifetime: 20
  solar_capex: 1000.0
  solar_opex: 10
  solar_lifetime: 20
  carbon_price: 1.0
timeseries_values:
  load_level: 240053.4814613137
  wind_year: 2011
  solar_year: 2011
  price_year: 2023
  carbon_year: 2023
storage_values:
  CAES:
    cost: 52.4838
    lifetime: 25.1213
    annual_cost: 2.089215128197983
    efficiency: 0.598345
    discharge_ratio: 0.1
    depth_of_discharge: 0.4
  Li-ion:
    cost: 157.594
    lifetime: 28.332
    annual_cost: 5.562402936608781
    efficiency: 0.94113
    discharge_ratio: 2
    depth_of_discharge: 0.9
  Pb-acid:
    cost: 201.551
    lifetime: 11.2626
    annual_cost: 17.895601370909024
    efficiency: 0.674686
    discharge_ratio: 5
    depth_of_discharge: 0.5
  VRBF:
    cost: 170.161
    lifetime: 18.6463
    annual_cost: 9.125724674600322
    efficiency: 0.702583
    discharge_ratio: 0.5
    depth_of_discharge: 1.0
