cost_values:
  wind_capex: 5000.0
  wind_opex: 100
  wind_lifetime: 20
  solar_capex: 1000.0
  solar_opex: 10
  solar_lifetime: 20
  carbon_price: 1.0
timeseries_values:
  load_level: 240053.4814613137
  wind_year: 2011
  solar_year: 2011
  price_year: 2023
  carbon_year: 2023
storage_values:
  CAES:
    cost: 50.4897
    lifetime: 24.9732
    annual_cost: 2.021755321704868
    efficiency: 0.594221
    discharge_ratio: 0.1
    depth_of_discharge: 0.4
  Li-ion:
    cost: 147.535
    lifetime: 26.216
    annual_cost: 5.627670125114434
    efficiency: 0.951976
    discharge_ratio: 2
    depth_of_discharge: 0.9
  Pb-acid:
    cost: 196.067
    lifetime: 10.6565
    annual_cost: 18.39881762304697
    efficiency: 0.682134
    discharge_ratio: 5
    depth_of_discharge: 0.5
  VRBF:
    cost: 203.709
    lifetime: 18.0022
    annual_cost: 11.315783626445658
    efficiency: 0.744025
    discharge_ratio: 0.5
    depth_of_discharge: 1.0
