cost_values:
  wind_capex: 5000.0
  wind_opex: 100
  wind_lifetime: 20
  solar_capex: 1000.0
  solar_opex: 10
  solar_lifetime: 20
  carbon_price: 1.0
timeseries_values:
  load_level: 240053.4814613137
  wind_year: 2011
  solar_year: 2011
  price_year: 2023
  carbon_year: 2023
storage_values:
  CAES:
    cost: 47.5869
    lifetime: 25.8007
    annual_cost: 1.8444034464181205
    efficiency: 0.586539
    discharge_ratio: 0.1
    depth_of_discharge: 0.4
  Li-ion:
    cost: 141.034
    lifetime: 28.1725
    annual_cost: 5.006087496672286
    efficiency: 0.950199
    discharge_ratio: 2
    depth_of_discharge: 0.9
  Pb-acid:
    cost: 176.324
    lifetime: 9.3818
    annual_cost: 18.79426122918843
    efficiency: 0.683607
    discharge_ratio: 5
    depth_of_discharge: 0.5
  VRBF:
    cost: 189.072
    lifetime: 18.609
    annual_cost: 10.160245042721263
    efficiency: 0.723347
    discharge_ratio: 0.5
    depth_of_discharge: 1.0
