cost_values:
  wind_capex: 5000.0
  wind_opex: 100
  wind_lifetime: 20
  solar_capex: 1000.0
  solar_opex: 10
  solar_lifetime: 20
  carbon_price: 1.0
timeseries_values:
  load_level: 240053.4814613137
  wind_year: 2011
  solar_year: 2011
  price_year: 2023
  carbon_year: 2023
storage_values:
  CAES:
    cost: 57.9564
    lifetime: 26.4085
    annual_cost: 2.194611583391711
    efficiency: 0.588357
    discharge_ratio: 0.1
    depth_of_discharge: 0.4
  Li-ion:
    cost: 180.355
    lifetime: 27.1206
    annual_cost: 6.650110985745153
    efficiency: 0.959494
    discharge_ratio: 2
    depth_of_discharge: 0.9
  Pb-acid:
    cost: 179.528
    lifetime: 10.6251
    annual_cost: 16.896593914410218
    efficiency: 0.667548
    discharge_ratio: 5
    depth_of_discharge: 0.5
  VRBF:
    cost: 207.924
    lifetime: 20.7114
    annual_cost: 10.039108896549726
    efficiency: 0.720557
    discharge_ratio: 0.5
    depth_of_discharge: 1.0
