cost_values:
  wind_capex: 5000.0
  wind_opex: 100
  wind_lifetime: 20
  solar_capex: 1000.0
  solar_opex: 10
  solar_lifetime: 20
  carbon_price: 1.0
timeseries_values:
  load_level: 240053.4814613137
  wind_year: 2011
  solar_year: 2011
  price_year: 2023
  carbon_year: 2023
storage_values:
  CAES:
    cost: 53.3687
    lifetime: 25.8854
    annual_cost: 2.0617297781761144
    efficiency: 0.592519
    discharge_ratio: 0.1
    depth_of_discharge: 0.4
  Li-ion:
    cost: 161.713
    lifetime: 27.9275
    annual_cost: 5.790457434428431
    efficiency: 0.948057
    discharge_ratio: 2
    depth_of_discharge: 0.9
  Pb-acid:
    cost: 187.772
    lifetime: 9.3724
    annual_cost: 20.034569587298876
    efficiency: 0.6799
    discharge_ratio: 5
    depth_of_discharge: 0.5
  VRBF:
    cost: 199.044
    lifetime: 22.0339
    annual_cost: 9.033534689728102
    efficiency: 0.705459
    discharge_ratio: 0.5
    depth_of_discharge: 1.0
