cost_values:
  wind_capex: 5000.0
  wind_opex: 100
  wind_lifetime: 20
  solar_capex: 1000.0
  solar_opex: 10
  solar_lifetime: 20
  carbon_price: 1.0
timeseries_values:
  load_level: 240053.4814613137
  wind_year: 2011
  solar_year: 2011
  price_year: 2023
  carbon_year: 2023
storage_values:
  CAES:
    cost: 53.7343
    lifetime: 26.4003
    annual_cost: 2.0353670223444427
    efficiency: 0.590363
    discharge_ratio: 0.1
    depth_of_discharge: 0.4
  Li-ion:
    cost: 168.99
    lifetime: 27.8314
    annual_cost: 6.071918768010233
    efficiency: 0.951531
    discharge_ratio: 2
    depth_of_discharge: 0.9
  Pb-acid:
    cost: 197.905
    lifetime: 9.91746
    annual_cost: 19.955210305864608
    efficiency: 0.682119
    discharge_ratio: 5
    depth_of_discharge: 0.5
  VRBF:
    cost: 201.148
    lifetime: 19.8703
    annual_cost: 10.123047966059898
    efficiency: 0.720936
    discharge_ratio: 0.5
    depth_of_discharge: 1.0
