cost_values:
  wind_capex: 5000.0
  wind_opex: 100
  wind_lifetime: 20
  solar_capex: 1000.0
  solar_opex: 10
  solar_lifetime: 20
  carbon_price: 1.0
timeseries_values:
  load_level: 240053.4814613137
  wind_year: 2011
  solar_year: 2011
  price_year: 2023
  carbon_year: 2023
storage_values:
  CAES:
    cost: 49.7558
    lifetime: 25.4206
    annual_cost: 1.9573023453419667
    efficiency: 0.606224
    discharge_ratio: 0.1
    depth_of_discharge: 0.4
  Li-ion:
    cost: 171.091
    lifetime: 29.0554
    annual_cost: 5.888440702933019
    efficiency: 0.950006
    discharge_ratio: 2
    depth_of_discharge: 0.9
  Pb-acid:
    cost: 156.908
    lifetime: 9.7682
    annual_cost: 16.063143670277018
    efficiency: 0.676705
    discharge_ratio: 5
    depth_of_discharge: 0.5
  VRBF:
    cost: 189.521
    lifetime: 21.752
    annual_cost: 8.712808017653549
    efficiency: 0.747258
    discharge_ratio: 0.5
    depth_of_discharge: 1.0
