cost_values:
  wind_capex: 5000.0
  wind_opex: 100
  wind_lifetime: 20
  solar_capex: 1000.0
  solar_opex: 10
  solar_lifetime: 20
  carbon_price: 1.0
timeseries_values:
  load_level: 240053.4814613137
  wind_year: 2011
  solar_year: 2011
  price_year: 2023
  carbon_year: 2023
storage_values:
  CAES:
    cost: 60.5978
    lifetime: 24.8352
    annual_cost: 2.4399964566421852
    efficiency: 0.59551
    discharge_ratio: 0.1
    depth_of_discharge: 0.4
  Li-ion:
    cost: 171.88
    lifetime: 28.5383
    annual_cost: 6.022783417372444
    efficiency: 0.960489
    discharge_ratio: 2
    depth_of_discharge: 0.9
  Pb-acid:
    cost: 181.603
    lifetime: 9.57416
    annual_cost: 18.96803479365292
    efficiency: 0.681851
    discharge_ratio: 5
    depth_of_discharge: 0.5
  VRBF:
    cost: 179.678
    lifetime: 22.1861
    annual_cost: 8.098674395229445
    efficiency: 0.731315
    discharge_ratio: 0.5
    depth_of_discharge: 1.0
