cost_values:
  wind_capex: 5000.0
  wind_opex: 100
  wind_lifetime: 20
  solar_capex: 1000.0
  solar_opex: 10
  solar_lifetime: 20
  carbon_price: 1.0
timeseries_values:
  load_level: 240053.4814613137
  wind_year: 2011
  solar_year: 2011
  price_year: 2023
  carbon_year: 2023
storage_values:
  CAES:
    cost: 47.0872
    lifetime: 25.6853
    annual_cost: 1.8332353525168092
    efficiency: 0.599242
    discharge_ratio: 0.1
    depth_of_discharge: 0.4
  Li-ion:
    cost: 160.981
    lifetime: 28.4943
    annual_cost: 5.64958605756239
    efficiency: 0.943905
    discharge_ratio: 2
    depth_of_discharge: 0.9
  Pb-acid:
    cost: 180.827
    lifetime: 10.6702
    annual_cost: 16.946917583550448
    efficiency: 0.674366
    discharge_ratio: 5
    depth_of_discharge: 0.5
  VRBF:
    cost: 167.052
    lifetime: 20.9744
    annual_cost: 7.964566328476619
    efficiency: 0.712455
    discharge_ratio: 0.5
    depth_of_discharge: 1.0
