cost_values:
  wind_capex: 5000.0
  wind_opex: 100
  wind_lifetime: 20
  solar_capex: 1000.0
  solar_opex: 10
  solar_lifetime: 20
  carbon_price: 1.0
timeseries_values:
  load_level: 240053.4814613137
  wind_year: 2011
  solar_year: 2011
  price_year: 2023
  carbon_year: 2023
storage_values:
  CAES:
    cost: 49.1949
    lifetime: 25.9724
    annual_cost: 1.8941222220511003
    efficiency: 0.593862
    discharge_ratio: 0.1
    depth_of_discharge: 0.4
  Li-ion:
    cost: 141.633
    lifetime: 27.9605
    annual_cost: 5.065467355733983
    efficiency: 0.962818
    discharge_ratio: 2
    depth_of_discharge: 0.9
  Pb-acid:
    cost: 185.684
    lifetime: 9.60757
    annual_cost: 19.326843312096607
    efficiency: 0.675291
    discharge_ratio: 5
    depth_of_discharge: 0.5
  VRBF:
    cost: 200.973
    lifetime: 19.7705
    annual_cost: 10.165296780556892
    efficiency: 0.691629
    discharge_ratio: 0.5
    depth_of_discharge: 1.0
