cost_values:
  wind_capex: 5000.0
  wind_opex: 100
  wind_lifetime: 20
  solar_capex: 1000.0
  solar_opex: 10
  solar_lifetime: 20
  carbon_price: 1.0
timeseries_values:
  load_level: 240053.4814613137
  wind_year: 2011
  solar_year: 2011
  price_year: 2023
  carbon_year: 2023
storage_values:
  CAES:
    cost: 58.5094
    lifetime: 27.1701
    annual_cost: 2.153448091836246
    efficiency: 0.588105
    discharge_ratio: 0.1
    depth_of_discharge: 0.4
  Li-ion:
    cost: 159.956
    lifetime: 28.1194
    annual_cost: 5.688457079454042
    efficiency: 0.958761
    discharge_ratio: 2
    depth_of_discharge: 0.9
  Pb-acid:
    cost: 192.328
    lifetime: 9.95834
    annual_cost: 19.31325903714876
    efficiency: 0.674682
    discharge_ratio: 5
    depth_of_discharge: 0.5
  VRBF:
    cost: 203.555
    lifetime: 20.8935
    annual_cost: 9.742503649460359
    efficiency: 0.699165
    discharge_ratio: 0.5
    depth_of_discharge: 1.0
