cost_values:
  wind_capex: 5000.0
  wind_opex: 100
  wind_lifetime: 20
  solar_capex: 1000.0
  solar_opex: 10
  solar_lifetime: 20
  carbon_price: 1.0
timeseries_values:
  load_level: 240053.4814613137
  wind_year: 2011
  solar_year: 2011
  price_year: 2023
  carbon_year: 2023
storage_values:
  CAES:
    cost: 50.2644
    lifetime: 26.1281
    annual_cost: 1.9237678973978207
    efficiency: 0.593206
    discharge_ratio: 0.1
    depth_of_discharge: 0.4
  Li-ion:
    cost: 171.215
    lifetime: 29.4254
    annual_cost: 5.818612491249057
    efficiency: 0.949767
    discharge_ratio: 2
    depth_of_discharge: 0.9
  Pb-acid:
    cost: 195.465
    lifetime: 10.5428
    annual_cost: 18.540141138976363
    efficiency: 0.681304
    discharge_ratio: 5
    depth_of_discharge: 0.5
  VRBF:
    cost: 205.43
    lifetime: 20.4145
    annual_cost: 10.062945455436088
    efficiency: 0.712857
    discharge_ratio: 0.5
    depth_of_discharge: 1.0
