cost_values:
  wind_capex: 5000.0
  wind_opex: 100
  wind_lifetime: 20
  solar_capex: 1000.0
  solar_opex: 10
  solar_lifetime: 20
  carbon_price: 1.0
timeseries_values:
  load_level: 240053.4814613137
  wind_year: 2011
  solar_year: 2011
  price_year: 2023
  carbon_year: 2023
storage_values:
  CAES:
    cost: 52.3839
    lifetime: 25.5427
    annual_cost: 2.050836442506078
    efficiency: 0.603813
    discharge_ratio: 0.1
    depth_of_discharge: 0.4
  Li-ion:
    cost: 159.364
    lifetime: 27.7688
    annual_cost: 5.738958831494339
    efficiency: 0.963301
    discharge_ratio: 2
    depth_of_discharge: 0.9
  Pb-acid:
    cost: 211.908
    lifetime: 10.2448
    annual_cost: 20.68444479150398
    efficiency: 0.677802
    discharge_ratio: 5
    depth_of_discharge: 0.5
  VRBF:
    cost: 197.405
    lifetime: 20.7113
    annual_cost: 9.531270369315301
    efficiency: 0.726439
    discharge_ratio: 0.5
    depth_of_discharge: 1.0
