cost_values:
  wind_capex: 5000.0
  wind_opex: 100
  wind_lifetime: 20
  solar_capex: 1000.0
  solar_opex: 10
  solar_lifetime: 20
  carbon_price: 1.0
timeseries_values:
  load_level: 240053.4814613137
  wind_year: 2011
  solar_year: 2011
  price_year: 2023
  carbon_year: 2023
storage_values:
  CAES:
    cost: 55.2944
    lifetime: 25.5502
    annual_cost: 2.164147443072853
    efficiency: 0.592987
    discharge_ratio: 0.1
    depth_of_discharge: 0.4
  Li-ion:
    cost: 162.676
    lifetime: 25.7741
    annual_cost: 6.3116073888128
    efficiency: 0.962168
    discharge_ratio: 2
    depth_of_discharge: 0.9
  Pb-acid:
    cost: 209.354
    lifetime: 10.4877
    annual_cost: 19.961860083717117
    efficiency: 0.669801
    discharge_ratio: 5
    depth_of_discharge: 0.5
  VRBF:
    cost: 196.414
    lifetime: 21.6463
    annual_cost: 9.073790901909332
    efficiency: 0.718651
    discharge_ratio: 0.5
    depth_of_discharge: 1.0
