cost_values:
  wind_capex: 5000.0
  wind_opex: 100
  wind_lifetime: 20
  solar_capex: 1000.0
  solar_opex: 10
  solar_lifetime: 20
  carbon_price: 1.0
timeseries_values:
  load_level: 240053.4814613137
  wind_year: 2011
  solar_year: 2011
  price_year: 2023
  carbon_year: 2023
storage_values:
  CAES:
    cost: 49.7048
    lifetime: 26.4079
    annual_cost: 1.8821943433593733
    efficiency: 0.596017
    discharge_ratio: 0.1
    depth_of_discharge: 0.4
  Li-ion:
    cost: 162.975
    lifetime: 28.8683
    annual_cost: 5.645465787732564
    efficiency: 0.948469
    discharge_ratio: 2
    depth_of_discharge: 0.9
  Pb-acid:
    cost: 166.195
    lifetime: 9.29551
    annual_cost: 17.87906204178146
    efficiency: 0.688332
    discharge_ratio: 5
    depth_of_discharge: 0.5
  VRBF:
    cost: 206.045
    lifetime: 21.9873
    annual_cost: 9.371091493725922
    efficiency: 0.726588
    discharge_ratio: 0.5
    depth_of_discharge: 1.0
