cost_values:
  wind_capex: 5000.0
  wind_opex: 100
  wind_lifetime: 20
  solar_capex: 1000.0
  solar_opex: 10
  solar_lifetime: 20
  carbon_price: 1.0
timeseries_values:
  load_level: 240053.4814613137
  wind_year: 2011
  solar_year: 2011
  price_year: 2023
  carbon_year: 2023
storage_values:
  CAES:
    cost: 50.8462
    lifetime: 25.1521
    annual_cost: 2.0215488965136115
    efficiency: 0.597239
    discharge_ratio: 0.1
    depth_of_discharge: 0.4
  Li-ion:
    cost: 154.537
    lifetime: 28.1659
    annual_cost: 5.48667005137418
    efficiency: 0.948305
    discharge_ratio: 2
    depth_of_discharge: 0.9
  Pb-acid:
    cost: 181.391
    lifetime: 10.5226
    annual_cost: 17.238230095223614
    efficiency: 0.678492
    discharge_ratio: 5
    depth_of_discharge: 0.5
  VRBF:
    cost: 228.485
    lifetime: 20.4375
    annual_cost: 11.179694189602447
    efficiency: 0.738051
    discharge_ratio: 0.5
    depth_of_discharge: 1.0
