cost_values:
  wind_capex: 5000.0
  wind_opex: 100
  wind_lifetime: 20
  solar_capex: 1000.0
  solar_opex: 10
  solar_lifetime: 20
  carbon_price: 1.0
timeseries_values:
  load_level: 240053.4814613137
  wind_year: 2011
  solar_year: 2011
  price_year: 2023
  carbon_year: 2023
storage_values:
  CAES:
    cost: 51.6892
    lifetime: 24.9785
    annual_cost: 2.069347638969514
    efficiency: 0.611261
    discharge_ratio: 0.1
    depth_of_discharge: 0.4
  Li-ion:
    cost: 175.684
    lifetime: 29.1516
    annual_cost: 6.026564579645714
    efficiency: 0.948303
    discharge_ratio: 2
    depth_of_discharge: 0.9
  Pb-acid:
    cost: 196.768
    lifetime: 10.2436
    annual_cost: 19.20887188097934
    efficiency: 0.680993
    discharge_ratio: 5
    depth_of_discharge: 0.5
  VRBF:
    cost: 174.966
    lifetime: 19.6155
    annual_cost: 8.919782824806912
    efficiency: 0.708094
    discharge_ratio: 0.5
    depth_of_discharge: 1.0
