cost_values:
  wind_capex: 5000.0
  wind_opex: 100
  wind_lifetime: 20
  solar_capex: 1000.0
  solar_opex: 10
  solar_lifetime: 20
  carbon_price: 1.0
timeseries_values:
  load_level: 240053.4814613137
  wind_year: 2011
  solar_year: 2011
  price_year: 2023
  carbon_year: 2023
storage_values:
  CAES:
    cost: 54.2915
    lifetime: 26.8653
    annual_cost: 2.0208782332600044
    efficiency: 0.594601
    discharge_ratio: 0.1
    depth_of_discharge: 0.4
  Li-ion:
    cost: 163.519
    lifetime: 28.8739
    annual_cost: 5.66321141238281
    efficiency: 0.957796
    discharge_ratio: 2
    depth_of_discharge: 0.9
  Pb-acid:
    cost: 192.418
    lifetime: 12.369
    annual_cost: 15.556471824723099
    efficiency: 0.676336
    discharge_ratio: 5
    depth_of_discharge: 0.5
  VRBF:
    cost: 192.228
    lifetime: 25.9692
    annual_cost: 7.402153320086872
    efficiency: 0.711172
    discharge_ratio: 0.5
    depth_of_discharge: 1.0
