cost_values:
  wind_capex: 5000.0
  wind_opex: 100
  wind_lifetime: 20
  solar_capex: 1000.0
  solar_opex: 10
  solar_lifetime: 20
  carbon_price: 1.0
timeseries_values:
  load_level: 240053.4814613137
  wind_year: 2011
  solar_year: 2011
  price_year: 2023
  carbon_year: 2023
storage_values:
  CAES:
    cost: 52.8913
    lifetime: 26.2101
    annual_cost: 2.0179739871270996
    efficiency: 0.592624
    discharge_ratio: 0.1
    depth_of_discharge: 0.4
  Li-ion:
    cost: 184.019
    lifetime: 28.3217
    annual_cost: 6.497456014292927
    efficiency: 0.954931
    discharge_ratio: 2
    depth_of_discharge: 0.9
  Pb-acid:
    cost: 193.471
    lifetime: 8.77889
    annual_cost: 22.038207563826404
    efficiency: 0.688419
    discharge_ratio: 5
    depth_of_discharge: 0.5
  VRBF:
    cost: 220.615
    lifetime: 21.6097
    annual_cost: 10.209072777502696
    efficiency: 0.741356
    discharge_ratio: 0.5
    depth_of_discharge: 1.0
