cost_values:
  wind_capex: 5000.0
  wind_opex: 100
  wind_lifetime: 20
  solar_capex: 1000.0
  solar_opex: 10
  solar_lifetime: 20
  carbon_price: 1.0
timeseries_values:
  load_level: 240053.4814613137
  wind_year: 2011
  solar_year: 2011
  price_year: 2023
  carbon_year: 2023
storage_values:
  CAES:
    cost: 56.0557
    lifetime: 25.9833
    annual_cost: 2.1573741595563303
    efficiency: 0.600781
    discharge_ratio: 0.1
    depth_of_discharge: 0.4
  Li-ion:
    cost: 163.507
    lifetime: 27.7123
    annual_cost: 5.900159856814484
    efficiency: 0.952708
    discharge_ratio: 2
    depth_of_discharge: 0.9
  Pb-acid:
    cost: 202.339
    lifetime: 10.7201
    annual_cost: 18.874730646169343
    efficiency: 0.689144
    discharge_ratio: 5
    depth_of_discharge: 0.5
  VRBF:
    cost: 230.724
    lifetime: 18.4497
    annual_cost: 12.505569196247093
    efficiency: 0.721171
    discharge_ratio: 0.5
    depth_of_discharge: 1.0
