cost_values:
  wind_capex: 5000.0
  wind_opex: 100
  wind_lifetime: 20
  solar_capex: 1000.0
  solar_opex: 10
  solar_lifetime: 20
  carbon_price: 1.0
timeseries_values:
  load_level: 287281.42926931585
  wind_year: 2018
  solar_year: 2017
  price_year: 2023
  carbon_year: 2023
storage_values:
  CAES:
    cost: 55.4096
    lifetime: 26.5365
    annual_cost: 2.0880523053153204
    efficiency: 0.567869
    discharge_ratio: 0.1
    depth_of_discharge: 0.4
  Li-ion:
    cost: 134.205
    lifetime: 21.7613
    annual_cost: 6.16714074986329
    efficiency: 0.856826
    discharge_ratio: 2
    depth_of_discharge: 0.9
  Pb-acid:
    cost: 157.431
    lifetime: 8.70638
    annual_cost: 18.082256919638244
    efficiency: 0.694048
    discharge_ratio: 5
    depth_of_discharge: 0.5
  VRBF:
    cost: 300.338
    lifetime: 26.6643
    annual_cost: 11.263674651125289
    efficiency: 0.670119
    discharge_ratio: 0.5
    depth_of_discharge: 1.0
