cost_values:
  wind_capex: 5000.0
  wind_opex: 100
  wind_lifetime: 20
  solar_capex: 1000.0
  solar_opex: 10
  solar_lifetime: 20
  carbon_price: 1.0
timeseries_values:
  load_level: 287281.42926931585
  wind_year: 2018
  solar_year: 2017
  price_year: 2023
  carbon_year: 2023
storage_values:
  CAES:
    cost: 53.8203
    lifetime: 25.3394
    annual_cost: 2.1239768897448243
    efficiency: 0.56579
    discharge_ratio: 0.1
    depth_of_discharge: 0.4
  Li-ion:
    cost: 151.75
    lifetime: 21.7459
    annual_cost: 6.9783269489880855
    efficiency: 0.85873
    discharge_ratio: 2
    depth_of_discharge: 0.9
  Pb-acid:
    cost: 160.544
    lifetime: 8.22046
    annual_cost: 19.52980733438275
    efficiency: 0.712652
    discharge_ratio: 5
    depth_of_discharge: 0.5
  VRBF:
    cost: 315.969
    lifetime: 25.4469
    annual_cost: 12.416797330912607
    efficiency: 0.66783
    discharge_ratio: 0.5
    depth_of_discharge: 1.0
