cost_values:
  wind_capex: 5000.0
  wind_opex: 100
  wind_lifetime: 20
  solar_capex: 1000.0
  solar_opex: 10
  solar_lifetime: 20
  carbon_price: 1.0
timeseries_values:
  load_level: 287281.42926931585
  wind_year: 2018
  solar_year: 2017
  price_year: 2023
  carbon_year: 2023
storage_values:
  CAES:
    cost: 59.9994
    lifetime: 26.2582
    annual_cost: 2.2849776450784898
    efficiency: 0.571608
    discharge_ratio: 0.1
    depth_of_discharge: 0.4
  Li-ion:
    cost: 161.767
    lifetime: 23.1692
    annual_cost: 6.981984703830948
    efficiency: 0.85698
    discharge_ratio: 2
    depth_of_discharge: 0.9
  Pb-acid:
    cost: 214.143
    lifetime: 8.67804
    annual_cost: 24.67642463044651
    efficiency: 0.707845
    discharge_ratio: 5
    depth_of_discharge: 0.5
  VRBF:
    cost: 305.491
    lifetime: 25.7475
    annual_cost: 11.864880085445188
    efficiency: 0.685168
    discharge_ratio: 0.5
    depth_of_discharge: 1.0
