cost_values:
  wind_capex: 5000.0
  wind_opex: 100
  wind_lifetime: 20
  solar_capex: 1000.0
  solar_opex: 10
  solar_lifetime: 20
  carbon_price: 1.0
timeseries_values:
  load_level: 287281.42926931585
  wind_year: 2018
  solar_year: 2017
  price_year: 2023
  carbon_year: 2023
storage_values:
  CAES:
    cost: 59.7667
    lifetime: 25.629
    annual_cost: 2.3319950056576535
    efficiency: 0.559884
    discharge_ratio: 0.1
    depth_of_discharge: 0.4
  Li-ion:
    cost: 152.617
    lifetime: 24.6919
    annual_cost: 6.180852830280375
    efficiency: 0.856899
    discharge_ratio: 2
    depth_of_discharge: 0.9
  Pb-acid:
    cost: 200.215
    lifetime: 6.8379
    annual_cost: 29.280188361923983
    efficiency: 0.712769
    discharge_ratio: 5
    depth_of_discharge: 0.5
  VRBF:
    cost: 287.492
    lifetime: 25.6684
    annual_cost: 11.200230633775384
    efficiency: 0.65861
    discharge_ratio: 0.5
    depth_of_discharge: 1.0
