cost_values:
  wind_capex: 5000.0
  wind_opex: 100
  wind_lifetime: 20
  solar_capex: 1000.0
  solar_opex: 10
  solar_lifetime: 20
  carbon_price: 1.0
timeseries_values:
  load_level: 287281.42926931585
  wind_year: 2018
  solar_year: 2017
  price_year: 2023
  carbon_year: 2023
storage_values:
  CAES:
    cost: 54.3485
    lifetime: 27.1339
    annual_cost: 2.002974139360726
    efficiency: 0.57741
    discharge_ratio: 0.1
    depth_of_discharge: 0.4
  Li-ion:
    cost: 141.319
    lifetime: 21.4693
    annual_cost: 6.582375764463675
    efficiency: 0.864979
    discharge_ratio: 2
    depth_of_discharge: 0.9
  Pb-acid:
    cost: 193.763
    lifetime: 6.84813
    annual_cost: 28.29429347865768
    efficiency: 0.714073
    discharge_ratio: 5
    depth_of_discharge: 0.5
  VRBF:
    cost: 265.555
    lifetime: 27.3617
    annual_cost: 9.705354564957588
    efficiency: 0.680646
    discharge_ratio: 0.5
    depth_of_discharge: 1.0
