cost_values:
  wind_capex: 5000.0
  wind_opex: 100
  wind_lifetime: 20
  solar_capex: 1000.0
  solar_opex: 10
  solar_lifetime: 20
  carbon_price: 1.0
timeseries_values:
  load_level: 287281.42926931585
  wind_year: 2018
  solar_year: 2017
  price_year: 2023
  carbon_year: 2023
storage_values:
  CAES:
    cost: 54.7729
    lifetime: 25.7729
    annual_cost: 2.1252129174442924
    efficiency: 0.573193
    discharge_ratio: 0.1
    depth_of_discharge: 0.4
  Li-ion:
    cost: 147.014
    lifetime: 20.2304
    annual_cost: 7.266984340398609
    efficiency: 0.869584
    discharge_ratio: 2
    depth_of_discharge: 0.9
  Pb-acid:
    cost: 178.065
    lifetime: 7.40266
    annual_cost: 24.05419133122418
    efficiency: 0.697911
    discharge_ratio: 5
    depth_of_discharge: 0.5
  VRBF:
    cost: 273.092
    lifetime: 28.3927
    annual_cost: 9.618387825039534
    efficiency: 0.686387
    discharge_ratio: 0.5
    depth_of_discharge: 1.0
