cost_values:
  wind_capex: 5000.0
  wind_opex: 100
  wind_lifetime: 20
  solar_capex: 1000.0
  solar_opex: 10
  solar_lifetime: 20
  carbon_price: 1.0
timeseries_values:
  load_level: 287281.42926931585
  wind_year: 2018
  solar_year: 2017
  price_year: 2023
  carbon_year: 2023
storage_values:
  CAES:
    cost: 60.5399
    lifetime: 25.3706
    annual_cost: 2.3862226356491374
    efficiency: 0.569582
    discharge_ratio: 0.1
    depth_of_discharge: 0.4
  Li-ion:
    cost: 155.961
    lifetime: 20.7687
    annual_cost: 7.509425240867268
    efficiency: 0.861762
    discharge_ratio: 2
    depth_of_discharge: 0.9
  Pb-acid:
    cost: 174.38
    lifetime: 7.48186
    annual_cost: 23.307038624085454
    efficiency: 0.702141
    discharge_ratio: 5
    depth_of_discharge: 0.5
  VRBF:
    cost: 301.409
    lifetime: 27.9384
    annual_cost: 10.788341494144259
    efficiency: 0.67706
    discharge_ratio: 0.5
    depth_of_discharge: 1.0
