cost_values:
  wind_capex: 5000.0
  wind_opex: 100
  wind_lifetime: 20
  solar_capex: 1000.0
  solar_opex: 10
  solar_lifetime: 20
  carbon_price: 1.0
timeseries_values:
  load_level: 287281.42926931585
  wind_year: 2018
  solar_year: 2017
  price_year: 2023
  carbon_year: 2023
storage_values:
  CAES:
    cost: 58.2779
    lifetime: 26.1593
    annual_cost: 2.227808083549636
    efficiency: 0.575735
    discharge_ratio: 0.1
    depth_of_discharge: 0.4
  Li-ion:
    cost: 157.564
    lifetime: 21.0599
    annual_cost: 7.48170694067873
    efficiency: 0.879623
    discharge_ratio: 2
    depth_of_discharge: 0.9
  Pb-acid:
    cost: 155.653
    lifetime: 8.24572
    annual_cost: 18.876823370184773
    efficiency: 0.714762
    discharge_ratio: 5
    depth_of_discharge: 0.5
  VRBF:
    cost: 289.42
    lifetime: 26.2923
    annual_cost: 11.007785549381378
    efficiency: 0.670965
    discharge_ratio: 0.5
    depth_of_discharge: 1.0
