cost_values:
  wind_capex: 5000.0
  wind_opex: 100
  wind_lifetime: 20
  solar_capex: 1000.0
  solar_opex: 10
  solar_lifetime: 20
  carbon_price: 1.0
timeseries_values:
  load_level: 287281.42926931585
  wind_year: 2018
  solar_year: 2017
  price_year: 2023
  carbon_year: 2023
storage_values:
  CAES:
    cost: 51.9561
    lifetime: 25.2266
    annual_cost: 2.0595760031078303
    efficiency: 0.578139
    discharge_ratio: 0.1
    depth_of_discharge: 0.4
  Li-ion:
    cost: 149.749
    lifetime: 21.9606
    annual_cost: 6.818984909337632
    efficiency: 0.852506
    discharge_ratio: 2
    depth_of_discharge: 0.9
  Pb-acid:
    cost: 164.032
    lifetime: 7.07034
    annual_cost: 23.200015840822367
    efficiency: 0.699774
    discharge_ratio: 5
    depth_of_discharge: 0.5
  VRBF:
    cost: 278.154
    lifetime: 24.2472
    annual_cost: 11.471592596258537
    efficiency: 0.676437
    discharge_ratio: 0.5
    depth_of_discharge: 1.0
