cost_values:
  wind_capex: 5000.0
  wind_opex: 100
  wind_lifetime: 20
  solar_capex: 1000.0
  solar_opex: 10
  solar_lifetime: 20
  carbon_price: 1.0
timeseries_values:
  load_level: 287281.42926931585
  wind_year: 2018
  solar_year: 2017
  price_year: 2023
  carbon_year: 2023
storage_values:
  CAES:
    cost: 57.2292
    lifetime: 26.4976
    annual_cost: 2.159788056276795
    efficiency: 0.575589
    discharge_ratio: 0.1
    depth_of_discharge: 0.4
  Li-ion:
    cost: 153.48
    lifetime: 23.401
    annual_cost: 6.558694072902867
    efficiency: 0.854125
    discharge_ratio: 2
    depth_of_discharge: 0.9
  Pb-acid:
    cost: 184.143
    lifetime: 7.45144
    annual_cost: 24.71240458220156
    efficiency: 0.710254
    discharge_ratio: 5
    depth_of_discharge: 0.5
  VRBF:
    cost: 251.629
    lifetime: 23.864
    annual_cost: 10.544292658397586
    efficiency: 0.666956
    discharge_ratio: 0.5
    depth_of_discharge: 1.0
