cost_values:
  wind_capex: 5000.0
  wind_opex: 100
  wind_lifetime: 20
  solar_capex: 1000.0
  solar_opex: 10
  solar_lifetime: 20
  carbon_price: 1.0
timeseries_values:
  load_level: 287281.42926931585
  wind_year: 2018
  solar_year: 2017
  price_year: 2023
  carbon_year: 2023
storage_values:
  CAES:
    cost: 55.042
    lifetime: 26.2792
    annual_cost: 2.0945082042071297
    efficiency: 0.565651
    discharge_ratio: 0.1
    depth_of_discharge: 0.4
  Li-ion:
    cost: 179.062
    lifetime: 21.7678
    annual_cost: 8.226003546522845
    efficiency: 0.859962
    discharge_ratio: 2
    depth_of_discharge: 0.9
  Pb-acid:
    cost: 172.812
    lifetime: 8.68656
    annual_cost: 19.89418135602586
    efficiency: 0.698399
    discharge_ratio: 5
    depth_of_discharge: 0.5
  VRBF:
    cost: 318.703
    lifetime: 26.4649
    annual_cost: 12.042478906022692
    efficiency: 0.684914
    discharge_ratio: 0.5
    depth_of_discharge: 1.0
