cost_values:
  wind_capex: 5000.0
  wind_opex: 100
  wind_lifetime: 20
  solar_capex: 1000.0
  solar_opex: 10
  solar_lifetime: 20
  carbon_price: 1.0
timeseries_values:
  load_level: 287281.42926931585
  wind_year: 2018
  solar_year: 2017
  price_year: 2023
  carbon_year: 2023
storage_values:
  CAES:
    cost: 63.4357
    lifetime: 24.6524
    annual_cost: 2.5732058541967513
    efficiency: 0.563248
    discharge_ratio: 0.1
    depth_of_discharge: 0.4
  Li-ion:
    cost: 156.879
    lifetime: 21.0336
    annual_cost: 7.458494979461433
    efficiency: 0.857838
    discharge_ratio: 2
    depth_of_discharge: 0.9
  Pb-acid:
    cost: 190.383
    lifetime: 7.85654
    annual_cost: 24.232422924086176
    efficiency: 0.713316
    discharge_ratio: 5
    depth_of_discharge: 0.5
  VRBF:
    cost: 289.576
    lifetime: 27.6269
    annual_cost: 10.48166822915347
    efficiency: 0.678933
    discharge_ratio: 0.5
    depth_of_discharge: 1.0
