cost_values:
  wind_capex: 5000.0
  wind_opex: 100
  wind_lifetime: 20
  solar_capex: 1000.0
  solar_opex: 10
  solar_lifetime: 20
  carbon_price: 1.0
timeseries_values:
  load_level: 287281.42926931585
  wind_year: 2018
  solar_year: 2017
  price_year: 2023
  carbon_year: 2023
storage_values:
  CAES:
    cost: 56.2755
    lifetime: 26.0198
    annual_cost: 2.1627952559204915
    efficiency: 0.571604
    discharge_ratio: 0.1
    depth_of_discharge: 0.4
  Li-ion:
    cost: 133.785
    lifetime: 20.1847
    annual_cost: 6.628040050136985
    efficiency: 0.862995
    discharge_ratio: 2
    depth_of_discharge: 0.9
  Pb-acid:
    cost: 184.8
    lifetime: 7.36209
    annual_cost: 25.10156762549765
    efficiency: 0.708753
    discharge_ratio: 5
    depth_of_discharge: 0.5
  VRBF:
    cost: 293.277
    lifetime: 27.008
    annual_cost: 10.85889366113744
    efficiency: 0.653811
    discharge_ratio: 0.5
    depth_of_discharge: 1.0
