cost_values:
  wind_capex: 5000.0
  wind_opex: 100
  wind_lifetime: 20
  solar_capex: 1000.0
  solar_opex: 10
  solar_lifetime: 20
  carbon_price: 1.0
timeseries_values:
  load_level: 287281.42926931585
  wind_year: 2018
  solar_year: 2017
  price_year: 2023
  carbon_year: 2023
storage_values:
  CAES:
    cost: 55.825
    lifetime: 26.3847
    annual_cost: 2.1158095411355826
    efficiency: 0.578545
    discharge_ratio: 0.1
    depth_of_discharge: 0.4
  Li-ion:
    cost: 134.83
    lifetime: 21.7225
    annual_cost: 6.206928300149615
    efficiency: 0.860095
    discharge_ratio: 2
    depth_of_discharge: 0.9
  Pb-acid:
    cost: 186.774
    lifetime: 8.52325
    annual_cost: 21.91347197371894
    efficiency: 0.696884
    discharge_ratio: 5
    depth_of_discharge: 0.5
  VRBF:
    cost: 297.864
    lifetime: 25.9774
    annual_cost: 11.466274530938431
    efficiency: 0.67586
    discharge_ratio: 0.5
    depth_of_discharge: 1.0
