cost_values:
  wind_capex: 5000.0
  wind_opex: 100
  wind_lifetime: 20
  solar_capex: 1000.0
  solar_opex: 10
  solar_lifetime: 20
  carbon_price: 1.0
timeseries_values:
  load_level: 287281.42926931585
  wind_year: 2018
  solar_year: 2017
  price_year: 2023
  carbon_year: 2023
storage_values:
  CAES:
    cost: 54.2814
    lifetime: 25.9328
    annual_cost: 2.0931561574531097
    efficiency: 0.578858
    discharge_ratio: 0.1
    depth_of_discharge: 0.4
  Li-ion:
    cost: 110.373
    lifetime: 21.9314
    annual_cost: 5.032647254621228
    efficiency: 0.853933
    discharge_ratio: 2
    depth_of_discharge: 0.9
  Pb-acid:
    cost: 138.181
    lifetime: 7.15596
    annual_cost: 19.309917886628767
    efficiency: 0.694882
    discharge_ratio: 5
    depth_of_discharge: 0.5
  VRBF:
    cost: 319.156
    lifetime: 25.9655
    annual_cost: 12.291540698234197
    efficiency: 0.686064
    discharge_ratio: 0.5
    depth_of_discharge: 1.0
