cost_values:
  wind_capex: 5000.0
  wind_opex: 100
  wind_lifetime: 20
  solar_capex: 1000.0
  solar_opex: 10
  solar_lifetime: 20
  carbon_price: 1.0
timeseries_values:
  load_level: 287281.42926931585
  wind_year: 2018
  solar_year: 2017
  price_year: 2023
  carbon_year: 2023
storage_values:
  CAES:
    cost: 61.7646
    lifetime: 26.2203
    annual_cost: 2.355602338646011
    efficiency: 0.584692
    discharge_ratio: 0.1
    depth_of_discharge: 0.4
  Li-ion:
    cost: 143.819
    lifetime: 20.5937
    annual_cost: 6.983640627959036
    efficiency: 0.869362
    discharge_ratio: 2
    depth_of_discharge: 0.9
  Pb-acid:
    cost: 182.124
    lifetime: 8.96329
    annual_cost: 20.31887844753433
    efficiency: 0.703831
    discharge_ratio: 5
    depth_of_discharge: 0.5
  VRBF:
    cost: 303.077
    lifetime: 25.7991
    annual_cost: 11.747580341949913
    efficiency: 0.678695
    discharge_ratio: 0.5
    depth_of_discharge: 1.0
