cost_values:
  wind_capex: 5000.0
  wind_opex: 100
  wind_lifetime: 20
  solar_capex: 1000.0
  solar_opex: 10
  solar_lifetime: 20
  carbon_price: 1.0
timeseries_values:
  load_level: 287281.42926931585
  wind_year: 2018
  solar_year: 2017
  price_year: 2023
  carbon_year: 2023
storage_values:
  CAES:
    cost: 58.61
    lifetime: 25.6066
    annual_cost: 2.2888630275007222
    efficiency: 0.571136
    discharge_ratio: 0.1
    depth_of_discharge: 0.4
  Li-ion:
    cost: 142.876
    lifetime: 20.9769
    annual_cost: 6.811111270016065
    efficiency: 0.863363
    discharge_ratio: 2
    depth_of_discharge: 0.9
  Pb-acid:
    cost: 160.526
    lifetime: 7.85072
    annual_cost: 20.447296553691892
    efficiency: 0.713166
    discharge_ratio: 5
    depth_of_discharge: 0.5
  VRBF:
    cost: 300.525
    lifetime: 24.0839
    annual_cost: 12.478253106847312
    efficiency: 0.677837
    discharge_ratio: 0.5
    depth_of_discharge: 1.0
