cost_values:
  wind_capex: 5000.0
  wind_opex: 100
  wind_lifetime: 20
  solar_capex: 1000.0
  solar_opex: 10
  solar_lifetime: 20
  carbon_price: 1.0
timeseries_values:
  load_level: 287281.42926931585
  wind_year: 2018
  solar_year: 2017
  price_year: 2023
  carbon_year: 2023
storage_values:
  CAES:
    cost: 54.331
    lifetime: 25.491
    annual_cost: 2.1313797026401478
    efficiency: 0.57067
    discharge_ratio: 0.1
    depth_of_discharge: 0.4
  Li-ion:
    cost: 157.401
    lifetime: 24.7216
    annual_cost: 6.3669422691087965
    efficiency: 0.850679
    discharge_ratio: 2
    depth_of_discharge: 0.9
  Pb-acid:
    cost: 173.658
    lifetime: 9.05756
    annual_cost: 19.1727131810333
    efficiency: 0.709592
    discharge_ratio: 5
    depth_of_discharge: 0.5
  VRBF:
    cost: 337.301
    lifetime: 27.3444
    annual_cost: 12.335286201196588
    efficiency: 0.661858
    discharge_ratio: 0.5
    depth_of_discharge: 1.0
