cost_values:
  wind_capex: 5000.0
  wind_opex: 100
  wind_lifetime: 20
  solar_capex: 1000.0
  solar_opex: 10
  solar_lifetime: 20
  carbon_price: 1.0
timeseries_values:
  load_level: 287281.42926931585
  wind_year: 2018
  solar_year: 2017
  price_year: 2023
  carbon_year: 2023
storage_values:
  CAES:
    cost: 52.5168
    lifetime: 25.4613
    annual_cost: 2.062612670994804
    efficiency: 0.573877
    discharge_ratio: 0.1
    depth_of_discharge: 0.4
  Li-ion:
    cost: 150.009
    lifetime: 23.1032
    annual_cost: 6.492996641157934
    efficiency: 0.854951
    discharge_ratio: 2
    depth_of_discharge: 0.9
  Pb-acid:
    cost: 163.624
    lifetime: 7.93973
    annual_cost: 20.608257459636537
    efficiency: 0.709288
    discharge_ratio: 5
    depth_of_discharge: 0.5
  VRBF:
    cost: 302.336
    lifetime: 26.9744
    annual_cost: 11.208256717480278
    efficiency: 0.676567
    discharge_ratio: 0.5
    depth_of_discharge: 1.0
