cost_values:
  wind_capex: 5000.0
  wind_opex: 100
  wind_lifetime: 20
  solar_capex: 1000.0
  solar_opex: 10
  solar_lifetime: 20
  carbon_price: 1.0
timeseries_values:
  load_level: 287281.42926931585
  wind_year: 2018
  solar_year: 2017
  price_year: 2023
  carbon_year: 2023
storage_values:
  CAES:
    cost: 59.8407
    lifetime: 25.5227
    annual_cost: 2.3446069577278266
    efficiency: 0.569169
    discharge_ratio: 0.1
    depth_of_discharge: 0.4
  Li-ion:
    cost: 144.435
    lifetime: 21.6945
    annual_cost: 6.657678213372052
    efficiency: 0.851529
    discharge_ratio: 2
    depth_of_discharge: 0.9
  Pb-acid:
    cost: 176.942
    lifetime: 8.57624
    annual_cost: 20.631652099288267
    efficiency: 0.708496
    discharge_ratio: 5
    depth_of_discharge: 0.5
  VRBF:
    cost: 298.265
    lifetime: 25.1043
    annual_cost: 11.881032333106281
    efficiency: 0.670868
    discharge_ratio: 0.5
    depth_of_discharge: 1.0
