cost_values:
  wind_capex: 5000.0
  wind_opex: 100
  wind_lifetime: 20
  solar_capex: 1000.0
  solar_opex: 10
  solar_lifetime: 20
  carbon_price: 1.0
timeseries_values:
  load_level: 287281.42926931585
  wind_year: 2018
  solar_year: 2017
  price_year: 2023
  carbon_year: 2023
storage_values:
  CAES:
    cost: 56.5903
    lifetime: 24.7756
    annual_cost: 2.2841142091412516
    efficiency: 0.578939
    discharge_ratio: 0.1
    depth_of_discharge: 0.4
  Li-ion:
    cost: 152.332
    lifetime: 22.9675
    annual_cost: 6.632502449112876
    efficiency: 0.857668
    discharge_ratio: 2
    depth_of_discharge: 0.9
  Pb-acid:
    cost: 175.403
    lifetime: 7.88756
    annual_cost: 22.237929093407846
    efficiency: 0.702534
    discharge_ratio: 5
    depth_of_discharge: 0.5
  VRBF:
    cost: 285.199
    lifetime: 24.8909
    annual_cost: 11.457962548561925
    efficiency: 0.68419
    discharge_ratio: 0.5
    depth_of_discharge: 1.0
