cost_values:
  wind_capex: 5000.0
  wind_opex: 100
  wind_lifetime: 20
  solar_capex: 1000.0
  solar_opex: 10
  solar_lifetime: 20
  carbon_price: 1.0
timeseries_values:
  load_level: 287281.42926931585
  wind_year: 2018
  solar_year: 2017
  price_year: 2023
  carbon_year: 2023
storage_values:
  CAES:
    cost: 60.9059
    lifetime: 25.5526
    annual_cost: 2.3835500105664393
    efficiency: 0.578697
    discharge_ratio: 0.1
    depth_of_discharge: 0.4
  Li-ion:
    cost: 159.769
    lifetime: 19.9594
    annual_cost: 8.004699540066335
    efficiency: 0.860256
    discharge_ratio: 2
    depth_of_discharge: 0.9
  Pb-acid:
    cost: 183.819
    lifetime: 6.96113
    annual_cost: 26.406488601706904
    efficiency: 0.693578
    discharge_ratio: 5
    depth_of_discharge: 0.5
  VRBF:
    cost: 336.707
    lifetime: 28.4704
    annual_cost: 11.82656372934697
    efficiency: 0.659001
    discharge_ratio: 0.5
    depth_of_discharge: 1.0
