cost_values:
  wind_capex: 5000.0
  wind_opex: 100
  wind_lifetime: 20
  solar_capex: 1000.0
  solar_opex: 10
  solar_lifetime: 20
  carbon_price: 1.0
timeseries_values:
  load_level: 287281.42926931585
  wind_year: 2018
  solar_year: 2017
  price_year: 2023
  carbon_year: 2023
storage_values:
  CAES:
    cost: 54.2559
    lifetime: 26.64
    annual_cost: 2.036632882882883
    efficiency: 0.573212
    discharge_ratio: 0.1
    depth_of_discharge: 0.4
  Li-ion:
    cost: 159.272
    lifetime: 21.6982
    annual_cost: 7.340332377800923
    efficiency: 0.867803
    discharge_ratio: 2
    depth_of_discharge: 0.9
  Pb-acid:
    cost: 172.325
    lifetime: 7.27339
    annual_cost: 23.692528518338765
    efficiency: 0.724478
    discharge_ratio: 5
    depth_of_discharge: 0.5
  VRBF:
    cost: 306.443
    lifetime: 26.6663
    annual_cost: 11.491770511844537
    efficiency: 0.667778
    discharge_ratio: 0.5
    depth_of_discharge: 1.0
