cost_values:
  wind_capex: 5000.0
  wind_opex: 100
  wind_lifetime: 20
  solar_capex: 1000.0
  solar_opex: 10
  solar_lifetime: 20
  carbon_price: 1.0
timeseries_values:
  load_level: 287281.42926931585
  wind_year: 2018
  solar_year: 2017
  price_year: 2023
  carbon_year: 2023
storage_values:
  CAES:
    cost: 55.8332
    lifetime: 26.7265
    annual_cost: 2.0890576768375952
    efficiency: 0.571383
    discharge_ratio: 0.1
    depth_of_discharge: 0.4
  Li-ion:
    cost: 150.528
    lifetime: 21.7562
    annual_cost: 6.918855314806813
    efficiency: 0.857838
    discharge_ratio: 2
    depth_of_discharge: 0.9
  Pb-acid:
    cost: 157.206
    lifetime: 8.38399
    annual_cost: 18.75073801376194
    efficiency: 0.699894
    discharge_ratio: 5
    depth_of_discharge: 0.5
  VRBF:
    cost: 288.169
    lifetime: 27.7499
    annual_cost: 10.384505890111315
    efficiency: 0.670701
    discharge_ratio: 0.5
    depth_of_discharge: 1.0
