cost_values:
  wind_capex: 5000.0
  wind_opex: 100
  wind_lifetime: 20
  solar_capex: 1000.0
  solar_opex: 10
  solar_lifetime: 20
  carbon_price: 1.0
timeseries_values:
  load_level: 287281.42926931585
  wind_year: 2018
  solar_year: 2017
  price_year: 2023
  carbon_year: 2023
storage_values:
  CAES:
    cost: 57.3004
    lifetime: 25.7465
    annual_cost: 2.2255607558308896
    efficiency: 0.565997
    discharge_ratio: 0.1
    depth_of_discharge: 0.4
  Li-ion:
    cost: 162.929
    lifetime: 20.9618
    annual_cost: 7.7726626530164395
    efficiency: 0.852232
    discharge_ratio: 2
    depth_of_discharge: 0.9
  Pb-acid:
    cost: 185.16
    lifetime: 8.54383
    annual_cost: 21.671779518084982
    efficiency: 0.70127
    discharge_ratio: 5
    depth_of_discharge: 0.5
  VRBF:
    cost: 299.17
    lifetime: 24.9661
    annual_cost: 11.983049014463614
    efficiency: 0.6627
    discharge_ratio: 0.5
    depth_of_discharge: 1.0
