cost_values:
  wind_capex: 5000.0
  wind_opex: 100
  wind_lifetime: 20
  solar_capex: 1000.0
  solar_opex: 10
  solar_lifetime: 20
  carbon_price: 1.0
timeseries_values:
  load_level: 287281.42926931585
  wind_year: 2018
  solar_year: 2017
  price_year: 2023
  carbon_year: 2023
storage_values:
  CAES:
    cost: 61.9364
    lifetime: 26.2242
    annual_cost: 2.3618032199266326
    efficiency: 0.571689
    discharge_ratio: 0.1
    depth_of_discharge: 0.4
  Li-ion:
    cost: 155.911
    lifetime: 20.0965
    annual_cost: 7.758117085064564
    efficiency: 0.858399
    discharge_ratio: 2
    depth_of_discharge: 0.9
  Pb-acid:
    cost: 154.351
    lifetime: 6.11338
    annual_cost: 25.248062446633448
    efficiency: 0.707818
    discharge_ratio: 5
    depth_of_discharge: 0.5
  VRBF:
    cost: 287.904
    lifetime: 27.3677
    annual_cost: 10.519846388260614
    efficiency: 0.676576
    discharge_ratio: 0.5
    depth_of_discharge: 1.0
