cost_values:
  wind_capex: 5000.0
  wind_opex: 100
  wind_lifetime: 20
  solar_capex: 1000.0
  solar_opex: 10
  solar_lifetime: 20
  carbon_price: 1.0
timeseries_values:
  load_level: 287281.42926931585
  wind_year: 2018
  solar_year: 2017
  price_year: 2023
  carbon_year: 2023
storage_values:
  CAES:
    cost: 57.6537
    lifetime: 26.741
    annual_cost: 2.1560038891589692
    efficiency: 0.565019
    discharge_ratio: 0.1
    depth_of_discharge: 0.4
  Li-ion:
    cost: 156.707
    lifetime: 22.7979
    annual_cost: 6.8737471433772415
    efficiency: 0.874497
    discharge_ratio: 2
    depth_of_discharge: 0.9
  Pb-acid:
    cost: 157.335
    lifetime: 8.30698
    annual_cost: 18.940096160096694
    efficiency: 0.700151
    discharge_ratio: 5
    depth_of_discharge: 0.5
  VRBF:
    cost: 322.907
    lifetime: 27.246
    annual_cost: 11.851537840416942
    efficiency: 0.674227
    discharge_ratio: 0.5
    depth_of_discharge: 1.0
