cost_values:
  wind_capex: 5000.0
  wind_opex: 100
  wind_lifetime: 20
  solar_capex: 1000.0
  solar_opex: 10
  solar_lifetime: 20
  carbon_price: 1.0
timeseries_values:
  load_level: 287281.42926931585
  wind_year: 2018
  solar_year: 2017
  price_year: 2023
  carbon_year: 2023
storage_values:
  CAES:
    cost: 65.1599
    lifetime: 25.7955
    annual_cost: 2.526018103932856
    efficiency: 0.582312
    discharge_ratio: 0.1
    depth_of_discharge: 0.4
  Li-ion:
    cost: 147.643
    lifetime: 21.7418
    annual_cost: 6.790744096624934
    efficiency: 0.873024
    discharge_ratio: 2
    depth_of_discharge: 0.9
  Pb-acid:
    cost: 170.943
    lifetime: 7.1026
    annual_cost: 24.067665361980122
    efficiency: 0.702071
    discharge_ratio: 5
    depth_of_discharge: 0.5
  VRBF:
    cost: 321.199
    lifetime: 26.5393
    annual_cost: 12.102768347318882
    efficiency: 0.67743
    discharge_ratio: 0.5
    depth_of_discharge: 1.0
