cost_values:
  wind_capex: 5000.0
  wind_opex: 100
  wind_lifetime: 20
  solar_capex: 1000.0
  solar_opex: 10
  solar_lifetime: 20
  carbon_price: 1.0
timeseries_values:
  load_level: 287281.42926931585
  wind_year: 2018
  solar_year: 2017
  price_year: 2023
  carbon_year: 2023
storage_values:
  CAES:
    cost: 57.9659
    lifetime: 24.9761
    annual_cost: 2.320854737128695
    efficiency: 0.571793
    discharge_ratio: 0.1
    depth_of_discharge: 0.4
  Li-ion:
    cost: 140.101
    lifetime: 22.2311
    annual_cost: 6.302027340077639
    efficiency: 0.854445
    discharge_ratio: 2
    depth_of_discharge: 0.9
  Pb-acid:
    cost: 180.989
    lifetime: 9.40303
    annual_cost: 19.247944545534793
    efficiency: 0.702423
    discharge_ratio: 5
    depth_of_discharge: 0.5
  VRBF:
    cost: 278.616
    lifetime: 28.2739
    annual_cost: 9.854176466635305
    efficiency: 0.699845
    discharge_ratio: 0.5
    depth_of_discharge: 1.0
