cost_values:
  wind_capex: 5000.0
  wind_opex: 100
  wind_lifetime: 20
  solar_capex: 1000.0
  solar_opex: 10
  solar_lifetime: 20
  carbon_price: 1.0
timeseries_values:
  load_level: 287281.42926931585
  wind_year: 2018
  solar_year: 2017
  price_year: 2023
  carbon_year: 2023
storage_values:
  CAES:
    cost: 57.1828
    lifetime: 26.0259
    annual_cost: 2.1971497623521183
    efficiency: 0.559844
    discharge_ratio: 0.1
    depth_of_discharge: 0.4
  Li-ion:
    cost: 173.567
    lifetime: 21.1614
    annual_cost: 8.202056574706777
    efficiency: 0.863023
    discharge_ratio: 2
    depth_of_discharge: 0.9
  Pb-acid:
    cost: 181.635
    lifetime: 8.88949
    annual_cost: 20.43255574841751
    efficiency: 0.68902
    discharge_ratio: 5
    depth_of_discharge: 0.5
  VRBF:
    cost: 293.601
    lifetime: 23.8287
    annual_cost: 12.321318410152463
    efficiency: 0.656581
    discharge_ratio: 0.5
    depth_of_discharge: 1.0
