cost_values:
  wind_capex: 5000.0
  wind_opex: 100
  wind_lifetime: 20
  solar_capex: 1000.0
  solar_opex: 10
  solar_lifetime: 20
  carbon_price: 1.0
timeseries_values:
  load_level: 287281.42926931585
  wind_year: 2018
  solar_year: 2017
  price_year: 2023
  carbon_year: 2023
storage_values:
  CAES:
    cost: 54.2648
    lifetime: 25.4561
    annual_cost: 2.1317012425312596
    efficiency: 0.565964
    discharge_ratio: 0.1
    depth_of_discharge: 0.4
  Li-ion:
    cost: 150.119
    lifetime: 22.9123
    annual_cost: 6.551895706672836
    efficiency: 0.853408
    discharge_ratio: 2
    depth_of_discharge: 0.9
  Pb-acid:
    cost: 169.947
    lifetime: 9.06858
    annual_cost: 18.740199678450207
    efficiency: 0.700499
    discharge_ratio: 5
    depth_of_discharge: 0.5
  VRBF:
    cost: 307.183
    lifetime: 25.5786
    annual_cost: 12.009375024434487
    efficiency: 0.660198
    discharge_ratio: 0.5
    depth_of_discharge: 1.0
