cost_values:
  wind_capex: 5000.0
  wind_opex: 100
  wind_lifetime: 20
  solar_capex: 1000.0
  solar_opex: 10
  solar_lifetime: 20
  carbon_price: 1.0
timeseries_values:
  load_level: 287281.42926931585
  wind_year: 2018
  solar_year: 2017
  price_year: 2023
  carbon_year: 2023
storage_values:
  CAES:
    cost: 59.0264
    lifetime: 25.2867
    annual_cost: 2.3342864035243824
    efficiency: 0.579385
    discharge_ratio: 0.1
    depth_of_discharge: 0.4
  Li-ion:
    cost: 150.806
    lifetime: 23.7286
    annual_cost: 6.355452913361935
    efficiency: 0.858384
    discharge_ratio: 2
    depth_of_discharge: 0.9
  Pb-acid:
    cost: 186.049
    lifetime: 9.30761
    annual_cost: 19.988912298645946
    efficiency: 0.697981
    discharge_ratio: 5
    depth_of_discharge: 0.5
  VRBF:
    cost: 281.682
    lifetime: 26.192
    annual_cost: 10.75450519242517
    efficiency: 0.663633
    discharge_ratio: 0.5
    depth_of_discharge: 1.0
