cost_values:
  wind_capex: 5000.0
  wind_opex: 100
  wind_lifetime: 20
  solar_capex: 1000.0
  solar_opex: 10
  solar_lifetime: 20
  carbon_price: 1.0
timeseries_values:
  load_level: 287281.42926931585
  wind_year: 2018
  solar_year: 2017
  price_year: 2023
  carbon_year: 2023
storage_values:
  CAES:
    cost: 51.9202
    lifetime: 25.9985
    annual_cost: 1.9970459834221206
    efficiency: 0.573208
    discharge_ratio: 0.1
    depth_of_discharge: 0.4
  Li-ion:
    cost: 139.105
    lifetime: 19.1832
    annual_cost: 7.251397055757121
    efficiency: 0.859352
    discharge_ratio: 2
    depth_of_discharge: 0.9
  Pb-acid:
    cost: 154.014
    lifetime: 9.36598
    annual_cost: 16.44398130254389
    efficiency: 0.707348
    discharge_ratio: 5
    depth_of_discharge: 0.5
  VRBF:
    cost: 281.921
    lifetime: 26.5202
    annual_cost: 10.630425109916215
    efficiency: 0.652373
    discharge_ratio: 0.5
    depth_of_discharge: 1.0
