cost_values:
  wind_capex: 5000.0
  wind_opex: 100
  wind_lifetime: 20
  solar_capex: 1000.0
  solar_opex: 10
  solar_lifetime: 20
  carbon_price: 1.0
timeseries_values:
  load_level: 287281.42926931585
  wind_year: 2018
  solar_year: 2017
  price_year: 2023
  carbon_year: 2023
storage_values:
  CAES:
    cost: 55.5403
    lifetime: 24.2626
    annual_cost: 2.2891322446893576
    efficiency: 0.571063
    discharge_ratio: 0.1
    depth_of_discharge: 0.4
  Li-ion:
    cost: 148.51
    lifetime: 20.4297
    annual_cost: 7.269318687988565
    efficiency: 0.850647
    discharge_ratio: 2
    depth_of_discharge: 0.9
  Pb-acid:
    cost: 171.387
    lifetime: 8.19139
    annual_cost: 20.92282262228999
    efficiency: 0.719209
    discharge_ratio: 5
    depth_of_discharge: 0.5
  VRBF:
    cost: 316.786
    lifetime: 26.603
    annual_cost: 11.907905123482314
    efficiency: 0.677447
    discharge_ratio: 0.5
    depth_of_discharge: 1.0
