cost_values:
  wind_capex: 5000.0
  wind_opex: 100
  wind_lifetime: 20
  solar_capex: 1000.0
  solar_opex: 10
  solar_lifetime: 20
  carbon_price: 1.0
timeseries_values:
  load_level: 287281.42926931585
  wind_year: 2018
  solar_year: 2017
  price_year: 2023
  carbon_year: 2023
storage_values:
  CAES:
    cost: 55.9799
    lifetime: 26.5015
    annual_cost: 2.1123294907835404
    efficiency: 0.565109
    discharge_ratio: 0.1
    depth_of_discharge: 0.4
  Li-ion:
    cost: 152.57
    lifetime: 21.458
    annual_cost: 7.110168701649735
    efficiency: 0.863565
    discharge_ratio: 2
    depth_of_discharge: 0.9
  Pb-acid:
    cost: 165.113
    lifetime: 8.26641
    annual_cost: 19.97396693365076
    efficiency: 0.696853
    discharge_ratio: 5
    depth_of_discharge: 0.5
  VRBF:
    cost: 291.221
    lifetime: 26.4104
    annual_cost: 11.026754611819587
    efficiency: 0.672022
    discharge_ratio: 0.5
    depth_of_discharge: 1.0
