cost_values:
  wind_capex: 5000.0
  wind_opex: 100
  wind_lifetime: 20
  solar_capex: 1000.0
  solar_opex: 10
  solar_lifetime: 20
  carbon_price: 1.0
timeseries_values:
  load_level: 287281.42926931585
  wind_year: 2018
  solar_year: 2017
  price_year: 2023
  carbon_year: 2023
storage_values:
  CAES:
    cost: 49.2086
    lifetime: 24.1253
    annual_cost: 2.03970935076455
    efficiency: 0.571956
    discharge_ratio: 0.1
    depth_of_discharge: 0.4
  Li-ion:
    cost: 131.478
    lifetime: 20.7459
    annual_cost: 6.337541393721169
    efficiency: 0.856049
    discharge_ratio: 2
    depth_of_discharge: 0.9
  Pb-acid:
    cost: 185.097
    lifetime: 8.90922
    annual_cost: 20.77589283910376
    efficiency: 0.706433
    discharge_ratio: 5
    depth_of_discharge: 0.5
  VRBF:
    cost: 297.419
    lifetime: 26.9391
    annual_cost: 11.040420800991866
    efficiency: 0.669889
    discharge_ratio: 0.5
    depth_of_discharge: 1.0
