cost_values:
  wind_capex: 5000.0
  wind_opex: 100
  wind_lifetime: 20
  solar_capex: 1000.0
  solar_opex: 10
  solar_lifetime: 20
  carbon_price: 1.0
timeseries_values:
  load_level: 287281.42926931585
  wind_year: 2018
  solar_year: 2017
  price_year: 2023
  carbon_year: 2023
storage_values:
  CAES:
    cost: 59.7003
    lifetime: 24.5975
    annual_cost: 2.427088118711251
    efficiency: 0.582534
    discharge_ratio: 0.1
    depth_of_discharge: 0.4
  Li-ion:
    cost: 149.942
    lifetime: 22.804
    annual_cost: 6.575249956148045
    efficiency: 0.86279
    discharge_ratio: 2
    depth_of_discharge: 0.9
  Pb-acid:
    cost: 158.715
    lifetime: 8.48347
    annual_cost: 18.70873592999091
    efficiency: 0.724769
    discharge_ratio: 5
    depth_of_discharge: 0.5
  VRBF:
    cost: 309.627
    lifetime: 25.1441
    annual_cost: 12.314101518845375
    efficiency: 0.665528
    discharge_ratio: 0.5
    depth_of_discharge: 1.0
