cost_values:
  wind_capex: 5000.0
  wind_opex: 100
  wind_lifetime: 20
  solar_capex: 1000.0
  solar_opex: 10
  solar_lifetime: 20
  carbon_price: 1.0
timeseries_values:
  load_level: 287281.42926931585
  wind_year: 2018
  solar_year: 2017
  price_year: 2023
  carbon_year: 2023
storage_values:
  CAES:
    cost: 55.1801
    lifetime: 25.1203
    annual_cost: 2.1966337981632384
    efficiency: 0.577118
    discharge_ratio: 0.1
    depth_of_discharge: 0.4
  Li-ion:
    cost: 144.045
    lifetime: 23.1311
    annual_cost: 6.227330304222453
    efficiency: 0.871301
    discharge_ratio: 2
    depth_of_discharge: 0.9
  Pb-acid:
    cost: 178.869
    lifetime: 7.90581
    annual_cost: 22.625006166351078
    efficiency: 0.705929
    discharge_ratio: 5
    depth_of_discharge: 0.5
  VRBF:
    cost: 311.473
    lifetime: 26.6747
    annual_cost: 11.6767198881337
    efficiency: 0.677836
    discharge_ratio: 0.5
    depth_of_discharge: 1.0
