cost_values:
  wind_capex: 5000.0
  wind_opex: 100
  wind_lifetime: 20
  solar_capex: 1000.0
  solar_opex: 10
  solar_lifetime: 20
  carbon_price: 1.0
timeseries_values:
  load_level: 287281.42926931585
  wind_year: 2018
  solar_year: 2017
  price_year: 2023
  carbon_year: 2023
storage_values:
  CAES:
    cost: 54.5828
    lifetime: 25.1516
    annual_cost: 2.1701521970769257
    efficiency: 0.567727
    discharge_ratio: 0.1
    depth_of_discharge: 0.4
  Li-ion:
    cost: 151.926
    lifetime: 20.0018
    annual_cost: 7.595616394524493
    efficiency: 0.860431
    discharge_ratio: 2
    depth_of_discharge: 0.9
  Pb-acid:
    cost: 183.909
    lifetime: 7.55016
    annual_cost: 24.358291744810703
    efficiency: 0.696247
    discharge_ratio: 5
    depth_of_discharge: 0.5
  VRBF:
    cost: 248.068
    lifetime: 27.6719
    annual_cost: 8.964617536200985
    efficiency: 0.695767
    discharge_ratio: 0.5
    depth_of_discharge: 1.0
