cost_values:
  wind_capex: 5000.0
  wind_opex: 100
  wind_lifetime: 20
  solar_capex: 1000.0
  solar_opex: 10
  solar_lifetime: 20
  carbon_price: 1.0
timeseries_values:
  load_level: 252142.46085170782
  wind_year: 2010
  solar_year: 2018
  price_year: 2023
  carbon_year: 2023
storage_values:
  CAES:
    cost: 44.7152
    lifetime: 25.0705
    annual_cost: 1.783578309168146
    efficiency: 0.557982
    discharge_ratio: 0.1
    depth_of_discharge: 0.4
  Li-ion:
    cost: 238.808
    lifetime: 19.5946
    annual_cost: 12.187439396568442
    efficiency: 0.866865
    discharge_ratio: 2
    depth_of_discharge: 0.9
  Pb-acid:
    cost: 119.552
    lifetime: 10.2108
    annual_cost: 11.708387197868923
    efficiency: 0.721468
    discharge_ratio: 5
    depth_of_discharge: 0.5
  VRBF:
    cost: 187.205
    lifetime: 24.6422
    annual_cost: 7.596927222407091
    efficiency: 0.715784
    discharge_ratio: 0.5
    depth_of_discharge: 1.0
