cost_values:
  wind_capex: 5000.0
  wind_opex: 100
  wind_lifetime: 20
  solar_capex: 1000.0
  solar_opex: 10
  solar_lifetime: 20
  carbon_price: 1.0
timeseries_values:
  load_level: 252142.46085170782
  wind_year: 2010
  solar_year: 2018
  price_year: 2023
  carbon_year: 2023
storage_values:
  CAES:
    cost: 45.4586
    lifetime: 23.8056
    annual_cost: 1.9095758981080082
    efficiency: 0.56732
    discharge_ratio: 0.1
    depth_of_discharge: 0.4
  Li-ion:
    cost: 235.088
    lifetime: 20.1782
    annual_cost: 11.650593214459168
    efficiency: 0.85699
    discharge_ratio: 2
    depth_of_discharge: 0.9
  Pb-acid:
    cost: 135.971
    lifetime: 10.6546
    annual_cost: 12.761717943423498
    efficiency: 0.736254
    discharge_ratio: 5
    depth_of_discharge: 0.5
  VRBF:
    cost: 201.3
    lifetime: 24.3774
    annual_cost: 8.25764847768835
    efficiency: 0.722623
    discharge_ratio: 0.5
    depth_of_discharge: 1.0
