cost_values:
  wind_capex: 5000.0
  wind_opex: 100
  wind_lifetime: 20
  solar_capex: 1000.0
  solar_opex: 10
  solar_lifetime: 20
  carbon_price: 1.0
timeseries_values:
  load_level: 252142.46085170782
  wind_year: 2010
  solar_year: 2018
  price_year: 2023
  carbon_year: 2023
storage_values:
  CAES:
    cost: 49.503
    lifetime: 24.1387
    annual_cost: 2.050773239652508
    efficiency: 0.557837
    discharge_ratio: 0.1
    depth_of_discharge: 0.4
  Li-ion:
    cost: 238.89
    lifetime: 22.1745
    annual_cost: 10.773185415680173
    efficiency: 0.851141
    discharge_ratio: 2
    depth_of_discharge: 0.9
  Pb-acid:
    cost: 137.013
    lifetime: 10.633
    annual_cost: 12.885639048246029
    efficiency: 0.718934
    discharge_ratio: 5
    depth_of_discharge: 0.5
  VRBF:
    cost: 191.291
    lifetime: 24.2774
    annual_cost: 7.879385766185835
    efficiency: 0.717885
    discharge_ratio: 0.5
    depth_of_discharge: 1.0
