cost_values:
  wind_capex: 5000.0
  wind_opex: 100
  wind_lifetime: 20
  solar_capex: 1000.0
  solar_opex: 10
  solar_lifetime: 20
  carbon_price: 1.0
timeseries_values:
  load_level: 252142.46085170782
  wind_year: 2010
  solar_year: 2018
  price_year: 2023
  carbon_year: 2023
storage_values:
  CAES:
    cost: 46.3362
    lifetime: 24.0184
    annual_cost: 1.9291959497718416
    efficiency: 0.563412
    discharge_ratio: 0.1
    depth_of_discharge: 0.4
  Li-ion:
    cost: 247.437
    lifetime: 23.1848
    annual_cost: 10.67238018011801
    efficiency: 0.851669
    discharge_ratio: 2
    depth_of_discharge: 0.9
  Pb-acid:
    cost: 131.823
    lifetime: 9.62569
    annual_cost: 13.694914338608452
    efficiency: 0.728574
    discharge_ratio: 5
    depth_of_discharge: 0.5
  VRBF:
    cost: 194.199
    lifetime: 25.3454
    annual_cost: 7.66210042058914
    efficiency: 0.738586
    discharge_ratio: 0.5
    depth_of_discharge: 1.0
