cost_values:
  wind_capex: 5000.0
  wind_opex: 100
  wind_lifetime: 20
  solar_capex: 1000.0
  solar_opex: 10
  solar_lifetime: 20
  carbon_price: 1.0
timeseries_values:
  load_level: 252142.46085170782
  wind_year: 2010
  solar_year: 2018
  price_year: 2023
  carbon_year: 2023
storage_values:
  CAES:
    cost: 44.7529
    lifetime: 23.8439
    annual_cost: 1.8769119145777324
    efficiency: 0.554522
    discharge_ratio: 0.1
    depth_of_discharge: 0.4
  Li-ion:
    cost: 244.632
    lifetime: 23.3465
    annual_cost: 10.47831580750862
    efficiency: 0.869148
    discharge_ratio: 2
    depth_of_discharge: 0.9
  Pb-acid:
    cost: 134.393
    lifetime: 10.668
    annual_cost: 12.597769028871392
    efficiency: 0.711745
    discharge_ratio: 5
    depth_of_discharge: 0.5
  VRBF:
    cost: 197.235
    lifetime: 26.3781
    annual_cost: 7.477225425637177
    efficiency: 0.725476
    discharge_ratio: 0.5
    depth_of_discharge: 1.0
