cost_values:
  wind_capex: 5000.0
  wind_opex: 100
  wind_lifetime: 20
  solar_capex: 1000.0
  solar_opex: 10
  solar_lifetime: 20
  carbon_price: 1.0
timeseries_values:
  load_level: 252142.46085170782
  wind_year: 2010
  solar_year: 2018
  price_year: 2023
  carbon_year: 2023
storage_values:
  CAES:
    cost: 43.4414
    lifetime: 24.9409
    annual_cost: 1.741773552678532
    efficiency: 0.560443
    discharge_ratio: 0.1
    depth_of_discharge: 0.4
  Li-ion:
    cost: 220.415
    lifetime: 20.7776
    annual_cost: 10.608299322347143
    efficiency: 0.858738
    discharge_ratio: 2
    depth_of_discharge: 0.9
  Pb-acid:
    cost: 151.914
    lifetime: 10.6217
    annual_cost: 14.302230339776116
    efficiency: 0.724422
    discharge_ratio: 5
    depth_of_discharge: 0.5
  VRBF:
    cost: 182.546
    lifetime: 23.2735
    annual_cost: 7.843513008357145
    efficiency: 0.745879
    discharge_ratio: 0.5
    depth_of_discharge: 1.0
