cost_values:
  wind_capex: 5000.0
  wind_opex: 100
  wind_lifetime: 20
  solar_capex: 1000.0
  solar_opex: 10
  solar_lifetime: 20
  carbon_price: 1.0
timeseries_values:
  load_level: 252142.46085170782
  wind_year: 2010
  solar_year: 2018
  price_year: 2023
  carbon_year: 2023
storage_values:
  CAES:
    cost: 43.5267
    lifetime: 23.8126
    annual_cost: 1.8278852372273502
    efficiency: 0.567371
    discharge_ratio: 0.1
    depth_of_discharge: 0.4
  Li-ion:
    cost: 225.129
    lifetime: 23.5213
    annual_cost: 9.57128219953829
    efficiency: 0.857581
    discharge_ratio: 2
    depth_of_discharge: 0.9
  Pb-acid:
    cost: 147.134
    lifetime: 10.2324
    annual_cost: 14.37922676986826
    efficiency: 0.731998
    discharge_ratio: 5
    depth_of_discharge: 0.5
  VRBF:
    cost: 199.992
    lifetime: 23.9505
    annual_cost: 8.350222333562973
    efficiency: 0.739073
    discharge_ratio: 0.5
    depth_of_discharge: 1.0
