cost_values:
  wind_capex: 5000.0
  wind_opex: 100
  wind_lifetime: 20
  solar_capex: 1000.0
  solar_opex: 10
  solar_lifetime: 20
  carbon_price: 1.0
timeseries_values:
  load_level: 252142.46085170782
  wind_year: 2010
  solar_year: 2018
  price_year: 2023
  carbon_year: 2023
storage_values:
  CAES:
    cost: 37.2586
    lifetime: 24.646
    annual_cost: 1.5117503854580865
    efficiency: 0.556957
    discharge_ratio: 0.1
    depth_of_discharge: 0.4
  Li-ion:
    cost: 241.963
    lifetime: 21.4883
    annual_cost: 11.26022067822955
    efficiency: 0.860826
    discharge_ratio: 2
    depth_of_discharge: 0.9
  Pb-acid:
    cost: 142.86
    lifetime: 9.33796
    annual_cost: 15.29884471554815
    efficiency: 0.730117
    discharge_ratio: 5
    depth_of_discharge: 0.5
  VRBF:
    cost: 183.967
    lifetime: 26.0544
    annual_cost: 7.060880311962663
    efficiency: 0.718962
    discharge_ratio: 0.5
    depth_of_discharge: 1.0
