cost_values:
  wind_capex: 5000.0
  wind_opex: 100
  wind_lifetime: 20
  solar_capex: 1000.0
  solar_opex: 10
  solar_lifetime: 20
  carbon_price: 1.0
timeseries_values:
  load_level: 252142.46085170782
  wind_year: 2010
  solar_year: 2018
  price_year: 2023
  carbon_year: 2023
storage_values:
  CAES:
    cost: 46.6349
    lifetime: 24.3858
    annual_cost: 1.912379335514931
    efficiency: 0.569302
    discharge_ratio: 0.1
    depth_of_discharge: 0.4
  Li-ion:
    cost: 218.767
    lifetime: 21.29
    annual_cost: 10.27557538750587
    efficiency: 0.862686
    discharge_ratio: 2
    depth_of_discharge: 0.9
  Pb-acid:
    cost: 129.622
    lifetime: 11.1841
    annual_cost: 11.58984629965755
    efficiency: 0.757096
    discharge_ratio: 5
    depth_of_discharge: 0.5
  VRBF:
    cost: 201.559
    lifetime: 23.807
    annual_cost: 8.466375435796195
    efficiency: 0.754183
    discharge_ratio: 0.5
    depth_of_discharge: 1.0
