cost_values:
  wind_capex: 5000.0
  wind_opex: 100
  wind_lifetime: 20
  solar_capex: 1000.0
  solar_opex: 10
  solar_lifetime: 20
  carbon_price: 1.0
timeseries_values:
  load_level: 252142.46085170782
  wind_year: 2010
  solar_year: 2018
  price_year: 2023
  carbon_year: 2023
storage_values:
  CAES:
    cost: 45.3041
    lifetime: 24.7378
    annual_cost: 1.8313714234895584
    efficiency: 0.567045
    discharge_ratio: 0.1
    depth_of_discharge: 0.4
  Li-ion:
    cost: 233.384
    lifetime: 23.3032
    annual_cost: 10.015105221600466
    efficiency: 0.864945
    discharge_ratio: 2
    depth_of_discharge: 0.9
  Pb-acid:
    cost: 143.706
    lifetime: 10.7846
    annual_cost: 13.325111733397623
    efficiency: 0.748026
    discharge_ratio: 5
    depth_of_discharge: 0.5
  VRBF:
    cost: 205.005
    lifetime: 24.7612
    annual_cost: 8.279283718075053
    efficiency: 0.761185
    discharge_ratio: 0.5
    depth_of_discharge: 1.0
