cost_values:
  wind_capex: 5000.0
  wind_opex: 100
  wind_lifetime: 20
  solar_capex: 1000.0
  solar_opex: 10
  solar_lifetime: 20
  carbon_price: 1.0
timeseries_values:
  load_level: 252142.46085170782
  wind_year: 2010
  solar_year: 2018
  price_year: 2023
  carbon_year: 2023
storage_values:
  CAES:
    cost: 44.4669
    lifetime: 24.5412
    annual_cost: 1.8119285120532005
    efficiency: 0.577685
    discharge_ratio: 0.1
    depth_of_discharge: 0.4
  Li-ion:
    cost: 253.863
    lifetime: 21.7341
    annual_cost: 11.680400844755475
    efficiency: 0.868847
    discharge_ratio: 2
    depth_of_discharge: 0.9
  Pb-acid:
    cost: 121.009
    lifetime: 9.63133
    annual_cost: 12.564100700526303
    efficiency: 0.735606
    discharge_ratio: 5
    depth_of_discharge: 0.5
  VRBF:
    cost: 202.953
    lifetime: 26.7655
    annual_cost: 7.5826343613980685
    efficiency: 0.748039
    discharge_ratio: 0.5
    depth_of_discharge: 1.0
