cost_values:
  wind_capex: 5000.0
  wind_opex: 100
  wind_lifetime: 20
  solar_capex: 1000.0
  solar_opex: 10
  solar_lifetime: 20
  carbon_price: 1.0
timeseries_values:
  load_level: 252142.46085170782
  wind_year: 2010
  solar_year: 2018
  price_year: 2023
  carbon_year: 2023
storage_values:
  CAES:
    cost: 46.0141
    lifetime: 24.0862
    annual_cost: 1.9103926729828697
    efficiency: 0.567542
    discharge_ratio: 0.1
    depth_of_discharge: 0.4
  Li-ion:
    cost: 202.001
    lifetime: 21.5247
    annual_cost: 9.384613955130618
    efficiency: 0.856571
    discharge_ratio: 2
    depth_of_discharge: 0.9
  Pb-acid:
    cost: 160.754
    lifetime: 12.6323
    annual_cost: 12.725631911845031
    efficiency: 0.727656
    discharge_ratio: 5
    depth_of_discharge: 0.5
  VRBF:
    cost: 191.729
    lifetime: 24.6818
    annual_cost: 7.768031504995585
    efficiency: 0.737326
    discharge_ratio: 0.5
    depth_of_discharge: 1.0
