cost_values:
  wind_capex: 5000.0
  wind_opex: 100
  wind_lifetime: 20
  solar_capex: 1000.0
  solar_opex: 10
  solar_lifetime: 20
  carbon_price: 1.0
timeseries_values:
  load_level: 252142.46085170782
  wind_year: 2010
  solar_year: 2018
  price_year: 2023
  carbon_year: 2023
storage_values:
  CAES:
    cost: 42.3146
    lifetime: 23.778
    annual_cost: 1.7795693498191607
    efficiency: 0.556113
    discharge_ratio: 0.1
    depth_of_discharge: 0.4
  Li-ion:
    cost: 214.709
    lifetime: 20.2905
    annual_cost: 10.58175008008674
    efficiency: 0.858937
    discharge_ratio: 2
    depth_of_discharge: 0.9
  Pb-acid:
    cost: 132.312
    lifetime: 11.0584
    annual_cost: 11.964841206684511
    efficiency: 0.730744
    discharge_ratio: 5
    depth_of_discharge: 0.5
  VRBF:
    cost: 189.871
    lifetime: 23.075
    annual_cost: 8.22842903575298
    efficiency: 0.743107
    discharge_ratio: 0.5
    depth_of_discharge: 1.0
