cost_values:
  wind_capex: 5000.0
  wind_opex: 100
  wind_lifetime: 20
  solar_capex: 1000.0
  solar_opex: 10
  solar_lifetime: 20
  carbon_price: 1.0
timeseries_values:
  load_level: 252142.46085170782
  wind_year: 2010
  solar_year: 2018
  price_year: 2023
  carbon_year: 2023
storage_values:
  CAES:
    cost: 39.357
    lifetime: 22.8141
    annual_cost: 1.7251173616316224
    efficiency: 0.555055
    discharge_ratio: 0.1
    depth_of_discharge: 0.4
  Li-ion:
    cost: 224.911
    lifetime: 24.9287
    annual_cost: 9.022171232354676
    efficiency: 0.851713
    discharge_ratio: 2
    depth_of_discharge: 0.9
  Pb-acid:
    cost: 127.844
    lifetime: 10.2346
    annual_cost: 12.491352861860745
    efficiency: 0.735124
    discharge_ratio: 5
    depth_of_discharge: 0.5
  VRBF:
    cost: 194.933
    lifetime: 23.4583
    annual_cost: 8.309766692386063
    efficiency: 0.740459
    discharge_ratio: 0.5
    depth_of_discharge: 1.0
