cost_values:
  wind_capex: 5000.0
  wind_opex: 100
  wind_lifetime: 20
  solar_capex: 1000.0
  solar_opex: 10
  solar_lifetime: 20
  carbon_price: 1.0
timeseries_values:
  load_level: 252142.46085170782
  wind_year: 2010
  solar_year: 2018
  price_year: 2023
  carbon_year: 2023
storage_values:
  CAES:
    cost: 46.706
    lifetime: 23.693
    annual_cost: 1.971299539948508
    efficiency: 0.571494
    discharge_ratio: 0.1
    depth_of_discharge: 0.4
  Li-ion:
    cost: 233.044
    lifetime: 21.2544
    annual_cost: 10.964506172839506
    efficiency: 0.856747
    discharge_ratio: 2
    depth_of_discharge: 0.9
  Pb-acid:
    cost: 133.012
    lifetime: 10.0329
    annual_cost: 13.257582553399317
    efficiency: 0.7258
    discharge_ratio: 5
    depth_of_discharge: 0.5
  VRBF:
    cost: 206.058
    lifetime: 23.904
    annual_cost: 8.620230923694779
    efficiency: 0.730262
    discharge_ratio: 0.5
    depth_of_discharge: 1.0
