cost_values:
  wind_capex: 5000.0
  wind_opex: 100
  wind_lifetime: 20
  solar_capex: 1000.0
  solar_opex: 10
  solar_lifetime: 20
  carbon_price: 1.0
timeseries_values:
  load_level: 252142.46085170782
  wind_year: 2010
  solar_year: 2018
  price_year: 2023
  carbon_year: 2023
storage_values:
  CAES:
    cost: 47.2016
    lifetime: 23.6641
    annual_cost: 1.9946501240275352
    efficiency: 0.553225
    discharge_ratio: 0.1
    depth_of_discharge: 0.4
  Li-ion:
    cost: 240.193
    lifetime: 21.6098
    annual_cost: 11.115003378096976
    efficiency: 0.864127
    discharge_ratio: 2
    depth_of_discharge: 0.9
  Pb-acid:
    cost: 136.17
    lifetime: 10.1808
    annual_cost: 13.375176803394625
    efficiency: 0.730736
    discharge_ratio: 5
    depth_of_discharge: 0.5
  VRBF:
    cost: 176.451
    lifetime: 26.0519
    annual_cost: 6.77305685957646
    efficiency: 0.739884
    discharge_ratio: 0.5
    depth_of_discharge: 1.0
