cost_values:
  wind_capex: 5000.0
  wind_opex: 100
  wind_lifetime: 20
  solar_capex: 1000.0
  solar_opex: 10
  solar_lifetime: 20
  carbon_price: 1.0
timeseries_values:
  load_level: 252142.46085170782
  wind_year: 2010
  solar_year: 2018
  price_year: 2023
  carbon_year: 2023
storage_values:
  CAES:
    cost: 45.3931
    lifetime: 23.3258
    annual_cost: 1.9460468665597748
    efficiency: 0.553228
    discharge_ratio: 0.1
    depth_of_discharge: 0.4
  Li-ion:
    cost: 238.587
    lifetime: 23.796
    annual_cost: 10.026348966212808
    efficiency: 0.853447
    discharge_ratio: 2
    depth_of_discharge: 0.9
  Pb-acid:
    cost: 130.633
    lifetime: 10.5213
    annual_cost: 12.416051248419873
    efficiency: 0.721879
    discharge_ratio: 5
    depth_of_discharge: 0.5
  VRBF:
    cost: 199.177
    lifetime: 23.7781
    annual_cost: 8.376489290565688
    efficiency: 0.721885
    discharge_ratio: 0.5
    depth_of_discharge: 1.0
