cost_values:
  wind_capex: 5000.0
  wind_opex: 100
  wind_lifetime: 20
  solar_capex: 1000.0
  solar_opex: 10
  solar_lifetime: 20
  carbon_price: 1.0
timeseries_values:
  load_level: 252142.46085170782
  wind_year: 2010
  solar_year: 2018
  price_year: 2023
  carbon_year: 2023
storage_values:
  CAES:
    cost: 49.8296
    lifetime: 24.4798
    annual_cost: 2.035539506041716
    efficiency: 0.559952
    discharge_ratio: 0.1
    depth_of_discharge: 0.4
  Li-ion:
    cost: 245.329
    lifetime: 22.3225
    annual_cost: 10.990211669839848
    efficiency: 0.867016
    discharge_ratio: 2
    depth_of_discharge: 0.9
  Pb-acid:
    cost: 121.683
    lifetime: 8.84519
    annual_cost: 13.756968476652283
    efficiency: 0.726016
    discharge_ratio: 5
    depth_of_discharge: 0.5
  VRBF:
    cost: 187.553
    lifetime: 23.3317
    annual_cost: 8.0385484126746
    efficiency: 0.71991
    discharge_ratio: 0.5
    depth_of_discharge: 1.0
