cost_values:
  wind_capex: 5000.0
  wind_opex: 100
  wind_lifetime: 20
  solar_capex: 1000.0
  solar_opex: 10
  solar_lifetime: 20
  carbon_price: 1.0
timeseries_values:
  load_level: 252142.46085170782
  wind_year: 2010
  solar_year: 2018
  price_year: 2023
  carbon_year: 2023
storage_values:
  CAES:
    cost: 40.1764
    lifetime: 25.2795
    annual_cost: 1.5892877628117645
    efficiency: 0.563832
    discharge_ratio: 0.1
    depth_of_discharge: 0.4
  Li-ion:
    cost: 215.136
    lifetime: 22.4638
    annual_cost: 9.57700834231074
    efficiency: 0.860371
    discharge_ratio: 2
    depth_of_discharge: 0.9
  Pb-acid:
    cost: 169.458
    lifetime: 12.2062
    annual_cost: 13.882944733004537
    efficiency: 0.719587
    discharge_ratio: 5
    depth_of_discharge: 0.5
  VRBF:
    cost: 181.292
    lifetime: 25.8183
    annual_cost: 7.021841097206245
    efficiency: 0.747334
    discharge_ratio: 0.5
    depth_of_discharge: 1.0
