cost_values:
  wind_capex: 5000.0
  wind_opex: 100
  wind_lifetime: 20
  solar_capex: 1000.0
  solar_opex: 10
  solar_lifetime: 20
  carbon_price: 1.0
timeseries_values:
  load_level: 252142.46085170782
  wind_year: 2010
  solar_year: 2018
  price_year: 2023
  carbon_year: 2023
storage_values:
  CAES:
    cost: 46.6985
    lifetime: 23.3878
    annual_cost: 1.9967034094698948
    efficiency: 0.555358
    discharge_ratio: 0.1
    depth_of_discharge: 0.4
  Li-ion:
    cost: 228.765
    lifetime: 22.6321
    annual_cost: 10.1079882114342
    efficiency: 0.869889
    discharge_ratio: 2
    depth_of_discharge: 0.9
  Pb-acid:
    cost: 139.546
    lifetime: 11.3204
    annual_cost: 12.326949577753437
    efficiency: 0.733988
    discharge_ratio: 5
    depth_of_discharge: 0.5
  VRBF:
    cost: 194.936
    lifetime: 22.9299
    annual_cost: 8.501389016088165
    efficiency: 0.724654
    discharge_ratio: 0.5
    depth_of_discharge: 1.0
