cost_values:
  wind_capex: 5000.0
  wind_opex: 100
  wind_lifetime: 20
  solar_capex: 1000.0
  solar_opex: 10
  solar_lifetime: 20
  carbon_price: 1.0
timeseries_values:
  load_level: 252142.46085170782
  wind_year: 2010
  solar_year: 2018
  price_year: 2023
  carbon_year: 2023
storage_values:
  CAES:
    cost: 48.4712
    lifetime: 25.5028
    annual_cost: 1.9006226767256929
    efficiency: 0.557309
    discharge_ratio: 0.1
    depth_of_discharge: 0.4
  Li-ion:
    cost: 238.141
    lifetime: 22.5548
    annual_cost: 10.558329047475482
    efficiency: 0.850372
    discharge_ratio: 2
    depth_of_discharge: 0.9
  Pb-acid:
    cost: 122.631
    lifetime: 9.74936
    annual_cost: 12.57836411826007
    efficiency: 0.716389
    discharge_ratio: 5
    depth_of_discharge: 0.5
  VRBF:
    cost: 143.015
    lifetime: 24.6329
    annual_cost: 5.805853147619646
    efficiency: 0.740238
    discharge_ratio: 0.5
    depth_of_discharge: 1.0
