cost_values:
  wind_capex: 5000.0
  wind_opex: 100
  wind_lifetime: 20
  solar_capex: 1000.0
  solar_opex: 10
  solar_lifetime: 20
  carbon_price: 1.0
timeseries_values:
  load_level: 252142.46085170782
  wind_year: 2010
  solar_year: 2018
  price_year: 2023
  carbon_year: 2023
storage_values:
  CAES:
    cost: 50.3939
    lifetime: 24.4323
    annual_cost: 2.062593370251675
    efficiency: 0.574472
    discharge_ratio: 0.1
    depth_of_discharge: 0.4
  Li-ion:
    cost: 228.753
    lifetime: 21.3609
    annual_cost: 10.708958892181508
    efficiency: 0.857905
    discharge_ratio: 2
    depth_of_discharge: 0.9
  Pb-acid:
    cost: 133.292
    lifetime: 10.3239
    annual_cost: 12.91101231123897
    efficiency: 0.730141
    discharge_ratio: 5
    depth_of_discharge: 0.5
  VRBF:
    cost: 176.127
    lifetime: 21.9514
    annual_cost: 8.023497362355021
    efficiency: 0.716307
    discharge_ratio: 0.5
    depth_of_discharge: 1.0
