cost_values:
  wind_capex: 5000.0
  wind_opex: 100
  wind_lifetime: 20
  solar_capex: 1000.0
  solar_opex: 10
  solar_lifetime: 20
  carbon_price: 1.0
timeseries_values:
  load_level: 252142.46085170782
  wind_year: 2010
  solar_year: 2018
  price_year: 2023
  carbon_year: 2023
storage_values:
  CAES:
    cost: 44.8383
    lifetime: 23.9764
    annual_cost: 1.8701014330758576
    efficiency: 0.561781
    discharge_ratio: 0.1
    depth_of_discharge: 0.4
  Li-ion:
    cost: 228.292
    lifetime: 20.6886
    annual_cost: 11.034676101814526
    efficiency: 0.854878
    discharge_ratio: 2
    depth_of_discharge: 0.9
  Pb-acid:
    cost: 159.907
    lifetime: 11.4661
    annual_cost: 13.946067102153304
    efficiency: 0.728658
    discharge_ratio: 5
    depth_of_discharge: 0.5
  VRBF:
    cost: 168.919
    lifetime: 23.9104
    annual_cost: 7.06466642130621
    efficiency: 0.730207
    discharge_ratio: 0.5
    depth_of_discharge: 1.0
