cost_values:
  wind_capex: 5000.0
  wind_opex: 100
  wind_lifetime: 20
  solar_capex: 1000.0
  solar_opex: 10
  solar_lifetime: 20
  carbon_price: 1.0
timeseries_values:
  load_level: 252142.46085170782
  wind_year: 2010
  solar_year: 2018
  price_year: 2023
  carbon_year: 2023
storage_values:
  CAES:
    cost: 50.0123
    lifetime: 24.9274
    annual_cost: 2.006318348483998
    efficiency: 0.563648
    discharge_ratio: 0.1
    depth_of_discharge: 0.4
  Li-ion:
    cost: 253.035
    lifetime: 22.0623
    annual_cost: 11.469112467875062
    efficiency: 0.856926
    discharge_ratio: 2
    depth_of_discharge: 0.9
  Pb-acid:
    cost: 166.71
    lifetime: 10.9157
    annual_cost: 15.272497411984574
    efficiency: 0.724444
    discharge_ratio: 5
    depth_of_discharge: 0.5
  VRBF:
    cost: 182.584
    lifetime: 24.6605
    annual_cost: 7.403905030311632
    efficiency: 0.715893
    discharge_ratio: 0.5
    depth_of_discharge: 1.0
