cost_values:
  wind_capex: 5000.0
  wind_opex: 100
  wind_lifetime: 20
  solar_capex: 1000.0
  solar_opex: 10
  solar_lifetime: 20
  carbon_price: 1.0
timeseries_values:
  load_level: 252142.46085170782
  wind_year: 2010
  solar_year: 2018
  price_year: 2023
  carbon_year: 2023
storage_values:
  CAES:
    cost: 42.0124
    lifetime: 25.1697
    annual_cost: 1.6691657032066334
    efficiency: 0.560674
    discharge_ratio: 0.1
    depth_of_discharge: 0.4
  Li-ion:
    cost: 239.265
    lifetime: 19.5904
    annual_cost: 12.213380022868344
    efficiency: 0.855817
    discharge_ratio: 2
    depth_of_discharge: 0.9
  Pb-acid:
    cost: 147.375
    lifetime: 10.0099
    annual_cost: 14.722924304938111
    efficiency: 0.715909
    discharge_ratio: 5
    depth_of_discharge: 0.5
  VRBF:
    cost: 182.76
    lifetime: 25.0169
    annual_cost: 7.305461508020578
    efficiency: 0.716825
    discharge_ratio: 0.5
    depth_of_discharge: 1.0
