cost_values:
  wind_capex: 5000.0
  wind_opex: 100
  wind_lifetime: 20
  solar_capex: 1000.0
  solar_opex: 10
  solar_lifetime: 20
  carbon_price: 1.0
timeseries_values:
  load_level: 252142.46085170782
  wind_year: 2010
  solar_year: 2018
  price_year: 2023
  carbon_year: 2023
storage_values:
  CAES:
    cost: 51.4228
    lifetime: 24.074
    annual_cost: 2.136030572401761
    efficiency: 0.564284
    discharge_ratio: 0.1
    depth_of_discharge: 0.4
  Li-ion:
    cost: 212.328
    lifetime: 20.9898
    annual_cost: 10.115770517108311
    efficiency: 0.855505
    discharge_ratio: 2
    depth_of_discharge: 0.9
  Pb-acid:
    cost: 119.301
    lifetime: 8.97803
    annual_cost: 13.288104405977704
    efficiency: 0.719244
    discharge_ratio: 5
    depth_of_discharge: 0.5
  VRBF:
    cost: 191.087
    lifetime: 22.7186
    annual_cost: 8.411037651967991
    efficiency: 0.718635
    discharge_ratio: 0.5
    depth_of_discharge: 1.0
