cost_values:
  wind_capex: 5000.0
  wind_opex: 100
  wind_lifetime: 20
  solar_capex: 1000.0
  solar_opex: 10
  solar_lifetime: 20
  carbon_price: 1.0
timeseries_values:
  load_level: 252142.46085170782
  wind_year: 2010
  solar_year: 2018
  price_year: 2023
  carbon_year: 2023
storage_values:
  CAES:
    cost: 44.0139
    lifetime: 24.4609
    annual_cost: 1.7993573417167807
    efficiency: 0.570617
    discharge_ratio: 0.1
    depth_of_discharge: 0.4
  Li-ion:
    cost: 213.936
    lifetime: 22.3027
    annual_cost: 9.592381191514928
    efficiency: 0.862111
    discharge_ratio: 2
    depth_of_discharge: 0.9
  Pb-acid:
    cost: 132.109
    lifetime: 10.1517
    annual_cost: 13.013485426086271
    efficiency: 0.718518
    discharge_ratio: 5
    depth_of_discharge: 0.5
  VRBF:
    cost: 222.723
    lifetime: 21.9229
    annual_cost: 10.159376724794623
    efficiency: 0.739798
    discharge_ratio: 0.5
    depth_of_discharge: 1.0
