cost_values:
  wind_capex: 5000.0
  wind_opex: 100
  wind_lifetime: 20
  solar_capex: 1000.0
  solar_opex: 10
  solar_lifetime: 20
  carbon_price: 1.0
timeseries_values:
  load_level: 252142.46085170782
  wind_year: 2010
  solar_year: 2018
  price_year: 2023
  carbon_year: 2023
storage_values:
  CAES:
    cost: 41.3572
    lifetime: 23.1368
    annual_cost: 1.7875073476020884
    efficiency: 0.564577
    discharge_ratio: 0.1
    depth_of_discharge: 0.4
  Li-ion:
    cost: 247.47
    lifetime: 25.3485
    annual_cost: 9.762707852535652
    efficiency: 0.855984
    discharge_ratio: 2
    depth_of_discharge: 0.9
  Pb-acid:
    cost: 158.52
    lifetime: 11.4668
    annual_cost: 13.824257857466776
    efficiency: 0.718047
    discharge_ratio: 5
    depth_of_discharge: 0.5
  VRBF:
    cost: 180.27
    lifetime: 24.5198
    annual_cost: 7.35201755316112
    efficiency: 0.728008
    discharge_ratio: 0.5
    depth_of_discharge: 1.0
