cost_values:
  wind_capex: 5000.0
  wind_opex: 100
  wind_lifetime: 20
  solar_capex: 1000.0
  solar_opex: 10
  solar_lifetime: 20
  carbon_price: 1.0
timeseries_values:
  load_level: 252142.46085170782
  wind_year: 2010
  solar_year: 2018
  price_year: 2023
  carbon_year: 2023
storage_values:
  CAES:
    cost: 45.8087
    lifetime: 25.8628
    annual_cost: 1.771219666857417
    efficiency: 0.564192
    discharge_ratio: 0.1
    depth_of_discharge: 0.4
  Li-ion:
    cost: 218.806
    lifetime: 22.4406
    annual_cost: 9.75045230519683
    efficiency: 0.850037
    discharge_ratio: 2
    depth_of_discharge: 0.9
  Pb-acid:
    cost: 136.934
    lifetime: 10.8454
    annual_cost: 12.6259981190182
    efficiency: 0.737944
    discharge_ratio: 5
    depth_of_discharge: 0.5
  VRBF:
    cost: 157.341
    lifetime: 22.5753
    annual_cost: 6.9696083772973125
    efficiency: 0.736828
    discharge_ratio: 0.5
    depth_of_discharge: 1.0
