cost_values:
  wind_capex: 5000.0
  wind_opex: 100
  wind_lifetime: 20
  solar_capex: 1000.0
  solar_opex: 10
  solar_lifetime: 20
  carbon_price: 1.0
timeseries_values:
  load_level: 252142.46085170782
  wind_year: 2010
  solar_year: 2018
  price_year: 2023
  carbon_year: 2023
storage_values:
  CAES:
    cost: 54.1987
    lifetime: 24.1621
    annual_cost: 2.243128701561537
    efficiency: 0.55337
    discharge_ratio: 0.1
    depth_of_discharge: 0.4
  Li-ion:
    cost: 244.443
    lifetime: 22.4222
    annual_cost: 10.90182943689736
    efficiency: 0.851698
    discharge_ratio: 2
    depth_of_discharge: 0.9
  Pb-acid:
    cost: 142.341
    lifetime: 10.2915
    annual_cost: 13.830928436088035
    efficiency: 0.735685
    discharge_ratio: 5
    depth_of_discharge: 0.5
  VRBF:
    cost: 194.986
    lifetime: 23.6937
    annual_cost: 8.229444957942407
    efficiency: 0.70873
    discharge_ratio: 0.5
    depth_of_discharge: 1.0
