cost_values:
  wind_capex: 5000.0
  wind_opex: 100
  wind_lifetime: 20
  solar_capex: 1000.0
  solar_opex: 10
  solar_lifetime: 20
  carbon_price: 1.0
timeseries_values:
  load_level: 252142.46085170782
  wind_year: 2010
  solar_year: 2018
  price_year: 2023
  carbon_year: 2023
storage_values:
  CAES:
    cost: 42.9779
    lifetime: 23.6224
    annual_cost: 1.8193705973990788
    efficiency: 0.560475
    discharge_ratio: 0.1
    depth_of_discharge: 0.4
  Li-ion:
    cost: 254.341
    lifetime: 22.4229
    annual_cost: 11.342912825727272
    efficiency: 0.856709
    discharge_ratio: 2
    depth_of_discharge: 0.9
  Pb-acid:
    cost: 137.167
    lifetime: 9.85308
    annual_cost: 13.921230721764159
    efficiency: 0.72301
    discharge_ratio: 5
    depth_of_discharge: 0.5
  VRBF:
    cost: 196.162
    lifetime: 22.6298
    annual_cost: 8.668304624875166
    efficiency: 0.713064
    discharge_ratio: 0.5
    depth_of_discharge: 1.0
