cost_values:
  wind_capex: 5000.0
  wind_opex: 100
  wind_lifetime: 20
  solar_capex: 1000.0
  solar_opex: 10
  solar_lifetime: 20
  carbon_price: 1.0
timeseries_values:
  load_level: 252142.46085170782
  wind_year: 2010
  solar_year: 2018
  price_year: 2023
  carbon_year: 2023
storage_values:
  CAES:
    cost: 46.4875
    lifetime: 23.8691
    annual_cost: 1.947601710998739
    efficiency: 0.556929
    discharge_ratio: 0.1
    depth_of_discharge: 0.4
  Li-ion:
    cost: 225.097
    lifetime: 21.5122
    annual_cost: 10.463690371045267
    efficiency: 0.869236
    discharge_ratio: 2
    depth_of_discharge: 0.9
  Pb-acid:
    cost: 126.602
    lifetime: 10.3177
    annual_cost: 12.270370334473768
    efficiency: 0.711514
    discharge_ratio: 5
    depth_of_discharge: 0.5
  VRBF:
    cost: 176.201
    lifetime: 23.033
    annual_cost: 7.649937046845829
    efficiency: 0.727837
    discharge_ratio: 0.5
    depth_of_discharge: 1.0
