cost_values:
  wind_capex: 5000.0
  wind_opex: 100
  wind_lifetime: 20
  solar_capex: 1000.0
  solar_opex: 10
  solar_lifetime: 20
  carbon_price: 1.0
timeseries_values:
  load_level: 252142.46085170782
  wind_year: 2010
  solar_year: 2018
  price_year: 2023
  carbon_year: 2023
storage_values:
  CAES:
    cost: 46.4778
    lifetime: 24.0363
    annual_cost: 1.9336503538398173
    efficiency: 0.566121
    discharge_ratio: 0.1
    depth_of_discharge: 0.4
  Li-ion:
    cost: 231.268
    lifetime: 24.7499
    annual_cost: 9.344199370502507
    efficiency: 0.859183
    discharge_ratio: 2
    depth_of_discharge: 0.9
  Pb-acid:
    cost: 130.475
    lifetime: 9.00991
    annual_cost: 14.481276727514482
    efficiency: 0.729055
    discharge_ratio: 5
    depth_of_discharge: 0.5
  VRBF:
    cost: 198.944
    lifetime: 26.0511
    annual_cost: 7.63668328784581
    efficiency: 0.720176
    discharge_ratio: 0.5
    depth_of_discharge: 1.0
