cost_values:
  wind_capex: 5000.0
  wind_opex: 100
  wind_lifetime: 20
  solar_capex: 1000.0
  solar_opex: 10
  solar_lifetime: 20
  carbon_price: 1.0
timeseries_values:
  load_level: 252142.46085170782
  wind_year: 2010
  solar_year: 2018
  price_year: 2023
  carbon_year: 2023
storage_values:
  CAES:
    cost: 52.9391
    lifetime: 25.253
    annual_cost: 2.0963489486397657
    efficiency: 0.553469
    discharge_ratio: 0.1
    depth_of_discharge: 0.4
  Li-ion:
    cost: 235.473
    lifetime: 23.9279
    annual_cost: 9.84093882037287
    efficiency: 0.858689
    discharge_ratio: 2
    depth_of_discharge: 0.9
  Pb-acid:
    cost: 150.249
    lifetime: 10.0294
    annual_cost: 14.980856282529363
    efficiency: 0.719717
    discharge_ratio: 5
    depth_of_discharge: 0.5
  VRBF:
    cost: 217.87
    lifetime: 24.9671
    annual_cost: 8.726283789466939
    efficiency: 0.731867
    discharge_ratio: 0.5
    depth_of_discharge: 1.0
