cost_values:
  wind_capex: 5000.0
  wind_opex: 100
  wind_lifetime: 20
  solar_capex: 1000.0
  solar_opex: 10
  solar_lifetime: 20
  carbon_price: 1.0
timeseries_values:
  load_level: 252142.46085170782
  wind_year: 2010
  solar_year: 2018
  price_year: 2023
  carbon_year: 2023
storage_values:
  CAES:
    cost: 41.8263
    lifetime: 23.7499
    annual_cost: 1.7611147836411944
    efficiency: 0.559367
    discharge_ratio: 0.1
    depth_of_discharge: 0.4
  Li-ion:
    cost: 223.2
    lifetime: 21.7547
    annual_cost: 10.259851894073464
    efficiency: 0.852894
    discharge_ratio: 2
    depth_of_discharge: 0.9
  Pb-acid:
    cost: 140.917
    lifetime: 12.1133
    annual_cost: 11.633246101392684
    efficiency: 0.730866
    discharge_ratio: 5
    depth_of_discharge: 0.5
  VRBF:
    cost: 202.744
    lifetime: 25.2755
    annual_cost: 8.021364562521018
    efficiency: 0.748924
    discharge_ratio: 0.5
    depth_of_discharge: 1.0
