cost_values:
  wind_capex: 5000.0
  wind_opex: 100
  wind_lifetime: 20
  solar_capex: 1000.0
  solar_opex: 10
  solar_lifetime: 20
  carbon_price: 1.0
timeseries_values:
  load_level: 252142.46085170782
  wind_year: 2010
  solar_year: 2018
  price_year: 2023
  carbon_year: 2023
storage_values:
  CAES:
    cost: 47.6994
    lifetime: 24.7842
    annual_cost: 1.9245890527029317
    efficiency: 0.558312
    discharge_ratio: 0.1
    depth_of_discharge: 0.4
  Li-ion:
    cost: 226.215
    lifetime: 22.5626
    annual_cost: 10.026105147456411
    efficiency: 0.857312
    discharge_ratio: 2
    depth_of_discharge: 0.9
  Pb-acid:
    cost: 152.169
    lifetime: 11.5276
    annual_cost: 13.200405982164545
    efficiency: 0.715274
    discharge_ratio: 5
    depth_of_discharge: 0.5
  VRBF:
    cost: 189.642
    lifetime: 24.446
    annual_cost: 7.757588153481142
    efficiency: 0.716869
    discharge_ratio: 0.5
    depth_of_discharge: 1.0
