cost_values:
  wind_capex: 5000.0
  wind_opex: 100
  wind_lifetime: 20
  solar_capex: 1000.0
  solar_opex: 10
  solar_lifetime: 20
  carbon_price: 1.0
timeseries_values:
  load_level: 252142.46085170782
  wind_year: 2010
  solar_year: 2018
  price_year: 2023
  carbon_year: 2023
storage_values:
  CAES:
    cost: 44.7926
    lifetime: 24.8516
    annual_cost: 1.8024030645914146
    efficiency: 0.567175
    discharge_ratio: 0.1
    depth_of_discharge: 0.4
  Li-ion:
    cost: 227.039
    lifetime: 22.9036
    annual_cost: 9.912808466791246
    efficiency: 0.86456
    discharge_ratio: 2
    depth_of_discharge: 0.9
  Pb-acid:
    cost: 143.703
    lifetime: 9.37861
    annual_cost: 15.322419846864301
    efficiency: 0.733111
    discharge_ratio: 5
    depth_of_discharge: 0.5
  VRBF:
    cost: 221.845
    lifetime: 23.5857
    annual_cost: 9.405911208910485
    efficiency: 0.720916
    discharge_ratio: 0.5
    depth_of_discharge: 1.0
