cost_values:
  wind_capex: 5000.0
  wind_opex: 100
  wind_lifetime: 20
  solar_capex: 1000.0
  solar_opex: 10
  solar_lifetime: 20
  carbon_price: 1.0
timeseries_values:
  load_level: 252142.46085170782
  wind_year: 2010
  solar_year: 2018
  price_year: 2023
  carbon_year: 2023
storage_values:
  CAES:
    cost: 46.6478
    lifetime: 25.8943
    annual_cost: 1.8014698215437372
    efficiency: 0.566405
    discharge_ratio: 0.1
    depth_of_discharge: 0.4
  Li-ion:
    cost: 217.375
    lifetime: 21.693
    annual_cost: 10.020513529710044
    efficiency: 0.851176
    discharge_ratio: 2
    depth_of_discharge: 0.9
  Pb-acid:
    cost: 127.94
    lifetime: 11.4502
    annual_cost: 11.173603954516077
    efficiency: 0.726463
    discharge_ratio: 5
    depth_of_discharge: 0.5
  VRBF:
    cost: 183.619
    lifetime: 24.2435
    annual_cost: 7.573947656072762
    efficiency: 0.728121
    discharge_ratio: 0.5
    depth_of_discharge: 1.0
