cost_values:
  wind_capex: 5000.0
  wind_opex: 100
  wind_lifetime: 20
  solar_capex: 1000.0
  solar_opex: 10
  solar_lifetime: 20
  carbon_price: 1.0
timeseries_values:
  load_level: 250527.2478061945
  wind_year: 2015
  solar_year: 2016
  price_year: 2023
  carbon_year: 2023
storage_values:
  CAES:
    cost: 29.2096
    lifetime: 25.065
    annual_cost: 1.1653540793935766
    efficiency: 0.635024
    discharge_ratio: 0.1
    depth_of_discharge: 0.4
  Li-ion:
    cost: 213.037
    lifetime: 27.4556
    annual_cost: 7.75932778740949
    efficiency: 0.92234
    discharge_ratio: 2
    depth_of_discharge: 0.9
  Pb-acid:
    cost: 120.488
    lifetime: 13.3403
    annual_cost: 9.03188084225992
    efficiency: 0.754501
    discharge_ratio: 5
    depth_of_discharge: 0.5
  VRBF:
    cost: 331.263
    lifetime: 15.1278
    annual_cost: 21.897632173878552
    efficiency: 0.75462
    discharge_ratio: 0.5
    depth_of_discharge: 1.0
