cost_values:
  wind_capex: 5000.0
  wind_opex: 100
  wind_lifetime: 20
  solar_capex: 1000.0
  solar_opex: 10
  solar_lifetime: 20
  carbon_price: 1.0
timeseries_values:
  load_level: 250527.2478061945
  wind_year: 2015
  solar_year: 2016
  price_year: 2023
  carbon_year: 2023
storage_values:
  CAES:
    cost: 41.3413
    lifetime: 24.9696
    annual_cost: 1.6556652889914134
    efficiency: 0.630799
    discharge_ratio: 0.1
    depth_of_discharge: 0.4
  Li-ion:
    cost: 221.897
    lifetime: 26.0119
    annual_cost: 8.53059561200835
    efficiency: 0.916293
    discharge_ratio: 2
    depth_of_discharge: 0.9
  Pb-acid:
    cost: 131.096
    lifetime: 14.9689
    annual_cost: 8.757891361422683
    efficiency: 0.773359
    discharge_ratio: 5
    depth_of_discharge: 0.5
  VRBF:
    cost: 311.322
    lifetime: 16.7875
    annual_cost: 18.544869694713327
    efficiency: 0.755256
    discharge_ratio: 0.5
    depth_of_discharge: 1.0
