cost_values:
  wind_capex: 5000.0
  wind_opex: 100
  wind_lifetime: 20
  solar_capex: 1000.0
  solar_opex: 10
  solar_lifetime: 20
  carbon_price: 1.0
timeseries_values:
  load_level: 250527.2478061945
  wind_year: 2015
  solar_year: 2016
  price_year: 2023
  carbon_year: 2023
storage_values:
  CAES:
    cost: 36.3924
    lifetime: 24.4536
    annual_cost: 1.4882225929924429
    efficiency: 0.634995
    discharge_ratio: 0.1
    depth_of_discharge: 0.4
  Li-ion:
    cost: 179.776
    lifetime: 26.1583
    annual_cost: 6.8726178688982085
    efficiency: 0.916574
    discharge_ratio: 2
    depth_of_discharge: 0.9
  Pb-acid:
    cost: 99.4938
    lifetime: 12.3716
    annual_cost: 8.042112580426137
    efficiency: 0.763045
    discharge_ratio: 5
    depth_of_discharge: 0.5
  VRBF:
    cost: 300.127
    lifetime: 18.4714
    annual_cost: 16.248199919876136
    efficiency: 0.749998
    discharge_ratio: 0.5
    depth_of_discharge: 1.0
