cost_values:
  wind_capex: 5000.0
  wind_opex: 100
  wind_lifetime: 20
  solar_capex: 1000.0
  solar_opex: 10
  solar_lifetime: 20
  carbon_price: 1.0
timeseries_values:
  load_level: 250527.2478061945
  wind_year: 2015
  solar_year: 2016
  price_year: 2023
  carbon_year: 2023
storage_values:
  CAES:
    cost: 34.9279
    lifetime: 25.6444
    annual_cost: 1.3620088596340723
    efficiency: 0.632896
    discharge_ratio: 0.1
    depth_of_discharge: 0.4
  Li-ion:
    cost: 212.743
    lifetime: 27.2695
    annual_cost: 7.801499844148224
    efficiency: 0.930269
    discharge_ratio: 2
    depth_of_discharge: 0.9
  Pb-acid:
    cost: 160.862
    lifetime: 13.8973
    annual_cost: 11.575054147208451
    efficiency: 0.761439
    discharge_ratio: 5
    depth_of_discharge: 0.5
  VRBF:
    cost: 266.019
    lifetime: 14.5343
    annual_cost: 18.302842242144443
    efficiency: 0.760045
    discharge_ratio: 0.5
    depth_of_discharge: 1.0
