cost_values:
  wind_capex: 5000.0
  wind_opex: 100
  wind_lifetime: 20
  solar_capex: 1000.0
  solar_opex: 10
  solar_lifetime: 20
  carbon_price: 1.0
timeseries_values:
  load_level: 250527.2478061945
  wind_year: 2015
  solar_year: 2016
  price_year: 2023
  carbon_year: 2023
storage_values:
  CAES:
    cost: 40.3503
    lifetime: 25.0664
    annual_cost: 1.6097365397504226
    efficiency: 0.62498
    discharge_ratio: 0.1
    depth_of_discharge: 0.4
  Li-ion:
    cost: 217.053
    lifetime: 25.1704
    annual_cost: 8.623343292120904
    efficiency: 0.925956
    discharge_ratio: 2
    depth_of_discharge: 0.9
  Pb-acid:
    cost: 104.727
    lifetime: 13.4475
    annual_cost: 7.787841606246515
    efficiency: 0.763393
    discharge_ratio: 5
    depth_of_discharge: 0.5
  VRBF:
    cost: 311.065
    lifetime: 15.7543
    annual_cost: 19.74476809505976
    efficiency: 0.764285
    discharge_ratio: 0.5
    depth_of_discharge: 1.0
