cost_values:
  wind_capex: 5000.0
  wind_opex: 100
  wind_lifetime: 20
  solar_capex: 1000.0
  solar_opex: 10
  solar_lifetime: 20
  carbon_price: 1.0
timeseries_values:
  load_level: 250527.2478061945
  wind_year: 2015
  solar_year: 2016
  price_year: 2023
  carbon_year: 2023
storage_values:
  CAES:
    cost: 35.284
    lifetime: 25.0672
    annual_cost: 1.4075764345439459
    efficiency: 0.636243
    discharge_ratio: 0.1
    depth_of_discharge: 0.4
  Li-ion:
    cost: 224.027
    lifetime: 27.1013
    annual_cost: 8.266282429256162
    efficiency: 0.921315
    discharge_ratio: 2
    depth_of_discharge: 0.9
  Pb-acid:
    cost: 130.932
    lifetime: 15.4123
    annual_cost: 8.495292720749012
    efficiency: 0.758062
    discharge_ratio: 5
    depth_of_discharge: 0.5
  VRBF:
    cost: 314.721
    lifetime: 16.0148
    annual_cost: 19.65188450683118
    efficiency: 0.753438
    discharge_ratio: 0.5
    depth_of_discharge: 1.0
