cost_values:
  wind_capex: 5000.0
  wind_opex: 100
  wind_lifetime: 20
  solar_capex: 1000.0
  solar_opex: 10
  solar_lifetime: 20
  carbon_price: 1.0
timeseries_values:
  load_level: 250527.2478061945
  wind_year: 2015
  solar_year: 2016
  price_year: 2023
  carbon_year: 2023
storage_values:
  CAES:
    cost: 30.877
    lifetime: 25.041
    annual_cost: 1.233057785232219
    efficiency: 0.644477
    discharge_ratio: 0.1
    depth_of_discharge: 0.4
  Li-ion:
    cost: 183.24
    lifetime: 25.942
    annual_cost: 7.063449232904171
    efficiency: 0.910634
    discharge_ratio: 2
    depth_of_discharge: 0.9
  Pb-acid:
    cost: 120.92
    lifetime: 14.3862
    annual_cost: 8.405277279615186
    efficiency: 0.761261
    discharge_ratio: 5
    depth_of_discharge: 0.5
  VRBF:
    cost: 306.753
    lifetime: 13.9744
    annual_cost: 21.951067666590337
    efficiency: 0.748542
    discharge_ratio: 0.5
    depth_of_discharge: 1.0
