cost_values:
  wind_capex: 5000.0
  wind_opex: 100
  wind_lifetime: 20
  solar_capex: 1000.0
  solar_opex: 10
  solar_lifetime: 20
  carbon_price: 1.0
timeseries_values:
  load_level: 250527.2478061945
  wind_year: 2015
  solar_year: 2016
  price_year: 2023
  carbon_year: 2023
storage_values:
  CAES:
    cost: 33.6137
    lifetime: 25.5214
    annual_cost: 1.3170790003683184
    efficiency: 0.640975
    discharge_ratio: 0.1
    depth_of_discharge: 0.4
  Li-ion:
    cost: 205.042
    lifetime: 24.6261
    annual_cost: 8.326206748124957
    efficiency: 0.914443
    discharge_ratio: 2
    depth_of_discharge: 0.9
  Pb-acid:
    cost: 127.654
    lifetime: 13.9433
    annual_cost: 9.155221504235008
    efficiency: 0.760921
    discharge_ratio: 5
    depth_of_discharge: 0.5
  VRBF:
    cost: 325.741
    lifetime: 15.8572
    annual_cost: 20.542151199455134
    efficiency: 0.770074
    discharge_ratio: 0.5
    depth_of_discharge: 1.0
