cost_values:
  wind_capex: 5000.0
  wind_opex: 100
  wind_lifetime: 20
  solar_capex: 1000.0
  solar_opex: 10
  solar_lifetime: 20
  carbon_price: 1.0
timeseries_values:
  load_level: 250527.2478061945
  wind_year: 2015
  solar_year: 2016
  price_year: 2023
  carbon_year: 2023
storage_values:
  CAES:
    cost: 33.1664
    lifetime: 25.9034
    annual_cost: 1.2803879027463576
    efficiency: 0.634593
    discharge_ratio: 0.1
    depth_of_discharge: 0.4
  Li-ion:
    cost: 209.922
    lifetime: 25.3628
    annual_cost: 8.276767549324207
    efficiency: 0.910543
    discharge_ratio: 2
    depth_of_discharge: 0.9
  Pb-acid:
    cost: 118.784
    lifetime: 15.057
    annual_cost: 7.888955303181245
    efficiency: 0.767593
    discharge_ratio: 5
    depth_of_discharge: 0.5
  VRBF:
    cost: 320.45
    lifetime: 15.6165
    annual_cost: 20.51996285979573
    efficiency: 0.744219
    discharge_ratio: 0.5
    depth_of_discharge: 1.0
