cost_values:
  wind_capex: 5000.0
  wind_opex: 100
  wind_lifetime: 20
  solar_capex: 1000.0
  solar_opex: 10
  solar_lifetime: 20
  carbon_price: 1.0
timeseries_values:
  load_level: 250527.2478061945
  wind_year: 2015
  solar_year: 2016
  price_year: 2023
  carbon_year: 2023
storage_values:
  CAES:
    cost: 33.2037
    lifetime: 24.4233
    annual_cost: 1.3595091572391935
    efficiency: 0.642777
    discharge_ratio: 0.1
    depth_of_discharge: 0.4
  Li-ion:
    cost: 187.312
    lifetime: 26.0706
    annual_cost: 7.184798201805866
    efficiency: 0.931414
    discharge_ratio: 2
    depth_of_discharge: 0.9
  Pb-acid:
    cost: 155.439
    lifetime: 14.9282
    annual_cost: 10.412440883696627
    efficiency: 0.763949
    discharge_ratio: 5
    depth_of_discharge: 0.5
  VRBF:
    cost: 298.427
    lifetime: 15.8591
    annual_cost: 18.81739821301335
    efficiency: 0.767386
    discharge_ratio: 0.5
    depth_of_discharge: 1.0
