cost_values:
  wind_capex: 5000.0
  wind_opex: 100
  wind_lifetime: 20
  solar_capex: 1000.0
  solar_opex: 10
  solar_lifetime: 20
  carbon_price: 1.0
timeseries_values:
  load_level: 250527.2478061945
  wind_year: 2015
  solar_year: 2016
  price_year: 2023
  carbon_year: 2023
storage_values:
  CAES:
    cost: 34.7891
    lifetime: 24.9541
    annual_cost: 1.3941236109497035
    efficiency: 0.63692
    discharge_ratio: 0.1
    depth_of_discharge: 0.4
  Li-ion:
    cost: 217.107
    lifetime: 25.0387
    annual_cost: 8.67085751257054
    efficiency: 0.914294
    discharge_ratio: 2
    depth_of_discharge: 0.9
  Pb-acid:
    cost: 116.226
    lifetime: 14.2554
    annual_cost: 8.153120922597752
    efficiency: 0.766838
    discharge_ratio: 5
    depth_of_discharge: 0.5
  VRBF:
    cost: 314.152
    lifetime: 15.6625
    annual_cost: 20.05758978451716
    efficiency: 0.764755
    discharge_ratio: 0.5
    depth_of_discharge: 1.0
