cost_values:
  wind_capex: 5000.0
  wind_opex: 100
  wind_lifetime: 20
  solar_capex: 1000.0
  solar_opex: 10
  solar_lifetime: 20
  carbon_price: 1.0
timeseries_values:
  load_level: 250527.2478061945
  wind_year: 2015
  solar_year: 2016
  price_year: 2023
  carbon_year: 2023
storage_values:
  CAES:
    cost: 30.6318
    lifetime: 25.0044
    annual_cost: 1.2250563900753466
    efficiency: 0.627538
    discharge_ratio: 0.1
    depth_of_discharge: 0.4
  Li-ion:
    cost: 208.159
    lifetime: 26.5427
    annual_cost: 7.84241994974136
    efficiency: 0.916613
    discharge_ratio: 2
    depth_of_discharge: 0.9
  Pb-acid:
    cost: 153.947
    lifetime: 13.2051
    annual_cost: 11.658147230994086
    efficiency: 0.74477
    discharge_ratio: 5
    depth_of_discharge: 0.5
  VRBF:
    cost: 338.97
    lifetime: 17.2047
    annual_cost: 19.702174405830966
    efficiency: 0.771601
    discharge_ratio: 0.5
    depth_of_discharge: 1.0
