cost_values:
  wind_capex: 5000.0
  wind_opex: 100
  wind_lifetime: 20
  solar_capex: 1000.0
  solar_opex: 10
  solar_lifetime: 20
  carbon_price: 1.0
timeseries_values:
  load_level: 250527.2478061945
  wind_year: 2015
  solar_year: 2016
  price_year: 2023
  carbon_year: 2023
storage_values:
  CAES:
    cost: 35.0739
    lifetime: 26.3569
    annual_cost: 1.3307293346334357
    efficiency: 0.640345
    discharge_ratio: 0.1
    depth_of_discharge: 0.4
  Li-ion:
    cost: 203.554
    lifetime: 26.0463
    annual_cost: 7.815083140407659
    efficiency: 0.903156
    discharge_ratio: 2
    depth_of_discharge: 0.9
  Pb-acid:
    cost: 129.896
    lifetime: 13.6159
    annual_cost: 9.540023061273951
    efficiency: 0.754483
    discharge_ratio: 5
    depth_of_discharge: 0.5
  VRBF:
    cost: 315.756
    lifetime: 15.2251
    annual_cost: 20.739174126935126
    efficiency: 0.750683
    discharge_ratio: 0.5
    depth_of_discharge: 1.0
