cost_values:
  wind_capex: 5000.0
  wind_opex: 100
  wind_lifetime: 20
  solar_capex: 1000.0
  solar_opex: 10
  solar_lifetime: 20
  carbon_price: 1.0
timeseries_values:
  load_level: 250527.2478061945
  wind_year: 2015
  solar_year: 2016
  price_year: 2023
  carbon_year: 2023
storage_values:
  CAES:
    cost: 36.7532
    lifetime: 26.7009
    annual_cost: 1.3764779464362624
    efficiency: 0.645489
    discharge_ratio: 0.1
    depth_of_discharge: 0.4
  Li-ion:
    cost: 203.096
    lifetime: 26.1023
    annual_cost: 7.7807702769487745
    efficiency: 0.902929
    discharge_ratio: 2
    depth_of_discharge: 0.9
  Pb-acid:
    cost: 128.101
    lifetime: 14.6146
    annual_cost: 8.765275820070341
    efficiency: 0.769253
    discharge_ratio: 5
    depth_of_discharge: 0.5
  VRBF:
    cost: 306.258
    lifetime: 17.9137
    annual_cost: 17.096300596749973
    efficiency: 0.751255
    discharge_ratio: 0.5
    depth_of_discharge: 1.0
