cost_values:
  wind_capex: 5000.0
  wind_opex: 100
  wind_lifetime: 20
  solar_capex: 1000.0
  solar_opex: 10
  solar_lifetime: 20
  carbon_price: 1.0
timeseries_values:
  load_level: 250527.2478061945
  wind_year: 2015
  solar_year: 2016
  price_year: 2023
  carbon_year: 2023
storage_values:
  CAES:
    cost: 40.8022
    lifetime: 25.4109
    annual_cost: 1.6056967679224268
    efficiency: 0.63831
    discharge_ratio: 0.1
    depth_of_discharge: 0.4
  Li-ion:
    cost: 210.2
    lifetime: 25.0729
    annual_cost: 8.38355355782538
    efficiency: 0.931401
    discharge_ratio: 2
    depth_of_discharge: 0.9
  Pb-acid:
    cost: 104.762
    lifetime: 13.7956
    annual_cost: 7.593870509437791
    efficiency: 0.76862
    discharge_ratio: 5
    depth_of_discharge: 0.5
  VRBF:
    cost: 331.839
    lifetime: 16.9532
    annual_cost: 19.573826770167287
    efficiency: 0.765424
    discharge_ratio: 0.5
    depth_of_discharge: 1.0
