cost_values:
  wind_capex: 5000.0
  wind_opex: 100
  wind_lifetime: 20
  solar_capex: 1000.0
  solar_opex: 10
  solar_lifetime: 20
  carbon_price: 1.0
timeseries_values:
  load_level: 250527.2478061945
  wind_year: 2015
  solar_year: 2016
  price_year: 2023
  carbon_year: 2023
storage_values:
  CAES:
    cost: 35.8577
    lifetime: 24.9702
    annual_cost: 1.4360197355247457
    efficiency: 0.628047
    discharge_ratio: 0.1
    depth_of_discharge: 0.4
  Li-ion:
    cost: 204.983
    lifetime: 26.7448
    annual_cost: 7.664405791032276
    efficiency: 0.910101
    discharge_ratio: 2
    depth_of_discharge: 0.9
  Pb-acid:
    cost: 123.01
    lifetime: 13.8484
    annual_cost: 8.882614598076312
    efficiency: 0.762977
    discharge_ratio: 5
    depth_of_discharge: 0.5
  VRBF:
    cost: 325.251
    lifetime: 17.7243
    annual_cost: 18.350569557048797
    efficiency: 0.760455
    discharge_ratio: 0.5
    depth_of_discharge: 1.0
