cost_values:
  wind_capex: 5000.0
  wind_opex: 100
  wind_lifetime: 20
  solar_capex: 1000.0
  solar_opex: 10
  solar_lifetime: 20
  carbon_price: 1.0
timeseries_values:
  load_level: 250527.2478061945
  wind_year: 2015
  solar_year: 2016
  price_year: 2023
  carbon_year: 2023
storage_values:
  CAES:
    cost: 35.6232
    lifetime: 24.6563
    annual_cost: 1.4447909864821564
    efficiency: 0.639353
    discharge_ratio: 0.1
    depth_of_discharge: 0.4
  Li-ion:
    cost: 217.055
    lifetime: 25.8124
    annual_cost: 8.408942988641119
    efficiency: 0.917721
    discharge_ratio: 2
    depth_of_discharge: 0.9
  Pb-acid:
    cost: 128.547
    lifetime: 13.4823
    annual_cost: 9.534500789924568
    efficiency: 0.757239
    discharge_ratio: 5
    depth_of_discharge: 0.5
  VRBF:
    cost: 321.128
    lifetime: 14.149
    annual_cost: 22.69616227295215
    efficiency: 0.775158
    discharge_ratio: 0.5
    depth_of_discharge: 1.0
