cost_values:
  wind_capex: 5000.0
  wind_opex: 100
  wind_lifetime: 20
  solar_capex: 1000.0
  solar_opex: 10
  solar_lifetime: 20
  carbon_price: 1.0
timeseries_values:
  load_level: 250527.2478061945
  wind_year: 2015
  solar_year: 2016
  price_year: 2023
  carbon_year: 2023
storage_values:
  CAES:
    cost: 41.3384
    lifetime: 26.3412
    annual_cost: 1.569343841586564
    efficiency: 0.641556
    discharge_ratio: 0.1
    depth_of_discharge: 0.4
  Li-ion:
    cost: 220.212
    lifetime: 26.1935
    annual_cost: 8.407123904785538
    efficiency: 0.917992
    discharge_ratio: 2
    depth_of_discharge: 0.9
  Pb-acid:
    cost: 133.005
    lifetime: 14.0094
    annual_cost: 9.493982611675019
    efficiency: 0.771394
    discharge_ratio: 5
    depth_of_discharge: 0.5
  VRBF:
    cost: 326.704
    lifetime: 15.3513
    annual_cost: 21.281845837160372
    efficiency: 0.754511
    discharge_ratio: 0.5
    depth_of_discharge: 1.0
