cost_values:
  wind_capex: 5000.0
  wind_opex: 100
  wind_lifetime: 20
  solar_capex: 1000.0
  solar_opex: 10
  solar_lifetime: 20
  carbon_price: 1.0
timeseries_values:
  load_level: 250527.2478061945
  wind_year: 2015
  solar_year: 2016
  price_year: 2023
  carbon_year: 2023
storage_values:
  CAES:
    cost: 37.2883
    lifetime: 25.1932
    annual_cost: 1.480093834844323
    efficiency: 0.642766
    discharge_ratio: 0.1
    depth_of_discharge: 0.4
  Li-ion:
    cost: 202.603
    lifetime: 26.8869
    annual_cost: 7.535379683042671
    efficiency: 0.920806
    discharge_ratio: 2
    depth_of_discharge: 0.9
  Pb-acid:
    cost: 140.687
    lifetime: 14.44
    annual_cost: 9.74286703601108
    efficiency: 0.754497
    discharge_ratio: 5
    depth_of_discharge: 0.5
  VRBF:
    cost: 309.003
    lifetime: 14.4129
    annual_cost: 21.439335595195967
    efficiency: 0.773787
    discharge_ratio: 0.5
    depth_of_discharge: 1.0
