cost_values:
  wind_capex: 5000.0
  wind_opex: 100
  wind_lifetime: 20
  solar_capex: 1000.0
  solar_opex: 10
  solar_lifetime: 20
  carbon_price: 1.0
timeseries_values:
  load_level: 250527.2478061945
  wind_year: 2015
  solar_year: 2016
  price_year: 2023
  carbon_year: 2023
storage_values:
  CAES:
    cost: 37.6912
    lifetime: 24.9913
    annual_cost: 1.5081728441497642
    efficiency: 0.633738
    discharge_ratio: 0.1
    depth_of_discharge: 0.4
  Li-ion:
    cost: 227.445
    lifetime: 24.5678
    annual_cost: 9.257849705712356
    efficiency: 0.9284
    discharge_ratio: 2
    depth_of_discharge: 0.9
  Pb-acid:
    cost: 125.772
    lifetime: 14.2039
    annual_cost: 8.854751159892706
    efficiency: 0.765097
    discharge_ratio: 5
    depth_of_discharge: 0.5
  VRBF:
    cost: 335.05
    lifetime: 14.9567
    annual_cost: 22.40133184459139
    efficiency: 0.747143
    discharge_ratio: 0.5
    depth_of_discharge: 1.0
