cost_values:
  wind_capex: 5000.0
  wind_opex: 100
  wind_lifetime: 20
  solar_capex: 1000.0
  solar_opex: 10
  solar_lifetime: 20
  carbon_price: 1.0
timeseries_values:
  load_level: 250527.2478061945
  wind_year: 2015
  solar_year: 2016
  price_year: 2023
  carbon_year: 2023
storage_values:
  CAES:
    cost: 39.3025
    lifetime: 24.9065
    annual_cost: 1.578001726456949
    efficiency: 0.628791
    discharge_ratio: 0.1
    depth_of_discharge: 0.4
  Li-ion:
    cost: 194.331
    lifetime: 23.3172
    annual_cost: 8.33423395604961
    efficiency: 0.916499
    discharge_ratio: 2
    depth_of_discharge: 0.9
  Pb-acid:
    cost: 129.509
    lifetime: 13.2065
    annual_cost: 9.806458940673153
    efficiency: 0.756898
    discharge_ratio: 5
    depth_of_discharge: 0.5
  VRBF:
    cost: 272.293
    lifetime: 16.0663
    annual_cost: 16.94808387743289
    efficiency: 0.770535
    discharge_ratio: 0.5
    depth_of_discharge: 1.0
