cost_values:
  wind_capex: 5000.0
  wind_opex: 100
  wind_lifetime: 20
  solar_capex: 1000.0
  solar_opex: 10
  solar_lifetime: 20
  carbon_price: 1.0
timeseries_values:
  load_level: 250527.2478061945
  wind_year: 2015
  solar_year: 2016
  price_year: 2023
  carbon_year: 2023
storage_values:
  CAES:
    cost: 31.6254
    lifetime: 24.4619
    annual_cost: 1.2928431560917182
    efficiency: 0.631559
    discharge_ratio: 0.1
    depth_of_discharge: 0.4
  Li-ion:
    cost: 204.619
    lifetime: 24.5924
    annual_cost: 8.320416063499293
    efficiency: 0.90567
    discharge_ratio: 2
    depth_of_discharge: 0.9
  Pb-acid:
    cost: 135.099
    lifetime: 15.4681
    annual_cost: 8.734039733386776
    efficiency: 0.75951
    discharge_ratio: 5
    depth_of_discharge: 0.5
  VRBF:
    cost: 326.952
    lifetime: 15.8248
    annual_cost: 20.660735048784186
    efficiency: 0.750911
    discharge_ratio: 0.5
    depth_of_discharge: 1.0
