cost_values:
  wind_capex: 5000.0
  wind_opex: 100
  wind_lifetime: 20
  solar_capex: 1000.0
  solar_opex: 10
  solar_lifetime: 20
  carbon_price: 1.0
timeseries_values:
  load_level: 250527.2478061945
  wind_year: 2015
  solar_year: 2016
  price_year: 2023
  carbon_year: 2023
storage_values:
  CAES:
    cost: 40.5364
    lifetime: 24.2308
    annual_cost: 1.672928669296928
    efficiency: 0.642321
    discharge_ratio: 0.1
    depth_of_discharge: 0.4
  Li-ion:
    cost: 228.007
    lifetime: 24.1657
    annual_cost: 9.435149819785895
    efficiency: 0.910274
    discharge_ratio: 2
    depth_of_discharge: 0.9
  Pb-acid:
    cost: 109.425
    lifetime: 13.6913
    annual_cost: 7.992301680629304
    efficiency: 0.758157
    discharge_ratio: 5
    depth_of_discharge: 0.5
  VRBF:
    cost: 303.097
    lifetime: 16.6707
    annual_cost: 18.181420096336684
    efficiency: 0.757137
    discharge_ratio: 0.5
    depth_of_discharge: 1.0
