cost_values:
  wind_capex: 5000.0
  wind_opex: 100
  wind_lifetime: 20
  solar_capex: 1000.0
  solar_opex: 10
  solar_lifetime: 20
  carbon_price: 1.0
timeseries_values:
  load_level: 250527.2478061945
  wind_year: 2015
  solar_year: 2016
  price_year: 2023
  carbon_year: 2023
storage_values:
  CAES:
    cost: 42.5741
    lifetime: 25.151
    annual_cost: 1.6927398512981593
    efficiency: 0.633527
    discharge_ratio: 0.1
    depth_of_discharge: 0.4
  Li-ion:
    cost: 201.465
    lifetime: 27.6271
    annual_cost: 7.292296332224519
    efficiency: 0.916258
    discharge_ratio: 2
    depth_of_discharge: 0.9
  Pb-acid:
    cost: 121.54
    lifetime: 14.1645
    annual_cost: 8.580606445691695
    efficiency: 0.746069
    discharge_ratio: 5
    depth_of_discharge: 0.5
  VRBF:
    cost: 327.912
    lifetime: 16.0792
    annual_cost: 20.39355191800587
    efficiency: 0.743293
    discharge_ratio: 0.5
    depth_of_discharge: 1.0
