cost_values:
  wind_capex: 5000.0
  wind_opex: 100
  wind_lifetime: 20
  solar_capex: 1000.0
  solar_opex: 10
  solar_lifetime: 20
  carbon_price: 1.0
timeseries_values:
  load_level: 250527.2478061945
  wind_year: 2015
  solar_year: 2016
  price_year: 2023
  carbon_year: 2023
storage_values:
  CAES:
    cost: 35.5635
    lifetime: 25.2325
    annual_cost: 1.4094322797978796
    efficiency: 0.636964
    discharge_ratio: 0.1
    depth_of_discharge: 0.4
  Li-ion:
    cost: 211.264
    lifetime: 24.5957
    annual_cost: 8.589468890903694
    efficiency: 0.924933
    discharge_ratio: 2
    depth_of_discharge: 0.9
  Pb-acid:
    cost: 129.806
    lifetime: 14.9275
    annual_cost: 8.695762853793335
    efficiency: 0.759729
    discharge_ratio: 5
    depth_of_discharge: 0.5
  VRBF:
    cost: 311.744
    lifetime: 15.5204
    annual_cost: 20.086080255663514
    efficiency: 0.756868
    discharge_ratio: 0.5
    depth_of_discharge: 1.0
