cost_values:
  wind_capex: 5000.0
  wind_opex: 100
  wind_lifetime: 20
  solar_capex: 1000.0
  solar_opex: 10
  solar_lifetime: 20
  carbon_price: 1.0
timeseries_values:
  load_level: 250527.2478061945
  wind_year: 2015
  solar_year: 2016
  price_year: 2023
  carbon_year: 2023
storage_values:
  CAES:
    cost: 34.9158
    lifetime: 24.3003
    annual_cost: 1.436846458685695
    efficiency: 0.629283
    discharge_ratio: 0.1
    depth_of_discharge: 0.4
  Li-ion:
    cost: 224.738
    lifetime: 25.3957
    annual_cost: 8.84945089129262
    efficiency: 0.896622
    discharge_ratio: 2
    depth_of_discharge: 0.9
  Pb-acid:
    cost: 121.406
    lifetime: 16.2993
    annual_cost: 7.448540734878186
    efficiency: 0.771871
    discharge_ratio: 5
    depth_of_discharge: 0.5
  VRBF:
    cost: 315.561
    lifetime: 18.4336
    annual_cost: 17.118793941498133
    efficiency: 0.76872
    discharge_ratio: 0.5
    depth_of_discharge: 1.0
