cost_values:
  wind_capex: 5000.0
  wind_opex: 100
  wind_lifetime: 20
  solar_capex: 1000.0
  solar_opex: 10
  solar_lifetime: 20
  carbon_price: 1.0
timeseries_values:
  load_level: 250527.2478061945
  wind_year: 2015
  solar_year: 2016
  price_year: 2023
  carbon_year: 2023
storage_values:
  CAES:
    cost: 47.7234
    lifetime: 25.2436
    annual_cost: 1.8905148235592386
    efficiency: 0.626509
    discharge_ratio: 0.1
    depth_of_discharge: 0.4
  Li-ion:
    cost: 216.79
    lifetime: 26.5816
    annual_cost: 8.15564149637343
    efficiency: 0.921717
    discharge_ratio: 2
    depth_of_discharge: 0.9
  Pb-acid:
    cost: 116.283
    lifetime: 12.3475
    annual_cost: 9.417533913747722
    efficiency: 0.760805
    discharge_ratio: 5
    depth_of_discharge: 0.5
  VRBF:
    cost: 315.349
    lifetime: 16.3439
    annual_cost: 19.294599208267304
    efficiency: 0.764542
    discharge_ratio: 0.5
    depth_of_discharge: 1.0
