cost_values:
  wind_capex: 5000.0
  wind_opex: 100
  wind_lifetime: 20
  solar_capex: 1000.0
  solar_opex: 10
  solar_lifetime: 20
  carbon_price: 1.0
timeseries_values:
  load_level: 250527.2478061945
  wind_year: 2015
  solar_year: 2016
  price_year: 2023
  carbon_year: 2023
storage_values:
  CAES:
    cost: 39.3343
    lifetime: 24.6884
    annual_cost: 1.593230018956271
    efficiency: 0.640824
    discharge_ratio: 0.1
    depth_of_discharge: 0.4
  Li-ion:
    cost: 227.984
    lifetime: 26.4542
    annual_cost: 8.618064428332742
    efficiency: 0.904397
    discharge_ratio: 2
    depth_of_discharge: 0.9
  Pb-acid:
    cost: 133.423
    lifetime: 14.4362
    annual_cost: 9.242252116207867
    efficiency: 0.762609
    discharge_ratio: 5
    depth_of_discharge: 0.5
  VRBF:
    cost: 318.571
    lifetime: 16.4499
    annual_cost: 19.36613596435237
    efficiency: 0.768335
    discharge_ratio: 0.5
    depth_of_discharge: 1.0
