cost_values:
  wind_capex: 5000.0
  wind_opex: 100
  wind_lifetime: 20
  solar_capex: 1000.0
  solar_opex: 10
  solar_lifetime: 20
  carbon_price: 1.0
timeseries_values:
  load_level: 250527.2478061945
  wind_year: 2015
  solar_year: 2016
  price_year: 2023
  carbon_year: 2023
storage_values:
  CAES:
    cost: 34.8946
    lifetime: 25.5339
    annual_cost: 1.366598913601134
    efficiency: 0.629812
    discharge_ratio: 0.1
    depth_of_discharge: 0.4
  Li-ion:
    cost: 233.944
    lifetime: 26.8832
    annual_cost: 8.702237828829901
    efficiency: 0.921497
    discharge_ratio: 2
    depth_of_discharge: 0.9
  Pb-acid:
    cost: 108.883
    lifetime: 12.4117
    annual_cost: 8.77260971502695
    efficiency: 0.76264
    discharge_ratio: 5
    depth_of_discharge: 0.5
  VRBF:
    cost: 312.463
    lifetime: 15.9286
    annual_cost: 19.616476024258255
    efficiency: 0.741694
    discharge_ratio: 0.5
    depth_of_discharge: 1.0
