cost_values:
  wind_capex: 5000.0
  wind_opex: 100
  wind_lifetime: 20
  solar_capex: 1000.0
  solar_opex: 10
  solar_lifetime: 20
  carbon_price: 1.0
timeseries_values:
  load_level: 250527.2478061945
  wind_year: 2015
  solar_year: 2016
  price_year: 2023
  carbon_year: 2023
storage_values:
  CAES:
    cost: 40.8588
    lifetime: 25.4623
    annual_cost: 1.604678289078363
    efficiency: 0.64115
    discharge_ratio: 0.1
    depth_of_discharge: 0.4
  Li-ion:
    cost: 224.139
    lifetime: 26.6262
    annual_cost: 8.417986794961354
    efficiency: 0.934389
    discharge_ratio: 2
    depth_of_discharge: 0.9
  Pb-acid:
    cost: 135.151
    lifetime: 13.9696
    annual_cost: 9.674650670026343
    efficiency: 0.773618
    discharge_ratio: 5
    depth_of_discharge: 0.5
  VRBF:
    cost: 343.972
    lifetime: 14.8222
    annual_cost: 23.206541539042785
    efficiency: 0.74596
    discharge_ratio: 0.5
    depth_of_discharge: 1.0
