cost_values:
  wind_capex: 5000.0
  wind_opex: 100
  wind_lifetime: 20
  solar_capex: 1000.0
  solar_opex: 10
  solar_lifetime: 20
  carbon_price: 1.0
timeseries_values:
  load_level: 250527.2478061945
  wind_year: 2015
  solar_year: 2016
  price_year: 2023
  carbon_year: 2023
storage_values:
  CAES:
    cost: 48.2497
    lifetime: 25.1196
    annual_cost: 1.9207988980716253
    efficiency: 0.633024
    discharge_ratio: 0.1
    depth_of_discharge: 0.4
  Li-ion:
    cost: 219.911
    lifetime: 26.3952
    annual_cost: 8.33147693520034
    efficiency: 0.915622
    discharge_ratio: 2
    depth_of_discharge: 0.9
  Pb-acid:
    cost: 116.623
    lifetime: 12.947
    annual_cost: 9.007723797018615
    efficiency: 0.761854
    discharge_ratio: 5
    depth_of_discharge: 0.5
  VRBF:
    cost: 351.189
    lifetime: 15.5715
    annual_cost: 22.553318562758886
    efficiency: 0.751021
    discharge_ratio: 0.5
    depth_of_discharge: 1.0
