cost_values:
  wind_capex: 5000.0
  wind_opex: 100
  wind_lifetime: 20
  solar_capex: 1000.0
  solar_opex: 10
  solar_lifetime: 20
  carbon_price: 1.0
timeseries_values:
  load_level: 250527.2478061945
  wind_year: 2015
  solar_year: 2016
  price_year: 2023
  carbon_year: 2023
storage_values:
  CAES:
    cost: 38.6418
    lifetime: 24.6265
    annual_cost: 1.5691145717012163
    efficiency: 0.623893
    discharge_ratio: 0.1
    depth_of_discharge: 0.4
  Li-ion:
    cost: 206.715
    lifetime: 24.3403
    annual_cost: 8.492705513079132
    efficiency: 0.903053
    discharge_ratio: 2
    depth_of_discharge: 0.9
  Pb-acid:
    cost: 129.248
    lifetime: 13.9463
    annual_cost: 9.26754766497207
    efficiency: 0.752055
    discharge_ratio: 5
    depth_of_discharge: 0.5
  VRBF:
    cost: 370.686
    lifetime: 14.6586
    annual_cost: 25.287953829151487
    efficiency: 0.768416
    discharge_ratio: 0.5
    depth_of_discharge: 1.0
