cost_values:
  wind_capex: 5000.0
  wind_opex: 100
  wind_lifetime: 20
  solar_capex: 1000.0
  solar_opex: 10
  solar_lifetime: 20
  carbon_price: 1.0
timeseries_values:
  load_level: 250527.2478061945
  wind_year: 2015
  solar_year: 2016
  price_year: 2023
  carbon_year: 2023
storage_values:
  CAES:
    cost: 37.2808
    lifetime: 25.2673
    annual_cost: 1.475456419957811
    efficiency: 0.633439
    discharge_ratio: 0.1
    depth_of_discharge: 0.4
  Li-ion:
    cost: 222.688
    lifetime: 24.748
    annual_cost: 8.998222078551802
    efficiency: 0.914178
    discharge_ratio: 2
    depth_of_discharge: 0.9
  Pb-acid:
    cost: 142.819
    lifetime: 15.4291
    annual_cost: 9.256469917234316
    efficiency: 0.776511
    discharge_ratio: 5
    depth_of_discharge: 0.5
  VRBF:
    cost: 307.553
    lifetime: 17.824
    annual_cost: 17.254993267504485
    efficiency: 0.747627
    discharge_ratio: 0.5
    depth_of_discharge: 1.0
