cost_values:
  wind_capex: 5000.0
  wind_opex: 100
  wind_lifetime: 20
  solar_capex: 1000.0
  solar_opex: 10
  solar_lifetime: 20
  carbon_price: 1.0
timeseries_values:
  load_level: 250527.2478061945
  wind_year: 2015
  solar_year: 2016
  price_year: 2023
  carbon_year: 2023
storage_values:
  CAES:
    cost: 34.5731
    lifetime: 25.6476
    annual_cost: 1.3480052714484005
    efficiency: 0.629227
    discharge_ratio: 0.1
    depth_of_discharge: 0.4
  Li-ion:
    cost: 217.33
    lifetime: 25.5719
    annual_cost: 8.498781866032639
    efficiency: 0.919548
    discharge_ratio: 2
    depth_of_discharge: 0.9
  Pb-acid:
    cost: 148.401
    lifetime: 16.0776
    annual_cost: 9.230295566502463
    efficiency: 0.759849
    discharge_ratio: 5
    depth_of_discharge: 0.5
  VRBF:
    cost: 346.162
    lifetime: 16.7581
    annual_cost: 20.656398995112813
    efficiency: 0.774355
    discharge_ratio: 0.5
    depth_of_discharge: 1.0
