cost_values:
  wind_capex: 5000.0
  wind_opex: 100
  wind_lifetime: 20
  solar_capex: 1000.0
  solar_opex: 10
  solar_lifetime: 20
  carbon_price: 1.0
timeseries_values:
  load_level: 250527.2478061945
  wind_year: 2015
  solar_year: 2016
  price_year: 2023
  carbon_year: 2023
storage_values:
  CAES:
    cost: 33.0271
    lifetime: 25.5217
    annual_cost: 1.2940791561690639
    efficiency: 0.625323
    discharge_ratio: 0.1
    depth_of_discharge: 0.4
  Li-ion:
    cost: 199.231
    lifetime: 27.5975
    annual_cost: 7.219168402935048
    efficiency: 0.916813
    discharge_ratio: 2
    depth_of_discharge: 0.9
  Pb-acid:
    cost: 149.491
    lifetime: 14.5294
    annual_cost: 10.288862582074966
    efficiency: 0.770964
    discharge_ratio: 5
    depth_of_discharge: 0.5
  VRBF:
    cost: 296.795
    lifetime: 15.039
    annual_cost: 19.73502227541725
    efficiency: 0.742092
    discharge_ratio: 0.5
    depth_of_discharge: 1.0
