cost_values:
  wind_capex: 5000.0
  wind_opex: 100
  wind_lifetime: 20
  solar_capex: 1000.0
  solar_opex: 10
  solar_lifetime: 20
  carbon_price: 1.0
timeseries_values:
  load_level: 250527.2478061945
  wind_year: 2015
  solar_year: 2016
  price_year: 2023
  carbon_year: 2023
storage_values:
  CAES:
    cost: 35.9318
    lifetime: 25.7121
    annual_cost: 1.3974665624355849
    efficiency: 0.636705
    discharge_ratio: 0.1
    depth_of_discharge: 0.4
  Li-ion:
    cost: 198.49
    lifetime: 24.3125
    annual_cost: 8.164113110539846
    efficiency: 0.926398
    discharge_ratio: 2
    depth_of_discharge: 0.9
  Pb-acid:
    cost: 127.131
    lifetime: 14.1259
    annual_cost: 8.999851336905968
    efficiency: 0.748577
    discharge_ratio: 5
    depth_of_discharge: 0.5
  VRBF:
    cost: 316.52
    lifetime: 15.334
    annual_cost: 20.641711229946523
    efficiency: 0.769118
    discharge_ratio: 0.5
    depth_of_discharge: 1.0
