cost_values:
  wind_capex: 5000.0
  wind_opex: 100
  wind_lifetime: 20
  solar_capex: 1000.0
  solar_opex: 10
  solar_lifetime: 20
  carbon_price: 1.0
timeseries_values:
  load_level: 250527.2478061945
  wind_year: 2015
  solar_year: 2016
  price_year: 2023
  carbon_year: 2023
storage_values:
  CAES:
    cost: 37.5164
    lifetime: 25.8317
    annual_cost: 1.4523395672758663
    efficiency: 0.63669
    discharge_ratio: 0.1
    depth_of_discharge: 0.4
  Li-ion:
    cost: 217.181
    lifetime: 27.3882
    annual_cost: 7.929728861334444
    efficiency: 0.900404
    discharge_ratio: 2
    depth_of_discharge: 0.9
  Pb-acid:
    cost: 122.365
    lifetime: 12.9571
    annual_cost: 9.443857035910813
    efficiency: 0.760624
    discharge_ratio: 5
    depth_of_discharge: 0.5
  VRBF:
    cost: 333.996
    lifetime: 15.5852
    annual_cost: 21.43033133998922
    efficiency: 0.755106
    discharge_ratio: 0.5
    depth_of_discharge: 1.0
