cost_values:
  wind_capex: 5000.0
  wind_opex: 100
  wind_lifetime: 20
  solar_capex: 1000.0
  solar_opex: 10
  solar_lifetime: 20
  carbon_price: 1.0
timeseries_values:
  load_level: 250527.2478061945
  wind_year: 2015
  solar_year: 2016
  price_year: 2023
  carbon_year: 2023
storage_values:
  CAES:
    cost: 32.1262
    lifetime: 24.5697
    annual_cost: 1.3075536127832248
    efficiency: 0.635707
    discharge_ratio: 0.1
    depth_of_discharge: 0.4
  Li-ion:
    cost: 191.266
    lifetime: 25.8601
    annual_cost: 7.396181762638196
    efficiency: 0.917743
    discharge_ratio: 2
    depth_of_discharge: 0.9
  Pb-acid:
    cost: 140.982
    lifetime: 14.0303
    annual_cost: 10.048395258832668
    efficiency: 0.769315
    discharge_ratio: 5
    depth_of_discharge: 0.5
  VRBF:
    cost: 333.411
    lifetime: 16.5162
    annual_cost: 20.186907400007264
    efficiency: 0.783753
    discharge_ratio: 0.5
    depth_of_discharge: 1.0
