cost_values:
  wind_capex: 5000.0
  wind_opex: 100
  wind_lifetime: 20
  solar_capex: 1000.0
  solar_opex: 10
  solar_lifetime: 20
  carbon_price: 1.0
timeseries_values:
  load_level: 250527.2478061945
  wind_year: 2015
  solar_year: 2016
  price_year: 2023
  carbon_year: 2023
storage_values:
  CAES:
    cost: 33.1489
    lifetime: 25.5486
    annual_cost: 1.2974840108655659
    efficiency: 0.631557
    discharge_ratio: 0.1
    depth_of_discharge: 0.4
  Li-ion:
    cost: 202.042
    lifetime: 26.4937
    annual_cost: 7.626039398045573
    efficiency: 0.896848
    discharge_ratio: 2
    depth_of_discharge: 0.9
  Pb-acid:
    cost: 124.856
    lifetime: 12.3531
    annual_cost: 10.107260525698003
    efficiency: 0.756718
    discharge_ratio: 5
    depth_of_discharge: 0.5
  VRBF:
    cost: 337.529
    lifetime: 16.0772
    annual_cost: 20.994265170552083
    efficiency: 0.752752
    discharge_ratio: 0.5
    depth_of_discharge: 1.0
