cost_values:
  wind_capex: 5000.0
  wind_opex: 100
  wind_lifetime: 20
  solar_capex: 1000.0
  solar_opex: 10
  solar_lifetime: 20
  carbon_price: 1.0
timeseries_values:
  load_level: 250527.2478061945
  wind_year: 2015
  solar_year: 2016
  price_year: 2023
  carbon_year: 2023
storage_values:
  CAES:
    cost: 34.4892
    lifetime: 25.8402
    annual_cost: 1.3347110316483617
    efficiency: 0.639555
    discharge_ratio: 0.1
    depth_of_discharge: 0.4
  Li-ion:
    cost: 198.575
    lifetime: 25.0778
    annual_cost: 7.918358069687133
    efficiency: 0.942677
    discharge_ratio: 2
    depth_of_discharge: 0.9
  Pb-acid:
    cost: 122.906
    lifetime: 14.5315
    annual_cost: 8.457901799538934
    efficiency: 0.776071
    discharge_ratio: 5
    depth_of_discharge: 0.5
  VRBF:
    cost: 294.786
    lifetime: 16.7761
    annual_cost: 17.57178366843307
    efficiency: 0.741828
    discharge_ratio: 0.5
    depth_of_discharge: 1.0
