cost_values:
  wind_capex: 5000.0
  wind_opex: 100
  wind_lifetime: 20
  solar_capex: 1000.0
  solar_opex: 10
  solar_lifetime: 20
  carbon_price: 1.0
timeseries_values:
  load_level: 250527.2478061945
  wind_year: 2015
  solar_year: 2016
  price_year: 2023
  carbon_year: 2023
storage_values:
  CAES:
    cost: 36.7531
    lifetime: 26.2438
    annual_cost: 1.4004488679230904
    efficiency: 0.640197
    discharge_ratio: 0.1
    depth_of_discharge: 0.4
  Li-ion:
    cost: 202.375
    lifetime: 25.874
    annual_cost: 7.821558321094535
    efficiency: 0.911826
    discharge_ratio: 2
    depth_of_discharge: 0.9
  Pb-acid:
    cost: 126.68
    lifetime: 13.5393
    annual_cost: 9.356465991594838
    efficiency: 0.758757
    discharge_ratio: 5
    depth_of_discharge: 0.5
  VRBF:
    cost: 296.547
    lifetime: 14.3868
    annual_cost: 20.612436400033367
    efficiency: 0.764148
    discharge_ratio: 0.5
    depth_of_discharge: 1.0
