cost_values:
  wind_capex: 5000.0
  wind_opex: 100
  wind_lifetime: 20
  solar_capex: 1000.0
  solar_opex: 10
  solar_lifetime: 20
  carbon_price: 1.0
timeseries_values:
  load_level: 250527.2478061945
  wind_year: 2015
  solar_year: 2016
  price_year: 2023
  carbon_year: 2023
storage_values:
  CAES:
    cost: 37.0991
    lifetime: 26.0616
    annual_cost: 1.423515824047641
    efficiency: 0.63929
    discharge_ratio: 0.1
    depth_of_discharge: 0.4
  Li-ion:
    cost: 229.492
    lifetime: 25.0649
    annual_cost: 9.15591125438362
    efficiency: 0.918191
    discharge_ratio: 2
    depth_of_discharge: 0.9
  Pb-acid:
    cost: 127.735
    lifetime: 14.7933
    annual_cost: 8.634652173619138
    efficiency: 0.758051
    discharge_ratio: 5
    depth_of_discharge: 0.5
  VRBF:
    cost: 350.059
    lifetime: 17.0615
    annual_cost: 20.51748087800018
    efficiency: 0.769691
    discharge_ratio: 0.5
    depth_of_discharge: 1.0
