cost_values:
  wind_capex: 5000.0
  wind_opex: 100
  wind_lifetime: 20
  solar_capex: 1000.0
  solar_opex: 10
  solar_lifetime: 20
  carbon_price: 1.0
timeseries_values:
  load_level: 250527.2478061945
  wind_year: 2015
  solar_year: 2016
  price_year: 2023
  carbon_year: 2023
storage_values:
  CAES:
    cost: 31.6104
    lifetime: 24.6508
    annual_cost: 1.2823275512356596
    efficiency: 0.6332
    discharge_ratio: 0.1
    depth_of_discharge: 0.4
  Li-ion:
    cost: 230.776
    lifetime: 25.8728
    annual_cost: 8.919637611700319
    efficiency: 0.914215
    discharge_ratio: 2
    depth_of_discharge: 0.9
  Pb-acid:
    cost: 145.06
    lifetime: 12.4101
    annual_cost: 11.688866326621058
    efficiency: 0.76339
    discharge_ratio: 5
    depth_of_discharge: 0.5
  VRBF:
    cost: 301.737
    lifetime: 15.4793
    annual_cost: 19.492935727067763
    efficiency: 0.777713
    discharge_ratio: 0.5
    depth_of_discharge: 1.0
