cost_values:
  wind_capex: 5000.0
  wind_opex: 100
  wind_lifetime: 20
  solar_capex: 1000.0
  solar_opex: 10
  solar_lifetime: 20
  carbon_price: 1.0
timeseries_values:
  load_level: 250527.2478061945
  wind_year: 2015
  solar_year: 2016
  price_year: 2023
  carbon_year: 2023
storage_values:
  CAES:
    cost: 36.0786
    lifetime: 25.1688
    annual_cost: 1.4334652426814152
    efficiency: 0.629742
    discharge_ratio: 0.1
    depth_of_discharge: 0.4
  Li-ion:
    cost: 200.367
    lifetime: 27.9219
    annual_cost: 7.175980144617665
    efficiency: 0.915305
    discharge_ratio: 2
    depth_of_discharge: 0.9
  Pb-acid:
    cost: 121.069
    lifetime: 13.6251
    annual_cost: 8.885732948749
    efficiency: 0.772272
    discharge_ratio: 5
    depth_of_discharge: 0.5
  VRBF:
    cost: 339.853
    lifetime: 14.5184
    annual_cost: 23.408433436191316
    efficiency: 0.739814
    discharge_ratio: 0.5
    depth_of_discharge: 1.0
