cost_values:
  wind_capex: 5000.0
  wind_opex: 100
  wind_lifetime: 20
  solar_capex: 1000.0
  solar_opex: 10
  solar_lifetime: 20
  carbon_price: 1.0
timeseries_values:
  load_level: 241151.84499764987
  wind_year: 2018
  solar_year: 2011
  price_year: 2023
  carbon_year: 2023
storage_values:
  CAES:
    cost: 38.3475
    lifetime: 25.9922
    annual_cost: 1.4753464500888727
    efficiency: 0.59409
    discharge_ratio: 0.1
    depth_of_discharge: 0.4
  Li-ion:
    cost: 222.925
    lifetime: 19.7889
    annual_cost: 11.265153697274734
    efficiency: 0.901205
    discharge_ratio: 2
    depth_of_discharge: 0.9
  Pb-acid:
    cost: 108.12
    lifetime: 11.7556
    annual_cost: 9.197318724692913
    efficiency: 0.711286
    discharge_ratio: 5
    depth_of_discharge: 0.5
  VRBF:
    cost: 274.475
    lifetime: 17.47
    annual_cost: 15.711219232970809
    efficiency: 0.826582
    discharge_ratio: 0.5
    depth_of_discharge: 1.0
