cost_values:
  wind_capex: 5000.0
  wind_opex: 100
  wind_lifetime: 20
  solar_capex: 1000.0
  solar_opex: 10
  solar_lifetime: 20
  carbon_price: 1.0
timeseries_values:
  load_level: 241151.84499764987
  wind_year: 2018
  solar_year: 2011
  price_year: 2023
  carbon_year: 2023
storage_values:
  CAES:
    cost: 23.2144
    lifetime: 25.5342
    annual_cost: 0.9091492978045133
    efficiency: 0.600562
    discharge_ratio: 0.1
    depth_of_discharge: 0.4
  Li-ion:
    cost: 231.789
    lifetime: 19.2612
    annual_cost: 12.033985421469067
    efficiency: 0.904173
    discharge_ratio: 2
    depth_of_discharge: 0.9
  Pb-acid:
    cost: 141.473
    lifetime: 9.63338
    annual_cost: 14.685707404877624
    efficiency: 0.722062
    discharge_ratio: 5
    depth_of_discharge: 0.5
  VRBF:
    cost: 257.249
    lifetime: 17.3899
    annual_cost: 14.793012035721885
    efficiency: 0.823681
    discharge_ratio: 0.5
    depth_of_discharge: 1.0
