cost_values:
  wind_capex: 5000.0
  wind_opex: 100
  wind_lifetime: 20
  solar_capex: 1000.0
  solar_opex: 10
  solar_lifetime: 20
  carbon_price: 1.0
timeseries_values:
  load_level: 241151.84499764987
  wind_year: 2018
  solar_year: 2011
  price_year: 2023
  carbon_year: 2023
storage_values:
  CAES:
    cost: 26.0346
    lifetime: 25.0113
    annual_cost: 1.0409135070947932
    efficiency: 0.597419
    discharge_ratio: 0.1
    depth_of_discharge: 0.4
  Li-ion:
    cost: 227.786
    lifetime: 17.7165
    annual_cost: 12.857279936782096
    efficiency: 0.885015
    discharge_ratio: 2
    depth_of_discharge: 0.9
  Pb-acid:
    cost: 134.934
    lifetime: 8.95297
    annual_cost: 15.071423226035606
    efficiency: 0.735412
    discharge_ratio: 5
    depth_of_discharge: 0.5
  VRBF:
    cost: 257.319
    lifetime: 19.951
    annual_cost: 12.897548995037843
    efficiency: 0.830184
    discharge_ratio: 0.5
    depth_of_discharge: 1.0
