cost_values:
  wind_capex: 5000.0
  wind_opex: 100
  wind_lifetime: 20
  solar_capex: 1000.0
  solar_opex: 10
  solar_lifetime: 20
  carbon_price: 1.0
timeseries_values:
  load_level: 241151.84499764987
  wind_year: 2018
  solar_year: 2011
  price_year: 2023
  carbon_year: 2023
storage_values:
  CAES:
    cost: 30.3719
    lifetime: 25.021
    annual_cost: 1.213856360657048
    efficiency: 0.604184
    discharge_ratio: 0.1
    depth_of_discharge: 0.4
  Li-ion:
    cost: 214.09
    lifetime: 20.9555
    annual_cost: 10.21641096609482
    efficiency: 0.895345
    discharge_ratio: 2
    depth_of_discharge: 0.9
  Pb-acid:
    cost: 114.699
    lifetime: 9.53683
    annual_cost: 12.026952352091838
    efficiency: 0.712377
    discharge_ratio: 5
    depth_of_discharge: 0.5
  VRBF:
    cost: 236.817
    lifetime: 20.0941
    annual_cost: 11.78539969443767
    efficiency: 0.825891
    discharge_ratio: 0.5
    depth_of_discharge: 1.0
