cost_values:
  wind_capex: 5000.0
  wind_opex: 100
  wind_lifetime: 20
  solar_capex: 1000.0
  solar_opex: 10
  solar_lifetime: 20
  carbon_price: 1.0
timeseries_values:
  load_level: 241151.84499764987
  wind_year: 2018
  solar_year: 2011
  price_year: 2023
  carbon_year: 2023
storage_values:
  CAES:
    cost: 25.7522
    lifetime: 25.5065
    annual_cost: 1.0096328386881774
    efficiency: 0.607121
    discharge_ratio: 0.1
    depth_of_discharge: 0.4
  Li-ion:
    cost: 215.601
    lifetime: 17.5979
    annual_cost: 12.251518647111304
    efficiency: 0.892488
    discharge_ratio: 2
    depth_of_discharge: 0.9
  Pb-acid:
    cost: 125.499
    lifetime: 10.8361
    annual_cost: 11.58156532331743
    efficiency: 0.726191
    discharge_ratio: 5
    depth_of_discharge: 0.5
  VRBF:
    cost: 260.216
    lifetime: 17.6767
    annual_cost: 14.720847216957917
    efficiency: 0.847939
    discharge_ratio: 0.5
    depth_of_discharge: 1.0
