cost_values:
  wind_capex: 5000.0
  wind_opex: 100
  wind_lifetime: 20
  solar_capex: 1000.0
  solar_opex: 10
  solar_lifetime: 20
  carbon_price: 1.0
timeseries_values:
  load_level: 241151.84499764987
  wind_year: 2018
  solar_year: 2011
  price_year: 2023
  carbon_year: 2023
storage_values:
  CAES:
    cost: 33.0349
    lifetime: 25.2992
    annual_cost: 1.3057685618517583
    efficiency: 0.595465
    discharge_ratio: 0.1
    depth_of_discharge: 0.4
  Li-ion:
    cost: 194.586
    lifetime: 19.1684
    annual_cost: 10.151395004277875
    efficiency: 0.879411
    discharge_ratio: 2
    depth_of_discharge: 0.9
  Pb-acid:
    cost: 105.772
    lifetime: 9.83759
    annual_cost: 10.751820313715045
    efficiency: 0.733669
    discharge_ratio: 5
    depth_of_discharge: 0.5
  VRBF:
    cost: 260.152
    lifetime: 19.5752
    annual_cost: 13.289876987208304
    efficiency: 0.833475
    discharge_ratio: 0.5
    depth_of_discharge: 1.0
