cost_values:
  wind_capex: 5000.0
  wind_opex: 100
  wind_lifetime: 20
  solar_capex: 1000.0
  solar_opex: 10
  solar_lifetime: 20
  carbon_price: 1.0
timeseries_values:
  load_level: 241151.84499764987
  wind_year: 2018
  solar_year: 2011
  price_year: 2023
  carbon_year: 2023
storage_values:
  CAES:
    cost: 24.2528
    lifetime: 25.4326
    annual_cost: 0.9536107200994
    efficiency: 0.603921
    discharge_ratio: 0.1
    depth_of_discharge: 0.4
  Li-ion:
    cost: 235.815
    lifetime: 17.8803
    annual_cost: 13.18853710508213
    efficiency: 0.902616
    discharge_ratio: 2
    depth_of_discharge: 0.9
  Pb-acid:
    cost: 120.117
    lifetime: 9.54585
    annual_cost: 12.583164411760086
    efficiency: 0.7283
    discharge_ratio: 5
    depth_of_discharge: 0.5
  VRBF:
    cost: 246.254
    lifetime: 17.5232
    annual_cost: 14.05302684441198
    efficiency: 0.848263
    discharge_ratio: 0.5
    depth_of_discharge: 1.0
