cost_values:
  wind_capex: 5000.0
  wind_opex: 100
  wind_lifetime: 20
  solar_capex: 1000.0
  solar_opex: 10
  solar_lifetime: 20
  carbon_price: 1.0
timeseries_values:
  load_level: 241151.84499764987
  wind_year: 2018
  solar_year: 2011
  price_year: 2023
  carbon_year: 2023
storage_values:
  CAES:
    cost: 29.8839
    lifetime: 26.4157
    annual_cost: 1.1312931324931763
    efficiency: 0.598838
    discharge_ratio: 0.1
    depth_of_discharge: 0.4
  Li-ion:
    cost: 223.867
    lifetime: 22.7005
    annual_cost: 9.861765159357722
    efficiency: 0.89847
    discharge_ratio: 2
    depth_of_discharge: 0.9
  Pb-acid:
    cost: 117.172
    lifetime: 10.6046
    annual_cost: 11.049167342474021
    efficiency: 0.727082
    discharge_ratio: 5
    depth_of_discharge: 0.5
  VRBF:
    cost: 312.221
    lifetime: 18.1594
    annual_cost: 17.193354405982575
    efficiency: 0.821307
    discharge_ratio: 0.5
    depth_of_discharge: 1.0
