cost_values:
  wind_capex: 5000.0
  wind_opex: 100
  wind_lifetime: 20
  solar_capex: 1000.0
  solar_opex: 10
  solar_lifetime: 20
  carbon_price: 1.0
timeseries_values:
  load_level: 241151.84499764987
  wind_year: 2018
  solar_year: 2011
  price_year: 2023
  carbon_year: 2023
storage_values:
  CAES:
    cost: 37.7155
    lifetime: 25.7603
    annual_cost: 1.464093974060861
    efficiency: 0.607408
    discharge_ratio: 0.1
    depth_of_discharge: 0.4
  Li-ion:
    cost: 250.635
    lifetime: 20.3705
    annual_cost: 12.3038217029528
    efficiency: 0.881465
    discharge_ratio: 2
    depth_of_discharge: 0.9
  Pb-acid:
    cost: 127.168
    lifetime: 9.94173
    annual_cost: 12.79133510968413
    efficiency: 0.732217
    discharge_ratio: 5
    depth_of_discharge: 0.5
  VRBF:
    cost: 282.796
    lifetime: 18.4554
    annual_cost: 15.323211634535149
    efficiency: 0.828601
    discharge_ratio: 0.5
    depth_of_discharge: 1.0
