cost_values:
  wind_capex: 5000.0
  wind_opex: 100
  wind_lifetime: 20
  solar_capex: 1000.0
  solar_opex: 10
  solar_lifetime: 20
  carbon_price: 1.0
timeseries_values:
  load_level: 241151.84499764987
  wind_year: 2018
  solar_year: 2011
  price_year: 2023
  carbon_year: 2023
storage_values:
  CAES:
    cost: 25.377
    lifetime: 26.3652
    annual_cost: 0.9625187747485321
    efficiency: 0.598535
    discharge_ratio: 0.1
    depth_of_discharge: 0.4
  Li-ion:
    cost: 227.041
    lifetime: 19.0703
    annual_cost: 11.905476054388238
    efficiency: 0.896367
    discharge_ratio: 2
    depth_of_discharge: 0.9
  Pb-acid:
    cost: 107.503
    lifetime: 9.44597
    annual_cost: 11.380832249096704
    efficiency: 0.72629
    discharge_ratio: 5
    depth_of_discharge: 0.5
  VRBF:
    cost: 270.623
    lifetime: 19.6876
    annual_cost: 13.74586033848717
    efficiency: 0.843587
    discharge_ratio: 0.5
    depth_of_discharge: 1.0
