cost_values:
  wind_capex: 5000.0
  wind_opex: 100
  wind_lifetime: 20
  solar_capex: 1000.0
  solar_opex: 10
  solar_lifetime: 20
  carbon_price: 1.0
timeseries_values:
  load_level: 241151.84499764987
  wind_year: 2018
  solar_year: 2011
  price_year: 2023
  carbon_year: 2023
storage_values:
  CAES:
    cost: 33.1245
    lifetime: 24.8596
    annual_cost: 1.332463112841719
    efficiency: 0.597078
    discharge_ratio: 0.1
    depth_of_discharge: 0.4
  Li-ion:
    cost: 225.284
    lifetime: 18.8885
    annual_cost: 11.927045556820287
    efficiency: 0.878214
    discharge_ratio: 2
    depth_of_discharge: 0.9
  Pb-acid:
    cost: 118.183
    lifetime: 9.88898
    annual_cost: 11.95097977748969
    efficiency: 0.715322
    discharge_ratio: 5
    depth_of_discharge: 0.5
  VRBF:
    cost: 252.62
    lifetime: 20.3116
    annual_cost: 12.437227987947775
    efficiency: 0.846881
    discharge_ratio: 0.5
    depth_of_discharge: 1.0
