cost_values:
  wind_capex: 5000.0
  wind_opex: 100
  wind_lifetime: 20
  solar_capex: 1000.0
  solar_opex: 10
  solar_lifetime: 20
  carbon_price: 1.0
timeseries_values:
  load_level: 241151.84499764987
  wind_year: 2018
  solar_year: 2011
  price_year: 2023
  carbon_year: 2023
storage_values:
  CAES:
    cost: 31.7432
    lifetime: 25.4574
    annual_cost: 1.2469144531648952
    efficiency: 0.605701
    discharge_ratio: 0.1
    depth_of_discharge: 0.4
  Li-ion:
    cost: 219.267
    lifetime: 19.6622
    annual_cost: 11.151702251019724
    efficiency: 0.872286
    discharge_ratio: 2
    depth_of_discharge: 0.9
  Pb-acid:
    cost: 126.959
    lifetime: 8.8954
    annual_cost: 14.272432942869347
    efficiency: 0.728389
    discharge_ratio: 5
    depth_of_discharge: 0.5
  VRBF:
    cost: 289.814
    lifetime: 18.4901
    annual_cost: 15.674009334725069
    efficiency: 0.841858
    discharge_ratio: 0.5
    depth_of_discharge: 1.0
