cost_values:
  wind_capex: 5000.0
  wind_opex: 100
  wind_lifetime: 20
  solar_capex: 1000.0
  solar_opex: 10
  solar_lifetime: 20
  carbon_price: 1.0
timeseries_values:
  load_level: 241151.84499764987
  wind_year: 2018
  solar_year: 2011
  price_year: 2023
  carbon_year: 2023
storage_values:
  CAES:
    cost: 38.0819
    lifetime: 25.9912
    annual_cost: 1.4651843700944935
    efficiency: 0.606688
    discharge_ratio: 0.1
    depth_of_discharge: 0.4
  Li-ion:
    cost: 215.73
    lifetime: 18.4862
    annual_cost: 11.669786110720429
    efficiency: 0.898662
    discharge_ratio: 2
    depth_of_discharge: 0.9
  Pb-acid:
    cost: 105.929
    lifetime: 10.772
    annual_cost: 9.833735610842925
    efficiency: 0.739093
    discharge_ratio: 5
    depth_of_discharge: 0.5
  VRBF:
    cost: 254.606
    lifetime: 18.8527
    annual_cost: 13.505015196762269
    efficiency: 0.844644
    discharge_ratio: 0.5
    depth_of_discharge: 1.0
