cost_values:
  wind_capex: 5000.0
  wind_opex: 100
  wind_lifetime: 20
  solar_capex: 1000.0
  solar_opex: 10
  solar_lifetime: 20
  carbon_price: 1.0
timeseries_values:
  load_level: 241151.84499764987
  wind_year: 2018
  solar_year: 2011
  price_year: 2023
  carbon_year: 2023
storage_values:
  CAES:
    cost: 34.6435
    lifetime: 24.8963
    annual_cost: 1.391511991741745
    efficiency: 0.589832
    discharge_ratio: 0.1
    depth_of_discharge: 0.4
  Li-ion:
    cost: 232.87
    lifetime: 19.2991
    annual_cost: 12.066365789078247
    efficiency: 0.891885
    discharge_ratio: 2
    depth_of_discharge: 0.9
  Pb-acid:
    cost: 129.102
    lifetime: 11.2628
    annual_cost: 11.462691337855595
    efficiency: 0.731955
    discharge_ratio: 5
    depth_of_discharge: 0.5
  VRBF:
    cost: 274.304
    lifetime: 18.2944
    annual_cost: 14.993877907993703
    efficiency: 0.833407
    discharge_ratio: 0.5
    depth_of_discharge: 1.0
