cost_values:
  wind_capex: 5000.0
  wind_opex: 100
  wind_lifetime: 20
  solar_capex: 1000.0
  solar_opex: 10
  solar_lifetime: 20
  carbon_price: 1.0
timeseries_values:
  load_level: 241151.84499764987
  wind_year: 2018
  solar_year: 2011
  price_year: 2023
  carbon_year: 2023
storage_values:
  CAES:
    cost: 35.3573
    lifetime: 26.3917
    annual_cost: 1.3397128642717218
    efficiency: 0.610524
    discharge_ratio: 0.1
    depth_of_discharge: 0.4
  Li-ion:
    cost: 235.42
    lifetime: 17.9816
    annual_cost: 13.092272100369266
    efficiency: 0.871672
    discharge_ratio: 2
    depth_of_discharge: 0.9
  Pb-acid:
    cost: 126.766
    lifetime: 10.1494
    annual_cost: 12.48999940883205
    efficiency: 0.735803
    discharge_ratio: 5
    depth_of_discharge: 0.5
  VRBF:
    cost: 231.751
    lifetime: 18.9371
    annual_cost: 12.237935058694308
    efficiency: 0.848884
    discharge_ratio: 0.5
    depth_of_discharge: 1.0
