cost_values:
  wind_capex: 5000.0
  wind_opex: 100
  wind_lifetime: 20
  solar_capex: 1000.0
  solar_opex: 10
  solar_lifetime: 20
  carbon_price: 1.0
timeseries_values:
  load_level: 241151.84499764987
  wind_year: 2018
  solar_year: 2011
  price_year: 2023
  carbon_year: 2023
storage_values:
  CAES:
    cost: 36.6125
    lifetime: 24.4978
    annual_cost: 1.4945219570736963
    efficiency: 0.604028
    discharge_ratio: 0.1
    depth_of_discharge: 0.4
  Li-ion:
    cost: 218.946
    lifetime: 19.4189
    annual_cost: 11.274891986672777
    efficiency: 0.909657
    discharge_ratio: 2
    depth_of_discharge: 0.9
  Pb-acid:
    cost: 129.119
    lifetime: 9.90374
    annual_cost: 13.0373979930814
    efficiency: 0.721054
    discharge_ratio: 5
    depth_of_discharge: 0.5
  VRBF:
    cost: 262.585
    lifetime: 18.6898
    annual_cost: 14.049642050744254
    efficiency: 0.817645
    discharge_ratio: 0.5
    depth_of_discharge: 1.0
