cost_values:
  wind_capex: 5000.0
  wind_opex: 100
  wind_lifetime: 20
  solar_capex: 1000.0
  solar_opex: 10
  solar_lifetime: 20
  carbon_price: 1.0
timeseries_values:
  load_level: 241151.84499764987
  wind_year: 2018
  solar_year: 2011
  price_year: 2023
  carbon_year: 2023
storage_values:
  CAES:
    cost: 34.5714
    lifetime: 26.0008
    annual_cost: 1.329628319128642
    efficiency: 0.595382
    discharge_ratio: 0.1
    depth_of_discharge: 0.4
  Li-ion:
    cost: 216.703
    lifetime: 18.8154
    annual_cost: 11.51732091797145
    efficiency: 0.876549
    discharge_ratio: 2
    depth_of_discharge: 0.9
  Pb-acid:
    cost: 115.438
    lifetime: 11.46
    annual_cost: 10.073123909249563
    efficiency: 0.735379
    discharge_ratio: 5
    depth_of_discharge: 0.5
  VRBF:
    cost: 299.148
    lifetime: 17.0199
    annual_cost: 17.57636648863977
    efficiency: 0.831953
    discharge_ratio: 0.5
    depth_of_discharge: 1.0
