cost_values:
  wind_capex: 5000.0
  wind_opex: 100
  wind_lifetime: 20
  solar_capex: 1000.0
  solar_opex: 10
  solar_lifetime: 20
  carbon_price: 1.0
timeseries_values:
  load_level: 241151.84499764987
  wind_year: 2018
  solar_year: 2011
  price_year: 2023
  carbon_year: 2023
storage_values:
  CAES:
    cost: 34.8473
    lifetime: 25.41
    annual_cost: 1.3714010232192049
    efficiency: 0.598884
    discharge_ratio: 0.1
    depth_of_discharge: 0.4
  Li-ion:
    cost: 231.125
    lifetime: 21.0371
    annual_cost: 10.986542821966907
    efficiency: 0.892958
    discharge_ratio: 2
    depth_of_discharge: 0.9
  Pb-acid:
    cost: 109.936
    lifetime: 11.3022
    annual_cost: 9.726955813912337
    efficiency: 0.722067
    discharge_ratio: 5
    depth_of_discharge: 0.5
  VRBF:
    cost: 269.21
    lifetime: 19.3982
    annual_cost: 13.878091781711705
    efficiency: 0.838566
    discharge_ratio: 0.5
    depth_of_discharge: 1.0
