cost_values:
  wind_capex: 5000.0
  wind_opex: 100
  wind_lifetime: 20
  solar_capex: 1000.0
  solar_opex: 10
  solar_lifetime: 20
  carbon_price: 1.0
timeseries_values:
  load_level: 241151.84499764987
  wind_year: 2018
  solar_year: 2011
  price_year: 2023
  carbon_year: 2023
storage_values:
  CAES:
    cost: 31.8222
    lifetime: 25.84
    annual_cost: 1.2315092879256966
    efficiency: 0.598402
    discharge_ratio: 0.1
    depth_of_discharge: 0.4
  Li-ion:
    cost: 224.017
    lifetime: 20.6056
    annual_cost: 10.871656248786739
    efficiency: 0.891449
    discharge_ratio: 2
    depth_of_discharge: 0.9
  Pb-acid:
    cost: 95.0524
    lifetime: 9.5447
    annual_cost: 9.958657684369335
    efficiency: 0.749375
    discharge_ratio: 5
    depth_of_discharge: 0.5
  VRBF:
    cost: 279.507
    lifetime: 17.7362
    annual_cost: 15.759125404539867
    efficiency: 0.846516
    discharge_ratio: 0.5
    depth_of_discharge: 1.0
