cost_values:
  wind_capex: 5000.0
  wind_opex: 100
  wind_lifetime: 20
  solar_capex: 1000.0
  solar_opex: 10
  solar_lifetime: 20
  carbon_price: 1.0
timeseries_values:
  load_level: 241151.84499764987
  wind_year: 2018
  solar_year: 2011
  price_year: 2023
  carbon_year: 2023
storage_values:
  CAES:
    cost: 29.1928
    lifetime: 25.0368
    annual_cost: 1.165995654396728
    efficiency: 0.599259
    discharge_ratio: 0.1
    depth_of_discharge: 0.4
  Li-ion:
    cost: 214.398
    lifetime: 20.5893
    annual_cost: 10.413078637933294
    efficiency: 0.891931
    discharge_ratio: 2
    depth_of_discharge: 0.9
  Pb-acid:
    cost: 117.83
    lifetime: 9.96074
    annual_cost: 11.829442390826385
    efficiency: 0.739982
    discharge_ratio: 5
    depth_of_discharge: 0.5
  VRBF:
    cost: 306.305
    lifetime: 16.7389
    annual_cost: 18.298992167944128
    efficiency: 0.847127
    discharge_ratio: 0.5
    depth_of_discharge: 1.0
