cost_values:
  wind_capex: 5000.0
  wind_opex: 100
  wind_lifetime: 20
  solar_capex: 1000.0
  solar_opex: 10
  solar_lifetime: 20
  carbon_price: 1.0
timeseries_values:
  load_level: 241151.84499764987
  wind_year: 2018
  solar_year: 2011
  price_year: 2023
  carbon_year: 2023
storage_values:
  CAES:
    cost: 32.3415
    lifetime: 25.0648
    annual_cost: 1.2903155022182504
    efficiency: 0.601587
    discharge_ratio: 0.1
    depth_of_discharge: 0.4
  Li-ion:
    cost: 223.705
    lifetime: 19.4919
    annual_cost: 11.47681857592128
    efficiency: 0.898872
    discharge_ratio: 2
    depth_of_discharge: 0.9
  Pb-acid:
    cost: 111.354
    lifetime: 10.1187
    annual_cost: 11.004773340448871
    efficiency: 0.726398
    discharge_ratio: 5
    depth_of_discharge: 0.5
  VRBF:
    cost: 257.85
    lifetime: 18.6254
    annual_cost: 13.84399798125141
    efficiency: 0.842819
    discharge_ratio: 0.5
    depth_of_discharge: 1.0
