cost_values:
  wind_capex: 5000.0
  wind_opex: 100
  wind_lifetime: 20
  solar_capex: 1000.0
  solar_opex: 10
  solar_lifetime: 20
  carbon_price: 1.0
timeseries_values:
  load_level: 241151.84499764987
  wind_year: 2018
  solar_year: 2011
  price_year: 2023
  carbon_year: 2023
storage_values:
  CAES:
    cost: 34.3281
    lifetime: 25.1186
    annual_cost: 1.3666406567244989
    efficiency: 0.594666
    discharge_ratio: 0.1
    depth_of_discharge: 0.4
  Li-ion:
    cost: 227.504
    lifetime: 21.5372
    annual_cost: 10.563304422116152
    efficiency: 0.899675
    discharge_ratio: 2
    depth_of_discharge: 0.9
  Pb-acid:
    cost: 132.649
    lifetime: 10.8958
    annual_cost: 12.174324051469375
    efficiency: 0.733861
    discharge_ratio: 5
    depth_of_discharge: 0.5
  VRBF:
    cost: 253.909
    lifetime: 18.3962
    annual_cost: 13.802252639131995
    efficiency: 0.840526
    discharge_ratio: 0.5
    depth_of_discharge: 1.0
