cost_values:
  wind_capex: 5000.0
  wind_opex: 100
  wind_lifetime: 20
  solar_capex: 1000.0
  solar_opex: 10
  solar_lifetime: 20
  carbon_price: 1.0
timeseries_values:
  load_level: 241151.84499764987
  wind_year: 2018
  solar_year: 2011
  price_year: 2023
  carbon_year: 2023
storage_values:
  CAES:
    cost: 32.5638
    lifetime: 25.3182
    annual_cost: 1.2861814820958837
    efficiency: 0.604837
    discharge_ratio: 0.1
    depth_of_discharge: 0.4
  Li-ion:
    cost: 218.236
    lifetime: 18.5659
    annual_cost: 11.754668505162691
    efficiency: 0.882632
    discharge_ratio: 2
    depth_of_discharge: 0.9
  Pb-acid:
    cost: 122.969
    lifetime: 11.9609
    annual_cost: 10.28091531573711
    efficiency: 0.717038
    discharge_ratio: 5
    depth_of_discharge: 0.5
  VRBF:
    cost: 240.854
    lifetime: 19.1805
    annual_cost: 12.55723260603217
    efficiency: 0.81721
    discharge_ratio: 0.5
    depth_of_discharge: 1.0
