cost_values:
  wind_capex: 5000.0
  wind_opex: 100
  wind_lifetime: 20
  solar_capex: 1000.0
  solar_opex: 10
  solar_lifetime: 20
  carbon_price: 1.0
timeseries_values:
  load_level: 241151.84499764987
  wind_year: 2018
  solar_year: 2011
  price_year: 2023
  carbon_year: 2023
storage_values:
  CAES:
    cost: 29.5217
    lifetime: 25.9716
    annual_cost: 1.1366916169970276
    efficiency: 0.603134
    discharge_ratio: 0.1
    depth_of_discharge: 0.4
  Li-ion:
    cost: 239.241
    lifetime: 20.4962
    annual_cost: 11.672456357763878
    efficiency: 0.90255
    discharge_ratio: 2
    depth_of_discharge: 0.9
  Pb-acid:
    cost: 99.5396
    lifetime: 10.8323
    annual_cost: 9.18914727250907
    efficiency: 0.748025
    discharge_ratio: 5
    depth_of_discharge: 0.5
  VRBF:
    cost: 253.874
    lifetime: 18.1194
    annual_cost: 14.011170347804011
    efficiency: 0.827961
    discharge_ratio: 0.5
    depth_of_discharge: 1.0
