cost_values:
  wind_capex: 5000.0
  wind_opex: 100
  wind_lifetime: 20
  solar_capex: 1000.0
  solar_opex: 10
  solar_lifetime: 20
  carbon_price: 1.0
timeseries_values:
  load_level: 241151.84499764987
  wind_year: 2018
  solar_year: 2011
  price_year: 2023
  carbon_year: 2023
storage_values:
  CAES:
    cost: 31.6704
    lifetime: 25.9441
    annual_cost: 1.2207168489174804
    efficiency: 0.609374
    discharge_ratio: 0.1
    depth_of_discharge: 0.4
  Li-ion:
    cost: 220.297
    lifetime: 20.769
    annual_cost: 10.60701044826424
    efficiency: 0.894525
    discharge_ratio: 2
    depth_of_discharge: 0.9
  Pb-acid:
    cost: 127.677
    lifetime: 11.0768
    annual_cost: 11.526523905821175
    efficiency: 0.727099
    discharge_ratio: 5
    depth_of_discharge: 0.5
  VRBF:
    cost: 305.588
    lifetime: 19.4282
    annual_cost: 15.729094820930401
    efficiency: 0.84524
    discharge_ratio: 0.5
    depth_of_discharge: 1.0
