cost_values:
  wind_capex: 5000.0
  wind_opex: 100
  wind_lifetime: 20
  solar_capex: 1000.0
  solar_opex: 10
  solar_lifetime: 20
  carbon_price: 1.0
timeseries_values:
  load_level: 241151.84499764987
  wind_year: 2018
  solar_year: 2011
  price_year: 2023
  carbon_year: 2023
storage_values:
  CAES:
    cost: 34.5296
    lifetime: 25.7505
    annual_cost: 1.340929302343644
    efficiency: 0.610684
    discharge_ratio: 0.1
    depth_of_discharge: 0.4
  Li-ion:
    cost: 221.807
    lifetime: 21.2105
    annual_cost: 10.45741495957191
    efficiency: 0.883763
    discharge_ratio: 2
    depth_of_discharge: 0.9
  Pb-acid:
    cost: 104.285
    lifetime: 8.98556
    annual_cost: 11.605843152791813
    efficiency: 0.741898
    discharge_ratio: 5
    depth_of_discharge: 0.5
  VRBF:
    cost: 292.571
    lifetime: 18.245
    annual_cost: 16.03568100849548
    efficiency: 0.836568
    discharge_ratio: 0.5
    depth_of_discharge: 1.0
