cost_values:
  wind_capex: 5000.0
  wind_opex: 100
  wind_lifetime: 20
  solar_capex: 1000.0
  solar_opex: 10
  solar_lifetime: 20
  carbon_price: 1.0
timeseries_values:
  load_level: 241151.84499764987
  wind_year: 2018
  solar_year: 2011
  price_year: 2023
  carbon_year: 2023
storage_values:
  CAES:
    cost: 35.6899
    lifetime: 24.1808
    annual_cost: 1.4759602659961621
    efficiency: 0.589599
    discharge_ratio: 0.1
    depth_of_discharge: 0.4
  Li-ion:
    cost: 228.586
    lifetime: 20.3064
    annual_cost: 11.256845132569042
    efficiency: 0.89602
    discharge_ratio: 2
    depth_of_discharge: 0.9
  Pb-acid:
    cost: 115.013
    lifetime: 10.8307
    annual_cost: 10.619165889554692
    efficiency: 0.72095
    discharge_ratio: 5
    depth_of_discharge: 0.5
  VRBF:
    cost: 281.243
    lifetime: 18.2369
    annual_cost: 15.42164512609051
    efficiency: 0.820249
    discharge_ratio: 0.5
    depth_of_discharge: 1.0
