cost_values:
  wind_capex: 5000.0
  wind_opex: 100
  wind_lifetime: 20
  solar_capex: 1000.0
  solar_opex: 10
  solar_lifetime: 20
  carbon_price: 1.0
timeseries_values:
  load_level: 241151.84499764987
  wind_year: 2018
  solar_year: 2011
  price_year: 2023
  carbon_year: 2023
storage_values:
  CAES:
    cost: 31.3537
    lifetime: 24.8417
    annual_cost: 1.2621398696546533
    efficiency: 0.588769
    discharge_ratio: 0.1
    depth_of_discharge: 0.4
  Li-ion:
    cost: 215.527
    lifetime: 19.2963
    annual_cost: 11.16934334561548
    efficiency: 0.889331
    discharge_ratio: 2
    depth_of_discharge: 0.9
  Pb-acid:
    cost: 116.178
    lifetime: 9.8418
    annual_cost: 11.804547948545999
    efficiency: 0.739864
    discharge_ratio: 5
    depth_of_discharge: 0.5
  VRBF:
    cost: 241.618
    lifetime: 16.7278
    annual_cost: 14.444099044704027
    efficiency: 0.840053
    discharge_ratio: 0.5
    depth_of_discharge: 1.0
