cost_values:
  wind_capex: 5000.0
  wind_opex: 100
  wind_lifetime: 20
  solar_capex: 1000.0
  solar_opex: 10
  solar_lifetime: 20
  carbon_price: 1.0
timeseries_values:
  load_level: 241151.84499764987
  wind_year: 2018
  solar_year: 2011
  price_year: 2023
  carbon_year: 2023
storage_values:
  CAES:
    cost: 30.6012
    lifetime: 25.1534
    annual_cost: 1.216583046427123
    efficiency: 0.596057
    discharge_ratio: 0.1
    depth_of_discharge: 0.4
  Li-ion:
    cost: 241.544
    lifetime: 20.0911
    annual_cost: 12.022437795839949
    efficiency: 0.897124
    discharge_ratio: 2
    depth_of_discharge: 0.9
  Pb-acid:
    cost: 122.761
    lifetime: 9.86058
    annual_cost: 12.44967334578696
    efficiency: 0.732041
    discharge_ratio: 5
    depth_of_discharge: 0.5
  VRBF:
    cost: 259.47
    lifetime: 16.5876
    annual_cost: 15.642407581566957
    efficiency: 0.835646
    discharge_ratio: 0.5
    depth_of_discharge: 1.0
