cost_values:
  wind_capex: 5000.0
  wind_opex: 100
  wind_lifetime: 20
  solar_capex: 1000.0
  solar_opex: 10
  solar_lifetime: 20
  carbon_price: 1.0
timeseries_values:
  load_level: 241151.84499764987
  wind_year: 2018
  solar_year: 2011
  price_year: 2023
  carbon_year: 2023
storage_values:
  CAES:
    cost: 38.0681
    lifetime: 25.7365
    annual_cost: 1.479148291337206
    efficiency: 0.599458
    discharge_ratio: 0.1
    depth_of_discharge: 0.4
  Li-ion:
    cost: 232.024
    lifetime: 20.4645
    annual_cost: 11.337877788365217
    efficiency: 0.88051
    discharge_ratio: 2
    depth_of_discharge: 0.9
  Pb-acid:
    cost: 120.67
    lifetime: 11.3691
    annual_cost: 10.613856857622855
    efficiency: 0.741698
    discharge_ratio: 5
    depth_of_discharge: 0.5
  VRBF:
    cost: 269.543
    lifetime: 17.8557
    annual_cost: 15.09562772672032
    efficiency: 0.84086
    discharge_ratio: 0.5
    depth_of_discharge: 1.0
