cost_values:
  wind_capex: 5000.0
  wind_opex: 100
  wind_lifetime: 20
  solar_capex: 1000.0
  solar_opex: 10
  solar_lifetime: 20
  carbon_price: 1.0
timeseries_values:
  load_level: 241151.84499764987
  wind_year: 2018
  solar_year: 2011
  price_year: 2023
  carbon_year: 2023
storage_values:
  CAES:
    cost: 26.4148
    lifetime: 24.6635
    annual_cost: 1.0710077645103089
    efficiency: 0.599157
    discharge_ratio: 0.1
    depth_of_discharge: 0.4
  Li-ion:
    cost: 241.454
    lifetime: 19.0455
    annual_cost: 12.677745399175658
    efficiency: 0.886479
    discharge_ratio: 2
    depth_of_discharge: 0.9
  Pb-acid:
    cost: 125.565
    lifetime: 10.2014
    annual_cost: 12.308604701315506
    efficiency: 0.699776
    discharge_ratio: 5
    depth_of_discharge: 0.5
  VRBF:
    cost: 240.814
    lifetime: 19.5585
    annual_cost: 12.31249840222921
    efficiency: 0.832219
    discharge_ratio: 0.5
    depth_of_discharge: 1.0
