cost_values:
  wind_capex: 5000.0
  wind_opex: 100
  wind_lifetime: 20
  solar_capex: 1000.0
  solar_opex: 10
  solar_lifetime: 20
  carbon_price: 1.0
timeseries_values:
  load_level: 241151.84499764987
  wind_year: 2018
  solar_year: 2011
  price_year: 2023
  carbon_year: 2023
storage_values:
  CAES:
    cost: 28.7248
    lifetime: 25.5301
    annual_cost: 1.1251346449876811
    efficiency: 0.609253
    discharge_ratio: 0.1
    depth_of_discharge: 0.4
  Li-ion:
    cost: 226.678
    lifetime: 18.7611
    annual_cost: 12.082340587705412
    efficiency: 0.899928
    discharge_ratio: 2
    depth_of_discharge: 0.9
  Pb-acid:
    cost: 114.342
    lifetime: 10.2057
    annual_cost: 11.203739086980805
    efficiency: 0.726254
    discharge_ratio: 5
    depth_of_discharge: 0.5
  VRBF:
    cost: 275.077
    lifetime: 18.7704
    annual_cost: 14.654828879512424
    efficiency: 0.846897
    discharge_ratio: 0.5
    depth_of_discharge: 1.0
