cost_values:
  wind_capex: 5000.0
  wind_opex: 100
  wind_lifetime: 20
  solar_capex: 1000.0
  solar_opex: 10
  solar_lifetime: 20
  carbon_price: 1.0
timeseries_values:
  load_level: 241151.84499764987
  wind_year: 2018
  solar_year: 2011
  price_year: 2023
  carbon_year: 2023
storage_values:
  CAES:
    cost: 33.5855
    lifetime: 25.0994
    annual_cost: 1.3380997155310488
    efficiency: 0.593042
    discharge_ratio: 0.1
    depth_of_discharge: 0.4
  Li-ion:
    cost: 225.296
    lifetime: 18.5262
    annual_cost: 12.1609396422364
    efficiency: 0.90308
    discharge_ratio: 2
    depth_of_discharge: 0.9
  Pb-acid:
    cost: 103.994
    lifetime: 11.2537
    annual_cost: 9.240871891022508
    efficiency: 0.733982
    discharge_ratio: 5
    depth_of_discharge: 0.5
  VRBF:
    cost: 266.357
    lifetime: 18.3121
    annual_cost: 14.545409865607986
    efficiency: 0.840292
    discharge_ratio: 0.5
    depth_of_discharge: 1.0
