cost_values:
  wind_capex: 5000.0
  wind_opex: 100
  wind_lifetime: 20
  solar_capex: 1000.0
  solar_opex: 10
  solar_lifetime: 20
  carbon_price: 1.0
timeseries_values:
  load_level: 241151.84499764987
  wind_year: 2018
  solar_year: 2011
  price_year: 2023
  carbon_year: 2023
storage_values:
  CAES:
    cost: 30.7319
    lifetime: 24.6039
    annual_cost: 1.2490662049512475
    efficiency: 0.603552
    discharge_ratio: 0.1
    depth_of_discharge: 0.4
  Li-ion:
    cost: 243.657
    lifetime: 19.439
    annual_cost: 12.534441072071608
    efficiency: 0.896942
    discharge_ratio: 2
    depth_of_discharge: 0.9
  Pb-acid:
    cost: 99.7885
    lifetime: 8.43404
    annual_cost: 11.831637032786187
    efficiency: 0.729927
    discharge_ratio: 5
    depth_of_discharge: 0.5
  VRBF:
    cost: 248.466
    lifetime: 18.4894
    annual_cost: 13.438294374073795
    efficiency: 0.836333
    discharge_ratio: 0.5
    depth_of_discharge: 1.0
