cost_values:
  wind_capex: 5000.0
  wind_opex: 100
  wind_lifetime: 20
  solar_capex: 1000.0
  solar_opex: 10
  solar_lifetime: 20
  carbon_price: 1.0
timeseries_values:
  load_level: 241151.84499764987
  wind_year: 2018
  solar_year: 2011
  price_year: 2023
  carbon_year: 2023
storage_values:
  CAES:
    cost: 35.276
    lifetime: 25.3522
    annual_cost: 1.3914374294932985
    efficiency: 0.600946
    discharge_ratio: 0.1
    depth_of_discharge: 0.4
  Li-ion:
    cost: 221.257
    lifetime: 19.8263
    annual_cost: 11.1597726252503
    efficiency: 0.892201
    discharge_ratio: 2
    depth_of_discharge: 0.9
  Pb-acid:
    cost: 127.331
    lifetime: 11.1122
    annual_cost: 11.458667050629039
    efficiency: 0.736825
    discharge_ratio: 5
    depth_of_discharge: 0.5
  VRBF:
    cost: 283.026
    lifetime: 19.5051
    annual_cost: 14.510358829229279
    efficiency: 0.829769
    discharge_ratio: 0.5
    depth_of_discharge: 1.0
