cost_values:
  wind_capex: 5000.0
  wind_opex: 100
  wind_lifetime: 20
  solar_capex: 1000.0
  solar_opex: 10
  solar_lifetime: 20
  carbon_price: 1.0
timeseries_values:
  load_level: 241151.84499764987
  wind_year: 2018
  solar_year: 2011
  price_year: 2023
  carbon_year: 2023
storage_values:
  CAES:
    cost: 31.3988
    lifetime: 26.7608
    annual_cost: 1.1733132043885086
    efficiency: 0.603173
    discharge_ratio: 0.1
    depth_of_discharge: 0.4
  Li-ion:
    cost: 216.537
    lifetime: 19.0879
    annual_cost: 11.344202348084389
    efficiency: 0.905127
    discharge_ratio: 2
    depth_of_discharge: 0.9
  Pb-acid:
    cost: 104.579
    lifetime: 8.90221
    annual_cost: 11.747532354325498
    efficiency: 0.746046
    discharge_ratio: 5
    depth_of_discharge: 0.5
  VRBF:
    cost: 264.945
    lifetime: 17.4707
    annual_cost: 15.16510500437876
    efficiency: 0.829271
    discharge_ratio: 0.5
    depth_of_discharge: 1.0
