cost_values:
  wind_capex: 5000.0
  wind_opex: 100
  wind_lifetime: 20
  solar_capex: 1000.0
  solar_opex: 10
  solar_lifetime: 20
  carbon_price: 1.0
timeseries_values:
  load_level: 241151.84499764987
  wind_year: 2018
  solar_year: 2011
  price_year: 2023
  carbon_year: 2023
storage_values:
  CAES:
    cost: 34.754
    lifetime: 24.1961
    annual_cost: 1.4363471799174246
    efficiency: 0.597835
    discharge_ratio: 0.1
    depth_of_discharge: 0.4
  Li-ion:
    cost: 234.818
    lifetime: 20.5846
    annual_cost: 11.407459945784714
    efficiency: 0.898046
    discharge_ratio: 2
    depth_of_discharge: 0.9
  Pb-acid:
    cost: 133.656
    lifetime: 10.453
    annual_cost: 12.78637711661724
    efficiency: 0.722803
    discharge_ratio: 5
    depth_of_discharge: 0.5
  VRBF:
    cost: 252.53
    lifetime: 17.6034
    annual_cost: 14.345524160105434
    efficiency: 0.829679
    discharge_ratio: 0.5
    depth_of_discharge: 1.0
