cost_values:
  wind_capex: 5000.0
  wind_opex: 100
  wind_lifetime: 20
  solar_capex: 1000.0
  solar_opex: 10
  solar_lifetime: 20
  carbon_price: 1.0
timeseries_values:
  load_level: 241151.84499764987
  wind_year: 2018
  solar_year: 2011
  price_year: 2023
  carbon_year: 2023
storage_values:
  CAES:
    cost: 44.2817
    lifetime: 24.666
    annual_cost: 1.7952525743939025
    efficiency: 0.610132
    discharge_ratio: 0.1
    depth_of_discharge: 0.4
  Li-ion:
    cost: 209.711
    lifetime: 19.9299
    annual_cost: 10.522431121079384
    efficiency: 0.88959
    discharge_ratio: 2
    depth_of_discharge: 0.9
  Pb-acid:
    cost: 127.304
    lifetime: 10.1974
    annual_cost: 12.483966501265028
    efficiency: 0.7241
    discharge_ratio: 5
    depth_of_discharge: 0.5
  VRBF:
    cost: 262.326
    lifetime: 19.964
    annual_cost: 13.139951913444202
    efficiency: 0.82833
    discharge_ratio: 0.5
    depth_of_discharge: 1.0
