cost_values:
  wind_capex: 5000.0
  wind_opex: 100
  wind_lifetime: 20
  solar_capex: 1000.0
  solar_opex: 10
  solar_lifetime: 20
  carbon_price: 1.0
timeseries_values:
  load_level: 241151.84499764987
  wind_year: 2018
  solar_year: 2011
  price_year: 2023
  carbon_year: 2023
storage_values:
  CAES:
    cost: 30.3251
    lifetime: 26.1551
    annual_cost: 1.1594335330394454
    efficiency: 0.615124
    discharge_ratio: 0.1
    depth_of_discharge: 0.4
  Li-ion:
    cost: 237.545
    lifetime: 20.0496
    annual_cost: 11.847867289122973
    efficiency: 0.889725
    discharge_ratio: 2
    depth_of_discharge: 0.9
  Pb-acid:
    cost: 123.975
    lifetime: 11.6146
    annual_cost: 10.674065400444269
    efficiency: 0.720848
    discharge_ratio: 5
    depth_of_discharge: 0.5
  VRBF:
    cost: 273.98
    lifetime: 19.7006
    annual_cost: 13.907190643939778
    efficiency: 0.835295
    discharge_ratio: 0.5
    depth_of_discharge: 1.0
