cost_values:
  wind_capex: 5000.0
  wind_opex: 100
  wind_lifetime: 20
  solar_capex: 1000.0
  solar_opex: 10
  solar_lifetime: 20
  carbon_price: 1.0
timeseries_values:
  load_level: 241151.84499764987
  wind_year: 2018
  solar_year: 2011
  price_year: 2023
  carbon_year: 2023
storage_values:
  CAES:
    cost: 29.0885
    lifetime: 25.8303
    annual_cost: 1.1261386820904131
    efficiency: 0.601007
    discharge_ratio: 0.1
    depth_of_discharge: 0.4
  Li-ion:
    cost: 210.504
    lifetime: 18.7676
    annual_cost: 11.216351584645878
    efficiency: 0.898828
    discharge_ratio: 2
    depth_of_discharge: 0.9
  Pb-acid:
    cost: 124.523
    lifetime: 10.6913
    annual_cost: 11.647133650725356
    efficiency: 0.714047
    discharge_ratio: 5
    depth_of_discharge: 0.5
  VRBF:
    cost: 259.107
    lifetime: 17.555
    annual_cost: 14.75972657362575
    efficiency: 0.832702
    discharge_ratio: 0.5
    depth_of_discharge: 1.0
