cost_values:
  wind_capex: 5000.0
  wind_opex: 100
  wind_lifetime: 20
  solar_capex: 1000.0
  solar_opex: 10
  solar_lifetime: 20
  carbon_price: 1.0
timeseries_values:
  load_level: 281081.36903387646
  wind_year: 2017
  solar_year: 2011
  price_year: 2023
  carbon_year: 2023
storage_values:
  CAES:
    cost: 56.3535
    lifetime: 21.139
    annual_cost: 2.665854581579072
    efficiency: 0.619214
    discharge_ratio: 0.1
    depth_of_discharge: 0.4
  Li-ion:
    cost: 256.315
    lifetime: 24.2013
    annual_cost: 10.590959989752617
    efficiency: 0.900067
    discharge_ratio: 2
    depth_of_discharge: 0.9
  Pb-acid:
    cost: 206.076
    lifetime: 17.36
    annual_cost: 11.870737327188941
    efficiency: 0.688542
    discharge_ratio: 5
    depth_of_discharge: 0.5
  VRBF:
    cost: 287.814
    lifetime: 20.7682
    annual_cost: 13.858398898315695
    efficiency: 0.741992
    discharge_ratio: 0.5
    depth_of_discharge: 1.0
