cost_values:
  wind_capex: 5000.0
  wind_opex: 100
  wind_lifetime: 20
  solar_capex: 1000.0
  solar_opex: 10
  solar_lifetime: 20
  carbon_price: 1.0
timeseries_values:
  load_level: 281081.36903387646
  wind_year: 2017
  solar_year: 2011
  price_year: 2023
  carbon_year: 2023
storage_values:
  CAES:
    cost: 57.9512
    lifetime: 21.2299
    annual_cost: 2.7296972665909873
    efficiency: 0.631821
    discharge_ratio: 0.1
    depth_of_discharge: 0.4
  Li-ion:
    cost: 277.345
    lifetime: 23.4755
    annual_cost: 11.814231858746354
    efficiency: 0.922117
    discharge_ratio: 2
    depth_of_discharge: 0.9
  Pb-acid:
    cost: 226.339
    lifetime: 16.4922
    annual_cost: 13.724002861958986
    efficiency: 0.703692
    discharge_ratio: 5
    depth_of_discharge: 0.5
  VRBF:
    cost: 268.279
    lifetime: 19.9202
    annual_cost: 13.46768606740896
    efficiency: 0.736906
    discharge_ratio: 0.5
    depth_of_discharge: 1.0
