cost_values:
  wind_capex: 5000.0
  wind_opex: 100
  wind_lifetime: 20
  solar_capex: 1000.0
  solar_opex: 10
  solar_lifetime: 20
  carbon_price: 1.0
timeseries_values:
  load_level: 281081.36903387646
  wind_year: 2017
  solar_year: 2011
  price_year: 2023
  carbon_year: 2023
storage_values:
  CAES:
    cost: 65.8646
    lifetime: 21.431
    annual_cost: 3.073333022257477
    efficiency: 0.62702
    discharge_ratio: 0.1
    depth_of_discharge: 0.4
  Li-ion:
    cost: 285.185
    lifetime: 21.6864
    annual_cost: 13.150407628744283
    efficiency: 0.919848
    discharge_ratio: 2
    depth_of_discharge: 0.9
  Pb-acid:
    cost: 245.096
    lifetime: 16.0762
    annual_cost: 15.245891442007439
    efficiency: 0.687944
    discharge_ratio: 5
    depth_of_discharge: 0.5
  VRBF:
    cost: 276.381
    lifetime: 21.196
    annual_cost: 13.0392998678996
    efficiency: 0.716421
    discharge_ratio: 0.5
    depth_of_discharge: 1.0
