cost_values:
  wind_capex: 5000.0
  wind_opex: 100
  wind_lifetime: 20
  solar_capex: 1000.0
  solar_opex: 10
  solar_lifetime: 20
  carbon_price: 1.0
timeseries_values:
  load_level: 281081.36903387646
  wind_year: 2017
  solar_year: 2011
  price_year: 2023
  carbon_year: 2023
storage_values:
  CAES:
    cost: 61.3284
    lifetime: 20.7407
    annual_cost: 2.956910808217659
    efficiency: 0.624259
    discharge_ratio: 0.1
    depth_of_discharge: 0.4
  Li-ion:
    cost: 246.186
    lifetime: 24.216
    annual_cost: 10.16625371655104
    efficiency: 0.938003
    discharge_ratio: 2
    depth_of_discharge: 0.9
  Pb-acid:
    cost: 242.169
    lifetime: 17.0935
    annual_cost: 14.167315061280606
    efficiency: 0.682523
    discharge_ratio: 5
    depth_of_discharge: 0.5
  VRBF:
    cost: 259.04
    lifetime: 21.2198
    annual_cost: 12.207466611372398
    efficiency: 0.758364
    discharge_ratio: 0.5
    depth_of_discharge: 1.0
