cost_values:
  wind_capex: 5000.0
  wind_opex: 100
  wind_lifetime: 20
  solar_capex: 1000.0
  solar_opex: 10
  solar_lifetime: 20
  carbon_price: 1.0
timeseries_values:
  load_level: 281081.36903387646
  wind_year: 2017
  solar_year: 2011
  price_year: 2023
  carbon_year: 2023
storage_values:
  CAES:
    cost: 53.425
    lifetime: 20.6107
    annual_cost: 2.59210021978875
    efficiency: 0.632995
    discharge_ratio: 0.1
    depth_of_discharge: 0.4
  Li-ion:
    cost: 250.999
    lifetime: 22.6193
    annual_cost: 11.096674079215537
    efficiency: 0.919925
    discharge_ratio: 2
    depth_of_discharge: 0.9
  Pb-acid:
    cost: 227.053
    lifetime: 15.5533
    annual_cost: 14.598381050966676
    efficiency: 0.680336
    discharge_ratio: 5
    depth_of_discharge: 0.5
  VRBF:
    cost: 271.716
    lifetime: 19.2574
    annual_cost: 14.109692897275853
    efficiency: 0.725676
    discharge_ratio: 0.5
    depth_of_discharge: 1.0
