cost_values:
  wind_capex: 5000.0
  wind_opex: 100
  wind_lifetime: 20
  solar_capex: 1000.0
  solar_opex: 10
  solar_lifetime: 20
  carbon_price: 1.0
timeseries_values:
  load_level: 281081.36903387646
  wind_year: 2017
  solar_year: 2011
  price_year: 2023
  carbon_year: 2023
storage_values:
  CAES:
    cost: 56.5556
    lifetime: 20.0567
    annual_cost: 2.819785906953786
    efficiency: 0.619033
    discharge_ratio: 0.1
    depth_of_discharge: 0.4
  Li-ion:
    cost: 269.332
    lifetime: 25.5296
    annual_cost: 10.549793181248434
    efficiency: 0.922196
    discharge_ratio: 2
    depth_of_discharge: 0.9
  Pb-acid:
    cost: 235.123
    lifetime: 16.143
    annual_cost: 14.565012699002663
    efficiency: 0.680013
    discharge_ratio: 5
    depth_of_discharge: 0.5
  VRBF:
    cost: 271.14
    lifetime: 19.2827
    annual_cost: 14.061308841604133
    efficiency: 0.723439
    discharge_ratio: 0.5
    depth_of_discharge: 1.0
