cost_values:
  wind_capex: 5000.0
  wind_opex: 100
  wind_lifetime: 20
  solar_capex: 1000.0
  solar_opex: 10
  solar_lifetime: 20
  carbon_price: 1.0
timeseries_values:
  load_level: 281081.36903387646
  wind_year: 2017
  solar_year: 2011
  price_year: 2023
  carbon_year: 2023
storage_values:
  CAES:
    cost: 61.7637
    lifetime: 21.4762
    annual_cost: 2.8759138022555204
    efficiency: 0.634059
    discharge_ratio: 0.1
    depth_of_discharge: 0.4
  Li-ion:
    cost: 280.47
    lifetime: 20.6487
    annual_cost: 13.582937424632059
    efficiency: 0.931406
    discharge_ratio: 2
    depth_of_discharge: 0.9
  Pb-acid:
    cost: 214.945
    lifetime: 16.1458
    annual_cost: 13.312750065032391
    efficiency: 0.686196
    discharge_ratio: 5
    depth_of_discharge: 0.5
  VRBF:
    cost: 276.285
    lifetime: 21.3966
    annual_cost: 12.912565547797316
    efficiency: 0.738017
    discharge_ratio: 0.5
    depth_of_discharge: 1.0
