cost_values:
  wind_capex: 5000.0
  wind_opex: 100
  wind_lifetime: 20
  solar_capex: 1000.0
  solar_opex: 10
  solar_lifetime: 20
  carbon_price: 1.0
timeseries_values:
  load_level: 281081.36903387646
  wind_year: 2017
  solar_year: 2011
  price_year: 2023
  carbon_year: 2023
storage_values:
  CAES:
    cost: 56.821
    lifetime: 21.0156
    annual_cost: 2.7037534022345304
    efficiency: 0.635858
    discharge_ratio: 0.1
    depth_of_discharge: 0.4
  Li-ion:
    cost: 278.486
    lifetime: 22.5856
    annual_cost: 12.330245820345707
    efficiency: 0.932129
    discharge_ratio: 2
    depth_of_discharge: 0.9
  Pb-acid:
    cost: 208.329
    lifetime: 16.7404
    annual_cost: 12.444684714821628
    efficiency: 0.690166
    discharge_ratio: 5
    depth_of_discharge: 0.5
  VRBF:
    cost: 280.607
    lifetime: 18.0978
    annual_cost: 15.505033761009628
    efficiency: 0.747531
    discharge_ratio: 0.5
    depth_of_discharge: 1.0
