cost_values:
  wind_capex: 5000.0
  wind_opex: 100
  wind_lifetime: 20
  solar_capex: 1000.0
  solar_opex: 10
  solar_lifetime: 20
  carbon_price: 1.0
timeseries_values:
  load_level: 281081.36903387646
  wind_year: 2017
  solar_year: 2011
  price_year: 2023
  carbon_year: 2023
storage_values:
  CAES:
    cost: 51.8715
    lifetime: 21.9855
    annual_cost: 2.3593504809988404
    efficiency: 0.630325
    discharge_ratio: 0.1
    depth_of_discharge: 0.4
  Li-ion:
    cost: 285.396
    lifetime: 23.1969
    annual_cost: 12.303195685630408
    efficiency: 0.920295
    discharge_ratio: 2
    depth_of_discharge: 0.9
  Pb-acid:
    cost: 212.223
    lifetime: 15.8809
    annual_cost: 13.363411393560819
    efficiency: 0.682812
    discharge_ratio: 5
    depth_of_discharge: 0.5
  VRBF:
    cost: 341.83
    lifetime: 18.0968
    annual_cost: 18.88897484638168
    efficiency: 0.744405
    discharge_ratio: 0.5
    depth_of_discharge: 1.0
