cost_values:
  wind_capex: 5000.0
  wind_opex: 100
  wind_lifetime: 20
  solar_capex: 1000.0
  solar_opex: 10
  solar_lifetime: 20
  carbon_price: 1.0
timeseries_values:
  load_level: 281081.36903387646
  wind_year: 2017
  solar_year: 2011
  price_year: 2023
  carbon_year: 2023
storage_values:
  CAES:
    cost: 53.5701
    lifetime: 20.517
    annual_cost: 2.611010381634742
    efficiency: 0.643466
    discharge_ratio: 0.1
    depth_of_discharge: 0.4
  Li-ion:
    cost: 260.392
    lifetime: 24.0498
    annual_cost: 10.827200226197306
    efficiency: 0.93897
    discharge_ratio: 2
    depth_of_discharge: 0.9
  Pb-acid:
    cost: 227.772
    lifetime: 17.4176
    annual_cost: 13.077117398493478
    efficiency: 0.688283
    discharge_ratio: 5
    depth_of_discharge: 0.5
  VRBF:
    cost: 285.19
    lifetime: 19.5841
    annual_cost: 14.562323517547398
    efficiency: 0.729112
    discharge_ratio: 0.5
    depth_of_discharge: 1.0
