cost_values:
  wind_capex: 5000.0
  wind_opex: 100
  wind_lifetime: 20
  solar_capex: 1000.0
  solar_opex: 10
  solar_lifetime: 20
  carbon_price: 1.0
timeseries_values:
  load_level: 281081.36903387646
  wind_year: 2017
  solar_year: 2011
  price_year: 2023
  carbon_year: 2023
storage_values:
  CAES:
    cost: 57.1997
    lifetime: 20.5579
    annual_cost: 2.7823707674422
    efficiency: 0.623632
    discharge_ratio: 0.1
    depth_of_discharge: 0.4
  Li-ion:
    cost: 262.463
    lifetime: 23.3045
    annual_cost: 11.262331309403764
    efficiency: 0.928943
    discharge_ratio: 2
    depth_of_discharge: 0.9
  Pb-acid:
    cost: 214.25
    lifetime: 16.0984
    annual_cost: 13.308776027431296
    efficiency: 0.694539
    discharge_ratio: 5
    depth_of_discharge: 0.5
  VRBF:
    cost: 293.776
    lifetime: 19.259
    annual_cost: 15.253959187912145
    efficiency: 0.751457
    discharge_ratio: 0.5
    depth_of_discharge: 1.0
