cost_values:
  wind_capex: 5000.0
  wind_opex: 100
  wind_lifetime: 20
  solar_capex: 1000.0
  solar_opex: 10
  solar_lifetime: 20
  carbon_price: 1.0
timeseries_values:
  load_level: 281081.36903387646
  wind_year: 2017
  solar_year: 2011
  price_year: 2023
  carbon_year: 2023
storage_values:
  CAES:
    cost: 54.7843
    lifetime: 21.1197
    annual_cost: 2.593990444940032
    efficiency: 0.634432
    discharge_ratio: 0.1
    depth_of_discharge: 0.4
  Li-ion:
    cost: 242.839
    lifetime: 23.6214
    annual_cost: 10.28046601810223
    efficiency: 0.934459
    discharge_ratio: 2
    depth_of_discharge: 0.9
  Pb-acid:
    cost: 214.194
    lifetime: 15.9768
    annual_cost: 13.4065645185519
    efficiency: 0.675525
    discharge_ratio: 5
    depth_of_discharge: 0.5
  VRBF:
    cost: 261.074
    lifetime: 20.4417
    annual_cost: 12.771638366672049
    efficiency: 0.72834
    discharge_ratio: 0.5
    depth_of_discharge: 1.0
