cost_values:
  wind_capex: 5000.0
  wind_opex: 100
  wind_lifetime: 20
  solar_capex: 1000.0
  solar_opex: 10
  solar_lifetime: 20
  carbon_price: 1.0
timeseries_values:
  load_level: 281081.36903387646
  wind_year: 2017
  solar_year: 2011
  price_year: 2023
  carbon_year: 2023
storage_values:
  CAES:
    cost: 57.2562
    lifetime: 20.4941
    annual_cost: 2.7937894320804526
    efficiency: 0.636657
    discharge_ratio: 0.1
    depth_of_discharge: 0.4
  Li-ion:
    cost: 262.721
    lifetime: 22.5965
    annual_cost: 11.626623592149228
    efficiency: 0.932672
    discharge_ratio: 2
    depth_of_discharge: 0.9
  Pb-acid:
    cost: 232.08
    lifetime: 16.2459
    annual_cost: 14.28545048289107
    efficiency: 0.694945
    discharge_ratio: 5
    depth_of_discharge: 0.5
  VRBF:
    cost: 257.632
    lifetime: 20.598
    annual_cost: 12.507622099232936
    efficiency: 0.751977
    discharge_ratio: 0.5
    depth_of_discharge: 1.0
