cost_values:
  wind_capex: 5000.0
  wind_opex: 100
  wind_lifetime: 20
  solar_capex: 1000.0
  solar_opex: 10
  solar_lifetime: 20
  carbon_price: 1.0
timeseries_values:
  load_level: 281081.36903387646
  wind_year: 2017
  solar_year: 2011
  price_year: 2023
  carbon_year: 2023
storage_values:
  CAES:
    cost: 58.4355
    lifetime: 21.1752
    annual_cost: 2.7596197438512977
    efficiency: 0.640517
    discharge_ratio: 0.1
    depth_of_discharge: 0.4
  Li-ion:
    cost: 264.125
    lifetime: 24.4194
    annual_cost: 10.816195320114335
    efficiency: 0.936257
    discharge_ratio: 2
    depth_of_discharge: 0.9
  Pb-acid:
    cost: 218.836
    lifetime: 15.0799
    annual_cost: 14.511767319411932
    efficiency: 0.6963
    discharge_ratio: 5
    depth_of_discharge: 0.5
  VRBF:
    cost: 283.033
    lifetime: 21.2025
    annual_cost: 13.349039028416462
    efficiency: 0.734479
    discharge_ratio: 0.5
    depth_of_discharge: 1.0
