cost_values:
  wind_capex: 5000.0
  wind_opex: 100
  wind_lifetime: 20
  solar_capex: 1000.0
  solar_opex: 10
  solar_lifetime: 20
  carbon_price: 1.0
timeseries_values:
  load_level: 281081.36903387646
  wind_year: 2017
  solar_year: 2011
  price_year: 2023
  carbon_year: 2023
storage_values:
  CAES:
    cost: 60.3065
    lifetime: 21.4981
    annual_cost: 2.8052013898902692
    efficiency: 0.623732
    discharge_ratio: 0.1
    depth_of_discharge: 0.4
  Li-ion:
    cost: 271.677
    lifetime: 22.9309
    annual_cost: 11.847637903440337
    efficiency: 0.928231
    discharge_ratio: 2
    depth_of_discharge: 0.9
  Pb-acid:
    cost: 230.818
    lifetime: 16.4476
    annual_cost: 14.033536807801745
    efficiency: 0.677684
    discharge_ratio: 5
    depth_of_discharge: 0.5
  VRBF:
    cost: 271.108
    lifetime: 18.6513
    annual_cost: 14.535608777940412
    efficiency: 0.753945
    discharge_ratio: 0.5
    depth_of_discharge: 1.0
