cost_values:
  wind_capex: 5000.0
  wind_opex: 100
  wind_lifetime: 20
  solar_capex: 1000.0
  solar_opex: 10
  solar_lifetime: 20
  carbon_price: 1.0
timeseries_values:
  load_level: 281081.36903387646
  wind_year: 2017
  solar_year: 2011
  price_year: 2023
  carbon_year: 2023
storage_values:
  CAES:
    cost: 60.1278
    lifetime: 20.6433
    annual_cost: 2.912702910871808
    efficiency: 0.629603
    discharge_ratio: 0.1
    depth_of_discharge: 0.4
  Li-ion:
    cost: 267.313
    lifetime: 23.1163
    annual_cost: 11.56383158204384
    efficiency: 0.923724
    discharge_ratio: 2
    depth_of_discharge: 0.9
  Pb-acid:
    cost: 229.872
    lifetime: 16.6564
    annual_cost: 13.80082130592445
    efficiency: 0.651707
    discharge_ratio: 5
    depth_of_discharge: 0.5
  VRBF:
    cost: 289.5
    lifetime: 21.1107
    annual_cost: 13.713424945643677
    efficiency: 0.757777
    discharge_ratio: 0.5
    depth_of_discharge: 1.0
