cost_values:
  wind_capex: 5000.0
  wind_opex: 100
  wind_lifetime: 20
  solar_capex: 1000.0
  solar_opex: 10
  solar_lifetime: 20
  carbon_price: 1.0
timeseries_values:
  load_level: 281081.36903387646
  wind_year: 2017
  solar_year: 2011
  price_year: 2023
  carbon_year: 2023
storage_values:
  CAES:
    cost: 60.6345
    lifetime: 20.782
    annual_cost: 2.917645077470888
    efficiency: 0.629004
    discharge_ratio: 0.1
    depth_of_discharge: 0.4
  Li-ion:
    cost: 258.702
    lifetime: 24.6435
    annual_cost: 10.497778318826466
    efficiency: 0.932497
    discharge_ratio: 2
    depth_of_discharge: 0.9
  Pb-acid:
    cost: 212.145
    lifetime: 15.2113
    annual_cost: 13.946539743480177
    efficiency: 0.680601
    discharge_ratio: 5
    depth_of_discharge: 0.5
  VRBF:
    cost: 292.462
    lifetime: 21.2335
    annual_cost: 13.77361245202157
    efficiency: 0.74303
    discharge_ratio: 0.5
    depth_of_discharge: 1.0
