cost_values:
  wind_capex: 5000.0
  wind_opex: 100
  wind_lifetime: 20
  solar_capex: 1000.0
  solar_opex: 10
  solar_lifetime: 20
  carbon_price: 1.0
timeseries_values:
  load_level: 281081.36903387646
  wind_year: 2017
  solar_year: 2011
  price_year: 2023
  carbon_year: 2023
storage_values:
  CAES:
    cost: 57.0834
    lifetime: 20.3894
    annual_cost: 2.799660607962961
    efficiency: 0.639862
    discharge_ratio: 0.1
    depth_of_discharge: 0.4
  Li-ion:
    cost: 285.142
    lifetime: 22.2974
    annual_cost: 12.78812776377515
    efficiency: 0.926405
    discharge_ratio: 2
    depth_of_discharge: 0.9
  Pb-acid:
    cost: 216.826
    lifetime: 17.1112
    annual_cost: 12.671583524241433
    efficiency: 0.680211
    discharge_ratio: 5
    depth_of_discharge: 0.5
  VRBF:
    cost: 261.175
    lifetime: 20.5909
    annual_cost: 12.684001184989485
    efficiency: 0.737276
    discharge_ratio: 0.5
    depth_of_discharge: 1.0
