cost_values:
  wind_capex: 5000.0
  wind_opex: 100
  wind_lifetime: 20
  solar_capex: 1000.0
  solar_opex: 10
  solar_lifetime: 20
  carbon_price: 1.0
timeseries_values:
  load_level: 281081.36903387646
  wind_year: 2017
  solar_year: 2011
  price_year: 2023
  carbon_year: 2023
storage_values:
  CAES:
    cost: 49.8779
    lifetime: 22.0551
    annual_cost: 2.2615132100965307
    efficiency: 0.625011
    discharge_ratio: 0.1
    depth_of_discharge: 0.4
  Li-ion:
    cost: 246.007
    lifetime: 21.7392
    annual_cost: 11.316285787885478
    efficiency: 0.919302
    discharge_ratio: 2
    depth_of_discharge: 0.9
  Pb-acid:
    cost: 219.79
    lifetime: 17.7109
    annual_cost: 12.409871886804172
    efficiency: 0.668014
    discharge_ratio: 5
    depth_of_discharge: 0.5
  VRBF:
    cost: 274.848
    lifetime: 18.7704
    annual_cost: 14.642628819844012
    efficiency: 0.744424
    discharge_ratio: 0.5
    depth_of_discharge: 1.0
