cost_values:
  wind_capex: 5000.0
  wind_opex: 100
  wind_lifetime: 20
  solar_capex: 1000.0
  solar_opex: 10
  solar_lifetime: 20
  carbon_price: 1.0
timeseries_values:
  load_level: 281081.36903387646
  wind_year: 2017
  solar_year: 2011
  price_year: 2023
  carbon_year: 2023
storage_values:
  CAES:
    cost: 53.9625
    lifetime: 20.7398
    annual_cost: 2.6018814067638067
    efficiency: 0.627865
    discharge_ratio: 0.1
    depth_of_discharge: 0.4
  Li-ion:
    cost: 259.123
    lifetime: 21.2014
    annual_cost: 12.221975907251407
    efficiency: 0.924525
    discharge_ratio: 2
    depth_of_discharge: 0.9
  Pb-acid:
    cost: 219.403
    lifetime: 15.479
    annual_cost: 14.174236061761096
    efficiency: 0.67987
    discharge_ratio: 5
    depth_of_discharge: 0.5
  VRBF:
    cost: 300.758
    lifetime: 21.0263
    annual_cost: 14.303895597418471
    efficiency: 0.753993
    discharge_ratio: 0.5
    depth_of_discharge: 1.0
