cost_values:
  wind_capex: 5000.0
  wind_opex: 100
  wind_lifetime: 20
  solar_capex: 1000.0
  solar_opex: 10
  solar_lifetime: 20
  carbon_price: 1.0
timeseries_values:
  load_level: 281081.36903387646
  wind_year: 2017
  solar_year: 2011
  price_year: 2023
  carbon_year: 2023
storage_values:
  CAES:
    cost: 52.3382
    lifetime: 21.639
    annual_cost: 2.4186977217061787
    efficiency: 0.626922
    discharge_ratio: 0.1
    depth_of_discharge: 0.4
  Li-ion:
    cost: 267.365
    lifetime: 19.4381
    annual_cost: 13.754687958185215
    efficiency: 0.938511
    discharge_ratio: 2
    depth_of_discharge: 0.9
  Pb-acid:
    cost: 214.511
    lifetime: 15.7498
    annual_cost: 13.619918983098197
    efficiency: 0.675031
    discharge_ratio: 5
    depth_of_discharge: 0.5
  VRBF:
    cost: 267.92
    lifetime: 18.4635
    annual_cost: 14.510791561729901
    efficiency: 0.728429
    discharge_ratio: 0.5
    depth_of_discharge: 1.0
