cost_values:
  wind_capex: 5000.0
  wind_opex: 100
  wind_lifetime: 20
  solar_capex: 1000.0
  solar_opex: 10
  solar_lifetime: 20
  carbon_price: 1.0
timeseries_values:
  load_level: 281081.36903387646
  wind_year: 2017
  solar_year: 2011
  price_year: 2023
  carbon_year: 2023
storage_values:
  CAES:
    cost: 60.187
    lifetime: 21.1392
    annual_cost: 2.8471749167423557
    efficiency: 0.622573
    discharge_ratio: 0.1
    depth_of_discharge: 0.4
  Li-ion:
    cost: 266.45
    lifetime: 21.8333
    annual_cost: 12.20383542570294
    efficiency: 0.915348
    discharge_ratio: 2
    depth_of_discharge: 0.9
  Pb-acid:
    cost: 216.993
    lifetime: 14.4335
    annual_cost: 15.033983441299753
    efficiency: 0.674851
    discharge_ratio: 5
    depth_of_discharge: 0.5
  VRBF:
    cost: 273.321
    lifetime: 19.6948
    annual_cost: 13.877825618945103
    efficiency: 0.749291
    discharge_ratio: 0.5
    depth_of_discharge: 1.0
