cost_values:
  wind_capex: 5000.0
  wind_opex: 100
  wind_lifetime: 20
  solar_capex: 1000.0
  solar_opex: 10
  solar_lifetime: 20
  carbon_price: 1.0
timeseries_values:
  load_level: 281081.36903387646
  wind_year: 2017
  solar_year: 2011
  price_year: 2023
  carbon_year: 2023
storage_values:
  CAES:
    cost: 66.4921
    lifetime: 20.9704
    annual_cost: 3.1707597375348104
    efficiency: 0.633215
    discharge_ratio: 0.1
    depth_of_discharge: 0.4
  Li-ion:
    cost: 275.936
    lifetime: 23.6691
    annual_cost: 11.65806895910702
    efficiency: 0.926108
    discharge_ratio: 2
    depth_of_discharge: 0.9
  Pb-acid:
    cost: 227.962
    lifetime: 15.0282
    annual_cost: 15.168949042466828
    efficiency: 0.69769
    discharge_ratio: 5
    depth_of_discharge: 0.5
  VRBF:
    cost: 259.944
    lifetime: 20.9501
    annual_cost: 12.407768936663787
    efficiency: 0.741761
    discharge_ratio: 0.5
    depth_of_discharge: 1.0
