cost_values:
  wind_capex: 5000.0
  wind_opex: 100
  wind_lifetime: 20
  solar_capex: 1000.0
  solar_opex: 10
  solar_lifetime: 20
  carbon_price: 1.0
timeseries_values:
  load_level: 281081.36903387646
  wind_year: 2017
  solar_year: 2011
  price_year: 2023
  carbon_year: 2023
storage_values:
  CAES:
    cost: 59.056
    lifetime: 20.3086
    annual_cost: 2.9079306303733397
    efficiency: 0.629363
    discharge_ratio: 0.1
    depth_of_discharge: 0.4
  Li-ion:
    cost: 262.917
    lifetime: 24.1596
    annual_cost: 10.882506332886305
    efficiency: 0.919001
    discharge_ratio: 2
    depth_of_discharge: 0.9
  Pb-acid:
    cost: 236.327
    lifetime: 14.6847
    annual_cost: 16.093416957785994
    efficiency: 0.677461
    discharge_ratio: 5
    depth_of_discharge: 0.5
  VRBF:
    cost: 308.883
    lifetime: 21.3782
    annual_cost: 14.448503615832951
    efficiency: 0.730346
    discharge_ratio: 0.5
    depth_of_discharge: 1.0
