cost_values:
  wind_capex: 5000.0
  wind_opex: 100
  wind_lifetime: 20
  solar_capex: 1000.0
  solar_opex: 10
  solar_lifetime: 20
  carbon_price: 1.0
timeseries_values:
  load_level: 281081.36903387646
  wind_year: 2017
  solar_year: 2011
  price_year: 2023
  carbon_year: 2023
storage_values:
  CAES:
    cost: 67.627
    lifetime: 20.5913
    annual_cost: 3.284251115762482
    efficiency: 0.638235
    discharge_ratio: 0.1
    depth_of_discharge: 0.4
  Li-ion:
    cost: 270.217
    lifetime: 24.9406
    annual_cost: 10.834422588069252
    efficiency: 0.934568
    discharge_ratio: 2
    depth_of_discharge: 0.9
  Pb-acid:
    cost: 218.983
    lifetime: 16.2783
    annual_cost: 13.452448965801096
    efficiency: 0.706321
    discharge_ratio: 5
    depth_of_discharge: 0.5
  VRBF:
    cost: 306.164
    lifetime: 20.9628
    annual_cost: 14.605110004388726
    efficiency: 0.740163
    discharge_ratio: 0.5
    depth_of_discharge: 1.0
