cost_values:
  wind_capex: 5000.0
  wind_opex: 100
  wind_lifetime: 20
  solar_capex: 1000.0
  solar_opex: 10
  solar_lifetime: 20
  carbon_price: 1.0
timeseries_values:
  load_level: 281081.36903387646
  wind_year: 2017
  solar_year: 2011
  price_year: 2023
  carbon_year: 2023
storage_values:
  CAES:
    cost: 60.7307
    lifetime: 20.8384
    annual_cost: 2.9143648264742015
    efficiency: 0.636142
    discharge_ratio: 0.1
    depth_of_discharge: 0.4
  Li-ion:
    cost: 273.992
    lifetime: 21.6025
    annual_cost: 12.683346834857078
    efficiency: 0.913769
    discharge_ratio: 2
    depth_of_discharge: 0.9
  Pb-acid:
    cost: 226.964
    lifetime: 15.8134
    annual_cost: 14.352637636434922
    efficiency: 0.688757
    discharge_ratio: 5
    depth_of_discharge: 0.5
  VRBF:
    cost: 268.481
    lifetime: 21.7182
    annual_cost: 12.362028160713134
    efficiency: 0.721862
    discharge_ratio: 0.5
    depth_of_discharge: 1.0
