cost_values:
  wind_capex: 5000.0
  wind_opex: 100
  wind_lifetime: 20
  solar_capex: 1000.0
  solar_opex: 10
  solar_lifetime: 20
  carbon_price: 1.0
timeseries_values:
  load_level: 281081.36903387646
  wind_year: 2017
  solar_year: 2011
  price_year: 2023
  carbon_year: 2023
storage_values:
  CAES:
    cost: 57.6949
    lifetime: 20.9413
    annual_cost: 2.755077287465439
    efficiency: 0.632748
    discharge_ratio: 0.1
    depth_of_discharge: 0.4
  Li-ion:
    cost: 255.393
    lifetime: 24.3282
    annual_cost: 10.497817347769256
    efficiency: 0.945799
    discharge_ratio: 2
    depth_of_discharge: 0.9
  Pb-acid:
    cost: 224.257
    lifetime: 13.9255
    annual_cost: 16.10405371440882
    efficiency: 0.688515
    discharge_ratio: 5
    depth_of_discharge: 0.5
  VRBF:
    cost: 288.644
    lifetime: 21.5304
    annual_cost: 13.406346375357634
    efficiency: 0.739288
    discharge_ratio: 0.5
    depth_of_discharge: 1.0
