cost_values:
  wind_capex: 5000.0
  wind_opex: 100
  wind_lifetime: 20
  solar_capex: 1000.0
  solar_opex: 10
  solar_lifetime: 20
  carbon_price: 1.0
timeseries_values:
  load_level: 281081.36903387646
  wind_year: 2017
  solar_year: 2011
  price_year: 2023
  carbon_year: 2023
storage_values:
  CAES:
    cost: 54.3889
    lifetime: 21.4024
    annual_cost: 2.541252382910328
    efficiency: 0.623962
    discharge_ratio: 0.1
    depth_of_discharge: 0.4
  Li-ion:
    cost: 256.07
    lifetime: 23.0196
    annual_cost: 11.123998679386261
    efficiency: 0.928276
    discharge_ratio: 2
    depth_of_discharge: 0.9
  Pb-acid:
    cost: 199.877
    lifetime: 15.8066
    annual_cost: 12.645160882163148
    efficiency: 0.674471
    discharge_ratio: 5
    depth_of_discharge: 0.5
  VRBF:
    cost: 278.192
    lifetime: 19.6193
    annual_cost: 14.179506914110087
    efficiency: 0.746159
    discharge_ratio: 0.5
    depth_of_discharge: 1.0
