cost_values:
  wind_capex: 5000.0
  wind_opex: 100
  wind_lifetime: 20
  solar_capex: 1000.0
  solar_opex: 10
  solar_lifetime: 20
  carbon_price: 1.0
timeseries_values:
  load_level: 281081.36903387646
  wind_year: 2017
  solar_year: 2011
  price_year: 2023
  carbon_year: 2023
storage_values:
  CAES:
    cost: 58.1235
    lifetime: 20.4656
    annual_cost: 2.8400584395277932
    efficiency: 0.628891
    discharge_ratio: 0.1
    depth_of_discharge: 0.4
  Li-ion:
    cost: 289.29
    lifetime: 21.4607
    annual_cost: 13.479989003154605
    efficiency: 0.922277
    discharge_ratio: 2
    depth_of_discharge: 0.9
  Pb-acid:
    cost: 219.918
    lifetime: 15.39
    annual_cost: 14.289668615984406
    efficiency: 0.690541
    discharge_ratio: 5
    depth_of_discharge: 0.5
  VRBF:
    cost: 254.232
    lifetime: 16.7619
    annual_cost: 15.167254308879064
    efficiency: 0.748665
    discharge_ratio: 0.5
    depth_of_discharge: 1.0
