cost_values:
  wind_capex: 5000.0
  wind_opex: 100
  wind_lifetime: 20
  solar_capex: 1000.0
  solar_opex: 10
  solar_lifetime: 20
  carbon_price: 1.0
timeseries_values:
  load_level: 281081.36903387646
  wind_year: 2017
  solar_year: 2011
  price_year: 2023
  carbon_year: 2023
storage_values:
  CAES:
    cost: 54.1712
    lifetime: 20.0338
    annual_cost: 2.7039902564665717
    efficiency: 0.628918
    discharge_ratio: 0.1
    depth_of_discharge: 0.4
  Li-ion:
    cost: 264.821
    lifetime: 22.3626
    annual_cost: 11.842138212909054
    efficiency: 0.928062
    discharge_ratio: 2
    depth_of_discharge: 0.9
  Pb-acid:
    cost: 206.243
    lifetime: 15.6864
    annual_cost: 13.147886066911465
    efficiency: 0.687422
    discharge_ratio: 5
    depth_of_discharge: 0.5
  VRBF:
    cost: 252.203
    lifetime: 20.1354
    annual_cost: 12.52535335776791
    efficiency: 0.764303
    discharge_ratio: 0.5
    depth_of_discharge: 1.0
