cost_values:
  wind_capex: 5000.0
  wind_opex: 100
  wind_lifetime: 20
  solar_capex: 1000.0
  solar_opex: 10
  solar_lifetime: 20
  carbon_price: 1.0
timeseries_values:
  load_level: 281081.36903387646
  wind_year: 2017
  solar_year: 2011
  price_year: 2023
  carbon_year: 2023
storage_values:
  CAES:
    cost: 55.586
    lifetime: 21.1592
    annual_cost: 2.6270369390147077
    efficiency: 0.633696
    discharge_ratio: 0.1
    depth_of_discharge: 0.4
  Li-ion:
    cost: 261.936
    lifetime: 22.0222
    annual_cost: 11.894179509767415
    efficiency: 0.919842
    discharge_ratio: 2
    depth_of_discharge: 0.9
  Pb-acid:
    cost: 215.825
    lifetime: 15.625
    annual_cost: 13.8128
    efficiency: 0.675397
    discharge_ratio: 5
    depth_of_discharge: 0.5
  VRBF:
    cost: 261.698
    lifetime: 18.2221
    annual_cost: 14.361571937372748
    efficiency: 0.739819
    discharge_ratio: 0.5
    depth_of_discharge: 1.0
