cost_values:
  wind_capex: 5000.0
  wind_opex: 100
  wind_lifetime: 20
  solar_capex: 1000.0
  solar_opex: 10
  solar_lifetime: 20
  carbon_price: 1.0
timeseries_values:
  load_level: 281081.36903387646
  wind_year: 2017
  solar_year: 2011
  price_year: 2023
  carbon_year: 2023
storage_values:
  CAES:
    cost: 57.4398
    lifetime: 21.3079
    annual_cost: 2.695704410101418
    efficiency: 0.629383
    discharge_ratio: 0.1
    depth_of_discharge: 0.4
  Li-ion:
    cost: 281.669
    lifetime: 23.6806
    annual_cost: 11.894504362220552
    efficiency: 0.920508
    discharge_ratio: 2
    depth_of_discharge: 0.9
  Pb-acid:
    cost: 232.542
    lifetime: 14.6877
    annual_cost: 15.832431217957884
    efficiency: 0.666555
    discharge_ratio: 5
    depth_of_discharge: 0.5
  VRBF:
    cost: 272.43
    lifetime: 20.7333
    annual_cost: 13.139731735903112
    efficiency: 0.755803
    discharge_ratio: 0.5
    depth_of_discharge: 1.0
