cost_values:
  wind_capex: 5000.0
  wind_opex: 100
  wind_lifetime: 20
  solar_capex: 1000.0
  solar_opex: 10
  solar_lifetime: 20
  carbon_price: 1.0
timeseries_values:
  load_level: 281081.36903387646
  wind_year: 2017
  solar_year: 2011
  price_year: 2023
  carbon_year: 2023
storage_values:
  CAES:
    cost: 59.9469
    lifetime: 20.5074
    annual_cost: 2.9231838263261065
    efficiency: 0.632722
    discharge_ratio: 0.1
    depth_of_discharge: 0.4
  Li-ion:
    cost: 253.33
    lifetime: 24.1562
    annual_cost: 10.487162715990099
    efficiency: 0.937711
    discharge_ratio: 2
    depth_of_discharge: 0.9
  Pb-acid:
    cost: 215.104
    lifetime: 15.0573
    annual_cost: 14.285695310580252
    efficiency: 0.674851
    discharge_ratio: 5
    depth_of_discharge: 0.5
  VRBF:
    cost: 288.814
    lifetime: 17.806
    annual_cost: 16.220038189374367
    efficiency: 0.778618
    discharge_ratio: 0.5
    depth_of_discharge: 1.0
