cost_values:
  wind_capex: 5000.0
  wind_opex: 100
  wind_lifetime: 20
  solar_capex: 1000.0
  solar_opex: 10
  solar_lifetime: 20
  carbon_price: 1.0
timeseries_values:
  load_level: 281081.36903387646
  wind_year: 2017
  solar_year: 2011
  price_year: 2023
  carbon_year: 2023
storage_values:
  CAES:
    cost: 58.8965
    lifetime: 21.2504
    annual_cost: 2.771547829687912
    efficiency: 0.622097
    discharge_ratio: 0.1
    depth_of_discharge: 0.4
  Li-ion:
    cost: 276.67
    lifetime: 23.4988
    annual_cost: 11.773792704308306
    efficiency: 0.936143
    discharge_ratio: 2
    depth_of_discharge: 0.9
  Pb-acid:
    cost: 233.2
    lifetime: 16.1452
    annual_cost: 14.443921413175433
    efficiency: 0.676964
    discharge_ratio: 5
    depth_of_discharge: 0.5
  VRBF:
    cost: 251.834
    lifetime: 19.2765
    annual_cost: 13.064301092003218
    efficiency: 0.748462
    discharge_ratio: 0.5
    depth_of_discharge: 1.0
