cost_values:
  wind_capex: 5000.0
  wind_opex: 100
  wind_lifetime: 20
  solar_capex: 1000.0
  solar_opex: 10
  solar_lifetime: 20
  carbon_price: 1.0
timeseries_values:
  load_level: 281081.36903387646
  wind_year: 2017
  solar_year: 2011
  price_year: 2023
  carbon_year: 2023
storage_values:
  CAES:
    cost: 60.076
    lifetime: 20.188
    annual_cost: 2.9758272240935213
    efficiency: 0.625746
    discharge_ratio: 0.1
    depth_of_discharge: 0.4
  Li-ion:
    cost: 279.549
    lifetime: 22.3541
    annual_cost: 12.505491162694986
    efficiency: 0.928805
    discharge_ratio: 2
    depth_of_discharge: 0.9
  Pb-acid:
    cost: 210.618
    lifetime: 14.9614
    annual_cost: 14.077425909340036
    efficiency: 0.688339
    discharge_ratio: 5
    depth_of_discharge: 0.5
  VRBF:
    cost: 280.3
    lifetime: 19.7621
    annual_cost: 14.183715293415174
    efficiency: 0.741086
    discharge_ratio: 0.5
    depth_of_discharge: 1.0
