cost_values:
  wind_capex: 5000.0
  wind_opex: 100
  wind_lifetime: 20
  solar_capex: 1000.0
  solar_opex: 10
  solar_lifetime: 20
  carbon_price: 1.0
timeseries_values:
  load_level: 281081.36903387646
  wind_year: 2017
  solar_year: 2011
  price_year: 2023
  carbon_year: 2023
storage_values:
  CAES:
    cost: 58.8225
    lifetime: 20.1226
    annual_cost: 2.923205748760101
    efficiency: 0.625925
    discharge_ratio: 0.1
    depth_of_discharge: 0.4
  Li-ion:
    cost: 259.089
    lifetime: 23.3003
    annual_cost: 11.119556400561367
    efficiency: 0.928939
    discharge_ratio: 2
    depth_of_discharge: 0.9
  Pb-acid:
    cost: 219.766
    lifetime: 15.2836
    annual_cost: 14.379203852495484
    efficiency: 0.681691
    discharge_ratio: 5
    depth_of_discharge: 0.5
  VRBF:
    cost: 291.181
    lifetime: 20.8262
    annual_cost: 13.98147525712804
    efficiency: 0.740402
    discharge_ratio: 0.5
    depth_of_discharge: 1.0
