cost_values:
  wind_capex: 5000.0
  wind_opex: 100
  wind_lifetime: 20
  solar_capex: 1000.0
  solar_opex: 10
  solar_lifetime: 20
  carbon_price: 1.0
timeseries_values:
  load_level: 281081.36903387646
  wind_year: 2017
  solar_year: 2011
  price_year: 2023
  carbon_year: 2023
storage_values:
  CAES:
    cost: 56.9526
    lifetime: 21.8448
    annual_cost: 2.607146780927269
    efficiency: 0.627227
    discharge_ratio: 0.1
    depth_of_discharge: 0.4
  Li-ion:
    cost: 259.558
    lifetime: 24.9845
    annual_cost: 10.38876103183974
    efficiency: 0.937917
    discharge_ratio: 2
    depth_of_discharge: 0.9
  Pb-acid:
    cost: 225.07
    lifetime: 19.2276
    annual_cost: 11.70556907778402
    efficiency: 0.690515
    discharge_ratio: 5
    depth_of_discharge: 0.5
  VRBF:
    cost: 278.89
    lifetime: 20.3054
    annual_cost: 13.734770061165996
    efficiency: 0.752861
    discharge_ratio: 0.5
    depth_of_discharge: 1.0
