cost_values:
  wind_capex: 5000.0
  wind_opex: 100
  wind_lifetime: 20
  solar_capex: 1000.0
  solar_opex: 10
  solar_lifetime: 20
  carbon_price: 1.0
timeseries_values:
  load_level: 281081.36903387646
  wind_year: 2017
  solar_year: 2011
  price_year: 2023
  carbon_year: 2023
storage_values:
  CAES:
    cost: 57.4566
    lifetime: 21.1756
    annual_cost: 2.713339881750694
    efficiency: 0.640267
    discharge_ratio: 0.1
    depth_of_discharge: 0.4
  Li-ion:
    cost: 270.317
    lifetime: 24.4604
    annual_cost: 11.05120930156498
    efficiency: 0.907726
    discharge_ratio: 2
    depth_of_discharge: 0.9
  Pb-acid:
    cost: 216.733
    lifetime: 17.0579
    annual_cost: 12.705725792741193
    efficiency: 0.67606
    discharge_ratio: 5
    depth_of_discharge: 0.5
  VRBF:
    cost: 260.274
    lifetime: 20.1175
    annual_cost: 12.937691064993166
    efficiency: 0.737233
    discharge_ratio: 0.5
    depth_of_discharge: 1.0
