cost_values:
  wind_capex: 5000.0
  wind_opex: 100
  wind_lifetime: 20
  solar_capex: 1000.0
  solar_opex: 10
  solar_lifetime: 20
  carbon_price: 1.0
timeseries_values:
  load_level: 281081.36903387646
  wind_year: 2017
  solar_year: 2011
  price_year: 2023
  carbon_year: 2023
storage_values:
  CAES:
    cost: 61.7588
    lifetime: 20.9705
    annual_cost: 2.9450323072888103
    efficiency: 0.64135
    discharge_ratio: 0.1
    depth_of_discharge: 0.4
  Li-ion:
    cost: 254.71
    lifetime: 21.7409
    annual_cost: 11.715706341503802
    efficiency: 0.925854
    discharge_ratio: 2
    depth_of_discharge: 0.9
  Pb-acid:
    cost: 236.923
    lifetime: 17.7913
    annual_cost: 13.316789666859645
    efficiency: 0.683263
    discharge_ratio: 5
    depth_of_discharge: 0.5
  VRBF:
    cost: 271.239
    lifetime: 17.9565
    annual_cost: 15.105337899924818
    efficiency: 0.74851
    discharge_ratio: 0.5
    depth_of_discharge: 1.0
