cost_values:
  wind_capex: 5000.0
  wind_opex: 100
  wind_lifetime: 20
  solar_capex: 1000.0
  solar_opex: 10
  solar_lifetime: 20
  carbon_price: 1.0
timeseries_values:
  load_level: 281081.36903387646
  wind_year: 2017
  solar_year: 2011
  price_year: 2023
  carbon_year: 2023
storage_values:
  CAES:
    cost: 61.4194
    lifetime: 20.1829
    annual_cost: 3.043140480307587
    efficiency: 0.625932
    discharge_ratio: 0.1
    depth_of_discharge: 0.4
  Li-ion:
    cost: 286.453
    lifetime: 22.5491
    annual_cost: 12.703522535267481
    efficiency: 0.933096
    discharge_ratio: 2
    depth_of_discharge: 0.9
  Pb-acid:
    cost: 223.705
    lifetime: 15.5992
    annual_cost: 14.340799528180934
    efficiency: 0.674851
    discharge_ratio: 5
    depth_of_discharge: 0.5
  VRBF:
    cost: 231.7
    lifetime: 18.993
    annual_cost: 12.199231295740537
    efficiency: 0.726232
    discharge_ratio: 0.5
    depth_of_discharge: 1.0
