cost_values:
  wind_capex: 5000.0
  wind_opex: 100
  wind_lifetime: 20
  solar_capex: 1000.0
  solar_opex: 10
  solar_lifetime: 20
  carbon_price: 1.0
timeseries_values:
  load_level: 222050.78499184464
  wind_year: 2017
  solar_year: 2016
  price_year: 2023
  carbon_year: 2023
storage_values:
  CAES:
    cost: 64.3431
    lifetime: 24.2581
    annual_cost: 2.6524377424447922
    efficiency: 0.553413
    discharge_ratio: 0.1
    depth_of_discharge: 0.4
  Li-ion:
    cost: 193.668
    lifetime: 22.7971
    annual_cost: 8.495291067723526
    efficiency: 0.926898
    discharge_ratio: 2
    depth_of_discharge: 0.9
  Pb-acid:
    cost: 135.238
    lifetime: 8.22702
    annual_cost: 16.438272910482777
    efficiency: 0.745854
    discharge_ratio: 5
    depth_of_discharge: 0.5
  VRBF:
    cost: 339.144
    lifetime: 21.9998
    annual_cost: 15.415776507059155
    efficiency: 0.732739
    discharge_ratio: 0.5
    depth_of_discharge: 1.0
