cost_values:
  wind_capex: 5000.0
  wind_opex: 100
  wind_lifetime: 20
  solar_capex: 1000.0
  solar_opex: 10
  solar_lifetime: 20
  carbon_price: 1.0
timeseries_values:
  load_level: 222050.78499184464
  wind_year: 2017
  solar_year: 2016
  price_year: 2023
  carbon_year: 2023
storage_values:
  CAES:
    cost: 61.4058
    lifetime: 23.6797
    annual_cost: 2.5931831906654224
    efficiency: 0.551526
    discharge_ratio: 0.1
    depth_of_discharge: 0.4
  Li-ion:
    cost: 187.856
    lifetime: 23.4422
    annual_cost: 8.013582342954159
    efficiency: 0.915717
    discharge_ratio: 2
    depth_of_discharge: 0.9
  Pb-acid:
    cost: 141.524
    lifetime: 10.1351
    annual_cost: 13.963749740999102
    efficiency: 0.760121
    discharge_ratio: 5
    depth_of_discharge: 0.5
  VRBF:
    cost: 399.671
    lifetime: 22.1481
    annual_cost: 18.04538538294481
    efficiency: 0.712859
    discharge_ratio: 0.5
    depth_of_discharge: 1.0
