cost_values:
  wind_capex: 5000.0
  wind_opex: 100
  wind_lifetime: 20
  solar_capex: 1000.0
  solar_opex: 10
  solar_lifetime: 20
  carbon_price: 1.0
timeseries_values:
  load_level: 222050.78499184464
  wind_year: 2017
  solar_year: 2016
  price_year: 2023
  carbon_year: 2023
storage_values:
  CAES:
    cost: 64.6951
    lifetime: 23.7142
    annual_cost: 2.7281164871680255
    efficiency: 0.555704
    discharge_ratio: 0.1
    depth_of_discharge: 0.4
  Li-ion:
    cost: 195.212
    lifetime: 22.3932
    annual_cost: 8.717467802725826
    efficiency: 0.91294
    discharge_ratio: 2
    depth_of_discharge: 0.9
  Pb-acid:
    cost: 154.995
    lifetime: 9.04762
    annual_cost: 17.131024512523737
    efficiency: 0.753911
    discharge_ratio: 5
    depth_of_discharge: 0.5
  VRBF:
    cost: 398.023
    lifetime: 24.7064
    annual_cost: 16.110117216591654
    efficiency: 0.70106
    discharge_ratio: 0.5
    depth_of_discharge: 1.0
