cost_values:
  wind_capex: 5000.0
  wind_opex: 100
  wind_lifetime: 20
  solar_capex: 1000.0
  solar_opex: 10
  solar_lifetime: 20
  carbon_price: 1.0
timeseries_values:
  load_level: 222050.78499184464
  wind_year: 2017
  solar_year: 2016
  price_year: 2023
  carbon_year: 2023
storage_values:
  CAES:
    cost: 65.4815
    lifetime: 24.3601
    annual_cost: 2.688063677899516
    efficiency: 0.552665
    discharge_ratio: 0.1
    depth_of_discharge: 0.4
  Li-ion:
    cost: 186.282
    lifetime: 19.8133
    annual_cost: 9.401866423059259
    efficiency: 0.920337
    discharge_ratio: 2
    depth_of_discharge: 0.9
  Pb-acid:
    cost: 134.352
    lifetime: 8.6979
    annual_cost: 15.446487083089021
    efficiency: 0.73842
    discharge_ratio: 5
    depth_of_discharge: 0.5
  VRBF:
    cost: 386.323
    lifetime: 26.0852
    annual_cost: 14.810045543066565
    efficiency: 0.717413
    discharge_ratio: 0.5
    depth_of_discharge: 1.0
