cost_values:
  wind_capex: 5000.0
  wind_opex: 100
  wind_lifetime: 20
  solar_capex: 1000.0
  solar_opex: 10
  solar_lifetime: 20
  carbon_price: 1.0
timeseries_values:
  load_level: 222050.78499184464
  wind_year: 2017
  solar_year: 2016
  price_year: 2023
  carbon_year: 2023
storage_values:
  CAES:
    cost: 62.5193
    lifetime: 24.688
    annual_cost: 2.532376053143228
    efficiency: 0.55572
    discharge_ratio: 0.1
    depth_of_discharge: 0.4
  Li-ion:
    cost: 178.873
    lifetime: 20.8736
    annual_cost: 8.569341177372374
    efficiency: 0.91951
    discharge_ratio: 2
    depth_of_discharge: 0.9
  Pb-acid:
    cost: 147.652
    lifetime: 7.61676
    annual_cost: 19.385145389903315
    efficiency: 0.730214
    discharge_ratio: 5
    depth_of_discharge: 0.5
  VRBF:
    cost: 398.669
    lifetime: 23.2559
    annual_cost: 17.142703571996783
    efficiency: 0.703615
    discharge_ratio: 0.5
    depth_of_discharge: 1.0
