cost_values:
  wind_capex: 5000.0
  wind_opex: 100
  wind_lifetime: 20
  solar_capex: 1000.0
  solar_opex: 10
  solar_lifetime: 20
  carbon_price: 1.0
timeseries_values:
  load_level: 222050.78499184464
  wind_year: 2017
  solar_year: 2016
  price_year: 2023
  carbon_year: 2023
storage_values:
  CAES:
    cost: 63.2422
    lifetime: 24.8502
    annual_cost: 2.5449372640864056
    efficiency: 0.552522
    discharge_ratio: 0.1
    depth_of_discharge: 0.4
  Li-ion:
    cost: 187.537
    lifetime: 18.5192
    annual_cost: 10.12662534018748
    efficiency: 0.919698
    discharge_ratio: 2
    depth_of_discharge: 0.9
  Pb-acid:
    cost: 140.557
    lifetime: 7.76646
    annual_cost: 18.097949387494427
    efficiency: 0.746199
    discharge_ratio: 5
    depth_of_discharge: 0.5
  VRBF:
    cost: 372.897
    lifetime: 22.1888
    annual_cost: 16.805640683588116
    efficiency: 0.711185
    discharge_ratio: 0.5
    depth_of_discharge: 1.0
