cost_values:
  wind_capex: 5000.0
  wind_opex: 100
  wind_lifetime: 20
  solar_capex: 1000.0
  solar_opex: 10
  solar_lifetime: 20
  carbon_price: 1.0
timeseries_values:
  load_level: 222050.78499184464
  wind_year: 2017
  solar_year: 2016
  price_year: 2023
  carbon_year: 2023
storage_values:
  CAES:
    cost: 60.3784
    lifetime: 24.3788
    annual_cost: 2.4766764565934336
    efficiency: 0.553901
    discharge_ratio: 0.1
    depth_of_discharge: 0.4
  Li-ion:
    cost: 173.627
    lifetime: 18.181
    annual_cost: 9.549914746163578
    efficiency: 0.925183
    discharge_ratio: 2
    depth_of_discharge: 0.9
  Pb-acid:
    cost: 125.165
    lifetime: 9.28259
    annual_cost: 13.483844487368287
    efficiency: 0.738412
    discharge_ratio: 5
    depth_of_discharge: 0.5
  VRBF:
    cost: 371.985
    lifetime: 21.9329
    annual_cost: 16.960137510315555
    efficiency: 0.708929
    discharge_ratio: 0.5
    depth_of_discharge: 1.0
