cost_values:
  wind_capex: 5000.0
  wind_opex: 100
  wind_lifetime: 20
  solar_capex: 1000.0
  solar_opex: 10
  solar_lifetime: 20
  carbon_price: 1.0
timeseries_values:
  load_level: 222050.78499184464
  wind_year: 2017
  solar_year: 2016
  price_year: 2023
  carbon_year: 2023
storage_values:
  CAES:
    cost: 64.4424
    lifetime: 24.3564
    annual_cost: 2.645809725575208
    efficiency: 0.552753
    discharge_ratio: 0.1
    depth_of_discharge: 0.4
  Li-ion:
    cost: 159.635
    lifetime: 20.7899
    annual_cost: 7.6784881120159305
    efficiency: 0.919642
    discharge_ratio: 2
    depth_of_discharge: 0.9
  Pb-acid:
    cost: 130.35
    lifetime: 7.28704
    annual_cost: 17.88792157034955
    efficiency: 0.748688
    discharge_ratio: 5
    depth_of_discharge: 0.5
  VRBF:
    cost: 388.122
    lifetime: 24.1967
    annual_cost: 16.040286485347178
    efficiency: 0.703133
    discharge_ratio: 0.5
    depth_of_discharge: 1.0
