cost_values:
  wind_capex: 5000.0
  wind_opex: 100
  wind_lifetime: 20
  solar_capex: 1000.0
  solar_opex: 10
  solar_lifetime: 20
  carbon_price: 1.0
timeseries_values:
  load_level: 222050.78499184464
  wind_year: 2017
  solar_year: 2016
  price_year: 2023
  carbon_year: 2023
storage_values:
  CAES:
    cost: 59.5336
    lifetime: 24.844
    annual_cost: 2.3962968926098855
    efficiency: 0.554875
    discharge_ratio: 0.1
    depth_of_discharge: 0.4
  Li-ion:
    cost: 184.486
    lifetime: 19.4005
    annual_cost: 9.50934254271797
    efficiency: 0.921581
    discharge_ratio: 2
    depth_of_discharge: 0.9
  Pb-acid:
    cost: 121.608
    lifetime: 8.11359
    annual_cost: 14.98818648711606
    efficiency: 0.746427
    discharge_ratio: 5
    depth_of_discharge: 0.5
  VRBF:
    cost: 382.421
    lifetime: 23.6874
    annual_cost: 16.14449031974805
    efficiency: 0.698762
    discharge_ratio: 0.5
    depth_of_discharge: 1.0
