cost_values:
  wind_capex: 5000.0
  wind_opex: 100
  wind_lifetime: 20
  solar_capex: 1000.0
  solar_opex: 10
  solar_lifetime: 20
  carbon_price: 1.0
timeseries_values:
  load_level: 222050.78499184464
  wind_year: 2017
  solar_year: 2016
  price_year: 2023
  carbon_year: 2023
storage_values:
  CAES:
    cost: 62.7898
    lifetime: 23.6046
    annual_cost: 2.6600662582716925
    efficiency: 0.551497
    discharge_ratio: 0.1
    depth_of_discharge: 0.4
  Li-ion:
    cost: 164.412
    lifetime: 21.2614
    annual_cost: 7.732886827772396
    efficiency: 0.923671
    discharge_ratio: 2
    depth_of_discharge: 0.9
  Pb-acid:
    cost: 137.614
    lifetime: 7.56347
    annual_cost: 18.19455884666694
    efficiency: 0.747015
    discharge_ratio: 5
    depth_of_discharge: 0.5
  VRBF:
    cost: 371.696
    lifetime: 21.6238
    annual_cost: 17.189208187275135
    efficiency: 0.705334
    discharge_ratio: 0.5
    depth_of_discharge: 1.0
