cost_values:
  wind_capex: 5000.0
  wind_opex: 100
  wind_lifetime: 20
  solar_capex: 1000.0
  solar_opex: 10
  solar_lifetime: 20
  carbon_price: 1.0
timeseries_values:
  load_level: 222050.78499184464
  wind_year: 2017
  solar_year: 2016
  price_year: 2023
  carbon_year: 2023
storage_values:
  CAES:
    cost: 65.1828
    lifetime: 25.5647
    annual_cost: 2.5497189483936835
    efficiency: 0.553655
    discharge_ratio: 0.1
    depth_of_discharge: 0.4
  Li-ion:
    cost: 172.053
    lifetime: 18.6192
    annual_cost: 9.240622583139984
    efficiency: 0.907986
    discharge_ratio: 2
    depth_of_discharge: 0.9
  Pb-acid:
    cost: 131.231
    lifetime: 8.52736
    annual_cost: 15.389405396277393
    efficiency: 0.744867
    discharge_ratio: 5
    depth_of_discharge: 0.5
  VRBF:
    cost: 352.502
    lifetime: 21.8625
    annual_cost: 16.123590623213264
    efficiency: 0.696244
    discharge_ratio: 0.5
    depth_of_discharge: 1.0
