cost_values:
  wind_capex: 5000.0
  wind_opex: 100
  wind_lifetime: 20
  solar_capex: 1000.0
  solar_opex: 10
  solar_lifetime: 20
  carbon_price: 1.0
timeseries_values:
  load_level: 222050.78499184464
  wind_year: 2017
  solar_year: 2016
  price_year: 2023
  carbon_year: 2023
storage_values:
  CAES:
    cost: 61.0647
    lifetime: 24.0465
    annual_cost: 2.539442330484686
    efficiency: 0.562894
    discharge_ratio: 0.1
    depth_of_discharge: 0.4
  Li-ion:
    cost: 180.653
    lifetime: 18.9541
    annual_cost: 9.531077708780685
    efficiency: 0.922509
    discharge_ratio: 2
    depth_of_discharge: 0.9
  Pb-acid:
    cost: 133.447
    lifetime: 7.58795
    annual_cost: 17.586699965076207
    efficiency: 0.735514
    discharge_ratio: 5
    depth_of_discharge: 0.5
  VRBF:
    cost: 385.575
    lifetime: 22.8989
    annual_cost: 16.838145063736686
    efficiency: 0.691068
    discharge_ratio: 0.5
    depth_of_discharge: 1.0
