cost_values:
  wind_capex: 5000.0
  wind_opex: 100
  wind_lifetime: 20
  solar_capex: 1000.0
  solar_opex: 10
  solar_lifetime: 20
  carbon_price: 1.0
timeseries_values:
  load_level: 222050.78499184464
  wind_year: 2017
  solar_year: 2016
  price_year: 2023
  carbon_year: 2023
storage_values:
  CAES:
    cost: 57.8879
    lifetime: 24.2222
    annual_cost: 2.3898696237336
    efficiency: 0.559164
    discharge_ratio: 0.1
    depth_of_discharge: 0.4
  Li-ion:
    cost: 173.807
    lifetime: 20.2266
    annual_cost: 8.59299140735467
    efficiency: 0.917689
    discharge_ratio: 2
    depth_of_discharge: 0.9
  Pb-acid:
    cost: 140.998
    lifetime: 8.69627
    annual_cost: 16.213618022439505
    efficiency: 0.746312
    discharge_ratio: 5
    depth_of_discharge: 0.5
  VRBF:
    cost: 395.338
    lifetime: 21.7271
    annual_cost: 18.19561745469943
    efficiency: 0.713898
    discharge_ratio: 0.5
    depth_of_discharge: 1.0
