cost_values:
  wind_capex: 5000.0
  wind_opex: 100
  wind_lifetime: 20
  solar_capex: 1000.0
  solar_opex: 10
  solar_lifetime: 20
  carbon_price: 1.0
timeseries_values:
  load_level: 222050.78499184464
  wind_year: 2017
  solar_year: 2016
  price_year: 2023
  carbon_year: 2023
storage_values:
  CAES:
    cost: 62.0442
    lifetime: 24.1512
    annual_cost: 2.568990360727417
    efficiency: 0.554955
    discharge_ratio: 0.1
    depth_of_discharge: 0.4
  Li-ion:
    cost: 191.247
    lifetime: 20.1068
    annual_cost: 9.511558278791256
    efficiency: 0.921316
    discharge_ratio: 2
    depth_of_discharge: 0.9
  Pb-acid:
    cost: 133.023
    lifetime: 8.01332
    annual_cost: 16.600235607713156
    efficiency: 0.74829
    discharge_ratio: 5
    depth_of_discharge: 0.5
  VRBF:
    cost: 392.176
    lifetime: 21.6993
    annual_cost: 18.07320973487624
    efficiency: 0.717996
    discharge_ratio: 0.5
    depth_of_discharge: 1.0
