cost_values:
  wind_capex: 5000.0
  wind_opex: 100
  wind_lifetime: 20
  solar_capex: 1000.0
  solar_opex: 10
  solar_lifetime: 20
  carbon_price: 1.0
timeseries_values:
  load_level: 222050.78499184464
  wind_year: 2017
  solar_year: 2016
  price_year: 2023
  carbon_year: 2023
storage_values:
  CAES:
    cost: 66.8422
    lifetime: 24.0298
    annual_cost: 2.7816377997319996
    efficiency: 0.557975
    discharge_ratio: 0.1
    depth_of_discharge: 0.4
  Li-ion:
    cost: 195.947
    lifetime: 19.4076
    annual_cost: 10.096405531853502
    efficiency: 0.922224
    discharge_ratio: 2
    depth_of_discharge: 0.9
  Pb-acid:
    cost: 131.47
    lifetime: 7.0946
    annual_cost: 18.53099540495588
    efficiency: 0.753068
    discharge_ratio: 5
    depth_of_discharge: 0.5
  VRBF:
    cost: 390.044
    lifetime: 22.666
    annual_cost: 17.20832965675461
    efficiency: 0.689965
    discharge_ratio: 0.5
    depth_of_discharge: 1.0
