cost_values:
  wind_capex: 5000.0
  wind_opex: 100
  wind_lifetime: 20
  solar_capex: 1000.0
  solar_opex: 10
  solar_lifetime: 20
  carbon_price: 1.0
timeseries_values:
  load_level: 222050.78499184464
  wind_year: 2017
  solar_year: 2016
  price_year: 2023
  carbon_year: 2023
storage_values:
  CAES:
    cost: 71.0798
    lifetime: 24.5225
    annual_cost: 2.898554388826588
    efficiency: 0.557285
    discharge_ratio: 0.1
    depth_of_discharge: 0.4
  Li-ion:
    cost: 202.615
    lifetime: 18.6672
    annual_cost: 10.854064883860461
    efficiency: 0.920867
    discharge_ratio: 2
    depth_of_discharge: 0.9
  Pb-acid:
    cost: 125.866
    lifetime: 8.71929
    annual_cost: 14.435349667232078
    efficiency: 0.738181
    discharge_ratio: 5
    depth_of_discharge: 0.5
  VRBF:
    cost: 394.86
    lifetime: 25.5456
    annual_cost: 15.45706501315295
    efficiency: 0.700881
    discharge_ratio: 0.5
    depth_of_discharge: 1.0
