cost_values:
  wind_capex: 5000.0
  wind_opex: 100
  wind_lifetime: 20
  solar_capex: 1000.0
  solar_opex: 10
  solar_lifetime: 20
  carbon_price: 1.0
timeseries_values:
  load_level: 222050.78499184464
  wind_year: 2017
  solar_year: 2016
  price_year: 2023
  carbon_year: 2023
storage_values:
  CAES:
    cost: 55.1006
    lifetime: 23.9959
    annual_cost: 2.2962506094791193
    efficiency: 0.552606
    discharge_ratio: 0.1
    depth_of_discharge: 0.4
  Li-ion:
    cost: 163.717
    lifetime: 21.6297
    annual_cost: 7.569083251270245
    efficiency: 0.927003
    discharge_ratio: 2
    depth_of_discharge: 0.9
  Pb-acid:
    cost: 143.167
    lifetime: 7.04522
    annual_cost: 20.32115391712395
    efficiency: 0.739611
    discharge_ratio: 5
    depth_of_discharge: 0.5
  VRBF:
    cost: 389.007
    lifetime: 22.478
    annual_cost: 17.30612154106237
    efficiency: 0.681533
    discharge_ratio: 0.5
    depth_of_discharge: 1.0
