cost_values:
  wind_capex: 5000.0
  wind_opex: 100
  wind_lifetime: 20
  solar_capex: 1000.0
  solar_opex: 10
  solar_lifetime: 20
  carbon_price: 1.0
timeseries_values:
  load_level: 222050.78499184464
  wind_year: 2017
  solar_year: 2016
  price_year: 2023
  carbon_year: 2023
storage_values:
  CAES:
    cost: 61.2057
    lifetime: 25.0701
    annual_cost: 2.4413823638517598
    efficiency: 0.551087
    discharge_ratio: 0.1
    depth_of_discharge: 0.4
  Li-ion:
    cost: 190.079
    lifetime: 20.8231
    annual_cost: 9.128275809077419
    efficiency: 0.935261
    discharge_ratio: 2
    depth_of_discharge: 0.9
  Pb-acid:
    cost: 138.199
    lifetime: 8.03903
    annual_cost: 17.19100438734524
    efficiency: 0.74534
    discharge_ratio: 5
    depth_of_discharge: 0.5
  VRBF:
    cost: 368.791
    lifetime: 22.0627
    annual_cost: 16.71558784736229
    efficiency: 0.695039
    discharge_ratio: 0.5
    depth_of_discharge: 1.0
