cost_values:
  wind_capex: 5000.0
  wind_opex: 100
  wind_lifetime: 20
  solar_capex: 1000.0
  solar_opex: 10
  solar_lifetime: 20
  carbon_price: 1.0
timeseries_values:
  load_level: 222050.78499184464
  wind_year: 2017
  solar_year: 2016
  price_year: 2023
  carbon_year: 2023
storage_values:
  CAES:
    cost: 58.7476
    lifetime: 24.9795
    annual_cost: 2.3518325026521745
    efficiency: 0.557303
    discharge_ratio: 0.1
    depth_of_discharge: 0.4
  Li-ion:
    cost: 167.86
    lifetime: 19.8137
    annual_cost: 8.471915896576611
    efficiency: 0.927241
    discharge_ratio: 2
    depth_of_discharge: 0.9
  Pb-acid:
    cost: 131.585
    lifetime: 7.44328
    annual_cost: 17.678362227405124
    efficiency: 0.755295
    discharge_ratio: 5
    depth_of_discharge: 0.5
  VRBF:
    cost: 397.619
    lifetime: 22.3366
    annual_cost: 17.801232058594415
    efficiency: 0.702995
    discharge_ratio: 0.5
    depth_of_discharge: 1.0
