cost_values:
  wind_capex: 5000.0
  wind_opex: 100
  wind_lifetime: 20
  solar_capex: 1000.0
  solar_opex: 10
  solar_lifetime: 20
  carbon_price: 1.0
timeseries_values:
  load_level: 222050.78499184464
  wind_year: 2017
  solar_year: 2016
  price_year: 2023
  carbon_year: 2023
storage_values:
  CAES:
    cost: 60.226
    lifetime: 25.1613
    annual_cost: 2.3935965152833916
    efficiency: 0.555462
    discharge_ratio: 0.1
    depth_of_discharge: 0.4
  Li-ion:
    cost: 199.244
    lifetime: 20.2093
    annual_cost: 9.859025300233062
    efficiency: 0.927758
    discharge_ratio: 2
    depth_of_discharge: 0.9
  Pb-acid:
    cost: 139.953
    lifetime: 9.00095
    annual_cost: 15.548692082502404
    efficiency: 0.753462
    discharge_ratio: 5
    depth_of_discharge: 0.5
  VRBF:
    cost: 354.544
    lifetime: 22.0898
    annual_cost: 16.050122681056415
    efficiency: 0.69114
    discharge_ratio: 0.5
    depth_of_discharge: 1.0
