cost_values:
  wind_capex: 5000.0
  wind_opex: 100
  wind_lifetime: 20
  solar_capex: 1000.0
  solar_opex: 10
  solar_lifetime: 20
  carbon_price: 1.0
timeseries_values:
  load_level: 222050.78499184464
  wind_year: 2017
  solar_year: 2016
  price_year: 2023
  carbon_year: 2023
storage_values:
  CAES:
    cost: 57.8218
    lifetime: 23.7669
    annual_cost: 2.4328709255308856
    efficiency: 0.556111
    discharge_ratio: 0.1
    depth_of_discharge: 0.4
  Li-ion:
    cost: 208.674
    lifetime: 20.5967
    annual_cost: 10.131428821121832
    efficiency: 0.912487
    discharge_ratio: 2
    depth_of_discharge: 0.9
  Pb-acid:
    cost: 125.99
    lifetime: 8.32025
    annual_cost: 15.142573840930261
    efficiency: 0.747227
    discharge_ratio: 5
    depth_of_discharge: 0.5
  VRBF:
    cost: 383.166
    lifetime: 23.7876
    annual_cost: 16.107804065983956
    efficiency: 0.698561
    discharge_ratio: 0.5
    depth_of_discharge: 1.0
