cost_values:
  wind_capex: 5000.0
  wind_opex: 100
  wind_lifetime: 20
  solar_capex: 1000.0
  solar_opex: 10
  solar_lifetime: 20
  carbon_price: 1.0
timeseries_values:
  load_level: 222050.78499184464
  wind_year: 2017
  solar_year: 2016
  price_year: 2023
  carbon_year: 2023
storage_values:
  CAES:
    cost: 54.7967
    lifetime: 24.1946
    annual_cost: 2.264831821976805
    efficiency: 0.5573
    discharge_ratio: 0.1
    depth_of_discharge: 0.4
  Li-ion:
    cost: 204.302
    lifetime: 19.7244
    annual_cost: 10.35783090993896
    efficiency: 0.925896
    discharge_ratio: 2
    depth_of_discharge: 0.9
  Pb-acid:
    cost: 124.306
    lifetime: 6.06835
    annual_cost: 20.484316165020147
    efficiency: 0.736366
    discharge_ratio: 5
    depth_of_discharge: 0.5
  VRBF:
    cost: 379.312
    lifetime: 22.3535
    annual_cost: 16.968796832710762
    efficiency: 0.695702
    discharge_ratio: 0.5
    depth_of_discharge: 1.0
