cost_values:
  wind_capex: 5000.0
  wind_opex: 100
  wind_lifetime: 20
  solar_capex: 1000.0
  solar_opex: 10
  solar_lifetime: 20
  carbon_price: 1.0
timeseries_values:
  load_level: 222050.78499184464
  wind_year: 2017
  solar_year: 2016
  price_year: 2023
  carbon_year: 2023
storage_values:
  CAES:
    cost: 55.5369
    lifetime: 24.2779
    annual_cost: 2.2875495821302505
    efficiency: 0.551979
    discharge_ratio: 0.1
    depth_of_discharge: 0.4
  Li-ion:
    cost: 183.738
    lifetime: 19.9121
    annual_cost: 9.227454663244963
    efficiency: 0.927241
    discharge_ratio: 2
    depth_of_discharge: 0.9
  Pb-acid:
    cost: 144.61
    lifetime: 8.02936
    annual_cost: 18.010152739446234
    efficiency: 0.742936
    discharge_ratio: 5
    depth_of_discharge: 0.5
  VRBF:
    cost: 374.993
    lifetime: 22.6446
    annual_cost: 16.559930402833345
    efficiency: 0.695205
    discharge_ratio: 0.5
    depth_of_discharge: 1.0
