cost_values:
  wind_capex: 5000.0
  wind_opex: 100
  wind_lifetime: 20
  solar_capex: 1000.0
  solar_opex: 10
  solar_lifetime: 20
  carbon_price: 1.0
timeseries_values:
  load_level: 222050.78499184464
  wind_year: 2017
  solar_year: 2016
  price_year: 2023
  carbon_year: 2023
storage_values:
  CAES:
    cost: 64.5654
    lifetime: 23.6891
    annual_cost: 2.725531995727993
    efficiency: 0.555794
    discharge_ratio: 0.1
    depth_of_discharge: 0.4
  Li-ion:
    cost: 180.585
    lifetime: 22.3451
    annual_cost: 8.081637584973889
    efficiency: 0.916044
    discharge_ratio: 2
    depth_of_discharge: 0.9
  Pb-acid:
    cost: 168.993
    lifetime: 6.52564
    annual_cost: 25.89677027847077
    efficiency: 0.735488
    discharge_ratio: 5
    depth_of_discharge: 0.5
  VRBF:
    cost: 385.976
    lifetime: 20.7732
    annual_cost: 18.5804786937015
    efficiency: 0.692641
    discharge_ratio: 0.5
    depth_of_discharge: 1.0
