cost_values:
  wind_capex: 5000.0
  wind_opex: 100
  wind_lifetime: 20
  solar_capex: 1000.0
  solar_opex: 10
  solar_lifetime: 20
  carbon_price: 1.0
timeseries_values:
  load_level: 222050.78499184464
  wind_year: 2017
  solar_year: 2016
  price_year: 2023
  carbon_year: 2023
storage_values:
  CAES:
    cost: 57.859
    lifetime: 24.0981
    annual_cost: 2.4009776704387487
    efficiency: 0.559136
    discharge_ratio: 0.1
    depth_of_discharge: 0.4
  Li-ion:
    cost: 186.772
    lifetime: 22.0136
    annual_cost: 8.484391467093069
    efficiency: 0.924068
    discharge_ratio: 2
    depth_of_discharge: 0.9
  Pb-acid:
    cost: 130.164
    lifetime: 6.89314
    annual_cost: 18.88312148019625
    efficiency: 0.753798
    discharge_ratio: 5
    depth_of_discharge: 0.5
  VRBF:
    cost: 386.972
    lifetime: 23.1917
    annual_cost: 16.68579707395318
    efficiency: 0.713563
    discharge_ratio: 0.5
    depth_of_discharge: 1.0
