cost_values:
  wind_capex: 5000.0
  wind_opex: 100
  wind_lifetime: 20
  solar_capex: 1000.0
  solar_opex: 10
  solar_lifetime: 20
  carbon_price: 1.0
timeseries_values:
  load_level: 222050.78499184464
  wind_year: 2017
  solar_year: 2016
  price_year: 2023
  carbon_year: 2023
storage_values:
  CAES:
    cost: 65.7762
    lifetime: 25.1286
    annual_cost: 2.6175831522647504
    efficiency: 0.557461
    discharge_ratio: 0.1
    depth_of_discharge: 0.4
  Li-ion:
    cost: 185.476
    lifetime: 21.9266
    annual_cost: 8.458949403920352
    efficiency: 0.932337
    discharge_ratio: 2
    depth_of_discharge: 0.9
  Pb-acid:
    cost: 143.582
    lifetime: 7.63821
    annual_cost: 18.79785970796823
    efficiency: 0.730339
    discharge_ratio: 5
    depth_of_discharge: 0.5
  VRBF:
    cost: 390.77
    lifetime: 22.6758
    annual_cost: 17.232909092512724
    efficiency: 0.718402
    discharge_ratio: 0.5
    depth_of_discharge: 1.0
