cost_values:
  wind_capex: 5000.0
  wind_opex: 100
  wind_lifetime: 20
  solar_capex: 1000.0
  solar_opex: 10
  solar_lifetime: 20
  carbon_price: 1.0
timeseries_values:
  load_level: 222050.78499184464
  wind_year: 2017
  solar_year: 2016
  price_year: 2023
  carbon_year: 2023
storage_values:
  CAES:
    cost: 63.0942
    lifetime: 25.205
    annual_cost: 2.503241420353105
    efficiency: 0.553774
    discharge_ratio: 0.1
    depth_of_discharge: 0.4
  Li-ion:
    cost: 202.541
    lifetime: 19.9537
    annual_cost: 10.15054851982339
    efficiency: 0.917347
    discharge_ratio: 2
    depth_of_discharge: 0.9
  Pb-acid:
    cost: 128.894
    lifetime: 8.90054
    annual_cost: 14.481593251645407
    efficiency: 0.732548
    discharge_ratio: 5
    depth_of_discharge: 0.5
  VRBF:
    cost: 394.945
    lifetime: 23.7121
    annual_cost: 16.655842375833437
    efficiency: 0.686473
    discharge_ratio: 0.5
    depth_of_discharge: 1.0
