cost_values:
  wind_capex: 5000.0
  wind_opex: 100
  wind_lifetime: 20
  solar_capex: 1000.0
  solar_opex: 10
  solar_lifetime: 20
  carbon_price: 1.0
timeseries_values:
  load_level: 222050.78499184464
  wind_year: 2017
  solar_year: 2016
  price_year: 2023
  carbon_year: 2023
storage_values:
  CAES:
    cost: 58.8615
    lifetime: 25.1653
    annual_cost: 2.3389945679169335
    efficiency: 0.569923
    discharge_ratio: 0.1
    depth_of_discharge: 0.4
  Li-ion:
    cost: 184.641
    lifetime: 19.5147
    annual_cost: 9.461636612399882
    efficiency: 0.940206
    discharge_ratio: 2
    depth_of_discharge: 0.9
  Pb-acid:
    cost: 144.353
    lifetime: 6.95978
    annual_cost: 20.741029170462284
    efficiency: 0.745846
    discharge_ratio: 5
    depth_of_discharge: 0.5
  VRBF:
    cost: 394.17
    lifetime: 23.0983
    annual_cost: 17.06489222150548
    efficiency: 0.705069
    discharge_ratio: 0.5
    depth_of_discharge: 1.0
