cost_values:
  wind_capex: 5000.0
  wind_opex: 100
  wind_lifetime: 20
  solar_capex: 1000.0
  solar_opex: 10
  solar_lifetime: 20
  carbon_price: 1.0
timeseries_values:
  load_level: 222050.78499184464
  wind_year: 2017
  solar_year: 2016
  price_year: 2023
  carbon_year: 2023
storage_values:
  CAES:
    cost: 57.422
    lifetime: 24.6223
    annual_cost: 2.33211357184341
    efficiency: 0.557711
    discharge_ratio: 0.1
    depth_of_discharge: 0.4
  Li-ion:
    cost: 188.359
    lifetime: 21.056
    annual_cost: 8.945621200607903
    efficiency: 0.937599
    discharge_ratio: 2
    depth_of_discharge: 0.9
  Pb-acid:
    cost: 126.109
    lifetime: 8.14495
    annual_cost: 15.483090749482809
    efficiency: 0.744177
    discharge_ratio: 5
    depth_of_discharge: 0.5
  VRBF:
    cost: 390.653
    lifetime: 24.1713
    annual_cost: 16.161853106783667
    efficiency: 0.702012
    discharge_ratio: 0.5
    depth_of_discharge: 1.0
