cost_values:
  wind_capex: 5000.0
  wind_opex: 100
  wind_lifetime: 20
  solar_capex: 1000.0
  solar_opex: 10
  solar_lifetime: 20
  carbon_price: 1.0
timeseries_values:
  load_level: 222050.78499184464
  wind_year: 2017
  solar_year: 2016
  price_year: 2023
  carbon_year: 2023
storage_values:
  CAES:
    cost: 64.3304
    lifetime: 24.4455
    annual_cost: 2.6315845452128204
    efficiency: 0.554182
    discharge_ratio: 0.1
    depth_of_discharge: 0.4
  Li-ion:
    cost: 188.003
    lifetime: 22.2707
    annual_cost: 8.441719389152562
    efficiency: 0.922181
    discharge_ratio: 2
    depth_of_discharge: 0.9
  Pb-acid:
    cost: 132.752
    lifetime: 7.00742
    annual_cost: 18.944490268886412
    efficiency: 0.738427
    discharge_ratio: 5
    depth_of_discharge: 0.5
  VRBF:
    cost: 392.057
    lifetime: 22.2943
    annual_cost: 17.585526345299023
    efficiency: 0.697385
    discharge_ratio: 0.5
    depth_of_discharge: 1.0
