cost_values:
  wind_capex: 5000.0
  wind_opex: 100
  wind_lifetime: 20
  solar_capex: 1000.0
  solar_opex: 10
  solar_lifetime: 20
  carbon_price: 1.0
timeseries_values:
  load_level: 222050.78499184464
  wind_year: 2017
  solar_year: 2016
  price_year: 2023
  carbon_year: 2023
storage_values:
  CAES:
    cost: 64.7267
    lifetime: 24.9572
    annual_cost: 2.593508085842963
    efficiency: 0.550367
    discharge_ratio: 0.1
    depth_of_discharge: 0.4
  Li-ion:
    cost: 172.023
    lifetime: 19.7622
    annual_cost: 8.704648267905394
    efficiency: 0.930715
    discharge_ratio: 2
    depth_of_discharge: 0.9
  Pb-acid:
    cost: 127.286
    lifetime: 7.20527
    annual_cost: 17.665680814181844
    efficiency: 0.738054
    discharge_ratio: 5
    depth_of_discharge: 0.5
  VRBF:
    cost: 392.137
    lifetime: 23.2534
    annual_cost: 16.863641445982093
    efficiency: 0.704478
    discharge_ratio: 0.5
    depth_of_discharge: 1.0
