cost_values:
  wind_capex: 5000.0
  wind_opex: 100
  wind_lifetime: 20
  solar_capex: 1000.0
  solar_opex: 10
  solar_lifetime: 20
  carbon_price: 1.0
timeseries_values:
  load_level: 222050.78499184464
  wind_year: 2017
  solar_year: 2016
  price_year: 2023
  carbon_year: 2023
storage_values:
  CAES:
    cost: 64.7472
    lifetime: 24.7106
    annual_cost: 2.6202196628167673
    efficiency: 0.552916
    discharge_ratio: 0.1
    depth_of_discharge: 0.4
  Li-ion:
    cost: 175.631
    lifetime: 21.0656
    annual_cost: 8.337336700592434
    efficiency: 0.928751
    discharge_ratio: 2
    depth_of_discharge: 0.9
  Pb-acid:
    cost: 128.494
    lifetime: 7.83008
    annual_cost: 16.41030487555683
    efficiency: 0.739816
    discharge_ratio: 5
    depth_of_discharge: 0.5
  VRBF:
    cost: 382.22
    lifetime: 21.5365
    annual_cost: 17.747544865693126
    efficiency: 0.707029
    discharge_ratio: 0.5
    depth_of_discharge: 1.0
