cost_values:
  wind_capex: 5000.0
  wind_opex: 100
  wind_lifetime: 20
  solar_capex: 1000.0
  solar_opex: 10
  solar_lifetime: 20
  carbon_price: 1.0
timeseries_values:
  load_level: 222050.78499184464
  wind_year: 2017
  solar_year: 2016
  price_year: 2023
  carbon_year: 2023
storage_values:
  CAES:
    cost: 58.57
    lifetime: 24.3041
    annual_cost: 2.4098814603297387
    efficiency: 0.556341
    discharge_ratio: 0.1
    depth_of_discharge: 0.4
  Li-ion:
    cost: 189.082
    lifetime: 19.214
    annual_cost: 9.84084521702925
    efficiency: 0.929369
    discharge_ratio: 2
    depth_of_discharge: 0.9
  Pb-acid:
    cost: 140.149
    lifetime: 7.42897
    annual_cost: 18.86519934795806
    efficiency: 0.73086
    discharge_ratio: 5
    depth_of_discharge: 0.5
  VRBF:
    cost: 380.629
    lifetime: 20.9267
    annual_cost: 18.1886776223676
    efficiency: 0.707486
    discharge_ratio: 0.5
    depth_of_discharge: 1.0
