cost_values:
  wind_capex: 5000.0
  wind_opex: 100
  wind_lifetime: 20
  solar_capex: 1000.0
  solar_opex: 10
  solar_lifetime: 20
  carbon_price: 1.0
timeseries_values:
  load_level: 222050.78499184464
  wind_year: 2017
  solar_year: 2016
  price_year: 2023
  carbon_year: 2023
storage_values:
  CAES:
    cost: 68.1546
    lifetime: 23.277
    annual_cost: 2.9279804098466298
    efficiency: 0.551156
    discharge_ratio: 0.1
    depth_of_discharge: 0.4
  Li-ion:
    cost: 168.91
    lifetime: 20.1967
    annual_cost: 8.363247461218911
    efficiency: 0.935957
    discharge_ratio: 2
    depth_of_discharge: 0.9
  Pb-acid:
    cost: 132.59
    lifetime: 8.36327
    annual_cost: 15.853846641325703
    efficiency: 0.749269
    discharge_ratio: 5
    depth_of_discharge: 0.5
  VRBF:
    cost: 390.108
    lifetime: 23.579
    annual_cost: 16.544721998388397
    efficiency: 0.722705
    discharge_ratio: 0.5
    depth_of_discharge: 1.0
