cost_values:
  wind_capex: 5000.0
  wind_opex: 100
  wind_lifetime: 20
  solar_capex: 1000.0
  solar_opex: 10
  solar_lifetime: 20
  carbon_price: 1.0
timeseries_values:
  load_level: 222050.78499184464
  wind_year: 2017
  solar_year: 2016
  price_year: 2023
  carbon_year: 2023
storage_values:
  CAES:
    cost: 67.3329
    lifetime: 25.1887
    annual_cost: 2.6731391457280442
    efficiency: 0.555428
    discharge_ratio: 0.1
    depth_of_discharge: 0.4
  Li-ion:
    cost: 191.28
    lifetime: 20.5065
    annual_cost: 9.327774120400848
    efficiency: 0.919268
    discharge_ratio: 2
    depth_of_discharge: 0.9
  Pb-acid:
    cost: 149.452
    lifetime: 7.73238
    annual_cost: 19.328072339952254
    efficiency: 0.738569
    discharge_ratio: 5
    depth_of_discharge: 0.5
  VRBF:
    cost: 389.306
    lifetime: 21.5755
    annual_cost: 18.043892377928668
    efficiency: 0.698266
    discharge_ratio: 0.5
    depth_of_discharge: 1.0
