cost_values:
  wind_capex: 5000.0
  wind_opex: 100
  wind_lifetime: 20
  solar_capex: 1000.0
  solar_opex: 10
  solar_lifetime: 20
  carbon_price: 1.0
timeseries_values:
  load_level: 222050.78499184464
  wind_year: 2017
  solar_year: 2016
  price_year: 2023
  carbon_year: 2023
storage_values:
  CAES:
    cost: 65.9216
    lifetime: 24.8709
    annual_cost: 2.650551447675798
    efficiency: 0.550734
    discharge_ratio: 0.1
    depth_of_discharge: 0.4
  Li-ion:
    cost: 180.57
    lifetime: 20.5144
    annual_cost: 8.802109737550209
    efficiency: 0.935659
    discharge_ratio: 2
    depth_of_discharge: 0.9
  Pb-acid:
    cost: 143.809
    lifetime: 7.72077
    annual_cost: 18.62625100864292
    efficiency: 0.73875
    discharge_ratio: 5
    depth_of_discharge: 0.5
  VRBF:
    cost: 381.007
    lifetime: 22.3646
    annual_cost: 17.036164295359633
    efficiency: 0.720832
    discharge_ratio: 0.5
    depth_of_discharge: 1.0
