cost_values:
  wind_capex: 5000.0
  wind_opex: 100
  wind_lifetime: 20
  solar_capex: 1000.0
  solar_opex: 10
  solar_lifetime: 20
  carbon_price: 1.0
timeseries_values:
  load_level: 222050.78499184464
  wind_year: 2017
  solar_year: 2016
  price_year: 2023
  carbon_year: 2023
storage_values:
  CAES:
    cost: 65.9887
    lifetime: 25.3079
    annual_cost: 2.6074348326016774
    efficiency: 0.550826
    discharge_ratio: 0.1
    depth_of_discharge: 0.4
  Li-ion:
    cost: 200.276
    lifetime: 21.316
    annual_cost: 9.395571401763934
    efficiency: 0.931779
    discharge_ratio: 2
    depth_of_discharge: 0.9
  Pb-acid:
    cost: 150.532
    lifetime: 8.59158
    annual_cost: 17.52087508933165
    efficiency: 0.740974
    discharge_ratio: 5
    depth_of_discharge: 0.5
  VRBF:
    cost: 370.365
    lifetime: 21.2573
    annual_cost: 17.42295587868638
    efficiency: 0.692537
    discharge_ratio: 0.5
    depth_of_discharge: 1.0
