cost_values:
  wind_capex: 5000.0
  wind_opex: 100
  wind_lifetime: 20
  solar_capex: 1000.0
  solar_opex: 10
  solar_lifetime: 20
  carbon_price: 1.0
timeseries_values:
  load_level: 222050.78499184464
  wind_year: 2017
  solar_year: 2016
  price_year: 2023
  carbon_year: 2023
storage_values:
  CAES:
    cost: 67.4176
    lifetime: 25.1466
    annual_cost: 2.680982717345486
    efficiency: 0.558173
    discharge_ratio: 0.1
    depth_of_discharge: 0.4
  Li-ion:
    cost: 179.244
    lifetime: 19.2661
    annual_cost: 9.303595434467795
    efficiency: 0.931469
    discharge_ratio: 2
    depth_of_discharge: 0.9
  Pb-acid:
    cost: 136.075
    lifetime: 8.16118
    annual_cost: 16.67344673196768
    efficiency: 0.749527
    discharge_ratio: 5
    depth_of_discharge: 0.5
  VRBF:
    cost: 392.035
    lifetime: 21.1944
    annual_cost: 18.497103008341824
    efficiency: 0.700541
    discharge_ratio: 0.5
    depth_of_discharge: 1.0
