cost_values:
  wind_capex: 5000.0
  wind_opex: 100
  wind_lifetime: 20
  solar_capex: 1000.0
  solar_opex: 10
  solar_lifetime: 20
  carbon_price: 1.0
timeseries_values:
  load_level: 222050.78499184464
  wind_year: 2017
  solar_year: 2016
  price_year: 2023
  carbon_year: 2023
storage_values:
  CAES:
    cost: 61.8347
    lifetime: 25.4891
    annual_cost: 2.42592716102177
    efficiency: 0.558782
    discharge_ratio: 0.1
    depth_of_discharge: 0.4
  Li-ion:
    cost: 202.069
    lifetime: 23.5433
    annual_cost: 8.582866463070173
    efficiency: 0.908283
    discharge_ratio: 2
    depth_of_discharge: 0.9
  Pb-acid:
    cost: 134.623
    lifetime: 8.3355
    annual_cost: 16.150560854177915
    efficiency: 0.740707
    discharge_ratio: 5
    depth_of_discharge: 0.5
  VRBF:
    cost: 397.275
    lifetime: 23.3776
    annual_cost: 16.99383170214222
    efficiency: 0.715436
    discharge_ratio: 0.5
    depth_of_discharge: 1.0
