cost_values:
  wind_capex: 5000.0
  wind_opex: 100
  wind_lifetime: 20
  solar_capex: 1000.0
  solar_opex: 10
  solar_lifetime: 20
  carbon_price: 1.0
timeseries_values:
  load_level: 222050.78499184464
  wind_year: 2017
  solar_year: 2016
  price_year: 2023
  carbon_year: 2023
storage_values:
  CAES:
    cost: 60.8915
    lifetime: 24.4565
    annual_cost: 2.489787990922659
    efficiency: 0.55057
    discharge_ratio: 0.1
    depth_of_discharge: 0.4
  Li-ion:
    cost: 166.848
    lifetime: 20.4332
    annual_cost: 8.165534522248107
    efficiency: 0.933592
    discharge_ratio: 2
    depth_of_discharge: 0.9
  Pb-acid:
    cost: 122.253
    lifetime: 8.24833
    annual_cost: 14.821545694704263
    efficiency: 0.753719
    discharge_ratio: 5
    depth_of_discharge: 0.5
  VRBF:
    cost: 370.098
    lifetime: 20.8816
    annual_cost: 17.72364186652364
    efficiency: 0.701324
    discharge_ratio: 0.5
    depth_of_discharge: 1.0
