cost_values:
  wind_capex: 5000.0
  wind_opex: 100
  wind_lifetime: 20
  solar_capex: 1000.0
  solar_opex: 10
  solar_lifetime: 20
  carbon_price: 1.0
timeseries_values:
  load_level: 222050.78499184464
  wind_year: 2017
  solar_year: 2016
  price_year: 2023
  carbon_year: 2023
storage_values:
  CAES:
    cost: 64.5272
    lifetime: 24.4571
    annual_cost: 2.6383831280078174
    efficiency: 0.555379
    discharge_ratio: 0.1
    depth_of_discharge: 0.4
  Li-ion:
    cost: 180.378
    lifetime: 20.518
    annual_cost: 8.791207720050686
    efficiency: 0.942152
    discharge_ratio: 2
    depth_of_discharge: 0.9
  Pb-acid:
    cost: 135.276
    lifetime: 9.97008
    annual_cost: 13.56819604255934
    efficiency: 0.745546
    discharge_ratio: 5
    depth_of_discharge: 0.5
  VRBF:
    cost: 357.023
    lifetime: 22.7753
    annual_cost: 15.675885718300089
    efficiency: 0.702157
    discharge_ratio: 0.5
    depth_of_discharge: 1.0
