cost_values:
  wind_capex: 5000.0
  wind_opex: 100
  wind_lifetime: 20
  solar_capex: 1000.0
  solar_opex: 10
  solar_lifetime: 20
  carbon_price: 1.0
timeseries_values:
  load_level: 222050.78499184464
  wind_year: 2017
  solar_year: 2016
  price_year: 2023
  carbon_year: 2023
storage_values:
  CAES:
    cost: 64.464
    lifetime: 24.945
    annual_cost: 2.584245339747444
    efficiency: 0.550225
    discharge_ratio: 0.1
    depth_of_discharge: 0.4
  Li-ion:
    cost: 189.575
    lifetime: 20.5605
    annual_cost: 9.220349699666835
    efficiency: 0.933446
    discharge_ratio: 2
    depth_of_discharge: 0.9
  Pb-acid:
    cost: 128.224
    lifetime: 7.65588
    annual_cost: 16.748433883498695
    efficiency: 0.732143
    discharge_ratio: 5
    depth_of_discharge: 0.5
  VRBF:
    cost: 376.877
    lifetime: 19.337
    annual_cost: 19.489941562807054
    efficiency: 0.704911
    discharge_ratio: 0.5
    depth_of_discharge: 1.0
