cost_values:
  wind_capex: 5000.0
  wind_opex: 100
  wind_lifetime: 20
  solar_capex: 1000.0
  solar_opex: 10
  solar_lifetime: 20
  carbon_price: 1.0
timeseries_values:
  load_level: 222050.78499184464
  wind_year: 2017
  solar_year: 2016
  price_year: 2023
  carbon_year: 2023
storage_values:
  CAES:
    cost: 66.4196
    lifetime: 24.15
    annual_cost: 2.7502939958592134
    efficiency: 0.554101
    discharge_ratio: 0.1
    depth_of_discharge: 0.4
  Li-ion:
    cost: 175.203
    lifetime: 19.3686
    annual_cost: 9.045723490598185
    efficiency: 0.910013
    discharge_ratio: 2
    depth_of_discharge: 0.9
  Pb-acid:
    cost: 137.734
    lifetime: 6.5084
    annual_cost: 21.162497695286092
    efficiency: 0.739947
    discharge_ratio: 5
    depth_of_discharge: 0.5
  VRBF:
    cost: 398.428
    lifetime: 22.8228
    annual_cost: 17.457454825875878
    efficiency: 0.700171
    discharge_ratio: 0.5
    depth_of_discharge: 1.0
