cost_values:
  wind_capex: 5000.0
  wind_opex: 100
  wind_lifetime: 20
  solar_capex: 1000.0
  solar_opex: 10
  solar_lifetime: 20
  carbon_price: 1.0
timeseries_values:
  load_level: 222050.78499184464
  wind_year: 2017
  solar_year: 2016
  price_year: 2023
  carbon_year: 2023
storage_values:
  CAES:
    cost: 59.0569
    lifetime: 24.2294
    annual_cost: 2.4374066217075123
    efficiency: 0.554487
    discharge_ratio: 0.1
    depth_of_discharge: 0.4
  Li-ion:
    cost: 191.787
    lifetime: 20.7805
    annual_cost: 9.229181203532157
    efficiency: 0.923132
    discharge_ratio: 2
    depth_of_discharge: 0.9
  Pb-acid:
    cost: 141.908
    lifetime: 5.22026
    annual_cost: 27.184086616375428
    efficiency: 0.735459
    discharge_ratio: 5
    depth_of_discharge: 0.5
  VRBF:
    cost: 388.129
    lifetime: 22.1536
    annual_cost: 17.519906471183013
    efficiency: 0.722991
    discharge_ratio: 0.5
    depth_of_discharge: 1.0
