cost_values:
  wind_capex: 5000.0
  wind_opex: 100
  wind_lifetime: 20
  solar_capex: 1000.0
  solar_opex: 10
  solar_lifetime: 20
  carbon_price: 1.0
timeseries_values:
  load_level: 222050.78499184464
  wind_year: 2017
  solar_year: 2016
  price_year: 2023
  carbon_year: 2023
storage_values:
  CAES:
    cost: 66.6193
    lifetime: 24.1457
    annual_cost: 2.7590544072029384
    efficiency: 0.556826
    discharge_ratio: 0.1
    depth_of_discharge: 0.4
  Li-ion:
    cost: 201.137
    lifetime: 18.7239
    annual_cost: 10.74225989243694
    efficiency: 0.927656
    discharge_ratio: 2
    depth_of_discharge: 0.9
  Pb-acid:
    cost: 139.15
    lifetime: 6.88193
    annual_cost: 20.21961862442658
    efficiency: 0.740582
    discharge_ratio: 5
    depth_of_discharge: 0.5
  VRBF:
    cost: 383.825
    lifetime: 22.3094
    annual_cost: 17.204631231678125
    efficiency: 0.682098
    discharge_ratio: 0.5
    depth_of_discharge: 1.0
