cost_values:
  wind_capex: 5000.0
  wind_opex: 100
  wind_lifetime: 20
  solar_capex: 1000.0
  solar_opex: 10
  solar_lifetime: 20
  carbon_price: 1.0
timeseries_values:
  load_level: 222050.78499184464
  wind_year: 2017
  solar_year: 2016
  price_year: 2023
  carbon_year: 2023
storage_values:
  CAES:
    cost: 59.5157
    lifetime: 24.1183
    annual_cost: 2.4676573390330163
    efficiency: 0.568354
    discharge_ratio: 0.1
    depth_of_discharge: 0.4
  Li-ion:
    cost: 174.773
    lifetime: 18.8204
    annual_cost: 9.286359482263926
    efficiency: 0.939219
    discharge_ratio: 2
    depth_of_discharge: 0.9
  Pb-acid:
    cost: 133.183
    lifetime: 7.43547
    annual_cost: 17.91184686374903
    efficiency: 0.742707
    discharge_ratio: 5
    depth_of_discharge: 0.5
  VRBF:
    cost: 389.333
    lifetime: 21.9049
    annual_cost: 17.77378577395925
    efficiency: 0.682053
    discharge_ratio: 0.5
    depth_of_discharge: 1.0
