cost_values:
  wind_capex: 5000.0
  wind_opex: 100
  wind_lifetime: 20
  solar_capex: 1000.0
  solar_opex: 10
  solar_lifetime: 20
  carbon_price: 1.0
timeseries_values:
  load_level: 266312.53431341436
  wind_year: 2018
  solar_year: 2010
  price_year: 2023
  carbon_year: 2023
storage_values:
  CAES:
    cost: 39.6097
    lifetime: 25.9857
    annual_cost: 1.5242883585972282
    efficiency: 0.599431
    discharge_ratio: 0.1
    depth_of_discharge: 0.4
  Li-ion:
    cost: 170.552
    lifetime: 15.3382
    annual_cost: 11.119427312200909
    efficiency: 0.874686
    discharge_ratio: 2
    depth_of_discharge: 0.9
  Pb-acid:
    cost: 221.565
    lifetime: 17.175
    annual_cost: 12.900436681222708
    efficiency: 0.695437
    discharge_ratio: 5
    depth_of_discharge: 0.5
  VRBF:
    cost: 288.211
    lifetime: 22.3787
    annual_cost: 12.878808867360483
    efficiency: 0.753516
    discharge_ratio: 0.5
    depth_of_discharge: 1.0
