cost_values:
  wind_capex: 5000.0
  wind_opex: 100
  wind_lifetime: 20
  solar_capex: 1000.0
  solar_opex: 10
  solar_lifetime: 20
  carbon_price: 1.0
timeseries_values:
  load_level: 266312.53431341436
  wind_year: 2018
  solar_year: 2010
  price_year: 2023
  carbon_year: 2023
storage_values:
  CAES:
    cost: 48.6748
    lifetime: 25.196
    annual_cost: 1.9318463248134623
    efficiency: 0.596599
    discharge_ratio: 0.1
    depth_of_discharge: 0.4
  Li-ion:
    cost: 182.105
    lifetime: 16.2227
    annual_cost: 11.225320076189536
    efficiency: 0.8852
    discharge_ratio: 2
    depth_of_discharge: 0.9
  Pb-acid:
    cost: 225.672
    lifetime: 15.927
    annual_cost: 14.169146731964588
    efficiency: 0.71261
    discharge_ratio: 5
    depth_of_discharge: 0.5
  VRBF:
    cost: 362.569
    lifetime: 23.402
    annual_cost: 15.49307751474233
    efficiency: 0.757467
    discharge_ratio: 0.5
    depth_of_discharge: 1.0
