cost_values:
  wind_capex: 5000.0
  wind_opex: 100
  wind_lifetime: 20
  solar_capex: 1000.0
  solar_opex: 10
  solar_lifetime: 20
  carbon_price: 1.0
timeseries_values:
  load_level: 266312.53431341436
  wind_year: 2018
  solar_year: 2010
  price_year: 2023
  carbon_year: 2023
storage_values:
  CAES:
    cost: 53.1704
    lifetime: 25.1671
    annual_cost: 2.112694748302347
    efficiency: 0.603153
    discharge_ratio: 0.1
    depth_of_discharge: 0.4
  Li-ion:
    cost: 197.463
    lifetime: 15.0225
    annual_cost: 13.144483275087367
    efficiency: 0.882869
    discharge_ratio: 2
    depth_of_discharge: 0.9
  Pb-acid:
    cost: 231.379
    lifetime: 16.4269
    annual_cost: 14.085372163950593
    efficiency: 0.719772
    discharge_ratio: 5
    depth_of_discharge: 0.5
  VRBF:
    cost: 332.723
    lifetime: 22.5324
    annual_cost: 14.76642523654826
    efficiency: 0.746997
    discharge_ratio: 0.5
    depth_of_discharge: 1.0
