cost_values:
  wind_capex: 5000.0
  wind_opex: 100
  wind_lifetime: 20
  solar_capex: 1000.0
  solar_opex: 10
  solar_lifetime: 20
  carbon_price: 1.0
timeseries_values:
  load_level: 266312.53431341436
  wind_year: 2018
  solar_year: 2010
  price_year: 2023
  carbon_year: 2023
storage_values:
  CAES:
    cost: 44.2748
    lifetime: 25.1147
    annual_cost: 1.7629037973776314
    efficiency: 0.594497
    discharge_ratio: 0.1
    depth_of_discharge: 0.4
  Li-ion:
    cost: 179.261
    lifetime: 12.7871
    annual_cost: 14.01889404165135
    efficiency: 0.883312
    discharge_ratio: 2
    depth_of_discharge: 0.9
  Pb-acid:
    cost: 230.872
    lifetime: 16.861
    annual_cost: 13.6926635430876
    efficiency: 0.726392
    discharge_ratio: 5
    depth_of_discharge: 0.5
  VRBF:
    cost: 298.055
    lifetime: 21.5779
    annual_cost: 13.812975312704202
    efficiency: 0.757521
    discharge_ratio: 0.5
    depth_of_discharge: 1.0
