cost_values:
  wind_capex: 5000.0
  wind_opex: 100
  wind_lifetime: 20
  solar_capex: 1000.0
  solar_opex: 10
  solar_lifetime: 20
  carbon_price: 1.0
timeseries_values:
  load_level: 266312.53431341436
  wind_year: 2018
  solar_year: 2010
  price_year: 2023
  carbon_year: 2023
storage_values:
  CAES:
    cost: 49.8044
    lifetime: 25.6154
    annual_cost: 1.9443147481593104
    efficiency: 0.594197
    discharge_ratio: 0.1
    depth_of_discharge: 0.4
  Li-ion:
    cost: 148.417
    lifetime: 14.5728
    annual_cost: 10.184521848924023
    efficiency: 0.860228
    discharge_ratio: 2
    depth_of_discharge: 0.9
  Pb-acid:
    cost: 232.628
    lifetime: 16.0659
    annual_cost: 14.47961209767271
    efficiency: 0.722926
    discharge_ratio: 5
    depth_of_discharge: 0.5
  VRBF:
    cost: 339.273
    lifetime: 23.9983
    annual_cost: 14.137376397494823
    efficiency: 0.747119
    discharge_ratio: 0.5
    depth_of_discharge: 1.0
