cost_values:
  wind_capex: 5000.0
  wind_opex: 100
  wind_lifetime: 20
  solar_capex: 1000.0
  solar_opex: 10
  solar_lifetime: 20
  carbon_price: 1.0
timeseries_values:
  load_level: 266312.53431341436
  wind_year: 2018
  solar_year: 2010
  price_year: 2023
  carbon_year: 2023
storage_values:
  CAES:
    cost: 46.8318
    lifetime: 25.0692
    annual_cost: 1.868101096165813
    efficiency: 0.587677
    discharge_ratio: 0.1
    depth_of_discharge: 0.4
  Li-ion:
    cost: 189.09
    lifetime: 12.5228
    annual_cost: 15.099658223400517
    efficiency: 0.872842
    discharge_ratio: 2
    depth_of_discharge: 0.9
  Pb-acid:
    cost: 246.228
    lifetime: 16.7087
    annual_cost: 14.73651451040476
    efficiency: 0.71731
    discharge_ratio: 5
    depth_of_discharge: 0.5
  VRBF:
    cost: 331.174
    lifetime: 22.8426
    annual_cost: 14.498086907795082
    efficiency: 0.751181
    discharge_ratio: 0.5
    depth_of_discharge: 1.0
