cost_values:
  wind_capex: 5000.0
  wind_opex: 100
  wind_lifetime: 20
  solar_capex: 1000.0
  solar_opex: 10
  solar_lifetime: 20
  carbon_price: 1.0
timeseries_values:
  load_level: 266312.53431341436
  wind_year: 2018
  solar_year: 2010
  price_year: 2023
  carbon_year: 2023
storage_values:
  CAES:
    cost: 52.4284
    lifetime: 25.3377
    annual_cost: 2.069185443035477
    efficiency: 0.608833
    discharge_ratio: 0.1
    depth_of_discharge: 0.4
  Li-ion:
    cost: 170.675
    lifetime: 15.8103
    annual_cost: 10.795177827112706
    efficiency: 0.86356
    discharge_ratio: 2
    depth_of_discharge: 0.9
  Pb-acid:
    cost: 230.521
    lifetime: 17.0258
    annual_cost: 13.539510625051392
    efficiency: 0.706565
    discharge_ratio: 5
    depth_of_discharge: 0.5
  VRBF:
    cost: 305.239
    lifetime: 21.6241
    annual_cost: 14.115685739522107
    efficiency: 0.756726
    discharge_ratio: 0.5
    depth_of_discharge: 1.0
