cost_values:
  wind_capex: 5000.0
  wind_opex: 100
  wind_lifetime: 20
  solar_capex: 1000.0
  solar_opex: 10
  solar_lifetime: 20
  carbon_price: 1.0
timeseries_values:
  load_level: 266312.53431341436
  wind_year: 2018
  solar_year: 2010
  price_year: 2023
  carbon_year: 2023
storage_values:
  CAES:
    cost: 57.4118
    lifetime: 25.3447
    annual_cost: 2.26523888623657
    efficiency: 0.592651
    discharge_ratio: 0.1
    depth_of_discharge: 0.4
  Li-ion:
    cost: 169.446
    lifetime: 15.171
    annual_cost: 11.169072572671544
    efficiency: 0.877944
    discharge_ratio: 2
    depth_of_discharge: 0.9
  Pb-acid:
    cost: 228.419
    lifetime: 17.6161
    annual_cost: 12.966490880501361
    efficiency: 0.697586
    discharge_ratio: 5
    depth_of_discharge: 0.5
  VRBF:
    cost: 352.709
    lifetime: 22.813
    annual_cost: 15.46087756980669
    efficiency: 0.779745
    discharge_ratio: 0.5
    depth_of_discharge: 1.0
