cost_values:
  wind_capex: 5000.0
  wind_opex: 100
  wind_lifetime: 20
  solar_capex: 1000.0
  solar_opex: 10
  solar_lifetime: 20
  carbon_price: 1.0
timeseries_values:
  load_level: 266312.53431341436
  wind_year: 2018
  solar_year: 2010
  price_year: 2023
  carbon_year: 2023
storage_values:
  CAES:
    cost: 46.2055
    lifetime: 26.4593
    annual_cost: 1.746285804991062
    efficiency: 0.600529
    discharge_ratio: 0.1
    depth_of_discharge: 0.4
  Li-ion:
    cost: 187.443
    lifetime: 14.6796
    annual_cost: 12.768944657892586
    efficiency: 0.878047
    discharge_ratio: 2
    depth_of_discharge: 0.9
  Pb-acid:
    cost: 217.689
    lifetime: 17.2896
    annual_cost: 12.590748195446974
    efficiency: 0.703492
    discharge_ratio: 5
    depth_of_discharge: 0.5
  VRBF:
    cost: 320.595
    lifetime: 24.0989
    annual_cost: 13.303304300196276
    efficiency: 0.749667
    discharge_ratio: 0.5
    depth_of_discharge: 1.0
