cost_values:
  wind_capex: 5000.0
  wind_opex: 100
  wind_lifetime: 20
  solar_capex: 1000.0
  solar_opex: 10
  solar_lifetime: 20
  carbon_price: 1.0
timeseries_values:
  load_level: 266312.53431341436
  wind_year: 2018
  solar_year: 2010
  price_year: 2023
  carbon_year: 2023
storage_values:
  CAES:
    cost: 55.5148
    lifetime: 25.1442
    annual_cost: 2.2078570803604807
    efficiency: 0.593796
    discharge_ratio: 0.1
    depth_of_discharge: 0.4
  Li-ion:
    cost: 195.792
    lifetime: 15.7664
    annual_cost: 12.418307286381165
    efficiency: 0.867893
    discharge_ratio: 2
    depth_of_discharge: 0.9
  Pb-acid:
    cost: 231.473
    lifetime: 17.1943
    annual_cost: 13.462193866572063
    efficiency: 0.704551
    discharge_ratio: 5
    depth_of_discharge: 0.5
  VRBF:
    cost: 344.107
    lifetime: 22.6424
    annual_cost: 15.197461399851608
    efficiency: 0.76521
    discharge_ratio: 0.5
    depth_of_discharge: 1.0
