cost_values:
  wind_capex: 5000.0
  wind_opex: 100
  wind_lifetime: 20
  solar_capex: 1000.0
  solar_opex: 10
  solar_lifetime: 20
  carbon_price: 1.0
timeseries_values:
  load_level: 266312.53431341436
  wind_year: 2018
  solar_year: 2010
  price_year: 2023
  carbon_year: 2023
storage_values:
  CAES:
    cost: 46.2334
    lifetime: 25.0821
    annual_cost: 1.8432826597453962
    efficiency: 0.594573
    discharge_ratio: 0.1
    depth_of_discharge: 0.4
  Li-ion:
    cost: 198.967
    lifetime: 14.3951
    annual_cost: 13.821856048238638
    efficiency: 0.85755
    discharge_ratio: 2
    depth_of_discharge: 0.9
  Pb-acid:
    cost: 235.266
    lifetime: 17.4027
    annual_cost: 13.518936716716372
    efficiency: 0.728631
    discharge_ratio: 5
    depth_of_discharge: 0.5
  VRBF:
    cost: 357.023
    lifetime: 21.8838
    annual_cost: 16.31448834297517
    efficiency: 0.751365
    discharge_ratio: 0.5
    depth_of_discharge: 1.0
