cost_values:
  wind_capex: 5000.0
  wind_opex: 100
  wind_lifetime: 20
  solar_capex: 1000.0
  solar_opex: 10
  solar_lifetime: 20
  carbon_price: 1.0
timeseries_values:
  load_level: 266312.53431341436
  wind_year: 2018
  solar_year: 2010
  price_year: 2023
  carbon_year: 2023
storage_values:
  CAES:
    cost: 39.787
    lifetime: 25.3033
    annual_cost: 1.572403599530496
    efficiency: 0.596497
    discharge_ratio: 0.1
    depth_of_discharge: 0.4
  Li-ion:
    cost: 151.859
    lifetime: 16.6792
    annual_cost: 9.104693270660462
    efficiency: 0.878514
    discharge_ratio: 2
    depth_of_discharge: 0.9
  Pb-acid:
    cost: 234.935
    lifetime: 17.663
    annual_cost: 13.30096812546
    efficiency: 0.715651
    discharge_ratio: 5
    depth_of_discharge: 0.5
  VRBF:
    cost: 341.887
    lifetime: 22.2417
    annual_cost: 15.371441931147348
    efficiency: 0.731744
    discharge_ratio: 0.5
    depth_of_discharge: 1.0
