cost_values:
  wind_capex: 5000.0
  wind_opex: 100
  wind_lifetime: 20
  solar_capex: 1000.0
  solar_opex: 10
  solar_lifetime: 20
  carbon_price: 1.0
timeseries_values:
  load_level: 266312.53431341436
  wind_year: 2018
  solar_year: 2010
  price_year: 2023
  carbon_year: 2023
storage_values:
  CAES:
    cost: 47.2501
    lifetime: 25.7853
    annual_cost: 1.8324432913326587
    efficiency: 0.597582
    discharge_ratio: 0.1
    depth_of_discharge: 0.4
  Li-ion:
    cost: 165.843
    lifetime: 14.2867
    annual_cost: 11.608209033576683
    efficiency: 0.875397
    discharge_ratio: 2
    depth_of_discharge: 0.9
  Pb-acid:
    cost: 240.305
    lifetime: 16.6725
    annual_cost: 14.413255360623783
    efficiency: 0.724541
    discharge_ratio: 5
    depth_of_discharge: 0.5
  VRBF:
    cost: 355.515
    lifetime: 22.094
    annual_cost: 16.091020186475966
    efficiency: 0.76229
    discharge_ratio: 0.5
    depth_of_discharge: 1.0
