cost_values:
  wind_capex: 5000.0
  wind_opex: 100
  wind_lifetime: 20
  solar_capex: 1000.0
  solar_opex: 10
  solar_lifetime: 20
  carbon_price: 1.0
timeseries_values:
  load_level: 266312.53431341436
  wind_year: 2018
  solar_year: 2010
  price_year: 2023
  carbon_year: 2023
storage_values:
  CAES:
    cost: 47.9352
    lifetime: 25.299
    annual_cost: 1.8947468279378632
    efficiency: 0.599971
    discharge_ratio: 0.1
    depth_of_discharge: 0.4
  Li-ion:
    cost: 189.989
    lifetime: 15.8521
    annual_cost: 11.985099765961607
    efficiency: 0.88234
    discharge_ratio: 2
    depth_of_discharge: 0.9
  Pb-acid:
    cost: 232.882
    lifetime: 16.7032
    annual_cost: 13.942358350495715
    efficiency: 0.719681
    discharge_ratio: 5
    depth_of_discharge: 0.5
  VRBF:
    cost: 285.97
    lifetime: 22.1389
    annual_cost: 12.91708260121325
    efficiency: 0.736721
    discharge_ratio: 0.5
    depth_of_discharge: 1.0
