cost_values:
  wind_capex: 5000.0
  wind_opex: 100
  wind_lifetime: 20
  solar_capex: 1000.0
  solar_opex: 10
  solar_lifetime: 20
  carbon_price: 1.0
timeseries_values:
  load_level: 266312.53431341436
  wind_year: 2018
  solar_year: 2010
  price_year: 2023
  carbon_year: 2023
storage_values:
  CAES:
    cost: 46.8106
    lifetime: 25.4049
    annual_cost: 1.842581549228692
    efficiency: 0.603571
    discharge_ratio: 0.1
    depth_of_discharge: 0.4
  Li-ion:
    cost: 168.317
    lifetime: 13.3012
    annual_cost: 12.654271795026014
    efficiency: 0.86949
    discharge_ratio: 2
    depth_of_discharge: 0.9
  Pb-acid:
    cost: 219.267
    lifetime: 14.8449
    annual_cost: 14.77052725178344
    efficiency: 0.714364
    discharge_ratio: 5
    depth_of_discharge: 0.5
  VRBF:
    cost: 328.062
    lifetime: 20.0232
    annual_cost: 16.384094450437495
    efficiency: 0.764254
    discharge_ratio: 0.5
    depth_of_discharge: 1.0
