cost_values:
  wind_capex: 5000.0
  wind_opex: 100
  wind_lifetime: 20
  solar_capex: 1000.0
  solar_opex: 10
  solar_lifetime: 20
  carbon_price: 1.0
timeseries_values:
  load_level: 266312.53431341436
  wind_year: 2018
  solar_year: 2010
  price_year: 2023
  carbon_year: 2023
storage_values:
  CAES:
    cost: 47.5766
    lifetime: 25.3693
    annual_cost: 1.8753611648725035
    efficiency: 0.590483
    discharge_ratio: 0.1
    depth_of_discharge: 0.4
  Li-ion:
    cost: 177.089
    lifetime: 14.6932
    annual_cost: 12.052446029455803
    efficiency: 0.887646
    discharge_ratio: 2
    depth_of_discharge: 0.9
  Pb-acid:
    cost: 246.582
    lifetime: 16.3191
    annual_cost: 15.110024449877752
    efficiency: 0.714439
    discharge_ratio: 5
    depth_of_discharge: 0.5
  VRBF:
    cost: 337.287
    lifetime: 22.5001
    annual_cost: 14.990466709036848
    efficiency: 0.76715
    discharge_ratio: 0.5
    depth_of_discharge: 1.0
