cost_values:
  wind_capex: 5000.0
  wind_opex: 100
  wind_lifetime: 20
  solar_capex: 1000.0
  solar_opex: 10
  solar_lifetime: 20
  carbon_price: 1.0
timeseries_values:
  load_level: 266312.53431341436
  wind_year: 2018
  solar_year: 2010
  price_year: 2023
  carbon_year: 2023
storage_values:
  CAES:
    cost: 44.7705
    lifetime: 26.2574
    annual_cost: 1.705062191991591
    efficiency: 0.597277
    discharge_ratio: 0.1
    depth_of_discharge: 0.4
  Li-ion:
    cost: 177.893
    lifetime: 13.7943
    annual_cost: 12.896123761263711
    efficiency: 0.870131
    discharge_ratio: 2
    depth_of_discharge: 0.9
  Pb-acid:
    cost: 229.033
    lifetime: 16.4468
    annual_cost: 13.925687671765935
    efficiency: 0.702268
    discharge_ratio: 5
    depth_of_discharge: 0.5
  VRBF:
    cost: 329.183
    lifetime: 25.4707
    annual_cost: 12.92398716957131
    efficiency: 0.744086
    discharge_ratio: 0.5
    depth_of_discharge: 1.0
