cost_values:
  wind_capex: 5000.0
  wind_opex: 100
  wind_lifetime: 20
  solar_capex: 1000.0
  solar_opex: 10
  solar_lifetime: 20
  carbon_price: 1.0
timeseries_values:
  load_level: 266312.53431341436
  wind_year: 2018
  solar_year: 2010
  price_year: 2023
  carbon_year: 2023
storage_values:
  CAES:
    cost: 41.0765
    lifetime: 24.5903
    annual_cost: 1.6704350902591674
    efficiency: 0.593934
    discharge_ratio: 0.1
    depth_of_discharge: 0.4
  Li-ion:
    cost: 175.85
    lifetime: 13.7611
    annual_cost: 12.778774952583731
    efficiency: 0.863784
    discharge_ratio: 2
    depth_of_discharge: 0.9
  Pb-acid:
    cost: 228.071
    lifetime: 16.3389
    annual_cost: 13.958773234428268
    efficiency: 0.743225
    discharge_ratio: 5
    depth_of_discharge: 0.5
  VRBF:
    cost: 344.975
    lifetime: 23.2691
    annual_cost: 14.82545521743428
    efficiency: 0.749643
    discharge_ratio: 0.5
    depth_of_discharge: 1.0
