cost_values:
  wind_capex: 5000.0
  wind_opex: 100
  wind_lifetime: 20
  solar_capex: 1000.0
  solar_opex: 10
  solar_lifetime: 20
  carbon_price: 1.0
timeseries_values:
  load_level: 266312.53431341436
  wind_year: 2018
  solar_year: 2010
  price_year: 2023
  carbon_year: 2023
storage_values:
  CAES:
    cost: 45.1541
    lifetime: 25.3321
    annual_cost: 1.7824854631080722
    efficiency: 0.590704
    discharge_ratio: 0.1
    depth_of_discharge: 0.4
  Li-ion:
    cost: 179.894
    lifetime: 13.6348
    annual_cost: 13.193739548801597
    efficiency: 0.872668
    discharge_ratio: 2
    depth_of_discharge: 0.9
  Pb-acid:
    cost: 246.354
    lifetime: 17.9889
    annual_cost: 13.694778446708805
    efficiency: 0.708346
    discharge_ratio: 5
    depth_of_discharge: 0.5
  VRBF:
    cost: 334.657
    lifetime: 21.8746
    annual_cost: 15.298885465334221
    efficiency: 0.763143
    discharge_ratio: 0.5
    depth_of_discharge: 1.0
