cost_values:
  wind_capex: 5000.0
  wind_opex: 100
  wind_lifetime: 20
  solar_capex: 1000.0
  solar_opex: 10
  solar_lifetime: 20
  carbon_price: 1.0
timeseries_values:
  load_level: 266312.53431341436
  wind_year: 2018
  solar_year: 2010
  price_year: 2023
  carbon_year: 2023
storage_values:
  CAES:
    cost: 48.6254
    lifetime: 26.1837
    annual_cost: 1.8570866607851448
    efficiency: 0.585305
    discharge_ratio: 0.1
    depth_of_discharge: 0.4
  Li-ion:
    cost: 164.771
    lifetime: 16.9661
    annual_cost: 9.711778192984832
    efficiency: 0.873226
    discharge_ratio: 2
    depth_of_discharge: 0.9
  Pb-acid:
    cost: 223.257
    lifetime: 17.1372
    annual_cost: 13.027624115958266
    efficiency: 0.705798
    discharge_ratio: 5
    depth_of_discharge: 0.5
  VRBF:
    cost: 337.587
    lifetime: 23.0054
    annual_cost: 14.674250393385899
    efficiency: 0.748812
    discharge_ratio: 0.5
    depth_of_discharge: 1.0
