cost_values:
  wind_capex: 5000.0
  wind_opex: 100
  wind_lifetime: 20
  solar_capex: 1000.0
  solar_opex: 10
  solar_lifetime: 20
  carbon_price: 1.0
timeseries_values:
  load_level: 266312.53431341436
  wind_year: 2018
  solar_year: 2010
  price_year: 2023
  carbon_year: 2023
storage_values:
  CAES:
    cost: 50.2375
    lifetime: 24.463
    annual_cost: 2.053611576666803
    efficiency: 0.587813
    discharge_ratio: 0.1
    depth_of_discharge: 0.4
  Li-ion:
    cost: 161.398
    lifetime: 11.9216
    annual_cost: 13.538283451885652
    efficiency: 0.870171
    discharge_ratio: 2
    depth_of_discharge: 0.9
  Pb-acid:
    cost: 238.008
    lifetime: 16.2516
    annual_cost: 14.645204164513034
    efficiency: 0.729405
    discharge_ratio: 5
    depth_of_discharge: 0.5
  VRBF:
    cost: 340.45
    lifetime: 21.6082
    annual_cost: 15.755592784220804
    efficiency: 0.735187
    discharge_ratio: 0.5
    depth_of_discharge: 1.0
