cost_values:
  wind_capex: 5000.0
  wind_opex: 100
  wind_lifetime: 20
  solar_capex: 1000.0
  solar_opex: 10
  solar_lifetime: 20
  carbon_price: 1.0
timeseries_values:
  load_level: 266312.53431341436
  wind_year: 2018
  solar_year: 2010
  price_year: 2023
  carbon_year: 2023
storage_values:
  CAES:
    cost: 51.6376
    lifetime: 25.2205
    annual_cost: 2.0474455304216805
    efficiency: 0.588533
    discharge_ratio: 0.1
    depth_of_discharge: 0.4
  Li-ion:
    cost: 184.299
    lifetime: 12.9037
    annual_cost: 14.282647612700233
    efficiency: 0.875256
    discharge_ratio: 2
    depth_of_discharge: 0.9
  Pb-acid:
    cost: 235.26
    lifetime: 18.0229
    annual_cost: 13.053393183117034
    efficiency: 0.714551
    discharge_ratio: 5
    depth_of_discharge: 0.5
  VRBF:
    cost: 352.11
    lifetime: 22.6146
    annual_cost: 15.570029980631983
    efficiency: 0.758591
    discharge_ratio: 0.5
    depth_of_discharge: 1.0
