cost_values:
  wind_capex: 5000.0
  wind_opex: 100
  wind_lifetime: 20
  solar_capex: 1000.0
  solar_opex: 10
  solar_lifetime: 20
  carbon_price: 1.0
timeseries_values:
  load_level: 266312.53431341436
  wind_year: 2018
  solar_year: 2010
  price_year: 2023
  carbon_year: 2023
storage_values:
  CAES:
    cost: 48.628
    lifetime: 25.3517
    annual_cost: 1.9181356674305865
    efficiency: 0.596765
    discharge_ratio: 0.1
    depth_of_discharge: 0.4
  Li-ion:
    cost: 189.24
    lifetime: 14.436
    annual_cost: 13.108894430590192
    efficiency: 0.867757
    discharge_ratio: 2
    depth_of_discharge: 0.9
  Pb-acid:
    cost: 233.465
    lifetime: 15.0083
    annual_cost: 15.555725831706456
    efficiency: 0.709145
    discharge_ratio: 5
    depth_of_discharge: 0.5
  VRBF:
    cost: 323.814
    lifetime: 21.7847
    annual_cost: 14.864285484766832
    efficiency: 0.754646
    discharge_ratio: 0.5
    depth_of_discharge: 1.0
