cost_values:
  wind_capex: 5000.0
  wind_opex: 100
  wind_lifetime: 20
  solar_capex: 1000.0
  solar_opex: 10
  solar_lifetime: 20
  carbon_price: 1.0
timeseries_values:
  load_level: 266312.53431341436
  wind_year: 2018
  solar_year: 2010
  price_year: 2023
  carbon_year: 2023
storage_values:
  CAES:
    cost: 49.7155
    lifetime: 25.0621
    annual_cost: 1.9836925078105982
    efficiency: 0.610329
    discharge_ratio: 0.1
    depth_of_discharge: 0.4
  Li-ion:
    cost: 180.713
    lifetime: 14.2891
    annual_cost: 12.646912681694438
    efficiency: 0.871695
    discharge_ratio: 2
    depth_of_discharge: 0.9
  Pb-acid:
    cost: 200.265
    lifetime: 16.8809
    annual_cost: 11.863407756695436
    efficiency: 0.708444
    discharge_ratio: 5
    depth_of_discharge: 0.5
  VRBF:
    cost: 317.57
    lifetime: 22.2382
    annual_cost: 14.28038240505077
    efficiency: 0.733727
    discharge_ratio: 0.5
    depth_of_discharge: 1.0
