cost_values:
  wind_capex: 5000.0
  wind_opex: 100
  wind_lifetime: 20
  solar_capex: 1000.0
  solar_opex: 10
  solar_lifetime: 20
  carbon_price: 1.0
timeseries_values:
  load_level: 266312.53431341436
  wind_year: 2018
  solar_year: 2010
  price_year: 2023
  carbon_year: 2023
storage_values:
  CAES:
    cost: 43.594
    lifetime: 26.136
    annual_cost: 1.6679675543311907
    efficiency: 0.594606
    discharge_ratio: 0.1
    depth_of_discharge: 0.4
  Li-ion:
    cost: 154.476
    lifetime: 14.6058
    annual_cost: 10.576346382943761
    efficiency: 0.864953
    discharge_ratio: 2
    depth_of_discharge: 0.9
  Pb-acid:
    cost: 227.076
    lifetime: 16.8642
    annual_cost: 13.464973138364108
    efficiency: 0.701392
    discharge_ratio: 5
    depth_of_discharge: 0.5
  VRBF:
    cost: 306.362
    lifetime: 23.6286
    annual_cost: 12.965727973726757
    efficiency: 0.751104
    discharge_ratio: 0.5
    depth_of_discharge: 1.0
