cost_values:
  wind_capex: 5000.0
  wind_opex: 100
  wind_lifetime: 20
  solar_capex: 1000.0
  solar_opex: 10
  solar_lifetime: 20
  carbon_price: 1.0
timeseries_values:
  load_level: 266312.53431341436
  wind_year: 2018
  solar_year: 2010
  price_year: 2023
  carbon_year: 2023
storage_values:
  CAES:
    cost: 44.9336
    lifetime: 24.7015
    annual_cost: 1.8190636196182417
    efficiency: 0.595803
    discharge_ratio: 0.1
    depth_of_discharge: 0.4
  Li-ion:
    cost: 162.113
    lifetime: 13.6316
    annual_cost: 11.89244109275507
    efficiency: 0.878849
    discharge_ratio: 2
    depth_of_discharge: 0.9
  Pb-acid:
    cost: 237.675
    lifetime: 13.6036
    annual_cost: 17.471478138139904
    efficiency: 0.707742
    discharge_ratio: 5
    depth_of_discharge: 0.5
  VRBF:
    cost: 319.281
    lifetime: 22.1361
    annual_cost: 14.423543442611843
    efficiency: 0.760362
    discharge_ratio: 0.5
    depth_of_discharge: 1.0
