cost_values:
  wind_capex: 5000.0
  wind_opex: 100
  wind_lifetime: 20
  solar_capex: 1000.0
  solar_opex: 10
  solar_lifetime: 20
  carbon_price: 1.0
timeseries_values:
  load_level: 266312.53431341436
  wind_year: 2018
  solar_year: 2010
  price_year: 2023
  carbon_year: 2023
storage_values:
  CAES:
    cost: 38.1143
    lifetime: 25.0634
    annual_cost: 1.520715465579291
    efficiency: 0.593028
    discharge_ratio: 0.1
    depth_of_discharge: 0.4
  Li-ion:
    cost: 174.716
    lifetime: 13.292
    annual_cost: 13.144447788143244
    efficiency: 0.870547
    discharge_ratio: 2
    depth_of_discharge: 0.9
  Pb-acid:
    cost: 236.774
    lifetime: 15.9824
    annual_cost: 14.814671138252077
    efficiency: 0.727078
    discharge_ratio: 5
    depth_of_discharge: 0.5
  VRBF:
    cost: 324.677
    lifetime: 22.0898
    annual_cost: 14.698050684026112
    efficiency: 0.761218
    discharge_ratio: 0.5
    depth_of_discharge: 1.0
