cost_values:
  wind_capex: 5000.0
  wind_opex: 100
  wind_lifetime: 20
  solar_capex: 1000.0
  solar_opex: 10
  solar_lifetime: 20
  carbon_price: 1.0
timeseries_values:
  load_level: 266312.53431341436
  wind_year: 2018
  solar_year: 2010
  price_year: 2023
  carbon_year: 2023
storage_values:
  CAES:
    cost: 47.3218
    lifetime: 26.2667
    annual_cost: 1.801589084277812
    efficiency: 0.604071
    discharge_ratio: 0.1
    depth_of_discharge: 0.4
  Li-ion:
    cost: 165.209
    lifetime: 14.0503
    annual_cost: 11.758396617865811
    efficiency: 0.872048
    discharge_ratio: 2
    depth_of_discharge: 0.9
  Pb-acid:
    cost: 233.168
    lifetime: 15.8241
    annual_cost: 14.734992827396187
    efficiency: 0.700911
    discharge_ratio: 5
    depth_of_discharge: 0.5
  VRBF:
    cost: 319.827
    lifetime: 22.5344
    annual_cost: 14.192834067026412
    efficiency: 0.7559
    discharge_ratio: 0.5
    depth_of_discharge: 1.0
