cost_values:
  wind_capex: 5000.0
  wind_opex: 100
  wind_lifetime: 20
  solar_capex: 1000.0
  solar_opex: 10
  solar_lifetime: 20
  carbon_price: 1.0
timeseries_values:
  load_level: 266312.53431341436
  wind_year: 2018
  solar_year: 2010
  price_year: 2023
  carbon_year: 2023
storage_values:
  CAES:
    cost: 49.1934
    lifetime: 25.3761
    annual_cost: 1.9385721210115028
    efficiency: 0.605844
    discharge_ratio: 0.1
    depth_of_discharge: 0.4
  Li-ion:
    cost: 189.676
    lifetime: 16.5498
    annual_cost: 11.460923999081558
    efficiency: 0.865338
    discharge_ratio: 2
    depth_of_discharge: 0.9
  Pb-acid:
    cost: 222.679
    lifetime: 17.5498
    annual_cost: 12.68840670548952
    efficiency: 0.712291
    discharge_ratio: 5
    depth_of_discharge: 0.5
  VRBF:
    cost: 319.963
    lifetime: 23.4912
    annual_cost: 13.620547268764476
    efficiency: 0.74587
    discharge_ratio: 0.5
    depth_of_discharge: 1.0
