cost_values:
  wind_capex: 5000.0
  wind_opex: 100
  wind_lifetime: 20
  solar_capex: 1000.0
  solar_opex: 10
  solar_lifetime: 20
  carbon_price: 1.0
timeseries_values:
  load_level: 266312.53431341436
  wind_year: 2018
  solar_year: 2010
  price_year: 2023
  carbon_year: 2023
storage_values:
  CAES:
    cost: 55.0974
    lifetime: 24.9218
    annual_cost: 2.2108114181158665
    efficiency: 0.597877
    discharge_ratio: 0.1
    depth_of_discharge: 0.4
  Li-ion:
    cost: 168.367
    lifetime: 12.8789
    annual_cost: 13.073088540170355
    efficiency: 0.860616
    discharge_ratio: 2
    depth_of_discharge: 0.9
  Pb-acid:
    cost: 226.582
    lifetime: 16.1256
    annual_cost: 14.05107406856179
    efficiency: 0.71775
    discharge_ratio: 5
    depth_of_discharge: 0.5
  VRBF:
    cost: 363.576
    lifetime: 22.3464
    annual_cost: 16.27000322199549
    efficiency: 0.748602
    discharge_ratio: 0.5
    depth_of_discharge: 1.0
