cost_values:
  wind_capex: 5000.0
  wind_opex: 100
  wind_lifetime: 20
  solar_capex: 1000.0
  solar_opex: 10
  solar_lifetime: 20
  carbon_price: 1.0
timeseries_values:
  load_level: 266312.53431341436
  wind_year: 2018
  solar_year: 2010
  price_year: 2023
  carbon_year: 2023
storage_values:
  CAES:
    cost: 53.0402
    lifetime: 25.1359
    annual_cost: 2.110137293671601
    efficiency: 0.598222
    discharge_ratio: 0.1
    depth_of_discharge: 0.4
  Li-ion:
    cost: 171.216
    lifetime: 14.0963
    annual_cost: 12.146166015195478
    efficiency: 0.89781
    discharge_ratio: 2
    depth_of_discharge: 0.9
  Pb-acid:
    cost: 238.127
    lifetime: 15.2983
    annual_cost: 15.565585718674626
    efficiency: 0.710367
    discharge_ratio: 5
    depth_of_discharge: 0.5
  VRBF:
    cost: 344.759
    lifetime: 22.5481
    annual_cost: 15.289935737379203
    efficiency: 0.729777
    discharge_ratio: 0.5
    depth_of_discharge: 1.0
