cost_values:
  wind_capex: 5000.0
  wind_opex: 100
  wind_lifetime: 20
  solar_capex: 1000.0
  solar_opex: 10
  solar_lifetime: 20
  carbon_price: 1.0
timeseries_values:
  load_level: 266312.53431341436
  wind_year: 2018
  solar_year: 2010
  price_year: 2023
  carbon_year: 2023
storage_values:
  CAES:
    cost: 53.0004
    lifetime: 24.515
    annual_cost: 2.1619579849071995
    efficiency: 0.603104
    discharge_ratio: 0.1
    depth_of_discharge: 0.4
  Li-ion:
    cost: 176.475
    lifetime: 13.5204
    annual_cost: 13.052498446791514
    efficiency: 0.874958
    discharge_ratio: 2
    depth_of_discharge: 0.9
  Pb-acid:
    cost: 230.018
    lifetime: 16.5776
    annual_cost: 13.875229224978284
    efficiency: 0.720468
    discharge_ratio: 5
    depth_of_discharge: 0.5
  VRBF:
    cost: 369.408
    lifetime: 22.224
    annual_cost: 16.622030237580994
    efficiency: 0.753789
    discharge_ratio: 0.5
    depth_of_discharge: 1.0
