cost_values:
  wind_capex: 5000.0
  wind_opex: 100
  wind_lifetime: 20
  solar_capex: 1000.0
  solar_opex: 10
  solar_lifetime: 20
  carbon_price: 1.0
timeseries_values:
  load_level: 266312.53431341436
  wind_year: 2018
  solar_year: 2010
  price_year: 2023
  carbon_year: 2023
storage_values:
  CAES:
    cost: 51.1694
    lifetime: 25.2262
    annual_cost: 2.0284228302320604
    efficiency: 0.598808
    discharge_ratio: 0.1
    depth_of_discharge: 0.4
  Li-ion:
    cost: 185.565
    lifetime: 15.6032
    annual_cost: 11.892752768662838
    efficiency: 0.887589
    discharge_ratio: 2
    depth_of_discharge: 0.9
  Pb-acid:
    cost: 231.125
    lifetime: 16.4381
    annual_cost: 14.060323273371012
    efficiency: 0.697228
    discharge_ratio: 5
    depth_of_discharge: 0.5
  VRBF:
    cost: 314.677
    lifetime: 21.216
    annual_cost: 14.832060708898945
    efficiency: 0.770529
    discharge_ratio: 0.5
    depth_of_discharge: 1.0
