cost_values:
  wind_capex: 5000.0
  wind_opex: 100
  wind_lifetime: 20
  solar_capex: 1000.0
  solar_opex: 10
  solar_lifetime: 20
  carbon_price: 1.0
timeseries_values:
  load_level: 266312.53431341436
  wind_year: 2018
  solar_year: 2010
  price_year: 2023
  carbon_year: 2023
storage_values:
  CAES:
    cost: 44.991
    lifetime: 24.1935
    annual_cost: 1.8596317192634384
    efficiency: 0.589622
    discharge_ratio: 0.1
    depth_of_discharge: 0.4
  Li-ion:
    cost: 150.854
    lifetime: 13.7944
    annual_cost: 10.935887026619499
    efficiency: 0.868213
    discharge_ratio: 2
    depth_of_discharge: 0.9
  Pb-acid:
    cost: 247.165
    lifetime: 16.3075
    annual_cost: 15.156523072206038
    efficiency: 0.724442
    discharge_ratio: 5
    depth_of_discharge: 0.5
  VRBF:
    cost: 362.526
    lifetime: 22.2384
    annual_cost: 16.301802287934386
    efficiency: 0.736682
    discharge_ratio: 0.5
    depth_of_discharge: 1.0
