cost_values:
  wind_capex: 5000.0
  wind_opex: 100
  wind_lifetime: 20
  solar_capex: 1000.0
  solar_opex: 10
  solar_lifetime: 20
  carbon_price: 1.0
timeseries_values:
  load_level: 266312.53431341436
  wind_year: 2018
  solar_year: 2010
  price_year: 2023
  carbon_year: 2023
storage_values:
  CAES:
    cost: 52.196
    lifetime: 25.772
    annual_cost: 2.025298773863107
    efficiency: 0.585815
    discharge_ratio: 0.1
    depth_of_discharge: 0.4
  Li-ion:
    cost: 190.471
    lifetime: 13.9322
    annual_cost: 13.671279482063134
    efficiency: 0.867703
    discharge_ratio: 2
    depth_of_discharge: 0.9
  Pb-acid:
    cost: 247.399
    lifetime: 16.8314
    annual_cost: 14.698658459783502
    efficiency: 0.731309
    discharge_ratio: 5
    depth_of_discharge: 0.5
  VRBF:
    cost: 329.155
    lifetime: 22.9494
    annual_cost: 14.342640766207394
    efficiency: 0.743528
    discharge_ratio: 0.5
    depth_of_discharge: 1.0
