cost_values:
  wind_capex: 5000.0
  wind_opex: 100
  wind_lifetime: 20
  solar_capex: 1000.0
  solar_opex: 10
  solar_lifetime: 20
  carbon_price: 1.0
timeseries_values:
  load_level: 266312.53431341436
  wind_year: 2018
  solar_year: 2010
  price_year: 2023
  carbon_year: 2023
storage_values:
  CAES:
    cost: 43.1943
    lifetime: 24.7729
    annual_cost: 1.7436109619786138
    efficiency: 0.585924
    discharge_ratio: 0.1
    depth_of_discharge: 0.4
  Li-ion:
    cost: 191.052
    lifetime: 14.2426
    annual_cost: 13.41412382570598
    efficiency: 0.876148
    discharge_ratio: 2
    depth_of_discharge: 0.9
  Pb-acid:
    cost: 237.003
    lifetime: 16.817
    annual_cost: 14.093060593447106
    efficiency: 0.705996
    discharge_ratio: 5
    depth_of_discharge: 0.5
  VRBF:
    cost: 329.715
    lifetime: 22.6767
    annual_cost: 14.539813994099669
    efficiency: 0.738146
    discharge_ratio: 0.5
    depth_of_discharge: 1.0
