cost_values:
  wind_capex: 5000.0
  wind_opex: 100
  wind_lifetime: 20
  solar_capex: 1000.0
  solar_opex: 10
  solar_lifetime: 20
  carbon_price: 1.0
timeseries_values:
  load_level: 266312.53431341436
  wind_year: 2018
  solar_year: 2010
  price_year: 2023
  carbon_year: 2023
storage_values:
  CAES:
    cost: 45.6313
    lifetime: 24.3821
    annual_cost: 1.8715081965868403
    efficiency: 0.591448
    discharge_ratio: 0.1
    depth_of_discharge: 0.4
  Li-ion:
    cost: 186.24
    lifetime: 14.6544
    annual_cost: 12.708811005568293
    efficiency: 0.874617
    discharge_ratio: 2
    depth_of_discharge: 0.9
  Pb-acid:
    cost: 244.43
    lifetime: 16.985
    annual_cost: 14.390933176332059
    efficiency: 0.708517
    discharge_ratio: 5
    depth_of_discharge: 0.5
  VRBF:
    cost: 307.675
    lifetime: 21.8494
    annual_cost: 14.081622378646554
    efficiency: 0.746153
    discharge_ratio: 0.5
    depth_of_discharge: 1.0
