cost_values:
  wind_capex: 5000.0
  wind_opex: 100
  wind_lifetime: 20
  solar_capex: 1000.0
  solar_opex: 10
  solar_lifetime: 20
  carbon_price: 1.0
timeseries_values:
  load_level: 266312.53431341436
  wind_year: 2018
  solar_year: 2010
  price_year: 2023
  carbon_year: 2023
storage_values:
  CAES:
    cost: 45.9872
    lifetime: 25.9067
    annual_cost: 1.7751083696495502
    efficiency: 0.586618
    discharge_ratio: 0.1
    depth_of_discharge: 0.4
  Li-ion:
    cost: 173.786
    lifetime: 16.5202
    annual_cost: 10.519606300165858
    efficiency: 0.866333
    discharge_ratio: 2
    depth_of_discharge: 0.9
  Pb-acid:
    cost: 225.793
    lifetime: 17.4168
    annual_cost: 12.96409214092141
    efficiency: 0.704566
    discharge_ratio: 5
    depth_of_discharge: 0.5
  VRBF:
    cost: 344.284
    lifetime: 22.7147
    annual_cost: 15.156880786451064
    efficiency: 0.777916
    discharge_ratio: 0.5
    depth_of_discharge: 1.0
