cost_values:
  wind_capex: 5000.0
  wind_opex: 100
  wind_lifetime: 20
  solar_capex: 1000.0
  solar_opex: 10
  solar_lifetime: 20
  carbon_price: 1.0
timeseries_values:
  load_level: 266312.53431341436
  wind_year: 2018
  solar_year: 2010
  price_year: 2023
  carbon_year: 2023
storage_values:
  CAES:
    cost: 46.0782
    lifetime: 25.4213
    annual_cost: 1.8125823620349866
    efficiency: 0.597674
    discharge_ratio: 0.1
    depth_of_discharge: 0.4
  Li-ion:
    cost: 177.528
    lifetime: 12.8132
    annual_cost: 13.855086941591482
    efficiency: 0.874952
    discharge_ratio: 2
    depth_of_discharge: 0.9
  Pb-acid:
    cost: 241.013
    lifetime: 15.6734
    annual_cost: 15.37719958656067
    efficiency: 0.723606
    discharge_ratio: 5
    depth_of_discharge: 0.5
  VRBF:
    cost: 341.331
    lifetime: 22.296
    annual_cost: 15.309068891280948
    efficiency: 0.770865
    discharge_ratio: 0.5
    depth_of_discharge: 1.0
