cost_values:
  wind_capex: 5000.0
  wind_opex: 100
  wind_lifetime: 20
  solar_capex: 1000.0
  solar_opex: 10
  solar_lifetime: 20
  carbon_price: 1.0
timeseries_values:
  load_level: 266312.53431341436
  wind_year: 2018
  solar_year: 2010
  price_year: 2023
  carbon_year: 2023
storage_values:
  CAES:
    cost: 44.7141
    lifetime: 25.7139
    annual_cost: 1.738907750282921
    efficiency: 0.599524
    discharge_ratio: 0.1
    depth_of_discharge: 0.4
  Li-ion:
    cost: 188.252
    lifetime: 14.3159
    annual_cost: 13.149854357742093
    efficiency: 0.872698
    discharge_ratio: 2
    depth_of_discharge: 0.9
  Pb-acid:
    cost: 227.153
    lifetime: 15.8118
    annual_cost: 14.366043081749073
    efficiency: 0.707818
    discharge_ratio: 5
    depth_of_discharge: 0.5
  VRBF:
    cost: 349.199
    lifetime: 22.9144
    annual_cost: 15.239281848968334
    efficiency: 0.734074
    discharge_ratio: 0.5
    depth_of_discharge: 1.0
