cost_values:
  wind_capex: 5000.0
  wind_opex: 100
  wind_lifetime: 20
  solar_capex: 1000.0
  solar_opex: 10
  solar_lifetime: 20
  carbon_price: 1.0
timeseries_values:
  load_level: 287758.7520025469
  wind_year: 2011
  solar_year: 2018
  price_year: 2023
  carbon_year: 2023
storage_values:
  CAES:
    cost: 61.6094
    lifetime: 22.2958
    annual_cost: 2.7632738004467208
    efficiency: 0.571168
    discharge_ratio: 0.1
    depth_of_discharge: 0.4
  Li-ion:
    cost: 248.13
    lifetime: 19.3983
    annual_cost: 12.791327075052969
    efficiency: 0.933489
    discharge_ratio: 2
    depth_of_discharge: 0.9
  Pb-acid:
    cost: 145.736
    lifetime: 8.61125
    annual_cost: 16.923907678908403
    efficiency: 0.724003
    discharge_ratio: 5
    depth_of_discharge: 0.5
  VRBF:
    cost: 280.678
    lifetime: 21.9037
    annual_cost: 12.814182078826864
    efficiency: 0.748117
    discharge_ratio: 0.5
    depth_of_discharge: 1.0
