cost_values:
  wind_capex: 5000.0
  wind_opex: 100
  wind_lifetime: 20
  solar_capex: 1000.0
  solar_opex: 10
  solar_lifetime: 20
  carbon_price: 1.0
timeseries_values:
  load_level: 287758.7520025469
  wind_year: 2011
  solar_year: 2018
  price_year: 2023
  carbon_year: 2023
storage_values:
  CAES:
    cost: 61.0863
    lifetime: 22.8135
    annual_cost: 2.6776382405154844
    efficiency: 0.5716
    discharge_ratio: 0.1
    depth_of_discharge: 0.4
  Li-ion:
    cost: 230.568
    lifetime: 21.6364
    annual_cost: 10.656486291619679
    efficiency: 0.934976
    discharge_ratio: 2
    depth_of_discharge: 0.9
  Pb-acid:
    cost: 135.641
    lifetime: 10.6636
    annual_cost: 12.720000750215686
    efficiency: 0.753483
    discharge_ratio: 5
    depth_of_discharge: 0.5
  VRBF:
    cost: 300.161
    lifetime: 20.4598
    annual_cost: 14.670769020225025
    efficiency: 0.731116
    discharge_ratio: 0.5
    depth_of_discharge: 1.0
