cost_values:
  wind_capex: 5000.0
  wind_opex: 100
  wind_lifetime: 20
  solar_capex: 1000.0
  solar_opex: 10
  solar_lifetime: 20
  carbon_price: 1.0
timeseries_values:
  load_level: 287758.7520025469
  wind_year: 2011
  solar_year: 2018
  price_year: 2023
  carbon_year: 2023
storage_values:
  CAES:
    cost: 59.3419
    lifetime: 23.8376
    annual_cost: 2.489424270899755
    efficiency: 0.580197
    discharge_ratio: 0.1
    depth_of_discharge: 0.4
  Li-ion:
    cost: 241.42
    lifetime: 19.9037
    annual_cost: 12.129403075810025
    efficiency: 0.94029
    discharge_ratio: 2
    depth_of_discharge: 0.9
  Pb-acid:
    cost: 137.831
    lifetime: 9.10562
    annual_cost: 15.13691544342944
    efficiency: 0.740247
    discharge_ratio: 5
    depth_of_discharge: 0.5
  VRBF:
    cost: 327.091
    lifetime: 23.085
    annual_cost: 14.16898418886723
    efficiency: 0.740011
    discharge_ratio: 0.5
    depth_of_discharge: 1.0
