cost_values:
  wind_capex: 5000.0
  wind_opex: 100
  wind_lifetime: 20
  solar_capex: 1000.0
  solar_opex: 10
  solar_lifetime: 20
  carbon_price: 1.0
timeseries_values:
  load_level: 287758.7520025469
  wind_year: 2011
  solar_year: 2018
  price_year: 2023
  carbon_year: 2023
storage_values:
  CAES:
    cost: 58.2902
    lifetime: 22.5464
    annual_cost: 2.5853440017031546
    efficiency: 0.564679
    discharge_ratio: 0.1
    depth_of_discharge: 0.4
  Li-ion:
    cost: 251.106
    lifetime: 18.8359
    annual_cost: 13.331245122346159
    efficiency: 0.934965
    discharge_ratio: 2
    depth_of_discharge: 0.9
  Pb-acid:
    cost: 153.048
    lifetime: 10.2494
    annual_cost: 14.9323862860265
    efficiency: 0.756
    discharge_ratio: 5
    depth_of_discharge: 0.5
  VRBF:
    cost: 303.911
    lifetime: 22.0745
    annual_cost: 13.767514552991008
    efficiency: 0.743663
    discharge_ratio: 0.5
    depth_of_discharge: 1.0
