cost_values:
  wind_capex: 5000.0
  wind_opex: 100
  wind_lifetime: 20
  solar_capex: 1000.0
  solar_opex: 10
  solar_lifetime: 20
  carbon_price: 1.0
timeseries_values:
  load_level: 287758.7520025469
  wind_year: 2011
  solar_year: 2018
  price_year: 2023
  carbon_year: 2023
storage_values:
  CAES:
    cost: 57.0376
    lifetime: 22.477
    annual_cost: 2.537598433954709
    efficiency: 0.578045
    discharge_ratio: 0.1
    depth_of_discharge: 0.4
  Li-ion:
    cost: 241.873
    lifetime: 20.9262
    annual_cost: 11.558381359252992
    efficiency: 0.928129
    discharge_ratio: 2
    depth_of_discharge: 0.9
  Pb-acid:
    cost: 117.111
    lifetime: 9.8735
    annual_cost: 11.861143464830102
    efficiency: 0.733055
    discharge_ratio: 5
    depth_of_discharge: 0.5
  VRBF:
    cost: 347.229
    lifetime: 22.7861
    annual_cost: 15.238632324092318
    efficiency: 0.746217
    discharge_ratio: 0.5
    depth_of_discharge: 1.0
