cost_values:
  wind_capex: 5000.0
  wind_opex: 100
  wind_lifetime: 20
  solar_capex: 1000.0
  solar_opex: 10
  solar_lifetime: 20
  carbon_price: 1.0
timeseries_values:
  load_level: 287758.7520025469
  wind_year: 2011
  solar_year: 2018
  price_year: 2023
  carbon_year: 2023
storage_values:
  CAES:
    cost: 62.4991
    lifetime: 23.3194
    annual_cost: 2.6801332795869532
    efficiency: 0.579999
    discharge_ratio: 0.1
    depth_of_discharge: 0.4
  Li-ion:
    cost: 244.79
    lifetime: 18.4417
    annual_cost: 13.27372205382367
    efficiency: 0.928936
    discharge_ratio: 2
    depth_of_discharge: 0.9
  Pb-acid:
    cost: 126.682
    lifetime: 10.4747
    annual_cost: 12.094093386922776
    efficiency: 0.748668
    discharge_ratio: 5
    depth_of_discharge: 0.5
  VRBF:
    cost: 348.502
    lifetime: 22.3417
    annual_cost: 15.59872346329957
    efficiency: 0.745942
    discharge_ratio: 0.5
    depth_of_discharge: 1.0
