cost_values:
  wind_capex: 5000.0
  wind_opex: 100
  wind_lifetime: 20
  solar_capex: 1000.0
  solar_opex: 10
  solar_lifetime: 20
  carbon_price: 1.0
timeseries_values:
  load_level: 287758.7520025469
  wind_year: 2011
  solar_year: 2018
  price_year: 2023
  carbon_year: 2023
storage_values:
  CAES:
    cost: 54.6798
    lifetime: 22.9326
    annual_cost: 2.3843698490358705
    efficiency: 0.583127
    discharge_ratio: 0.1
    depth_of_discharge: 0.4
  Li-ion:
    cost: 265.834
    lifetime: 18.3676
    annual_cost: 14.472985038872798
    efficiency: 0.930365
    discharge_ratio: 2
    depth_of_discharge: 0.9
  Pb-acid:
    cost: 159.119
    lifetime: 10.474
    annual_cost: 15.191808287187321
    efficiency: 0.737705
    discharge_ratio: 5
    depth_of_discharge: 0.5
  VRBF:
    cost: 312.72
    lifetime: 22.2201
    annual_cost: 14.073744042556067
    efficiency: 0.772717
    discharge_ratio: 0.5
    depth_of_discharge: 1.0
