cost_values:
  wind_capex: 5000.0
  wind_opex: 100
  wind_lifetime: 20
  solar_capex: 1000.0
  solar_opex: 10
  solar_lifetime: 20
  carbon_price: 1.0
timeseries_values:
  load_level: 287758.7520025469
  wind_year: 2011
  solar_year: 2018
  price_year: 2023
  carbon_year: 2023
storage_values:
  CAES:
    cost: 57.8955
    lifetime: 21.407
    annual_cost: 2.7045125426262437
    efficiency: 0.582825
    discharge_ratio: 0.1
    depth_of_discharge: 0.4
  Li-ion:
    cost: 252.463
    lifetime: 19.7454
    annual_cost: 12.785914694055323
    efficiency: 0.928843
    discharge_ratio: 2
    depth_of_discharge: 0.9
  Pb-acid:
    cost: 136.657
    lifetime: 9.14811
    annual_cost: 14.938276868118114
    efficiency: 0.741486
    discharge_ratio: 5
    depth_of_discharge: 0.5
  VRBF:
    cost: 294.244
    lifetime: 23.1407
    annual_cost: 12.715432117438109
    efficiency: 0.735206
    discharge_ratio: 0.5
    depth_of_discharge: 1.0
