cost_values:
  wind_capex: 5000.0
  wind_opex: 100
  wind_lifetime: 20
  solar_capex: 1000.0
  solar_opex: 10
  solar_lifetime: 20
  carbon_price: 1.0
timeseries_values:
  load_level: 287758.7520025469
  wind_year: 2011
  solar_year: 2018
  price_year: 2023
  carbon_year: 2023
storage_values:
  CAES:
    cost: 57.9627
    lifetime: 22.7801
    annual_cost: 2.5444444932199595
    efficiency: 0.574639
    discharge_ratio: 0.1
    depth_of_discharge: 0.4
  Li-ion:
    cost: 236.372
    lifetime: 19.1475
    annual_cost: 12.344796970883928
    efficiency: 0.92824
    discharge_ratio: 2
    depth_of_discharge: 0.9
  Pb-acid:
    cost: 153.77
    lifetime: 10.067
    annual_cost: 15.274659779477501
    efficiency: 0.738749
    discharge_ratio: 5
    depth_of_discharge: 0.5
  VRBF:
    cost: 314.931
    lifetime: 23.7173
    annual_cost: 13.278535077770234
    efficiency: 0.746993
    discharge_ratio: 0.5
    depth_of_discharge: 1.0
