cost_values:
  wind_capex: 5000.0
  wind_opex: 100
  wind_lifetime: 20
  solar_capex: 1000.0
  solar_opex: 10
  solar_lifetime: 20
  carbon_price: 1.0
timeseries_values:
  load_level: 287758.7520025469
  wind_year: 2011
  solar_year: 2018
  price_year: 2023
  carbon_year: 2023
storage_values:
  CAES:
    cost: 60.6924
    lifetime: 21.929
    annual_cost: 2.7676775046741757
    efficiency: 0.576445
    discharge_ratio: 0.1
    depth_of_discharge: 0.4
  Li-ion:
    cost: 229.382
    lifetime: 18.1768
    annual_cost: 12.619492980062498
    efficiency: 0.918039
    discharge_ratio: 2
    depth_of_discharge: 0.9
  Pb-acid:
    cost: 138.58
    lifetime: 9.26543
    annual_cost: 14.956672275328831
    efficiency: 0.739605
    discharge_ratio: 5
    depth_of_discharge: 0.5
  VRBF:
    cost: 331.305
    lifetime: 23.1388
    annual_cost: 14.318158245025671
    efficiency: 0.757944
    discharge_ratio: 0.5
    depth_of_discharge: 1.0
