cost_values:
  wind_capex: 5000.0
  wind_opex: 100
  wind_lifetime: 20
  solar_capex: 1000.0
  solar_opex: 10
  solar_lifetime: 20
  carbon_price: 1.0
timeseries_values:
  load_level: 287758.7520025469
  wind_year: 2011
  solar_year: 2018
  price_year: 2023
  carbon_year: 2023
storage_values:
  CAES:
    cost: 59.7258
    lifetime: 22.2358
    annual_cost: 2.6860198418766132
    efficiency: 0.581449
    discharge_ratio: 0.1
    depth_of_discharge: 0.4
  Li-ion:
    cost: 234.721
    lifetime: 19.0139
    annual_cost: 12.344705715292497
    efficiency: 0.924963
    discharge_ratio: 2
    depth_of_discharge: 0.9
  Pb-acid:
    cost: 126.552
    lifetime: 10.6514
    annual_cost: 11.881255046284995
    efficiency: 0.737305
    discharge_ratio: 5
    depth_of_discharge: 0.5
  VRBF:
    cost: 313.63
    lifetime: 23.1651
    annual_cost: 13.538901191879164
    efficiency: 0.720576
    discharge_ratio: 0.5
    depth_of_discharge: 1.0
