cost_values:
  wind_capex: 5000.0
  wind_opex: 100
  wind_lifetime: 20
  solar_capex: 1000.0
  solar_opex: 10
  solar_lifetime: 20
  carbon_price: 1.0
timeseries_values:
  load_level: 287758.7520025469
  wind_year: 2011
  solar_year: 2018
  price_year: 2023
  carbon_year: 2023
storage_values:
  CAES:
    cost: 62.7456
    lifetime: 22.9439
    annual_cost: 2.734739952667158
    efficiency: 0.58306
    discharge_ratio: 0.1
    depth_of_discharge: 0.4
  Li-ion:
    cost: 244.662
    lifetime: 19.5408
    annual_cost: 12.52057234094817
    efficiency: 0.928765
    discharge_ratio: 2
    depth_of_discharge: 0.9
  Pb-acid:
    cost: 142.569
    lifetime: 11.5041
    annual_cost: 12.392886014551333
    efficiency: 0.742319
    discharge_ratio: 5
    depth_of_discharge: 0.5
  VRBF:
    cost: 348.265
    lifetime: 24.6632
    annual_cost: 14.120835901261799
    efficiency: 0.745523
    discharge_ratio: 0.5
    depth_of_discharge: 1.0
