cost_values:
  wind_capex: 5000.0
  wind_opex: 100
  wind_lifetime: 20
  solar_capex: 1000.0
  solar_opex: 10
  solar_lifetime: 20
  carbon_price: 1.0
timeseries_values:
  load_level: 287758.7520025469
  wind_year: 2011
  solar_year: 2018
  price_year: 2023
  carbon_year: 2023
storage_values:
  CAES:
    cost: 64.7227
    lifetime: 22.4205
    annual_cost: 2.8867643451305725
    efficiency: 0.586204
    discharge_ratio: 0.1
    depth_of_discharge: 0.4
  Li-ion:
    cost: 227.866
    lifetime: 20.7603
    annual_cost: 10.976045625544911
    efficiency: 0.941105
    discharge_ratio: 2
    depth_of_discharge: 0.9
  Pb-acid:
    cost: 129.611
    lifetime: 9.88546
    annual_cost: 13.111276561738148
    efficiency: 0.73714
    discharge_ratio: 5
    depth_of_discharge: 0.5
  VRBF:
    cost: 312.054
    lifetime: 23.6305
    annual_cost: 13.205560610228305
    efficiency: 0.748725
    discharge_ratio: 0.5
    depth_of_discharge: 1.0
