cost_values:
  wind_capex: 5000.0
  wind_opex: 100
  wind_lifetime: 20
  solar_capex: 1000.0
  solar_opex: 10
  solar_lifetime: 20
  carbon_price: 1.0
timeseries_values:
  load_level: 287758.7520025469
  wind_year: 2011
  solar_year: 2018
  price_year: 2023
  carbon_year: 2023
storage_values:
  CAES:
    cost: 62.2822
    lifetime: 22.7432
    annual_cost: 2.738497660839284
    efficiency: 0.577865
    discharge_ratio: 0.1
    depth_of_discharge: 0.4
  Li-ion:
    cost: 256.272
    lifetime: 17.7567
    annual_cost: 14.432411427799085
    efficiency: 0.928672
    discharge_ratio: 2
    depth_of_discharge: 0.9
  Pb-acid:
    cost: 137.734
    lifetime: 9.75059
    annual_cost: 14.125709316051644
    efficiency: 0.741269
    discharge_ratio: 5
    depth_of_discharge: 0.5
  VRBF:
    cost: 296.814
    lifetime: 24.2758
    annual_cost: 12.226744329744026
    efficiency: 0.760888
    discharge_ratio: 0.5
    depth_of_discharge: 1.0
