cost_values:
  wind_capex: 5000.0
  wind_opex: 100
  wind_lifetime: 20
  solar_capex: 1000.0
  solar_opex: 10
  solar_lifetime: 20
  carbon_price: 1.0
timeseries_values:
  load_level: 287758.7520025469
  wind_year: 2011
  solar_year: 2018
  price_year: 2023
  carbon_year: 2023
storage_values:
  CAES:
    cost: 65.6234
    lifetime: 23.111
    annual_cost: 2.839487689844663
    efficiency: 0.579492
    discharge_ratio: 0.1
    depth_of_discharge: 0.4
  Li-ion:
    cost: 236.079
    lifetime: 18.962
    annual_cost: 12.450110747811413
    efficiency: 0.911893
    discharge_ratio: 2
    depth_of_discharge: 0.9
  Pb-acid:
    cost: 122.026
    lifetime: 9.86
    annual_cost: 12.375862068965517
    efficiency: 0.763587
    discharge_ratio: 5
    depth_of_discharge: 0.5
  VRBF:
    cost: 304.603
    lifetime: 22.4682
    annual_cost: 13.557071772549648
    efficiency: 0.734667
    discharge_ratio: 0.5
    depth_of_discharge: 1.0
