cost_values:
  wind_capex: 5000.0
  wind_opex: 100
  wind_lifetime: 20
  solar_capex: 1000.0
  solar_opex: 10
  solar_lifetime: 20
  carbon_price: 1.0
timeseries_values:
  load_level: 287758.7520025469
  wind_year: 2011
  solar_year: 2018
  price_year: 2023
  carbon_year: 2023
storage_values:
  CAES:
    cost: 61.4822
    lifetime: 23.2762
    annual_cost: 2.6414191319888984
    efficiency: 0.577309
    discharge_ratio: 0.1
    depth_of_discharge: 0.4
  Li-ion:
    cost: 243.911
    lifetime: 17.6349
    annual_cost: 13.831152997748784
    efficiency: 0.938512
    discharge_ratio: 2
    depth_of_discharge: 0.9
  Pb-acid:
    cost: 145.542
    lifetime: 9.93647
    annual_cost: 14.647254004691808
    efficiency: 0.738249
    discharge_ratio: 5
    depth_of_discharge: 0.5
  VRBF:
    cost: 298.763
    lifetime: 22.6324
    annual_cost: 13.20067690567505
    efficiency: 0.765916
    discharge_ratio: 0.5
    depth_of_discharge: 1.0
