cost_values:
  wind_capex: 5000.0
  wind_opex: 100
  wind_lifetime: 20
  solar_capex: 1000.0
  solar_opex: 10
  solar_lifetime: 20
  carbon_price: 1.0
timeseries_values:
  load_level: 287758.7520025469
  wind_year: 2011
  solar_year: 2018
  price_year: 2023
  carbon_year: 2023
storage_values:
  CAES:
    cost: 56.9092
    lifetime: 22.7896
    annual_cost: 2.4971565977463404
    efficiency: 0.584027
    discharge_ratio: 0.1
    depth_of_discharge: 0.4
  Li-ion:
    cost: 218.485
    lifetime: 18.6566
    annual_cost: 11.710869075823034
    efficiency: 0.910082
    discharge_ratio: 2
    depth_of_discharge: 0.9
  Pb-acid:
    cost: 132.164
    lifetime: 11.0471
    annual_cost: 11.963682776475272
    efficiency: 0.745011
    discharge_ratio: 5
    depth_of_discharge: 0.5
  VRBF:
    cost: 275.578
    lifetime: 23.6376
    annual_cost: 11.658459403661961
    efficiency: 0.752774
    discharge_ratio: 0.5
    depth_of_discharge: 1.0
