cost_values:
  wind_capex: 5000.0
  wind_opex: 100
  wind_lifetime: 20
  solar_capex: 1000.0
  solar_opex: 10
  solar_lifetime: 20
  carbon_price: 1.0
timeseries_values:
  load_level: 287758.7520025469
  wind_year: 2011
  solar_year: 2018
  price_year: 2023
  carbon_year: 2023
storage_values:
  CAES:
    cost: 61.1767
    lifetime: 23.2189
    annual_cost: 2.6347802867491565
    efficiency: 0.582343
    discharge_ratio: 0.1
    depth_of_discharge: 0.4
  Li-ion:
    cost: 252.251
    lifetime: 21.5073
    annual_cost: 11.72862237472858
    efficiency: 0.935547
    discharge_ratio: 2
    depth_of_discharge: 0.9
  Pb-acid:
    cost: 147.776
    lifetime: 10.2838
    annual_cost: 14.369785487854687
    efficiency: 0.749759
    discharge_ratio: 5
    depth_of_discharge: 0.5
  VRBF:
    cost: 303.529
    lifetime: 22.0616
    annual_cost: 13.75824962831345
    efficiency: 0.730759
    discharge_ratio: 0.5
    depth_of_discharge: 1.0
