cost_values:
  wind_capex: 5000.0
  wind_opex: 100
  wind_lifetime: 20
  solar_capex: 1000.0
  solar_opex: 10
  solar_lifetime: 20
  carbon_price: 1.0
timeseries_values:
  load_level: 287758.7520025469
  wind_year: 2011
  solar_year: 2018
  price_year: 2023
  carbon_year: 2023
storage_values:
  CAES:
    cost: 56.2571
    lifetime: 22.9809
    annual_cost: 2.4479937687383875
    efficiency: 0.584336
    discharge_ratio: 0.1
    depth_of_discharge: 0.4
  Li-ion:
    cost: 245.524
    lifetime: 20.3836
    annual_cost: 12.045173570909947
    efficiency: 0.920628
    discharge_ratio: 2
    depth_of_discharge: 0.9
  Pb-acid:
    cost: 150.142
    lifetime: 9.04848
    annual_cost: 16.59306314430711
    efficiency: 0.739897
    discharge_ratio: 5
    depth_of_discharge: 0.5
  VRBF:
    cost: 329.979
    lifetime: 23.158
    annual_cost: 14.24902841350721
    efficiency: 0.737065
    discharge_ratio: 0.5
    depth_of_discharge: 1.0
