cost_values:
  wind_capex: 5000.0
  wind_opex: 100
  wind_lifetime: 20
  solar_capex: 1000.0
  solar_opex: 10
  solar_lifetime: 20
  carbon_price: 1.0
timeseries_values:
  load_level: 287758.7520025469
  wind_year: 2011
  solar_year: 2018
  price_year: 2023
  carbon_year: 2023
storage_values:
  CAES:
    cost: 61.0763
    lifetime: 22.1742
    annual_cost: 2.7543857275572514
    efficiency: 0.57402
    discharge_ratio: 0.1
    depth_of_discharge: 0.4
  Li-ion:
    cost: 227.824
    lifetime: 20.3466
    annual_cost: 11.197153332743556
    efficiency: 0.927715
    discharge_ratio: 2
    depth_of_discharge: 0.9
  Pb-acid:
    cost: 143.757
    lifetime: 9.80148
    annual_cost: 14.666866636467146
    efficiency: 0.726908
    discharge_ratio: 5
    depth_of_discharge: 0.5
  VRBF:
    cost: 279.12
    lifetime: 22.4311
    annual_cost: 12.443437905408116
    efficiency: 0.76386
    discharge_ratio: 0.5
    depth_of_discharge: 1.0
