cost_values:
  wind_capex: 5000.0
  wind_opex: 100
  wind_lifetime: 20
  solar_capex: 1000.0
  solar_opex: 10
  solar_lifetime: 20
  carbon_price: 1.0
timeseries_values:
  load_level: 287758.7520025469
  wind_year: 2011
  solar_year: 2018
  price_year: 2023
  carbon_year: 2023
storage_values:
  CAES:
    cost: 66.9597
    lifetime: 22.5874
    annual_cost: 2.9644713424298503
    efficiency: 0.578467
    discharge_ratio: 0.1
    depth_of_discharge: 0.4
  Li-ion:
    cost: 245.994
    lifetime: 17.9763
    annual_cost: 13.68435106223194
    efficiency: 0.913297
    discharge_ratio: 2
    depth_of_discharge: 0.9
  Pb-acid:
    cost: 144.66
    lifetime: 9.60375
    annual_cost: 15.06286606794221
    efficiency: 0.722704
    discharge_ratio: 5
    depth_of_discharge: 0.5
  VRBF:
    cost: 325.315
    lifetime: 22.966
    annual_cost: 14.165070103631454
    efficiency: 0.766333
    discharge_ratio: 0.5
    depth_of_discharge: 1.0
