cost_values:
  wind_capex: 5000.0
  wind_opex: 100
  wind_lifetime: 20
  solar_capex: 1000.0
  solar_opex: 10
  solar_lifetime: 20
  carbon_price: 1.0
timeseries_values:
  load_level: 287758.7520025469
  wind_year: 2011
  solar_year: 2018
  price_year: 2023
  carbon_year: 2023
storage_values:
  CAES:
    cost: 59.4178
    lifetime: 21.8961
    annual_cost: 2.7136248007636063
    efficiency: 0.583044
    discharge_ratio: 0.1
    depth_of_discharge: 0.4
  Li-ion:
    cost: 235.115
    lifetime: 17.2741
    annual_cost: 13.61083934908331
    efficiency: 0.92268
    discharge_ratio: 2
    depth_of_discharge: 0.9
  Pb-acid:
    cost: 136.775
    lifetime: 9.7396
    annual_cost: 14.04318452503183
    efficiency: 0.737839
    discharge_ratio: 5
    depth_of_discharge: 0.5
  VRBF:
    cost: 317.069
    lifetime: 22.411
    annual_cost: 14.147918432912409
    efficiency: 0.756279
    discharge_ratio: 0.5
    depth_of_discharge: 1.0
