cost_values:
  wind_capex: 5000.0
  wind_opex: 100
  wind_lifetime: 20
  solar_capex: 1000.0
  solar_opex: 10
  solar_lifetime: 20
  carbon_price: 1.0
timeseries_values:
  load_level: 287758.7520025469
  wind_year: 2011
  solar_year: 2018
  price_year: 2023
  carbon_year: 2023
storage_values:
  CAES:
    cost: 60.5637
    lifetime: 21.1712
    annual_cost: 2.860664487605804
    efficiency: 0.581001
    discharge_ratio: 0.1
    depth_of_discharge: 0.4
  Li-ion:
    cost: 226.674
    lifetime: 20.028
    annual_cost: 11.317855002995808
    efficiency: 0.92189
    discharge_ratio: 2
    depth_of_discharge: 0.9
  Pb-acid:
    cost: 134.265
    lifetime: 10.5453
    annual_cost: 12.7322124548377
    efficiency: 0.751736
    discharge_ratio: 5
    depth_of_discharge: 0.5
  VRBF:
    cost: 315.96
    lifetime: 23.799
    annual_cost: 13.276188075129207
    efficiency: 0.732687
    discharge_ratio: 0.5
    depth_of_discharge: 1.0
