cost_values:
  wind_capex: 5000.0
  wind_opex: 100
  wind_lifetime: 20
  solar_capex: 1000.0
  solar_opex: 10
  solar_lifetime: 20
  carbon_price: 1.0
timeseries_values:
  load_level: 287758.7520025469
  wind_year: 2011
  solar_year: 2018
  price_year: 2023
  carbon_year: 2023
storage_values:
  CAES:
    cost: 55.7246
    lifetime: 23.3961
    annual_cost: 2.381790127414398
    efficiency: 0.58735
    discharge_ratio: 0.1
    depth_of_discharge: 0.4
  Li-ion:
    cost: 221.731
    lifetime: 18.5851
    annual_cost: 11.93057879699329
    efficiency: 0.909888
    discharge_ratio: 2
    depth_of_discharge: 0.9
  Pb-acid:
    cost: 147.622
    lifetime: 8.37214
    annual_cost: 17.63252883969929
    efficiency: 0.740192
    discharge_ratio: 5
    depth_of_discharge: 0.5
  VRBF:
    cost: 314.052
    lifetime: 23.6566
    annual_cost: 13.27544955741738
    efficiency: 0.751867
    discharge_ratio: 0.5
    depth_of_discharge: 1.0
