cost_values:
  wind_capex: 5000.0
  wind_opex: 100
  wind_lifetime: 20
  solar_capex: 1000.0
  solar_opex: 10
  solar_lifetime: 20
  carbon_price: 1.0
timeseries_values:
  load_level: 287758.7520025469
  wind_year: 2011
  solar_year: 2018
  price_year: 2023
  carbon_year: 2023
storage_values:
  CAES:
    cost: 60.9073
    lifetime: 22.4766
    annual_cost: 2.7098093127964193
    efficiency: 0.576639
    discharge_ratio: 0.1
    depth_of_discharge: 0.4
  Li-ion:
    cost: 242.6
    lifetime: 21.3578
    annual_cost: 11.358847821404826
    efficiency: 0.93532
    discharge_ratio: 2
    depth_of_discharge: 0.9
  Pb-acid:
    cost: 148.356
    lifetime: 8.78674
    annual_cost: 16.88407759874538
    efficiency: 0.746128
    discharge_ratio: 5
    depth_of_discharge: 0.5
  VRBF:
    cost: 297.554
    lifetime: 23.1564
    annual_cost: 12.84975212036413
    efficiency: 0.764496
    discharge_ratio: 0.5
    depth_of_discharge: 1.0
