cost_values:
  wind_capex: 5000.0
  wind_opex: 100
  wind_lifetime: 20
  solar_capex: 1000.0
  solar_opex: 10
  solar_lifetime: 20
  carbon_price: 1.0
timeseries_values:
  load_level: 287758.7520025469
  wind_year: 2011
  solar_year: 2018
  price_year: 2023
  carbon_year: 2023
storage_values:
  CAES:
    cost: 63.5207
    lifetime: 22.1545
    annual_cost: 2.867169198131305
    efficiency: 0.572867
    discharge_ratio: 0.1
    depth_of_discharge: 0.4
  Li-ion:
    cost: 249.292
    lifetime: 20.636
    annual_cost: 12.080441946113588
    efficiency: 0.926238
    discharge_ratio: 2
    depth_of_discharge: 0.9
  Pb-acid:
    cost: 142.167
    lifetime: 11.1389
    annual_cost: 12.763109463232457
    efficiency: 0.730598
    discharge_ratio: 5
    depth_of_discharge: 0.5
  VRBF:
    cost: 289.461
    lifetime: 25.0979
    annual_cost: 11.533275692388607
    efficiency: 0.74695
    discharge_ratio: 0.5
    depth_of_discharge: 1.0
