cost_values:
  wind_capex: 5000.0
  wind_opex: 100
  wind_lifetime: 20
  solar_capex: 1000.0
  solar_opex: 10
  solar_lifetime: 20
  carbon_price: 1.0
timeseries_values:
  load_level: 287758.7520025469
  wind_year: 2011
  solar_year: 2018
  price_year: 2023
  carbon_year: 2023
storage_values:
  CAES:
    cost: 63.2085
    lifetime: 23.1973
    annual_cost: 2.7248214231828705
    efficiency: 0.578692
    discharge_ratio: 0.1
    depth_of_discharge: 0.4
  Li-ion:
    cost: 223.316
    lifetime: 20.2292
    annual_cost: 11.039289739584364
    efficiency: 0.911397
    discharge_ratio: 2
    depth_of_discharge: 0.9
  Pb-acid:
    cost: 140.872
    lifetime: 9.64117
    annual_cost: 14.611504620289862
    efficiency: 0.738953
    discharge_ratio: 5
    depth_of_discharge: 0.5
  VRBF:
    cost: 272.228
    lifetime: 21.0475
    annual_cost: 12.933982658272955
    efficiency: 0.726816
    discharge_ratio: 0.5
    depth_of_discharge: 1.0
