cost_values:
  wind_capex: 5000.0
  wind_opex: 100
  wind_lifetime: 20
  solar_capex: 1000.0
  solar_opex: 10
  solar_lifetime: 20
  carbon_price: 1.0
timeseries_values:
  load_level: 287758.7520025469
  wind_year: 2011
  solar_year: 2018
  price_year: 2023
  carbon_year: 2023
storage_values:
  CAES:
    cost: 61.0151
    lifetime: 22.6211
    annual_cost: 2.6972649429072857
    efficiency: 0.583658
    discharge_ratio: 0.1
    depth_of_discharge: 0.4
  Li-ion:
    cost: 248.91
    lifetime: 19.5859
    annual_cost: 12.708632230328961
    efficiency: 0.935601
    discharge_ratio: 2
    depth_of_discharge: 0.9
  Pb-acid:
    cost: 133.824
    lifetime: 9.58488
    annual_cost: 13.961990134461779
    efficiency: 0.74882
    discharge_ratio: 5
    depth_of_discharge: 0.5
  VRBF:
    cost: 290.665
    lifetime: 22.4351
    annual_cost: 12.955814772387912
    efficiency: 0.755467
    discharge_ratio: 0.5
    depth_of_discharge: 1.0
