cost_values:
  wind_capex: 5000.0
  wind_opex: 100
  wind_lifetime: 20
  solar_capex: 1000.0
  solar_opex: 10
  solar_lifetime: 20
  carbon_price: 1.0
timeseries_values:
  load_level: 287758.7520025469
  wind_year: 2011
  solar_year: 2018
  price_year: 2023
  carbon_year: 2023
storage_values:
  CAES:
    cost: 59.8077
    lifetime: 23.4233
    annual_cost: 2.5533421849184355
    efficiency: 0.578607
    discharge_ratio: 0.1
    depth_of_discharge: 0.4
  Li-ion:
    cost: 238.745
    lifetime: 16.3278
    annual_cost: 14.621994389936184
    efficiency: 0.920192
    discharge_ratio: 2
    depth_of_discharge: 0.9
  Pb-acid:
    cost: 141.115
    lifetime: 8.64345
    annual_cost: 16.326235473103914
    efficiency: 0.754164
    discharge_ratio: 5
    depth_of_discharge: 0.5
  VRBF:
    cost: 292.685
    lifetime: 23.3783
    annual_cost: 12.519515961382993
    efficiency: 0.759194
    discharge_ratio: 0.5
    depth_of_discharge: 1.0
