cost_values:
  wind_capex: 5000.0
  wind_opex: 100
  wind_lifetime: 20
  solar_capex: 1000.0
  solar_opex: 10
  solar_lifetime: 20
  carbon_price: 1.0
timeseries_values:
  load_level: 287758.7520025469
  wind_year: 2011
  solar_year: 2018
  price_year: 2023
  carbon_year: 2023
storage_values:
  CAES:
    cost: 62.5387
    lifetime: 23.7641
    annual_cost: 2.6316460543424745
    efficiency: 0.57981
    discharge_ratio: 0.1
    depth_of_discharge: 0.4
  Li-ion:
    cost: 230.952
    lifetime: 18.1279
    annual_cost: 12.740140887802779
    efficiency: 0.913744
    discharge_ratio: 2
    depth_of_discharge: 0.9
  Pb-acid:
    cost: 139.225
    lifetime: 9.16999
    annual_cost: 15.182677407499899
    efficiency: 0.755378
    discharge_ratio: 5
    depth_of_discharge: 0.5
  VRBF:
    cost: 329.101
    lifetime: 22.9245
    annual_cost: 14.355863813823639
    efficiency: 0.743871
    discharge_ratio: 0.5
    depth_of_discharge: 1.0
