cost_values:
  wind_capex: 5000.0
  wind_opex: 100
  wind_lifetime: 20
  solar_capex: 1000.0
  solar_opex: 10
  solar_lifetime: 20
  carbon_price: 1.0
timeseries_values:
  load_level: 287758.7520025469
  wind_year: 2011
  solar_year: 2018
  price_year: 2023
  carbon_year: 2023
storage_values:
  CAES:
    cost: 61.8275
    lifetime: 22.7569
    annual_cost: 2.7168682904965085
    efficiency: 0.57206
    discharge_ratio: 0.1
    depth_of_discharge: 0.4
  Li-ion:
    cost: 241.557
    lifetime: 19.7076
    annual_cost: 12.257048042379589
    efficiency: 0.928022
    discharge_ratio: 2
    depth_of_discharge: 0.9
  Pb-acid:
    cost: 175.115
    lifetime: 10.5043
    annual_cost: 16.67079196138724
    efficiency: 0.74862
    discharge_ratio: 5
    depth_of_discharge: 0.5
  VRBF:
    cost: 302.879
    lifetime: 21.8946
    annual_cost: 13.833502324774146
    efficiency: 0.766367
    discharge_ratio: 0.5
    depth_of_discharge: 1.0
