cost_values:
  wind_capex: 5000.0
  wind_opex: 100
  wind_lifetime: 20
  solar_capex: 1000.0
  solar_opex: 10
  solar_lifetime: 20
  carbon_price: 1.0
timeseries_values:
  load_level: 287758.7520025469
  wind_year: 2011
  solar_year: 2018
  price_year: 2023
  carbon_year: 2023
storage_values:
  CAES:
    cost: 56.8778
    lifetime: 23.1635
    annual_cost: 2.455492477388996
    efficiency: 0.589925
    discharge_ratio: 0.1
    depth_of_discharge: 0.4
  Li-ion:
    cost: 224.855
    lifetime: 18.3247
    annual_cost: 12.270596517269041
    efficiency: 0.91765
    discharge_ratio: 2
    depth_of_discharge: 0.9
  Pb-acid:
    cost: 129.847
    lifetime: 9.91555
    annual_cost: 13.095289721699755
    efficiency: 0.734342
    discharge_ratio: 5
    depth_of_discharge: 0.5
  VRBF:
    cost: 329.188
    lifetime: 22.2344
    annual_cost: 14.805346670024825
    efficiency: 0.745651
    discharge_ratio: 0.5
    depth_of_discharge: 1.0
