cost_values:
  wind_capex: 5000.0
  wind_opex: 100
  wind_lifetime: 20
  solar_capex: 1000.0
  solar_opex: 10
  solar_lifetime: 20
  carbon_price: 1.0
timeseries_values:
  load_level: 287758.7520025469
  wind_year: 2011
  solar_year: 2018
  price_year: 2023
  carbon_year: 2023
storage_values:
  CAES:
    cost: 56.6415
    lifetime: 23.083
    annual_cost: 2.4538188277087034
    efficiency: 0.588523
    discharge_ratio: 0.1
    depth_of_discharge: 0.4
  Li-ion:
    cost: 254.364
    lifetime: 18.8935
    annual_cost: 13.463042845423029
    efficiency: 0.90725
    discharge_ratio: 2
    depth_of_discharge: 0.9
  Pb-acid:
    cost: 137.62
    lifetime: 9.07771
    annual_cost: 15.160211110511352
    efficiency: 0.738948
    discharge_ratio: 5
    depth_of_discharge: 0.5
  VRBF:
    cost: 320.848
    lifetime: 21.8618
    annual_cost: 14.676193177140036
    efficiency: 0.741973
    discharge_ratio: 0.5
    depth_of_discharge: 1.0
