cost_values:
  wind_capex: 5000.0
  wind_opex: 100
  wind_lifetime: 20
  solar_capex: 1000.0
  solar_opex: 10
  solar_lifetime: 20
  carbon_price: 1.0
timeseries_values:
  load_level: 287758.7520025469
  wind_year: 2011
  solar_year: 2018
  price_year: 2023
  carbon_year: 2023
storage_values:
  CAES:
    cost: 54.4598
    lifetime: 22.9628
    annual_cost: 2.371653282700716
    efficiency: 0.580554
    discharge_ratio: 0.1
    depth_of_discharge: 0.4
  Li-ion:
    cost: 240.289
    lifetime: 20.2693
    annual_cost: 11.854824784279673
    efficiency: 0.907574
    discharge_ratio: 2
    depth_of_discharge: 0.9
  Pb-acid:
    cost: 142.846
    lifetime: 10.1623
    annual_cost: 14.056463595839524
    efficiency: 0.737023
    discharge_ratio: 5
    depth_of_discharge: 0.5
  VRBF:
    cost: 316.499
    lifetime: 23.9612
    annual_cost: 13.208812580338213
    efficiency: 0.728665
    discharge_ratio: 0.5
    depth_of_discharge: 1.0
