cost_values:
  wind_capex: 5000.0
  wind_opex: 100
  wind_lifetime: 20
  solar_capex: 1000.0
  solar_opex: 10
  solar_lifetime: 20
  carbon_price: 1.0
timeseries_values:
  load_level: 287758.7520025469
  wind_year: 2011
  solar_year: 2018
  price_year: 2023
  carbon_year: 2023
storage_values:
  CAES:
    cost: 64.0262
    lifetime: 22.7738
    annual_cost: 2.8113973074322245
    efficiency: 0.576598
    discharge_ratio: 0.1
    depth_of_discharge: 0.4
  Li-ion:
    cost: 252.24
    lifetime: 20.3497
    annual_cost: 12.39526872632029
    efficiency: 0.920297
    discharge_ratio: 2
    depth_of_discharge: 0.9
  Pb-acid:
    cost: 149.07
    lifetime: 9.50644
    annual_cost: 15.680948914630504
    efficiency: 0.74571
    discharge_ratio: 5
    depth_of_discharge: 0.5
  VRBF:
    cost: 310.633
    lifetime: 21.7272
    annual_cost: 14.296964173938656
    efficiency: 0.745272
    discharge_ratio: 0.5
    depth_of_discharge: 1.0
