cost_values:
  wind_capex: 5000.0
  wind_opex: 100
  wind_lifetime: 20
  solar_capex: 1000.0
  solar_opex: 10
  solar_lifetime: 20
  carbon_price: 1.0
timeseries_values:
  load_level: 287758.7520025469
  wind_year: 2011
  solar_year: 2018
  price_year: 2023
  carbon_year: 2023
storage_values:
  CAES:
    cost: 55.2806
    lifetime: 23.318
    annual_cost: 2.3707264773994337
    efficiency: 0.574729
    discharge_ratio: 0.1
    depth_of_discharge: 0.4
  Li-ion:
    cost: 235.409
    lifetime: 20.6656
    annual_cost: 11.391346004955093
    efficiency: 0.915472
    discharge_ratio: 2
    depth_of_discharge: 0.9
  Pb-acid:
    cost: 150.493
    lifetime: 9.82768
    annual_cost: 15.313176660208715
    efficiency: 0.735052
    discharge_ratio: 5
    depth_of_discharge: 0.5
  VRBF:
    cost: 286.159
    lifetime: 20.7921
    annual_cost: 13.762871475223761
    efficiency: 0.735534
    discharge_ratio: 0.5
    depth_of_discharge: 1.0
