cost_values:
  wind_capex: 5000.0
  wind_opex: 100
  wind_lifetime: 20
  solar_capex: 1000.0
  solar_opex: 10
  solar_lifetime: 20
  carbon_price: 1.0
timeseries_values:
  load_level: 287758.7520025469
  wind_year: 2011
  solar_year: 2018
  price_year: 2023
  carbon_year: 2023
storage_values:
  CAES:
    cost: 60.0991
    lifetime: 23.154
    annual_cost: 2.595624946013648
    efficiency: 0.583079
    discharge_ratio: 0.1
    depth_of_discharge: 0.4
  Li-ion:
    cost: 227.698
    lifetime: 19.1304
    annual_cost: 11.902417095303809
    efficiency: 0.939321
    discharge_ratio: 2
    depth_of_discharge: 0.9
  Pb-acid:
    cost: 163.296
    lifetime: 12.0371
    annual_cost: 13.566058269849048
    efficiency: 0.749
    discharge_ratio: 5
    depth_of_discharge: 0.5
  VRBF:
    cost: 308.149
    lifetime: 20.9618
    annual_cost: 14.700502819414362
    efficiency: 0.737463
    discharge_ratio: 0.5
    depth_of_discharge: 1.0
