cost_values:
  wind_capex: 5000.0
  wind_opex: 100
  wind_lifetime: 20
  solar_capex: 1000.0
  solar_opex: 10
  solar_lifetime: 20
  carbon_price: 1.0
timeseries_values:
  load_level: 281527.0239172328
  wind_year: 2019
  solar_year: 2017
  price_year: 2023
  carbon_year: 2023
storage_values:
  CAES:
    cost: 45.8231
    lifetime: 22.0555
    annual_cost: 2.077626895785632
    efficiency: 0.592566
    discharge_ratio: 0.1
    depth_of_discharge: 0.4
  Li-ion:
    cost: 150.342
    lifetime: 21.3675
    annual_cost: 7.036012636012637
    efficiency: 0.900323
    discharge_ratio: 2
    depth_of_discharge: 0.9
  Pb-acid:
    cost: 121.98
    lifetime: 10.0742
    annual_cost: 12.108157471561018
    efficiency: 0.720259
    discharge_ratio: 5
    depth_of_discharge: 0.5
  VRBF:
    cost: 211.534
    lifetime: 18.9577
    annual_cost: 11.158210120426002
    efficiency: 0.660206
    discharge_ratio: 0.5
    depth_of_discharge: 1.0
