cost_values:
  wind_capex: 5000.0
  wind_opex: 100
  wind_lifetime: 20
  solar_capex: 1000.0
  solar_opex: 10
  solar_lifetime: 20
  carbon_price: 1.0
timeseries_values:
  load_level: 281527.0239172328
  wind_year: 2019
  solar_year: 2017
  price_year: 2023
  carbon_year: 2023
storage_values:
  CAES:
    cost: 38.1681
    lifetime: 21.5039
    annual_cost: 1.7749384995279927
    efficiency: 0.5863
    discharge_ratio: 0.1
    depth_of_discharge: 0.4
  Li-ion:
    cost: 149.178
    lifetime: 23.7787
    annual_cost: 6.273597799711506
    efficiency: 0.930606
    discharge_ratio: 2
    depth_of_discharge: 0.9
  Pb-acid:
    cost: 121.027
    lifetime: 10.3703
    annual_cost: 11.670539907235085
    efficiency: 0.714677
    discharge_ratio: 5
    depth_of_discharge: 0.5
  VRBF:
    cost: 219.12
    lifetime: 21.011
    annual_cost: 10.428822997477512
    efficiency: 0.681385
    discharge_ratio: 0.5
    depth_of_discharge: 1.0
