cost_values:
  wind_capex: 5000.0
  wind_opex: 100
  wind_lifetime: 20
  solar_capex: 1000.0
  solar_opex: 10
  solar_lifetime: 20
  carbon_price: 1.0
timeseries_values:
  load_level: 281527.0239172328
  wind_year: 2019
  solar_year: 2017
  price_year: 2023
  carbon_year: 2023
storage_values:
  CAES:
    cost: 46.1349
    lifetime: 22.1841
    annual_cost: 2.0796381191934765
    efficiency: 0.593693
    discharge_ratio: 0.1
    depth_of_discharge: 0.4
  Li-ion:
    cost: 151.7
    lifetime: 21.9974
    annual_cost: 6.896269559129715
    efficiency: 0.909849
    discharge_ratio: 2
    depth_of_discharge: 0.9
  Pb-acid:
    cost: 146.662
    lifetime: 10.5026
    annual_cost: 13.96435168434483
    efficiency: 0.698641
    discharge_ratio: 5
    depth_of_discharge: 0.5
  VRBF:
    cost: 204.779
    lifetime: 19.0595
    annual_cost: 10.744195807864845
    efficiency: 0.679367
    discharge_ratio: 0.5
    depth_of_discharge: 1.0
