cost_values:
  wind_capex: 5000.0
  wind_opex: 100
  wind_lifetime: 20
  solar_capex: 1000.0
  solar_opex: 10
  solar_lifetime: 20
  carbon_price: 1.0
timeseries_values:
  load_level: 281527.0239172328
  wind_year: 2019
  solar_year: 2017
  price_year: 2023
  carbon_year: 2023
storage_values:
  CAES:
    cost: 43.2421
    lifetime: 21.3223
    annual_cost: 2.028022305286015
    efficiency: 0.600583
    discharge_ratio: 0.1
    depth_of_discharge: 0.4
  Li-ion:
    cost: 155.011
    lifetime: 22.8179
    annual_cost: 6.793394659455953
    efficiency: 0.915963
    discharge_ratio: 2
    depth_of_discharge: 0.9
  Pb-acid:
    cost: 119.426
    lifetime: 10.9307
    annual_cost: 10.925741260852462
    efficiency: 0.702469
    discharge_ratio: 5
    depth_of_discharge: 0.5
  VRBF:
    cost: 218.12
    lifetime: 21.423
    annual_cost: 10.181580544274846
    efficiency: 0.677205
    discharge_ratio: 0.5
    depth_of_discharge: 1.0
