cost_values:
  wind_capex: 5000.0
  wind_opex: 100
  wind_lifetime: 20
  solar_capex: 1000.0
  solar_opex: 10
  solar_lifetime: 20
  carbon_price: 1.0
timeseries_values:
  load_level: 281527.0239172328
  wind_year: 2019
  solar_year: 2017
  price_year: 2023
  carbon_year: 2023
storage_values:
  CAES:
    cost: 47.3772
    lifetime: 21.5569
    annual_cost: 2.1977742625331103
    efficiency: 0.595904
    discharge_ratio: 0.1
    depth_of_discharge: 0.4
  Li-ion:
    cost: 139.916
    lifetime: 22.2936
    annual_cost: 6.276061291132881
    efficiency: 0.911262
    discharge_ratio: 2
    depth_of_discharge: 0.9
  Pb-acid:
    cost: 136.408
    lifetime: 9.2561
    annual_cost: 14.737092295891356
    efficiency: 0.695019
    discharge_ratio: 5
    depth_of_discharge: 0.5
  VRBF:
    cost: 206.222
    lifetime: 21.0697
    annual_cost: 9.787609695439423
    efficiency: 0.660078
    discharge_ratio: 0.5
    depth_of_discharge: 1.0
