cost_values:
  wind_capex: 5000.0
  wind_opex: 100
  wind_lifetime: 20
  solar_capex: 1000.0
  solar_opex: 10
  solar_lifetime: 20
  carbon_price: 1.0
timeseries_values:
  load_level: 281527.0239172328
  wind_year: 2019
  solar_year: 2017
  price_year: 2023
  carbon_year: 2023
storage_values:
  CAES:
    cost: 42.3018
    lifetime: 23.0706
    annual_cost: 1.8335804010298822
    efficiency: 0.586605
    discharge_ratio: 0.1
    depth_of_discharge: 0.4
  Li-ion:
    cost: 143.55
    lifetime: 22.8606
    annual_cost: 6.279362746384609
    efficiency: 0.902671
    discharge_ratio: 2
    depth_of_discharge: 0.9
  Pb-acid:
    cost: 134.619
    lifetime: 9.92126
    annual_cost: 13.568740260813646
    efficiency: 0.718453
    discharge_ratio: 5
    depth_of_discharge: 0.5
  VRBF:
    cost: 234.192
    lifetime: 20.43
    annual_cost: 11.463142437591777
    efficiency: 0.681001
    discharge_ratio: 0.5
    depth_of_discharge: 1.0
