cost_values:
  wind_capex: 5000.0
  wind_opex: 100
  wind_lifetime: 20
  solar_capex: 1000.0
  solar_opex: 10
  solar_lifetime: 20
  carbon_price: 1.0
timeseries_values:
  load_level: 281527.0239172328
  wind_year: 2019
  solar_year: 2017
  price_year: 2023
  carbon_year: 2023
storage_values:
  CAES:
    cost: 46.4519
    lifetime: 22.3766
    annual_cost: 2.075914124576567
    efficiency: 0.584796
    discharge_ratio: 0.1
    depth_of_discharge: 0.4
  Li-ion:
    cost: 145.19
    lifetime: 23.3672
    annual_cost: 6.213410250265329
    efficiency: 0.912318
    discharge_ratio: 2
    depth_of_discharge: 0.9
  Pb-acid:
    cost: 158.861
    lifetime: 9.64823
    annual_cost: 16.465299852926393
    efficiency: 0.720539
    discharge_ratio: 5
    depth_of_discharge: 0.5
  VRBF:
    cost: 223.136
    lifetime: 22.1498
    annual_cost: 10.07395100632963
    efficiency: 0.676938
    discharge_ratio: 0.5
    depth_of_discharge: 1.0
