cost_values:
  wind_capex: 5000.0
  wind_opex: 100
  wind_lifetime: 20
  solar_capex: 1000.0
  solar_opex: 10
  solar_lifetime: 20
  carbon_price: 1.0
timeseries_values:
  load_level: 281527.0239172328
  wind_year: 2019
  solar_year: 2017
  price_year: 2023
  carbon_year: 2023
storage_values:
  CAES:
    cost: 43.6494
    lifetime: 21.9081
    annual_cost: 1.9923863776411463
    efficiency: 0.585206
    discharge_ratio: 0.1
    depth_of_discharge: 0.4
  Li-ion:
    cost: 140.184
    lifetime: 22.4813
    annual_cost: 6.235582461868308
    efficiency: 0.912852
    discharge_ratio: 2
    depth_of_discharge: 0.9
  Pb-acid:
    cost: 136.194
    lifetime: 9.4959
    annual_cost: 14.342400404385048
    efficiency: 0.690596
    discharge_ratio: 5
    depth_of_discharge: 0.5
  VRBF:
    cost: 206.531
    lifetime: 20.9941
    annual_cost: 9.837573413482836
    efficiency: 0.673393
    discharge_ratio: 0.5
    depth_of_discharge: 1.0
