cost_values:
  wind_capex: 5000.0
  wind_opex: 100
  wind_lifetime: 20
  solar_capex: 1000.0
  solar_opex: 10
  solar_lifetime: 20
  carbon_price: 1.0
timeseries_values:
  load_level: 281527.0239172328
  wind_year: 2019
  solar_year: 2017
  price_year: 2023
  carbon_year: 2023
storage_values:
  CAES:
    cost: 50.454
    lifetime: 21.2119
    annual_cost: 2.3785705193782736
    efficiency: 0.592536
    discharge_ratio: 0.1
    depth_of_discharge: 0.4
  Li-ion:
    cost: 130.145
    lifetime: 20.3771
    annual_cost: 6.386826388445854
    efficiency: 0.924299
    discharge_ratio: 2
    depth_of_discharge: 0.9
  Pb-acid:
    cost: 139.104
    lifetime: 8.17794
    annual_cost: 17.00966258006295
    efficiency: 0.708981
    discharge_ratio: 5
    depth_of_discharge: 0.5
  VRBF:
    cost: 217.895
    lifetime: 22.8844
    annual_cost: 9.521551799479122
    efficiency: 0.67925
    discharge_ratio: 0.5
    depth_of_discharge: 1.0
