cost_values:
  wind_capex: 5000.0
  wind_opex: 100
  wind_lifetime: 20
  solar_capex: 1000.0
  solar_opex: 10
  solar_lifetime: 20
  carbon_price: 1.0
timeseries_values:
  load_level: 281527.0239172328
  wind_year: 2019
  solar_year: 2017
  price_year: 2023
  carbon_year: 2023
storage_values:
  CAES:
    cost: 42.6392
    lifetime: 24.4164
    annual_cost: 1.7463344309562427
    efficiency: 0.603234
    discharge_ratio: 0.1
    depth_of_discharge: 0.4
  Li-ion:
    cost: 140.049
    lifetime: 21.0511
    annual_cost: 6.6528114920360455
    efficiency: 0.922768
    discharge_ratio: 2
    depth_of_discharge: 0.9
  Pb-acid:
    cost: 113.396
    lifetime: 9.83292
    annual_cost: 11.532281356911273
    efficiency: 0.706884
    discharge_ratio: 5
    depth_of_discharge: 0.5
  VRBF:
    cost: 196.227
    lifetime: 20.8731
    annual_cost: 9.40095146384581
    efficiency: 0.672817
    discharge_ratio: 0.5
    depth_of_discharge: 1.0
