cost_values:
  wind_capex: 5000.0
  wind_opex: 100
  wind_lifetime: 20
  solar_capex: 1000.0
  solar_opex: 10
  solar_lifetime: 20
  carbon_price: 1.0
timeseries_values:
  load_level: 281527.0239172328
  wind_year: 2019
  solar_year: 2017
  price_year: 2023
  carbon_year: 2023
storage_values:
  CAES:
    cost: 42.4707
    lifetime: 22.414
    annual_cost: 1.894829124654234
    efficiency: 0.582081
    discharge_ratio: 0.1
    depth_of_discharge: 0.4
  Li-ion:
    cost: 130.361
    lifetime: 22.3095
    annual_cost: 5.843295457092269
    efficiency: 0.903987
    discharge_ratio: 2
    depth_of_discharge: 0.9
  Pb-acid:
    cost: 172.65
    lifetime: 9.61735
    annual_cost: 17.95193062538017
    efficiency: 0.703876
    discharge_ratio: 5
    depth_of_discharge: 0.5
  VRBF:
    cost: 221.24
    lifetime: 20.6288
    annual_cost: 10.724811913441403
    efficiency: 0.6694
    discharge_ratio: 0.5
    depth_of_discharge: 1.0
