cost_values:
  wind_capex: 5000.0
  wind_opex: 100
  wind_lifetime: 20
  solar_capex: 1000.0
  solar_opex: 10
  solar_lifetime: 20
  carbon_price: 1.0
timeseries_values:
  load_level: 281527.0239172328
  wind_year: 2019
  solar_year: 2017
  price_year: 2023
  carbon_year: 2023
storage_values:
  CAES:
    cost: 42.9625
    lifetime: 22.002
    annual_cost: 1.9526633942368876
    efficiency: 0.587868
    discharge_ratio: 0.1
    depth_of_discharge: 0.4
  Li-ion:
    cost: 146.718
    lifetime: 21.1643
    annual_cost: 6.9323341664973555
    efficiency: 0.923393
    discharge_ratio: 2
    depth_of_discharge: 0.9
  Pb-acid:
    cost: 130.321
    lifetime: 9.21967
    annual_cost: 14.135104618711948
    efficiency: 0.699041
    discharge_ratio: 5
    depth_of_discharge: 0.5
  VRBF:
    cost: 220.83
    lifetime: 20.9586
    annual_cost: 10.536486215682345
    efficiency: 0.684977
    discharge_ratio: 0.5
    depth_of_discharge: 1.0
