cost_values:
  wind_capex: 5000.0
  wind_opex: 100
  wind_lifetime: 20
  solar_capex: 1000.0
  solar_opex: 10
  solar_lifetime: 20
  carbon_price: 1.0
timeseries_values:
  load_level: 281527.0239172328
  wind_year: 2019
  solar_year: 2017
  price_year: 2023
  carbon_year: 2023
storage_values:
  CAES:
    cost: 43.4397
    lifetime: 21.5346
    annual_cost: 2.017204870301747
    efficiency: 0.590294
    discharge_ratio: 0.1
    depth_of_discharge: 0.4
  Li-ion:
    cost: 152.873
    lifetime: 22.5116
    annual_cost: 6.790854492794825
    efficiency: 0.92522
    discharge_ratio: 2
    depth_of_discharge: 0.9
  Pb-acid:
    cost: 136.372
    lifetime: 8.06845
    annual_cost: 16.901883261345116
    efficiency: 0.708167
    discharge_ratio: 5
    depth_of_discharge: 0.5
  VRBF:
    cost: 205.76
    lifetime: 21.1519
    annual_cost: 9.727731314917335
    efficiency: 0.662592
    discharge_ratio: 0.5
    depth_of_discharge: 1.0
