cost_values:
  wind_capex: 5000.0
  wind_opex: 100
  wind_lifetime: 20
  solar_capex: 1000.0
  solar_opex: 10
  solar_lifetime: 20
  carbon_price: 1.0
timeseries_values:
  load_level: 281527.0239172328
  wind_year: 2019
  solar_year: 2017
  price_year: 2023
  carbon_year: 2023
storage_values:
  CAES:
    cost: 41.2697
    lifetime: 22.7228
    annual_cost: 1.8162242329290406
    efficiency: 0.600406
    discharge_ratio: 0.1
    depth_of_discharge: 0.4
  Li-ion:
    cost: 134.135
    lifetime: 22.4493
    annual_cost: 5.975019265634117
    efficiency: 0.920248
    discharge_ratio: 2
    depth_of_discharge: 0.9
  Pb-acid:
    cost: 142.968
    lifetime: 9.98287
    annual_cost: 14.321332442473956
    efficiency: 0.705539
    discharge_ratio: 5
    depth_of_discharge: 0.5
  VRBF:
    cost: 200.465
    lifetime: 20.5203
    annual_cost: 9.769106689473352
    efficiency: 0.662131
    discharge_ratio: 0.5
    depth_of_discharge: 1.0
