cost_values:
  wind_capex: 5000.0
  wind_opex: 100
  wind_lifetime: 20
  solar_capex: 1000.0
  solar_opex: 10
  solar_lifetime: 20
  carbon_price: 1.0
timeseries_values:
  load_level: 281527.0239172328
  wind_year: 2019
  solar_year: 2017
  price_year: 2023
  carbon_year: 2023
storage_values:
  CAES:
    cost: 43.2918
    lifetime: 22.9681
    annual_cost: 1.884866401661435
    efficiency: 0.590028
    discharge_ratio: 0.1
    depth_of_discharge: 0.4
  Li-ion:
    cost: 153.638
    lifetime: 20.806
    annual_cost: 7.38431221762953
    efficiency: 0.916874
    discharge_ratio: 2
    depth_of_discharge: 0.9
  Pb-acid:
    cost: 149.843
    lifetime: 9.13864
    annual_cost: 16.396641075696163
    efficiency: 0.71117
    discharge_ratio: 5
    depth_of_discharge: 0.5
  VRBF:
    cost: 225.551
    lifetime: 20.9383
    annual_cost: 10.77217348113266
    efficiency: 0.650313
    discharge_ratio: 0.5
    depth_of_discharge: 1.0
