cost_values:
  wind_capex: 5000.0
  wind_opex: 100
  wind_lifetime: 20
  solar_capex: 1000.0
  solar_opex: 10
  solar_lifetime: 20
  carbon_price: 1.0
timeseries_values:
  load_level: 281527.0239172328
  wind_year: 2019
  solar_year: 2017
  price_year: 2023
  carbon_year: 2023
storage_values:
  CAES:
    cost: 51.2207
    lifetime: 21.7353
    annual_cost: 2.3565674271806696
    efficiency: 0.599111
    discharge_ratio: 0.1
    depth_of_discharge: 0.4
  Li-ion:
    cost: 118.449
    lifetime: 23.2518
    annual_cost: 5.09418625654788
    efficiency: 0.914942
    discharge_ratio: 2
    depth_of_discharge: 0.9
  Pb-acid:
    cost: 135.52
    lifetime: 10.9416
    annual_cost: 12.385757110477446
    efficiency: 0.720698
    discharge_ratio: 5
    depth_of_discharge: 0.5
  VRBF:
    cost: 162.01
    lifetime: 20.1676
    annual_cost: 8.033181935381503
    efficiency: 0.659727
    discharge_ratio: 0.5
    depth_of_discharge: 1.0
