cost_values:
  wind_capex: 5000.0
  wind_opex: 100
  wind_lifetime: 20
  solar_capex: 1000.0
  solar_opex: 10
  solar_lifetime: 20
  carbon_price: 1.0
timeseries_values:
  load_level: 281527.0239172328
  wind_year: 2019
  solar_year: 2017
  price_year: 2023
  carbon_year: 2023
storage_values:
  CAES:
    cost: 41.8685
    lifetime: 22.6248
    annual_cost: 1.8505577949860328
    efficiency: 0.591927
    discharge_ratio: 0.1
    depth_of_discharge: 0.4
  Li-ion:
    cost: 124.524
    lifetime: 21.813
    annual_cost: 5.708705817631688
    efficiency: 0.911419
    discharge_ratio: 2
    depth_of_discharge: 0.9
  Pb-acid:
    cost: 161.591
    lifetime: 9.08799
    annual_cost: 17.78071938899581
    efficiency: 0.702217
    discharge_ratio: 5
    depth_of_discharge: 0.5
  VRBF:
    cost: 226.949
    lifetime: 20.8261
    annual_cost: 10.897335554904663
    efficiency: 0.662974
    discharge_ratio: 0.5
    depth_of_discharge: 1.0
