cost_values:
  wind_capex: 5000.0
  wind_opex: 100
  wind_lifetime: 20
  solar_capex: 1000.0
  solar_opex: 10
  solar_lifetime: 20
  carbon_price: 1.0
timeseries_values:
  load_level: 281527.0239172328
  wind_year: 2019
  solar_year: 2017
  price_year: 2023
  carbon_year: 2023
storage_values:
  CAES:
    cost: 42.0185
    lifetime: 22.2629
    annual_cost: 1.8873776552021528
    efficiency: 0.585891
    discharge_ratio: 0.1
    depth_of_discharge: 0.4
  Li-ion:
    cost: 146.083
    lifetime: 22.7834
    annual_cost: 6.4118173758087025
    efficiency: 0.928429
    discharge_ratio: 2
    depth_of_discharge: 0.9
  Pb-acid:
    cost: 142.324
    lifetime: 9.75102
    annual_cost: 14.59580638743434
    efficiency: 0.722933
    discharge_ratio: 5
    depth_of_discharge: 0.5
  VRBF:
    cost: 230.08
    lifetime: 20.6959
    annual_cost: 11.117177798501151
    efficiency: 0.669987
    discharge_ratio: 0.5
    depth_of_discharge: 1.0
