cost_values:
  wind_capex: 5000.0
  wind_opex: 100
  wind_lifetime: 20
  solar_capex: 1000.0
  solar_opex: 10
  solar_lifetime: 20
  carbon_price: 1.0
timeseries_values:
  load_level: 281527.0239172328
  wind_year: 2019
  solar_year: 2017
  price_year: 2023
  carbon_year: 2023
storage_values:
  CAES:
    cost: 45.4282
    lifetime: 22.418
    annual_cost: 2.0264162726380586
    efficiency: 0.591144
    discharge_ratio: 0.1
    depth_of_discharge: 0.4
  Li-ion:
    cost: 143.358
    lifetime: 23.1187
    annual_cost: 6.2009542059025815
    efficiency: 0.920019
    discharge_ratio: 2
    depth_of_discharge: 0.9
  Pb-acid:
    cost: 124.338
    lifetime: 9.40272
    annual_cost: 13.223620399203634
    efficiency: 0.716217
    discharge_ratio: 5
    depth_of_discharge: 0.5
  VRBF:
    cost: 209.704
    lifetime: 19.5136
    annual_cost: 10.746556247950148
    efficiency: 0.661669
    discharge_ratio: 0.5
    depth_of_discharge: 1.0
