cost_values:
  wind_capex: 5000.0
  wind_opex: 100
  wind_lifetime: 20
  solar_capex: 1000.0
  solar_opex: 10
  solar_lifetime: 20
  carbon_price: 1.0
timeseries_values:
  load_level: 281527.0239172328
  wind_year: 2019
  solar_year: 2017
  price_year: 2023
  carbon_year: 2023
storage_values:
  CAES:
    cost: 43.4689
    lifetime: 21.3291
    annual_cost: 2.03800910493176
    efficiency: 0.58747
    discharge_ratio: 0.1
    depth_of_discharge: 0.4
  Li-ion:
    cost: 140.387
    lifetime: 24.1538
    annual_cost: 5.8122117430797635
    efficiency: 0.926014
    discharge_ratio: 2
    depth_of_discharge: 0.9
  Pb-acid:
    cost: 134.201
    lifetime: 9.30642
    annual_cost: 14.420260422375092
    efficiency: 0.705217
    discharge_ratio: 5
    depth_of_discharge: 0.5
  VRBF:
    cost: 198.04
    lifetime: 20.2054
    annual_cost: 9.801340235778554
    efficiency: 0.68215
    discharge_ratio: 0.5
    depth_of_discharge: 1.0
