cost_values:
  wind_capex: 5000.0
  wind_opex: 100
  wind_lifetime: 20
  solar_capex: 1000.0
  solar_opex: 10
  solar_lifetime: 20
  carbon_price: 1.0
timeseries_values:
  load_level: 281527.0239172328
  wind_year: 2019
  solar_year: 2017
  price_year: 2023
  carbon_year: 2023
storage_values:
  CAES:
    cost: 43.8132
    lifetime: 23.2776
    annual_cost: 1.882204350964017
    efficiency: 0.583589
    discharge_ratio: 0.1
    depth_of_discharge: 0.4
  Li-ion:
    cost: 145.02
    lifetime: 22.3831
    annual_cost: 6.4789953134284355
    efficiency: 0.918951
    discharge_ratio: 2
    depth_of_discharge: 0.9
  Pb-acid:
    cost: 134.241
    lifetime: 8.99765
    annual_cost: 14.919562330163988
    efficiency: 0.715095
    discharge_ratio: 5
    depth_of_discharge: 0.5
  VRBF:
    cost: 210.239
    lifetime: 19.7596
    annual_cost: 10.639840887467358
    efficiency: 0.667378
    discharge_ratio: 0.5
    depth_of_discharge: 1.0
