cost_values:
  wind_capex: 5000.0
  wind_opex: 100
  wind_lifetime: 20
  solar_capex: 1000.0
  solar_opex: 10
  solar_lifetime: 20
  carbon_price: 1.0
timeseries_values:
  load_level: 281527.0239172328
  wind_year: 2019
  solar_year: 2017
  price_year: 2023
  carbon_year: 2023
storage_values:
  CAES:
    cost: 39.4753
    lifetime: 22.7545
    annual_cost: 1.7348348678283416
    efficiency: 0.58449
    discharge_ratio: 0.1
    depth_of_discharge: 0.4
  Li-ion:
    cost: 163.301
    lifetime: 22.5211
    annual_cost: 7.251022374573178
    efficiency: 0.915658
    discharge_ratio: 2
    depth_of_discharge: 0.9
  Pb-acid:
    cost: 158.838
    lifetime: 9.88377
    annual_cost: 16.07058844954911
    efficiency: 0.711279
    discharge_ratio: 5
    depth_of_discharge: 0.5
  VRBF:
    cost: 198.635
    lifetime: 18.6857
    annual_cost: 10.630321582814664
    efficiency: 0.680754
    discharge_ratio: 0.5
    depth_of_discharge: 1.0
