cost_values:
  wind_capex: 5000.0
  wind_opex: 100
  wind_lifetime: 20
  solar_capex: 1000.0
  solar_opex: 10
  solar_lifetime: 20
  carbon_price: 1.0
timeseries_values:
  load_level: 281527.0239172328
  wind_year: 2019
  solar_year: 2017
  price_year: 2023
  carbon_year: 2023
storage_values:
  CAES:
    cost: 40.5169
    lifetime: 23.5895
    annual_cost: 1.7175819750312638
    efficiency: 0.587996
    discharge_ratio: 0.1
    depth_of_discharge: 0.4
  Li-ion:
    cost: 151.348
    lifetime: 23.6033
    annual_cost: 6.412154232670856
    efficiency: 0.927687
    discharge_ratio: 2
    depth_of_discharge: 0.9
  Pb-acid:
    cost: 155.566
    lifetime: 9.05971
    annual_cost: 17.171189806296226
    efficiency: 0.709694
    discharge_ratio: 5
    depth_of_discharge: 0.5
  VRBF:
    cost: 193.944
    lifetime: 21.4585
    annual_cost: 9.03809679148123
    efficiency: 0.66848
    discharge_ratio: 0.5
    depth_of_discharge: 1.0
