cost_values:
  wind_capex: 5000.0
  wind_opex: 100
  wind_lifetime: 20
  solar_capex: 1000.0
  solar_opex: 10
  solar_lifetime: 20
  carbon_price: 1.0
timeseries_values:
  load_level: 281527.0239172328
  wind_year: 2019
  solar_year: 2017
  price_year: 2023
  carbon_year: 2023
storage_values:
  CAES:
    cost: 37.2673
    lifetime: 21.8115
    annual_cost: 1.7086078444857071
    efficiency: 0.596641
    discharge_ratio: 0.1
    depth_of_discharge: 0.4
  Li-ion:
    cost: 155.358
    lifetime: 21.8178
    annual_cost: 7.120699612243215
    efficiency: 0.920394
    discharge_ratio: 2
    depth_of_discharge: 0.9
  Pb-acid:
    cost: 121.841
    lifetime: 8.38136
    annual_cost: 14.537139557303346
    efficiency: 0.718504
    discharge_ratio: 5
    depth_of_discharge: 0.5
  VRBF:
    cost: 198.084
    lifetime: 19.2235
    annual_cost: 10.304263011418316
    efficiency: 0.666171
    discharge_ratio: 0.5
    depth_of_discharge: 1.0
