cost_values:
  wind_capex: 5000.0
  wind_opex: 100
  wind_lifetime: 20
  solar_capex: 1000.0
  solar_opex: 10
  solar_lifetime: 20
  carbon_price: 1.0
timeseries_values:
  load_level: 281527.0239172328
  wind_year: 2019
  solar_year: 2017
  price_year: 2023
  carbon_year: 2023
storage_values:
  CAES:
    cost: 43.7521
    lifetime: 20.8244
    annual_cost: 2.1010017095330475
    efficiency: 0.593941
    discharge_ratio: 0.1
    depth_of_discharge: 0.4
  Li-ion:
    cost: 140.187
    lifetime: 22.2678
    annual_cost: 6.295502923503894
    efficiency: 0.915726
    discharge_ratio: 2
    depth_of_discharge: 0.9
  Pb-acid:
    cost: 143.533
    lifetime: 7.99638
    annual_cost: 17.949747260635434
    efficiency: 0.707594
    discharge_ratio: 5
    depth_of_discharge: 0.5
  VRBF:
    cost: 181.501
    lifetime: 18.716
    annual_cost: 9.697638384270142
    efficiency: 0.662343
    discharge_ratio: 0.5
    depth_of_discharge: 1.0
