cost_values:
  wind_capex: 5000.0
  wind_opex: 100
  wind_lifetime: 20
  solar_capex: 1000.0
  solar_opex: 10
  solar_lifetime: 20
  carbon_price: 1.0
timeseries_values:
  load_level: 281527.0239172328
  wind_year: 2019
  solar_year: 2017
  price_year: 2023
  carbon_year: 2023
storage_values:
  CAES:
    cost: 41.2735
    lifetime: 21.8648
    annual_cost: 1.8876687644067176
    efficiency: 0.60339
    discharge_ratio: 0.1
    depth_of_discharge: 0.4
  Li-ion:
    cost: 123.12
    lifetime: 21.4386
    annual_cost: 5.7429123170356275
    efficiency: 0.930071
    discharge_ratio: 2
    depth_of_discharge: 0.9
  Pb-acid:
    cost: 165.752
    lifetime: 9.44157
    annual_cost: 17.5555548494583
    efficiency: 0.712264
    discharge_ratio: 5
    depth_of_discharge: 0.5
  VRBF:
    cost: 255.317
    lifetime: 21.3749
    annual_cost: 11.944710852448432
    efficiency: 0.664294
    discharge_ratio: 0.5
    depth_of_discharge: 1.0
