cost_values:
  wind_capex: 5000.0
  wind_opex: 100
  wind_lifetime: 20
  solar_capex: 1000.0
  solar_opex: 10
  solar_lifetime: 20
  carbon_price: 1.0
timeseries_values:
  load_level: 281527.0239172328
  wind_year: 2019
  solar_year: 2017
  price_year: 2023
  carbon_year: 2023
storage_values:
  CAES:
    cost: 44.1008
    lifetime: 21.7578
    annual_cost: 2.026896101627922
    efficiency: 0.601368
    discharge_ratio: 0.1
    depth_of_discharge: 0.4
  Li-ion:
    cost: 109.82
    lifetime: 22.2853
    annual_cost: 4.927912121443283
    efficiency: 0.899376
    discharge_ratio: 2
    depth_of_discharge: 0.9
  Pb-acid:
    cost: 142.855
    lifetime: 9.13753
    annual_cost: 15.633874799863857
    efficiency: 0.711003
    discharge_ratio: 5
    depth_of_discharge: 0.5
  VRBF:
    cost: 231.55
    lifetime: 20.9314
    annual_cost: 11.062327412404331
    efficiency: 0.687143
    discharge_ratio: 0.5
    depth_of_discharge: 1.0
