cost_values:
  wind_capex: 5000.0
  wind_opex: 100
  wind_lifetime: 20
  solar_capex: 1000.0
  solar_opex: 10
  solar_lifetime: 20
  carbon_price: 1.0
timeseries_values:
  load_level: 281527.0239172328
  wind_year: 2019
  solar_year: 2017
  price_year: 2023
  carbon_year: 2023
storage_values:
  CAES:
    cost: 42.9044
    lifetime: 22.8516
    annual_cost: 1.877522799278825
    efficiency: 0.593511
    discharge_ratio: 0.1
    depth_of_discharge: 0.4
  Li-ion:
    cost: 148.923
    lifetime: 22.1133
    annual_cost: 6.734544369225761
    efficiency: 0.910649
    discharge_ratio: 2
    depth_of_discharge: 0.9
  Pb-acid:
    cost: 140.106
    lifetime: 8.2453
    annual_cost: 16.992225874134355
    efficiency: 0.707336
    discharge_ratio: 5
    depth_of_discharge: 0.5
  VRBF:
    cost: 215.982
    lifetime: 21.1112
    annual_cost: 10.230683239228465
    efficiency: 0.691784
    discharge_ratio: 0.5
    depth_of_discharge: 1.0
