cost_values:
  wind_capex: 5000.0
  wind_opex: 100
  wind_lifetime: 20
  solar_capex: 1000.0
  solar_opex: 10
  solar_lifetime: 20
  carbon_price: 1.0
timeseries_values:
  load_level: 281527.0239172328
  wind_year: 2019
  solar_year: 2017
  price_year: 2023
  carbon_year: 2023
storage_values:
  CAES:
    cost: 37.4613
    lifetime: 21.6545
    annual_cost: 1.729954512918793
    efficiency: 0.592022
    discharge_ratio: 0.1
    depth_of_discharge: 0.4
  Li-ion:
    cost: 149.053
    lifetime: 19.9281
    annual_cost: 7.479538942498281
    efficiency: 0.927099
    discharge_ratio: 2
    depth_of_discharge: 0.9
  Pb-acid:
    cost: 138.018
    lifetime: 8.81925
    annual_cost: 15.649630070584234
    efficiency: 0.701437
    discharge_ratio: 5
    depth_of_discharge: 0.5
  VRBF:
    cost: 203.884
    lifetime: 21.3888
    annual_cost: 9.532278575703172
    efficiency: 0.680258
    discharge_ratio: 0.5
    depth_of_discharge: 1.0
