cost_values:
  wind_capex: 5000.0
  wind_opex: 100
  wind_lifetime: 20
  solar_capex: 1000.0
  solar_opex: 10
  solar_lifetime: 20
  carbon_price: 1.0
timeseries_values:
  load_level: 281527.0239172328
  wind_year: 2019
  solar_year: 2017
  price_year: 2023
  carbon_year: 2023
storage_values:
  CAES:
    cost: 40.3537
    lifetime: 21.6581
    annual_cost: 1.863215148143189
    efficiency: 0.587247
    discharge_ratio: 0.1
    depth_of_discharge: 0.4
  Li-ion:
    cost: 158.96
    lifetime: 22.4855
    annual_cost: 7.069444753285452
    efficiency: 0.909691
    discharge_ratio: 2
    depth_of_discharge: 0.9
  Pb-acid:
    cost: 132.677
    lifetime: 8.90696
    annual_cost: 14.895879177631874
    efficiency: 0.721917
    discharge_ratio: 5
    depth_of_discharge: 0.5
  VRBF:
    cost: 190.917
    lifetime: 19.8157
    annual_cost: 9.634633144425885
    efficiency: 0.685895
    discharge_ratio: 0.5
    depth_of_discharge: 1.0
