cost_values:
  wind_capex: 5000.0
  wind_opex: 100
  wind_lifetime: 20
  solar_capex: 1000.0
  solar_opex: 10
  solar_lifetime: 20
  carbon_price: 1.0
timeseries_values:
  load_level: 281527.0239172328
  wind_year: 2019
  solar_year: 2017
  price_year: 2023
  carbon_year: 2023
storage_values:
  CAES:
    cost: 38.3883
    lifetime: 21.8321
    annual_cost: 1.7583420742851124
    efficiency: 0.584157
    discharge_ratio: 0.1
    depth_of_discharge: 0.4
  Li-ion:
    cost: 143.709
    lifetime: 23.1571
    annual_cost: 6.205828881854809
    efficiency: 0.922284
    discharge_ratio: 2
    depth_of_discharge: 0.9
  Pb-acid:
    cost: 138.615
    lifetime: 10.3179
    annual_cost: 13.434419794725672
    efficiency: 0.711163
    discharge_ratio: 5
    depth_of_discharge: 0.5
  VRBF:
    cost: 209.841
    lifetime: 21.0852
    annual_cost: 9.95205167605714
    efficiency: 0.681599
    discharge_ratio: 0.5
    depth_of_discharge: 1.0
