cost_values:
  wind_capex: 5000.0
  wind_opex: 100
  wind_lifetime: 20
  solar_capex: 1000.0
  solar_opex: 10
  solar_lifetime: 20
  carbon_price: 1.0
timeseries_values:
  load_level: 281527.0239172328
  wind_year: 2019
  solar_year: 2017
  price_year: 2023
  carbon_year: 2023
storage_values:
  CAES:
    cost: 42.143
    lifetime: 22.3129
    annual_cost: 1.8887280452115145
    efficiency: 0.602091
    discharge_ratio: 0.1
    depth_of_discharge: 0.4
  Li-ion:
    cost: 143.997
    lifetime: 22.1193
    annual_cost: 6.510016139751259
    efficiency: 0.915936
    discharge_ratio: 2
    depth_of_discharge: 0.9
  Pb-acid:
    cost: 131.77
    lifetime: 8.39828
    annual_cost: 15.690117500250054
    efficiency: 0.72724
    discharge_ratio: 5
    depth_of_discharge: 0.5
  VRBF:
    cost: 172.567
    lifetime: 20.4268
    annual_cost: 8.448068224097755
    efficiency: 0.670052
    discharge_ratio: 0.5
    depth_of_discharge: 1.0
