cost_values:
  wind_capex: 5000.0
  wind_opex: 100
  wind_lifetime: 20
  solar_capex: 1000.0
  solar_opex: 10
  solar_lifetime: 20
  carbon_price: 1.0
timeseries_values:
  load_level: 281527.0239172328
  wind_year: 2019
  solar_year: 2017
  price_year: 2023
  carbon_year: 2023
storage_values:
  CAES:
    cost: 47.1045
    lifetime: 22.4897
    annual_cost: 2.0944921452931786
    efficiency: 0.595411
    discharge_ratio: 0.1
    depth_of_discharge: 0.4
  Li-ion:
    cost: 146.821
    lifetime: 23.6944
    annual_cost: 6.196443041393747
    efficiency: 0.928248
    discharge_ratio: 2
    depth_of_discharge: 0.9
  Pb-acid:
    cost: 130.648
    lifetime: 8.44423
    annual_cost: 15.471866588190991
    efficiency: 0.708466
    discharge_ratio: 5
    depth_of_discharge: 0.5
  VRBF:
    cost: 183.882
    lifetime: 22.2116
    annual_cost: 8.278647193358426
    efficiency: 0.669856
    discharge_ratio: 0.5
    depth_of_discharge: 1.0
