cost_values:
  wind_capex: 5000.0
  wind_opex: 100
  wind_lifetime: 20
  solar_capex: 1000.0
  solar_opex: 10
  solar_lifetime: 20
  carbon_price: 1.0
timeseries_values:
  load_level: 281527.0239172328
  wind_year: 2019
  solar_year: 2017
  price_year: 2023
  carbon_year: 2023
storage_values:
  CAES:
    cost: 46.035
    lifetime: 21.2038
    annual_cost: 2.1710731095369695
    efficiency: 0.589303
    discharge_ratio: 0.1
    depth_of_discharge: 0.4
  Li-ion:
    cost: 163.878
    lifetime: 22.7318
    annual_cost: 7.209195928171107
    efficiency: 0.913069
    discharge_ratio: 2
    depth_of_discharge: 0.9
  Pb-acid:
    cost: 136.524
    lifetime: 8.4154
    annual_cost: 16.223114765786534
    efficiency: 0.716407
    discharge_ratio: 5
    depth_of_discharge: 0.5
  VRBF:
    cost: 205.514
    lifetime: 19.788
    annual_cost: 10.38578936729331
    efficiency: 0.668091
    discharge_ratio: 0.5
    depth_of_discharge: 1.0
