cost_values:
  wind_capex: 5000.0
  wind_opex: 100
  wind_lifetime: 20
  solar_capex: 1000.0
  solar_opex: 10
  solar_lifetime: 20
  carbon_price: 1.0
timeseries_values:
  load_level: 281527.0239172328
  wind_year: 2019
  solar_year: 2017
  price_year: 2023
  carbon_year: 2023
storage_values:
  CAES:
    cost: 46.9994
    lifetime: 23.4326
    annual_cost: 2.005727064004848
    efficiency: 0.598737
    discharge_ratio: 0.1
    depth_of_discharge: 0.4
  Li-ion:
    cost: 129.309
    lifetime: 20.306
    annual_cost: 6.368019304639023
    efficiency: 0.923164
    discharge_ratio: 2
    depth_of_discharge: 0.9
  Pb-acid:
    cost: 111.624
    lifetime: 9.01998
    annual_cost: 12.375193736571477
    efficiency: 0.708297
    discharge_ratio: 5
    depth_of_discharge: 0.5
  VRBF:
    cost: 245.577
    lifetime: 20.8679
    annual_cost: 11.768170251918018
    efficiency: 0.69131
    discharge_ratio: 0.5
    depth_of_discharge: 1.0
