cost_values:
  wind_capex: 5000.0
  wind_opex: 100
  wind_lifetime: 20
  solar_capex: 1000.0
  solar_opex: 10
  solar_lifetime: 20
  carbon_price: 1.0
timeseries_values:
  load_level: 281527.0239172328
  wind_year: 2019
  solar_year: 2017
  price_year: 2023
  carbon_year: 2023
storage_values:
  CAES:
    cost: 42.8314
    lifetime: 21.3822
    annual_cost: 2.0031334474469418
    efficiency: 0.599221
    discharge_ratio: 0.1
    depth_of_discharge: 0.4
  Li-ion:
    cost: 135.248
    lifetime: 22.3544
    annual_cost: 6.050173567619797
    efficiency: 0.923276
    discharge_ratio: 2
    depth_of_discharge: 0.9
  Pb-acid:
    cost: 135.11
    lifetime: 9.12464
    annual_cost: 14.807159515334305
    efficiency: 0.710035
    discharge_ratio: 5
    depth_of_discharge: 0.5
  VRBF:
    cost: 201.534
    lifetime: 19.7796
    annual_cost: 10.188982588121094
    efficiency: 0.662145
    discharge_ratio: 0.5
    depth_of_discharge: 1.0
