cost_values:
  wind_capex: 5000.0
  wind_opex: 100
  wind_lifetime: 20
  solar_capex: 1000.0
  solar_opex: 10
  solar_lifetime: 20
  carbon_price: 1.0
timeseries_values:
  load_level: 281527.0239172328
  wind_year: 2019
  solar_year: 2017
  price_year: 2023
  carbon_year: 2023
storage_values:
  CAES:
    cost: 35.8253
    lifetime: 21.9694
    annual_cost: 1.630690870028312
    efficiency: 0.59588
    discharge_ratio: 0.1
    depth_of_discharge: 0.4
  Li-ion:
    cost: 139.613
    lifetime: 22.8223
    annual_cost: 6.1173939524062
    efficiency: 0.925298
    discharge_ratio: 2
    depth_of_discharge: 0.9
  Pb-acid:
    cost: 129.374
    lifetime: 9.87992
    annual_cost: 13.094640442432732
    efficiency: 0.708883
    discharge_ratio: 5
    depth_of_discharge: 0.5
  VRBF:
    cost: 202.676
    lifetime: 21.3189
    annual_cost: 9.506869491390269
    efficiency: 0.674459
    discharge_ratio: 0.5
    depth_of_discharge: 1.0
