cost_values:
  wind_capex: 5000.0
  wind_opex: 100
  wind_lifetime: 20
  solar_capex: 1000.0
  solar_opex: 10
  solar_lifetime: 20
  carbon_price: 1.0
timeseries_values:
  load_level: 281527.0239172328
  wind_year: 2019
  solar_year: 2017
  price_year: 2023
  carbon_year: 2023
storage_values:
  CAES:
    cost: 42.0166
    lifetime: 22.3579
    annual_cost: 1.879273098099553
    efficiency: 0.587901
    discharge_ratio: 0.1
    depth_of_discharge: 0.4
  Li-ion:
    cost: 130.855
    lifetime: 19.2794
    annual_cost: 6.7872962851541025
    efficiency: 0.908057
    discharge_ratio: 2
    depth_of_discharge: 0.9
  Pb-acid:
    cost: 140.302
    lifetime: 9.32137
    annual_cost: 15.051650132974014
    efficiency: 0.710942
    discharge_ratio: 5
    depth_of_discharge: 0.5
  VRBF:
    cost: 226.475
    lifetime: 21.0365
    annual_cost: 10.765811803294273
    efficiency: 0.672399
    discharge_ratio: 0.5
    depth_of_discharge: 1.0
