cost_values:
  wind_capex: 5000.0
  wind_opex: 100
  wind_lifetime: 20
  solar_capex: 1000.0
  solar_opex: 10
  solar_lifetime: 20
  carbon_price: 1.0
timeseries_values:
  load_level: 281527.0239172328
  wind_year: 2019
  solar_year: 2017
  price_year: 2023
  carbon_year: 2023
storage_values:
  CAES:
    cost: 42.2346
    lifetime: 22.0325
    annual_cost: 1.9169227277884944
    efficiency: 0.593486
    discharge_ratio: 0.1
    depth_of_discharge: 0.4
  Li-ion:
    cost: 129.124
    lifetime: 20.9449
    annual_cost: 6.164937526557777
    efficiency: 0.914167
    discharge_ratio: 2
    depth_of_discharge: 0.9
  Pb-acid:
    cost: 140.28
    lifetime: 9.60134
    annual_cost: 14.610460623204677
    efficiency: 0.726294
    discharge_ratio: 5
    depth_of_discharge: 0.5
  VRBF:
    cost: 201.441
    lifetime: 19.3698
    annual_cost: 10.399745996344825
    efficiency: 0.659348
    discharge_ratio: 0.5
    depth_of_discharge: 1.0
