cost_values:
  wind_capex: 5000.0
  wind_opex: 100
  wind_lifetime: 20
  solar_capex: 1000.0
  solar_opex: 10
  solar_lifetime: 20
  carbon_price: 1.0
timeseries_values:
  load_level: 281527.0239172328
  wind_year: 2019
  solar_year: 2017
  price_year: 2023
  carbon_year: 2023
storage_values:
  CAES:
    cost: 44.5206
    lifetime: 22.5785
    annual_cost: 1.9718138937484777
    efficiency: 0.595112
    discharge_ratio: 0.1
    depth_of_discharge: 0.4
  Li-ion:
    cost: 117.283
    lifetime: 20.7713
    annual_cost: 5.646396710846216
    efficiency: 0.904068
    discharge_ratio: 2
    depth_of_discharge: 0.9
  Pb-acid:
    cost: 136.644
    lifetime: 8.98944
    annual_cost: 15.200501922255446
    efficiency: 0.708229
    discharge_ratio: 5
    depth_of_discharge: 0.5
  VRBF:
    cost: 228.411
    lifetime: 20.9366
    annual_cost: 10.90965104171642
    efficiency: 0.662793
    discharge_ratio: 0.5
    depth_of_discharge: 1.0
