cost_values:
  wind_capex: 5000.0
  wind_opex: 100
  wind_lifetime: 20
  solar_capex: 1000.0
  solar_opex: 10
  solar_lifetime: 20
  carbon_price: 1.0
timeseries_values:
  load_level: 281527.0239172328
  wind_year: 2019
  solar_year: 2017
  price_year: 2023
  carbon_year: 2023
storage_values:
  CAES:
    cost: 39.9535
    lifetime: 22.3032
    annual_cost: 1.7913797123282758
    efficiency: 0.594074
    discharge_ratio: 0.1
    depth_of_discharge: 0.4
  Li-ion:
    cost: 152.155
    lifetime: 21.6216
    annual_cost: 7.037175787175787
    efficiency: 0.920282
    discharge_ratio: 2
    depth_of_discharge: 0.9
  Pb-acid:
    cost: 147.287
    lifetime: 10.9945
    annual_cost: 13.396425485470008
    efficiency: 0.716952
    discharge_ratio: 5
    depth_of_discharge: 0.5
  VRBF:
    cost: 200.082
    lifetime: 20.0122
    annual_cost: 9.998001219256253
    efficiency: 0.662456
    discharge_ratio: 0.5
    depth_of_discharge: 1.0
