cost_values:
  wind_capex: 5000.0
  wind_opex: 100
  wind_lifetime: 20
  solar_capex: 1000.0
  solar_opex: 10
  solar_lifetime: 20
  carbon_price: 1.0
timeseries_values:
  load_level: 281527.0239172328
  wind_year: 2019
  solar_year: 2017
  price_year: 2023
  carbon_year: 2023
storage_values:
  CAES:
    cost: 44.5633
    lifetime: 22.6721
    annual_cost: 1.9655567856528509
    efficiency: 0.58709
    discharge_ratio: 0.1
    depth_of_discharge: 0.4
  Li-ion:
    cost: 161.047
    lifetime: 20.5851
    annual_cost: 7.823474260508815
    efficiency: 0.917148
    discharge_ratio: 2
    depth_of_discharge: 0.9
  Pb-acid:
    cost: 136.775
    lifetime: 9.80951
    annual_cost: 13.943102152910798
    efficiency: 0.706493
    discharge_ratio: 5
    depth_of_discharge: 0.5
  VRBF:
    cost: 215.625
    lifetime: 22.3365
    annual_cost: 9.653481968974548
    efficiency: 0.68577
    discharge_ratio: 0.5
    depth_of_discharge: 1.0
