cost_values:
  wind_capex: 5000.0
  wind_opex: 100
  wind_lifetime: 20
  solar_capex: 1000.0
  solar_opex: 10
  solar_lifetime: 20
  carbon_price: 1.0
timeseries_values:
  load_level: 281527.0239172328
  wind_year: 2019
  solar_year: 2017
  price_year: 2023
  carbon_year: 2023
storage_values:
  CAES:
    cost: 44.0794
    lifetime: 22.2336
    annual_cost: 1.982557930339666
    efficiency: 0.594689
    discharge_ratio: 0.1
    depth_of_discharge: 0.4
  Li-ion:
    cost: 162.512
    lifetime: 22.2704
    annual_cost: 7.297219627846829
    efficiency: 0.907192
    discharge_ratio: 2
    depth_of_discharge: 0.9
  Pb-acid:
    cost: 143.274
    lifetime: 8.73271
    annual_cost: 16.406590852095167
    efficiency: 0.700963
    discharge_ratio: 5
    depth_of_discharge: 0.5
  VRBF:
    cost: 243.281
    lifetime: 21.8665
    annual_cost: 11.125740287654633
    efficiency: 0.671076
    discharge_ratio: 0.5
    depth_of_discharge: 1.0
