cost_values:
  wind_capex: 5000.0
  wind_opex: 100
  wind_lifetime: 20
  solar_capex: 1000.0
  solar_opex: 10
  solar_lifetime: 20
  carbon_price: 1.0
timeseries_values:
  load_level: 233517.99475067863
  wind_year: 2017
  solar_year: 2013
  price_year: 2023
  carbon_year: 2023
storage_values:
  CAES:
    cost: 68.7919
    lifetime: 24.0618
    annual_cost: 2.858967325802724
    efficiency: 0.590182
    discharge_ratio: 0.1
    depth_of_discharge: 0.4
  Li-ion:
    cost: 206.53
    lifetime: 18.1745
    annual_cost: 11.363723898869296
    efficiency: 0.93064
    discharge_ratio: 2
    depth_of_discharge: 0.9
  Pb-acid:
    cost: 156.574
    lifetime: 14.0859
    annual_cost: 11.115654661753952
    efficiency: 0.674788
    discharge_ratio: 5
    depth_of_discharge: 0.5
  VRBF:
    cost: 356.672
    lifetime: 22.8778
    annual_cost: 15.590310257105141
    efficiency: 0.768134
    discharge_ratio: 0.5
    depth_of_discharge: 1.0
