cost_values:
  wind_capex: 5000.0
  wind_opex: 100
  wind_lifetime: 20
  solar_capex: 1000.0
  solar_opex: 10
  solar_lifetime: 20
  carbon_price: 1.0
timeseries_values:
  load_level: 233517.99475067863
  wind_year: 2017
  solar_year: 2013
  price_year: 2023
  carbon_year: 2023
storage_values:
  CAES:
    cost: 83.3609
    lifetime: 22.9392
    annual_cost: 3.6339933389133012
    efficiency: 0.594312
    discharge_ratio: 0.1
    depth_of_discharge: 0.4
  Li-ion:
    cost: 189.836
    lifetime: 15.9923
    annual_cost: 11.8704626601552
    efficiency: 0.929526
    discharge_ratio: 2
    depth_of_discharge: 0.9
  Pb-acid:
    cost: 192.804
    lifetime: 16.1793
    annual_cost: 11.91670838664219
    efficiency: 0.67787
    discharge_ratio: 5
    depth_of_discharge: 0.5
  VRBF:
    cost: 349.942
    lifetime: 22.5153
    annual_cost: 15.542408939698783
    efficiency: 0.776093
    discharge_ratio: 0.5
    depth_of_discharge: 1.0
