cost_values:
  wind_capex: 5000.0
  wind_opex: 100
  wind_lifetime: 20
  solar_capex: 1000.0
  solar_opex: 10
  solar_lifetime: 20
  carbon_price: 1.0
timeseries_values:
  load_level: 233517.99475067863
  wind_year: 2017
  solar_year: 2013
  price_year: 2023
  carbon_year: 2023
storage_values:
  CAES:
    cost: 70.6101
    lifetime: 22.7589
    annual_cost: 3.1025269235332114
    efficiency: 0.614321
    discharge_ratio: 0.1
    depth_of_discharge: 0.4
  Li-ion:
    cost: 183.786
    lifetime: 16.2837
    annual_cost: 11.286501225151532
    efficiency: 0.938976
    discharge_ratio: 2
    depth_of_discharge: 0.9
  Pb-acid:
    cost: 165.128
    lifetime: 15.4041
    annual_cost: 10.719743444927
    efficiency: 0.668401
    discharge_ratio: 5
    depth_of_discharge: 0.5
  VRBF:
    cost: 351.45
    lifetime: 20.4405
    annual_cost: 17.193806413737434
    efficiency: 0.78424
    discharge_ratio: 0.5
    depth_of_discharge: 1.0
