cost_values:
  wind_capex: 5000.0
  wind_opex: 100
  wind_lifetime: 20
  solar_capex: 1000.0
  solar_opex: 10
  solar_lifetime: 20
  carbon_price: 1.0
timeseries_values:
  load_level: 233517.99475067863
  wind_year: 2017
  solar_year: 2013
  price_year: 2023
  carbon_year: 2023
storage_values:
  CAES:
    cost: 76.0964
    lifetime: 23.2661
    annual_cost: 3.270698570022479
    efficiency: 0.601039
    discharge_ratio: 0.1
    depth_of_discharge: 0.4
  Li-ion:
    cost: 184.073
    lifetime: 14.4061
    annual_cost: 12.777434558971548
    efficiency: 0.922382
    discharge_ratio: 2
    depth_of_discharge: 0.9
  Pb-acid:
    cost: 169.892
    lifetime: 14.3258
    annual_cost: 11.859163188094207
    efficiency: 0.687076
    discharge_ratio: 5
    depth_of_discharge: 0.5
  VRBF:
    cost: 365.246
    lifetime: 22.9729
    annual_cost: 15.89899403209869
    efficiency: 0.778033
    discharge_ratio: 0.5
    depth_of_discharge: 1.0
