cost_values:
  wind_capex: 5000.0
  wind_opex: 100
  wind_lifetime: 20
  solar_capex: 1000.0
  solar_opex: 10
  solar_lifetime: 20
  carbon_price: 1.0
timeseries_values:
  load_level: 233517.99475067863
  wind_year: 2017
  solar_year: 2013
  price_year: 2023
  carbon_year: 2023
storage_values:
  CAES:
    cost: 75.6079
    lifetime: 23.7146
    annual_cost: 3.1882426859403066
    efficiency: 0.611668
    discharge_ratio: 0.1
    depth_of_discharge: 0.4
  Li-ion:
    cost: 199.239
    lifetime: 17.2653
    annual_cost: 11.539851609876457
    efficiency: 0.925067
    discharge_ratio: 2
    depth_of_discharge: 0.9
  Pb-acid:
    cost: 159.534
    lifetime: 14.3116
    annual_cost: 11.147181307470863
    efficiency: 0.685363
    discharge_ratio: 5
    depth_of_discharge: 0.5
  VRBF:
    cost: 362.101
    lifetime: 20.6565
    annual_cost: 17.529639580761504
    efficiency: 0.77524
    discharge_ratio: 0.5
    depth_of_discharge: 1.0
