cost_values:
  wind_capex: 5000.0
  wind_opex: 100
  wind_lifetime: 20
  solar_capex: 1000.0
  solar_opex: 10
  solar_lifetime: 20
  carbon_price: 1.0
timeseries_values:
  load_level: 233517.99475067863
  wind_year: 2017
  solar_year: 2013
  price_year: 2023
  carbon_year: 2023
storage_values:
  CAES:
    cost: 75.7474
    lifetime: 22.9455
    annual_cost: 3.3011875966965203
    efficiency: 0.600149
    discharge_ratio: 0.1
    depth_of_discharge: 0.4
  Li-ion:
    cost: 178.425
    lifetime: 17.4179
    annual_cost: 10.243772211345801
    efficiency: 0.917323
    discharge_ratio: 2
    depth_of_discharge: 0.9
  Pb-acid:
    cost: 168.891
    lifetime: 14.2824
    annual_cost: 11.825113426314903
    efficiency: 0.683548
    discharge_ratio: 5
    depth_of_discharge: 0.5
  VRBF:
    cost: 369.801
    lifetime: 20.0398
    annual_cost: 18.453327877523726
    efficiency: 0.784936
    discharge_ratio: 0.5
    depth_of_discharge: 1.0
