cost_values:
  wind_capex: 5000.0
  wind_opex: 100
  wind_lifetime: 20
  solar_capex: 1000.0
  solar_opex: 10
  solar_lifetime: 20
  carbon_price: 1.0
timeseries_values:
  load_level: 233517.99475067863
  wind_year: 2017
  solar_year: 2013
  price_year: 2023
  carbon_year: 2023
storage_values:
  CAES:
    cost: 75.2905
    lifetime: 23.9408
    annual_cost: 3.144861491679476
    efficiency: 0.59816
    discharge_ratio: 0.1
    depth_of_discharge: 0.4
  Li-ion:
    cost: 199.166
    lifetime: 16.3576
    annual_cost: 12.17574705335746
    efficiency: 0.922336
    discharge_ratio: 2
    depth_of_discharge: 0.9
  Pb-acid:
    cost: 164.752
    lifetime: 15.2317
    annual_cost: 10.816389503469738
    efficiency: 0.685255
    discharge_ratio: 5
    depth_of_discharge: 0.5
  VRBF:
    cost: 371.17
    lifetime: 24.4083
    annual_cost: 15.206712470757898
    efficiency: 0.791968
    discharge_ratio: 0.5
    depth_of_discharge: 1.0
