cost_values:
  wind_capex: 5000.0
  wind_opex: 100
  wind_lifetime: 20
  solar_capex: 1000.0
  solar_opex: 10
  solar_lifetime: 20
  carbon_price: 1.0
timeseries_values:
  load_level: 233517.99475067863
  wind_year: 2017
  solar_year: 2013
  price_year: 2023
  carbon_year: 2023
storage_values:
  CAES:
    cost: 78.8188
    lifetime: 23.0519
    annual_cost: 3.419188873802159
    efficiency: 0.595103
    discharge_ratio: 0.1
    depth_of_discharge: 0.4
  Li-ion:
    cost: 187.985
    lifetime: 16.561
    annual_cost: 11.35106575689874
    efficiency: 0.937423
    discharge_ratio: 2
    depth_of_discharge: 0.9
  Pb-acid:
    cost: 178.841
    lifetime: 14.314
    annual_cost: 12.4941316193936
    efficiency: 0.694058
    discharge_ratio: 5
    depth_of_discharge: 0.5
  VRBF:
    cost: 356.975
    lifetime: 23.4409
    annual_cost: 15.228724153082862
    efficiency: 0.789074
    discharge_ratio: 0.5
    depth_of_discharge: 1.0
