cost_values:
  wind_capex: 5000.0
  wind_opex: 100
  wind_lifetime: 20
  solar_capex: 1000.0
  solar_opex: 10
  solar_lifetime: 20
  carbon_price: 1.0
timeseries_values:
  load_level: 233517.99475067863
  wind_year: 2017
  solar_year: 2013
  price_year: 2023
  carbon_year: 2023
storage_values:
  CAES:
    cost: 74.8755
    lifetime: 23.5836
    annual_cost: 3.1748969622958327
    efficiency: 0.593362
    discharge_ratio: 0.1
    depth_of_discharge: 0.4
  Li-ion:
    cost: 183.379
    lifetime: 15.5422
    annual_cost: 11.798780095481979
    efficiency: 0.920237
    discharge_ratio: 2
    depth_of_discharge: 0.9
  Pb-acid:
    cost: 177.168
    lifetime: 17.4401
    annual_cost: 10.158657347148239
    efficiency: 0.690089
    discharge_ratio: 5
    depth_of_discharge: 0.5
  VRBF:
    cost: 345.356
    lifetime: 22.3753
    annual_cost: 15.43469808226035
    efficiency: 0.769483
    discharge_ratio: 0.5
    depth_of_discharge: 1.0
