cost_values:
  wind_capex: 5000.0
  wind_opex: 100
  wind_lifetime: 20
  solar_capex: 1000.0
  solar_opex: 10
  solar_lifetime: 20
  carbon_price: 1.0
timeseries_values:
  load_level: 233517.99475067863
  wind_year: 2017
  solar_year: 2013
  price_year: 2023
  carbon_year: 2023
storage_values:
  CAES:
    cost: 72.1901
    lifetime: 23.4762
    annual_cost: 3.0750334381203093
    efficiency: 0.598153
    discharge_ratio: 0.1
    depth_of_discharge: 0.4
  Li-ion:
    cost: 173.891
    lifetime: 16.5747
    annual_cost: 10.49135127634286
    efficiency: 0.937178
    discharge_ratio: 2
    depth_of_discharge: 0.9
  Pb-acid:
    cost: 155.688
    lifetime: 15.2365
    annual_cost: 10.218094706789616
    efficiency: 0.677904
    discharge_ratio: 5
    depth_of_discharge: 0.5
  VRBF:
    cost: 350.501
    lifetime: 23.8572
    annual_cost: 14.691623493117381
    efficiency: 0.789733
    discharge_ratio: 0.5
    depth_of_discharge: 1.0
