cost_values:
  wind_capex: 5000.0
  wind_opex: 100
  wind_lifetime: 20
  solar_capex: 1000.0
  solar_opex: 10
  solar_lifetime: 20
  carbon_price: 1.0
timeseries_values:
  load_level: 233517.99475067863
  wind_year: 2017
  solar_year: 2013
  price_year: 2023
  carbon_year: 2023
storage_values:
  CAES:
    cost: 75.0975
    lifetime: 23.5065
    annual_cost: 3.194754642332972
    efficiency: 0.601413
    discharge_ratio: 0.1
    depth_of_discharge: 0.4
  Li-ion:
    cost: 180.946
    lifetime: 14.3699
    annual_cost: 12.592015254107544
    efficiency: 0.925696
    discharge_ratio: 2
    depth_of_discharge: 0.9
  Pb-acid:
    cost: 162.873
    lifetime: 15.5306
    annual_cost: 10.487231658789744
    efficiency: 0.685964
    discharge_ratio: 5
    depth_of_discharge: 0.5
  VRBF:
    cost: 378.518
    lifetime: 23.868
    annual_cost: 15.858806770571476
    efficiency: 0.789594
    discharge_ratio: 0.5
    depth_of_discharge: 1.0
