cost_values:
  wind_capex: 5000.0
  wind_opex: 100
  wind_lifetime: 20
  solar_capex: 1000.0
  solar_opex: 10
  solar_lifetime: 20
  carbon_price: 1.0
timeseries_values:
  load_level: 233517.99475067863
  wind_year: 2017
  solar_year: 2013
  price_year: 2023
  carbon_year: 2023
storage_values:
  CAES:
    cost: 80.8755
    lifetime: 23.803
    annual_cost: 3.397701970339873
    efficiency: 0.596848
    discharge_ratio: 0.1
    depth_of_discharge: 0.4
  Li-ion:
    cost: 196.472
    lifetime: 15.4519
    annual_cost: 12.71507063856225
    efficiency: 0.924766
    discharge_ratio: 2
    depth_of_discharge: 0.9
  Pb-acid:
    cost: 159.022
    lifetime: 15.0825
    annual_cost: 10.54347754019559
    efficiency: 0.659471
    discharge_ratio: 5
    depth_of_discharge: 0.5
  VRBF:
    cost: 341.569
    lifetime: 22.0552
    annual_cost: 15.487005332075883
    efficiency: 0.790311
    discharge_ratio: 0.5
    depth_of_discharge: 1.0
