cost_values:
  wind_capex: 5000.0
  wind_opex: 100
  wind_lifetime: 20
  solar_capex: 1000.0
  solar_opex: 10
  solar_lifetime: 20
  carbon_price: 1.0
timeseries_values:
  load_level: 233517.99475067863
  wind_year: 2017
  solar_year: 2013
  price_year: 2023
  carbon_year: 2023
storage_values:
  CAES:
    cost: 84.9232
    lifetime: 23.109
    annual_cost: 3.6748972261889303
    efficiency: 0.593345
    discharge_ratio: 0.1
    depth_of_discharge: 0.4
  Li-ion:
    cost: 167.009
    lifetime: 16.6163
    annual_cost: 10.050913861690027
    efficiency: 0.932596
    discharge_ratio: 2
    depth_of_discharge: 0.9
  Pb-acid:
    cost: 154.03
    lifetime: 15.6115
    annual_cost: 9.866444608141435
    efficiency: 0.684921
    discharge_ratio: 5
    depth_of_discharge: 0.5
  VRBF:
    cost: 298.057
    lifetime: 23.8289
    annual_cost: 12.508214814783729
    efficiency: 0.766002
    discharge_ratio: 0.5
    depth_of_discharge: 1.0
