cost_values:
  wind_capex: 5000.0
  wind_opex: 100
  wind_lifetime: 20
  solar_capex: 1000.0
  solar_opex: 10
  solar_lifetime: 20
  carbon_price: 1.0
timeseries_values:
  load_level: 233517.99475067863
  wind_year: 2017
  solar_year: 2013
  price_year: 2023
  carbon_year: 2023
storage_values:
  CAES:
    cost: 77.7234
    lifetime: 22.2761
    annual_cost: 3.4890936923429146
    efficiency: 0.607128
    discharge_ratio: 0.1
    depth_of_discharge: 0.4
  Li-ion:
    cost: 204.814
    lifetime: 16.0996
    annual_cost: 12.721682526273945
    efficiency: 0.922948
    discharge_ratio: 2
    depth_of_discharge: 0.9
  Pb-acid:
    cost: 185.334
    lifetime: 14.9758
    annual_cost: 12.375565913006318
    efficiency: 0.661675
    discharge_ratio: 5
    depth_of_discharge: 0.5
  VRBF:
    cost: 340.425
    lifetime: 21.5412
    annual_cost: 15.80343713442148
    efficiency: 0.765419
    discharge_ratio: 0.5
    depth_of_discharge: 1.0
