cost_values:
  wind_capex: 5000.0
  wind_opex: 100
  wind_lifetime: 20
  solar_capex: 1000.0
  solar_opex: 10
  solar_lifetime: 20
  carbon_price: 1.0
timeseries_values:
  load_level: 233517.99475067863
  wind_year: 2017
  solar_year: 2013
  price_year: 2023
  carbon_year: 2023
storage_values:
  CAES:
    cost: 78.7121
    lifetime: 23.4039
    annual_cost: 3.363204423194425
    efficiency: 0.605003
    discharge_ratio: 0.1
    depth_of_discharge: 0.4
  Li-ion:
    cost: 203.962
    lifetime: 16.6852
    annual_cost: 12.224126771030615
    efficiency: 0.922985
    discharge_ratio: 2
    depth_of_discharge: 0.9
  Pb-acid:
    cost: 166.702
    lifetime: 13.1811
    annual_cost: 12.647047666734945
    efficiency: 0.683074
    discharge_ratio: 5
    depth_of_discharge: 0.5
  VRBF:
    cost: 371.85
    lifetime: 23.9618
    annual_cost: 15.51845019990151
    efficiency: 0.784754
    discharge_ratio: 0.5
    depth_of_discharge: 1.0
