cost_values:
  wind_capex: 5000.0
  wind_opex: 100
  wind_lifetime: 20
  solar_capex: 1000.0
  solar_opex: 10
  solar_lifetime: 20
  carbon_price: 1.0
timeseries_values:
  load_level: 233517.99475067863
  wind_year: 2017
  solar_year: 2013
  price_year: 2023
  carbon_year: 2023
storage_values:
  CAES:
    cost: 67.4185
    lifetime: 23.1785
    annual_cost: 2.908665357982613
    efficiency: 0.607836
    discharge_ratio: 0.1
    depth_of_discharge: 0.4
  Li-ion:
    cost: 184.354
    lifetime: 15.3045
    annual_cost: 12.045738181580582
    efficiency: 0.925411
    discharge_ratio: 2
    depth_of_discharge: 0.9
  Pb-acid:
    cost: 153.558
    lifetime: 15.1455
    annual_cost: 10.1388531246905
    efficiency: 0.683294
    discharge_ratio: 5
    depth_of_discharge: 0.5
  VRBF:
    cost: 352.877
    lifetime: 22.043
    annual_cost: 16.008574150523977
    efficiency: 0.765042
    discharge_ratio: 0.5
    depth_of_discharge: 1.0
