cost_values:
  wind_capex: 5000.0
  wind_opex: 100
  wind_lifetime: 20
  solar_capex: 1000.0
  solar_opex: 10
  solar_lifetime: 20
  carbon_price: 1.0
timeseries_values:
  load_level: 233517.99475067863
  wind_year: 2017
  solar_year: 2013
  price_year: 2023
  carbon_year: 2023
storage_values:
  CAES:
    cost: 70.9968
    lifetime: 23.573
    annual_cost: 3.011784668900861
    efficiency: 0.59175
    discharge_ratio: 0.1
    depth_of_discharge: 0.4
  Li-ion:
    cost: 160.685
    lifetime: 14.8726
    annual_cost: 10.804096123071957
    efficiency: 0.922152
    discharge_ratio: 2
    depth_of_discharge: 0.9
  Pb-acid:
    cost: 166.215
    lifetime: 14.8098
    annual_cost: 11.223311590973545
    efficiency: 0.683216
    discharge_ratio: 5
    depth_of_discharge: 0.5
  VRBF:
    cost: 330.361
    lifetime: 23.0757
    annual_cost: 14.316402102644773
    efficiency: 0.761086
    discharge_ratio: 0.5
    depth_of_discharge: 1.0
