cost_values:
  wind_capex: 5000.0
  wind_opex: 100
  wind_lifetime: 20
  solar_capex: 1000.0
  solar_opex: 10
  solar_lifetime: 20
  carbon_price: 1.0
timeseries_values:
  load_level: 233517.99475067863
  wind_year: 2017
  solar_year: 2013
  price_year: 2023
  carbon_year: 2023
storage_values:
  CAES:
    cost: 73.0249
    lifetime: 23.3643
    annual_cost: 3.1254905989051673
    efficiency: 0.595076
    discharge_ratio: 0.1
    depth_of_discharge: 0.4
  Li-ion:
    cost: 197.996
    lifetime: 15.8558
    annual_cost: 12.48729171659582
    efficiency: 0.924947
    discharge_ratio: 2
    depth_of_discharge: 0.9
  Pb-acid:
    cost: 165.124
    lifetime: 13.5987
    annual_cost: 12.142631280931266
    efficiency: 0.67535
    discharge_ratio: 5
    depth_of_discharge: 0.5
  VRBF:
    cost: 336.568
    lifetime: 21.2689
    annual_cost: 15.824419692602815
    efficiency: 0.80158
    discharge_ratio: 0.5
    depth_of_discharge: 1.0
