cost_values:
  wind_capex: 5000.0
  wind_opex: 100
  wind_lifetime: 20
  solar_capex: 1000.0
  solar_opex: 10
  solar_lifetime: 20
  carbon_price: 1.0
timeseries_values:
  load_level: 233517.99475067863
  wind_year: 2017
  solar_year: 2013
  price_year: 2023
  carbon_year: 2023
storage_values:
  CAES:
    cost: 77.8344
    lifetime: 23.8501
    annual_cost: 3.2634831719783146
    efficiency: 0.596863
    discharge_ratio: 0.1
    depth_of_discharge: 0.4
  Li-ion:
    cost: 189.401
    lifetime: 17.5398
    annual_cost: 10.798355739518126
    efficiency: 0.916303
    discharge_ratio: 2
    depth_of_discharge: 0.9
  Pb-acid:
    cost: 151.044
    lifetime: 15.3624
    annual_cost: 9.83205749101703
    efficiency: 0.676394
    discharge_ratio: 5
    depth_of_discharge: 0.5
  VRBF:
    cost: 336.125
    lifetime: 20.1341
    annual_cost: 16.69431462046975
    efficiency: 0.777086
    discharge_ratio: 0.5
    depth_of_discharge: 1.0
