cost_values:
  wind_capex: 5000.0
  wind_opex: 100
  wind_lifetime: 20
  solar_capex: 1000.0
  solar_opex: 10
  solar_lifetime: 20
  carbon_price: 1.0
timeseries_values:
  load_level: 233517.99475067863
  wind_year: 2017
  solar_year: 2013
  price_year: 2023
  carbon_year: 2023
storage_values:
  CAES:
    cost: 79.0671
    lifetime: 23.5019
    annual_cost: 3.364285440751599
    efficiency: 0.589172
    discharge_ratio: 0.1
    depth_of_discharge: 0.4
  Li-ion:
    cost: 196.694
    lifetime: 16.1137
    annual_cost: 12.206631624021794
    efficiency: 0.925443
    discharge_ratio: 2
    depth_of_discharge: 0.9
  Pb-acid:
    cost: 155.09
    lifetime: 15.742
    annual_cost: 9.851988311523312
    efficiency: 0.658901
    discharge_ratio: 5
    depth_of_discharge: 0.5
  VRBF:
    cost: 340.193
    lifetime: 21.7348
    annual_cost: 15.651995877578813
    efficiency: 0.79395
    discharge_ratio: 0.5
    depth_of_discharge: 1.0
