cost_values:
  wind_capex: 5000.0
  wind_opex: 100
  wind_lifetime: 20
  solar_capex: 1000.0
  solar_opex: 10
  solar_lifetime: 20
  carbon_price: 1.0
timeseries_values:
  load_level: 233517.99475067863
  wind_year: 2017
  solar_year: 2013
  price_year: 2023
  carbon_year: 2023
storage_values:
  CAES:
    cost: 74.6281
    lifetime: 23.3002
    annual_cost: 3.2028952541179905
    efficiency: 0.596453
    discharge_ratio: 0.1
    depth_of_discharge: 0.4
  Li-ion:
    cost: 184.188
    lifetime: 15.0235
    annual_cost: 12.259992678137584
    efficiency: 0.924673
    discharge_ratio: 2
    depth_of_discharge: 0.9
  Pb-acid:
    cost: 181.978
    lifetime: 14.8251
    annual_cost: 12.27499308605001
    efficiency: 0.671154
    discharge_ratio: 5
    depth_of_discharge: 0.5
  VRBF:
    cost: 346.36
    lifetime: 23.8004
    annual_cost: 14.552696593334566
    efficiency: 0.80541
    discharge_ratio: 0.5
    depth_of_discharge: 1.0
