cost_values:
  wind_capex: 5000.0
  wind_opex: 100
  wind_lifetime: 20
  solar_capex: 1000.0
  solar_opex: 10
  solar_lifetime: 20
  carbon_price: 1.0
timeseries_values:
  load_level: 233517.99475067863
  wind_year: 2017
  solar_year: 2013
  price_year: 2023
  carbon_year: 2023
storage_values:
  CAES:
    cost: 76.9019
    lifetime: 22.5666
    annual_cost: 3.407775207607703
    efficiency: 0.603818
    discharge_ratio: 0.1
    depth_of_discharge: 0.4
  Li-ion:
    cost: 193.95
    lifetime: 18.5867
    annual_cost: 10.43488085566561
    efficiency: 0.927433
    discharge_ratio: 2
    depth_of_discharge: 0.9
  Pb-acid:
    cost: 175.692
    lifetime: 15.9705
    annual_cost: 11.001033154879309
    efficiency: 0.696197
    discharge_ratio: 5
    depth_of_discharge: 0.5
  VRBF:
    cost: 353.832
    lifetime: 24.5311
    annual_cost: 14.423813037328127
    efficiency: 0.788097
    discharge_ratio: 0.5
    depth_of_discharge: 1.0
