cost_values:
  wind_capex: 5000.0
  wind_opex: 100
  wind_lifetime: 20
  solar_capex: 1000.0
  solar_opex: 10
  solar_lifetime: 20
  carbon_price: 1.0
timeseries_values:
  load_level: 233517.99475067863
  wind_year: 2017
  solar_year: 2013
  price_year: 2023
  carbon_year: 2023
storage_values:
  CAES:
    cost: 72.5868
    lifetime: 23.2413
    annual_cost: 3.1231815776225944
    efficiency: 0.59859
    discharge_ratio: 0.1
    depth_of_discharge: 0.4
  Li-ion:
    cost: 188.748
    lifetime: 16.3966
    annual_cost: 11.511410902260225
    efficiency: 0.924541
    discharge_ratio: 2
    depth_of_discharge: 0.9
  Pb-acid:
    cost: 154.807
    lifetime: 15.1317
    annual_cost: 10.230641633127803
    efficiency: 0.666272
    discharge_ratio: 5
    depth_of_discharge: 0.5
  VRBF:
    cost: 344.124
    lifetime: 22.3322
    annual_cost: 15.40931927888878
    efficiency: 0.773609
    discharge_ratio: 0.5
    depth_of_discharge: 1.0
