cost_values:
  wind_capex: 5000.0
  wind_opex: 100
  wind_lifetime: 20
  solar_capex: 1000.0
  solar_opex: 10
  solar_lifetime: 20
  carbon_price: 1.0
timeseries_values:
  load_level: 233517.99475067863
  wind_year: 2017
  solar_year: 2013
  price_year: 2023
  carbon_year: 2023
storage_values:
  CAES:
    cost: 76.8246
    lifetime: 23.528
    annual_cost: 3.2652414144848696
    efficiency: 0.602148
    discharge_ratio: 0.1
    depth_of_discharge: 0.4
  Li-ion:
    cost: 191.445
    lifetime: 15.761
    annual_cost: 12.146754647547745
    efficiency: 0.925624
    discharge_ratio: 2
    depth_of_discharge: 0.9
  Pb-acid:
    cost: 171.829
    lifetime: 15.4721
    annual_cost: 11.105732253540245
    efficiency: 0.685075
    discharge_ratio: 5
    depth_of_discharge: 0.5
  VRBF:
    cost: 384.087
    lifetime: 22.9835
    annual_cost: 16.71142341244806
    efficiency: 0.780859
    discharge_ratio: 0.5
    depth_of_discharge: 1.0
