cost_values:
  wind_capex: 5000.0
  wind_opex: 100
  wind_lifetime: 20
  solar_capex: 1000.0
  solar_opex: 10
  solar_lifetime: 20
  carbon_price: 1.0
timeseries_values:
  load_level: 233517.99475067863
  wind_year: 2017
  solar_year: 2013
  price_year: 2023
  carbon_year: 2023
storage_values:
  CAES:
    cost: 77.2413
    lifetime: 23.2364
    annual_cost: 3.3241509011722985
    efficiency: 0.603471
    discharge_ratio: 0.1
    depth_of_discharge: 0.4
  Li-ion:
    cost: 166.853
    lifetime: 16.9753
    annual_cost: 9.829163549392353
    efficiency: 0.929303
    discharge_ratio: 2
    depth_of_discharge: 0.9
  Pb-acid:
    cost: 141.219
    lifetime: 14.0476
    annual_cost: 10.05289159714115
    efficiency: 0.691768
    discharge_ratio: 5
    depth_of_discharge: 0.5
  VRBF:
    cost: 314.8
    lifetime: 24.883
    annual_cost: 12.651207651810473
    efficiency: 0.771384
    discharge_ratio: 0.5
    depth_of_discharge: 1.0
