cost_values:
  wind_capex: 5000.0
  wind_opex: 100
  wind_lifetime: 20
  solar_capex: 1000.0
  solar_opex: 10
  solar_lifetime: 20
  carbon_price: 1.0
timeseries_values:
  load_level: 233517.99475067863
  wind_year: 2017
  solar_year: 2013
  price_year: 2023
  carbon_year: 2023
storage_values:
  CAES:
    cost: 83.2666
    lifetime: 22.3157
    annual_cost: 3.731301281160797
    efficiency: 0.596641
    discharge_ratio: 0.1
    depth_of_discharge: 0.4
  Li-ion:
    cost: 191.79
    lifetime: 14.8766
    annual_cost: 12.892058669319603
    efficiency: 0.924671
    discharge_ratio: 2
    depth_of_discharge: 0.9
  Pb-acid:
    cost: 168.378
    lifetime: 16.9541
    annual_cost: 9.931403023457452
    efficiency: 0.670955
    discharge_ratio: 5
    depth_of_discharge: 0.5
  VRBF:
    cost: 326.279
    lifetime: 21.3482
    annual_cost: 15.28367731237294
    efficiency: 0.786252
    discharge_ratio: 0.5
    depth_of_discharge: 1.0
