cost_values:
  wind_capex: 5000.0
  wind_opex: 100
  wind_lifetime: 20
  solar_capex: 1000.0
  solar_opex: 10
  solar_lifetime: 20
  carbon_price: 1.0
timeseries_values:
  load_level: 233517.99475067863
  wind_year: 2017
  solar_year: 2013
  price_year: 2023
  carbon_year: 2023
storage_values:
  CAES:
    cost: 80.4949
    lifetime: 22.339
    annual_cost: 3.60333497470791
    efficiency: 0.599034
    discharge_ratio: 0.1
    depth_of_discharge: 0.4
  Li-ion:
    cost: 179.229
    lifetime: 17.4638
    annual_cost: 10.26288665697042
    efficiency: 0.934091
    discharge_ratio: 2
    depth_of_discharge: 0.9
  Pb-acid:
    cost: 147.107
    lifetime: 16.7042
    annual_cost: 8.806587564804062
    efficiency: 0.683104
    discharge_ratio: 5
    depth_of_discharge: 0.5
  VRBF:
    cost: 366.8
    lifetime: 24.3404
    annual_cost: 15.06959622684919
    efficiency: 0.754562
    discharge_ratio: 0.5
    depth_of_discharge: 1.0
