cost_values:
  wind_capex: 5000.0
  wind_opex: 100
  wind_lifetime: 20
  solar_capex: 1000.0
  solar_opex: 10
  solar_lifetime: 20
  carbon_price: 1.0
timeseries_values:
  load_level: 233517.99475067863
  wind_year: 2017
  solar_year: 2013
  price_year: 2023
  carbon_year: 2023
storage_values:
  CAES:
    cost: 73.0802
    lifetime: 23.878
    annual_cost: 3.0605662115755092
    efficiency: 0.594576
    discharge_ratio: 0.1
    depth_of_discharge: 0.4
  Li-ion:
    cost: 194.896
    lifetime: 16.4827
    annual_cost: 11.824276362489154
    efficiency: 0.922419
    discharge_ratio: 2
    depth_of_discharge: 0.9
  Pb-acid:
    cost: 196.141
    lifetime: 15.4434
    annual_cost: 12.700635870339433
    efficiency: 0.690169
    discharge_ratio: 5
    depth_of_discharge: 0.5
  VRBF:
    cost: 326.621
    lifetime: 19.9085
    annual_cost: 16.406107943843082
    efficiency: 0.78553
    discharge_ratio: 0.5
    depth_of_discharge: 1.0
