cost_values:
  wind_capex: 5000.0
  wind_opex: 100
  wind_lifetime: 20
  solar_capex: 1000.0
  solar_opex: 10
  solar_lifetime: 20
  carbon_price: 1.0
timeseries_values:
  load_level: 233517.99475067863
  wind_year: 2017
  solar_year: 2013
  price_year: 2023
  carbon_year: 2023
storage_values:
  CAES:
    cost: 72.8477
    lifetime: 23.0091
    annual_cost: 3.166038654271571
    efficiency: 0.595538
    discharge_ratio: 0.1
    depth_of_discharge: 0.4
  Li-ion:
    cost: 196.639
    lifetime: 16.7506
    annual_cost: 11.739221281625735
    efficiency: 0.917954
    discharge_ratio: 2
    depth_of_discharge: 0.9
  Pb-acid:
    cost: 165.47
    lifetime: 14.6815
    annual_cost: 11.270646732282124
    efficiency: 0.704488
    discharge_ratio: 5
    depth_of_discharge: 0.5
  VRBF:
    cost: 343.17
    lifetime: 23.2941
    annual_cost: 14.732056615194406
    efficiency: 0.793518
    discharge_ratio: 0.5
    depth_of_discharge: 1.0
