cost_values:
  wind_capex: 5000.0
  wind_opex: 100
  wind_lifetime: 20
  solar_capex: 1000.0
  solar_opex: 10
  solar_lifetime: 20
  carbon_price: 1.0
timeseries_values:
  load_level: 233517.99475067863
  wind_year: 2017
  solar_year: 2013
  price_year: 2023
  carbon_year: 2023
storage_values:
  CAES:
    cost: 70.8733
    lifetime: 23.415
    annual_cost: 3.026833226564168
    efficiency: 0.596682
    discharge_ratio: 0.1
    depth_of_discharge: 0.4
  Li-ion:
    cost: 201.288
    lifetime: 17.2366
    annual_cost: 11.67794112527993
    efficiency: 0.926118
    discharge_ratio: 2
    depth_of_discharge: 0.9
  Pb-acid:
    cost: 193.908
    lifetime: 15.6343
    annual_cost: 12.402729895166397
    efficiency: 0.683457
    discharge_ratio: 5
    depth_of_discharge: 0.5
  VRBF:
    cost: 367.836
    lifetime: 21.4488
    annual_cost: 17.149490880608706
    efficiency: 0.778486
    discharge_ratio: 0.5
    depth_of_discharge: 1.0
