cost_values:
  wind_capex: 5000.0
  wind_opex: 100
  wind_lifetime: 20
  solar_capex: 1000.0
  solar_opex: 10
  solar_lifetime: 20
  carbon_price: 1.0
timeseries_values:
  load_level: 233517.99475067863
  wind_year: 2017
  solar_year: 2013
  price_year: 2023
  carbon_year: 2023
storage_values:
  CAES:
    cost: 72.1242
    lifetime: 24.1007
    annual_cost: 2.9926184716626487
    efficiency: 0.585761
    discharge_ratio: 0.1
    depth_of_discharge: 0.4
  Li-ion:
    cost: 190.384
    lifetime: 16.9421
    annual_cost: 11.237331853784358
    efficiency: 0.918674
    discharge_ratio: 2
    depth_of_discharge: 0.9
  Pb-acid:
    cost: 160.693
    lifetime: 15.2774
    annual_cost: 10.518347362771152
    efficiency: 0.692672
    discharge_ratio: 5
    depth_of_discharge: 0.5
  VRBF:
    cost: 380.169
    lifetime: 21.6731
    annual_cost: 17.541053194974413
    efficiency: 0.779112
    discharge_ratio: 0.5
    depth_of_discharge: 1.0
