cost_values:
  wind_capex: 5000.0
  wind_opex: 100
  wind_lifetime: 20
  solar_capex: 1000.0
  solar_opex: 10
  solar_lifetime: 20
  carbon_price: 1.0
timeseries_values:
  load_level: 233517.99475067863
  wind_year: 2017
  solar_year: 2013
  price_year: 2023
  carbon_year: 2023
storage_values:
  CAES:
    cost: 77.4396
    lifetime: 23.8378
    annual_cost: 3.2486051565161214
    efficiency: 0.591517
    discharge_ratio: 0.1
    depth_of_discharge: 0.4
  Li-ion:
    cost: 177.443
    lifetime: 16.5951
    annual_cost: 10.692493567378325
    efficiency: 0.932556
    discharge_ratio: 2
    depth_of_discharge: 0.9
  Pb-acid:
    cost: 147.205
    lifetime: 15.5538
    annual_cost: 9.46424667926809
    efficiency: 0.687497
    discharge_ratio: 5
    depth_of_discharge: 0.5
  VRBF:
    cost: 346.739
    lifetime: 22.9904
    annual_cost: 15.081903751130906
    efficiency: 0.761955
    discharge_ratio: 0.5
    depth_of_discharge: 1.0
