cost_values:
  wind_capex: 5000.0
  wind_opex: 100
  wind_lifetime: 20
  solar_capex: 1000.0
  solar_opex: 10
  solar_lifetime: 20
  carbon_price: 1.0
timeseries_values:
  load_level: 233517.99475067863
  wind_year: 2017
  solar_year: 2013
  price_year: 2023
  carbon_year: 2023
storage_values:
  CAES:
    cost: 78.3692
    lifetime: 23.3072
    annual_cost: 3.3624459394521864
    efficiency: 0.587123
    discharge_ratio: 0.1
    depth_of_discharge: 0.4
  Li-ion:
    cost: 223.257
    lifetime: 16.3966
    annual_cost: 13.616054547894077
    efficiency: 0.917247
    discharge_ratio: 2
    depth_of_discharge: 0.9
  Pb-acid:
    cost: 156.823
    lifetime: 15.9495
    annual_cost: 9.832471237342864
    efficiency: 0.687192
    discharge_ratio: 5
    depth_of_discharge: 0.5
  VRBF:
    cost: 347.49
    lifetime: 23.6213
    annual_cost: 14.710875354023699
    efficiency: 0.787323
    discharge_ratio: 0.5
    depth_of_discharge: 1.0
