cost_values:
  wind_capex: 5000.0
  wind_opex: 100
  wind_lifetime: 20
  solar_capex: 1000.0
  solar_opex: 10
  solar_lifetime: 20
  carbon_price: 1.0
timeseries_values:
  load_level: 233517.99475067863
  wind_year: 2017
  solar_year: 2013
  price_year: 2023
  carbon_year: 2023
storage_values:
  CAES:
    cost: 79.5165
    lifetime: 22.0273
    annual_cost: 3.6099067974740433
    efficiency: 0.606115
    discharge_ratio: 0.1
    depth_of_discharge: 0.4
  Li-ion:
    cost: 190.088
    lifetime: 16.993
    annual_cost: 11.186253163067146
    efficiency: 0.94208
    discharge_ratio: 2
    depth_of_discharge: 0.9
  Pb-acid:
    cost: 176.655
    lifetime: 12.9301
    annual_cost: 13.662307329409673
    efficiency: 0.658683
    discharge_ratio: 5
    depth_of_discharge: 0.5
  VRBF:
    cost: 350.364
    lifetime: 22.6103
    annual_cost: 15.495769627116845
    efficiency: 0.789185
    discharge_ratio: 0.5
    depth_of_discharge: 1.0
