cost_values:
  wind_capex: 5000.0
  wind_opex: 100
  wind_lifetime: 20
  solar_capex: 1000.0
  solar_opex: 10
  solar_lifetime: 20
  carbon_price: 1.0
timeseries_values:
  load_level: 233517.99475067863
  wind_year: 2017
  solar_year: 2013
  price_year: 2023
  carbon_year: 2023
storage_values:
  CAES:
    cost: 73.6458
    lifetime: 22.691
    annual_cost: 3.2455951698911463
    efficiency: 0.591893
    discharge_ratio: 0.1
    depth_of_discharge: 0.4
  Li-ion:
    cost: 184.163
    lifetime: 14.8344
    annual_cost: 12.414590411476029
    efficiency: 0.929322
    discharge_ratio: 2
    depth_of_discharge: 0.9
  Pb-acid:
    cost: 152.894
    lifetime: 15.8188
    annual_cost: 9.665334917945737
    efficiency: 0.684635
    discharge_ratio: 5
    depth_of_discharge: 0.5
  VRBF:
    cost: 344.398
    lifetime: 24.9995
    annual_cost: 13.776195523910479
    efficiency: 0.786734
    discharge_ratio: 0.5
    depth_of_discharge: 1.0
