cost_values:
  wind_capex: 5000.0
  wind_opex: 100
  wind_lifetime: 20
  solar_capex: 1000.0
  solar_opex: 10
  solar_lifetime: 20
  carbon_price: 1.0
timeseries_values:
  load_level: 233517.99475067863
  wind_year: 2017
  solar_year: 2013
  price_year: 2023
  carbon_year: 2023
storage_values:
  CAES:
    cost: 73.0474
    lifetime: 23.9584
    annual_cost: 3.048926472552424
    efficiency: 0.603222
    discharge_ratio: 0.1
    depth_of_discharge: 0.4
  Li-ion:
    cost: 186.604
    lifetime: 17.0633
    annual_cost: 10.93598541899867
    efficiency: 0.924185
    discharge_ratio: 2
    depth_of_discharge: 0.9
  Pb-acid:
    cost: 142.819
    lifetime: 14.5627
    annual_cost: 9.807178613855946
    efficiency: 0.692692
    discharge_ratio: 5
    depth_of_discharge: 0.5
  VRBF:
    cost: 349.89
    lifetime: 22.2111
    annual_cost: 15.752934343638993
    efficiency: 0.767956
    discharge_ratio: 0.5
    depth_of_discharge: 1.0
