cost_values:
  wind_capex: 5000.0
  wind_opex: 100
  wind_lifetime: 20
  solar_capex: 1000.0
  solar_opex: 10
  solar_lifetime: 20
  carbon_price: 1.0
timeseries_values:
  load_level: 233517.99475067863
  wind_year: 2017
  solar_year: 2013
  price_year: 2023
  carbon_year: 2023
storage_values:
  CAES:
    cost: 75.3257
    lifetime: 23.2746
    annual_cost: 3.2363907435573545
    efficiency: 0.600535
    discharge_ratio: 0.1
    depth_of_discharge: 0.4
  Li-ion:
    cost: 182.922
    lifetime: 15.8372
    annual_cost: 11.550147753390752
    efficiency: 0.924701
    discharge_ratio: 2
    depth_of_discharge: 0.9
  Pb-acid:
    cost: 188.989
    lifetime: 14.398
    annual_cost: 13.126059174885402
    efficiency: 0.690049
    discharge_ratio: 5
    depth_of_discharge: 0.5
  VRBF:
    cost: 360.637
    lifetime: 21.8063
    annual_cost: 16.538202262648866
    efficiency: 0.806357
    discharge_ratio: 0.5
    depth_of_discharge: 1.0
