cost_values:
  wind_capex: 5000.0
  wind_opex: 100
  wind_lifetime: 20
  solar_capex: 1000.0
  solar_opex: 10
  solar_lifetime: 20
  carbon_price: 1.0
timeseries_values:
  load_level: 233517.99475067863
  wind_year: 2017
  solar_year: 2013
  price_year: 2023
  carbon_year: 2023
storage_values:
  CAES:
    cost: 72.5997
    lifetime: 23.2279
    annual_cost: 3.125538684082504
    efficiency: 0.599708
    discharge_ratio: 0.1
    depth_of_discharge: 0.4
  Li-ion:
    cost: 187.659
    lifetime: 14.6751
    annual_cost: 12.787578960279657
    efficiency: 0.921033
    discharge_ratio: 2
    depth_of_discharge: 0.9
  Pb-acid:
    cost: 167.776
    lifetime: 15.7293
    annual_cost: 10.6664632246826
    efficiency: 0.672464
    discharge_ratio: 5
    depth_of_discharge: 0.5
  VRBF:
    cost: 382.091
    lifetime: 23.0205
    annual_cost: 16.597858430529314
    efficiency: 0.775447
    discharge_ratio: 0.5
    depth_of_discharge: 1.0
