cost_values:
  wind_capex: 5000.0
  wind_opex: 100
  wind_lifetime: 20
  solar_capex: 1000.0
  solar_opex: 10
  solar_lifetime: 20
  carbon_price: 1.0
timeseries_values:
  load_level: 233517.99475067863
  wind_year: 2017
  solar_year: 2013
  price_year: 2023
  carbon_year: 2023
storage_values:
  CAES:
    cost: 76.7152
    lifetime: 24.6284
    annual_cost: 3.114907992399019
    efficiency: 0.60755
    discharge_ratio: 0.1
    depth_of_discharge: 0.4
  Li-ion:
    cost: 195.499
    lifetime: 16.3628
    annual_cost: 11.947771775001833
    efficiency: 0.931021
    discharge_ratio: 2
    depth_of_discharge: 0.9
  Pb-acid:
    cost: 160.001
    lifetime: 16.6097
    annual_cost: 9.632985544591413
    efficiency: 0.672493
    discharge_ratio: 5
    depth_of_discharge: 0.5
  VRBF:
    cost: 389.717
    lifetime: 20.3758
    annual_cost: 19.126463746208735
    efficiency: 0.781804
    discharge_ratio: 0.5
    depth_of_discharge: 1.0
