cost_values:
  wind_capex: 5000.0
  wind_opex: 100
  wind_lifetime: 20
  solar_capex: 1000.0
  solar_opex: 10
  solar_lifetime: 20
  carbon_price: 1.0
timeseries_values:
  load_level: 233517.99475067863
  wind_year: 2017
  solar_year: 2013
  price_year: 2023
  carbon_year: 2023
storage_values:
  CAES:
    cost: 73.7178
    lifetime: 23.13
    annual_cost: 3.1871076523994812
    efficiency: 0.603921
    discharge_ratio: 0.1
    depth_of_discharge: 0.4
  Li-ion:
    cost: 203.557
    lifetime: 15.6975
    annual_cost: 12.96747889791368
    efficiency: 0.915539
    discharge_ratio: 2
    depth_of_discharge: 0.9
  Pb-acid:
    cost: 166.724
    lifetime: 16.5452
    annual_cost: 10.076880303653022
    efficiency: 0.698623
    discharge_ratio: 5
    depth_of_discharge: 0.5
  VRBF:
    cost: 349.271
    lifetime: 21.6979
    annual_cost: 16.096995561782478
    efficiency: 0.780945
    discharge_ratio: 0.5
    depth_of_discharge: 1.0
