cost_values:
  wind_capex: 5000.0
  wind_opex: 100
  wind_lifetime: 20
  solar_capex: 1000.0
  solar_opex: 10
  solar_lifetime: 20
  carbon_price: 1.0
timeseries_values:
  load_level: 233517.99475067863
  wind_year: 2017
  solar_year: 2013
  price_year: 2023
  carbon_year: 2023
storage_values:
  CAES:
    cost: 81.0194
    lifetime: 23.4187
    annual_cost: 3.459602796056143
    efficiency: 0.605204
    discharge_ratio: 0.1
    depth_of_discharge: 0.4
  Li-ion:
    cost: 184.185
    lifetime: 17.4695
    annual_cost: 10.543232490912734
    efficiency: 0.924482
    discharge_ratio: 2
    depth_of_discharge: 0.9
  Pb-acid:
    cost: 166.519
    lifetime: 16.1215
    annual_cost: 10.32900164376764
    efficiency: 0.687807
    discharge_ratio: 5
    depth_of_discharge: 0.5
  VRBF:
    cost: 331.803
    lifetime: 22.21
    annual_cost: 14.939351643403871
    efficiency: 0.771236
    discharge_ratio: 0.5
    depth_of_discharge: 1.0
