cost_values:
  wind_capex: 5000.0
  wind_opex: 100
  wind_lifetime: 20
  solar_capex: 1000.0
  solar_opex: 10
  solar_lifetime: 20
  carbon_price: 1.0
timeseries_values:
  load_level: 233517.99475067863
  wind_year: 2017
  solar_year: 2013
  price_year: 2023
  carbon_year: 2023
storage_values:
  CAES:
    cost: 72.6539
    lifetime: 22.9765
    annual_cost: 3.162096054664548
    efficiency: 0.591449
    discharge_ratio: 0.1
    depth_of_discharge: 0.4
  Li-ion:
    cost: 196.804
    lifetime: 18.5215
    annual_cost: 10.625705261452907
    efficiency: 0.928565
    discharge_ratio: 2
    depth_of_discharge: 0.9
  Pb-acid:
    cost: 182.592
    lifetime: 15.3868
    annual_cost: 11.866794915122053
    efficiency: 0.680673
    discharge_ratio: 5
    depth_of_discharge: 0.5
  VRBF:
    cost: 374.733
    lifetime: 23.8645
    annual_cost: 15.702528860860275
    efficiency: 0.784873
    discharge_ratio: 0.5
    depth_of_discharge: 1.0
