cost_values:
  wind_capex: 5000.0
  wind_opex: 100
  wind_lifetime: 20
  solar_capex: 1000.0
  solar_opex: 10
  solar_lifetime: 20
  carbon_price: 1.0
timeseries_values:
  load_level: 233517.99475067863
  wind_year: 2017
  solar_year: 2013
  price_year: 2023
  carbon_year: 2023
storage_values:
  CAES:
    cost: 71.4278
    lifetime: 23.3492
    annual_cost: 3.0591112329330343
    efficiency: 0.586332
    discharge_ratio: 0.1
    depth_of_discharge: 0.4
  Li-ion:
    cost: 195.581
    lifetime: 14.4112
    annual_cost: 13.571458310203175
    efficiency: 0.918757
    discharge_ratio: 2
    depth_of_discharge: 0.9
  Pb-acid:
    cost: 163.057
    lifetime: 14.682
    annual_cost: 11.105912001089768
    efficiency: 0.683275
    discharge_ratio: 5
    depth_of_discharge: 0.5
  VRBF:
    cost: 370.226
    lifetime: 20.6908
    annual_cost: 17.893266572582984
    efficiency: 0.802683
    discharge_ratio: 0.5
    depth_of_discharge: 1.0
