cost_values:
  wind_capex: 5000.0
  wind_opex: 100
  wind_lifetime: 20
  solar_capex: 1000.0
  solar_opex: 10
  solar_lifetime: 20
  carbon_price: 1.0
timeseries_values:
  load_level: 233517.99475067863
  wind_year: 2017
  solar_year: 2013
  price_year: 2023
  carbon_year: 2023
storage_values:
  CAES:
    cost: 78.5153
    lifetime: 24.0657
    annual_cost: 3.2625396310932158
    efficiency: 0.602253
    discharge_ratio: 0.1
    depth_of_discharge: 0.4
  Li-ion:
    cost: 181.923
    lifetime: 16.5217
    annual_cost: 11.0111550264198
    efficiency: 0.919411
    discharge_ratio: 2
    depth_of_discharge: 0.9
  Pb-acid:
    cost: 161.883
    lifetime: 15.5017
    annual_cost: 10.442919163704627
    efficiency: 0.679812
    discharge_ratio: 5
    depth_of_discharge: 0.5
  VRBF:
    cost: 350.113
    lifetime: 21.1732
    annual_cost: 16.535667730905104
    efficiency: 0.78476
    discharge_ratio: 0.5
    depth_of_discharge: 1.0
