cost_values:
  wind_capex: 5000.0
  wind_opex: 100
  wind_lifetime: 20
  solar_capex: 1000.0
  solar_opex: 10
  solar_lifetime: 20
  carbon_price: 1.0
timeseries_values:
  load_level: 233517.99475067863
  wind_year: 2017
  solar_year: 2013
  price_year: 2023
  carbon_year: 2023
storage_values:
  CAES:
    cost: 71.2249
    lifetime: 23.8159
    annual_cost: 2.9906449052943627
    efficiency: 0.594915
    discharge_ratio: 0.1
    depth_of_discharge: 0.4
  Li-ion:
    cost: 191.431
    lifetime: 15.9769
    annual_cost: 11.981736131539911
    efficiency: 0.925092
    discharge_ratio: 2
    depth_of_discharge: 0.9
  Pb-acid:
    cost: 163.35
    lifetime: 13.3046
    annual_cost: 12.277708461735038
    efficiency: 0.687661
    discharge_ratio: 5
    depth_of_discharge: 0.5
  VRBF:
    cost: 343.544
    lifetime: 23.1461
    annual_cost: 14.842414056795745
    efficiency: 0.784097
    discharge_ratio: 0.5
    depth_of_discharge: 1.0
