cost_values:
  wind_capex: 5000.0
  wind_opex: 100
  wind_lifetime: 20
  solar_capex: 1000.0
  solar_opex: 10
  solar_lifetime: 20
  carbon_price: 1.0
timeseries_values:
  load_level: 233517.99475067863
  wind_year: 2017
  solar_year: 2013
  price_year: 2023
  carbon_year: 2023
storage_values:
  CAES:
    cost: 76.7046
    lifetime: 23.1639
    annual_cost: 3.3113853884708533
    efficiency: 0.597016
    discharge_ratio: 0.1
    depth_of_discharge: 0.4
  Li-ion:
    cost: 187.516
    lifetime: 17.2865
    annual_cost: 10.84753998785179
    efficiency: 0.927978
    discharge_ratio: 2
    depth_of_discharge: 0.9
  Pb-acid:
    cost: 175.297
    lifetime: 15.1778
    annual_cost: 11.549565813227213
    efficiency: 0.676918
    discharge_ratio: 5
    depth_of_discharge: 0.5
  VRBF:
    cost: 371.188
    lifetime: 24.0755
    annual_cost: 15.417665261365286
    efficiency: 0.785119
    discharge_ratio: 0.5
    depth_of_discharge: 1.0
