cost_values:
  wind_capex: 5000.0
  wind_opex: 100
  wind_lifetime: 20
  solar_capex: 1000.0
  solar_opex: 10
  solar_lifetime: 20
  carbon_price: 1.0
timeseries_values:
  load_level: 233517.99475067863
  wind_year: 2017
  solar_year: 2013
  price_year: 2023
  carbon_year: 2023
storage_values:
  CAES:
    cost: 76.1093
    lifetime: 22.9043
    annual_cost: 3.3229262627541556
    efficiency: 0.609037
    discharge_ratio: 0.1
    depth_of_discharge: 0.4
  Li-ion:
    cost: 196.122
    lifetime: 18.0323
    annual_cost: 10.876150019686897
    efficiency: 0.918635
    discharge_ratio: 2
    depth_of_discharge: 0.9
  Pb-acid:
    cost: 150.604
    lifetime: 15.2211
    annual_cost: 9.894422873511115
    efficiency: 0.677331
    discharge_ratio: 5
    depth_of_discharge: 0.5
  VRBF:
    cost: 382.77
    lifetime: 23.1559
    annual_cost: 16.530128390604553
    efficiency: 0.784926
    discharge_ratio: 0.5
    depth_of_discharge: 1.0
