cost_values:
  wind_capex: 5000.0
  wind_opex: 100
  wind_lifetime: 20
  solar_capex: 1000.0
  solar_opex: 10
  solar_lifetime: 20
  carbon_price: 1.0
timeseries_values:
  load_level: 233517.99475067863
  wind_year: 2017
  solar_year: 2013
  price_year: 2023
  carbon_year: 2023
storage_values:
  CAES:
    cost: 77.5265
    lifetime: 23.2812
    annual_cost: 3.330004467123688
    efficiency: 0.594318
    discharge_ratio: 0.1
    depth_of_discharge: 0.4
  Li-ion:
    cost: 192.426
    lifetime: 15.9822
    annual_cost: 12.04001952171791
    efficiency: 0.917934
    discharge_ratio: 2
    depth_of_discharge: 0.9
  Pb-acid:
    cost: 160.984
    lifetime: 14.2298
    annual_cost: 11.313159707093565
    efficiency: 0.685648
    discharge_ratio: 5
    depth_of_discharge: 0.5
  VRBF:
    cost: 334.733
    lifetime: 23.2224
    annual_cost: 14.414229364751275
    efficiency: 0.782028
    discharge_ratio: 0.5
    depth_of_discharge: 1.0
