cost_values:
  wind_capex: 5000.0
  wind_opex: 100
  wind_lifetime: 20
  solar_capex: 1000.0
  solar_opex: 10
  solar_lifetime: 20
  carbon_price: 1.0
timeseries_values:
  load_level: 233517.99475067863
  wind_year: 2017
  solar_year: 2013
  price_year: 2023
  carbon_year: 2023
storage_values:
  CAES:
    cost: 69.0065
    lifetime: 23.4141
    annual_cost: 2.9472198376192122
    efficiency: 0.596688
    discharge_ratio: 0.1
    depth_of_discharge: 0.4
  Li-ion:
    cost: 190.767
    lifetime: 16.9906
    annual_cost: 11.227796546325616
    efficiency: 0.920381
    discharge_ratio: 2
    depth_of_discharge: 0.9
  Pb-acid:
    cost: 185.165
    lifetime: 14.5813
    annual_cost: 12.698799146852474
    efficiency: 0.689423
    discharge_ratio: 5
    depth_of_discharge: 0.5
  VRBF:
    cost: 333.061
    lifetime: 22.5637
    annual_cost: 14.760921302800515
    efficiency: 0.796073
    discharge_ratio: 0.5
    depth_of_discharge: 1.0
