cost_values:
  wind_capex: 5000.0
  wind_opex: 100
  wind_lifetime: 20
  solar_capex: 1000.0
  solar_opex: 10
  solar_lifetime: 20
  carbon_price: 1.0
timeseries_values:
  load_level: 233517.99475067863
  wind_year: 2017
  solar_year: 2013
  price_year: 2023
  carbon_year: 2023
storage_values:
  CAES:
    cost: 66.3717
    lifetime: 24.326
    annual_cost: 2.7284263750719395
    efficiency: 0.588491
    discharge_ratio: 0.1
    depth_of_discharge: 0.4
  Li-ion:
    cost: 193.481
    lifetime: 15.3121
    annual_cost: 12.635823956217632
    efficiency: 0.918024
    discharge_ratio: 2
    depth_of_discharge: 0.9
  Pb-acid:
    cost: 176.961
    lifetime: 14.9539
    annual_cost: 11.833769117086513
    efficiency: 0.703656
    discharge_ratio: 5
    depth_of_discharge: 0.5
  VRBF:
    cost: 373.244
    lifetime: 22.6485
    annual_cost: 16.479855178047114
    efficiency: 0.789544
    discharge_ratio: 0.5
    depth_of_discharge: 1.0
