cost_values:
  wind_capex: 5000.0
  wind_opex: 100
  wind_lifetime: 20
  solar_capex: 1000.0
  solar_opex: 10
  solar_lifetime: 20
  carbon_price: 1.0
timeseries_values:
  load_level: 233517.99475067863
  wind_year: 2017
  solar_year: 2013
  price_year: 2023
  carbon_year: 2023
storage_values:
  CAES:
    cost: 73.3414
    lifetime: 23.191
    annual_cost: 3.1624940709758094
    efficiency: 0.600385
    discharge_ratio: 0.1
    depth_of_discharge: 0.4
  Li-ion:
    cost: 195.331
    lifetime: 14.497
    annual_cost: 13.473891149893081
    efficiency: 0.921461
    discharge_ratio: 2
    depth_of_discharge: 0.9
  Pb-acid:
    cost: 162.864
    lifetime: 15.7738
    annual_cost: 10.324969252811625
    efficiency: 0.681342
    discharge_ratio: 5
    depth_of_discharge: 0.5
  VRBF:
    cost: 346.8
    lifetime: 21.5435
    annual_cost: 16.097662868150486
    efficiency: 0.784496
    discharge_ratio: 0.5
    depth_of_discharge: 1.0
