cost_values:
  wind_capex: 5000.0
  wind_opex: 100
  wind_lifetime: 20
  solar_capex: 1000.0
  solar_opex: 10
  solar_lifetime: 20
  carbon_price: 1.0
timeseries_values:
  load_level: 233517.99475067863
  wind_year: 2017
  solar_year: 2013
  price_year: 2023
  carbon_year: 2023
storage_values:
  CAES:
    cost: 76.6776
    lifetime: 22.2636
    annual_cost: 3.4440791246698645
    efficiency: 0.601583
    discharge_ratio: 0.1
    depth_of_discharge: 0.4
  Li-ion:
    cost: 193.507
    lifetime: 14.3233
    annual_cost: 13.509945333826703
    efficiency: 0.936494
    discharge_ratio: 2
    depth_of_discharge: 0.9
  Pb-acid:
    cost: 169.45
    lifetime: 15.1029
    annual_cost: 11.219699527905236
    efficiency: 0.690627
    discharge_ratio: 5
    depth_of_discharge: 0.5
  VRBF:
    cost: 348.144
    lifetime: 21.7303
    annual_cost: 16.021131783730553
    efficiency: 0.778794
    discharge_ratio: 0.5
    depth_of_discharge: 1.0
