cost_values:
  wind_capex: 5000.0
  wind_opex: 100
  wind_lifetime: 20
  solar_capex: 1000.0
  solar_opex: 10
  solar_lifetime: 20
  carbon_price: 1.0
timeseries_values:
  load_level: 233517.99475067863
  wind_year: 2017
  solar_year: 2013
  price_year: 2023
  carbon_year: 2023
storage_values:
  CAES:
    cost: 67.4533
    lifetime: 22.4602
    annual_cost: 3.0032368367156126
    efficiency: 0.607317
    discharge_ratio: 0.1
    depth_of_discharge: 0.4
  Li-ion:
    cost: 179.522
    lifetime: 16.5165
    annual_cost: 10.86925196016105
    efficiency: 0.925437
    discharge_ratio: 2
    depth_of_discharge: 0.9
  Pb-acid:
    cost: 154.862
    lifetime: 14.4257
    annual_cost: 10.735146301392652
    efficiency: 0.673563
    discharge_ratio: 5
    depth_of_discharge: 0.5
  VRBF:
    cost: 364.48
    lifetime: 20.835
    annual_cost: 17.4936405087593
    efficiency: 0.766904
    discharge_ratio: 0.5
    depth_of_discharge: 1.0
