cost_values:
  wind_capex: 5000.0
  wind_opex: 100
  wind_lifetime: 20
  solar_capex: 1000.0
  solar_opex: 10
  solar_lifetime: 20
  carbon_price: 1.0
timeseries_values:
  load_level: 233517.99475067863
  wind_year: 2017
  solar_year: 2013
  price_year: 2023
  carbon_year: 2023
storage_values:
  CAES:
    cost: 67.7199
    lifetime: 23.6062
    annual_cost: 2.868733637773127
    efficiency: 0.603713
    discharge_ratio: 0.1
    depth_of_discharge: 0.4
  Li-ion:
    cost: 180.387
    lifetime: 17.0988
    annual_cost: 10.549687697382272
    efficiency: 0.945482
    discharge_ratio: 2
    depth_of_discharge: 0.9
  Pb-acid:
    cost: 172.972
    lifetime: 14.6462
    annual_cost: 11.8100258087422
    efficiency: 0.685621
    discharge_ratio: 5
    depth_of_discharge: 0.5
  VRBF:
    cost: 322.139
    lifetime: 21.7688
    annual_cost: 14.798197420160966
    efficiency: 0.774641
    discharge_ratio: 0.5
    depth_of_discharge: 1.0
