cost_values:
  wind_capex: 5000.0
  wind_opex: 100
  wind_lifetime: 20
  solar_capex: 1000.0
  solar_opex: 10
  solar_lifetime: 20
  carbon_price: 1.0
timeseries_values:
  load_level: 233517.99475067863
  wind_year: 2017
  solar_year: 2013
  price_year: 2023
  carbon_year: 2023
storage_values:
  CAES:
    cost: 72.9144
    lifetime: 23.6974
    annual_cost: 3.076894511634188
    efficiency: 0.598801
    discharge_ratio: 0.1
    depth_of_discharge: 0.4
  Li-ion:
    cost: 179.645
    lifetime: 14.8202
    annual_cost: 12.121631287027167
    efficiency: 0.929929
    discharge_ratio: 2
    depth_of_discharge: 0.9
  Pb-acid:
    cost: 176.948
    lifetime: 14.4118
    annual_cost: 12.277994421238153
    efficiency: 0.681786
    discharge_ratio: 5
    depth_of_discharge: 0.5
  VRBF:
    cost: 360.266
    lifetime: 22.0962
    annual_cost: 16.304432436346524
    efficiency: 0.765556
    discharge_ratio: 0.5
    depth_of_discharge: 1.0
