cost_values:
  wind_capex: 5000.0
  wind_opex: 100
  wind_lifetime: 20
  solar_capex: 1000.0
  solar_opex: 10
  solar_lifetime: 20
  carbon_price: 1.0
timeseries_values:
  load_level: 233517.99475067863
  wind_year: 2017
  solar_year: 2013
  price_year: 2023
  carbon_year: 2023
storage_values:
  CAES:
    cost: 80.3393
    lifetime: 22.8761
    annual_cost: 3.5119316666739517
    efficiency: 0.598169
    discharge_ratio: 0.1
    depth_of_discharge: 0.4
  Li-ion:
    cost: 189.446
    lifetime: 16.5945
    annual_cost: 11.416192111844286
    efficiency: 0.927164
    discharge_ratio: 2
    depth_of_discharge: 0.9
  Pb-acid:
    cost: 174.856
    lifetime: 15.3548
    annual_cost: 11.387709380779953
    efficiency: 0.696122
    discharge_ratio: 5
    depth_of_discharge: 0.5
  VRBF:
    cost: 362.805
    lifetime: 21.2327
    annual_cost: 17.08708736995295
    efficiency: 0.767544
    discharge_ratio: 0.5
    depth_of_discharge: 1.0
