cost_values:
  wind_capex: 5000.0
  wind_opex: 100
  wind_lifetime: 20
  solar_capex: 1000.0
  solar_opex: 10
  solar_lifetime: 20
  carbon_price: 1.0
timeseries_values:
  load_level: 233517.99475067863
  wind_year: 2017
  solar_year: 2013
  price_year: 2023
  carbon_year: 2023
storage_values:
  CAES:
    cost: 81.6678
    lifetime: 23.4938
    annual_cost: 3.476142641888498
    efficiency: 0.595538
    discharge_ratio: 0.1
    depth_of_discharge: 0.4
  Li-ion:
    cost: 196.571
    lifetime: 14.322
    annual_cost: 13.725108225108226
    efficiency: 0.931308
    discharge_ratio: 2
    depth_of_discharge: 0.9
  Pb-acid:
    cost: 166.091
    lifetime: 15.236
    annual_cost: 10.901220792859018
    efficiency: 0.699541
    discharge_ratio: 5
    depth_of_discharge: 0.5
  VRBF:
    cost: 358.864
    lifetime: 25.3603
    annual_cost: 14.150621246594087
    efficiency: 0.774565
    discharge_ratio: 0.5
    depth_of_discharge: 1.0
