cost_values:
  wind_capex: 5000.0
  wind_opex: 100
  wind_lifetime: 20
  solar_capex: 1000.0
  solar_opex: 10
  solar_lifetime: 20
  carbon_price: 1.0
timeseries_values:
  load_level: 233517.99475067863
  wind_year: 2017
  solar_year: 2013
  price_year: 2023
  carbon_year: 2023
storage_values:
  CAES:
    cost: 76.7303
    lifetime: 23.2425
    annual_cost: 3.301292890179628
    efficiency: 0.602117
    discharge_ratio: 0.1
    depth_of_discharge: 0.4
  Li-ion:
    cost: 185.814
    lifetime: 16.1776
    annual_cost: 11.485881712985856
    efficiency: 0.925806
    discharge_ratio: 2
    depth_of_discharge: 0.9
  Pb-acid:
    cost: 159.189
    lifetime: 14.4497
    annual_cost: 11.016768514225209
    efficiency: 0.688529
    discharge_ratio: 5
    depth_of_discharge: 0.5
  VRBF:
    cost: 353.244
    lifetime: 21.8528
    annual_cost: 16.164702006150243
    efficiency: 0.756119
    discharge_ratio: 0.5
    depth_of_discharge: 1.0
