cost_values:
  wind_capex: 5000.0
  wind_opex: 100
  wind_lifetime: 20
  solar_capex: 1000.0
  solar_opex: 10
  solar_lifetime: 20
  carbon_price: 1.0
timeseries_values:
  load_level: 233517.99475067863
  wind_year: 2017
  solar_year: 2013
  price_year: 2023
  carbon_year: 2023
storage_values:
  CAES:
    cost: 74.5921
    lifetime: 23.0734
    annual_cost: 3.2328178768625344
    efficiency: 0.600649
    discharge_ratio: 0.1
    depth_of_discharge: 0.4
  Li-ion:
    cost: 209.784
    lifetime: 16.9407
    annual_cost: 12.38343161734757
    efficiency: 0.914764
    discharge_ratio: 2
    depth_of_discharge: 0.9
  Pb-acid:
    cost: 173.081
    lifetime: 16.0483
    annual_cost: 10.785005265355208
    efficiency: 0.681987
    discharge_ratio: 5
    depth_of_discharge: 0.5
  VRBF:
    cost: 349.562
    lifetime: 23.317
    annual_cost: 14.991722777372733
    efficiency: 0.762394
    discharge_ratio: 0.5
    depth_of_discharge: 1.0
