cost_values:
  wind_capex: 5000.0
  wind_opex: 100
  wind_lifetime: 20
  solar_capex: 1000.0
  solar_opex: 10
  solar_lifetime: 20
  carbon_price: 1.0
timeseries_values:
  load_level: 233517.99475067863
  wind_year: 2017
  solar_year: 2013
  price_year: 2023
  carbon_year: 2023
storage_values:
  CAES:
    cost: 74.2013
    lifetime: 23.0903
    annual_cost: 3.2135268922447957
    efficiency: 0.596602
    discharge_ratio: 0.1
    depth_of_discharge: 0.4
  Li-ion:
    cost: 179.577
    lifetime: 17.044
    annual_cost: 10.536083079089416
    efficiency: 0.928138
    discharge_ratio: 2
    depth_of_discharge: 0.9
  Pb-acid:
    cost: 168.803
    lifetime: 14.0082
    annual_cost: 12.05029911052098
    efficiency: 0.681861
    discharge_ratio: 5
    depth_of_discharge: 0.5
  VRBF:
    cost: 370.694
    lifetime: 20.8557
    annual_cost: 17.774229587115276
    efficiency: 0.78509
    discharge_ratio: 0.5
    depth_of_discharge: 1.0
