cost_values:
  wind_capex: 5000.0
  wind_opex: 100
  wind_lifetime: 20
  solar_capex: 1000.0
  solar_opex: 10
  solar_lifetime: 20
  carbon_price: 1.0
timeseries_values:
  load_level: 233517.99475067863
  wind_year: 2017
  solar_year: 2013
  price_year: 2023
  carbon_year: 2023
storage_values:
  CAES:
    cost: 76.1538
    lifetime: 23.92
    annual_cost: 3.1836872909698997
    efficiency: 0.580479
    discharge_ratio: 0.1
    depth_of_discharge: 0.4
  Li-ion:
    cost: 181.853
    lifetime: 16.1008
    annual_cost: 11.294656166153235
    efficiency: 0.922771
    discharge_ratio: 2
    depth_of_discharge: 0.9
  Pb-acid:
    cost: 168.977
    lifetime: 15.5717
    annual_cost: 10.851544789586237
    efficiency: 0.678289
    discharge_ratio: 5
    depth_of_discharge: 0.5
  VRBF:
    cost: 323.687
    lifetime: 22.459
    annual_cost: 14.412351395876932
    efficiency: 0.74561
    discharge_ratio: 0.5
    depth_of_discharge: 1.0
