cost_values:
  wind_capex: 5000.0
  wind_opex: 100
  wind_lifetime: 20
  solar_capex: 1000.0
  solar_opex: 10
  solar_lifetime: 20
  carbon_price: 1.0
timeseries_values:
  load_level: 233517.99475067863
  wind_year: 2017
  solar_year: 2013
  price_year: 2023
  carbon_year: 2023
storage_values:
  CAES:
    cost: 75.7199
    lifetime: 23.6286
    annual_cost: 3.2045868142843843
    efficiency: 0.598603
    discharge_ratio: 0.1
    depth_of_discharge: 0.4
  Li-ion:
    cost: 179.329
    lifetime: 18.5997
    annual_cost: 9.641499594079475
    efficiency: 0.917931
    discharge_ratio: 2
    depth_of_discharge: 0.9
  Pb-acid:
    cost: 167.474
    lifetime: 14.3894
    annual_cost: 11.638706269893115
    efficiency: 0.680484
    discharge_ratio: 5
    depth_of_discharge: 0.5
  VRBF:
    cost: 353.336
    lifetime: 21.6843
    annual_cost: 16.294554124412596
    efficiency: 0.785186
    discharge_ratio: 0.5
    depth_of_discharge: 1.0
