cost_values:
  wind_capex: 5000.0
  wind_opex: 100
  wind_lifetime: 20
  solar_capex: 1000.0
  solar_opex: 10
  solar_lifetime: 20
  carbon_price: 1.0
timeseries_values:
  load_level: 233517.99475067863
  wind_year: 2017
  solar_year: 2013
  price_year: 2023
  carbon_year: 2023
storage_values:
  CAES:
    cost: 74.8026
    lifetime: 23.7437
    annual_cost: 3.150418847947034
    efficiency: 0.5989
    discharge_ratio: 0.1
    depth_of_discharge: 0.4
  Li-ion:
    cost: 200.206
    lifetime: 14.3208
    annual_cost: 13.98008491145746
    efficiency: 0.932509
    discharge_ratio: 2
    depth_of_discharge: 0.9
  Pb-acid:
    cost: 158.907
    lifetime: 15.6323
    annual_cost: 10.165298772413529
    efficiency: 0.681735
    discharge_ratio: 5
    depth_of_discharge: 0.5
  VRBF:
    cost: 317.774
    lifetime: 25.3835
    annual_cost: 12.518919770717197
    efficiency: 0.800099
    discharge_ratio: 0.5
    depth_of_discharge: 1.0
