cost_values:
  wind_capex: 5000.0
  wind_opex: 100
  wind_lifetime: 20
  solar_capex: 1000.0
  solar_opex: 10
  solar_lifetime: 20
  carbon_price: 1.0
timeseries_values:
  load_level: 233517.99475067863
  wind_year: 2017
  solar_year: 2013
  price_year: 2023
  carbon_year: 2023
storage_values:
  CAES:
    cost: 72.6303
    lifetime: 22.814
    annual_cost: 3.1835846410099062
    efficiency: 0.585473
    discharge_ratio: 0.1
    depth_of_discharge: 0.4
  Li-ion:
    cost: 179.973
    lifetime: 16.3803
    annual_cost: 10.987161407300235
    efficiency: 0.916831
    discharge_ratio: 2
    depth_of_discharge: 0.9
  Pb-acid:
    cost: 153.74
    lifetime: 13.3345
    annual_cost: 11.529491169522668
    efficiency: 0.676149
    discharge_ratio: 5
    depth_of_discharge: 0.5
  VRBF:
    cost: 350.641
    lifetime: 22.9474
    annual_cost: 15.280206036413713
    efficiency: 0.788811
    discharge_ratio: 0.5
    depth_of_discharge: 1.0
