cost_values:
  wind_capex: 5000.0
  wind_opex: 100
  wind_lifetime: 20
  solar_capex: 1000.0
  solar_opex: 10
  solar_lifetime: 20
  carbon_price: 1.0
timeseries_values:
  load_level: 233517.99475067863
  wind_year: 2017
  solar_year: 2013
  price_year: 2023
  carbon_year: 2023
storage_values:
  CAES:
    cost: 80.1137
    lifetime: 23.3312
    annual_cost: 3.4337582293238236
    efficiency: 0.594961
    discharge_ratio: 0.1
    depth_of_discharge: 0.4
  Li-ion:
    cost: 184.4
    lifetime: 17.5274
    annual_cost: 10.520670493056587
    efficiency: 0.935712
    discharge_ratio: 2
    depth_of_discharge: 0.9
  Pb-acid:
    cost: 139.96
    lifetime: 15.8688
    annual_cost: 8.819822544867918
    efficiency: 0.688211
    discharge_ratio: 5
    depth_of_discharge: 0.5
  VRBF:
    cost: 346.508
    lifetime: 22.7141
    annual_cost: 15.255193910390462
    efficiency: 0.785194
    discharge_ratio: 0.5
    depth_of_discharge: 1.0
