cost_values:
  wind_capex: 5000.0
  wind_opex: 100
  wind_lifetime: 20
  solar_capex: 1000.0
  solar_opex: 10
  solar_lifetime: 20
  carbon_price: 1.0
timeseries_values:
  load_level: 233517.99475067863
  wind_year: 2017
  solar_year: 2013
  price_year: 2023
  carbon_year: 2023
storage_values:
  CAES:
    cost: 76.5108
    lifetime: 23.0829
    annual_cost: 3.3146095161353215
    efficiency: 0.599171
    discharge_ratio: 0.1
    depth_of_discharge: 0.4
  Li-ion:
    cost: 197.899
    lifetime: 17.7668
    annual_cost: 11.138696895332869
    efficiency: 0.923674
    discharge_ratio: 2
    depth_of_discharge: 0.9
  Pb-acid:
    cost: 163.311
    lifetime: 15.5703
    annual_cost: 10.488622569892682
    efficiency: 0.703306
    discharge_ratio: 5
    depth_of_discharge: 0.5
  VRBF:
    cost: 335.679
    lifetime: 23.7232
    annual_cost: 14.149819585890604
    efficiency: 0.782452
    discharge_ratio: 0.5
    depth_of_discharge: 1.0
