cost_values:
  wind_capex: 5000.0
  wind_opex: 100
  wind_lifetime: 20
  solar_capex: 1000.0
  solar_opex: 10
  solar_lifetime: 20
  carbon_price: 1.0
timeseries_values:
  load_level: 233517.99475067863
  wind_year: 2017
  solar_year: 2013
  price_year: 2023
  carbon_year: 2023
storage_values:
  CAES:
    cost: 69.9161
    lifetime: 23.9051
    annual_cost: 2.924735725849296
    efficiency: 0.605178
    discharge_ratio: 0.1
    depth_of_discharge: 0.4
  Li-ion:
    cost: 186.885
    lifetime: 16.3692
    annual_cost: 11.416868264789972
    efficiency: 0.915039
    discharge_ratio: 2
    depth_of_discharge: 0.9
  Pb-acid:
    cost: 160.514
    lifetime: 14.1284
    annual_cost: 11.361088304408144
    efficiency: 0.701402
    discharge_ratio: 5
    depth_of_discharge: 0.5
  VRBF:
    cost: 375.364
    lifetime: 21.81
    annual_cost: 17.210637322329205
    efficiency: 0.774348
    discharge_ratio: 0.5
    depth_of_discharge: 1.0
