cost_values:
  wind_capex: 5000.0
  wind_opex: 100
  wind_lifetime: 20
  solar_capex: 1000.0
  solar_opex: 10
  solar_lifetime: 20
  carbon_price: 1.0
timeseries_values:
  load_level: 233517.99475067863
  wind_year: 2017
  solar_year: 2013
  price_year: 2023
  carbon_year: 2023
storage_values:
  CAES:
    cost: 72.5765
    lifetime: 22.6555
    annual_cost: 3.2034825980446247
    efficiency: 0.597217
    discharge_ratio: 0.1
    depth_of_discharge: 0.4
  Li-ion:
    cost: 183.299
    lifetime: 13.7683
    annual_cost: 13.313117814109223
    efficiency: 0.910945
    discharge_ratio: 2
    depth_of_discharge: 0.9
  Pb-acid:
    cost: 152.318
    lifetime: 14.2397
    annual_cost: 10.69671411616818
    efficiency: 0.696057
    discharge_ratio: 5
    depth_of_discharge: 0.5
  VRBF:
    cost: 336.644
    lifetime: 21.9556
    annual_cost: 15.33294467015249
    efficiency: 0.789145
    discharge_ratio: 0.5
    depth_of_discharge: 1.0
