cost_values:
  wind_capex: 5000.0
  wind_opex: 100
  wind_lifetime: 20
  solar_capex: 1000.0
  solar_opex: 10
  solar_lifetime: 20
  carbon_price: 1.0
timeseries_values:
  load_level: 233517.99475067863
  wind_year: 2017
  solar_year: 2013
  price_year: 2023
  carbon_year: 2023
storage_values:
  CAES:
    cost: 79.95
    lifetime: 22.4989
    annual_cost: 3.5535070603451726
    efficiency: 0.591289
    discharge_ratio: 0.1
    depth_of_discharge: 0.4
  Li-ion:
    cost: 197.858
    lifetime: 14.4608
    annual_cost: 13.682368886921886
    efficiency: 0.910695
    discharge_ratio: 2
    depth_of_discharge: 0.9
  Pb-acid:
    cost: 178.385
    lifetime: 15.5654
    annual_cost: 11.460354375730788
    efficiency: 0.703924
    discharge_ratio: 5
    depth_of_discharge: 0.5
  VRBF:
    cost: 351.457
    lifetime: 23.3552
    annual_cost: 15.04834041241351
    efficiency: 0.798535
    discharge_ratio: 0.5
    depth_of_discharge: 1.0
