cost_values:
  wind_capex: 5000.0
  wind_opex: 100
  wind_lifetime: 20
  solar_capex: 1000.0
  solar_opex: 10
  solar_lifetime: 20
  carbon_price: 1.0
timeseries_values:
  load_level: 233517.99475067863
  wind_year: 2017
  solar_year: 2013
  price_year: 2023
  carbon_year: 2023
storage_values:
  CAES:
    cost: 82.6106
    lifetime: 23.4248
    annual_cost: 3.5266298965199274
    efficiency: 0.606579
    discharge_ratio: 0.1
    depth_of_discharge: 0.4
  Li-ion:
    cost: 188.9
    lifetime: 17.9463
    annual_cost: 10.525846553328542
    efficiency: 0.94173
    discharge_ratio: 2
    depth_of_discharge: 0.9
  Pb-acid:
    cost: 182.773
    lifetime: 15.7971
    annual_cost: 11.570035006425229
    efficiency: 0.675217
    discharge_ratio: 5
    depth_of_discharge: 0.5
  VRBF:
    cost: 373.74
    lifetime: 22.7778
    annual_cost: 16.40808155309117
    efficiency: 0.779339
    discharge_ratio: 0.5
    depth_of_discharge: 1.0
