cost_values:
  wind_capex: 5000.0
  wind_opex: 100
  wind_lifetime: 20
  solar_capex: 1000.0
  solar_opex: 10
  solar_lifetime: 20
  carbon_price: 1.0
timeseries_values:
  load_level: 233517.99475067863
  wind_year: 2017
  solar_year: 2013
  price_year: 2023
  carbon_year: 2023
storage_values:
  CAES:
    cost: 77.5303
    lifetime: 22.8549
    annual_cost: 3.3922834928177323
    efficiency: 0.604718
    discharge_ratio: 0.1
    depth_of_discharge: 0.4
  Li-ion:
    cost: 175.081
    lifetime: 16.9727
    annual_cost: 10.315447748443088
    efficiency: 0.919231
    discharge_ratio: 2
    depth_of_discharge: 0.9
  Pb-acid:
    cost: 162.461
    lifetime: 13.4136
    annual_cost: 12.111662790004175
    efficiency: 0.688608
    discharge_ratio: 5
    depth_of_discharge: 0.5
  VRBF:
    cost: 353.108
    lifetime: 24.928
    annual_cost: 14.165115532734275
    efficiency: 0.779476
    discharge_ratio: 0.5
    depth_of_discharge: 1.0
