cost_values:
  wind_capex: 5000.0
  wind_opex: 100
  wind_lifetime: 20
  solar_capex: 1000.0
  solar_opex: 10
  solar_lifetime: 20
  carbon_price: 1.0
timeseries_values:
  load_level: 233517.99475067863
  wind_year: 2017
  solar_year: 2013
  price_year: 2023
  carbon_year: 2023
storage_values:
  CAES:
    cost: 76.4597
    lifetime: 22.8349
    annual_cost: 3.348370257807128
    efficiency: 0.606459
    discharge_ratio: 0.1
    depth_of_discharge: 0.4
  Li-ion:
    cost: 181.114
    lifetime: 15.658
    annual_cost: 11.566866777366203
    efficiency: 0.932637
    discharge_ratio: 2
    depth_of_discharge: 0.9
  Pb-acid:
    cost: 173.742
    lifetime: 14.582
    annual_cost: 11.91482649842271
    efficiency: 0.68172
    discharge_ratio: 5
    depth_of_discharge: 0.5
  VRBF:
    cost: 345.256
    lifetime: 23.2256
    annual_cost: 14.865321025075778
    efficiency: 0.797539
    discharge_ratio: 0.5
    depth_of_discharge: 1.0
