cost_values:
  wind_capex: 5000.0
  wind_opex: 100
  wind_lifetime: 20
  solar_capex: 1000.0
  solar_opex: 10
  solar_lifetime: 20
  carbon_price: 1.0
timeseries_values:
  load_level: 233517.99475067863
  wind_year: 2017
  solar_year: 2013
  price_year: 2023
  carbon_year: 2023
storage_values:
  CAES:
    cost: 73.5065
    lifetime: 22.6013
    annual_cost: 3.2523129200532717
    efficiency: 0.603318
    discharge_ratio: 0.1
    depth_of_discharge: 0.4
  Li-ion:
    cost: 169.324
    lifetime: 16.3971
    annual_cost: 10.326460166736803
    efficiency: 0.928418
    discharge_ratio: 2
    depth_of_discharge: 0.9
  Pb-acid:
    cost: 184.778
    lifetime: 14.7146
    annual_cost: 12.5574599377489
    efficiency: 0.672601
    discharge_ratio: 5
    depth_of_discharge: 0.5
  VRBF:
    cost: 376.355
    lifetime: 22.2621
    annual_cost: 16.905637832908845
    efficiency: 0.760959
    discharge_ratio: 0.5
    depth_of_discharge: 1.0
