cost_values:
  wind_capex: 5000.0
  wind_opex: 100
  wind_lifetime: 20
  solar_capex: 1000.0
  solar_opex: 10
  solar_lifetime: 20
  carbon_price: 1.0
timeseries_values:
  load_level: 233517.99475067863
  wind_year: 2017
  solar_year: 2013
  price_year: 2023
  carbon_year: 2023
storage_values:
  CAES:
    cost: 79.6419
    lifetime: 23.2321
    annual_cost: 3.4280973308482663
    efficiency: 0.594161
    discharge_ratio: 0.1
    depth_of_discharge: 0.4
  Li-ion:
    cost: 183.346
    lifetime: 15.3922
    annual_cost: 11.91161757253674
    efficiency: 0.93043
    discharge_ratio: 2
    depth_of_discharge: 0.9
  Pb-acid:
    cost: 164.988
    lifetime: 14.5143
    annual_cost: 11.367272276306814
    efficiency: 0.678689
    discharge_ratio: 5
    depth_of_discharge: 0.5
  VRBF:
    cost: 357.497
    lifetime: 22.1009
    annual_cost: 16.175676103688087
    efficiency: 0.775825
    discharge_ratio: 0.5
    depth_of_discharge: 1.0
