cost_values:
  wind_capex: 5000.0
  wind_opex: 100
  wind_lifetime: 20
  solar_capex: 1000.0
  solar_opex: 10
  solar_lifetime: 20
  carbon_price: 1.0
timeseries_values:
  load_level: 233517.99475067863
  wind_year: 2017
  solar_year: 2013
  price_year: 2023
  carbon_year: 2023
storage_values:
  CAES:
    cost: 76.5237
    lifetime: 23.2149
    annual_cost: 3.2963183128077227
    efficiency: 0.609168
    discharge_ratio: 0.1
    depth_of_discharge: 0.4
  Li-ion:
    cost: 216.538
    lifetime: 17.0563
    annual_cost: 12.695484952774049
    efficiency: 0.92738
    discharge_ratio: 2
    depth_of_discharge: 0.9
  Pb-acid:
    cost: 166.708
    lifetime: 15.3465
    annual_cost: 10.862932916300133
    efficiency: 0.687777
    discharge_ratio: 5
    depth_of_discharge: 0.5
  VRBF:
    cost: 342.502
    lifetime: 19.9415
    annual_cost: 17.175337863250007
    efficiency: 0.773641
    discharge_ratio: 0.5
    depth_of_discharge: 1.0
