cost_values:
  wind_capex: 5000.0
  wind_opex: 100
  wind_lifetime: 20
  solar_capex: 1000.0
  solar_opex: 10
  solar_lifetime: 20
  carbon_price: 1.0
timeseries_values:
  load_level: 233517.99475067863
  wind_year: 2017
  solar_year: 2013
  price_year: 2023
  carbon_year: 2023
storage_values:
  CAES:
    cost: 69.6691
    lifetime: 23.8027
    annual_cost: 2.9269410613081708
    efficiency: 0.598977
    discharge_ratio: 0.1
    depth_of_discharge: 0.4
  Li-ion:
    cost: 175.572
    lifetime: 16.2889
    annual_cost: 10.778628391112965
    efficiency: 0.930777
    discharge_ratio: 2
    depth_of_discharge: 0.9
  Pb-acid:
    cost: 147.128
    lifetime: 15.0143
    annual_cost: 9.799191437496253
    efficiency: 0.692038
    discharge_ratio: 5
    depth_of_discharge: 0.5
  VRBF:
    cost: 351.197
    lifetime: 23.3352
    annual_cost: 15.050095992320614
    efficiency: 0.786567
    discharge_ratio: 0.5
    depth_of_discharge: 1.0
