cost_values:
  wind_capex: 5000.0
  wind_opex: 100
  wind_lifetime: 20
  solar_capex: 1000.0
  solar_opex: 10
  solar_lifetime: 20
  carbon_price: 1.0
timeseries_values:
  load_level: 233517.99475067863
  wind_year: 2017
  solar_year: 2013
  price_year: 2023
  carbon_year: 2023
storage_values:
  CAES:
    cost: 82.3893
    lifetime: 23.2868
    annual_cost: 3.5380258343782747
    efficiency: 0.598009
    discharge_ratio: 0.1
    depth_of_discharge: 0.4
  Li-ion:
    cost: 204.98
    lifetime: 16.374
    annual_cost: 12.518627091730792
    efficiency: 0.920294
    discharge_ratio: 2
    depth_of_discharge: 0.9
  Pb-acid:
    cost: 190.537
    lifetime: 12.7388
    annual_cost: 14.957217320312747
    efficiency: 0.682517
    discharge_ratio: 5
    depth_of_discharge: 0.5
  VRBF:
    cost: 343.128
    lifetime: 22.3501
    annual_cost: 15.352414530583754
    efficiency: 0.787137
    discharge_ratio: 0.5
    depth_of_discharge: 1.0
