cost_values:
  wind_capex: 5000.0
  wind_opex: 100
  wind_lifetime: 20
  solar_capex: 1000.0
  solar_opex: 10
  solar_lifetime: 20
  carbon_price: 1.0
timeseries_values:
  load_level: 233517.99475067863
  wind_year: 2017
  solar_year: 2013
  price_year: 2023
  carbon_year: 2023
storage_values:
  CAES:
    cost: 78.4457
    lifetime: 23.3485
    annual_cost: 3.3597747178619612
    efficiency: 0.599023
    discharge_ratio: 0.1
    depth_of_discharge: 0.4
  Li-ion:
    cost: 183.076
    lifetime: 16.1902
    annual_cost: 11.30782819236328
    efficiency: 0.924229
    discharge_ratio: 2
    depth_of_discharge: 0.9
  Pb-acid:
    cost: 145.027
    lifetime: 14.1312
    annual_cost: 10.262893455615941
    efficiency: 0.691348
    discharge_ratio: 5
    depth_of_discharge: 0.5
  VRBF:
    cost: 350.447
    lifetime: 24.2281
    annual_cost: 14.464485452841947
    efficiency: 0.773014
    discharge_ratio: 0.5
    depth_of_discharge: 1.0
