cost_values:
  wind_capex: 5000.0
  wind_opex: 100
  wind_lifetime: 20
  solar_capex: 1000.0
  solar_opex: 10
  solar_lifetime: 20
  carbon_price: 1.0
timeseries_values:
  load_level: 233517.99475067863
  wind_year: 2017
  solar_year: 2013
  price_year: 2023
  carbon_year: 2023
storage_values:
  CAES:
    cost: 77.5671
    lifetime: 22.1242
    annual_cost: 3.505984397175943
    efficiency: 0.598705
    discharge_ratio: 0.1
    depth_of_discharge: 0.4
  Li-ion:
    cost: 181.293
    lifetime: 17.556
    annual_cost: 10.326555023923445
    efficiency: 0.938819
    discharge_ratio: 2
    depth_of_discharge: 0.9
  Pb-acid:
    cost: 168.259
    lifetime: 16.0648
    annual_cost: 10.4737687366167
    efficiency: 0.670343
    discharge_ratio: 5
    depth_of_discharge: 0.5
  VRBF:
    cost: 357.126
    lifetime: 22.108
    annual_cost: 16.153700018092998
    efficiency: 0.775316
    discharge_ratio: 0.5
    depth_of_discharge: 1.0
