cost_values:
  wind_capex: 5000.0
  wind_opex: 100
  wind_lifetime: 20
  solar_capex: 1000.0
  solar_opex: 10
  solar_lifetime: 20
  carbon_price: 1.0
timeseries_values:
  load_level: 233517.99475067863
  wind_year: 2017
  solar_year: 2013
  price_year: 2023
  carbon_year: 2023
storage_values:
  CAES:
    cost: 73.2882
    lifetime: 23.3945
    annual_cost: 3.132710679860651
    efficiency: 0.603006
    discharge_ratio: 0.1
    depth_of_discharge: 0.4
  Li-ion:
    cost: 195.05
    lifetime: 15.6792
    annual_cost: 12.440047961630697
    efficiency: 0.922807
    discharge_ratio: 2
    depth_of_discharge: 0.9
  Pb-acid:
    cost: 183.033
    lifetime: 16.7065
    annual_cost: 10.955795648400324
    efficiency: 0.684089
    discharge_ratio: 5
    depth_of_discharge: 0.5
  VRBF:
    cost: 332.067
    lifetime: 23.5164
    annual_cost: 14.12065622289126
    efficiency: 0.787556
    discharge_ratio: 0.5
    depth_of_discharge: 1.0
