cost_values:
  wind_capex: 5000.0
  wind_opex: 100
  wind_lifetime: 20
  solar_capex: 1000.0
  solar_opex: 10
  solar_lifetime: 20
  carbon_price: 1.0
timeseries_values:
  load_level: 233517.99475067863
  wind_year: 2017
  solar_year: 2013
  price_year: 2023
  carbon_year: 2023
storage_values:
  CAES:
    cost: 83.3458
    lifetime: 23.8737
    annual_cost: 3.491113652261694
    efficiency: 0.594848
    discharge_ratio: 0.1
    depth_of_discharge: 0.4
  Li-ion:
    cost: 176.032
    lifetime: 16.2448
    annual_cost: 10.836206047473652
    efficiency: 0.939261
    discharge_ratio: 2
    depth_of_discharge: 0.9
  Pb-acid:
    cost: 155.613
    lifetime: 14.6403
    annual_cost: 10.62908546956005
    efficiency: 0.698239
    discharge_ratio: 5
    depth_of_discharge: 0.5
  VRBF:
    cost: 344.65
    lifetime: 22.2975
    annual_cost: 15.45688978585043
    efficiency: 0.804549
    discharge_ratio: 0.5
    depth_of_discharge: 1.0
