cost_values:
  wind_capex: 5000.0
  wind_opex: 100
  wind_lifetime: 20
  solar_capex: 1000.0
  solar_opex: 10
  solar_lifetime: 20
  carbon_price: 1.0
timeseries_values:
  load_level: 233517.99475067863
  wind_year: 2017
  solar_year: 2013
  price_year: 2023
  carbon_year: 2023
storage_values:
  CAES:
    cost: 70.9145
    lifetime: 23.3229
    annual_cost: 3.0405524184385304
    efficiency: 0.59437
    discharge_ratio: 0.1
    depth_of_discharge: 0.4
  Li-ion:
    cost: 185.365
    lifetime: 14.9179
    annual_cost: 12.425676536241697
    efficiency: 0.935037
    discharge_ratio: 2
    depth_of_discharge: 0.9
  Pb-acid:
    cost: 162.933
    lifetime: 12.9568
    annual_cost: 12.575095702642628
    efficiency: 0.675221
    discharge_ratio: 5
    depth_of_discharge: 0.5
  VRBF:
    cost: 350.029
    lifetime: 22.7236
    annual_cost: 15.40376524846415
    efficiency: 0.775542
    discharge_ratio: 0.5
    depth_of_discharge: 1.0
