cost_values:
  wind_capex: 5000.0
  wind_opex: 100
  wind_lifetime: 20
  solar_capex: 1000.0
  solar_opex: 10
  solar_lifetime: 20
  carbon_price: 1.0
timeseries_values:
  load_level: 233517.99475067863
  wind_year: 2017
  solar_year: 2013
  price_year: 2023
  carbon_year: 2023
storage_values:
  CAES:
    cost: 74.8595
    lifetime: 24.1357
    annual_cost: 3.1016088201295178
    efficiency: 0.606687
    discharge_ratio: 0.1
    depth_of_discharge: 0.4
  Li-ion:
    cost: 185.062
    lifetime: 19.0364
    annual_cost: 9.721480952280894
    efficiency: 0.932028
    discharge_ratio: 2
    depth_of_discharge: 0.9
  Pb-acid:
    cost: 189.574
    lifetime: 15.4576
    annual_cost: 12.264128972156092
    efficiency: 0.679988
    discharge_ratio: 5
    depth_of_discharge: 0.5
  VRBF:
    cost: 352.216
    lifetime: 20.3031
    annual_cost: 17.34789268633854
    efficiency: 0.779352
    discharge_ratio: 0.5
    depth_of_discharge: 1.0
