cost_values:
  wind_capex: 5000.0
  wind_opex: 100
  wind_lifetime: 20
  solar_capex: 1000.0
  solar_opex: 10
  solar_lifetime: 20
  carbon_price: 1.0
timeseries_values:
  load_level: 233517.99475067863
  wind_year: 2017
  solar_year: 2013
  price_year: 2023
  carbon_year: 2023
storage_values:
  CAES:
    cost: 74.1169
    lifetime: 22.5575
    annual_cost: 3.2856876870220546
    efficiency: 0.59866
    discharge_ratio: 0.1
    depth_of_discharge: 0.4
  Li-ion:
    cost: 188.682
    lifetime: 16.0743
    annual_cost: 11.738116123252643
    efficiency: 0.913564
    discharge_ratio: 2
    depth_of_discharge: 0.9
  Pb-acid:
    cost: 180.948
    lifetime: 14.1398
    annual_cost: 12.797069265477589
    efficiency: 0.685892
    discharge_ratio: 5
    depth_of_discharge: 0.5
  VRBF:
    cost: 353.327
    lifetime: 21.9374
    annual_cost: 16.106147492410223
    efficiency: 0.779123
    discharge_ratio: 0.5
    depth_of_discharge: 1.0
