cost_values:
  wind_capex: 5000.0
  wind_opex: 100
  wind_lifetime: 20
  solar_capex: 1000.0
  solar_opex: 10
  solar_lifetime: 20
  carbon_price: 1.0
timeseries_values:
  load_level: 229033.60141853383
  wind_year: 2019
  solar_year: 2016
  price_year: 2023
  carbon_year: 2023
storage_values:
  CAES:
    cost: 68.0801
    lifetime: 22.159
    annual_cost: 3.0723453224423487
    efficiency: 0.567444
    discharge_ratio: 0.1
    depth_of_discharge: 0.4
  Li-ion:
    cost: 186.097
    lifetime: 21.2252
    annual_cost: 8.767738348755254
    efficiency: 0.965243
    discharge_ratio: 2
    depth_of_discharge: 0.9
  Pb-acid:
    cost: 185.519
    lifetime: 6.45228
    annual_cost: 28.75247199439578
    efficiency: 0.718575
    discharge_ratio: 5
    depth_of_discharge: 0.5
  VRBF:
    cost: 230.215
    lifetime: 13.9511
    annual_cost: 16.50156618474529
    efficiency: 0.708825
    discharge_ratio: 0.5
    depth_of_discharge: 1.0
