cost_values:
  wind_capex: 5000.0
  wind_opex: 100
  wind_lifetime: 20
  solar_capex: 1000.0
  solar_opex: 10
  solar_lifetime: 20
  carbon_price: 1.0
timeseries_values:
  load_level: 229033.60141853383
  wind_year: 2019
  solar_year: 2016
  price_year: 2023
  carbon_year: 2023
storage_values:
  CAES:
    cost: 67.6465
    lifetime: 24.3105
    annual_cost: 2.782604224512042
    efficiency: 0.567275
    discharge_ratio: 0.1
    depth_of_discharge: 0.4
  Li-ion:
    cost: 169.397
    lifetime: 20.8094
    annual_cost: 8.14040770036618
    efficiency: 0.949181
    discharge_ratio: 2
    depth_of_discharge: 0.9
  Pb-acid:
    cost: 167.5
    lifetime: 5.0634
    annual_cost: 33.08053876841648
    efficiency: 0.736289
    discharge_ratio: 5
    depth_of_discharge: 0.5
  VRBF:
    cost: 206.854
    lifetime: 16.0881
    annual_cost: 12.857577961350316
    efficiency: 0.709695
    discharge_ratio: 0.5
    depth_of_discharge: 1.0
