cost_values:
  wind_capex: 5000.0
  wind_opex: 100
  wind_lifetime: 20
  solar_capex: 1000.0
  solar_opex: 10
  solar_lifetime: 20
  carbon_price: 1.0
timeseries_values:
  load_level: 229033.60141853383
  wind_year: 2019
  solar_year: 2016
  price_year: 2023
  carbon_year: 2023
storage_values:
  CAES:
    cost: 66.296
    lifetime: 24.371
    annual_cost: 2.7202823027368597
    efficiency: 0.572528
    discharge_ratio: 0.1
    depth_of_discharge: 0.4
  Li-ion:
    cost: 173.936
    lifetime: 21.8213
    annual_cost: 7.9709274882798
    efficiency: 0.950492
    discharge_ratio: 2
    depth_of_discharge: 0.9
  Pb-acid:
    cost: 186.215
    lifetime: 6.92578
    annual_cost: 26.88722425488537
    efficiency: 0.736207
    discharge_ratio: 5
    depth_of_discharge: 0.5
  VRBF:
    cost: 212.345
    lifetime: 17.1423
    annual_cost: 12.387194250479808
    efficiency: 0.691269
    discharge_ratio: 0.5
    depth_of_discharge: 1.0
