cost_values:
  wind_capex: 5000.0
  wind_opex: 100
  wind_lifetime: 20
  solar_capex: 1000.0
  solar_opex: 10
  solar_lifetime: 20
  carbon_price: 1.0
timeseries_values:
  load_level: 229033.60141853383
  wind_year: 2019
  solar_year: 2016
  price_year: 2023
  carbon_year: 2023
storage_values:
  CAES:
    cost: 71.2331
    lifetime: 22.8753
    annual_cost: 3.1139744615371163
    efficiency: 0.5749
    discharge_ratio: 0.1
    depth_of_discharge: 0.4
  Li-ion:
    cost: 164.04
    lifetime: 18.0877
    annual_cost: 9.069146436528689
    efficiency: 0.968605
    discharge_ratio: 2
    depth_of_discharge: 0.9
  Pb-acid:
    cost: 169.996
    lifetime: 6.52386
    annual_cost: 26.05757940850969
    efficiency: 0.735326
    discharge_ratio: 5
    depth_of_discharge: 0.5
  VRBF:
    cost: 204.931
    lifetime: 15.8138
    annual_cost: 12.958997837331951
    efficiency: 0.664149
    discharge_ratio: 0.5
    depth_of_discharge: 1.0
