cost_values:
  wind_capex: 5000.0
  wind_opex: 100
  wind_lifetime: 20
  solar_capex: 1000.0
  solar_opex: 10
  solar_lifetime: 20
  carbon_price: 1.0
timeseries_values:
  load_level: 229033.60141853383
  wind_year: 2019
  solar_year: 2016
  price_year: 2023
  carbon_year: 2023
storage_values:
  CAES:
    cost: 68.8189
    lifetime: 23.8246
    annual_cost: 2.8885647607934657
    efficiency: 0.588918
    discharge_ratio: 0.1
    depth_of_discharge: 0.4
  Li-ion:
    cost: 171.129
    lifetime: 21.6523
    annual_cost: 7.903502168360866
    efficiency: 0.958131
    discharge_ratio: 2
    depth_of_discharge: 0.9
  Pb-acid:
    cost: 181.543
    lifetime: 6.44019
    annual_cost: 28.189075167036997
    efficiency: 0.728542
    discharge_ratio: 5
    depth_of_discharge: 0.5
  VRBF:
    cost: 172.698
    lifetime: 17.0402
    annual_cost: 10.134740202579783
    efficiency: 0.693638
    discharge_ratio: 0.5
    depth_of_discharge: 1.0
