cost_values:
  wind_capex: 5000.0
  wind_opex: 100
  wind_lifetime: 20
  solar_capex: 1000.0
  solar_opex: 10
  solar_lifetime: 20
  carbon_price: 1.0
timeseries_values:
  load_level: 229033.60141853383
  wind_year: 2019
  solar_year: 2016
  price_year: 2023
  carbon_year: 2023
storage_values:
  CAES:
    cost: 66.1825
    lifetime: 24.168
    annual_cost: 2.7384351208209203
    efficiency: 0.587397
    discharge_ratio: 0.1
    depth_of_discharge: 0.4
  Li-ion:
    cost: 164.58
    lifetime: 19.7276
    annual_cost: 8.342626573937023
    efficiency: 0.959816
    discharge_ratio: 2
    depth_of_discharge: 0.9
  Pb-acid:
    cost: 179.764
    lifetime: 5.66721
    annual_cost: 31.720017433622544
    efficiency: 0.715094
    discharge_ratio: 5
    depth_of_discharge: 0.5
  VRBF:
    cost: 204.746
    lifetime: 18.0449
    annual_cost: 11.34647462717998
    efficiency: 0.709033
    discharge_ratio: 0.5
    depth_of_discharge: 1.0
