cost_values:
  wind_capex: 5000.0
  wind_opex: 100
  wind_lifetime: 20
  solar_capex: 1000.0
  solar_opex: 10
  solar_lifetime: 20
  carbon_price: 1.0
timeseries_values:
  load_level: 229033.60141853383
  wind_year: 2019
  solar_year: 2016
  price_year: 2023
  carbon_year: 2023
storage_values:
  CAES:
    cost: 67.5168
    lifetime: 23.8552
    annual_cost: 2.830275998524431
    efficiency: 0.56922
    discharge_ratio: 0.1
    depth_of_discharge: 0.4
  Li-ion:
    cost: 180.259
    lifetime: 19.9664
    annual_cost: 9.028117236958089
    efficiency: 0.963081
    discharge_ratio: 2
    depth_of_discharge: 0.9
  Pb-acid:
    cost: 210.766
    lifetime: 6.09457
    annual_cost: 34.58258745079636
    efficiency: 0.732103
    discharge_ratio: 5
    depth_of_discharge: 0.5
  VRBF:
    cost: 200.473
    lifetime: 15.6363
    annual_cost: 12.820999852906379
    efficiency: 0.689781
    discharge_ratio: 0.5
    depth_of_discharge: 1.0
