cost_values:
  wind_capex: 5000.0
  wind_opex: 100
  wind_lifetime: 20
  solar_capex: 1000.0
  solar_opex: 10
  solar_lifetime: 20
  carbon_price: 1.0
timeseries_values:
  load_level: 229033.60141853383
  wind_year: 2019
  solar_year: 2016
  price_year: 2023
  carbon_year: 2023
storage_values:
  CAES:
    cost: 70.8493
    lifetime: 23.4037
    annual_cost: 3.0272691924781125
    efficiency: 0.572524
    discharge_ratio: 0.1
    depth_of_discharge: 0.4
  Li-ion:
    cost: 173.123
    lifetime: 21.893
    annual_cost: 7.907687388663042
    efficiency: 0.956875
    discharge_ratio: 2
    depth_of_discharge: 0.9
  Pb-acid:
    cost: 192.737
    lifetime: 6.41
    annual_cost: 30.068174726989078
    efficiency: 0.742919
    discharge_ratio: 5
    depth_of_discharge: 0.5
  VRBF:
    cost: 210.898
    lifetime: 18.4393
    annual_cost: 11.437418990959527
    efficiency: 0.691095
    discharge_ratio: 0.5
    depth_of_discharge: 1.0
