cost_values:
  wind_capex: 5000.0
  wind_opex: 100
  wind_lifetime: 20
  solar_capex: 1000.0
  solar_opex: 10
  solar_lifetime: 20
  carbon_price: 1.0
timeseries_values:
  load_level: 229033.60141853383
  wind_year: 2019
  solar_year: 2016
  price_year: 2023
  carbon_year: 2023
storage_values:
  CAES:
    cost: 69.277
    lifetime: 24.0935
    annual_cost: 2.875339821943678
    efficiency: 0.556793
    discharge_ratio: 0.1
    depth_of_discharge: 0.4
  Li-ion:
    cost: 181.359
    lifetime: 19.3449
    annual_cost: 9.375029077431261
    efficiency: 0.963033
    discharge_ratio: 2
    depth_of_discharge: 0.9
  Pb-acid:
    cost: 189.624
    lifetime: 5.88575
    annual_cost: 32.21747440852907
    efficiency: 0.73872
    discharge_ratio: 5
    depth_of_discharge: 0.5
  VRBF:
    cost: 191.719
    lifetime: 18.802
    annual_cost: 10.196734389958515
    efficiency: 0.688323
    discharge_ratio: 0.5
    depth_of_discharge: 1.0
