cost_values:
  wind_capex: 5000.0
  wind_opex: 100
  wind_lifetime: 20
  solar_capex: 1000.0
  solar_opex: 10
  solar_lifetime: 20
  carbon_price: 1.0
timeseries_values:
  load_level: 229033.60141853383
  wind_year: 2019
  solar_year: 2016
  price_year: 2023
  carbon_year: 2023
storage_values:
  CAES:
    cost: 65.7829
    lifetime: 23.5742
    annual_cost: 2.790461606332346
    efficiency: 0.57
    discharge_ratio: 0.1
    depth_of_discharge: 0.4
  Li-ion:
    cost: 193.674
    lifetime: 19.3738
    annual_cost: 9.996696569593988
    efficiency: 0.960843
    discharge_ratio: 2
    depth_of_discharge: 0.9
  Pb-acid:
    cost: 207.162
    lifetime: 7.08351
    annual_cost: 29.245670578569097
    efficiency: 0.750278
    discharge_ratio: 5
    depth_of_discharge: 0.5
  VRBF:
    cost: 198.98
    lifetime: 16.7101
    annual_cost: 11.907768355665135
    efficiency: 0.738515
    discharge_ratio: 0.5
    depth_of_discharge: 1.0
