cost_values:
  wind_capex: 5000.0
  wind_opex: 100
  wind_lifetime: 20
  solar_capex: 1000.0
  solar_opex: 10
  solar_lifetime: 20
  carbon_price: 1.0
timeseries_values:
  load_level: 229033.60141853383
  wind_year: 2019
  solar_year: 2016
  price_year: 2023
  carbon_year: 2023
storage_values:
  CAES:
    cost: 60.5731
    lifetime: 23.9736
    annual_cost: 2.5266584910067738
    efficiency: 0.561288
    discharge_ratio: 0.1
    depth_of_discharge: 0.4
  Li-ion:
    cost: 186.308
    lifetime: 19.6138
    annual_cost: 9.49882225779808
    efficiency: 0.965666
    discharge_ratio: 2
    depth_of_discharge: 0.9
  Pb-acid:
    cost: 179.181
    lifetime: 6.29127
    annual_cost: 28.480894954436863
    efficiency: 0.739904
    discharge_ratio: 5
    depth_of_discharge: 0.5
  VRBF:
    cost: 206.882
    lifetime: 18.1487
    annual_cost: 11.399273777185142
    efficiency: 0.685385
    discharge_ratio: 0.5
    depth_of_discharge: 1.0
