cost_values:
  wind_capex: 5000.0
  wind_opex: 100
  wind_lifetime: 20
  solar_capex: 1000.0
  solar_opex: 10
  solar_lifetime: 20
  carbon_price: 1.0
timeseries_values:
  load_level: 229033.60141853383
  wind_year: 2019
  solar_year: 2016
  price_year: 2023
  carbon_year: 2023
storage_values:
  CAES:
    cost: 67.262
    lifetime: 22.8255
    annual_cost: 2.9467919651267223
    efficiency: 0.575008
    discharge_ratio: 0.1
    depth_of_discharge: 0.4
  Li-ion:
    cost: 177.514
    lifetime: 19.2741
    annual_cost: 9.20997608189228
    efficiency: 0.95667
    discharge_ratio: 2
    depth_of_discharge: 0.9
  Pb-acid:
    cost: 181.576
    lifetime: 5.3787
    annual_cost: 33.75834309405618
    efficiency: 0.751214
    discharge_ratio: 5
    depth_of_discharge: 0.5
  VRBF:
    cost: 165.324
    lifetime: 16.9105
    annual_cost: 9.776411105526154
    efficiency: 0.720602
    discharge_ratio: 0.5
    depth_of_discharge: 1.0
