cost_values:
  wind_capex: 5000.0
  wind_opex: 100
  wind_lifetime: 20
  solar_capex: 1000.0
  solar_opex: 10
  solar_lifetime: 20
  carbon_price: 1.0
timeseries_values:
  load_level: 229033.60141853383
  wind_year: 2019
  solar_year: 2016
  price_year: 2023
  carbon_year: 2023
storage_values:
  CAES:
    cost: 71.3373
    lifetime: 22.8774
    annual_cost: 3.1182433318471503
    efficiency: 0.57357
    discharge_ratio: 0.1
    depth_of_discharge: 0.4
  Li-ion:
    cost: 163.367
    lifetime: 20.2252
    annual_cost: 8.077398492969166
    efficiency: 0.961218
    discharge_ratio: 2
    depth_of_discharge: 0.9
  Pb-acid:
    cost: 162.342
    lifetime: 6.04866
    annual_cost: 26.839333009294624
    efficiency: 0.753276
    discharge_ratio: 5
    depth_of_discharge: 0.5
  VRBF:
    cost: 216.921
    lifetime: 17.8967
    annual_cost: 12.12072616739399
    efficiency: 0.715566
    discharge_ratio: 0.5
    depth_of_discharge: 1.0
