cost_values:
  wind_capex: 5000.0
  wind_opex: 100
  wind_lifetime: 20
  solar_capex: 1000.0
  solar_opex: 10
  solar_lifetime: 20
  carbon_price: 1.0
timeseries_values:
  load_level: 229033.60141853383
  wind_year: 2019
  solar_year: 2016
  price_year: 2023
  carbon_year: 2023
storage_values:
  CAES:
    cost: 66.7318
    lifetime: 23.5197
    annual_cost: 2.837272584259153
    efficiency: 0.566651
    discharge_ratio: 0.1
    depth_of_discharge: 0.4
  Li-ion:
    cost: 184.468
    lifetime: 19.7604
    annual_cost: 9.335236128823302
    efficiency: 0.964674
    discharge_ratio: 2
    depth_of_discharge: 0.9
  Pb-acid:
    cost: 171.718
    lifetime: 6.30936
    annual_cost: 27.21638961796442
    efficiency: 0.720992
    discharge_ratio: 5
    depth_of_discharge: 0.5
  VRBF:
    cost: 204.151
    lifetime: 14.8678
    annual_cost: 13.731083280646766
    efficiency: 0.705433
    discharge_ratio: 0.5
    depth_of_discharge: 1.0
