cost_values:
  wind_capex: 5000.0
  wind_opex: 100
  wind_lifetime: 20
  solar_capex: 1000.0
  solar_opex: 10
  solar_lifetime: 20
  carbon_price: 1.0
timeseries_values:
  load_level: 229033.60141853383
  wind_year: 2019
  solar_year: 2016
  price_year: 2023
  carbon_year: 2023
storage_values:
  CAES:
    cost: 62.2083
    lifetime: 24.028
    annual_cost: 2.588992009322457
    efficiency: 0.571265
    discharge_ratio: 0.1
    depth_of_discharge: 0.4
  Li-ion:
    cost: 173.773
    lifetime: 20.3829
    annual_cost: 8.525430630577592
    efficiency: 0.953886
    discharge_ratio: 2
    depth_of_discharge: 0.9
  Pb-acid:
    cost: 182.716
    lifetime: 5.60902
    annual_cost: 32.57538750084685
    efficiency: 0.755019
    discharge_ratio: 5
    depth_of_discharge: 0.5
  VRBF:
    cost: 215.51
    lifetime: 16.3861
    annual_cost: 13.152000781149876
    efficiency: 0.690664
    discharge_ratio: 0.5
    depth_of_discharge: 1.0
