cost_values:
  wind_capex: 5000.0
  wind_opex: 100
  wind_lifetime: 20
  solar_capex: 1000.0
  solar_opex: 10
  solar_lifetime: 20
  carbon_price: 1.0
timeseries_values:
  load_level: 229033.60141853383
  wind_year: 2019
  solar_year: 2016
  price_year: 2023
  carbon_year: 2023
storage_values:
  CAES:
    cost: 70.3591
    lifetime: 24.0241
    annual_cost: 2.9286882755233283
    efficiency: 0.553611
    discharge_ratio: 0.1
    depth_of_discharge: 0.4
  Li-ion:
    cost: 182.906
    lifetime: 17.8822
    annual_cost: 10.228383532227578
    efficiency: 0.95904
    discharge_ratio: 2
    depth_of_discharge: 0.9
  Pb-acid:
    cost: 184.026
    lifetime: 7.49382
    annual_cost: 24.557034996837395
    efficiency: 0.736562
    discharge_ratio: 5
    depth_of_discharge: 0.5
  VRBF:
    cost: 201.933
    lifetime: 16.3373
    annual_cost: 12.360243124628917
    efficiency: 0.721565
    discharge_ratio: 0.5
    depth_of_discharge: 1.0
