cost_values:
  wind_capex: 5000.0
  wind_opex: 100
  wind_lifetime: 20
  solar_capex: 1000.0
  solar_opex: 10
  solar_lifetime: 20
  carbon_price: 1.0
timeseries_values:
  load_level: 229033.60141853383
  wind_year: 2019
  solar_year: 2016
  price_year: 2023
  carbon_year: 2023
storage_values:
  CAES:
    cost: 68.5498
    lifetime: 23.2555
    annual_cost: 2.947681193696115
    efficiency: 0.569971
    discharge_ratio: 0.1
    depth_of_discharge: 0.4
  Li-ion:
    cost: 184.345
    lifetime: 21.7003
    annual_cost: 8.495043847320083
    efficiency: 0.959609
    discharge_ratio: 2
    depth_of_discharge: 0.9
  Pb-acid:
    cost: 159.545
    lifetime: 6.03495
    annual_cost: 26.436838747628396
    efficiency: 0.746966
    discharge_ratio: 5
    depth_of_discharge: 0.5
  VRBF:
    cost: 212.427
    lifetime: 17.3761
    annual_cost: 12.225240416434067
    efficiency: 0.70495
    discharge_ratio: 0.5
    depth_of_discharge: 1.0
