cost_values:
  wind_capex: 5000.0
  wind_opex: 100
  wind_lifetime: 20
  solar_capex: 1000.0
  solar_opex: 10
  solar_lifetime: 20
  carbon_price: 1.0
timeseries_values:
  load_level: 229033.60141853383
  wind_year: 2019
  solar_year: 2016
  price_year: 2023
  carbon_year: 2023
storage_values:
  CAES:
    cost: 69.2428
    lifetime: 23.11
    annual_cost: 2.996226741670273
    efficiency: 0.573188
    discharge_ratio: 0.1
    depth_of_discharge: 0.4
  Li-ion:
    cost: 207.022
    lifetime: 20.7458
    annual_cost: 9.978983697905118
    efficiency: 0.952092
    discharge_ratio: 2
    depth_of_discharge: 0.9
  Pb-acid:
    cost: 181.456
    lifetime: 6.61088
    annual_cost: 27.448085580134563
    efficiency: 0.747115
    discharge_ratio: 5
    depth_of_discharge: 0.5
  VRBF:
    cost: 214.416
    lifetime: 17.4537
    annual_cost: 12.284845047181971
    efficiency: 0.698728
    discharge_ratio: 0.5
    depth_of_discharge: 1.0
