cost_values:
  wind_capex: 5000.0
  wind_opex: 100
  wind_lifetime: 20
  solar_capex: 1000.0
  solar_opex: 10
  solar_lifetime: 20
  carbon_price: 1.0
timeseries_values:
  load_level: 229033.60141853383
  wind_year: 2019
  solar_year: 2016
  price_year: 2023
  carbon_year: 2023
storage_values:
  CAES:
    cost: 68.7112
    lifetime: 23.4781
    annual_cost: 2.926608200833969
    efficiency: 0.564252
    discharge_ratio: 0.1
    depth_of_discharge: 0.4
  Li-ion:
    cost: 183.257
    lifetime: 20.6349
    annual_cost: 8.88092503477119
    efficiency: 0.95884
    discharge_ratio: 2
    depth_of_discharge: 0.9
  Pb-acid:
    cost: 184.923
    lifetime: 5.84617
    annual_cost: 31.631478386704458
    efficiency: 0.752181
    discharge_ratio: 5
    depth_of_discharge: 0.5
  VRBF:
    cost: 213.666
    lifetime: 18.2983
    annual_cost: 11.676822437056993
    efficiency: 0.703227
    discharge_ratio: 0.5
    depth_of_discharge: 1.0
