cost_values:
  wind_capex: 5000.0
  wind_opex: 100
  wind_lifetime: 20
  solar_capex: 1000.0
  solar_opex: 10
  solar_lifetime: 20
  carbon_price: 1.0
timeseries_values:
  load_level: 229033.60141853383
  wind_year: 2019
  solar_year: 2016
  price_year: 2023
  carbon_year: 2023
storage_values:
  CAES:
    cost: 71.2627
    lifetime: 23.8214
    annual_cost: 2.991541219239843
    efficiency: 0.573552
    discharge_ratio: 0.1
    depth_of_discharge: 0.4
  Li-ion:
    cost: 164.705
    lifetime: 20.9994
    annual_cost: 7.843319332933322
    efficiency: 0.968504
    discharge_ratio: 2
    depth_of_discharge: 0.9
  Pb-acid:
    cost: 182.007
    lifetime: 5.39746
    annual_cost: 33.720861294016075
    efficiency: 0.734205
    discharge_ratio: 5
    depth_of_discharge: 0.5
  VRBF:
    cost: 221.84
    lifetime: 18.7399
    annual_cost: 11.83784331826744
    efficiency: 0.701662
    discharge_ratio: 0.5
    depth_of_discharge: 1.0
