cost_values:
  wind_capex: 5000.0
  wind_opex: 100
  wind_lifetime: 20
  solar_capex: 1000.0
  solar_opex: 10
  solar_lifetime: 20
  carbon_price: 1.0
timeseries_values:
  load_level: 229033.60141853383
  wind_year: 2019
  solar_year: 2016
  price_year: 2023
  carbon_year: 2023
storage_values:
  CAES:
    cost: 63.7402
    lifetime: 22.9573
    annual_cost: 2.7764676159652923
    efficiency: 0.571684
    discharge_ratio: 0.1
    depth_of_discharge: 0.4
  Li-ion:
    cost: 167.278
    lifetime: 23.0636
    annual_cost: 7.252900674656168
    efficiency: 0.958428
    discharge_ratio: 2
    depth_of_discharge: 0.9
  Pb-acid:
    cost: 176.331
    lifetime: 7.01991
    annual_cost: 25.11869810296713
    efficiency: 0.728926
    discharge_ratio: 5
    depth_of_discharge: 0.5
  VRBF:
    cost: 227.203
    lifetime: 18.7056
    annual_cost: 12.146255666752202
    efficiency: 0.687446
    discharge_ratio: 0.5
    depth_of_discharge: 1.0
