cost_values:
  wind_capex: 5000.0
  wind_opex: 100
  wind_lifetime: 20
  solar_capex: 1000.0
  solar_opex: 10
  solar_lifetime: 20
  carbon_price: 1.0
timeseries_values:
  load_level: 229033.60141853383
  wind_year: 2019
  solar_year: 2016
  price_year: 2023
  carbon_year: 2023
storage_values:
  CAES:
    cost: 75.2601
    lifetime: 23.2524
    annual_cost: 3.2366594416060273
    efficiency: 0.568091
    discharge_ratio: 0.1
    depth_of_discharge: 0.4
  Li-ion:
    cost: 158.603
    lifetime: 21.1556
    annual_cost: 7.496974796271437
    efficiency: 0.957235
    discharge_ratio: 2
    depth_of_discharge: 0.9
  Pb-acid:
    cost: 183.976
    lifetime: 7.35093
    annual_cost: 25.027581544103942
    efficiency: 0.742362
    discharge_ratio: 5
    depth_of_discharge: 0.5
  VRBF:
    cost: 212.843
    lifetime: 15.2127
    annual_cost: 13.991138982560622
    efficiency: 0.705309
    discharge_ratio: 0.5
    depth_of_discharge: 1.0
