cost_values:
  wind_capex: 5000.0
  wind_opex: 100
  wind_lifetime: 20
  solar_capex: 1000.0
  solar_opex: 10
  solar_lifetime: 20
  carbon_price: 1.0
timeseries_values:
  load_level: 229033.60141853383
  wind_year: 2019
  solar_year: 2016
  price_year: 2023
  carbon_year: 2023
storage_values:
  CAES:
    cost: 72.3546
    lifetime: 23.1958
    annual_cost: 3.1192974590227545
    efficiency: 0.563736
    discharge_ratio: 0.1
    depth_of_discharge: 0.4
  Li-ion:
    cost: 164.511
    lifetime: 20.3956
    annual_cost: 8.06600443232854
    efficiency: 0.963143
    discharge_ratio: 2
    depth_of_discharge: 0.9
  Pb-acid:
    cost: 181.258
    lifetime: 5.71057
    annual_cost: 31.740789448338784
    efficiency: 0.746429
    discharge_ratio: 5
    depth_of_discharge: 0.5
  VRBF:
    cost: 215.345
    lifetime: 17.452
    annual_cost: 12.339273435709373
    efficiency: 0.687898
    discharge_ratio: 0.5
    depth_of_discharge: 1.0
