cost_values:
  wind_capex: 5000.0
  wind_opex: 100
  wind_lifetime: 20
  solar_capex: 1000.0
  solar_opex: 10
  solar_lifetime: 20
  carbon_price: 1.0
timeseries_values:
  load_level: 229033.60141853383
  wind_year: 2019
  solar_year: 2016
  price_year: 2023
  carbon_year: 2023
storage_values:
  CAES:
    cost: 75.3976
    lifetime: 24.047
    annual_cost: 3.135426456522643
    efficiency: 0.566263
    discharge_ratio: 0.1
    depth_of_discharge: 0.4
  Li-ion:
    cost: 182.027
    lifetime: 20.209
    annual_cost: 9.007224503933891
    efficiency: 0.954524
    discharge_ratio: 2
    depth_of_discharge: 0.9
  Pb-acid:
    cost: 186.447
    lifetime: 6.80617
    annual_cost: 27.393820606890515
    efficiency: 0.751309
    discharge_ratio: 5
    depth_of_discharge: 0.5
  VRBF:
    cost: 190.767
    lifetime: 14.5259
    annual_cost: 13.13288677465768
    efficiency: 0.704011
    discharge_ratio: 0.5
    depth_of_discharge: 1.0
