cost_values:
  wind_capex: 5000.0
  wind_opex: 100
  wind_lifetime: 20
  solar_capex: 1000.0
  solar_opex: 10
  solar_lifetime: 20
  carbon_price: 1.0
timeseries_values:
  load_level: 229033.60141853383
  wind_year: 2019
  solar_year: 2016
  price_year: 2023
  carbon_year: 2023
storage_values:
  CAES:
    cost: 67.9598
    lifetime: 22.9139
    annual_cost: 2.9658766076486325
    efficiency: 0.572756
    discharge_ratio: 0.1
    depth_of_discharge: 0.4
  Li-ion:
    cost: 190.152
    lifetime: 18.8904
    annual_cost: 10.066065303011053
    efficiency: 0.963947
    discharge_ratio: 2
    depth_of_discharge: 0.9
  Pb-acid:
    cost: 171.039
    lifetime: 5.42687
    annual_cost: 31.517062321374933
    efficiency: 0.72806
    discharge_ratio: 5
    depth_of_discharge: 0.5
  VRBF:
    cost: 195.551
    lifetime: 15.6036
    annual_cost: 12.532428413955753
    efficiency: 0.717633
    discharge_ratio: 0.5
    depth_of_discharge: 1.0
