cost_values:
  wind_capex: 5000.0
  wind_opex: 100
  wind_lifetime: 20
  solar_capex: 1000.0
  solar_opex: 10
  solar_lifetime: 20
  carbon_price: 1.0
timeseries_values:
  load_level: 229033.60141853383
  wind_year: 2019
  solar_year: 2016
  price_year: 2023
  carbon_year: 2023
storage_values:
  CAES:
    cost: 67.7567
    lifetime: 23.2377
    annual_cost: 2.915809223804421
    efficiency: 0.58188
    discharge_ratio: 0.1
    depth_of_discharge: 0.4
  Li-ion:
    cost: 177.568
    lifetime: 19.558
    annual_cost: 9.079046937314654
    efficiency: 0.959906
    discharge_ratio: 2
    depth_of_discharge: 0.9
  Pb-acid:
    cost: 181.0
    lifetime: 5.34179
    annual_cost: 33.8837730423697
    efficiency: 0.744929
    discharge_ratio: 5
    depth_of_discharge: 0.5
  VRBF:
    cost: 210.909
    lifetime: 16.5824
    annual_cost: 12.718846487842532
    efficiency: 0.702706
    discharge_ratio: 0.5
    depth_of_discharge: 1.0
