cost_values:
  wind_capex: 5000.0
  wind_opex: 100
  wind_lifetime: 20
  solar_capex: 1000.0
  solar_opex: 10
  solar_lifetime: 20
  carbon_price: 1.0
timeseries_values:
  load_level: 229033.60141853383
  wind_year: 2019
  solar_year: 2016
  price_year: 2023
  carbon_year: 2023
storage_values:
  CAES:
    cost: 69.1622
    lifetime: 22.2461
    annual_cost: 3.108958424173226
    efficiency: 0.57357
    discharge_ratio: 0.1
    depth_of_discharge: 0.4
  Li-ion:
    cost: 177.062
    lifetime: 19.2253
    annual_cost: 9.20984327942867
    efficiency: 0.962604
    discharge_ratio: 2
    depth_of_discharge: 0.9
  Pb-acid:
    cost: 169.41
    lifetime: 5.75531
    annual_cost: 29.435425719900405
    efficiency: 0.749214
    discharge_ratio: 5
    depth_of_discharge: 0.5
  VRBF:
    cost: 197.495
    lifetime: 16.1089
    annual_cost: 12.259992923166697
    efficiency: 0.696659
    discharge_ratio: 0.5
    depth_of_discharge: 1.0
