cost_values:
  wind_capex: 5000.0
  wind_opex: 100
  wind_lifetime: 20
  solar_capex: 1000.0
  solar_opex: 10
  solar_lifetime: 20
  carbon_price: 1.0
timeseries_values:
  load_level: 229033.60141853383
  wind_year: 2019
  solar_year: 2016
  price_year: 2023
  carbon_year: 2023
storage_values:
  CAES:
    cost: 70.6571
    lifetime: 24.6537
    annual_cost: 2.8659836048950056
    efficiency: 0.570272
    discharge_ratio: 0.1
    depth_of_discharge: 0.4
  Li-ion:
    cost: 171.345
    lifetime: 20.8555
    annual_cost: 8.215818369255112
    efficiency: 0.943411
    discharge_ratio: 2
    depth_of_discharge: 0.9
  Pb-acid:
    cost: 180.448
    lifetime: 7.5343
    annual_cost: 23.95020108039234
    efficiency: 0.741279
    discharge_ratio: 5
    depth_of_discharge: 0.5
  VRBF:
    cost: 193.321
    lifetime: 15.5802
    annual_cost: 12.408120563279034
    efficiency: 0.706033
    discharge_ratio: 0.5
    depth_of_discharge: 1.0
