cost_values:
  wind_capex: 5000.0
  wind_opex: 100
  wind_lifetime: 20
  solar_capex: 1000.0
  solar_opex: 10
  solar_lifetime: 20
  carbon_price: 1.0
timeseries_values:
  load_level: 229033.60141853383
  wind_year: 2019
  solar_year: 2016
  price_year: 2023
  carbon_year: 2023
storage_values:
  CAES:
    cost: 67.4033
    lifetime: 23.2106
    annual_cost: 2.903987833145201
    efficiency: 0.570384
    discharge_ratio: 0.1
    depth_of_discharge: 0.4
  Li-ion:
    cost: 191.151
    lifetime: 20.521
    annual_cost: 9.31489693484723
    efficiency: 0.962436
    discharge_ratio: 2
    depth_of_discharge: 0.9
  Pb-acid:
    cost: 158.782
    lifetime: 7.35693
    annual_cost: 21.58264384736568
    efficiency: 0.747385
    discharge_ratio: 5
    depth_of_discharge: 0.5
  VRBF:
    cost: 197.513
    lifetime: 15.826
    annual_cost: 12.480285605964868
    efficiency: 0.702314
    discharge_ratio: 0.5
    depth_of_discharge: 1.0
