cost_values:
  wind_capex: 5000.0
  wind_opex: 100
  wind_lifetime: 20
  solar_capex: 1000.0
  solar_opex: 10
  solar_lifetime: 20
  carbon_price: 1.0
timeseries_values:
  load_level: 229033.60141853383
  wind_year: 2019
  solar_year: 2016
  price_year: 2023
  carbon_year: 2023
storage_values:
  CAES:
    cost: 64.9499
    lifetime: 24.4796
    annual_cost: 2.6532255429010276
    efficiency: 0.569868
    discharge_ratio: 0.1
    depth_of_discharge: 0.4
  Li-ion:
    cost: 176.253
    lifetime: 19.8588
    annual_cost: 8.875309686385885
    efficiency: 0.963427
    discharge_ratio: 2
    depth_of_discharge: 0.9
  Pb-acid:
    cost: 176.301
    lifetime: 5.46102
    annual_cost: 32.283529450542204
    efficiency: 0.742646
    discharge_ratio: 5
    depth_of_discharge: 0.5
  VRBF:
    cost: 202.159
    lifetime: 16.7592
    annual_cost: 12.06256861902716
    efficiency: 0.692024
    discharge_ratio: 0.5
    depth_of_discharge: 1.0
