cost_values:
  wind_capex: 5000.0
  wind_opex: 100
  wind_lifetime: 20
  solar_capex: 1000.0
  solar_opex: 10
  solar_lifetime: 20
  carbon_price: 1.0
timeseries_values:
  load_level: 229033.60141853383
  wind_year: 2019
  solar_year: 2016
  price_year: 2023
  carbon_year: 2023
storage_values:
  CAES:
    cost: 75.078
    lifetime: 24.5346
    annual_cost: 3.060086571617226
    efficiency: 0.569742
    discharge_ratio: 0.1
    depth_of_discharge: 0.4
  Li-ion:
    cost: 161.342
    lifetime: 21.2374
    annual_cost: 7.597069321103337
    efficiency: 0.972271
    discharge_ratio: 2
    depth_of_discharge: 0.9
  Pb-acid:
    cost: 187.648
    lifetime: 5.77436
    annual_cost: 32.49676154586829
    efficiency: 0.731401
    discharge_ratio: 5
    depth_of_discharge: 0.5
  VRBF:
    cost: 223.033
    lifetime: 18.8811
    annual_cost: 11.81250033101885
    efficiency: 0.70958
    discharge_ratio: 0.5
    depth_of_discharge: 1.0
