cost_values:
  wind_capex: 5000.0
  wind_opex: 100
  wind_lifetime: 20
  solar_capex: 1000.0
  solar_opex: 10
  solar_lifetime: 20
  carbon_price: 1.0
timeseries_values:
  load_level: 229033.60141853383
  wind_year: 2019
  solar_year: 2016
  price_year: 2023
  carbon_year: 2023
storage_values:
  CAES:
    cost: 62.6196
    lifetime: 23.4755
    annual_cost: 2.667444782858725
    efficiency: 0.577741
    discharge_ratio: 0.1
    depth_of_discharge: 0.4
  Li-ion:
    cost: 169.124
    lifetime: 17.6378
    annual_cost: 9.588724217306014
    efficiency: 0.962916
    discharge_ratio: 2
    depth_of_discharge: 0.9
  Pb-acid:
    cost: 167.308
    lifetime: 7.43462
    annual_cost: 22.503907395401512
    efficiency: 0.740335
    discharge_ratio: 5
    depth_of_discharge: 0.5
  VRBF:
    cost: 202.553
    lifetime: 19.2462
    annual_cost: 10.524311292618801
    efficiency: 0.689447
    discharge_ratio: 0.5
    depth_of_discharge: 1.0
