cost_values:
  wind_capex: 5000.0
  wind_opex: 100
  wind_lifetime: 20
  solar_capex: 1000.0
  solar_opex: 10
  solar_lifetime: 20
  carbon_price: 1.0
timeseries_values:
  load_level: 229033.60141853383
  wind_year: 2019
  solar_year: 2016
  price_year: 2023
  carbon_year: 2023
storage_values:
  CAES:
    cost: 60.462
    lifetime: 22.9826
    annual_cost: 2.63077284554402
    efficiency: 0.572601
    discharge_ratio: 0.1
    depth_of_discharge: 0.4
  Li-ion:
    cost: 177.972
    lifetime: 21.9342
    annual_cost: 8.11390431381131
    efficiency: 0.959638
    discharge_ratio: 2
    depth_of_discharge: 0.9
  Pb-acid:
    cost: 166.609
    lifetime: 6.80677
    annual_cost: 24.47695456141459
    efficiency: 0.732222
    discharge_ratio: 5
    depth_of_discharge: 0.5
  VRBF:
    cost: 173.026
    lifetime: 16.4998
    annual_cost: 10.486551352137601
    efficiency: 0.68612
    discharge_ratio: 0.5
    depth_of_discharge: 1.0
