cost_values:
  wind_capex: 5000.0
  wind_opex: 100
  wind_lifetime: 20
  solar_capex: 1000.0
  solar_opex: 10
  solar_lifetime: 20
  carbon_price: 1.0
timeseries_values:
  load_level: 229033.60141853383
  wind_year: 2019
  solar_year: 2016
  price_year: 2023
  carbon_year: 2023
storage_values:
  CAES:
    cost: 67.5274
    lifetime: 23.7432
    annual_cost: 2.8440732504464434
    efficiency: 0.572863
    discharge_ratio: 0.1
    depth_of_discharge: 0.4
  Li-ion:
    cost: 161.241
    lifetime: 21.5752
    annual_cost: 7.4734417293930075
    efficiency: 0.962871
    discharge_ratio: 2
    depth_of_discharge: 0.9
  Pb-acid:
    cost: 194.655
    lifetime: 5.66673
    annual_cost: 34.350498435605715
    efficiency: 0.728363
    discharge_ratio: 5
    depth_of_discharge: 0.5
  VRBF:
    cost: 209.83
    lifetime: 16.5974
    annual_cost: 12.642341571571452
    efficiency: 0.702273
    discharge_ratio: 0.5
    depth_of_discharge: 1.0
