cost_values:
  wind_capex: 5000.0
  wind_opex: 100
  wind_lifetime: 20
  solar_capex: 1000.0
  solar_opex: 10
  solar_lifetime: 20
  carbon_price: 1.0
timeseries_values:
  load_level: 229033.60141853383
  wind_year: 2019
  solar_year: 2016
  price_year: 2023
  carbon_year: 2023
storage_values:
  CAES:
    cost: 67.4949
    lifetime: 23.5219
    annual_cost: 2.8694493216959516
    efficiency: 0.553565
    discharge_ratio: 0.1
    depth_of_discharge: 0.4
  Li-ion:
    cost: 173.782
    lifetime: 21.7422
    annual_cost: 7.992843410510436
    efficiency: 0.960376
    discharge_ratio: 2
    depth_of_discharge: 0.9
  Pb-acid:
    cost: 178.891
    lifetime: 6.81687
    annual_cost: 26.24239570360004
    efficiency: 0.731306
    discharge_ratio: 5
    depth_of_discharge: 0.5
  VRBF:
    cost: 219.312
    lifetime: 17.8995
    annual_cost: 12.252409285175565
    efficiency: 0.707034
    discharge_ratio: 0.5
    depth_of_discharge: 1.0
