cost_values:
  wind_capex: 5000.0
  wind_opex: 100
  wind_lifetime: 20
  solar_capex: 1000.0
  solar_opex: 10
  solar_lifetime: 20
  carbon_price: 1.0
timeseries_values:
  load_level: 229033.60141853383
  wind_year: 2019
  solar_year: 2016
  price_year: 2023
  carbon_year: 2023
storage_values:
  CAES:
    cost: 71.8794
    lifetime: 22.518
    annual_cost: 3.192086330935252
    efficiency: 0.578938
    discharge_ratio: 0.1
    depth_of_discharge: 0.4
  Li-ion:
    cost: 163.743
    lifetime: 20.7531
    annual_cost: 7.890050161180739
    efficiency: 0.96739
    discharge_ratio: 2
    depth_of_discharge: 0.9
  Pb-acid:
    cost: 191.323
    lifetime: 6.21616
    annual_cost: 30.778326169210573
    efficiency: 0.735193
    discharge_ratio: 5
    depth_of_discharge: 0.5
  VRBF:
    cost: 179.541
    lifetime: 17.7555
    annual_cost: 10.111852665371293
    efficiency: 0.698352
    discharge_ratio: 0.5
    depth_of_discharge: 1.0
