cost_values:
  wind_capex: 5000.0
  wind_opex: 100
  wind_lifetime: 20
  solar_capex: 1000.0
  solar_opex: 10
  solar_lifetime: 20
  carbon_price: 1.0
timeseries_values:
  load_level: 229033.60141853383
  wind_year: 2019
  solar_year: 2016
  price_year: 2023
  carbon_year: 2023
storage_values:
  CAES:
    cost: 60.2388
    lifetime: 22.7693
    annual_cost: 2.6456149288735267
    efficiency: 0.56442
    discharge_ratio: 0.1
    depth_of_discharge: 0.4
  Li-ion:
    cost: 181.084
    lifetime: 22.8346
    annual_cost: 7.930246205319998
    efficiency: 0.956432
    discharge_ratio: 2
    depth_of_discharge: 0.9
  Pb-acid:
    cost: 176.278
    lifetime: 6.46668
    annual_cost: 27.259428331075604
    efficiency: 0.740324
    discharge_ratio: 5
    depth_of_discharge: 0.5
  VRBF:
    cost: 218.692
    lifetime: 15.8682
    annual_cost: 13.781777391260508
    efficiency: 0.703052
    discharge_ratio: 0.5
    depth_of_discharge: 1.0
