cost_values:
  wind_capex: 5000.0
  wind_opex: 100
  wind_lifetime: 20
  solar_capex: 1000.0
  solar_opex: 10
  solar_lifetime: 20
  carbon_price: 1.0
timeseries_values:
  load_level: 229033.60141853383
  wind_year: 2019
  solar_year: 2016
  price_year: 2023
  carbon_year: 2023
storage_values:
  CAES:
    cost: 67.7859
    lifetime: 22.8687
    annual_cost: 2.964134384551811
    efficiency: 0.567368
    discharge_ratio: 0.1
    depth_of_discharge: 0.4
  Li-ion:
    cost: 176.889
    lifetime: 21.5169
    annual_cost: 8.220933312884291
    efficiency: 0.972614
    discharge_ratio: 2
    depth_of_discharge: 0.9
  Pb-acid:
    cost: 195.068
    lifetime: 5.61479
    annual_cost: 34.741815811455105
    efficiency: 0.737284
    discharge_ratio: 5
    depth_of_discharge: 0.5
  VRBF:
    cost: 167.228
    lifetime: 15.0422
    annual_cost: 11.117256784246987
    efficiency: 0.689156
    discharge_ratio: 0.5
    depth_of_discharge: 1.0
