cost_values:
  wind_capex: 5000.0
  wind_opex: 100
  wind_lifetime: 20
  solar_capex: 1000.0
  solar_opex: 10
  solar_lifetime: 20
  carbon_price: 1.0
timeseries_values:
  load_level: 229033.60141853383
  wind_year: 2019
  solar_year: 2016
  price_year: 2023
  carbon_year: 2023
storage_values:
  CAES:
    cost: 66.0199
    lifetime: 23.2708
    annual_cost: 2.837027519466456
    efficiency: 0.573709
    discharge_ratio: 0.1
    depth_of_discharge: 0.4
  Li-ion:
    cost: 164.162
    lifetime: 21.0943
    annual_cost: 7.7822918987593805
    efficiency: 0.954136
    discharge_ratio: 2
    depth_of_discharge: 0.9
  Pb-acid:
    cost: 186.901
    lifetime: 5.88516
    annual_cost: 31.758015075206114
    efficiency: 0.743601
    discharge_ratio: 5
    depth_of_discharge: 0.5
  VRBF:
    cost: 202.229
    lifetime: 17.0341
    annual_cost: 11.872009674711316
    efficiency: 0.697242
    discharge_ratio: 0.5
    depth_of_discharge: 1.0
