cost_values:
  wind_capex: 5000.0
  wind_opex: 100
  wind_lifetime: 20
  solar_capex: 1000.0
  solar_opex: 10
  solar_lifetime: 20
  carbon_price: 1.0
timeseries_values:
  load_level: 229033.60141853383
  wind_year: 2019
  solar_year: 2016
  price_year: 2023
  carbon_year: 2023
storage_values:
  CAES:
    cost: 65.9648
    lifetime: 22.4061
    annual_cost: 2.9440554134811503
    efficiency: 0.571817
    discharge_ratio: 0.1
    depth_of_discharge: 0.4
  Li-ion:
    cost: 179.921
    lifetime: 20.5837
    annual_cost: 8.740945505424195
    efficiency: 0.962198
    discharge_ratio: 2
    depth_of_discharge: 0.9
  Pb-acid:
    cost: 163.833
    lifetime: 5.56851
    annual_cost: 29.42133533027686
    efficiency: 0.732996
    discharge_ratio: 5
    depth_of_discharge: 0.5
  VRBF:
    cost: 265.741
    lifetime: 16.4818
    annual_cost: 16.12329963960247
    efficiency: 0.72283
    discharge_ratio: 0.5
    depth_of_discharge: 1.0
