cost_values:
  wind_capex: 5000.0
  wind_opex: 100
  wind_lifetime: 20
  solar_capex: 1000.0
  solar_opex: 10
  solar_lifetime: 20
  carbon_price: 1.0
timeseries_values:
  load_level: 229033.60141853383
  wind_year: 2019
  solar_year: 2016
  price_year: 2023
  carbon_year: 2023
storage_values:
  CAES:
    cost: 72.1023
    lifetime: 23.1032
    annual_cost: 3.120879358703556
    efficiency: 0.558162
    discharge_ratio: 0.1
    depth_of_discharge: 0.4
  Li-ion:
    cost: 185.703
    lifetime: 18.9918
    annual_cost: 9.778062111016332
    efficiency: 0.961537
    discharge_ratio: 2
    depth_of_discharge: 0.9
  Pb-acid:
    cost: 181.22
    lifetime: 6.14605
    annual_cost: 29.48560457529633
    efficiency: 0.748526
    discharge_ratio: 5
    depth_of_discharge: 0.5
  VRBF:
    cost: 206.988
    lifetime: 16.8862
    annual_cost: 12.257819995025525
    efficiency: 0.723486
    discharge_ratio: 0.5
    depth_of_discharge: 1.0
