cost_values:
  wind_capex: 5000.0
  wind_opex: 100
  wind_lifetime: 20
  solar_capex: 1000.0
  solar_opex: 10
  solar_lifetime: 20
  carbon_price: 1.0
timeseries_values:
  load_level: 229033.60141853383
  wind_year: 2019
  solar_year: 2016
  price_year: 2023
  carbon_year: 2023
storage_values:
  CAES:
    cost: 61.898
    lifetime: 23.7548
    annual_cost: 2.60570495226228
    efficiency: 0.566964
    discharge_ratio: 0.1
    depth_of_discharge: 0.4
  Li-ion:
    cost: 165.117
    lifetime: 20.3643
    annual_cost: 8.108159868004302
    efficiency: 0.965036
    discharge_ratio: 2
    depth_of_discharge: 0.9
  Pb-acid:
    cost: 179.77
    lifetime: 6.31562
    annual_cost: 28.4643471266479
    efficiency: 0.744176
    discharge_ratio: 5
    depth_of_discharge: 0.5
  VRBF:
    cost: 180.221
    lifetime: 19.3872
    annual_cost: 9.295875629281175
    efficiency: 0.698268
    discharge_ratio: 0.5
    depth_of_discharge: 1.0
