cost_values:
  wind_capex: 5000.0
  wind_opex: 100
  wind_lifetime: 20
  solar_capex: 1000.0
  solar_opex: 10
  solar_lifetime: 20
  carbon_price: 1.0
timeseries_values:
  load_level: 227636.39191827484
  wind_year: 2016
  solar_year: 2011
  price_year: 2023
  carbon_year: 2023
storage_values:
  CAES:
    cost: 70.8168
    lifetime: 28.9853
    annual_cost: 2.4431970688590425
    efficiency: 0.605682
    discharge_ratio: 0.1
    depth_of_discharge: 0.4
  Li-ion:
    cost: 169.35
    lifetime: 13.3096
    annual_cost: 12.723898539400132
    efficiency: 0.926649
    discharge_ratio: 2
    depth_of_discharge: 0.9
  Pb-acid:
    cost: 161.709
    lifetime: 10.757
    annual_cost: 15.03290880356977
    efficiency: 0.71456
    discharge_ratio: 5
    depth_of_discharge: 0.5
  VRBF:
    cost: 132.228
    lifetime: 25.656
    annual_cost: 5.1538821328344255
    efficiency: 0.740428
    discharge_ratio: 0.5
    depth_of_discharge: 1.0
