cost_values:
  wind_capex: 5000.0
  wind_opex: 100
  wind_lifetime: 20
  solar_capex: 1000.0
  solar_opex: 10
  solar_lifetime: 20
  carbon_price: 1.0
timeseries_values:
  load_level: 227636.39191827484
  wind_year: 2016
  solar_year: 2011
  price_year: 2023
  carbon_year: 2023
storage_values:
  CAES:
    cost: 60.7013
    lifetime: 29.1244
    annual_cost: 2.084207743335485
    efficiency: 0.608952
    discharge_ratio: 0.1
    depth_of_discharge: 0.4
  Li-ion:
    cost: 158.409
    lifetime: 15.3498
    annual_cost: 10.319939022006801
    efficiency: 0.917517
    discharge_ratio: 2
    depth_of_discharge: 0.9
  Pb-acid:
    cost: 138.032
    lifetime: 9.503
    annual_cost: 14.525097337682839
    efficiency: 0.691867
    discharge_ratio: 5
    depth_of_discharge: 0.5
  VRBF:
    cost: 151.725
    lifetime: 25.9756
    annual_cost: 5.841058531852969
    efficiency: 0.716104
    discharge_ratio: 0.5
    depth_of_discharge: 1.0
