cost_values:
  wind_capex: 5000.0
  wind_opex: 100
  wind_lifetime: 20
  solar_capex: 1000.0
  solar_opex: 10
  solar_lifetime: 20
  carbon_price: 1.0
timeseries_values:
  load_level: 227636.39191827484
  wind_year: 2016
  solar_year: 2011
  price_year: 2023
  carbon_year: 2023
storage_values:
  CAES:
    cost: 61.0532
    lifetime: 29.2959
    annual_cost: 2.0840185828051023
    efficiency: 0.602407
    discharge_ratio: 0.1
    depth_of_discharge: 0.4
  Li-ion:
    cost: 183.739
    lifetime: 14.1571
    annual_cost: 12.978576120815704
    efficiency: 0.924021
    discharge_ratio: 2
    depth_of_discharge: 0.9
  Pb-acid:
    cost: 129.468
    lifetime: 11.0078
    annual_cost: 11.761478224531695
    efficiency: 0.703606
    discharge_ratio: 5
    depth_of_discharge: 0.5
  VRBF:
    cost: 165.312
    lifetime: 25.2044
    annual_cost: 6.558854803129613
    efficiency: 0.73748
    discharge_ratio: 0.5
    depth_of_discharge: 1.0
