cost_values:
  wind_capex: 5000.0
  wind_opex: 100
  wind_lifetime: 20
  solar_capex: 1000.0
  solar_opex: 10
  solar_lifetime: 20
  carbon_price: 1.0
timeseries_values:
  load_level: 227636.39191827484
  wind_year: 2016
  solar_year: 2011
  price_year: 2023
  carbon_year: 2023
storage_values:
  CAES:
    cost: 62.055
    lifetime: 27.7936
    annual_cost: 2.2327082493811523
    efficiency: 0.615051
    discharge_ratio: 0.1
    depth_of_discharge: 0.4
  Li-ion:
    cost: 151.832
    lifetime: 13.7615
    annual_cost: 11.033099589434292
    efficiency: 0.919726
    discharge_ratio: 2
    depth_of_discharge: 0.9
  Pb-acid:
    cost: 154.773
    lifetime: 9.2971
    annual_cost: 16.64744920459068
    efficiency: 0.710964
    discharge_ratio: 5
    depth_of_discharge: 0.5
  VRBF:
    cost: 126.059
    lifetime: 27.3781
    annual_cost: 4.604373568655239
    efficiency: 0.75285
    discharge_ratio: 0.5
    depth_of_discharge: 1.0
