cost_values:
  wind_capex: 5000.0
  wind_opex: 100
  wind_lifetime: 20
  solar_capex: 1000.0
  solar_opex: 10
  solar_lifetime: 20
  carbon_price: 1.0
timeseries_values:
  load_level: 227636.39191827484
  wind_year: 2016
  solar_year: 2011
  price_year: 2023
  carbon_year: 2023
storage_values:
  CAES:
    cost: 64.1664
    lifetime: 29.046
    annual_cost: 2.2091303449700472
    efficiency: 0.607114
    discharge_ratio: 0.1
    depth_of_discharge: 0.4
  Li-ion:
    cost: 159.06
    lifetime: 13.4897
    annual_cost: 11.791218485214646
    efficiency: 0.922022
    discharge_ratio: 2
    depth_of_discharge: 0.9
  Pb-acid:
    cost: 156.915
    lifetime: 10.2287
    annual_cost: 15.340659125793112
    efficiency: 0.712538
    discharge_ratio: 5
    depth_of_discharge: 0.5
  VRBF:
    cost: 127.185
    lifetime: 28.0134
    annual_cost: 4.54014864314935
    efficiency: 0.729998
    discharge_ratio: 0.5
    depth_of_discharge: 1.0
