cost_values:
  wind_capex: 5000.0
  wind_opex: 100
  wind_lifetime: 20
  solar_capex: 1000.0
  solar_opex: 10
  solar_lifetime: 20
  carbon_price: 1.0
timeseries_values:
  load_level: 227636.39191827484
  wind_year: 2016
  solar_year: 2011
  price_year: 2023
  carbon_year: 2023
storage_values:
  CAES:
    cost: 66.8249
    lifetime: 28.6938
    annual_cost: 2.3288968348563106
    efficiency: 0.61467
    discharge_ratio: 0.1
    depth_of_discharge: 0.4
  Li-ion:
    cost: 170.73
    lifetime: 11.9171
    annual_cost: 14.326472044373212
    efficiency: 0.927375
    discharge_ratio: 2
    depth_of_discharge: 0.9
  Pb-acid:
    cost: 166.516
    lifetime: 10.8596
    annual_cost: 15.333529780102397
    efficiency: 0.703315
    discharge_ratio: 5
    depth_of_discharge: 0.5
  VRBF:
    cost: 125.703
    lifetime: 27.1108
    annual_cost: 4.636639272909689
    efficiency: 0.731995
    discharge_ratio: 0.5
    depth_of_discharge: 1.0
