cost_values:
  wind_capex: 5000.0
  wind_opex: 100
  wind_lifetime: 20
  solar_capex: 1000.0
  solar_opex: 10
  solar_lifetime: 20
  carbon_price: 1.0
timeseries_values:
  load_level: 227636.39191827484
  wind_year: 2016
  solar_year: 2011
  price_year: 2023
  carbon_year: 2023
storage_values:
  CAES:
    cost: 59.7514
    lifetime: 29.1088
    annual_cost: 2.0526919694387953
    efficiency: 0.611581
    discharge_ratio: 0.1
    depth_of_discharge: 0.4
  Li-ion:
    cost: 164.273
    lifetime: 15.0702
    annual_cost: 10.900518904858595
    efficiency: 0.91688
    discharge_ratio: 2
    depth_of_discharge: 0.9
  Pb-acid:
    cost: 150.396
    lifetime: 9.11154
    annual_cost: 16.506101054267443
    efficiency: 0.705952
    discharge_ratio: 5
    depth_of_discharge: 0.5
  VRBF:
    cost: 155.017
    lifetime: 26.7953
    annual_cost: 5.785230992002329
    efficiency: 0.751945
    discharge_ratio: 0.5
    depth_of_discharge: 1.0
