cost_values:
  wind_capex: 5000.0
  wind_opex: 100
  wind_lifetime: 20
  solar_capex: 1000.0
  solar_opex: 10
  solar_lifetime: 20
  carbon_price: 1.0
timeseries_values:
  load_level: 227636.39191827484
  wind_year: 2016
  solar_year: 2011
  price_year: 2023
  carbon_year: 2023
storage_values:
  CAES:
    cost: 65.1321
    lifetime: 28.7133
    annual_cost: 2.268359958625445
    efficiency: 0.616003
    discharge_ratio: 0.1
    depth_of_discharge: 0.4
  Li-ion:
    cost: 152.114
    lifetime: 16.0405
    annual_cost: 9.483120850347557
    efficiency: 0.936966
    discharge_ratio: 2
    depth_of_discharge: 0.9
  Pb-acid:
    cost: 149.849
    lifetime: 10.9906
    annual_cost: 13.634287482030096
    efficiency: 0.699964
    discharge_ratio: 5
    depth_of_discharge: 0.5
  VRBF:
    cost: 137.189
    lifetime: 25.6752
    annual_cost: 5.343249517043684
    efficiency: 0.727551
    discharge_ratio: 0.5
    depth_of_discharge: 1.0
