cost_values:
  wind_capex: 5000.0
  wind_opex: 100
  wind_lifetime: 20
  solar_capex: 1000.0
  solar_opex: 10
  solar_lifetime: 20
  carbon_price: 1.0
timeseries_values:
  load_level: 227636.39191827484
  wind_year: 2016
  solar_year: 2011
  price_year: 2023
  carbon_year: 2023
storage_values:
  CAES:
    cost: 69.5805
    lifetime: 28.526
    annual_cost: 2.439195821355956
    efficiency: 0.616524
    discharge_ratio: 0.1
    depth_of_discharge: 0.4
  Li-ion:
    cost: 172.201
    lifetime: 13.7259
    annual_cost: 12.545698278437115
    efficiency: 0.928721
    discharge_ratio: 2
    depth_of_discharge: 0.9
  Pb-acid:
    cost: 152.052
    lifetime: 9.62761
    annual_cost: 15.793327731389201
    efficiency: 0.695374
    discharge_ratio: 5
    depth_of_discharge: 0.5
  VRBF:
    cost: 133.664
    lifetime: 26.0344
    annual_cost: 5.134130227698736
    efficiency: 0.729891
    discharge_ratio: 0.5
    depth_of_discharge: 1.0
