cost_values:
  wind_capex: 5000.0
  wind_opex: 100
  wind_lifetime: 20
  solar_capex: 1000.0
  solar_opex: 10
  solar_lifetime: 20
  carbon_price: 1.0
timeseries_values:
  load_level: 227636.39191827484
  wind_year: 2016
  solar_year: 2011
  price_year: 2023
  carbon_year: 2023
storage_values:
  CAES:
    cost: 64.6687
    lifetime: 28.2413
    annual_cost: 2.289862718784192
    efficiency: 0.612591
    discharge_ratio: 0.1
    depth_of_discharge: 0.4
  Li-ion:
    cost: 178.65
    lifetime: 13.228
    annual_cost: 13.505442999697612
    efficiency: 0.93131
    discharge_ratio: 2
    depth_of_discharge: 0.9
  Pb-acid:
    cost: 152.142
    lifetime: 9.58319
    annual_cost: 15.875924405130233
    efficiency: 0.704526
    discharge_ratio: 5
    depth_of_discharge: 0.5
  VRBF:
    cost: 144.756
    lifetime: 24.8675
    annual_cost: 5.821091786468282
    efficiency: 0.727492
    discharge_ratio: 0.5
    depth_of_discharge: 1.0
