cost_values:
  wind_capex: 5000.0
  wind_opex: 100
  wind_lifetime: 20
  solar_capex: 1000.0
  solar_opex: 10
  solar_lifetime: 20
  carbon_price: 1.0
timeseries_values:
  load_level: 227636.39191827484
  wind_year: 2016
  solar_year: 2011
  price_year: 2023
  carbon_year: 2023
storage_values:
  CAES:
    cost: 60.5524
    lifetime: 29.4964
    annual_cost: 2.052874249060902
    efficiency: 0.616756
    discharge_ratio: 0.1
    depth_of_discharge: 0.4
  Li-ion:
    cost: 158.172
    lifetime: 13.7768
    annual_cost: 11.481040589977352
    efficiency: 0.920522
    discharge_ratio: 2
    depth_of_discharge: 0.9
  Pb-acid:
    cost: 155.602
    lifetime: 10.252
    annual_cost: 15.17772142021069
    efficiency: 0.709715
    discharge_ratio: 5
    depth_of_discharge: 0.5
  VRBF:
    cost: 132.88
    lifetime: 24.2944
    annual_cost: 5.4695732349841935
    efficiency: 0.711346
    discharge_ratio: 0.5
    depth_of_discharge: 1.0
