cost_values:
  wind_capex: 5000.0
  wind_opex: 100
  wind_lifetime: 20
  solar_capex: 1000.0
  solar_opex: 10
  solar_lifetime: 20
  carbon_price: 1.0
timeseries_values:
  load_level: 227636.39191827484
  wind_year: 2016
  solar_year: 2011
  price_year: 2023
  carbon_year: 2023
storage_values:
  CAES:
    cost: 66.667
    lifetime: 28.5451
    annual_cost: 2.3354971606335235
    efficiency: 0.611058
    discharge_ratio: 0.1
    depth_of_discharge: 0.4
  Li-ion:
    cost: 156.557
    lifetime: 16.7017
    annual_cost: 9.373716448026249
    efficiency: 0.934679
    discharge_ratio: 2
    depth_of_discharge: 0.9
  Pb-acid:
    cost: 160.226
    lifetime: 9.93299
    annual_cost: 16.130691765520755
    efficiency: 0.701071
    discharge_ratio: 5
    depth_of_discharge: 0.5
  VRBF:
    cost: 100.742
    lifetime: 25.8095
    annual_cost: 3.9032914237005754
    efficiency: 0.737639
    discharge_ratio: 0.5
    depth_of_discharge: 1.0
