cost_values:
  wind_capex: 5000.0
  wind_opex: 100
  wind_lifetime: 20
  solar_capex: 1000.0
  solar_opex: 10
  solar_lifetime: 20
  carbon_price: 1.0
timeseries_values:
  load_level: 227636.39191827484
  wind_year: 2016
  solar_year: 2011
  price_year: 2023
  carbon_year: 2023
storage_values:
  CAES:
    cost: 68.4939
    lifetime: 28.8468
    annual_cost: 2.3744020133948998
    efficiency: 0.604405
    discharge_ratio: 0.1
    depth_of_discharge: 0.4
  Li-ion:
    cost: 176.215
    lifetime: 16.0534
    annual_cost: 10.976802421916853
    efficiency: 0.933653
    discharge_ratio: 2
    depth_of_discharge: 0.9
  Pb-acid:
    cost: 139.352
    lifetime: 12.0817
    annual_cost: 11.534138407674417
    efficiency: 0.695033
    discharge_ratio: 5
    depth_of_discharge: 0.5
  VRBF:
    cost: 124.755
    lifetime: 26.0854
    annual_cost: 4.78256035943478
    efficiency: 0.722937
    discharge_ratio: 0.5
    depth_of_discharge: 1.0
