cost_values:
  wind_capex: 5000.0
  wind_opex: 100
  wind_lifetime: 20
  solar_capex: 1000.0
  solar_opex: 10
  solar_lifetime: 20
  carbon_price: 1.0
timeseries_values:
  load_level: 227636.39191827484
  wind_year: 2016
  solar_year: 2011
  price_year: 2023
  carbon_year: 2023
storage_values:
  CAES:
    cost: 65.0898
    lifetime: 28.7335
    annual_cost: 2.2652931247498564
    efficiency: 0.607235
    discharge_ratio: 0.1
    depth_of_discharge: 0.4
  Li-ion:
    cost: 177.88
    lifetime: 15.8026
    annual_cost: 11.256375533140115
    efficiency: 0.927927
    discharge_ratio: 2
    depth_of_discharge: 0.9
  Pb-acid:
    cost: 143.843
    lifetime: 10.7133
    annual_cost: 13.426581912202588
    efficiency: 0.691182
    discharge_ratio: 5
    depth_of_discharge: 0.5
  VRBF:
    cost: 140.862
    lifetime: 24.3439
    annual_cost: 5.786336618208257
    efficiency: 0.748152
    discharge_ratio: 0.5
    depth_of_discharge: 1.0
