cost_values:
  wind_capex: 5000.0
  wind_opex: 100
  wind_lifetime: 20
  solar_capex: 1000.0
  solar_opex: 10
  solar_lifetime: 20
  carbon_price: 1.0
timeseries_values:
  load_level: 227636.39191827484
  wind_year: 2016
  solar_year: 2011
  price_year: 2023
  carbon_year: 2023
storage_values:
  CAES:
    cost: 65.1636
    lifetime: 28.4331
    annual_cost: 2.2918218555134686
    efficiency: 0.613833
    discharge_ratio: 0.1
    depth_of_discharge: 0.4
  Li-ion:
    cost: 158.93
    lifetime: 14.6517
    annual_cost: 10.847205443736904
    efficiency: 0.932166
    discharge_ratio: 2
    depth_of_discharge: 0.9
  Pb-acid:
    cost: 159.463
    lifetime: 10.7837
    annual_cost: 14.787410629004887
    efficiency: 0.705058
    discharge_ratio: 5
    depth_of_discharge: 0.5
  VRBF:
    cost: 115.252
    lifetime: 26.0754
    annual_cost: 4.419951371791037
    efficiency: 0.731694
    discharge_ratio: 0.5
    depth_of_discharge: 1.0
