cost_values:
  wind_capex: 5000.0
  wind_opex: 100
  wind_lifetime: 20
  solar_capex: 1000.0
  solar_opex: 10
  solar_lifetime: 20
  carbon_price: 1.0
timeseries_values:
  load_level: 227636.39191827484
  wind_year: 2016
  solar_year: 2011
  price_year: 2023
  carbon_year: 2023
storage_values:
  CAES:
    cost: 64.4993
    lifetime: 28.7069
    annual_cost: 2.246822192573911
    efficiency: 0.613315
    discharge_ratio: 0.1
    depth_of_discharge: 0.4
  Li-ion:
    cost: 140.615
    lifetime: 13.9103
    annual_cost: 10.108696433577997
    efficiency: 0.912028
    discharge_ratio: 2
    depth_of_discharge: 0.9
  Pb-acid:
    cost: 162.677
    lifetime: 10.6949
    annual_cost: 15.210707907507315
    efficiency: 0.687462
    discharge_ratio: 5
    depth_of_discharge: 0.5
  VRBF:
    cost: 157.123
    lifetime: 23.8972
    annual_cost: 6.5749543879617685
    efficiency: 0.731796
    discharge_ratio: 0.5
    depth_of_discharge: 1.0
