cost_values:
  wind_capex: 5000.0
  wind_opex: 100
  wind_lifetime: 20
  solar_capex: 1000.0
  solar_opex: 10
  solar_lifetime: 20
  carbon_price: 1.0
timeseries_values:
  load_level: 227636.39191827484
  wind_year: 2016
  solar_year: 2011
  price_year: 2023
  carbon_year: 2023
storage_values:
  CAES:
    cost: 61.9338
    lifetime: 28.777
    annual_cost: 2.152197935851548
    efficiency: 0.614391
    discharge_ratio: 0.1
    depth_of_discharge: 0.4
  Li-ion:
    cost: 169.675
    lifetime: 13.902
    annual_cost: 12.205078405984752
    efficiency: 0.930373
    discharge_ratio: 2
    depth_of_discharge: 0.9
  Pb-acid:
    cost: 148.081
    lifetime: 11.6984
    annual_cost: 12.658226766053478
    efficiency: 0.703016
    discharge_ratio: 5
    depth_of_discharge: 0.5
  VRBF:
    cost: 112.243
    lifetime: 27.2432
    annual_cost: 4.12003729370999
    efficiency: 0.728514
    discharge_ratio: 0.5
    depth_of_discharge: 1.0
