cost_values:
  wind_capex: 5000.0
  wind_opex: 100
  wind_lifetime: 20
  solar_capex: 1000.0
  solar_opex: 10
  solar_lifetime: 20
  carbon_price: 1.0
timeseries_values:
  load_level: 227636.39191827484
  wind_year: 2016
  solar_year: 2011
  price_year: 2023
  carbon_year: 2023
storage_values:
  CAES:
    cost: 60.2149
    lifetime: 27.587
    annual_cost: 2.182727371588067
    efficiency: 0.609012
    discharge_ratio: 0.1
    depth_of_discharge: 0.4
  Li-ion:
    cost: 161.485
    lifetime: 13.4285
    annual_cost: 12.025542689056858
    efficiency: 0.923401
    discharge_ratio: 2
    depth_of_discharge: 0.9
  Pb-acid:
    cost: 167.838
    lifetime: 8.33176
    annual_cost: 20.144363255782693
    efficiency: 0.698496
    discharge_ratio: 5
    depth_of_discharge: 0.5
  VRBF:
    cost: 138.726
    lifetime: 25.8321
    annual_cost: 5.370295097959516
    efficiency: 0.712467
    discharge_ratio: 0.5
    depth_of_discharge: 1.0
