cost_values:
  wind_capex: 5000.0
  wind_opex: 100
  wind_lifetime: 20
  solar_capex: 1000.0
  solar_opex: 10
  solar_lifetime: 20
  carbon_price: 1.0
timeseries_values:
  load_level: 227636.39191827484
  wind_year: 2016
  solar_year: 2011
  price_year: 2023
  carbon_year: 2023
storage_values:
  CAES:
    cost: 65.8754
    lifetime: 28.8286
    annual_cost: 2.28507107525166
    efficiency: 0.614789
    discharge_ratio: 0.1
    depth_of_discharge: 0.4
  Li-ion:
    cost: 171.04
    lifetime: 15.4808
    annual_cost: 11.048524624050437
    efficiency: 0.944959
    discharge_ratio: 2
    depth_of_discharge: 0.9
  Pb-acid:
    cost: 155.15
    lifetime: 9.90025
    annual_cost: 15.671321431276988
    efficiency: 0.709019
    discharge_ratio: 5
    depth_of_discharge: 0.5
  VRBF:
    cost: 143.412
    lifetime: 23.8636
    annual_cost: 6.009654871855043
    efficiency: 0.731524
    discharge_ratio: 0.5
    depth_of_discharge: 1.0
