cost_values:
  wind_capex: 5000.0
  wind_opex: 100
  wind_lifetime: 20
  solar_capex: 1000.0
  solar_opex: 10
  solar_lifetime: 20
  carbon_price: 1.0
timeseries_values:
  load_level: 227636.39191827484
  wind_year: 2016
  solar_year: 2011
  price_year: 2023
  carbon_year: 2023
storage_values:
  CAES:
    cost: 69.66
    lifetime: 27.5668
    annual_cost: 2.5269527112323518
    efficiency: 0.610198
    discharge_ratio: 0.1
    depth_of_discharge: 0.4
  Li-ion:
    cost: 168.187
    lifetime: 14.8475
    annual_cost: 11.327630914295337
    efficiency: 0.921047
    discharge_ratio: 2
    depth_of_discharge: 0.9
  Pb-acid:
    cost: 146.734
    lifetime: 9.52915
    annual_cost: 15.398435327390168
    efficiency: 0.715026
    discharge_ratio: 5
    depth_of_discharge: 0.5
  VRBF:
    cost: 120.274
    lifetime: 25.2475
    annual_cost: 4.76379839588078
    efficiency: 0.734557
    discharge_ratio: 0.5
    depth_of_discharge: 1.0
