cost_values:
  wind_capex: 5000.0
  wind_opex: 100
  wind_lifetime: 20
  solar_capex: 1000.0
  solar_opex: 10
  solar_lifetime: 20
  carbon_price: 1.0
timeseries_values:
  load_level: 227636.39191827484
  wind_year: 2016
  solar_year: 2011
  price_year: 2023
  carbon_year: 2023
storage_values:
  CAES:
    cost: 66.2165
    lifetime: 29.1758
    annual_cost: 2.269569300584731
    efficiency: 0.609054
    discharge_ratio: 0.1
    depth_of_discharge: 0.4
  Li-ion:
    cost: 171.449
    lifetime: 13.8933
    annual_cost: 12.340408686201263
    efficiency: 0.941633
    discharge_ratio: 2
    depth_of_discharge: 0.9
  Pb-acid:
    cost: 150.797
    lifetime: 8.7219
    annual_cost: 17.28946674463133
    efficiency: 0.699127
    discharge_ratio: 5
    depth_of_discharge: 0.5
  VRBF:
    cost: 186.849
    lifetime: 26.0992
    annual_cost: 7.159184955860716
    efficiency: 0.731525
    discharge_ratio: 0.5
    depth_of_discharge: 1.0
