cost_values:
  wind_capex: 5000.0
  wind_opex: 100
  wind_lifetime: 20
  solar_capex: 1000.0
  solar_opex: 10
  solar_lifetime: 20
  carbon_price: 1.0
timeseries_values:
  load_level: 227636.39191827484
  wind_year: 2016
  solar_year: 2011
  price_year: 2023
  carbon_year: 2023
storage_values:
  CAES:
    cost: 66.3604
    lifetime: 28.5573
    annual_cost: 2.323763100853372
    efficiency: 0.620438
    discharge_ratio: 0.1
    depth_of_discharge: 0.4
  Li-ion:
    cost: 168.317
    lifetime: 13.8485
    annual_cost: 12.154168321478862
    efficiency: 0.9316
    discharge_ratio: 2
    depth_of_discharge: 0.9
  Pb-acid:
    cost: 186.936
    lifetime: 8.94647
    annual_cost: 20.894945157140192
    efficiency: 0.71688
    discharge_ratio: 5
    depth_of_discharge: 0.5
  VRBF:
    cost: 158.704
    lifetime: 26.4612
    annual_cost: 5.997611597357641
    efficiency: 0.734078
    discharge_ratio: 0.5
    depth_of_discharge: 1.0
