cost_values:
  wind_capex: 5000.0
  wind_opex: 100
  wind_lifetime: 20
  solar_capex: 1000.0
  solar_opex: 10
  solar_lifetime: 20
  carbon_price: 1.0
timeseries_values:
  load_level: 227636.39191827484
  wind_year: 2016
  solar_year: 2011
  price_year: 2023
  carbon_year: 2023
storage_values:
  CAES:
    cost: 58.829
    lifetime: 28.0681
    annual_cost: 2.0959380934227823
    efficiency: 0.615045
    discharge_ratio: 0.1
    depth_of_discharge: 0.4
  Li-ion:
    cost: 168.315
    lifetime: 14.6578
    annual_cost: 11.482964701387656
    efficiency: 0.931744
    discharge_ratio: 2
    depth_of_discharge: 0.9
  Pb-acid:
    cost: 148.404
    lifetime: 10.4267
    annual_cost: 14.233074702446602
    efficiency: 0.704917
    discharge_ratio: 5
    depth_of_discharge: 0.5
  VRBF:
    cost: 117.543
    lifetime: 25.9854
    annual_cost: 4.5234246923272305
    efficiency: 0.720189
    discharge_ratio: 0.5
    depth_of_discharge: 1.0
