cost_values:
  wind_capex: 5000.0
  wind_opex: 100
  wind_lifetime: 20
  solar_capex: 1000.0
  solar_opex: 10
  solar_lifetime: 20
  carbon_price: 1.0
timeseries_values:
  load_level: 227636.39191827484
  wind_year: 2016
  solar_year: 2011
  price_year: 2023
  carbon_year: 2023
storage_values:
  CAES:
    cost: 61.1276
    lifetime: 28.2422
    annual_cost: 2.1644064555877374
    efficiency: 0.614263
    discharge_ratio: 0.1
    depth_of_discharge: 0.4
  Li-ion:
    cost: 178.207
    lifetime: 13.4565
    annual_cost: 13.243191022925723
    efficiency: 0.924029
    discharge_ratio: 2
    depth_of_discharge: 0.9
  Pb-acid:
    cost: 155.259
    lifetime: 9.60834
    annual_cost: 16.158774564597003
    efficiency: 0.704223
    discharge_ratio: 5
    depth_of_discharge: 0.5
  VRBF:
    cost: 147.665
    lifetime: 27.0846
    annual_cost: 5.451991168413047
    efficiency: 0.724212
    discharge_ratio: 0.5
    depth_of_discharge: 1.0
