cost_values:
  wind_capex: 5000.0
  wind_opex: 100
  wind_lifetime: 20
  solar_capex: 1000.0
  solar_opex: 10
  solar_lifetime: 20
  carbon_price: 1.0
timeseries_values:
  load_level: 227636.39191827484
  wind_year: 2016
  solar_year: 2011
  price_year: 2023
  carbon_year: 2023
storage_values:
  CAES:
    cost: 65.5512
    lifetime: 29.2901
    annual_cost: 2.237998504614187
    efficiency: 0.615329
    discharge_ratio: 0.1
    depth_of_discharge: 0.4
  Li-ion:
    cost: 147.15
    lifetime: 14.4035
    annual_cost: 10.216266879577882
    efficiency: 0.932733
    discharge_ratio: 2
    depth_of_discharge: 0.9
  Pb-acid:
    cost: 163.71
    lifetime: 10.527
    annual_cost: 15.551439156454832
    efficiency: 0.703419
    discharge_ratio: 5
    depth_of_discharge: 0.5
  VRBF:
    cost: 121.914
    lifetime: 25.1514
    annual_cost: 4.847205324554499
    efficiency: 0.726206
    discharge_ratio: 0.5
    depth_of_discharge: 1.0
