cost_values:
  wind_capex: 5000.0
  wind_opex: 100
  wind_lifetime: 20
  solar_capex: 1000.0
  solar_opex: 10
  solar_lifetime: 20
  carbon_price: 1.0
timeseries_values:
  load_level: 227636.39191827484
  wind_year: 2016
  solar_year: 2011
  price_year: 2023
  carbon_year: 2023
storage_values:
  CAES:
    cost: 61.1141
    lifetime: 28.942
    annual_cost: 2.111605970561813
    efficiency: 0.604237
    discharge_ratio: 0.1
    depth_of_discharge: 0.4
  Li-ion:
    cost: 185.433
    lifetime: 14.0349
    annual_cost: 13.21227796421777
    efficiency: 0.926875
    discharge_ratio: 2
    depth_of_discharge: 0.9
  Pb-acid:
    cost: 145.4
    lifetime: 9.99349
    annual_cost: 14.54947170608066
    efficiency: 0.714181
    discharge_ratio: 5
    depth_of_discharge: 0.5
  VRBF:
    cost: 123.302
    lifetime: 27.0124
    annual_cost: 4.564644385541455
    efficiency: 0.733675
    discharge_ratio: 0.5
    depth_of_discharge: 1.0
