cost_values:
  wind_capex: 5000.0
  wind_opex: 100
  wind_lifetime: 20
  solar_capex: 1000.0
  solar_opex: 10
  solar_lifetime: 20
  carbon_price: 1.0
timeseries_values:
  load_level: 227636.39191827484
  wind_year: 2016
  solar_year: 2011
  price_year: 2023
  carbon_year: 2023
storage_values:
  CAES:
    cost: 72.5954
    lifetime: 28.3656
    annual_cost: 2.5592760244803565
    efficiency: 0.623784
    discharge_ratio: 0.1
    depth_of_discharge: 0.4
  Li-ion:
    cost: 176.581
    lifetime: 14.1505
    annual_cost: 12.47878166849228
    efficiency: 0.92502
    discharge_ratio: 2
    depth_of_discharge: 0.9
  Pb-acid:
    cost: 180.167
    lifetime: 10.094
    annual_cost: 17.848920150584508
    efficiency: 0.701615
    discharge_ratio: 5
    depth_of_discharge: 0.5
  VRBF:
    cost: 147.68
    lifetime: 27.8777
    annual_cost: 5.2974241060058755
    efficiency: 0.741866
    discharge_ratio: 0.5
    depth_of_discharge: 1.0
