cost_values:
  wind_capex: 5000.0
  wind_opex: 100
  wind_lifetime: 20
  solar_capex: 1000.0
  solar_opex: 10
  solar_lifetime: 20
  carbon_price: 1.0
timeseries_values:
  load_level: 227636.39191827484
  wind_year: 2016
  solar_year: 2011
  price_year: 2023
  carbon_year: 2023
storage_values:
  CAES:
    cost: 64.7045
    lifetime: 28.8337
    annual_cost: 2.2440581680464176
    efficiency: 0.614928
    discharge_ratio: 0.1
    depth_of_discharge: 0.4
  Li-ion:
    cost: 159.44
    lifetime: 14.0885
    annual_cost: 11.317031621535294
    efficiency: 0.927656
    discharge_ratio: 2
    depth_of_discharge: 0.9
  Pb-acid:
    cost: 157.64
    lifetime: 9.07699
    annual_cost: 17.366990599306597
    efficiency: 0.698777
    discharge_ratio: 5
    depth_of_discharge: 0.5
  VRBF:
    cost: 103.162
    lifetime: 26.0037
    annual_cost: 3.967204667028154
    efficiency: 0.740874
    discharge_ratio: 0.5
    depth_of_discharge: 1.0
