cost_values:
  wind_capex: 5000.0
  wind_opex: 100
  wind_lifetime: 20
  solar_capex: 1000.0
  solar_opex: 10
  solar_lifetime: 20
  carbon_price: 1.0
timeseries_values:
  load_level: 227636.39191827484
  wind_year: 2016
  solar_year: 2011
  price_year: 2023
  carbon_year: 2023
storage_values:
  CAES:
    cost: 64.6921
    lifetime: 29.0536
    annual_cost: 2.226646611779607
    efficiency: 0.609798
    discharge_ratio: 0.1
    depth_of_discharge: 0.4
  Li-ion:
    cost: 186.749
    lifetime: 14.342
    annual_cost: 13.02112676056338
    efficiency: 0.915849
    discharge_ratio: 2
    depth_of_discharge: 0.9
  Pb-acid:
    cost: 155.839
    lifetime: 9.24242
    annual_cost: 16.861276592061387
    efficiency: 0.695679
    discharge_ratio: 5
    depth_of_discharge: 0.5
  VRBF:
    cost: 110.988
    lifetime: 25.2474
    annual_cost: 4.396017015613489
    efficiency: 0.73384
    discharge_ratio: 0.5
    depth_of_discharge: 1.0
