cost_values:
  wind_capex: 5000.0
  wind_opex: 100
  wind_lifetime: 20
  solar_capex: 1000.0
  solar_opex: 10
  solar_lifetime: 20
  carbon_price: 1.0
timeseries_values:
  load_level: 227636.39191827484
  wind_year: 2016
  solar_year: 2011
  price_year: 2023
  carbon_year: 2023
storage_values:
  CAES:
    cost: 64.7352
    lifetime: 27.5914
    annual_cost: 2.346209326094363
    efficiency: 0.6164
    discharge_ratio: 0.1
    depth_of_discharge: 0.4
  Li-ion:
    cost: 177.174
    lifetime: 13.6805
    annual_cost: 12.9508424399693
    efficiency: 0.931527
    discharge_ratio: 2
    depth_of_discharge: 0.9
  Pb-acid:
    cost: 166.052
    lifetime: 8.45755
    annual_cost: 19.633581829253153
    efficiency: 0.695218
    discharge_ratio: 5
    depth_of_discharge: 0.5
  VRBF:
    cost: 103.821
    lifetime: 24.9058
    annual_cost: 4.168547085417854
    efficiency: 0.745124
    discharge_ratio: 0.5
    depth_of_discharge: 1.0
