cost_values:
  wind_capex: 5000.0
  wind_opex: 100
  wind_lifetime: 20
  solar_capex: 1000.0
  solar_opex: 10
  solar_lifetime: 20
  carbon_price: 1.0
timeseries_values:
  load_level: 227636.39191827484
  wind_year: 2016
  solar_year: 2011
  price_year: 2023
  carbon_year: 2023
storage_values:
  CAES:
    cost: 63.7623
    lifetime: 28.9748
    annual_cost: 2.2006122561674286
    efficiency: 0.615079
    discharge_ratio: 0.1
    depth_of_discharge: 0.4
  Li-ion:
    cost: 172.644
    lifetime: 15.7088
    annual_cost: 10.990272968017926
    efficiency: 0.938996
    discharge_ratio: 2
    depth_of_discharge: 0.9
  Pb-acid:
    cost: 168.312
    lifetime: 11.4476
    annual_cost: 14.702819805024635
    efficiency: 0.701781
    discharge_ratio: 5
    depth_of_discharge: 0.5
  VRBF:
    cost: 124.841
    lifetime: 26.1144
    annual_cost: 4.78054253591888
    efficiency: 0.743487
    discharge_ratio: 0.5
    depth_of_discharge: 1.0
