cost_values:
  wind_capex: 5000.0
  wind_opex: 100
  wind_lifetime: 20
  solar_capex: 1000.0
  solar_opex: 10
  solar_lifetime: 20
  carbon_price: 1.0
timeseries_values:
  load_level: 227636.39191827484
  wind_year: 2016
  solar_year: 2011
  price_year: 2023
  carbon_year: 2023
storage_values:
  CAES:
    cost: 67.3687
    lifetime: 28.6132
    annual_cost: 2.3544622761522658
    efficiency: 0.617039
    discharge_ratio: 0.1
    depth_of_discharge: 0.4
  Li-ion:
    cost: 146.326
    lifetime: 13.6564
    annual_cost: 10.714829676928034
    efficiency: 0.927124
    discharge_ratio: 2
    depth_of_discharge: 0.9
  Pb-acid:
    cost: 175.339
    lifetime: 10.2222
    annual_cost: 17.152765549490322
    efficiency: 0.718455
    discharge_ratio: 5
    depth_of_discharge: 0.5
  VRBF:
    cost: 186.282
    lifetime: 26.0879
    annual_cost: 7.14055175004504
    efficiency: 0.75567
    discharge_ratio: 0.5
    depth_of_discharge: 1.0
