cost_values:
  wind_capex: 5000.0
  wind_opex: 100
  wind_lifetime: 20
  solar_capex: 1000.0
  solar_opex: 10
  solar_lifetime: 20
  carbon_price: 1.0
timeseries_values:
  load_level: 227636.39191827484
  wind_year: 2016
  solar_year: 2011
  price_year: 2023
  carbon_year: 2023
storage_values:
  CAES:
    cost: 62.5783
    lifetime: 29.2642
    annual_cost: 2.1383909349990775
    efficiency: 0.614766
    discharge_ratio: 0.1
    depth_of_discharge: 0.4
  Li-ion:
    cost: 186.222
    lifetime: 15.4139
    annual_cost: 12.08143299229916
    efficiency: 0.925774
    discharge_ratio: 2
    depth_of_discharge: 0.9
  Pb-acid:
    cost: 162.357
    lifetime: 8.92275
    annual_cost: 18.195847692695637
    efficiency: 0.708005
    discharge_ratio: 5
    depth_of_discharge: 0.5
  VRBF:
    cost: 136.597
    lifetime: 26.5059
    annual_cost: 5.153456400273147
    efficiency: 0.743459
    discharge_ratio: 0.5
    depth_of_discharge: 1.0
