cost_values:
  wind_capex: 5000.0
  wind_opex: 100
  wind_lifetime: 20
  solar_capex: 1000.0
  solar_opex: 10
  solar_lifetime: 20
  carbon_price: 1.0
timeseries_values:
  load_level: 227636.39191827484
  wind_year: 2016
  solar_year: 2011
  price_year: 2023
  carbon_year: 2023
storage_values:
  CAES:
    cost: 61.8787
    lifetime: 28.8225
    annual_cost: 2.1468887154133056
    efficiency: 0.623085
    discharge_ratio: 0.1
    depth_of_discharge: 0.4
  Li-ion:
    cost: 167.589
    lifetime: 12.4728
    annual_cost: 13.436357513950357
    efficiency: 0.916885
    discharge_ratio: 2
    depth_of_discharge: 0.9
  Pb-acid:
    cost: 138.58
    lifetime: 8.08919
    annual_cost: 17.131505132157855
    efficiency: 0.7009
    discharge_ratio: 5
    depth_of_discharge: 0.5
  VRBF:
    cost: 111.789
    lifetime: 26.6111
    annual_cost: 4.200841002438832
    efficiency: 0.717833
    discharge_ratio: 0.5
    depth_of_discharge: 1.0
