cost_values:
  wind_capex: 5000.0
  wind_opex: 100
  wind_lifetime: 20
  solar_capex: 1000.0
  solar_opex: 10
  solar_lifetime: 20
  carbon_price: 1.0
timeseries_values:
  load_level: 227636.39191827484
  wind_year: 2016
  solar_year: 2011
  price_year: 2023
  carbon_year: 2023
storage_values:
  CAES:
    cost: 59.0651
    lifetime: 27.9608
    annual_cost: 2.1124252524963523
    efficiency: 0.620499
    discharge_ratio: 0.1
    depth_of_discharge: 0.4
  Li-ion:
    cost: 166.602
    lifetime: 13.6234
    annual_cost: 12.22910580325029
    efficiency: 0.939189
    discharge_ratio: 2
    depth_of_discharge: 0.9
  Pb-acid:
    cost: 166.867
    lifetime: 8.42762
    annual_cost: 19.80001471352529
    efficiency: 0.703468
    discharge_ratio: 5
    depth_of_discharge: 0.5
  VRBF:
    cost: 162.42
    lifetime: 27.576
    annual_cost: 5.889904264577893
    efficiency: 0.740573
    discharge_ratio: 0.5
    depth_of_discharge: 1.0
