cost_values:
  wind_capex: 5000.0
  wind_opex: 100
  wind_lifetime: 20
  solar_capex: 1000.0
  solar_opex: 10
  solar_lifetime: 20
  carbon_price: 1.0
timeseries_values:
  load_level: 227636.39191827484
  wind_year: 2016
  solar_year: 2011
  price_year: 2023
  carbon_year: 2023
storage_values:
  CAES:
    cost: 70.0945
    lifetime: 28.4484
    annual_cost: 2.4639171271495055
    efficiency: 0.610143
    discharge_ratio: 0.1
    depth_of_discharge: 0.4
  Li-ion:
    cost: 183.551
    lifetime: 13.1421
    annual_cost: 13.966641556524452
    efficiency: 0.926781
    discharge_ratio: 2
    depth_of_discharge: 0.9
  Pb-acid:
    cost: 161.287
    lifetime: 10.1156
    annual_cost: 15.944382933291154
    efficiency: 0.703338
    discharge_ratio: 5
    depth_of_discharge: 0.5
  VRBF:
    cost: 133.217
    lifetime: 24.3434
    annual_cost: 5.472407305470888
    efficiency: 0.739483
    discharge_ratio: 0.5
    depth_of_discharge: 1.0
