cost_values:
  wind_capex: 5000.0
  wind_opex: 100
  wind_lifetime: 20
  solar_capex: 1000.0
  solar_opex: 10
  solar_lifetime: 20
  carbon_price: 1.0
timeseries_values:
  load_level: 227636.39191827484
  wind_year: 2016
  solar_year: 2011
  price_year: 2023
  carbon_year: 2023
storage_values:
  CAES:
    cost: 56.1081
    lifetime: 28.7866
    annual_cost: 1.9491047918128575
    efficiency: 0.610436
    discharge_ratio: 0.1
    depth_of_discharge: 0.4
  Li-ion:
    cost: 162.44
    lifetime: 15.3179
    annual_cost: 10.604586790617512
    efficiency: 0.930247
    discharge_ratio: 2
    depth_of_discharge: 0.9
  Pb-acid:
    cost: 150.606
    lifetime: 8.5185
    annual_cost: 17.67987321711569
    efficiency: 0.70698
    discharge_ratio: 5
    depth_of_discharge: 0.5
  VRBF:
    cost: 181.08
    lifetime: 27.0175
    annual_cost: 6.70232256870547
    efficiency: 0.749755
    discharge_ratio: 0.5
    depth_of_discharge: 1.0
