cost_values:
  wind_capex: 5000.0
  wind_opex: 100
  wind_lifetime: 20
  solar_capex: 1000.0
  solar_opex: 10
  solar_lifetime: 20
  carbon_price: 1.0
timeseries_values:
  load_level: 227636.39191827484
  wind_year: 2016
  solar_year: 2011
  price_year: 2023
  carbon_year: 2023
storage_values:
  CAES:
    cost: 66.8893
    lifetime: 28.1737
    annual_cost: 2.3741752059544896
    efficiency: 0.6104
    discharge_ratio: 0.1
    depth_of_discharge: 0.4
  Li-ion:
    cost: 151.169
    lifetime: 15.1113
    annual_cost: 10.003705836029992
    efficiency: 0.924836
    discharge_ratio: 2
    depth_of_discharge: 0.9
  Pb-acid:
    cost: 150.522
    lifetime: 10.1644
    annual_cost: 14.80874424461847
    efficiency: 0.701524
    discharge_ratio: 5
    depth_of_discharge: 0.5
  VRBF:
    cost: 133.82
    lifetime: 26.119
    annual_cost: 5.123473333588575
    efficiency: 0.754357
    discharge_ratio: 0.5
    depth_of_discharge: 1.0
