cost_values:
  wind_capex: 5000.0
  wind_opex: 100
  wind_lifetime: 20
  solar_capex: 1000.0
  solar_opex: 10
  solar_lifetime: 20
  carbon_price: 1.0
timeseries_values:
  load_level: 227636.39191827484
  wind_year: 2016
  solar_year: 2011
  price_year: 2023
  carbon_year: 2023
storage_values:
  CAES:
    cost: 58.771
    lifetime: 28.8223
    annual_cost: 2.0390808505913824
    efficiency: 0.61531
    discharge_ratio: 0.1
    depth_of_discharge: 0.4
  Li-ion:
    cost: 153.428
    lifetime: 16.236
    annual_cost: 9.449864498644986
    efficiency: 0.91813
    discharge_ratio: 2
    depth_of_discharge: 0.9
  Pb-acid:
    cost: 158.954
    lifetime: 9.27006
    annual_cost: 17.14703033205826
    efficiency: 0.690771
    discharge_ratio: 5
    depth_of_discharge: 0.5
  VRBF:
    cost: 105.054
    lifetime: 26.829
    annual_cost: 3.915688247791569
    efficiency: 0.738134
    discharge_ratio: 0.5
    depth_of_discharge: 1.0
