cost_values:
  wind_capex: 5000.0
  wind_opex: 100
  wind_lifetime: 20
  solar_capex: 1000.0
  solar_opex: 10
  solar_lifetime: 20
  carbon_price: 1.0
timeseries_values:
  load_level: 227636.39191827484
  wind_year: 2016
  solar_year: 2011
  price_year: 2023
  carbon_year: 2023
storage_values:
  CAES:
    cost: 66.0645
    lifetime: 28.3922
    annual_cost: 2.3268538542275694
    efficiency: 0.618184
    discharge_ratio: 0.1
    depth_of_discharge: 0.4
  Li-ion:
    cost: 176.986
    lifetime: 15.5511
    annual_cost: 11.380931252451594
    efficiency: 0.911217
    discharge_ratio: 2
    depth_of_discharge: 0.9
  Pb-acid:
    cost: 147.403
    lifetime: 9.06759
    annual_cost: 16.256028338290548
    efficiency: 0.701462
    discharge_ratio: 5
    depth_of_discharge: 0.5
  VRBF:
    cost: 118.407
    lifetime: 24.7109
    annual_cost: 4.79169111606619
    efficiency: 0.741594
    discharge_ratio: 0.5
    depth_of_discharge: 1.0
