cost_values:
  wind_capex: 5000.0
  wind_opex: 100
  wind_lifetime: 20
  solar_capex: 1000.0
  solar_opex: 10
  solar_lifetime: 20
  carbon_price: 1.0
timeseries_values:
  load_level: 227636.39191827484
  wind_year: 2016
  solar_year: 2011
  price_year: 2023
  carbon_year: 2023
storage_values:
  CAES:
    cost: 66.3278
    lifetime: 27.4502
    annual_cost: 2.4162956918346676
    efficiency: 0.61459
    discharge_ratio: 0.1
    depth_of_discharge: 0.4
  Li-ion:
    cost: 173.655
    lifetime: 13.5008
    annual_cost: 12.86257110689737
    efficiency: 0.914556
    discharge_ratio: 2
    depth_of_discharge: 0.9
  Pb-acid:
    cost: 129.44
    lifetime: 8.62247
    annual_cost: 15.011939734206091
    efficiency: 0.680859
    discharge_ratio: 5
    depth_of_discharge: 0.5
  VRBF:
    cost: 120.404
    lifetime: 26.3983
    annual_cost: 4.561051279817261
    efficiency: 0.74131
    discharge_ratio: 0.5
    depth_of_discharge: 1.0
