cost_values:
  wind_capex: 5000.0
  wind_opex: 100
  wind_lifetime: 20
  solar_capex: 1000.0
  solar_opex: 10
  solar_lifetime: 20
  carbon_price: 1.0
timeseries_values:
  load_level: 227636.39191827484
  wind_year: 2016
  solar_year: 2011
  price_year: 2023
  carbon_year: 2023
storage_values:
  CAES:
    cost: 66.0329
    lifetime: 29.3843
    annual_cost: 2.2472170512824876
    efficiency: 0.610803
    discharge_ratio: 0.1
    depth_of_discharge: 0.4
  Li-ion:
    cost: 192.705
    lifetime: 13.35
    annual_cost: 14.43483146067416
    efficiency: 0.926979
    discharge_ratio: 2
    depth_of_discharge: 0.9
  Pb-acid:
    cost: 158.634
    lifetime: 9.59549
    annual_cost: 16.53214166238514
    efficiency: 0.70251
    discharge_ratio: 5
    depth_of_discharge: 0.5
  VRBF:
    cost: 142.229
    lifetime: 25.318
    annual_cost: 5.617702820127972
    efficiency: 0.751007
    discharge_ratio: 0.5
    depth_of_discharge: 1.0
