cost_values:
  wind_capex: 5000.0
  wind_opex: 100
  wind_lifetime: 20
  solar_capex: 1000.0
  solar_opex: 10
  solar_lifetime: 20
  carbon_price: 1.0
timeseries_values:
  load_level: 227636.39191827484
  wind_year: 2016
  solar_year: 2011
  price_year: 2023
  carbon_year: 2023
storage_values:
  CAES:
    cost: 63.6094
    lifetime: 29.3706
    annual_cost: 2.165750784798404
    efficiency: 0.617811
    discharge_ratio: 0.1
    depth_of_discharge: 0.4
  Li-ion:
    cost: 175.443
    lifetime: 14.1435
    annual_cost: 12.404496765298548
    efficiency: 0.933266
    discharge_ratio: 2
    depth_of_discharge: 0.9
  Pb-acid:
    cost: 134.93
    lifetime: 10.7488
    annual_cost: 12.553029175349808
    efficiency: 0.69456
    discharge_ratio: 5
    depth_of_discharge: 0.5
  VRBF:
    cost: 133.53
    lifetime: 27.5341
    annual_cost: 4.8496228313255205
    efficiency: 0.737695
    discharge_ratio: 0.5
    depth_of_discharge: 1.0
