cost_values:
  wind_capex: 5000.0
  wind_opex: 100
  wind_lifetime: 20
  solar_capex: 1000.0
  solar_opex: 10
  solar_lifetime: 20
  carbon_price: 1.0
timeseries_values:
  load_level: 227636.39191827484
  wind_year: 2016
  solar_year: 2011
  price_year: 2023
  carbon_year: 2023
storage_values:
  CAES:
    cost: 71.8034
    lifetime: 28.2441
    annual_cost: 2.5422442209169347
    efficiency: 0.60968
    discharge_ratio: 0.1
    depth_of_discharge: 0.4
  Li-ion:
    cost: 145.889
    lifetime: 15.4305
    annual_cost: 9.454586695181622
    efficiency: 0.925799
    discharge_ratio: 2
    depth_of_discharge: 0.9
  Pb-acid:
    cost: 143.257
    lifetime: 11.5591
    annual_cost: 12.393438935557267
    efficiency: 0.702987
    discharge_ratio: 5
    depth_of_discharge: 0.5
  VRBF:
    cost: 105.215
    lifetime: 27.6448
    annual_cost: 3.8059598911911103
    efficiency: 0.743178
    discharge_ratio: 0.5
    depth_of_discharge: 1.0
