cost_values:
  wind_capex: 5000.0
  wind_opex: 100
  wind_lifetime: 20
  solar_capex: 1000.0
  solar_opex: 10
  solar_lifetime: 20
  carbon_price: 1.0
timeseries_values:
  load_level: 227636.39191827484
  wind_year: 2016
  solar_year: 2011
  price_year: 2023
  carbon_year: 2023
storage_values:
  CAES:
    cost: 64.0321
    lifetime: 29.6362
    annual_cost: 2.160604261005122
    efficiency: 0.613545
    discharge_ratio: 0.1
    depth_of_discharge: 0.4
  Li-ion:
    cost: 153.816
    lifetime: 13.8805
    annual_cost: 11.08144519289651
    efficiency: 0.920766
    discharge_ratio: 2
    depth_of_discharge: 0.9
  Pb-acid:
    cost: 178.442
    lifetime: 10.0421
    annual_cost: 17.76939086446062
    efficiency: 0.688642
    discharge_ratio: 5
    depth_of_discharge: 0.5
  VRBF:
    cost: 111.469
    lifetime: 25.751
    annual_cost: 4.328725098054444
    efficiency: 0.725597
    discharge_ratio: 0.5
    depth_of_discharge: 1.0
