cost_values:
  wind_capex: 5000.0
  wind_opex: 100
  wind_lifetime: 20
  solar_capex: 1000.0
  solar_opex: 10
  solar_lifetime: 20
  carbon_price: 1.0
timeseries_values:
  load_level: 227636.39191827484
  wind_year: 2016
  solar_year: 2011
  price_year: 2023
  carbon_year: 2023
storage_values:
  CAES:
    cost: 63.508
    lifetime: 28.8957
    annual_cost: 2.1978356641299572
    efficiency: 0.615906
    discharge_ratio: 0.1
    depth_of_discharge: 0.4
  Li-ion:
    cost: 164.343
    lifetime: 15.242
    annual_cost: 10.782246424353758
    efficiency: 0.935601
    discharge_ratio: 2
    depth_of_discharge: 0.9
  Pb-acid:
    cost: 154.1
    lifetime: 10.9655
    annual_cost: 14.053166750262184
    efficiency: 0.684675
    discharge_ratio: 5
    depth_of_discharge: 0.5
  VRBF:
    cost: 111.666
    lifetime: 27.2266
    annual_cost: 4.101356761402451
    efficiency: 0.727203
    discharge_ratio: 0.5
    depth_of_discharge: 1.0
