cost_values:
  wind_capex: 5000.0
  wind_opex: 100
  wind_lifetime: 20
  solar_capex: 1000.0
  solar_opex: 10
  solar_lifetime: 20
  carbon_price: 1.0
timeseries_values:
  load_level: 234075.77217045467
  wind_year: 2018
  solar_year: 2014
  price_year: 2023
  carbon_year: 2023
storage_values:
  CAES:
    cost: 34.9507
    lifetime: 29.4064
    annual_cost: 1.1885405898035801
    efficiency: 0.586612
    discharge_ratio: 0.1
    depth_of_discharge: 0.4
  Li-ion:
    cost: 158.794
    lifetime: 20.0684
    annual_cost: 7.912638775388173
    efficiency: 0.866357
    discharge_ratio: 2
    depth_of_discharge: 0.9
  Pb-acid:
    cost: 109.253
    lifetime: 13.5861
    annual_cost: 8.041527737908599
    efficiency: 0.684898
    discharge_ratio: 5
    depth_of_discharge: 0.5
  VRBF:
    cost: 278.662
    lifetime: 13.8818
    annual_cost: 20.073909723522885
    efficiency: 0.727371
    discharge_ratio: 0.5
    depth_of_discharge: 1.0
