cost_values:
  wind_capex: 5000.0
  wind_opex: 100
  wind_lifetime: 20
  solar_capex: 1000.0
  solar_opex: 10
  solar_lifetime: 20
  carbon_price: 1.0
timeseries_values:
  load_level: 234075.77217045467
  wind_year: 2018
  solar_year: 2014
  price_year: 2023
  carbon_year: 2023
storage_values:
  CAES:
    cost: 40.765
    lifetime: 29.7397
    annual_cost: 1.3707266717552633
    efficiency: 0.584825
    discharge_ratio: 0.1
    depth_of_discharge: 0.4
  Li-ion:
    cost: 190.492
    lifetime: 21.352
    annual_cost: 8.92150618209067
    efficiency: 0.854506
    discharge_ratio: 2
    depth_of_discharge: 0.9
  Pb-acid:
    cost: 105.709
    lifetime: 13.8144
    annual_cost: 7.652087676627288
    efficiency: 0.715457
    discharge_ratio: 5
    depth_of_discharge: 0.5
  VRBF:
    cost: 283.129
    lifetime: 17.4404
    annual_cost: 16.234088667691108
    efficiency: 0.756061
    discharge_ratio: 0.5
    depth_of_discharge: 1.0
