cost_values:
  wind_capex: 5000.0
  wind_opex: 100
  wind_lifetime: 20
  solar_capex: 1000.0
  solar_opex: 10
  solar_lifetime: 20
  carbon_price: 1.0
timeseries_values:
  load_level: 234075.77217045467
  wind_year: 2018
  solar_year: 2014
  price_year: 2023
  carbon_year: 2023
storage_values:
  CAES:
    cost: 39.8038
    lifetime: 28.3715
    annual_cost: 1.4029501436300513
    efficiency: 0.592709
    discharge_ratio: 0.1
    depth_of_discharge: 0.4
  Li-ion:
    cost: 181.713
    lifetime: 19.5997
    annual_cost: 9.271213334897984
    efficiency: 0.850274
    discharge_ratio: 2
    depth_of_discharge: 0.9
  Pb-acid:
    cost: 128.136
    lifetime: 12.9468
    annual_cost: 9.89711743442395
    efficiency: 0.694923
    discharge_ratio: 5
    depth_of_discharge: 0.5
  VRBF:
    cost: 270.309
    lifetime: 16.1368
    annual_cost: 16.75109067473105
    efficiency: 0.762106
    discharge_ratio: 0.5
    depth_of_discharge: 1.0
