cost_values:
  wind_capex: 5000.0
  wind_opex: 100
  wind_lifetime: 20
  solar_capex: 1000.0
  solar_opex: 10
  solar_lifetime: 20
  carbon_price: 1.0
timeseries_values:
  load_level: 234075.77217045467
  wind_year: 2018
  solar_year: 2014
  price_year: 2023
  carbon_year: 2023
storage_values:
  CAES:
    cost: 38.3559
    lifetime: 28.3737
    annual_cost: 1.3518117129595364
    efficiency: 0.5842
    discharge_ratio: 0.1
    depth_of_discharge: 0.4
  Li-ion:
    cost: 161.098
    lifetime: 21.7029
    annual_cost: 7.422878970091555
    efficiency: 0.853191
    discharge_ratio: 2
    depth_of_discharge: 0.9
  Pb-acid:
    cost: 97.432
    lifetime: 12.9229
    annual_cost: 7.539484171509491
    efficiency: 0.687139
    discharge_ratio: 5
    depth_of_discharge: 0.5
  VRBF:
    cost: 256.465
    lifetime: 15.7163
    annual_cost: 16.31840827675725
    efficiency: 0.751384
    discharge_ratio: 0.5
    depth_of_discharge: 1.0
