cost_values:
  wind_capex: 5000.0
  wind_opex: 100
  wind_lifetime: 20
  solar_capex: 1000.0
  solar_opex: 10
  solar_lifetime: 20
  carbon_price: 1.0
timeseries_values:
  load_level: 234075.77217045467
  wind_year: 2018
  solar_year: 2014
  price_year: 2023
  carbon_year: 2023
storage_values:
  CAES:
    cost: 45.3244
    lifetime: 28.9632
    annual_cost: 1.564896144072478
    efficiency: 0.584387
    discharge_ratio: 0.1
    depth_of_discharge: 0.4
  Li-ion:
    cost: 161.589
    lifetime: 23.4886
    annual_cost: 6.8794649319244225
    efficiency: 0.851912
    discharge_ratio: 2
    depth_of_discharge: 0.9
  Pb-acid:
    cost: 126.799
    lifetime: 14.1431
    annual_cost: 8.965431906724834
    efficiency: 0.702982
    discharge_ratio: 5
    depth_of_discharge: 0.5
  VRBF:
    cost: 278.109
    lifetime: 18.5893
    annual_cost: 14.960703200228085
    efficiency: 0.72171
    discharge_ratio: 0.5
    depth_of_discharge: 1.0
