cost_values:
  wind_capex: 5000.0
  wind_opex: 100
  wind_lifetime: 20
  solar_capex: 1000.0
  solar_opex: 10
  solar_lifetime: 20
  carbon_price: 1.0
timeseries_values:
  load_level: 234075.77217045467
  wind_year: 2018
  solar_year: 2014
  price_year: 2023
  carbon_year: 2023
storage_values:
  CAES:
    cost: 38.7607
    lifetime: 27.9785
    annual_cost: 1.3853744839787694
    efficiency: 0.583982
    discharge_ratio: 0.1
    depth_of_discharge: 0.4
  Li-ion:
    cost: 174.8
    lifetime: 22.5164
    annual_cost: 7.763230356540122
    efficiency: 0.852794
    discharge_ratio: 2
    depth_of_discharge: 0.9
  Pb-acid:
    cost: 87.4072
    lifetime: 14.3384
    annual_cost: 6.096021871338504
    efficiency: 0.686534
    discharge_ratio: 5
    depth_of_discharge: 0.5
  VRBF:
    cost: 282.751
    lifetime: 17.2956
    annual_cost: 16.34814634936053
    efficiency: 0.746603
    discharge_ratio: 0.5
    depth_of_discharge: 1.0
