cost_values:
  wind_capex: 5000.0
  wind_opex: 100
  wind_lifetime: 20
  solar_capex: 1000.0
  solar_opex: 10
  solar_lifetime: 20
  carbon_price: 1.0
timeseries_values:
  load_level: 234075.77217045467
  wind_year: 2018
  solar_year: 2014
  price_year: 2023
  carbon_year: 2023
storage_values:
  CAES:
    cost: 38.0436
    lifetime: 28.2265
    annual_cost: 1.3477972826953393
    efficiency: 0.587881
    discharge_ratio: 0.1
    depth_of_discharge: 0.4
  Li-ion:
    cost: 171.26
    lifetime: 21.2942
    annual_cost: 8.042565581238083
    efficiency: 0.860071
    discharge_ratio: 2
    depth_of_discharge: 0.9
  Pb-acid:
    cost: 127.015
    lifetime: 14.8392
    annual_cost: 8.55942368860855
    efficiency: 0.682981
    discharge_ratio: 5
    depth_of_discharge: 0.5
  VRBF:
    cost: 266.456
    lifetime: 15.286
    annual_cost: 17.431375114483842
    efficiency: 0.754091
    discharge_ratio: 0.5
    depth_of_discharge: 1.0
