cost_values:
  wind_capex: 5000.0
  wind_opex: 100
  wind_lifetime: 20
  solar_capex: 1000.0
  solar_opex: 10
  solar_lifetime: 20
  carbon_price: 1.0
timeseries_values:
  load_level: 234075.77217045467
  wind_year: 2018
  solar_year: 2014
  price_year: 2023
  carbon_year: 2023
storage_values:
  CAES:
    cost: 41.7662
    lifetime: 28.0108
    annual_cost: 1.491074871121139
    efficiency: 0.597816
    discharge_ratio: 0.1
    depth_of_discharge: 0.4
  Li-ion:
    cost: 181.798
    lifetime: 20.5515
    annual_cost: 8.84597231345644
    efficiency: 0.86478
    discharge_ratio: 2
    depth_of_discharge: 0.9
  Pb-acid:
    cost: 96.3302
    lifetime: 13.4673
    annual_cost: 7.152896274680152
    efficiency: 0.702634
    discharge_ratio: 5
    depth_of_discharge: 0.5
  VRBF:
    cost: 253.513
    lifetime: 15.8317
    annual_cost: 16.01299923571063
    efficiency: 0.751077
    discharge_ratio: 0.5
    depth_of_discharge: 1.0
