cost_values:
  wind_capex: 5000.0
  wind_opex: 100
  wind_lifetime: 20
  solar_capex: 1000.0
  solar_opex: 10
  solar_lifetime: 20
  carbon_price: 1.0
timeseries_values:
  load_level: 234075.77217045467
  wind_year: 2018
  solar_year: 2014
  price_year: 2023
  carbon_year: 2023
storage_values:
  CAES:
    cost: 34.1709
    lifetime: 29.0142
    annual_cost: 1.17773021486031
    efficiency: 0.585152
    discharge_ratio: 0.1
    depth_of_discharge: 0.4
  Li-ion:
    cost: 164.225
    lifetime: 21.8675
    annual_cost: 7.510003429747342
    efficiency: 0.871578
    discharge_ratio: 2
    depth_of_discharge: 0.9
  Pb-acid:
    cost: 100.093
    lifetime: 13.1298
    annual_cost: 7.623345367027678
    efficiency: 0.692447
    discharge_ratio: 5
    depth_of_discharge: 0.5
  VRBF:
    cost: 260.688
    lifetime: 18.8143
    annual_cost: 13.855843693360901
    efficiency: 0.742214
    discharge_ratio: 0.5
    depth_of_discharge: 1.0
