cost_values:
  wind_capex: 5000.0
  wind_opex: 100
  wind_lifetime: 20
  solar_capex: 1000.0
  solar_opex: 10
  solar_lifetime: 20
  carbon_price: 1.0
timeseries_values:
  load_level: 234075.77217045467
  wind_year: 2018
  solar_year: 2014
  price_year: 2023
  carbon_year: 2023
storage_values:
  CAES:
    cost: 36.4487
    lifetime: 28.9102
    annual_cost: 1.2607557194346632
    efficiency: 0.590661
    discharge_ratio: 0.1
    depth_of_discharge: 0.4
  Li-ion:
    cost: 177.698
    lifetime: 21.0018
    annual_cost: 8.461084288013408
    efficiency: 0.855226
    discharge_ratio: 2
    depth_of_discharge: 0.9
  Pb-acid:
    cost: 101.927
    lifetime: 12.5902
    annual_cost: 8.09574113199155
    efficiency: 0.682129
    discharge_ratio: 5
    depth_of_discharge: 0.5
  VRBF:
    cost: 284.973
    lifetime: 16.4508
    annual_cost: 17.322744182653732
    efficiency: 0.755647
    discharge_ratio: 0.5
    depth_of_discharge: 1.0
