cost_values:
  wind_capex: 5000.0
  wind_opex: 100
  wind_lifetime: 20
  solar_capex: 1000.0
  solar_opex: 10
  solar_lifetime: 20
  carbon_price: 1.0
timeseries_values:
  load_level: 234075.77217045467
  wind_year: 2018
  solar_year: 2014
  price_year: 2023
  carbon_year: 2023
storage_values:
  CAES:
    cost: 38.3453
    lifetime: 28.2025
    annual_cost: 1.3596418757202375
    efficiency: 0.582629
    discharge_ratio: 0.1
    depth_of_discharge: 0.4
  Li-ion:
    cost: 158.183
    lifetime: 20.8905
    annual_cost: 7.572006414398889
    efficiency: 0.857358
    discharge_ratio: 2
    depth_of_discharge: 0.9
  Pb-acid:
    cost: 121.555
    lifetime: 13.8255
    annual_cost: 8.79208708545803
    efficiency: 0.687958
    discharge_ratio: 5
    depth_of_discharge: 0.5
  VRBF:
    cost: 283.096
    lifetime: 14.5913
    annual_cost: 19.401698272258127
    efficiency: 0.758832
    discharge_ratio: 0.5
    depth_of_discharge: 1.0
