cost_values:
  wind_capex: 5000.0
  wind_opex: 100
  wind_lifetime: 20
  solar_capex: 1000.0
  solar_opex: 10
  solar_lifetime: 20
  carbon_price: 1.0
timeseries_values:
  load_level: 234075.77217045467
  wind_year: 2018
  solar_year: 2014
  price_year: 2023
  carbon_year: 2023
storage_values:
  CAES:
    cost: 39.5691
    lifetime: 29.8147
    annual_cost: 1.3271674710797023
    efficiency: 0.586023
    discharge_ratio: 0.1
    depth_of_discharge: 0.4
  Li-ion:
    cost: 169.467
    lifetime: 21.6875
    annual_cost: 7.814040345821327
    efficiency: 0.87011
    discharge_ratio: 2
    depth_of_discharge: 0.9
  Pb-acid:
    cost: 98.6816
    lifetime: 13.0087
    annual_cost: 7.585815646451991
    efficiency: 0.696561
    discharge_ratio: 5
    depth_of_discharge: 0.5
  VRBF:
    cost: 270.536
    lifetime: 16.8204
    annual_cost: 16.08380300111769
    efficiency: 0.757934
    discharge_ratio: 0.5
    depth_of_discharge: 1.0
