cost_values:
  wind_capex: 5000.0
  wind_opex: 100
  wind_lifetime: 20
  solar_capex: 1000.0
  solar_opex: 10
  solar_lifetime: 20
  carbon_price: 1.0
timeseries_values:
  load_level: 234075.77217045467
  wind_year: 2018
  solar_year: 2014
  price_year: 2023
  carbon_year: 2023
storage_values:
  CAES:
    cost: 38.1974
    lifetime: 27.5321
    annual_cost: 1.387376916399403
    efficiency: 0.585409
    discharge_ratio: 0.1
    depth_of_discharge: 0.4
  Li-ion:
    cost: 177.076
    lifetime: 22.2539
    annual_cost: 7.957077186470685
    efficiency: 0.864992
    discharge_ratio: 2
    depth_of_discharge: 0.9
  Pb-acid:
    cost: 99.3456
    lifetime: 13.5269
    annual_cost: 7.344299137274616
    efficiency: 0.684834
    discharge_ratio: 5
    depth_of_discharge: 0.5
  VRBF:
    cost: 262.634
    lifetime: 15.7369
    annual_cost: 16.689055658992558
    efficiency: 0.749934
    discharge_ratio: 0.5
    depth_of_discharge: 1.0
