cost_values:
  wind_capex: 5000.0
  wind_opex: 100
  wind_lifetime: 20
  solar_capex: 1000.0
  solar_opex: 10
  solar_lifetime: 20
  carbon_price: 1.0
timeseries_values:
  load_level: 234075.77217045467
  wind_year: 2018
  solar_year: 2014
  price_year: 2023
  carbon_year: 2023
storage_values:
  CAES:
    cost: 43.7342
    lifetime: 28.4318
    annual_cost: 1.5382142530546783
    efficiency: 0.587224
    discharge_ratio: 0.1
    depth_of_discharge: 0.4
  Li-ion:
    cost: 182.379
    lifetime: 20.6845
    annual_cost: 8.817181947835335
    efficiency: 0.868771
    discharge_ratio: 2
    depth_of_discharge: 0.9
  Pb-acid:
    cost: 105.221
    lifetime: 13.1039
    annual_cost: 8.029746869252666
    efficiency: 0.688458
    discharge_ratio: 5
    depth_of_discharge: 0.5
  VRBF:
    cost: 251.898
    lifetime: 16.6525
    annual_cost: 15.126737727068008
    efficiency: 0.756861
    discharge_ratio: 0.5
    depth_of_discharge: 1.0
