cost_values:
  wind_capex: 5000.0
  wind_opex: 100
  wind_lifetime: 20
  solar_capex: 1000.0
  solar_opex: 10
  solar_lifetime: 20
  carbon_price: 1.0
timeseries_values:
  load_level: 234075.77217045467
  wind_year: 2018
  solar_year: 2014
  price_year: 2023
  carbon_year: 2023
storage_values:
  CAES:
    cost: 38.0579
    lifetime: 28.4283
    annual_cost: 1.3387328823742537
    efficiency: 0.588458
    discharge_ratio: 0.1
    depth_of_discharge: 0.4
  Li-ion:
    cost: 186.29
    lifetime: 22.7053
    annual_cost: 8.204692296512267
    efficiency: 0.850964
    discharge_ratio: 2
    depth_of_discharge: 0.9
  Pb-acid:
    cost: 97.5127
    lifetime: 14.4973
    annual_cost: 6.726266270271016
    efficiency: 0.705087
    discharge_ratio: 5
    depth_of_discharge: 0.5
  VRBF:
    cost: 274.005
    lifetime: 19.5566
    annual_cost: 14.010871010298313
    efficiency: 0.756501
    discharge_ratio: 0.5
    depth_of_discharge: 1.0
