cost_values:
  wind_capex: 5000.0
  wind_opex: 100
  wind_lifetime: 20
  solar_capex: 1000.0
  solar_opex: 10
  solar_lifetime: 20
  carbon_price: 1.0
timeseries_values:
  load_level: 234075.77217045467
  wind_year: 2018
  solar_year: 2014
  price_year: 2023
  carbon_year: 2023
storage_values:
  CAES:
    cost: 34.6815
    lifetime: 29.1998
    annual_cost: 1.1877307378817663
    efficiency: 0.586415
    discharge_ratio: 0.1
    depth_of_discharge: 0.4
  Li-ion:
    cost: 182.365
    lifetime: 22.3083
    annual_cost: 8.174760066880937
    efficiency: 0.857297
    discharge_ratio: 2
    depth_of_discharge: 0.9
  Pb-acid:
    cost: 113.356
    lifetime: 13.0099
    annual_cost: 8.713056979684701
    efficiency: 0.69497
    discharge_ratio: 5
    depth_of_discharge: 0.5
  VRBF:
    cost: 239.417
    lifetime: 18.5186
    annual_cost: 12.928461114771096
    efficiency: 0.751259
    discharge_ratio: 0.5
    depth_of_discharge: 1.0
