cost_values:
  wind_capex: 5000.0
  wind_opex: 100
  wind_lifetime: 20
  solar_capex: 1000.0
  solar_opex: 10
  solar_lifetime: 20
  carbon_price: 1.0
timeseries_values:
  load_level: 234075.77217045467
  wind_year: 2018
  solar_year: 2014
  price_year: 2023
  carbon_year: 2023
storage_values:
  CAES:
    cost: 36.0801
    lifetime: 28.9984
    annual_cost: 1.2442100253807107
    efficiency: 0.584231
    discharge_ratio: 0.1
    depth_of_discharge: 0.4
  Li-ion:
    cost: 156.985
    lifetime: 21.131
    annual_cost: 7.429132554067484
    efficiency: 0.855848
    discharge_ratio: 2
    depth_of_discharge: 0.9
  Pb-acid:
    cost: 118.437
    lifetime: 14.5732
    annual_cost: 8.127041418494223
    efficiency: 0.689289
    discharge_ratio: 5
    depth_of_discharge: 0.5
  VRBF:
    cost: 249.061
    lifetime: 17.7978
    annual_cost: 13.993920596927712
    efficiency: 0.733464
    discharge_ratio: 0.5
    depth_of_discharge: 1.0
