cost_values:
  wind_capex: 5000.0
  wind_opex: 100
  wind_lifetime: 20
  solar_capex: 1000.0
  solar_opex: 10
  solar_lifetime: 20
  carbon_price: 1.0
timeseries_values:
  load_level: 234075.77217045467
  wind_year: 2018
  solar_year: 2014
  price_year: 2023
  carbon_year: 2023
storage_values:
  CAES:
    cost: 34.1483
    lifetime: 28.2952
    annual_cost: 1.206858407079646
    efficiency: 0.588961
    discharge_ratio: 0.1
    depth_of_discharge: 0.4
  Li-ion:
    cost: 154.617
    lifetime: 20.3641
    annual_cost: 7.592626239313301
    efficiency: 0.852499
    discharge_ratio: 2
    depth_of_discharge: 0.9
  Pb-acid:
    cost: 90.7843
    lifetime: 13.3116
    annual_cost: 6.819939000570931
    efficiency: 0.693255
    discharge_ratio: 5
    depth_of_discharge: 0.5
  VRBF:
    cost: 287.901
    lifetime: 15.8231
    annual_cost: 18.19498075598334
    efficiency: 0.730371
    discharge_ratio: 0.5
    depth_of_discharge: 1.0
