cost_values:
  wind_capex: 5000.0
  wind_opex: 100
  wind_lifetime: 20
  solar_capex: 1000.0
  solar_opex: 10
  solar_lifetime: 20
  carbon_price: 1.0
timeseries_values:
  load_level: 234075.77217045467
  wind_year: 2018
  solar_year: 2014
  price_year: 2023
  carbon_year: 2023
storage_values:
  CAES:
    cost: 44.5367
    lifetime: 28.5062
    annual_cost: 1.5623513481277758
    efficiency: 0.58561
    discharge_ratio: 0.1
    depth_of_discharge: 0.4
  Li-ion:
    cost: 160.127
    lifetime: 21.6068
    annual_cost: 7.410953958938853
    efficiency: 0.852655
    discharge_ratio: 2
    depth_of_discharge: 0.9
  Pb-acid:
    cost: 111.513
    lifetime: 13.9483
    annual_cost: 7.994737709971825
    efficiency: 0.694843
    discharge_ratio: 5
    depth_of_discharge: 0.5
  VRBF:
    cost: 284.604
    lifetime: 18.8831
    annual_cost: 15.071889679131075
    efficiency: 0.748061
    discharge_ratio: 0.5
    depth_of_discharge: 1.0
