cost_values:
  wind_capex: 5000.0
  wind_opex: 100
  wind_lifetime: 20
  solar_capex: 1000.0
  solar_opex: 10
  solar_lifetime: 20
  carbon_price: 1.0
timeseries_values:
  load_level: 234075.77217045467
  wind_year: 2018
  solar_year: 2014
  price_year: 2023
  carbon_year: 2023
storage_values:
  CAES:
    cost: 41.0275
    lifetime: 28.9793
    annual_cost: 1.4157519332765114
    efficiency: 0.582352
    discharge_ratio: 0.1
    depth_of_discharge: 0.4
  Li-ion:
    cost: 175.273
    lifetime: 20.3242
    annual_cost: 8.623857273595023
    efficiency: 0.851075
    discharge_ratio: 2
    depth_of_discharge: 0.9
  Pb-acid:
    cost: 85.0942
    lifetime: 15.0012
    annual_cost: 5.672492867237287
    efficiency: 0.699217
    discharge_ratio: 5
    depth_of_discharge: 0.5
  VRBF:
    cost: 293.112
    lifetime: 16.9809
    annual_cost: 17.261275904104025
    efficiency: 0.748941
    discharge_ratio: 0.5
    depth_of_discharge: 1.0
