cost_values:
  wind_capex: 5000.0
  wind_opex: 100
  wind_lifetime: 20
  solar_capex: 1000.0
  solar_opex: 10
  solar_lifetime: 20
  carbon_price: 1.0
timeseries_values:
  load_level: 234075.77217045467
  wind_year: 2018
  solar_year: 2014
  price_year: 2023
  carbon_year: 2023
storage_values:
  CAES:
    cost: 32.4584
    lifetime: 27.7252
    annual_cost: 1.170718335665748
    efficiency: 0.587831
    discharge_ratio: 0.1
    depth_of_discharge: 0.4
  Li-ion:
    cost: 164.244
    lifetime: 22.4205
    annual_cost: 7.325617180705158
    efficiency: 0.85516
    discharge_ratio: 2
    depth_of_discharge: 0.9
  Pb-acid:
    cost: 121.837
    lifetime: 11.1004
    annual_cost: 10.975910777989982
    efficiency: 0.682454
    discharge_ratio: 5
    depth_of_discharge: 0.5
  VRBF:
    cost: 300.884
    lifetime: 17.4561
    annual_cost: 17.23661069769307
    efficiency: 0.752212
    discharge_ratio: 0.5
    depth_of_discharge: 1.0
