cost_values:
  wind_capex: 5000.0
  wind_opex: 100
  wind_lifetime: 20
  solar_capex: 1000.0
  solar_opex: 10
  solar_lifetime: 20
  carbon_price: 1.0
timeseries_values:
  load_level: 234075.77217045467
  wind_year: 2018
  solar_year: 2014
  price_year: 2023
  carbon_year: 2023
storage_values:
  CAES:
    cost: 40.5141
    lifetime: 27.4271
    annual_cost: 1.477155805754163
    efficiency: 0.589006
    discharge_ratio: 0.1
    depth_of_discharge: 0.4
  Li-ion:
    cost: 168.249
    lifetime: 22.0534
    annual_cost: 7.629163757062403
    efficiency: 0.864852
    discharge_ratio: 2
    depth_of_discharge: 0.9
  Pb-acid:
    cost: 85.6527
    lifetime: 14.4167
    annual_cost: 5.941214008753737
    efficiency: 0.692594
    discharge_ratio: 5
    depth_of_discharge: 0.5
  VRBF:
    cost: 262.346
    lifetime: 18.3409
    annual_cost: 14.30387821753567
    efficiency: 0.722144
    discharge_ratio: 0.5
    depth_of_discharge: 1.0
