cost_values:
  wind_capex: 5000.0
  wind_opex: 100
  wind_lifetime: 20
  solar_capex: 1000.0
  solar_opex: 10
  solar_lifetime: 20
  carbon_price: 1.0
timeseries_values:
  load_level: 234075.77217045467
  wind_year: 2018
  solar_year: 2014
  price_year: 2023
  carbon_year: 2023
storage_values:
  CAES:
    cost: 34.1103
    lifetime: 29.2792
    annual_cost: 1.1650010929260364
    efficiency: 0.588045
    discharge_ratio: 0.1
    depth_of_discharge: 0.4
  Li-ion:
    cost: 166.169
    lifetime: 21.6841
    annual_cost: 7.663172555005742
    efficiency: 0.857566
    discharge_ratio: 2
    depth_of_discharge: 0.9
  Pb-acid:
    cost: 109.421
    lifetime: 12.9607
    annual_cost: 8.442522394623747
    efficiency: 0.699178
    discharge_ratio: 5
    depth_of_discharge: 0.5
  VRBF:
    cost: 281.122
    lifetime: 15.194
    annual_cost: 18.50217190996446
    efficiency: 0.754559
    discharge_ratio: 0.5
    depth_of_discharge: 1.0
