cost_values:
  wind_capex: 5000.0
  wind_opex: 100
  wind_lifetime: 20
  solar_capex: 1000.0
  solar_opex: 10
  solar_lifetime: 20
  carbon_price: 1.0
timeseries_values:
  load_level: 234075.77217045467
  wind_year: 2018
  solar_year: 2014
  price_year: 2023
  carbon_year: 2023
storage_values:
  CAES:
    cost: 37.0073
    lifetime: 27.8401
    annual_cost: 1.32928042643525
    efficiency: 0.589679
    discharge_ratio: 0.1
    depth_of_discharge: 0.4
  Li-ion:
    cost: 165.521
    lifetime: 22.8761
    annual_cost: 7.235542771713709
    efficiency: 0.855693
    discharge_ratio: 2
    depth_of_discharge: 0.9
  Pb-acid:
    cost: 110.23
    lifetime: 15.0803
    annual_cost: 7.3095362824347
    efficiency: 0.695104
    discharge_ratio: 5
    depth_of_discharge: 0.5
  VRBF:
    cost: 256.415
    lifetime: 16.7929
    annual_cost: 15.269250695234296
    efficiency: 0.744175
    discharge_ratio: 0.5
    depth_of_discharge: 1.0
