cost_values:
  wind_capex: 5000.0
  wind_opex: 100
  wind_lifetime: 20
  solar_capex: 1000.0
  solar_opex: 10
  solar_lifetime: 20
  carbon_price: 1.0
timeseries_values:
  load_level: 234075.77217045467
  wind_year: 2018
  solar_year: 2014
  price_year: 2023
  carbon_year: 2023
storage_values:
  CAES:
    cost: 35.1612
    lifetime: 28.1673
    annual_cost: 1.2482985589673132
    efficiency: 0.593652
    discharge_ratio: 0.1
    depth_of_discharge: 0.4
  Li-ion:
    cost: 185.775
    lifetime: 20.0262
    annual_cost: 9.27659765706924
    efficiency: 0.855957
    discharge_ratio: 2
    depth_of_discharge: 0.9
  Pb-acid:
    cost: 118.406
    lifetime: 13.2589
    annual_cost: 8.930303418835651
    efficiency: 0.69039
    discharge_ratio: 5
    depth_of_discharge: 0.5
  VRBF:
    cost: 255.566
    lifetime: 15.2181
    annual_cost: 16.793555043008
    efficiency: 0.770989
    discharge_ratio: 0.5
    depth_of_discharge: 1.0
