cost_values:
  wind_capex: 5000.0
  wind_opex: 100
  wind_lifetime: 20
  solar_capex: 1000.0
  solar_opex: 10
  solar_lifetime: 20
  carbon_price: 1.0
timeseries_values:
  load_level: 234075.77217045467
  wind_year: 2018
  solar_year: 2014
  price_year: 2023
  carbon_year: 2023
storage_values:
  CAES:
    cost: 39.4356
    lifetime: 28.9882
    annual_cost: 1.3604018186710456
    efficiency: 0.581466
    discharge_ratio: 0.1
    depth_of_discharge: 0.4
  Li-ion:
    cost: 169.997
    lifetime: 22.5438
    annual_cost: 7.540742909358671
    efficiency: 0.875175
    discharge_ratio: 2
    depth_of_discharge: 0.9
  Pb-acid:
    cost: 112.464
    lifetime: 15.1433
    annual_cost: 7.42665073002582
    efficiency: 0.689476
    discharge_ratio: 5
    depth_of_discharge: 0.5
  VRBF:
    cost: 275.828
    lifetime: 16.6517
    annual_cost: 16.564554970363382
    efficiency: 0.724039
    discharge_ratio: 0.5
    depth_of_discharge: 1.0
