cost_values:
  wind_capex: 5000.0
  wind_opex: 100
  wind_lifetime: 20
  solar_capex: 1000.0
  solar_opex: 10
  solar_lifetime: 20
  carbon_price: 1.0
timeseries_values:
  load_level: 234075.77217045467
  wind_year: 2018
  solar_year: 2014
  price_year: 2023
  carbon_year: 2023
storage_values:
  CAES:
    cost: 39.9847
    lifetime: 28.3301
    annual_cost: 1.4113857699055066
    efficiency: 0.583216
    discharge_ratio: 0.1
    depth_of_discharge: 0.4
  Li-ion:
    cost: 177.366
    lifetime: 19.3758
    annual_cost: 9.153996222091475
    efficiency: 0.860455
    discharge_ratio: 2
    depth_of_discharge: 0.9
  Pb-acid:
    cost: 94.9325
    lifetime: 13.9458
    annual_cost: 6.807246626224384
    efficiency: 0.686148
    discharge_ratio: 5
    depth_of_discharge: 0.5
  VRBF:
    cost: 230.694
    lifetime: 15.5449
    annual_cost: 14.840494310030941
    efficiency: 0.755173
    discharge_ratio: 0.5
    depth_of_discharge: 1.0
