cost_values:
  wind_capex: 5000.0
  wind_opex: 100
  wind_lifetime: 20
  solar_capex: 1000.0
  solar_opex: 10
  solar_lifetime: 20
  carbon_price: 1.0
timeseries_values:
  load_level: 234075.77217045467
  wind_year: 2018
  solar_year: 2014
  price_year: 2023
  carbon_year: 2023
storage_values:
  CAES:
    cost: 36.7317
    lifetime: 27.4055
    annual_cost: 1.3403039535859589
    efficiency: 0.575931
    discharge_ratio: 0.1
    depth_of_discharge: 0.4
  Li-ion:
    cost: 155.577
    lifetime: 21.3896
    annual_cost: 7.273488050267419
    efficiency: 0.860653
    discharge_ratio: 2
    depth_of_discharge: 0.9
  Pb-acid:
    cost: 113.7
    lifetime: 12.5852
    annual_cost: 9.034421383847693
    efficiency: 0.691896
    discharge_ratio: 5
    depth_of_discharge: 0.5
  VRBF:
    cost: 262.903
    lifetime: 15.5345
    annual_cost: 16.923814734944802
    efficiency: 0.745818
    discharge_ratio: 0.5
    depth_of_discharge: 1.0
