cost_values:
  wind_capex: 5000.0
  wind_opex: 100
  wind_lifetime: 20
  solar_capex: 1000.0
  solar_opex: 10
  solar_lifetime: 20
  carbon_price: 1.0
timeseries_values:
  load_level: 234075.77217045467
  wind_year: 2018
  solar_year: 2014
  price_year: 2023
  carbon_year: 2023
storage_values:
  CAES:
    cost: 35.3894
    lifetime: 28.6507
    annual_cost: 1.2352019322390029
    efficiency: 0.594479
    discharge_ratio: 0.1
    depth_of_discharge: 0.4
  Li-ion:
    cost: 167.421
    lifetime: 18.3429
    annual_cost: 9.127291758664114
    efficiency: 0.863936
    discharge_ratio: 2
    depth_of_discharge: 0.9
  Pb-acid:
    cost: 110.382
    lifetime: 13.1613
    annual_cost: 8.386861480248912
    efficiency: 0.709556
    discharge_ratio: 5
    depth_of_discharge: 0.5
  VRBF:
    cost: 250.874
    lifetime: 15.0051
    annual_cost: 16.71924878874516
    efficiency: 0.769027
    discharge_ratio: 0.5
    depth_of_discharge: 1.0
