cost_values:
  wind_capex: 5000.0
  wind_opex: 100
  wind_lifetime: 20
  solar_capex: 1000.0
  solar_opex: 10
  solar_lifetime: 20
  carbon_price: 1.0
timeseries_values:
  load_level: 234075.77217045467
  wind_year: 2018
  solar_year: 2014
  price_year: 2023
  carbon_year: 2023
storage_values:
  CAES:
    cost: 43.0976
    lifetime: 28.2066
    annual_cost: 1.5279260882204873
    efficiency: 0.597012
    discharge_ratio: 0.1
    depth_of_discharge: 0.4
  Li-ion:
    cost: 173.216
    lifetime: 19.1539
    annual_cost: 9.043380199332773
    efficiency: 0.853954
    discharge_ratio: 2
    depth_of_discharge: 0.9
  Pb-acid:
    cost: 99.1314
    lifetime: 14.3242
    annual_cost: 6.920554027450049
    efficiency: 0.700018
    discharge_ratio: 5
    depth_of_discharge: 0.5
  VRBF:
    cost: 285.727
    lifetime: 16.3464
    annual_cost: 17.479506190965594
    efficiency: 0.742801
    discharge_ratio: 0.5
    depth_of_discharge: 1.0
