cost_values:
  wind_capex: 5000.0
  wind_opex: 100
  wind_lifetime: 20
  solar_capex: 1000.0
  solar_opex: 10
  solar_lifetime: 20
  carbon_price: 1.0
timeseries_values:
  load_level: 234075.77217045467
  wind_year: 2018
  solar_year: 2014
  price_year: 2023
  carbon_year: 2023
storage_values:
  CAES:
    cost: 30.814
    lifetime: 29.0616
    annual_cost: 1.0602995017480112
    efficiency: 0.578256
    discharge_ratio: 0.1
    depth_of_discharge: 0.4
  Li-ion:
    cost: 175.989
    lifetime: 22.813
    annual_cost: 7.714417218252751
    efficiency: 0.855797
    discharge_ratio: 2
    depth_of_discharge: 0.9
  Pb-acid:
    cost: 108.358
    lifetime: 13.9361
    annual_cost: 7.77534604372816
    efficiency: 0.695555
    discharge_ratio: 5
    depth_of_discharge: 0.5
  VRBF:
    cost: 265.623
    lifetime: 16.8583
    annual_cost: 15.756215039476103
    efficiency: 0.76111
    discharge_ratio: 0.5
    depth_of_discharge: 1.0
