cost_values:
  wind_capex: 5000.0
  wind_opex: 100
  wind_lifetime: 20
  solar_capex: 1000.0
  solar_opex: 10
  solar_lifetime: 20
  carbon_price: 1.0
timeseries_values:
  load_level: 234075.77217045467
  wind_year: 2018
  solar_year: 2014
  price_year: 2023
  carbon_year: 2023
storage_values:
  CAES:
    cost: 45.0439
    lifetime: 28.2157
    annual_cost: 1.5964126355185235
    efficiency: 0.585663
    discharge_ratio: 0.1
    depth_of_discharge: 0.4
  Li-ion:
    cost: 159.801
    lifetime: 20.3406
    annual_cost: 7.856257927494764
    efficiency: 0.855262
    discharge_ratio: 2
    depth_of_discharge: 0.9
  Pb-acid:
    cost: 121.355
    lifetime: 13.0329
    annual_cost: 9.311434907042946
    efficiency: 0.697143
    discharge_ratio: 5
    depth_of_discharge: 0.5
  VRBF:
    cost: 279.361
    lifetime: 16.3031
    annual_cost: 17.13545276665174
    efficiency: 0.742364
    discharge_ratio: 0.5
    depth_of_discharge: 1.0
