cost_values:
  wind_capex: 5000.0
  wind_opex: 100
  wind_lifetime: 20
  solar_capex: 1000.0
  solar_opex: 10
  solar_lifetime: 20
  carbon_price: 1.0
timeseries_values:
  load_level: 234075.77217045467
  wind_year: 2018
  solar_year: 2014
  price_year: 2023
  carbon_year: 2023
storage_values:
  CAES:
    cost: 39.4914
    lifetime: 28.0369
    annual_cost: 1.408550874026729
    efficiency: 0.592282
    discharge_ratio: 0.1
    depth_of_discharge: 0.4
  Li-ion:
    cost: 160.309
    lifetime: 20.0985
    annual_cost: 7.976167375674801
    efficiency: 0.857719
    discharge_ratio: 2
    depth_of_discharge: 0.9
  Pb-acid:
    cost: 124.124
    lifetime: 13.3471
    annual_cost: 9.299698061751242
    efficiency: 0.691085
    discharge_ratio: 5
    depth_of_discharge: 0.5
  VRBF:
    cost: 279.455
    lifetime: 18.3198
    annual_cost: 15.254260417690148
    efficiency: 0.744701
    discharge_ratio: 0.5
    depth_of_discharge: 1.0
