cost_values:
  wind_capex: 5000.0
  wind_opex: 100
  wind_lifetime: 20
  solar_capex: 1000.0
  solar_opex: 10
  solar_lifetime: 20
  carbon_price: 1.0
timeseries_values:
  load_level: 234075.77217045467
  wind_year: 2018
  solar_year: 2014
  price_year: 2023
  carbon_year: 2023
storage_values:
  CAES:
    cost: 35.4525
    lifetime: 28.5453
    annual_cost: 1.2419732845687381
    efficiency: 0.582981
    discharge_ratio: 0.1
    depth_of_discharge: 0.4
  Li-ion:
    cost: 183.702
    lifetime: 22.4863
    annual_cost: 8.169507655772627
    efficiency: 0.862033
    discharge_ratio: 2
    depth_of_discharge: 0.9
  Pb-acid:
    cost: 116.39
    lifetime: 12.6944
    annual_cost: 9.168609780690698
    efficiency: 0.697153
    discharge_ratio: 5
    depth_of_discharge: 0.5
  VRBF:
    cost: 282.633
    lifetime: 15.6977
    annual_cost: 18.004739547831846
    efficiency: 0.734776
    discharge_ratio: 0.5
    depth_of_discharge: 1.0
