cost_values:
  wind_capex: 5000.0
  wind_opex: 100
  wind_lifetime: 20
  solar_capex: 1000.0
  solar_opex: 10
  solar_lifetime: 20
  carbon_price: 1.0
timeseries_values:
  load_level: 234075.77217045467
  wind_year: 2018
  solar_year: 2014
  price_year: 2023
  carbon_year: 2023
storage_values:
  CAES:
    cost: 39.1957
    lifetime: 28.7959
    annual_cost: 1.361155581176487
    efficiency: 0.597392
    discharge_ratio: 0.1
    depth_of_discharge: 0.4
  Li-ion:
    cost: 200.091
    lifetime: 19.5452
    annual_cost: 10.237347277080817
    efficiency: 0.856436
    discharge_ratio: 2
    depth_of_discharge: 0.9
  Pb-acid:
    cost: 92.5987
    lifetime: 13.6898
    annual_cost: 6.7640652164385155
    efficiency: 0.70072
    discharge_ratio: 5
    depth_of_discharge: 0.5
  VRBF:
    cost: 288.774
    lifetime: 17.878
    annual_cost: 16.15247790580602
    efficiency: 0.752805
    discharge_ratio: 0.5
    depth_of_discharge: 1.0
