cost_values:
  wind_capex: 5000.0
  wind_opex: 100
  wind_lifetime: 20
  solar_capex: 1000.0
  solar_opex: 10
  solar_lifetime: 20
  carbon_price: 1.0
timeseries_values:
  load_level: 234075.77217045467
  wind_year: 2018
  solar_year: 2014
  price_year: 2023
  carbon_year: 2023
storage_values:
  CAES:
    cost: 40.1032
    lifetime: 27.928
    annual_cost: 1.4359495846462331
    efficiency: 0.588759
    discharge_ratio: 0.1
    depth_of_discharge: 0.4
  Li-ion:
    cost: 152.287
    lifetime: 20.2574
    annual_cost: 7.517598507212179
    efficiency: 0.865536
    discharge_ratio: 2
    depth_of_discharge: 0.9
  Pb-acid:
    cost: 123.324
    lifetime: 12.7453
    annual_cost: 9.676037441252854
    efficiency: 0.69258
    discharge_ratio: 5
    depth_of_discharge: 0.5
  VRBF:
    cost: 292.601
    lifetime: 16.9016
    annual_cost: 17.31202963033086
    efficiency: 0.747406
    discharge_ratio: 0.5
    depth_of_discharge: 1.0
