cost_values:
  wind_capex: 5000.0
  wind_opex: 100
  wind_lifetime: 20
  solar_capex: 1000.0
  solar_opex: 10
  solar_lifetime: 20
  carbon_price: 1.0
timeseries_values:
  load_level: 234075.77217045467
  wind_year: 2018
  solar_year: 2014
  price_year: 2023
  carbon_year: 2023
storage_values:
  CAES:
    cost: 38.0037
    lifetime: 28.011
    annual_cost: 1.356741994216558
    efficiency: 0.588261
    discharge_ratio: 0.1
    depth_of_discharge: 0.4
  Li-ion:
    cost: 161.399
    lifetime: 21.9131
    annual_cost: 7.365411557470189
    efficiency: 0.853797
    discharge_ratio: 2
    depth_of_discharge: 0.9
  Pb-acid:
    cost: 126.47
    lifetime: 11.8491
    annual_cost: 10.673384476458127
    efficiency: 0.695107
    discharge_ratio: 5
    depth_of_discharge: 0.5
  VRBF:
    cost: 246.989
    lifetime: 17.8773
    annual_cost: 13.815788737672914
    efficiency: 0.735349
    discharge_ratio: 0.5
    depth_of_discharge: 1.0
