cost_values:
  wind_capex: 5000.0
  wind_opex: 100
  wind_lifetime: 20
  solar_capex: 1000.0
  solar_opex: 10
  solar_lifetime: 20
  carbon_price: 1.0
timeseries_values:
  load_level: 234075.77217045467
  wind_year: 2018
  solar_year: 2014
  price_year: 2023
  carbon_year: 2023
storage_values:
  CAES:
    cost: 35.3938
    lifetime: 28.7822
    annual_cost: 1.2297114188630474
    efficiency: 0.586536
    discharge_ratio: 0.1
    depth_of_discharge: 0.4
  Li-ion:
    cost: 160.574
    lifetime: 23.0009
    annual_cost: 6.98120508327935
    efficiency: 0.8586
    discharge_ratio: 2
    depth_of_discharge: 0.9
  Pb-acid:
    cost: 114.569
    lifetime: 13.4321
    annual_cost: 8.529492782215737
    efficiency: 0.683646
    discharge_ratio: 5
    depth_of_discharge: 0.5
  VRBF:
    cost: 263.452
    lifetime: 16.7003
    annual_cost: 15.775285473913643
    efficiency: 0.757575
    discharge_ratio: 0.5
    depth_of_discharge: 1.0
