cost_values:
  wind_capex: 5000.0
  wind_opex: 100
  wind_lifetime: 20
  solar_capex: 1000.0
  solar_opex: 10
  solar_lifetime: 20
  carbon_price: 1.0
timeseries_values:
  load_level: 233517.99475067863
  wind_year: 2017
  solar_year: 2013
  price_year: 2023
  carbon_year: 2023
storage_values:
  CAES:
    cost: 72.801
    lifetime: 23.6306
    annual_cost: 3.080793547349623
    efficiency: 0.597215
    discharge_ratio: 0.1
    depth_of_discharge: 0.4
  Li-ion:
    cost: 210.103
    lifetime: 14.4607
    annual_cost: 14.529241323034157
    efficiency: 0.931042
    discharge_ratio: 2
    depth_of_discharge: 0.9
  Pb-acid:
    cost: 155.404
    lifetime: 14.5553
    annual_cost: 10.676798142257459
    efficiency: 0.691953
    discharge_ratio: 5
    depth_of_discharge: 0.5
  VRBF:
    cost: 346.705
    lifetime: 20.6488
    annual_cost: 16.79056410057727
    efficiency: 0.758541
    discharge_ratio: 0.5
    depth_of_discharge: 1.0
