cost_values:
  wind_capex: 5000.0
  wind_opex: 100
  wind_lifetime: 20
  solar_capex: 1000.0
  solar_opex: 10
  solar_lifetime: 20
  carbon_price: 1.0
timeseries_values:
  load_level: 233517.99475067863
  wind_year: 2017
  solar_year: 2013
  price_year: 2023
  carbon_year: 2023
storage_values:
  CAES:
    cost: 70.1013
    lifetime: 23.7002
    annual_cost: 2.957835798854018
    efficiency: 0.594803
    discharge_ratio: 0.1
    depth_of_discharge: 0.4
  Li-ion:
    cost: 192.682
    lifetime: 18.3973
    annual_cost: 10.47338468144782
    efficiency: 0.941343
    discharge_ratio: 2
    depth_of_discharge: 0.9
  Pb-acid:
    cost: 156.369
    lifetime: 14.8287
    annual_cost: 10.545024176090958
    efficiency: 0.696568
    discharge_ratio: 5
    depth_of_discharge: 0.5
  VRBF:
    cost: 332.832
    lifetime: 24.418
    annual_cost: 13.630600376771234
    efficiency: 0.78338
    discharge_ratio: 0.5
    depth_of_discharge: 1.0
