cost_values:
  wind_capex: 5000.0
  wind_opex: 100
  wind_lifetime: 20
  solar_capex: 1000.0
  solar_opex: 10
  solar_lifetime: 20
  carbon_price: 1.0
timeseries_values:
  load_level: 233517.99475067863
  wind_year: 2017
  solar_year: 2013
  price_year: 2023
  carbon_year: 2023
storage_values:
  CAES:
    cost: 71.1205
    lifetime: 23.3338
    annual_cost: 3.0479604693620415
    efficiency: 0.58688
    discharge_ratio: 0.1
    depth_of_discharge: 0.4
  Li-ion:
    cost: 180.305
    lifetime: 18.1338
    annual_cost: 9.943034554257794
    efficiency: 0.923446
    discharge_ratio: 2
    depth_of_discharge: 0.9
  Pb-acid:
    cost: 157.552
    lifetime: 15.6067
    annual_cost: 10.09515144136813
    efficiency: 0.686532
    discharge_ratio: 5
    depth_of_discharge: 0.5
  VRBF:
    cost: 348.674
    lifetime: 22.0826
    annual_cost: 15.789535652504686
    efficiency: 0.766608
    discharge_ratio: 0.5
    depth_of_discharge: 1.0
