cost_values:
  wind_capex: 5000.0
  wind_opex: 100
  wind_lifetime: 20
  solar_capex: 1000.0
  solar_opex: 10
  solar_lifetime: 20
  carbon_price: 1.0
timeseries_values:
  load_level: 233517.99475067863
  wind_year: 2017
  solar_year: 2013
  price_year: 2023
  carbon_year: 2023
storage_values:
  CAES:
    cost: 73.5935
    lifetime: 23.2023
    annual_cost: 3.1718191730992187
    efficiency: 0.595527
    discharge_ratio: 0.1
    depth_of_discharge: 0.4
  Li-ion:
    cost: 174.306
    lifetime: 17.9115
    annual_cost: 9.731513273595176
    efficiency: 0.940208
    discharge_ratio: 2
    depth_of_discharge: 0.9
  Pb-acid:
    cost: 158.655
    lifetime: 15.0952
    annual_cost: 10.510294663204197
    efficiency: 0.684488
    discharge_ratio: 5
    depth_of_discharge: 0.5
  VRBF:
    cost: 355.841
    lifetime: 24.8339
    annual_cost: 14.328840818397433
    efficiency: 0.767123
    discharge_ratio: 0.5
    depth_of_discharge: 1.0
