cost_values:
  wind_capex: 5000.0
  wind_opex: 100
  wind_lifetime: 20
  solar_capex: 1000.0
  solar_opex: 10
  solar_lifetime: 20
  carbon_price: 1.0
timeseries_values:
  load_level: 233517.99475067863
  wind_year: 2017
  solar_year: 2013
  price_year: 2023
  carbon_year: 2023
storage_values:
  CAES:
    cost: 76.1134
    lifetime: 23.1472
    annual_cost: 3.288233566046865
    efficiency: 0.600435
    discharge_ratio: 0.1
    depth_of_discharge: 0.4
  Li-ion:
    cost: 191.71
    lifetime: 15.795
    annual_cost: 12.13738524849636
    efficiency: 0.927146
    discharge_ratio: 2
    depth_of_discharge: 0.9
  Pb-acid:
    cost: 161.939
    lifetime: 14.4606
    annual_cost: 11.19863629448294
    efficiency: 0.702088
    discharge_ratio: 5
    depth_of_discharge: 0.5
  VRBF:
    cost: 376.215
    lifetime: 20.0464
    annual_cost: 18.767210072631496
    efficiency: 0.791273
    discharge_ratio: 0.5
    depth_of_discharge: 1.0
