cost_values:
  wind_capex: 5000.0
  wind_opex: 100
  wind_lifetime: 20
  solar_capex: 1000.0
  solar_opex: 10
  solar_lifetime: 20
  carbon_price: 1.0
timeseries_values:
  load_level: 233517.99475067863
  wind_year: 2017
  solar_year: 2013
  price_year: 2023
  carbon_year: 2023
storage_values:
  CAES:
    cost: 70.4249
    lifetime: 24.0362
    annual_cost: 2.9299514898361636
    efficiency: 0.589581
    discharge_ratio: 0.1
    depth_of_discharge: 0.4
  Li-ion:
    cost: 197.388
    lifetime: 15.2841
    annual_cost: 12.91459752291597
    efficiency: 0.931753
    discharge_ratio: 2
    depth_of_discharge: 0.9
  Pb-acid:
    cost: 161.302
    lifetime: 16.0942
    annual_cost: 10.022368306594922
    efficiency: 0.658332
    discharge_ratio: 5
    depth_of_discharge: 0.5
  VRBF:
    cost: 307.251
    lifetime: 19.2713
    annual_cost: 15.943449585653276
    efficiency: 0.800777
    discharge_ratio: 0.5
    depth_of_discharge: 1.0
