cost_values:
  wind_capex: 5000.0
  wind_opex: 100
  wind_lifetime: 20
  solar_capex: 1000.0
  solar_opex: 10
  solar_lifetime: 20
  carbon_price: 1.0
timeseries_values:
  load_level: 233517.99475067863
  wind_year: 2017
  solar_year: 2013
  price_year: 2023
  carbon_year: 2023
storage_values:
  CAES:
    cost: 73.9646
    lifetime: 21.8011
    annual_cost: 3.3927003683300385
    efficiency: 0.59885
    discharge_ratio: 0.1
    depth_of_discharge: 0.4
  Li-ion:
    cost: 189.664
    lifetime: 16.0202
    annual_cost: 11.839053195340883
    efficiency: 0.930674
    discharge_ratio: 2
    depth_of_discharge: 0.9
  Pb-acid:
    cost: 159.415
    lifetime: 13.2963
    annual_cost: 11.989425629686453
    efficiency: 0.676095
    discharge_ratio: 5
    depth_of_discharge: 0.5
  VRBF:
    cost: 334.806
    lifetime: 22.123
    annual_cost: 15.13384260724133
    efficiency: 0.770217
    discharge_ratio: 0.5
    depth_of_discharge: 1.0
