cost_values:
  wind_capex: 5000.0
  wind_opex: 100
  wind_lifetime: 20
  solar_capex: 1000.0
  solar_opex: 10
  solar_lifetime: 20
  carbon_price: 1.0
timeseries_values:
  load_level: 233517.99475067863
  wind_year: 2017
  solar_year: 2013
  price_year: 2023
  carbon_year: 2023
storage_values:
  CAES:
    cost: 73.864
    lifetime: 23.6989
    annual_cost: 3.116769132744558
    efficiency: 0.597159
    discharge_ratio: 0.1
    depth_of_discharge: 0.4
  Li-ion:
    cost: 195.039
    lifetime: 15.7091
    annual_cost: 12.415669898339178
    efficiency: 0.926534
    discharge_ratio: 2
    depth_of_discharge: 0.9
  Pb-acid:
    cost: 169.404
    lifetime: 14.311
    annual_cost: 11.83732792956467
    efficiency: 0.677443
    discharge_ratio: 5
    depth_of_discharge: 0.5
  VRBF:
    cost: 372.391
    lifetime: 23.3509
    annual_cost: 15.947608015108626
    efficiency: 0.766802
    discharge_ratio: 0.5
    depth_of_discharge: 1.0
