cost_values:
  wind_capex: 5000.0
  wind_opex: 100
  wind_lifetime: 20
  solar_capex: 1000.0
  solar_opex: 10
  solar_lifetime: 20
  carbon_price: 1.0
timeseries_values:
  load_level: 233517.99475067863
  wind_year: 2017
  solar_year: 2013
  price_year: 2023
  carbon_year: 2023
storage_values:
  CAES:
    cost: 78.3899
    lifetime: 22.9918
    annual_cost: 3.4094720726519885
    efficiency: 0.598345
    discharge_ratio: 0.1
    depth_of_discharge: 0.4
  Li-ion:
    cost: 221.945
    lifetime: 16.8576
    annual_cost: 13.165871772968867
    efficiency: 0.929111
    discharge_ratio: 2
    depth_of_discharge: 0.9
  Pb-acid:
    cost: 166.892
    lifetime: 15.8103
    annual_cost: 10.55590343004244
    efficiency: 0.687425
    discharge_ratio: 5
    depth_of_discharge: 0.5
  VRBF:
    cost: 343.039
    lifetime: 20.9798
    annual_cost: 16.350918502559605
    efficiency: 0.784745
    discharge_ratio: 0.5
    depth_of_discharge: 1.0
