cost_values:
  wind_capex: 5000.0
  wind_opex: 100
  wind_lifetime: 20
  solar_capex: 1000.0
  solar_opex: 10
  solar_lifetime: 20
  carbon_price: 1.0
timeseries_values:
  load_level: 233517.99475067863
  wind_year: 2017
  solar_year: 2013
  price_year: 2023
  carbon_year: 2023
storage_values:
  CAES:
    cost: 70.1124
    lifetime: 22.7825
    annual_cost: 3.0774673543289803
    efficiency: 0.596034
    discharge_ratio: 0.1
    depth_of_discharge: 0.4
  Li-ion:
    cost: 205.861
    lifetime: 15.6162
    annual_cost: 13.182528399994878
    efficiency: 0.913069
    discharge_ratio: 2
    depth_of_discharge: 0.9
  Pb-acid:
    cost: 181.386
    lifetime: 15.5413
    annual_cost: 11.671224414945982
    efficiency: 0.678973
    discharge_ratio: 5
    depth_of_discharge: 0.5
  VRBF:
    cost: 375.096
    lifetime: 21.0751
    annual_cost: 17.798065015112623
    efficiency: 0.776293
    discharge_ratio: 0.5
    depth_of_discharge: 1.0
