cost_values:
  wind_capex: 5000.0
  wind_opex: 100
  wind_lifetime: 20
  solar_capex: 1000.0
  solar_opex: 10
  solar_lifetime: 20
  carbon_price: 1.0
timeseries_values:
  load_level: 233517.99475067863
  wind_year: 2017
  solar_year: 2013
  price_year: 2023
  carbon_year: 2023
storage_values:
  CAES:
    cost: 75.2862
    lifetime: 23.4817
    annual_cost: 3.2061648006745678
    efficiency: 0.607092
    discharge_ratio: 0.1
    depth_of_discharge: 0.4
  Li-ion:
    cost: 210.497
    lifetime: 16.9306
    annual_cost: 12.43293208746294
    efficiency: 0.922429
    discharge_ratio: 2
    depth_of_discharge: 0.9
  Pb-acid:
    cost: 190.419
    lifetime: 15.9812
    annual_cost: 11.915187845718721
    efficiency: 0.68067
    discharge_ratio: 5
    depth_of_discharge: 0.5
  VRBF:
    cost: 354.485
    lifetime: 23.3805
    annual_cost: 15.161566262483694
    efficiency: 0.768386
    discharge_ratio: 0.5
    depth_of_discharge: 1.0
