cost_values:
  wind_capex: 5000.0
  wind_opex: 100
  wind_lifetime: 20
  solar_capex: 1000.0
  solar_opex: 10
  solar_lifetime: 20
  carbon_price: 1.0
timeseries_values:
  load_level: 233517.99475067863
  wind_year: 2017
  solar_year: 2013
  price_year: 2023
  carbon_year: 2023
storage_values:
  CAES:
    cost: 72.2411
    lifetime: 23.6286
    annual_cost: 3.0573584554311304
    efficiency: 0.60205
    discharge_ratio: 0.1
    depth_of_discharge: 0.4
  Li-ion:
    cost: 195.263
    lifetime: 16.9855
    annual_cost: 11.495864119395957
    efficiency: 0.933218
    discharge_ratio: 2
    depth_of_discharge: 0.9
  Pb-acid:
    cost: 184.023
    lifetime: 15.5085
    annual_cost: 11.865944482058227
    efficiency: 0.685833
    discharge_ratio: 5
    depth_of_discharge: 0.5
  VRBF:
    cost: 330.592
    lifetime: 22.7059
    annual_cost: 14.5597399794767
    efficiency: 0.789537
    discharge_ratio: 0.5
    depth_of_discharge: 1.0
