cost_values:
  wind_capex: 5000.0
  wind_opex: 100
  wind_lifetime: 20
  solar_capex: 1000.0
  solar_opex: 10
  solar_lifetime: 20
  carbon_price: 1.0
timeseries_values:
  load_level: 233517.99475067863
  wind_year: 2017
  solar_year: 2013
  price_year: 2023
  carbon_year: 2023
storage_values:
  CAES:
    cost: 79.1734
    lifetime: 23.5439
    annual_cost: 3.362798856604046
    efficiency: 0.590747
    discharge_ratio: 0.1
    depth_of_discharge: 0.4
  Li-ion:
    cost: 169.095
    lifetime: 15.8919
    annual_cost: 10.640326203915203
    efficiency: 0.922568
    discharge_ratio: 2
    depth_of_discharge: 0.9
  Pb-acid:
    cost: 158.753
    lifetime: 14.3039
    annual_cost: 11.098581505743187
    efficiency: 0.688032
    discharge_ratio: 5
    depth_of_discharge: 0.5
  VRBF:
    cost: 366.896
    lifetime: 21.4574
    annual_cost: 17.098809734637
    efficiency: 0.783475
    discharge_ratio: 0.5
    depth_of_discharge: 1.0
