cost_values:
  wind_capex: 5000.0
  wind_opex: 100
  wind_lifetime: 20
  solar_capex: 1000.0
  solar_opex: 10
  solar_lifetime: 20
  carbon_price: 1.0
timeseries_values:
  load_level: 233517.99475067863
  wind_year: 2017
  solar_year: 2013
  price_year: 2023
  carbon_year: 2023
storage_values:
  CAES:
    cost: 73.2864
    lifetime: 24.6628
    annual_cost: 2.971536078628542
    efficiency: 0.599183
    discharge_ratio: 0.1
    depth_of_discharge: 0.4
  Li-ion:
    cost: 211.308
    lifetime: 15.9551
    annual_cost: 13.243915738541281
    efficiency: 0.927238
    discharge_ratio: 2
    depth_of_discharge: 0.9
  Pb-acid:
    cost: 172.628
    lifetime: 15.2253
    annual_cost: 11.338233072583133
    efficiency: 0.672533
    discharge_ratio: 5
    depth_of_discharge: 0.5
  VRBF:
    cost: 365.608
    lifetime: 22.2126
    annual_cost: 16.45948695785275
    efficiency: 0.768424
    discharge_ratio: 0.5
    depth_of_discharge: 1.0
