cost_values:
  wind_capex: 5000.0
  wind_opex: 100
  wind_lifetime: 20
  solar_capex: 1000.0
  solar_opex: 10
  solar_lifetime: 20
  carbon_price: 1.0
timeseries_values:
  load_level: 233517.99475067863
  wind_year: 2017
  solar_year: 2013
  price_year: 2023
  carbon_year: 2023
storage_values:
  CAES:
    cost: 76.9414
    lifetime: 23.806
    annual_cost: 3.2320171385365035
    efficiency: 0.588615
    discharge_ratio: 0.1
    depth_of_discharge: 0.4
  Li-ion:
    cost: 184.532
    lifetime: 16.0264
    annual_cost: 11.51425148504967
    efficiency: 0.94038
    discharge_ratio: 2
    depth_of_discharge: 0.9
  Pb-acid:
    cost: 152.273
    lifetime: 16.8518
    annual_cost: 9.036008022881829
    efficiency: 0.688248
    discharge_ratio: 5
    depth_of_discharge: 0.5
  VRBF:
    cost: 303.289
    lifetime: 22.4082
    annual_cost: 13.534732821020874
    efficiency: 0.766918
    discharge_ratio: 0.5
    depth_of_discharge: 1.0
