cost_values:
  wind_capex: 5000.0
  wind_opex: 100
  wind_lifetime: 20
  solar_capex: 1000.0
  solar_opex: 10
  solar_lifetime: 20
  carbon_price: 1.0
timeseries_values:
  load_level: 233517.99475067863
  wind_year: 2017
  solar_year: 2013
  price_year: 2023
  carbon_year: 2023
storage_values:
  CAES:
    cost: 77.1932
    lifetime: 23.3256
    annual_cost: 3.309376822032445
    efficiency: 0.611059
    discharge_ratio: 0.1
    depth_of_discharge: 0.4
  Li-ion:
    cost: 199.517
    lifetime: 18.9249
    annual_cost: 10.542565614613551
    efficiency: 0.912553
    discharge_ratio: 2
    depth_of_discharge: 0.9
  Pb-acid:
    cost: 174.216
    lifetime: 15.0036
    annual_cost: 11.611613212828921
    efficiency: 0.685678
    discharge_ratio: 5
    depth_of_discharge: 0.5
  VRBF:
    cost: 310.435
    lifetime: 23.7572
    annual_cost: 13.066986008452174
    efficiency: 0.784631
    discharge_ratio: 0.5
    depth_of_discharge: 1.0
