cost_values:
  wind_capex: 5000.0
  wind_opex: 100
  wind_lifetime: 20
  solar_capex: 1000.0
  solar_opex: 10
  solar_lifetime: 20
  carbon_price: 1.0
timeseries_values:
  load_level: 233517.99475067863
  wind_year: 2017
  solar_year: 2013
  price_year: 2023
  carbon_year: 2023
storage_values:
  CAES:
    cost: 74.0254
    lifetime: 23.3483
    annual_cost: 3.170483504152337
    efficiency: 0.605666
    discharge_ratio: 0.1
    depth_of_discharge: 0.4
  Li-ion:
    cost: 214.537
    lifetime: 16.5398
    annual_cost: 12.970954908765524
    efficiency: 0.911747
    discharge_ratio: 2
    depth_of_discharge: 0.9
  Pb-acid:
    cost: 198.911
    lifetime: 15.9138
    annual_cost: 12.499277356759542
    efficiency: 0.674609
    discharge_ratio: 5
    depth_of_discharge: 0.5
  VRBF:
    cost: 339.565
    lifetime: 22.734
    annual_cost: 14.936438814111021
    efficiency: 0.771833
    discharge_ratio: 0.5
    depth_of_discharge: 1.0
