cost_values:
  wind_capex: 5000.0
  wind_opex: 100
  wind_lifetime: 20
  solar_capex: 1000.0
  solar_opex: 10
  solar_lifetime: 20
  carbon_price: 1.0
timeseries_values:
  load_level: 233517.99475067863
  wind_year: 2017
  solar_year: 2013
  price_year: 2023
  carbon_year: 2023
storage_values:
  CAES:
    cost: 74.8099
    lifetime: 24.0322
    annual_cost: 3.1129026888924027
    efficiency: 0.609752
    discharge_ratio: 0.1
    depth_of_discharge: 0.4
  Li-ion:
    cost: 199.335
    lifetime: 14.1479
    annual_cost: 14.089370153874427
    efficiency: 0.928884
    discharge_ratio: 2
    depth_of_discharge: 0.9
  Pb-acid:
    cost: 178.453
    lifetime: 15.5283
    annual_cost: 11.492114397583768
    efficiency: 0.700727
    discharge_ratio: 5
    depth_of_discharge: 0.5
  VRBF:
    cost: 352.7
    lifetime: 20.34
    annual_cost: 17.340216322517207
    efficiency: 0.774054
    discharge_ratio: 0.5
    depth_of_discharge: 1.0
