cost_values:
  wind_capex: 5000.0
  wind_opex: 100
  wind_lifetime: 20
  solar_capex: 1000.0
  solar_opex: 10
  solar_lifetime: 20
  carbon_price: 1.0
timeseries_values:
  load_level: 233517.99475067863
  wind_year: 2017
  solar_year: 2013
  price_year: 2023
  carbon_year: 2023
storage_values:
  CAES:
    cost: 71.0125
    lifetime: 23.2922
    annual_cost: 3.0487673985282626
    efficiency: 0.602854
    discharge_ratio: 0.1
    depth_of_discharge: 0.4
  Li-ion:
    cost: 170.165
    lifetime: 16.6008
    annual_cost: 10.250409618813551
    efficiency: 0.925815
    discharge_ratio: 2
    depth_of_discharge: 0.9
  Pb-acid:
    cost: 170.213
    lifetime: 15.0763
    annual_cost: 11.290104335944495
    efficiency: 0.684275
    discharge_ratio: 5
    depth_of_discharge: 0.5
  VRBF:
    cost: 343.314
    lifetime: 22.716
    annual_cost: 15.113312202852615
    efficiency: 0.764535
    discharge_ratio: 0.5
    depth_of_discharge: 1.0
