cost_values:
  wind_capex: 5000.0
  wind_opex: 100
  wind_lifetime: 20
  solar_capex: 1000.0
  solar_opex: 10
  solar_lifetime: 20
  carbon_price: 1.0
timeseries_values:
  load_level: 233517.99475067863
  wind_year: 2017
  solar_year: 2013
  price_year: 2023
  carbon_year: 2023
storage_values:
  CAES:
    cost: 72.8893
    lifetime: 23.0735
    annual_cost: 3.1590049190629945
    efficiency: 0.599042
    discharge_ratio: 0.1
    depth_of_discharge: 0.4
  Li-ion:
    cost: 185.375
    lifetime: 16.1914
    annual_cost: 11.44897908766382
    efficiency: 0.933348
    discharge_ratio: 2
    depth_of_discharge: 0.9
  Pb-acid:
    cost: 176.965
    lifetime: 15.2971
    annual_cost: 11.568532597681914
    efficiency: 0.687169
    discharge_ratio: 5
    depth_of_discharge: 0.5
  VRBF:
    cost: 374.229
    lifetime: 20.9987
    annual_cost: 17.821531809111992
    efficiency: 0.774091
    discharge_ratio: 0.5
    depth_of_discharge: 1.0
