cost_values:
  wind_capex: 5000.0
  wind_opex: 100
  wind_lifetime: 20
  solar_capex: 1000.0
  solar_opex: 10
  solar_lifetime: 20
  carbon_price: 1.0
timeseries_values:
  load_level: 233517.99475067863
  wind_year: 2017
  solar_year: 2013
  price_year: 2023
  carbon_year: 2023
storage_values:
  CAES:
    cost: 74.6726
    lifetime: 22.8842
    annual_cost: 3.2630635984653167
    efficiency: 0.595597
    discharge_ratio: 0.1
    depth_of_discharge: 0.4
  Li-ion:
    cost: 193.253
    lifetime: 16.7163
    annual_cost: 11.560752080304852
    efficiency: 0.924743
    discharge_ratio: 2
    depth_of_discharge: 0.9
  Pb-acid:
    cost: 172.861
    lifetime: 14.8881
    annual_cost: 11.610682357050262
    efficiency: 0.673266
    discharge_ratio: 5
    depth_of_discharge: 0.5
  VRBF:
    cost: 355.452
    lifetime: 22.9315
    annual_cost: 15.500599611887578
    efficiency: 0.771463
    discharge_ratio: 0.5
    depth_of_discharge: 1.0
