cost_values:
  wind_capex: 5000.0
  wind_opex: 100
  wind_lifetime: 20
  solar_capex: 1000.0
  solar_opex: 10
  solar_lifetime: 20
  carbon_price: 1.0
timeseries_values:
  load_level: 233517.99475067863
  wind_year: 2017
  solar_year: 2013
  price_year: 2023
  carbon_year: 2023
storage_values:
  CAES:
    cost: 78.699
    lifetime: 23.1068
    annual_cost: 3.4058805200200806
    efficiency: 0.593871
    discharge_ratio: 0.1
    depth_of_discharge: 0.4
  Li-ion:
    cost: 186.529
    lifetime: 15.2243
    annual_cost: 12.252057565865098
    efficiency: 0.942452
    discharge_ratio: 2
    depth_of_discharge: 0.9
  Pb-acid:
    cost: 157.052
    lifetime: 15.8936
    annual_cost: 9.881461720440932
    efficiency: 0.690433
    discharge_ratio: 5
    depth_of_discharge: 0.5
  VRBF:
    cost: 351.615
    lifetime: 22.8206
    annual_cost: 15.407789453388606
    efficiency: 0.797174
    discharge_ratio: 0.5
    depth_of_discharge: 1.0
