cost_values:
  wind_capex: 5000.0
  wind_opex: 100
  wind_lifetime: 20
  solar_capex: 1000.0
  solar_opex: 10
  solar_lifetime: 20
  carbon_price: 1.0
timeseries_values:
  load_level: 233517.99475067863
  wind_year: 2017
  solar_year: 2013
  price_year: 2023
  carbon_year: 2023
storage_values:
  CAES:
    cost: 75.5792
    lifetime: 22.7059
    annual_cost: 3.328615029573811
    efficiency: 0.597058
    discharge_ratio: 0.1
    depth_of_discharge: 0.4
  Li-ion:
    cost: 188.882
    lifetime: 18.0111
    annual_cost: 10.486977475001527
    efficiency: 0.93057
    discharge_ratio: 2
    depth_of_discharge: 0.9
  Pb-acid:
    cost: 155.354
    lifetime: 15.9184
    annual_cost: 9.759397929440146
    efficiency: 0.697478
    discharge_ratio: 5
    depth_of_discharge: 0.5
  VRBF:
    cost: 349.136
    lifetime: 21.7166
    annual_cost: 16.07691811793743
    efficiency: 0.758761
    discharge_ratio: 0.5
    depth_of_discharge: 1.0
