cost_values:
  wind_capex: 5000.0
  wind_opex: 100
  wind_lifetime: 20
  solar_capex: 1000.0
  solar_opex: 10
  solar_lifetime: 20
  carbon_price: 1.0
timeseries_values:
  load_level: 233517.99475067863
  wind_year: 2017
  solar_year: 2013
  price_year: 2023
  carbon_year: 2023
storage_values:
  CAES:
    cost: 76.1463
    lifetime: 23.1591
    annual_cost: 3.2879645582082206
    efficiency: 0.590214
    discharge_ratio: 0.1
    depth_of_discharge: 0.4
  Li-ion:
    cost: 193.59
    lifetime: 16.9174
    annual_cost: 11.443247780391786
    efficiency: 0.925695
    discharge_ratio: 2
    depth_of_discharge: 0.9
  Pb-acid:
    cost: 157.253
    lifetime: 14.8922
    annual_cost: 10.559420367709269
    efficiency: 0.675182
    discharge_ratio: 5
    depth_of_discharge: 0.5
  VRBF:
    cost: 326.938
    lifetime: 21.5057
    annual_cost: 15.202388204057527
    efficiency: 0.772735
    discharge_ratio: 0.5
    depth_of_discharge: 1.0
