cost_values:
  wind_capex: 5000.0
  wind_opex: 100
  wind_lifetime: 20
  solar_capex: 1000.0
  solar_opex: 10
  solar_lifetime: 20
  carbon_price: 1.0
timeseries_values:
  load_level: 233517.99475067863
  wind_year: 2017
  solar_year: 2013
  price_year: 2023
  carbon_year: 2023
storage_values:
  CAES:
    cost: 68.3318
    lifetime: 23.019
    annual_cost: 2.9684955905990704
    efficiency: 0.594596
    discharge_ratio: 0.1
    depth_of_discharge: 0.4
  Li-ion:
    cost: 196.147
    lifetime: 17.1608
    annual_cost: 11.429944990909515
    efficiency: 0.934187
    discharge_ratio: 2
    depth_of_discharge: 0.9
  Pb-acid:
    cost: 152.671
    lifetime: 15.399
    annual_cost: 9.914345087343333
    efficiency: 0.686471
    discharge_ratio: 5
    depth_of_discharge: 0.5
  VRBF:
    cost: 366.779
    lifetime: 21.7738
    annual_cost: 16.844969642414277
    efficiency: 0.77522
    discharge_ratio: 0.5
    depth_of_discharge: 1.0
