cost_values:
  wind_capex: 5000.0
  wind_opex: 100
  wind_lifetime: 20
  solar_capex: 1000.0
  solar_opex: 10
  solar_lifetime: 20
  carbon_price: 1.0
timeseries_values:
  load_level: 233517.99475067863
  wind_year: 2017
  solar_year: 2013
  price_year: 2023
  carbon_year: 2023
storage_values:
  CAES:
    cost: 74.899
    lifetime: 24.3185
    annual_cost: 3.0799185805045544
    efficiency: 0.600898
    discharge_ratio: 0.1
    depth_of_discharge: 0.4
  Li-ion:
    cost: 197.001
    lifetime: 16.6435
    annual_cost: 11.836512752726291
    efficiency: 0.923397
    discharge_ratio: 2
    depth_of_discharge: 0.9
  Pb-acid:
    cost: 158.977
    lifetime: 15.1546
    annual_cost: 10.4903461655207
    efficiency: 0.692999
    discharge_ratio: 5
    depth_of_discharge: 0.5
  VRBF:
    cost: 332.461
    lifetime: 22.1773
    annual_cost: 14.991049406374989
    efficiency: 0.773929
    discharge_ratio: 0.5
    depth_of_discharge: 1.0
