cost_values:
  wind_capex: 5000.0
  wind_opex: 100
  wind_lifetime: 20
  solar_capex: 1000.0
  solar_opex: 10
  solar_lifetime: 20
  carbon_price: 1.0
timeseries_values:
  load_level: 233517.99475067863
  wind_year: 2017
  solar_year: 2013
  price_year: 2023
  carbon_year: 2023
storage_values:
  CAES:
    cost: 75.3639
    lifetime: 23.2717
    annual_cost: 3.2384355246930823
    efficiency: 0.586763
    discharge_ratio: 0.1
    depth_of_discharge: 0.4
  Li-ion:
    cost: 197.377
    lifetime: 13.9838
    annual_cost: 14.11468985540411
    efficiency: 0.921473
    discharge_ratio: 2
    depth_of_discharge: 0.9
  Pb-acid:
    cost: 166.499
    lifetime: 14.1579
    annual_cost: 11.76014804455463
    efficiency: 0.672702
    discharge_ratio: 5
    depth_of_discharge: 0.5
  VRBF:
    cost: 348.854
    lifetime: 21.4784
    annual_cost: 16.242085071513706
    efficiency: 0.779576
    discharge_ratio: 0.5
    depth_of_discharge: 1.0
