cost_values:
  wind_capex: 5000.0
  wind_opex: 100
  wind_lifetime: 20
  solar_capex: 1000.0
  solar_opex: 10
  solar_lifetime: 20
  carbon_price: 1.0
timeseries_values:
  load_level: 233517.99475067863
  wind_year: 2017
  solar_year: 2013
  price_year: 2023
  carbon_year: 2023
storage_values:
  CAES:
    cost: 66.9483
    lifetime: 22.7593
    annual_cost: 2.9415799255688886
    efficiency: 0.603857
    discharge_ratio: 0.1
    depth_of_discharge: 0.4
  Li-ion:
    cost: 199.744
    lifetime: 15.7589
    annual_cost: 12.674996351268172
    efficiency: 0.923777
    discharge_ratio: 2
    depth_of_discharge: 0.9
  Pb-acid:
    cost: 177.933
    lifetime: 15.7637
    annual_cost: 11.28751498696372
    efficiency: 0.68163
    discharge_ratio: 5
    depth_of_discharge: 0.5
  VRBF:
    cost: 321.6
    lifetime: 22.6665
    annual_cost: 14.188339620144268
    efficiency: 0.78261
    discharge_ratio: 0.5
    depth_of_discharge: 1.0
