cost_values:
  wind_capex: 5000.0
  wind_opex: 100
  wind_lifetime: 20
  solar_capex: 1000.0
  solar_opex: 10
  solar_lifetime: 20
  carbon_price: 1.0
timeseries_values:
  load_level: 233517.99475067863
  wind_year: 2017
  solar_year: 2013
  price_year: 2023
  carbon_year: 2023
storage_values:
  CAES:
    cost: 69.1183
    lifetime: 23.407
    annual_cost: 2.95289016106293
    efficiency: 0.602744
    discharge_ratio: 0.1
    depth_of_discharge: 0.4
  Li-ion:
    cost: 200.769
    lifetime: 16.0222
    annual_cost: 12.530676186790826
    efficiency: 0.910761
    discharge_ratio: 2
    depth_of_discharge: 0.9
  Pb-acid:
    cost: 175.465
    lifetime: 14.6078
    annual_cost: 12.01173345746793
    efficiency: 0.687038
    discharge_ratio: 5
    depth_of_discharge: 0.5
  VRBF:
    cost: 339.37
    lifetime: 21.9166
    annual_cost: 15.484609839117383
    efficiency: 0.791977
    discharge_ratio: 0.5
    depth_of_discharge: 1.0
