cost_values:
  wind_capex: 5000.0
  wind_opex: 100
  wind_lifetime: 20
  solar_capex: 1000.0
  solar_opex: 10
  solar_lifetime: 20
  carbon_price: 1.0
timeseries_values:
  load_level: 233517.99475067863
  wind_year: 2017
  solar_year: 2013
  price_year: 2023
  carbon_year: 2023
storage_values:
  CAES:
    cost: 68.6159
    lifetime: 23.5567
    annual_cost: 2.9127976329451917
    efficiency: 0.594608
    discharge_ratio: 0.1
    depth_of_discharge: 0.4
  Li-ion:
    cost: 194.659
    lifetime: 15.2221
    annual_cost: 12.787920194979668
    efficiency: 0.921353
    discharge_ratio: 2
    depth_of_discharge: 0.9
  Pb-acid:
    cost: 172.39
    lifetime: 15.5489
    annual_cost: 11.08695791985285
    efficiency: 0.681733
    discharge_ratio: 5
    depth_of_discharge: 0.5
  VRBF:
    cost: 356.817
    lifetime: 21.5503
    annual_cost: 16.557402913184504
    efficiency: 0.772817
    discharge_ratio: 0.5
    depth_of_discharge: 1.0
