cost_values:
  wind_capex: 5000.0
  wind_opex: 100
  wind_lifetime: 20
  solar_capex: 1000.0
  solar_opex: 10
  solar_lifetime: 20
  carbon_price: 1.0
timeseries_values:
  load_level: 233517.99475067863
  wind_year: 2017
  solar_year: 2013
  price_year: 2023
  carbon_year: 2023
storage_values:
  CAES:
    cost: 70.1062
    lifetime: 23.6749
    annual_cost: 2.961203637607762
    efficiency: 0.606116
    discharge_ratio: 0.1
    depth_of_discharge: 0.4
  Li-ion:
    cost: 165.06
    lifetime: 17.8322
    annual_cost: 9.256289184733236
    efficiency: 0.924342
    discharge_ratio: 2
    depth_of_discharge: 0.9
  Pb-acid:
    cost: 163.372
    lifetime: 13.6562
    annual_cost: 11.963210849284575
    efficiency: 0.685946
    discharge_ratio: 5
    depth_of_discharge: 0.5
  VRBF:
    cost: 353.871
    lifetime: 22.7228
    annual_cost: 15.573388842924286
    efficiency: 0.787734
    discharge_ratio: 0.5
    depth_of_discharge: 1.0
