cost_values:
  wind_capex: 5000.0
  wind_opex: 100
  wind_lifetime: 20
  solar_capex: 1000.0
  solar_opex: 10
  solar_lifetime: 20
  carbon_price: 1.0
timeseries_values:
  load_level: 233517.99475067863
  wind_year: 2017
  solar_year: 2013
  price_year: 2023
  carbon_year: 2023
storage_values:
  CAES:
    cost: 69.8792
    lifetime: 23.8006
    annual_cost: 2.936026822853205
    efficiency: 0.589948
    discharge_ratio: 0.1
    depth_of_discharge: 0.4
  Li-ion:
    cost: 195.059
    lifetime: 16.1879
    annual_cost: 12.049679081289112
    efficiency: 0.936862
    discharge_ratio: 2
    depth_of_discharge: 0.9
  Pb-acid:
    cost: 175.314
    lifetime: 15.7102
    annual_cost: 11.159246858728723
    efficiency: 0.656699
    discharge_ratio: 5
    depth_of_discharge: 0.5
  VRBF:
    cost: 365.9
    lifetime: 21.8972
    annual_cost: 16.70989898251831
    efficiency: 0.780959
    discharge_ratio: 0.5
    depth_of_discharge: 1.0
