cost_values:
  wind_capex: 5000.0
  wind_opex: 100
  wind_lifetime: 20
  solar_capex: 1000.0
  solar_opex: 10
  solar_lifetime: 20
  carbon_price: 1.0
timeseries_values:
  load_level: 233517.99475067863
  wind_year: 2017
  solar_year: 2013
  price_year: 2023
  carbon_year: 2023
storage_values:
  CAES:
    cost: 72.156
    lifetime: 23.8327
    annual_cost: 3.0276049293617597
    efficiency: 0.59088
    discharge_ratio: 0.1
    depth_of_discharge: 0.4
  Li-ion:
    cost: 207.822
    lifetime: 17.6821
    annual_cost: 11.753241979176682
    efficiency: 0.924684
    discharge_ratio: 2
    depth_of_discharge: 0.9
  Pb-acid:
    cost: 182.23
    lifetime: 14.7032
    annual_cost: 12.393900647478098
    efficiency: 0.680284
    discharge_ratio: 5
    depth_of_discharge: 0.5
  VRBF:
    cost: 376.017
    lifetime: 22.0162
    annual_cost: 17.07910538603392
    efficiency: 0.772
    discharge_ratio: 0.5
    depth_of_discharge: 1.0
