cost_values:
  wind_capex: 5000.0
  wind_opex: 100
  wind_lifetime: 20
  solar_capex: 1000.0
  solar_opex: 10
  solar_lifetime: 20
  carbon_price: 1.0
timeseries_values:
  load_level: 233517.99475067863
  wind_year: 2017
  solar_year: 2013
  price_year: 2023
  carbon_year: 2023
storage_values:
  CAES:
    cost: 69.9261
    lifetime: 22.808
    annual_cost: 3.065858470712031
    efficiency: 0.592175
    discharge_ratio: 0.1
    depth_of_discharge: 0.4
  Li-ion:
    cost: 186.437
    lifetime: 15.6448
    annual_cost: 11.916866946205769
    efficiency: 0.926717
    discharge_ratio: 2
    depth_of_discharge: 0.9
  Pb-acid:
    cost: 164.936
    lifetime: 14.2564
    annual_cost: 11.569260121769872
    efficiency: 0.681586
    discharge_ratio: 5
    depth_of_discharge: 0.5
  VRBF:
    cost: 346.043
    lifetime: 19.6872
    annual_cost: 17.577055142427568
    efficiency: 0.803118
    discharge_ratio: 0.5
    depth_of_discharge: 1.0
