cost_values:
  wind_capex: 5000.0
  wind_opex: 100
  wind_lifetime: 20
  solar_capex: 1000.0
  solar_opex: 10
  solar_lifetime: 20
  carbon_price: 1.0
timeseries_values:
  load_level: 233517.99475067863
  wind_year: 2017
  solar_year: 2013
  price_year: 2023
  carbon_year: 2023
storage_values:
  CAES:
    cost: 73.6082
    lifetime: 22.5626
    annual_cost: 3.2623988370134644
    efficiency: 0.599268
    discharge_ratio: 0.1
    depth_of_discharge: 0.4
  Li-ion:
    cost: 194.891
    lifetime: 15.5019
    annual_cost: 12.572071810552256
    efficiency: 0.935495
    discharge_ratio: 2
    depth_of_discharge: 0.9
  Pb-acid:
    cost: 148.733
    lifetime: 14.8779
    annual_cost: 9.996908165802969
    efficiency: 0.684065
    discharge_ratio: 5
    depth_of_discharge: 0.5
  VRBF:
    cost: 381.522
    lifetime: 21.3572
    annual_cost: 17.863858558237972
    efficiency: 0.7767
    discharge_ratio: 0.5
    depth_of_discharge: 1.0
