cost_values:
  wind_capex: 5000.0
  wind_opex: 100
  wind_lifetime: 20
  solar_capex: 1000.0
  solar_opex: 10
  solar_lifetime: 20
  carbon_price: 1.0
timeseries_values:
  load_level: 233517.99475067863
  wind_year: 2017
  solar_year: 2013
  price_year: 2023
  carbon_year: 2023
storage_values:
  CAES:
    cost: 67.0931
    lifetime: 23.5129
    annual_cost: 2.8534591649690175
    efficiency: 0.576856
    discharge_ratio: 0.1
    depth_of_discharge: 0.4
  Li-ion:
    cost: 210.206
    lifetime: 17.5448
    annual_cost: 11.98109981305002
    efficiency: 0.927773
    discharge_ratio: 2
    depth_of_discharge: 0.9
  Pb-acid:
    cost: 156.131
    lifetime: 14.6639
    annual_cost: 10.647303923240067
    efficiency: 0.690712
    discharge_ratio: 5
    depth_of_discharge: 0.5
  VRBF:
    cost: 353.808
    lifetime: 21.2701
    annual_cost: 16.634054376801238
    efficiency: 0.787529
    discharge_ratio: 0.5
    depth_of_discharge: 1.0
