cost_values:
  wind_capex: 5000.0
  wind_opex: 100
  wind_lifetime: 20
  solar_capex: 1000.0
  solar_opex: 10
  solar_lifetime: 20
  carbon_price: 1.0
timeseries_values:
  load_level: 233517.99475067863
  wind_year: 2017
  solar_year: 2013
  price_year: 2023
  carbon_year: 2023
storage_values:
  CAES:
    cost: 68.7497
    lifetime: 23.9408
    annual_cost: 2.8716542471429527
    efficiency: 0.593818
    discharge_ratio: 0.1
    depth_of_discharge: 0.4
  Li-ion:
    cost: 203.003
    lifetime: 15.7723
    annual_cost: 12.870855867565288
    efficiency: 0.909402
    discharge_ratio: 2
    depth_of_discharge: 0.9
  Pb-acid:
    cost: 186.542
    lifetime: 14.5996
    annual_cost: 12.77719937532535
    efficiency: 0.685477
    discharge_ratio: 5
    depth_of_discharge: 0.5
  VRBF:
    cost: 334.743
    lifetime: 22.0028
    annual_cost: 15.2136546257749
    efficiency: 0.800063
    discharge_ratio: 0.5
    depth_of_discharge: 1.0
