cost_values:
  wind_capex: 5000.0
  wind_opex: 100
  wind_lifetime: 20
  solar_capex: 1000.0
  solar_opex: 10
  solar_lifetime: 20
  carbon_price: 1.0
timeseries_values:
  load_level: 233517.99475067863
  wind_year: 2017
  solar_year: 2013
  price_year: 2023
  carbon_year: 2023
storage_values:
  CAES:
    cost: 76.311
    lifetime: 23.589
    annual_cost: 3.2350247996947736
    efficiency: 0.593084
    discharge_ratio: 0.1
    depth_of_discharge: 0.4
  Li-ion:
    cost: 173.368
    lifetime: 14.2981
    annual_cost: 12.125247410495101
    efficiency: 0.925576
    discharge_ratio: 2
    depth_of_discharge: 0.9
  Pb-acid:
    cost: 185.835
    lifetime: 15.3995
    annual_cost: 12.067599597389526
    efficiency: 0.700172
    discharge_ratio: 5
    depth_of_discharge: 0.5
  VRBF:
    cost: 355.914
    lifetime: 21.0536
    annual_cost: 16.90513736368127
    efficiency: 0.789346
    discharge_ratio: 0.5
    depth_of_discharge: 1.0
