cost_values:
  wind_capex: 5000.0
  wind_opex: 100
  wind_lifetime: 20
  solar_capex: 1000.0
  solar_opex: 10
  solar_lifetime: 20
  carbon_price: 1.0
timeseries_values:
  load_level: 233517.99475067863
  wind_year: 2017
  solar_year: 2013
  price_year: 2023
  carbon_year: 2023
storage_values:
  CAES:
    cost: 74.466
    lifetime: 23.2054
    annual_cost: 3.208994458186456
    efficiency: 0.601638
    discharge_ratio: 0.1
    depth_of_discharge: 0.4
  Li-ion:
    cost: 193.037
    lifetime: 17.0453
    annual_cost: 11.32494001278945
    efficiency: 0.946517
    discharge_ratio: 2
    depth_of_discharge: 0.9
  Pb-acid:
    cost: 179.084
    lifetime: 14.5723
    annual_cost: 12.289343480438914
    efficiency: 0.66519
    discharge_ratio: 5
    depth_of_discharge: 0.5
  VRBF:
    cost: 337.65
    lifetime: 21.2439
    annual_cost: 15.89397427026111
    efficiency: 0.778982
    discharge_ratio: 0.5
    depth_of_discharge: 1.0
