cost_values:
  wind_capex: 5000.0
  wind_opex: 100
  wind_lifetime: 20
  solar_capex: 1000.0
  solar_opex: 10
  solar_lifetime: 20
  carbon_price: 1.0
timeseries_values:
  load_level: 264697.7299346496
  wind_year: 2010
  solar_year: 2012
  price_year: 2023
  carbon_year: 2023
storage_values:
  CAES:
    cost: 49.5578
    lifetime: 24.7194
    annual_cost: 2.004814032703059
    efficiency: 0.622037
    discharge_ratio: 0.1
    depth_of_discharge: 0.4
  Li-ion:
    cost: 222.196
    lifetime: 18.6249
    annual_cost: 11.930050631144328
    efficiency: 0.906821
    discharge_ratio: 2
    depth_of_discharge: 0.9
  Pb-acid:
    cost: 215.871
    lifetime: 7.62514
    annual_cost: 28.310431021594358
    efficiency: 0.682311
    discharge_ratio: 5
    depth_of_discharge: 0.5
  VRBF:
    cost: 218.735
    lifetime: 14.5577
    annual_cost: 15.02538175673355
    efficiency: 0.807826
    discharge_ratio: 0.5
    depth_of_discharge: 1.0
