cost_values:
  wind_capex: 5000.0
  wind_opex: 100
  wind_lifetime: 20
  solar_capex: 1000.0
  solar_opex: 10
  solar_lifetime: 20
  carbon_price: 1.0
timeseries_values:
  load_level: 264697.7299346496
  wind_year: 2010
  solar_year: 2012
  price_year: 2023
  carbon_year: 2023
storage_values:
  CAES:
    cost: 45.6037
    lifetime: 24.2539
    annual_cost: 1.8802625557126895
    efficiency: 0.632239
    discharge_ratio: 0.1
    depth_of_discharge: 0.4
  Li-ion:
    cost: 239.088
    lifetime: 20.3328
    annual_cost: 11.758734655335223
    efficiency: 0.900524
    discharge_ratio: 2
    depth_of_discharge: 0.9
  Pb-acid:
    cost: 214.547
    lifetime: 7.15198
    annual_cost: 29.99826621439098
    efficiency: 0.655479
    discharge_ratio: 5
    depth_of_discharge: 0.5
  VRBF:
    cost: 204.784
    lifetime: 15.7741
    annual_cost: 12.982293760024342
    efficiency: 0.797005
    discharge_ratio: 0.5
    depth_of_discharge: 1.0
