cost_values:
  wind_capex: 5000.0
  wind_opex: 100
  wind_lifetime: 20
  solar_capex: 1000.0
  solar_opex: 10
  solar_lifetime: 20
  carbon_price: 1.0
timeseries_values:
  load_level: 264697.7299346496
  wind_year: 2010
  solar_year: 2012
  price_year: 2023
  carbon_year: 2023
storage_values:
  CAES:
    cost: 44.8563
    lifetime: 23.6355
    annual_cost: 1.8978358824649362
    efficiency: 0.634958
    discharge_ratio: 0.1
    depth_of_discharge: 0.4
  Li-ion:
    cost: 205.754
    lifetime: 21.4124
    annual_cost: 9.609105004576787
    efficiency: 0.921074
    discharge_ratio: 2
    depth_of_discharge: 0.9
  Pb-acid:
    cost: 186.973
    lifetime: 6.87285
    annual_cost: 27.204580341488615
    efficiency: 0.67064
    discharge_ratio: 5
    depth_of_discharge: 0.5
  VRBF:
    cost: 232.315
    lifetime: 14.9011
    annual_cost: 15.590459764715357
    efficiency: 0.822692
    discharge_ratio: 0.5
    depth_of_discharge: 1.0
