cost_values:
  wind_capex: 5000.0
  wind_opex: 100
  wind_lifetime: 20
  solar_capex: 1000.0
  solar_opex: 10
  solar_lifetime: 20
  carbon_price: 1.0
timeseries_values:
  load_level: 264697.7299346496
  wind_year: 2010
  solar_year: 2012
  price_year: 2023
  carbon_year: 2023
storage_values:
  CAES:
    cost: 47.2707
    lifetime: 23.0166
    annual_cost: 2.053765543129741
    efficiency: 0.624862
    discharge_ratio: 0.1
    depth_of_discharge: 0.4
  Li-ion:
    cost: 221.939
    lifetime: 20.9812
    annual_cost: 10.577993632394714
    efficiency: 0.906539
    discharge_ratio: 2
    depth_of_discharge: 0.9
  Pb-acid:
    cost: 197.217
    lifetime: 6.14953
    annual_cost: 32.07025577564464
    efficiency: 0.684022
    discharge_ratio: 5
    depth_of_discharge: 0.5
  VRBF:
    cost: 211.863
    lifetime: 14.0253
    annual_cost: 15.105773138542492
    efficiency: 0.818713
    discharge_ratio: 0.5
    depth_of_discharge: 1.0
