cost_values:
  wind_capex: 5000.0
  wind_opex: 100
  wind_lifetime: 20
  solar_capex: 1000.0
  solar_opex: 10
  solar_lifetime: 20
  carbon_price: 1.0
timeseries_values:
  load_level: 264697.7299346496
  wind_year: 2010
  solar_year: 2012
  price_year: 2023
  carbon_year: 2023
storage_values:
  CAES:
    cost: 49.4957
    lifetime: 22.5985
    annual_cost: 2.1902205898621587
    efficiency: 0.637728
    discharge_ratio: 0.1
    depth_of_discharge: 0.4
  Li-ion:
    cost: 216.419
    lifetime: 19.4918
    annual_cost: 11.103079243579351
    efficiency: 0.892132
    discharge_ratio: 2
    depth_of_discharge: 0.9
  Pb-acid:
    cost: 210.222
    lifetime: 6.68272
    annual_cost: 31.457550219072477
    efficiency: 0.685258
    discharge_ratio: 5
    depth_of_discharge: 0.5
  VRBF:
    cost: 209.405
    lifetime: 14.6033
    annual_cost: 14.339567084152211
    efficiency: 0.804599
    discharge_ratio: 0.5
    depth_of_discharge: 1.0
