cost_values:
  wind_capex: 5000.0
  wind_opex: 100
  wind_lifetime: 20
  solar_capex: 1000.0
  solar_opex: 10
  solar_lifetime: 20
  carbon_price: 1.0
timeseries_values:
  load_level: 264697.7299346496
  wind_year: 2010
  solar_year: 2012
  price_year: 2023
  carbon_year: 2023
storage_values:
  CAES:
    cost: 47.0885
    lifetime: 23.622
    annual_cost: 1.993417153500974
    efficiency: 0.629965
    discharge_ratio: 0.1
    depth_of_discharge: 0.4
  Li-ion:
    cost: 217.094
    lifetime: 18.9733
    annual_cost: 11.442079132254273
    efficiency: 0.911478
    discharge_ratio: 2
    depth_of_discharge: 0.9
  Pb-acid:
    cost: 200.916
    lifetime: 6.96039
    annual_cost: 28.865623909005098
    efficiency: 0.678645
    discharge_ratio: 5
    depth_of_discharge: 0.5
  VRBF:
    cost: 198.726
    lifetime: 14.4682
    annual_cost: 13.735364454458745
    efficiency: 0.792667
    discharge_ratio: 0.5
    depth_of_discharge: 1.0
