cost_values:
  wind_capex: 5000.0
  wind_opex: 100
  wind_lifetime: 20
  solar_capex: 1000.0
  solar_opex: 10
  solar_lifetime: 20
  carbon_price: 1.0
timeseries_values:
  load_level: 264697.7299346496
  wind_year: 2010
  solar_year: 2012
  price_year: 2023
  carbon_year: 2023
storage_values:
  CAES:
    cost: 44.3008
    lifetime: 24.6201
    annual_cost: 1.7993753071677208
    efficiency: 0.627591
    discharge_ratio: 0.1
    depth_of_discharge: 0.4
  Li-ion:
    cost: 198.032
    lifetime: 21.4813
    annual_cost: 9.218808917523614
    efficiency: 0.900254
    discharge_ratio: 2
    depth_of_discharge: 0.9
  Pb-acid:
    cost: 209.747
    lifetime: 6.1467
    annual_cost: 34.12351342997056
    efficiency: 0.679787
    discharge_ratio: 5
    depth_of_discharge: 0.5
  VRBF:
    cost: 209.898
    lifetime: 17.3129
    annual_cost: 12.123792085670223
    efficiency: 0.831886
    discharge_ratio: 0.5
    depth_of_discharge: 1.0
