cost_values:
  wind_capex: 5000.0
  wind_opex: 100
  wind_lifetime: 20
  solar_capex: 1000.0
  solar_opex: 10
  solar_lifetime: 20
  carbon_price: 1.0
timeseries_values:
  load_level: 264697.7299346496
  wind_year: 2010
  solar_year: 2012
  price_year: 2023
  carbon_year: 2023
storage_values:
  CAES:
    cost: 42.8298
    lifetime: 22.6665
    annual_cost: 1.8895638938521606
    efficiency: 0.629096
    discharge_ratio: 0.1
    depth_of_discharge: 0.4
  Li-ion:
    cost: 216.257
    lifetime: 21.8371
    annual_cost: 9.903192273699347
    efficiency: 0.900106
    discharge_ratio: 2
    depth_of_discharge: 0.9
  Pb-acid:
    cost: 195.48
    lifetime: 6.1442
    annual_cost: 31.815370593405163
    efficiency: 0.663747
    discharge_ratio: 5
    depth_of_discharge: 0.5
  VRBF:
    cost: 206.89
    lifetime: 14.7758
    annual_cost: 14.001949133041865
    efficiency: 0.816871
    discharge_ratio: 0.5
    depth_of_discharge: 1.0
