cost_values:
  wind_capex: 5000.0
  wind_opex: 100
  wind_lifetime: 20
  solar_capex: 1000.0
  solar_opex: 10
  solar_lifetime: 20
  carbon_price: 1.0
timeseries_values:
  load_level: 264697.7299346496
  wind_year: 2010
  solar_year: 2012
  price_year: 2023
  carbon_year: 2023
storage_values:
  CAES:
    cost: 52.7962
    lifetime: 23.4565
    annual_cost: 2.250813207426513
    efficiency: 0.622702
    discharge_ratio: 0.1
    depth_of_discharge: 0.4
  Li-ion:
    cost: 221.001
    lifetime: 21.3914
    annual_cost: 10.331301364099591
    efficiency: 0.917589
    discharge_ratio: 2
    depth_of_discharge: 0.9
  Pb-acid:
    cost: 179.647
    lifetime: 6.74352
    annual_cost: 26.639944717298974
    efficiency: 0.665853
    discharge_ratio: 5
    depth_of_discharge: 0.5
  VRBF:
    cost: 222.017
    lifetime: 16.6332
    annual_cost: 13.34782242743429
    efficiency: 0.801034
    discharge_ratio: 0.5
    depth_of_discharge: 1.0
