cost_values:
  wind_capex: 5000.0
  wind_opex: 100
  wind_lifetime: 20
  solar_capex: 1000.0
  solar_opex: 10
  solar_lifetime: 20
  carbon_price: 1.0
timeseries_values:
  load_level: 264697.7299346496
  wind_year: 2010
  solar_year: 2012
  price_year: 2023
  carbon_year: 2023
storage_values:
  CAES:
    cost: 48.1297
    lifetime: 23.578
    annual_cost: 2.0412969717533294
    efficiency: 0.628438
    discharge_ratio: 0.1
    depth_of_discharge: 0.4
  Li-ion:
    cost: 210.794
    lifetime: 19.8652
    annual_cost: 10.611219620240421
    efficiency: 0.907236
    discharge_ratio: 2
    depth_of_discharge: 0.9
  Pb-acid:
    cost: 225.088
    lifetime: 8.71616
    annual_cost: 25.824216168588002
    efficiency: 0.682053
    discharge_ratio: 5
    depth_of_discharge: 0.5
  VRBF:
    cost: 191.001
    lifetime: 16.6724
    annual_cost: 11.45611909503131
    efficiency: 0.810057
    discharge_ratio: 0.5
    depth_of_discharge: 1.0
