cost_values:
  wind_capex: 5000.0
  wind_opex: 100
  wind_lifetime: 20
  solar_capex: 1000.0
  solar_opex: 10
  solar_lifetime: 20
  carbon_price: 1.0
timeseries_values:
  load_level: 264697.7299346496
  wind_year: 2010
  solar_year: 2012
  price_year: 2023
  carbon_year: 2023
storage_values:
  CAES:
    cost: 50.8658
    lifetime: 23.4985
    annual_cost: 2.1646402961891185
    efficiency: 0.626977
    discharge_ratio: 0.1
    depth_of_discharge: 0.4
  Li-ion:
    cost: 203.167
    lifetime: 20.5064
    annual_cost: 9.907492295088364
    efficiency: 0.917635
    discharge_ratio: 2
    depth_of_discharge: 0.9
  Pb-acid:
    cost: 211.874
    lifetime: 6.04766
    annual_cost: 35.034046226143666
    efficiency: 0.678139
    discharge_ratio: 5
    depth_of_discharge: 0.5
  VRBF:
    cost: 222.004
    lifetime: 16.7207
    annual_cost: 13.277195332731283
    efficiency: 0.831176
    discharge_ratio: 0.5
    depth_of_discharge: 1.0
