cost_values:
  wind_capex: 5000.0
  wind_opex: 100
  wind_lifetime: 20
  solar_capex: 1000.0
  solar_opex: 10
  solar_lifetime: 20
  carbon_price: 1.0
timeseries_values:
  load_level: 264697.7299346496
  wind_year: 2010
  solar_year: 2012
  price_year: 2023
  carbon_year: 2023
storage_values:
  CAES:
    cost: 50.1813
    lifetime: 23.4601
    annual_cost: 2.1390062275949377
    efficiency: 0.642739
    discharge_ratio: 0.1
    depth_of_discharge: 0.4
  Li-ion:
    cost: 230.328
    lifetime: 19.2843
    annual_cost: 11.943809212675596
    efficiency: 0.899961
    discharge_ratio: 2
    depth_of_discharge: 0.9
  Pb-acid:
    cost: 213.686
    lifetime: 6.9785
    annual_cost: 30.62062047717991
    efficiency: 0.670906
    discharge_ratio: 5
    depth_of_discharge: 0.5
  VRBF:
    cost: 211.415
    lifetime: 18.8578
    annual_cost: 11.211010828410524
    efficiency: 0.823407
    discharge_ratio: 0.5
    depth_of_discharge: 1.0
