cost_values:
  wind_capex: 5000.0
  wind_opex: 100
  wind_lifetime: 20
  solar_capex: 1000.0
  solar_opex: 10
  solar_lifetime: 20
  carbon_price: 1.0
timeseries_values:
  load_level: 264697.7299346496
  wind_year: 2010
  solar_year: 2012
  price_year: 2023
  carbon_year: 2023
storage_values:
  CAES:
    cost: 44.3239
    lifetime: 23.7516
    annual_cost: 1.866143754526011
    efficiency: 0.629386
    discharge_ratio: 0.1
    depth_of_discharge: 0.4
  Li-ion:
    cost: 216.9
    lifetime: 21.6708
    annual_cost: 10.0088598482751
    efficiency: 0.903874
    discharge_ratio: 2
    depth_of_discharge: 0.9
  Pb-acid:
    cost: 209.482
    lifetime: 6.36773
    annual_cost: 32.89743754838852
    efficiency: 0.668287
    discharge_ratio: 5
    depth_of_discharge: 0.5
  VRBF:
    cost: 215.231
    lifetime: 16.4008
    annual_cost: 13.123201307253304
    efficiency: 0.797977
    discharge_ratio: 0.5
    depth_of_discharge: 1.0
