cost_values:
  wind_capex: 5000.0
  wind_opex: 100
  wind_lifetime: 20
  solar_capex: 1000.0
  solar_opex: 10
  solar_lifetime: 20
  carbon_price: 1.0
timeseries_values:
  load_level: 264697.7299346496
  wind_year: 2010
  solar_year: 2012
  price_year: 2023
  carbon_year: 2023
storage_values:
  CAES:
    cost: 45.4619
    lifetime: 24.3535
    annual_cost: 1.8667501591147062
    efficiency: 0.633324
    discharge_ratio: 0.1
    depth_of_discharge: 0.4
  Li-ion:
    cost: 220.569
    lifetime: 20.2226
    annual_cost: 10.907054483597559
    efficiency: 0.898506
    discharge_ratio: 2
    depth_of_discharge: 0.9
  Pb-acid:
    cost: 213.561
    lifetime: 6.43502
    annual_cost: 33.1873094411517
    efficiency: 0.674091
    discharge_ratio: 5
    depth_of_discharge: 0.5
  VRBF:
    cost: 249.846
    lifetime: 15.9931
    annual_cost: 15.622112035815446
    efficiency: 0.808257
    discharge_ratio: 0.5
    depth_of_discharge: 1.0
