cost_values:
  wind_capex: 5000.0
  wind_opex: 100
  wind_lifetime: 20
  solar_capex: 1000.0
  solar_opex: 10
  solar_lifetime: 20
  carbon_price: 1.0
timeseries_values:
  load_level: 264697.7299346496
  wind_year: 2010
  solar_year: 2012
  price_year: 2023
  carbon_year: 2023
storage_values:
  CAES:
    cost: 48.8751
    lifetime: 22.9498
    annual_cost: 2.129652545991686
    efficiency: 0.64424
    discharge_ratio: 0.1
    depth_of_discharge: 0.4
  Li-ion:
    cost: 226.956
    lifetime: 19.027
    annual_cost: 11.928102170599672
    efficiency: 0.899878
    discharge_ratio: 2
    depth_of_discharge: 0.9
  Pb-acid:
    cost: 195.439
    lifetime: 8.16554
    annual_cost: 23.934608121446956
    efficiency: 0.682672
    discharge_ratio: 5
    depth_of_discharge: 0.5
  VRBF:
    cost: 236.256
    lifetime: 16.055
    annual_cost: 14.715415758330739
    efficiency: 0.800363
    discharge_ratio: 0.5
    depth_of_discharge: 1.0
