cost_values:
  wind_capex: 5000.0
  wind_opex: 100
  wind_lifetime: 20
  solar_capex: 1000.0
  solar_opex: 10
  solar_lifetime: 20
  carbon_price: 1.0
timeseries_values:
  load_level: 264697.7299346496
  wind_year: 2010
  solar_year: 2012
  price_year: 2023
  carbon_year: 2023
storage_values:
  CAES:
    cost: 43.0092
    lifetime: 24.1406
    annual_cost: 1.781612718822233
    efficiency: 0.623878
    discharge_ratio: 0.1
    depth_of_discharge: 0.4
  Li-ion:
    cost: 224.707
    lifetime: 21.1833
    annual_cost: 10.607742891806282
    efficiency: 0.892219
    discharge_ratio: 2
    depth_of_discharge: 0.9
  Pb-acid:
    cost: 200.75
    lifetime: 6.25618
    annual_cost: 32.088271117519
    efficiency: 0.68221
    discharge_ratio: 5
    depth_of_discharge: 0.5
  VRBF:
    cost: 195.937
    lifetime: 15.2036
    annual_cost: 12.887539793206873
    efficiency: 0.805051
    discharge_ratio: 0.5
    depth_of_discharge: 1.0
