cost_values:
  wind_capex: 5000.0
  wind_opex: 100
  wind_lifetime: 20
  solar_capex: 1000.0
  solar_opex: 10
  solar_lifetime: 20
  carbon_price: 1.0
timeseries_values:
  load_level: 264697.7299346496
  wind_year: 2010
  solar_year: 2012
  price_year: 2023
  carbon_year: 2023
storage_values:
  CAES:
    cost: 45.1297
    lifetime: 24.1986
    annual_cost: 1.8649715272784377
    efficiency: 0.631528
    discharge_ratio: 0.1
    depth_of_discharge: 0.4
  Li-ion:
    cost: 235.178
    lifetime: 18.9434
    annual_cost: 12.41477242733617
    efficiency: 0.906475
    discharge_ratio: 2
    depth_of_discharge: 0.9
  Pb-acid:
    cost: 196.377
    lifetime: 6.49833
    annual_cost: 30.219610269099906
    efficiency: 0.68036
    discharge_ratio: 5
    depth_of_discharge: 0.5
  VRBF:
    cost: 230.571
    lifetime: 16.3241
    annual_cost: 14.124576546333333
    efficiency: 0.807254
    discharge_ratio: 0.5
    depth_of_discharge: 1.0
