cost_values:
  wind_capex: 5000.0
  wind_opex: 100
  wind_lifetime: 20
  solar_capex: 1000.0
  solar_opex: 10
  solar_lifetime: 20
  carbon_price: 1.0
timeseries_values:
  load_level: 264697.7299346496
  wind_year: 2010
  solar_year: 2012
  price_year: 2023
  carbon_year: 2023
storage_values:
  CAES:
    cost: 46.1659
    lifetime: 24.372
    annual_cost: 1.894218775644182
    efficiency: 0.623688
    discharge_ratio: 0.1
    depth_of_discharge: 0.4
  Li-ion:
    cost: 206.077
    lifetime: 20.2583
    annual_cost: 10.172472517437297
    efficiency: 0.911449
    discharge_ratio: 2
    depth_of_discharge: 0.9
  Pb-acid:
    cost: 210.499
    lifetime: 6.83546
    annual_cost: 30.795147656485444
    efficiency: 0.661047
    discharge_ratio: 5
    depth_of_discharge: 0.5
  VRBF:
    cost: 201.22
    lifetime: 17.1161
    annual_cost: 11.756182775281752
    efficiency: 0.821115
    discharge_ratio: 0.5
    depth_of_discharge: 1.0
