cost_values:
  wind_capex: 5000.0
  wind_opex: 100
  wind_lifetime: 20
  solar_capex: 1000.0
  solar_opex: 10
  solar_lifetime: 20
  carbon_price: 1.0
timeseries_values:
  load_level: 264697.7299346496
  wind_year: 2010
  solar_year: 2012
  price_year: 2023
  carbon_year: 2023
storage_values:
  CAES:
    cost: 41.1397
    lifetime: 23.8109
    annual_cost: 1.7277675350364747
    efficiency: 0.630142
    discharge_ratio: 0.1
    depth_of_discharge: 0.4
  Li-ion:
    cost: 230.026
    lifetime: 22.7575
    annual_cost: 10.107700757991871
    efficiency: 0.893803
    discharge_ratio: 2
    depth_of_discharge: 0.9
  Pb-acid:
    cost: 190.287
    lifetime: 6.88092
    annual_cost: 27.654296227830002
    efficiency: 0.669376
    discharge_ratio: 5
    depth_of_discharge: 0.5
  VRBF:
    cost: 210.915
    lifetime: 13.6078
    annual_cost: 15.499566425138523
    efficiency: 0.803783
    discharge_ratio: 0.5
    depth_of_discharge: 1.0
