cost_values:
  wind_capex: 5000.0
  wind_opex: 100
  wind_lifetime: 20
  solar_capex: 1000.0
  solar_opex: 10
  solar_lifetime: 20
  carbon_price: 1.0
timeseries_values:
  load_level: 264697.7299346496
  wind_year: 2010
  solar_year: 2012
  price_year: 2023
  carbon_year: 2023
storage_values:
  CAES:
    cost: 54.2869
    lifetime: 24.7446
    annual_cost: 2.193888767650316
    efficiency: 0.630813
    discharge_ratio: 0.1
    depth_of_discharge: 0.4
  Li-ion:
    cost: 225.597
    lifetime: 19.9825
    annual_cost: 11.289728512448391
    efficiency: 0.894803
    discharge_ratio: 2
    depth_of_discharge: 0.9
  Pb-acid:
    cost: 186.29
    lifetime: 5.11156
    annual_cost: 36.44484267033938
    efficiency: 0.682176
    discharge_ratio: 5
    depth_of_discharge: 0.5
  VRBF:
    cost: 250.328
    lifetime: 16.0474
    annual_cost: 15.599287111930906
    efficiency: 0.826645
    discharge_ratio: 0.5
    depth_of_discharge: 1.0
