cost_values:
  wind_capex: 5000.0
  wind_opex: 100
  wind_lifetime: 20
  solar_capex: 1000.0
  solar_opex: 10
  solar_lifetime: 20
  carbon_price: 1.0
timeseries_values:
  load_level: 264697.7299346496
  wind_year: 2010
  solar_year: 2012
  price_year: 2023
  carbon_year: 2023
storage_values:
  CAES:
    cost: 42.6066
    lifetime: 24.3608
    annual_cost: 1.748981971035434
    efficiency: 0.626487
    discharge_ratio: 0.1
    depth_of_discharge: 0.4
  Li-ion:
    cost: 229.266
    lifetime: 19.4627
    annual_cost: 11.779763342187875
    efficiency: 0.892578
    discharge_ratio: 2
    depth_of_discharge: 0.9
  Pb-acid:
    cost: 202.077
    lifetime: 6.60561
    annual_cost: 30.591724307066265
    efficiency: 0.65211
    discharge_ratio: 5
    depth_of_discharge: 0.5
  VRBF:
    cost: 201.303
    lifetime: 17.9335
    annual_cost: 11.224970028159591
    efficiency: 0.807342
    discharge_ratio: 0.5
    depth_of_discharge: 1.0
