cost_values:
  wind_capex: 5000.0
  wind_opex: 100
  wind_lifetime: 20
  solar_capex: 1000.0
  solar_opex: 10
  solar_lifetime: 20
  carbon_price: 1.0
timeseries_values:
  load_level: 264697.7299346496
  wind_year: 2010
  solar_year: 2012
  price_year: 2023
  carbon_year: 2023
storage_values:
  CAES:
    cost: 50.0538
    lifetime: 23.9479
    annual_cost: 2.0901122854195986
    efficiency: 0.631027
    discharge_ratio: 0.1
    depth_of_discharge: 0.4
  Li-ion:
    cost: 226.747
    lifetime: 22.4258
    annual_cost: 10.110988236763015
    efficiency: 0.894796
    discharge_ratio: 2
    depth_of_discharge: 0.9
  Pb-acid:
    cost: 202.861
    lifetime: 7.29728
    annual_cost: 27.799536265567443
    efficiency: 0.683494
    discharge_ratio: 5
    depth_of_discharge: 0.5
  VRBF:
    cost: 233.147
    lifetime: 15.3629
    annual_cost: 15.17597588996869
    efficiency: 0.820828
    discharge_ratio: 0.5
    depth_of_discharge: 1.0
