cost_values:
  wind_capex: 5000.0
  wind_opex: 100
  wind_lifetime: 20
  solar_capex: 1000.0
  solar_opex: 10
  solar_lifetime: 20
  carbon_price: 1.0
timeseries_values:
  load_level: 264697.7299346496
  wind_year: 2010
  solar_year: 2012
  price_year: 2023
  carbon_year: 2023
storage_values:
  CAES:
    cost: 46.0812
    lifetime: 24.2541
    annual_cost: 1.8999344440733732
    efficiency: 0.63166
    discharge_ratio: 0.1
    depth_of_discharge: 0.4
  Li-ion:
    cost: 218.982
    lifetime: 19.6157
    annual_cost: 11.16360874197709
    efficiency: 0.898144
    discharge_ratio: 2
    depth_of_discharge: 0.9
  Pb-acid:
    cost: 200.694
    lifetime: 7.00615
    annual_cost: 28.64540439471036
    efficiency: 0.652775
    discharge_ratio: 5
    depth_of_discharge: 0.5
  VRBF:
    cost: 223.913
    lifetime: 16.5124
    annual_cost: 13.560294082023209
    efficiency: 0.819584
    discharge_ratio: 0.5
    depth_of_discharge: 1.0
