cost_values:
  wind_capex: 5000.0
  wind_opex: 100
  wind_lifetime: 20
  solar_capex: 1000.0
  solar_opex: 10
  solar_lifetime: 20
  carbon_price: 1.0
timeseries_values:
  load_level: 264697.7299346496
  wind_year: 2010
  solar_year: 2012
  price_year: 2023
  carbon_year: 2023
storage_values:
  CAES:
    cost: 52.5436
    lifetime: 23.7104
    annual_cost: 2.2160570888723936
    efficiency: 0.628561
    discharge_ratio: 0.1
    depth_of_discharge: 0.4
  Li-ion:
    cost: 204.304
    lifetime: 20.8752
    annual_cost: 9.786924197133441
    efficiency: 0.902625
    discharge_ratio: 2
    depth_of_discharge: 0.9
  Pb-acid:
    cost: 218.5
    lifetime: 6.32767
    annual_cost: 34.53087787447828
    efficiency: 0.678765
    discharge_ratio: 5
    depth_of_discharge: 0.5
  VRBF:
    cost: 208.671
    lifetime: 15.9016
    annual_cost: 13.122641746742465
    efficiency: 0.828225
    discharge_ratio: 0.5
    depth_of_discharge: 1.0
