cost_values:
  wind_capex: 5000.0
  wind_opex: 100
  wind_lifetime: 20
  solar_capex: 1000.0
  solar_opex: 10
  solar_lifetime: 20
  carbon_price: 1.0
timeseries_values:
  load_level: 264697.7299346496
  wind_year: 2010
  solar_year: 2012
  price_year: 2023
  carbon_year: 2023
storage_values:
  CAES:
    cost: 48.8729
    lifetime: 23.6171
    annual_cost: 2.0693861651091794
    efficiency: 0.62975
    discharge_ratio: 0.1
    depth_of_discharge: 0.4
  Li-ion:
    cost: 218.987
    lifetime: 18.9594
    annual_cost: 11.55031277361098
    efficiency: 0.891142
    discharge_ratio: 2
    depth_of_discharge: 0.9
  Pb-acid:
    cost: 218.182
    lifetime: 6.00147
    annual_cost: 36.35475975052778
    efficiency: 0.66801
    discharge_ratio: 5
    depth_of_discharge: 0.5
  VRBF:
    cost: 247.866
    lifetime: 12.221
    annual_cost: 20.281973651910647
    efficiency: 0.813652
    discharge_ratio: 0.5
    depth_of_discharge: 1.0
