cost_values:
  wind_capex: 5000.0
  wind_opex: 100
  wind_lifetime: 20
  solar_capex: 1000.0
  solar_opex: 10
  solar_lifetime: 20
  carbon_price: 1.0
timeseries_values:
  load_level: 264697.7299346496
  wind_year: 2010
  solar_year: 2012
  price_year: 2023
  carbon_year: 2023
storage_values:
  CAES:
    cost: 45.96
    lifetime: 22.6511
    annual_cost: 2.029040532247882
    efficiency: 0.632604
    discharge_ratio: 0.1
    depth_of_discharge: 0.4
  Li-ion:
    cost: 216.942
    lifetime: 22.7441
    annual_cost: 9.538385779169104
    efficiency: 0.910238
    discharge_ratio: 2
    depth_of_discharge: 0.9
  Pb-acid:
    cost: 221.029
    lifetime: 7.19266
    annual_cost: 30.729799545647925
    efficiency: 0.686178
    discharge_ratio: 5
    depth_of_discharge: 0.5
  VRBF:
    cost: 191.606
    lifetime: 16.5399
    annual_cost: 11.584471490154112
    efficiency: 0.832552
    discharge_ratio: 0.5
    depth_of_discharge: 1.0
