cost_values:
  wind_capex: 5000.0
  wind_opex: 100
  wind_lifetime: 20
  solar_capex: 1000.0
  solar_opex: 10
  solar_lifetime: 20
  carbon_price: 1.0
timeseries_values:
  load_level: 264697.7299346496
  wind_year: 2010
  solar_year: 2012
  price_year: 2023
  carbon_year: 2023
storage_values:
  CAES:
    cost: 43.4364
    lifetime: 23.6268
    annual_cost: 1.8384377063334858
    efficiency: 0.629656
    discharge_ratio: 0.1
    depth_of_discharge: 0.4
  Li-ion:
    cost: 215.587
    lifetime: 21.4574
    annual_cost: 10.047209820388304
    efficiency: 0.893176
    discharge_ratio: 2
    depth_of_discharge: 0.9
  Pb-acid:
    cost: 180.459
    lifetime: 6.36702
    annual_cost: 28.342772600054655
    efficiency: 0.68839
    discharge_ratio: 5
    depth_of_discharge: 0.5
  VRBF:
    cost: 225.68
    lifetime: 15.0512
    annual_cost: 14.994153290103116
    efficiency: 0.806362
    discharge_ratio: 0.5
    depth_of_discharge: 1.0
