cost_values:
  wind_capex: 5000.0
  wind_opex: 100
  wind_lifetime: 20
  solar_capex: 1000.0
  solar_opex: 10
  solar_lifetime: 20
  carbon_price: 1.0
timeseries_values:
  load_level: 264697.7299346496
  wind_year: 2010
  solar_year: 2012
  price_year: 2023
  carbon_year: 2023
storage_values:
  CAES:
    cost: 48.2048
    lifetime: 23.5531
    annual_cost: 2.0466435416144795
    efficiency: 0.633742
    discharge_ratio: 0.1
    depth_of_discharge: 0.4
  Li-ion:
    cost: 232.515
    lifetime: 19.9373
    annual_cost: 11.662311346069929
    efficiency: 0.921757
    discharge_ratio: 2
    depth_of_discharge: 0.9
  Pb-acid:
    cost: 200.109
    lifetime: 7.20261
    annual_cost: 27.78284538521453
    efficiency: 0.671991
    discharge_ratio: 5
    depth_of_discharge: 0.5
  VRBF:
    cost: 194.812
    lifetime: 13.3294
    annual_cost: 14.61521148738878
    efficiency: 0.814189
    discharge_ratio: 0.5
    depth_of_discharge: 1.0
