cost_values:
  wind_capex: 5000.0
  wind_opex: 100
  wind_lifetime: 20
  solar_capex: 1000.0
  solar_opex: 10
  solar_lifetime: 20
  carbon_price: 1.0
timeseries_values:
  load_level: 264697.7299346496
  wind_year: 2010
  solar_year: 2012
  price_year: 2023
  carbon_year: 2023
storage_values:
  CAES:
    cost: 50.1895
    lifetime: 22.4784
    annual_cost: 2.232787920848459
    efficiency: 0.631843
    discharge_ratio: 0.1
    depth_of_discharge: 0.4
  Li-ion:
    cost: 218.342
    lifetime: 18.0658
    annual_cost: 12.085930321380731
    efficiency: 0.909577
    discharge_ratio: 2
    depth_of_discharge: 0.9
  Pb-acid:
    cost: 219.21
    lifetime: 5.63973
    annual_cost: 38.868882020947815
    efficiency: 0.677899
    discharge_ratio: 5
    depth_of_discharge: 0.5
  VRBF:
    cost: 258.244
    lifetime: 15.1723
    annual_cost: 17.020754928389238
    efficiency: 0.824217
    discharge_ratio: 0.5
    depth_of_discharge: 1.0
