cost_values:
  wind_capex: 5000.0
  wind_opex: 100
  wind_lifetime: 20
  solar_capex: 1000.0
  solar_opex: 10
  solar_lifetime: 20
  carbon_price: 1.0
timeseries_values:
  load_level: 264697.7299346496
  wind_year: 2010
  solar_year: 2012
  price_year: 2023
  carbon_year: 2023
storage_values:
  CAES:
    cost: 55.4963
    lifetime: 22.8857
    annual_cost: 2.4249334737412442
    efficiency: 0.634318
    discharge_ratio: 0.1
    depth_of_discharge: 0.4
  Li-ion:
    cost: 239.653
    lifetime: 20.9811
    annual_cost: 11.422327713990208
    efficiency: 0.894727
    discharge_ratio: 2
    depth_of_discharge: 0.9
  Pb-acid:
    cost: 199.685
    lifetime: 7.31743
    annual_cost: 27.28895254208103
    efficiency: 0.666957
    discharge_ratio: 5
    depth_of_discharge: 0.5
  VRBF:
    cost: 232.494
    lifetime: 17.5929
    annual_cost: 13.21521750251522
    efficiency: 0.804955
    discharge_ratio: 0.5
    depth_of_discharge: 1.0
