cost_values:
  wind_capex: 5000.0
  wind_opex: 100
  wind_lifetime: 20
  solar_capex: 1000.0
  solar_opex: 10
  solar_lifetime: 20
  carbon_price: 1.0
timeseries_values:
  load_level: 264697.7299346496
  wind_year: 2010
  solar_year: 2012
  price_year: 2023
  carbon_year: 2023
storage_values:
  CAES:
    cost: 49.3464
    lifetime: 22.1044
    annual_cost: 2.232424313711298
    efficiency: 0.621664
    discharge_ratio: 0.1
    depth_of_discharge: 0.4
  Li-ion:
    cost: 236.58
    lifetime: 20.2396
    annual_cost: 11.688966185102473
    efficiency: 0.905045
    discharge_ratio: 2
    depth_of_discharge: 0.9
  Pb-acid:
    cost: 223.097
    lifetime: 6.27204
    annual_cost: 35.57008564996397
    efficiency: 0.678266
    discharge_ratio: 5
    depth_of_discharge: 0.5
  VRBF:
    cost: 174.061
    lifetime: 16.4296
    annual_cost: 10.594354092613331
    efficiency: 0.831712
    discharge_ratio: 0.5
    depth_of_discharge: 1.0
