cost_values:
  wind_capex: 5000.0
  wind_opex: 100
  wind_lifetime: 20
  solar_capex: 1000.0
  solar_opex: 10
  solar_lifetime: 20
  carbon_price: 1.0
timeseries_values:
  load_level: 264697.7299346496
  wind_year: 2010
  solar_year: 2012
  price_year: 2023
  carbon_year: 2023
storage_values:
  CAES:
    cost: 45.3273
    lifetime: 23.5365
    annual_cost: 1.9258300936842776
    efficiency: 0.632455
    discharge_ratio: 0.1
    depth_of_discharge: 0.4
  Li-ion:
    cost: 224.055
    lifetime: 20.8286
    annual_cost: 10.757084009486954
    efficiency: 0.901957
    discharge_ratio: 2
    depth_of_discharge: 0.9
  Pb-acid:
    cost: 185.617
    lifetime: 5.68243
    annual_cost: 32.6650746247644
    efficiency: 0.669815
    discharge_ratio: 5
    depth_of_discharge: 0.5
  VRBF:
    cost: 216.243
    lifetime: 14.195
    annual_cost: 15.233744276153574
    efficiency: 0.815831
    discharge_ratio: 0.5
    depth_of_discharge: 1.0
