cost_values:
  wind_capex: 5000.0
  wind_opex: 100
  wind_lifetime: 20
  solar_capex: 1000.0
  solar_opex: 10
  solar_lifetime: 20
  carbon_price: 1.0
timeseries_values:
  load_level: 264697.7299346496
  wind_year: 2010
  solar_year: 2012
  price_year: 2023
  carbon_year: 2023
storage_values:
  CAES:
    cost: 52.8449
    lifetime: 24.1096
    annual_cost: 2.1918613332448484
    efficiency: 0.621664
    discharge_ratio: 0.1
    depth_of_discharge: 0.4
  Li-ion:
    cost: 248.887
    lifetime: 23.0029
    annual_cost: 10.819809676171266
    efficiency: 0.91303
    discharge_ratio: 2
    depth_of_discharge: 0.9
  Pb-acid:
    cost: 189.994
    lifetime: 7.51488
    annual_cost: 25.28237310509283
    efficiency: 0.683871
    discharge_ratio: 5
    depth_of_discharge: 0.5
  VRBF:
    cost: 185.906
    lifetime: 15.7129
    annual_cost: 11.831425134761885
    efficiency: 0.822708
    discharge_ratio: 0.5
    depth_of_discharge: 1.0
