cost_values:
  wind_capex: 5000.0
  wind_opex: 100
  wind_lifetime: 20
  solar_capex: 1000.0
  solar_opex: 10
  solar_lifetime: 20
  carbon_price: 1.0
timeseries_values:
  load_level: 264697.7299346496
  wind_year: 2010
  solar_year: 2012
  price_year: 2023
  carbon_year: 2023
storage_values:
  CAES:
    cost: 43.3641
    lifetime: 24.9131
    annual_cost: 1.7406143755694796
    efficiency: 0.632564
    discharge_ratio: 0.1
    depth_of_discharge: 0.4
  Li-ion:
    cost: 225.416
    lifetime: 21.5804
    annual_cost: 10.445404163036828
    efficiency: 0.894668
    discharge_ratio: 2
    depth_of_discharge: 0.9
  Pb-acid:
    cost: 201.497
    lifetime: 7.21119
    annual_cost: 27.942267503699114
    efficiency: 0.657077
    discharge_ratio: 5
    depth_of_discharge: 0.5
  VRBF:
    cost: 205.411
    lifetime: 17.0035
    annual_cost: 12.080512835592673
    efficiency: 0.813217
    discharge_ratio: 0.5
    depth_of_discharge: 1.0
