cost_values:
  wind_capex: 5000.0
  wind_opex: 100
  wind_lifetime: 20
  solar_capex: 1000.0
  solar_opex: 10
  solar_lifetime: 20
  carbon_price: 1.0
timeseries_values:
  load_level: 264697.7299346496
  wind_year: 2010
  solar_year: 2012
  price_year: 2023
  carbon_year: 2023
storage_values:
  CAES:
    cost: 44.1494
    lifetime: 24.5567
    annual_cost: 1.7978555750569092
    efficiency: 0.635665
    discharge_ratio: 0.1
    depth_of_discharge: 0.4
  Li-ion:
    cost: 238.182
    lifetime: 20.6369
    annual_cost: 11.541559051989397
    efficiency: 0.899432
    discharge_ratio: 2
    depth_of_discharge: 0.9
  Pb-acid:
    cost: 213.514
    lifetime: 5.58445
    annual_cost: 38.23366669949592
    efficiency: 0.672321
    discharge_ratio: 5
    depth_of_discharge: 0.5
  VRBF:
    cost: 214.013
    lifetime: 16.4106
    annual_cost: 13.0411441385446
    efficiency: 0.831134
    discharge_ratio: 0.5
    depth_of_discharge: 1.0
