cost_values:
  wind_capex: 5000.0
  wind_opex: 100
  wind_lifetime: 20
  solar_capex: 1000.0
  solar_opex: 10
  solar_lifetime: 20
  carbon_price: 1.0
timeseries_values:
  load_level: 264697.7299346496
  wind_year: 2010
  solar_year: 2012
  price_year: 2023
  carbon_year: 2023
storage_values:
  CAES:
    cost: 44.6371
    lifetime: 24.748
    annual_cost: 1.8036649426216258
    efficiency: 0.62776
    discharge_ratio: 0.1
    depth_of_discharge: 0.4
  Li-ion:
    cost: 238.882
    lifetime: 21.173
    annual_cost: 11.282387946913524
    efficiency: 0.893539
    discharge_ratio: 2
    depth_of_discharge: 0.9
  Pb-acid:
    cost: 208.769
    lifetime: 6.58871
    annual_cost: 31.685868705710224
    efficiency: 0.678553
    discharge_ratio: 5
    depth_of_discharge: 0.5
  VRBF:
    cost: 243.173
    lifetime: 17.2173
    annual_cost: 14.123759242157597
    efficiency: 0.803093
    discharge_ratio: 0.5
    depth_of_discharge: 1.0
