cost_values:
  wind_capex: 5000.0
  wind_opex: 100
  wind_lifetime: 20
  solar_capex: 1000.0
  solar_opex: 10
  solar_lifetime: 20
  carbon_price: 1.0
timeseries_values:
  load_level: 264697.7299346496
  wind_year: 2010
  solar_year: 2012
  price_year: 2023
  carbon_year: 2023
storage_values:
  CAES:
    cost: 45.1788
    lifetime: 23.2525
    annual_cost: 1.9429652725513387
    efficiency: 0.635484
    discharge_ratio: 0.1
    depth_of_discharge: 0.4
  Li-ion:
    cost: 219.479
    lifetime: 22.5421
    annual_cost: 9.736404327902015
    efficiency: 0.88171
    discharge_ratio: 2
    depth_of_discharge: 0.9
  Pb-acid:
    cost: 206.33
    lifetime: 6.69426
    annual_cost: 30.82192803984309
    efficiency: 0.661304
    discharge_ratio: 5
    depth_of_discharge: 0.5
  VRBF:
    cost: 220.931
    lifetime: 16.1558
    annual_cost: 13.675026925314748
    efficiency: 0.8167
    discharge_ratio: 0.5
    depth_of_discharge: 1.0
