cost_values:
  wind_capex: 5000.0
  wind_opex: 100
  wind_lifetime: 20
  solar_capex: 1000.0
  solar_opex: 10
  solar_lifetime: 20
  carbon_price: 1.0
timeseries_values:
  load_level: 264697.7299346496
  wind_year: 2010
  solar_year: 2012
  price_year: 2023
  carbon_year: 2023
storage_values:
  CAES:
    cost: 44.5788
    lifetime: 23.7382
    annual_cost: 1.8779351425129118
    efficiency: 0.63605
    discharge_ratio: 0.1
    depth_of_discharge: 0.4
  Li-ion:
    cost: 214.545
    lifetime: 20.8916
    annual_cost: 10.26943843458615
    efficiency: 0.901776
    discharge_ratio: 2
    depth_of_discharge: 0.9
  Pb-acid:
    cost: 198.538
    lifetime: 6.18674
    annual_cost: 32.0908911640056
    efficiency: 0.692683
    discharge_ratio: 5
    depth_of_discharge: 0.5
  VRBF:
    cost: 191.126
    lifetime: 14.3607
    annual_cost: 13.308961262334009
    efficiency: 0.813498
    discharge_ratio: 0.5
    depth_of_discharge: 1.0
