cost_values:
  wind_capex: 5000.0
  wind_opex: 100
  wind_lifetime: 20
  solar_capex: 1000.0
  solar_opex: 10
  solar_lifetime: 20
  carbon_price: 1.0
timeseries_values:
  load_level: 247610.92006336708
  wind_year: 2015
  solar_year: 2017
  price_year: 2023
  carbon_year: 2023
storage_values:
  CAES:
    cost: 38.6226
    lifetime: 26.3597
    annual_cost: 1.4652139440130199
    efficiency: 0.595198
    discharge_ratio: 0.1
    depth_of_discharge: 0.4
  Li-ion:
    cost: 274.129
    lifetime: 25.6244
    annual_cost: 10.69796756216731
    efficiency: 0.948905
    discharge_ratio: 2
    depth_of_discharge: 0.9
  Pb-acid:
    cost: 148.095
    lifetime: 10.1865
    annual_cost: 14.538359593579736
    efficiency: 0.77346
    discharge_ratio: 5
    depth_of_discharge: 0.5
  VRBF:
    cost: 209.877
    lifetime: 17.0282
    annual_cost: 12.325260450311838
    efficiency: 0.664106
    discharge_ratio: 0.5
    depth_of_discharge: 1.0
