cost_values:
  wind_capex: 5000.0
  wind_opex: 100
  wind_lifetime: 20
  solar_capex: 1000.0
  solar_opex: 10
  solar_lifetime: 20
  carbon_price: 1.0
timeseries_values:
  load_level: 247610.92006336708
  wind_year: 2015
  solar_year: 2017
  price_year: 2023
  carbon_year: 2023
storage_values:
  CAES:
    cost: 36.4695
    lifetime: 26.7651
    annual_cost: 1.3625766389813598
    efficiency: 0.602156
    discharge_ratio: 0.1
    depth_of_discharge: 0.4
  Li-ion:
    cost: 269.793
    lifetime: 22.4139
    annual_cost: 12.036861054970352
    efficiency: 0.961965
    discharge_ratio: 2
    depth_of_discharge: 0.9
  Pb-acid:
    cost: 142.777
    lifetime: 9.77242
    annual_cost: 14.610198906719111
    efficiency: 0.759651
    discharge_ratio: 5
    depth_of_discharge: 0.5
  VRBF:
    cost: 243.346
    lifetime: 17.5622
    annual_cost: 13.856236690164103
    efficiency: 0.668379
    discharge_ratio: 0.5
    depth_of_discharge: 1.0
