cost_values:
  wind_capex: 5000.0
  wind_opex: 100
  wind_lifetime: 20
  solar_capex: 1000.0
  solar_opex: 10
  solar_lifetime: 20
  carbon_price: 1.0
timeseries_values:
  load_level: 247610.92006336708
  wind_year: 2015
  solar_year: 2017
  price_year: 2023
  carbon_year: 2023
storage_values:
  CAES:
    cost: 33.9432
    lifetime: 25.9069
    annual_cost: 1.3101992133369873
    efficiency: 0.602796
    discharge_ratio: 0.1
    depth_of_discharge: 0.4
  Li-ion:
    cost: 298.002
    lifetime: 22.1146
    annual_cost: 13.4753511255008
    efficiency: 0.970933
    discharge_ratio: 2
    depth_of_discharge: 0.9
  Pb-acid:
    cost: 170.299
    lifetime: 9.25184
    annual_cost: 18.407041193967903
    efficiency: 0.795339
    discharge_ratio: 5
    depth_of_discharge: 0.5
  VRBF:
    cost: 222.466
    lifetime: 20.1614
    annual_cost: 11.034253573660559
    efficiency: 0.657845
    discharge_ratio: 0.5
    depth_of_discharge: 1.0
