cost_values:
  wind_capex: 5000.0
  wind_opex: 100
  wind_lifetime: 20
  solar_capex: 1000.0
  solar_opex: 10
  solar_lifetime: 20
  carbon_price: 1.0
timeseries_values:
  load_level: 247610.92006336708
  wind_year: 2015
  solar_year: 2017
  price_year: 2023
  carbon_year: 2023
storage_values:
  CAES:
    cost: 41.1126
    lifetime: 25.9147
    annual_cost: 1.586458650881546
    efficiency: 0.586645
    discharge_ratio: 0.1
    depth_of_discharge: 0.4
  Li-ion:
    cost: 268.526
    lifetime: 23.0155
    annual_cost: 11.667180812930416
    efficiency: 0.968817
    discharge_ratio: 2
    depth_of_discharge: 0.9
  Pb-acid:
    cost: 160.116
    lifetime: 11.1866
    annual_cost: 14.313196145388233
    efficiency: 0.775392
    discharge_ratio: 5
    depth_of_discharge: 0.5
  VRBF:
    cost: 220.425
    lifetime: 17.3669
    annual_cost: 12.69224789686127
    efficiency: 0.669864
    discharge_ratio: 0.5
    depth_of_discharge: 1.0
