cost_values:
  wind_capex: 5000.0
  wind_opex: 100
  wind_lifetime: 20
  solar_capex: 1000.0
  solar_opex: 10
  solar_lifetime: 20
  carbon_price: 1.0
timeseries_values:
  load_level: 247610.92006336708
  wind_year: 2015
  solar_year: 2017
  price_year: 2023
  carbon_year: 2023
storage_values:
  CAES:
    cost: 30.6233
    lifetime: 25.8225
    annual_cost: 1.1859153838706553
    efficiency: 0.583936
    discharge_ratio: 0.1
    depth_of_discharge: 0.4
  Li-ion:
    cost: 276.397
    lifetime: 20.7706
    annual_cost: 13.30712641907311
    efficiency: 0.961227
    discharge_ratio: 2
    depth_of_discharge: 0.9
  Pb-acid:
    cost: 153.24
    lifetime: 11.4863
    annual_cost: 13.341110714503365
    efficiency: 0.764209
    discharge_ratio: 5
    depth_of_discharge: 0.5
  VRBF:
    cost: 212.316
    lifetime: 15.3704
    annual_cost: 13.813303492427004
    efficiency: 0.677104
    discharge_ratio: 0.5
    depth_of_discharge: 1.0
