cost_values:
  wind_capex: 5000.0
  wind_opex: 100
  wind_lifetime: 20
  solar_capex: 1000.0
  solar_opex: 10
  solar_lifetime: 20
  carbon_price: 1.0
timeseries_values:
  load_level: 247610.92006336708
  wind_year: 2015
  solar_year: 2017
  price_year: 2023
  carbon_year: 2023
storage_values:
  CAES:
    cost: 39.3776
    lifetime: 26.2747
    annual_cost: 1.4986888527747226
    efficiency: 0.591548
    discharge_ratio: 0.1
    depth_of_discharge: 0.4
  Li-ion:
    cost: 262.275
    lifetime: 21.052
    annual_cost: 12.458436253087593
    efficiency: 0.980417
    discharge_ratio: 2
    depth_of_discharge: 0.9
  Pb-acid:
    cost: 137.063
    lifetime: 7.55735
    annual_cost: 18.136383785321573
    efficiency: 0.764459
    discharge_ratio: 5
    depth_of_discharge: 0.5
  VRBF:
    cost: 231.222
    lifetime: 18.8322
    annual_cost: 12.278013190174276
    efficiency: 0.68978
    discharge_ratio: 0.5
    depth_of_discharge: 1.0
