cost_values:
  wind_capex: 5000.0
  wind_opex: 100
  wind_lifetime: 20
  solar_capex: 1000.0
  solar_opex: 10
  solar_lifetime: 20
  carbon_price: 1.0
timeseries_values:
  load_level: 247610.92006336708
  wind_year: 2015
  solar_year: 2017
  price_year: 2023
  carbon_year: 2023
storage_values:
  CAES:
    cost: 24.1443
    lifetime: 27.1012
    annual_cost: 0.8908941301492186
    efficiency: 0.591704
    discharge_ratio: 0.1
    depth_of_discharge: 0.4
  Li-ion:
    cost: 259.662
    lifetime: 22.7774
    annual_cost: 11.399984194859815
    efficiency: 0.967492
    discharge_ratio: 2
    depth_of_discharge: 0.9
  Pb-acid:
    cost: 176.491
    lifetime: 8.69527
    annual_cost: 20.297357068843176
    efficiency: 0.78382
    discharge_ratio: 5
    depth_of_discharge: 0.5
  VRBF:
    cost: 207.695
    lifetime: 14.7521
    annual_cost: 14.079012479579177
    efficiency: 0.665831
    discharge_ratio: 0.5
    depth_of_discharge: 1.0
