cost_values:
  wind_capex: 5000.0
  wind_opex: 100
  wind_lifetime: 20
  solar_capex: 1000.0
  solar_opex: 10
  solar_lifetime: 20
  carbon_price: 1.0
timeseries_values:
  load_level: 247610.92006336708
  wind_year: 2015
  solar_year: 2017
  price_year: 2023
  carbon_year: 2023
storage_values:
  CAES:
    cost: 40.8975
    lifetime: 27.1684
    annual_cost: 1.5053334020406062
    efficiency: 0.593433
    discharge_ratio: 0.1
    depth_of_discharge: 0.4
  Li-ion:
    cost: 269.069
    lifetime: 19.8639
    annual_cost: 13.545627998529996
    efficiency: 0.967223
    discharge_ratio: 2
    depth_of_discharge: 0.9
  Pb-acid:
    cost: 145.344
    lifetime: 10.5057
    annual_cost: 13.834775407635856
    efficiency: 0.782347
    discharge_ratio: 5
    depth_of_discharge: 0.5
  VRBF:
    cost: 251.386
    lifetime: 17.6701
    annual_cost: 14.22663142823187
    efficiency: 0.661073
    discharge_ratio: 0.5
    depth_of_discharge: 1.0
