cost_values:
  wind_capex: 5000.0
  wind_opex: 100
  wind_lifetime: 20
  solar_capex: 1000.0
  solar_opex: 10
  solar_lifetime: 20
  carbon_price: 1.0
timeseries_values:
  load_level: 247610.92006336708
  wind_year: 2015
  solar_year: 2017
  price_year: 2023
  carbon_year: 2023
storage_values:
  CAES:
    cost: 30.7363
    lifetime: 25.2136
    annual_cost: 1.2190365517022559
    efficiency: 0.588
    discharge_ratio: 0.1
    depth_of_discharge: 0.4
  Li-ion:
    cost: 288.604
    lifetime: 20.3798
    annual_cost: 14.161277343251651
    efficiency: 0.949552
    discharge_ratio: 2
    depth_of_discharge: 0.9
  Pb-acid:
    cost: 146.637
    lifetime: 8.92609
    annual_cost: 16.42790964464844
    efficiency: 0.772724
    discharge_ratio: 5
    depth_of_discharge: 0.5
  VRBF:
    cost: 193.689
    lifetime: 17.7202
    annual_cost: 10.930407106014606
    efficiency: 0.678926
    discharge_ratio: 0.5
    depth_of_discharge: 1.0
