cost_values:
  wind_capex: 5000.0
  wind_opex: 100
  wind_lifetime: 20
  solar_capex: 1000.0
  solar_opex: 10
  solar_lifetime: 20
  carbon_price: 1.0
timeseries_values:
  load_level: 247610.92006336708
  wind_year: 2015
  solar_year: 2017
  price_year: 2023
  carbon_year: 2023
storage_values:
  CAES:
    cost: 40.09
    lifetime: 25.7967
    annual_cost: 1.5540747459946427
    efficiency: 0.581952
    discharge_ratio: 0.1
    depth_of_discharge: 0.4
  Li-ion:
    cost: 269.619
    lifetime: 22.3388
    annual_cost: 12.069538202589218
    efficiency: 0.975376
    discharge_ratio: 2
    depth_of_discharge: 0.9
  Pb-acid:
    cost: 177.342
    lifetime: 10.1778
    annual_cost: 17.42439426988151
    efficiency: 0.76457
    discharge_ratio: 5
    depth_of_discharge: 0.5
  VRBF:
    cost: 239.341
    lifetime: 16.9359
    annual_cost: 14.13216894289645
    efficiency: 0.664303
    discharge_ratio: 0.5
    depth_of_discharge: 1.0
