cost_values:
  wind_capex: 5000.0
  wind_opex: 100
  wind_lifetime: 20
  solar_capex: 1000.0
  solar_opex: 10
  solar_lifetime: 20
  carbon_price: 1.0
timeseries_values:
  load_level: 247610.92006336708
  wind_year: 2015
  solar_year: 2017
  price_year: 2023
  carbon_year: 2023
storage_values:
  CAES:
    cost: 35.2565
    lifetime: 26.3331
    annual_cost: 1.33886629375197
    efficiency: 0.597239
    discharge_ratio: 0.1
    depth_of_discharge: 0.4
  Li-ion:
    cost: 269.588
    lifetime: 23.2548
    annual_cost: 11.59278944561983
    efficiency: 0.958781
    discharge_ratio: 2
    depth_of_discharge: 0.9
  Pb-acid:
    cost: 167.179
    lifetime: 9.66098
    annual_cost: 17.304559164805227
    efficiency: 0.766305
    discharge_ratio: 5
    depth_of_discharge: 0.5
  VRBF:
    cost: 236.373
    lifetime: 19.0494
    annual_cost: 12.40842231251378
    efficiency: 0.692279
    discharge_ratio: 0.5
    depth_of_discharge: 1.0
