cost_values:
  wind_capex: 5000.0
  wind_opex: 100
  wind_lifetime: 20
  solar_capex: 1000.0
  solar_opex: 10
  solar_lifetime: 20
  carbon_price: 1.0
timeseries_values:
  load_level: 247610.92006336708
  wind_year: 2015
  solar_year: 2017
  price_year: 2023
  carbon_year: 2023
storage_values:
  CAES:
    cost: 33.7767
    lifetime: 25.7339
    annual_cost: 1.3125371591558217
    efficiency: 0.600574
    discharge_ratio: 0.1
    depth_of_discharge: 0.4
  Li-ion:
    cost: 271.82
    lifetime: 22.7175
    annual_cost: 11.96522504677011
    efficiency: 0.957729
    discharge_ratio: 2
    depth_of_discharge: 0.9
  Pb-acid:
    cost: 160.166
    lifetime: 10.7057
    annual_cost: 14.960815266633661
    efficiency: 0.768935
    discharge_ratio: 5
    depth_of_discharge: 0.5
  VRBF:
    cost: 233.379
    lifetime: 18.7949
    annual_cost: 12.417145076589927
    efficiency: 0.683613
    discharge_ratio: 0.5
    depth_of_discharge: 1.0
