cost_values:
  wind_capex: 5000.0
  wind_opex: 100
  wind_lifetime: 20
  solar_capex: 1000.0
  solar_opex: 10
  solar_lifetime: 20
  carbon_price: 1.0
timeseries_values:
  load_level: 247610.92006336708
  wind_year: 2015
  solar_year: 2017
  price_year: 2023
  carbon_year: 2023
storage_values:
  CAES:
    cost: 40.0085
    lifetime: 26.7363
    annual_cost: 1.4964112461335337
    efficiency: 0.597169
    discharge_ratio: 0.1
    depth_of_discharge: 0.4
  Li-ion:
    cost: 270.937
    lifetime: 21.8748
    annual_cost: 12.385804670214128
    efficiency: 0.965451
    discharge_ratio: 2
    depth_of_discharge: 0.9
  Pb-acid:
    cost: 164.182
    lifetime: 11.6598
    annual_cost: 14.081030549409078
    efficiency: 0.758907
    discharge_ratio: 5
    depth_of_discharge: 0.5
  VRBF:
    cost: 230.683
    lifetime: 17.5528
    annual_cost: 13.14223371769746
    efficiency: 0.665963
    discharge_ratio: 0.5
    depth_of_discharge: 1.0
