cost_values:
  wind_capex: 5000.0
  wind_opex: 100
  wind_lifetime: 20
  solar_capex: 1000.0
  solar_opex: 10
  solar_lifetime: 20
  carbon_price: 1.0
timeseries_values:
  load_level: 247610.92006336708
  wind_year: 2015
  solar_year: 2017
  price_year: 2023
  carbon_year: 2023
storage_values:
  CAES:
    cost: 34.1944
    lifetime: 26.1317
    annual_cost: 1.3085409674839372
    efficiency: 0.5878
    discharge_ratio: 0.1
    depth_of_discharge: 0.4
  Li-ion:
    cost: 273.963
    lifetime: 22.7037
    annual_cost: 12.066887776001268
    efficiency: 0.962372
    discharge_ratio: 2
    depth_of_discharge: 0.9
  Pb-acid:
    cost: 135.664
    lifetime: 9.46134
    annual_cost: 14.338772309207785
    efficiency: 0.788359
    discharge_ratio: 5
    depth_of_discharge: 0.5
  VRBF:
    cost: 224.898
    lifetime: 18.9171
    annual_cost: 11.888608719095421
    efficiency: 0.680604
    discharge_ratio: 0.5
    depth_of_discharge: 1.0
