cost_values:
  wind_capex: 5000.0
  wind_opex: 100
  wind_lifetime: 20
  solar_capex: 1000.0
  solar_opex: 10
  solar_lifetime: 20
  carbon_price: 1.0
timeseries_values:
  load_level: 247610.92006336708
  wind_year: 2015
  solar_year: 2017
  price_year: 2023
  carbon_year: 2023
storage_values:
  CAES:
    cost: 36.3106
    lifetime: 27.0431
    annual_cost: 1.3426937000565764
    efficiency: 0.586573
    discharge_ratio: 0.1
    depth_of_discharge: 0.4
  Li-ion:
    cost: 278.066
    lifetime: 21.5724
    annual_cost: 12.889896349038587
    efficiency: 0.971088
    discharge_ratio: 2
    depth_of_discharge: 0.9
  Pb-acid:
    cost: 143.605
    lifetime: 8.03383
    annual_cost: 17.875035941761276
    efficiency: 0.769985
    discharge_ratio: 5
    depth_of_discharge: 0.5
  VRBF:
    cost: 235.098
    lifetime: 17.4168
    annual_cost: 13.498346424142209
    efficiency: 0.690071
    discharge_ratio: 0.5
    depth_of_discharge: 1.0
