cost_values:
  wind_capex: 5000.0
  wind_opex: 100
  wind_lifetime: 20
  solar_capex: 1000.0
  solar_opex: 10
  solar_lifetime: 20
  carbon_price: 1.0
timeseries_values:
  load_level: 247610.92006336708
  wind_year: 2015
  solar_year: 2017
  price_year: 2023
  carbon_year: 2023
storage_values:
  CAES:
    cost: 37.5115
    lifetime: 26.9408
    annual_cost: 1.3923677099417984
    efficiency: 0.593573
    discharge_ratio: 0.1
    depth_of_discharge: 0.4
  Li-ion:
    cost: 288.748
    lifetime: 23.1507
    annual_cost: 12.472538627341722
    efficiency: 0.976593
    discharge_ratio: 2
    depth_of_discharge: 0.9
  Pb-acid:
    cost: 143.499
    lifetime: 11.3706
    annual_cost: 12.620178354704237
    efficiency: 0.760834
    discharge_ratio: 5
    depth_of_discharge: 0.5
  VRBF:
    cost: 213.295
    lifetime: 16.3987
    annual_cost: 13.006823711635676
    efficiency: 0.679506
    discharge_ratio: 0.5
    depth_of_discharge: 1.0
