cost_values:
  wind_capex: 5000.0
  wind_opex: 100
  wind_lifetime: 20
  solar_capex: 1000.0
  solar_opex: 10
  solar_lifetime: 20
  carbon_price: 1.0
timeseries_values:
  load_level: 247610.92006336708
  wind_year: 2015
  solar_year: 2017
  price_year: 2023
  carbon_year: 2023
storage_values:
  CAES:
    cost: 37.0283
    lifetime: 26.2366
    annual_cost: 1.4113223512192892
    efficiency: 0.59556
    discharge_ratio: 0.1
    depth_of_discharge: 0.4
  Li-ion:
    cost: 273.021
    lifetime: 24.7312
    annual_cost: 11.03953710293071
    efficiency: 0.944231
    discharge_ratio: 2
    depth_of_discharge: 0.9
  Pb-acid:
    cost: 164.714
    lifetime: 11.3353
    annual_cost: 14.531066667842932
    efficiency: 0.764519
    discharge_ratio: 5
    depth_of_discharge: 0.5
  VRBF:
    cost: 216.529
    lifetime: 16.4952
    annual_cost: 13.12678839904942
    efficiency: 0.677169
    discharge_ratio: 0.5
    depth_of_discharge: 1.0
