cost_values:
  wind_capex: 5000.0
  wind_opex: 100
  wind_lifetime: 20
  solar_capex: 1000.0
  solar_opex: 10
  solar_lifetime: 20
  carbon_price: 1.0
timeseries_values:
  load_level: 247610.92006336708
  wind_year: 2015
  solar_year: 2017
  price_year: 2023
  carbon_year: 2023
storage_values:
  CAES:
    cost: 35.2259
    lifetime: 26.3785
    annual_cost: 1.3354019371836914
    efficiency: 0.587263
    discharge_ratio: 0.1
    depth_of_discharge: 0.4
  Li-ion:
    cost: 261.153
    lifetime: 22.8172
    annual_cost: 11.445444664551305
    efficiency: 0.967122
    discharge_ratio: 2
    depth_of_discharge: 0.9
  Pb-acid:
    cost: 150.917
    lifetime: 11.6343
    annual_cost: 12.971730142767507
    efficiency: 0.756894
    discharge_ratio: 5
    depth_of_discharge: 0.5
  VRBF:
    cost: 217.823
    lifetime: 16.3349
    annual_cost: 13.334822986366614
    efficiency: 0.678801
    discharge_ratio: 0.5
    depth_of_discharge: 1.0
