cost_values:
  wind_capex: 5000.0
  wind_opex: 100
  wind_lifetime: 20
  solar_capex: 1000.0
  solar_opex: 10
  solar_lifetime: 20
  carbon_price: 1.0
timeseries_values:
  load_level: 247610.92006336708
  wind_year: 2015
  solar_year: 2017
  price_year: 2023
  carbon_year: 2023
storage_values:
  CAES:
    cost: 34.2822
    lifetime: 26.6631
    annual_cost: 1.2857544696603171
    efficiency: 0.589247
    discharge_ratio: 0.1
    depth_of_discharge: 0.4
  Li-ion:
    cost: 286.752
    lifetime: 22.4927
    annual_cost: 12.748669568348843
    efficiency: 0.97184
    discharge_ratio: 2
    depth_of_discharge: 0.9
  Pb-acid:
    cost: 147.098
    lifetime: 8.90532
    annual_cost: 16.5179914927257
    efficiency: 0.767757
    discharge_ratio: 5
    depth_of_discharge: 0.5
  VRBF:
    cost: 220.08
    lifetime: 16.1117
    annual_cost: 13.65963864769081
    efficiency: 0.679624
    discharge_ratio: 0.5
    depth_of_discharge: 1.0
