cost_values:
  wind_capex: 5000.0
  wind_opex: 100
  wind_lifetime: 20
  solar_capex: 1000.0
  solar_opex: 10
  solar_lifetime: 20
  carbon_price: 1.0
timeseries_values:
  load_level: 247610.92006336708
  wind_year: 2015
  solar_year: 2017
  price_year: 2023
  carbon_year: 2023
storage_values:
  CAES:
    cost: 35.0139
    lifetime: 26.0482
    annual_cost: 1.3441965279750616
    efficiency: 0.587071
    discharge_ratio: 0.1
    depth_of_discharge: 0.4
  Li-ion:
    cost: 268.52
    lifetime: 23.3867
    annual_cost: 11.481739621237711
    efficiency: 0.965976
    discharge_ratio: 2
    depth_of_discharge: 0.9
  Pb-acid:
    cost: 158.451
    lifetime: 10.6635
    annual_cost: 14.859192572795047
    efficiency: 0.779131
    discharge_ratio: 5
    depth_of_discharge: 0.5
  VRBF:
    cost: 215.888
    lifetime: 18.978
    annual_cost: 11.375698176836336
    efficiency: 0.67357
    discharge_ratio: 0.5
    depth_of_discharge: 1.0
