cost_values:
  wind_capex: 5000.0
  wind_opex: 100
  wind_lifetime: 20
  solar_capex: 1000.0
  solar_opex: 10
  solar_lifetime: 20
  carbon_price: 1.0
timeseries_values:
  load_level: 247610.92006336708
  wind_year: 2015
  solar_year: 2017
  price_year: 2023
  carbon_year: 2023
storage_values:
  CAES:
    cost: 31.5614
    lifetime: 26.0852
    annual_cost: 1.209935135632466
    efficiency: 0.597978
    discharge_ratio: 0.1
    depth_of_discharge: 0.4
  Li-ion:
    cost: 263.696
    lifetime: 21.8972
    annual_cost: 12.042452916354602
    efficiency: 0.96745
    discharge_ratio: 2
    depth_of_discharge: 0.9
  Pb-acid:
    cost: 146.027
    lifetime: 10.2847
    annual_cost: 14.198469571304946
    efficiency: 0.784653
    discharge_ratio: 5
    depth_of_discharge: 0.5
  VRBF:
    cost: 199.755
    lifetime: 17.2726
    annual_cost: 11.564848372566955
    efficiency: 0.656528
    discharge_ratio: 0.5
    depth_of_discharge: 1.0
