cost_values:
  wind_capex: 5000.0
  wind_opex: 100
  wind_lifetime: 20
  solar_capex: 1000.0
  solar_opex: 10
  solar_lifetime: 20
  carbon_price: 1.0
timeseries_values:
  load_level: 247610.92006336708
  wind_year: 2015
  solar_year: 2017
  price_year: 2023
  carbon_year: 2023
storage_values:
  CAES:
    cost: 36.9446
    lifetime: 26.6626
    annual_cost: 1.3856338091558962
    efficiency: 0.590389
    discharge_ratio: 0.1
    depth_of_discharge: 0.4
  Li-ion:
    cost: 284.754
    lifetime: 22.1647
    annual_cost: 12.847184938212564
    efficiency: 0.980394
    discharge_ratio: 2
    depth_of_discharge: 0.9
  Pb-acid:
    cost: 116.786
    lifetime: 9.60104
    annual_cost: 12.163890578520661
    efficiency: 0.757564
    discharge_ratio: 5
    depth_of_discharge: 0.5
  VRBF:
    cost: 224.215
    lifetime: 19.067
    annual_cost: 11.759322389468716
    efficiency: 0.660419
    discharge_ratio: 0.5
    depth_of_discharge: 1.0
