cost_values:
  wind_capex: 5000.0
  wind_opex: 100
  wind_lifetime: 20
  solar_capex: 1000.0
  solar_opex: 10
  solar_lifetime: 20
  carbon_price: 1.0
timeseries_values:
  load_level: 247610.92006336708
  wind_year: 2015
  solar_year: 2017
  price_year: 2023
  carbon_year: 2023
storage_values:
  CAES:
    cost: 36.7702
    lifetime: 26.5321
    annual_cost: 1.3858759766471558
    efficiency: 0.584171
    discharge_ratio: 0.1
    depth_of_discharge: 0.4
  Li-ion:
    cost: 265.02
    lifetime: 21.0956
    annual_cost: 12.562809306206033
    efficiency: 0.968935
    discharge_ratio: 2
    depth_of_discharge: 0.9
  Pb-acid:
    cost: 137.888
    lifetime: 9.57146
    annual_cost: 14.406161651409503
    efficiency: 0.766221
    discharge_ratio: 5
    depth_of_discharge: 0.5
  VRBF:
    cost: 234.45
    lifetime: 18.7167
    annual_cost: 12.526246613986439
    efficiency: 0.701198
    discharge_ratio: 0.5
    depth_of_discharge: 1.0
