cost_values:
  wind_capex: 5000.0
  wind_opex: 100
  wind_lifetime: 20
  solar_capex: 1000.0
  solar_opex: 10
  solar_lifetime: 20
  carbon_price: 1.0
timeseries_values:
  load_level: 247610.92006336708
  wind_year: 2015
  solar_year: 2017
  price_year: 2023
  carbon_year: 2023
storage_values:
  CAES:
    cost: 46.7857
    lifetime: 25.086
    annual_cost: 1.8650123574902338
    efficiency: 0.591987
    discharge_ratio: 0.1
    depth_of_discharge: 0.4
  Li-ion:
    cost: 267.049
    lifetime: 22.0525
    annual_cost: 12.10969277859653
    efficiency: 0.960654
    discharge_ratio: 2
    depth_of_discharge: 0.9
  Pb-acid:
    cost: 159.559
    lifetime: 10.7126
    annual_cost: 14.894516737300002
    efficiency: 0.776965
    discharge_ratio: 5
    depth_of_discharge: 0.5
  VRBF:
    cost: 209.174
    lifetime: 16.4605
    annual_cost: 12.707633425473103
    efficiency: 0.657181
    discharge_ratio: 0.5
    depth_of_discharge: 1.0
