cost_values:
  wind_capex: 5000.0
  wind_opex: 100
  wind_lifetime: 20
  solar_capex: 1000.0
  solar_opex: 10
  solar_lifetime: 20
  carbon_price: 1.0
timeseries_values:
  load_level: 247610.92006336708
  wind_year: 2015
  solar_year: 2017
  price_year: 2023
  carbon_year: 2023
storage_values:
  CAES:
    cost: 39.5461
    lifetime: 27.3837
    annual_cost: 1.4441474307708602
    efficiency: 0.581121
    discharge_ratio: 0.1
    depth_of_discharge: 0.4
  Li-ion:
    cost: 276.941
    lifetime: 22.4939
    annual_cost: 12.31182676192212
    efficiency: 0.971673
    discharge_ratio: 2
    depth_of_discharge: 0.9
  Pb-acid:
    cost: 157.649
    lifetime: 11.0551
    annual_cost: 14.260296152906804
    efficiency: 0.771476
    discharge_ratio: 5
    depth_of_discharge: 0.5
  VRBF:
    cost: 229.867
    lifetime: 19.0675
    annual_cost: 12.055434640094402
    efficiency: 0.680942
    discharge_ratio: 0.5
    depth_of_discharge: 1.0
