cost_values:
  wind_capex: 5000.0
  wind_opex: 100
  wind_lifetime: 20
  solar_capex: 1000.0
  solar_opex: 10
  solar_lifetime: 20
  carbon_price: 1.0
timeseries_values:
  load_level: 247610.92006336708
  wind_year: 2015
  solar_year: 2017
  price_year: 2023
  carbon_year: 2023
storage_values:
  CAES:
    cost: 32.6532
    lifetime: 25.4173
    annual_cost: 1.2846840537743975
    efficiency: 0.601937
    discharge_ratio: 0.1
    depth_of_discharge: 0.4
  Li-ion:
    cost: 281.778
    lifetime: 22.4103
    annual_cost: 12.573593392324067
    efficiency: 0.969957
    discharge_ratio: 2
    depth_of_discharge: 0.9
  Pb-acid:
    cost: 148.995
    lifetime: 11.6761
    annual_cost: 12.760682077063404
    efficiency: 0.773604
    discharge_ratio: 5
    depth_of_discharge: 0.5
  VRBF:
    cost: 229.5
    lifetime: 17.6036
    annual_cost: 13.037106046490491
    efficiency: 0.684329
    discharge_ratio: 0.5
    depth_of_discharge: 1.0
