cost_values:
  wind_capex: 5000.0
  wind_opex: 100
  wind_lifetime: 20
  solar_capex: 1000.0
  solar_opex: 10
  solar_lifetime: 20
  carbon_price: 1.0
timeseries_values:
  load_level: 247610.92006336708
  wind_year: 2015
  solar_year: 2017
  price_year: 2023
  carbon_year: 2023
storage_values:
  CAES:
    cost: 32.2713
    lifetime: 26.1145
    annual_cost: 1.2357617415612014
    efficiency: 0.588808
    discharge_ratio: 0.1
    depth_of_discharge: 0.4
  Li-ion:
    cost: 242.105
    lifetime: 22.321
    annual_cost: 10.846512253035257
    efficiency: 0.958733
    discharge_ratio: 2
    depth_of_discharge: 0.9
  Pb-acid:
    cost: 147.302
    lifetime: 9.10287
    annual_cost: 16.18192943544179
    efficiency: 0.780598
    discharge_ratio: 5
    depth_of_discharge: 0.5
  VRBF:
    cost: 239.895
    lifetime: 18.2042
    annual_cost: 13.17800287845662
    efficiency: 0.678417
    discharge_ratio: 0.5
    depth_of_discharge: 1.0
