cost_values:
  wind_capex: 5000.0
  wind_opex: 100
  wind_lifetime: 20
  solar_capex: 1000.0
  solar_opex: 10
  solar_lifetime: 20
  carbon_price: 1.0
timeseries_values:
  load_level: 247610.92006336708
  wind_year: 2015
  solar_year: 2017
  price_year: 2023
  carbon_year: 2023
storage_values:
  CAES:
    cost: 33.2707
    lifetime: 26.337
    annual_cost: 1.2632684056650338
    efficiency: 0.594263
    discharge_ratio: 0.1
    depth_of_discharge: 0.4
  Li-ion:
    cost: 265.731
    lifetime: 21.6287
    annual_cost: 12.286036608765206
    efficiency: 0.966843
    discharge_ratio: 2
    depth_of_discharge: 0.9
  Pb-acid:
    cost: 174.416
    lifetime: 9.42372
    annual_cost: 18.508189971688463
    efficiency: 0.779457
    discharge_ratio: 5
    depth_of_discharge: 0.5
  VRBF:
    cost: 227.15
    lifetime: 14.9153
    annual_cost: 15.229328273651888
    efficiency: 0.674608
    discharge_ratio: 0.5
    depth_of_discharge: 1.0
