cost_values:
  wind_capex: 5000.0
  wind_opex: 100
  wind_lifetime: 20
  solar_capex: 1000.0
  solar_opex: 10
  solar_lifetime: 20
  carbon_price: 1.0
timeseries_values:
  load_level: 247610.92006336708
  wind_year: 2015
  solar_year: 2017
  price_year: 2023
  carbon_year: 2023
storage_values:
  CAES:
    cost: 36.155
    lifetime: 25.5456
    annual_cost: 1.415312225980208
    efficiency: 0.593172
    discharge_ratio: 0.1
    depth_of_discharge: 0.4
  Li-ion:
    cost: 276.604
    lifetime: 22.4557
    annual_cost: 12.317763418642036
    efficiency: 0.969414
    discharge_ratio: 2
    depth_of_discharge: 0.9
  Pb-acid:
    cost: 167.828
    lifetime: 10.8025
    annual_cost: 15.53603332561907
    efficiency: 0.76036
    discharge_ratio: 5
    depth_of_discharge: 0.5
  VRBF:
    cost: 233.014
    lifetime: 17.4508
    annual_cost: 13.35262566759117
    efficiency: 0.686737
    discharge_ratio: 0.5
    depth_of_discharge: 1.0
