cost_values:
  wind_capex: 5000.0
  wind_opex: 100
  wind_lifetime: 20
  solar_capex: 1000.0
  solar_opex: 10
  solar_lifetime: 20
  carbon_price: 1.0
timeseries_values:
  load_level: 247610.92006336708
  wind_year: 2015
  solar_year: 2017
  price_year: 2023
  carbon_year: 2023
storage_values:
  CAES:
    cost: 36.4896
    lifetime: 24.9935
    annual_cost: 1.4599635905335389
    efficiency: 0.592729
    discharge_ratio: 0.1
    depth_of_discharge: 0.4
  Li-ion:
    cost: 275.087
    lifetime: 24.4074
    annual_cost: 11.270639232363955
    efficiency: 0.966731
    discharge_ratio: 2
    depth_of_discharge: 0.9
  Pb-acid:
    cost: 158.122
    lifetime: 9.23873
    annual_cost: 17.115122966035376
    efficiency: 0.771413
    discharge_ratio: 5
    depth_of_discharge: 0.5
  VRBF:
    cost: 224.56
    lifetime: 16.2867
    annual_cost: 13.7879373967716
    efficiency: 0.668947
    discharge_ratio: 0.5
    depth_of_discharge: 1.0
