cost_values:
  wind_capex: 5000.0
  wind_opex: 100
  wind_lifetime: 20
  solar_capex: 1000.0
  solar_opex: 10
  solar_lifetime: 20
  carbon_price: 1.0
timeseries_values:
  load_level: 247610.92006336708
  wind_year: 2015
  solar_year: 2017
  price_year: 2023
  carbon_year: 2023
storage_values:
  CAES:
    cost: 37.6812
    lifetime: 26.3366
    annual_cost: 1.4307541596105797
    efficiency: 0.589887
    discharge_ratio: 0.1
    depth_of_discharge: 0.4
  Li-ion:
    cost: 272.457
    lifetime: 22.0646
    annual_cost: 12.348150431007134
    efficiency: 0.964203
    discharge_ratio: 2
    depth_of_discharge: 0.9
  Pb-acid:
    cost: 151.479
    lifetime: 8.30395
    annual_cost: 18.24180058887638
    efficiency: 0.760106
    discharge_ratio: 5
    depth_of_discharge: 0.5
  VRBF:
    cost: 236.866
    lifetime: 17.8036
    annual_cost: 13.304387876609226
    efficiency: 0.666583
    discharge_ratio: 0.5
    depth_of_discharge: 1.0
