cost_values:
  wind_capex: 5000.0
  wind_opex: 100
  wind_lifetime: 20
  solar_capex: 1000.0
  solar_opex: 10
  solar_lifetime: 20
  carbon_price: 1.0
timeseries_values:
  load_level: 247610.92006336708
  wind_year: 2015
  solar_year: 2017
  price_year: 2023
  carbon_year: 2023
storage_values:
  CAES:
    cost: 38.9888
    lifetime: 25.5493
    annual_cost: 1.5260222393568512
    efficiency: 0.605366
    discharge_ratio: 0.1
    depth_of_discharge: 0.4
  Li-ion:
    cost: 266.717
    lifetime: 23.4857
    annual_cost: 11.356570168230029
    efficiency: 0.956524
    discharge_ratio: 2
    depth_of_discharge: 0.9
  Pb-acid:
    cost: 164.167
    lifetime: 9.17644
    annual_cost: 17.890053223254334
    efficiency: 0.769728
    discharge_ratio: 5
    depth_of_discharge: 0.5
  VRBF:
    cost: 227.772
    lifetime: 17.9246
    annual_cost: 12.707229171083315
    efficiency: 0.664884
    discharge_ratio: 0.5
    depth_of_discharge: 1.0
