cost_values:
  wind_capex: 5000.0
  wind_opex: 100
  wind_lifetime: 20
  solar_capex: 1000.0
  solar_opex: 10
  solar_lifetime: 20
  carbon_price: 1.0
timeseries_values:
  load_level: 247610.92006336708
  wind_year: 2015
  solar_year: 2017
  price_year: 2023
  carbon_year: 2023
storage_values:
  CAES:
    cost: 32.1099
    lifetime: 26.1966
    annual_cost: 1.2257277661986672
    efficiency: 0.597017
    discharge_ratio: 0.1
    depth_of_discharge: 0.4
  Li-ion:
    cost: 253.264
    lifetime: 22.7744
    annual_cost: 11.120556414219475
    efficiency: 0.97918
    discharge_ratio: 2
    depth_of_discharge: 0.9
  Pb-acid:
    cost: 161.834
    lifetime: 10.4704
    annual_cost: 15.456334046454769
    efficiency: 0.773119
    discharge_ratio: 5
    depth_of_discharge: 0.5
  VRBF:
    cost: 240.354
    lifetime: 17.8534
    annual_cost: 13.46264577055351
    efficiency: 0.6945
    discharge_ratio: 0.5
    depth_of_discharge: 1.0
