cost_values:
  wind_capex: 5000.0
  wind_opex: 100
  wind_lifetime: 20
  solar_capex: 1000.0
  solar_opex: 10
  solar_lifetime: 20
  carbon_price: 1.0
timeseries_values:
  load_level: 247610.92006336708
  wind_year: 2015
  solar_year: 2017
  price_year: 2023
  carbon_year: 2023
storage_values:
  CAES:
    cost: 30.5693
    lifetime: 25.9154
    annual_cost: 1.1795804811038995
    efficiency: 0.589034
    discharge_ratio: 0.1
    depth_of_discharge: 0.4
  Li-ion:
    cost: 282.529
    lifetime: 23.8768
    annual_cost: 11.83278328754272
    efficiency: 0.964396
    discharge_ratio: 2
    depth_of_discharge: 0.9
  Pb-acid:
    cost: 149.768
    lifetime: 9.96842
    annual_cost: 15.024246570670176
    efficiency: 0.76486
    discharge_ratio: 5
    depth_of_discharge: 0.5
  VRBF:
    cost: 215.383
    lifetime: 17.7011
    annual_cost: 12.167774884046754
    efficiency: 0.670542
    discharge_ratio: 0.5
    depth_of_discharge: 1.0
