cost_values:
  wind_capex: 5000.0
  wind_opex: 100
  wind_lifetime: 20
  solar_capex: 1000.0
  solar_opex: 10
  solar_lifetime: 20
  carbon_price: 1.0
timeseries_values:
  load_level: 247610.92006336708
  wind_year: 2015
  solar_year: 2017
  price_year: 2023
  carbon_year: 2023
storage_values:
  CAES:
    cost: 41.7131
    lifetime: 26.9422
    annual_cost: 1.5482440186770197
    efficiency: 0.597423
    discharge_ratio: 0.1
    depth_of_discharge: 0.4
  Li-ion:
    cost: 293.099
    lifetime: 20.6254
    annual_cost: 14.210585006836231
    efficiency: 0.96416
    discharge_ratio: 2
    depth_of_discharge: 0.9
  Pb-acid:
    cost: 159.356
    lifetime: 11.2263
    annual_cost: 14.194881661811994
    efficiency: 0.779104
    discharge_ratio: 5
    depth_of_discharge: 0.5
  VRBF:
    cost: 234.726
    lifetime: 18.5388
    annual_cost: 12.661337303385334
    efficiency: 0.673561
    discharge_ratio: 0.5
    depth_of_discharge: 1.0
