cost_values:
  wind_capex: 5000.0
  wind_opex: 100
  wind_lifetime: 20
  solar_capex: 1000.0
  solar_opex: 10
  solar_lifetime: 20
  carbon_price: 1.0
timeseries_values:
  load_level: 247610.92006336708
  wind_year: 2015
  solar_year: 2017
  price_year: 2023
  carbon_year: 2023
storage_values:
  CAES:
    cost: 39.0251
    lifetime: 25.3122
    annual_cost: 1.5417506182789327
    efficiency: 0.591071
    discharge_ratio: 0.1
    depth_of_discharge: 0.4
  Li-ion:
    cost: 283.259
    lifetime: 22.7053
    annual_cost: 12.475457272090658
    efficiency: 0.958183
    discharge_ratio: 2
    depth_of_discharge: 0.9
  Pb-acid:
    cost: 157.114
    lifetime: 9.73998
    annual_cost: 16.130833944217546
    efficiency: 0.767202
    discharge_ratio: 5
    depth_of_discharge: 0.5
  VRBF:
    cost: 233.39
    lifetime: 17.5166
    annual_cost: 13.3239327266707
    efficiency: 0.668856
    discharge_ratio: 0.5
    depth_of_discharge: 1.0
