cost_values:
  wind_capex: 5000.0
  wind_opex: 100
  wind_lifetime: 20
  solar_capex: 1000.0
  solar_opex: 10
  solar_lifetime: 20
  carbon_price: 1.0
timeseries_values:
  load_level: 247610.92006336708
  wind_year: 2015
  solar_year: 2017
  price_year: 2023
  carbon_year: 2023
storage_values:
  CAES:
    cost: 31.6951
    lifetime: 27.4339
    annual_cost: 1.1553260746740346
    efficiency: 0.59206
    discharge_ratio: 0.1
    depth_of_discharge: 0.4
  Li-ion:
    cost: 273.694
    lifetime: 22.0679
    annual_cost: 12.402358176355701
    efficiency: 0.962442
    discharge_ratio: 2
    depth_of_discharge: 0.9
  Pb-acid:
    cost: 160.074
    lifetime: 8.82098
    annual_cost: 18.146963262585338
    efficiency: 0.766085
    discharge_ratio: 5
    depth_of_discharge: 0.5
  VRBF:
    cost: 221.301
    lifetime: 15.3129
    annual_cost: 14.451932684207431
    efficiency: 0.666542
    discharge_ratio: 0.5
    depth_of_discharge: 1.0
