cost_values:
  wind_capex: 5000.0
  wind_opex: 100
  wind_lifetime: 20
  solar_capex: 1000.0
  solar_opex: 10
  solar_lifetime: 20
  carbon_price: 1.0
timeseries_values:
  load_level: 247610.92006336708
  wind_year: 2015
  solar_year: 2017
  price_year: 2023
  carbon_year: 2023
storage_values:
  CAES:
    cost: 38.3596
    lifetime: 26.7096
    annual_cost: 1.4361727618534161
    efficiency: 0.597935
    discharge_ratio: 0.1
    depth_of_discharge: 0.4
  Li-ion:
    cost: 269.292
    lifetime: 24.0143
    annual_cost: 11.213818433183562
    efficiency: 0.975372
    discharge_ratio: 2
    depth_of_discharge: 0.9
  Pb-acid:
    cost: 161.03
    lifetime: 11.41
    annual_cost: 14.113058720420684
    efficiency: 0.770066
    discharge_ratio: 5
    depth_of_discharge: 0.5
  VRBF:
    cost: 228.651
    lifetime: 17.5286
    annual_cost: 13.044453065276176
    efficiency: 0.666522
    discharge_ratio: 0.5
    depth_of_discharge: 1.0
