cost_values:
  wind_capex: 5000.0
  wind_opex: 100
  wind_lifetime: 20
  solar_capex: 1000.0
  solar_opex: 10
  solar_lifetime: 20
  carbon_price: 1.0
timeseries_values:
  load_level: 247610.92006336708
  wind_year: 2015
  solar_year: 2017
  price_year: 2023
  carbon_year: 2023
storage_values:
  CAES:
    cost: 25.7826
    lifetime: 26.0158
    annual_cost: 0.9910362164530785
    efficiency: 0.590375
    discharge_ratio: 0.1
    depth_of_discharge: 0.4
  Li-ion:
    cost: 296.589
    lifetime: 21.7569
    annual_cost: 13.631951243053926
    efficiency: 0.962566
    discharge_ratio: 2
    depth_of_discharge: 0.9
  Pb-acid:
    cost: 149.709
    lifetime: 10.8193
    annual_cost: 13.837216825487786
    efficiency: 0.757241
    discharge_ratio: 5
    depth_of_discharge: 0.5
  VRBF:
    cost: 223.584
    lifetime: 19.4526
    annual_cost: 11.493784892507943
    efficiency: 0.668396
    discharge_ratio: 0.5
    depth_of_discharge: 1.0
