cost_values:
  wind_capex: 5000.0
  wind_opex: 100
  wind_lifetime: 20
  solar_capex: 1000.0
  solar_opex: 10
  solar_lifetime: 20
  carbon_price: 1.0
timeseries_values:
  load_level: 247610.92006336708
  wind_year: 2015
  solar_year: 2017
  price_year: 2023
  carbon_year: 2023
storage_values:
  CAES:
    cost: 34.4363
    lifetime: 26.0806
    annual_cost: 1.3203798992354472
    efficiency: 0.589944
    discharge_ratio: 0.1
    depth_of_discharge: 0.4
  Li-ion:
    cost: 274.586
    lifetime: 22.3904
    annual_cost: 12.26355938259254
    efficiency: 0.979019
    discharge_ratio: 2
    depth_of_discharge: 0.9
  Pb-acid:
    cost: 143.588
    lifetime: 9.88441
    annual_cost: 14.5267142904837
    efficiency: 0.766814
    discharge_ratio: 5
    depth_of_discharge: 0.5
  VRBF:
    cost: 239.031
    lifetime: 15.8435
    annual_cost: 15.087007290055858
    efficiency: 0.690354
    discharge_ratio: 0.5
    depth_of_discharge: 1.0
