cost_values:
  wind_capex: 5000.0
  wind_opex: 100
  wind_lifetime: 20
  solar_capex: 1000.0
  solar_opex: 10
  solar_lifetime: 20
  carbon_price: 1.0
timeseries_values:
  load_level: 247610.92006336708
  wind_year: 2015
  solar_year: 2017
  price_year: 2023
  carbon_year: 2023
storage_values:
  CAES:
    cost: 30.8161
    lifetime: 26.1263
    annual_cost: 1.1795049432946876
    efficiency: 0.591726
    discharge_ratio: 0.1
    depth_of_discharge: 0.4
  Li-ion:
    cost: 284.308
    lifetime: 25.7295
    annual_cost: 11.049884373967624
    efficiency: 0.958904
    discharge_ratio: 2
    depth_of_discharge: 0.9
  Pb-acid:
    cost: 149.628
    lifetime: 10.2864
    annual_cost: 14.546196920205318
    efficiency: 0.763586
    discharge_ratio: 5
    depth_of_discharge: 0.5
  VRBF:
    cost: 222.507
    lifetime: 15.9403
    annual_cost: 13.958771164909066
    efficiency: 0.684514
    discharge_ratio: 0.5
    depth_of_discharge: 1.0
