cost_values:
  wind_capex: 5000.0
  wind_opex: 100
  wind_lifetime: 20
  solar_capex: 1000.0
  solar_opex: 10
  solar_lifetime: 20
  carbon_price: 1.0
timeseries_values:
  load_level: 247610.92006336708
  wind_year: 2015
  solar_year: 2017
  price_year: 2023
  carbon_year: 2023
storage_values:
  CAES:
    cost: 34.5788
    lifetime: 26.6909
    annual_cost: 1.2955276892124283
    efficiency: 0.589357
    discharge_ratio: 0.1
    depth_of_discharge: 0.4
  Li-ion:
    cost: 252.688
    lifetime: 22.1299
    annual_cost: 11.41839773338334
    efficiency: 0.971909
    discharge_ratio: 2
    depth_of_discharge: 0.9
  Pb-acid:
    cost: 152.2
    lifetime: 9.80728
    annual_cost: 15.51908378265941
    efficiency: 0.770054
    discharge_ratio: 5
    depth_of_discharge: 0.5
  VRBF:
    cost: 230.948
    lifetime: 17.1581
    annual_cost: 13.459998484680705
    efficiency: 0.67645
    discharge_ratio: 0.5
    depth_of_discharge: 1.0
