cost_values:
  wind_capex: 5000.0
  wind_opex: 100
  wind_lifetime: 20
  solar_capex: 1000.0
  solar_opex: 10
  solar_lifetime: 20
  carbon_price: 1.0
timeseries_values:
  load_level: 247610.92006336708
  wind_year: 2015
  solar_year: 2017
  price_year: 2023
  carbon_year: 2023
storage_values:
  CAES:
    cost: 35.5048
    lifetime: 26.0046
    annual_cost: 1.3653276727963515
    efficiency: 0.58401
    discharge_ratio: 0.1
    depth_of_discharge: 0.4
  Li-ion:
    cost: 269.512
    lifetime: 22.2914
    annual_cost: 12.090402576778489
    efficiency: 0.97024
    discharge_ratio: 2
    depth_of_discharge: 0.9
  Pb-acid:
    cost: 163.587
    lifetime: 10.2494
    annual_cost: 15.960641598532597
    efficiency: 0.769504
    discharge_ratio: 5
    depth_of_discharge: 0.5
  VRBF:
    cost: 226.814
    lifetime: 16.0787
    annual_cost: 14.106488708664257
    efficiency: 0.680108
    discharge_ratio: 0.5
    depth_of_discharge: 1.0
