cost_values:
  wind_capex: 5000.0
  wind_opex: 100
  wind_lifetime: 20
  solar_capex: 1000.0
  solar_opex: 10
  solar_lifetime: 20
  carbon_price: 1.0
timeseries_values:
  load_level: 247610.92006336708
  wind_year: 2015
  solar_year: 2017
  price_year: 2023
  carbon_year: 2023
storage_values:
  CAES:
    cost: 38.8686
    lifetime: 26.9103
    annual_cost: 1.4443763168749513
    efficiency: 0.593269
    discharge_ratio: 0.1
    depth_of_discharge: 0.4
  Li-ion:
    cost: 277.72
    lifetime: 21.7139
    annual_cost: 12.789964032255838
    efficiency: 0.959365
    discharge_ratio: 2
    depth_of_discharge: 0.9
  Pb-acid:
    cost: 160.069
    lifetime: 8.3996
    annual_cost: 19.05674079718082
    efficiency: 0.774757
    discharge_ratio: 5
    depth_of_discharge: 0.5
  VRBF:
    cost: 244.366
    lifetime: 15.333
    annual_cost: 15.937259505641428
    efficiency: 0.679793
    discharge_ratio: 0.5
    depth_of_discharge: 1.0
