cost_values:
  wind_capex: 5000.0
  wind_opex: 100
  wind_lifetime: 20
  solar_capex: 1000.0
  solar_opex: 10
  solar_lifetime: 20
  carbon_price: 1.0
timeseries_values:
  load_level: 247610.92006336708
  wind_year: 2015
  solar_year: 2017
  price_year: 2023
  carbon_year: 2023
storage_values:
  CAES:
    cost: 38.6458
    lifetime: 25.4963
    annual_cost: 1.515741499747022
    efficiency: 0.595392
    discharge_ratio: 0.1
    depth_of_discharge: 0.4
  Li-ion:
    cost: 288.775
    lifetime: 23.7842
    annual_cost: 12.141463660749572
    efficiency: 0.968055
    discharge_ratio: 2
    depth_of_discharge: 0.9
  Pb-acid:
    cost: 163.295
    lifetime: 9.3252
    annual_cost: 17.511152575816066
    efficiency: 0.746129
    discharge_ratio: 5
    depth_of_discharge: 0.5
  VRBF:
    cost: 226.196
    lifetime: 17.579
    annual_cost: 12.867398600602991
    efficiency: 0.664473
    discharge_ratio: 0.5
    depth_of_discharge: 1.0
