cost_values:
  wind_capex: 5000.0
  wind_opex: 100
  wind_lifetime: 20
  solar_capex: 1000.0
  solar_opex: 10
  solar_lifetime: 20
  carbon_price: 1.0
timeseries_values:
  load_level: 247610.92006336708
  wind_year: 2015
  solar_year: 2017
  price_year: 2023
  carbon_year: 2023
storage_values:
  CAES:
    cost: 40.5746
    lifetime: 26.5175
    annual_cost: 1.5301065334213255
    efficiency: 0.587685
    discharge_ratio: 0.1
    depth_of_discharge: 0.4
  Li-ion:
    cost: 255.396
    lifetime: 21.3396
    annual_cost: 11.968171849519203
    efficiency: 0.967302
    discharge_ratio: 2
    depth_of_discharge: 0.9
  Pb-acid:
    cost: 155.702
    lifetime: 9.21399
    annual_cost: 16.898433794696974
    efficiency: 0.76518
    discharge_ratio: 5
    depth_of_discharge: 0.5
  VRBF:
    cost: 229.724
    lifetime: 15.4548
    annual_cost: 14.864249294717498
    efficiency: 0.679763
    discharge_ratio: 0.5
    depth_of_discharge: 1.0
