cost_values:
  wind_capex: 5000.0
  wind_opex: 100
  wind_lifetime: 20
  solar_capex: 1000.0
  solar_opex: 10
  solar_lifetime: 20
  carbon_price: 1.0
timeseries_values:
  load_level: 247610.92006336708
  wind_year: 2015
  solar_year: 2017
  price_year: 2023
  carbon_year: 2023
storage_values:
  CAES:
    cost: 41.6295
    lifetime: 25.387
    annual_cost: 1.6397959585614685
    efficiency: 0.592208
    discharge_ratio: 0.1
    depth_of_discharge: 0.4
  Li-ion:
    cost: 266.157
    lifetime: 23.1021
    annual_cost: 11.520900697339203
    efficiency: 0.974293
    discharge_ratio: 2
    depth_of_discharge: 0.9
  Pb-acid:
    cost: 161.496
    lifetime: 9.48784
    annual_cost: 17.021366296227594
    efficiency: 0.761657
    discharge_ratio: 5
    depth_of_discharge: 0.5
  VRBF:
    cost: 227.787
    lifetime: 16.6009
    annual_cost: 13.721364504334103
    efficiency: 0.667398
    discharge_ratio: 0.5
    depth_of_discharge: 1.0
