cost_values:
  wind_capex: 5000.0
  wind_opex: 100
  wind_lifetime: 20
  solar_capex: 1000.0
  solar_opex: 10
  solar_lifetime: 20
  carbon_price: 1.0
timeseries_values:
  load_level: 247610.92006336708
  wind_year: 2015
  solar_year: 2017
  price_year: 2023
  carbon_year: 2023
storage_values:
  CAES:
    cost: 35.5843
    lifetime: 26.4042
    annual_cost: 1.347675748555154
    efficiency: 0.600181
    discharge_ratio: 0.1
    depth_of_discharge: 0.4
  Li-ion:
    cost: 276.192
    lifetime: 21.0149
    annual_cost: 13.142674959195618
    efficiency: 0.973172
    discharge_ratio: 2
    depth_of_discharge: 0.9
  Pb-acid:
    cost: 149.381
    lifetime: 10.2015
    annual_cost: 14.64304268980052
    efficiency: 0.769693
    discharge_ratio: 5
    depth_of_discharge: 0.5
  VRBF:
    cost: 213.636
    lifetime: 18.1416
    annual_cost: 11.776028575208361
    efficiency: 0.67951
    discharge_ratio: 0.5
    depth_of_discharge: 1.0
