cost_values:
  wind_capex: 5000.0
  wind_opex: 100
  wind_lifetime: 20
  solar_capex: 1000.0
  solar_opex: 10
  solar_lifetime: 20
  carbon_price: 1.0
timeseries_values:
  load_level: 247610.92006336708
  wind_year: 2015
  solar_year: 2017
  price_year: 2023
  carbon_year: 2023
storage_values:
  CAES:
    cost: 33.9124
    lifetime: 25.7402
    annual_cost: 1.3174878206074543
    efficiency: 0.576043
    discharge_ratio: 0.1
    depth_of_discharge: 0.4
  Li-ion:
    cost: 289.716
    lifetime: 23.6287
    annual_cost: 12.261190839953109
    efficiency: 0.97168
    discharge_ratio: 2
    depth_of_discharge: 0.9
  Pb-acid:
    cost: 158.88
    lifetime: 12.0466
    annual_cost: 13.18878355718626
    efficiency: 0.767962
    discharge_ratio: 5
    depth_of_discharge: 0.5
  VRBF:
    cost: 234.799
    lifetime: 16.7778
    annual_cost: 13.994623848180334
    efficiency: 0.673725
    discharge_ratio: 0.5
    depth_of_discharge: 1.0
