cost_values:
  wind_capex: 5000.0
  wind_opex: 100
  wind_lifetime: 20
  solar_capex: 1000.0
  solar_opex: 10
  solar_lifetime: 20
  carbon_price: 1.0
timeseries_values:
  load_level: 247610.92006336708
  wind_year: 2015
  solar_year: 2017
  price_year: 2023
  carbon_year: 2023
storage_values:
  CAES:
    cost: 32.6395
    lifetime: 25.923
    annual_cost: 1.2590942406357288
    efficiency: 0.597592
    discharge_ratio: 0.1
    depth_of_discharge: 0.4
  Li-ion:
    cost: 280.891
    lifetime: 22.8807
    annual_cost: 12.27632895846718
    efficiency: 0.97132
    discharge_ratio: 2
    depth_of_discharge: 0.9
  Pb-acid:
    cost: 145.416
    lifetime: 9.74545
    annual_cost: 14.92142487006757
    efficiency: 0.773312
    discharge_ratio: 5
    depth_of_discharge: 0.5
  VRBF:
    cost: 214.352
    lifetime: 18.4848
    annual_cost: 11.59612221933697
    efficiency: 0.675447
    discharge_ratio: 0.5
    depth_of_discharge: 1.0
