cost_values:
  wind_capex: 5000.0
  wind_opex: 100
  wind_lifetime: 20
  solar_capex: 1000.0
  solar_opex: 10
  solar_lifetime: 20
  carbon_price: 1.0
timeseries_values:
  load_level: 247610.92006336708
  wind_year: 2015
  solar_year: 2017
  price_year: 2023
  carbon_year: 2023
storage_values:
  CAES:
    cost: 38.2072
    lifetime: 27.1513
    annual_cost: 1.4071959722002263
    efficiency: 0.590465
    discharge_ratio: 0.1
    depth_of_discharge: 0.4
  Li-ion:
    cost: 267.106
    lifetime: 22.1947
    annual_cost: 12.034674944919281
    efficiency: 0.954499
    discharge_ratio: 2
    depth_of_discharge: 0.9
  Pb-acid:
    cost: 140.898
    lifetime: 12.1462
    annual_cost: 11.600171246974362
    efficiency: 0.767185
    discharge_ratio: 5
    depth_of_discharge: 0.5
  VRBF:
    cost: 253.283
    lifetime: 14.6304
    annual_cost: 17.312103565179353
    efficiency: 0.694493
    discharge_ratio: 0.5
    depth_of_discharge: 1.0
