cost_values:
  wind_capex: 5000.0
  wind_opex: 100
  wind_lifetime: 20
  solar_capex: 1000.0
  solar_opex: 10
  solar_lifetime: 20
  carbon_price: 1.0
timeseries_values:
  load_level: 247610.92006336708
  wind_year: 2015
  solar_year: 2017
  price_year: 2023
  carbon_year: 2023
storage_values:
  CAES:
    cost: 35.501
    lifetime: 26.6967
    annual_cost: 1.3297898242104829
    efficiency: 0.593608
    discharge_ratio: 0.1
    depth_of_discharge: 0.4
  Li-ion:
    cost: 262.667
    lifetime: 22.1147
    annual_cost: 11.8774842073372
    efficiency: 0.964431
    discharge_ratio: 2
    depth_of_discharge: 0.9
  Pb-acid:
    cost: 161.89
    lifetime: 11.0545
    annual_cost: 14.64471482201818
    efficiency: 0.768757
    discharge_ratio: 5
    depth_of_discharge: 0.5
  VRBF:
    cost: 251.555
    lifetime: 19.0355
    annual_cost: 13.21504557274566
    efficiency: 0.685797
    discharge_ratio: 0.5
    depth_of_discharge: 1.0
