cost_values:
  wind_capex: 5000.0
  wind_opex: 100
  wind_lifetime: 20
  solar_capex: 1000.0
  solar_opex: 10
  solar_lifetime: 20
  carbon_price: 1.0
timeseries_values:
  load_level: 247610.92006336708
  wind_year: 2015
  solar_year: 2017
  price_year: 2023
  carbon_year: 2023
storage_values:
  CAES:
    cost: 30.6849
    lifetime: 24.824
    annual_cost: 1.2360981308411214
    efficiency: 0.593457
    discharge_ratio: 0.1
    depth_of_discharge: 0.4
  Li-ion:
    cost: 263.695
    lifetime: 21.2375
    annual_cost: 12.416480282519128
    efficiency: 0.972132
    discharge_ratio: 2
    depth_of_discharge: 0.9
  Pb-acid:
    cost: 164.207
    lifetime: 10.4152
    annual_cost: 15.766091865734694
    efficiency: 0.77416
    discharge_ratio: 5
    depth_of_discharge: 0.5
  VRBF:
    cost: 227.219
    lifetime: 19.8204
    annual_cost: 11.463895784141592
    efficiency: 0.652438
    discharge_ratio: 0.5
    depth_of_discharge: 1.0
