cost_values:
  wind_capex: 5000.0
  wind_opex: 100
  wind_lifetime: 20
  solar_capex: 1000.0
  solar_opex: 10
  solar_lifetime: 20
  carbon_price: 1.0
timeseries_values:
  load_level: 247610.92006336708
  wind_year: 2015
  solar_year: 2017
  price_year: 2023
  carbon_year: 2023
storage_values:
  CAES:
    cost: 33.3084
    lifetime: 25.43
    annual_cost: 1.3098073141958317
    efficiency: 0.596631
    discharge_ratio: 0.1
    depth_of_discharge: 0.4
  Li-ion:
    cost: 277.859
    lifetime: 21.076
    annual_cost: 13.183668627823115
    efficiency: 0.972633
    discharge_ratio: 2
    depth_of_discharge: 0.9
  Pb-acid:
    cost: 175.286
    lifetime: 8.90538
    annual_cost: 19.683157821451754
    efficiency: 0.770252
    discharge_ratio: 5
    depth_of_discharge: 0.5
  VRBF:
    cost: 230.404
    lifetime: 15.9159
    annual_cost: 14.476341268794098
    efficiency: 0.688122
    discharge_ratio: 0.5
    depth_of_discharge: 1.0
