cost_values:
  wind_capex: 5000.0
  wind_opex: 100
  wind_lifetime: 20
  solar_capex: 1000.0
  solar_opex: 10
  solar_lifetime: 20
  carbon_price: 1.0
timeseries_values:
  load_level: 247610.92006336708
  wind_year: 2015
  solar_year: 2017
  price_year: 2023
  carbon_year: 2023
storage_values:
  CAES:
    cost: 31.0971
    lifetime: 26.0485
    annual_cost: 1.1938153828435418
    efficiency: 0.589178
    discharge_ratio: 0.1
    depth_of_discharge: 0.4
  Li-ion:
    cost: 271.568
    lifetime: 22.0441
    annual_cost: 12.319305392372561
    efficiency: 0.970422
    discharge_ratio: 2
    depth_of_discharge: 0.9
  Pb-acid:
    cost: 138.728
    lifetime: 11.1637
    annual_cost: 12.426704408036763
    efficiency: 0.779071
    discharge_ratio: 5
    depth_of_discharge: 0.5
  VRBF:
    cost: 239.094
    lifetime: 17.2874
    annual_cost: 13.830535534551174
    efficiency: 0.690147
    discharge_ratio: 0.5
    depth_of_discharge: 1.0
