cost_values:
  wind_capex: 5000.0
  wind_opex: 100
  wind_lifetime: 20
  solar_capex: 1000.0
  solar_opex: 10
  solar_lifetime: 20
  carbon_price: 1.0
timeseries_values:
  load_level: 247610.92006336708
  wind_year: 2015
  solar_year: 2017
  price_year: 2023
  carbon_year: 2023
storage_values:
  CAES:
    cost: 34.4658
    lifetime: 26.6423
    annual_cost: 1.2936495722966863
    efficiency: 0.58915
    discharge_ratio: 0.1
    depth_of_discharge: 0.4
  Li-ion:
    cost: 264.888
    lifetime: 20.9711
    annual_cost: 12.631097081221299
    efficiency: 0.960855
    discharge_ratio: 2
    depth_of_discharge: 0.9
  Pb-acid:
    cost: 156.311
    lifetime: 8.16438
    annual_cost: 19.14548318427119
    efficiency: 0.774246
    discharge_ratio: 5
    depth_of_discharge: 0.5
  VRBF:
    cost: 248.431
    lifetime: 18.1078
    annual_cost: 13.71955731784093
    efficiency: 0.676207
    discharge_ratio: 0.5
    depth_of_discharge: 1.0
