cost_values:
  wind_capex: 5000.0
  wind_opex: 100
  wind_lifetime: 20
  solar_capex: 1000.0
  solar_opex: 10
  solar_lifetime: 20
  carbon_price: 1.0
timeseries_values:
  load_level: 247610.92006336708
  wind_year: 2015
  solar_year: 2017
  price_year: 2023
  carbon_year: 2023
storage_values:
  CAES:
    cost: 39.732
    lifetime: 24.9276
    annual_cost: 1.5938959225918259
    efficiency: 0.59545
    discharge_ratio: 0.1
    depth_of_discharge: 0.4
  Li-ion:
    cost: 263.486
    lifetime: 21.9124
    annual_cost: 12.02451579927347
    efficiency: 0.956979
    discharge_ratio: 2
    depth_of_discharge: 0.9
  Pb-acid:
    cost: 133.012
    lifetime: 9.65103
    annual_cost: 13.78215589424134
    efficiency: 0.746397
    discharge_ratio: 5
    depth_of_discharge: 0.5
  VRBF:
    cost: 201.317
    lifetime: 19.1033
    annual_cost: 10.538336308386508
    efficiency: 0.678542
    discharge_ratio: 0.5
    depth_of_discharge: 1.0
