cost_values:
  wind_capex: 5000.0
  wind_opex: 100
  wind_lifetime: 20
  solar_capex: 1000.0
  solar_opex: 10
  solar_lifetime: 20
  carbon_price: 1.0
timeseries_values:
  load_level: 247610.92006336708
  wind_year: 2015
  solar_year: 2017
  price_year: 2023
  carbon_year: 2023
storage_values:
  CAES:
    cost: 36.6878
    lifetime: 26.1657
    annual_cost: 1.4021333272184577
    efficiency: 0.589619
    discharge_ratio: 0.1
    depth_of_discharge: 0.4
  Li-ion:
    cost: 267.681
    lifetime: 23.3098
    annual_cost: 11.483624913126667
    efficiency: 0.955436
    discharge_ratio: 2
    depth_of_discharge: 0.9
  Pb-acid:
    cost: 153.964
    lifetime: 11.1029
    annual_cost: 13.867007718704123
    efficiency: 0.771585
    discharge_ratio: 5
    depth_of_discharge: 0.5
  VRBF:
    cost: 193.941
    lifetime: 16.0899
    annual_cost: 12.05358641135122
    efficiency: 0.685994
    discharge_ratio: 0.5
    depth_of_discharge: 1.0
