cost_values:
  wind_capex: 5000.0
  wind_opex: 100
  wind_lifetime: 20
  solar_capex: 1000.0
  solar_opex: 10
  solar_lifetime: 20
  carbon_price: 1.0
timeseries_values:
  load_level: 247610.92006336708
  wind_year: 2015
  solar_year: 2017
  price_year: 2023
  carbon_year: 2023
storage_values:
  CAES:
    cost: 40.1982
    lifetime: 25.9899
    annual_cost: 1.5466854431913937
    efficiency: 0.587398
    discharge_ratio: 0.1
    depth_of_discharge: 0.4
  Li-ion:
    cost: 274.111
    lifetime: 20.6559
    annual_cost: 13.270348907576043
    efficiency: 0.969802
    discharge_ratio: 2
    depth_of_discharge: 0.9
  Pb-acid:
    cost: 146.691
    lifetime: 10.4972
    annual_cost: 13.974297908013567
    efficiency: 0.769319
    discharge_ratio: 5
    depth_of_discharge: 0.5
  VRBF:
    cost: 206.657
    lifetime: 17.8756
    annual_cost: 11.560842712971874
    efficiency: 0.671573
    discharge_ratio: 0.5
    depth_of_discharge: 1.0
