cost_values:
  wind_capex: 5000.0
  wind_opex: 100
  wind_lifetime: 20
  solar_capex: 1000.0
  solar_opex: 10
  solar_lifetime: 20
  carbon_price: 1.0
timeseries_values:
  load_level: 247610.92006336708
  wind_year: 2015
  solar_year: 2017
  price_year: 2023
  carbon_year: 2023
storage_values:
  CAES:
    cost: 33.3873
    lifetime: 26.3632
    annual_cost: 1.2664357892820297
    efficiency: 0.598103
    discharge_ratio: 0.1
    depth_of_discharge: 0.4
  Li-ion:
    cost: 274.729
    lifetime: 22.3066
    annual_cost: 12.31604099235204
    efficiency: 0.973831
    discharge_ratio: 2
    depth_of_discharge: 0.9
  Pb-acid:
    cost: 158.696
    lifetime: 9.84178
    annual_cost: 16.124725405363662
    efficiency: 0.760882
    discharge_ratio: 5
    depth_of_discharge: 0.5
  VRBF:
    cost: 220.54
    lifetime: 19.0659
    annual_cost: 11.567248333412008
    efficiency: 0.675893
    discharge_ratio: 0.5
    depth_of_discharge: 1.0
