cost_values:
  wind_capex: 5000.0
  wind_opex: 100
  wind_lifetime: 20
  solar_capex: 1000.0
  solar_opex: 10
  solar_lifetime: 20
  carbon_price: 1.0
timeseries_values:
  load_level: 247610.92006336708
  wind_year: 2015
  solar_year: 2017
  price_year: 2023
  carbon_year: 2023
storage_values:
  CAES:
    cost: 30.1965
    lifetime: 26.7861
    annual_cost: 1.127319766595361
    efficiency: 0.588115
    discharge_ratio: 0.1
    depth_of_discharge: 0.4
  Li-ion:
    cost: 272.698
    lifetime: 22.5321
    annual_cost: 12.102644671379942
    efficiency: 0.965389
    discharge_ratio: 2
    depth_of_discharge: 0.9
  Pb-acid:
    cost: 165.944
    lifetime: 9.71108
    annual_cost: 17.08810966442455
    efficiency: 0.767579
    discharge_ratio: 5
    depth_of_discharge: 0.5
  VRBF:
    cost: 227.544
    lifetime: 14.8409
    annual_cost: 15.332223786967099
    efficiency: 0.663317
    discharge_ratio: 0.5
    depth_of_discharge: 1.0
