cost_values:
  wind_capex: 5000.0
  wind_opex: 100
  wind_lifetime: 20
  solar_capex: 1000.0
  solar_opex: 10
  solar_lifetime: 20
  carbon_price: 1.0
timeseries_values:
  load_level: 247610.92006336708
  wind_year: 2015
  solar_year: 2017
  price_year: 2023
  carbon_year: 2023
storage_values:
  CAES:
    cost: 32.4176
    lifetime: 26.2156
    annual_cost: 1.2365766947924137
    efficiency: 0.593136
    discharge_ratio: 0.1
    depth_of_discharge: 0.4
  Li-ion:
    cost: 290.725
    lifetime: 21.0203
    annual_cost: 13.830677963682728
    efficiency: 0.942594
    discharge_ratio: 2
    depth_of_discharge: 0.9
  Pb-acid:
    cost: 158.272
    lifetime: 11.6096
    annual_cost: 13.632855567805953
    efficiency: 0.756334
    discharge_ratio: 5
    depth_of_discharge: 0.5
  VRBF:
    cost: 183.881
    lifetime: 18.2078
    annual_cost: 10.099023495425039
    efficiency: 0.661703
    discharge_ratio: 0.5
    depth_of_discharge: 1.0
