cost_values:
  wind_capex: 5000.0
  wind_opex: 100
  wind_lifetime: 20
  solar_capex: 1000.0
  solar_opex: 10
  solar_lifetime: 20
  carbon_price: 1.0
timeseries_values:
  load_level: 247610.92006336708
  wind_year: 2015
  solar_year: 2017
  price_year: 2023
  carbon_year: 2023
storage_values:
  CAES:
    cost: 36.3574
    lifetime: 26.0179
    annual_cost: 1.3973994826638583
    efficiency: 0.607385
    discharge_ratio: 0.1
    depth_of_discharge: 0.4
  Li-ion:
    cost: 281.506
    lifetime: 22.3942
    annual_cost: 12.570487001098497
    efficiency: 0.969138
    discharge_ratio: 2
    depth_of_discharge: 0.9
  Pb-acid:
    cost: 156.75
    lifetime: 8.254
    annual_cost: 18.990792343106374
    efficiency: 0.757205
    discharge_ratio: 5
    depth_of_discharge: 0.5
  VRBF:
    cost: 208.459
    lifetime: 17.485
    annual_cost: 11.922161853016872
    efficiency: 0.69419
    discharge_ratio: 0.5
    depth_of_discharge: 1.0
