cost_values:
  wind_capex: 5000.0
  wind_opex: 100
  wind_lifetime: 20
  solar_capex: 1000.0
  solar_opex: 10
  solar_lifetime: 20
  carbon_price: 1.0
timeseries_values:
  load_level: 247610.92006336708
  wind_year: 2015
  solar_year: 2017
  price_year: 2023
  carbon_year: 2023
storage_values:
  CAES:
    cost: 36.2386
    lifetime: 25.5035
    annual_cost: 1.4209265394945791
    efficiency: 0.589785
    discharge_ratio: 0.1
    depth_of_discharge: 0.4
  Li-ion:
    cost: 282.72
    lifetime: 22.8073
    annual_cost: 12.396031095307205
    efficiency: 0.957504
    discharge_ratio: 2
    depth_of_discharge: 0.9
  Pb-acid:
    cost: 155.892
    lifetime: 8.79637
    annual_cost: 17.722310453061887
    efficiency: 0.753701
    discharge_ratio: 5
    depth_of_discharge: 0.5
  VRBF:
    cost: 234.73
    lifetime: 17.2713
    annual_cost: 13.59075460445942
    efficiency: 0.658745
    discharge_ratio: 0.5
    depth_of_discharge: 1.0
