cost_values:
  wind_capex: 5000.0
  wind_opex: 100
  wind_lifetime: 20
  solar_capex: 1000.0
  solar_opex: 10
  solar_lifetime: 20
  carbon_price: 1.0
timeseries_values:
  load_level: 247610.92006336708
  wind_year: 2015
  solar_year: 2017
  price_year: 2023
  carbon_year: 2023
storage_values:
  CAES:
    cost: 36.8739
    lifetime: 25.3866
    annual_cost: 1.4524946231476448
    efficiency: 0.594353
    discharge_ratio: 0.1
    depth_of_discharge: 0.4
  Li-ion:
    cost: 272.441
    lifetime: 23.4896
    annual_cost: 11.598366936857161
    efficiency: 0.964858
    discharge_ratio: 2
    depth_of_discharge: 0.9
  Pb-acid:
    cost: 152.975
    lifetime: 8.83824
    annual_cost: 17.308310251814838
    efficiency: 0.763802
    discharge_ratio: 5
    depth_of_discharge: 0.5
  VRBF:
    cost: 243.967
    lifetime: 16.778
    annual_cost: 14.540886875670523
    efficiency: 0.683286
    discharge_ratio: 0.5
    depth_of_discharge: 1.0
