cost_values:
  wind_capex: 5000.0
  wind_opex: 100
  wind_lifetime: 20
  solar_capex: 1000.0
  solar_opex: 10
  solar_lifetime: 20
  carbon_price: 1.0
timeseries_values:
  load_level: 247610.92006336708
  wind_year: 2015
  solar_year: 2017
  price_year: 2023
  carbon_year: 2023
storage_values:
  CAES:
    cost: 37.6784
    lifetime: 26.8457
    annual_cost: 1.4035171368226569
    efficiency: 0.58787
    discharge_ratio: 0.1
    depth_of_discharge: 0.4
  Li-ion:
    cost: 287.688
    lifetime: 23.8749
    annual_cost: 12.049809632710502
    efficiency: 0.950745
    discharge_ratio: 2
    depth_of_discharge: 0.9
  Pb-acid:
    cost: 143.267
    lifetime: 12.1363
    annual_cost: 11.804833433583546
    efficiency: 0.774007
    discharge_ratio: 5
    depth_of_discharge: 0.5
  VRBF:
    cost: 216.163
    lifetime: 17.6607
    annual_cost: 12.239775320344043
    efficiency: 0.672359
    discharge_ratio: 0.5
    depth_of_discharge: 1.0
