cost_values:
  wind_capex: 5000.0
  wind_opex: 100
  wind_lifetime: 20
  solar_capex: 1000.0
  solar_opex: 10
  solar_lifetime: 20
  carbon_price: 1.0
timeseries_values:
  load_level: 247610.92006336708
  wind_year: 2015
  solar_year: 2017
  price_year: 2023
  carbon_year: 2023
storage_values:
  CAES:
    cost: 46.2003
    lifetime: 26.2186
    annual_cost: 1.762119258846773
    efficiency: 0.589774
    discharge_ratio: 0.1
    depth_of_discharge: 0.4
  Li-ion:
    cost: 279.241
    lifetime: 22.8154
    annual_cost: 12.239145489450108
    efficiency: 0.962877
    discharge_ratio: 2
    depth_of_discharge: 0.9
  Pb-acid:
    cost: 194.247
    lifetime: 10.9943
    annual_cost: 17.667973404400463
    efficiency: 0.765645
    discharge_ratio: 5
    depth_of_discharge: 0.5
  VRBF:
    cost: 228.712
    lifetime: 16.1533
    annual_cost: 14.158840608420569
    efficiency: 0.671881
    discharge_ratio: 0.5
    depth_of_discharge: 1.0
