cost_values:
  wind_capex: 5000.0
  wind_opex: 100
  wind_lifetime: 20
  solar_capex: 1000.0
  solar_opex: 10
  solar_lifetime: 20
  carbon_price: 1.0
timeseries_values:
  load_level: 247610.92006336708
  wind_year: 2015
  solar_year: 2017
  price_year: 2023
  carbon_year: 2023
storage_values:
  CAES:
    cost: 35.4438
    lifetime: 26.2531
    annual_cost: 1.350080561914593
    efficiency: 0.591491
    discharge_ratio: 0.1
    depth_of_discharge: 0.4
  Li-ion:
    cost: 275.652
    lifetime: 21.5643
    annual_cost: 12.78279378417106
    efficiency: 0.974931
    discharge_ratio: 2
    depth_of_discharge: 0.9
  Pb-acid:
    cost: 141.511
    lifetime: 10.6392
    annual_cost: 13.300906083164147
    efficiency: 0.767132
    discharge_ratio: 5
    depth_of_discharge: 0.5
  VRBF:
    cost: 229.622
    lifetime: 16.7137
    annual_cost: 13.738549812429326
    efficiency: 0.668113
    discharge_ratio: 0.5
    depth_of_discharge: 1.0
