cost_values:
  wind_capex: 5000.0
  wind_opex: 100
  wind_lifetime: 20
  solar_capex: 1000.0
  solar_opex: 10
  solar_lifetime: 20
  carbon_price: 1.0
timeseries_values:
  load_level: 247610.92006336708
  wind_year: 2015
  solar_year: 2017
  price_year: 2023
  carbon_year: 2023
storage_values:
  CAES:
    cost: 33.3171
    lifetime: 25.9753
    annual_cost: 1.2826454362413524
    efficiency: 0.573868
    discharge_ratio: 0.1
    depth_of_discharge: 0.4
  Li-ion:
    cost: 270.48
    lifetime: 23.4246
    annual_cost: 11.546835378192156
    efficiency: 0.963033
    discharge_ratio: 2
    depth_of_discharge: 0.9
  Pb-acid:
    cost: 149.408
    lifetime: 10.1883
    annual_cost: 14.664664369914508
    efficiency: 0.758103
    discharge_ratio: 5
    depth_of_discharge: 0.5
  VRBF:
    cost: 212.702
    lifetime: 16.3508
    annual_cost: 13.008660126721628
    efficiency: 0.669516
    discharge_ratio: 0.5
    depth_of_discharge: 1.0
