cost_values:
  wind_capex: 5000.0
  wind_opex: 100
  wind_lifetime: 20
  solar_capex: 1000.0
  solar_opex: 10
  solar_lifetime: 20
  carbon_price: 1.0
timeseries_values:
  load_level: 247610.92006336708
  wind_year: 2015
  solar_year: 2017
  price_year: 2023
  carbon_year: 2023
storage_values:
  CAES:
    cost: 32.0121
    lifetime: 26.1982
    annual_cost: 1.2219198265529692
    efficiency: 0.588939
    discharge_ratio: 0.1
    depth_of_discharge: 0.4
  Li-ion:
    cost: 292.342
    lifetime: 22.422
    annual_cost: 13.038176790652036
    efficiency: 0.952863
    discharge_ratio: 2
    depth_of_discharge: 0.9
  Pb-acid:
    cost: 149.49
    lifetime: 8.19571
    annual_cost: 18.240030454957534
    efficiency: 0.768937
    discharge_ratio: 5
    depth_of_discharge: 0.5
  VRBF:
    cost: 192.828
    lifetime: 18.8982
    annual_cost: 10.203511445534495
    efficiency: 0.665446
    discharge_ratio: 0.5
    depth_of_discharge: 1.0
