cost_values:
  wind_capex: 5000.0
  wind_opex: 100
  wind_lifetime: 20
  solar_capex: 1000.0
  solar_opex: 10
  solar_lifetime: 20
  carbon_price: 1.0
timeseries_values:
  load_level: 247610.92006336708
  wind_year: 2015
  solar_year: 2017
  price_year: 2023
  carbon_year: 2023
storage_values:
  CAES:
    cost: 32.0149
    lifetime: 25.8998
    annual_cost: 1.2361060703171451
    efficiency: 0.595096
    discharge_ratio: 0.1
    depth_of_discharge: 0.4
  Li-ion:
    cost: 296.051
    lifetime: 21.5334
    annual_cost: 13.748455887133476
    efficiency: 0.972252
    discharge_ratio: 2
    depth_of_discharge: 0.9
  Pb-acid:
    cost: 155.665
    lifetime: 10.4375
    annual_cost: 14.914011976047904
    efficiency: 0.771526
    discharge_ratio: 5
    depth_of_discharge: 0.5
  VRBF:
    cost: 202.807
    lifetime: 17.4864
    annual_cost: 11.59798471955348
    efficiency: 0.695008
    discharge_ratio: 0.5
    depth_of_discharge: 1.0
