cost_values:
  wind_capex: 5000.0
  wind_opex: 100
  wind_lifetime: 20
  solar_capex: 1000.0
  solar_opex: 10
  solar_lifetime: 20
  carbon_price: 1.0
timeseries_values:
  load_level: 247610.92006336708
  wind_year: 2015
  solar_year: 2017
  price_year: 2023
  carbon_year: 2023
storage_values:
  CAES:
    cost: 35.8386
    lifetime: 25.9949
    annual_cost: 1.3786781253245828
    efficiency: 0.588145
    discharge_ratio: 0.1
    depth_of_discharge: 0.4
  Li-ion:
    cost: 282.36
    lifetime: 24.7438
    annual_cost: 11.411343447651534
    efficiency: 0.970772
    discharge_ratio: 2
    depth_of_discharge: 0.9
  Pb-acid:
    cost: 153.574
    lifetime: 10.5317
    annual_cost: 14.582071270545116
    efficiency: 0.757027
    discharge_ratio: 5
    depth_of_discharge: 0.5
  VRBF:
    cost: 229.34
    lifetime: 19.9885
    annual_cost: 11.473597318458115
    efficiency: 0.667035
    discharge_ratio: 0.5
    depth_of_discharge: 1.0
