cost_values:
  wind_capex: 5000.0
  wind_opex: 100
  wind_lifetime: 20
  solar_capex: 1000.0
  solar_opex: 10
  solar_lifetime: 20
  carbon_price: 1.0
timeseries_values:
  load_level: 247610.92006336708
  wind_year: 2015
  solar_year: 2017
  price_year: 2023
  carbon_year: 2023
storage_values:
  CAES:
    cost: 37.3892
    lifetime: 24.5868
    annual_cost: 1.5207021653895587
    efficiency: 0.596641
    discharge_ratio: 0.1
    depth_of_discharge: 0.4
  Li-ion:
    cost: 268.371
    lifetime: 22.8459
    annual_cost: 11.747009310204456
    efficiency: 0.982799
    discharge_ratio: 2
    depth_of_discharge: 0.9
  Pb-acid:
    cost: 155.672
    lifetime: 11.1575
    annual_cost: 13.952229442079318
    efficiency: 0.773195
    discharge_ratio: 5
    depth_of_discharge: 0.5
  VRBF:
    cost: 203.764
    lifetime: 18.4094
    annual_cost: 11.068475887318435
    efficiency: 0.665145
    discharge_ratio: 0.5
    depth_of_discharge: 1.0
