cost_values:
  wind_capex: 5000.0
  wind_opex: 100
  wind_lifetime: 20
  solar_capex: 1000.0
  solar_opex: 10
  solar_lifetime: 20
  carbon_price: 1.0
timeseries_values:
  load_level: 247610.92006336708
  wind_year: 2015
  solar_year: 2017
  price_year: 2023
  carbon_year: 2023
storage_values:
  CAES:
    cost: 36.6375
    lifetime: 25.4895
    annual_cost: 1.437356558582946
    efficiency: 0.590252
    discharge_ratio: 0.1
    depth_of_discharge: 0.4
  Li-ion:
    cost: 286.886
    lifetime: 21.6515
    annual_cost: 13.250167424889732
    efficiency: 0.950412
    discharge_ratio: 2
    depth_of_discharge: 0.9
  Pb-acid:
    cost: 152.945
    lifetime: 10.8925
    annual_cost: 14.041312829928849
    efficiency: 0.764543
    discharge_ratio: 5
    depth_of_discharge: 0.5
  VRBF:
    cost: 268.988
    lifetime: 17.1407
    annual_cost: 15.692941361788026
    efficiency: 0.672092
    discharge_ratio: 0.5
    depth_of_discharge: 1.0
