cost_values:
  wind_capex: 5000.0
  wind_opex: 100
  wind_lifetime: 20
  solar_capex: 1000.0
  solar_opex: 10
  solar_lifetime: 20
  carbon_price: 1.0
timeseries_values:
  load_level: 247610.92006336708
  wind_year: 2015
  solar_year: 2017
  price_year: 2023
  carbon_year: 2023
storage_values:
  CAES:
    cost: 42.4347
    lifetime: 26.1664
    annual_cost: 1.6217248073865722
    efficiency: 0.601233
    discharge_ratio: 0.1
    depth_of_discharge: 0.4
  Li-ion:
    cost: 280.906
    lifetime: 22.7689
    annual_cost: 12.337267061649882
    efficiency: 0.960131
    discharge_ratio: 2
    depth_of_discharge: 0.9
  Pb-acid:
    cost: 132.889
    lifetime: 9.23207
    annual_cost: 14.394279939385209
    efficiency: 0.759766
    discharge_ratio: 5
    depth_of_discharge: 0.5
  VRBF:
    cost: 204.538
    lifetime: 16.3482
    annual_cost: 12.511346814939873
    efficiency: 0.654285
    discharge_ratio: 0.5
    depth_of_discharge: 1.0
