cost_values:
  wind_capex: 5000.0
  wind_opex: 100
  wind_lifetime: 20
  solar_capex: 1000.0
  solar_opex: 10
  solar_lifetime: 20
  carbon_price: 1.0
timeseries_values:
  load_level: 247610.92006336708
  wind_year: 2015
  solar_year: 2017
  price_year: 2023
  carbon_year: 2023
storage_values:
  CAES:
    cost: 32.5546
    lifetime: 26.5244
    annual_cost: 1.2273453876430758
    efficiency: 0.583983
    discharge_ratio: 0.1
    depth_of_discharge: 0.4
  Li-ion:
    cost: 269.898
    lifetime: 23.403
    annual_cost: 11.532624022561212
    efficiency: 0.960608
    discharge_ratio: 2
    depth_of_discharge: 0.9
  Pb-acid:
    cost: 145.394
    lifetime: 10.2286
    annual_cost: 14.214457501515358
    efficiency: 0.780403
    discharge_ratio: 5
    depth_of_discharge: 0.5
  VRBF:
    cost: 201.677
    lifetime: 16.7951
    annual_cost: 12.008085691660066
    efficiency: 0.67813
    discharge_ratio: 0.5
    depth_of_discharge: 1.0
