cost_values:
  wind_capex: 5000.0
  wind_opex: 100
  wind_lifetime: 20
  solar_capex: 1000.0
  solar_opex: 10
  solar_lifetime: 20
  carbon_price: 1.0
timeseries_values:
  load_level: 247610.92006336708
  wind_year: 2015
  solar_year: 2017
  price_year: 2023
  carbon_year: 2023
storage_values:
  CAES:
    cost: 30.6248
    lifetime: 26.2785
    annual_cost: 1.1653937629621174
    efficiency: 0.595303
    discharge_ratio: 0.1
    depth_of_discharge: 0.4
  Li-ion:
    cost: 265.74
    lifetime: 20.7557
    annual_cost: 12.803229956108442
    efficiency: 0.970223
    discharge_ratio: 2
    depth_of_discharge: 0.9
  Pb-acid:
    cost: 151.366
    lifetime: 9.0745
    annual_cost: 16.680368064356163
    efficiency: 0.77773
    discharge_ratio: 5
    depth_of_discharge: 0.5
  VRBF:
    cost: 234.78
    lifetime: 17.4678
    annual_cost: 13.440730944938688
    efficiency: 0.674352
    discharge_ratio: 0.5
    depth_of_discharge: 1.0
