cost_values:
  wind_capex: 5000.0
  wind_opex: 100
  wind_lifetime: 20
  solar_capex: 1000.0
  solar_opex: 10
  solar_lifetime: 20
  carbon_price: 1.0
timeseries_values:
  load_level: 247610.92006336708
  wind_year: 2015
  solar_year: 2017
  price_year: 2023
  carbon_year: 2023
storage_values:
  CAES:
    cost: 38.9959
    lifetime: 26.145
    annual_cost: 1.4915241920061197
    efficiency: 0.592133
    discharge_ratio: 0.1
    depth_of_discharge: 0.4
  Li-ion:
    cost: 282.956
    lifetime: 21.3185
    annual_cost: 13.272791237657435
    efficiency: 0.966147
    discharge_ratio: 2
    depth_of_discharge: 0.9
  Pb-acid:
    cost: 170.135
    lifetime: 9.22158
    annual_cost: 18.449658301505817
    efficiency: 0.787706
    discharge_ratio: 5
    depth_of_discharge: 0.5
  VRBF:
    cost: 263.415
    lifetime: 17.2359
    annual_cost: 15.282926914173325
    efficiency: 0.664693
    discharge_ratio: 0.5
    depth_of_discharge: 1.0
