cost_values:
  wind_capex: 5000.0
  wind_opex: 100
  wind_lifetime: 20
  solar_capex: 1000.0
  solar_opex: 10
  solar_lifetime: 20
  carbon_price: 1.0
timeseries_values:
  load_level: 247610.92006336708
  wind_year: 2015
  solar_year: 2017
  price_year: 2023
  carbon_year: 2023
storage_values:
  CAES:
    cost: 33.072
    lifetime: 26.6781
    annual_cost: 1.2396684921339975
    efficiency: 0.595463
    discharge_ratio: 0.1
    depth_of_discharge: 0.4
  Li-ion:
    cost: 277.586
    lifetime: 25.8779
    annual_cost: 10.726759126513358
    efficiency: 0.961386
    discharge_ratio: 2
    depth_of_discharge: 0.9
  Pb-acid:
    cost: 161.618
    lifetime: 9.2362
    annual_cost: 17.498321820662177
    efficiency: 0.760794
    discharge_ratio: 5
    depth_of_discharge: 0.5
  VRBF:
    cost: 253.271
    lifetime: 15.3372
    annual_cost: 16.51350963670031
    efficiency: 0.689158
    discharge_ratio: 0.5
    depth_of_discharge: 1.0
