cost_values:
  wind_capex: 5000.0
  wind_opex: 100
  wind_lifetime: 20
  solar_capex: 1000.0
  solar_opex: 10
  solar_lifetime: 20
  carbon_price: 1.0
timeseries_values:
  load_level: 247610.92006336708
  wind_year: 2015
  solar_year: 2017
  price_year: 2023
  carbon_year: 2023
storage_values:
  CAES:
    cost: 34.369
    lifetime: 26.1923
    annual_cost: 1.3121795336797455
    efficiency: 0.590215
    discharge_ratio: 0.1
    depth_of_discharge: 0.4
  Li-ion:
    cost: 275.377
    lifetime: 23.7175
    annual_cost: 11.610709391799304
    efficiency: 0.977987
    discharge_ratio: 2
    depth_of_discharge: 0.9
  Pb-acid:
    cost: 152.857
    lifetime: 10.2443
    annual_cost: 14.921175678182012
    efficiency: 0.765534
    discharge_ratio: 5
    depth_of_discharge: 0.5
  VRBF:
    cost: 226.964
    lifetime: 17.3043
    annual_cost: 13.116046300630478
    efficiency: 0.689925
    discharge_ratio: 0.5
    depth_of_discharge: 1.0
