cost_values:
  wind_capex: 5000.0
  wind_opex: 100
  wind_lifetime: 20
  solar_capex: 1000.0
  solar_opex: 10
  solar_lifetime: 20
  carbon_price: 1.0
timeseries_values:
  load_level: 247610.92006336708
  wind_year: 2015
  solar_year: 2017
  price_year: 2023
  carbon_year: 2023
storage_values:
  CAES:
    cost: 30.532
    lifetime: 26.1013
    annual_cost: 1.1697501657005591
    efficiency: 0.597928
    discharge_ratio: 0.1
    depth_of_discharge: 0.4
  Li-ion:
    cost: 273.792
    lifetime: 20.3261
    annual_cost: 13.469972104830733
    efficiency: 0.955253
    discharge_ratio: 2
    depth_of_discharge: 0.9
  Pb-acid:
    cost: 160.109
    lifetime: 10.5601
    annual_cost: 15.161693544568708
    efficiency: 0.764795
    discharge_ratio: 5
    depth_of_discharge: 0.5
  VRBF:
    cost: 231.0
    lifetime: 19.7632
    annual_cost: 11.68839054404145
    efficiency: 0.675318
    discharge_ratio: 0.5
    depth_of_discharge: 1.0
