cost_values:
  wind_capex: 5000.0
  wind_opex: 100
  wind_lifetime: 20
  solar_capex: 1000.0
  solar_opex: 10
  solar_lifetime: 20
  carbon_price: 1.0
timeseries_values:
  load_level: 289351.7636873103
  wind_year: 2011
  solar_year: 2010
  price_year: 2023
  carbon_year: 2023
storage_values:
  CAES:
    cost: 63.88734158884675
    lifetime: 28.587986169083994
    annual_cost: 2.2347618755299616
    efficiency: 0.6113378171438419
    discharge_ratio: 0.1
    depth_of_discharge: 0.4
  Li-ion:
    cost: 199.6620178309743
    lifetime: 21.429010623816485
    annual_cost: 9.317369865366873
    efficiency: 0.9565948762600759
    discharge_ratio: 2
    depth_of_discharge: 0.9
  Pb-acid:
    cost: 158.4875457358937
    lifetime: 6.394721598234634
    annual_cost: 24.784119730817793
    efficiency: 0.7755895780320662
    discharge_ratio: 5
    depth_of_discharge: 0.5
  VRBF:
    cost: 285.2669529378533
    lifetime: 22.178626552180276
    annual_cost: 12.862246102872861
    efficiency: 0.7128287171868559
    discharge_ratio: 0.5
    depth_of_discharge: 1.0
