cost_values:
  wind_capex: 5000.0
  wind_opex: 100
  wind_lifetime: 20
  solar_capex: 1000.0
  solar_opex: 10
  solar_lifetime: 20
  carbon_price: 1.0
timeseries_values:
  load_level: 229033.60141853383
  wind_year: 2019
  solar_year: 2016
  price_year: 2023
  carbon_year: 2023
storage_values:
  CAES:
    cost: 67.48082203834512
    lifetime: 23.874508646091048
    annual_cost: 2.8264800351982826
    efficiency: 0.5715780523641221
    discharge_ratio: 0.1
    depth_of_discharge: 0.4
  Li-ion:
    cost: 164.73538641187145
    lifetime: 19.123531151010887
    annual_cost: 8.614276574290695
    efficiency: 0.9499023202183781
    discharge_ratio: 2
    depth_of_discharge: 0.9
  Pb-acid:
    cost: 200.61804701545185
    lifetime: 5.412890189965898
    annual_cost: 37.06301808733271
    efficiency: 0.7259643714797173
    discharge_ratio: 5
    depth_of_discharge: 0.5
  VRBF:
    cost: 235.08218160257738
    lifetime: 16.383568084412794
    annual_cost: 14.348655945479473
    efficiency: 0.6953419579503052
    discharge_ratio: 0.5
    depth_of_discharge: 1.0
