cost_values:
  wind_capex: 5000.0
  wind_opex: 100
  wind_lifetime: 20
  solar_capex: 1000.0
  solar_opex: 10
  solar_lifetime: 20
  carbon_price: 1.0
timeseries_values:
  load_level: 247610.92006336708
  wind_year: 2015
  solar_year: 2017
  price_year: 2023
  carbon_year: 2023
storage_values:
  CAES:
    cost: 37.08528729144989
    lifetime: 26.22236896587593
    annual_cost: 1.4142615161776668
    efficiency: 0.5946761007207471
    discharge_ratio: 0.1
    depth_of_discharge: 0.4
  Li-ion:
    cost: 253.41026773411198
    lifetime: 20.182307484489773
    annual_cost: 12.55606019920464
    efficiency: 0.9781142467300031
    discharge_ratio: 2
    depth_of_discharge: 0.9
  Pb-acid:
    cost: 162.3178826784322
    lifetime: 9.807930125804514
    annual_cost: 16.54965732793878
    efficiency: 0.7575289403756166
    discharge_ratio: 5
    depth_of_discharge: 0.5
  VRBF:
    cost: 221.53206662072915
    lifetime: 18.134709220115184
    annual_cost: 12.215915013128734
    efficiency: 0.6692279861827473
    discharge_ratio: 0.5
    depth_of_discharge: 1.0
