cost_values:
  wind_capex: 5000.0
  wind_opex: 100
  wind_lifetime: 20
  solar_capex: 1000.0
  solar_opex: 10
  solar_lifetime: 20
  carbon_price: 1.0
timeseries_values:
  load_level: 253676.44709054328
  wind_year: 2012
  solar_year: 2014
  price_year: 2023
  carbon_year: 2023
storage_values:
  CAES:
    cost: 79.70910128663465
    lifetime: 27.41560203864077
    annual_cost: 2.90743574313229
    efficiency: 0.6139546104079062
    discharge_ratio: 0.1
    depth_of_discharge: 0.4
  Li-ion:
    cost: 165.95978676145273
    lifetime: 16.892985442582788
    annual_cost: 9.824183376320898
    efficiency: 0.8659743898312631
    discharge_ratio: 2
    depth_of_discharge: 0.9
  Pb-acid:
    cost: 176.3751268744536
    lifetime: 8.251040402376194
    annual_cost: 21.37610752986494
    efficiency: 0.7195379216764204
    discharge_ratio: 5
    depth_of_discharge: 0.5
  VRBF:
    cost: 190.8853059249304
    lifetime: 25.8192167003984
    annual_cost: 7.3931486047748685
    efficiency: 0.7470518619596942
    discharge_ratio: 0.5
    depth_of_discharge: 1.0
