cost_values:
  wind_capex: 5000.0
  wind_opex: 100
  wind_lifetime: 20
  solar_capex: 1000.0
  solar_opex: 10
  solar_lifetime: 20
  carbon_price: 1.0
timeseries_values:
  load_level: 241151.84499764987
  wind_year: 2018
  solar_year: 2011
  price_year: 2023
  carbon_year: 2023
storage_values:
  CAES:
    cost: 36.25539851065787
    lifetime: 25.222242929432106
    annual_cost: 1.4374375273481748
    efficiency: 0.6052322982396978
    discharge_ratio: 0.1
    depth_of_discharge: 0.4
  Li-ion:
    cost: 231.28923463977168
    lifetime: 19.178773936800667
    annual_cost: 12.059646534337038
    efficiency: 0.882892797889382
    discharge_ratio: 2
    depth_of_discharge: 0.9
  Pb-acid:
    cost: 122.85715393293691
    lifetime: 11.248715567735555
    annual_cost: 10.921882875705862
    efficiency: 0.7383698562745904
    discharge_ratio: 5
    depth_of_discharge: 0.5
  VRBF:
    cost: 262.7620052008436
    lifetime: 18.243002954868942
    annual_cost: 14.403440368391438
    efficiency: 0.8401963834241559
    discharge_ratio: 0.5
    depth_of_discharge: 1.0
