cost_values:
  wind_capex: 5000.0
  wind_opex: 100
  wind_lifetime: 20
  solar_capex: 1000.0
  solar_opex: 10
  solar_lifetime: 20
  carbon_price: 1.0
timeseries_values:
  load_level: 273732.75153830554
  wind_year: 2011
  solar_year: 2019
  price_year: 2023
  carbon_year: 2023
storage_values:
  CAES:
    cost: 44.65450165193744
    lifetime: 24.3785504196794
    annual_cost: 1.8317127508898328
    efficiency: 0.5709782916028879
    discharge_ratio: 0.1
    depth_of_discharge: 0.4
  Li-ion:
    cost: 230.12858986263757
    lifetime: 15.73338394397405
    annual_cost: 14.626770101213843
    efficiency: 0.9253775297353002
    discharge_ratio: 2
    depth_of_discharge: 0.9
  Pb-acid:
    cost: 196.76974572340788
    lifetime: 7.8582606354045765
    annual_cost: 25.03985994519986
    efficiency: 0.7281741495603062
    discharge_ratio: 5
    depth_of_discharge: 0.5
  VRBF:
    cost: 198.31153210368623
    lifetime: 18.074392953810257
    annual_cost: 10.971960862557227
    efficiency: 0.7468840395683133
    discharge_ratio: 0.5
    depth_of_discharge: 1.0
