cost_values:
  wind_capex: 5000.0
  wind_opex: 100
  wind_lifetime: 20
  solar_capex: 1000.0
  solar_opex: 10
  solar_lifetime: 20
  carbon_price: 1.0
timeseries_values:
  load_level: 242379.29994153598
  wind_year: 2017
  solar_year: 2014
  price_year: 2023
  carbon_year: 2023
storage_values:
  CAES:
    cost: 40.78619556953202
    lifetime: 22.63080655525675
    annual_cost: 1.802242243109894
    efficiency: 0.5645663548377988
    discharge_ratio: 0.1
    depth_of_discharge: 0.4
  Li-ion:
    cost: 251.71778235879685
    lifetime: 21.2216742427586
    annual_cost: 11.861353608549036
    efficiency: 0.9382137614875712
    discharge_ratio: 2
    depth_of_discharge: 0.9
  Pb-acid:
    cost: 63.824420929004475
    lifetime: 18.615325670201095
    annual_cost: 3.428595451927702
    efficiency: 0.7589444525756581
    discharge_ratio: 5
    depth_of_discharge: 0.5
  VRBF:
    cost: 193.45078593225875
    lifetime: 15.725477600643982
    annual_cost: 12.301743123168269
    efficiency: 0.7075264604305048
    discharge_ratio: 0.5
    depth_of_discharge: 1.0
