cost_values:
  wind_capex: 5000.0
  wind_opex: 100
  wind_lifetime: 20
  solar_capex: 1000.0
  solar_opex: 10
  solar_lifetime: 20
  carbon_price: 1.0
timeseries_values:
  load_level: 229400.42958230426
  wind_year: 2010
  solar_year: 2012
  price_year: 2023
  carbon_year: 2023
storage_values:
  CAES:
    cost: 36.52651862830039
    lifetime: 25.340805989242206
    annual_cost: 1.4414110839176462
    efficiency: 0.6345167242495248
    discharge_ratio: 0.1
    depth_of_discharge: 0.4
  Li-ion:
    cost: 224.38380934129862
    lifetime: 20.842097532787378
    annual_cost: 10.765893835220432
    efficiency: 0.8780783708533456
    discharge_ratio: 2
    depth_of_discharge: 0.9
  Pb-acid:
    cost: 163.93655035533178
    lifetime: 19.432980233041373
    annual_cost: 8.435996352046654
    efficiency: 0.687158272744413
    discharge_ratio: 5
    depth_of_discharge: 0.5
  VRBF:
    cost: 253.29018653587656
    lifetime: 25.40614788048735
    annual_cost: 9.969641510683747
    efficiency: 0.780612464426043
    discharge_ratio: 0.5
    depth_of_discharge: 1.0
