cost_values:
  wind_capex: 5000.0
  wind_opex: 100
  wind_lifetime: 20
  solar_capex: 1000.0
  solar_opex: 10
  solar_lifetime: 20
  carbon_price: 1.0
timeseries_values:
  load_level: 255718.485658553
  wind_year: 2018
  solar_year: 2016
  price_year: 2023
  carbon_year: 2023
storage_values:
  CAES:
    cost: 59.10404692211395
    lifetime: 23.746102667892693
    annual_cost: 2.4889998897389187
    efficiency: 0.6343694755034267
    discharge_ratio: 0.1
    depth_of_discharge: 0.4
  Li-ion:
    cost: 272.6888390340261
    lifetime: 21.522194930820334
    annual_cost: 12.670122165073819
    efficiency: 0.9459204138277034
    discharge_ratio: 2
    depth_of_discharge: 0.9
  Pb-acid:
    cost: 163.59495754063636
    lifetime: 12.35998785067904
    annual_cost: 13.235850998967502
    efficiency: 0.7398047975724991
    discharge_ratio: 5
    depth_of_discharge: 0.5
  VRBF:
    cost: 259.53638487599716
    lifetime: 21.176868934189034
    annual_cost: 12.255654302935604
    efficiency: 0.7870936896615395
    discharge_ratio: 0.5
    depth_of_discharge: 1.0
