cost_values:
  wind_capex: 5000.0
  wind_opex: 100
  wind_lifetime: 20
  solar_capex: 1000.0
  solar_opex: 10
  solar_lifetime: 20
  carbon_price: 1.0
timeseries_values:
  load_level: 290761.8249180339
  wind_year: 2014
  solar_year: 2015
  price_year: 2023
  carbon_year: 2023
storage_values:
  CAES:
    cost: 69.68729444711894
    lifetime: 28.204532015577872
    annual_cost: 2.4707835750874856
    efficiency: 0.5842409727059942
    discharge_ratio: 0.1
    depth_of_discharge: 0.4
  Li-ion:
    cost: 224.30048637238556
    lifetime: 13.439772374262294
    annual_cost: 16.689306941085555
    efficiency: 0.8881488668384612
    discharge_ratio: 2
    depth_of_discharge: 0.9
  Pb-acid:
    cost: 113.00731195972534
    lifetime: 10.57484387401286
    annual_cost: 10.686428405570606
    efficiency: 0.7974200477026612
    discharge_ratio: 5
    depth_of_discharge: 0.5
  VRBF:
    cost: 286.7567544221204
    lifetime: 18.596505530645498
    annual_cost: 15.419926821712234
    efficiency: 0.7800849228204639
    discharge_ratio: 0.5
    depth_of_discharge: 1.0
