cost_values:
  wind_capex: 5000.0
  wind_opex: 100
  wind_lifetime: 20
  solar_capex: 1000.0
  solar_opex: 10
  solar_lifetime: 20
  carbon_price: 1.0
timeseries_values:
  load_level: 244935.6241813471
  wind_year: 2017
  solar_year: 2013
  price_year: 2023
  carbon_year: 2023
storage_values:
  CAES:
    cost: 59.696828920800336
    lifetime: 26.49171738597565
    annual_cost: 2.253414833437828
    efficiency: 0.6173008793972168
    discharge_ratio: 0.1
    depth_of_discharge: 0.4
  Li-ion:
    cost: 200.57960039379614
    lifetime: 20.518929074429586
    annual_cost: 9.775344496109973
    efficiency: 0.9211722353437053
    discharge_ratio: 2
    depth_of_discharge: 0.9
  Pb-acid:
    cost: 160.61348692148923
    lifetime: 6.360958802605119
    annual_cost: 25.24988636236887
    efficiency: 0.7155256165414452
    discharge_ratio: 5
    depth_of_discharge: 0.5
  VRBF:
    cost: 269.2646018418143
    lifetime: 21.179915619955267
    annual_cost: 12.713204654513302
    efficiency: 0.7885466226440332
    discharge_ratio: 0.5
    depth_of_discharge: 1.0
