cost_values:
  wind_capex: 5000.0
  wind_opex: 100
  wind_lifetime: 20
  solar_capex: 1000.0
  solar_opex: 10
  solar_lifetime: 20
  carbon_price: 1.0
timeseries_values:
  load_level: 236071.66236818826
  wind_year: 2010
  solar_year: 2010
  price_year: 2023
  carbon_year: 2023
storage_values:
  CAES:
    cost: 44.94919987224017
    lifetime: 22.524643880748656
    annual_cost: 1.9955565162411877
    efficiency: 0.5993690562043961
    discharge_ratio: 0.1
    depth_of_discharge: 0.4
  Li-ion:
    cost: 289.6748345009411
    lifetime: 16.686975643041826
    annual_cost: 17.35933704809657
    efficiency: 0.9348482781349178
    discharge_ratio: 2
    depth_of_discharge: 0.9
  Pb-acid:
    cost: 183.6797924912903
    lifetime: 9.965647095518344
    annual_cost: 18.43129610458442
    efficiency: 0.7466155401383243
    discharge_ratio: 5
    depth_of_discharge: 0.5
  VRBF:
    cost: 225.8643917660395
    lifetime: 21.610161405998493
    annual_cost: 10.451767921703011
    efficiency: 0.766255894297932
    discharge_ratio: 0.5
    depth_of_discharge: 1.0
