cost_values:
  wind_capex: 5000.0
  wind_opex: 100
  wind_lifetime: 20
  solar_capex: 1000.0
  solar_opex: 10
  solar_lifetime: 20
  carbon_price: 1.0
timeseries_values:
  load_level: 267740.49461463187
  wind_year: 2017
  solar_year: 2013
  price_year: 2023
  carbon_year: 2023
storage_values:
  CAES:
    cost: 74.44926362423817
    lifetime: 24.723029361632925
    annual_cost: 3.0113325731746365
    efficiency: 0.5829848359566114
    discharge_ratio: 0.1
    depth_of_discharge: 0.4
  Li-ion:
    cost: 133.8455099124682
    lifetime: 15.513585840456447
    annual_cost: 8.627632018087326
    efficiency: 0.9216564918424075
    discharge_ratio: 2
    depth_of_discharge: 0.9
  Pb-acid:
    cost: 129.97845370343043
    lifetime: 15.84661718231543
    annual_cost: 8.202283945401565
    efficiency: 0.7187705859664659
    discharge_ratio: 5
    depth_of_discharge: 0.5
  VRBF:
    cost: 201.78327315999576
    lifetime: 21.420261621074317
    annual_cost: 9.420205818656825
    efficiency: 0.7758423905128641
    discharge_ratio: 0.5
    depth_of_discharge: 1.0
