cost_values:
  wind_capex: 5000.0
  wind_opex: 100
  wind_lifetime: 20
  solar_capex: 1000.0
  solar_opex: 10
  solar_lifetime: 20
  carbon_price: 1.0
timeseries_values:
  load_level: 232611.98291562518
  wind_year: 2019
  solar_year: 2010
  price_year: 2023
  carbon_year: 2023
storage_values:
  CAES:
    cost: 33.74822608322753
    lifetime: 24.71345518425188
    annual_cost: 1.3655810501452206
    efficiency: 0.6341664267008632
    discharge_ratio: 0.1
    depth_of_discharge: 0.4
  Li-ion:
    cost: 177.24533385087108
    lifetime: 20.08655347170265
    annual_cost: 8.824078959119051
    efficiency: 0.8662862539710191
    discharge_ratio: 2
    depth_of_discharge: 0.9
  Pb-acid:
    cost: 101.16193670159552
    lifetime: 19.269980443156793
    annual_cost: 5.249716625297376
    efficiency: 0.7845828062550697
    discharge_ratio: 5
    depth_of_discharge: 0.5
  VRBF:
    cost: 106.04319340717689
    lifetime: 27.42598700889877
    annual_cost: 3.8665224107620846
    efficiency: 0.7669625858594422
    discharge_ratio: 0.5
    depth_of_discharge: 1.0
