cost_values:
  wind_capex: 5000.0
  wind_opex: 100
  wind_lifetime: 20
  solar_capex: 1000.0
  solar_opex: 10
  solar_lifetime: 20
  carbon_price: 1.0
timeseries_values:
  load_level: 270635.465085621
  wind_year: 2017
  solar_year: 2018
  price_year: 2023
  carbon_year: 2023
storage_values:
  CAES:
    cost: 51.82972938207383
    lifetime: 21.876767605180703
    annual_cost: 2.3691676173311764
    efficiency: 0.5944796490321632
    discharge_ratio: 0.1
    depth_of_discharge: 0.4
  Li-ion:
    cost: 184.52639592023925
    lifetime: 16.946287762924005
    annual_cost: 10.888897822445573
    efficiency: 0.9397021095293037
    discharge_ratio: 2
    depth_of_discharge: 0.9
  Pb-acid:
    cost: 149.50661112408505
    lifetime: 7.696503884485911
    annual_cost: 19.425262868436967
    efficiency: 0.6976519679001663
    discharge_ratio: 5
    depth_of_discharge: 0.5
  VRBF:
    cost: 284.0155864828412
    lifetime: 13.45942098974609
    annual_cost: 21.10161995075533
    efficiency: 0.7987514186136502
    discharge_ratio: 0.5
    depth_of_discharge: 1.0
