cost_values:
  wind_capex: 5000.0
  wind_opex: 100
  wind_lifetime: 20
  solar_capex: 1000.0
  solar_opex: 10
  solar_lifetime: 20
  carbon_price: 1.0
timeseries_values:
  load_level: 217621.60989347665
  wind_year: 2014
  solar_year: 2019
  price_year: 2023
  carbon_year: 2023
storage_values:
  CAES:
    cost: 73.52493183640235
    lifetime: 27.295022627993013
    annual_cost: 2.6937120675253525
    efficiency: 0.6121881598172826
    discharge_ratio: 0.1
    depth_of_discharge: 0.4
  Li-ion:
    cost: 189.0205474248077
    lifetime: 15.576505317628069
    annual_cost: 12.134977876641653
    efficiency: 0.8868893075784032
    discharge_ratio: 2
    depth_of_discharge: 0.9
  Pb-acid:
    cost: 118.08003791282675
    lifetime: 12.942695628539791
    annual_cost: 9.123295587083868
    efficiency: 0.7451880674978257
    discharge_ratio: 5
    depth_of_discharge: 0.5
  VRBF:
    cost: 279.4888298386005
    lifetime: 17.232301658799756
    annual_cost: 16.218891438444512
    efficiency: 0.825378928812482
    discharge_ratio: 0.5
    depth_of_discharge: 1.0
