cost_values:
  wind_capex: 5000.0
  wind_opex: 100
  wind_lifetime: 20
  solar_capex: 1000.0
  solar_opex: 10
  solar_lifetime: 20
  carbon_price: 1.0
timeseries_values:
  load_level: 240028.87604351828
  wind_year: 2015
  solar_year: 2017
  price_year: 2023
  carbon_year: 2023
storage_values:
  CAES:
    cost: 62.59896994271835
    lifetime: 24.169270671507928
    annual_cost: 2.590023124550195
    efficiency: 0.6411981017894137
    discharge_ratio: 0.1
    depth_of_discharge: 0.4
  Li-ion:
    cost: 278.3342458512547
    lifetime: 16.83054939919219
    annual_cost: 16.537442673417054
    efficiency: 0.9197695877763434
    discharge_ratio: 2
    depth_of_discharge: 0.9
  Pb-acid:
    cost: 125.19875183178851
    lifetime: 10.475345743869553
    annual_cost: 11.951753659783316
    efficiency: 0.6660446433000546
    discharge_ratio: 5
    depth_of_discharge: 0.5
  VRBF:
    cost: 269.89132906892036
    lifetime: 20.03204905321913
    annual_cost: 13.47297664616836
    efficiency: 0.6769058315014083
    discharge_ratio: 0.5
    depth_of_discharge: 1.0
