cost_values:
  wind_capex: 5000.0
  wind_opex: 100
  wind_lifetime: 20
  solar_capex: 1000.0
  solar_opex: 10
  solar_lifetime: 20
  carbon_price: 1.0
timeseries_values:
  load_level: 222050.78499184462
  wind_year: 2017
  solar_year: 2016
  price_year: 2023
  carbon_year: 2023
storage_values:
  CAES:
    cost: 61.90018455079506
    lifetime: 24.550254917676305
    annual_cost: 2.521366265171716
    efficiency: 0.5574017494734369
    discharge_ratio: 0.1
    depth_of_discharge: 0.4
  Li-ion:
    cost: 170.73940179012766
    lifetime: 20.498891688736787
    annual_cost: 8.32920161649233
    efficiency: 0.9313745802305945
    discharge_ratio: 2
    depth_of_discharge: 0.9
  Pb-acid:
    cost: 119.19342391112139
    lifetime: 8.704944175784025
    annual_cost: 13.692612095399916
    efficiency: 0.7592820295705376
    discharge_ratio: 5
    depth_of_discharge: 0.5
  VRBF:
    cost: 383.4082003268443
    lifetime: 20.30752234409549
    annual_cost: 18.88010727405759
    efficiency: 0.7054785829323715
    discharge_ratio: 0.5
    depth_of_discharge: 1.0
