cost_values:
  wind_capex: 5000.0
  wind_opex: 100
  wind_lifetime: 20
  solar_capex: 1000.0
  solar_opex: 10
  solar_lifetime: 20
  carbon_price: 1.0
timeseries_values:
  load_level: 253799.36508544514
  wind_year: 2013
  solar_year: 2014
  price_year: 2023
  carbon_year: 2023
storage_values:
  CAES:
    cost: 45.38214427034832
    lifetime: 24.45978607464661
    annual_cost: 1.8553778079599985
    efficiency: 0.6163872232504278
    discharge_ratio: 0.1
    depth_of_discharge: 0.4
  Li-ion:
    cost: 164.86765613362374
    lifetime: 13.483243741622566
    annual_cost: 12.227595917789413
    efficiency: 0.9015772756728361
    discharge_ratio: 2
    depth_of_discharge: 0.9
  Pb-acid:
    cost: 103.58689380218405
    lifetime: 17.531211748673073
    annual_cost: 5.908712716907574
    efficiency: 0.7557774882521697
    discharge_ratio: 5
    depth_of_discharge: 0.5
  VRBF:
    cost: 274.36001439910564
    lifetime: 25.280944408017454
    annual_cost: 10.85244324623002
    efficiency: 0.7902958970737098
    discharge_ratio: 0.5
    depth_of_discharge: 1.0
