cost_values:
  wind_capex: 5000.0
  wind_opex: 100
  wind_lifetime: 20
  solar_capex: 1000.0
  solar_opex: 10
  solar_lifetime: 20
  carbon_price: 1.0
timeseries_values:
  load_level: 274182.9201170437
  wind_year: 2018
  solar_year: 2011
  price_year: 2023
  carbon_year: 2023
storage_values:
  CAES:
    cost: 54.62043582062905
    lifetime: 23.18479691106447
    annual_cost: 2.355872946834508
    efficiency: 0.6454536157641021
    discharge_ratio: 0.1
    depth_of_discharge: 0.4
  Li-ion:
    cost: 271.57430377494865
    lifetime: 12.242168375739805
    annual_cost: 22.183513201233616
    efficiency: 0.937974727499389
    discharge_ratio: 2
    depth_of_discharge: 0.9
  Pb-acid:
    cost: 215.79595660966356
    lifetime: 9.277920589719805
    annual_cost: 23.259086400111194
    efficiency: 0.7311232567031114
    discharge_ratio: 5
    depth_of_discharge: 0.5
  VRBF:
    cost: 344.674125870059
    lifetime: 12.01583906482453
    annual_cost: 28.684981881878457
    efficiency: 0.7745713257895323
    discharge_ratio: 0.5
    depth_of_discharge: 1.0
