cost_values:
  wind_capex: 5000.0
  wind_opex: 100
  wind_lifetime: 20
  solar_capex: 1000.0
  solar_opex: 10
  solar_lifetime: 20
  carbon_price: 1.0
timeseries_values:
  load_level: 215410.16979042004
  wind_year: 2011
  solar_year: 2017
  price_year: 2023
  carbon_year: 2023
storage_values:
  CAES:
    cost: 62.399369616654624
    lifetime: 23.436121175699945
    annual_cost: 2.6625297398340066
    efficiency: 0.6112222365238031
    discharge_ratio: 0.1
    depth_of_discharge: 0.4
  Li-ion:
    cost: 233.4711916419502
    lifetime: 21.1542863050035
    annual_cost: 11.03659032858644
    efficiency: 0.9176179477964012
    discharge_ratio: 2
    depth_of_discharge: 0.9
  Pb-acid:
    cost: 139.37419070470443
    lifetime: 11.113039061030529
    annual_cost: 12.541501018694346
    efficiency: 0.7752749551274323
    discharge_ratio: 5
    depth_of_discharge: 0.5
  VRBF:
    cost: 317.397538369687
    lifetime: 27.940496801121128
    annual_cost: 11.359767173393683
    efficiency: 0.6962956396712778
    discharge_ratio: 0.5
    depth_of_discharge: 1.0
