cost_values:
  wind_capex: 5000.0
  wind_opex: 100
  wind_lifetime: 20
  solar_capex: 1000.0
  solar_opex: 10
  solar_lifetime: 20
  carbon_price: 1.0
timeseries_values:
  load_level: 245060.03140897164
  wind_year: 2018
  solar_year: 2013
  price_year: 2023
  carbon_year: 2023
storage_values:
  CAES:
    cost: 41.948129460952856
    lifetime: 26.602292649254704
    annual_cost: 1.5768614387500202
    efficiency: 0.6204108199412182
    discharge_ratio: 0.1
    depth_of_discharge: 0.4
  Li-ion:
    cost: 292.73959723203717
    lifetime: 18.946921699012183
    annual_cost: 15.450509686082645
    efficiency: 0.9091095659036108
    discharge_ratio: 2
    depth_of_discharge: 0.9
  Pb-acid:
    cost: 185.93483607174002
    lifetime: 11.035255664578816
    annual_cost: 16.849164325984525
    efficiency: 0.7755469559188326
    discharge_ratio: 5
    depth_of_discharge: 0.5
  VRBF:
    cost: 325.2359775209506
    lifetime: 19.146436242277286
    annual_cost: 16.986763145132795
    efficiency: 0.7820835160086506
    discharge_ratio: 0.5
    depth_of_discharge: 1.0
