cost_values:
  wind_capex: 5000.0
  wind_opex: 100
  wind_lifetime: 20
  solar_capex: 1000.0
  solar_opex: 10
  solar_lifetime: 20
  carbon_price: 1.0
timeseries_values:
  load_level: 239119.5347402726
  wind_year: 2012
  solar_year: 2013
  price_year: 2023
  carbon_year: 2023
storage_values:
  CAES:
    cost: 50.27314123798497
    lifetime: 23.346127552687424
    annual_cost: 2.15338244531256
    efficiency: 0.5721176059965808
    discharge_ratio: 0.1
    depth_of_discharge: 0.4
  Li-ion:
    cost: 213.39174552902315
    lifetime: 17.35276814497184
    annual_cost: 12.297274057157031
    efficiency: 0.9268463121923356
    discharge_ratio: 2
    depth_of_discharge: 0.9
  Pb-acid:
    cost: 102.30937944169277
    lifetime: 12.330728509169596
    annual_cost: 8.297107455217398
    efficiency: 0.7279269452217143
    discharge_ratio: 5
    depth_of_discharge: 0.5
  VRBF:
    cost: 140.53854378050568
    lifetime: 17.992673991742436
    annual_cost: 7.810875906772083
    efficiency: 0.6984027422798714
    discharge_ratio: 0.5
    depth_of_discharge: 1.0
