cost_values:
  wind_capex: 5000.0
  wind_opex: 100
  wind_lifetime: 20
  solar_capex: 1000.0
  solar_opex: 10
  solar_lifetime: 20
  carbon_price: 1.0
timeseries_values:
  load_level: 235626.6083122505
  wind_year: 2015
  solar_year: 2011
  price_year: 2023
  carbon_year: 2023
storage_values:
  CAES:
    cost: 56.065412458918146
    lifetime: 27.11048385607373
    annual_cost: 2.0680343721109007
    efficiency: 0.599885799168368
    discharge_ratio: 0.1
    depth_of_discharge: 0.4
  Li-ion:
    cost: 131.9854834456471
    lifetime: 18.85660649338246
    annual_cost: 6.999429271219405
    efficiency: 0.9197877085122036
    discharge_ratio: 2
    depth_of_discharge: 0.9
  Pb-acid:
    cost: 177.69601527295592
    lifetime: 8.176694165375302
    annual_cost: 21.732011945049905
    efficiency: 0.6871484967040854
    discharge_ratio: 5
    depth_of_discharge: 0.5
  VRBF:
    cost: 205.0412118540466
    lifetime: 17.04294861539194
    annual_cost: 12.030853139395635
    efficiency: 0.7793830571251494
    discharge_ratio: 0.5
    depth_of_discharge: 1.0
