cost_values:
  wind_capex: 5000.0
  wind_opex: 100
  wind_lifetime: 20
  solar_capex: 1000.0
  solar_opex: 10
  solar_lifetime: 20
  carbon_price: 1.0
timeseries_values:
  load_level: 276076.88456654234
  wind_year: 2017
  solar_year: 2010
  price_year: 2023
  carbon_year: 2023
storage_values:
  CAES:
    cost: 58.52330978329222
    lifetime: 29.501980297341
    annual_cost: 1.9837078458277901
    efficiency: 0.6021914508206546
    discharge_ratio: 0.1
    depth_of_discharge: 0.4
  Li-ion:
    cost: 265.454405601251
    lifetime: 16.597963507539454
    annual_cost: 15.993191302093841
    efficiency: 0.9434012968114188
    discharge_ratio: 2
    depth_of_discharge: 0.9
  Pb-acid:
    cost: 153.74377989072048
    lifetime: 14.580480878988013
    annual_cost: 10.5444930909159
    efficiency: 0.6728726553480956
    discharge_ratio: 5
    depth_of_discharge: 0.5
  VRBF:
    cost: 176.56803749713438
    lifetime: 14.813761256983957
    annual_cost: 11.919190166095817
    efficiency: 0.7731962731512204
    discharge_ratio: 0.5
    depth_of_discharge: 1.0
