cost_values:
  wind_capex: 5000.0
  wind_opex: 100
  wind_lifetime: 20
  solar_capex: 1000.0
  solar_opex: 10
  solar_lifetime: 20
  carbon_price: 1.0
timeseries_values:
  load_level: 298689.066470143
  wind_year: 2010
  solar_year: 2016
  price_year: 2023
  carbon_year: 2023
storage_values:
  CAES:
    cost: 53.45350789489022
    lifetime: 21.59778108766209
    annual_cost: 2.4749536851925025
    efficiency: 0.6159748976988202
    discharge_ratio: 0.1
    depth_of_discharge: 0.4
  Li-ion:
    cost: 161.91255888465895
    lifetime: 25.873502346640105
    annual_cost: 6.2578524049599595
    efficiency: 0.892802209279764
    discharge_ratio: 2
    depth_of_discharge: 0.9
  Pb-acid:
    cost: 108.76333502011573
    lifetime: 6.5940280535063405
    annual_cost: 16.494217819149462
    efficiency: 0.7224919330120186
    discharge_ratio: 5
    depth_of_discharge: 0.5
  VRBF:
    cost: 261.6823701430159
    lifetime: 13.154020093500431
    annual_cost: 19.89371829166632
    efficiency: 0.7857978480183293
    discharge_ratio: 0.5
    depth_of_discharge: 1.0
