cost_values:
  wind_capex: 5000.0
  wind_opex: 100
  wind_lifetime: 20
  solar_capex: 1000.0
  solar_opex: 10
  solar_lifetime: 20
  carbon_price: 1.0
timeseries_values:
  load_level: 287281.42926931585
  wind_year: 2018
  solar_year: 2017
  price_year: 2023
  carbon_year: 2023
storage_values:
  CAES:
    cost: 58.480167527143486
    lifetime: 26.59163377342981
    annual_cost: 2.1991942287343207
    efficiency: 0.5753465514053473
    discharge_ratio: 0.1
    depth_of_discharge: 0.4
  Li-ion:
    cost: 141.46643303502515
    lifetime: 20.852332083324228
    annual_cost: 6.784202000511826
    efficiency: 0.858840211637346
    discharge_ratio: 2
    depth_of_discharge: 0.9
  Pb-acid:
    cost: 147.88868781043595
    lifetime: 9.648763423173781
    annual_cost: 15.327216693410307
    efficiency: 0.7108560460557884
    discharge_ratio: 5
    depth_of_discharge: 0.5
  VRBF:
    cost: 303.76104600851966
    lifetime: 27.064623982598164
    annual_cost: 11.223545769704023
    efficiency: 0.6835340713454059
    discharge_ratio: 0.5
    depth_of_discharge: 1.0
