cost_values:
  wind_capex: 5000.0
  wind_opex: 100
  wind_lifetime: 20
  solar_capex: 1000.0
  solar_opex: 10
  solar_lifetime: 20
  carbon_price: 1.0
timeseries_values:
  load_level: 240053.4814613137
  wind_year: 2011
  solar_year: 2011
  price_year: 2023
  carbon_year: 2023
storage_values:
  CAES:
    cost: 47.78388423901823
    lifetime: 26.059875273625494
    annual_cost: 1.8336190690589769
    efficiency: 0.5894129467180956
    discharge_ratio: 0.1
    depth_of_discharge: 0.4
  Li-ion:
    cost: 152.43721885359568
    lifetime: 28.74861860352394
    annual_cost: 5.3024189077005
    efficiency: 0.9525091223257023
    discharge_ratio: 2
    depth_of_discharge: 0.9
  Pb-acid:
    cost: 200.55299370050997
    lifetime: 10.106095929331609
    annual_cost: 19.844754601866722
    efficiency: 0.6666385890661927
    discharge_ratio: 5
    depth_of_discharge: 0.5
  VRBF:
    cost: 213.2818008965458
    lifetime: 20.444196237135763
    annual_cost: 10.432388655570184
    efficiency: 0.7286292656684359
    discharge_ratio: 0.5
    depth_of_discharge: 1.0
