cost_values:
  wind_capex: 5000.0
  wind_opex: 100
  wind_lifetime: 20
  solar_capex: 1000.0
  solar_opex: 10
  solar_lifetime: 20
  carbon_price: 1.0
timeseries_values:
  load_level: 262258.3682715532
  wind_year: 2015
  solar_year: 2016
  price_year: 2023
  carbon_year: 2023
storage_values:
  CAES:
    cost: 47.26241668392325
    lifetime: 27.062244050856805
    annual_cost: 1.7464337619269565
    efficiency: 0.6206857362914036
    discharge_ratio: 0.1
    depth_of_discharge: 0.4
  Li-ion:
    cost: 251.90117252774024
    lifetime: 26.25240347234344
    annual_cost: 9.595356584897639
    efficiency: 0.9209499309173053
    discharge_ratio: 2
    depth_of_discharge: 0.9
  Pb-acid:
    cost: 150.18139291379148
    lifetime: 15.455910741821816
    annual_cost: 9.716761142222365
    efficiency: 0.7387574769381314
    discharge_ratio: 5
    depth_of_discharge: 0.5
  VRBF:
    cost: 287.780367435876
    lifetime: 23.900500563213285
    annual_cost: 12.040767375341764
    efficiency: 0.8068569708443548
    discharge_ratio: 0.5
    depth_of_discharge: 1.0
