cost_values:
  wind_capex: 5000.0
  wind_opex: 100
  wind_lifetime: 20
  solar_capex: 1000.0
  solar_opex: 10
  solar_lifetime: 20
  carbon_price: 1.0
timeseries_values:
  load_level: 252142.46085170782
  wind_year: 2010
  solar_year: 2018
  price_year: 2023
  carbon_year: 2023
storage_values:
  CAES:
    cost: 48.357146392509605
    lifetime: 22.902921830454073
    annual_cost: 2.111396386473668
    efficiency: 0.5614773830971962
    discharge_ratio: 0.1
    depth_of_discharge: 0.4
  Li-ion:
    cost: 210.96056718218722
    lifetime: 22.19245959420579
    annual_cost: 9.505957025027849
    efficiency: 0.8581420786192566
    discharge_ratio: 2
    depth_of_discharge: 0.9
  Pb-acid:
    cost: 151.44687997593994
    lifetime: 9.838566880484468
    annual_cost: 15.393184984730462
    efficiency: 0.7382987040073729
    discharge_ratio: 5
    depth_of_discharge: 0.5
  VRBF:
    cost: 183.9316322697359
    lifetime: 22.36999963881249
    annual_cost: 8.222245652190805
    efficiency: 0.7362800385772198
    discharge_ratio: 0.5
    depth_of_discharge: 1.0
