cost_values:
  wind_capex: 5000.0
  wind_opex: 100
  wind_lifetime: 20
  solar_capex: 1000.0
  solar_opex: 10
  solar_lifetime: 20
  carbon_price: 1.0
timeseries_values:
  load_level: 250527.2478061945
  wind_year: 2015
  solar_year: 2016
  price_year: 2023
  carbon_year: 2023
storage_values:
  CAES:
    cost: 45.43364197686409
    lifetime: 25.541767798273177
    annual_cost: 1.7787978630020964
    efficiency: 0.6429503877473582
    discharge_ratio: 0.1
    depth_of_discharge: 0.4
  Li-ion:
    cost: 198.41371358514536
    lifetime: 26.069870316974495
    annual_cost: 7.610843904196759
    efficiency: 0.9144834170550976
    discharge_ratio: 2
    depth_of_discharge: 0.9
  Pb-acid:
    cost: 131.6621147834061
    lifetime: 13.829207070628412
    annual_cost: 9.520583075441886
    efficiency: 0.740594155140625
    discharge_ratio: 5
    depth_of_discharge: 0.5
  VRBF:
    cost: 326.9638877200366
    lifetime: 16.507973953416474
    annual_cost: 19.806421347809824
    efficiency: 0.7499035049425828
    discharge_ratio: 0.5
    depth_of_discharge: 1.0
