cost_values:
  wind_capex: 5000.0
  wind_opex: 100
  wind_lifetime: 20
  solar_capex: 1000.0
  solar_opex: 10
  solar_lifetime: 20
  carbon_price: 1.0
timeseries_values:
  load_level: 259980.0270870072
  wind_year: 2011
  solar_year: 2015
  price_year: 2023
  carbon_year: 2023
storage_values:
  CAES:
    cost: 43.479333529614436
    lifetime: 25.406732655020882
    annual_cost: 1.7113311703629095
    efficiency: 0.559505241569125
    discharge_ratio: 0.1
    depth_of_discharge: 0.4
  Li-ion:
    cost: 247.06232562375854
    lifetime: 19.397459522642595
    annual_cost: 12.736839344109132
    efficiency: 0.9111256878142213
    discharge_ratio: 2
    depth_of_discharge: 0.9
  Pb-acid:
    cost: 216.19918617883027
    lifetime: 14.651557558648161
    annual_cost: 14.756054795772723
    efficiency: 0.708961088767157
    discharge_ratio: 5
    depth_of_discharge: 0.5
  VRBF:
    cost: 262.7011412498175
    lifetime: 20.249341061977617
    annual_cost: 12.973318017893135
    efficiency: 0.8278179289604944
    discharge_ratio: 0.5
    depth_of_discharge: 1.0
