cost_values:
  wind_capex: 5000.0
  wind_opex: 100
  wind_lifetime: 20
  solar_capex: 1000.0
  solar_opex: 10
  solar_lifetime: 20
  carbon_price: 1.0
timeseries_values:
  load_level: 272220.5735139393
  wind_year: 2014
  solar_year: 2016
  price_year: 2023
  carbon_year: 2023
storage_values:
  CAES:
    cost: 36.13152512395611
    lifetime: 21.34882222943237
    annual_cost: 1.6924364602251312
    efficiency: 0.6018772210710623
    discharge_ratio: 0.1
    depth_of_discharge: 0.4
  Li-ion:
    cost: 204.86881442314387
    lifetime: 21.674858789930873
    annual_cost: 9.451909994371745
    efficiency: 0.9399647570108065
    discharge_ratio: 2
    depth_of_discharge: 0.9
  Pb-acid:
    cost: 234.3512274994192
    lifetime: 12.646286428260845
    annual_cost: 18.531228817948563
    efficiency: 0.7086079832842735
    discharge_ratio: 5
    depth_of_discharge: 0.5
  VRBF:
    cost: 308.36008952127
    lifetime: 17.104479165622312
    annual_cost: 18.028031519429838
    efficiency: 0.742673086085296
    discharge_ratio: 0.5
    depth_of_discharge: 1.0
