cost_values:
  wind_capex: 5000.0
  wind_opex: 100
  wind_lifetime: 20
  solar_capex: 1000.0
  solar_opex: 10
  solar_lifetime: 20
  carbon_price: 1.0
timeseries_values:
  load_level: 237360.06695273507
  wind_year: 2017
  solar_year: 2011
  price_year: 2023
  carbon_year: 2023
storage_values:
  CAES:
    cost: 52.17556646617789
    lifetime: 26.946596699661768
    annual_cost: 1.9362581125813485
    efficiency: 0.6156173501839927
    discharge_ratio: 0.1
    depth_of_discharge: 0.4
  Li-ion:
    cost: 128.07128042861143
    lifetime: 19.462354989848574
    annual_cost: 6.580461639684021
    efficiency: 0.9218795780484054
    discharge_ratio: 2
    depth_of_discharge: 0.9
  Pb-acid:
    cost: 167.65186213520997
    lifetime: 13.877700042764758
    annual_cost: 12.080666221245826
    efficiency: 0.7126402430534552
    discharge_ratio: 5
    depth_of_discharge: 0.5
  VRBF:
    cost: 260.9266404924845
    lifetime: 19.773368008480933
    annual_cost: 13.195862251720158
    efficiency: 0.8057280791659222
    discharge_ratio: 0.5
    depth_of_discharge: 1.0
