cost_values:
  wind_capex: 5000.0
  wind_opex: 100
  wind_lifetime: 20
  solar_capex: 1000.0
  solar_opex: 10
  solar_lifetime: 20
  carbon_price: 1.0
timeseries_values:
  load_level: 257298.61017075583
  wind_year: 2011
  solar_year: 2012
  price_year: 2023
  carbon_year: 2023
storage_values:
  CAES:
    cost: 72.99052165692133
    lifetime: 25.710870226240445
    annual_cost: 2.8388973618803224
    efficiency: 0.6433670831331244
    discharge_ratio: 0.1
    depth_of_discharge: 0.4
  Li-ion:
    cost: 213.07802163941938
    lifetime: 21.664921978188065
    annual_cost: 9.835162196934903
    efficiency: 0.9246035068115983
    discharge_ratio: 2
    depth_of_discharge: 0.9
  Pb-acid:
    cost: 88.57018556703855
    lifetime: 14.642309254221312
    annual_cost: 6.048921930910875
    efficiency: 0.7292661429957745
    discharge_ratio: 5
    depth_of_discharge: 0.5
  VRBF:
    cost: 241.1708628269311
    lifetime: 26.18064595026972
    annual_cost: 9.211799559301802
    efficiency: 0.7248030824571137
    discharge_ratio: 0.5
    depth_of_discharge: 1.0
