cost_values:
  wind_capex: 5000.0
  wind_opex: 100
  wind_lifetime: 20
  solar_capex: 1000.0
  solar_opex: 10
  solar_lifetime: 20
  carbon_price: 1.0
timeseries_values:
  load_level: 298476.246754379
  wind_year: 2012
  solar_year: 2012
  price_year: 2023
  carbon_year: 2023
storage_values:
  CAES:
    cost: 44.259170348435454
    lifetime: 23.205043325412262
    annual_cost: 1.9073082401861512
    efficiency: 0.6022144955039809
    discharge_ratio: 0.1
    depth_of_discharge: 0.4
  Li-ion:
    cost: 211.21154033470557
    lifetime: 20.96400084258877
    annual_cost: 10.074963358407489
    efficiency: 0.8770853411818328
    discharge_ratio: 2
    depth_of_discharge: 0.9
  Pb-acid:
    cost: 204.08032529009483
    lifetime: 10.272603678779923
    annual_cost: 19.86646537446614
    efficiency: 0.685545474088889
    discharge_ratio: 5
    depth_of_discharge: 0.5
  VRBF:
    cost: 334.85618566427314
    lifetime: 27.56732607742797
    annual_cost: 12.146850395419822
    efficiency: 0.8008978312423235
    discharge_ratio: 0.5
    depth_of_discharge: 1.0
