cost_values:
  wind_capex: 5000.0
  wind_opex: 100
  wind_lifetime: 20
  solar_capex: 1000.0
  solar_opex: 10
  solar_lifetime: 20
  carbon_price: 1.0
timeseries_values:
  load_level: 283599.27630870184
  wind_year: 2013
  solar_year: 2015
  price_year: 2023
  carbon_year: 2023
storage_values:
  CAES:
    cost: 42.554915411427686
    lifetime: 27.74929554269511
    annual_cost: 1.533549395729799
    efficiency: 0.6389377594729738
    discharge_ratio: 0.1
    depth_of_discharge: 0.4
  Li-ion:
    cost: 195.86450828113954
    lifetime: 25.44274582690702
    annual_cost: 7.698245685180829
    efficiency: 0.8529282539686383
    discharge_ratio: 2
    depth_of_discharge: 0.9
  Pb-acid:
    cost: 193.05150153190766
    lifetime: 9.863087006794496
    annual_cost: 19.57313175874025
    efficiency: 0.7710158101063137
    discharge_ratio: 5
    depth_of_discharge: 0.5
  VRBF:
    cost: 101.45660856732698
    lifetime: 20.67413221989837
    annual_cost: 4.9074179988883575
    efficiency: 0.7829354707452073
    discharge_ratio: 0.5
    depth_of_discharge: 1.0
