cost_values:
  wind_capex: 5000.0
  wind_opex: 100
  wind_lifetime: 20
  solar_capex: 1000.0
  solar_opex: 10
  solar_lifetime: 20
  carbon_price: 1.0
timeseries_values:
  load_level: 242134.68881215857
  wind_year: 2013
  solar_year: 2010
  price_year: 2023
  carbon_year: 2023
storage_values:
  CAES:
    cost: 76.79613740550191
    lifetime: 29.494255294149085
    annual_cost: 2.60376594152341
    efficiency: 0.616226438771378
    discharge_ratio: 0.1
    depth_of_discharge: 0.4
  Li-ion:
    cost: 184.97393908392777
    lifetime: 13.661471773020594
    annual_cost: 13.539825148943631
    efficiency: 0.9452340233219383
    discharge_ratio: 2
    depth_of_discharge: 0.9
  Pb-acid:
    cost: 157.00972495409042
    lifetime: 11.816339432097227
    annual_cost: 13.28750971113763
    efficiency: 0.770571979476801
    discharge_ratio: 5
    depth_of_discharge: 0.5
  VRBF:
    cost: 165.12528503479444
    lifetime: 19.911770428054748
    annual_cost: 8.292847973083331
    efficiency: 0.6584747185279805
    discharge_ratio: 0.5
    depth_of_discharge: 1.0
