cost_values:
  wind_capex: 5000.0
  wind_opex: 100
  wind_lifetime: 20
  solar_capex: 1000.0
  solar_opex: 10
  solar_lifetime: 20
  carbon_price: 1.0
timeseries_values:
  load_level: 249582.81453812067
  wind_year: 2014
  solar_year: 2014
  price_year: 2023
  carbon_year: 2023
storage_values:
  CAES:
    cost: 47.246790169670696
    lifetime: 23.94464271971118
    annual_cost: 1.9731674731056745
    efficiency: 0.6106309783637103
    discharge_ratio: 0.1
    depth_of_discharge: 0.4
  Li-ion:
    cost: 232.3048022546028
    lifetime: 23.832525996323156
    annual_cost: 9.747384825697553
    efficiency: 0.9466079327159744
    discharge_ratio: 2
    depth_of_discharge: 0.9
  Pb-acid:
    cost: 88.62206405970811
    lifetime: 12.449936593397775
    annual_cost: 7.118274329742737
    efficiency: 0.6717206442134124
    discharge_ratio: 5
    depth_of_discharge: 0.5
  VRBF:
    cost: 258.9085250289183
    lifetime: 19.29823922259823
    annual_cost: 13.416173467563638
    efficiency: 0.8063345770972555
    discharge_ratio: 0.5
    depth_of_discharge: 1.0
