cost_values:
  wind_capex: 5000.0
  wind_opex: 100
  wind_lifetime: 20
  solar_capex: 1000.0
  solar_opex: 10
  solar_lifetime: 20
  carbon_price: 1.0
timeseries_values:
  load_level: 248123.69508581646
  wind_year: 2019
  solar_year: 2013
  price_year: 2023
  carbon_year: 2023
storage_values:
  CAES:
    cost: 38.53409112562059
    lifetime: 22.241524824305372
    annual_cost: 1.73252919617772
    efficiency: 0.6091234525356182
    discharge_ratio: 0.1
    depth_of_discharge: 0.4
  Li-ion:
    cost: 231.3773715489883
    lifetime: 21.004037671379354
    annual_cost: 11.01585205516314
    efficiency: 0.9747556124171447
    discharge_ratio: 2
    depth_of_discharge: 0.9
  Pb-acid:
    cost: 134.8000072977382
    lifetime: 10.484386951533047
    annual_cost: 12.857214057520787
    efficiency: 0.7641614246471298
    discharge_ratio: 5
    depth_of_discharge: 0.5
  VRBF:
    cost: 196.09979012801367
    lifetime: 27.865224613465358
    annual_cost: 7.037437984018691
    efficiency: 0.6589816550178724
    discharge_ratio: 0.5
    depth_of_discharge: 1.0
