cost_values:
  wind_capex: 5000.0
  wind_opex: 100
  wind_lifetime: 20
  solar_capex: 1000.0
  solar_opex: 10
  solar_lifetime: 20
  carbon_price: 1.0
timeseries_values:
  load_level: 280922.851210587
  wind_year: 2014
  solar_year: 2013
  price_year: 2023
  carbon_year: 2023
storage_values:
  CAES:
    cost: 48.949285937155196
    lifetime: 27.197642938257623
    annual_cost: 1.7997620620388606
    efficiency: 0.5916566439559849
    discharge_ratio: 0.1
    depth_of_discharge: 0.4
  Li-ion:
    cost: 120.27893601715323
    lifetime: 24.4937980180402
    annual_cost: 4.910587403740541
    efficiency: 0.906724819905728
    discharge_ratio: 2
    depth_of_discharge: 0.9
  Pb-acid:
    cost: 185.5366230852883
    lifetime: 11.245637935136775
    annual_cost: 16.49854140382581
    efficiency: 0.7630141101155459
    discharge_ratio: 5
    depth_of_discharge: 0.5
  VRBF:
    cost: 195.14633572000562
    lifetime: 28.371045257666736
    annual_cost: 6.8783625681634355
    efficiency: 0.7864549875778551
    discharge_ratio: 0.5
    depth_of_discharge: 1.0
