cost_values:
  wind_capex: 5000.0
  wind_opex: 100
  wind_lifetime: 20
  solar_capex: 1000.0
  solar_opex: 10
  solar_lifetime: 20
  carbon_price: 1.0
timeseries_values:
  load_level: 221803.70241160263
  wind_year: 2011
  solar_year: 2013
  price_year: 2023
  carbon_year: 2023
storage_values:
  CAES:
    cost: 79.40188639877675
    lifetime: 27.579066418921524
    annual_cost: 2.879063605441716
    efficiency: 0.6212776900056787
    discharge_ratio: 0.1
    depth_of_discharge: 0.4
  Li-ion:
    cost: 169.19561386520812
    lifetime: 15.533761865661525
    annual_cost: 10.89212100252592
    efficiency: 0.9345289072359484
    discharge_ratio: 2
    depth_of_discharge: 0.9
  Pb-acid:
    cost: 216.9882952716244
    lifetime: 13.010861515552465
    annual_cost: 16.677473279709307
    efficiency: 0.7314569697664405
    discharge_ratio: 5
    depth_of_discharge: 0.5
  VRBF:
    cost: 208.49397754073453
    lifetime: 23.48711483292607
    annual_cost: 8.87695142736099
    efficiency: 0.7081476972625682
    discharge_ratio: 0.5
    depth_of_discharge: 1.0
