cost_values:
  wind_capex: 5000.0
  wind_opex: 100
  wind_lifetime: 20
  solar_capex: 1000.0
  solar_opex: 10
  solar_lifetime: 20
  carbon_price: 1.0
timeseries_values:
  load_level: 239872.07875022164
  wind_year: 2013
  solar_year: 2018
  price_year: 2023
  carbon_year: 2023
storage_values:
  CAES:
    cost: 21.138588962822634
    lifetime: 23.976172448293067
    annual_cost: 0.881649855013766
    efficiency: 0.5938474763182676
    discharge_ratio: 0.1
    depth_of_discharge: 0.4
  Li-ion:
    cost: 204.47957660640031
    lifetime: 26.429243791275745
    annual_cost: 7.73686822904478
    efficiency: 0.906828591505031
    discharge_ratio: 2
    depth_of_discharge: 0.9
  Pb-acid:
    cost: 131.26164895798954
    lifetime: 14.760677569454153
    annual_cost: 8.892657423099823
    efficiency: 0.7207035358114451
    discharge_ratio: 5
    depth_of_discharge: 0.5
  VRBF:
    cost: 196.33393160810945
    lifetime: 19.429806159549134
    annual_cost: 10.104780768058129
    efficiency: 0.6996979909069794
    discharge_ratio: 0.5
    depth_of_discharge: 1.0
