cost_values:
  wind_capex: 5000.0
  wind_opex: 100
  wind_lifetime: 20
  solar_capex: 1000.0
  solar_opex: 10
  solar_lifetime: 20
  carbon_price: 1.0
timeseries_values:
  load_level: 236149.62760355003
  wind_year: 2014
  solar_year: 2013
  price_year: 2023
  carbon_year: 2023
storage_values:
  CAES:
    cost: 58.72668815155815
    lifetime: 23.5531264350184
    annual_cost: 2.4933712436682836
    efficiency: 0.574075790712034
    discharge_ratio: 0.1
    depth_of_discharge: 0.4
  Li-ion:
    cost: 134.61377176216888
    lifetime: 27.041791938135347
    annual_cost: 4.977990070707241
    efficiency: 0.9129724047263482
    discharge_ratio: 2
    depth_of_discharge: 0.9
  Pb-acid:
    cost: 159.77122749926116
    lifetime: 17.30803949351226
    annual_cost: 9.23104130650671
    efficiency: 0.6773099020011124
    discharge_ratio: 5
    depth_of_discharge: 0.5
  VRBF:
    cost: 330.86350224219467
    lifetime: 20.618714909484943
    annual_cost: 16.04675673021659
    efficiency: 0.7042478237863277
    discharge_ratio: 0.5
    depth_of_discharge: 1.0
