cost_values:
  wind_capex: 5000.0
  wind_opex: 100
  wind_lifetime: 20
  solar_capex: 1000.0
  solar_opex: 10
  solar_lifetime: 20
  carbon_price: 1.0
timeseries_values:
  load_level: 257020.76969209855
  wind_year: 2016
  solar_year: 2011
  price_year: 2023
  carbon_year: 2023
storage_values:
  CAES:
    cost: 25.039843298300095
    lifetime: 25.51671702005424
    annual_cost: 0.9813113214611676
    efficiency: 0.635160394139305
    discharge_ratio: 0.1
    depth_of_discharge: 0.4
  Li-ion:
    cost: 209.07852291680223
    lifetime: 18.645815305612274
    annual_cost: 11.213160673852158
    efficiency: 0.9322442093271391
    discharge_ratio: 2
    depth_of_discharge: 0.9
  Pb-acid:
    cost: 144.99751005740325
    lifetime: 12.910097094628611
    annual_cost: 11.231326069401218
    efficiency: 0.7780400737420824
    discharge_ratio: 5
    depth_of_discharge: 0.5
  VRBF:
    cost: 229.30214135412675
    lifetime: 27.782537574612398
    annual_cost: 8.253462835722479
    efficiency: 0.8105121270747004
    discharge_ratio: 0.5
    depth_of_discharge: 1.0
