cost_values:
  wind_capex: 5000.0
  wind_opex: 100
  wind_lifetime: 20
  solar_capex: 1000.0
  solar_opex: 10
  solar_lifetime: 20
  carbon_price: 1.0
timeseries_values:
  load_level: 266250.1223757509
  wind_year: 2015
  solar_year: 2013
  price_year: 2023
  carbon_year: 2023
storage_values:
  CAES:
    cost: 36.75386961349483
    lifetime: 26.75395592375253
    annual_cost: 1.37377327368863
    efficiency: 0.6363353747126743
    discharge_ratio: 0.1
    depth_of_discharge: 0.4
  Li-ion:
    cost: 154.52772271986584
    lifetime: 23.509904069757226
    annual_cost: 6.572877637499503
    efficiency: 0.9382616648359079
    discharge_ratio: 2
    depth_of_discharge: 0.9
  Pb-acid:
    cost: 146.83656671904433
    lifetime: 7.180953436671789
    annual_cost: 20.448059998436612
    efficiency: 0.6756408173708791
    discharge_ratio: 5
    depth_of_discharge: 0.5
  VRBF:
    cost: 323.4765316074427
    lifetime: 29.250226696764067
    annual_cost: 11.058941011326546
    efficiency: 0.7717256240164245
    discharge_ratio: 0.5
    depth_of_discharge: 1.0
