cost_values:
  wind_capex: 5000.0
  wind_opex: 100
  wind_lifetime: 20
  solar_capex: 1000.0
  solar_opex: 10
  solar_lifetime: 20
  carbon_price: 1.0
timeseries_values:
  load_level: 252609.82079112547
  wind_year: 2017
  solar_year: 2017
  price_year: 2023
  carbon_year: 2023
storage_values:
  CAES:
    cost: 54.526504165544004
    lifetime: 22.234607448045814
    annual_cost: 2.4523259199854373
    efficiency: 0.6350964861285975
    discharge_ratio: 0.1
    depth_of_discharge: 0.4
  Li-ion:
    cost: 215.52338002386756
    lifetime: 17.970628113692143
    annual_cost: 11.993091096223646
    efficiency: 0.8845677383636755
    discharge_ratio: 2
    depth_of_discharge: 0.9
  Pb-acid:
    cost: 188.71900324968766
    lifetime: 13.592574653385716
    annual_cost: 13.8839776909138
    efficiency: 0.7280053969472523
    discharge_ratio: 5
    depth_of_discharge: 0.5
  VRBF:
    cost: 336.63070705757
    lifetime: 23.784847995104133
    annual_cost: 14.153157805627432
    efficiency: 0.7018001599042862
    discharge_ratio: 0.5
    depth_of_discharge: 1.0
