cost_values:
  wind_capex: 5000.0
  wind_opex: 100
  wind_lifetime: 20
  solar_capex: 1000.0
  solar_opex: 10
  solar_lifetime: 20
  carbon_price: 1.0
timeseries_values:
  load_level: 281527.0239172328
  wind_year: 2019
  solar_year: 2017
  price_year: 2023
  carbon_year: 2023
storage_values:
  CAES:
    cost: 51.17342823854138
    lifetime: 22.119856806876193
    annual_cost: 2.313461099017313
    efficiency: 0.5899021224452384
    discharge_ratio: 0.1
    depth_of_discharge: 0.4
  Li-ion:
    cost: 155.12190050048994
    lifetime: 21.794522353120204
    annual_cost: 7.1174719035896645
    efficiency: 0.9105292597322444
    discharge_ratio: 2
    depth_of_discharge: 0.9
  Pb-acid:
    cost: 114.95894852014077
    lifetime: 10.276219013391117
    annual_cost: 11.18689163498129
    efficiency: 0.7122272076883933
    discharge_ratio: 5
    depth_of_discharge: 0.5
  VRBF:
    cost: 204.2367081268858
    lifetime: 19.4394538638229
    annual_cost: 10.506298662380283
    efficiency: 0.6694526781643687
    discharge_ratio: 0.5
    depth_of_discharge: 1.0
