cost_values:
  wind_capex: 5000.0
  wind_opex: 100
  wind_lifetime: 20
  solar_capex: 1000.0
  solar_opex: 10
  solar_lifetime: 20
  carbon_price: 1.0
timeseries_values:
  load_level: 248857.37643537179
  wind_year: 2018
  solar_year: 2019
  price_year: 2023
  carbon_year: 2023
storage_values:
  CAES:
    cost: 47.788713083314384
    lifetime: 26.417161356158942
    annual_cost: 1.8090025812774484
    efficiency: 0.6056265478344349
    discharge_ratio: 0.1
    depth_of_discharge: 0.4
  Li-ion:
    cost: 218.38556736947854
    lifetime: 19.752014675266174
    annual_cost: 11.056369234220185
    efficiency: 0.929819570723331
    discharge_ratio: 2
    depth_of_discharge: 0.9
  Pb-acid:
    cost: 128.93899573637998
    lifetime: 12.23224611541536
    annual_cost: 10.540909209951888
    efficiency: 0.7483404271318346
    discharge_ratio: 5
    depth_of_discharge: 0.5
  VRBF:
    cost: 329.3309230853167
    lifetime: 19.202964005543325
    annual_cost: 17.150004707098795
    efficiency: 0.6740674458014085
    discharge_ratio: 0.5
    depth_of_discharge: 1.0
