cost_values:
  wind_capex: 5000.0
  wind_opex: 100
  wind_lifetime: 20
  solar_capex: 1000.0
  solar_opex: 10
  solar_lifetime: 20
  carbon_price: 1.0
timeseries_values:
  load_level: 228154.80482037086
  wind_year: 2016
  solar_year: 2013
  price_year: 2023
  carbon_year: 2023
storage_values:
  CAES:
    cost: 47.071853355203466
    lifetime: 28.14729885995471
    annual_cost: 1.6723399850695018
    efficiency: 0.5916145577711969
    discharge_ratio: 0.1
    depth_of_discharge: 0.4
  Li-ion:
    cost: 209.70121327224464
    lifetime: 21.60963799591046
    annual_cost: 9.704059517884092
    efficiency: 0.8566954891053842
    discharge_ratio: 2
    depth_of_discharge: 0.9
  Pb-acid:
    cost: 170.09162900028127
    lifetime: 9.244839006884101
    annual_cost: 18.39854959871381
    efficiency: 0.7833328301326808
    discharge_ratio: 5
    depth_of_discharge: 0.5
  VRBF:
    cost: 176.83523557943033
    lifetime: 18.971450323258367
    annual_cost: 9.32112371833988
    efficiency: 0.6871056651232751
    discharge_ratio: 0.5
    depth_of_discharge: 1.0
