cost_values:
  wind_capex: 5000.0
  wind_opex: 100
  wind_lifetime: 20
  solar_capex: 1000.0
  solar_opex: 10
  solar_lifetime: 20
  carbon_price: 1.0
timeseries_values:
  load_level: 265099.5762419699
  wind_year: 2014
  solar_year: 2015
  price_year: 2023
  carbon_year: 2023
storage_values:
  CAES:
    cost: 63.72357869807163
    lifetime: 21.278477179355693
    annual_cost: 2.99474338134949
    efficiency: 0.6039665556620022
    discharge_ratio: 0.1
    depth_of_discharge: 0.4
  Li-ion:
    cost: 153.1108801045455
    lifetime: 14.540698537959214
    annual_cost: 10.529815999199897
    efficiency: 0.9064262585439185
    discharge_ratio: 2
    depth_of_discharge: 0.9
  Pb-acid:
    cost: 88.77247553534573
    lifetime: 7.952388383071483
    annual_cost: 11.162995474959283
    efficiency: 0.707460671474091
    discharge_ratio: 5
    depth_of_discharge: 0.5
  VRBF:
    cost: 379.3387329016092
    lifetime: 15.612412856860066
    annual_cost: 24.297252217163116
    efficiency: 0.6619566150764502
    discharge_ratio: 0.5
    depth_of_discharge: 1.0
