cost_values:
  wind_capex: 5000.0
  wind_opex: 100
  wind_lifetime: 20
  solar_capex: 1000.0
  solar_opex: 10
  solar_lifetime: 20
  carbon_price: 1.0
timeseries_values:
  load_level: 254328.41611324367
  wind_year: 2010
  solar_year: 2010
  price_year: 2023
  carbon_year: 2023
storage_values:
  CAES:
    cost: 78.6768265065435
    lifetime: 24.820069692962146
    annual_cost: 3.1698874128807426
    efficiency: 0.5861354574942608
    discharge_ratio: 0.1
    depth_of_discharge: 0.4
  Li-ion:
    cost: 255.39440865833936
    lifetime: 23.162157229052134
    annual_cost: 11.026365382668239
    efficiency: 0.9723019927247167
    discharge_ratio: 2
    depth_of_discharge: 0.9
  Pb-acid:
    cost: 129.16531212281055
    lifetime: 12.974680311577378
    annual_cost: 9.955182634253857
    efficiency: 0.7315188803796673
    discharge_ratio: 5
    depth_of_discharge: 0.5
  VRBF:
    cost: 379.99543158623703
    lifetime: 13.437273720810964
    annual_cost: 28.279205996802723
    efficiency: 0.725848589936877
    discharge_ratio: 0.5
    depth_of_discharge: 1.0
