cost_values:
  wind_capex: 5000.0
  wind_opex: 100
  wind_lifetime: 20
  solar_capex: 1000.0
  solar_opex: 10
  solar_lifetime: 20
  carbon_price: 1.0
timeseries_values:
  load_level: 247200.15776392038
  wind_year: 2011
  solar_year: 2015
  price_year: 2023
  carbon_year: 2023
storage_values:
  CAES:
    cost: 47.866887638896365
    lifetime: 24.400730331976774
    annual_cost: 1.9616989732544012
    efficiency: 0.6035795438667085
    discharge_ratio: 0.1
    depth_of_discharge: 0.4
  Li-ion:
    cost: 152.47456264235424
    lifetime: 15.727255878031132
    annual_cost: 9.694924774215746
    efficiency: 0.9555804347328054
    discharge_ratio: 2
    depth_of_discharge: 0.9
  Pb-acid:
    cost: 222.2663925885157
    lifetime: 11.34532141127079
    annual_cost: 19.591017700715774
    efficiency: 0.7032743009409866
    discharge_ratio: 5
    depth_of_discharge: 0.5
  VRBF:
    cost: 276.3733314858266
    lifetime: 18.89937355989352
    annual_cost: 14.623412284538373
    efficiency: 0.6662572802817504
    discharge_ratio: 0.5
    depth_of_discharge: 1.0
