cost_values:
  wind_capex: 5000.0
  wind_opex: 100
  wind_lifetime: 20
  solar_capex: 1000.0
  solar_opex: 10
  solar_lifetime: 20
  carbon_price: 1.0
timeseries_values:
  load_level: 283599.27630870184
  wind_year: 2013
  solar_year: 2015
  price_year: 2023
  carbon_year: 2023
storage_values:
  CAES:
    cost: 28.6974
    lifetime: 27.9455
    annual_cost: 1.026905941922671
    efficiency: 0.633124
    discharge_ratio: 0.1
    depth_of_discharge: 0.4
  Li-ion:
    cost: 186.5
    lifetime: 21.9917
    annual_cost: 8.480472178139934
    efficiency: 0.860708
    discharge_ratio: 2
    depth_of_discharge: 0.9
  Pb-acid:
    cost: 173.074
    lifetime: 8.45299
    annual_cost: 20.47488521812992
    efficiency: 0.753254
    discharge_ratio: 5
    depth_of_discharge: 0.5
  VRBF:
    cost: 110.074
    lifetime: 21.6929
    annual_cost: 5.074194782624729
    efficiency: 0.763619
    discharge_ratio: 0.5
    depth_of_discharge: 1.0
