cost_values:
  wind_capex: 5000.0
  wind_opex: 100
  wind_lifetime: 20
  solar_capex: 1000.0
  solar_opex: 10
  solar_lifetime: 20
  carbon_price: 1.0
timeseries_values:
  load_level: 283599.27630870184
  wind_year: 2013
  solar_year: 2015
  price_year: 2023
  carbon_year: 2023
storage_values:
  CAES:
    cost: 37.4673
    lifetime: 27.3979
    annual_cost: 1.3675245183024978
    efficiency: 0.636328
    discharge_ratio: 0.1
    depth_of_discharge: 0.4
  Li-ion:
    cost: 194.401
    lifetime: 21.4622
    annual_cost: 9.05783190912395
    efficiency: 0.855171
    discharge_ratio: 2
    depth_of_discharge: 0.9
  Pb-acid:
    cost: 170.014
    lifetime: 7.85803
    annual_cost: 21.635702587035173
    efficiency: 0.745171
    discharge_ratio: 5
    depth_of_discharge: 0.5
  VRBF:
    cost: 115.673
    lifetime: 21.8723
    annual_cost: 5.2885613309985695
    efficiency: 0.781239
    discharge_ratio: 0.5
    depth_of_discharge: 1.0
