cost_values:
  wind_capex: 5000.0
  wind_opex: 100
  wind_lifetime: 20
  solar_capex: 1000.0
  solar_opex: 10
  solar_lifetime: 20
  carbon_price: 1.0
timeseries_values:
  load_level: 283599.27630870184
  wind_year: 2013
  solar_year: 2015
  price_year: 2023
  carbon_year: 2023
storage_values:
  CAES:
    cost: 38.6542
    lifetime: 28.1993
    annual_cost: 1.370750337774342
    efficiency: 0.634704
    discharge_ratio: 0.1
    depth_of_discharge: 0.4
  Li-ion:
    cost: 202.662
    lifetime: 20.5875
    annual_cost: 9.84393442622951
    efficiency: 0.851438
    discharge_ratio: 2
    depth_of_discharge: 0.9
  Pb-acid:
    cost: 165.004
    lifetime: 11.0191
    annual_cost: 14.97436269749798
    efficiency: 0.750305
    discharge_ratio: 5
    depth_of_discharge: 0.5
  VRBF:
    cost: 106.147
    lifetime: 21.4791
    annual_cost: 4.9418737284150644
    efficiency: 0.790067
    discharge_ratio: 0.5
    depth_of_discharge: 1.0
