cost_values:
  wind_capex: 5000.0
  wind_opex: 100
  wind_lifetime: 20
  solar_capex: 1000.0
  solar_opex: 10
  solar_lifetime: 20
  carbon_price: 1.0
timeseries_values:
  load_level: 283599.27630870184
  wind_year: 2013
  solar_year: 2015
  price_year: 2023
  carbon_year: 2023
storage_values:
  CAES:
    cost: 36.9679
    lifetime: 27.6007
    annual_cost: 1.3393826968156606
    efficiency: 0.645487
    discharge_ratio: 0.1
    depth_of_discharge: 0.4
  Li-ion:
    cost: 181.922
    lifetime: 22.5801
    annual_cost: 8.056740227014052
    efficiency: 0.858511
    discharge_ratio: 2
    depth_of_discharge: 0.9
  Pb-acid:
    cost: 188.714
    lifetime: 9.53456
    annual_cost: 19.79262808142169
    efficiency: 0.761008
    discharge_ratio: 5
    depth_of_discharge: 0.5
  VRBF:
    cost: 115.202
    lifetime: 20.5995
    annual_cost: 5.592465836549431
    efficiency: 0.775402
    discharge_ratio: 0.5
    depth_of_discharge: 1.0
