cost_values:
  wind_capex: 5000.0
  wind_opex: 100
  wind_lifetime: 20
  solar_capex: 1000.0
  solar_opex: 10
  solar_lifetime: 20
  carbon_price: 1.0
timeseries_values:
  load_level: 283599.27630870184
  wind_year: 2013
  solar_year: 2015
  price_year: 2023
  carbon_year: 2023
storage_values:
  CAES:
    cost: 32.8025
    lifetime: 27.171
    annual_cost: 1.207261418424055
    efficiency: 0.644712
    discharge_ratio: 0.1
    depth_of_discharge: 0.4
  Li-ion:
    cost: 179.542
    lifetime: 23.8928
    annual_cost: 7.514481350030135
    efficiency: 0.864504
    discharge_ratio: 2
    depth_of_discharge: 0.9
  Pb-acid:
    cost: 184.647
    lifetime: 8.5797
    annual_cost: 21.521381866498825
    efficiency: 0.759175
    discharge_ratio: 5
    depth_of_discharge: 0.5
  VRBF:
    cost: 104.447
    lifetime: 21.5587
    annual_cost: 4.844772643990593
    efficiency: 0.77681
    discharge_ratio: 0.5
    depth_of_discharge: 1.0
