cost_values:
  wind_capex: 5000.0
  wind_opex: 100
  wind_lifetime: 20
  solar_capex: 1000.0
  solar_opex: 10
  solar_lifetime: 20
  carbon_price: 1.0
timeseries_values:
  load_level: 283599.27630870184
  wind_year: 2013
  solar_year: 2015
  price_year: 2023
  carbon_year: 2023
storage_values:
  CAES:
    cost: 40.6861
    lifetime: 27.6039
    annual_cost: 1.4739257858491013
    efficiency: 0.638968
    discharge_ratio: 0.1
    depth_of_discharge: 0.4
  Li-ion:
    cost: 200.045
    lifetime: 20.9018
    annual_cost: 9.57070682907692
    efficiency: 0.855494
    discharge_ratio: 2
    depth_of_discharge: 0.9
  Pb-acid:
    cost: 172.76
    lifetime: 8.70945
    annual_cost: 19.835925345458094
    efficiency: 0.746384
    discharge_ratio: 5
    depth_of_discharge: 0.5
  VRBF:
    cost: 101.865
    lifetime: 22.19
    annual_cost: 4.5905813429472735
    efficiency: 0.759217
    discharge_ratio: 0.5
    depth_of_discharge: 1.0
