cost_values:
  wind_capex: 5000.0
  wind_opex: 100
  wind_lifetime: 20
  solar_capex: 1000.0
  solar_opex: 10
  solar_lifetime: 20
  carbon_price: 1.0
timeseries_values:
  load_level: 283599.27630870184
  wind_year: 2013
  solar_year: 2015
  price_year: 2023
  carbon_year: 2023
storage_values:
  CAES:
    cost: 39.0651
    lifetime: 27.7033
    annual_cost: 1.4101244256099454
    efficiency: 0.628687
    discharge_ratio: 0.1
    depth_of_discharge: 0.4
  Li-ion:
    cost: 204.566
    lifetime: 21.5758
    annual_cost: 9.481270682894724
    efficiency: 0.854892
    discharge_ratio: 2
    depth_of_discharge: 0.9
  Pb-acid:
    cost: 197.283
    lifetime: 10.9395
    annual_cost: 18.034005210475797
    efficiency: 0.778076
    discharge_ratio: 5
    depth_of_discharge: 0.5
  VRBF:
    cost: 106.52
    lifetime: 21.935
    annual_cost: 4.856165944837018
    efficiency: 0.760642
    discharge_ratio: 0.5
    depth_of_discharge: 1.0
