cost_values:
  wind_capex: 5000.0
  wind_opex: 100
  wind_lifetime: 20
  solar_capex: 1000.0
  solar_opex: 10
  solar_lifetime: 20
  carbon_price: 1.0
timeseries_values:
  load_level: 283599.27630870184
  wind_year: 2013
  solar_year: 2015
  price_year: 2023
  carbon_year: 2023
storage_values:
  CAES:
    cost: 41.5281
    lifetime: 27.6442
    annual_cost: 1.5022355503143516
    efficiency: 0.636728
    discharge_ratio: 0.1
    depth_of_discharge: 0.4
  Li-ion:
    cost: 181.368
    lifetime: 21.4871
    annual_cost: 8.440785401473441
    efficiency: 0.858038
    discharge_ratio: 2
    depth_of_discharge: 0.9
  Pb-acid:
    cost: 157.689
    lifetime: 11.2377
    annual_cost: 14.032141808377158
    efficiency: 0.758499
    discharge_ratio: 5
    depth_of_discharge: 0.5
  VRBF:
    cost: 100.505
    lifetime: 21.9712
    annual_cost: 4.574397392950772
    efficiency: 0.772486
    discharge_ratio: 0.5
    depth_of_discharge: 1.0
