cost_values:
  wind_capex: 5000.0
  wind_opex: 100
  wind_lifetime: 20
  solar_capex: 1000.0
  solar_opex: 10
  solar_lifetime: 20
  carbon_price: 1.0
timeseries_values:
  load_level: 283599.27630870184
  wind_year: 2013
  solar_year: 2015
  price_year: 2023
  carbon_year: 2023
storage_values:
  CAES:
    cost: 39.3077
    lifetime: 27.4521
    annual_cost: 1.4318649575078044
    efficiency: 0.64261
    discharge_ratio: 0.1
    depth_of_discharge: 0.4
  Li-ion:
    cost: 185.159
    lifetime: 22.0348
    annual_cost: 8.403026122315609
    efficiency: 0.856987
    discharge_ratio: 2
    depth_of_discharge: 0.9
  Pb-acid:
    cost: 180.71
    lifetime: 8.78942
    annual_cost: 20.559945934999124
    efficiency: 0.744375
    discharge_ratio: 5
    depth_of_discharge: 0.5
  VRBF:
    cost: 100.598
    lifetime: 21.5687
    annual_cost: 4.664073402662191
    efficiency: 0.751208
    discharge_ratio: 0.5
    depth_of_discharge: 1.0
