cost_values:
  wind_capex: 5000.0
  wind_opex: 100
  wind_lifetime: 20
  solar_capex: 1000.0
  solar_opex: 10
  solar_lifetime: 20
  carbon_price: 1.0
timeseries_values:
  load_level: 283599.27630870184
  wind_year: 2013
  solar_year: 2015
  price_year: 2023
  carbon_year: 2023
storage_values:
  CAES:
    cost: 38.8351
    lifetime: 27.1576
    annual_cost: 1.4299901316758477
    efficiency: 0.642051
    discharge_ratio: 0.1
    depth_of_discharge: 0.4
  Li-ion:
    cost: 181.498
    lifetime: 21.8479
    annual_cost: 8.307343039834493
    efficiency: 0.866188
    discharge_ratio: 2
    depth_of_discharge: 0.9
  Pb-acid:
    cost: 178.113
    lifetime: 8.00591
    annual_cost: 22.247689519367565
    efficiency: 0.754595
    discharge_ratio: 5
    depth_of_discharge: 0.5
  VRBF:
    cost: 100.449
    lifetime: 21.0047
    annual_cost: 4.782215408932286
    efficiency: 0.783543
    discharge_ratio: 0.5
    depth_of_discharge: 1.0
