cost_values:
  wind_capex: 5000.0
  wind_opex: 100
  wind_lifetime: 20
  solar_capex: 1000.0
  solar_opex: 10
  solar_lifetime: 20
  carbon_price: 1.0
timeseries_values:
  load_level: 283599.27630870184
  wind_year: 2013
  solar_year: 2015
  price_year: 2023
  carbon_year: 2023
storage_values:
  CAES:
    cost: 36.5885
    lifetime: 26.9249
    annual_cost: 1.358909410991313
    efficiency: 0.629448
    discharge_ratio: 0.1
    depth_of_discharge: 0.4
  Li-ion:
    cost: 192.062
    lifetime: 22.3863
    annual_cost: 8.579443677606394
    efficiency: 0.873298
    discharge_ratio: 2
    depth_of_discharge: 0.9
  Pb-acid:
    cost: 167.357
    lifetime: 8.06594
    annual_cost: 20.74860462636717
    efficiency: 0.758956
    discharge_ratio: 5
    depth_of_discharge: 0.5
  VRBF:
    cost: 107.322
    lifetime: 21.7538
    annual_cost: 4.933482885748697
    efficiency: 0.780255
    discharge_ratio: 0.5
    depth_of_discharge: 1.0
