cost_values:
  wind_capex: 5000.0
  wind_opex: 100
  wind_lifetime: 20
  solar_capex: 1000.0
  solar_opex: 10
  solar_lifetime: 20
  carbon_price: 1.0
timeseries_values:
  load_level: 283599.27630870184
  wind_year: 2013
  solar_year: 2015
  price_year: 2023
  carbon_year: 2023
storage_values:
  CAES:
    cost: 44.8065
    lifetime: 29.0592
    annual_cost: 1.5419041129831517
    efficiency: 0.635148
    discharge_ratio: 0.1
    depth_of_discharge: 0.4
  Li-ion:
    cost: 191.289
    lifetime: 20.9404
    annual_cost: 9.134925789383201
    efficiency: 0.874099
    discharge_ratio: 2
    depth_of_discharge: 0.9
  Pb-acid:
    cost: 161.671
    lifetime: 10.2973
    annual_cost: 15.700329212512017
    efficiency: 0.763617
    discharge_ratio: 5
    depth_of_discharge: 0.5
  VRBF:
    cost: 112.181
    lifetime: 20.5601
    annual_cost: 5.456247780896008
    efficiency: 0.771263
    discharge_ratio: 0.5
    depth_of_discharge: 1.0
