cost_values:
  wind_capex: 5000.0
  wind_opex: 100
  wind_lifetime: 20
  solar_capex: 1000.0
  solar_opex: 10
  solar_lifetime: 20
  carbon_price: 1.0
timeseries_values:
  load_level: 283599.27630870184
  wind_year: 2013
  solar_year: 2015
  price_year: 2023
  carbon_year: 2023
storage_values:
  CAES:
    cost: 40.024
    lifetime: 28.0023
    annual_cost: 1.4293111637258367
    efficiency: 0.634961
    discharge_ratio: 0.1
    depth_of_discharge: 0.4
  Li-ion:
    cost: 198.504
    lifetime: 21.613
    annual_cost: 9.184472308332948
    efficiency: 0.851501
    discharge_ratio: 2
    depth_of_discharge: 0.9
  Pb-acid:
    cost: 165.262
    lifetime: 8.12028
    annual_cost: 20.351761269315837
    efficiency: 0.758514
    discharge_ratio: 5
    depth_of_discharge: 0.5
  VRBF:
    cost: 111.412
    lifetime: 22.3597
    annual_cost: 4.982714437134667
    efficiency: 0.80494
    discharge_ratio: 0.5
    depth_of_discharge: 1.0
