cost_values:
  wind_capex: 5000.0
  wind_opex: 100
  wind_lifetime: 20
  solar_capex: 1000.0
  solar_opex: 10
  solar_lifetime: 20
  carbon_price: 1.0
timeseries_values:
  load_level: 283599.27630870184
  wind_year: 2013
  solar_year: 2015
  price_year: 2023
  carbon_year: 2023
storage_values:
  CAES:
    cost: 41.6426
    lifetime: 26.8006
    annual_cost: 1.5537935717857063
    efficiency: 0.642647
    discharge_ratio: 0.1
    depth_of_discharge: 0.4
  Li-ion:
    cost: 187.709
    lifetime: 20.3224
    annual_cost: 9.23655670590088
    efficiency: 0.860796
    discharge_ratio: 2
    depth_of_discharge: 0.9
  Pb-acid:
    cost: 171.468
    lifetime: 8.94498
    annual_cost: 19.16918763373423
    efficiency: 0.761412
    discharge_ratio: 5
    depth_of_discharge: 0.5
  VRBF:
    cost: 114.25
    lifetime: 22.1673
    annual_cost: 5.153988081543535
    efficiency: 0.798215
    discharge_ratio: 0.5
    depth_of_discharge: 1.0
