cost_values:
  wind_capex: 5000.0
  wind_opex: 100
  wind_lifetime: 20
  solar_capex: 1000.0
  solar_opex: 10
  solar_lifetime: 20
  carbon_price: 1.0
timeseries_values:
  load_level: 283599.27630870184
  wind_year: 2013
  solar_year: 2015
  price_year: 2023
  carbon_year: 2023
storage_values:
  CAES:
    cost: 45.481
    lifetime: 27.2681
    annual_cost: 1.6679196570351436
    efficiency: 0.638052
    discharge_ratio: 0.1
    depth_of_discharge: 0.4
  Li-ion:
    cost: 160.748
    lifetime: 21.8162
    annual_cost: 7.368285952640698
    efficiency: 0.862007
    discharge_ratio: 2
    depth_of_discharge: 0.9
  Pb-acid:
    cost: 166.113
    lifetime: 11.4072
    annual_cost: 14.562118661897749
    efficiency: 0.758101
    discharge_ratio: 5
    depth_of_discharge: 0.5
  VRBF:
    cost: 103.539
    lifetime: 22.6405
    annual_cost: 4.5731763874472735
    efficiency: 0.761438
    discharge_ratio: 0.5
    depth_of_discharge: 1.0
