cost_values:
  wind_capex: 5000.0
  wind_opex: 100
  wind_lifetime: 20
  solar_capex: 1000.0
  solar_opex: 10
  solar_lifetime: 20
  carbon_price: 1.0
timeseries_values:
  load_level: 283599.27630870184
  wind_year: 2013
  solar_year: 2015
  price_year: 2023
  carbon_year: 2023
storage_values:
  CAES:
    cost: 37.0686
    lifetime: 28.3491
    annual_cost: 1.3075759018804831
    efficiency: 0.640485
    discharge_ratio: 0.1
    depth_of_discharge: 0.4
  Li-ion:
    cost: 206.334
    lifetime: 20.9788
    annual_cost: 9.835357599100044
    efficiency: 0.853208
    discharge_ratio: 2
    depth_of_discharge: 0.9
  Pb-acid:
    cost: 162.107
    lifetime: 11.2729
    annual_cost: 14.380239335042447
    efficiency: 0.770514
    discharge_ratio: 5
    depth_of_discharge: 0.5
  VRBF:
    cost: 112.285
    lifetime: 20.0672
    annual_cost: 5.595449290384309
    efficiency: 0.78754
    discharge_ratio: 0.5
    depth_of_discharge: 1.0
