cost_values:
  wind_capex: 5000.0
  wind_opex: 100
  wind_lifetime: 20
  solar_capex: 1000.0
  solar_opex: 10
  solar_lifetime: 20
  carbon_price: 1.0
timeseries_values:
  load_level: 283599.27630870184
  wind_year: 2013
  solar_year: 2015
  price_year: 2023
  carbon_year: 2023
storage_values:
  CAES:
    cost: 35.1341
    lifetime: 26.7499
    annual_cost: 1.3134292090811552
    efficiency: 0.63648
    discharge_ratio: 0.1
    depth_of_discharge: 0.4
  Li-ion:
    cost: 200.111
    lifetime: 20.4894
    annual_cost: 9.766562222417445
    efficiency: 0.85622
    discharge_ratio: 2
    depth_of_discharge: 0.9
  Pb-acid:
    cost: 174.045
    lifetime: 11.3876
    annual_cost: 15.283729670870066
    efficiency: 0.755662
    discharge_ratio: 5
    depth_of_discharge: 0.5
  VRBF:
    cost: 107.53
    lifetime: 24.6674
    annual_cost: 4.359194726643262
    efficiency: 0.78892
    discharge_ratio: 0.5
    depth_of_discharge: 1.0
