cost_values:
  wind_capex: 5000.0
  wind_opex: 100
  wind_lifetime: 20
  solar_capex: 1000.0
  solar_opex: 10
  solar_lifetime: 20
  carbon_price: 1.0
timeseries_values:
  load_level: 283599.27630870184
  wind_year: 2013
  solar_year: 2015
  price_year: 2023
  carbon_year: 2023
storage_values:
  CAES:
    cost: 37.5076
    lifetime: 27.1085
    annual_cost: 1.3836103067303613
    efficiency: 0.638166
    discharge_ratio: 0.1
    depth_of_discharge: 0.4
  Li-ion:
    cost: 190.259
    lifetime: 21.4701
    annual_cost: 8.861579592083874
    efficiency: 0.855562
    discharge_ratio: 2
    depth_of_discharge: 0.9
  Pb-acid:
    cost: 173.262
    lifetime: 10.0646
    annual_cost: 17.21499115712497
    efficiency: 0.760107
    discharge_ratio: 5
    depth_of_discharge: 0.5
  VRBF:
    cost: 148.702
    lifetime: 20.7642
    annual_cost: 7.161460590824593
    efficiency: 0.754629
    discharge_ratio: 0.5
    depth_of_discharge: 1.0
