cost_values:
  wind_capex: 5000.0
  wind_opex: 100
  wind_lifetime: 20
  solar_capex: 1000.0
  solar_opex: 10
  solar_lifetime: 20
  carbon_price: 1.0
timeseries_values:
  load_level: 283599.27630870184
  wind_year: 2013
  solar_year: 2015
  price_year: 2023
  carbon_year: 2023
storage_values:
  CAES:
    cost: 41.9917
    lifetime: 28.3375
    annual_cost: 1.481842082046758
    efficiency: 0.639824
    discharge_ratio: 0.1
    depth_of_discharge: 0.4
  Li-ion:
    cost: 178.783
    lifetime: 22.9044
    annual_cost: 7.805618134506907
    efficiency: 0.863633
    discharge_ratio: 2
    depth_of_discharge: 0.9
  Pb-acid:
    cost: 175.136
    lifetime: 8.93798
    annual_cost: 19.59458401115241
    efficiency: 0.759937
    discharge_ratio: 5
    depth_of_discharge: 0.5
  VRBF:
    cost: 104.374
    lifetime: 20.7419
    annual_cost: 5.03203660223991
    efficiency: 0.756931
    discharge_ratio: 0.5
    depth_of_discharge: 1.0
