cost_values:
  wind_capex: 5000.0
  wind_opex: 100
  wind_lifetime: 20
  solar_capex: 1000.0
  solar_opex: 10
  solar_lifetime: 20
  carbon_price: 1.0
timeseries_values:
  load_level: 283599.27630870184
  wind_year: 2013
  solar_year: 2015
  price_year: 2023
  carbon_year: 2023
storage_values:
  CAES:
    cost: 48.7705
    lifetime: 28.2923
    annual_cost: 1.7238082446460696
    efficiency: 0.64605
    discharge_ratio: 0.1
    depth_of_discharge: 0.4
  Li-ion:
    cost: 184.082
    lifetime: 21.9963
    annual_cost: 8.368771111505115
    efficiency: 0.853444
    discharge_ratio: 2
    depth_of_discharge: 0.9
  Pb-acid:
    cost: 169.611
    lifetime: 10.0169
    annual_cost: 16.932484101867843
    efficiency: 0.743442
    discharge_ratio: 5
    depth_of_discharge: 0.5
  VRBF:
    cost: 100.306
    lifetime: 22.6841
    annual_cost: 4.421863772422093
    efficiency: 0.775538
    discharge_ratio: 0.5
    depth_of_discharge: 1.0
