cost_values:
  wind_capex: 5000.0
  wind_opex: 100
  wind_lifetime: 20
  solar_capex: 1000.0
  solar_opex: 10
  solar_lifetime: 20
  carbon_price: 1.0
timeseries_values:
  load_level: 283599.27630870184
  wind_year: 2013
  solar_year: 2015
  price_year: 2023
  carbon_year: 2023
storage_values:
  CAES:
    cost: 38.9612
    lifetime: 27.9431
    annual_cost: 1.3943048552236508
    efficiency: 0.633316
    discharge_ratio: 0.1
    depth_of_discharge: 0.4
  Li-ion:
    cost: 201.661
    lifetime: 23.4581
    annual_cost: 8.596646787250458
    efficiency: 0.852868
    discharge_ratio: 2
    depth_of_discharge: 0.9
  Pb-acid:
    cost: 171.281
    lifetime: 10.6303
    annual_cost: 16.11252739809789
    efficiency: 0.761528
    discharge_ratio: 5
    depth_of_discharge: 0.5
  VRBF:
    cost: 129.991
    lifetime: 21.815
    annual_cost: 5.95878982351593
    efficiency: 0.768635
    discharge_ratio: 0.5
    depth_of_discharge: 1.0
