cost_values:
  wind_capex: 5000.0
  wind_opex: 100
  wind_lifetime: 20
  solar_capex: 1000.0
  solar_opex: 10
  solar_lifetime: 20
  carbon_price: 1.0
timeseries_values:
  load_level: 283599.27630870184
  wind_year: 2013
  solar_year: 2015
  price_year: 2023
  carbon_year: 2023
storage_values:
  CAES:
    cost: 40.6131
    lifetime: 27.8345
    annual_cost: 1.4590921338626526
    efficiency: 0.640143
    discharge_ratio: 0.1
    depth_of_discharge: 0.4
  Li-ion:
    cost: 195.764
    lifetime: 22.9697
    annual_cost: 8.522705999643009
    efficiency: 0.856933
    discharge_ratio: 2
    depth_of_discharge: 0.9
  Pb-acid:
    cost: 168.043
    lifetime: 9.48077
    annual_cost: 17.72461519475739
    efficiency: 0.75097
    discharge_ratio: 5
    depth_of_discharge: 0.5
  VRBF:
    cost: 105.85
    lifetime: 24.9116
    annual_cost: 4.2490245508116695
    efficiency: 0.782088
    discharge_ratio: 0.5
    depth_of_discharge: 1.0
