cost_values:
  wind_capex: 5000.0
  wind_opex: 100
  wind_lifetime: 20
  solar_capex: 1000.0
  solar_opex: 10
  solar_lifetime: 20
  carbon_price: 1.0
timeseries_values:
  load_level: 283599.27630870184
  wind_year: 2013
  solar_year: 2015
  price_year: 2023
  carbon_year: 2023
storage_values:
  CAES:
    cost: 35.776
    lifetime: 26.9293
    annual_cost: 1.32851578020966
    efficiency: 0.64787
    discharge_ratio: 0.1
    depth_of_discharge: 0.4
  Li-ion:
    cost: 210.056
    lifetime: 21.997
    annual_cost: 9.54930217756967
    efficiency: 0.850327
    discharge_ratio: 2
    depth_of_discharge: 0.9
  Pb-acid:
    cost: 195.81
    lifetime: 10.4262
    annual_cost: 18.78057202048685
    efficiency: 0.769572
    discharge_ratio: 5
    depth_of_discharge: 0.5
  VRBF:
    cost: 118.167
    lifetime: 22.6493
    annual_cost: 5.217247332147131
    efficiency: 0.79359
    discharge_ratio: 0.5
    depth_of_discharge: 1.0
