cost_values:
  wind_capex: 5000.0
  wind_opex: 100
  wind_lifetime: 20
  solar_capex: 1000.0
  solar_opex: 10
  solar_lifetime: 20
  carbon_price: 1.0
timeseries_values:
  load_level: 283599.27630870184
  wind_year: 2013
  solar_year: 2015
  price_year: 2023
  carbon_year: 2023
storage_values:
  CAES:
    cost: 43.1074
    lifetime: 27.1884
    annual_cost: 1.5855070544791159
    efficiency: 0.643826
    discharge_ratio: 0.1
    depth_of_discharge: 0.4
  Li-ion:
    cost: 190.186
    lifetime: 21.6791
    annual_cost: 8.772781157889396
    efficiency: 0.864174
    discharge_ratio: 2
    depth_of_discharge: 0.9
  Pb-acid:
    cost: 174.313
    lifetime: 10.7623
    annual_cost: 16.196630831699544
    efficiency: 0.752628
    discharge_ratio: 5
    depth_of_discharge: 0.5
  VRBF:
    cost: 117.127
    lifetime: 20.256
    annual_cost: 5.7823360979462874
    efficiency: 0.786622
    discharge_ratio: 0.5
    depth_of_discharge: 1.0
