cost_values:
  wind_capex: 5000.0
  wind_opex: 100
  wind_lifetime: 20
  solar_capex: 1000.0
  solar_opex: 10
  solar_lifetime: 20
  carbon_price: 1.0
timeseries_values:
  load_level: 283599.27630870184
  wind_year: 2013
  solar_year: 2015
  price_year: 2023
  carbon_year: 2023
storage_values:
  CAES:
    cost: 44.0818
    lifetime: 26.7374
    annual_cost: 1.6486943382677448
    efficiency: 0.641719
    discharge_ratio: 0.1
    depth_of_discharge: 0.4
  Li-ion:
    cost: 184.024
    lifetime: 20.6956
    annual_cost: 8.89193838303794
    efficiency: 0.854762
    discharge_ratio: 2
    depth_of_discharge: 0.9
  Pb-acid:
    cost: 173.661
    lifetime: 11.2796
    annual_cost: 15.396024681726303
    efficiency: 0.751212
    discharge_ratio: 5
    depth_of_discharge: 0.5
  VRBF:
    cost: 106.569
    lifetime: 20.5391
    annual_cost: 5.188591515694456
    efficiency: 0.783789
    discharge_ratio: 0.5
    depth_of_discharge: 1.0
