cost_values:
  wind_capex: 5000.0
  wind_opex: 100
  wind_lifetime: 20
  solar_capex: 1000.0
  solar_opex: 10
  solar_lifetime: 20
  carbon_price: 1.0
timeseries_values:
  load_level: 283599.27630870184
  wind_year: 2013
  solar_year: 2015
  price_year: 2023
  carbon_year: 2023
storage_values:
  CAES:
    cost: 47.0229
    lifetime: 27.7327
    annual_cost: 1.6955759807014823
    efficiency: 0.636345
    discharge_ratio: 0.1
    depth_of_discharge: 0.4
  Li-ion:
    cost: 206.253
    lifetime: 20.8831
    annual_cost: 9.876550895221495
    efficiency: 0.862211
    discharge_ratio: 2
    depth_of_discharge: 0.9
  Pb-acid:
    cost: 172.747
    lifetime: 9.94927
    annual_cost: 17.362781389991426
    efficiency: 0.766318
    discharge_ratio: 5
    depth_of_discharge: 0.5
  VRBF:
    cost: 100.233
    lifetime: 19.8666
    annual_cost: 5.045302165443509
    efficiency: 0.778069
    discharge_ratio: 0.5
    depth_of_discharge: 1.0
