cost_values:
  wind_capex: 5000.0
  wind_opex: 100
  wind_lifetime: 20
  solar_capex: 1000.0
  solar_opex: 10
  solar_lifetime: 20
  carbon_price: 1.0
timeseries_values:
  load_level: 283599.27630870184
  wind_year: 2013
  solar_year: 2015
  price_year: 2023
  carbon_year: 2023
storage_values:
  CAES:
    cost: 43.5497
    lifetime: 27.6615
    annual_cost: 1.5743795528080546
    efficiency: 0.639569
    discharge_ratio: 0.1
    depth_of_discharge: 0.4
  Li-ion:
    cost: 193.332
    lifetime: 20.9229
    annual_cost: 9.240210487073972
    efficiency: 0.876435
    discharge_ratio: 2
    depth_of_discharge: 0.9
  Pb-acid:
    cost: 169.422
    lifetime: 9.26968
    annual_cost: 18.277006326000468
    efficiency: 0.739875
    discharge_ratio: 5
    depth_of_discharge: 0.5
  VRBF:
    cost: 115.277
    lifetime: 22.8107
    annual_cost: 5.053637108900648
    efficiency: 0.775831
    discharge_ratio: 0.5
    depth_of_discharge: 1.0
