cost_values:
  wind_capex: 5000.0
  wind_opex: 100
  wind_lifetime: 20
  solar_capex: 1000.0
  solar_opex: 10
  solar_lifetime: 20
  carbon_price: 1.0
timeseries_values:
  load_level: 283599.27630870184
  wind_year: 2013
  solar_year: 2015
  price_year: 2023
  carbon_year: 2023
storage_values:
  CAES:
    cost: 36.0363
    lifetime: 27.878
    annual_cost: 1.2926429442571201
    efficiency: 0.640646
    discharge_ratio: 0.1
    depth_of_discharge: 0.4
  Li-ion:
    cost: 214.581
    lifetime: 23.348
    annual_cost: 9.19055165324653
    efficiency: 0.858367
    discharge_ratio: 2
    depth_of_discharge: 0.9
  Pb-acid:
    cost: 157.717
    lifetime: 9.21103
    annual_cost: 17.122623637095963
    efficiency: 0.750457
    discharge_ratio: 5
    depth_of_discharge: 0.5
  VRBF:
    cost: 107.249
    lifetime: 21.3468
    annual_cost: 5.024125395843873
    efficiency: 0.775174
    discharge_ratio: 0.5
    depth_of_discharge: 1.0
