cost_values:
  wind_capex: 5000.0
  wind_opex: 100
  wind_lifetime: 20
  solar_capex: 1000.0
  solar_opex: 10
  solar_lifetime: 20
  carbon_price: 1.0
timeseries_values:
  load_level: 283599.27630870184
  wind_year: 2013
  solar_year: 2015
  price_year: 2023
  carbon_year: 2023
storage_values:
  CAES:
    cost: 39.2558
    lifetime: 28.9654
    annual_cost: 1.3552652475021922
    efficiency: 0.631452
    discharge_ratio: 0.1
    depth_of_discharge: 0.4
  Li-ion:
    cost: 180.14
    lifetime: 22.2213
    annual_cost: 8.106636425411654
    efficiency: 0.852287
    discharge_ratio: 2
    depth_of_discharge: 0.9
  Pb-acid:
    cost: 186.818
    lifetime: 9.35705
    annual_cost: 19.965480573471343
    efficiency: 0.754974
    discharge_ratio: 5
    depth_of_discharge: 0.5
  VRBF:
    cost: 109.35
    lifetime: 22.6512
    annual_cost: 4.827558804831532
    efficiency: 0.781058
    discharge_ratio: 0.5
    depth_of_discharge: 1.0
