cost_values:
  wind_capex: 5000.0
  wind_opex: 100
  wind_lifetime: 20
  solar_capex: 1000.0
  solar_opex: 10
  solar_lifetime: 20
  carbon_price: 1.0
timeseries_values:
  load_level: 283599.27630870184
  wind_year: 2013
  solar_year: 2015
  price_year: 2023
  carbon_year: 2023
storage_values:
  CAES:
    cost: 39.4623
    lifetime: 28.3429
    annual_cost: 1.3923169471013905
    efficiency: 0.646409
    discharge_ratio: 0.1
    depth_of_discharge: 0.4
  Li-ion:
    cost: 217.074
    lifetime: 20.8983
    annual_cost: 10.387160678141285
    efficiency: 0.856752
    discharge_ratio: 2
    depth_of_discharge: 0.9
  Pb-acid:
    cost: 147.919
    lifetime: 10.3371
    annual_cost: 14.309525882500896
    efficiency: 0.766534
    discharge_ratio: 5
    depth_of_discharge: 0.5
  VRBF:
    cost: 133.794
    lifetime: 21.0779
    annual_cost: 6.347596297543873
    efficiency: 0.775333
    discharge_ratio: 0.5
    depth_of_discharge: 1.0
