cost_values:
  wind_capex: 5000.0
  wind_opex: 100
  wind_lifetime: 20
  solar_capex: 1000.0
  solar_opex: 10
  solar_lifetime: 20
  carbon_price: 1.0
timeseries_values:
  load_level: 283599.27630870184
  wind_year: 2013
  solar_year: 2015
  price_year: 2023
  carbon_year: 2023
storage_values:
  CAES:
    cost: 38.2087
    lifetime: 27.5927
    annual_cost: 1.3847394419538501
    efficiency: 0.643597
    discharge_ratio: 0.1
    depth_of_discharge: 0.4
  Li-ion:
    cost: 179.438
    lifetime: 20.4675
    annual_cost: 8.766972028826187
    efficiency: 0.856613
    discharge_ratio: 2
    depth_of_discharge: 0.9
  Pb-acid:
    cost: 172.794
    lifetime: 9.67502
    annual_cost: 17.859808041740482
    efficiency: 0.755527
    discharge_ratio: 5
    depth_of_discharge: 0.5
  VRBF:
    cost: 100.602
    lifetime: 20.9688
    annual_cost: 4.797699439166762
    efficiency: 0.764814
    discharge_ratio: 0.5
    depth_of_discharge: 1.0
