cost_values:
  wind_capex: 5000.0
  wind_opex: 100
  wind_lifetime: 20
  solar_capex: 1000.0
  solar_opex: 10
  solar_lifetime: 20
  carbon_price: 1.0
timeseries_values:
  load_level: 283599.27630870184
  wind_year: 2013
  solar_year: 2015
  price_year: 2023
  carbon_year: 2023
storage_values:
  CAES:
    cost: 36.9357
    lifetime: 27.5583
    annual_cost: 1.3402749806773275
    efficiency: 0.641058
    discharge_ratio: 0.1
    depth_of_discharge: 0.4
  Li-ion:
    cost: 211.415
    lifetime: 19.5792
    annual_cost: 10.797938628748875
    efficiency: 0.853831
    discharge_ratio: 2
    depth_of_discharge: 0.9
  Pb-acid:
    cost: 151.828
    lifetime: 9.8356
    annual_cost: 15.436577331327017
    efficiency: 0.749629
    discharge_ratio: 5
    depth_of_discharge: 0.5
  VRBF:
    cost: 101.35
    lifetime: 22.0019
    annual_cost: 4.6064203546057385
    efficiency: 0.787684
    discharge_ratio: 0.5
    depth_of_discharge: 1.0
