cost_values:
  wind_capex: 5000.0
  wind_opex: 100
  wind_lifetime: 20
  solar_capex: 1000.0
  solar_opex: 10
  solar_lifetime: 20
  carbon_price: 1.0
timeseries_values:
  load_level: 283599.27630870184
  wind_year: 2013
  solar_year: 2015
  price_year: 2023
  carbon_year: 2023
storage_values:
  CAES:
    cost: 45.3075
    lifetime: 28.3123
    annual_cost: 1.6002762050416248
    efficiency: 0.647381
    discharge_ratio: 0.1
    depth_of_discharge: 0.4
  Li-ion:
    cost: 200.682
    lifetime: 21.6874
    annual_cost: 9.2533913701043
    efficiency: 0.850055
    discharge_ratio: 2
    depth_of_discharge: 0.9
  Pb-acid:
    cost: 156.716
    lifetime: 10.7419
    annual_cost: 14.589225369813535
    efficiency: 0.745944
    discharge_ratio: 5
    depth_of_discharge: 0.5
  VRBF:
    cost: 104.478
    lifetime: 21.299
    annual_cost: 4.905300718343584
    efficiency: 0.759425
    discharge_ratio: 0.5
    depth_of_discharge: 1.0
