cost_values:
  wind_capex: 5000.0
  wind_opex: 100
  wind_lifetime: 20
  solar_capex: 1000.0
  solar_opex: 10
  solar_lifetime: 20
  carbon_price: 1.0
timeseries_values:
  load_level: 283599.27630870184
  wind_year: 2013
  solar_year: 2015
  price_year: 2023
  carbon_year: 2023
storage_values:
  CAES:
    cost: 41.4409
    lifetime: 26.5242
    annual_cost: 1.5623807692597702
    efficiency: 0.639845
    discharge_ratio: 0.1
    depth_of_discharge: 0.4
  Li-ion:
    cost: 180.173
    lifetime: 20.808
    annual_cost: 8.658833141099578
    efficiency: 0.853894
    discharge_ratio: 2
    depth_of_discharge: 0.9
  Pb-acid:
    cost: 170.078
    lifetime: 8.91328
    annual_cost: 19.08141559560566
    efficiency: 0.762182
    discharge_ratio: 5
    depth_of_discharge: 0.5
  VRBF:
    cost: 131.045
    lifetime: 21.8396
    annual_cost: 6.0003388340445785
    efficiency: 0.787277
    discharge_ratio: 0.5
    depth_of_discharge: 1.0
