cost_values:
  wind_capex: 5000.0
  wind_opex: 100
  wind_lifetime: 20
  solar_capex: 1000.0
  solar_opex: 10
  solar_lifetime: 20
  carbon_price: 1.0
timeseries_values:
  load_level: 283599.27630870184
  wind_year: 2013
  solar_year: 2015
  price_year: 2023
  carbon_year: 2023
storage_values:
  CAES:
    cost: 44.1868
    lifetime: 28.5429
    annual_cost: 1.5480837616359935
    efficiency: 0.634807
    discharge_ratio: 0.1
    depth_of_discharge: 0.4
  Li-ion:
    cost: 196.195
    lifetime: 21.5104
    annual_cost: 9.120936849152038
    efficiency: 0.862588
    discharge_ratio: 2
    depth_of_discharge: 0.9
  Pb-acid:
    cost: 172.074
    lifetime: 10.5169
    annual_cost: 16.361665509798517
    efficiency: 0.749486
    discharge_ratio: 5
    depth_of_discharge: 0.5
  VRBF:
    cost: 106.151
    lifetime: 23.4678
    annual_cost: 4.5232616606584335
    efficiency: 0.766553
    discharge_ratio: 0.5
    depth_of_discharge: 1.0
