cost_values:
  wind_capex: 5000.0
  wind_opex: 100
  wind_lifetime: 20
  solar_capex: 1000.0
  solar_opex: 10
  solar_lifetime: 20
  carbon_price: 1.0
timeseries_values:
  load_level: 283599.27630870184
  wind_year: 2013
  solar_year: 2015
  price_year: 2023
  carbon_year: 2023
storage_values:
  CAES:
    cost: 42.1267
    lifetime: 28.2109
    annual_cost: 1.493277421138638
    efficiency: 0.640189
    discharge_ratio: 0.1
    depth_of_discharge: 0.4
  Li-ion:
    cost: 205.646
    lifetime: 20.68
    annual_cost: 9.944197292069632
    efficiency: 0.854294
    discharge_ratio: 2
    depth_of_discharge: 0.9
  Pb-acid:
    cost: 159.29
    lifetime: 10.174
    annual_cost: 15.656575584824061
    efficiency: 0.766521
    discharge_ratio: 5
    depth_of_discharge: 0.5
  VRBF:
    cost: 112.142
    lifetime: 20.9423
    annual_cost: 5.354808211132492
    efficiency: 0.77426
    discharge_ratio: 0.5
    depth_of_discharge: 1.0
