cost_values:
  wind_capex: 5000.0
  wind_opex: 100
  wind_lifetime: 20
  solar_capex: 1000.0
  solar_opex: 10
  solar_lifetime: 20
  carbon_price: 1.0
timeseries_values:
  load_level: 283599.27630870184
  wind_year: 2013
  solar_year: 2015
  price_year: 2023
  carbon_year: 2023
storage_values:
  CAES:
    cost: 39.2661
    lifetime: 27.6325
    annual_cost: 1.4210114900931874
    efficiency: 0.636833
    discharge_ratio: 0.1
    depth_of_discharge: 0.4
  Li-ion:
    cost: 192.613
    lifetime: 21.2148
    annual_cost: 9.079180572053472
    efficiency: 0.86132
    discharge_ratio: 2
    depth_of_discharge: 0.9
  Pb-acid:
    cost: 163.142
    lifetime: 9.73395
    annual_cost: 16.76010252775081
    efficiency: 0.76416
    discharge_ratio: 5
    depth_of_discharge: 0.5
  VRBF:
    cost: 107.739
    lifetime: 23.5993
    annual_cost: 4.565347277249749
    efficiency: 0.785345
    discharge_ratio: 0.5
    depth_of_discharge: 1.0
