cost_values:
  wind_capex: 5000.0
  wind_opex: 100
  wind_lifetime: 20
  solar_capex: 1000.0
  solar_opex: 10
  solar_lifetime: 20
  carbon_price: 1.0
timeseries_values:
  load_level: 283599.27630870184
  wind_year: 2013
  solar_year: 2015
  price_year: 2023
  carbon_year: 2023
storage_values:
  CAES:
    cost: 41.6294
    lifetime: 27.324
    annual_cost: 1.5235470648514124
    efficiency: 0.637955
    discharge_ratio: 0.1
    depth_of_discharge: 0.4
  Li-ion:
    cost: 189.132
    lifetime: 23.194
    annual_cost: 8.154350262999053
    efficiency: 0.860444
    discharge_ratio: 2
    depth_of_discharge: 0.9
  Pb-acid:
    cost: 175.092
    lifetime: 10.2149
    annual_cost: 17.140843277956712
    efficiency: 0.750535
    discharge_ratio: 5
    depth_of_discharge: 0.5
  VRBF:
    cost: 119.106
    lifetime: 24.0899
    annual_cost: 4.944229739434369
    efficiency: 0.774301
    discharge_ratio: 0.5
    depth_of_discharge: 1.0
