cost_values:
  wind_capex: 5000.0
  wind_opex: 100
  wind_lifetime: 20
  solar_capex: 1000.0
  solar_opex: 10
  solar_lifetime: 20
  carbon_price: 1.0
timeseries_values:
  load_level: 283599.27630870184
  wind_year: 2013
  solar_year: 2015
  price_year: 2023
  carbon_year: 2023
storage_values:
  CAES:
    cost: 45.9259
    lifetime: 27.9877
    annual_cost: 1.6409315520746612
    efficiency: 0.643532
    discharge_ratio: 0.1
    depth_of_discharge: 0.4
  Li-ion:
    cost: 187.561
    lifetime: 19.4861
    annual_cost: 9.625373984532564
    efficiency: 0.860436
    discharge_ratio: 2
    depth_of_discharge: 0.9
  Pb-acid:
    cost: 157.375
    lifetime: 10.2271
    annual_cost: 15.388037664636114
    efficiency: 0.750779
    discharge_ratio: 5
    depth_of_discharge: 0.5
  VRBF:
    cost: 100.091
    lifetime: 20.9165
    annual_cost: 4.7852652212368225
    efficiency: 0.788083
    discharge_ratio: 0.5
    depth_of_discharge: 1.0
