cost_values:
  wind_capex: 5000.0
  wind_opex: 100
  wind_lifetime: 20
  solar_capex: 1000.0
  solar_opex: 10
  solar_lifetime: 20
  carbon_price: 1.0
timeseries_values:
  load_level: 283599.27630870184
  wind_year: 2013
  solar_year: 2015
  price_year: 2023
  carbon_year: 2023
storage_values:
  CAES:
    cost: 40.7105
    lifetime: 28.0529
    annual_cost: 1.4512046882853467
    efficiency: 0.648075
    discharge_ratio: 0.1
    depth_of_discharge: 0.4
  Li-ion:
    cost: 193.367
    lifetime: 20.8035
    annual_cost: 9.29492633451102
    efficiency: 0.85862
    discharge_ratio: 2
    depth_of_discharge: 0.9
  Pb-acid:
    cost: 167.322
    lifetime: 10.6189
    annual_cost: 15.756999312546498
    efficiency: 0.753199
    discharge_ratio: 5
    depth_of_discharge: 0.5
  VRBF:
    cost: 104.855
    lifetime: 24.8656
    annual_cost: 4.216869892542308
    efficiency: 0.789563
    discharge_ratio: 0.5
    depth_of_discharge: 1.0
