cost_values:
  wind_capex: 5000.0
  wind_opex: 100
  wind_lifetime: 20
  solar_capex: 1000.0
  solar_opex: 10
  solar_lifetime: 20
  carbon_price: 1.0
timeseries_values:
  load_level: 283599.27630870184
  wind_year: 2013
  solar_year: 2015
  price_year: 2023
  carbon_year: 2023
storage_values:
  CAES:
    cost: 39.7111
    lifetime: 27.5839
    annual_cost: 1.4396477655443938
    efficiency: 0.637224
    discharge_ratio: 0.1
    depth_of_discharge: 0.4
  Li-ion:
    cost: 198.75
    lifetime: 20.3331
    annual_cost: 9.774702332649719
    efficiency: 0.8629
    discharge_ratio: 2
    depth_of_discharge: 0.9
  Pb-acid:
    cost: 176.898
    lifetime: 9.01788
    annual_cost: 19.61636216050779
    efficiency: 0.764624
    discharge_ratio: 5
    depth_of_discharge: 0.5
  VRBF:
    cost: 115.466
    lifetime: 21.0522
    annual_cost: 5.484747437322465
    efficiency: 0.770762
    discharge_ratio: 0.5
    depth_of_discharge: 1.0
