cost_values:
  wind_capex: 5000.0
  wind_opex: 100
  wind_lifetime: 20
  solar_capex: 1000.0
  solar_opex: 10
  solar_lifetime: 20
  carbon_price: 1.0
timeseries_values:
  load_level: 283599.27630870184
  wind_year: 2013
  solar_year: 2015
  price_year: 2023
  carbon_year: 2023
storage_values:
  CAES:
    cost: 37.2224
    lifetime: 27.5515
    annual_cost: 1.3510117416474603
    efficiency: 0.646155
    discharge_ratio: 0.1
    depth_of_discharge: 0.4
  Li-ion:
    cost: 186.681
    lifetime: 22.9581
    annual_cost: 8.131378467730343
    efficiency: 0.857369
    discharge_ratio: 2
    depth_of_discharge: 0.9
  Pb-acid:
    cost: 168.036
    lifetime: 10.626
    annual_cost: 15.813664596273293
    efficiency: 0.749481
    discharge_ratio: 5
    depth_of_discharge: 0.5
  VRBF:
    cost: 110.706
    lifetime: 21.3809
    annual_cost: 5.177798876567404
    efficiency: 0.745595
    discharge_ratio: 0.5
    depth_of_discharge: 1.0
