cost_values:
  wind_capex: 5000.0
  wind_opex: 100
  wind_lifetime: 20
  solar_capex: 1000.0
  solar_opex: 10
  solar_lifetime: 20
  carbon_price: 1.0
timeseries_values:
  load_level: 283599.27630870184
  wind_year: 2013
  solar_year: 2015
  price_year: 2023
  carbon_year: 2023
storage_values:
  CAES:
    cost: 37.8232
    lifetime: 26.9818
    annual_cost: 1.4018041791133282
    efficiency: 0.638842
    discharge_ratio: 0.1
    depth_of_discharge: 0.4
  Li-ion:
    cost: 188.468
    lifetime: 21.8678
    annual_cost: 8.618516723218614
    efficiency: 0.871514
    discharge_ratio: 2
    depth_of_discharge: 0.9
  Pb-acid:
    cost: 166.148
    lifetime: 9.96772
    annual_cost: 16.66860626101054
    efficiency: 0.745238
    discharge_ratio: 5
    depth_of_discharge: 0.5
  VRBF:
    cost: 114.24
    lifetime: 21.3488
    annual_cost: 5.351120437682679
    efficiency: 0.78314
    discharge_ratio: 0.5
    depth_of_discharge: 1.0
