cost_values:
  wind_capex: 5000.0
  wind_opex: 100
  wind_lifetime: 20
  solar_capex: 1000.0
  solar_opex: 10
  solar_lifetime: 20
  carbon_price: 1.0
timeseries_values:
  load_level: 283599.27630870184
  wind_year: 2013
  solar_year: 2015
  price_year: 2023
  carbon_year: 2023
storage_values:
  CAES:
    cost: 36.8378
    lifetime: 26.7637
    annual_cost: 1.3764090914186007
    efficiency: 0.643648
    discharge_ratio: 0.1
    depth_of_discharge: 0.4
  Li-ion:
    cost: 207.74
    lifetime: 19.6446
    annual_cost: 10.574916261975302
    efficiency: 0.863566
    discharge_ratio: 2
    depth_of_discharge: 0.9
  Pb-acid:
    cost: 157.987
    lifetime: 10.4962
    annual_cost: 15.051828280711113
    efficiency: 0.742134
    discharge_ratio: 5
    depth_of_discharge: 0.5
  VRBF:
    cost: 112.427
    lifetime: 20.9086
    annual_cost: 5.377069722506529
    efficiency: 0.775675
    discharge_ratio: 0.5
    depth_of_discharge: 1.0
