cost_values:
  wind_capex: 5000.0
  wind_opex: 100
  wind_lifetime: 20
  solar_capex: 1000.0
  solar_opex: 10
  solar_lifetime: 20
  carbon_price: 1.0
timeseries_values:
  load_level: 283599.27630870184
  wind_year: 2013
  solar_year: 2015
  price_year: 2023
  carbon_year: 2023
storage_values:
  CAES:
    cost: 30.9757
    lifetime: 28.0881
    annual_cost: 1.102805102516724
    efficiency: 0.630108
    discharge_ratio: 0.1
    depth_of_discharge: 0.4
  Li-ion:
    cost: 186.499
    lifetime: 22.4701
    annual_cost: 8.299874054855119
    efficiency: 0.856691
    discharge_ratio: 2
    depth_of_discharge: 0.9
  Pb-acid:
    cost: 161.156
    lifetime: 9.39834
    annual_cost: 17.14728345644018
    efficiency: 0.758122
    discharge_ratio: 5
    depth_of_discharge: 0.5
  VRBF:
    cost: 102.053
    lifetime: 21.0674
    annual_cost: 4.844119350275782
    efficiency: 0.768747
    discharge_ratio: 0.5
    depth_of_discharge: 1.0
