cost_values:
  wind_capex: 5000.0
  wind_opex: 100
  wind_lifetime: 20
  solar_capex: 1000.0
  solar_opex: 10
  solar_lifetime: 20
  carbon_price: 1.0
timeseries_values:
  load_level: 283599.27630870184
  wind_year: 2013
  solar_year: 2015
  price_year: 2023
  carbon_year: 2023
storage_values:
  CAES:
    cost: 36.7769
    lifetime: 26.9647
    annual_cost: 1.3638905680389546
    efficiency: 0.633949
    discharge_ratio: 0.1
    depth_of_discharge: 0.4
  Li-ion:
    cost: 176.886
    lifetime: 24.2064
    annual_cost: 7.307406305770375
    efficiency: 0.860874
    discharge_ratio: 2
    depth_of_discharge: 0.9
  Pb-acid:
    cost: 166.824
    lifetime: 11.6414
    annual_cost: 14.330235195079629
    efficiency: 0.748108
    discharge_ratio: 5
    depth_of_discharge: 0.5
  VRBF:
    cost: 108.94
    lifetime: 21.6022
    annual_cost: 5.043004879132681
    efficiency: 0.784329
    discharge_ratio: 0.5
    depth_of_discharge: 1.0
