cost_values:
  wind_capex: 5000.0
  wind_opex: 100
  wind_lifetime: 20
  solar_capex: 1000.0
  solar_opex: 10
  solar_lifetime: 20
  carbon_price: 1.0
timeseries_values:
  load_level: 283599.27630870184
  wind_year: 2013
  solar_year: 2015
  price_year: 2023
  carbon_year: 2023
storage_values:
  CAES:
    cost: 46.2834
    lifetime: 27.3464
    annual_cost: 1.692486031068075
    efficiency: 0.636549
    discharge_ratio: 0.1
    depth_of_discharge: 0.4
  Li-ion:
    cost: 216.342
    lifetime: 21.3294
    annual_cost: 10.142901347435934
    efficiency: 0.869273
    discharge_ratio: 2
    depth_of_discharge: 0.9
  Pb-acid:
    cost: 166.656
    lifetime: 8.28533
    annual_cost: 20.114588073136495
    efficiency: 0.736042
    discharge_ratio: 5
    depth_of_discharge: 0.5
  VRBF:
    cost: 100.665
    lifetime: 22.9339
    annual_cost: 4.389353751433467
    efficiency: 0.771645
    discharge_ratio: 0.5
    depth_of_discharge: 1.0
