cost_values:
  wind_capex: 5000.0
  wind_opex: 100
  wind_lifetime: 20
  solar_capex: 1000.0
  solar_opex: 10
  solar_lifetime: 20
  carbon_price: 1.0
timeseries_values:
  load_level: 283599.27630870184
  wind_year: 2013
  solar_year: 2015
  price_year: 2023
  carbon_year: 2023
storage_values:
  CAES:
    cost: 42.5208
    lifetime: 26.8114
    annual_cost: 1.5859224061406716
    efficiency: 0.644859
    discharge_ratio: 0.1
    depth_of_discharge: 0.4
  Li-ion:
    cost: 204.746
    lifetime: 24.0917
    annual_cost: 8.498611555016874
    efficiency: 0.85056
    discharge_ratio: 2
    depth_of_discharge: 0.9
  Pb-acid:
    cost: 163.048
    lifetime: 10.0549
    annual_cost: 16.215775393091924
    efficiency: 0.738045
    discharge_ratio: 5
    depth_of_discharge: 0.5
  VRBF:
    cost: 101.151
    lifetime: 22.6568
    annual_cost: 4.464487482786624
    efficiency: 0.806505
    discharge_ratio: 0.5
    depth_of_discharge: 1.0
