cost_values:
  wind_capex: 5000.0
  wind_opex: 100
  wind_lifetime: 20
  solar_capex: 1000.0
  solar_opex: 10
  solar_lifetime: 20
  carbon_price: 1.0
timeseries_values:
  load_level: 283599.27630870184
  wind_year: 2013
  solar_year: 2015
  price_year: 2023
  carbon_year: 2023
storage_values:
  CAES:
    cost: 35.2539
    lifetime: 27.0857
    annual_cost: 1.3015687244560783
    efficiency: 0.630949
    discharge_ratio: 0.1
    depth_of_discharge: 0.4
  Li-ion:
    cost: 184.932
    lifetime: 19.6174
    annual_cost: 9.426937310754738
    efficiency: 0.854045
    discharge_ratio: 2
    depth_of_discharge: 0.9
  Pb-acid:
    cost: 175.38
    lifetime: 8.45908
    annual_cost: 20.732751079313587
    efficiency: 0.768281
    discharge_ratio: 5
    depth_of_discharge: 0.5
  VRBF:
    cost: 125.371
    lifetime: 22.2235
    annual_cost: 5.641370621189281
    efficiency: 0.775521
    discharge_ratio: 0.5
    depth_of_discharge: 1.0
