cost_values:
  wind_capex: 5000.0
  wind_opex: 100
  wind_lifetime: 20
  solar_capex: 1000.0
  solar_opex: 10
  solar_lifetime: 20
  carbon_price: 1.0
timeseries_values:
  load_level: 283599.27630870184
  wind_year: 2013
  solar_year: 2015
  price_year: 2023
  carbon_year: 2023
storage_values:
  CAES:
    cost: 36.0659
    lifetime: 27.3083
    annual_cost: 1.3206937085062052
    efficiency: 0.635434
    discharge_ratio: 0.1
    depth_of_discharge: 0.4
  Li-ion:
    cost: 187.695
    lifetime: 22.9174
    annual_cost: 8.190065190641171
    efficiency: 0.850967
    discharge_ratio: 2
    depth_of_discharge: 0.9
  Pb-acid:
    cost: 141.656
    lifetime: 8.6241
    annual_cost: 16.42559803341798
    efficiency: 0.753032
    discharge_ratio: 5
    depth_of_discharge: 0.5
  VRBF:
    cost: 102.448
    lifetime: 21.8782
    annual_cost: 4.682652137744421
    efficiency: 0.782217
    discharge_ratio: 0.5
    depth_of_discharge: 1.0
