cost_values:
  wind_capex: 5000.0
  wind_opex: 100
  wind_lifetime: 20
  solar_capex: 1000.0
  solar_opex: 10
  solar_lifetime: 20
  carbon_price: 1.0
timeseries_values:
  load_level: 283599.27630870184
  wind_year: 2013
  solar_year: 2015
  price_year: 2023
  carbon_year: 2023
storage_values:
  CAES:
    cost: 36.2927
    lifetime: 27.6518
    annual_cost: 1.312489602846831
    efficiency: 0.634228
    discharge_ratio: 0.1
    depth_of_discharge: 0.4
  Li-ion:
    cost: 187.01
    lifetime: 21.4214
    annual_cost: 8.730054991737235
    efficiency: 0.864991
    discharge_ratio: 2
    depth_of_discharge: 0.9
  Pb-acid:
    cost: 162.008
    lifetime: 12.0688
    annual_cost: 13.423704096513324
    efficiency: 0.774368
    discharge_ratio: 5
    depth_of_discharge: 0.5
  VRBF:
    cost: 115.924
    lifetime: 23.8026
    annual_cost: 4.870224261215161
    efficiency: 0.770331
    discharge_ratio: 0.5
    depth_of_discharge: 1.0
