cost_values:
  wind_capex: 5000.0
  wind_opex: 100
  wind_lifetime: 20
  solar_capex: 1000.0
  solar_opex: 10
  solar_lifetime: 20
  carbon_price: 1.0
timeseries_values:
  load_level: 283599.27630870184
  wind_year: 2013
  solar_year: 2015
  price_year: 2023
  carbon_year: 2023
storage_values:
  CAES:
    cost: 44.1167
    lifetime: 27.5155
    annual_cost: 1.603339935672621
    efficiency: 0.638425
    discharge_ratio: 0.1
    depth_of_discharge: 0.4
  Li-ion:
    cost: 194.004
    lifetime: 20.9154
    annual_cost: 9.275653346338103
    efficiency: 0.873341
    discharge_ratio: 2
    depth_of_discharge: 0.9
  Pb-acid:
    cost: 181.995
    lifetime: 9.73284
    annual_cost: 18.699064199144342
    efficiency: 0.73581
    discharge_ratio: 5
    depth_of_discharge: 0.5
  VRBF:
    cost: 121.759
    lifetime: 22.9642
    annual_cost: 5.3021224340495205
    efficiency: 0.781914
    discharge_ratio: 0.5
    depth_of_discharge: 1.0
