cost_values:
  wind_capex: 5000.0
  wind_opex: 100
  wind_lifetime: 20
  solar_capex: 1000.0
  solar_opex: 10
  solar_lifetime: 20
  carbon_price: 1.0
timeseries_values:
  load_level: 283599.27630870184
  wind_year: 2013
  solar_year: 2015
  price_year: 2023
  carbon_year: 2023
storage_values:
  CAES:
    cost: 34.3283
    lifetime: 28.2315
    annual_cost: 1.2159573526025893
    efficiency: 0.63201
    discharge_ratio: 0.1
    depth_of_discharge: 0.4
  Li-ion:
    cost: 185.921
    lifetime: 22.6599
    annual_cost: 8.204846446806913
    efficiency: 0.868971
    discharge_ratio: 2
    depth_of_discharge: 0.9
  Pb-acid:
    cost: 166.033
    lifetime: 10.1514
    annual_cost: 16.355675079299406
    efficiency: 0.768867
    discharge_ratio: 5
    depth_of_discharge: 0.5
  VRBF:
    cost: 105.361
    lifetime: 22.6851
    annual_cost: 4.644502338539394
    efficiency: 0.799567
    discharge_ratio: 0.5
    depth_of_discharge: 1.0
