cost_values:
  wind_capex: 5000.0
  wind_opex: 100
  wind_lifetime: 20
  solar_capex: 1000.0
  solar_opex: 10
  solar_lifetime: 20
  carbon_price: 1.0
timeseries_values:
  load_level: 283599.27630870184
  wind_year: 2013
  solar_year: 2015
  price_year: 2023
  carbon_year: 2023
storage_values:
  CAES:
    cost: 39.7696
    lifetime: 27.4579
    annual_cost: 1.4483846179059578
    efficiency: 0.630196
    discharge_ratio: 0.1
    depth_of_discharge: 0.4
  Li-ion:
    cost: 191.879
    lifetime: 19.9211
    annual_cost: 9.631948034998068
    efficiency: 0.850479
    discharge_ratio: 2
    depth_of_discharge: 0.9
  Pb-acid:
    cost: 184.009
    lifetime: 9.63583
    annual_cost: 19.096331089278245
    efficiency: 0.758009
    discharge_ratio: 5
    depth_of_discharge: 0.5
  VRBF:
    cost: 102.4
    lifetime: 22.068
    annual_cost: 4.640203008881638
    efficiency: 0.764254
    discharge_ratio: 0.5
    depth_of_discharge: 1.0
