cost_values:
  wind_capex: 5000.0
  wind_opex: 100
  wind_lifetime: 20
  solar_capex: 1000.0
  solar_opex: 10
  solar_lifetime: 20
  carbon_price: 1.0
timeseries_values:
  load_level: 283599.27630870184
  wind_year: 2013
  solar_year: 2015
  price_year: 2023
  carbon_year: 2023
storage_values:
  CAES:
    cost: 33.1411
    lifetime: 27.8328
    annual_cost: 1.1907210198039724
    efficiency: 0.637597
    discharge_ratio: 0.1
    depth_of_discharge: 0.4
  Li-ion:
    cost: 200.155
    lifetime: 23.9783
    annual_cost: 8.347339052393206
    efficiency: 0.858405
    discharge_ratio: 2
    depth_of_discharge: 0.9
  Pb-acid:
    cost: 178.051
    lifetime: 10.3287
    annual_cost: 17.238471443647313
    efficiency: 0.766018
    discharge_ratio: 5
    depth_of_discharge: 0.5
  VRBF:
    cost: 108.14
    lifetime: 22.8233
    annual_cost: 4.738140409143288
    efficiency: 0.781744
    discharge_ratio: 0.5
    depth_of_discharge: 1.0
