cost_values:
  wind_capex: 5000.0
  wind_opex: 100
  wind_lifetime: 20
  solar_capex: 1000.0
  solar_opex: 10
  solar_lifetime: 20
  carbon_price: 1.0
timeseries_values:
  load_level: 283599.27630870184
  wind_year: 2013
  solar_year: 2015
  price_year: 2023
  carbon_year: 2023
storage_values:
  CAES:
    cost: 43.1517
    lifetime: 26.0117
    annual_cost: 1.6589342488188006
    efficiency: 0.640046
    discharge_ratio: 0.1
    depth_of_discharge: 0.4
  Li-ion:
    cost: 207.96
    lifetime: 19.6578
    annual_cost: 10.579006806458505
    efficiency: 0.861724
    discharge_ratio: 2
    depth_of_discharge: 0.9
  Pb-acid:
    cost: 174.009
    lifetime: 10.2301
    annual_cost: 17.00951114847362
    efficiency: 0.760326
    discharge_ratio: 5
    depth_of_discharge: 0.5
  VRBF:
    cost: 104.798
    lifetime: 23.1515
    annual_cost: 4.526618145692504
    efficiency: 0.77865
    discharge_ratio: 0.5
    depth_of_discharge: 1.0
