cost_values:
  wind_capex: 5000.0
  wind_opex: 100
  wind_lifetime: 20
  solar_capex: 1000.0
  solar_opex: 10
  solar_lifetime: 20
  carbon_price: 1.0
timeseries_values:
  load_level: 283599.27630870184
  wind_year: 2013
  solar_year: 2015
  price_year: 2023
  carbon_year: 2023
storage_values:
  CAES:
    cost: 37.5943
    lifetime: 29.5823
    annual_cost: 1.270837629258036
    efficiency: 0.642389
    discharge_ratio: 0.1
    depth_of_discharge: 0.4
  Li-ion:
    cost: 193.769
    lifetime: 23.1581
    annual_cost: 8.36722356324569
    efficiency: 0.854813
    discharge_ratio: 2
    depth_of_discharge: 0.9
  Pb-acid:
    cost: 154.918
    lifetime: 10.6759
    annual_cost: 14.51100141440066
    efficiency: 0.751996
    discharge_ratio: 5
    depth_of_discharge: 0.5
  VRBF:
    cost: 100.651
    lifetime: 20.9726
    annual_cost: 4.799166531569762
    efficiency: 0.750236
    discharge_ratio: 0.5
    depth_of_discharge: 1.0
