cost_values:
  wind_capex: 5000.0
  wind_opex: 100
  wind_lifetime: 20
  solar_capex: 1000.0
  solar_opex: 10
  solar_lifetime: 20
  carbon_price: 1.0
timeseries_values:
  load_level: 283599.27630870184
  wind_year: 2013
  solar_year: 2015
  price_year: 2023
  carbon_year: 2023
storage_values:
  CAES:
    cost: 42.4737
    lifetime: 27.2876
    annual_cost: 1.5565201776631143
    efficiency: 0.642015
    discharge_ratio: 0.1
    depth_of_discharge: 0.4
  Li-ion:
    cost: 195.681
    lifetime: 21.4168
    annual_cost: 9.136799148332152
    efficiency: 0.859906
    discharge_ratio: 2
    depth_of_discharge: 0.9
  Pb-acid:
    cost: 184.619
    lifetime: 10.2627
    annual_cost: 17.989320549173218
    efficiency: 0.767877
    discharge_ratio: 5
    depth_of_discharge: 0.5
  VRBF:
    cost: 107.777
    lifetime: 23.1998
    annual_cost: 4.645600393106837
    efficiency: 0.786406
    discharge_ratio: 0.5
    depth_of_discharge: 1.0
