cost_values:
  wind_capex: 5000.0
  wind_opex: 100
  wind_lifetime: 20
  solar_capex: 1000.0
  solar_opex: 10
  solar_lifetime: 20
  carbon_price: 1.0
timeseries_values:
  load_level: 283599.27630870184
  wind_year: 2013
  solar_year: 2015
  price_year: 2023
  carbon_year: 2023
storage_values:
  CAES:
    cost: 33.8678
    lifetime: 27.9336
    annual_cost: 1.2124394993842542
    efficiency: 0.632347
    discharge_ratio: 0.1
    depth_of_discharge: 0.4
  Li-ion:
    cost: 194.424
    lifetime: 24.3474
    annual_cost: 7.985411173266961
    efficiency: 0.850078
    discharge_ratio: 2
    depth_of_discharge: 0.9
  Pb-acid:
    cost: 182.888
    lifetime: 9.5332
    annual_cost: 19.184324256283304
    efficiency: 0.749181
    discharge_ratio: 5
    depth_of_discharge: 0.5
  VRBF:
    cost: 126.463
    lifetime: 22.2115
    annual_cost: 5.69358215338901
    efficiency: 0.802093
    discharge_ratio: 0.5
    depth_of_discharge: 1.0
