cost_values:
  wind_capex: 5000.0
  wind_opex: 100
  wind_lifetime: 20
  solar_capex: 1000.0
  solar_opex: 10
  solar_lifetime: 20
  carbon_price: 1.0
timeseries_values:
  load_level: 283599.27630870184
  wind_year: 2013
  solar_year: 2015
  price_year: 2023
  carbon_year: 2023
storage_values:
  CAES:
    cost: 40.0833
    lifetime: 27.4639
    annual_cost: 1.4594904583835508
    efficiency: 0.646239
    discharge_ratio: 0.1
    depth_of_discharge: 0.4
  Li-ion:
    cost: 185.395
    lifetime: 21.658
    annual_cost: 8.560116354234001
    efficiency: 0.86329
    discharge_ratio: 2
    depth_of_discharge: 0.9
  Pb-acid:
    cost: 168.256
    lifetime: 10.4003
    annual_cost: 16.177994865532725
    efficiency: 0.760137
    discharge_ratio: 5
    depth_of_discharge: 0.5
  VRBF:
    cost: 117.386
    lifetime: 21.9879
    annual_cost: 5.338663537672993
    efficiency: 0.755133
    discharge_ratio: 0.5
    depth_of_discharge: 1.0
