cost_values:
  wind_capex: 5000.0
  wind_opex: 100
  wind_lifetime: 20
  solar_capex: 1000.0
  solar_opex: 10
  solar_lifetime: 20
  carbon_price: 1.0
timeseries_values:
  load_level: 283599.27630870184
  wind_year: 2013
  solar_year: 2015
  price_year: 2023
  carbon_year: 2023
storage_values:
  CAES:
    cost: 39.7915
    lifetime: 27.5315
    annual_cost: 1.445308101629043
    efficiency: 0.63156
    discharge_ratio: 0.1
    depth_of_discharge: 0.4
  Li-ion:
    cost: 185.604
    lifetime: 21.2257
    annual_cost: 8.744305252594733
    efficiency: 0.870406
    discharge_ratio: 2
    depth_of_discharge: 0.9
  Pb-acid:
    cost: 165.199
    lifetime: 9.41748
    annual_cost: 17.541741527457454
    efficiency: 0.752021
    discharge_ratio: 5
    depth_of_discharge: 0.5
  VRBF:
    cost: 102.158
    lifetime: 19.4704
    annual_cost: 5.246836223190073
    efficiency: 0.78384
    discharge_ratio: 0.5
    depth_of_discharge: 1.0
