cost_values:
  wind_capex: 5000.0
  wind_opex: 100
  wind_lifetime: 20
  solar_capex: 1000.0
  solar_opex: 10
  solar_lifetime: 20
  carbon_price: 1.0
timeseries_values:
  load_level: 283599.27630870184
  wind_year: 2013
  solar_year: 2015
  price_year: 2023
  carbon_year: 2023
storage_values:
  CAES:
    cost: 41.8468
    lifetime: 27.6421
    annual_cost: 1.5138791915230754
    efficiency: 0.640315
    discharge_ratio: 0.1
    depth_of_discharge: 0.4
  Li-ion:
    cost: 190.089
    lifetime: 20.4219
    annual_cost: 9.30809572077035
    efficiency: 0.851854
    discharge_ratio: 2
    depth_of_discharge: 0.9
  Pb-acid:
    cost: 189.294
    lifetime: 10.4891
    annual_cost: 18.046734228866157
    efficiency: 0.755239
    discharge_ratio: 5
    depth_of_discharge: 0.5
  VRBF:
    cost: 107.286
    lifetime: 20.0258
    annual_cost: 5.357388968230982
    efficiency: 0.762413
    discharge_ratio: 0.5
    depth_of_discharge: 1.0
