cost_values:
  wind_capex: 5000.0
  wind_opex: 100
  wind_lifetime: 20
  solar_capex: 1000.0
  solar_opex: 10
  solar_lifetime: 20
  carbon_price: 1.0
timeseries_values:
  load_level: 283599.27630870184
  wind_year: 2013
  solar_year: 2015
  price_year: 2023
  carbon_year: 2023
storage_values:
  CAES:
    cost: 39.0592
    lifetime: 27.6367
    annual_cost: 1.4133091143298584
    efficiency: 0.626856
    discharge_ratio: 0.1
    depth_of_discharge: 0.4
  Li-ion:
    cost: 181.043
    lifetime: 21.7116
    annual_cost: 8.338537924427495
    efficiency: 0.85425
    discharge_ratio: 2
    depth_of_discharge: 0.9
  Pb-acid:
    cost: 176.39
    lifetime: 10.0356
    annual_cost: 17.57642791661684
    efficiency: 0.76196
    discharge_ratio: 5
    depth_of_discharge: 0.5
  VRBF:
    cost: 107.726
    lifetime: 22.1178
    annual_cost: 4.87055674615016
    efficiency: 0.786356
    discharge_ratio: 0.5
    depth_of_discharge: 1.0
