cost_values:
  wind_capex: 5000.0
  wind_opex: 100
  wind_lifetime: 20
  solar_capex: 1000.0
  solar_opex: 10
  solar_lifetime: 20
  carbon_price: 1.0
timeseries_values:
  load_level: 283599.27630870184
  wind_year: 2013
  solar_year: 2015
  price_year: 2023
  carbon_year: 2023
storage_values:
  CAES:
    cost: 34.9799
    lifetime: 27.0349
    annual_cost: 1.2938793929328387
    efficiency: 0.627596
    discharge_ratio: 0.1
    depth_of_discharge: 0.4
  Li-ion:
    cost: 186.607
    lifetime: 21.9699
    annual_cost: 8.493757368035357
    efficiency: 0.854865
    discharge_ratio: 2
    depth_of_discharge: 0.9
  Pb-acid:
    cost: 191.537
    lifetime: 9.72756
    annual_cost: 19.690138123023655
    efficiency: 0.757407
    discharge_ratio: 5
    depth_of_discharge: 0.5
  VRBF:
    cost: 101.554
    lifetime: 22.2052
    annual_cost: 4.5734332498693995
    efficiency: 0.784413
    discharge_ratio: 0.5
    depth_of_discharge: 1.0
