cost_values:
  wind_capex: 5000.0
  wind_opex: 100
  wind_lifetime: 20
  solar_capex: 1000.0
  solar_opex: 10
  solar_lifetime: 20
  carbon_price: 1.0
timeseries_values:
  load_level: 283599.27630870184
  wind_year: 2013
  solar_year: 2015
  price_year: 2023
  carbon_year: 2023
storage_values:
  CAES:
    cost: 33.9045
    lifetime: 27.611
    annual_cost: 1.2279345188511823
    efficiency: 0.641347
    discharge_ratio: 0.1
    depth_of_discharge: 0.4
  Li-ion:
    cost: 205.983
    lifetime: 20.8127
    annual_cost: 9.896985974909551
    efficiency: 0.855171
    discharge_ratio: 2
    depth_of_discharge: 0.9
  Pb-acid:
    cost: 173.383
    lifetime: 9.86348
    annual_cost: 17.57827866027001
    efficiency: 0.75561
    discharge_ratio: 5
    depth_of_discharge: 0.5
  VRBF:
    cost: 102.233
    lifetime: 20.8357
    annual_cost: 4.9066266072174205
    efficiency: 0.800547
    discharge_ratio: 0.5
    depth_of_discharge: 1.0
