cost_values:
  wind_capex: 5000.0
  wind_opex: 100
  wind_lifetime: 20
  solar_capex: 1000.0
  solar_opex: 10
  solar_lifetime: 20
  carbon_price: 1.0
timeseries_values:
  load_level: 283599.27630870184
  wind_year: 2013
  solar_year: 2015
  price_year: 2023
  carbon_year: 2023
storage_values:
  CAES:
    cost: 36.199
    lifetime: 27.314
    annual_cost: 1.3252910595299112
    efficiency: 0.645144
    discharge_ratio: 0.1
    depth_of_discharge: 0.4
  Li-ion:
    cost: 180.809
    lifetime: 21.0733
    annual_cost: 8.580004080993485
    efficiency: 0.858179
    discharge_ratio: 2
    depth_of_discharge: 0.9
  Pb-acid:
    cost: 184.127
    lifetime: 9.83427
    annual_cost: 18.722996216292618
    efficiency: 0.773522
    discharge_ratio: 5
    depth_of_discharge: 0.5
  VRBF:
    cost: 100.297
    lifetime: 22.3966
    annual_cost: 4.478224373342382
    efficiency: 0.772392
    discharge_ratio: 0.5
    depth_of_discharge: 1.0
