cost_values:
  wind_capex: 5000.0
  wind_opex: 100
  wind_lifetime: 20
  solar_capex: 1000.0
  solar_opex: 10
  solar_lifetime: 20
  carbon_price: 1.0
timeseries_values:
  load_level: 283599.27630870184
  wind_year: 2013
  solar_year: 2015
  price_year: 2023
  carbon_year: 2023
storage_values:
  CAES:
    cost: 39.5469
    lifetime: 28.4424
    annual_cost: 1.390420639608472
    efficiency: 0.624071
    discharge_ratio: 0.1
    depth_of_discharge: 0.4
  Li-ion:
    cost: 217.852
    lifetime: 21.7795
    annual_cost: 10.002617139971074
    efficiency: 0.854679
    discharge_ratio: 2
    depth_of_discharge: 0.9
  Pb-acid:
    cost: 185.581
    lifetime: 10.5193
    annual_cost: 17.641953361915718
    efficiency: 0.761418
    discharge_ratio: 5
    depth_of_discharge: 0.5
  VRBF:
    cost: 107.629
    lifetime: 24.231
    annual_cost: 4.441789443275144
    efficiency: 0.766691
    discharge_ratio: 0.5
    depth_of_discharge: 1.0
