cost_values:
  wind_capex: 5000.0
  wind_opex: 100
  wind_lifetime: 20
  solar_capex: 1000.0
  solar_opex: 10
  solar_lifetime: 20
  carbon_price: 1.0
timeseries_values:
  load_level: 283599.27630870184
  wind_year: 2013
  solar_year: 2015
  price_year: 2023
  carbon_year: 2023
storage_values:
  CAES:
    cost: 41.3356
    lifetime: 27.5566
    annual_cost: 1.5000254022629786
    efficiency: 0.641374
    discharge_ratio: 0.1
    depth_of_discharge: 0.4
  Li-ion:
    cost: 183.78
    lifetime: 22.9346
    annual_cost: 8.01322020004709
    efficiency: 0.859963
    discharge_ratio: 2
    depth_of_discharge: 0.9
  Pb-acid:
    cost: 158.157
    lifetime: 9.25736
    annual_cost: 17.08446036450997
    efficiency: 0.766133
    discharge_ratio: 5
    depth_of_discharge: 0.5
  VRBF:
    cost: 126.021
    lifetime: 22.4333
    annual_cost: 5.617586355997558
    efficiency: 0.764948
    discharge_ratio: 0.5
    depth_of_discharge: 1.0
