cost_values:
  wind_capex: 5000.0
  wind_opex: 100
  wind_lifetime: 20
  solar_capex: 1000.0
  solar_opex: 10
  solar_lifetime: 20
  carbon_price: 1.0
timeseries_values:
  load_level: 283599.27630870184
  wind_year: 2013
  solar_year: 2015
  price_year: 2023
  carbon_year: 2023
storage_values:
  CAES:
    cost: 39.5828
    lifetime: 28.0154
    annual_cost: 1.4128943366862512
    efficiency: 0.641502
    discharge_ratio: 0.1
    depth_of_discharge: 0.4
  Li-ion:
    cost: 208.906
    lifetime: 22.2932
    annual_cost: 9.370839538513987
    efficiency: 0.861397
    discharge_ratio: 2
    depth_of_discharge: 0.9
  Pb-acid:
    cost: 163.321
    lifetime: 8.93316
    annual_cost: 18.282556228702944
    efficiency: 0.777121
    discharge_ratio: 5
    depth_of_discharge: 0.5
  VRBF:
    cost: 117.473
    lifetime: 20.0921
    annual_cost: 5.846725827564068
    efficiency: 0.758859
    discharge_ratio: 0.5
    depth_of_discharge: 1.0
