cost_values:
  wind_capex: 5000.0
  wind_opex: 100
  wind_lifetime: 20
  solar_capex: 1000.0
  solar_opex: 10
  solar_lifetime: 20
  carbon_price: 1.0
timeseries_values:
  load_level: 283599.27630870184
  wind_year: 2013
  solar_year: 2015
  price_year: 2023
  carbon_year: 2023
storage_values:
  CAES:
    cost: 40.5541
    lifetime: 27.5783
    annual_cost: 1.4705076092434994
    efficiency: 0.634775
    discharge_ratio: 0.1
    depth_of_discharge: 0.4
  Li-ion:
    cost: 199.935
    lifetime: 21.9077
    annual_cost: 9.12624328432469
    efficiency: 0.855063
    discharge_ratio: 2
    depth_of_discharge: 0.9
  Pb-acid:
    cost: 175.645
    lifetime: 10.1261
    annual_cost: 17.345769842288743
    efficiency: 0.747449
    discharge_ratio: 5
    depth_of_discharge: 0.5
  VRBF:
    cost: 110.432
    lifetime: 21.2757
    annual_cost: 5.190522520998134
    efficiency: 0.778863
    discharge_ratio: 0.5
    depth_of_discharge: 1.0
