cost_values:
  wind_capex: 5000.0
  wind_opex: 100
  wind_lifetime: 20
  solar_capex: 1000.0
  solar_opex: 10
  solar_lifetime: 20
  carbon_price: 1.0
timeseries_values:
  load_level: 283599.27630870184
  wind_year: 2013
  solar_year: 2015
  price_year: 2023
  carbon_year: 2023
storage_values:
  CAES:
    cost: 41.1591
    lifetime: 27.6785
    annual_cost: 1.4870422891413915
    efficiency: 0.634777
    discharge_ratio: 0.1
    depth_of_discharge: 0.4
  Li-ion:
    cost: 196.653
    lifetime: 20.1608
    annual_cost: 9.754226022776875
    efficiency: 0.862954
    discharge_ratio: 2
    depth_of_discharge: 0.9
  Pb-acid:
    cost: 187.085
    lifetime: 8.91229
    annual_cost: 20.99179896524911
    efficiency: 0.767156
    discharge_ratio: 5
    depth_of_discharge: 0.5
  VRBF:
    cost: 106.796
    lifetime: 22.7976
    annual_cost: 4.684528195950452
    efficiency: 0.764128
    discharge_ratio: 0.5
    depth_of_discharge: 1.0
