cost_values:
  wind_capex: 5000.0
  wind_opex: 100
  wind_lifetime: 20
  solar_capex: 1000.0
  solar_opex: 10
  solar_lifetime: 20
  carbon_price: 1.0
timeseries_values:
  load_level: 283599.27630870184
  wind_year: 2013
  solar_year: 2015
  price_year: 2023
  carbon_year: 2023
storage_values:
  CAES:
    cost: 34.5062
    lifetime: 27.4122
    annual_cost: 1.2587898818774124
    efficiency: 0.642906
    discharge_ratio: 0.1
    depth_of_discharge: 0.4
  Li-ion:
    cost: 171.241
    lifetime: 21.9775
    annual_cost: 7.791650551700604
    efficiency: 0.872188
    discharge_ratio: 2
    depth_of_discharge: 0.9
  Pb-acid:
    cost: 167.522
    lifetime: 9.30683
    annual_cost: 17.999898998907256
    efficiency: 0.739307
    discharge_ratio: 5
    depth_of_discharge: 0.5
  VRBF:
    cost: 100.819
    lifetime: 22.4422
    annual_cost: 4.492384882052562
    efficiency: 0.769321
    discharge_ratio: 0.5
    depth_of_discharge: 1.0
