cost_values:
  wind_capex: 5000.0
  wind_opex: 100
  wind_lifetime: 20
  solar_capex: 1000.0
  solar_opex: 10
  solar_lifetime: 20
  carbon_price: 1.0
timeseries_values:
  load_level: 283599.27630870184
  wind_year: 2013
  solar_year: 2015
  price_year: 2023
  carbon_year: 2023
storage_values:
  CAES:
    cost: 31.6757
    lifetime: 28.7768
    annual_cost: 1.1007373995718772
    efficiency: 0.633345
    discharge_ratio: 0.1
    depth_of_discharge: 0.4
  Li-ion:
    cost: 176.758
    lifetime: 21.1463
    annual_cost: 8.35881454438838
    efficiency: 0.873905
    discharge_ratio: 2
    depth_of_discharge: 0.9
  Pb-acid:
    cost: 165.431
    lifetime: 9.41101
    annual_cost: 17.57845332222578
    efficiency: 0.760965
    discharge_ratio: 5
    depth_of_discharge: 0.5
  VRBF:
    cost: 123.866
    lifetime: 20.5009
    annual_cost: 6.041978644839983
    efficiency: 0.776426
    discharge_ratio: 0.5
    depth_of_discharge: 1.0
