cost_values:
  wind_capex: 5000.0
  wind_opex: 100
  wind_lifetime: 20
  solar_capex: 1000.0
  solar_opex: 10
  solar_lifetime: 20
  carbon_price: 1.0
timeseries_values:
  load_level: 283599.27630870184
  wind_year: 2013
  solar_year: 2015
  price_year: 2023
  carbon_year: 2023
storage_values:
  CAES:
    cost: 36.6228
    lifetime: 27.0548
    annual_cost: 1.3536525866020077
    efficiency: 0.642167
    discharge_ratio: 0.1
    depth_of_discharge: 0.4
  Li-ion:
    cost: 206.924
    lifetime: 22.0019
    annual_cost: 9.404824128825238
    efficiency: 0.850492
    discharge_ratio: 2
    depth_of_discharge: 0.9
  Pb-acid:
    cost: 181.522
    lifetime: 11.4937
    annual_cost: 15.793173651652642
    efficiency: 0.753779
    discharge_ratio: 5
    depth_of_discharge: 0.5
  VRBF:
    cost: 119.586
    lifetime: 22.1103
    annual_cost: 5.408610466615107
    efficiency: 0.776006
    discharge_ratio: 0.5
    depth_of_discharge: 1.0
