cost_values:
  wind_capex: 5000.0
  wind_opex: 100
  wind_lifetime: 20
  solar_capex: 1000.0
  solar_opex: 10
  solar_lifetime: 20
  carbon_price: 1.0
timeseries_values:
  load_level: 283599.27630870184
  wind_year: 2013
  solar_year: 2015
  price_year: 2023
  carbon_year: 2023
storage_values:
  CAES:
    cost: 39.3549
    lifetime: 26.9047
    annual_cost: 1.4627518611989727
    efficiency: 0.634719
    discharge_ratio: 0.1
    depth_of_discharge: 0.4
  Li-ion:
    cost: 221.946
    lifetime: 22.1664
    annual_cost: 10.012721957557384
    efficiency: 0.858598
    discharge_ratio: 2
    depth_of_discharge: 0.9
  Pb-acid:
    cost: 177.124
    lifetime: 9.61628
    annual_cost: 18.419180805883357
    efficiency: 0.746448
    discharge_ratio: 5
    depth_of_discharge: 0.5
  VRBF:
    cost: 102.311
    lifetime: 24.4938
    annual_cost: 4.177016224513959
    efficiency: 0.774314
    discharge_ratio: 0.5
    depth_of_discharge: 1.0
