cost_values:
  wind_capex: 5000.0
  wind_opex: 100
  wind_lifetime: 20
  solar_capex: 1000.0
  solar_opex: 10
  solar_lifetime: 20
  carbon_price: 1.0
timeseries_values:
  load_level: 283599.27630870184
  wind_year: 2013
  solar_year: 2015
  price_year: 2023
  carbon_year: 2023
storage_values:
  CAES:
    cost: 38.5962
    lifetime: 27.0484
    annual_cost: 1.4269309829786605
    efficiency: 0.647548
    discharge_ratio: 0.1
    depth_of_discharge: 0.4
  Li-ion:
    cost: 190.342
    lifetime: 23.2409
    annual_cost: 8.18995822020662
    efficiency: 0.853646
    discharge_ratio: 2
    depth_of_discharge: 0.9
  Pb-acid:
    cost: 179.763
    lifetime: 8.14318
    annual_cost: 22.075282629144883
    efficiency: 0.759568
    discharge_ratio: 5
    depth_of_discharge: 0.5
  VRBF:
    cost: 107.109
    lifetime: 21.9639
    annual_cost: 4.876592954803109
    efficiency: 0.792158
    discharge_ratio: 0.5
    depth_of_discharge: 1.0
