cost_values:
  wind_capex: 5000.0
  wind_opex: 100
  wind_lifetime: 20
  solar_capex: 1000.0
  solar_opex: 10
  solar_lifetime: 20
  carbon_price: 1.0
timeseries_values:
  load_level: 283599.27630870184
  wind_year: 2013
  solar_year: 2015
  price_year: 2023
  carbon_year: 2023
storage_values:
  CAES:
    cost: 43.9066
    lifetime: 27.1807
    annual_cost: 1.615359427829305
    efficiency: 0.63677
    discharge_ratio: 0.1
    depth_of_discharge: 0.4
  Li-ion:
    cost: 180.61
    lifetime: 18.6237
    annual_cost: 9.6978581055322
    efficiency: 0.87164
    discharge_ratio: 2
    depth_of_discharge: 0.9
  Pb-acid:
    cost: 173.072
    lifetime: 7.77311
    annual_cost: 22.26547675254821
    efficiency: 0.753728
    discharge_ratio: 5
    depth_of_discharge: 0.5
  VRBF:
    cost: 100.707
    lifetime: 23.9359
    annual_cost: 4.207362163110641
    efficiency: 0.781988
    discharge_ratio: 0.5
    depth_of_discharge: 1.0
