cost_values:
  wind_capex: 5000.0
  wind_opex: 100
  wind_lifetime: 20
  solar_capex: 1000.0
  solar_opex: 10
  solar_lifetime: 20
  carbon_price: 1.0
timeseries_values:
  load_level: 283599.27630870184
  wind_year: 2013
  solar_year: 2015
  price_year: 2023
  carbon_year: 2023
storage_values:
  CAES:
    cost: 39.9599
    lifetime: 27.479
    annual_cost: 1.454197751009862
    efficiency: 0.647737
    discharge_ratio: 0.1
    depth_of_discharge: 0.4
  Li-ion:
    cost: 202.109
    lifetime: 23.5479
    annual_cost: 8.582888495364768
    efficiency: 0.863165
    discharge_ratio: 2
    depth_of_discharge: 0.9
  Pb-acid:
    cost: 175.719
    lifetime: 8.94701
    annual_cost: 19.639969106997754
    efficiency: 0.748264
    discharge_ratio: 5
    depth_of_discharge: 0.5
  VRBF:
    cost: 102.184
    lifetime: 21.8816
    annual_cost: 4.669859608072536
    efficiency: 0.775834
    discharge_ratio: 0.5
    depth_of_discharge: 1.0
