cost_values:
  wind_capex: 5000.0
  wind_opex: 100
  wind_lifetime: 20
  solar_capex: 1000.0
  solar_opex: 10
  solar_lifetime: 20
  carbon_price: 1.0
timeseries_values:
  load_level: 283599.27630870184
  wind_year: 2013
  solar_year: 2015
  price_year: 2023
  carbon_year: 2023
storage_values:
  CAES:
    cost: 41.5071
    lifetime: 27.3508
    annual_cost: 1.5175826666861665
    efficiency: 0.631051
    discharge_ratio: 0.1
    depth_of_discharge: 0.4
  Li-ion:
    cost: 166.622
    lifetime: 23.6235
    annual_cost: 7.0532308929667495
    efficiency: 0.851538
    discharge_ratio: 2
    depth_of_discharge: 0.9
  Pb-acid:
    cost: 152.967
    lifetime: 8.68147
    annual_cost: 17.619942244804168
    efficiency: 0.763808
    discharge_ratio: 5
    depth_of_discharge: 0.5
  VRBF:
    cost: 101.956
    lifetime: 23.0399
    annual_cost: 4.425192817677161
    efficiency: 0.773257
    discharge_ratio: 0.5
    depth_of_discharge: 1.0
