cost_values:
  wind_capex: 5000.0
  wind_opex: 100
  wind_lifetime: 20
  solar_capex: 1000.0
  solar_opex: 10
  solar_lifetime: 20
  carbon_price: 1.0
timeseries_values:
  load_level: 283599.27630870184
  wind_year: 2013
  solar_year: 2015
  price_year: 2023
  carbon_year: 2023
storage_values:
  CAES:
    cost: 41.8843
    lifetime: 27.133
    annual_cost: 1.543666384107913
    efficiency: 0.637232
    discharge_ratio: 0.1
    depth_of_discharge: 0.4
  Li-ion:
    cost: 194.083
    lifetime: 20.971
    annual_cost: 9.254828095942015
    efficiency: 0.853101
    discharge_ratio: 2
    depth_of_discharge: 0.9
  Pb-acid:
    cost: 192.54
    lifetime: 11.8278
    annual_cost: 16.278597879571855
    efficiency: 0.752646
    discharge_ratio: 5
    depth_of_discharge: 0.5
  VRBF:
    cost: 105.695
    lifetime: 24.9131
    annual_cost: 4.242547093697693
    efficiency: 0.779133
    discharge_ratio: 0.5
    depth_of_discharge: 1.0
