cost_values:
  wind_capex: 5000.0
  wind_opex: 100
  wind_lifetime: 20
  solar_capex: 1000.0
  solar_opex: 10
  solar_lifetime: 20
  carbon_price: 1.0
timeseries_values:
  load_level: 283599.27630870184
  wind_year: 2013
  solar_year: 2015
  price_year: 2023
  carbon_year: 2023
storage_values:
  CAES:
    cost: 42.3072
    lifetime: 27.8
    annual_cost: 1.521841726618705
    efficiency: 0.63562
    discharge_ratio: 0.1
    depth_of_discharge: 0.4
  Li-ion:
    cost: 177.282
    lifetime: 22.4982
    annual_cost: 7.879830386430915
    efficiency: 0.868926
    discharge_ratio: 2
    depth_of_discharge: 0.9
  Pb-acid:
    cost: 150.218
    lifetime: 9.6097
    annual_cost: 15.631913587312818
    efficiency: 0.760723
    discharge_ratio: 5
    depth_of_discharge: 0.5
  VRBF:
    cost: 114.825
    lifetime: 23.4988
    annual_cost: 4.886419732071425
    efficiency: 0.776941
    discharge_ratio: 0.5
    depth_of_discharge: 1.0
