cost_values:
  wind_capex: 5000.0
  wind_opex: 100
  wind_lifetime: 20
  solar_capex: 1000.0
  solar_opex: 10
  solar_lifetime: 20
  carbon_price: 1.0
timeseries_values:
  load_level: 283599.27630870184
  wind_year: 2013
  solar_year: 2015
  price_year: 2023
  carbon_year: 2023
storage_values:
  CAES:
    cost: 37.0689
    lifetime: 27.3541
    annual_cost: 1.3551496850563536
    efficiency: 0.632935
    discharge_ratio: 0.1
    depth_of_discharge: 0.4
  Li-ion:
    cost: 191.432
    lifetime: 23.6793
    annual_cost: 8.084360601875899
    efficiency: 0.875694
    discharge_ratio: 2
    depth_of_discharge: 0.9
  Pb-acid:
    cost: 177.105
    lifetime: 9.05967
    annual_cost: 19.5487252846958
    efficiency: 0.770857
    discharge_ratio: 5
    depth_of_discharge: 0.5
  VRBF:
    cost: 107.651
    lifetime: 22.4173
    annual_cost: 4.8021394191093485
    efficiency: 0.767168
    discharge_ratio: 0.5
    depth_of_discharge: 1.0
