cost_values:
  wind_capex: 5000.0
  wind_opex: 100
  wind_lifetime: 20
  solar_capex: 1000.0
  solar_opex: 10
  solar_lifetime: 20
  carbon_price: 1.0
timeseries_values:
  load_level: 283599.27630870184
  wind_year: 2013
  solar_year: 2015
  price_year: 2023
  carbon_year: 2023
storage_values:
  CAES:
    cost: 46.3343
    lifetime: 27.2523
    annual_cost: 1.7001977814716553
    efficiency: 0.634527
    discharge_ratio: 0.1
    depth_of_discharge: 0.4
  Li-ion:
    cost: 182.803
    lifetime: 23.5241
    annual_cost: 7.770881776561058
    efficiency: 0.8651
    discharge_ratio: 2
    depth_of_discharge: 0.9
  Pb-acid:
    cost: 186.098
    lifetime: 10.3231
    annual_cost: 18.027336749619785
    efficiency: 0.758803
    discharge_ratio: 5
    depth_of_discharge: 0.5
  VRBF:
    cost: 112.897
    lifetime: 20.4538
    annual_cost: 5.519610048010638
    efficiency: 0.77152
    discharge_ratio: 0.5
    depth_of_discharge: 1.0
