cost_values:
  wind_capex: 5000.0
  wind_opex: 100
  wind_lifetime: 20
  solar_capex: 1000.0
  solar_opex: 10
  solar_lifetime: 20
  carbon_price: 1.0
timeseries_values:
  load_level: 283599.27630870184
  wind_year: 2013
  solar_year: 2015
  price_year: 2023
  carbon_year: 2023
storage_values:
  CAES:
    cost: 32.3397
    lifetime: 28.5911
    annual_cost: 1.1311107302622145
    efficiency: 0.642821
    discharge_ratio: 0.1
    depth_of_discharge: 0.4
  Li-ion:
    cost: 176.111
    lifetime: 20.8804
    annual_cost: 8.43427328978372
    efficiency: 0.866239
    discharge_ratio: 2
    depth_of_discharge: 0.9
  Pb-acid:
    cost: 184.042
    lifetime: 9.12106
    annual_cost: 20.177698644675072
    efficiency: 0.746929
    discharge_ratio: 5
    depth_of_discharge: 0.5
  VRBF:
    cost: 100.282
    lifetime: 21.7269
    annual_cost: 4.6155687189612875
    efficiency: 0.754366
    discharge_ratio: 0.5
    depth_of_discharge: 1.0
