cost_values:
  wind_capex: 5000.0
  wind_opex: 100
  wind_lifetime: 20
  solar_capex: 1000.0
  solar_opex: 10
  solar_lifetime: 20
  carbon_price: 1.0
timeseries_values:
  load_level: 283599.27630870184
  wind_year: 2013
  solar_year: 2015
  price_year: 2023
  carbon_year: 2023
storage_values:
  CAES:
    cost: 44.5145
    lifetime: 27.9447
    annual_cost: 1.5929496469813595
    efficiency: 0.646063
    discharge_ratio: 0.1
    depth_of_discharge: 0.4
  Li-ion:
    cost: 189.281
    lifetime: 20.1194
    annual_cost: 9.407884926985895
    efficiency: 0.852523
    discharge_ratio: 2
    depth_of_discharge: 0.9
  Pb-acid:
    cost: 157.93
    lifetime: 10.439
    annual_cost: 15.128843758980747
    efficiency: 0.771173
    discharge_ratio: 5
    depth_of_discharge: 0.5
  VRBF:
    cost: 102.989
    lifetime: 22.6037
    annual_cost: 4.5562894570357955
    efficiency: 0.776392
    discharge_ratio: 0.5
    depth_of_discharge: 1.0
