cost_values:
  wind_capex: 5000.0
  wind_opex: 100
  wind_lifetime: 20
  solar_capex: 1000.0
  solar_opex: 10
  solar_lifetime: 20
  carbon_price: 1.0
timeseries_values:
  load_level: 251380.34558391193
  wind_year: 2013
  solar_year: 2018
  price_year: 2023
  carbon_year: 2023
storage_values:
  CAES:
    cost: 61.0233
    lifetime: 24.4473
    annual_cost: 2.4961161355241686
    efficiency: 0.608847
    discharge_ratio: 0.1
    depth_of_discharge: 0.4
  Li-ion:
    cost: 135.144
    lifetime: 19.5468
    annual_cost: 6.913868254650377
    efficiency: 0.932811
    discharge_ratio: 2
    depth_of_discharge: 0.9
  Pb-acid:
    cost: 123.979
    lifetime: 15.7799
    annual_cost: 7.856767153150527
    efficiency: 0.71804
    discharge_ratio: 5
    depth_of_discharge: 0.5
  VRBF:
    cost: 168.24
    lifetime: 24.4674
    annual_cost: 6.876088182643027
    efficiency: 0.751825
    discharge_ratio: 0.5
    depth_of_discharge: 1.0
