cost_values:
  wind_capex: 5000.0
  wind_opex: 100
  wind_lifetime: 20
  solar_capex: 1000.0
  solar_opex: 10
  solar_lifetime: 20
  carbon_price: 1.0
timeseries_values:
  load_level: 251380.34558391193
  wind_year: 2013
  solar_year: 2018
  price_year: 2023
  carbon_year: 2023
storage_values:
  CAES:
    cost: 66.0789
    lifetime: 23.4726
    annual_cost: 2.8151504307149615
    efficiency: 0.613146
    discharge_ratio: 0.1
    depth_of_discharge: 0.4
  Li-ion:
    cost: 198.194
    lifetime: 20.4273
    annual_cost: 9.702408051969668
    efficiency: 0.932908
    discharge_ratio: 2
    depth_of_discharge: 0.9
  Pb-acid:
    cost: 115.93
    lifetime: 14.1459
    annual_cost: 8.195307474250491
    efficiency: 0.725992
    discharge_ratio: 5
    depth_of_discharge: 0.5
  VRBF:
    cost: 180.52
    lifetime: 25.4549
    annual_cost: 7.091758364794205
    efficiency: 0.740324
    discharge_ratio: 0.5
    depth_of_discharge: 1.0
