cost_values:
  wind_capex: 5000.0
  wind_opex: 100
  wind_lifetime: 20
  solar_capex: 1000.0
  solar_opex: 10
  solar_lifetime: 20
  carbon_price: 1.0
timeseries_values:
  load_level: 251380.34558391193
  wind_year: 2013
  solar_year: 2018
  price_year: 2023
  carbon_year: 2023
storage_values:
  CAES:
    cost: 64.6058
    lifetime: 25.1044
    annual_cost: 2.573485126113351
    efficiency: 0.617352
    discharge_ratio: 0.1
    depth_of_discharge: 0.4
  Li-ion:
    cost: 155.7
    lifetime: 17.9633
    annual_cost: 8.667672420991687
    efficiency: 0.935745
    discharge_ratio: 2
    depth_of_discharge: 0.9
  Pb-acid:
    cost: 127.877
    lifetime: 16.5052
    annual_cost: 7.747679519181834
    efficiency: 0.720723
    discharge_ratio: 5
    depth_of_discharge: 0.5
  VRBF:
    cost: 196.083
    lifetime: 26.5593
    annual_cost: 7.382837650088669
    efficiency: 0.75707
    discharge_ratio: 0.5
    depth_of_discharge: 1.0
