cost_values:
  wind_capex: 5000.0
  wind_opex: 100
  wind_lifetime: 20
  solar_capex: 1000.0
  solar_opex: 10
  solar_lifetime: 20
  carbon_price: 1.0
timeseries_values:
  load_level: 251380.34558391193
  wind_year: 2013
  solar_year: 2018
  price_year: 2023
  carbon_year: 2023
storage_values:
  CAES:
    cost: 67.9415
    lifetime: 24.6938
    annual_cost: 2.7513586406304418
    efficiency: 0.617824
    discharge_ratio: 0.1
    depth_of_discharge: 0.4
  Li-ion:
    cost: 175.109
    lifetime: 18.0411
    annual_cost: 9.70611548076337
    efficiency: 0.926241
    discharge_ratio: 2
    depth_of_discharge: 0.9
  Pb-acid:
    cost: 141.667
    lifetime: 15.1055
    annual_cost: 9.37850451822184
    efficiency: 0.712611
    discharge_ratio: 5
    depth_of_discharge: 0.5
  VRBF:
    cost: 203.946
    lifetime: 24.9008
    annual_cost: 8.190339266208314
    efficiency: 0.736826
    discharge_ratio: 0.5
    depth_of_discharge: 1.0
