cost_values:
  wind_capex: 5000.0
  wind_opex: 100
  wind_lifetime: 20
  solar_capex: 1000.0
  solar_opex: 10
  solar_lifetime: 20
  carbon_price: 1.0
timeseries_values:
  load_level: 251380.34558391193
  wind_year: 2013
  solar_year: 2018
  price_year: 2023
  carbon_year: 2023
storage_values:
  CAES:
    cost: 67.4271
    lifetime: 23.4105
    annual_cost: 2.8802075991542258
    efficiency: 0.608898
    discharge_ratio: 0.1
    depth_of_discharge: 0.4
  Li-ion:
    cost: 137.02
    lifetime: 19.662
    annual_cost: 6.968772251042621
    efficiency: 0.933147
    discharge_ratio: 2
    depth_of_discharge: 0.9
  Pb-acid:
    cost: 143.451
    lifetime: 13.4487
    annual_cost: 10.666532824733988
    efficiency: 0.724585
    discharge_ratio: 5
    depth_of_discharge: 0.5
  VRBF:
    cost: 195.95
    lifetime: 25.3806
    annual_cost: 7.7204636612215625
    efficiency: 0.759014
    discharge_ratio: 0.5
    depth_of_discharge: 1.0
