cost_values:
  wind_capex: 5000.0
  wind_opex: 100
  wind_lifetime: 20
  solar_capex: 1000.0
  solar_opex: 10
  solar_lifetime: 20
  carbon_price: 1.0
timeseries_values:
  load_level: 251380.34558391193
  wind_year: 2013
  solar_year: 2018
  price_year: 2023
  carbon_year: 2023
storage_values:
  CAES:
    cost: 72.3003
    lifetime: 24.1514
    annual_cost: 2.993627698601323
    efficiency: 0.615605
    discharge_ratio: 0.1
    depth_of_discharge: 0.4
  Li-ion:
    cost: 162.423
    lifetime: 18.0972
    annual_cost: 8.975034812015117
    efficiency: 0.922579
    discharge_ratio: 2
    depth_of_discharge: 0.9
  Pb-acid:
    cost: 132.187
    lifetime: 16.0635
    annual_cost: 8.229028542970088
    efficiency: 0.730268
    discharge_ratio: 5
    depth_of_discharge: 0.5
  VRBF:
    cost: 195.62
    lifetime: 25.4584
    annual_cost: 7.683907865380385
    efficiency: 0.74463
    discharge_ratio: 0.5
    depth_of_discharge: 1.0
