cost_values:
  wind_capex: 5000.0
  wind_opex: 100
  wind_lifetime: 20
  solar_capex: 1000.0
  solar_opex: 10
  solar_lifetime: 20
  carbon_price: 1.0
timeseries_values:
  load_level: 251380.34558391193
  wind_year: 2013
  solar_year: 2018
  price_year: 2023
  carbon_year: 2023
storage_values:
  CAES:
    cost: 61.1477
    lifetime: 24.2299
    annual_cost: 2.523646403823375
    efficiency: 0.621605
    discharge_ratio: 0.1
    depth_of_discharge: 0.4
  Li-ion:
    cost: 160.839
    lifetime: 19.2226
    annual_cost: 8.367182379074631
    efficiency: 0.930584
    discharge_ratio: 2
    depth_of_discharge: 0.9
  Pb-acid:
    cost: 139.288
    lifetime: 15.8896
    annual_cost: 8.765985298560066
    efficiency: 0.72207
    discharge_ratio: 5
    depth_of_discharge: 0.5
  VRBF:
    cost: 155.276
    lifetime: 24.3949
    annual_cost: 6.365100902237764
    efficiency: 0.763217
    discharge_ratio: 0.5
    depth_of_discharge: 1.0
