cost_values:
  wind_capex: 5000.0
  wind_opex: 100
  wind_lifetime: 20
  solar_capex: 1000.0
  solar_opex: 10
  solar_lifetime: 20
  carbon_price: 1.0
timeseries_values:
  load_level: 251380.34558391193
  wind_year: 2013
  solar_year: 2018
  price_year: 2023
  carbon_year: 2023
storage_values:
  CAES:
    cost: 66.4467
    lifetime: 24.1409
    annual_cost: 2.752453305386295
    efficiency: 0.608022
    discharge_ratio: 0.1
    depth_of_discharge: 0.4
  Li-ion:
    cost: 196.65
    lifetime: 16.9158
    annual_cost: 11.625226119958855
    efficiency: 0.926017
    discharge_ratio: 2
    depth_of_discharge: 0.9
  Pb-acid:
    cost: 126.491
    lifetime: 14.5611
    annual_cost: 8.686912389860657
    efficiency: 0.719224
    discharge_ratio: 5
    depth_of_discharge: 0.5
  VRBF:
    cost: 175.03
    lifetime: 25.6934
    annual_cost: 6.812255287350059
    efficiency: 0.766676
    discharge_ratio: 0.5
    depth_of_discharge: 1.0
