cost_values:
  wind_capex: 5000.0
  wind_opex: 100
  wind_lifetime: 20
  solar_capex: 1000.0
  solar_opex: 10
  solar_lifetime: 20
  carbon_price: 1.0
timeseries_values:
  load_level: 251380.34558391193
  wind_year: 2013
  solar_year: 2018
  price_year: 2023
  carbon_year: 2023
storage_values:
  CAES:
    cost: 66.0381
    lifetime: 24.6521
    annual_cost: 2.6788022115762957
    efficiency: 0.611849
    discharge_ratio: 0.1
    depth_of_discharge: 0.4
  Li-ion:
    cost: 158.058
    lifetime: 19.0492
    annual_cost: 8.297356319425488
    efficiency: 0.933305
    discharge_ratio: 2
    depth_of_discharge: 0.9
  Pb-acid:
    cost: 146.951
    lifetime: 14.4778
    annual_cost: 10.150091864786086
    efficiency: 0.723371
    discharge_ratio: 5
    depth_of_discharge: 0.5
  VRBF:
    cost: 164.344
    lifetime: 25.5548
    annual_cost: 6.431042309076964
    efficiency: 0.744109
    discharge_ratio: 0.5
    depth_of_discharge: 1.0
