cost_values:
  wind_capex: 5000.0
  wind_opex: 100
  wind_lifetime: 20
  solar_capex: 1000.0
  solar_opex: 10
  solar_lifetime: 20
  carbon_price: 1.0
timeseries_values:
  load_level: 251380.34558391193
  wind_year: 2013
  solar_year: 2018
  price_year: 2023
  carbon_year: 2023
storage_values:
  CAES:
    cost: 57.0427
    lifetime: 23.351
    annual_cost: 2.442837565843005
    efficiency: 0.603307
    discharge_ratio: 0.1
    depth_of_discharge: 0.4
  Li-ion:
    cost: 177.822
    lifetime: 19.6325
    annual_cost: 9.057532153317204
    efficiency: 0.916146
    discharge_ratio: 2
    depth_of_discharge: 0.9
  Pb-acid:
    cost: 115.577
    lifetime: 15.9818
    annual_cost: 7.231788659600295
    efficiency: 0.708961
    discharge_ratio: 5
    depth_of_discharge: 0.5
  VRBF:
    cost: 203.263
    lifetime: 24.2326
    annual_cost: 8.387997986183901
    efficiency: 0.737573
    discharge_ratio: 0.5
    depth_of_discharge: 1.0
