cost_values:
  wind_capex: 5000.0
  wind_opex: 100
  wind_lifetime: 20
  solar_capex: 1000.0
  solar_opex: 10
  solar_lifetime: 20
  carbon_price: 1.0
timeseries_values:
  load_level: 251380.34558391193
  wind_year: 2013
  solar_year: 2018
  price_year: 2023
  carbon_year: 2023
storage_values:
  CAES:
    cost: 67.8275
    lifetime: 24.1377
    annual_cost: 2.8100233245089634
    efficiency: 0.605328
    discharge_ratio: 0.1
    depth_of_discharge: 0.4
  Li-ion:
    cost: 168.076
    lifetime: 19.0439
    annual_cost: 8.825713220506303
    efficiency: 0.942548
    discharge_ratio: 2
    depth_of_discharge: 0.9
  Pb-acid:
    cost: 136.787
    lifetime: 15.3945
    annual_cost: 8.885446100880184
    efficiency: 0.7205
    discharge_ratio: 5
    depth_of_discharge: 0.5
  VRBF:
    cost: 182.249
    lifetime: 26.4703
    annual_cost: 6.885037192627208
    efficiency: 0.747004
    discharge_ratio: 0.5
    depth_of_discharge: 1.0
