cost_values:
  wind_capex: 5000.0
  wind_opex: 100
  wind_lifetime: 20
  solar_capex: 1000.0
  solar_opex: 10
  solar_lifetime: 20
  carbon_price: 1.0
timeseries_values:
  load_level: 251380.34558391193
  wind_year: 2013
  solar_year: 2018
  price_year: 2023
  carbon_year: 2023
storage_values:
  CAES:
    cost: 65.4411
    lifetime: 24.2889
    annual_cost: 2.6942801032570434
    efficiency: 0.610855
    discharge_ratio: 0.1
    depth_of_discharge: 0.4
  Li-ion:
    cost: 162.85
    lifetime: 18.8146
    annual_cost: 8.655512208603957
    efficiency: 0.922482
    discharge_ratio: 2
    depth_of_discharge: 0.9
  Pb-acid:
    cost: 142.562
    lifetime: 13.721
    annual_cost: 10.390059033598135
    efficiency: 0.708209
    discharge_ratio: 5
    depth_of_discharge: 0.5
  VRBF:
    cost: 166.077
    lifetime: 24.6376
    annual_cost: 6.740794557911485
    efficiency: 0.75196
    discharge_ratio: 0.5
    depth_of_discharge: 1.0
