cost_values:
  wind_capex: 5000.0
  wind_opex: 100
  wind_lifetime: 20
  solar_capex: 1000.0
  solar_opex: 10
  solar_lifetime: 20
  carbon_price: 1.0
timeseries_values:
  load_level: 251380.34558391193
  wind_year: 2013
  solar_year: 2018
  price_year: 2023
  carbon_year: 2023
storage_values:
  CAES:
    cost: 61.923
    lifetime: 24.5181
    annual_cost: 2.5256035337159077
    efficiency: 0.614398
    discharge_ratio: 0.1
    depth_of_discharge: 0.4
  Li-ion:
    cost: 162.25
    lifetime: 18.6719
    annual_cost: 8.689528114439344
    efficiency: 0.923432
    discharge_ratio: 2
    depth_of_discharge: 0.9
  Pb-acid:
    cost: 122.417
    lifetime: 15.7193
    annual_cost: 7.7876877469098496
    efficiency: 0.733149
    discharge_ratio: 5
    depth_of_discharge: 0.5
  VRBF:
    cost: 192.526
    lifetime: 24.4059
    annual_cost: 7.888502370328487
    efficiency: 0.751609
    discharge_ratio: 0.5
    depth_of_discharge: 1.0
