cost_values:
  wind_capex: 5000.0
  wind_opex: 100
  wind_lifetime: 20
  solar_capex: 1000.0
  solar_opex: 10
  solar_lifetime: 20
  carbon_price: 1.0
timeseries_values:
  load_level: 251380.34558391193
  wind_year: 2013
  solar_year: 2018
  price_year: 2023
  carbon_year: 2023
storage_values:
  CAES:
    cost: 59.0086
    lifetime: 24.7227
    annual_cost: 2.386818591820473
    efficiency: 0.615455
    discharge_ratio: 0.1
    depth_of_discharge: 0.4
  Li-ion:
    cost: 191.851
    lifetime: 18.5975
    annual_cost: 10.315956445758838
    efficiency: 0.925204
    discharge_ratio: 2
    depth_of_discharge: 0.9
  Pb-acid:
    cost: 135.27
    lifetime: 15.1291
    annual_cost: 8.941047385502113
    efficiency: 0.728986
    discharge_ratio: 5
    depth_of_discharge: 0.5
  VRBF:
    cost: 179.196
    lifetime: 25.0861
    annual_cost: 7.143238685965535
    efficiency: 0.730912
    discharge_ratio: 0.5
    depth_of_discharge: 1.0
