cost_values:
  wind_capex: 5000.0
  wind_opex: 100
  wind_lifetime: 20
  solar_capex: 1000.0
  solar_opex: 10
  solar_lifetime: 20
  carbon_price: 1.0
timeseries_values:
  load_level: 251380.34558391193
  wind_year: 2013
  solar_year: 2018
  price_year: 2023
  carbon_year: 2023
storage_values:
  CAES:
    cost: 61.2722
    lifetime: 25.4135
    annual_cost: 2.4110098963149507
    efficiency: 0.606818
    discharge_ratio: 0.1
    depth_of_discharge: 0.4
  Li-ion:
    cost: 159.628
    lifetime: 17.9432
    annual_cost: 8.896294975255248
    efficiency: 0.915068
    discharge_ratio: 2
    depth_of_discharge: 0.9
  Pb-acid:
    cost: 117.947
    lifetime: 15.425
    annual_cost: 7.646482982171799
    efficiency: 0.724301
    discharge_ratio: 5
    depth_of_discharge: 0.5
  VRBF:
    cost: 213.696
    lifetime: 25.6915
    annual_cost: 8.317770468832103
    efficiency: 0.745551
    discharge_ratio: 0.5
    depth_of_discharge: 1.0
