cost_values:
  wind_capex: 5000.0
  wind_opex: 100
  wind_lifetime: 20
  solar_capex: 1000.0
  solar_opex: 10
  solar_lifetime: 20
  carbon_price: 1.0
timeseries_values:
  load_level: 251380.34558391193
  wind_year: 2013
  solar_year: 2018
  price_year: 2023
  carbon_year: 2023
storage_values:
  CAES:
    cost: 59.872
    lifetime: 23.6845
    annual_cost: 2.5278979923578713
    efficiency: 0.602782
    discharge_ratio: 0.1
    depth_of_discharge: 0.4
  Li-ion:
    cost: 147.883
    lifetime: 18.7179
    annual_cost: 7.900619193392422
    efficiency: 0.930999
    discharge_ratio: 2
    depth_of_discharge: 0.9
  Pb-acid:
    cost: 122.513
    lifetime: 15.6668
    annual_cost: 7.819912170960247
    efficiency: 0.721338
    discharge_ratio: 5
    depth_of_discharge: 0.5
  VRBF:
    cost: 186.752
    lifetime: 26.5187
    annual_cost: 7.042275828000619
    efficiency: 0.732874
    discharge_ratio: 0.5
    depth_of_discharge: 1.0
