cost_values:
  wind_capex: 5000.0
  wind_opex: 100
  wind_lifetime: 20
  solar_capex: 1000.0
  solar_opex: 10
  solar_lifetime: 20
  carbon_price: 1.0
timeseries_values:
  load_level: 251380.34558391193
  wind_year: 2013
  solar_year: 2018
  price_year: 2023
  carbon_year: 2023
storage_values:
  CAES:
    cost: 57.4475
    lifetime: 24.2925
    annual_cost: 2.3648245343212926
    efficiency: 0.602176
    discharge_ratio: 0.1
    depth_of_discharge: 0.4
  Li-ion:
    cost: 178.744
    lifetime: 17.8503
    annual_cost: 10.013501173649741
    efficiency: 0.916055
    discharge_ratio: 2
    depth_of_discharge: 0.9
  Pb-acid:
    cost: 125.582
    lifetime: 16.3394
    annual_cost: 7.6858391373000225
    efficiency: 0.719235
    discharge_ratio: 5
    depth_of_discharge: 0.5
  VRBF:
    cost: 178.66
    lifetime: 25.6496
    annual_cost: 6.965410766639636
    efficiency: 0.733311
    discharge_ratio: 0.5
    depth_of_discharge: 1.0
