cost_values:
  wind_capex: 5000.0
  wind_opex: 100
  wind_lifetime: 20
  solar_capex: 1000.0
  solar_opex: 10
  solar_lifetime: 20
  carbon_price: 1.0
timeseries_values:
  load_level: 251380.34558391193
  wind_year: 2013
  solar_year: 2018
  price_year: 2023
  carbon_year: 2023
storage_values:
  CAES:
    cost: 59.2221
    lifetime: 24.6528
    annual_cost: 2.4022463979750777
    efficiency: 0.610554
    discharge_ratio: 0.1
    depth_of_discharge: 0.4
  Li-ion:
    cost: 176.47
    lifetime: 17.6879
    annual_cost: 9.976876848014745
    efficiency: 0.914444
    discharge_ratio: 2
    depth_of_discharge: 0.9
  Pb-acid:
    cost: 118.998
    lifetime: 14.9679
    annual_cost: 7.950213456797547
    efficiency: 0.724543
    discharge_ratio: 5
    depth_of_discharge: 0.5
  VRBF:
    cost: 178.661
    lifetime: 25.5241
    annual_cost: 6.999698324328771
    efficiency: 0.745938
    discharge_ratio: 0.5
    depth_of_discharge: 1.0
