cost_values:
  wind_capex: 5000.0
  wind_opex: 100
  wind_lifetime: 20
  solar_capex: 1000.0
  solar_opex: 10
  solar_lifetime: 20
  carbon_price: 1.0
timeseries_values:
  load_level: 251380.34558391193
  wind_year: 2013
  solar_year: 2018
  price_year: 2023
  carbon_year: 2023
storage_values:
  CAES:
    cost: 64.5615
    lifetime: 24.0531
    annual_cost: 2.684123875924517
    efficiency: 0.617915
    discharge_ratio: 0.1
    depth_of_discharge: 0.4
  Li-ion:
    cost: 163.392
    lifetime: 17.3161
    annual_cost: 9.435842943849943
    efficiency: 0.925059
    discharge_ratio: 2
    depth_of_discharge: 0.9
  Pb-acid:
    cost: 115.726
    lifetime: 14.1074
    annual_cost: 8.203212498405092
    efficiency: 0.719268
    discharge_ratio: 5
    depth_of_discharge: 0.5
  VRBF:
    cost: 177.893
    lifetime: 24.7969
    annual_cost: 7.174001588908291
    efficiency: 0.723014
    discharge_ratio: 0.5
    depth_of_discharge: 1.0
