cost_values:
  wind_capex: 5000.0
  wind_opex: 100
  wind_lifetime: 20
  solar_capex: 1000.0
  solar_opex: 10
  solar_lifetime: 20
  carbon_price: 1.0
timeseries_values:
  load_level: 251380.34558391193
  wind_year: 2013
  solar_year: 2018
  price_year: 2023
  carbon_year: 2023
storage_values:
  CAES:
    cost: 57.9332
    lifetime: 25.7136
    annual_cost: 2.253017858253998
    efficiency: 0.603644
    discharge_ratio: 0.1
    depth_of_discharge: 0.4
  Li-ion:
    cost: 187.475
    lifetime: 19.1835
    annual_cost: 9.77272134907603
    efficiency: 0.925655
    discharge_ratio: 2
    depth_of_discharge: 0.9
  Pb-acid:
    cost: 127.596
    lifetime: 12.9806
    annual_cost: 9.829745928539513
    efficiency: 0.718324
    discharge_ratio: 5
    depth_of_discharge: 0.5
  VRBF:
    cost: 213.9
    lifetime: 26.0534
    annual_cost: 8.210060874972173
    efficiency: 0.73468
    discharge_ratio: 0.5
    depth_of_discharge: 1.0
