cost_values:
  wind_capex: 5000.0
  wind_opex: 100
  wind_lifetime: 20
  solar_capex: 1000.0
  solar_opex: 10
  solar_lifetime: 20
  carbon_price: 1.0
timeseries_values:
  load_level: 251380.34558391193
  wind_year: 2013
  solar_year: 2018
  price_year: 2023
  carbon_year: 2023
storage_values:
  CAES:
    cost: 64.6323
    lifetime: 24.7403
    annual_cost: 2.612429922030048
    efficiency: 0.612807
    discharge_ratio: 0.1
    depth_of_discharge: 0.4
  Li-ion:
    cost: 179.269
    lifetime: 20.3329
    annual_cost: 8.816696093523305
    efficiency: 0.928687
    discharge_ratio: 2
    depth_of_discharge: 0.9
  Pb-acid:
    cost: 103.302
    lifetime: 14.9801
    annual_cost: 6.895948625176067
    efficiency: 0.728574
    discharge_ratio: 5
    depth_of_discharge: 0.5
  VRBF:
    cost: 193.802
    lifetime: 23.3344
    annual_cost: 8.305420323642348
    efficiency: 0.755359
    discharge_ratio: 0.5
    depth_of_discharge: 1.0
