cost_values:
  wind_capex: 5000.0
  wind_opex: 100
  wind_lifetime: 20
  solar_capex: 1000.0
  solar_opex: 10
  solar_lifetime: 20
  carbon_price: 1.0
timeseries_values:
  load_level: 251380.34558391193
  wind_year: 2013
  solar_year: 2018
  price_year: 2023
  carbon_year: 2023
storage_values:
  CAES:
    cost: 60.3394
    lifetime: 25.6891
    annual_cost: 2.3488327734330903
    efficiency: 0.609916
    discharge_ratio: 0.1
    depth_of_discharge: 0.4
  Li-ion:
    cost: 180.574
    lifetime: 20.1212
    annual_cost: 8.9743156471781
    efficiency: 0.931167
    discharge_ratio: 2
    depth_of_discharge: 0.9
  Pb-acid:
    cost: 113.873
    lifetime: 13.7719
    annual_cost: 8.268503256631256
    efficiency: 0.723002
    discharge_ratio: 5
    depth_of_discharge: 0.5
  VRBF:
    cost: 205.665
    lifetime: 27.8793
    annual_cost: 7.376978618544942
    efficiency: 0.741322
    discharge_ratio: 0.5
    depth_of_discharge: 1.0
