cost_values:
  wind_capex: 5000.0
  wind_opex: 100
  wind_lifetime: 20
  solar_capex: 1000.0
  solar_opex: 10
  solar_lifetime: 20
  carbon_price: 1.0
timeseries_values:
  load_level: 251380.34558391193
  wind_year: 2013
  solar_year: 2018
  price_year: 2023
  carbon_year: 2023
storage_values:
  CAES:
    cost: 64.5459
    lifetime: 23.2169
    annual_cost: 2.780125684307552
    efficiency: 0.601073
    discharge_ratio: 0.1
    depth_of_discharge: 0.4
  Li-ion:
    cost: 162.547
    lifetime: 16.8337
    annual_cost: 9.65604709600385
    efficiency: 0.914345
    discharge_ratio: 2
    depth_of_discharge: 0.9
  Pb-acid:
    cost: 139.972
    lifetime: 14.117
    annual_cost: 9.91513777714812
    efficiency: 0.732891
    discharge_ratio: 5
    depth_of_discharge: 0.5
  VRBF:
    cost: 192.153
    lifetime: 28.3451
    annual_cost: 6.7790552864516265
    efficiency: 0.739297
    discharge_ratio: 0.5
    depth_of_discharge: 1.0
