cost_values:
  wind_capex: 5000.0
  wind_opex: 100
  wind_lifetime: 20
  solar_capex: 1000.0
  solar_opex: 10
  solar_lifetime: 20
  carbon_price: 1.0
timeseries_values:
  load_level: 251380.34558391193
  wind_year: 2013
  solar_year: 2018
  price_year: 2023
  carbon_year: 2023
storage_values:
  CAES:
    cost: 66.1678
    lifetime: 24.3878
    annual_cost: 2.7131516577961112
    efficiency: 0.610526
    discharge_ratio: 0.1
    depth_of_discharge: 0.4
  Li-ion:
    cost: 159.996
    lifetime: 18.2673
    annual_cost: 8.758601435351695
    efficiency: 0.917931
    discharge_ratio: 2
    depth_of_discharge: 0.9
  Pb-acid:
    cost: 128.181
    lifetime: 13.2664
    annual_cost: 9.662078634746427
    efficiency: 0.725916
    discharge_ratio: 5
    depth_of_discharge: 0.5
  VRBF:
    cost: 171.59
    lifetime: 25.2957
    annual_cost: 6.783366342896223
    efficiency: 0.748427
    discharge_ratio: 0.5
    depth_of_discharge: 1.0
