cost_values:
  wind_capex: 5000.0
  wind_opex: 100
  wind_lifetime: 20
  solar_capex: 1000.0
  solar_opex: 10
  solar_lifetime: 20
  carbon_price: 1.0
timeseries_values:
  load_level: 251380.34558391193
  wind_year: 2013
  solar_year: 2018
  price_year: 2023
  carbon_year: 2023
storage_values:
  CAES:
    cost: 65.3747
    lifetime: 24.3441
    annual_cost: 2.685443290160655
    efficiency: 0.604534
    discharge_ratio: 0.1
    depth_of_discharge: 0.4
  Li-ion:
    cost: 153.916
    lifetime: 17.7204
    annual_cost: 8.685808446761923
    efficiency: 0.911645
    discharge_ratio: 2
    depth_of_discharge: 0.9
  Pb-acid:
    cost: 135.617
    lifetime: 16.2104
    annual_cost: 8.366048956225633
    efficiency: 0.713731
    discharge_ratio: 5
    depth_of_discharge: 0.5
  VRBF:
    cost: 179.932
    lifetime: 25.9185
    annual_cost: 6.9422227366552836
    efficiency: 0.736192
    discharge_ratio: 0.5
    depth_of_discharge: 1.0
