cost_values:
  wind_capex: 5000.0
  wind_opex: 100
  wind_lifetime: 20
  solar_capex: 1000.0
  solar_opex: 10
  solar_lifetime: 20
  carbon_price: 1.0
timeseries_values:
  load_level: 251380.34558391193
  wind_year: 2013
  solar_year: 2018
  price_year: 2023
  carbon_year: 2023
storage_values:
  CAES:
    cost: 64.8672
    lifetime: 24.7592
    annual_cost: 2.619923099292384
    efficiency: 0.607644
    discharge_ratio: 0.1
    depth_of_discharge: 0.4
  Li-ion:
    cost: 162.624
    lifetime: 20.1379
    annual_cost: 8.075519294464666
    efficiency: 0.93484
    discharge_ratio: 2
    depth_of_discharge: 0.9
  Pb-acid:
    cost: 129.073
    lifetime: 14.1745
    annual_cost: 9.106000211647677
    efficiency: 0.719239
    discharge_ratio: 5
    depth_of_discharge: 0.5
  VRBF:
    cost: 192.964
    lifetime: 24.9113
    annual_cost: 7.7460429604235825
    efficiency: 0.764876
    discharge_ratio: 0.5
    depth_of_discharge: 1.0
