cost_values:
  wind_capex: 5000.0
  wind_opex: 100
  wind_lifetime: 20
  solar_capex: 1000.0
  solar_opex: 10
  solar_lifetime: 20
  carbon_price: 1.0
timeseries_values:
  load_level: 251380.34558391193
  wind_year: 2013
  solar_year: 2018
  price_year: 2023
  carbon_year: 2023
storage_values:
  CAES:
    cost: 71.7239
    lifetime: 23.7097
    annual_cost: 3.0250867788289177
    efficiency: 0.611733
    discharge_ratio: 0.1
    depth_of_discharge: 0.4
  Li-ion:
    cost: 153.883
    lifetime: 16.9558
    annual_cost: 9.075537574163414
    efficiency: 0.940403
    discharge_ratio: 2
    depth_of_discharge: 0.9
  Pb-acid:
    cost: 121.674
    lifetime: 14.1733
    annual_cost: 8.584733266070712
    efficiency: 0.720621
    discharge_ratio: 5
    depth_of_discharge: 0.5
  VRBF:
    cost: 195.935
    lifetime: 24.1237
    annual_cost: 8.122095698421056
    efficiency: 0.736324
    discharge_ratio: 0.5
    depth_of_discharge: 1.0
