cost_values:
  wind_capex: 5000.0
  wind_opex: 100
  wind_lifetime: 20
  solar_capex: 1000.0
  solar_opex: 10
  solar_lifetime: 20
  carbon_price: 1.0
timeseries_values:
  load_level: 251380.34558391193
  wind_year: 2013
  solar_year: 2018
  price_year: 2023
  carbon_year: 2023
storage_values:
  CAES:
    cost: 58.8444
    lifetime: 24.0105
    annual_cost: 2.450777784719185
    efficiency: 0.610312
    discharge_ratio: 0.1
    depth_of_discharge: 0.4
  Li-ion:
    cost: 149.097
    lifetime: 18.1754
    annual_cost: 8.20323074045138
    efficiency: 0.921868
    discharge_ratio: 2
    depth_of_discharge: 0.9
  Pb-acid:
    cost: 115.813
    lifetime: 13.7012
    annual_cost: 8.452763261612121
    efficiency: 0.743252
    discharge_ratio: 5
    depth_of_discharge: 0.5
  VRBF:
    cost: 163.609
    lifetime: 26.7154
    annual_cost: 6.124145623872374
    efficiency: 0.732442
    discharge_ratio: 0.5
    depth_of_discharge: 1.0
