cost_values:
  wind_capex: 5000.0
  wind_opex: 100
  wind_lifetime: 20
  solar_capex: 1000.0
  solar_opex: 10
  solar_lifetime: 20
  carbon_price: 1.0
timeseries_values:
  load_level: 251380.34558391193
  wind_year: 2013
  solar_year: 2018
  price_year: 2023
  carbon_year: 2023
storage_values:
  CAES:
    cost: 71.012
    lifetime: 23.4629
    annual_cost: 3.026565343584979
    efficiency: 0.602466
    discharge_ratio: 0.1
    depth_of_discharge: 0.4
  Li-ion:
    cost: 166.446
    lifetime: 19.6635
    annual_cost: 8.464718895415364
    efficiency: 0.920231
    discharge_ratio: 2
    depth_of_discharge: 0.9
  Pb-acid:
    cost: 138.211
    lifetime: 14.2339
    annual_cost: 9.709988126936398
    efficiency: 0.722544
    discharge_ratio: 5
    depth_of_discharge: 0.5
  VRBF:
    cost: 214.832
    lifetime: 26.3927
    annual_cost: 8.139826542945586
    efficiency: 0.73529
    discharge_ratio: 0.5
    depth_of_discharge: 1.0
