cost_values:
  wind_capex: 5000.0
  wind_opex: 100
  wind_lifetime: 20
  solar_capex: 1000.0
  solar_opex: 10
  solar_lifetime: 20
  carbon_price: 1.0
timeseries_values:
  load_level: 251380.34558391193
  wind_year: 2013
  solar_year: 2018
  price_year: 2023
  carbon_year: 2023
storage_values:
  CAES:
    cost: 72.4581
    lifetime: 25.3302
    annual_cost: 2.8605419617689556
    efficiency: 0.611723
    discharge_ratio: 0.1
    depth_of_discharge: 0.4
  Li-ion:
    cost: 162.037
    lifetime: 19.3153
    annual_cost: 8.389049095794526
    efficiency: 0.92227
    discharge_ratio: 2
    depth_of_discharge: 0.9
  Pb-acid:
    cost: 137.757
    lifetime: 15.0201
    annual_cost: 9.171510176363673
    efficiency: 0.723818
    discharge_ratio: 5
    depth_of_discharge: 0.5
  VRBF:
    cost: 167.522
    lifetime: 25.218
    annual_cost: 6.642953445951305
    efficiency: 0.72779
    discharge_ratio: 0.5
    depth_of_discharge: 1.0
