cost_values:
  wind_capex: 5000.0
  wind_opex: 100
  wind_lifetime: 20
  solar_capex: 1000.0
  solar_opex: 10
  solar_lifetime: 20
  carbon_price: 1.0
timeseries_values:
  load_level: 251380.34558391193
  wind_year: 2013
  solar_year: 2018
  price_year: 2023
  carbon_year: 2023
storage_values:
  CAES:
    cost: 64.8954
    lifetime: 23.9885
    annual_cost: 2.7052712758196638
    efficiency: 0.605974
    discharge_ratio: 0.1
    depth_of_discharge: 0.4
  Li-ion:
    cost: 173.835
    lifetime: 18.5679
    annual_cost: 9.362124957588096
    efficiency: 0.941957
    discharge_ratio: 2
    depth_of_discharge: 0.9
  Pb-acid:
    cost: 122.985
    lifetime: 13.9692
    annual_cost: 8.804011682845116
    efficiency: 0.724229
    discharge_ratio: 5
    depth_of_discharge: 0.5
  VRBF:
    cost: 214.459
    lifetime: 24.5455
    annual_cost: 8.737202338514187
    efficiency: 0.724921
    discharge_ratio: 0.5
    depth_of_discharge: 1.0
