cost_values:
  wind_capex: 5000.0
  wind_opex: 100
  wind_lifetime: 20
  solar_capex: 1000.0
  solar_opex: 10
  solar_lifetime: 20
  carbon_price: 1.0
timeseries_values:
  load_level: 251380.34558391193
  wind_year: 2013
  solar_year: 2018
  price_year: 2023
  carbon_year: 2023
storage_values:
  CAES:
    cost: 65.9066
    lifetime: 24.6406
    annual_cost: 2.674715713091402
    efficiency: 0.600255
    discharge_ratio: 0.1
    depth_of_discharge: 0.4
  Li-ion:
    cost: 165.212
    lifetime: 22.0097
    annual_cost: 7.50632675593034
    efficiency: 0.921373
    discharge_ratio: 2
    depth_of_discharge: 0.9
  Pb-acid:
    cost: 139.211
    lifetime: 16.3211
    annual_cost: 8.52951087855598
    efficiency: 0.739831
    discharge_ratio: 5
    depth_of_discharge: 0.5
  VRBF:
    cost: 208.942
    lifetime: 23.5528
    annual_cost: 8.87121701029177
    efficiency: 0.764254
    discharge_ratio: 0.5
    depth_of_discharge: 1.0
