cost_values:
  wind_capex: 5000.0
  wind_opex: 100
  wind_lifetime: 20
  solar_capex: 1000.0
  solar_opex: 10
  solar_lifetime: 20
  carbon_price: 1.0
timeseries_values:
  load_level: 251380.34558391193
  wind_year: 2013
  solar_year: 2018
  price_year: 2023
  carbon_year: 2023
storage_values:
  CAES:
    cost: 68.4009
    lifetime: 24.9851
    annual_cost: 2.7376676499193517
    efficiency: 0.601231
    discharge_ratio: 0.1
    depth_of_discharge: 0.4
  Li-ion:
    cost: 148.152
    lifetime: 18.3937
    annual_cost: 8.054496920141135
    efficiency: 0.930298
    discharge_ratio: 2
    depth_of_discharge: 0.9
  Pb-acid:
    cost: 119.207
    lifetime: 16.0602
    annual_cost: 7.422510304977522
    efficiency: 0.733074
    discharge_ratio: 5
    depth_of_discharge: 0.5
  VRBF:
    cost: 186.707
    lifetime: 26.0013
    annual_cost: 7.180679427567083
    efficiency: 0.745087
    discharge_ratio: 0.5
    depth_of_discharge: 1.0
