cost_values:
  wind_capex: 5000.0
  wind_opex: 100
  wind_lifetime: 20
  solar_capex: 1000.0
  solar_opex: 10
  solar_lifetime: 20
  carbon_price: 1.0
timeseries_values:
  load_level: 251380.34558391193
  wind_year: 2013
  solar_year: 2018
  price_year: 2023
  carbon_year: 2023
storage_values:
  CAES:
    cost: 59.3997
    lifetime: 25.37
    annual_cost: 2.34133622388648
    efficiency: 0.608696
    discharge_ratio: 0.1
    depth_of_discharge: 0.4
  Li-ion:
    cost: 160.067
    lifetime: 19.3633
    annual_cost: 8.266514488749335
    efficiency: 0.91911
    discharge_ratio: 2
    depth_of_discharge: 0.9
  Pb-acid:
    cost: 130.707
    lifetime: 14.9704
    annual_cost: 8.73102923101587
    efficiency: 0.730299
    discharge_ratio: 5
    depth_of_discharge: 0.5
  VRBF:
    cost: 170.53
    lifetime: 24.9826
    annual_cost: 6.825950861799813
    efficiency: 0.736547
    discharge_ratio: 0.5
    depth_of_discharge: 1.0
