cost_values:
  wind_capex: 5000.0
  wind_opex: 100
  wind_lifetime: 20
  solar_capex: 1000.0
  solar_opex: 10
  solar_lifetime: 20
  carbon_price: 1.0
timeseries_values:
  load_level: 251380.34558391193
  wind_year: 2013
  solar_year: 2018
  price_year: 2023
  carbon_year: 2023
storage_values:
  CAES:
    cost: 73.0139
    lifetime: 24.5643
    annual_cost: 2.9723582597509397
    efficiency: 0.618141
    discharge_ratio: 0.1
    depth_of_discharge: 0.4
  Li-ion:
    cost: 179.805
    lifetime: 17.7703
    annual_cost: 10.118287254576456
    efficiency: 0.916753
    discharge_ratio: 2
    depth_of_discharge: 0.9
  Pb-acid:
    cost: 126.87
    lifetime: 14.7811
    annual_cost: 8.583258350190446
    efficiency: 0.728931
    discharge_ratio: 5
    depth_of_discharge: 0.5
  VRBF:
    cost: 168.691
    lifetime: 24.5092
    annual_cost: 6.882762391265321
    efficiency: 0.740346
    discharge_ratio: 0.5
    depth_of_discharge: 1.0
