cost_values:
  wind_capex: 5000.0
  wind_opex: 100
  wind_lifetime: 20
  solar_capex: 1000.0
  solar_opex: 10
  solar_lifetime: 20
  carbon_price: 1.0
timeseries_values:
  load_level: 251380.34558391193
  wind_year: 2013
  solar_year: 2018
  price_year: 2023
  carbon_year: 2023
storage_values:
  CAES:
    cost: 70.7928
    lifetime: 23.8005
    annual_cost: 2.974424907039768
    efficiency: 0.611361
    discharge_ratio: 0.1
    depth_of_discharge: 0.4
  Li-ion:
    cost: 178.478
    lifetime: 18.0048
    annual_cost: 9.912801030836222
    efficiency: 0.916764
    discharge_ratio: 2
    depth_of_discharge: 0.9
  Pb-acid:
    cost: 136.563
    lifetime: 17.5189
    annual_cost: 7.7951812042993565
    efficiency: 0.723646
    discharge_ratio: 5
    depth_of_discharge: 0.5
  VRBF:
    cost: 165.537
    lifetime: 27.9781
    annual_cost: 5.916663390294552
    efficiency: 0.754835
    discharge_ratio: 0.5
    depth_of_discharge: 1.0
