cost_values:
  wind_capex: 5000.0
  wind_opex: 100
  wind_lifetime: 20
  solar_capex: 1000.0
  solar_opex: 10
  solar_lifetime: 20
  carbon_price: 1.0
timeseries_values:
  load_level: 251380.34558391193
  wind_year: 2013
  solar_year: 2018
  price_year: 2023
  carbon_year: 2023
storage_values:
  CAES:
    cost: 64.6108
    lifetime: 23.815
    annual_cost: 2.713029603191266
    efficiency: 0.610957
    discharge_ratio: 0.1
    depth_of_discharge: 0.4
  Li-ion:
    cost: 178.944
    lifetime: 19.739
    annual_cost: 9.065504838137697
    efficiency: 0.92792
    discharge_ratio: 2
    depth_of_discharge: 0.9
  Pb-acid:
    cost: 125.738
    lifetime: 13.9913
    annual_cost: 8.98687041232766
    efficiency: 0.723943
    discharge_ratio: 5
    depth_of_discharge: 0.5
  VRBF:
    cost: 187.707
    lifetime: 24.346
    annual_cost: 7.709972890823955
    efficiency: 0.746787
    discharge_ratio: 0.5
    depth_of_discharge: 1.0
