cost_values:
  wind_capex: 5000.0
  wind_opex: 100
  wind_lifetime: 20
  solar_capex: 1000.0
  solar_opex: 10
  solar_lifetime: 20
  carbon_price: 1.0
timeseries_values:
  load_level: 251380.34558391193
  wind_year: 2013
  solar_year: 2018
  price_year: 2023
  carbon_year: 2023
storage_values:
  CAES:
    cost: 65.6011
    lifetime: 25.2925
    annual_cost: 2.593697736483147
    efficiency: 0.617774
    discharge_ratio: 0.1
    depth_of_discharge: 0.4
  Li-ion:
    cost: 163.03
    lifetime: 21.0017
    annual_cost: 7.762704923887114
    efficiency: 0.925734
    discharge_ratio: 2
    depth_of_discharge: 0.9
  Pb-acid:
    cost: 118.809
    lifetime: 13.3688
    annual_cost: 8.887035485608282
    efficiency: 0.719366
    discharge_ratio: 5
    depth_of_discharge: 0.5
  VRBF:
    cost: 175.795
    lifetime: 24.1569
    annual_cost: 7.2772168614350345
    efficiency: 0.74515
    discharge_ratio: 0.5
    depth_of_discharge: 1.0
