cost_values:
  wind_capex: 5000.0
  wind_opex: 100
  wind_lifetime: 20
  solar_capex: 1000.0
  solar_opex: 10
  solar_lifetime: 20
  carbon_price: 1.0
timeseries_values:
  load_level: 251380.34558391193
  wind_year: 2013
  solar_year: 2018
  price_year: 2023
  carbon_year: 2023
storage_values:
  CAES:
    cost: 61.7834
    lifetime: 24.7906
    annual_cost: 2.4922107573031713
    efficiency: 0.615462
    discharge_ratio: 0.1
    depth_of_discharge: 0.4
  Li-ion:
    cost: 175.992
    lifetime: 19.946
    annual_cost: 8.823423242755439
    efficiency: 0.92165
    discharge_ratio: 2
    depth_of_discharge: 0.9
  Pb-acid:
    cost: 113.989
    lifetime: 16.1547
    annual_cost: 7.056088940060788
    efficiency: 0.734419
    discharge_ratio: 5
    depth_of_discharge: 0.5
  VRBF:
    cost: 229.086
    lifetime: 27.6426
    annual_cost: 8.28742592954353
    efficiency: 0.742174
    discharge_ratio: 0.5
    depth_of_discharge: 1.0
