cost_values:
  wind_capex: 5000.0
  wind_opex: 100
  wind_lifetime: 20
  solar_capex: 1000.0
  solar_opex: 10
  solar_lifetime: 20
  carbon_price: 1.0
timeseries_values:
  load_level: 251380.34558391193
  wind_year: 2013
  solar_year: 2018
  price_year: 2023
  carbon_year: 2023
storage_values:
  CAES:
    cost: 58.3973
    lifetime: 25.0424
    annual_cost: 2.331937034788998
    efficiency: 0.605165
    discharge_ratio: 0.1
    depth_of_discharge: 0.4
  Li-ion:
    cost: 169.868
    lifetime: 18.1139
    annual_cost: 9.377770662309056
    efficiency: 0.913882
    discharge_ratio: 2
    depth_of_discharge: 0.9
  Pb-acid:
    cost: 119.137
    lifetime: 14.0419
    annual_cost: 8.484393137680799
    efficiency: 0.735078
    discharge_ratio: 5
    depth_of_discharge: 0.5
  VRBF:
    cost: 193.624
    lifetime: 24.3611
    annual_cost: 7.9480811621806895
    efficiency: 0.739552
    discharge_ratio: 0.5
    depth_of_discharge: 1.0
