cost_values:
  wind_capex: 5000.0
  wind_opex: 100
  wind_lifetime: 20
  solar_capex: 1000.0
  solar_opex: 10
  solar_lifetime: 20
  carbon_price: 1.0
timeseries_values:
  load_level: 251380.34558391193
  wind_year: 2013
  solar_year: 2018
  price_year: 2023
  carbon_year: 2023
storage_values:
  CAES:
    cost: 64.7679
    lifetime: 25.1614
    annual_cost: 2.574097625728298
    efficiency: 0.618339
    discharge_ratio: 0.1
    depth_of_discharge: 0.4
  Li-ion:
    cost: 171.957
    lifetime: 16.1277
    annual_cost: 10.66221469893413
    efficiency: 0.912635
    discharge_ratio: 2
    depth_of_discharge: 0.9
  Pb-acid:
    cost: 130.66
    lifetime: 16.2154
    annual_cost: 8.057772241202807
    efficiency: 0.727032
    discharge_ratio: 5
    depth_of_discharge: 0.5
  VRBF:
    cost: 170.925
    lifetime: 23.2529
    annual_cost: 7.35069604221409
    efficiency: 0.752803
    discharge_ratio: 0.5
    depth_of_discharge: 1.0
