cost_values:
  wind_capex: 5000.0
  wind_opex: 100
  wind_lifetime: 20
  solar_capex: 1000.0
  solar_opex: 10
  solar_lifetime: 20
  carbon_price: 1.0
timeseries_values:
  load_level: 251380.34558391193
  wind_year: 2013
  solar_year: 2018
  price_year: 2023
  carbon_year: 2023
storage_values:
  CAES:
    cost: 62.4492
    lifetime: 23.942
    annual_cost: 2.6083535210091053
    efficiency: 0.599094
    discharge_ratio: 0.1
    depth_of_discharge: 0.4
  Li-ion:
    cost: 179.863
    lifetime: 19.562
    annual_cost: 9.19450976382783
    efficiency: 0.925086
    discharge_ratio: 2
    depth_of_discharge: 0.9
  Pb-acid:
    cost: 138.603
    lifetime: 15.0697
    annual_cost: 9.197462457779519
    efficiency: 0.719185
    discharge_ratio: 5
    depth_of_discharge: 0.5
  VRBF:
    cost: 159.915
    lifetime: 25.5789
    annual_cost: 6.251832565122034
    efficiency: 0.745262
    discharge_ratio: 0.5
    depth_of_discharge: 1.0
