cost_values:
  wind_capex: 5000.0
  wind_opex: 100
  wind_lifetime: 20
  solar_capex: 1000.0
  solar_opex: 10
  solar_lifetime: 20
  carbon_price: 1.0
timeseries_values:
  load_level: 251380.34558391193
  wind_year: 2013
  solar_year: 2018
  price_year: 2023
  carbon_year: 2023
storage_values:
  CAES:
    cost: 55.0512
    lifetime: 25.7611
    annual_cost: 2.1369894919083428
    efficiency: 0.611235
    discharge_ratio: 0.1
    depth_of_discharge: 0.4
  Li-ion:
    cost: 167.628
    lifetime: 18.0245
    annual_cost: 9.300008322006157
    efficiency: 0.921686
    discharge_ratio: 2
    depth_of_discharge: 0.9
  Pb-acid:
    cost: 136.538
    lifetime: 13.4161
    annual_cost: 10.177175185038871
    efficiency: 0.72439
    discharge_ratio: 5
    depth_of_discharge: 0.5
  VRBF:
    cost: 197.317
    lifetime: 25.4832
    annual_cost: 7.743022854272619
    efficiency: 0.724542
    discharge_ratio: 0.5
    depth_of_discharge: 1.0
