cost_values:
  wind_capex: 5000.0
  wind_opex: 100
  wind_lifetime: 20
  solar_capex: 1000.0
  solar_opex: 10
  solar_lifetime: 20
  carbon_price: 1.0
timeseries_values:
  load_level: 251380.34558391193
  wind_year: 2013
  solar_year: 2018
  price_year: 2023
  carbon_year: 2023
storage_values:
  CAES:
    cost: 58.381
    lifetime: 25.3233
    annual_cost: 2.3054262280192552
    efficiency: 0.620144
    discharge_ratio: 0.1
    depth_of_discharge: 0.4
  Li-ion:
    cost: 144.5
    lifetime: 20.4488
    annual_cost: 7.066429325926216
    efficiency: 0.920083
    discharge_ratio: 2
    depth_of_discharge: 0.9
  Pb-acid:
    cost: 117.407
    lifetime: 14.2336
    annual_cost: 8.248580822841728
    efficiency: 0.715711
    discharge_ratio: 5
    depth_of_discharge: 0.5
  VRBF:
    cost: 176.781
    lifetime: 27.4227
    annual_cost: 6.446520583312366
    efficiency: 0.755454
    discharge_ratio: 0.5
    depth_of_discharge: 1.0
