cost_values:
  wind_capex: 5000.0
  wind_opex: 100
  wind_lifetime: 20
  solar_capex: 1000.0
  solar_opex: 10
  solar_lifetime: 20
  carbon_price: 1.0
timeseries_values:
  load_level: 251380.34558391193
  wind_year: 2013
  solar_year: 2018
  price_year: 2023
  carbon_year: 2023
storage_values:
  CAES:
    cost: 68.0883
    lifetime: 24.1938
    annual_cost: 2.8142871314138334
    efficiency: 0.61396
    discharge_ratio: 0.1
    depth_of_discharge: 0.4
  Li-ion:
    cost: 162.49
    lifetime: 19.097
    annual_cost: 8.508666282662197
    efficiency: 0.940194
    discharge_ratio: 2
    depth_of_discharge: 0.9
  Pb-acid:
    cost: 154.589
    lifetime: 13.0965
    annual_cost: 11.803840720803267
    efficiency: 0.707181
    discharge_ratio: 5
    depth_of_discharge: 0.5
  VRBF:
    cost: 186.324
    lifetime: 24.4418
    annual_cost: 7.623170142951829
    efficiency: 0.758341
    discharge_ratio: 0.5
    depth_of_discharge: 1.0
