cost_values:
  wind_capex: 5000.0
  wind_opex: 100
  wind_lifetime: 20
  solar_capex: 1000.0
  solar_opex: 10
  solar_lifetime: 20
  carbon_price: 1.0
timeseries_values:
  load_level: 251380.34558391193
  wind_year: 2013
  solar_year: 2018
  price_year: 2023
  carbon_year: 2023
storage_values:
  CAES:
    cost: 58.1116
    lifetime: 24.4189
    annual_cost: 2.3797795969515416
    efficiency: 0.605653
    discharge_ratio: 0.1
    depth_of_discharge: 0.4
  Li-ion:
    cost: 172.927
    lifetime: 17.229
    annual_cost: 10.036972546288235
    efficiency: 0.925148
    discharge_ratio: 2
    depth_of_discharge: 0.9
  Pb-acid:
    cost: 126.49
    lifetime: 13.8735
    annual_cost: 9.117382059321729
    efficiency: 0.723432
    discharge_ratio: 5
    depth_of_discharge: 0.5
  VRBF:
    cost: 165.734
    lifetime: 25.8457
    annual_cost: 6.412439980344893
    efficiency: 0.725399
    discharge_ratio: 0.5
    depth_of_discharge: 1.0
