cost_values:
  wind_capex: 5000.0
  wind_opex: 100
  wind_lifetime: 20
  solar_capex: 1000.0
  solar_opex: 10
  solar_lifetime: 20
  carbon_price: 1.0
timeseries_values:
  load_level: 251380.34558391193
  wind_year: 2013
  solar_year: 2018
  price_year: 2023
  carbon_year: 2023
storage_values:
  CAES:
    cost: 65.3928
    lifetime: 23.8848
    annual_cost: 2.7378416398713825
    efficiency: 0.612928
    discharge_ratio: 0.1
    depth_of_discharge: 0.4
  Li-ion:
    cost: 153.798
    lifetime: 17.6778
    annual_cost: 8.700064487662491
    efficiency: 0.92257
    discharge_ratio: 2
    depth_of_discharge: 0.9
  Pb-acid:
    cost: 136.138
    lifetime: 14.6522
    annual_cost: 9.291300965042792
    efficiency: 0.715517
    discharge_ratio: 5
    depth_of_discharge: 0.5
  VRBF:
    cost: 189.666
    lifetime: 22.8081
    annual_cost: 8.315729938048324
    efficiency: 0.765547
    discharge_ratio: 0.5
    depth_of_discharge: 1.0
