cost_values:
  wind_capex: 5000.0
  wind_opex: 100
  wind_lifetime: 20
  solar_capex: 1000.0
  solar_opex: 10
  solar_lifetime: 20
  carbon_price: 1.0
timeseries_values:
  load_level: 251380.34558391193
  wind_year: 2013
  solar_year: 2018
  price_year: 2023
  carbon_year: 2023
storage_values:
  CAES:
    cost: 57.6801
    lifetime: 24.0399
    annual_cost: 2.3993485829807946
    efficiency: 0.60575
    discharge_ratio: 0.1
    depth_of_discharge: 0.4
  Li-ion:
    cost: 180.871
    lifetime: 18.9976
    annual_cost: 9.520728934181161
    efficiency: 0.925802
    discharge_ratio: 2
    depth_of_discharge: 0.9
  Pb-acid:
    cost: 137.998
    lifetime: 14.0615
    annual_cost: 9.813888987661343
    efficiency: 0.716905
    discharge_ratio: 5
    depth_of_discharge: 0.5
  VRBF:
    cost: 188.425
    lifetime: 25.0983
    annual_cost: 7.507480586334534
    efficiency: 0.738993
    discharge_ratio: 0.5
    depth_of_discharge: 1.0
