cost_values:
  wind_capex: 5000.0
  wind_opex: 100
  wind_lifetime: 20
  solar_capex: 1000.0
  solar_opex: 10
  solar_lifetime: 20
  carbon_price: 1.0
timeseries_values:
  load_level: 251380.34558391193
  wind_year: 2013
  solar_year: 2018
  price_year: 2023
  carbon_year: 2023
storage_values:
  CAES:
    cost: 60.0637
    lifetime: 24.083
    annual_cost: 2.494028983100112
    efficiency: 0.61521
    discharge_ratio: 0.1
    depth_of_discharge: 0.4
  Li-ion:
    cost: 158.961
    lifetime: 20.3541
    annual_cost: 7.809777882588767
    efficiency: 0.925728
    discharge_ratio: 2
    depth_of_discharge: 0.9
  Pb-acid:
    cost: 123.436
    lifetime: 13.7564
    annual_cost: 8.972987118722923
    efficiency: 0.710968
    discharge_ratio: 5
    depth_of_discharge: 0.5
  VRBF:
    cost: 184.436
    lifetime: 26.7951
    annual_cost: 6.883198793809316
    efficiency: 0.748013
    discharge_ratio: 0.5
    depth_of_discharge: 1.0
