cost_values:
  wind_capex: 5000.0
  wind_opex: 100
  wind_lifetime: 20
  solar_capex: 1000.0
  solar_opex: 10
  solar_lifetime: 20
  carbon_price: 1.0
timeseries_values:
  load_level: 251380.34558391193
  wind_year: 2013
  solar_year: 2018
  price_year: 2023
  carbon_year: 2023
storage_values:
  CAES:
    cost: 58.1695
    lifetime: 24.5458
    annual_cost: 2.369835165282859
    efficiency: 0.614164
    discharge_ratio: 0.1
    depth_of_discharge: 0.4
  Li-ion:
    cost: 146.881
    lifetime: 18.0037
    annual_cost: 8.158378555519144
    efficiency: 0.936515
    discharge_ratio: 2
    depth_of_discharge: 0.9
  Pb-acid:
    cost: 128.416
    lifetime: 15.0909
    annual_cost: 8.509499102107894
    efficiency: 0.734875
    discharge_ratio: 5
    depth_of_discharge: 0.5
  VRBF:
    cost: 205.907
    lifetime: 27.2113
    annual_cost: 7.566966664584198
    efficiency: 0.725305
    discharge_ratio: 0.5
    depth_of_discharge: 1.0
