cost_values:
  wind_capex: 5000.0
  wind_opex: 100
  wind_lifetime: 20
  solar_capex: 1000.0
  solar_opex: 10
  solar_lifetime: 20
  carbon_price: 1.0
timeseries_values:
  load_level: 251380.34558391193
  wind_year: 2013
  solar_year: 2018
  price_year: 2023
  carbon_year: 2023
storage_values:
  CAES:
    cost: 62.8034
    lifetime: 24.1618
    annual_cost: 2.5992848214950874
    efficiency: 0.61369
    discharge_ratio: 0.1
    depth_of_discharge: 0.4
  Li-ion:
    cost: 148.875
    lifetime: 19.6321
    annual_cost: 7.583243769133205
    efficiency: 0.931611
    discharge_ratio: 2
    depth_of_discharge: 0.9
  Pb-acid:
    cost: 108.184
    lifetime: 16.2996
    annual_cost: 6.637218091241502
    efficiency: 0.726609
    discharge_ratio: 5
    depth_of_discharge: 0.5
  VRBF:
    cost: 198.036
    lifetime: 25.7902
    annual_cost: 7.6787306806461375
    efficiency: 0.773664
    discharge_ratio: 0.5
    depth_of_discharge: 1.0
