cost_values:
  wind_capex: 5000.0
  wind_opex: 100
  wind_lifetime: 20
  solar_capex: 1000.0
  solar_opex: 10
  solar_lifetime: 20
  carbon_price: 1.0
timeseries_values:
  load_level: 251380.34558391193
  wind_year: 2013
  solar_year: 2018
  price_year: 2023
  carbon_year: 2023
storage_values:
  CAES:
    cost: 69.7554
    lifetime: 24.8113
    annual_cost: 2.811436724395739
    efficiency: 0.615317
    discharge_ratio: 0.1
    depth_of_discharge: 0.4
  Li-ion:
    cost: 147.921
    lifetime: 19.7758
    annual_cost: 7.479899675360794
    efficiency: 0.934285
    discharge_ratio: 2
    depth_of_discharge: 0.9
  Pb-acid:
    cost: 109.553
    lifetime: 13.4185
    annual_cost: 8.16432537168834
    efficiency: 0.717154
    discharge_ratio: 5
    depth_of_discharge: 0.5
  VRBF:
    cost: 183.321
    lifetime: 25.2726
    annual_cost: 7.253745162745424
    efficiency: 0.763903
    discharge_ratio: 0.5
    depth_of_discharge: 1.0
