cost_values:
  wind_capex: 5000.0
  wind_opex: 100
  wind_lifetime: 20
  solar_capex: 1000.0
  solar_opex: 10
  solar_lifetime: 20
  carbon_price: 1.0
timeseries_values:
  load_level: 251380.34558391193
  wind_year: 2013
  solar_year: 2018
  price_year: 2023
  carbon_year: 2023
storage_values:
  CAES:
    cost: 61.8298
    lifetime: 25.5945
    annual_cost: 2.415745570337377
    efficiency: 0.612869
    discharge_ratio: 0.1
    depth_of_discharge: 0.4
  Li-ion:
    cost: 166.507
    lifetime: 19.4178
    annual_cost: 8.574967298046124
    efficiency: 0.926212
    discharge_ratio: 2
    depth_of_discharge: 0.9
  Pb-acid:
    cost: 115.655
    lifetime: 15.9083
    annual_cost: 7.2701042851844635
    efficiency: 0.730101
    discharge_ratio: 5
    depth_of_discharge: 0.5
  VRBF:
    cost: 205.307
    lifetime: 26.4826
    annual_cost: 7.752524298973665
    efficiency: 0.740885
    discharge_ratio: 0.5
    depth_of_discharge: 1.0
