cost_values:
  wind_capex: 5000.0
  wind_opex: 100
  wind_lifetime: 20
  solar_capex: 1000.0
  solar_opex: 10
  solar_lifetime: 20
  carbon_price: 1.0
timeseries_values:
  load_level: 251380.34558391193
  wind_year: 2013
  solar_year: 2018
  price_year: 2023
  carbon_year: 2023
storage_values:
  CAES:
    cost: 64.5176
    lifetime: 24.0788
    annual_cost: 2.6794358522849975
    efficiency: 0.624646
    discharge_ratio: 0.1
    depth_of_discharge: 0.4
  Li-ion:
    cost: 167.897
    lifetime: 20.3918
    annual_cost: 8.233554664129699
    efficiency: 0.936152
    discharge_ratio: 2
    depth_of_discharge: 0.9
  Pb-acid:
    cost: 142.74
    lifetime: 14.5389
    annual_cost: 9.81779914574005
    efficiency: 0.707804
    discharge_ratio: 5
    depth_of_discharge: 0.5
  VRBF:
    cost: 196.033
    lifetime: 24.4412
    annual_cost: 8.020596370063663
    efficiency: 0.743995
    discharge_ratio: 0.5
    depth_of_discharge: 1.0
