cost_values:
  wind_capex: 5000.0
  wind_opex: 100
  wind_lifetime: 20
  solar_capex: 1000.0
  solar_opex: 10
  solar_lifetime: 20
  carbon_price: 1.0
timeseries_values:
  load_level: 251380.34558391193
  wind_year: 2013
  solar_year: 2018
  price_year: 2023
  carbon_year: 2023
storage_values:
  CAES:
    cost: 59.0812
    lifetime: 24.2909
    annual_cost: 2.4322359402080616
    efficiency: 0.610127
    discharge_ratio: 0.1
    depth_of_discharge: 0.4
  Li-ion:
    cost: 171.051
    lifetime: 17.8981
    annual_cost: 9.556936211106207
    efficiency: 0.926516
    discharge_ratio: 2
    depth_of_discharge: 0.9
  Pb-acid:
    cost: 134.324
    lifetime: 14.4643
    annual_cost: 9.286588358925078
    efficiency: 0.728228
    discharge_ratio: 5
    depth_of_discharge: 0.5
  VRBF:
    cost: 212.944
    lifetime: 24.6242
    annual_cost: 8.647753023448479
    efficiency: 0.741647
    discharge_ratio: 0.5
    depth_of_discharge: 1.0
