cost_values:
  wind_capex: 5000.0
  wind_opex: 100
  wind_lifetime: 20
  solar_capex: 1000.0
  solar_opex: 10
  solar_lifetime: 20
  carbon_price: 1.0
timeseries_values:
  load_level: 251380.34558391193
  wind_year: 2013
  solar_year: 2018
  price_year: 2023
  carbon_year: 2023
storage_values:
  CAES:
    cost: 70.761
    lifetime: 24.2696
    annual_cost: 2.915622836799947
    efficiency: 0.607106
    discharge_ratio: 0.1
    depth_of_discharge: 0.4
  Li-ion:
    cost: 162.94
    lifetime: 18.6661
    annual_cost: 8.729193564804646
    efficiency: 0.934263
    discharge_ratio: 2
    depth_of_discharge: 0.9
  Pb-acid:
    cost: 126.128
    lifetime: 14.3133
    annual_cost: 8.811944135873627
    efficiency: 0.743931
    discharge_ratio: 5
    depth_of_discharge: 0.5
  VRBF:
    cost: 152.783
    lifetime: 24.6782
    annual_cost: 6.191010689596485
    efficiency: 0.745607
    discharge_ratio: 0.5
    depth_of_discharge: 1.0
