cost_values:
  wind_capex: 5000.0
  wind_opex: 100
  wind_lifetime: 20
  solar_capex: 1000.0
  solar_opex: 10
  solar_lifetime: 20
  carbon_price: 1.0
timeseries_values:
  load_level: 251380.34558391193
  wind_year: 2013
  solar_year: 2018
  price_year: 2023
  carbon_year: 2023
storage_values:
  CAES:
    cost: 58.9417
    lifetime: 24.2603
    annual_cost: 2.4295536328899474
    efficiency: 0.604704
    discharge_ratio: 0.1
    depth_of_discharge: 0.4
  Li-ion:
    cost: 170.199
    lifetime: 18.9921
    annual_cost: 8.961568231001312
    efficiency: 0.935956
    discharge_ratio: 2
    depth_of_discharge: 0.9
  Pb-acid:
    cost: 134.23
    lifetime: 14.2665
    annual_cost: 9.408754775172605
    efficiency: 0.72471
    discharge_ratio: 5
    depth_of_discharge: 0.5
  VRBF:
    cost: 179.088
    lifetime: 27.2992
    annual_cost: 6.560192240065643
    efficiency: 0.734541
    discharge_ratio: 0.5
    depth_of_discharge: 1.0
