cost_values:
  wind_capex: 5000.0
  wind_opex: 100
  wind_lifetime: 20
  solar_capex: 1000.0
  solar_opex: 10
  solar_lifetime: 20
  carbon_price: 1.0
timeseries_values:
  load_level: 251380.34558391193
  wind_year: 2013
  solar_year: 2018
  price_year: 2023
  carbon_year: 2023
storage_values:
  CAES:
    cost: 72.8568
    lifetime: 23.558
    annual_cost: 3.0926564224467277
    efficiency: 0.605115
    discharge_ratio: 0.1
    depth_of_discharge: 0.4
  Li-ion:
    cost: 174.539
    lifetime: 18.6519
    annual_cost: 9.357706185428828
    efficiency: 0.938706
    discharge_ratio: 2
    depth_of_discharge: 0.9
  Pb-acid:
    cost: 130.919
    lifetime: 16.8887
    annual_cost: 7.751869593278347
    efficiency: 0.72486
    discharge_ratio: 5
    depth_of_discharge: 0.5
  VRBF:
    cost: 171.303
    lifetime: 23.3152
    annual_cost: 7.347267018940434
    efficiency: 0.74275
    discharge_ratio: 0.5
    depth_of_discharge: 1.0
