cost_values:
  wind_capex: 5000.0
  wind_opex: 100
  wind_lifetime: 20
  solar_capex: 1000.0
  solar_opex: 10
  solar_lifetime: 20
  carbon_price: 1.0
timeseries_values:
  load_level: 251380.34558391193
  wind_year: 2013
  solar_year: 2018
  price_year: 2023
  carbon_year: 2023
storage_values:
  CAES:
    cost: 61.3461
    lifetime: 24.0515
    annual_cost: 2.5506143067999916
    efficiency: 0.600937
    discharge_ratio: 0.1
    depth_of_discharge: 0.4
  Li-ion:
    cost: 164.569
    lifetime: 19.2197
    annual_cost: 8.562516584546064
    efficiency: 0.922303
    discharge_ratio: 2
    depth_of_discharge: 0.9
  Pb-acid:
    cost: 144.425
    lifetime: 14.5295
    annual_cost: 9.940121821122544
    efficiency: 0.728496
    discharge_ratio: 5
    depth_of_discharge: 0.5
  VRBF:
    cost: 190.486
    lifetime: 25.0737
    annual_cost: 7.597043914539936
    efficiency: 0.734717
    discharge_ratio: 0.5
    depth_of_discharge: 1.0
