cost_values:
  wind_capex: 5000.0
  wind_opex: 100
  wind_lifetime: 20
  solar_capex: 1000.0
  solar_opex: 10
  solar_lifetime: 20
  carbon_price: 1.0
timeseries_values:
  load_level: 251380.34558391193
  wind_year: 2013
  solar_year: 2018
  price_year: 2023
  carbon_year: 2023
storage_values:
  CAES:
    cost: 59.663
    lifetime: 24.4489
    annual_cost: 2.4403142881683837
    efficiency: 0.599078
    discharge_ratio: 0.1
    depth_of_discharge: 0.4
  Li-ion:
    cost: 173.962
    lifetime: 19.6329
    annual_cost: 8.860738861808494
    efficiency: 0.923159
    discharge_ratio: 2
    depth_of_discharge: 0.9
  Pb-acid:
    cost: 124.731
    lifetime: 13.5212
    annual_cost: 9.224846907079252
    efficiency: 0.735403
    discharge_ratio: 5
    depth_of_discharge: 0.5
  VRBF:
    cost: 199.336
    lifetime: 25.4071
    annual_cost: 7.845680931708066
    efficiency: 0.717846
    discharge_ratio: 0.5
    depth_of_discharge: 1.0
