cost_values:
  wind_capex: 5000.0
  wind_opex: 100
  wind_lifetime: 20
  solar_capex: 1000.0
  solar_opex: 10
  solar_lifetime: 20
  carbon_price: 1.0
timeseries_values:
  load_level: 251380.34558391193
  wind_year: 2013
  solar_year: 2018
  price_year: 2023
  carbon_year: 2023
storage_values:
  CAES:
    cost: 62.2067
    lifetime: 25.5692
    annual_cost: 2.4328762730159723
    efficiency: 0.610112
    discharge_ratio: 0.1
    depth_of_discharge: 0.4
  Li-ion:
    cost: 153.574
    lifetime: 19.0757
    annual_cost: 8.050766157991582
    efficiency: 0.922513
    discharge_ratio: 2
    depth_of_discharge: 0.9
  Pb-acid:
    cost: 123.881
    lifetime: 14.6172
    annual_cost: 8.475015734887666
    efficiency: 0.71017
    discharge_ratio: 5
    depth_of_discharge: 0.5
  VRBF:
    cost: 184.594
    lifetime: 25.2729
    annual_cost: 7.3040292170665015
    efficiency: 0.751206
    discharge_ratio: 0.5
    depth_of_discharge: 1.0
