cost_values:
  wind_capex: 5000.0
  wind_opex: 100
  wind_lifetime: 20
  solar_capex: 1000.0
  solar_opex: 10
  solar_lifetime: 20
  carbon_price: 1.0
timeseries_values:
  load_level: 251380.34558391193
  wind_year: 2013
  solar_year: 2018
  price_year: 2023
  carbon_year: 2023
storage_values:
  CAES:
    cost: 57.9281
    lifetime: 23.924
    annual_cost: 2.4213384049490054
    efficiency: 0.596732
    discharge_ratio: 0.1
    depth_of_discharge: 0.4
  Li-ion:
    cost: 173.496
    lifetime: 17.1197
    annual_cost: 10.134289736385567
    efficiency: 0.933924
    discharge_ratio: 2
    depth_of_discharge: 0.9
  Pb-acid:
    cost: 136.838
    lifetime: 13.3579
    annual_cost: 10.243975475186968
    efficiency: 0.723764
    discharge_ratio: 5
    depth_of_discharge: 0.5
  VRBF:
    cost: 201.065
    lifetime: 25.9462
    annual_cost: 7.749304329728438
    efficiency: 0.753234
    discharge_ratio: 0.5
    depth_of_discharge: 1.0
