cost_values:
  wind_capex: 5000.0
  wind_opex: 100
  wind_lifetime: 20
  solar_capex: 1000.0
  solar_opex: 10
  solar_lifetime: 20
  carbon_price: 1.0
timeseries_values:
  load_level: 251380.34558391193
  wind_year: 2013
  solar_year: 2018
  price_year: 2023
  carbon_year: 2023
storage_values:
  CAES:
    cost: 59.6508
    lifetime: 24.1925
    annual_cost: 2.465673245840653
    efficiency: 0.612003
    discharge_ratio: 0.1
    depth_of_discharge: 0.4
  Li-ion:
    cost: 163.655
    lifetime: 16.7828
    annual_cost: 9.751352575255618
    efficiency: 0.925472
    discharge_ratio: 2
    depth_of_discharge: 0.9
  Pb-acid:
    cost: 108.26
    lifetime: 15.267
    annual_cost: 7.0911115477828
    efficiency: 0.719459
    discharge_ratio: 5
    depth_of_discharge: 0.5
  VRBF:
    cost: 174.739
    lifetime: 27.4778
    annual_cost: 6.359279127149918
    efficiency: 0.739787
    discharge_ratio: 0.5
    depth_of_discharge: 1.0
