cost_values:
  wind_capex: 5000.0
  wind_opex: 100
  wind_lifetime: 20
  solar_capex: 1000.0
  solar_opex: 10
  solar_lifetime: 20
  carbon_price: 1.0
timeseries_values:
  load_level: 251380.34558391193
  wind_year: 2013
  solar_year: 2018
  price_year: 2023
  carbon_year: 2023
storage_values:
  CAES:
    cost: 66.212
    lifetime: 24.5602
    annual_cost: 2.695906385127157
    efficiency: 0.605479
    discharge_ratio: 0.1
    depth_of_discharge: 0.4
  Li-ion:
    cost: 166.46
    lifetime: 18.6214
    annual_cost: 8.939177505450719
    efficiency: 0.917718
    discharge_ratio: 2
    depth_of_discharge: 0.9
  Pb-acid:
    cost: 119.539
    lifetime: 14.3414
    annual_cost: 8.335239237452411
    efficiency: 0.712473
    discharge_ratio: 5
    depth_of_discharge: 0.5
  VRBF:
    cost: 211.086
    lifetime: 23.6383
    annual_cost: 8.929829979313233
    efficiency: 0.742581
    discharge_ratio: 0.5
    depth_of_discharge: 1.0
