cost_values:
  wind_capex: 5000.0
  wind_opex: 100
  wind_lifetime: 20
  solar_capex: 1000.0
  solar_opex: 10
  solar_lifetime: 20
  carbon_price: 1.0
timeseries_values:
  load_level: 251380.34558391193
  wind_year: 2013
  solar_year: 2018
  price_year: 2023
  carbon_year: 2023
storage_values:
  CAES:
    cost: 65.9507
    lifetime: 24.2043
    annual_cost: 2.724751387150217
    efficiency: 0.605664
    discharge_ratio: 0.1
    depth_of_discharge: 0.4
  Li-ion:
    cost: 142.06
    lifetime: 18.9958
    annual_cost: 7.478495246317608
    efficiency: 0.932685
    discharge_ratio: 2
    depth_of_discharge: 0.9
  Pb-acid:
    cost: 125.753
    lifetime: 14.8195
    annual_cost: 8.485643915111845
    efficiency: 0.726252
    discharge_ratio: 5
    depth_of_discharge: 0.5
  VRBF:
    cost: 162.392
    lifetime: 26.0342
    annual_cost: 6.237641256501064
    efficiency: 0.737791
    discharge_ratio: 0.5
    depth_of_discharge: 1.0
