cost_values:
  wind_capex: 5000.0
  wind_opex: 100
  wind_lifetime: 20
  solar_capex: 1000.0
  solar_opex: 10
  solar_lifetime: 20
  carbon_price: 1.0
timeseries_values:
  load_level: 251380.34558391193
  wind_year: 2013
  solar_year: 2018
  price_year: 2023
  carbon_year: 2023
storage_values:
  CAES:
    cost: 69.7124
    lifetime: 24.0011
    annual_cost: 2.9045502081154613
    efficiency: 0.594319
    discharge_ratio: 0.1
    depth_of_discharge: 0.4
  Li-ion:
    cost: 174.75
    lifetime: 20.3102
    annual_cost: 8.604051166408997
    efficiency: 0.921088
    discharge_ratio: 2
    depth_of_discharge: 0.9
  Pb-acid:
    cost: 111.832
    lifetime: 15.3941
    annual_cost: 7.264601373253389
    efficiency: 0.723437
    discharge_ratio: 5
    depth_of_discharge: 0.5
  VRBF:
    cost: 162.716
    lifetime: 23.4889
    annual_cost: 6.9273571772198785
    efficiency: 0.744673
    discharge_ratio: 0.5
    depth_of_discharge: 1.0
