cost_values:
  wind_capex: 5000.0
  wind_opex: 100
  wind_lifetime: 20
  solar_capex: 1000.0
  solar_opex: 10
  solar_lifetime: 20
  carbon_price: 1.0
timeseries_values:
  load_level: 251380.34558391193
  wind_year: 2013
  solar_year: 2018
  price_year: 2023
  carbon_year: 2023
storage_values:
  CAES:
    cost: 63.1478
    lifetime: 24.3736
    annual_cost: 2.590827780877671
    efficiency: 0.612854
    discharge_ratio: 0.1
    depth_of_discharge: 0.4
  Li-ion:
    cost: 169.868
    lifetime: 18.0456
    annual_cost: 9.413264175200602
    efficiency: 0.935215
    discharge_ratio: 2
    depth_of_discharge: 0.9
  Pb-acid:
    cost: 132.317
    lifetime: 14.5618
    annual_cost: 9.086582702687855
    efficiency: 0.726263
    discharge_ratio: 5
    depth_of_discharge: 0.5
  VRBF:
    cost: 187.819
    lifetime: 26.5633
    annual_cost: 7.070619990739101
    efficiency: 0.728776
    discharge_ratio: 0.5
    depth_of_discharge: 1.0
