cost_values:
  wind_capex: 5000.0
  wind_opex: 100
  wind_lifetime: 20
  solar_capex: 1000.0
  solar_opex: 10
  solar_lifetime: 20
  carbon_price: 1.0
timeseries_values:
  load_level: 251380.34558391193
  wind_year: 2013
  solar_year: 2018
  price_year: 2023
  carbon_year: 2023
storage_values:
  CAES:
    cost: 63.6461
    lifetime: 23.9853
    annual_cost: 2.6535461303381656
    efficiency: 0.608017
    discharge_ratio: 0.1
    depth_of_discharge: 0.4
  Li-ion:
    cost: 174.92
    lifetime: 19.2301
    annual_cost: 9.096156546247808
    efficiency: 0.933556
    discharge_ratio: 2
    depth_of_discharge: 0.9
  Pb-acid:
    cost: 145.601
    lifetime: 15.3927
    annual_cost: 9.459094245973741
    efficiency: 0.727815
    discharge_ratio: 5
    depth_of_discharge: 0.5
  VRBF:
    cost: 216.531
    lifetime: 25.3266
    annual_cost: 8.54954869583758
    efficiency: 0.747403
    discharge_ratio: 0.5
    depth_of_discharge: 1.0
