cost_values:
  wind_capex: 5000.0
  wind_opex: 100
  wind_lifetime: 20
  solar_capex: 1000.0
  solar_opex: 10
  solar_lifetime: 20
  carbon_price: 1.0
timeseries_values:
  load_level: 251380.34558391193
  wind_year: 2013
  solar_year: 2018
  price_year: 2023
  carbon_year: 2023
storage_values:
  CAES:
    cost: 69.9837
    lifetime: 22.9771
    annual_cost: 3.0458021247241818
    efficiency: 0.609695
    discharge_ratio: 0.1
    depth_of_discharge: 0.4
  Li-ion:
    cost: 152.771
    lifetime: 19.0855
    annual_cost: 8.004558434413559
    efficiency: 0.929682
    discharge_ratio: 2
    depth_of_discharge: 0.9
  Pb-acid:
    cost: 137.116
    lifetime: 14.2499
    annual_cost: 9.622242963108514
    efficiency: 0.723976
    discharge_ratio: 5
    depth_of_discharge: 0.5
  VRBF:
    cost: 190.239
    lifetime: 26.2352
    annual_cost: 7.251288345429042
    efficiency: 0.754704
    discharge_ratio: 0.5
    depth_of_discharge: 1.0
