cost_values:
  wind_capex: 5000.0
  wind_opex: 100
  wind_lifetime: 20
  solar_capex: 1000.0
  solar_opex: 10
  solar_lifetime: 20
  carbon_price: 1.0
timeseries_values:
  load_level: 251380.34558391193
  wind_year: 2013
  solar_year: 2018
  price_year: 2023
  carbon_year: 2023
storage_values:
  CAES:
    cost: 62.3456
    lifetime: 25.3345
    annual_cost: 2.4608971955238905
    efficiency: 0.610614
    discharge_ratio: 0.1
    depth_of_discharge: 0.4
  Li-ion:
    cost: 148.659
    lifetime: 17.7558
    annual_cost: 8.372419153178116
    efficiency: 0.926533
    discharge_ratio: 2
    depth_of_discharge: 0.9
  Pb-acid:
    cost: 113.726
    lifetime: 14.0587
    annual_cost: 8.089368149259888
    efficiency: 0.722842
    discharge_ratio: 5
    depth_of_discharge: 0.5
  VRBF:
    cost: 176.948
    lifetime: 25.3619
    annual_cost: 6.976922076027428
    efficiency: 0.728988
    discharge_ratio: 0.5
    depth_of_discharge: 1.0
