cost_values:
  wind_capex: 5000.0
  wind_opex: 100
  wind_lifetime: 20
  solar_capex: 1000.0
  solar_opex: 10
  solar_lifetime: 20
  carbon_price: 1.0
timeseries_values:
  load_level: 251380.34558391193
  wind_year: 2013
  solar_year: 2018
  price_year: 2023
  carbon_year: 2023
storage_values:
  CAES:
    cost: 66.9622
    lifetime: 25.5143
    annual_cost: 2.6244968507856377
    efficiency: 0.607242
    discharge_ratio: 0.1
    depth_of_discharge: 0.4
  Li-ion:
    cost: 159.88
    lifetime: 19.1557
    annual_cost: 8.34634077585262
    efficiency: 0.915537
    discharge_ratio: 2
    depth_of_discharge: 0.9
  Pb-acid:
    cost: 110.082
    lifetime: 14.1137
    annual_cost: 7.7996556537265205
    efficiency: 0.729056
    discharge_ratio: 5
    depth_of_discharge: 0.5
  VRBF:
    cost: 176.831
    lifetime: 26.5161
    annual_cost: 6.668816304056779
    efficiency: 0.750415
    discharge_ratio: 0.5
    depth_of_discharge: 1.0
