cost_values:
  wind_capex: 5000.0
  wind_opex: 100
  wind_lifetime: 20
  solar_capex: 1000.0
  solar_opex: 10
  solar_lifetime: 20
  carbon_price: 1.0
timeseries_values:
  load_level: 251380.34558391193
  wind_year: 2013
  solar_year: 2018
  price_year: 2023
  carbon_year: 2023
storage_values:
  CAES:
    cost: 66.6253
    lifetime: 25.2111
    annual_cost: 2.642697065974908
    efficiency: 0.609126
    discharge_ratio: 0.1
    depth_of_discharge: 0.4
  Li-ion:
    cost: 149.003
    lifetime: 18.3874
    annual_cost: 8.103538292526403
    efficiency: 0.930801
    discharge_ratio: 2
    depth_of_discharge: 0.9
  Pb-acid:
    cost: 132.503
    lifetime: 13.1282
    annual_cost: 10.093005895705428
    efficiency: 0.713512
    discharge_ratio: 5
    depth_of_discharge: 0.5
  VRBF:
    cost: 185.304
    lifetime: 27.0592
    annual_cost: 6.848096026490066
    efficiency: 0.743886
    discharge_ratio: 0.5
    depth_of_discharge: 1.0
