cost_values:
  wind_capex: 5000.0
  wind_opex: 100
  wind_lifetime: 20
  solar_capex: 1000.0
  solar_opex: 10
  solar_lifetime: 20
  carbon_price: 1.0
timeseries_values:
  load_level: 251380.34558391193
  wind_year: 2013
  solar_year: 2018
  price_year: 2023
  carbon_year: 2023
storage_values:
  CAES:
    cost: 68.3836
    lifetime: 25.4204
    annual_cost: 2.690107158030558
    efficiency: 0.606025
    discharge_ratio: 0.1
    depth_of_discharge: 0.4
  Li-ion:
    cost: 168.537
    lifetime: 17.8604
    annual_cost: 9.436350809612328
    efficiency: 0.926653
    discharge_ratio: 2
    depth_of_discharge: 0.9
  Pb-acid:
    cost: 133.688
    lifetime: 15.3864
    annual_cost: 8.68871210939531
    efficiency: 0.711041
    discharge_ratio: 5
    depth_of_discharge: 0.5
  VRBF:
    cost: 173.555
    lifetime: 26.6585
    annual_cost: 6.510306281298648
    efficiency: 0.753979
    discharge_ratio: 0.5
    depth_of_discharge: 1.0
