cost_values:
  wind_capex: 5000.0
  wind_opex: 100
  wind_lifetime: 20
  solar_capex: 1000.0
  solar_opex: 10
  solar_lifetime: 20
  carbon_price: 1.0
timeseries_values:
  load_level: 251380.34558391193
  wind_year: 2013
  solar_year: 2018
  price_year: 2023
  carbon_year: 2023
storage_values:
  CAES:
    cost: 69.5623
    lifetime: 23.9821
    annual_cost: 2.9005925252584217
    efficiency: 0.611288
    discharge_ratio: 0.1
    depth_of_discharge: 0.4
  Li-ion:
    cost: 165.734
    lifetime: 16.811
    annual_cost: 9.85866397001963
    efficiency: 0.915779
    discharge_ratio: 2
    depth_of_discharge: 0.9
  Pb-acid:
    cost: 135.721
    lifetime: 15.0997
    annual_cost: 8.988324271343139
    efficiency: 0.713582
    discharge_ratio: 5
    depth_of_discharge: 0.5
  VRBF:
    cost: 198.879
    lifetime: 25.1461
    annual_cost: 7.908940153741534
    efficiency: 0.737438
    discharge_ratio: 0.5
    depth_of_discharge: 1.0
