cost_values:
  wind_capex: 5000.0
  wind_opex: 100
  wind_lifetime: 20
  solar_capex: 1000.0
  solar_opex: 10
  solar_lifetime: 20
  carbon_price: 1.0
timeseries_values:
  load_level: 251380.34558391193
  wind_year: 2013
  solar_year: 2018
  price_year: 2023
  carbon_year: 2023
storage_values:
  CAES:
    cost: 62.3237
    lifetime: 24.0862
    annual_cost: 2.587527297788775
    efficiency: 0.613645
    discharge_ratio: 0.1
    depth_of_discharge: 0.4
  Li-ion:
    cost: 152.556
    lifetime: 19.2099
    annual_cost: 7.941530148517171
    efficiency: 0.91249
    discharge_ratio: 2
    depth_of_discharge: 0.9
  Pb-acid:
    cost: 138.352
    lifetime: 15.1801
    annual_cost: 9.11403745693375
    efficiency: 0.723253
    discharge_ratio: 5
    depth_of_discharge: 0.5
  VRBF:
    cost: 184.779
    lifetime: 24.5584
    annual_cost: 7.5240650856733335
    efficiency: 0.755131
    discharge_ratio: 0.5
    depth_of_discharge: 1.0
