cost_values:
  wind_capex: 5000.0
  wind_opex: 100
  wind_lifetime: 20
  solar_capex: 1000.0
  solar_opex: 10
  solar_lifetime: 20
  carbon_price: 1.0
timeseries_values:
  load_level: 251380.34558391193
  wind_year: 2013
  solar_year: 2018
  price_year: 2023
  carbon_year: 2023
storage_values:
  CAES:
    cost: 66.8064
    lifetime: 23.603
    annual_cost: 2.830419861881964
    efficiency: 0.613991
    discharge_ratio: 0.1
    depth_of_discharge: 0.4
  Li-ion:
    cost: 157.457
    lifetime: 19.9117
    annual_cost: 7.9077627726412105
    efficiency: 0.918907
    discharge_ratio: 2
    depth_of_discharge: 0.9
  Pb-acid:
    cost: 122.706
    lifetime: 15.1817
    annual_cost: 8.082494055342947
    efficiency: 0.729492
    discharge_ratio: 5
    depth_of_discharge: 0.5
  VRBF:
    cost: 205.87
    lifetime: 26.008
    annual_cost: 7.9156413411258075
    efficiency: 0.725462
    discharge_ratio: 0.5
    depth_of_discharge: 1.0
