cost_values:
  wind_capex: 5000.0
  wind_opex: 100
  wind_lifetime: 20
  solar_capex: 1000.0
  solar_opex: 10
  solar_lifetime: 20
  carbon_price: 1.0
timeseries_values:
  load_level: 251380.34558391193
  wind_year: 2013
  solar_year: 2018
  price_year: 2023
  carbon_year: 2023
storage_values:
  CAES:
    cost: 61.4418
    lifetime: 24.6441
    annual_cost: 2.4931646925633313
    efficiency: 0.614792
    discharge_ratio: 0.1
    depth_of_discharge: 0.4
  Li-ion:
    cost: 161.98
    lifetime: 17.4632
    annual_cost: 9.275505062073387
    efficiency: 0.930039
    discharge_ratio: 2
    depth_of_discharge: 0.9
  Pb-acid:
    cost: 144.806
    lifetime: 14.8448
    annual_cost: 9.754661564992457
    efficiency: 0.72398
    discharge_ratio: 5
    depth_of_discharge: 0.5
  VRBF:
    cost: 185.957
    lifetime: 26.2992
    annual_cost: 7.070823447101053
    efficiency: 0.755853
    discharge_ratio: 0.5
    depth_of_discharge: 1.0
