cost_values:
  wind_capex: 5000.0
  wind_opex: 100
  wind_lifetime: 20
  solar_capex: 1000.0
  solar_opex: 10
  solar_lifetime: 20
  carbon_price: 1.0
timeseries_values:
  load_level: 251380.34558391193
  wind_year: 2013
  solar_year: 2018
  price_year: 2023
  carbon_year: 2023
storage_values:
  CAES:
    cost: 61.4392
    lifetime: 23.6019
    annual_cost: 2.6031463568611
    efficiency: 0.608638
    discharge_ratio: 0.1
    depth_of_discharge: 0.4
  Li-ion:
    cost: 174.369
    lifetime: 17.0661
    annual_cost: 10.217272839137237
    efficiency: 0.944307
    discharge_ratio: 2
    depth_of_discharge: 0.9
  Pb-acid:
    cost: 139.342
    lifetime: 15.1636
    annual_cost: 9.189242660054342
    efficiency: 0.718288
    discharge_ratio: 5
    depth_of_discharge: 0.5
  VRBF:
    cost: 177.841
    lifetime: 24.8013
    annual_cost: 7.170632184603226
    efficiency: 0.752281
    discharge_ratio: 0.5
    depth_of_discharge: 1.0
