cost_values:
  wind_capex: 5000.0
  wind_opex: 100
  wind_lifetime: 20
  solar_capex: 1000.0
  solar_opex: 10
  solar_lifetime: 20
  carbon_price: 1.0
timeseries_values:
  load_level: 251380.34558391193
  wind_year: 2013
  solar_year: 2018
  price_year: 2023
  carbon_year: 2023
storage_values:
  CAES:
    cost: 58.0855
    lifetime: 24.7935
    annual_cost: 2.3427712908625242
    efficiency: 0.604895
    discharge_ratio: 0.1
    depth_of_discharge: 0.4
  Li-ion:
    cost: 166.748
    lifetime: 18.99
    annual_cost: 8.780832016850974
    efficiency: 0.92546
    discharge_ratio: 2
    depth_of_discharge: 0.9
  Pb-acid:
    cost: 124.861
    lifetime: 13.4491
    annual_cost: 9.283966956896744
    efficiency: 0.705522
    discharge_ratio: 5
    depth_of_discharge: 0.5
  VRBF:
    cost: 219.699
    lifetime: 25.6943
    annual_cost: 8.550495635218708
    efficiency: 0.729096
    discharge_ratio: 0.5
    depth_of_discharge: 1.0
