cost_values:
  wind_capex: 5000.0
  wind_opex: 100
  wind_lifetime: 20
  solar_capex: 1000.0
  solar_opex: 10
  solar_lifetime: 20
  carbon_price: 1.0
timeseries_values:
  load_level: 251380.34558391193
  wind_year: 2013
  solar_year: 2018
  price_year: 2023
  carbon_year: 2023
storage_values:
  CAES:
    cost: 67.9364
    lifetime: 24.1787
    annual_cost: 2.8097623114559513
    efficiency: 0.605782
    discharge_ratio: 0.1
    depth_of_discharge: 0.4
  Li-ion:
    cost: 180.566
    lifetime: 18.989
    annual_cost: 9.508978882510927
    efficiency: 0.918726
    discharge_ratio: 2
    depth_of_discharge: 0.9
  Pb-acid:
    cost: 130.526
    lifetime: 14.0317
    annual_cost: 9.302222824034152
    efficiency: 0.710191
    discharge_ratio: 5
    depth_of_discharge: 0.5
  VRBF:
    cost: 202.317
    lifetime: 24.9809
    annual_cost: 8.098867534796586
    efficiency: 0.749123
    discharge_ratio: 0.5
    depth_of_discharge: 1.0
