cost_values:
  wind_capex: 5000.0
  wind_opex: 100
  wind_lifetime: 20
  solar_capex: 1000.0
  solar_opex: 10
  solar_lifetime: 20
  carbon_price: 1.0
timeseries_values:
  load_level: 251380.34558391193
  wind_year: 2013
  solar_year: 2018
  price_year: 2023
  carbon_year: 2023
storage_values:
  CAES:
    cost: 57.2433
    lifetime: 23.4011
    annual_cost: 2.446179880432971
    efficiency: 0.610908
    discharge_ratio: 0.1
    depth_of_discharge: 0.4
  Li-ion:
    cost: 151.015
    lifetime: 19.6909
    annual_cost: 7.669278702344737
    efficiency: 0.931712
    discharge_ratio: 2
    depth_of_discharge: 0.9
  Pb-acid:
    cost: 123.857
    lifetime: 14.9193
    annual_cost: 8.301797001199787
    efficiency: 0.723064
    discharge_ratio: 5
    depth_of_discharge: 0.5
  VRBF:
    cost: 185.557
    lifetime: 22.5144
    annual_cost: 8.241703087801584
    efficiency: 0.741793
    discharge_ratio: 0.5
    depth_of_discharge: 1.0
