cost_values:
  wind_capex: 5000.0
  wind_opex: 100
  wind_lifetime: 20
  solar_capex: 1000.0
  solar_opex: 10
  solar_lifetime: 20
  carbon_price: 1.0
timeseries_values:
  load_level: 251380.34558391193
  wind_year: 2013
  solar_year: 2018
  price_year: 2023
  carbon_year: 2023
storage_values:
  CAES:
    cost: 72.4347
    lifetime: 24.6135
    annual_cost: 2.9428850021329764
    efficiency: 0.614694
    discharge_ratio: 0.1
    depth_of_discharge: 0.4
  Li-ion:
    cost: 171.43
    lifetime: 20.0647
    annual_cost: 8.543860610923662
    efficiency: 0.942225
    discharge_ratio: 2
    depth_of_discharge: 0.9
  Pb-acid:
    cost: 138.311
    lifetime: 14.8087
    annual_cost: 9.339847522064733
    efficiency: 0.72225
    discharge_ratio: 5
    depth_of_discharge: 0.5
  VRBF:
    cost: 197.114
    lifetime: 26.0214
    annual_cost: 7.575072824675075
    efficiency: 0.744385
    discharge_ratio: 0.5
    depth_of_discharge: 1.0
