cost_values:
  wind_capex: 5000.0
  wind_opex: 100
  wind_lifetime: 20
  solar_capex: 1000.0
  solar_opex: 10
  solar_lifetime: 20
  carbon_price: 1.0
timeseries_values:
  load_level: 251380.34558391193
  wind_year: 2013
  solar_year: 2018
  price_year: 2023
  carbon_year: 2023
storage_values:
  CAES:
    cost: 62.8949
    lifetime: 24.8281
    annual_cost: 2.5332143820912596
    efficiency: 0.609038
    discharge_ratio: 0.1
    depth_of_discharge: 0.4
  Li-ion:
    cost: 146.808
    lifetime: 18.8245
    annual_cost: 7.798772875773592
    efficiency: 0.928183
    discharge_ratio: 2
    depth_of_discharge: 0.9
  Pb-acid:
    cost: 141.468
    lifetime: 13.8744
    annual_cost: 10.196332814391972
    efficiency: 0.721818
    discharge_ratio: 5
    depth_of_discharge: 0.5
  VRBF:
    cost: 184.254
    lifetime: 27.6558
    annual_cost: 6.662399930575141
    efficiency: 0.743306
    discharge_ratio: 0.5
    depth_of_discharge: 1.0
