cost_values:
  wind_capex: 5000.0
  wind_opex: 100
  wind_lifetime: 20
  solar_capex: 1000.0
  solar_opex: 10
  solar_lifetime: 20
  carbon_price: 1.0
timeseries_values:
  load_level: 251380.34558391193
  wind_year: 2013
  solar_year: 2018
  price_year: 2023
  carbon_year: 2023
storage_values:
  CAES:
    cost: 59.3925
    lifetime: 25.0154
    annual_cost: 2.3742374697186532
    efficiency: 0.604853
    discharge_ratio: 0.1
    depth_of_discharge: 0.4
  Li-ion:
    cost: 150.038
    lifetime: 19.6381
    annual_cost: 7.640148486869911
    efficiency: 0.92474
    discharge_ratio: 2
    depth_of_discharge: 0.9
  Pb-acid:
    cost: 127.093
    lifetime: 13.9944
    annual_cost: 9.081704110215515
    efficiency: 0.727639
    discharge_ratio: 5
    depth_of_discharge: 0.5
  VRBF:
    cost: 167.855
    lifetime: 24.3269
    annual_cost: 6.899974924877399
    efficiency: 0.744304
    discharge_ratio: 0.5
    depth_of_discharge: 1.0
