cost_values:
  wind_capex: 5000.0
  wind_opex: 100
  wind_lifetime: 20
  solar_capex: 1000.0
  solar_opex: 10
  solar_lifetime: 20
  carbon_price: 1.0
timeseries_values:
  load_level: 251380.34558391193
  wind_year: 2013
  solar_year: 2018
  price_year: 2023
  carbon_year: 2023
storage_values:
  CAES:
    cost: 68.4564
    lifetime: 24.5781
    annual_cost: 2.7852600485798336
    efficiency: 0.613788
    discharge_ratio: 0.1
    depth_of_discharge: 0.4
  Li-ion:
    cost: 155.468
    lifetime: 18.8119
    annual_cost: 8.264343314604053
    efficiency: 0.92789
    discharge_ratio: 2
    depth_of_discharge: 0.9
  Pb-acid:
    cost: 148.409
    lifetime: 15.2122
    annual_cost: 9.755919590854708
    efficiency: 0.726614
    discharge_ratio: 5
    depth_of_discharge: 0.5
  VRBF:
    cost: 190.908
    lifetime: 24.7381
    annual_cost: 7.717165020757455
    efficiency: 0.748928
    discharge_ratio: 0.5
    depth_of_discharge: 1.0
