cost_values:
  wind_capex: 5000.0
  wind_opex: 100
  wind_lifetime: 20
  solar_capex: 1000.0
  solar_opex: 10
  solar_lifetime: 20
  carbon_price: 1.0
timeseries_values:
  load_level: 251380.34558391193
  wind_year: 2013
  solar_year: 2018
  price_year: 2023
  carbon_year: 2023
storage_values:
  CAES:
    cost: 53.8453
    lifetime: 25.3673
    annual_cost: 2.1226263733231368
    efficiency: 0.60331
    discharge_ratio: 0.1
    depth_of_discharge: 0.4
  Li-ion:
    cost: 167.47
    lifetime: 19.1493
    annual_cost: 8.745489391257122
    efficiency: 0.936308
    discharge_ratio: 2
    depth_of_discharge: 0.9
  Pb-acid:
    cost: 134.12
    lifetime: 14.3707
    annual_cost: 9.332878704586417
    efficiency: 0.71244
    discharge_ratio: 5
    depth_of_discharge: 0.5
  VRBF:
    cost: 182.025
    lifetime: 26.2246
    annual_cost: 6.941001959991764
    efficiency: 0.753823
    discharge_ratio: 0.5
    depth_of_discharge: 1.0
