cost_values:
  wind_capex: 5000.0
  wind_opex: 100
  wind_lifetime: 20
  solar_capex: 1000.0
  solar_opex: 10
  solar_lifetime: 20
  carbon_price: 1.0
timeseries_values:
  load_level: 251380.34558391193
  wind_year: 2013
  solar_year: 2018
  price_year: 2023
  carbon_year: 2023
storage_values:
  CAES:
    cost: 62.9059
    lifetime: 23.4108
    annual_cost: 2.687046149640337
    efficiency: 0.611449
    discharge_ratio: 0.1
    depth_of_discharge: 0.4
  Li-ion:
    cost: 161.751
    lifetime: 17.5495
    annual_cost: 9.216843784723213
    efficiency: 0.932659
    discharge_ratio: 2
    depth_of_discharge: 0.9
  Pb-acid:
    cost: 130.382
    lifetime: 14.7461
    annual_cost: 8.841795457782057
    efficiency: 0.709615
    discharge_ratio: 5
    depth_of_discharge: 0.5
  VRBF:
    cost: 169.373
    lifetime: 22.9155
    annual_cost: 7.391198097357683
    efficiency: 0.746157
    discharge_ratio: 0.5
    depth_of_discharge: 1.0
