cost_values:
  wind_capex: 5000.0
  wind_opex: 100
  wind_lifetime: 20
  solar_capex: 1000.0
  solar_opex: 10
  solar_lifetime: 20
  carbon_price: 1.0
timeseries_values:
  load_level: 251380.34558391193
  wind_year: 2013
  solar_year: 2018
  price_year: 2023
  carbon_year: 2023
storage_values:
  CAES:
    cost: 59.0244
    lifetime: 24.8516
    annual_cost: 2.3750744418870413
    efficiency: 0.618331
    discharge_ratio: 0.1
    depth_of_discharge: 0.4
  Li-ion:
    cost: 153.503
    lifetime: 19.3838
    annual_cost: 7.919138662181821
    efficiency: 0.916259
    discharge_ratio: 2
    depth_of_discharge: 0.9
  Pb-acid:
    cost: 131.874
    lifetime: 16.0558
    annual_cost: 8.213480486802275
    efficiency: 0.721157
    discharge_ratio: 5
    depth_of_discharge: 0.5
  VRBF:
    cost: 181.704
    lifetime: 24.9479
    annual_cost: 7.283338477386875
    efficiency: 0.750944
    discharge_ratio: 0.5
    depth_of_discharge: 1.0
