cost_values:
  wind_capex: 5000.0
  wind_opex: 100
  wind_lifetime: 20
  solar_capex: 1000.0
  solar_opex: 10
  solar_lifetime: 20
  carbon_price: 1.0
timeseries_values:
  load_level: 251380.34558391193
  wind_year: 2013
  solar_year: 2018
  price_year: 2023
  carbon_year: 2023
storage_values:
  CAES:
    cost: 60.7628
    lifetime: 24.6094
    annual_cost: 2.4690890472746183
    efficiency: 0.604535
    discharge_ratio: 0.1
    depth_of_discharge: 0.4
  Li-ion:
    cost: 171.985
    lifetime: 19.5237
    annual_cost: 8.809037221428316
    efficiency: 0.938597
    discharge_ratio: 2
    depth_of_discharge: 0.9
  Pb-acid:
    cost: 126.219
    lifetime: 14.9909
    annual_cost: 8.419707956160071
    efficiency: 0.72967
    discharge_ratio: 5
    depth_of_discharge: 0.5
  VRBF:
    cost: 177.429
    lifetime: 25.496
    annual_cost: 6.95909162221525
    efficiency: 0.740538
    discharge_ratio: 0.5
    depth_of_discharge: 1.0
