cost_values:
  wind_capex: 5000.0
  wind_opex: 100
  wind_lifetime: 20
  solar_capex: 1000.0
  solar_opex: 10
  solar_lifetime: 20
  carbon_price: 1.0
timeseries_values:
  load_level: 251380.34558391193
  wind_year: 2013
  solar_year: 2018
  price_year: 2023
  carbon_year: 2023
storage_values:
  CAES:
    cost: 63.1464
    lifetime: 24.5441
    annual_cost: 2.572773090070526
    efficiency: 0.615649
    discharge_ratio: 0.1
    depth_of_discharge: 0.4
  Li-ion:
    cost: 155.004
    lifetime: 17.1981
    annual_cost: 9.012856071310202
    efficiency: 0.922647
    discharge_ratio: 2
    depth_of_discharge: 0.9
  Pb-acid:
    cost: 123.752
    lifetime: 14.4628
    annual_cost: 8.556572724507012
    efficiency: 0.734142
    discharge_ratio: 5
    depth_of_discharge: 0.5
  VRBF:
    cost: 201.637
    lifetime: 24.8846
    annual_cost: 8.102882907501025
    efficiency: 0.719021
    discharge_ratio: 0.5
    depth_of_discharge: 1.0
