cost_values:
  wind_capex: 5000.0
  wind_opex: 100
  wind_lifetime: 20
  solar_capex: 1000.0
  solar_opex: 10
  solar_lifetime: 20
  carbon_price: 1.0
timeseries_values:
  load_level: 251380.34558391193
  wind_year: 2013
  solar_year: 2018
  price_year: 2023
  carbon_year: 2023
storage_values:
  CAES:
    cost: 57.0651
    lifetime: 25.4426
    annual_cost: 2.2428957732307233
    efficiency: 0.606674
    discharge_ratio: 0.1
    depth_of_discharge: 0.4
  Li-ion:
    cost: 176.523
    lifetime: 18.2819
    annual_cost: 9.655615663579825
    efficiency: 0.932107
    discharge_ratio: 2
    depth_of_discharge: 0.9
  Pb-acid:
    cost: 137.055
    lifetime: 15.1311
    annual_cost: 9.057834526240658
    efficiency: 0.717693
    discharge_ratio: 5
    depth_of_discharge: 0.5
  VRBF:
    cost: 177.086
    lifetime: 25.2518
    annual_cost: 7.0128070078172655
    efficiency: 0.731919
    discharge_ratio: 0.5
    depth_of_discharge: 1.0
