cost_values:
  wind_capex: 5000.0
  wind_opex: 100
  wind_lifetime: 20
  solar_capex: 1000.0
  solar_opex: 10
  solar_lifetime: 20
  carbon_price: 1.0
timeseries_values:
  load_level: 251380.34558391193
  wind_year: 2013
  solar_year: 2018
  price_year: 2023
  carbon_year: 2023
storage_values:
  CAES:
    cost: 57.5228
    lifetime: 25.32
    annual_cost: 2.2718325434439177
    efficiency: 0.603585
    discharge_ratio: 0.1
    depth_of_discharge: 0.4
  Li-ion:
    cost: 178.2
    lifetime: 17.3441
    annual_cost: 10.274387255608534
    efficiency: 0.929466
    discharge_ratio: 2
    depth_of_discharge: 0.9
  Pb-acid:
    cost: 126.241
    lifetime: 14.678
    annual_cost: 8.6006949175637
    efficiency: 0.717356
    discharge_ratio: 5
    depth_of_discharge: 0.5
  VRBF:
    cost: 166.199
    lifetime: 25.6347
    annual_cost: 6.483360445021788
    efficiency: 0.736845
    discharge_ratio: 0.5
    depth_of_discharge: 1.0
