cost_values:
  wind_capex: 5000.0
  wind_opex: 100
  wind_lifetime: 20
  solar_capex: 1000.0
  solar_opex: 10
  solar_lifetime: 20
  carbon_price: 1.0
timeseries_values:
  load_level: 251380.34558391193
  wind_year: 2013
  solar_year: 2018
  price_year: 2023
  carbon_year: 2023
storage_values:
  CAES:
    cost: 64.8267
    lifetime: 23.9354
    annual_cost: 2.708402617044211
    efficiency: 0.612952
    discharge_ratio: 0.1
    depth_of_discharge: 0.4
  Li-ion:
    cost: 184.382
    lifetime: 18.1652
    annual_cost: 10.150287362649463
    efficiency: 0.930926
    discharge_ratio: 2
    depth_of_discharge: 0.9
  Pb-acid:
    cost: 137.517
    lifetime: 14.2853
    annual_cost: 9.62646916760586
    efficiency: 0.722695
    discharge_ratio: 5
    depth_of_discharge: 0.5
  VRBF:
    cost: 171.128
    lifetime: 25.4144
    annual_cost: 6.733505414253336
    efficiency: 0.735847
    discharge_ratio: 0.5
    depth_of_discharge: 1.0
