cost_values:
  wind_capex: 5000.0
  wind_opex: 100
  wind_lifetime: 20
  solar_capex: 1000.0
  solar_opex: 10
  solar_lifetime: 20
  carbon_price: 1.0
timeseries_values:
  load_level: 251380.34558391193
  wind_year: 2013
  solar_year: 2018
  price_year: 2023
  carbon_year: 2023
storage_values:
  CAES:
    cost: 54.9182
    lifetime: 24.985
    annual_cost: 2.198046828096858
    efficiency: 0.60555
    discharge_ratio: 0.1
    depth_of_discharge: 0.4
  Li-ion:
    cost: 144.306
    lifetime: 18.7178
    annual_cost: 7.709559884174423
    efficiency: 0.93972
    discharge_ratio: 2
    depth_of_discharge: 0.9
  Pb-acid:
    cost: 112.454
    lifetime: 14.5531
    annual_cost: 7.727150916299619
    efficiency: 0.71391
    discharge_ratio: 5
    depth_of_discharge: 0.5
  VRBF:
    cost: 188.193
    lifetime: 27.0444
    annual_cost: 6.9586679682300225
    efficiency: 0.744217
    discharge_ratio: 0.5
    depth_of_discharge: 1.0
