cost_values:
  wind_capex: 5000.0
  wind_opex: 100
  wind_lifetime: 20
  solar_capex: 1000.0
  solar_opex: 10
  solar_lifetime: 20
  carbon_price: 1.0
timeseries_values:
  load_level: 251380.34558391193
  wind_year: 2013
  solar_year: 2018
  price_year: 2023
  carbon_year: 2023
storage_values:
  CAES:
    cost: 60.654
    lifetime: 24.507
    annual_cost: 2.4749663361488556
    efficiency: 0.615826
    discharge_ratio: 0.1
    depth_of_discharge: 0.4
  Li-ion:
    cost: 174.412
    lifetime: 18.2192
    annual_cost: 9.57297795731975
    efficiency: 0.927923
    discharge_ratio: 2
    depth_of_discharge: 0.9
  Pb-acid:
    cost: 121.279
    lifetime: 14.4494
    annual_cost: 8.393358893794897
    efficiency: 0.713227
    discharge_ratio: 5
    depth_of_discharge: 0.5
  VRBF:
    cost: 187.27
    lifetime: 23.2306
    annual_cost: 8.061350115795547
    efficiency: 0.764345
    discharge_ratio: 0.5
    depth_of_discharge: 1.0
