cost_values:
  wind_capex: 5000.0
  wind_opex: 100
  wind_lifetime: 20
  solar_capex: 1000.0
  solar_opex: 10
  solar_lifetime: 20
  carbon_price: 1.0
timeseries_values:
  load_level: 251380.34558391193
  wind_year: 2013
  solar_year: 2018
  price_year: 2023
  carbon_year: 2023
storage_values:
  CAES:
    cost: 65.9374
    lifetime: 24.3625
    annual_cost: 2.7065120574653667
    efficiency: 0.606475
    discharge_ratio: 0.1
    depth_of_discharge: 0.4
  Li-ion:
    cost: 177.664
    lifetime: 17.2257
    annual_cost: 10.313891452887255
    efficiency: 0.922355
    discharge_ratio: 2
    depth_of_discharge: 0.9
  Pb-acid:
    cost: 150.229
    lifetime: 14.7691
    annual_cost: 10.171845271546676
    efficiency: 0.714515
    discharge_ratio: 5
    depth_of_discharge: 0.5
  VRBF:
    cost: 215.51
    lifetime: 23.6317
    annual_cost: 9.119530122674204
    efficiency: 0.753465
    discharge_ratio: 0.5
    depth_of_discharge: 1.0
