cost_values:
  wind_capex: 5000.0
  wind_opex: 100
  wind_lifetime: 20
  solar_capex: 1000.0
  solar_opex: 10
  solar_lifetime: 20
  carbon_price: 1.0
timeseries_values:
  load_level: 251380.34558391193
  wind_year: 2013
  solar_year: 2018
  price_year: 2023
  carbon_year: 2023
storage_values:
  CAES:
    cost: 62.2639
    lifetime: 24.3438
    annual_cost: 2.5576902537812503
    efficiency: 0.616247
    discharge_ratio: 0.1
    depth_of_discharge: 0.4
  Li-ion:
    cost: 164.047
    lifetime: 18.5625
    annual_cost: 8.837548821548822
    efficiency: 0.935983
    discharge_ratio: 2
    depth_of_discharge: 0.9
  Pb-acid:
    cost: 140.516
    lifetime: 14.4748
    annual_cost: 9.70762981181087
    efficiency: 0.716919
    discharge_ratio: 5
    depth_of_discharge: 0.5
  VRBF:
    cost: 199.967
    lifetime: 27.102
    annual_cost: 7.378311563722235
    efficiency: 0.732068
    discharge_ratio: 0.5
    depth_of_discharge: 1.0
