cost_values:
  wind_capex: 5000.0
  wind_opex: 100
  wind_lifetime: 20
  solar_capex: 1000.0
  solar_opex: 10
  solar_lifetime: 20
  carbon_price: 1.0
timeseries_values:
  load_level: 251380.34558391193
  wind_year: 2013
  solar_year: 2018
  price_year: 2023
  carbon_year: 2023
storage_values:
  CAES:
    cost: 64.1188
    lifetime: 25.1862
    annual_cost: 2.54579094901176
    efficiency: 0.615099
    discharge_ratio: 0.1
    depth_of_discharge: 0.4
  Li-ion:
    cost: 172.37
    lifetime: 19.219
    annual_cost: 8.968728862063582
    efficiency: 0.914853
    discharge_ratio: 2
    depth_of_discharge: 0.9
  Pb-acid:
    cost: 143.016
    lifetime: 13.1649
    annual_cost: 10.863432308638881
    efficiency: 0.725743
    discharge_ratio: 5
    depth_of_discharge: 0.5
  VRBF:
    cost: 176.861
    lifetime: 24.2032
    annual_cost: 7.3073395253520195
    efficiency: 0.746575
    discharge_ratio: 0.5
    depth_of_discharge: 1.0
