cost_values:
  wind_capex: 5000.0
  wind_opex: 100
  wind_lifetime: 20
  solar_capex: 1000.0
  solar_opex: 10
  solar_lifetime: 20
  carbon_price: 1.0
timeseries_values:
  load_level: 251380.34558391193
  wind_year: 2013
  solar_year: 2018
  price_year: 2023
  carbon_year: 2023
storage_values:
  CAES:
    cost: 61.8905
    lifetime: 25.0474
    annual_cost: 2.4709351070370578
    efficiency: 0.606836
    discharge_ratio: 0.1
    depth_of_discharge: 0.4
  Li-ion:
    cost: 191.05
    lifetime: 18.619
    annual_cost: 10.261023685482572
    efficiency: 0.921907
    discharge_ratio: 2
    depth_of_discharge: 0.9
  Pb-acid:
    cost: 120.407
    lifetime: 15.1362
    annual_cost: 7.954902815766176
    efficiency: 0.720449
    discharge_ratio: 5
    depth_of_discharge: 0.5
  VRBF:
    cost: 189.243
    lifetime: 26.6713
    annual_cost: 7.095379677780985
    efficiency: 0.76363
    discharge_ratio: 0.5
    depth_of_discharge: 1.0
