cost_values:
  wind_capex: 5000.0
  wind_opex: 100
  wind_lifetime: 20
  solar_capex: 1000.0
  solar_opex: 10
  solar_lifetime: 20
  carbon_price: 1.0
timeseries_values:
  load_level: 251380.34558391193
  wind_year: 2013
  solar_year: 2018
  price_year: 2023
  carbon_year: 2023
storage_values:
  CAES:
    cost: 59.8228
    lifetime: 24.1731
    annual_cost: 2.4747674067455145
    efficiency: 0.611827
    discharge_ratio: 0.1
    depth_of_discharge: 0.4
  Li-ion:
    cost: 167.324
    lifetime: 16.9261
    annual_cost: 9.885561351994848
    efficiency: 0.907663
    discharge_ratio: 2
    depth_of_discharge: 0.9
  Pb-acid:
    cost: 136.212
    lifetime: 15.2786
    annual_cost: 8.91521474480646
    efficiency: 0.736944
    discharge_ratio: 5
    depth_of_discharge: 0.5
  VRBF:
    cost: 197.848
    lifetime: 25.2678
    annual_cost: 7.8300445626449475
    efficiency: 0.738568
    discharge_ratio: 0.5
    depth_of_discharge: 1.0
