cost_values:
  wind_capex: 5000.0
  wind_opex: 100
  wind_lifetime: 20
  solar_capex: 1000.0
  solar_opex: 10
  solar_lifetime: 20
  carbon_price: 1.0
timeseries_values:
  load_level: 251380.34558391193
  wind_year: 2013
  solar_year: 2018
  price_year: 2023
  carbon_year: 2023
storage_values:
  CAES:
    cost: 53.9246
    lifetime: 24.9719
    annual_cost: 2.159411178164256
    efficiency: 0.609198
    discharge_ratio: 0.1
    depth_of_discharge: 0.4
  Li-ion:
    cost: 173.228
    lifetime: 17.6888
    annual_cost: 9.79308941250961
    efficiency: 0.91836
    discharge_ratio: 2
    depth_of_discharge: 0.9
  Pb-acid:
    cost: 139.403
    lifetime: 13.6543
    annual_cost: 10.209457826472248
    efficiency: 0.726386
    discharge_ratio: 5
    depth_of_discharge: 0.5
  VRBF:
    cost: 162.153
    lifetime: 25.9809
    annual_cost: 6.241238756163182
    efficiency: 0.740384
    discharge_ratio: 0.5
    depth_of_discharge: 1.0
