cost_values:
  wind_capex: 5000.0
  wind_opex: 100
  wind_lifetime: 20
  solar_capex: 1000.0
  solar_opex: 10
  solar_lifetime: 20
  carbon_price: 1.0
timeseries_values:
  load_level: 251380.34558391193
  wind_year: 2013
  solar_year: 2018
  price_year: 2023
  carbon_year: 2023
storage_values:
  CAES:
    cost: 60.772
    lifetime: 23.5103
    annual_cost: 2.584909592816765
    efficiency: 0.600146
    discharge_ratio: 0.1
    depth_of_discharge: 0.4
  Li-ion:
    cost: 156.473
    lifetime: 19.5729
    annual_cost: 7.994369766360632
    efficiency: 0.932003
    discharge_ratio: 2
    depth_of_discharge: 0.9
  Pb-acid:
    cost: 127.86
    lifetime: 16.3329
    annual_cost: 7.8283709567804864
    efficiency: 0.729892
    discharge_ratio: 5
    depth_of_discharge: 0.5
  VRBF:
    cost: 209.318
    lifetime: 24.3181
    annual_cost: 8.607498118685259
    efficiency: 0.737779
    discharge_ratio: 0.5
    depth_of_discharge: 1.0
