cost_values:
  wind_capex: 5000.0
  wind_opex: 100
  wind_lifetime: 20
  solar_capex: 1000.0
  solar_opex: 10
  solar_lifetime: 20
  carbon_price: 1.0
timeseries_values:
  load_level: 251380.34558391193
  wind_year: 2013
  solar_year: 2018
  price_year: 2023
  carbon_year: 2023
storage_values:
  CAES:
    cost: 60.6215
    lifetime: 24.6068
    annual_cost: 2.4636076206577044
    efficiency: 0.606566
    discharge_ratio: 0.1
    depth_of_discharge: 0.4
  Li-ion:
    cost: 181.901
    lifetime: 16.8051
    annual_cost: 10.82415457212394
    efficiency: 0.930871
    discharge_ratio: 2
    depth_of_discharge: 0.9
  Pb-acid:
    cost: 147.569
    lifetime: 13.5412
    annual_cost: 10.897778631140518
    efficiency: 0.733039
    discharge_ratio: 5
    depth_of_discharge: 0.5
  VRBF:
    cost: 188.324
    lifetime: 25.8175
    annual_cost: 7.294432071269489
    efficiency: 0.735868
    discharge_ratio: 0.5
    depth_of_discharge: 1.0
