cost_values:
  wind_capex: 5000.0
  wind_opex: 100
  wind_lifetime: 20
  solar_capex: 1000.0
  solar_opex: 10
  solar_lifetime: 20
  carbon_price: 1.0
timeseries_values:
  load_level: 251380.34558391193
  wind_year: 2013
  solar_year: 2018
  price_year: 2023
  carbon_year: 2023
storage_values:
  CAES:
    cost: 58.5731
    lifetime: 25.19
    annual_cost: 2.3252520841603808
    efficiency: 0.602253
    discharge_ratio: 0.1
    depth_of_discharge: 0.4
  Li-ion:
    cost: 163.279
    lifetime: 19.6219
    annual_cost: 8.321263486206739
    efficiency: 0.918646
    discharge_ratio: 2
    depth_of_discharge: 0.9
  Pb-acid:
    cost: 127.702
    lifetime: 14.2593
    annual_cost: 8.955699087612997
    efficiency: 0.709846
    discharge_ratio: 5
    depth_of_discharge: 0.5
  VRBF:
    cost: 173.675
    lifetime: 25.0695
    annual_cost: 6.92774088035262
    efficiency: 0.750386
    discharge_ratio: 0.5
    depth_of_discharge: 1.0
