cost_values:
  wind_capex: 5000.0
  wind_opex: 100
  wind_lifetime: 20
  solar_capex: 1000.0
  solar_opex: 10
  solar_lifetime: 20
  carbon_price: 1.0
timeseries_values:
  load_level: 251380.34558391193
  wind_year: 2013
  solar_year: 2018
  price_year: 2023
  carbon_year: 2023
storage_values:
  CAES:
    cost: 62.3843
    lifetime: 25.3006
    annual_cost: 2.4657241330245134
    efficiency: 0.61553
    discharge_ratio: 0.1
    depth_of_discharge: 0.4
  Li-ion:
    cost: 178.419
    lifetime: 19.095
    annual_cost: 9.343754909662216
    efficiency: 0.92867
    discharge_ratio: 2
    depth_of_discharge: 0.9
  Pb-acid:
    cost: 127.084
    lifetime: 15.7672
    annual_cost: 8.06002333959105
    efficiency: 0.712381
    discharge_ratio: 5
    depth_of_discharge: 0.5
  VRBF:
    cost: 218.81
    lifetime: 25.0829
    annual_cost: 8.72347296365253
    efficiency: 0.73906
    discharge_ratio: 0.5
    depth_of_discharge: 1.0
