cost_values:
  wind_capex: 5000.0
  wind_opex: 100
  wind_lifetime: 20
  solar_capex: 1000.0
  solar_opex: 10
  solar_lifetime: 20
  carbon_price: 1.0
timeseries_values:
  load_level: 251380.34558391193
  wind_year: 2013
  solar_year: 2018
  price_year: 2023
  carbon_year: 2023
storage_values:
  CAES:
    cost: 67.5149
    lifetime: 25.062
    annual_cost: 2.693915090575373
    efficiency: 0.609586
    discharge_ratio: 0.1
    depth_of_discharge: 0.4
  Li-ion:
    cost: 161.086
    lifetime: 16.1883
    annual_cost: 9.95076691190551
    efficiency: 0.917948
    discharge_ratio: 2
    depth_of_discharge: 0.9
  Pb-acid:
    cost: 139.504
    lifetime: 16.0332
    annual_cost: 8.70094553800863
    efficiency: 0.724872
    discharge_ratio: 5
    depth_of_discharge: 0.5
  VRBF:
    cost: 226.095
    lifetime: 26.3666
    annual_cost: 8.575053287113242
    efficiency: 0.750742
    discharge_ratio: 0.5
    depth_of_discharge: 1.0
