cost_values:
  wind_capex: 5000.0
  wind_opex: 100
  wind_lifetime: 20
  solar_capex: 1000.0
  solar_opex: 10
  solar_lifetime: 20
  carbon_price: 1.0
timeseries_values:
  load_level: 251380.34558391193
  wind_year: 2013
  solar_year: 2018
  price_year: 2023
  carbon_year: 2023
storage_values:
  CAES:
    cost: 62.6377
    lifetime: 24.2354
    annual_cost: 2.5845539995213618
    efficiency: 0.61582
    discharge_ratio: 0.1
    depth_of_discharge: 0.4
  Li-ion:
    cost: 163.914
    lifetime: 17.5191
    annual_cost: 9.356302549788515
    efficiency: 0.929639
    discharge_ratio: 2
    depth_of_discharge: 0.9
  Pb-acid:
    cost: 140.702
    lifetime: 14.0276
    annual_cost: 10.030368701702358
    efficiency: 0.735324
    discharge_ratio: 5
    depth_of_discharge: 0.5
  VRBF:
    cost: 171.782
    lifetime: 24.8652
    annual_cost: 6.908530798063157
    efficiency: 0.74706
    discharge_ratio: 0.5
    depth_of_discharge: 1.0
