cost_values:
  wind_capex: 5000.0
  wind_opex: 100
  wind_lifetime: 20
  solar_capex: 1000.0
  solar_opex: 10
  solar_lifetime: 20
  carbon_price: 1.0
timeseries_values:
  load_level: 251380.34558391193
  wind_year: 2013
  solar_year: 2018
  price_year: 2023
  carbon_year: 2023
storage_values:
  CAES:
    cost: 55.3051
    lifetime: 24.7302
    annual_cost: 2.2363385658021366
    efficiency: 0.613849
    discharge_ratio: 0.1
    depth_of_discharge: 0.4
  Li-ion:
    cost: 150.548
    lifetime: 16.8826
    annual_cost: 8.917346854157534
    efficiency: 0.915873
    discharge_ratio: 2
    depth_of_discharge: 0.9
  Pb-acid:
    cost: 142.389
    lifetime: 14.997
    annual_cost: 9.494498899779957
    efficiency: 0.720865
    discharge_ratio: 5
    depth_of_discharge: 0.5
  VRBF:
    cost: 193.567
    lifetime: 26.8917
    annual_cost: 7.198020206978361
    efficiency: 0.748179
    discharge_ratio: 0.5
    depth_of_discharge: 1.0
