cost_values:
  wind_capex: 5000.0
  wind_opex: 100
  wind_lifetime: 20
  solar_capex: 1000.0
  solar_opex: 10
  solar_lifetime: 20
  carbon_price: 1.0
timeseries_values:
  load_level: 251380.34558391193
  wind_year: 2013
  solar_year: 2018
  price_year: 2023
  carbon_year: 2023
storage_values:
  CAES:
    cost: 50.5644
    lifetime: 25.3404
    annual_cost: 1.9954065444902211
    efficiency: 0.606783
    discharge_ratio: 0.1
    depth_of_discharge: 0.4
  Li-ion:
    cost: 153.128
    lifetime: 18.5968
    annual_cost: 8.234104792222317
    efficiency: 0.928661
    discharge_ratio: 2
    depth_of_discharge: 0.9
  Pb-acid:
    cost: 130.213
    lifetime: 15.0341
    annual_cost: 8.661176924458397
    efficiency: 0.714162
    discharge_ratio: 5
    depth_of_discharge: 0.5
  VRBF:
    cost: 198.811
    lifetime: 28.1952
    annual_cost: 7.051235671319941
    efficiency: 0.720321
    discharge_ratio: 0.5
    depth_of_discharge: 1.0
