cost_values:
  wind_capex: 5000.0
  wind_opex: 100
  wind_lifetime: 20
  solar_capex: 1000.0
  solar_opex: 10
  solar_lifetime: 20
  carbon_price: 1.0
timeseries_values:
  load_level: 251380.34558391193
  wind_year: 2013
  solar_year: 2018
  price_year: 2023
  carbon_year: 2023
storage_values:
  CAES:
    cost: 63.5083
    lifetime: 24.5404
    annual_cost: 2.587908102557415
    efficiency: 0.604773
    discharge_ratio: 0.1
    depth_of_discharge: 0.4
  Li-ion:
    cost: 183.436
    lifetime: 18.0125
    annual_cost: 10.183816793893131
    efficiency: 0.921035
    discharge_ratio: 2
    depth_of_discharge: 0.9
  Pb-acid:
    cost: 144.389
    lifetime: 15.0459
    annual_cost: 9.596567835755922
    efficiency: 0.713555
    discharge_ratio: 5
    depth_of_discharge: 0.5
  VRBF:
    cost: 165.402
    lifetime: 28.3461
    annual_cost: 5.835088424862679
    efficiency: 0.736337
    discharge_ratio: 0.5
    depth_of_discharge: 1.0
