cost_values:
  wind_capex: 5000.0
  wind_opex: 100
  wind_lifetime: 20
  solar_capex: 1000.0
  solar_opex: 10
  solar_lifetime: 20
  carbon_price: 1.0
timeseries_values:
  load_level: 251380.34558391193
  wind_year: 2013
  solar_year: 2018
  price_year: 2023
  carbon_year: 2023
storage_values:
  CAES:
    cost: 65.5547
    lifetime: 24.2331
    annual_cost: 2.705171851723469
    efficiency: 0.60197
    discharge_ratio: 0.1
    depth_of_discharge: 0.4
  Li-ion:
    cost: 151.903
    lifetime: 16.766
    annual_cost: 9.060181319336753
    efficiency: 0.928188
    discharge_ratio: 2
    depth_of_discharge: 0.9
  Pb-acid:
    cost: 125.811
    lifetime: 15.377
    annual_cost: 8.181764973661963
    efficiency: 0.73525
    discharge_ratio: 5
    depth_of_discharge: 0.5
  VRBF:
    cost: 148.479
    lifetime: 24.1156
    annual_cost: 6.156968932972847
    efficiency: 0.722165
    discharge_ratio: 0.5
    depth_of_discharge: 1.0
