cost_values:
  wind_capex: 5000.0
  wind_opex: 100
  wind_lifetime: 20
  solar_capex: 1000.0
  solar_opex: 10
  solar_lifetime: 20
  carbon_price: 1.0
timeseries_values:
  load_level: 251380.34558391193
  wind_year: 2013
  solar_year: 2018
  price_year: 2023
  carbon_year: 2023
storage_values:
  CAES:
    cost: 63.1792
    lifetime: 23.6476
    annual_cost: 2.6716960706371893
    efficiency: 0.609262
    discharge_ratio: 0.1
    depth_of_discharge: 0.4
  Li-ion:
    cost: 164.581
    lifetime: 18.6359
    annual_cost: 8.83139531763961
    efficiency: 0.917133
    discharge_ratio: 2
    depth_of_discharge: 0.9
  Pb-acid:
    cost: 130.451
    lifetime: 15.0847
    annual_cost: 8.647901516105723
    efficiency: 0.718179
    discharge_ratio: 5
    depth_of_discharge: 0.5
  VRBF:
    cost: 162.195
    lifetime: 24.974
    annual_cost: 6.49455433650997
    efficiency: 0.721275
    discharge_ratio: 0.5
    depth_of_discharge: 1.0
