cost_values:
  wind_capex: 5000.0
  wind_opex: 100
  wind_lifetime: 20
  solar_capex: 1000.0
  solar_opex: 10
  solar_lifetime: 20
  carbon_price: 1.0
timeseries_values:
  load_level: 251380.34558391193
  wind_year: 2013
  solar_year: 2018
  price_year: 2023
  carbon_year: 2023
storage_values:
  CAES:
    cost: 61.7553
    lifetime: 24.0749
    annual_cost: 2.56513215008162
    efficiency: 0.611821
    discharge_ratio: 0.1
    depth_of_discharge: 0.4
  Li-ion:
    cost: 145.957
    lifetime: 19.2006
    annual_cost: 7.601689530535503
    efficiency: 0.9251
    discharge_ratio: 2
    depth_of_discharge: 0.9
  Pb-acid:
    cost: 149.494
    lifetime: 15.1227
    annual_cost: 9.885404061444055
    efficiency: 0.727676
    discharge_ratio: 5
    depth_of_discharge: 0.5
  VRBF:
    cost: 178.114
    lifetime: 26.2068
    annual_cost: 6.796480302822168
    efficiency: 0.745098
    discharge_ratio: 0.5
    depth_of_discharge: 1.0
