cost_values:
  wind_capex: 5000.0
  wind_opex: 100
  wind_lifetime: 20
  solar_capex: 1000.0
  solar_opex: 10
  solar_lifetime: 20
  carbon_price: 1.0
timeseries_values:
  load_level: 251380.34558391193
  wind_year: 2013
  solar_year: 2018
  price_year: 2023
  carbon_year: 2023
storage_values:
  CAES:
    cost: 64.5564
    lifetime: 24.762
    annual_cost: 2.607075357402471
    efficiency: 0.606952
    discharge_ratio: 0.1
    depth_of_discharge: 0.4
  Li-ion:
    cost: 171.479
    lifetime: 21.1369
    annual_cost: 8.112779073563296
    efficiency: 0.929252
    discharge_ratio: 2
    depth_of_discharge: 0.9
  Pb-acid:
    cost: 116.006
    lifetime: 15.5095
    annual_cost: 7.479673748347787
    efficiency: 0.712076
    discharge_ratio: 5
    depth_of_discharge: 0.5
  VRBF:
    cost: 203.611
    lifetime: 24.7012
    annual_cost: 8.242959856201317
    efficiency: 0.732244
    discharge_ratio: 0.5
    depth_of_discharge: 1.0
