cost_values:
  wind_capex: 5000.0
  wind_opex: 100
  wind_lifetime: 20
  solar_capex: 1000.0
  solar_opex: 10
  solar_lifetime: 20
  carbon_price: 1.0
timeseries_values:
  load_level: 251380.34558391193
  wind_year: 2013
  solar_year: 2018
  price_year: 2023
  carbon_year: 2023
storage_values:
  CAES:
    cost: 64.64
    lifetime: 24.1171
    annual_cost: 2.6802559180000913
    efficiency: 0.611548
    discharge_ratio: 0.1
    depth_of_discharge: 0.4
  Li-ion:
    cost: 170.868
    lifetime: 18.7404
    annual_cost: 9.117628225651533
    efficiency: 0.940768
    discharge_ratio: 2
    depth_of_discharge: 0.9
  Pb-acid:
    cost: 116.014
    lifetime: 14.1133
    annual_cost: 8.220189466673279
    efficiency: 0.732795
    discharge_ratio: 5
    depth_of_discharge: 0.5
  VRBF:
    cost: 203.49
    lifetime: 27.1
    annual_cost: 7.5088560885608855
    efficiency: 0.747688
    discharge_ratio: 0.5
    depth_of_discharge: 1.0
