cost_values:
  wind_capex: 5000.0
  wind_opex: 100
  wind_lifetime: 20
  solar_capex: 1000.0
  solar_opex: 10
  solar_lifetime: 20
  carbon_price: 1.0
timeseries_values:
  load_level: 251380.34558391193
  wind_year: 2013
  solar_year: 2018
  price_year: 2023
  carbon_year: 2023
storage_values:
  CAES:
    cost: 64.0705
    lifetime: 24.2384
    annual_cost: 2.643346920588818
    efficiency: 0.610653
    discharge_ratio: 0.1
    depth_of_discharge: 0.4
  Li-ion:
    cost: 160.698
    lifetime: 18.52
    annual_cost: 8.676997840172787
    efficiency: 0.924116
    discharge_ratio: 2
    depth_of_discharge: 0.9
  Pb-acid:
    cost: 154.98
    lifetime: 14.6155
    annual_cost: 10.603811022544557
    efficiency: 0.727569
    discharge_ratio: 5
    depth_of_discharge: 0.5
  VRBF:
    cost: 189.106
    lifetime: 26.0429
    annual_cost: 7.26132650357679
    efficiency: 0.737427
    discharge_ratio: 0.5
    depth_of_discharge: 1.0
