cost_values:
  wind_capex: 5000.0
  wind_opex: 100
  wind_lifetime: 20
  solar_capex: 1000.0
  solar_opex: 10
  solar_lifetime: 20
  carbon_price: 1.0
timeseries_values:
  load_level: 251380.34558391193
  wind_year: 2013
  solar_year: 2018
  price_year: 2023
  carbon_year: 2023
storage_values:
  CAES:
    cost: 59.9053
    lifetime: 24.701
    annual_cost: 2.4252176025262133
    efficiency: 0.613524
    discharge_ratio: 0.1
    depth_of_discharge: 0.4
  Li-ion:
    cost: 166.137
    lifetime: 20.0117
    annual_cost: 8.301993333899668
    efficiency: 0.913661
    discharge_ratio: 2
    depth_of_discharge: 0.9
  Pb-acid:
    cost: 145.437
    lifetime: 14.5532
    annual_cost: 9.993472226039634
    efficiency: 0.715566
    discharge_ratio: 5
    depth_of_discharge: 0.5
  VRBF:
    cost: 209.597
    lifetime: 22.4675
    annual_cost: 9.32889729609436
    efficiency: 0.740722
    discharge_ratio: 0.5
    depth_of_discharge: 1.0
