cost_values:
  wind_capex: 5000.0
  wind_opex: 100
  wind_lifetime: 20
  solar_capex: 1000.0
  solar_opex: 10
  solar_lifetime: 20
  carbon_price: 1.0
timeseries_values:
  load_level: 251380.34558391193
  wind_year: 2013
  solar_year: 2018
  price_year: 2023
  carbon_year: 2023
storage_values:
  CAES:
    cost: 58.2616
    lifetime: 25.2803
    annual_cost: 2.3046245495504403
    efficiency: 0.605271
    discharge_ratio: 0.1
    depth_of_discharge: 0.4
  Li-ion:
    cost: 177.702
    lifetime: 18.4738
    annual_cost: 9.619136290313849
    efficiency: 0.936378
    discharge_ratio: 2
    depth_of_discharge: 0.9
  Pb-acid:
    cost: 135.828
    lifetime: 12.8787
    annual_cost: 10.54671667171376
    efficiency: 0.712648
    discharge_ratio: 5
    depth_of_discharge: 0.5
  VRBF:
    cost: 166.626
    lifetime: 24.4203
    annual_cost: 6.82325769953686
    efficiency: 0.736317
    discharge_ratio: 0.5
    depth_of_discharge: 1.0
