cost_values:
  wind_capex: 5000.0
  wind_opex: 100
  wind_lifetime: 20
  solar_capex: 1000.0
  solar_opex: 10
  solar_lifetime: 20
  carbon_price: 1.0
timeseries_values:
  load_level: 251380.34558391193
  wind_year: 2013
  solar_year: 2018
  price_year: 2023
  carbon_year: 2023
storage_values:
  CAES:
    cost: 53.7262
    lifetime: 24.9909
    annual_cost: 2.149830538315947
    efficiency: 0.601252
    discharge_ratio: 0.1
    depth_of_discharge: 0.4
  Li-ion:
    cost: 160.001
    lifetime: 18.2863
    annual_cost: 8.749774421288068
    efficiency: 0.925529
    discharge_ratio: 2
    depth_of_discharge: 0.9
  Pb-acid:
    cost: 133.197
    lifetime: 15.8522
    annual_cost: 8.402429946632013
    efficiency: 0.71741
    discharge_ratio: 5
    depth_of_discharge: 0.5
  VRBF:
    cost: 187.747
    lifetime: 25.719
    annual_cost: 7.299933901007038
    efficiency: 0.732047
    discharge_ratio: 0.5
    depth_of_discharge: 1.0
