cost_values:
  wind_capex: 5000.0
  wind_opex: 100
  wind_lifetime: 20
  solar_capex: 1000.0
  solar_opex: 10
  solar_lifetime: 20
  carbon_price: 1.0
timeseries_values:
  load_level: 251380.34558391193
  wind_year: 2013
  solar_year: 2018
  price_year: 2023
  carbon_year: 2023
storage_values:
  CAES:
    cost: 70.1857
    lifetime: 23.7617
    annual_cost: 2.9537322666307544
    efficiency: 0.610549
    discharge_ratio: 0.1
    depth_of_discharge: 0.4
  Li-ion:
    cost: 144.143
    lifetime: 20.4425
    annual_cost: 7.051143451143451
    efficiency: 0.9246
    discharge_ratio: 2
    depth_of_discharge: 0.9
  Pb-acid:
    cost: 118.153
    lifetime: 13.8995
    annual_cost: 8.500521601496457
    efficiency: 0.73663
    discharge_ratio: 5
    depth_of_discharge: 0.5
  VRBF:
    cost: 201.472
    lifetime: 26.483
    annual_cost: 7.607597326586867
    efficiency: 0.733879
    discharge_ratio: 0.5
    depth_of_discharge: 1.0
