cost_values:
  wind_capex: 5000.0
  wind_opex: 100
  wind_lifetime: 20
  solar_capex: 1000.0
  solar_opex: 10
  solar_lifetime: 20
  carbon_price: 1.0
timeseries_values:
  load_level: 251380.34558391193
  wind_year: 2013
  solar_year: 2018
  price_year: 2023
  carbon_year: 2023
storage_values:
  CAES:
    cost: 59.8949
    lifetime: 25.1936
    annual_cost: 2.3773855264829162
    efficiency: 0.610351
    discharge_ratio: 0.1
    depth_of_discharge: 0.4
  Li-ion:
    cost: 172.636
    lifetime: 18.6971
    annual_cost: 9.233303560445203
    efficiency: 0.920049
    discharge_ratio: 2
    depth_of_discharge: 0.9
  Pb-acid:
    cost: 109.716
    lifetime: 15.8282
    annual_cost: 6.931678902212506
    efficiency: 0.709729
    discharge_ratio: 5
    depth_of_discharge: 0.5
  VRBF:
    cost: 198.454
    lifetime: 24.9926
    annual_cost: 7.940510391075759
    efficiency: 0.748125
    discharge_ratio: 0.5
    depth_of_discharge: 1.0
