cost_values:
  wind_capex: 5000.0
  wind_opex: 100
  wind_lifetime: 20
  solar_capex: 1000.0
  solar_opex: 10
  solar_lifetime: 20
  carbon_price: 1.0
timeseries_values:
  load_level: 251380.34558391193
  wind_year: 2013
  solar_year: 2018
  price_year: 2023
  carbon_year: 2023
storage_values:
  CAES:
    cost: 57.9933
    lifetime: 24.7721
    annual_cost: 2.341073223505476
    efficiency: 0.614068
    discharge_ratio: 0.1
    depth_of_discharge: 0.4
  Li-ion:
    cost: 169.793
    lifetime: 19.633
    annual_cost: 8.648347170580147
    efficiency: 0.920577
    discharge_ratio: 2
    depth_of_discharge: 0.9
  Pb-acid:
    cost: 137.806
    lifetime: 14.1743
    annual_cost: 9.722243779234248
    efficiency: 0.7301
    discharge_ratio: 5
    depth_of_discharge: 0.5
  VRBF:
    cost: 184.38
    lifetime: 27.4332
    annual_cost: 6.72105332225187
    efficiency: 0.757798
    discharge_ratio: 0.5
    depth_of_discharge: 1.0
