cost_values:
  wind_capex: 5000.0
  wind_opex: 100
  wind_lifetime: 20
  solar_capex: 1000.0
  solar_opex: 10
  solar_lifetime: 20
  carbon_price: 1.0
timeseries_values:
  load_level: 251380.34558391193
  wind_year: 2013
  solar_year: 2018
  price_year: 2023
  carbon_year: 2023
storage_values:
  CAES:
    cost: 64.2418
    lifetime: 25.4368
    annual_cost: 2.5255456661215243
    efficiency: 0.610639
    discharge_ratio: 0.1
    depth_of_discharge: 0.4
  Li-ion:
    cost: 165.856
    lifetime: 18.2715
    annual_cost: 9.07730618723148
    efficiency: 0.934772
    discharge_ratio: 2
    depth_of_discharge: 0.9
  Pb-acid:
    cost: 120.6
    lifetime: 14.0354
    annual_cost: 8.592558815566354
    efficiency: 0.749326
    discharge_ratio: 5
    depth_of_discharge: 0.5
  VRBF:
    cost: 163.688
    lifetime: 25.2033
    annual_cost: 6.494705058464566
    efficiency: 0.742053
    discharge_ratio: 0.5
    depth_of_discharge: 1.0
