cost_values:
  wind_capex: 5000.0
  wind_opex: 100
  wind_lifetime: 20
  solar_capex: 1000.0
  solar_opex: 10
  solar_lifetime: 20
  carbon_price: 1.0
timeseries_values:
  load_level: 251380.34558391193
  wind_year: 2013
  solar_year: 2018
  price_year: 2023
  carbon_year: 2023
storage_values:
  CAES:
    cost: 64.8869
    lifetime: 24.2618
    annual_cost: 2.674447073176763
    efficiency: 0.603813
    discharge_ratio: 0.1
    depth_of_discharge: 0.4
  Li-ion:
    cost: 164.556
    lifetime: 18.9703
    annual_cost: 8.674401564550903
    efficiency: 0.920628
    discharge_ratio: 2
    depth_of_discharge: 0.9
  Pb-acid:
    cost: 135.929
    lifetime: 14.3867
    annual_cost: 9.448240388692334
    efficiency: 0.70686
    discharge_ratio: 5
    depth_of_discharge: 0.5
  VRBF:
    cost: 166.404
    lifetime: 27.463
    annual_cost: 6.059206932964352
    efficiency: 0.732511
    discharge_ratio: 0.5
    depth_of_discharge: 1.0
