cost_values:
  wind_capex: 5000.0
  wind_opex: 100
  wind_lifetime: 20
  solar_capex: 1000.0
  solar_opex: 10
  solar_lifetime: 20
  carbon_price: 1.0
timeseries_values:
  load_level: 251380.34558391193
  wind_year: 2013
  solar_year: 2018
  price_year: 2023
  carbon_year: 2023
storage_values:
  CAES:
    cost: 63.4499
    lifetime: 23.3833
    annual_cost: 2.713470724833535
    efficiency: 0.618325
    discharge_ratio: 0.1
    depth_of_discharge: 0.4
  Li-ion:
    cost: 188.152
    lifetime: 19.8728
    annual_cost: 9.467815305341974
    efficiency: 0.919176
    discharge_ratio: 2
    depth_of_discharge: 0.9
  Pb-acid:
    cost: 115.63
    lifetime: 14.5465
    annual_cost: 7.948991166259924
    efficiency: 0.720276
    discharge_ratio: 5
    depth_of_discharge: 0.5
  VRBF:
    cost: 149.769
    lifetime: 26.4729
    annual_cost: 5.657445916389969
    efficiency: 0.735502
    discharge_ratio: 0.5
    depth_of_discharge: 1.0
