cost_values:
  wind_capex: 5000.0
  wind_opex: 100
  wind_lifetime: 20
  solar_capex: 1000.0
  solar_opex: 10
  solar_lifetime: 20
  carbon_price: 1.0
timeseries_values:
  load_level: 251380.34558391193
  wind_year: 2013
  solar_year: 2018
  price_year: 2023
  carbon_year: 2023
storage_values:
  CAES:
    cost: 55.7079
    lifetime: 24.5845
    annual_cost: 2.2659765299273933
    efficiency: 0.612054
    discharge_ratio: 0.1
    depth_of_discharge: 0.4
  Li-ion:
    cost: 178.192
    lifetime: 18.6746
    annual_cost: 9.541944673513756
    efficiency: 0.931617
    discharge_ratio: 2
    depth_of_discharge: 0.9
  Pb-acid:
    cost: 120.477
    lifetime: 12.7931
    annual_cost: 9.41734216100867
    efficiency: 0.737072
    discharge_ratio: 5
    depth_of_discharge: 0.5
  VRBF:
    cost: 156.787
    lifetime: 26.7866
    annual_cost: 5.853187787923813
    efficiency: 0.751555
    discharge_ratio: 0.5
    depth_of_discharge: 1.0
