cost_values:
  wind_capex: 5000.0
  wind_opex: 100
  wind_lifetime: 20
  solar_capex: 1000.0
  solar_opex: 10
  solar_lifetime: 20
  carbon_price: 1.0
timeseries_values:
  load_level: 251380.34558391193
  wind_year: 2013
  solar_year: 2018
  price_year: 2023
  carbon_year: 2023
storage_values:
  CAES:
    cost: 59.7511
    lifetime: 24.5126
    annual_cost: 2.4375668023791848
    efficiency: 0.614551
    discharge_ratio: 0.1
    depth_of_discharge: 0.4
  Li-ion:
    cost: 156.098
    lifetime: 18.5733
    annual_cost: 8.404430015129245
    efficiency: 0.929445
    discharge_ratio: 2
    depth_of_discharge: 0.9
  Pb-acid:
    cost: 131.136
    lifetime: 13.6572
    annual_cost: 9.601968192601705
    efficiency: 0.706044
    discharge_ratio: 5
    depth_of_discharge: 0.5
  VRBF:
    cost: 170.305
    lifetime: 25.4982
    annual_cost: 6.679098916786283
    efficiency: 0.739838
    discharge_ratio: 0.5
    depth_of_discharge: 1.0
