cost_values:
  wind_capex: 5000.0
  wind_opex: 100
  wind_lifetime: 20
  solar_capex: 1000.0
  solar_opex: 10
  solar_lifetime: 20
  carbon_price: 1.0
timeseries_values:
  load_level: 251380.34558391193
  wind_year: 2013
  solar_year: 2018
  price_year: 2023
  carbon_year: 2023
storage_values:
  CAES:
    cost: 60.5371
    lifetime: 24.8596
    annual_cost: 2.435159857761187
    efficiency: 0.606085
    discharge_ratio: 0.1
    depth_of_discharge: 0.4
  Li-ion:
    cost: 150.563
    lifetime: 20.3614
    annual_cost: 7.394530827939139
    efficiency: 0.926424
    discharge_ratio: 2
    depth_of_discharge: 0.9
  Pb-acid:
    cost: 143.971
    lifetime: 16.0122
    annual_cost: 8.991331609647643
    efficiency: 0.71901
    discharge_ratio: 5
    depth_of_discharge: 0.5
  VRBF:
    cost: 178.212
    lifetime: 25.1259
    annual_cost: 7.0927608563275335
    efficiency: 0.751847
    discharge_ratio: 0.5
    depth_of_discharge: 1.0
