cost_values:
  wind_capex: 5000.0
  wind_opex: 100
  wind_lifetime: 20
  solar_capex: 1000.0
  solar_opex: 10
  solar_lifetime: 20
  carbon_price: 1.0
timeseries_values:
  load_level: 251380.34558391193
  wind_year: 2013
  solar_year: 2018
  price_year: 2023
  carbon_year: 2023
storage_values:
  CAES:
    cost: 62.6415
    lifetime: 23.2022
    annual_cost: 2.6998086388359726
    efficiency: 0.614207
    discharge_ratio: 0.1
    depth_of_discharge: 0.4
  Li-ion:
    cost: 161.388
    lifetime: 17.8529
    annual_cost: 9.039875874507782
    efficiency: 0.92443
    discharge_ratio: 2
    depth_of_discharge: 0.9
  Pb-acid:
    cost: 124.715
    lifetime: 13.9654
    annual_cost: 8.93028484683575
    efficiency: 0.712027
    discharge_ratio: 5
    depth_of_discharge: 0.5
  VRBF:
    cost: 199.797
    lifetime: 23.6318
    annual_cost: 8.454582384752749
    efficiency: 0.772035
    discharge_ratio: 0.5
    depth_of_discharge: 1.0
