cost_values:
  wind_capex: 5000.0
  wind_opex: 100
  wind_lifetime: 20
  solar_capex: 1000.0
  solar_opex: 10
  solar_lifetime: 20
  carbon_price: 1.0
timeseries_values:
  load_level: 251380.34558391193
  wind_year: 2013
  solar_year: 2018
  price_year: 2023
  carbon_year: 2023
storage_values:
  CAES:
    cost: 61.2753
    lifetime: 25.3772
    annual_cost: 2.4145808048169224
    efficiency: 0.600494
    discharge_ratio: 0.1
    depth_of_discharge: 0.4
  Li-ion:
    cost: 163.769
    lifetime: 15.933
    annual_cost: 10.27860415489864
    efficiency: 0.926358
    discharge_ratio: 2
    depth_of_discharge: 0.9
  Pb-acid:
    cost: 121.802
    lifetime: 14.5731
    annual_cost: 8.358002072311313
    efficiency: 0.72826
    discharge_ratio: 5
    depth_of_discharge: 0.5
  VRBF:
    cost: 185.323
    lifetime: 27.0314
    annual_cost: 6.855841724808926
    efficiency: 0.731986
    discharge_ratio: 0.5
    depth_of_discharge: 1.0
