cost_values:
  wind_capex: 5000.0
  wind_opex: 100
  wind_lifetime: 20
  solar_capex: 1000.0
  solar_opex: 10
  solar_lifetime: 20
  carbon_price: 1.0
timeseries_values:
  load_level: 252609.82079112547
  wind_year: 2017
  solar_year: 2017
  price_year: 2023
  carbon_year: 2023
storage_values:
  CAES:
    cost: 57.541
    lifetime: 23.1323
    annual_cost: 2.487474224352961
    efficiency: 0.637701
    discharge_ratio: 0.1
    depth_of_discharge: 0.4
  Li-ion:
    cost: 228.406
    lifetime: 20.5663
    annual_cost: 11.105838191604715
    efficiency: 0.884589
    discharge_ratio: 2
    depth_of_discharge: 0.9
  Pb-acid:
    cost: 212.169
    lifetime: 11.293
    annual_cost: 18.78765607013194
    efficiency: 0.738857
    discharge_ratio: 5
    depth_of_discharge: 0.5
  VRBF:
    cost: 324.661
    lifetime: 21.7674
    annual_cost: 14.915010520319377
    efficiency: 0.716731
    discharge_ratio: 0.5
    depth_of_discharge: 1.0
