cost_values:
  wind_capex: 5000.0
  wind_opex: 100
  wind_lifetime: 20
  solar_capex: 1000.0
  solar_opex: 10
  solar_lifetime: 20
  carbon_price: 1.0
timeseries_values:
  load_level: 252609.82079112547
  wind_year: 2017
  solar_year: 2017
  price_year: 2023
  carbon_year: 2023
storage_values:
  CAES:
    cost: 56.7463
    lifetime: 23.2485
    annual_cost: 2.4408585500139792
    efficiency: 0.634591
    discharge_ratio: 0.1
    depth_of_discharge: 0.4
  Li-ion:
    cost: 236.543
    lifetime: 17.0761
    annual_cost: 13.85228477228407
    efficiency: 0.87376
    discharge_ratio: 2
    depth_of_discharge: 0.9
  Pb-acid:
    cost: 179.949
    lifetime: 13.3617
    annual_cost: 13.46752284514695
    efficiency: 0.733684
    discharge_ratio: 5
    depth_of_discharge: 0.5
  VRBF:
    cost: 298.624
    lifetime: 20.8938
    annual_cost: 14.292469536417503
    efficiency: 0.71097
    discharge_ratio: 0.5
    depth_of_discharge: 1.0
