cost_values:
  wind_capex: 5000.0
  wind_opex: 100
  wind_lifetime: 20
  solar_capex: 1000.0
  solar_opex: 10
  solar_lifetime: 20
  carbon_price: 1.0
timeseries_values:
  load_level: 252609.82079112547
  wind_year: 2017
  solar_year: 2017
  price_year: 2023
  carbon_year: 2023
storage_values:
  CAES:
    cost: 42.5426
    lifetime: 22.2697
    annual_cost: 1.9103355680588423
    efficiency: 0.641742
    discharge_ratio: 0.1
    depth_of_discharge: 0.4
  Li-ion:
    cost: 220.105
    lifetime: 20.3597
    annual_cost: 10.810817448194227
    efficiency: 0.875685
    discharge_ratio: 2
    depth_of_discharge: 0.9
  Pb-acid:
    cost: 194.261
    lifetime: 13.0852
    annual_cost: 14.845856387368935
    efficiency: 0.728367
    discharge_ratio: 5
    depth_of_discharge: 0.5
  VRBF:
    cost: 297.825
    lifetime: 24.2336
    annual_cost: 12.289754720718342
    efficiency: 0.716488
    discharge_ratio: 0.5
    depth_of_discharge: 1.0
