cost_values:
  wind_capex: 5000.0
  wind_opex: 100
  wind_lifetime: 20
  solar_capex: 1000.0
  solar_opex: 10
  solar_lifetime: 20
  carbon_price: 1.0
timeseries_values:
  load_level: 252609.82079112547
  wind_year: 2017
  solar_year: 2017
  price_year: 2023
  carbon_year: 2023
storage_values:
  CAES:
    cost: 60.6129
    lifetime: 22.6903
    annual_cost: 2.671313292464181
    efficiency: 0.645874
    discharge_ratio: 0.1
    depth_of_discharge: 0.4
  Li-ion:
    cost: 206.723
    lifetime: 18.0628
    annual_cost: 11.44468188763647
    efficiency: 0.884956
    discharge_ratio: 2
    depth_of_discharge: 0.9
  Pb-acid:
    cost: 189.956
    lifetime: 14.133
    annual_cost: 13.440600014151277
    efficiency: 0.73366
    discharge_ratio: 5
    depth_of_discharge: 0.5
  VRBF:
    cost: 321.591
    lifetime: 21.4661
    annual_cost: 14.981342675194842
    efficiency: 0.708392
    discharge_ratio: 0.5
    depth_of_discharge: 1.0
