cost_values:
  wind_capex: 5000.0
  wind_opex: 100
  wind_lifetime: 20
  solar_capex: 1000.0
  solar_opex: 10
  solar_lifetime: 20
  carbon_price: 1.0
timeseries_values:
  load_level: 252609.82079112547
  wind_year: 2017
  solar_year: 2017
  price_year: 2023
  carbon_year: 2023
storage_values:
  CAES:
    cost: 48.9127
    lifetime: 24.1314
    annual_cost: 2.0269317155241717
    efficiency: 0.633029
    discharge_ratio: 0.1
    depth_of_discharge: 0.4
  Li-ion:
    cost: 221.126
    lifetime: 20.3333
    annual_cost: 10.875067008306571
    efficiency: 0.890262
    discharge_ratio: 2
    depth_of_discharge: 0.9
  Pb-acid:
    cost: 187.702
    lifetime: 15.0331
    annual_cost: 12.48591441552308
    efficiency: 0.72552
    discharge_ratio: 5
    depth_of_discharge: 0.5
  VRBF:
    cost: 302.744
    lifetime: 22.5296
    annual_cost: 13.43761096513032
    efficiency: 0.69969
    discharge_ratio: 0.5
    depth_of_discharge: 1.0
