cost_values:
  wind_capex: 5000.0
  wind_opex: 100
  wind_lifetime: 20
  solar_capex: 1000.0
  solar_opex: 10
  solar_lifetime: 20
  carbon_price: 1.0
timeseries_values:
  load_level: 252609.82079112547
  wind_year: 2017
  solar_year: 2017
  price_year: 2023
  carbon_year: 2023
storage_values:
  CAES:
    cost: 50.8448
    lifetime: 22.1085
    annual_cost: 2.299785150507723
    efficiency: 0.645026
    discharge_ratio: 0.1
    depth_of_discharge: 0.4
  Li-ion:
    cost: 201.281
    lifetime: 19.1869
    annual_cost: 10.490543026752627
    efficiency: 0.885224
    discharge_ratio: 2
    depth_of_discharge: 0.9
  Pb-acid:
    cost: 197.473
    lifetime: 13.3657
    annual_cost: 14.77460963511077
    efficiency: 0.737707
    discharge_ratio: 5
    depth_of_discharge: 0.5
  VRBF:
    cost: 359.0
    lifetime: 22.1622
    annual_cost: 16.198752831397606
    efficiency: 0.698134
    discharge_ratio: 0.5
    depth_of_discharge: 1.0
