cost_values:
  wind_capex: 5000.0
  wind_opex: 100
  wind_lifetime: 20
  solar_capex: 1000.0
  solar_opex: 10
  solar_lifetime: 20
  carbon_price: 1.0
timeseries_values:
  load_level: 252609.82079112547
  wind_year: 2017
  solar_year: 2017
  price_year: 2023
  carbon_year: 2023
storage_values:
  CAES:
    cost: 57.1635
    lifetime: 22.8233
    annual_cost: 2.5046115154250264
    efficiency: 0.632981
    discharge_ratio: 0.1
    depth_of_discharge: 0.4
  Li-ion:
    cost: 238.15
    lifetime: 18.253
    annual_cost: 13.047170328165233
    efficiency: 0.897925
    discharge_ratio: 2
    depth_of_discharge: 0.9
  Pb-acid:
    cost: 189.087
    lifetime: 13.25
    annual_cost: 14.270716981132075
    efficiency: 0.711182
    discharge_ratio: 5
    depth_of_discharge: 0.5
  VRBF:
    cost: 318.148
    lifetime: 21.7298
    annual_cost: 14.641091956667802
    efficiency: 0.692465
    discharge_ratio: 0.5
    depth_of_discharge: 1.0
