cost_values:
  wind_capex: 5000.0
  wind_opex: 100
  wind_lifetime: 20
  solar_capex: 1000.0
  solar_opex: 10
  solar_lifetime: 20
  carbon_price: 1.0
timeseries_values:
  load_level: 252609.82079112547
  wind_year: 2017
  solar_year: 2017
  price_year: 2023
  carbon_year: 2023
storage_values:
  CAES:
    cost: 56.9474
    lifetime: 22.3324
    annual_cost: 2.549990148842041
    efficiency: 0.635514
    discharge_ratio: 0.1
    depth_of_discharge: 0.4
  Li-ion:
    cost: 208.838
    lifetime: 20.4257
    annual_cost: 10.224276279393118
    efficiency: 0.886499
    discharge_ratio: 2
    depth_of_discharge: 0.9
  Pb-acid:
    cost: 179.132
    lifetime: 13.0917
    annual_cost: 13.68286777118327
    efficiency: 0.74786
    discharge_ratio: 5
    depth_of_discharge: 0.5
  VRBF:
    cost: 308.403
    lifetime: 21.9808
    annual_cost: 14.030563036832147
    efficiency: 0.707241
    discharge_ratio: 0.5
    depth_of_discharge: 1.0
