cost_values:
  wind_capex: 5000.0
  wind_opex: 100
  wind_lifetime: 20
  solar_capex: 1000.0
  solar_opex: 10
  solar_lifetime: 20
  carbon_price: 1.0
timeseries_values:
  load_level: 252609.82079112547
  wind_year: 2017
  solar_year: 2017
  price_year: 2023
  carbon_year: 2023
storage_values:
  CAES:
    cost: 54.9886
    lifetime: 23.6072
    annual_cost: 2.329314785319733
    efficiency: 0.637928
    discharge_ratio: 0.1
    depth_of_discharge: 0.4
  Li-ion:
    cost: 226.615
    lifetime: 21.5559
    annual_cost: 10.512899020685753
    efficiency: 0.880511
    discharge_ratio: 2
    depth_of_discharge: 0.9
  Pb-acid:
    cost: 179.26
    lifetime: 14.0523
    annual_cost: 12.756630587163666
    efficiency: 0.737036
    discharge_ratio: 5
    depth_of_discharge: 0.5
  VRBF:
    cost: 303.518
    lifetime: 21.4445
    annual_cost: 14.153652451677583
    efficiency: 0.707459
    discharge_ratio: 0.5
    depth_of_discharge: 1.0
