cost_values:
  wind_capex: 5000.0
  wind_opex: 100
  wind_lifetime: 20
  solar_capex: 1000.0
  solar_opex: 10
  solar_lifetime: 20
  carbon_price: 1.0
timeseries_values:
  load_level: 252609.82079112547
  wind_year: 2017
  solar_year: 2017
  price_year: 2023
  carbon_year: 2023
storage_values:
  CAES:
    cost: 51.3819
    lifetime: 22.9108
    annual_cost: 2.242693402238246
    efficiency: 0.632395
    discharge_ratio: 0.1
    depth_of_discharge: 0.4
  Li-ion:
    cost: 227.51
    lifetime: 20.2002
    annual_cost: 11.262759774655697
    efficiency: 0.889815
    discharge_ratio: 2
    depth_of_discharge: 0.9
  Pb-acid:
    cost: 216.387
    lifetime: 12.4329
    annual_cost: 17.404386748063605
    efficiency: 0.730708
    discharge_ratio: 5
    depth_of_discharge: 0.5
  VRBF:
    cost: 340.634
    lifetime: 22.0383
    annual_cost: 15.456455352726845
    efficiency: 0.714663
    discharge_ratio: 0.5
    depth_of_discharge: 1.0
