cost_values:
  wind_capex: 5000.0
  wind_opex: 100
  wind_lifetime: 20
  solar_capex: 1000.0
  solar_opex: 10
  solar_lifetime: 20
  carbon_price: 1.0
timeseries_values:
  load_level: 252609.82079112547
  wind_year: 2017
  solar_year: 2017
  price_year: 2023
  carbon_year: 2023
storage_values:
  CAES:
    cost: 50.8101
    lifetime: 23.0124
    annual_cost: 2.2079444125775667
    efficiency: 0.626681
    discharge_ratio: 0.1
    depth_of_discharge: 0.4
  Li-ion:
    cost: 228.429
    lifetime: 20.2332
    annual_cost: 11.289810806002016
    efficiency: 0.88064
    discharge_ratio: 2
    depth_of_discharge: 0.9
  Pb-acid:
    cost: 199.222
    lifetime: 13.6004
    annual_cost: 14.648245639834123
    efficiency: 0.739939
    discharge_ratio: 5
    depth_of_discharge: 0.5
  VRBF:
    cost: 329.236
    lifetime: 21.3984
    annual_cost: 15.386010168984598
    efficiency: 0.700345
    discharge_ratio: 0.5
    depth_of_discharge: 1.0
