cost_values:
  wind_capex: 5000.0
  wind_opex: 100
  wind_lifetime: 20
  solar_capex: 1000.0
  solar_opex: 10
  solar_lifetime: 20
  carbon_price: 1.0
timeseries_values:
  load_level: 252609.82079112547
  wind_year: 2017
  solar_year: 2017
  price_year: 2023
  carbon_year: 2023
storage_values:
  CAES:
    cost: 58.1059
    lifetime: 23.2499
    annual_cost: 2.4991892438247043
    efficiency: 0.628681
    discharge_ratio: 0.1
    depth_of_discharge: 0.4
  Li-ion:
    cost: 215.433
    lifetime: 18.0924
    annual_cost: 11.907375472574119
    efficiency: 0.878953
    discharge_ratio: 2
    depth_of_discharge: 0.9
  Pb-acid:
    cost: 194.94
    lifetime: 13.4043
    annual_cost: 14.543094380161591
    efficiency: 0.742607
    discharge_ratio: 5
    depth_of_discharge: 0.5
  VRBF:
    cost: 306.933
    lifetime: 25.1473
    annual_cost: 12.205405749324976
    efficiency: 0.695105
    discharge_ratio: 0.5
    depth_of_discharge: 1.0
