cost_values:
  wind_capex: 5000.0
  wind_opex: 100
  wind_lifetime: 20
  solar_capex: 1000.0
  solar_opex: 10
  solar_lifetime: 20
  carbon_price: 1.0
timeseries_values:
  load_level: 252609.82079112547
  wind_year: 2017
  solar_year: 2017
  price_year: 2023
  carbon_year: 2023
storage_values:
  CAES:
    cost: 53.7178
    lifetime: 22.7235
    annual_cost: 2.363975619952912
    efficiency: 0.627123
    discharge_ratio: 0.1
    depth_of_discharge: 0.4
  Li-ion:
    cost: 198.629
    lifetime: 21.0536
    annual_cost: 9.434443515598282
    efficiency: 0.877405
    discharge_ratio: 2
    depth_of_discharge: 0.9
  Pb-acid:
    cost: 177.262
    lifetime: 13.9509
    annual_cost: 12.706133654459569
    efficiency: 0.708136
    discharge_ratio: 5
    depth_of_discharge: 0.5
  VRBF:
    cost: 322.291
    lifetime: 20.7495
    annual_cost: 15.53247066194366
    efficiency: 0.713388
    discharge_ratio: 0.5
    depth_of_discharge: 1.0
