cost_values:
  wind_capex: 5000.0
  wind_opex: 100
  wind_lifetime: 20
  solar_capex: 1000.0
  solar_opex: 10
  solar_lifetime: 20
  carbon_price: 1.0
timeseries_values:
  load_level: 252609.82079112547
  wind_year: 2017
  solar_year: 2017
  price_year: 2023
  carbon_year: 2023
storage_values:
  CAES:
    cost: 45.8872
    lifetime: 23.4962
    annual_cost: 1.9529626067193844
    efficiency: 0.622738
    discharge_ratio: 0.1
    depth_of_discharge: 0.4
  Li-ion:
    cost: 214.565
    lifetime: 20.2237
    annual_cost: 10.609581827262073
    efficiency: 0.884445
    discharge_ratio: 2
    depth_of_discharge: 0.9
  Pb-acid:
    cost: 180.645
    lifetime: 14.0633
    annual_cost: 12.845135921156485
    efficiency: 0.727923
    discharge_ratio: 5
    depth_of_discharge: 0.5
  VRBF:
    cost: 314.359
    lifetime: 23.3925
    annual_cost: 13.438452495457947
    efficiency: 0.704277
    discharge_ratio: 0.5
    depth_of_discharge: 1.0
