cost_values:
  wind_capex: 5000.0
  wind_opex: 100
  wind_lifetime: 20
  solar_capex: 1000.0
  solar_opex: 10
  solar_lifetime: 20
  carbon_price: 1.0
timeseries_values:
  load_level: 252609.82079112547
  wind_year: 2017
  solar_year: 2017
  price_year: 2023
  carbon_year: 2023
storage_values:
  CAES:
    cost: 43.8456
    lifetime: 21.5142
    annual_cost: 2.037984215076554
    efficiency: 0.632388
    discharge_ratio: 0.1
    depth_of_discharge: 0.4
  Li-ion:
    cost: 231.548
    lifetime: 18.4227
    annual_cost: 12.568624577287803
    efficiency: 0.885145
    discharge_ratio: 2
    depth_of_discharge: 0.9
  Pb-acid:
    cost: 210.153
    lifetime: 12.3726
    annual_cost: 16.985354735463847
    efficiency: 0.73294
    discharge_ratio: 5
    depth_of_discharge: 0.5
  VRBF:
    cost: 339.693
    lifetime: 23.1482
    annual_cost: 14.674704728661407
    efficiency: 0.717009
    discharge_ratio: 0.5
    depth_of_discharge: 1.0
