cost_values:
  wind_capex: 5000.0
  wind_opex: 100
  wind_lifetime: 20
  solar_capex: 1000.0
  solar_opex: 10
  solar_lifetime: 20
  carbon_price: 1.0
timeseries_values:
  load_level: 252609.82079112547
  wind_year: 2017
  solar_year: 2017
  price_year: 2023
  carbon_year: 2023
storage_values:
  CAES:
    cost: 51.5025
    lifetime: 21.4235
    annual_cost: 2.404018951151772
    efficiency: 0.630196
    discharge_ratio: 0.1
    depth_of_discharge: 0.4
  Li-ion:
    cost: 224.781
    lifetime: 21.0171
    annual_cost: 10.695148236436046
    efficiency: 0.87653
    discharge_ratio: 2
    depth_of_discharge: 0.9
  Pb-acid:
    cost: 180.865
    lifetime: 12.3308
    annual_cost: 14.667742563337335
    efficiency: 0.733354
    discharge_ratio: 5
    depth_of_discharge: 0.5
  VRBF:
    cost: 331.108
    lifetime: 22.9525
    annual_cost: 14.425792397342338
    efficiency: 0.694338
    discharge_ratio: 0.5
    depth_of_discharge: 1.0
