cost_values:
  wind_capex: 5000.0
  wind_opex: 100
  wind_lifetime: 20
  solar_capex: 1000.0
  solar_opex: 10
  solar_lifetime: 20
  carbon_price: 1.0
timeseries_values:
  load_level: 252609.82079112547
  wind_year: 2017
  solar_year: 2017
  price_year: 2023
  carbon_year: 2023
storage_values:
  CAES:
    cost: 57.5871
    lifetime: 23.3072
    annual_cost: 2.4707858515823435
    efficiency: 0.645226
    discharge_ratio: 0.1
    depth_of_discharge: 0.4
  Li-ion:
    cost: 211.88
    lifetime: 21.3575
    annual_cost: 9.920636778649186
    efficiency: 0.872937
    discharge_ratio: 2
    depth_of_discharge: 0.9
  Pb-acid:
    cost: 196.989
    lifetime: 12.373
    annual_cost: 15.920876101188073
    efficiency: 0.729151
    discharge_ratio: 5
    depth_of_discharge: 0.5
  VRBF:
    cost: 316.499
    lifetime: 21.29
    annual_cost: 14.866087364960077
    efficiency: 0.71061
    discharge_ratio: 0.5
    depth_of_discharge: 1.0
