cost_values:
  wind_capex: 5000.0
  wind_opex: 100
  wind_lifetime: 20
  solar_capex: 1000.0
  solar_opex: 10
  solar_lifetime: 20
  carbon_price: 1.0
timeseries_values:
  load_level: 252609.82079112547
  wind_year: 2017
  solar_year: 2017
  price_year: 2023
  carbon_year: 2023
storage_values:
  CAES:
    cost: 57.6173
    lifetime: 22.5728
    annual_cost: 2.5525101006521123
    efficiency: 0.63069
    discharge_ratio: 0.1
    depth_of_discharge: 0.4
  Li-ion:
    cost: 218.5
    lifetime: 18.9553
    annual_cost: 11.527119064325017
    efficiency: 0.879304
    discharge_ratio: 2
    depth_of_discharge: 0.9
  Pb-acid:
    cost: 196.427
    lifetime: 13.0761
    annual_cost: 15.02183372718165
    efficiency: 0.723638
    discharge_ratio: 5
    depth_of_discharge: 0.5
  VRBF:
    cost: 310.334
    lifetime: 24.3684
    annual_cost: 12.735099555161602
    efficiency: 0.709259
    discharge_ratio: 0.5
    depth_of_discharge: 1.0
