cost_values:
  wind_capex: 5000.0
  wind_opex: 100
  wind_lifetime: 20
  solar_capex: 1000.0
  solar_opex: 10
  solar_lifetime: 20
  carbon_price: 1.0
timeseries_values:
  load_level: 252609.82079112547
  wind_year: 2017
  solar_year: 2017
  price_year: 2023
  carbon_year: 2023
storage_values:
  CAES:
    cost: 52.0485
    lifetime: 23.8288
    annual_cost: 2.1842686161283824
    efficiency: 0.635013
    discharge_ratio: 0.1
    depth_of_discharge: 0.4
  Li-ion:
    cost: 210.929
    lifetime: 18.4066
    annual_cost: 11.459422163789075
    efficiency: 0.886928
    discharge_ratio: 2
    depth_of_discharge: 0.9
  Pb-acid:
    cost: 188.531
    lifetime: 12.6931
    annual_cost: 14.85303038658799
    efficiency: 0.726366
    discharge_ratio: 5
    depth_of_discharge: 0.5
  VRBF:
    cost: 332.081
    lifetime: 23.1485
    annual_cost: 14.345681145646587
    efficiency: 0.707932
    discharge_ratio: 0.5
    depth_of_discharge: 1.0
