cost_values:
  wind_capex: 5000.0
  wind_opex: 100
  wind_lifetime: 20
  solar_capex: 1000.0
  solar_opex: 10
  solar_lifetime: 20
  carbon_price: 1.0
timeseries_values:
  load_level: 252609.82079112547
  wind_year: 2017
  solar_year: 2017
  price_year: 2023
  carbon_year: 2023
storage_values:
  CAES:
    cost: 50.8029
    lifetime: 22.2624
    annual_cost: 2.2820046356188013
    efficiency: 0.628866
    discharge_ratio: 0.1
    depth_of_discharge: 0.4
  Li-ion:
    cost: 222.287
    lifetime: 18.576
    annual_cost: 11.96635443583118
    efficiency: 0.858732
    discharge_ratio: 2
    depth_of_discharge: 0.9
  Pb-acid:
    cost: 213.065
    lifetime: 12.3483
    annual_cost: 17.254601848027665
    efficiency: 0.738989
    discharge_ratio: 5
    depth_of_discharge: 0.5
  VRBF:
    cost: 363.339
    lifetime: 24.8334
    annual_cost: 14.631061393123776
    efficiency: 0.705441
    discharge_ratio: 0.5
    depth_of_discharge: 1.0
