cost_values:
  wind_capex: 5000.0
  wind_opex: 100
  wind_lifetime: 20
  solar_capex: 1000.0
  solar_opex: 10
  solar_lifetime: 20
  carbon_price: 1.0
timeseries_values:
  load_level: 252609.82079112547
  wind_year: 2017
  solar_year: 2017
  price_year: 2023
  carbon_year: 2023
storage_values:
  CAES:
    cost: 54.1011
    lifetime: 22.8981
    annual_cost: 2.3626894807866154
    efficiency: 0.634985
    discharge_ratio: 0.1
    depth_of_discharge: 0.4
  Li-ion:
    cost: 230.435
    lifetime: 17.6652
    annual_cost: 13.044573511763241
    efficiency: 0.881321
    discharge_ratio: 2
    depth_of_discharge: 0.9
  Pb-acid:
    cost: 176.733
    lifetime: 14.0637
    annual_cost: 12.566607649480577
    efficiency: 0.736074
    discharge_ratio: 5
    depth_of_discharge: 0.5
  VRBF:
    cost: 311.69
    lifetime: 23.9475
    annual_cost: 13.015554859588683
    efficiency: 0.708369
    discharge_ratio: 0.5
    depth_of_discharge: 1.0
