cost_values:
  wind_capex: 5000.0
  wind_opex: 100
  wind_lifetime: 20
  solar_capex: 1000.0
  solar_opex: 10
  solar_lifetime: 20
  carbon_price: 1.0
timeseries_values:
  load_level: 252609.82079112547
  wind_year: 2017
  solar_year: 2017
  price_year: 2023
  carbon_year: 2023
storage_values:
  CAES:
    cost: 47.1958
    lifetime: 23.1499
    annual_cost: 2.0387042708607814
    efficiency: 0.629656
    discharge_ratio: 0.1
    depth_of_discharge: 0.4
  Li-ion:
    cost: 227.208
    lifetime: 19.3342
    annual_cost: 11.751611134673274
    efficiency: 0.879251
    discharge_ratio: 2
    depth_of_discharge: 0.9
  Pb-acid:
    cost: 189.919
    lifetime: 13.9679
    annual_cost: 13.596818419375856
    efficiency: 0.724922
    discharge_ratio: 5
    depth_of_discharge: 0.5
  VRBF:
    cost: 304.651
    lifetime: 22.2215
    annual_cost: 13.709740566568415
    efficiency: 0.706343
    discharge_ratio: 0.5
    depth_of_discharge: 1.0
