cost_values:
  wind_capex: 5000.0
  wind_opex: 100
  wind_lifetime: 20
  solar_capex: 1000.0
  solar_opex: 10
  solar_lifetime: 20
  carbon_price: 1.0
timeseries_values:
  load_level: 252609.82079112547
  wind_year: 2017
  solar_year: 2017
  price_year: 2023
  carbon_year: 2023
storage_values:
  CAES:
    cost: 52.8015
    lifetime: 22.7908
    annual_cost: 2.3167901082893096
    efficiency: 0.63185
    discharge_ratio: 0.1
    depth_of_discharge: 0.4
  Li-ion:
    cost: 191.758
    lifetime: 19.4497
    annual_cost: 9.859175205787237
    efficiency: 0.883098
    discharge_ratio: 2
    depth_of_discharge: 0.9
  Pb-acid:
    cost: 178.231
    lifetime: 12.245
    annual_cost: 14.555410371580237
    efficiency: 0.732235
    discharge_ratio: 5
    depth_of_discharge: 0.5
  VRBF:
    cost: 326.944
    lifetime: 22.7786
    annual_cost: 14.353120911732942
    efficiency: 0.704459
    discharge_ratio: 0.5
    depth_of_discharge: 1.0
