cost_values:
  wind_capex: 5000.0
  wind_opex: 100
  wind_lifetime: 20
  solar_capex: 1000.0
  solar_opex: 10
  solar_lifetime: 20
  carbon_price: 1.0
timeseries_values:
  load_level: 252609.82079112547
  wind_year: 2017
  solar_year: 2017
  price_year: 2023
  carbon_year: 2023
storage_values:
  CAES:
    cost: 52.7664
    lifetime: 22.8475
    annual_cost: 2.309504322135901
    efficiency: 0.62925
    discharge_ratio: 0.1
    depth_of_discharge: 0.4
  Li-ion:
    cost: 211.02
    lifetime: 20.7327
    annual_cost: 10.1781244121605
    efficiency: 0.874028
    discharge_ratio: 2
    depth_of_discharge: 0.9
  Pb-acid:
    cost: 198.508
    lifetime: 14.2215
    annual_cost: 13.958302570052386
    efficiency: 0.734385
    discharge_ratio: 5
    depth_of_discharge: 0.5
  VRBF:
    cost: 294.986
    lifetime: 24.5086
    annual_cost: 12.036020009302856
    efficiency: 0.703726
    discharge_ratio: 0.5
    depth_of_discharge: 1.0
