cost_values:
  wind_capex: 5000.0
  wind_opex: 100
  wind_lifetime: 20
  solar_capex: 1000.0
  solar_opex: 10
  solar_lifetime: 20
  carbon_price: 1.0
timeseries_values:
  load_level: 252609.82079112547
  wind_year: 2017
  solar_year: 2017
  price_year: 2023
  carbon_year: 2023
storage_values:
  CAES:
    cost: 46.5063
    lifetime: 23.4331
    annual_cost: 1.9846413833423664
    efficiency: 0.634415
    discharge_ratio: 0.1
    depth_of_discharge: 0.4
  Li-ion:
    cost: 215.911
    lifetime: 19.8297
    annual_cost: 10.888263564249586
    efficiency: 0.88992
    discharge_ratio: 2
    depth_of_discharge: 0.9
  Pb-acid:
    cost: 188.36
    lifetime: 11.6877
    annual_cost: 16.11608785304209
    efficiency: 0.734856
    discharge_ratio: 5
    depth_of_discharge: 0.5
  VRBF:
    cost: 382.7
    lifetime: 25.0584
    annual_cost: 15.272323851482936
    efficiency: 0.720511
    discharge_ratio: 0.5
    depth_of_discharge: 1.0
