cost_values:
  wind_capex: 5000.0
  wind_opex: 100
  wind_lifetime: 20
  solar_capex: 1000.0
  solar_opex: 10
  solar_lifetime: 20
  carbon_price: 1.0
timeseries_values:
  load_level: 252609.82079112547
  wind_year: 2017
  solar_year: 2017
  price_year: 2023
  carbon_year: 2023
storage_values:
  CAES:
    cost: 49.5039
    lifetime: 22.7809
    annual_cost: 2.1730440851766173
    efficiency: 0.637209
    discharge_ratio: 0.1
    depth_of_discharge: 0.4
  Li-ion:
    cost: 218.271
    lifetime: 21.4816
    annual_cost: 10.160835319529271
    efficiency: 0.883593
    discharge_ratio: 2
    depth_of_discharge: 0.9
  Pb-acid:
    cost: 210.42
    lifetime: 12.1068
    annual_cost: 17.380315194766577
    efficiency: 0.740354
    discharge_ratio: 5
    depth_of_discharge: 0.5
  VRBF:
    cost: 316.731
    lifetime: 25.7267
    annual_cost: 12.311373009363813
    efficiency: 0.712829
    discharge_ratio: 0.5
    depth_of_discharge: 1.0
