cost_values:
  wind_capex: 5000.0
  wind_opex: 100
  wind_lifetime: 20
  solar_capex: 1000.0
  solar_opex: 10
  solar_lifetime: 20
  carbon_price: 1.0
timeseries_values:
  load_level: 252609.82079112547
  wind_year: 2017
  solar_year: 2017
  price_year: 2023
  carbon_year: 2023
storage_values:
  CAES:
    cost: 54.7254
    lifetime: 22.869
    annual_cost: 2.3929948839039747
    efficiency: 0.641379
    discharge_ratio: 0.1
    depth_of_discharge: 0.4
  Li-ion:
    cost: 229.466
    lifetime: 18.9579
    annual_cost: 12.10397776124993
    efficiency: 0.868423
    discharge_ratio: 2
    depth_of_discharge: 0.9
  Pb-acid:
    cost: 199.893
    lifetime: 13.0025
    annual_cost: 15.373428186887137
    efficiency: 0.733956
    discharge_ratio: 5
    depth_of_discharge: 0.5
  VRBF:
    cost: 301.005
    lifetime: 22.8644
    annual_cost: 13.164788929514879
    efficiency: 0.698986
    discharge_ratio: 0.5
    depth_of_discharge: 1.0
