cost_values:
  wind_capex: 5000.0
  wind_opex: 100
  wind_lifetime: 20
  solar_capex: 1000.0
  solar_opex: 10
  solar_lifetime: 20
  carbon_price: 1.0
timeseries_values:
  load_level: 252609.82079112547
  wind_year: 2017
  solar_year: 2017
  price_year: 2023
  carbon_year: 2023
storage_values:
  CAES:
    cost: 51.034
    lifetime: 22.6087
    annual_cost: 2.2572726428321843
    efficiency: 0.636488
    discharge_ratio: 0.1
    depth_of_discharge: 0.4
  Li-ion:
    cost: 216.76
    lifetime: 19.5865
    annual_cost: 11.066806218568912
    efficiency: 0.887877
    discharge_ratio: 2
    depth_of_discharge: 0.9
  Pb-acid:
    cost: 195.55
    lifetime: 12.201
    annual_cost: 16.027374805343825
    efficiency: 0.721163
    discharge_ratio: 5
    depth_of_discharge: 0.5
  VRBF:
    cost: 319.776
    lifetime: 23.6287
    annual_cost: 13.533372551177171
    efficiency: 0.714687
    discharge_ratio: 0.5
    depth_of_discharge: 1.0
