cost_values:
  wind_capex: 5000.0
  wind_opex: 100
  wind_lifetime: 20
  solar_capex: 1000.0
  solar_opex: 10
  solar_lifetime: 20
  carbon_price: 1.0
timeseries_values:
  load_level: 252609.82079112547
  wind_year: 2017
  solar_year: 2017
  price_year: 2023
  carbon_year: 2023
storage_values:
  CAES:
    cost: 57.7768
    lifetime: 22.7061
    annual_cost: 2.544549702502852
    efficiency: 0.636814
    discharge_ratio: 0.1
    depth_of_discharge: 0.4
  Li-ion:
    cost: 218.673
    lifetime: 20.6145
    annual_cost: 10.607727570399476
    efficiency: 0.893294
    discharge_ratio: 2
    depth_of_discharge: 0.9
  Pb-acid:
    cost: 193.48
    lifetime: 15.022
    annual_cost: 12.87977632805219
    efficiency: 0.734664
    discharge_ratio: 5
    depth_of_discharge: 0.5
  VRBF:
    cost: 299.992
    lifetime: 22.1994
    annual_cost: 13.513518383379731
    efficiency: 0.707453
    discharge_ratio: 0.5
    depth_of_discharge: 1.0
