cost_values:
  wind_capex: 5000.0
  wind_opex: 100
  wind_lifetime: 20
  solar_capex: 1000.0
  solar_opex: 10
  solar_lifetime: 20
  carbon_price: 1.0
timeseries_values:
  load_level: 252609.82079112547
  wind_year: 2017
  solar_year: 2017
  price_year: 2023
  carbon_year: 2023
storage_values:
  CAES:
    cost: 51.4995
    lifetime: 22.1413
    annual_cost: 2.325947437593998
    efficiency: 0.635619
    discharge_ratio: 0.1
    depth_of_discharge: 0.4
  Li-ion:
    cost: 210.878
    lifetime: 20.6914
    annual_cost: 10.191577176991405
    efficiency: 0.891031
    discharge_ratio: 2
    depth_of_discharge: 0.9
  Pb-acid:
    cost: 177.952
    lifetime: 13.4193
    annual_cost: 13.260900345025448
    efficiency: 0.722612
    discharge_ratio: 5
    depth_of_discharge: 0.5
  VRBF:
    cost: 291.436
    lifetime: 24.0776
    annual_cost: 12.104030302023457
    efficiency: 0.705389
    discharge_ratio: 0.5
    depth_of_discharge: 1.0
