cost_values:
  wind_capex: 5000.0
  wind_opex: 100
  wind_lifetime: 20
  solar_capex: 1000.0
  solar_opex: 10
  solar_lifetime: 20
  carbon_price: 1.0
timeseries_values:
  load_level: 252609.82079112547
  wind_year: 2017
  solar_year: 2017
  price_year: 2023
  carbon_year: 2023
storage_values:
  CAES:
    cost: 57.9149
    lifetime: 23.5026
    annual_cost: 2.4641911958676914
    efficiency: 0.643681
    discharge_ratio: 0.1
    depth_of_discharge: 0.4
  Li-ion:
    cost: 208.818
    lifetime: 17.2553
    annual_cost: 12.101673109131688
    efficiency: 0.887961
    discharge_ratio: 2
    depth_of_discharge: 0.9
  Pb-acid:
    cost: 198.882
    lifetime: 12.6006
    annual_cost: 15.783534117422981
    efficiency: 0.722502
    discharge_ratio: 5
    depth_of_discharge: 0.5
  VRBF:
    cost: 308.088
    lifetime: 24.2963
    annual_cost: 12.680449286516879
    efficiency: 0.703036
    discharge_ratio: 0.5
    depth_of_discharge: 1.0
