cost_values:
  wind_capex: 5000.0
  wind_opex: 100
  wind_lifetime: 20
  solar_capex: 1000.0
  solar_opex: 10
  solar_lifetime: 20
  carbon_price: 1.0
timeseries_values:
  load_level: 252609.82079112547
  wind_year: 2017
  solar_year: 2017
  price_year: 2023
  carbon_year: 2023
storage_values:
  CAES:
    cost: 55.7565
    lifetime: 22.5359
    annual_cost: 2.4741190722358546
    efficiency: 0.622358
    discharge_ratio: 0.1
    depth_of_discharge: 0.4
  Li-ion:
    cost: 216.145
    lifetime: 17.6868
    annual_cost: 12.220695660040256
    efficiency: 0.884393
    discharge_ratio: 2
    depth_of_discharge: 0.9
  Pb-acid:
    cost: 215.828
    lifetime: 12.5362
    annual_cost: 17.216381359582652
    efficiency: 0.728158
    discharge_ratio: 5
    depth_of_discharge: 0.5
  VRBF:
    cost: 285.672
    lifetime: 22.6951
    annual_cost: 12.58738670461906
    efficiency: 0.71814
    discharge_ratio: 0.5
    depth_of_discharge: 1.0
