cost_values:
  wind_capex: 5000.0
  wind_opex: 100
  wind_lifetime: 20
  solar_capex: 1000.0
  solar_opex: 10
  solar_lifetime: 20
  carbon_price: 1.0
timeseries_values:
  load_level: 252609.82079112547
  wind_year: 2017
  solar_year: 2017
  price_year: 2023
  carbon_year: 2023
storage_values:
  CAES:
    cost: 53.6916
    lifetime: 22.7153
    annual_cost: 2.363675584297808
    efficiency: 0.642149
    discharge_ratio: 0.1
    depth_of_discharge: 0.4
  Li-ion:
    cost: 211.117
    lifetime: 21.1197
    annual_cost: 9.99621206740626
    efficiency: 0.893259
    discharge_ratio: 2
    depth_of_discharge: 0.9
  Pb-acid:
    cost: 194.204
    lifetime: 12.943
    annual_cost: 15.004558448582246
    efficiency: 0.733693
    discharge_ratio: 5
    depth_of_discharge: 0.5
  VRBF:
    cost: 319.463
    lifetime: 23.9088
    annual_cost: 13.361732918423343
    efficiency: 0.707093
    discharge_ratio: 0.5
    depth_of_discharge: 1.0
