cost_values:
  wind_capex: 5000.0
  wind_opex: 100
  wind_lifetime: 20
  solar_capex: 1000.0
  solar_opex: 10
  solar_lifetime: 20
  carbon_price: 1.0
timeseries_values:
  load_level: 252609.82079112547
  wind_year: 2017
  solar_year: 2017
  price_year: 2023
  carbon_year: 2023
storage_values:
  CAES:
    cost: 58.2506
    lifetime: 22.9956
    annual_cost: 2.5331193793595297
    efficiency: 0.639525
    discharge_ratio: 0.1
    depth_of_discharge: 0.4
  Li-ion:
    cost: 225.749
    lifetime: 18.5645
    annual_cost: 12.160252094050474
    efficiency: 0.889049
    discharge_ratio: 2
    depth_of_discharge: 0.9
  Pb-acid:
    cost: 184.534
    lifetime: 13.9757
    annual_cost: 13.203918229498344
    efficiency: 0.735089
    discharge_ratio: 5
    depth_of_discharge: 0.5
  VRBF:
    cost: 350.666
    lifetime: 22.6499
    annual_cost: 15.482010958105777
    efficiency: 0.714291
    discharge_ratio: 0.5
    depth_of_discharge: 1.0
