cost_values:
  wind_capex: 5000.0
  wind_opex: 100
  wind_lifetime: 20
  solar_capex: 1000.0
  solar_opex: 10
  solar_lifetime: 20
  carbon_price: 1.0
timeseries_values:
  load_level: 252609.82079112547
  wind_year: 2017
  solar_year: 2017
  price_year: 2023
  carbon_year: 2023
storage_values:
  CAES:
    cost: 51.5413
    lifetime: 23.3033
    annual_cost: 2.211759707852536
    efficiency: 0.625077
    discharge_ratio: 0.1
    depth_of_discharge: 0.4
  Li-ion:
    cost: 219.284
    lifetime: 20.3719
    annual_cost: 10.764042627344528
    efficiency: 0.880484
    discharge_ratio: 2
    depth_of_discharge: 0.9
  Pb-acid:
    cost: 198.781
    lifetime: 12.8559
    annual_cost: 15.462239127560109
    efficiency: 0.726899
    discharge_ratio: 5
    depth_of_discharge: 0.5
  VRBF:
    cost: 309.319
    lifetime: 22.3524
    annual_cost: 13.838290295449259
    efficiency: 0.705178
    discharge_ratio: 0.5
    depth_of_discharge: 1.0
