cost_values:
  wind_capex: 5000.0
  wind_opex: 100
  wind_lifetime: 20
  solar_capex: 1000.0
  solar_opex: 10
  solar_lifetime: 20
  carbon_price: 1.0
timeseries_values:
  load_level: 252609.82079112547
  wind_year: 2017
  solar_year: 2017
  price_year: 2023
  carbon_year: 2023
storage_values:
  CAES:
    cost: 49.8868
    lifetime: 22.3027
    annual_cost: 2.236805409210544
    efficiency: 0.626053
    discharge_ratio: 0.1
    depth_of_discharge: 0.4
  Li-ion:
    cost: 199.094
    lifetime: 18.2848
    annual_cost: 10.888497549877494
    efficiency: 0.887492
    discharge_ratio: 2
    depth_of_discharge: 0.9
  Pb-acid:
    cost: 184.78
    lifetime: 13.6138
    annual_cost: 13.572992110946247
    efficiency: 0.711405
    discharge_ratio: 5
    depth_of_discharge: 0.5
  VRBF:
    cost: 306.174
    lifetime: 24.5364
    annual_cost: 12.47835868342544
    efficiency: 0.705018
    discharge_ratio: 0.5
    depth_of_discharge: 1.0
