cost_values:
  wind_capex: 5000.0
  wind_opex: 100
  wind_lifetime: 20
  solar_capex: 1000.0
  solar_opex: 10
  solar_lifetime: 20
  carbon_price: 1.0
timeseries_values:
  load_level: 252609.82079112547
  wind_year: 2017
  solar_year: 2017
  price_year: 2023
  carbon_year: 2023
storage_values:
  CAES:
    cost: 56.0714
    lifetime: 22.3956
    annual_cost: 2.5036792941470645
    efficiency: 0.621501
    discharge_ratio: 0.1
    depth_of_discharge: 0.4
  Li-ion:
    cost: 205.82
    lifetime: 18.5573
    annual_cost: 11.091053116563291
    efficiency: 0.887706
    discharge_ratio: 2
    depth_of_discharge: 0.9
  Pb-acid:
    cost: 214.656
    lifetime: 13.3972
    annual_cost: 16.02245245275132
    efficiency: 0.750509
    discharge_ratio: 5
    depth_of_discharge: 0.5
  VRBF:
    cost: 313.306
    lifetime: 22.8933
    annual_cost: 13.685488767455979
    efficiency: 0.718399
    discharge_ratio: 0.5
    depth_of_discharge: 1.0
