cost_values:
  wind_capex: 5000.0
  wind_opex: 100
  wind_lifetime: 20
  solar_capex: 1000.0
  solar_opex: 10
  solar_lifetime: 20
  carbon_price: 1.0
timeseries_values:
  load_level: 252609.82079112547
  wind_year: 2017
  solar_year: 2017
  price_year: 2023
  carbon_year: 2023
storage_values:
  CAES:
    cost: 55.3777
    lifetime: 21.6677
    annual_cost: 2.555771955491353
    efficiency: 0.637823
    discharge_ratio: 0.1
    depth_of_discharge: 0.4
  Li-ion:
    cost: 228.519
    lifetime: 19.3879
    annual_cost: 11.78668138374966
    efficiency: 0.885418
    discharge_ratio: 2
    depth_of_discharge: 0.9
  Pb-acid:
    cost: 187.519
    lifetime: 13.4604
    annual_cost: 13.931161035333274
    efficiency: 0.725875
    discharge_ratio: 5
    depth_of_discharge: 0.5
  VRBF:
    cost: 338.571
    lifetime: 22.2304
    annual_cost: 15.230090326759754
    efficiency: 0.701047
    discharge_ratio: 0.5
    depth_of_discharge: 1.0
