cost_values:
  wind_capex: 5000.0
  wind_opex: 100
  wind_lifetime: 20
  solar_capex: 1000.0
  solar_opex: 10
  solar_lifetime: 20
  carbon_price: 1.0
timeseries_values:
  load_level: 252609.82079112547
  wind_year: 2017
  solar_year: 2017
  price_year: 2023
  carbon_year: 2023
storage_values:
  CAES:
    cost: 49.5078
    lifetime: 23.0269
    annual_cost: 2.1499984800385636
    efficiency: 0.636148
    discharge_ratio: 0.1
    depth_of_discharge: 0.4
  Li-ion:
    cost: 193.849
    lifetime: 17.9202
    annual_cost: 10.817345788551465
    efficiency: 0.862195
    discharge_ratio: 2
    depth_of_discharge: 0.9
  Pb-acid:
    cost: 212.569
    lifetime: 13.7692
    annual_cost: 15.4380065653778
    efficiency: 0.738986
    discharge_ratio: 5
    depth_of_discharge: 0.5
  VRBF:
    cost: 311.952
    lifetime: 21.4116
    annual_cost: 14.569298884716696
    efficiency: 0.724303
    discharge_ratio: 0.5
    depth_of_discharge: 1.0
