cost_values:
  wind_capex: 5000.0
  wind_opex: 100
  wind_lifetime: 20
  solar_capex: 1000.0
  solar_opex: 10
  solar_lifetime: 20
  carbon_price: 1.0
timeseries_values:
  load_level: 252609.82079112547
  wind_year: 2017
  solar_year: 2017
  price_year: 2023
  carbon_year: 2023
storage_values:
  CAES:
    cost: 51.884
    lifetime: 22.9329
    annual_cost: 2.2624264702676067
    efficiency: 0.629044
    discharge_ratio: 0.1
    depth_of_discharge: 0.4
  Li-ion:
    cost: 226.372
    lifetime: 20.4061
    annual_cost: 11.093349537638257
    efficiency: 0.873629
    discharge_ratio: 2
    depth_of_discharge: 0.9
  Pb-acid:
    cost: 193.126
    lifetime: 12.3244
    annual_cost: 15.670215182889228
    efficiency: 0.726897
    discharge_ratio: 5
    depth_of_discharge: 0.5
  VRBF:
    cost: 339.05
    lifetime: 23.4998
    annual_cost: 14.427782364105227
    efficiency: 0.716004
    discharge_ratio: 0.5
    depth_of_discharge: 1.0
