cost_values:
  wind_capex: 5000.0
  wind_opex: 100
  wind_lifetime: 20
  solar_capex: 1000.0
  solar_opex: 10
  solar_lifetime: 20
  carbon_price: 1.0
timeseries_values:
  load_level: 252609.82079112547
  wind_year: 2017
  solar_year: 2017
  price_year: 2023
  carbon_year: 2023
storage_values:
  CAES:
    cost: 54.0941
    lifetime: 23.1608
    annual_cost: 2.3355885807053296
    efficiency: 0.627218
    discharge_ratio: 0.1
    depth_of_discharge: 0.4
  Li-ion:
    cost: 241.704
    lifetime: 19.1519
    annual_cost: 12.620366647695528
    efficiency: 0.861306
    discharge_ratio: 2
    depth_of_discharge: 0.9
  Pb-acid:
    cost: 199.44
    lifetime: 13.8142
    annual_cost: 14.437318121932504
    efficiency: 0.72974
    discharge_ratio: 5
    depth_of_discharge: 0.5
  VRBF:
    cost: 343.307
    lifetime: 23.0516
    annual_cost: 14.892979229207517
    efficiency: 0.702056
    discharge_ratio: 0.5
    depth_of_discharge: 1.0
