cost_values:
  wind_capex: 5000.0
  wind_opex: 100
  wind_lifetime: 20
  solar_capex: 1000.0
  solar_opex: 10
  solar_lifetime: 20
  carbon_price: 1.0
timeseries_values:
  load_level: 252609.82079112547
  wind_year: 2017
  solar_year: 2017
  price_year: 2023
  carbon_year: 2023
storage_values:
  CAES:
    cost: 56.8212
    lifetime: 22.2584
    annual_cost: 2.552798044783093
    efficiency: 0.641105
    discharge_ratio: 0.1
    depth_of_discharge: 0.4
  Li-ion:
    cost: 233.818
    lifetime: 20.9003
    annual_cost: 11.187303531528256
    efficiency: 0.889972
    discharge_ratio: 2
    depth_of_discharge: 0.9
  Pb-acid:
    cost: 196.661
    lifetime: 11.9037
    annual_cost: 16.52099767299243
    efficiency: 0.74006
    discharge_ratio: 5
    depth_of_discharge: 0.5
  VRBF:
    cost: 328.832
    lifetime: 22.3693
    annual_cost: 14.700147076573698
    efficiency: 0.704884
    discharge_ratio: 0.5
    depth_of_discharge: 1.0
