cost_values:
  wind_capex: 5000.0
  wind_opex: 100
  wind_lifetime: 20
  solar_capex: 1000.0
  solar_opex: 10
  solar_lifetime: 20
  carbon_price: 1.0
timeseries_values:
  load_level: 252609.82079112547
  wind_year: 2017
  solar_year: 2017
  price_year: 2023
  carbon_year: 2023
storage_values:
  CAES:
    cost: 48.4689
    lifetime: 23.6764
    annual_cost: 2.047139767870115
    efficiency: 0.632584
    discharge_ratio: 0.1
    depth_of_discharge: 0.4
  Li-ion:
    cost: 195.524
    lifetime: 19.1592
    annual_cost: 10.205227775690009
    efficiency: 0.879611
    discharge_ratio: 2
    depth_of_discharge: 0.9
  Pb-acid:
    cost: 211.559
    lifetime: 13.9427
    annual_cost: 15.173459946782186
    efficiency: 0.743277
    discharge_ratio: 5
    depth_of_discharge: 0.5
  VRBF:
    cost: 344.61
    lifetime: 19.7565
    annual_cost: 17.442866904563058
    efficiency: 0.693796
    discharge_ratio: 0.5
    depth_of_discharge: 1.0
