cost_values:
  wind_capex: 5000.0
  wind_opex: 100
  wind_lifetime: 20
  solar_capex: 1000.0
  solar_opex: 10
  solar_lifetime: 20
  carbon_price: 1.0
timeseries_values:
  load_level: 252609.82079112547
  wind_year: 2017
  solar_year: 2017
  price_year: 2023
  carbon_year: 2023
storage_values:
  CAES:
    cost: 54.4856
    lifetime: 23.2265
    annual_cost: 2.3458377284567193
    efficiency: 0.625358
    discharge_ratio: 0.1
    depth_of_discharge: 0.4
  Li-ion:
    cost: 208.437
    lifetime: 17.6083
    annual_cost: 11.837428939761363
    efficiency: 0.895015
    discharge_ratio: 2
    depth_of_discharge: 0.9
  Pb-acid:
    cost: 205.416
    lifetime: 10.4403
    annual_cost: 19.675296686876813
    efficiency: 0.742322
    discharge_ratio: 5
    depth_of_discharge: 0.5
  VRBF:
    cost: 319.641
    lifetime: 22.3979
    annual_cost: 14.27102540863206
    efficiency: 0.69066
    discharge_ratio: 0.5
    depth_of_discharge: 1.0
