cost_values:
  wind_capex: 5000.0
  wind_opex: 100
  wind_lifetime: 20
  solar_capex: 1000.0
  solar_opex: 10
  solar_lifetime: 20
  carbon_price: 1.0
timeseries_values:
  load_level: 289351.7636873103
  wind_year: 2011
  solar_year: 2010
  price_year: 2023
  carbon_year: 2023
storage_values:
  CAES:
    cost: 59.2267
    lifetime: 28.4976
    annual_cost: 2.0783048397057997
    efficiency: 0.598008
    discharge_ratio: 0.1
    depth_of_discharge: 0.4
  Li-ion:
    cost: 163.325
    lifetime: 24.8821
    annual_cost: 6.563955614678824
    efficiency: 0.951551
    discharge_ratio: 2
    depth_of_discharge: 0.9
  Pb-acid:
    cost: 149.517
    lifetime: 8.34975
    annual_cost: 17.906763675559148
    efficiency: 0.74865
    discharge_ratio: 5
    depth_of_discharge: 0.5
  VRBF:
    cost: 287.797
    lifetime: 24.1787
    annual_cost: 11.902914548755724
    efficiency: 0.716372
    discharge_ratio: 0.5
    depth_of_discharge: 1.0
