cost_values:
  wind_capex: 5000.0
  wind_opex: 100
  wind_lifetime: 20
  solar_capex: 1000.0
  solar_opex: 10
  solar_lifetime: 20
  carbon_price: 1.0
timeseries_values:
  load_level: 289351.7636873103
  wind_year: 2011
  solar_year: 2010
  price_year: 2023
  carbon_year: 2023
storage_values:
  CAES:
    cost: 66.4526
    lifetime: 29.9001
    annual_cost: 2.2224875502088626
    efficiency: 0.597925
    discharge_ratio: 0.1
    depth_of_discharge: 0.4
  Li-ion:
    cost: 171.253
    lifetime: 22.3579
    annual_cost: 7.659619195004897
    efficiency: 0.960732
    discharge_ratio: 2
    depth_of_discharge: 0.9
  Pb-acid:
    cost: 145.57
    lifetime: 7.93684
    annual_cost: 18.34105261035878
    efficiency: 0.748092
    discharge_ratio: 5
    depth_of_discharge: 0.5
  VRBF:
    cost: 292.25
    lifetime: 22.0458
    annual_cost: 13.25649330031117
    efficiency: 0.713253
    discharge_ratio: 0.5
    depth_of_discharge: 1.0
