cost_values:
  wind_capex: 5000.0
  wind_opex: 100
  wind_lifetime: 20
  solar_capex: 1000.0
  solar_opex: 10
  solar_lifetime: 20
  carbon_price: 1.0
timeseries_values:
  load_level: 289351.7636873103
  wind_year: 2011
  solar_year: 2010
  price_year: 2023
  carbon_year: 2023
storage_values:
  CAES:
    cost: 68.9001
    lifetime: 29.5253
    annual_cost: 2.3335952555943544
    efficiency: 0.6017
    discharge_ratio: 0.1
    depth_of_discharge: 0.4
  Li-ion:
    cost: 186.68
    lifetime: 23.3144
    annual_cost: 8.007068592801016
    efficiency: 0.965797
    discharge_ratio: 2
    depth_of_discharge: 0.9
  Pb-acid:
    cost: 190.903
    lifetime: 6.64462
    annual_cost: 28.73046163663234
    efficiency: 0.759897
    discharge_ratio: 5
    depth_of_discharge: 0.5
  VRBF:
    cost: 290.121
    lifetime: 21.3172
    annual_cost: 13.609714221379917
    efficiency: 0.704997
    discharge_ratio: 0.5
    depth_of_discharge: 1.0
