cost_values:
  wind_capex: 5000.0
  wind_opex: 100
  wind_lifetime: 20
  solar_capex: 1000.0
  solar_opex: 10
  solar_lifetime: 20
  carbon_price: 1.0
timeseries_values:
  load_level: 289351.7636873103
  wind_year: 2011
  solar_year: 2010
  price_year: 2023
  carbon_year: 2023
storage_values:
  CAES:
    cost: 65.6083
    lifetime: 28.1614
    annual_cost: 2.329724374498427
    efficiency: 0.60951
    discharge_ratio: 0.1
    depth_of_discharge: 0.4
  Li-ion:
    cost: 194.028
    lifetime: 22.3791
    annual_cost: 8.670053755512955
    efficiency: 0.966016
    discharge_ratio: 2
    depth_of_discharge: 0.9
  Pb-acid:
    cost: 173.031
    lifetime: 7.69771
    annual_cost: 22.478243529569184
    efficiency: 0.743861
    discharge_ratio: 5
    depth_of_discharge: 0.5
  VRBF:
    cost: 267.263
    lifetime: 24.6947
    annual_cost: 10.822686649362007
    efficiency: 0.702648
    discharge_ratio: 0.5
    depth_of_discharge: 1.0
