cost_values:
  wind_capex: 5000.0
  wind_opex: 100
  wind_lifetime: 20
  solar_capex: 1000.0
  solar_opex: 10
  solar_lifetime: 20
  carbon_price: 1.0
timeseries_values:
  load_level: 289351.7636873103
  wind_year: 2011
  solar_year: 2010
  price_year: 2023
  carbon_year: 2023
storage_values:
  CAES:
    cost: 64.2424
    lifetime: 29.4759
    annual_cost: 2.1794890062729215
    efficiency: 0.608484
    discharge_ratio: 0.1
    depth_of_discharge: 0.4
  Li-ion:
    cost: 191.221
    lifetime: 23.4471
    annual_cost: 8.155422205731199
    efficiency: 0.974036
    discharge_ratio: 2
    depth_of_discharge: 0.9
  Pb-acid:
    cost: 168.755
    lifetime: 6.80759
    annual_cost: 24.789242595397194
    efficiency: 0.751462
    discharge_ratio: 5
    depth_of_discharge: 0.5
  VRBF:
    cost: 248.331
    lifetime: 21.5184
    annual_cost: 11.54040263216596
    efficiency: 0.698514
    discharge_ratio: 0.5
    depth_of_discharge: 1.0
