cost_values:
  wind_capex: 5000.0
  wind_opex: 100
  wind_lifetime: 20
  solar_capex: 1000.0
  solar_opex: 10
  solar_lifetime: 20
  carbon_price: 1.0
timeseries_values:
  load_level: 289351.7636873103
  wind_year: 2011
  solar_year: 2010
  price_year: 2023
  carbon_year: 2023
storage_values:
  CAES:
    cost: 64.1517
    lifetime: 29.9914
    annual_cost: 2.1390031809118617
    efficiency: 0.603485
    discharge_ratio: 0.1
    depth_of_discharge: 0.4
  Li-ion:
    cost: 196.7
    lifetime: 21.1128
    annual_cost: 9.316623091205335
    efficiency: 0.957945
    discharge_ratio: 2
    depth_of_discharge: 0.9
  Pb-acid:
    cost: 165.539
    lifetime: 7.98054
    annual_cost: 20.742831938690863
    efficiency: 0.757716
    discharge_ratio: 5
    depth_of_discharge: 0.5
  VRBF:
    cost: 292.067
    lifetime: 22.8987
    annual_cost: 12.754741535545685
    efficiency: 0.713306
    discharge_ratio: 0.5
    depth_of_discharge: 1.0
