cost_values:
  wind_capex: 5000.0
  wind_opex: 100
  wind_lifetime: 20
  solar_capex: 1000.0
  solar_opex: 10
  solar_lifetime: 20
  carbon_price: 1.0
timeseries_values:
  load_level: 289351.7636873103
  wind_year: 2011
  solar_year: 2010
  price_year: 2023
  carbon_year: 2023
storage_values:
  CAES:
    cost: 64.4388
    lifetime: 29.6238
    annual_cost: 2.1752374779737913
    efficiency: 0.602671
    discharge_ratio: 0.1
    depth_of_discharge: 0.4
  Li-ion:
    cost: 158.347
    lifetime: 21.0268
    annual_cost: 7.530722696748911
    efficiency: 0.971389
    discharge_ratio: 2
    depth_of_discharge: 0.9
  Pb-acid:
    cost: 172.359
    lifetime: 6.03546
    annual_cost: 28.557723852034478
    efficiency: 0.762959
    discharge_ratio: 5
    depth_of_discharge: 0.5
  VRBF:
    cost: 298.427
    lifetime: 21.8629
    annual_cost: 13.649927502755812
    efficiency: 0.697567
    discharge_ratio: 0.5
    depth_of_discharge: 1.0
