cost_values:
  wind_capex: 5000.0
  wind_opex: 100
  wind_lifetime: 20
  solar_capex: 1000.0
  solar_opex: 10
  solar_lifetime: 20
  carbon_price: 1.0
timeseries_values:
  load_level: 289351.7636873103
  wind_year: 2011
  solar_year: 2010
  price_year: 2023
  carbon_year: 2023
storage_values:
  CAES:
    cost: 64.4123
    lifetime: 27.765
    annual_cost: 2.319909958580947
    efficiency: 0.598326
    discharge_ratio: 0.1
    depth_of_discharge: 0.4
  Li-ion:
    cost: 169.11
    lifetime: 22.2049
    annual_cost: 7.615886583591911
    efficiency: 0.963619
    discharge_ratio: 2
    depth_of_discharge: 0.9
  Pb-acid:
    cost: 144.301
    lifetime: 6.37912
    annual_cost: 22.620831713465176
    efficiency: 0.755803
    discharge_ratio: 5
    depth_of_discharge: 0.5
  VRBF:
    cost: 265.036
    lifetime: 23.0343
    annual_cost: 11.506145183487233
    efficiency: 0.691626
    discharge_ratio: 0.5
    depth_of_discharge: 1.0
