cost_values:
  wind_capex: 5000.0
  wind_opex: 100
  wind_lifetime: 20
  solar_capex: 1000.0
  solar_opex: 10
  solar_lifetime: 20
  carbon_price: 1.0
timeseries_values:
  load_level: 289351.7636873103
  wind_year: 2011
  solar_year: 2010
  price_year: 2023
  carbon_year: 2023
storage_values:
  CAES:
    cost: 60.8488
    lifetime: 27.93
    annual_cost: 2.1786179735051916
    efficiency: 0.606299
    discharge_ratio: 0.1
    depth_of_discharge: 0.4
  Li-ion:
    cost: 173.87
    lifetime: 22.9512
    annual_cost: 7.575638746557915
    efficiency: 0.959669
    discharge_ratio: 2
    depth_of_discharge: 0.9
  Pb-acid:
    cost: 155.688
    lifetime: 7.42924
    annual_cost: 20.95611394974452
    efficiency: 0.76052
    discharge_ratio: 5
    depth_of_discharge: 0.5
  VRBF:
    cost: 282.776
    lifetime: 20.9737
    annual_cost: 13.482408921649494
    efficiency: 0.711094
    discharge_ratio: 0.5
    depth_of_discharge: 1.0
