cost_values:
  wind_capex: 5000.0
  wind_opex: 100
  wind_lifetime: 20
  solar_capex: 1000.0
  solar_opex: 10
  solar_lifetime: 20
  carbon_price: 1.0
timeseries_values:
  load_level: 289351.7636873103
  wind_year: 2011
  solar_year: 2010
  price_year: 2023
  carbon_year: 2023
storage_values:
  CAES:
    cost: 66.3549
    lifetime: 28.8262
    annual_cost: 2.30189549784571
    efficiency: 0.603807
    discharge_ratio: 0.1
    depth_of_discharge: 0.4
  Li-ion:
    cost: 191.429
    lifetime: 23.1538
    annual_cost: 8.267714154911937
    efficiency: 0.95416
    discharge_ratio: 2
    depth_of_discharge: 0.9
  Pb-acid:
    cost: 148.832
    lifetime: 6.13356
    annual_cost: 24.265190199492626
    efficiency: 0.743749
    discharge_ratio: 5
    depth_of_discharge: 0.5
  VRBF:
    cost: 266.381
    lifetime: 22.8408
    annual_cost: 11.662507442821616
    efficiency: 0.685105
    discharge_ratio: 0.5
    depth_of_discharge: 1.0
