cost_values:
  wind_capex: 5000.0
  wind_opex: 100
  wind_lifetime: 20
  solar_capex: 1000.0
  solar_opex: 10
  solar_lifetime: 20
  carbon_price: 1.0
timeseries_values:
  load_level: 289351.7636873103
  wind_year: 2011
  solar_year: 2010
  price_year: 2023
  carbon_year: 2023
storage_values:
  CAES:
    cost: 58.3522
    lifetime: 27.7121
    annual_cost: 2.1056578173433267
    efficiency: 0.610833
    discharge_ratio: 0.1
    depth_of_discharge: 0.4
  Li-ion:
    cost: 200.703
    lifetime: 23.7405
    annual_cost: 8.454034245277057
    efficiency: 0.958911
    discharge_ratio: 2
    depth_of_discharge: 0.9
  Pb-acid:
    cost: 183.033
    lifetime: 7.99957
    annual_cost: 22.880354819071524
    efficiency: 0.748838
    discharge_ratio: 5
    depth_of_discharge: 0.5
  VRBF:
    cost: 262.908
    lifetime: 21.1807
    annual_cost: 12.412620923765504
    efficiency: 0.705284
    discharge_ratio: 0.5
    depth_of_discharge: 1.0
