cost_values:
  wind_capex: 5000.0
  wind_opex: 100
  wind_lifetime: 20
  solar_capex: 1000.0
  solar_opex: 10
  solar_lifetime: 20
  carbon_price: 1.0
timeseries_values:
  load_level: 289351.7636873103
  wind_year: 2011
  solar_year: 2010
  price_year: 2023
  carbon_year: 2023
storage_values:
  CAES:
    cost: 66.4358
    lifetime: 27.915
    annual_cost: 2.3799319362349993
    efficiency: 0.605619
    discharge_ratio: 0.1
    depth_of_discharge: 0.4
  Li-ion:
    cost: 183.735
    lifetime: 24.1803
    annual_cost: 7.598540961030261
    efficiency: 0.955809
    discharge_ratio: 2
    depth_of_discharge: 0.9
  Pb-acid:
    cost: 166.845
    lifetime: 5.00942
    annual_cost: 33.30625102307253
    efficiency: 0.75646
    discharge_ratio: 5
    depth_of_discharge: 0.5
  VRBF:
    cost: 280.61
    lifetime: 22.3689
    annual_cost: 12.544649043985176
    efficiency: 0.716363
    discharge_ratio: 0.5
    depth_of_discharge: 1.0
