cost_values:
  wind_capex: 5000.0
  wind_opex: 100
  wind_lifetime: 20
  solar_capex: 1000.0
  solar_opex: 10
  solar_lifetime: 20
  carbon_price: 1.0
timeseries_values:
  load_level: 289351.7636873103
  wind_year: 2011
  solar_year: 2010
  price_year: 2023
  carbon_year: 2023
storage_values:
  CAES:
    cost: 62.741
    lifetime: 28.2406
    annual_cost: 2.221659596467497
    efficiency: 0.596741
    discharge_ratio: 0.1
    depth_of_discharge: 0.4
  Li-ion:
    cost: 200.115
    lifetime: 21.9432
    annual_cost: 9.119681723723067
    efficiency: 0.976639
    discharge_ratio: 2
    depth_of_discharge: 0.9
  Pb-acid:
    cost: 169.144
    lifetime: 5.57095
    annual_cost: 30.361787486873876
    efficiency: 0.758742
    discharge_ratio: 5
    depth_of_discharge: 0.5
  VRBF:
    cost: 289.884
    lifetime: 24.4959
    annual_cost: 11.833980380390189
    efficiency: 0.712343
    discharge_ratio: 0.5
    depth_of_discharge: 1.0
