cost_values:
  wind_capex: 5000.0
  wind_opex: 100
  wind_lifetime: 20
  solar_capex: 1000.0
  solar_opex: 10
  solar_lifetime: 20
  carbon_price: 1.0
timeseries_values:
  load_level: 289351.7636873103
  wind_year: 2011
  solar_year: 2010
  price_year: 2023
  carbon_year: 2023
storage_values:
  CAES:
    cost: 69.0882
    lifetime: 27.963
    annual_cost: 2.4707005686085184
    efficiency: 0.609167
    discharge_ratio: 0.1
    depth_of_discharge: 0.4
  Li-ion:
    cost: 154.867
    lifetime: 21.1935
    annual_cost: 7.307287611767759
    efficiency: 0.971468
    discharge_ratio: 2
    depth_of_discharge: 0.9
  Pb-acid:
    cost: 168.059
    lifetime: 7.46972
    annual_cost: 22.49870142388202
    efficiency: 0.743811
    discharge_ratio: 5
    depth_of_discharge: 0.5
  VRBF:
    cost: 247.13
    lifetime: 24.0062
    annual_cost: 10.294423940482043
    efficiency: 0.694069
    discharge_ratio: 0.5
    depth_of_discharge: 1.0
