cost_values:
  wind_capex: 5000.0
  wind_opex: 100
  wind_lifetime: 20
  solar_capex: 1000.0
  solar_opex: 10
  solar_lifetime: 20
  carbon_price: 1.0
timeseries_values:
  load_level: 289351.7636873103
  wind_year: 2011
  solar_year: 2010
  price_year: 2023
  carbon_year: 2023
storage_values:
  CAES:
    cost: 57.8508
    lifetime: 28.7914
    annual_cost: 2.0093083351278507
    efficiency: 0.599227
    discharge_ratio: 0.1
    depth_of_discharge: 0.4
  Li-ion:
    cost: 192.002
    lifetime: 22.3139
    annual_cost: 8.604591756707702
    efficiency: 0.955314
    discharge_ratio: 2
    depth_of_discharge: 0.9
  Pb-acid:
    cost: 168.471
    lifetime: 7.34862
    annual_cost: 22.925528874809146
    efficiency: 0.775719
    discharge_ratio: 5
    depth_of_discharge: 0.5
  VRBF:
    cost: 286.547
    lifetime: 24.3348
    annual_cost: 11.77519437184608
    efficiency: 0.713434
    discharge_ratio: 0.5
    depth_of_discharge: 1.0
