cost_values:
  wind_capex: 5000.0
  wind_opex: 100
  wind_lifetime: 20
  solar_capex: 1000.0
  solar_opex: 10
  solar_lifetime: 20
  carbon_price: 1.0
timeseries_values:
  load_level: 289351.7636873103
  wind_year: 2011
  solar_year: 2010
  price_year: 2023
  carbon_year: 2023
storage_values:
  CAES:
    cost: 56.5215
    lifetime: 27.8902
    annual_cost: 2.0265720575686084
    efficiency: 0.598377
    discharge_ratio: 0.1
    depth_of_discharge: 0.4
  Li-ion:
    cost: 184.673
    lifetime: 23.022
    annual_cost: 8.021588046216664
    efficiency: 0.969386
    discharge_ratio: 2
    depth_of_discharge: 0.9
  Pb-acid:
    cost: 174.015
    lifetime: 7.21565
    annual_cost: 24.11633047611788
    efficiency: 0.755954
    discharge_ratio: 5
    depth_of_discharge: 0.5
  VRBF:
    cost: 308.475
    lifetime: 23.355
    annual_cost: 13.208092485549134
    efficiency: 0.694803
    discharge_ratio: 0.5
    depth_of_discharge: 1.0
