cost_values:
  wind_capex: 5000.0
  wind_opex: 100
  wind_lifetime: 20
  solar_capex: 1000.0
  solar_opex: 10
  solar_lifetime: 20
  carbon_price: 1.0
timeseries_values:
  load_level: 289351.7636873103
  wind_year: 2011
  solar_year: 2010
  price_year: 2023
  carbon_year: 2023
storage_values:
  CAES:
    cost: 67.4031
    lifetime: 29.4778
    annual_cost: 2.2865715894673277
    efficiency: 0.595333
    discharge_ratio: 0.1
    depth_of_discharge: 0.4
  Li-ion:
    cost: 193.263
    lifetime: 21.5619
    annual_cost: 8.963171149110236
    efficiency: 0.947026
    discharge_ratio: 2
    depth_of_discharge: 0.9
  Pb-acid:
    cost: 168.034
    lifetime: 6.66671
    annual_cost: 25.204936167914905
    efficiency: 0.748132
    discharge_ratio: 5
    depth_of_discharge: 0.5
  VRBF:
    cost: 309.403
    lifetime: 23.4391
    annual_cost: 13.200293526628583
    efficiency: 0.696712
    discharge_ratio: 0.5
    depth_of_discharge: 1.0
