cost_values:
  wind_capex: 5000.0
  wind_opex: 100
  wind_lifetime: 20
  solar_capex: 1000.0
  solar_opex: 10
  solar_lifetime: 20
  carbon_price: 1.0
timeseries_values:
  load_level: 289351.7636873103
  wind_year: 2011
  solar_year: 2010
  price_year: 2023
  carbon_year: 2023
storage_values:
  CAES:
    cost: 68.8514
    lifetime: 28.716
    annual_cost: 2.397666805961833
    efficiency: 0.606494
    discharge_ratio: 0.1
    depth_of_discharge: 0.4
  Li-ion:
    cost: 185.149
    lifetime: 22.5835
    annual_cost: 8.198419199858304
    efficiency: 0.964588
    discharge_ratio: 2
    depth_of_discharge: 0.9
  Pb-acid:
    cost: 161.039
    lifetime: 6.95889
    annual_cost: 23.141478023075518
    efficiency: 0.743873
    discharge_ratio: 5
    depth_of_discharge: 0.5
  VRBF:
    cost: 264.27
    lifetime: 22.8086
    annual_cost: 11.586419157686136
    efficiency: 0.691474
    discharge_ratio: 0.5
    depth_of_discharge: 1.0
