cost_values:
  wind_capex: 5000.0
  wind_opex: 100
  wind_lifetime: 20
  solar_capex: 1000.0
  solar_opex: 10
  solar_lifetime: 20
  carbon_price: 1.0
timeseries_values:
  load_level: 289351.7636873103
  wind_year: 2011
  solar_year: 2010
  price_year: 2023
  carbon_year: 2023
storage_values:
  CAES:
    cost: 62.5502
    lifetime: 28.4067
    annual_cost: 2.201952356310307
    efficiency: 0.60321
    discharge_ratio: 0.1
    depth_of_discharge: 0.4
  Li-ion:
    cost: 208.237
    lifetime: 22.8343
    annual_cost: 9.119482532856274
    efficiency: 0.944146
    discharge_ratio: 2
    depth_of_discharge: 0.9
  Pb-acid:
    cost: 164.011
    lifetime: 6.6182
    annual_cost: 24.78181378622586
    efficiency: 0.756524
    discharge_ratio: 5
    depth_of_discharge: 0.5
  VRBF:
    cost: 297.939
    lifetime: 23.9728
    annual_cost: 12.428210305012348
    efficiency: 0.714376
    discharge_ratio: 0.5
    depth_of_discharge: 1.0
