cost_values:
  wind_capex: 5000.0
  wind_opex: 100
  wind_lifetime: 20
  solar_capex: 1000.0
  solar_opex: 10
  solar_lifetime: 20
  carbon_price: 1.0
timeseries_values:
  load_level: 289351.7636873103
  wind_year: 2011
  solar_year: 2010
  price_year: 2023
  carbon_year: 2023
storage_values:
  CAES:
    cost: 57.9658
    lifetime: 28.9768
    annual_cost: 2.0004210264763533
    efficiency: 0.602173
    discharge_ratio: 0.1
    depth_of_discharge: 0.4
  Li-ion:
    cost: 190.167
    lifetime: 19.7764
    annual_cost: 9.615855261827228
    efficiency: 0.967464
    discharge_ratio: 2
    depth_of_discharge: 0.9
  Pb-acid:
    cost: 185.704
    lifetime: 7.24702
    annual_cost: 25.624877535869917
    efficiency: 0.765952
    discharge_ratio: 5
    depth_of_discharge: 0.5
  VRBF:
    cost: 286.439
    lifetime: 22.8613
    annual_cost: 12.529427460380644
    efficiency: 0.721819
    discharge_ratio: 0.5
    depth_of_discharge: 1.0
