cost_values:
  wind_capex: 5000.0
  wind_opex: 100
  wind_lifetime: 20
  solar_capex: 1000.0
  solar_opex: 10
  solar_lifetime: 20
  carbon_price: 1.0
timeseries_values:
  load_level: 289351.7636873103
  wind_year: 2011
  solar_year: 2010
  price_year: 2023
  carbon_year: 2023
storage_values:
  CAES:
    cost: 73.7339
    lifetime: 29.2321
    annual_cost: 2.522360692526367
    efficiency: 0.60495
    discharge_ratio: 0.1
    depth_of_discharge: 0.4
  Li-ion:
    cost: 183.808
    lifetime: 21.5118
    annual_cost: 8.544519751950093
    efficiency: 0.940892
    discharge_ratio: 2
    depth_of_discharge: 0.9
  Pb-acid:
    cost: 168.087
    lifetime: 7.55743
    annual_cost: 22.241291020889374
    efficiency: 0.75356
    discharge_ratio: 5
    depth_of_discharge: 0.5
  VRBF:
    cost: 299.141
    lifetime: 21.4885
    annual_cost: 13.920980989831772
    efficiency: 0.705019
    discharge_ratio: 0.5
    depth_of_discharge: 1.0
