cost_values:
  wind_capex: 5000.0
  wind_opex: 100
  wind_lifetime: 20
  solar_capex: 1000.0
  solar_opex: 10
  solar_lifetime: 20
  carbon_price: 1.0
timeseries_values:
  load_level: 289351.7636873103
  wind_year: 2011
  solar_year: 2010
  price_year: 2023
  carbon_year: 2023
storage_values:
  CAES:
    cost: 58.6475
    lifetime: 28.7935
    annual_cost: 2.036831229270495
    efficiency: 0.603612
    discharge_ratio: 0.1
    depth_of_discharge: 0.4
  Li-ion:
    cost: 190.046
    lifetime: 24.1333
    annual_cost: 7.874845131001562
    efficiency: 0.968734
    discharge_ratio: 2
    depth_of_discharge: 0.9
  Pb-acid:
    cost: 171.747
    lifetime: 6.68072
    annual_cost: 25.707857835682383
    efficiency: 0.747379
    discharge_ratio: 5
    depth_of_discharge: 0.5
  VRBF:
    cost: 287.755
    lifetime: 22.5401
    annual_cost: 12.766358623076206
    efficiency: 0.714463
    discharge_ratio: 0.5
    depth_of_discharge: 1.0
