cost_values:
  wind_capex: 5000.0
  wind_opex: 100
  wind_lifetime: 20
  solar_capex: 1000.0
  solar_opex: 10
  solar_lifetime: 20
  carbon_price: 1.0
timeseries_values:
  load_level: 289351.7636873103
  wind_year: 2011
  solar_year: 2010
  price_year: 2023
  carbon_year: 2023
storage_values:
  CAES:
    cost: 62.6651
    lifetime: 26.6942
    annual_cost: 2.347517438245012
    efficiency: 0.607579
    discharge_ratio: 0.1
    depth_of_discharge: 0.4
  Li-ion:
    cost: 185.932
    lifetime: 24.0712
    annual_cost: 7.724251387550266
    efficiency: 0.957623
    discharge_ratio: 2
    depth_of_discharge: 0.9
  Pb-acid:
    cost: 202.87
    lifetime: 7.48737
    annual_cost: 27.09496124807509
    efficiency: 0.747603
    discharge_ratio: 5
    depth_of_discharge: 0.5
  VRBF:
    cost: 296.237
    lifetime: 22.9222
    annual_cost: 12.923584996204553
    efficiency: 0.70398
    discharge_ratio: 0.5
    depth_of_discharge: 1.0
