cost_values:
  wind_capex: 5000.0
  wind_opex: 100
  wind_lifetime: 20
  solar_capex: 1000.0
  solar_opex: 10
  solar_lifetime: 20
  carbon_price: 1.0
timeseries_values:
  load_level: 289351.7636873103
  wind_year: 2011
  solar_year: 2010
  price_year: 2023
  carbon_year: 2023
storage_values:
  CAES:
    cost: 69.6311
    lifetime: 29.386
    annual_cost: 2.3695331110052407
    efficiency: 0.602786
    discharge_ratio: 0.1
    depth_of_discharge: 0.4
  Li-ion:
    cost: 169.785
    lifetime: 24.6929
    annual_cost: 6.875863102349258
    efficiency: 0.971454
    discharge_ratio: 2
    depth_of_discharge: 0.9
  Pb-acid:
    cost: 166.473
    lifetime: 7.25938
    annual_cost: 22.93212367998369
    efficiency: 0.766445
    discharge_ratio: 5
    depth_of_discharge: 0.5
  VRBF:
    cost: 287.207
    lifetime: 24.0924
    annual_cost: 11.921062243695106
    efficiency: 0.70105
    discharge_ratio: 0.5
    depth_of_discharge: 1.0
