cost_values:
  wind_capex: 5000.0
  wind_opex: 100
  wind_lifetime: 20
  solar_capex: 1000.0
  solar_opex: 10
  solar_lifetime: 20
  carbon_price: 1.0
timeseries_values:
  load_level: 289351.7636873103
  wind_year: 2011
  solar_year: 2010
  price_year: 2023
  carbon_year: 2023
storage_values:
  CAES:
    cost: 64.0565
    lifetime: 28.2357
    annual_cost: 2.268635096703818
    efficiency: 0.597527
    discharge_ratio: 0.1
    depth_of_discharge: 0.4
  Li-ion:
    cost: 187.444
    lifetime: 23.3383
    annual_cost: 8.031604701285012
    efficiency: 0.969558
    discharge_ratio: 2
    depth_of_discharge: 0.9
  Pb-acid:
    cost: 139.98
    lifetime: 5.21179
    annual_cost: 26.85833466045255
    efficiency: 0.743734
    discharge_ratio: 5
    depth_of_discharge: 0.5
  VRBF:
    cost: 246.865
    lifetime: 22.1057
    annual_cost: 11.16748169024279
    efficiency: 0.694797
    discharge_ratio: 0.5
    depth_of_discharge: 1.0
