cost_values:
  wind_capex: 5000.0
  wind_opex: 100
  wind_lifetime: 20
  solar_capex: 1000.0
  solar_opex: 10
  solar_lifetime: 20
  carbon_price: 1.0
timeseries_values:
  load_level: 289351.7636873103
  wind_year: 2011
  solar_year: 2010
  price_year: 2023
  carbon_year: 2023
storage_values:
  CAES:
    cost: 59.0341
    lifetime: 28.2196
    annual_cost: 2.0919538193312452
    efficiency: 0.594262
    discharge_ratio: 0.1
    depth_of_discharge: 0.4
  Li-ion:
    cost: 183.341
    lifetime: 22.3773
    annual_cost: 8.193168970340478
    efficiency: 0.966548
    discharge_ratio: 2
    depth_of_discharge: 0.9
  Pb-acid:
    cost: 157.796
    lifetime: 6.08789
    annual_cost: 25.919653607407493
    efficiency: 0.753076
    discharge_ratio: 5
    depth_of_discharge: 0.5
  VRBF:
    cost: 284.393
    lifetime: 20.9697
    annual_cost: 13.562091970795956
    efficiency: 0.714462
    discharge_ratio: 0.5
    depth_of_discharge: 1.0
