cost_values:
  wind_capex: 5000.0
  wind_opex: 100
  wind_lifetime: 20
  solar_capex: 1000.0
  solar_opex: 10
  solar_lifetime: 20
  carbon_price: 1.0
timeseries_values:
  load_level: 289351.7636873103
  wind_year: 2011
  solar_year: 2010
  price_year: 2023
  carbon_year: 2023
storage_values:
  CAES:
    cost: 58.6211
    lifetime: 28.6484
    annual_cost: 2.046225967244244
    efficiency: 0.607803
    discharge_ratio: 0.1
    depth_of_discharge: 0.4
  Li-ion:
    cost: 184.294
    lifetime: 21.5051
    annual_cost: 8.569781121687415
    efficiency: 0.969279
    discharge_ratio: 2
    depth_of_discharge: 0.9
  Pb-acid:
    cost: 185.772
    lifetime: 6.87494
    annual_cost: 27.021617643208522
    efficiency: 0.750007
    discharge_ratio: 5
    depth_of_discharge: 0.5
  VRBF:
    cost: 264.243
    lifetime: 21.6719
    annual_cost: 12.192885718372638
    efficiency: 0.708058
    discharge_ratio: 0.5
    depth_of_discharge: 1.0
