cost_values:
  wind_capex: 5000.0
  wind_opex: 100
  wind_lifetime: 20
  solar_capex: 1000.0
  solar_opex: 10
  solar_lifetime: 20
  carbon_price: 1.0
timeseries_values:
  load_level: 289351.7636873103
  wind_year: 2011
  solar_year: 2010
  price_year: 2023
  carbon_year: 2023
storage_values:
  CAES:
    cost: 66.5281
    lifetime: 27.8137
    annual_cost: 2.3919183711624123
    efficiency: 0.603891
    discharge_ratio: 0.1
    depth_of_discharge: 0.4
  Li-ion:
    cost: 190.119
    lifetime: 22.3843
    annual_cost: 8.49340832637161
    efficiency: 0.955903
    discharge_ratio: 2
    depth_of_discharge: 0.9
  Pb-acid:
    cost: 148.653
    lifetime: 5.98511
    annual_cost: 24.837137496219786
    efficiency: 0.742359
    discharge_ratio: 5
    depth_of_discharge: 0.5
  VRBF:
    cost: 277.559
    lifetime: 23.3448
    annual_cost: 11.889542853226416
    efficiency: 0.710928
    discharge_ratio: 0.5
    depth_of_discharge: 1.0
