cost_values:
  wind_capex: 5000.0
  wind_opex: 100
  wind_lifetime: 20
  solar_capex: 1000.0
  solar_opex: 10
  solar_lifetime: 20
  carbon_price: 1.0
timeseries_values:
  load_level: 289351.7636873103
  wind_year: 2011
  solar_year: 2010
  price_year: 2023
  carbon_year: 2023
storage_values:
  CAES:
    cost: 56.0735
    lifetime: 29.2787
    annual_cost: 1.9151635830825822
    efficiency: 0.592289
    discharge_ratio: 0.1
    depth_of_discharge: 0.4
  Li-ion:
    cost: 207.891
    lifetime: 21.6951
    annual_cost: 9.58239418117455
    efficiency: 0.965252
    discharge_ratio: 2
    depth_of_discharge: 0.9
  Pb-acid:
    cost: 165.383
    lifetime: 6.57479
    annual_cost: 25.154111386067086
    efficiency: 0.763626
    discharge_ratio: 5
    depth_of_discharge: 0.5
  VRBF:
    cost: 278.118
    lifetime: 23.0358
    annual_cost: 12.073294610996797
    efficiency: 0.71192
    discharge_ratio: 0.5
    depth_of_discharge: 1.0
