cost_values:
  wind_capex: 5000.0
  wind_opex: 100
  wind_lifetime: 20
  solar_capex: 1000.0
  solar_opex: 10
  solar_lifetime: 20
  carbon_price: 1.0
timeseries_values:
  load_level: 289351.7636873103
  wind_year: 2011
  solar_year: 2010
  price_year: 2023
  carbon_year: 2023
storage_values:
  CAES:
    cost: 66.7699
    lifetime: 29.2893
    annual_cost: 2.2796686844683896
    efficiency: 0.611029
    discharge_ratio: 0.1
    depth_of_discharge: 0.4
  Li-ion:
    cost: 186.584
    lifetime: 22.2037
    annual_cost: 8.403284137328463
    efficiency: 0.968198
    discharge_ratio: 2
    depth_of_discharge: 0.9
  Pb-acid:
    cost: 175.601
    lifetime: 7.49858
    annual_cost: 23.417900455819638
    efficiency: 0.750679
    discharge_ratio: 5
    depth_of_discharge: 0.5
  VRBF:
    cost: 290.192
    lifetime: 22.4532
    annual_cost: 12.924304776156628
    efficiency: 0.729912
    discharge_ratio: 0.5
    depth_of_discharge: 1.0
