cost_values:
  wind_capex: 5000.0
  wind_opex: 100
  wind_lifetime: 20
  solar_capex: 1000.0
  solar_opex: 10
  solar_lifetime: 20
  carbon_price: 1.0
timeseries_values:
  load_level: 289351.7636873103
  wind_year: 2011
  solar_year: 2010
  price_year: 2023
  carbon_year: 2023
storage_values:
  CAES:
    cost: 59.3127
    lifetime: 28.7075
    annual_cost: 2.0661046764782722
    efficiency: 0.603802
    discharge_ratio: 0.1
    depth_of_discharge: 0.4
  Li-ion:
    cost: 169.338
    lifetime: 23.7982
    annual_cost: 7.115580169928817
    efficiency: 0.965947
    discharge_ratio: 2
    depth_of_discharge: 0.9
  Pb-acid:
    cost: 169.244
    lifetime: 6.8701
    annual_cost: 24.634867032503166
    efficiency: 0.736673
    discharge_ratio: 5
    depth_of_discharge: 0.5
  VRBF:
    cost: 265.835
    lifetime: 20.4394
    annual_cost: 13.00600800414885
    efficiency: 0.711043
    discharge_ratio: 0.5
    depth_of_discharge: 1.0
