cost_values:
  wind_capex: 5000.0
  wind_opex: 100
  wind_lifetime: 20
  solar_capex: 1000.0
  solar_opex: 10
  solar_lifetime: 20
  carbon_price: 1.0
timeseries_values:
  load_level: 289351.7636873103
  wind_year: 2011
  solar_year: 2010
  price_year: 2023
  carbon_year: 2023
storage_values:
  CAES:
    cost: 68.1116
    lifetime: 28.5269
    annual_cost: 2.3876271168616285
    efficiency: 0.610124
    discharge_ratio: 0.1
    depth_of_discharge: 0.4
  Li-ion:
    cost: 175.968
    lifetime: 22.7545
    annual_cost: 7.733327473686523
    efficiency: 0.976699
    discharge_ratio: 2
    depth_of_discharge: 0.9
  Pb-acid:
    cost: 165.365
    lifetime: 7.68065
    annual_cost: 21.530078834473645
    efficiency: 0.744494
    discharge_ratio: 5
    depth_of_discharge: 0.5
  VRBF:
    cost: 270.19
    lifetime: 24.4831
    annual_cost: 11.035775698338854
    efficiency: 0.717189
    discharge_ratio: 0.5
    depth_of_discharge: 1.0
