cost_values:
  wind_capex: 5000.0
  wind_opex: 100
  wind_lifetime: 20
  solar_capex: 1000.0
  solar_opex: 10
  solar_lifetime: 20
  carbon_price: 1.0
timeseries_values:
  load_level: 289351.7636873103
  wind_year: 2011
  solar_year: 2010
  price_year: 2023
  carbon_year: 2023
storage_values:
  CAES:
    cost: 57.6931
    lifetime: 29.2074
    annual_cost: 1.975290508569746
    efficiency: 0.610719
    discharge_ratio: 0.1
    depth_of_discharge: 0.4
  Li-ion:
    cost: 182.361
    lifetime: 22.7418
    annual_cost: 8.018758409624567
    efficiency: 0.968741
    discharge_ratio: 2
    depth_of_discharge: 0.9
  Pb-acid:
    cost: 164.046
    lifetime: 6.998
    annual_cost: 23.44184052586453
    efficiency: 0.749444
    discharge_ratio: 5
    depth_of_discharge: 0.5
  VRBF:
    cost: 291.682
    lifetime: 23.9042
    annual_cost: 12.202123476209202
    efficiency: 0.69478
    discharge_ratio: 0.5
    depth_of_discharge: 1.0
