cost_values:
  wind_capex: 5000.0
  wind_opex: 100
  wind_lifetime: 20
  solar_capex: 1000.0
  solar_opex: 10
  solar_lifetime: 20
  carbon_price: 1.0
timeseries_values:
  load_level: 289351.7636873103
  wind_year: 2011
  solar_year: 2010
  price_year: 2023
  carbon_year: 2023
storage_values:
  CAES:
    cost: 61.7808
    lifetime: 29.1557
    annual_cost: 2.1189955994882648
    efficiency: 0.596556
    discharge_ratio: 0.1
    depth_of_discharge: 0.4
  Li-ion:
    cost: 188.124
    lifetime: 24.0082
    annual_cost: 7.83582276055681
    efficiency: 0.97786
    discharge_ratio: 2
    depth_of_discharge: 0.9
  Pb-acid:
    cost: 162.958
    lifetime: 6.6144
    annual_cost: 24.636852926947267
    efficiency: 0.748898
    discharge_ratio: 5
    depth_of_discharge: 0.5
  VRBF:
    cost: 247.005
    lifetime: 23.0495
    annual_cost: 10.716284518102345
    efficiency: 0.689187
    discharge_ratio: 0.5
    depth_of_discharge: 1.0
