cost_values:
  wind_capex: 5000.0
  wind_opex: 100
  wind_lifetime: 20
  solar_capex: 1000.0
  solar_opex: 10
  solar_lifetime: 20
  carbon_price: 1.0
timeseries_values:
  load_level: 289351.7636873103
  wind_year: 2011
  solar_year: 2010
  price_year: 2023
  carbon_year: 2023
storage_values:
  CAES:
    cost: 65.3114
    lifetime: 29.5905
    annual_cost: 2.2071745999560672
    efficiency: 0.600272
    discharge_ratio: 0.1
    depth_of_discharge: 0.4
  Li-ion:
    cost: 198.187
    lifetime: 21.4173
    annual_cost: 9.253594057140722
    efficiency: 0.977485
    discharge_ratio: 2
    depth_of_discharge: 0.9
  Pb-acid:
    cost: 174.536
    lifetime: 7.86994
    annual_cost: 22.177551544230326
    efficiency: 0.753222
    discharge_ratio: 5
    depth_of_discharge: 0.5
  VRBF:
    cost: 286.477
    lifetime: 23.2036
    annual_cost: 12.34623075729628
    efficiency: 0.697403
    discharge_ratio: 0.5
    depth_of_discharge: 1.0
