cost_values:
  wind_capex: 5000.0
  wind_opex: 100
  wind_lifetime: 20
  solar_capex: 1000.0
  solar_opex: 10
  solar_lifetime: 20
  carbon_price: 1.0
timeseries_values:
  load_level: 289351.7636873103
  wind_year: 2011
  solar_year: 2010
  price_year: 2023
  carbon_year: 2023
storage_values:
  CAES:
    cost: 69.2069
    lifetime: 28.2092
    annual_cost: 2.453345008011571
    efficiency: 0.599522
    discharge_ratio: 0.1
    depth_of_discharge: 0.4
  Li-ion:
    cost: 168.064
    lifetime: 21.4579
    annual_cost: 7.832266904030684
    efficiency: 0.970239
    discharge_ratio: 2
    depth_of_discharge: 0.9
  Pb-acid:
    cost: 146.742
    lifetime: 7.93354
    annual_cost: 18.49640891707863
    efficiency: 0.764962
    discharge_ratio: 5
    depth_of_discharge: 0.5
  VRBF:
    cost: 286.491
    lifetime: 20.9824
    annual_cost: 13.653871816379443
    efficiency: 0.736494
    discharge_ratio: 0.5
    depth_of_discharge: 1.0
