cost_values:
  wind_capex: 5000.0
  wind_opex: 100
  wind_lifetime: 20
  solar_capex: 1000.0
  solar_opex: 10
  solar_lifetime: 20
  carbon_price: 1.0
timeseries_values:
  load_level: 289351.7636873103
  wind_year: 2011
  solar_year: 2010
  price_year: 2023
  carbon_year: 2023
storage_values:
  CAES:
    cost: 68.7425
    lifetime: 28.3791
    annual_cost: 2.422293166449958
    efficiency: 0.601771
    discharge_ratio: 0.1
    depth_of_discharge: 0.4
  Li-ion:
    cost: 203.511
    lifetime: 23.9543
    annual_cost: 8.495802423781951
    efficiency: 0.971015
    discharge_ratio: 2
    depth_of_discharge: 0.9
  Pb-acid:
    cost: 176.976
    lifetime: 6.60197
    annual_cost: 26.806544107289188
    efficiency: 0.758722
    discharge_ratio: 5
    depth_of_discharge: 0.5
  VRBF:
    cost: 259.894
    lifetime: 23.5856
    annual_cost: 11.019181195305611
    efficiency: 0.700954
    discharge_ratio: 0.5
    depth_of_discharge: 1.0
