cost_values:
  wind_capex: 5000.0
  wind_opex: 100
  wind_lifetime: 20
  solar_capex: 1000.0
  solar_opex: 10
  solar_lifetime: 20
  carbon_price: 1.0
timeseries_values:
  load_level: 289351.7636873103
  wind_year: 2011
  solar_year: 2010
  price_year: 2023
  carbon_year: 2023
storage_values:
  CAES:
    cost: 62.6134
    lifetime: 29.0883
    annual_cost: 2.1525286799159797
    efficiency: 0.599484
    discharge_ratio: 0.1
    depth_of_discharge: 0.4
  Li-ion:
    cost: 201.2
    lifetime: 21.3125
    annual_cost: 9.440469208211143
    efficiency: 0.965019
    discharge_ratio: 2
    depth_of_discharge: 0.9
  Pb-acid:
    cost: 176.472
    lifetime: 7.15624
    annual_cost: 24.659877253976948
    efficiency: 0.751554
    discharge_ratio: 5
    depth_of_discharge: 0.5
  VRBF:
    cost: 281.15
    lifetime: 21.9629
    annual_cost: 12.801132819436411
    efficiency: 0.702341
    discharge_ratio: 0.5
    depth_of_discharge: 1.0
