cost_values:
  wind_capex: 5000.0
  wind_opex: 100
  wind_lifetime: 20
  solar_capex: 1000.0
  solar_opex: 10
  solar_lifetime: 20
  carbon_price: 1.0
timeseries_values:
  load_level: 289351.7636873103
  wind_year: 2011
  solar_year: 2010
  price_year: 2023
  carbon_year: 2023
storage_values:
  CAES:
    cost: 58.6568
    lifetime: 28.7711
    annual_cost: 2.0387402636673606
    efficiency: 0.602051
    discharge_ratio: 0.1
    depth_of_discharge: 0.4
  Li-ion:
    cost: 184.661
    lifetime: 23.5673
    annual_cost: 7.8354754256957735
    efficiency: 0.975052
    discharge_ratio: 2
    depth_of_discharge: 0.9
  Pb-acid:
    cost: 171.522
    lifetime: 6.85218
    annual_cost: 25.031741723072074
    efficiency: 0.739902
    discharge_ratio: 5
    depth_of_discharge: 0.5
  VRBF:
    cost: 276.337
    lifetime: 22.1704
    annual_cost: 12.464231588063363
    efficiency: 0.71086
    discharge_ratio: 0.5
    depth_of_discharge: 1.0
