cost_values:
  wind_capex: 5000.0
  wind_opex: 100
  wind_lifetime: 20
  solar_capex: 1000.0
  solar_opex: 10
  solar_lifetime: 20
  carbon_price: 1.0
timeseries_values:
  load_level: 289351.7636873103
  wind_year: 2011
  solar_year: 2010
  price_year: 2023
  carbon_year: 2023
storage_values:
  CAES:
    cost: 66.4673
    lifetime: 28.4046
    annual_cost: 2.3400188701829983
    efficiency: 0.605648
    discharge_ratio: 0.1
    depth_of_discharge: 0.4
  Li-ion:
    cost: 182.8
    lifetime: 22.4754
    annual_cost: 8.133336892780552
    efficiency: 0.973054
    discharge_ratio: 2
    depth_of_discharge: 0.9
  Pb-acid:
    cost: 143.791
    lifetime: 6.75245
    annual_cost: 21.294641204303623
    efficiency: 0.743635
    discharge_ratio: 5
    depth_of_discharge: 0.5
  VRBF:
    cost: 283.684
    lifetime: 23.0468
    annual_cost: 12.309040734505441
    efficiency: 0.712293
    discharge_ratio: 0.5
    depth_of_discharge: 1.0
