cost_values:
  wind_capex: 5000.0
  wind_opex: 100
  wind_lifetime: 20
  solar_capex: 1000.0
  solar_opex: 10
  solar_lifetime: 20
  carbon_price: 1.0
timeseries_values:
  load_level: 289351.7636873103
  wind_year: 2011
  solar_year: 2010
  price_year: 2023
  carbon_year: 2023
storage_values:
  CAES:
    cost: 62.7632
    lifetime: 29.1485
    annual_cost: 2.1532222927423366
    efficiency: 0.597633
    discharge_ratio: 0.1
    depth_of_discharge: 0.4
  Li-ion:
    cost: 171.138
    lifetime: 22.6634
    annual_cost: 7.551294157099112
    efficiency: 0.954866
    discharge_ratio: 2
    depth_of_discharge: 0.9
  Pb-acid:
    cost: 163.179
    lifetime: 6.0822
    annual_cost: 26.82894347440071
    efficiency: 0.736219
    discharge_ratio: 5
    depth_of_discharge: 0.5
  VRBF:
    cost: 307.353
    lifetime: 22.6443
    annual_cost: 13.573084617320914
    efficiency: 0.705957
    discharge_ratio: 0.5
    depth_of_discharge: 1.0
