cost_values:
  wind_capex: 5000.0
  wind_opex: 100
  wind_lifetime: 20
  solar_capex: 1000.0
  solar_opex: 10
  solar_lifetime: 20
  carbon_price: 1.0
timeseries_values:
  load_level: 289351.7636873103
  wind_year: 2011
  solar_year: 2010
  price_year: 2023
  carbon_year: 2023
storage_values:
  CAES:
    cost: 63.8188
    lifetime: 29.2159
    annual_cost: 2.1843858994588565
    efficiency: 0.602829
    discharge_ratio: 0.1
    depth_of_discharge: 0.4
  Li-ion:
    cost: 214.62
    lifetime: 20.8692
    annual_cost: 10.284054970961993
    efficiency: 0.974904
    discharge_ratio: 2
    depth_of_discharge: 0.9
  Pb-acid:
    cost: 153.77
    lifetime: 6.80118
    annual_cost: 22.60931191352089
    efficiency: 0.759265
    discharge_ratio: 5
    depth_of_discharge: 0.5
  VRBF:
    cost: 278.215
    lifetime: 22.3203
    annual_cost: 12.464662213321505
    efficiency: 0.712026
    discharge_ratio: 0.5
    depth_of_discharge: 1.0
