cost_values:
  wind_capex: 5000.0
  wind_opex: 100
  wind_lifetime: 20
  solar_capex: 1000.0
  solar_opex: 10
  solar_lifetime: 20
  carbon_price: 1.0
timeseries_values:
  load_level: 289351.7636873103
  wind_year: 2011
  solar_year: 2010
  price_year: 2023
  carbon_year: 2023
storage_values:
  CAES:
    cost: 67.4642
    lifetime: 29.8198
    annual_cost: 2.2623961260638907
    efficiency: 0.596821
    discharge_ratio: 0.1
    depth_of_discharge: 0.4
  Li-ion:
    cost: 196.262
    lifetime: 23.4375
    annual_cost: 8.373845333333334
    efficiency: 0.961322
    discharge_ratio: 2
    depth_of_discharge: 0.9
  Pb-acid:
    cost: 173.063
    lifetime: 7.45018
    annual_cost: 23.229371639342943
    efficiency: 0.759978
    discharge_ratio: 5
    depth_of_discharge: 0.5
  VRBF:
    cost: 262.399
    lifetime: 21.301
    annual_cost: 12.318623538800995
    efficiency: 0.695639
    discharge_ratio: 0.5
    depth_of_discharge: 1.0
