cost_values:
  wind_capex: 5000.0
  wind_opex: 100
  wind_lifetime: 20
  solar_capex: 1000.0
  solar_opex: 10
  solar_lifetime: 20
  carbon_price: 1.0
timeseries_values:
  load_level: 289351.7636873103
  wind_year: 2011
  solar_year: 2010
  price_year: 2023
  carbon_year: 2023
storage_values:
  CAES:
    cost: 70.1703
    lifetime: 28.5425
    annual_cost: 2.458449680301305
    efficiency: 0.603041
    discharge_ratio: 0.1
    depth_of_discharge: 0.4
  Li-ion:
    cost: 202.598
    lifetime: 21.4217
    annual_cost: 9.457606072347199
    efficiency: 0.974254
    discharge_ratio: 2
    depth_of_discharge: 0.9
  Pb-acid:
    cost: 160.145
    lifetime: 7.53666
    annual_cost: 21.248802519949155
    efficiency: 0.755934
    discharge_ratio: 5
    depth_of_discharge: 0.5
  VRBF:
    cost: 294.733
    lifetime: 21.928
    annual_cost: 13.440943086464793
    efficiency: 0.695724
    discharge_ratio: 0.5
    depth_of_discharge: 1.0
