cost_values:
  wind_capex: 5000.0
  wind_opex: 100
  wind_lifetime: 20
  solar_capex: 1000.0
  solar_opex: 10
  solar_lifetime: 20
  carbon_price: 1.0
timeseries_values:
  load_level: 289351.7636873103
  wind_year: 2011
  solar_year: 2010
  price_year: 2023
  carbon_year: 2023
storage_values:
  CAES:
    cost: 62.9905
    lifetime: 29.1627
    annual_cost: 2.1599680413679114
    efficiency: 0.601115
    discharge_ratio: 0.1
    depth_of_discharge: 0.4
  Li-ion:
    cost: 173.716
    lifetime: 23.2849
    annual_cost: 7.460457206172241
    efficiency: 0.96233
    discharge_ratio: 2
    depth_of_discharge: 0.9
  Pb-acid:
    cost: 174.669
    lifetime: 7.07479
    annual_cost: 24.688930696176143
    efficiency: 0.749013
    discharge_ratio: 5
    depth_of_discharge: 0.5
  VRBF:
    cost: 275.915
    lifetime: 21.9883
    annual_cost: 12.548264304198144
    efficiency: 0.707417
    discharge_ratio: 0.5
    depth_of_discharge: 1.0
