cost_values:
  wind_capex: 5000.0
  wind_opex: 100
  wind_lifetime: 20
  solar_capex: 1000.0
  solar_opex: 10
  solar_lifetime: 20
  carbon_price: 1.0
timeseries_values:
  load_level: 289351.7636873103
  wind_year: 2011
  solar_year: 2010
  price_year: 2023
  carbon_year: 2023
storage_values:
  CAES:
    cost: 70.7337
    lifetime: 28.6975
    annual_cost: 2.464803554316578
    efficiency: 0.612226
    discharge_ratio: 0.1
    depth_of_discharge: 0.4
  Li-ion:
    cost: 172.375
    lifetime: 23.5794
    annual_cost: 7.310406541303002
    efficiency: 0.969064
    discharge_ratio: 2
    depth_of_discharge: 0.9
  Pb-acid:
    cost: 160.303
    lifetime: 6.34098
    annual_cost: 25.28047715021968
    efficiency: 0.750263
    discharge_ratio: 5
    depth_of_discharge: 0.5
  VRBF:
    cost: 280.25
    lifetime: 21.8032
    annual_cost: 12.853617817568063
    efficiency: 0.715292
    discharge_ratio: 0.5
    depth_of_discharge: 1.0
