cost_values:
  wind_capex: 5000.0
  wind_opex: 100
  wind_lifetime: 20
  solar_capex: 1000.0
  solar_opex: 10
  solar_lifetime: 20
  carbon_price: 1.0
timeseries_values:
  load_level: 289351.7636873103
  wind_year: 2011
  solar_year: 2010
  price_year: 2023
  carbon_year: 2023
storage_values:
  CAES:
    cost: 63.4978
    lifetime: 28.1179
    annual_cost: 2.258269643181034
    efficiency: 0.597554
    discharge_ratio: 0.1
    depth_of_discharge: 0.4
  Li-ion:
    cost: 199.294
    lifetime: 24.5225
    annual_cost: 8.126985421551636
    efficiency: 0.956657
    discharge_ratio: 2
    depth_of_discharge: 0.9
  Pb-acid:
    cost: 177.839
    lifetime: 8.8991
    annual_cost: 19.98393095931049
    efficiency: 0.758473
    discharge_ratio: 5
    depth_of_discharge: 0.5
  VRBF:
    cost: 234.033
    lifetime: 24.7747
    annual_cost: 9.446451420198832
    efficiency: 0.714101
    discharge_ratio: 0.5
    depth_of_discharge: 1.0
