cost_values:
  wind_capex: 5000.0
  wind_opex: 100
  wind_lifetime: 20
  solar_capex: 1000.0
  solar_opex: 10
  solar_lifetime: 20
  carbon_price: 1.0
timeseries_values:
  load_level: 289351.7636873103
  wind_year: 2011
  solar_year: 2010
  price_year: 2023
  carbon_year: 2023
storage_values:
  CAES:
    cost: 67.5641
    lifetime: 28.4246
    annual_cost: 2.3769586907115663
    efficiency: 0.618287
    discharge_ratio: 0.1
    depth_of_discharge: 0.4
  Li-ion:
    cost: 186.831
    lifetime: 21.795
    annual_cost: 8.572195457673777
    efficiency: 0.964365
    discharge_ratio: 2
    depth_of_discharge: 0.9
  Pb-acid:
    cost: 162.029
    lifetime: 6.88389
    annual_cost: 23.53741852353829
    efficiency: 0.746808
    discharge_ratio: 5
    depth_of_discharge: 0.5
  VRBF:
    cost: 261.102
    lifetime: 21.7614
    annual_cost: 11.998400838181366
    efficiency: 0.703545
    discharge_ratio: 0.5
    depth_of_discharge: 1.0
