cost_values:
  wind_capex: 5000.0
  wind_opex: 100
  wind_lifetime: 20
  solar_capex: 1000.0
  solar_opex: 10
  solar_lifetime: 20
  carbon_price: 1.0
timeseries_values:
  load_level: 289351.7636873103
  wind_year: 2011
  solar_year: 2010
  price_year: 2023
  carbon_year: 2023
storage_values:
  CAES:
    cost: 64.2784
    lifetime: 27.8306
    annual_cost: 2.3096304068183944
    efficiency: 0.611034
    discharge_ratio: 0.1
    depth_of_discharge: 0.4
  Li-ion:
    cost: 187.993
    lifetime: 24.1175
    annual_cost: 7.7948792370685185
    efficiency: 0.966446
    discharge_ratio: 2
    depth_of_discharge: 0.9
  Pb-acid:
    cost: 175.296
    lifetime: 6.97193
    annual_cost: 25.143109583716413
    efficiency: 0.744582
    discharge_ratio: 5
    depth_of_discharge: 0.5
  VRBF:
    cost: 287.163
    lifetime: 22.8415
    annual_cost: 12.571985202372874
    efficiency: 0.698682
    discharge_ratio: 0.5
    depth_of_discharge: 1.0
