cost_values:
  wind_capex: 5000.0
  wind_opex: 100
  wind_lifetime: 20
  solar_capex: 1000.0
  solar_opex: 10
  solar_lifetime: 20
  carbon_price: 1.0
timeseries_values:
  load_level: 289351.7636873103
  wind_year: 2011
  solar_year: 2010
  price_year: 2023
  carbon_year: 2023
storage_values:
  CAES:
    cost: 60.0575
    lifetime: 28.891
    annual_cost: 2.0787615520404277
    efficiency: 0.599526
    discharge_ratio: 0.1
    depth_of_discharge: 0.4
  Li-ion:
    cost: 194.632
    lifetime: 23.9487
    annual_cost: 8.127038210842343
    efficiency: 0.960933
    discharge_ratio: 2
    depth_of_discharge: 0.9
  Pb-acid:
    cost: 184.419
    lifetime: 6.50033
    annual_cost: 28.370713486853745
    efficiency: 0.741681
    discharge_ratio: 5
    depth_of_discharge: 0.5
  VRBF:
    cost: 263.071
    lifetime: 24.0022
    annual_cost: 10.96028697369408
    efficiency: 0.709493
    discharge_ratio: 0.5
    depth_of_discharge: 1.0
