cost_values:
  wind_capex: 5000.0
  wind_opex: 100
  wind_lifetime: 20
  solar_capex: 1000.0
  solar_opex: 10
  solar_lifetime: 20
  carbon_price: 1.0
timeseries_values:
  load_level: 289351.7636873103
  wind_year: 2011
  solar_year: 2010
  price_year: 2023
  carbon_year: 2023
storage_values:
  CAES:
    cost: 55.2434
    lifetime: 28.8031
    annual_cost: 1.9179671632567328
    efficiency: 0.600413
    discharge_ratio: 0.1
    depth_of_discharge: 0.4
  Li-ion:
    cost: 193.672
    lifetime: 18.793
    annual_cost: 10.305539296546586
    efficiency: 0.964272
    discharge_ratio: 2
    depth_of_discharge: 0.9
  Pb-acid:
    cost: 157.916
    lifetime: 7.68038
    annual_cost: 20.560961827409578
    efficiency: 0.765519
    discharge_ratio: 5
    depth_of_discharge: 0.5
  VRBF:
    cost: 286.712
    lifetime: 22.0614
    annual_cost: 12.996092723036616
    efficiency: 0.707811
    discharge_ratio: 0.5
    depth_of_discharge: 1.0
