cost_values:
  wind_capex: 5000.0
  wind_opex: 100
  wind_lifetime: 20
  solar_capex: 1000.0
  solar_opex: 10
  solar_lifetime: 20
  carbon_price: 1.0
timeseries_values:
  load_level: 289351.7636873103
  wind_year: 2011
  solar_year: 2010
  price_year: 2023
  carbon_year: 2023
storage_values:
  CAES:
    cost: 57.5719
    lifetime: 28.5706
    annual_cost: 2.015074937173178
    efficiency: 0.605175
    discharge_ratio: 0.1
    depth_of_discharge: 0.4
  Li-ion:
    cost: 165.702
    lifetime: 23.0176
    annual_cost: 7.198926039204782
    efficiency: 0.967756
    discharge_ratio: 2
    depth_of_discharge: 0.9
  Pb-acid:
    cost: 165.857
    lifetime: 6.72331
    annual_cost: 24.668950264081236
    efficiency: 0.745585
    discharge_ratio: 5
    depth_of_discharge: 0.5
  VRBF:
    cost: 241.875
    lifetime: 23.8998
    annual_cost: 10.120377576381392
    efficiency: 0.70253
    discharge_ratio: 0.5
    depth_of_discharge: 1.0
