cost_values:
  wind_capex: 5000.0
  wind_opex: 100
  wind_lifetime: 20
  solar_capex: 1000.0
  solar_opex: 10
  solar_lifetime: 20
  carbon_price: 1.0
timeseries_values:
  load_level: 289351.7636873103
  wind_year: 2011
  solar_year: 2010
  price_year: 2023
  carbon_year: 2023
storage_values:
  CAES:
    cost: 59.7899
    lifetime: 28.9793
    annual_cost: 2.0631933828629405
    efficiency: 0.610338
    discharge_ratio: 0.1
    depth_of_discharge: 0.4
  Li-ion:
    cost: 178.675
    lifetime: 22.4123
    annual_cost: 7.972184916318273
    efficiency: 0.966164
    discharge_ratio: 2
    depth_of_discharge: 0.9
  Pb-acid:
    cost: 137.89
    lifetime: 6.92029
    annual_cost: 19.92546555129915
    efficiency: 0.742794
    discharge_ratio: 5
    depth_of_discharge: 0.5
  VRBF:
    cost: 283.183
    lifetime: 22.8186
    annual_cost: 12.410182920950453
    efficiency: 0.726923
    discharge_ratio: 0.5
    depth_of_discharge: 1.0
