cost_values:
  wind_capex: 5000.0
  wind_opex: 100
  wind_lifetime: 20
  solar_capex: 1000.0
  solar_opex: 10
  solar_lifetime: 20
  carbon_price: 1.0
timeseries_values:
  load_level: 289351.7636873103
  wind_year: 2011
  solar_year: 2010
  price_year: 2023
  carbon_year: 2023
storage_values:
  CAES:
    cost: 71.6173
    lifetime: 29.5349
    annual_cost: 2.424836380011444
    efficiency: 0.602568
    discharge_ratio: 0.1
    depth_of_discharge: 0.4
  Li-ion:
    cost: 178.03
    lifetime: 23.2106
    annual_cost: 7.670202407520702
    efficiency: 0.968138
    discharge_ratio: 2
    depth_of_discharge: 0.9
  Pb-acid:
    cost: 176.459
    lifetime: 6.68524
    annual_cost: 26.395312658932212
    efficiency: 0.754647
    discharge_ratio: 5
    depth_of_discharge: 0.5
  VRBF:
    cost: 290.959
    lifetime: 21.3532
    annual_cost: 13.626013899556037
    efficiency: 0.701979
    discharge_ratio: 0.5
    depth_of_discharge: 1.0
