cost_values:
  wind_capex: 5000.0
  wind_opex: 100
  wind_lifetime: 20
  solar_capex: 1000.0
  solar_opex: 10
  solar_lifetime: 20
  carbon_price: 1.0
timeseries_values:
  load_level: 289351.7636873103
  wind_year: 2011
  solar_year: 2010
  price_year: 2023
  carbon_year: 2023
storage_values:
  CAES:
    cost: 61.4438
    lifetime: 28.8736
    annual_cost: 2.128026986589826
    efficiency: 0.599008
    discharge_ratio: 0.1
    depth_of_discharge: 0.4
  Li-ion:
    cost: 192.956
    lifetime: 24.019
    annual_cost: 8.033473500145718
    efficiency: 0.974076
    discharge_ratio: 2
    depth_of_discharge: 0.9
  Pb-acid:
    cost: 170.806
    lifetime: 6.01152
    annual_cost: 28.413113488768232
    efficiency: 0.742019
    discharge_ratio: 5
    depth_of_discharge: 0.5
  VRBF:
    cost: 296.675
    lifetime: 22.7132
    annual_cost: 13.061787859042319
    efficiency: 0.701552
    discharge_ratio: 0.5
    depth_of_discharge: 1.0
