cost_values:
  wind_capex: 5000.0
  wind_opex: 100
  wind_lifetime: 20
  solar_capex: 1000.0
  solar_opex: 10
  solar_lifetime: 20
  carbon_price: 1.0
timeseries_values:
  load_level: 289351.7636873103
  wind_year: 2011
  solar_year: 2010
  price_year: 2023
  carbon_year: 2023
storage_values:
  CAES:
    cost: 64.3434
    lifetime: 28.4022
    annual_cost: 2.2654371844434587
    efficiency: 0.603626
    discharge_ratio: 0.1
    depth_of_discharge: 0.4
  Li-ion:
    cost: 170.077
    lifetime: 25.017
    annual_cost: 6.798457049206539
    efficiency: 0.954352
    discharge_ratio: 2
    depth_of_discharge: 0.9
  Pb-acid:
    cost: 172.75
    lifetime: 5.84447
    annual_cost: 29.557855545498565
    efficiency: 0.75299
    discharge_ratio: 5
    depth_of_discharge: 0.5
  VRBF:
    cost: 303.003
    lifetime: 23.0462
    annual_cost: 13.147633883243225
    efficiency: 0.70172
    discharge_ratio: 0.5
    depth_of_discharge: 1.0
