cost_values:
  wind_capex: 5000.0
  wind_opex: 100
  wind_lifetime: 20
  solar_capex: 1000.0
  solar_opex: 10
  solar_lifetime: 20
  carbon_price: 1.0
timeseries_values:
  load_level: 289351.7636873103
  wind_year: 2011
  solar_year: 2010
  price_year: 2023
  carbon_year: 2023
storage_values:
  CAES:
    cost: 64.715
    lifetime: 28.9826
    annual_cost: 2.232891459013339
    efficiency: 0.603774
    discharge_ratio: 0.1
    depth_of_discharge: 0.4
  Li-ion:
    cost: 188.822
    lifetime: 24.6998
    annual_cost: 7.644677284836314
    efficiency: 0.973567
    discharge_ratio: 2
    depth_of_discharge: 0.9
  Pb-acid:
    cost: 151.104
    lifetime: 6.14808
    annual_cost: 24.577429051020808
    efficiency: 0.740678
    discharge_ratio: 5
    depth_of_discharge: 0.5
  VRBF:
    cost: 279.581
    lifetime: 25.8692
    annual_cost: 10.807485349373
    efficiency: 0.730884
    discharge_ratio: 0.5
    depth_of_discharge: 1.0
