cost_values:
  wind_capex: 5000.0
  wind_opex: 100
  wind_lifetime: 20
  solar_capex: 1000.0
  solar_opex: 10
  solar_lifetime: 20
  carbon_price: 1.0
timeseries_values:
  load_level: 289351.7636873103
  wind_year: 2011
  solar_year: 2010
  price_year: 2023
  carbon_year: 2023
storage_values:
  CAES:
    cost: 53.8669
    lifetime: 28.6229
    annual_cost: 1.8819511649762952
    efficiency: 0.600062
    discharge_ratio: 0.1
    depth_of_discharge: 0.4
  Li-ion:
    cost: 194.665
    lifetime: 22.3376
    annual_cost: 8.714678389800158
    efficiency: 0.948744
    discharge_ratio: 2
    depth_of_discharge: 0.9
  Pb-acid:
    cost: 149.117
    lifetime: 6.75976
    annual_cost: 22.059510988555804
    efficiency: 0.767444
    discharge_ratio: 5
    depth_of_discharge: 0.5
  VRBF:
    cost: 295.079
    lifetime: 23.0604
    annual_cost: 12.795918544344417
    efficiency: 0.700856
    discharge_ratio: 0.5
    depth_of_discharge: 1.0
