cost_values:
  wind_capex: 5000.0
  wind_opex: 100
  wind_lifetime: 20
  solar_capex: 1000.0
  solar_opex: 10
  solar_lifetime: 20
  carbon_price: 1.0
timeseries_values:
  load_level: 289351.7636873103
  wind_year: 2011
  solar_year: 2010
  price_year: 2023
  carbon_year: 2023
storage_values:
  CAES:
    cost: 59.8307
    lifetime: 27.3302
    annual_cost: 2.1891790034467364
    efficiency: 0.598933
    discharge_ratio: 0.1
    depth_of_discharge: 0.4
  Li-ion:
    cost: 202.949
    lifetime: 23.3693
    annual_cost: 8.684427860483627
    efficiency: 0.964073
    discharge_ratio: 2
    depth_of_discharge: 0.9
  Pb-acid:
    cost: 180.006
    lifetime: 7.67457
    annual_cost: 23.454864572217076
    efficiency: 0.759227
    discharge_ratio: 5
    depth_of_discharge: 0.5
  VRBF:
    cost: 304.126
    lifetime: 22.5694
    annual_cost: 13.475147766444831
    efficiency: 0.713891
    discharge_ratio: 0.5
    depth_of_discharge: 1.0
