cost_values:
  wind_capex: 5000.0
  wind_opex: 100
  wind_lifetime: 20
  solar_capex: 1000.0
  solar_opex: 10
  solar_lifetime: 20
  carbon_price: 1.0
timeseries_values:
  load_level: 289351.7636873103
  wind_year: 2011
  solar_year: 2010
  price_year: 2023
  carbon_year: 2023
storage_values:
  CAES:
    cost: 61.1457
    lifetime: 28.7494
    annual_cost: 2.126851342984549
    efficiency: 0.595925
    discharge_ratio: 0.1
    depth_of_discharge: 0.4
  Li-ion:
    cost: 174.772
    lifetime: 22.7766
    annual_cost: 7.67331383964244
    efficiency: 0.968715
    discharge_ratio: 2
    depth_of_discharge: 0.9
  Pb-acid:
    cost: 184.98
    lifetime: 5.46809
    annual_cost: 33.82899696237626
    efficiency: 0.753411
    discharge_ratio: 5
    depth_of_discharge: 0.5
  VRBF:
    cost: 277.086
    lifetime: 23.6004
    annual_cost: 11.740733207911731
    efficiency: 0.713721
    discharge_ratio: 0.5
    depth_of_discharge: 1.0
