cost_values:
  wind_capex: 5000.0
  wind_opex: 100
  wind_lifetime: 20
  solar_capex: 1000.0
  solar_opex: 10
  solar_lifetime: 20
  carbon_price: 1.0
timeseries_values:
  load_level: 289351.7636873103
  wind_year: 2011
  solar_year: 2010
  price_year: 2023
  carbon_year: 2023
storage_values:
  CAES:
    cost: 60.2117
    lifetime: 28.9979
    annual_cost: 2.076415878391194
    efficiency: 0.600366
    discharge_ratio: 0.1
    depth_of_discharge: 0.4
  Li-ion:
    cost: 206.157
    lifetime: 22.6237
    annual_cost: 9.112435189646257
    efficiency: 0.957853
    discharge_ratio: 2
    depth_of_discharge: 0.9
  Pb-acid:
    cost: 165.197
    lifetime: 6.75583
    annual_cost: 24.452509906258744
    efficiency: 0.763347
    discharge_ratio: 5
    depth_of_discharge: 0.5
  VRBF:
    cost: 311.302
    lifetime: 19.7376
    annual_cost: 15.77202902075227
    efficiency: 0.718306
    discharge_ratio: 0.5
    depth_of_discharge: 1.0
