cost_values:
  wind_capex: 5000.0
  wind_opex: 100
  wind_lifetime: 20
  solar_capex: 1000.0
  solar_opex: 10
  solar_lifetime: 20
  carbon_price: 1.0
timeseries_values:
  load_level: 289351.7636873103
  wind_year: 2011
  solar_year: 2010
  price_year: 2023
  carbon_year: 2023
storage_values:
  CAES:
    cost: 61.8228
    lifetime: 27.7878
    annual_cost: 2.224818085634703
    efficiency: 0.597805
    discharge_ratio: 0.1
    depth_of_discharge: 0.4
  Li-ion:
    cost: 185.492
    lifetime: 21.875
    annual_cost: 8.479634285714285
    efficiency: 0.973351
    discharge_ratio: 2
    depth_of_discharge: 0.9
  Pb-acid:
    cost: 159.091
    lifetime: 6.20651
    annual_cost: 25.632924139331124
    efficiency: 0.751222
    discharge_ratio: 5
    depth_of_discharge: 0.5
  VRBF:
    cost: 280.274
    lifetime: 21.4986
    annual_cost: 13.036848911091885
    efficiency: 0.700084
    discharge_ratio: 0.5
    depth_of_discharge: 1.0
