cost_values:
  wind_capex: 5000.0
  wind_opex: 100
  wind_lifetime: 20
  solar_capex: 1000.0
  solar_opex: 10
  solar_lifetime: 20
  carbon_price: 1.0
timeseries_values:
  load_level: 289351.7636873103
  wind_year: 2011
  solar_year: 2010
  price_year: 2023
  carbon_year: 2023
storage_values:
  CAES:
    cost: 65.4546
    lifetime: 28.8491
    annual_cost: 2.2688610736556774
    efficiency: 0.602778
    discharge_ratio: 0.1
    depth_of_discharge: 0.4
  Li-ion:
    cost: 199.253
    lifetime: 23.5982
    annual_cost: 8.4435677297421
    efficiency: 0.964491
    discharge_ratio: 2
    depth_of_discharge: 0.9
  Pb-acid:
    cost: 167.772
    lifetime: 6.02432
    annual_cost: 27.849118240730903
    efficiency: 0.753755
    discharge_ratio: 5
    depth_of_discharge: 0.5
  VRBF:
    cost: 303.823
    lifetime: 20.9846
    annual_cost: 14.478379382976087
    efficiency: 0.714737
    discharge_ratio: 0.5
    depth_of_discharge: 1.0
