cost_values:
  wind_capex: 5000.0
  wind_opex: 100
  wind_lifetime: 20
  solar_capex: 1000.0
  solar_opex: 10
  solar_lifetime: 20
  carbon_price: 1.0
timeseries_values:
  load_level: 289351.7636873103
  wind_year: 2011
  solar_year: 2010
  price_year: 2023
  carbon_year: 2023
storage_values:
  CAES:
    cost: 53.5855
    lifetime: 27.5225
    annual_cost: 1.9469706603687893
    efficiency: 0.606338
    discharge_ratio: 0.1
    depth_of_discharge: 0.4
  Li-ion:
    cost: 190.828
    lifetime: 23.4112
    annual_cost: 8.151141334062329
    efficiency: 0.972655
    discharge_ratio: 2
    depth_of_discharge: 0.9
  Pb-acid:
    cost: 153.129
    lifetime: 7.54995
    annual_cost: 20.282121073649492
    efficiency: 0.743797
    discharge_ratio: 5
    depth_of_discharge: 0.5
  VRBF:
    cost: 294.318
    lifetime: 22.5576
    annual_cost: 13.047398659431853
    efficiency: 0.713004
    discharge_ratio: 0.5
    depth_of_discharge: 1.0
