cost_values:
  wind_capex: 5000.0
  wind_opex: 100
  wind_lifetime: 20
  solar_capex: 1000.0
  solar_opex: 10
  solar_lifetime: 20
  carbon_price: 1.0
timeseries_values:
  load_level: 289351.7636873103
  wind_year: 2011
  solar_year: 2010
  price_year: 2023
  carbon_year: 2023
storage_values:
  CAES:
    cost: 66.8698
    lifetime: 28.646
    annual_cost: 2.334350345597989
    efficiency: 0.60635
    discharge_ratio: 0.1
    depth_of_discharge: 0.4
  Li-ion:
    cost: 182.689
    lifetime: 22.2251
    annual_cost: 8.219940517702957
    efficiency: 0.961123
    discharge_ratio: 2
    depth_of_discharge: 0.9
  Pb-acid:
    cost: 175.008
    lifetime: 6.04943
    annual_cost: 28.929667753821434
    efficiency: 0.741595
    discharge_ratio: 5
    depth_of_discharge: 0.5
  VRBF:
    cost: 295.614
    lifetime: 24.1385
    annual_cost: 12.246577044969653
    efficiency: 0.720377
    discharge_ratio: 0.5
    depth_of_discharge: 1.0
