cost_values:
  wind_capex: 5000.0
  wind_opex: 100
  wind_lifetime: 20
  solar_capex: 1000.0
  solar_opex: 10
  solar_lifetime: 20
  carbon_price: 1.0
timeseries_values:
  load_level: 289351.7636873103
  wind_year: 2011
  solar_year: 2010
  price_year: 2023
  carbon_year: 2023
storage_values:
  CAES:
    cost: 55.8811
    lifetime: 29.469
    annual_cost: 1.896267263904442
    efficiency: 0.602633
    discharge_ratio: 0.1
    depth_of_discharge: 0.4
  Li-ion:
    cost: 173.909
    lifetime: 22.2551
    annual_cost: 7.814343678527618
    efficiency: 0.969502
    discharge_ratio: 2
    depth_of_discharge: 0.9
  Pb-acid:
    cost: 160.093
    lifetime: 7.86077
    annual_cost: 20.36607100831089
    efficiency: 0.753653
    discharge_ratio: 5
    depth_of_discharge: 0.5
  VRBF:
    cost: 302.127
    lifetime: 21.5193
    annual_cost: 14.039815421505345
    efficiency: 0.714345
    discharge_ratio: 0.5
    depth_of_discharge: 1.0
