cost_values:
  wind_capex: 5000.0
  wind_opex: 100
  wind_lifetime: 20
  solar_capex: 1000.0
  solar_opex: 10
  solar_lifetime: 20
  carbon_price: 1.0
timeseries_values:
  load_level: 289351.7636873103
  wind_year: 2011
  solar_year: 2010
  price_year: 2023
  carbon_year: 2023
storage_values:
  CAES:
    cost: 67.126
    lifetime: 28.1259
    annual_cost: 2.386625850195016
    efficiency: 0.601989
    discharge_ratio: 0.1
    depth_of_discharge: 0.4
  Li-ion:
    cost: 177.062
    lifetime: 22.29
    annual_cost: 7.943562135486766
    efficiency: 0.964743
    discharge_ratio: 2
    depth_of_discharge: 0.9
  Pb-acid:
    cost: 172.212
    lifetime: 5.57815
    annual_cost: 30.87260113119941
    efficiency: 0.750805
    discharge_ratio: 5
    depth_of_discharge: 0.5
  VRBF:
    cost: 302.835
    lifetime: 21.7415
    annual_cost: 13.928891750799163
    efficiency: 0.699609
    discharge_ratio: 0.5
    depth_of_discharge: 1.0
