cost_values:
  wind_capex: 5000.0
  wind_opex: 100
  wind_lifetime: 20
  solar_capex: 1000.0
  solar_opex: 10
  solar_lifetime: 20
  carbon_price: 1.0
timeseries_values:
  load_level: 289351.7636873103
  wind_year: 2011
  solar_year: 2010
  price_year: 2023
  carbon_year: 2023
storage_values:
  CAES:
    cost: 55.9
    lifetime: 27.8055
    annual_cost: 2.010393627160094
    efficiency: 0.607496
    discharge_ratio: 0.1
    depth_of_discharge: 0.4
  Li-ion:
    cost: 192.678
    lifetime: 22.7854
    annual_cost: 8.4562044115969
    efficiency: 0.958863
    discharge_ratio: 2
    depth_of_discharge: 0.9
  Pb-acid:
    cost: 175.063
    lifetime: 7.63758
    annual_cost: 22.921265636497424
    efficiency: 0.748036
    discharge_ratio: 5
    depth_of_discharge: 0.5
  VRBF:
    cost: 278.08
    lifetime: 25.9143
    annual_cost: 10.730754834203509
    efficiency: 0.701315
    discharge_ratio: 0.5
    depth_of_discharge: 1.0
