cost_values:
  wind_capex: 5000.0
  wind_opex: 100
  wind_lifetime: 20
  solar_capex: 1000.0
  solar_opex: 10
  solar_lifetime: 20
  carbon_price: 1.0
timeseries_values:
  load_level: 289351.7636873103
  wind_year: 2011
  solar_year: 2010
  price_year: 2023
  carbon_year: 2023
storage_values:
  CAES:
    cost: 60.3399
    lifetime: 28.4756
    annual_cost: 2.1190036382025315
    efficiency: 0.607981
    discharge_ratio: 0.1
    depth_of_discharge: 0.4
  Li-ion:
    cost: 166.9
    lifetime: 21.1597
    annual_cost: 7.887635457969631
    efficiency: 0.966218
    discharge_ratio: 2
    depth_of_discharge: 0.9
  Pb-acid:
    cost: 161.315
    lifetime: 6.40745
    annual_cost: 25.17616212377779
    efficiency: 0.744652
    discharge_ratio: 5
    depth_of_discharge: 0.5
  VRBF:
    cost: 276.012
    lifetime: 23.3163
    annual_cost: 11.837727255181997
    efficiency: 0.705593
    discharge_ratio: 0.5
    depth_of_discharge: 1.0
