cost_values:
  wind_capex: 5000.0
  wind_opex: 100
  wind_lifetime: 20
  solar_capex: 1000.0
  solar_opex: 10
  solar_lifetime: 20
  carbon_price: 1.0
timeseries_values:
  load_level: 289351.7636873103
  wind_year: 2011
  solar_year: 2010
  price_year: 2023
  carbon_year: 2023
storage_values:
  CAES:
    cost: 67.0525
    lifetime: 29.5112
    annual_cost: 2.272103472579902
    efficiency: 0.610999
    discharge_ratio: 0.1
    depth_of_discharge: 0.4
  Li-ion:
    cost: 180.812
    lifetime: 20.1281
    annual_cost: 8.983063478420716
    efficiency: 0.968267
    discharge_ratio: 2
    depth_of_discharge: 0.9
  Pb-acid:
    cost: 189.668
    lifetime: 6.51977
    annual_cost: 29.09121027275502
    efficiency: 0.753953
    discharge_ratio: 5
    depth_of_discharge: 0.5
  VRBF:
    cost: 282.773
    lifetime: 23.2515
    annual_cost: 12.161494957314583
    efficiency: 0.709277
    discharge_ratio: 0.5
    depth_of_discharge: 1.0
