cost_values:
  wind_capex: 5000.0
  wind_opex: 100
  wind_lifetime: 20
  solar_capex: 1000.0
  solar_opex: 10
  solar_lifetime: 20
  carbon_price: 1.0
timeseries_values:
  load_level: 289351.7636873103
  wind_year: 2011
  solar_year: 2010
  price_year: 2023
  carbon_year: 2023
storage_values:
  CAES:
    cost: 64.0235
    lifetime: 28.9593
    annual_cost: 2.2108096535482558
    efficiency: 0.613541
    discharge_ratio: 0.1
    depth_of_discharge: 0.4
  Li-ion:
    cost: 195.394
    lifetime: 20.8534
    annual_cost: 9.369886924913922
    efficiency: 0.968094
    discharge_ratio: 2
    depth_of_discharge: 0.9
  Pb-acid:
    cost: 162.541
    lifetime: 7.64962
    annual_cost: 21.248245010863286
    efficiency: 0.740906
    discharge_ratio: 5
    depth_of_discharge: 0.5
  VRBF:
    cost: 261.892
    lifetime: 21.7518
    annual_cost: 12.040015079211836
    efficiency: 0.710025
    discharge_ratio: 0.5
    depth_of_discharge: 1.0
