cost_values:
  wind_capex: 5000.0
  wind_opex: 100
  wind_lifetime: 20
  solar_capex: 1000.0
  solar_opex: 10
  solar_lifetime: 20
  carbon_price: 1.0
timeseries_values:
  load_level: 289351.7636873103
  wind_year: 2011
  solar_year: 2010
  price_year: 2023
  carbon_year: 2023
storage_values:
  CAES:
    cost: 67.477
    lifetime: 29.2496
    annual_cost: 2.306937530769652
    efficiency: 0.604271
    discharge_ratio: 0.1
    depth_of_discharge: 0.4
  Li-ion:
    cost: 199.3
    lifetime: 23.4961
    annual_cost: 8.482258757836409
    efficiency: 0.953268
    discharge_ratio: 2
    depth_of_discharge: 0.9
  Pb-acid:
    cost: 175.426
    lifetime: 5.80155
    annual_cost: 30.237781282588273
    efficiency: 0.761165
    discharge_ratio: 5
    depth_of_discharge: 0.5
  VRBF:
    cost: 282.314
    lifetime: 24.1046
    annual_cost: 11.71203836612099
    efficiency: 0.714015
    discharge_ratio: 0.5
    depth_of_discharge: 1.0
