cost_values:
  wind_capex: 5000.0
  wind_opex: 100
  wind_lifetime: 20
  solar_capex: 1000.0
  solar_opex: 10
  solar_lifetime: 20
  carbon_price: 1.0
timeseries_values:
  load_level: 289351.7636873103
  wind_year: 2011
  solar_year: 2010
  price_year: 2023
  carbon_year: 2023
storage_values:
  CAES:
    cost: 67.2272
    lifetime: 28.926
    annual_cost: 2.324109797414091
    efficiency: 0.605585
    discharge_ratio: 0.1
    depth_of_discharge: 0.4
  Li-ion:
    cost: 190.293
    lifetime: 23.4037
    annual_cost: 8.130893833026402
    efficiency: 0.967214
    discharge_ratio: 2
    depth_of_discharge: 0.9
  Pb-acid:
    cost: 155.585
    lifetime: 8.20756
    annual_cost: 18.956303700490768
    efficiency: 0.749343
    discharge_ratio: 5
    depth_of_discharge: 0.5
  VRBF:
    cost: 273.018
    lifetime: 23.5906
    annual_cost: 11.573168974082897
    efficiency: 0.702854
    discharge_ratio: 0.5
    depth_of_discharge: 1.0
