cost_values:
  wind_capex: 5000.0
  wind_opex: 100
  wind_lifetime: 20
  solar_capex: 1000.0
  solar_opex: 10
  solar_lifetime: 20
  carbon_price: 1.0
timeseries_values:
  load_level: 289351.7636873103
  wind_year: 2011
  solar_year: 2010
  price_year: 2023
  carbon_year: 2023
storage_values:
  CAES:
    cost: 62.4238
    lifetime: 29.7654
    annual_cost: 2.097193385608794
    efficiency: 0.599903
    discharge_ratio: 0.1
    depth_of_discharge: 0.4
  Li-ion:
    cost: 195.079
    lifetime: 22.133
    annual_cost: 8.813942981068992
    efficiency: 0.958024
    discharge_ratio: 2
    depth_of_discharge: 0.9
  Pb-acid:
    cost: 144.273
    lifetime: 6.29729
    annual_cost: 22.910331269482587
    efficiency: 0.754712
    discharge_ratio: 5
    depth_of_discharge: 0.5
  VRBF:
    cost: 288.625
    lifetime: 22.978
    annual_cost: 12.560927844024718
    efficiency: 0.704782
    discharge_ratio: 0.5
    depth_of_discharge: 1.0
