cost_values:
  wind_capex: 5000.0
  wind_opex: 100
  wind_lifetime: 20
  solar_capex: 1000.0
  solar_opex: 10
  solar_lifetime: 20
  carbon_price: 1.0
timeseries_values:
  load_level: 289351.7636873103
  wind_year: 2011
  solar_year: 2010
  price_year: 2023
  carbon_year: 2023
storage_values:
  CAES:
    cost: 60.4086
    lifetime: 29.0338
    annual_cost: 2.080630162086947
    efficiency: 0.600497
    discharge_ratio: 0.1
    depth_of_discharge: 0.4
  Li-ion:
    cost: 191.693
    lifetime: 22.4226
    annual_cost: 8.54909778527022
    efficiency: 0.965072
    discharge_ratio: 2
    depth_of_discharge: 0.9
  Pb-acid:
    cost: 147.994
    lifetime: 6.89533
    annual_cost: 21.462932158431865
    efficiency: 0.755232
    discharge_ratio: 5
    depth_of_discharge: 0.5
  VRBF:
    cost: 272.683
    lifetime: 24.0774
    annual_cost: 11.325267678403813
    efficiency: 0.704694
    discharge_ratio: 0.5
    depth_of_discharge: 1.0
