cost_values:
  wind_capex: 5000.0
  wind_opex: 100
  wind_lifetime: 20
  solar_capex: 1000.0
  solar_opex: 10
  solar_lifetime: 20
  carbon_price: 1.0
timeseries_values:
  load_level: 289351.7636873103
  wind_year: 2011
  solar_year: 2010
  price_year: 2023
  carbon_year: 2023
storage_values:
  CAES:
    cost: 63.8487
    lifetime: 28.352
    annual_cost: 2.2519998589164785
    efficiency: 0.605468
    discharge_ratio: 0.1
    depth_of_discharge: 0.4
  Li-ion:
    cost: 182.252
    lifetime: 23.486
    annual_cost: 7.760027250276761
    efficiency: 0.959374
    discharge_ratio: 2
    depth_of_discharge: 0.9
  Pb-acid:
    cost: 177.091
    lifetime: 7.71702
    annual_cost: 22.948106911735362
    efficiency: 0.76028
    discharge_ratio: 5
    depth_of_discharge: 0.5
  VRBF:
    cost: 289.845
    lifetime: 24.1105
    annual_cost: 12.021525891209226
    efficiency: 0.696891
    discharge_ratio: 0.5
    depth_of_discharge: 1.0
