cost_values:
  wind_capex: 5000.0
  wind_opex: 100
  wind_lifetime: 20
  solar_capex: 1000.0
  solar_opex: 10
  solar_lifetime: 20
  carbon_price: 1.0
timeseries_values:
  load_level: 289351.7636873103
  wind_year: 2011
  solar_year: 2010
  price_year: 2023
  carbon_year: 2023
storage_values:
  CAES:
    cost: 53.438
    lifetime: 27.9495
    annual_cost: 1.9119483353906153
    efficiency: 0.603355
    discharge_ratio: 0.1
    depth_of_discharge: 0.4
  Li-ion:
    cost: 189.712
    lifetime: 22.0655
    annual_cost: 8.597675103668623
    efficiency: 0.94085
    discharge_ratio: 2
    depth_of_discharge: 0.9
  Pb-acid:
    cost: 146.86
    lifetime: 8.13306
    annual_cost: 18.057164216174478
    efficiency: 0.736982
    discharge_ratio: 5
    depth_of_discharge: 0.5
  VRBF:
    cost: 279.448
    lifetime: 24.3519
    annual_cost: 11.475408489686636
    efficiency: 0.731735
    discharge_ratio: 0.5
    depth_of_discharge: 1.0
