cost_values:
  wind_capex: 5000.0
  wind_opex: 100
  wind_lifetime: 20
  solar_capex: 1000.0
  solar_opex: 10
  solar_lifetime: 20
  carbon_price: 1.0
timeseries_values:
  load_level: 289351.7636873103
  wind_year: 2011
  solar_year: 2010
  price_year: 2023
  carbon_year: 2023
storage_values:
  CAES:
    cost: 58.6416
    lifetime: 28.8627
    annual_cost: 2.031743391990354
    efficiency: 0.607398
    discharge_ratio: 0.1
    depth_of_discharge: 0.4
  Li-ion:
    cost: 193.864
    lifetime: 21.9762
    annual_cost: 8.821543305940063
    efficiency: 0.961526
    discharge_ratio: 2
    depth_of_discharge: 0.9
  Pb-acid:
    cost: 148.714
    lifetime: 7.76822
    annual_cost: 19.143896542579895
    efficiency: 0.751505
    discharge_ratio: 5
    depth_of_discharge: 0.5
  VRBF:
    cost: 300.276
    lifetime: 21.1348
    annual_cost: 14.207657512727824
    efficiency: 0.709549
    discharge_ratio: 0.5
    depth_of_discharge: 1.0
