cost_values:
  wind_capex: 5000.0
  wind_opex: 100
  wind_lifetime: 20
  solar_capex: 1000.0
  solar_opex: 10
  solar_lifetime: 20
  carbon_price: 1.0
timeseries_values:
  load_level: 289351.7636873103
  wind_year: 2011
  solar_year: 2010
  price_year: 2023
  carbon_year: 2023
storage_values:
  CAES:
    cost: 52.7001
    lifetime: 28.1512
    annual_cost: 1.8720374264684987
    efficiency: 0.607356
    discharge_ratio: 0.1
    depth_of_discharge: 0.4
  Li-ion:
    cost: 176.39
    lifetime: 21.9051
    annual_cost: 8.052462668510985
    efficiency: 0.960677
    discharge_ratio: 2
    depth_of_discharge: 0.9
  Pb-acid:
    cost: 155.44
    lifetime: 6.32533
    annual_cost: 24.57421193834946
    efficiency: 0.745814
    discharge_ratio: 5
    depth_of_discharge: 0.5
  VRBF:
    cost: 296.505
    lifetime: 25.2814
    annual_cost: 11.728187521260688
    efficiency: 0.713212
    discharge_ratio: 0.5
    depth_of_discharge: 1.0
