cost_values:
  wind_capex: 5000.0
  wind_opex: 100
  wind_lifetime: 20
  solar_capex: 1000.0
  solar_opex: 10
  solar_lifetime: 20
  carbon_price: 1.0
timeseries_values:
  load_level: 289351.7636873103
  wind_year: 2011
  solar_year: 2010
  price_year: 2023
  carbon_year: 2023
storage_values:
  CAES:
    cost: 66.0568
    lifetime: 27.5159
    annual_cost: 2.400677426506129
    efficiency: 0.607476
    discharge_ratio: 0.1
    depth_of_discharge: 0.4
  Li-ion:
    cost: 199.266
    lifetime: 20.2566
    annual_cost: 9.837090133586091
    efficiency: 0.957503
    discharge_ratio: 2
    depth_of_discharge: 0.9
  Pb-acid:
    cost: 180.709
    lifetime: 6.14042
    annual_cost: 29.429420137384742
    efficiency: 0.751788
    discharge_ratio: 5
    depth_of_discharge: 0.5
  VRBF:
    cost: 270.429
    lifetime: 22.9875
    annual_cost: 11.764176182707992
    efficiency: 0.70808
    discharge_ratio: 0.5
    depth_of_discharge: 1.0
