cost_values:
  wind_capex: 5000.0
  wind_opex: 100
  wind_lifetime: 20
  solar_capex: 1000.0
  solar_opex: 10
  solar_lifetime: 20
  carbon_price: 1.0
timeseries_values:
  load_level: 289351.7636873103
  wind_year: 2011
  solar_year: 2010
  price_year: 2023
  carbon_year: 2023
storage_values:
  CAES:
    cost: 68.2566
    lifetime: 29.3526
    annual_cost: 2.3254021790233237
    efficiency: 0.605412
    discharge_ratio: 0.1
    depth_of_discharge: 0.4
  Li-ion:
    cost: 173.386
    lifetime: 23.2386
    annual_cost: 7.461120721558096
    efficiency: 0.968324
    discharge_ratio: 2
    depth_of_discharge: 0.9
  Pb-acid:
    cost: 164.355
    lifetime: 6.2453
    annual_cost: 26.31659007573695
    efficiency: 0.749324
    discharge_ratio: 5
    depth_of_discharge: 0.5
  VRBF:
    cost: 266.205
    lifetime: 20.5207
    annual_cost: 12.972510684333379
    efficiency: 0.700017
    discharge_ratio: 0.5
    depth_of_discharge: 1.0
