cost_values:
  wind_capex: 5000.0
  wind_opex: 100
  wind_lifetime: 20
  solar_capex: 1000.0
  solar_opex: 10
  solar_lifetime: 20
  carbon_price: 1.0
timeseries_values:
  load_level: 289351.7636873103
  wind_year: 2011
  solar_year: 2010
  price_year: 2023
  carbon_year: 2023
storage_values:
  CAES:
    cost: 67.8087
    lifetime: 28.4083
    annual_cost: 2.386932692206151
    efficiency: 0.602264
    discharge_ratio: 0.1
    depth_of_discharge: 0.4
  Li-ion:
    cost: 183.945
    lifetime: 23.6229
    annual_cost: 7.786723899267236
    efficiency: 0.961604
    discharge_ratio: 2
    depth_of_discharge: 0.9
  Pb-acid:
    cost: 162.167
    lifetime: 9.21314
    annual_cost: 17.601707995319728
    efficiency: 0.729262
    discharge_ratio: 5
    depth_of_discharge: 0.5
  VRBF:
    cost: 299.689
    lifetime: 21.0256
    annual_cost: 14.253529031276159
    efficiency: 0.70223
    discharge_ratio: 0.5
    depth_of_discharge: 1.0
