cost_values:
  wind_capex: 5000.0
  wind_opex: 100
  wind_lifetime: 20
  solar_capex: 1000.0
  solar_opex: 10
  solar_lifetime: 20
  carbon_price: 1.0
timeseries_values:
  load_level: 289351.7636873103
  wind_year: 2011
  solar_year: 2010
  price_year: 2023
  carbon_year: 2023
storage_values:
  CAES:
    cost: 67.0249
    lifetime: 29.3899
    annual_cost: 2.2805419548892645
    efficiency: 0.607858
    discharge_ratio: 0.1
    depth_of_discharge: 0.4
  Li-ion:
    cost: 180.403
    lifetime: 23.7587
    annual_cost: 7.593134304486356
    efficiency: 0.956236
    discharge_ratio: 2
    depth_of_discharge: 0.9
  Pb-acid:
    cost: 160.635
    lifetime: 6.29911
    annual_cost: 25.501221601146828
    efficiency: 0.769521
    discharge_ratio: 5
    depth_of_discharge: 0.5
  VRBF:
    cost: 258.975
    lifetime: 22.1771
    annual_cost: 11.677586339061465
    efficiency: 0.71092
    discharge_ratio: 0.5
    depth_of_discharge: 1.0
