cost_values:
  wind_capex: 5000.0
  wind_opex: 100
  wind_lifetime: 20
  solar_capex: 1000.0
  solar_opex: 10
  solar_lifetime: 20
  carbon_price: 1.0
timeseries_values:
  load_level: 227323.88336307099
  wind_year: 2013
  solar_year: 2018
  price_year: 2023
  carbon_year: 2023
storage_values:
  CAES:
    cost: 67.2808
    lifetime: 25.8116
    annual_cost: 2.606610981109269
    efficiency: 0.605881
    discharge_ratio: 0.1
    depth_of_discharge: 0.4
  Li-ion:
    cost: 257.842
    lifetime: 20.9594
    annual_cost: 12.301974293157247
    efficiency: 0.91155
    discharge_ratio: 2
    depth_of_discharge: 0.9
  Pb-acid:
    cost: 194.821
    lifetime: 14.1389
    annual_cost: 13.779077580292668
    efficiency: 0.717329
    discharge_ratio: 5
    depth_of_discharge: 0.5
  VRBF:
    cost: 133.795
    lifetime: 29.1588
    annual_cost: 4.588494725434517
    efficiency: 0.682869
    discharge_ratio: 0.5
    depth_of_discharge: 1.0
