cost_values:
  wind_capex: 5000.0
  wind_opex: 100
  wind_lifetime: 20
  solar_capex: 1000.0
  solar_opex: 10
  solar_lifetime: 20
  carbon_price: 1.0
timeseries_values:
  load_level: 227323.88336307099
  wind_year: 2013
  solar_year: 2018
  price_year: 2023
  carbon_year: 2023
storage_values:
  CAES:
    cost: 59.1164
    lifetime: 26.4275
    annual_cost: 2.236927443004446
    efficiency: 0.599934
    discharge_ratio: 0.1
    depth_of_discharge: 0.4
  Li-ion:
    cost: 250.051
    lifetime: 19.1743
    annual_cost: 13.040945432167016
    efficiency: 0.905579
    discharge_ratio: 2
    depth_of_discharge: 0.9
  Pb-acid:
    cost: 217.406
    lifetime: 14.976
    annual_cost: 14.51696047008547
    efficiency: 0.718455
    discharge_ratio: 5
    depth_of_discharge: 0.5
  VRBF:
    cost: 108.917
    lifetime: 29.8815
    annual_cost: 3.6449642755551097
    efficiency: 0.680717
    discharge_ratio: 0.5
    depth_of_discharge: 1.0
