cost_values:
  wind_capex: 5000.0
  wind_opex: 100
  wind_lifetime: 20
  solar_capex: 1000.0
  solar_opex: 10
  solar_lifetime: 20
  carbon_price: 1.0
timeseries_values:
  load_level: 227323.88336307099
  wind_year: 2013
  solar_year: 2018
  price_year: 2023
  carbon_year: 2023
storage_values:
  CAES:
    cost: 52.0911
    lifetime: 24.4309
    annual_cost: 2.1321809675451986
    efficiency: 0.603335
    discharge_ratio: 0.1
    depth_of_discharge: 0.4
  Li-ion:
    cost: 248.274
    lifetime: 21.0027
    annual_cost: 11.821051579082688
    efficiency: 0.907875
    discharge_ratio: 2
    depth_of_discharge: 0.9
  Pb-acid:
    cost: 222.413
    lifetime: 13.9419
    annual_cost: 15.952847172910436
    efficiency: 0.734121
    discharge_ratio: 5
    depth_of_discharge: 0.5
  VRBF:
    cost: 126.915
    lifetime: 29.2571
    annual_cost: 4.337921393439541
    efficiency: 0.676614
    discharge_ratio: 0.5
    depth_of_discharge: 1.0
