cost_values:
  wind_capex: 5000.0
  wind_opex: 100
  wind_lifetime: 20
  solar_capex: 1000.0
  solar_opex: 10
  solar_lifetime: 20
  carbon_price: 1.0
timeseries_values:
  load_level: 227323.88336307099
  wind_year: 2013
  solar_year: 2018
  price_year: 2023
  carbon_year: 2023
storage_values:
  CAES:
    cost: 60.8118
    lifetime: 24.2517
    annual_cost: 2.5075273073640196
    efficiency: 0.59801
    discharge_ratio: 0.1
    depth_of_discharge: 0.4
  Li-ion:
    cost: 246.075
    lifetime: 20.8559
    annual_cost: 11.798819518697348
    efficiency: 0.916597
    discharge_ratio: 2
    depth_of_discharge: 0.9
  Pb-acid:
    cost: 224.704
    lifetime: 13.2474
    annual_cost: 16.96212086900071
    efficiency: 0.721301
    discharge_ratio: 5
    depth_of_discharge: 0.5
  VRBF:
    cost: 108.493
    lifetime: 28.693
    annual_cost: 3.7811661380824586
    efficiency: 0.680773
    discharge_ratio: 0.5
    depth_of_discharge: 1.0
