cost_values:
  wind_capex: 5000.0
  wind_opex: 100
  wind_lifetime: 20
  solar_capex: 1000.0
  solar_opex: 10
  solar_lifetime: 20
  carbon_price: 1.0
timeseries_values:
  load_level: 227323.88336307099
  wind_year: 2013
  solar_year: 2018
  price_year: 2023
  carbon_year: 2023
storage_values:
  CAES:
    cost: 57.1606
    lifetime: 26.1147
    annual_cost: 2.1888285142084727
    efficiency: 0.601137
    discharge_ratio: 0.1
    depth_of_discharge: 0.4
  Li-ion:
    cost: 259.789
    lifetime: 19.9644
    annual_cost: 13.012612450161285
    efficiency: 0.89991
    discharge_ratio: 2
    depth_of_discharge: 0.9
  Pb-acid:
    cost: 215.176
    lifetime: 14.4621
    annual_cost: 14.87861375595522
    efficiency: 0.721155
    discharge_ratio: 5
    depth_of_discharge: 0.5
  VRBF:
    cost: 153.769
    lifetime: 28.1393
    annual_cost: 5.4645637951192825
    efficiency: 0.680678
    discharge_ratio: 0.5
    depth_of_discharge: 1.0
