cost_values:
  wind_capex: 5000.0
  wind_opex: 100
  wind_lifetime: 20
  solar_capex: 1000.0
  solar_opex: 10
  solar_lifetime: 20
  carbon_price: 1.0
timeseries_values:
  load_level: 227323.88336307099
  wind_year: 2013
  solar_year: 2018
  price_year: 2023
  carbon_year: 2023
storage_values:
  CAES:
    cost: 51.1418
    lifetime: 25.0847
    annual_cost: 2.0387646653139164
    efficiency: 0.603486
    discharge_ratio: 0.1
    depth_of_discharge: 0.4
  Li-ion:
    cost: 243.979
    lifetime: 20.8495
    annual_cost: 11.70191131681815
    efficiency: 0.908757
    discharge_ratio: 2
    depth_of_discharge: 0.9
  Pb-acid:
    cost: 183.583
    lifetime: 11.2131
    annual_cost: 16.3721896710098
    efficiency: 0.727663
    discharge_ratio: 5
    depth_of_discharge: 0.5
  VRBF:
    cost: 100.706
    lifetime: 29.5447
    annual_cost: 3.4085978195750846
    efficiency: 0.690686
    discharge_ratio: 0.5
    depth_of_discharge: 1.0
