cost_values:
  wind_capex: 5000.0
  wind_opex: 100
  wind_lifetime: 20
  solar_capex: 1000.0
  solar_opex: 10
  solar_lifetime: 20
  carbon_price: 1.0
timeseries_values:
  load_level: 227323.88336307099
  wind_year: 2013
  solar_year: 2018
  price_year: 2023
  carbon_year: 2023
storage_values:
  CAES:
    cost: 57.3642
    lifetime: 24.8059
    annual_cost: 2.3125224241007176
    efficiency: 0.599745
    discharge_ratio: 0.1
    depth_of_discharge: 0.4
  Li-ion:
    cost: 234.098
    lifetime: 20.993
    annual_cost: 11.151240889820418
    efficiency: 0.897594
    discharge_ratio: 2
    depth_of_discharge: 0.9
  Pb-acid:
    cost: 198.705
    lifetime: 12.5573
    annual_cost: 15.823863410127975
    efficiency: 0.727629
    discharge_ratio: 5
    depth_of_discharge: 0.5
  VRBF:
    cost: 118.143
    lifetime: 27.4178
    annual_cost: 4.308989050908534
    efficiency: 0.699551
    discharge_ratio: 0.5
    depth_of_discharge: 1.0
