cost_values:
  wind_capex: 5000.0
  wind_opex: 100
  wind_lifetime: 20
  solar_capex: 1000.0
  solar_opex: 10
  solar_lifetime: 20
  carbon_price: 1.0
timeseries_values:
  load_level: 227323.88336307099
  wind_year: 2013
  solar_year: 2018
  price_year: 2023
  carbon_year: 2023
storage_values:
  CAES:
    cost: 49.5057
    lifetime: 24.3457
    annual_cost: 2.0334473849591506
    efficiency: 0.603992
    discharge_ratio: 0.1
    depth_of_discharge: 0.4
  Li-ion:
    cost: 252.149
    lifetime: 20.21
    annual_cost: 12.47644730331519
    efficiency: 0.903598
    discharge_ratio: 2
    depth_of_discharge: 0.9
  Pb-acid:
    cost: 202.041
    lifetime: 15.1222
    annual_cost: 13.360556003756068
    efficiency: 0.724762
    discharge_ratio: 5
    depth_of_discharge: 0.5
  VRBF:
    cost: 145.824
    lifetime: 29.9292
    annual_cost: 4.87229862475442
    efficiency: 0.673066
    discharge_ratio: 0.5
    depth_of_discharge: 1.0
