cost_values:
  wind_capex: 5000.0
  wind_opex: 100
  wind_lifetime: 20
  solar_capex: 1000.0
  solar_opex: 10
  solar_lifetime: 20
  carbon_price: 1.0
timeseries_values:
  load_level: 227323.88336307099
  wind_year: 2013
  solar_year: 2018
  price_year: 2023
  carbon_year: 2023
storage_values:
  CAES:
    cost: 60.1674
    lifetime: 24.8876
    annual_cost: 2.41756537392115
    efficiency: 0.603669
    discharge_ratio: 0.1
    depth_of_discharge: 0.4
  Li-ion:
    cost: 232.908
    lifetime: 20.6542
    annual_cost: 11.276544237975811
    efficiency: 0.899637
    discharge_ratio: 2
    depth_of_discharge: 0.9
  Pb-acid:
    cost: 219.81
    lifetime: 13.8233
    annual_cost: 15.901412831957638
    efficiency: 0.734212
    discharge_ratio: 5
    depth_of_discharge: 0.5
  VRBF:
    cost: 126.831
    lifetime: 27.8815
    annual_cost: 4.5489302942811545
    efficiency: 0.682358
    discharge_ratio: 0.5
    depth_of_discharge: 1.0
