cost_values:
  wind_capex: 5000.0
  wind_opex: 100
  wind_lifetime: 20
  solar_capex: 1000.0
  solar_opex: 10
  solar_lifetime: 20
  carbon_price: 1.0
timeseries_values:
  load_level: 227323.88336307099
  wind_year: 2013
  solar_year: 2018
  price_year: 2023
  carbon_year: 2023
storage_values:
  CAES:
    cost: 62.3525
    lifetime: 23.9509
    annual_cost: 2.603346847091341
    efficiency: 0.604357
    discharge_ratio: 0.1
    depth_of_discharge: 0.4
  Li-ion:
    cost: 245.388
    lifetime: 18.9977
    annual_cost: 12.916721497865533
    efficiency: 0.908966
    discharge_ratio: 2
    depth_of_discharge: 0.9
  Pb-acid:
    cost: 215.214
    lifetime: 12.9541
    annual_cost: 16.613581800356645
    efficiency: 0.727526
    discharge_ratio: 5
    depth_of_discharge: 0.5
  VRBF:
    cost: 109.713
    lifetime: 29.6448
    annual_cost: 3.7009188795336785
    efficiency: 0.67
    discharge_ratio: 0.5
    depth_of_discharge: 1.0
