cost_values:
  wind_capex: 5000.0
  wind_opex: 100
  wind_lifetime: 20
  solar_capex: 1000.0
  solar_opex: 10
  solar_lifetime: 20
  carbon_price: 1.0
timeseries_values:
  load_level: 227323.88336307099
  wind_year: 2013
  solar_year: 2018
  price_year: 2023
  carbon_year: 2023
storage_values:
  CAES:
    cost: 62.2763
    lifetime: 23.8066
    annual_cost: 2.615925835692623
    efficiency: 0.609469
    discharge_ratio: 0.1
    depth_of_discharge: 0.4
  Li-ion:
    cost: 255.185
    lifetime: 20.3628
    annual_cost: 12.531920953896321
    efficiency: 0.90162
    discharge_ratio: 2
    depth_of_discharge: 0.9
  Pb-acid:
    cost: 211.778
    lifetime: 13.0748
    annual_cost: 16.197417933735125
    efficiency: 0.707636
    discharge_ratio: 5
    depth_of_discharge: 0.5
  VRBF:
    cost: 112.202
    lifetime: 29.532
    annual_cost: 3.7993363131518354
    efficiency: 0.663119
    discharge_ratio: 0.5
    depth_of_discharge: 1.0
