cost_values:
  wind_capex: 5000.0
  wind_opex: 100
  wind_lifetime: 20
  solar_capex: 1000.0
  solar_opex: 10
  solar_lifetime: 20
  carbon_price: 1.0
timeseries_values:
  load_level: 227323.88336307099
  wind_year: 2013
  solar_year: 2018
  price_year: 2023
  carbon_year: 2023
storage_values:
  CAES:
    cost: 58.8652
    lifetime: 24.1795
    annual_cost: 2.4345085713104075
    efficiency: 0.61527
    discharge_ratio: 0.1
    depth_of_discharge: 0.4
  Li-ion:
    cost: 236.651
    lifetime: 19.982
    annual_cost: 11.8432088879992
    efficiency: 0.901987
    discharge_ratio: 2
    depth_of_discharge: 0.9
  Pb-acid:
    cost: 211.57
    lifetime: 13.9329
    annual_cost: 15.184922019105857
    efficiency: 0.716133
    discharge_ratio: 5
    depth_of_discharge: 0.5
  VRBF:
    cost: 106.915
    lifetime: 29.9396
    annual_cost: 3.571022992959158
    efficiency: 0.677504
    discharge_ratio: 0.5
    depth_of_discharge: 1.0
