cost_values:
  wind_capex: 5000.0
  wind_opex: 100
  wind_lifetime: 20
  solar_capex: 1000.0
  solar_opex: 10
  solar_lifetime: 20
  carbon_price: 1.0
timeseries_values:
  load_level: 227323.88336307099
  wind_year: 2013
  solar_year: 2018
  price_year: 2023
  carbon_year: 2023
storage_values:
  CAES:
    cost: 57.9627
    lifetime: 24.7474
    annual_cost: 2.3421733192173724
    efficiency: 0.605915
    discharge_ratio: 0.1
    depth_of_discharge: 0.4
  Li-ion:
    cost: 231.753
    lifetime: 21.4004
    annual_cost: 10.829377020990261
    efficiency: 0.905693
    discharge_ratio: 2
    depth_of_discharge: 0.9
  Pb-acid:
    cost: 213.469
    lifetime: 13.3861
    annual_cost: 15.947064492271833
    efficiency: 0.716988
    discharge_ratio: 5
    depth_of_discharge: 0.5
  VRBF:
    cost: 136.226
    lifetime: 29.5135
    annual_cost: 4.615718230640216
    efficiency: 0.696664
    discharge_ratio: 0.5
    depth_of_discharge: 1.0
