cost_values:
  wind_capex: 5000.0
  wind_opex: 100
  wind_lifetime: 20
  solar_capex: 1000.0
  solar_opex: 10
  solar_lifetime: 20
  carbon_price: 1.0
timeseries_values:
  load_level: 227323.88336307099
  wind_year: 2013
  solar_year: 2018
  price_year: 2023
  carbon_year: 2023
storage_values:
  CAES:
    cost: 62.2095
    lifetime: 24.0753
    annual_cost: 2.5839553401203723
    efficiency: 0.605533
    discharge_ratio: 0.1
    depth_of_discharge: 0.4
  Li-ion:
    cost: 255.711
    lifetime: 20.7111
    annual_cost: 12.346567782493446
    efficiency: 0.91549
    discharge_ratio: 2
    depth_of_discharge: 0.9
  Pb-acid:
    cost: 224.535
    lifetime: 13.4248
    annual_cost: 16.725388832608306
    efficiency: 0.727629
    discharge_ratio: 5
    depth_of_discharge: 0.5
  VRBF:
    cost: 128.519
    lifetime: 28.9579
    annual_cost: 4.438132599394294
    efficiency: 0.669203
    discharge_ratio: 0.5
    depth_of_discharge: 1.0
