cost_values:
  wind_capex: 5000.0
  wind_opex: 100
  wind_lifetime: 20
  solar_capex: 1000.0
  solar_opex: 10
  solar_lifetime: 20
  carbon_price: 1.0
timeseries_values:
  load_level: 227323.88336307099
  wind_year: 2013
  solar_year: 2018
  price_year: 2023
  carbon_year: 2023
storage_values:
  CAES:
    cost: 63.9026
    lifetime: 24.9058
    annual_cost: 2.5657718282488418
    efficiency: 0.596536
    discharge_ratio: 0.1
    depth_of_discharge: 0.4
  Li-ion:
    cost: 266.448
    lifetime: 17.9438
    annual_cost: 14.849028633845673
    efficiency: 0.919392
    discharge_ratio: 2
    depth_of_discharge: 0.9
  Pb-acid:
    cost: 202.688
    lifetime: 12.6822
    annual_cost: 15.982085127186133
    efficiency: 0.73182
    discharge_ratio: 5
    depth_of_discharge: 0.5
  VRBF:
    cost: 122.826
    lifetime: 28.4408
    annual_cost: 4.318654890157801
    efficiency: 0.672725
    discharge_ratio: 0.5
    depth_of_discharge: 1.0
