cost_values:
  wind_capex: 5000.0
  wind_opex: 100
  wind_lifetime: 20
  solar_capex: 1000.0
  solar_opex: 10
  solar_lifetime: 20
  carbon_price: 1.0
timeseries_values:
  load_level: 227323.88336307099
  wind_year: 2013
  solar_year: 2018
  price_year: 2023
  carbon_year: 2023
storage_values:
  CAES:
    cost: 60.4567
    lifetime: 24.479
    annual_cost: 2.469737325871155
    efficiency: 0.598734
    discharge_ratio: 0.1
    depth_of_discharge: 0.4
  Li-ion:
    cost: 241.67
    lifetime: 23.2148
    annual_cost: 10.410169374709236
    efficiency: 0.902316
    discharge_ratio: 2
    depth_of_discharge: 0.9
  Pb-acid:
    cost: 195.08
    lifetime: 14.4743
    annual_cost: 13.477681131384593
    efficiency: 0.723042
    discharge_ratio: 5
    depth_of_discharge: 0.5
  VRBF:
    cost: 156.648
    lifetime: 26.791
    annual_cost: 5.847038184464932
    efficiency: 0.66943
    discharge_ratio: 0.5
    depth_of_discharge: 1.0
