cost_values:
  wind_capex: 5000.0
  wind_opex: 100
  wind_lifetime: 20
  solar_capex: 1000.0
  solar_opex: 10
  solar_lifetime: 20
  carbon_price: 1.0
timeseries_values:
  load_level: 227323.88336307099
  wind_year: 2013
  solar_year: 2018
  price_year: 2023
  carbon_year: 2023
storage_values:
  CAES:
    cost: 66.3151
    lifetime: 25.5963
    annual_cost: 2.5908080464754675
    efficiency: 0.599846
    discharge_ratio: 0.1
    depth_of_discharge: 0.4
  Li-ion:
    cost: 247.88
    lifetime: 22.2017
    annual_cost: 11.164910795119294
    efficiency: 0.919249
    discharge_ratio: 2
    depth_of_discharge: 0.9
  Pb-acid:
    cost: 197.336
    lifetime: 14.7297
    annual_cost: 13.397149975899035
    efficiency: 0.716456
    discharge_ratio: 5
    depth_of_discharge: 0.5
  VRBF:
    cost: 108.3
    lifetime: 29.6103
    annual_cost: 3.6575110687834975
    efficiency: 0.681639
    discharge_ratio: 0.5
    depth_of_discharge: 1.0
