cost_values:
  wind_capex: 5000.0
  wind_opex: 100
  wind_lifetime: 20
  solar_capex: 1000.0
  solar_opex: 10
  solar_lifetime: 20
  carbon_price: 1.0
timeseries_values:
  load_level: 227323.88336307099
  wind_year: 2013
  solar_year: 2018
  price_year: 2023
  carbon_year: 2023
storage_values:
  CAES:
    cost: 60.898
    lifetime: 25.6274
    annual_cost: 2.3762847577202524
    efficiency: 0.605532
    discharge_ratio: 0.1
    depth_of_discharge: 0.4
  Li-ion:
    cost: 251.611
    lifetime: 18.6932
    annual_cost: 13.460028245565232
    efficiency: 0.903644
    discharge_ratio: 2
    depth_of_discharge: 0.9
  Pb-acid:
    cost: 198.725
    lifetime: 14.1959
    annual_cost: 13.998760205411422
    efficiency: 0.715301
    discharge_ratio: 5
    depth_of_discharge: 0.5
  VRBF:
    cost: 123.93
    lifetime: 29.9008
    annual_cost: 4.144705158390411
    efficiency: 0.671999
    discharge_ratio: 0.5
    depth_of_discharge: 1.0
