cost_values:
  wind_capex: 5000.0
  wind_opex: 100
  wind_lifetime: 20
  solar_capex: 1000.0
  solar_opex: 10
  solar_lifetime: 20
  carbon_price: 1.0
timeseries_values:
  load_level: 227323.88336307099
  wind_year: 2013
  solar_year: 2018
  price_year: 2023
  carbon_year: 2023
storage_values:
  CAES:
    cost: 63.1624
    lifetime: 25.1202
    annual_cost: 2.514406732430474
    efficiency: 0.595221
    discharge_ratio: 0.1
    depth_of_discharge: 0.4
  Li-ion:
    cost: 229.105
    lifetime: 20.747
    annual_cost: 11.042801368872608
    efficiency: 0.909442
    discharge_ratio: 2
    depth_of_discharge: 0.9
  Pb-acid:
    cost: 198.453
    lifetime: 14.1797
    annual_cost: 13.99557113338082
    efficiency: 0.732486
    discharge_ratio: 5
    depth_of_discharge: 0.5
  VRBF:
    cost: 140.709
    lifetime: 28.6795
    annual_cost: 4.906257082585122
    efficiency: 0.665901
    discharge_ratio: 0.5
    depth_of_discharge: 1.0
