cost_values:
  wind_capex: 5000.0
  wind_opex: 100
  wind_lifetime: 20
  solar_capex: 1000.0
  solar_opex: 10
  solar_lifetime: 20
  carbon_price: 1.0
timeseries_values:
  load_level: 227323.88336307099
  wind_year: 2013
  solar_year: 2018
  price_year: 2023
  carbon_year: 2023
storage_values:
  CAES:
    cost: 62.0955
    lifetime: 25.2499
    annual_cost: 2.4592374623265836
    efficiency: 0.596012
    discharge_ratio: 0.1
    depth_of_discharge: 0.4
  Li-ion:
    cost: 222.689
    lifetime: 20.8322
    annual_cost: 10.689653517151333
    efficiency: 0.89719
    discharge_ratio: 2
    depth_of_discharge: 0.9
  Pb-acid:
    cost: 200.249
    lifetime: 12.8123
    annual_cost: 15.629434215558486
    efficiency: 0.720394
    discharge_ratio: 5
    depth_of_discharge: 0.5
  VRBF:
    cost: 111.681
    lifetime: 29.8725
    annual_cost: 3.7385890032638716
    efficiency: 0.65973
    discharge_ratio: 0.5
    depth_of_discharge: 1.0
