cost_values:
  wind_capex: 5000.0
  wind_opex: 100
  wind_lifetime: 20
  solar_capex: 1000.0
  solar_opex: 10
  solar_lifetime: 20
  carbon_price: 1.0
timeseries_values:
  load_level: 227323.88336307099
  wind_year: 2013
  solar_year: 2018
  price_year: 2023
  carbon_year: 2023
storage_values:
  CAES:
    cost: 63.3307
    lifetime: 23.9911
    annual_cost: 2.639758076953537
    efficiency: 0.598317
    discharge_ratio: 0.1
    depth_of_discharge: 0.4
  Li-ion:
    cost: 252.526
    lifetime: 21.1658
    annual_cost: 11.930850711997657
    efficiency: 0.896349
    discharge_ratio: 2
    depth_of_discharge: 0.9
  Pb-acid:
    cost: 222.89
    lifetime: 14.3334
    annual_cost: 15.550392788870749
    efficiency: 0.718502
    discharge_ratio: 5
    depth_of_discharge: 0.5
  VRBF:
    cost: 100.246
    lifetime: 29.1596
    annual_cost: 3.437838653479471
    efficiency: 0.694233
    discharge_ratio: 0.5
    depth_of_discharge: 1.0
