cost_values:
  wind_capex: 5000.0
  wind_opex: 100
  wind_lifetime: 20
  solar_capex: 1000.0
  solar_opex: 10
  solar_lifetime: 20
  carbon_price: 1.0
timeseries_values:
  load_level: 227323.88336307099
  wind_year: 2013
  solar_year: 2018
  price_year: 2023
  carbon_year: 2023
storage_values:
  CAES:
    cost: 56.2301
    lifetime: 24.1992
    annual_cost: 2.3236346656087803
    efficiency: 0.607133
    discharge_ratio: 0.1
    depth_of_discharge: 0.4
  Li-ion:
    cost: 242.377
    lifetime: 20.6272
    annual_cost: 11.750358749612165
    efficiency: 0.913851
    discharge_ratio: 2
    depth_of_discharge: 0.9
  Pb-acid:
    cost: 188.83
    lifetime: 13.0128
    annual_cost: 14.511096766260913
    efficiency: 0.7224
    discharge_ratio: 5
    depth_of_discharge: 0.5
  VRBF:
    cost: 110.382
    lifetime: 29.1192
    annual_cost: 3.7906947993076736
    efficiency: 0.681264
    discharge_ratio: 0.5
    depth_of_discharge: 1.0
