cost_values:
  wind_capex: 5000.0
  wind_opex: 100
  wind_lifetime: 20
  solar_capex: 1000.0
  solar_opex: 10
  solar_lifetime: 20
  carbon_price: 1.0
timeseries_values:
  load_level: 227323.88336307099
  wind_year: 2013
  solar_year: 2018
  price_year: 2023
  carbon_year: 2023
storage_values:
  CAES:
    cost: 60.507
    lifetime: 25.2303
    annual_cost: 2.3981878931285
    efficiency: 0.59673
    discharge_ratio: 0.1
    depth_of_discharge: 0.4
  Li-ion:
    cost: 227.979
    lifetime: 21.5706
    annual_cost: 10.568968874301133
    efficiency: 0.920579
    discharge_ratio: 2
    depth_of_discharge: 0.9
  Pb-acid:
    cost: 198.39
    lifetime: 14.0055
    annual_cost: 14.165149405590661
    efficiency: 0.711221
    discharge_ratio: 5
    depth_of_discharge: 0.5
  VRBF:
    cost: 125.613
    lifetime: 29.5652
    annual_cost: 4.248677499222058
    efficiency: 0.691726
    discharge_ratio: 0.5
    depth_of_discharge: 1.0
