cost_values:
  wind_capex: 5000.0
  wind_opex: 100
  wind_lifetime: 20
  solar_capex: 1000.0
  solar_opex: 10
  solar_lifetime: 20
  carbon_price: 1.0
timeseries_values:
  load_level: 227323.88336307099
  wind_year: 2013
  solar_year: 2018
  price_year: 2023
  carbon_year: 2023
storage_values:
  CAES:
    cost: 67.0008
    lifetime: 24.7234
    annual_cost: 2.710015612739348
    efficiency: 0.596786
    discharge_ratio: 0.1
    depth_of_discharge: 0.4
  Li-ion:
    cost: 235.695
    lifetime: 20.0835
    annual_cost: 11.735753230263649
    efficiency: 0.901076
    discharge_ratio: 2
    depth_of_discharge: 0.9
  Pb-acid:
    cost: 209.415
    lifetime: 13.6156
    annual_cost: 15.380519404212814
    efficiency: 0.72732
    discharge_ratio: 5
    depth_of_discharge: 0.5
  VRBF:
    cost: 113.839
    lifetime: 29.1987
    annual_cost: 3.8987694657638867
    efficiency: 0.681841
    discharge_ratio: 0.5
    depth_of_discharge: 1.0
