cost_values:
  wind_capex: 5000.0
  wind_opex: 100
  wind_lifetime: 20
  solar_capex: 1000.0
  solar_opex: 10
  solar_lifetime: 20
  carbon_price: 1.0
timeseries_values:
  load_level: 227323.88336307099
  wind_year: 2013
  solar_year: 2018
  price_year: 2023
  carbon_year: 2023
storage_values:
  CAES:
    cost: 59.6277
    lifetime: 25.1416
    annual_cost: 2.371674833741687
    efficiency: 0.598597
    discharge_ratio: 0.1
    depth_of_discharge: 0.4
  Li-ion:
    cost: 255.742
    lifetime: 20.8594
    annual_cost: 12.260275942740442
    efficiency: 0.923152
    discharge_ratio: 2
    depth_of_discharge: 0.9
  Pb-acid:
    cost: 215.322
    lifetime: 14.3078
    annual_cost: 15.049273822670152
    efficiency: 0.717693
    discharge_ratio: 5
    depth_of_discharge: 0.5
  VRBF:
    cost: 101.962
    lifetime: 29.4117
    annual_cost: 3.466715626774379
    efficiency: 0.678894
    discharge_ratio: 0.5
    depth_of_discharge: 1.0
