cost_values:
  wind_capex: 5000.0
  wind_opex: 100
  wind_lifetime: 20
  solar_capex: 1000.0
  solar_opex: 10
  solar_lifetime: 20
  carbon_price: 1.0
timeseries_values:
  load_level: 227323.88336307099
  wind_year: 2013
  solar_year: 2018
  price_year: 2023
  carbon_year: 2023
storage_values:
  CAES:
    cost: 62.2367
    lifetime: 25.568
    annual_cost: 2.4341637984981226
    efficiency: 0.610866
    discharge_ratio: 0.1
    depth_of_discharge: 0.4
  Li-ion:
    cost: 255.353
    lifetime: 23.0344
    annual_cost: 11.085723960684888
    efficiency: 0.89669
    discharge_ratio: 2
    depth_of_discharge: 0.9
  Pb-acid:
    cost: 189.559
    lifetime: 13.6376
    annual_cost: 13.899733090866427
    efficiency: 0.722327
    discharge_ratio: 5
    depth_of_discharge: 0.5
  VRBF:
    cost: 102.962
    lifetime: 28.5687
    annual_cost: 3.6040141833545105
    efficiency: 0.668592
    discharge_ratio: 0.5
    depth_of_discharge: 1.0
