cost_values:
  wind_capex: 5000.0
  wind_opex: 100
  wind_lifetime: 20
  solar_capex: 1000.0
  solar_opex: 10
  solar_lifetime: 20
  carbon_price: 1.0
timeseries_values:
  load_level: 227323.88336307099
  wind_year: 2013
  solar_year: 2018
  price_year: 2023
  carbon_year: 2023
storage_values:
  CAES:
    cost: 66.9348
    lifetime: 24.5781
    annual_cost: 2.7233512761360723
    efficiency: 0.591769
    discharge_ratio: 0.1
    depth_of_discharge: 0.4
  Li-ion:
    cost: 247.446
    lifetime: 20.6212
    annual_cost: 11.999592652221985
    efficiency: 0.892573
    discharge_ratio: 2
    depth_of_discharge: 0.9
  Pb-acid:
    cost: 215.06
    lifetime: 13.992
    annual_cost: 15.370211549456831
    efficiency: 0.71736
    discharge_ratio: 5
    depth_of_discharge: 0.5
  VRBF:
    cost: 109.511
    lifetime: 29.6916
    annual_cost: 3.6882822077624646
    efficiency: 0.681747
    discharge_ratio: 0.5
    depth_of_discharge: 1.0
