cost_values:
  wind_capex: 5000.0
  wind_opex: 100
  wind_lifetime: 20
  solar_capex: 1000.0
  solar_opex: 10
  solar_lifetime: 20
  carbon_price: 1.0
timeseries_values:
  load_level: 227323.88336307099
  wind_year: 2013
  solar_year: 2018
  price_year: 2023
  carbon_year: 2023
storage_values:
  CAES:
    cost: 67.8646
    lifetime: 24.644
    annual_cost: 2.7537980847265056
    efficiency: 0.606072
    discharge_ratio: 0.1
    depth_of_discharge: 0.4
  Li-ion:
    cost: 244.786
    lifetime: 18.1815
    annual_cost: 13.463465610648187
    efficiency: 0.905436
    discharge_ratio: 2
    depth_of_discharge: 0.9
  Pb-acid:
    cost: 230.974
    lifetime: 12.9265
    annual_cost: 17.868255134800602
    efficiency: 0.726921
    discharge_ratio: 5
    depth_of_discharge: 0.5
  VRBF:
    cost: 116.575
    lifetime: 27.818
    annual_cost: 4.190631964914803
    efficiency: 0.676056
    discharge_ratio: 0.5
    depth_of_discharge: 1.0
