cost_values:
  wind_capex: 5000.0
  wind_opex: 100
  wind_lifetime: 20
  solar_capex: 1000.0
  solar_opex: 10
  solar_lifetime: 20
  carbon_price: 1.0
timeseries_values:
  load_level: 227323.88336307099
  wind_year: 2013
  solar_year: 2018
  price_year: 2023
  carbon_year: 2023
storage_values:
  CAES:
    cost: 66.4176
    lifetime: 25.9637
    annual_cost: 2.558094570496501
    efficiency: 0.60316
    discharge_ratio: 0.1
    depth_of_discharge: 0.4
  Li-ion:
    cost: 245.628
    lifetime: 21.5215
    annual_cost: 11.413144994540342
    efficiency: 0.900058
    discharge_ratio: 2
    depth_of_discharge: 0.9
  Pb-acid:
    cost: 191.269
    lifetime: 13.06
    annual_cost: 14.64540581929556
    efficiency: 0.728866
    discharge_ratio: 5
    depth_of_discharge: 0.5
  VRBF:
    cost: 128.582
    lifetime: 28.2471
    annual_cost: 4.552042510558606
    efficiency: 0.694231
    discharge_ratio: 0.5
    depth_of_discharge: 1.0
