cost_values:
  wind_capex: 5000.0
  wind_opex: 100
  wind_lifetime: 20
  solar_capex: 1000.0
  solar_opex: 10
  solar_lifetime: 20
  carbon_price: 1.0
timeseries_values:
  load_level: 227323.88336307099
  wind_year: 2013
  solar_year: 2018
  price_year: 2023
  carbon_year: 2023
storage_values:
  CAES:
    cost: 60.5582
    lifetime: 23.9521
    annual_cost: 2.5283044075467287
    efficiency: 0.608732
    discharge_ratio: 0.1
    depth_of_discharge: 0.4
  Li-ion:
    cost: 257.12
    lifetime: 19.5141
    annual_cost: 13.176113681901805
    efficiency: 0.905426
    discharge_ratio: 2
    depth_of_discharge: 0.9
  Pb-acid:
    cost: 202.103
    lifetime: 13.6634
    annual_cost: 14.791559933837846
    efficiency: 0.725438
    discharge_ratio: 5
    depth_of_discharge: 0.5
  VRBF:
    cost: 114.661
    lifetime: 29.596
    annual_cost: 3.874205973780241
    efficiency: 0.678074
    discharge_ratio: 0.5
    depth_of_discharge: 1.0
