cost_values:
  wind_capex: 5000.0
  wind_opex: 100
  wind_lifetime: 20
  solar_capex: 1000.0
  solar_opex: 10
  solar_lifetime: 20
  carbon_price: 1.0
timeseries_values:
  load_level: 227323.88336307099
  wind_year: 2013
  solar_year: 2018
  price_year: 2023
  carbon_year: 2023
storage_values:
  CAES:
    cost: 68.0078
    lifetime: 24.217
    annual_cost: 2.8082669199322794
    efficiency: 0.594061
    discharge_ratio: 0.1
    depth_of_discharge: 0.4
  Li-ion:
    cost: 248.973
    lifetime: 21.6576
    annual_cost: 11.495872118794328
    efficiency: 0.917008
    discharge_ratio: 2
    depth_of_discharge: 0.9
  Pb-acid:
    cost: 218.665
    lifetime: 12.798
    annual_cost: 17.085872792623846
    efficiency: 0.724014
    discharge_ratio: 5
    depth_of_discharge: 0.5
  VRBF:
    cost: 122.657
    lifetime: 28.5824
    annual_cost: 4.291347122704881
    efficiency: 0.694435
    discharge_ratio: 0.5
    depth_of_discharge: 1.0
