cost_values:
  wind_capex: 5000.0
  wind_opex: 100
  wind_lifetime: 20
  solar_capex: 1000.0
  solar_opex: 10
  solar_lifetime: 20
  carbon_price: 1.0
timeseries_values:
  load_level: 227323.88336307099
  wind_year: 2013
  solar_year: 2018
  price_year: 2023
  carbon_year: 2023
storage_values:
  CAES:
    cost: 60.0272
    lifetime: 24.5214
    annual_cost: 2.447951585146036
    efficiency: 0.594465
    discharge_ratio: 0.1
    depth_of_discharge: 0.4
  Li-ion:
    cost: 235.891
    lifetime: 21.2983
    annual_cost: 11.075578802064014
    efficiency: 0.906928
    discharge_ratio: 2
    depth_of_discharge: 0.9
  Pb-acid:
    cost: 200.213
    lifetime: 14.5195
    annual_cost: 13.789248941079236
    efficiency: 0.706922
    discharge_ratio: 5
    depth_of_discharge: 0.5
  VRBF:
    cost: 118.643
    lifetime: 29.6938
    annual_cost: 3.9955478921525707
    efficiency: 0.675809
    discharge_ratio: 0.5
    depth_of_discharge: 1.0
