cost_values:
  wind_capex: 5000.0
  wind_opex: 100
  wind_lifetime: 20
  solar_capex: 1000.0
  solar_opex: 10
  solar_lifetime: 20
  carbon_price: 1.0
timeseries_values:
  load_level: 227323.88336307099
  wind_year: 2013
  solar_year: 2018
  price_year: 2023
  carbon_year: 2023
storage_values:
  CAES:
    cost: 64.4539
    lifetime: 24.4837
    annual_cost: 2.6325228621491035
    efficiency: 0.604548
    discharge_ratio: 0.1
    depth_of_discharge: 0.4
  Li-ion:
    cost: 253.165
    lifetime: 19.8287
    annual_cost: 12.767604532823633
    efficiency: 0.910343
    discharge_ratio: 2
    depth_of_discharge: 0.9
  Pb-acid:
    cost: 202.299
    lifetime: 13.0422
    annual_cost: 15.511110088788703
    efficiency: 0.698044
    discharge_ratio: 5
    depth_of_discharge: 0.5
  VRBF:
    cost: 104.511
    lifetime: 28.8657
    annual_cost: 3.6205946850414157
    efficiency: 0.667124
    discharge_ratio: 0.5
    depth_of_discharge: 1.0
