cost_values:
  wind_capex: 5000.0
  wind_opex: 100
  wind_lifetime: 20
  solar_capex: 1000.0
  solar_opex: 10
  solar_lifetime: 20
  carbon_price: 1.0
timeseries_values:
  load_level: 227323.88336307099
  wind_year: 2013
  solar_year: 2018
  price_year: 2023
  carbon_year: 2023
storage_values:
  CAES:
    cost: 60.501
    lifetime: 23.7108
    annual_cost: 2.5516220456500833
    efficiency: 0.617941
    discharge_ratio: 0.1
    depth_of_discharge: 0.4
  Li-ion:
    cost: 262.194
    lifetime: 22.8858
    annual_cost: 11.456623757963454
    efficiency: 0.912682
    discharge_ratio: 2
    depth_of_discharge: 0.9
  Pb-acid:
    cost: 212.119
    lifetime: 13.8325
    annual_cost: 15.334827399240918
    efficiency: 0.723156
    discharge_ratio: 5
    depth_of_discharge: 0.5
  VRBF:
    cost: 122.29
    lifetime: 27.9529
    annual_cost: 4.374859138050077
    efficiency: 0.682395
    discharge_ratio: 0.5
    depth_of_discharge: 1.0
