cost_values:
  wind_capex: 5000.0
  wind_opex: 100
  wind_lifetime: 20
  solar_capex: 1000.0
  solar_opex: 10
  solar_lifetime: 20
  carbon_price: 1.0
timeseries_values:
  load_level: 227323.88336307099
  wind_year: 2013
  solar_year: 2018
  price_year: 2023
  carbon_year: 2023
storage_values:
  CAES:
    cost: 67.9718
    lifetime: 24.3645
    annual_cost: 2.7897884216790825
    efficiency: 0.600322
    discharge_ratio: 0.1
    depth_of_discharge: 0.4
  Li-ion:
    cost: 241.076
    lifetime: 20.3867
    annual_cost: 11.82516052132027
    efficiency: 0.906935
    discharge_ratio: 2
    depth_of_discharge: 0.9
  Pb-acid:
    cost: 200.793
    lifetime: 13.6525
    annual_cost: 14.707416224134775
    efficiency: 0.736064
    discharge_ratio: 5
    depth_of_discharge: 0.5
  VRBF:
    cost: 123.172
    lifetime: 29.1225
    annual_cost: 4.229444587518242
    efficiency: 0.682094
    discharge_ratio: 0.5
    depth_of_discharge: 1.0
