cost_values:
  wind_capex: 5000.0
  wind_opex: 100
  wind_lifetime: 20
  solar_capex: 1000.0
  solar_opex: 10
  solar_lifetime: 20
  carbon_price: 1.0
timeseries_values:
  load_level: 227323.88336307099
  wind_year: 2013
  solar_year: 2018
  price_year: 2023
  carbon_year: 2023
storage_values:
  CAES:
    cost: 56.1125
    lifetime: 24.131
    annual_cost: 2.3253284157308025
    efficiency: 0.602276
    discharge_ratio: 0.1
    depth_of_discharge: 0.4
  Li-ion:
    cost: 253.664
    lifetime: 20.8211
    annual_cost: 12.183025872792502
    efficiency: 0.925451
    discharge_ratio: 2
    depth_of_discharge: 0.9
  Pb-acid:
    cost: 223.32
    lifetime: 14.3893
    annual_cost: 15.519865455581577
    efficiency: 0.714877
    discharge_ratio: 5
    depth_of_discharge: 0.5
  VRBF:
    cost: 137.35
    lifetime: 28.4293
    annual_cost: 4.83128321836978
    efficiency: 0.683681
    discharge_ratio: 0.5
    depth_of_discharge: 1.0
