cost_values:
  wind_capex: 5000.0
  wind_opex: 100
  wind_lifetime: 20
  solar_capex: 1000.0
  solar_opex: 10
  solar_lifetime: 20
  carbon_price: 1.0
timeseries_values:
  load_level: 227323.88336307099
  wind_year: 2013
  solar_year: 2018
  price_year: 2023
  carbon_year: 2023
storage_values:
  CAES:
    cost: 59.8295
    lifetime: 24.4903
    annual_cost: 2.4429876318379113
    efficiency: 0.598302
    discharge_ratio: 0.1
    depth_of_discharge: 0.4
  Li-ion:
    cost: 245.713
    lifetime: 22.1191
    annual_cost: 11.108634618949234
    efficiency: 0.908144
    discharge_ratio: 2
    depth_of_discharge: 0.9
  Pb-acid:
    cost: 196.034
    lifetime: 13.9181
    annual_cost: 14.084824796488025
    efficiency: 0.727519
    discharge_ratio: 5
    depth_of_discharge: 0.5
  VRBF:
    cost: 124.731
    lifetime: 29.5155
    annual_cost: 4.2259490776032935
    efficiency: 0.681833
    discharge_ratio: 0.5
    depth_of_discharge: 1.0
