cost_values:
  wind_capex: 5000.0
  wind_opex: 100
  wind_lifetime: 20
  solar_capex: 1000.0
  solar_opex: 10
  solar_lifetime: 20
  carbon_price: 1.0
timeseries_values:
  load_level: 227323.88336307099
  wind_year: 2013
  solar_year: 2018
  price_year: 2023
  carbon_year: 2023
storage_values:
  CAES:
    cost: 58.1495
    lifetime: 25.0731
    annual_cost: 2.319198663109069
    efficiency: 0.609398
    discharge_ratio: 0.1
    depth_of_discharge: 0.4
  Li-ion:
    cost: 248.104
    lifetime: 19.9681
    annual_cost: 12.425017903556173
    efficiency: 0.898254
    discharge_ratio: 2
    depth_of_discharge: 0.9
  Pb-acid:
    cost: 192.354
    lifetime: 12.9276
    annual_cost: 14.87932794950339
    efficiency: 0.719118
    discharge_ratio: 5
    depth_of_discharge: 0.5
  VRBF:
    cost: 123.303
    lifetime: 29.7618
    annual_cost: 4.142995383343749
    efficiency: 0.695025
    discharge_ratio: 0.5
    depth_of_discharge: 1.0
