cost_values:
  wind_capex: 5000.0
  wind_opex: 100
  wind_lifetime: 20
  solar_capex: 1000.0
  solar_opex: 10
  solar_lifetime: 20
  carbon_price: 1.0
timeseries_values:
  load_level: 227323.88336307099
  wind_year: 2013
  solar_year: 2018
  price_year: 2023
  carbon_year: 2023
storage_values:
  CAES:
    cost: 69.5632
    lifetime: 25.0217
    annual_cost: 2.7801148603012584
    efficiency: 0.603778
    discharge_ratio: 0.1
    depth_of_discharge: 0.4
  Li-ion:
    cost: 263.627
    lifetime: 20.8902
    annual_cost: 12.619649404984155
    efficiency: 0.913584
    discharge_ratio: 2
    depth_of_discharge: 0.9
  Pb-acid:
    cost: 204.563
    lifetime: 14.129
    annual_cost: 14.47823625168094
    efficiency: 0.725137
    discharge_ratio: 5
    depth_of_discharge: 0.5
  VRBF:
    cost: 119.596
    lifetime: 29.137
    annual_cost: 4.104609259704156
    efficiency: 0.678151
    discharge_ratio: 0.5
    depth_of_discharge: 1.0
