cost_values:
  wind_capex: 5000.0
  wind_opex: 100
  wind_lifetime: 20
  solar_capex: 1000.0
  solar_opex: 10
  solar_lifetime: 20
  carbon_price: 1.0
timeseries_values:
  load_level: 227323.88336307099
  wind_year: 2013
  solar_year: 2018
  price_year: 2023
  carbon_year: 2023
storage_values:
  CAES:
    cost: 65.9777
    lifetime: 23.5072
    annual_cost: 2.806701776476994
    efficiency: 0.608064
    discharge_ratio: 0.1
    depth_of_discharge: 0.4
  Li-ion:
    cost: 246.635
    lifetime: 21.1373
    annual_cost: 11.668235772780818
    efficiency: 0.893734
    discharge_ratio: 2
    depth_of_discharge: 0.9
  Pb-acid:
    cost: 218.172
    lifetime: 13.8882
    annual_cost: 15.709163174493455
    efficiency: 0.732144
    discharge_ratio: 5
    depth_of_discharge: 0.5
  VRBF:
    cost: 104.613
    lifetime: 29.4782
    annual_cost: 3.5488259120299066
    efficiency: 0.674122
    discharge_ratio: 0.5
    depth_of_discharge: 1.0
