cost_values:
  wind_capex: 5000.0
  wind_opex: 100
  wind_lifetime: 20
  solar_capex: 1000.0
  solar_opex: 10
  solar_lifetime: 20
  carbon_price: 1.0
timeseries_values:
  load_level: 227323.88336307099
  wind_year: 2013
  solar_year: 2018
  price_year: 2023
  carbon_year: 2023
storage_values:
  CAES:
    cost: 57.0718
    lifetime: 24.2399
    annual_cost: 2.3544569078255275
    efficiency: 0.600011
    discharge_ratio: 0.1
    depth_of_discharge: 0.4
  Li-ion:
    cost: 254.344
    lifetime: 18.502
    annual_cost: 13.746838179656255
    efficiency: 0.910851
    discharge_ratio: 2
    depth_of_discharge: 0.9
  Pb-acid:
    cost: 210.675
    lifetime: 14.1029
    annual_cost: 14.93841692134242
    efficiency: 0.715692
    discharge_ratio: 5
    depth_of_discharge: 0.5
  VRBF:
    cost: 111.53
    lifetime: 29.2187
    annual_cost: 3.8170760506114236
    efficiency: 0.681472
    discharge_ratio: 0.5
    depth_of_discharge: 1.0
