cost_values:
  wind_capex: 5000.0
  wind_opex: 100
  wind_lifetime: 20
  solar_capex: 1000.0
  solar_opex: 10
  solar_lifetime: 20
  carbon_price: 1.0
timeseries_values:
  load_level: 227323.88336307099
  wind_year: 2013
  solar_year: 2018
  price_year: 2023
  carbon_year: 2023
storage_values:
  CAES:
    cost: 58.2894
    lifetime: 24.3257
    annual_cost: 2.3962064812112294
    efficiency: 0.592047
    discharge_ratio: 0.1
    depth_of_discharge: 0.4
  Li-ion:
    cost: 258.052
    lifetime: 20.0484
    annual_cost: 12.871451088366154
    efficiency: 0.913569
    discharge_ratio: 2
    depth_of_discharge: 0.9
  Pb-acid:
    cost: 212.37
    lifetime: 13.2981
    annual_cost: 15.969950594445823
    efficiency: 0.711965
    discharge_ratio: 5
    depth_of_discharge: 0.5
  VRBF:
    cost: 142.766
    lifetime: 29.5685
    annual_cost: 4.828313915146186
    efficiency: 0.690541
    discharge_ratio: 0.5
    depth_of_discharge: 1.0
