cost_values:
  wind_capex: 5000.0
  wind_opex: 100
  wind_lifetime: 20
  solar_capex: 1000.0
  solar_opex: 10
  solar_lifetime: 20
  carbon_price: 1.0
timeseries_values:
  load_level: 227323.88336307099
  wind_year: 2013
  solar_year: 2018
  price_year: 2023
  carbon_year: 2023
storage_values:
  CAES:
    cost: 47.357
    lifetime: 25.3629
    annual_cost: 1.8671760721368613
    efficiency: 0.591572
    discharge_ratio: 0.1
    depth_of_discharge: 0.4
  Li-ion:
    cost: 255.299
    lifetime: 21.3878
    annual_cost: 11.936664827612004
    efficiency: 0.916909
    discharge_ratio: 2
    depth_of_discharge: 0.9
  Pb-acid:
    cost: 202.09
    lifetime: 13.4036
    annual_cost: 15.077292667641528
    efficiency: 0.738475
    discharge_ratio: 5
    depth_of_discharge: 0.5
  VRBF:
    cost: 138.684
    lifetime: 28.9815
    annual_cost: 4.785259562134465
    efficiency: 0.6764
    discharge_ratio: 0.5
    depth_of_discharge: 1.0
