cost_values:
  wind_capex: 5000.0
  wind_opex: 100
  wind_lifetime: 20
  solar_capex: 1000.0
  solar_opex: 10
  solar_lifetime: 20
  carbon_price: 1.0
timeseries_values:
  load_level: 227323.88336307099
  wind_year: 2013
  solar_year: 2018
  price_year: 2023
  carbon_year: 2023
storage_values:
  CAES:
    cost: 67.5801
    lifetime: 25.3067
    annual_cost: 2.6704430052120585
    efficiency: 0.597964
    discharge_ratio: 0.1
    depth_of_discharge: 0.4
  Li-ion:
    cost: 231.776
    lifetime: 22.3481
    annual_cost: 10.371172493411073
    efficiency: 0.901516
    discharge_ratio: 2
    depth_of_discharge: 0.9
  Pb-acid:
    cost: 210.984
    lifetime: 12.5001
    annual_cost: 16.87858497132023
    efficiency: 0.730967
    discharge_ratio: 5
    depth_of_discharge: 0.5
  VRBF:
    cost: 133.881
    lifetime: 28.5173
    annual_cost: 4.694729164401959
    efficiency: 0.700478
    discharge_ratio: 0.5
    depth_of_discharge: 1.0
