cost_values:
  wind_capex: 5000.0
  wind_opex: 100
  wind_lifetime: 20
  solar_capex: 1000.0
  solar_opex: 10
  solar_lifetime: 20
  carbon_price: 1.0
timeseries_values:
  load_level: 227323.88336307099
  wind_year: 2013
  solar_year: 2018
  price_year: 2023
  carbon_year: 2023
storage_values:
  CAES:
    cost: 62.2709
    lifetime: 23.7576
    annual_cost: 2.6210938815368556
    efficiency: 0.596395
    discharge_ratio: 0.1
    depth_of_discharge: 0.4
  Li-ion:
    cost: 246.399
    lifetime: 20.701
    annual_cost: 11.902758320854065
    efficiency: 0.905886
    discharge_ratio: 2
    depth_of_discharge: 0.9
  Pb-acid:
    cost: 210.987
    lifetime: 12.423
    annual_cost: 16.983578845689447
    efficiency: 0.721207
    discharge_ratio: 5
    depth_of_discharge: 0.5
  VRBF:
    cost: 122.982
    lifetime: 29.8741
    annual_cost: 4.1166763182823916
    efficiency: 0.677709
    discharge_ratio: 0.5
    depth_of_discharge: 1.0
