cost_values:
  wind_capex: 5000.0
  wind_opex: 100
  wind_lifetime: 20
  solar_capex: 1000.0
  solar_opex: 10
  solar_lifetime: 20
  carbon_price: 1.0
timeseries_values:
  load_level: 227323.88336307099
  wind_year: 2013
  solar_year: 2018
  price_year: 2023
  carbon_year: 2023
storage_values:
  CAES:
    cost: 59.8243
    lifetime: 23.6688
    annual_cost: 2.527559487595484
    efficiency: 0.605089
    discharge_ratio: 0.1
    depth_of_discharge: 0.4
  Li-ion:
    cost: 256.058
    lifetime: 22.5597
    annual_cost: 11.350239586519324
    efficiency: 0.888085
    discharge_ratio: 2
    depth_of_discharge: 0.9
  Pb-acid:
    cost: 189.367
    lifetime: 13.6959
    annual_cost: 13.826546630743506
    efficiency: 0.714319
    discharge_ratio: 5
    depth_of_discharge: 0.5
  VRBF:
    cost: 115.109
    lifetime: 29.4587
    annual_cost: 3.9074704586420985
    efficiency: 0.678716
    discharge_ratio: 0.5
    depth_of_discharge: 1.0
