cost_values:
  wind_capex: 5000.0
  wind_opex: 100
  wind_lifetime: 20
  solar_capex: 1000.0
  solar_opex: 10
  solar_lifetime: 20
  carbon_price: 1.0
timeseries_values:
  load_level: 227323.88336307099
  wind_year: 2013
  solar_year: 2018
  price_year: 2023
  carbon_year: 2023
storage_values:
  CAES:
    cost: 51.4005
    lifetime: 25.0393
    annual_cost: 2.05279300938924
    efficiency: 0.59519
    discharge_ratio: 0.1
    depth_of_discharge: 0.4
  Li-ion:
    cost: 244.408
    lifetime: 19.5507
    annual_cost: 12.501240364795123
    efficiency: 0.910991
    discharge_ratio: 2
    depth_of_discharge: 0.9
  Pb-acid:
    cost: 183.675
    lifetime: 13.2062
    annual_cost: 13.908240069058472
    efficiency: 0.738502
    discharge_ratio: 5
    depth_of_discharge: 0.5
  VRBF:
    cost: 104.406
    lifetime: 29.9296
    annual_cost: 3.4883860793328343
    efficiency: 0.694304
    discharge_ratio: 0.5
    depth_of_discharge: 1.0
