cost_values:
  wind_capex: 5000.0
  wind_opex: 100
  wind_lifetime: 20
  solar_capex: 1000.0
  solar_opex: 10
  solar_lifetime: 20
  carbon_price: 1.0
timeseries_values:
  load_level: 227323.88336307099
  wind_year: 2013
  solar_year: 2018
  price_year: 2023
  carbon_year: 2023
storage_values:
  CAES:
    cost: 64.7966
    lifetime: 25.3948
    annual_cost: 2.551569612676611
    efficiency: 0.605119
    discharge_ratio: 0.1
    depth_of_discharge: 0.4
  Li-ion:
    cost: 261.714
    lifetime: 20.6509
    annual_cost: 12.67324910778707
    efficiency: 0.911333
    discharge_ratio: 2
    depth_of_discharge: 0.9
  Pb-acid:
    cost: 188.704
    lifetime: 13.9876
    annual_cost: 13.49080614258343
    efficiency: 0.722493
    discharge_ratio: 5
    depth_of_discharge: 0.5
  VRBF:
    cost: 100.254
    lifetime: 28.9769
    annual_cost: 3.459790384754753
    efficiency: 0.692745
    discharge_ratio: 0.5
    depth_of_discharge: 1.0
