cost_values:
  wind_capex: 5000.0
  wind_opex: 100
  wind_lifetime: 20
  solar_capex: 1000.0
  solar_opex: 10
  solar_lifetime: 20
  carbon_price: 1.0
timeseries_values:
  load_level: 227323.88336307099
  wind_year: 2013
  solar_year: 2018
  price_year: 2023
  carbon_year: 2023
storage_values:
  CAES:
    cost: 58.2426
    lifetime: 23.8519
    annual_cost: 2.441843207459364
    efficiency: 0.596735
    discharge_ratio: 0.1
    depth_of_discharge: 0.4
  Li-ion:
    cost: 233.795
    lifetime: 19.4054
    annual_cost: 12.047935110845435
    efficiency: 0.908148
    discharge_ratio: 2
    depth_of_discharge: 0.9
  Pb-acid:
    cost: 209.257
    lifetime: 14.5191
    annual_cost: 14.412532457245973
    efficiency: 0.717658
    discharge_ratio: 5
    depth_of_discharge: 0.5
  VRBF:
    cost: 118.235
    lifetime: 29.2783
    annual_cost: 4.03831506610698
    efficiency: 0.656391
    discharge_ratio: 0.5
    depth_of_discharge: 1.0
