cost_values:
  wind_capex: 5000.0
  wind_opex: 100
  wind_lifetime: 20
  solar_capex: 1000.0
  solar_opex: 10
  solar_lifetime: 20
  carbon_price: 1.0
timeseries_values:
  load_level: 227323.88336307099
  wind_year: 2013
  solar_year: 2018
  price_year: 2023
  carbon_year: 2023
storage_values:
  CAES:
    cost: 49.381
    lifetime: 24.8203
    annual_cost: 1.9895408194099184
    efficiency: 0.603887
    discharge_ratio: 0.1
    depth_of_discharge: 0.4
  Li-ion:
    cost: 252.76
    lifetime: 22.3182
    annual_cost: 11.325286089379967
    efficiency: 0.903219
    discharge_ratio: 2
    depth_of_discharge: 0.9
  Pb-acid:
    cost: 200.155
    lifetime: 13.2693
    annual_cost: 15.08406622806026
    efficiency: 0.738778
    discharge_ratio: 5
    depth_of_discharge: 0.5
  VRBF:
    cost: 125.194
    lifetime: 29.2437
    annual_cost: 4.281058826345504
    efficiency: 0.661207
    discharge_ratio: 0.5
    depth_of_discharge: 1.0
