cost_values:
  wind_capex: 5000.0
  wind_opex: 100
  wind_lifetime: 20
  solar_capex: 1000.0
  solar_opex: 10
  solar_lifetime: 20
  carbon_price: 1.0
timeseries_values:
  load_level: 227323.88336307099
  wind_year: 2013
  solar_year: 2018
  price_year: 2023
  carbon_year: 2023
storage_values:
  CAES:
    cost: 62.2339
    lifetime: 23.481
    annual_cost: 2.650393935522337
    efficiency: 0.593643
    discharge_ratio: 0.1
    depth_of_discharge: 0.4
  Li-ion:
    cost: 239.613
    lifetime: 22.3442
    annual_cost: 10.72372248726739
    efficiency: 0.917414
    discharge_ratio: 2
    depth_of_discharge: 0.9
  Pb-acid:
    cost: 208.304
    lifetime: 13.3821
    annual_cost: 15.565867838381122
    efficiency: 0.728941
    discharge_ratio: 5
    depth_of_discharge: 0.5
  VRBF:
    cost: 143.98
    lifetime: 28.7609
    annual_cost: 5.006102034359147
    efficiency: 0.676302
    discharge_ratio: 0.5
    depth_of_discharge: 1.0
