cost_values:
  wind_capex: 5000.0
  wind_opex: 100
  wind_lifetime: 20
  solar_capex: 1000.0
  solar_opex: 10
  solar_lifetime: 20
  carbon_price: 1.0
timeseries_values:
  load_level: 227323.88336307099
  wind_year: 2013
  solar_year: 2018
  price_year: 2023
  carbon_year: 2023
storage_values:
  CAES:
    cost: 57.6738
    lifetime: 24.333
    annual_cost: 2.3701886327209962
    efficiency: 0.604093
    discharge_ratio: 0.1
    depth_of_discharge: 0.4
  Li-ion:
    cost: 252.658
    lifetime: 19.3248
    annual_cost: 13.074287961583043
    efficiency: 0.902131
    discharge_ratio: 2
    depth_of_discharge: 0.9
  Pb-acid:
    cost: 238.375
    lifetime: 14.9124
    annual_cost: 15.9850191786701
    efficiency: 0.707633
    discharge_ratio: 5
    depth_of_discharge: 0.5
  VRBF:
    cost: 141.92
    lifetime: 29.1618
    annual_cost: 4.866640605175263
    efficiency: 0.679672
    discharge_ratio: 0.5
    depth_of_discharge: 1.0
