cost_values:
  wind_capex: 5000.0
  wind_opex: 100
  wind_lifetime: 20
  solar_capex: 1000.0
  solar_opex: 10
  solar_lifetime: 20
  carbon_price: 1.0
timeseries_values:
  load_level: 227323.88336307099
  wind_year: 2013
  solar_year: 2018
  price_year: 2023
  carbon_year: 2023
storage_values:
  CAES:
    cost: 53.4309
    lifetime: 24.4595
    annual_cost: 2.184464114147877
    efficiency: 0.592349
    discharge_ratio: 0.1
    depth_of_discharge: 0.4
  Li-ion:
    cost: 250.424
    lifetime: 19.6957
    annual_cost: 12.714653452276387
    efficiency: 0.919963
    discharge_ratio: 2
    depth_of_discharge: 0.9
  Pb-acid:
    cost: 205.395
    lifetime: 14.036
    annual_cost: 14.633442576232547
    efficiency: 0.714219
    discharge_ratio: 5
    depth_of_discharge: 0.5
  VRBF:
    cost: 109.617
    lifetime: 28.0787
    annual_cost: 3.90392005327882
    efficiency: 0.680938
    discharge_ratio: 0.5
    depth_of_discharge: 1.0
