cost_values:
  wind_capex: 5000.0
  wind_opex: 100
  wind_lifetime: 20
  solar_capex: 1000.0
  solar_opex: 10
  solar_lifetime: 20
  carbon_price: 1.0
timeseries_values:
  load_level: 227323.88336307099
  wind_year: 2013
  solar_year: 2018
  price_year: 2023
  carbon_year: 2023
storage_values:
  CAES:
    cost: 64.1756
    lifetime: 23.887
    annual_cost: 2.6866328965546113
    efficiency: 0.595536
    discharge_ratio: 0.1
    depth_of_discharge: 0.4
  Li-ion:
    cost: 251.626
    lifetime: 22.2592
    annual_cost: 11.30435954571593
    efficiency: 0.895838
    discharge_ratio: 2
    depth_of_discharge: 0.9
  Pb-acid:
    cost: 217.962
    lifetime: 12.701
    annual_cost: 17.161010944020155
    efficiency: 0.730673
    discharge_ratio: 5
    depth_of_discharge: 0.5
  VRBF:
    cost: 111.12
    lifetime: 29.445
    annual_cost: 3.773815588385125
    efficiency: 0.683157
    discharge_ratio: 0.5
    depth_of_discharge: 1.0
