cost_values:
  wind_capex: 5000.0
  wind_opex: 100
  wind_lifetime: 20
  solar_capex: 1000.0
  solar_opex: 10
  solar_lifetime: 20
  carbon_price: 1.0
timeseries_values:
  load_level: 227323.88336307099
  wind_year: 2013
  solar_year: 2018
  price_year: 2023
  carbon_year: 2023
storage_values:
  CAES:
    cost: 57.9224
    lifetime: 24.4761
    annual_cost: 2.3664881251506573
    efficiency: 0.591803
    discharge_ratio: 0.1
    depth_of_discharge: 0.4
  Li-ion:
    cost: 252.685
    lifetime: 21.097
    annual_cost: 11.97729535004977
    efficiency: 0.909563
    discharge_ratio: 2
    depth_of_discharge: 0.9
  Pb-acid:
    cost: 210.069
    lifetime: 11.2093
    annual_cost: 18.74059932377579
    efficiency: 0.726848
    discharge_ratio: 5
    depth_of_discharge: 0.5
  VRBF:
    cost: 128.511
    lifetime: 29.5587
    annual_cost: 4.34765399019578
    efficiency: 0.657938
    discharge_ratio: 0.5
    depth_of_discharge: 1.0
