cost_values:
  wind_capex: 5000.0
  wind_opex: 100
  wind_lifetime: 20
  solar_capex: 1000.0
  solar_opex: 10
  solar_lifetime: 20
  carbon_price: 1.0
timeseries_values:
  load_level: 227323.88336307099
  wind_year: 2013
  solar_year: 2018
  price_year: 2023
  carbon_year: 2023
storage_values:
  CAES:
    cost: 58.0646
    lifetime: 24.0429
    annual_cost: 2.4150414467472725
    efficiency: 0.600336
    discharge_ratio: 0.1
    depth_of_discharge: 0.4
  Li-ion:
    cost: 247.812
    lifetime: 19.8484
    annual_cost: 12.485238104834647
    efficiency: 0.920376
    discharge_ratio: 2
    depth_of_discharge: 0.9
  Pb-acid:
    cost: 225.621
    lifetime: 13.3518
    annual_cost: 16.89817103311913
    efficiency: 0.71323
    discharge_ratio: 5
    depth_of_discharge: 0.5
  VRBF:
    cost: 137.074
    lifetime: 29.8595
    annual_cost: 4.5906327969323
    efficiency: 0.683702
    discharge_ratio: 0.5
    depth_of_discharge: 1.0
