cost_values:
  wind_capex: 5000.0
  wind_opex: 100
  wind_lifetime: 20
  solar_capex: 1000.0
  solar_opex: 10
  solar_lifetime: 20
  carbon_price: 1.0
timeseries_values:
  load_level: 227323.88336307099
  wind_year: 2013
  solar_year: 2018
  price_year: 2023
  carbon_year: 2023
storage_values:
  CAES:
    cost: 60.4829
    lifetime: 24.4961
    annual_cost: 2.469082833593919
    efficiency: 0.605546
    discharge_ratio: 0.1
    depth_of_discharge: 0.4
  Li-ion:
    cost: 252.615
    lifetime: 22.2018
    annual_cost: 11.37813150285112
    efficiency: 0.906928
    discharge_ratio: 2
    depth_of_discharge: 0.9
  Pb-acid:
    cost: 210.756
    lifetime: 14.1434
    annual_cost: 14.90136742226056
    efficiency: 0.72902
    discharge_ratio: 5
    depth_of_discharge: 0.5
  VRBF:
    cost: 147.699
    lifetime: 29.3281
    annual_cost: 5.036091666354111
    efficiency: 0.696879
    discharge_ratio: 0.5
    depth_of_discharge: 1.0
