cost_values:
  wind_capex: 5000.0
  wind_opex: 100
  wind_lifetime: 20
  solar_capex: 1000.0
  solar_opex: 10
  solar_lifetime: 20
  carbon_price: 1.0
timeseries_values:
  load_level: 227323.88336307099
  wind_year: 2013
  solar_year: 2018
  price_year: 2023
  carbon_year: 2023
storage_values:
  CAES:
    cost: 64.4994
    lifetime: 24.0404
    annual_cost: 2.6829586862115433
    efficiency: 0.588221
    discharge_ratio: 0.1
    depth_of_discharge: 0.4
  Li-ion:
    cost: 253.647
    lifetime: 21.2538
    annual_cost: 11.934195296841036
    efficiency: 0.90946
    discharge_ratio: 2
    depth_of_discharge: 0.9
  Pb-acid:
    cost: 197.312
    lifetime: 12.8502
    annual_cost: 15.354780470342876
    efficiency: 0.732794
    discharge_ratio: 5
    depth_of_discharge: 0.5
  VRBF:
    cost: 149.492
    lifetime: 29.7601
    annual_cost: 5.023235809019458
    efficiency: 0.675414
    discharge_ratio: 0.5
    depth_of_discharge: 1.0
