cost_values:
  wind_capex: 5000.0
  wind_opex: 100
  wind_lifetime: 20
  solar_capex: 1000.0
  solar_opex: 10
  solar_lifetime: 20
  carbon_price: 1.0
timeseries_values:
  load_level: 227323.88336307099
  wind_year: 2013
  solar_year: 2018
  price_year: 2023
  carbon_year: 2023
storage_values:
  CAES:
    cost: 66.466
    lifetime: 25.6471
    annual_cost: 2.591560059421923
    efficiency: 0.592715
    discharge_ratio: 0.1
    depth_of_discharge: 0.4
  Li-ion:
    cost: 257.065
    lifetime: 20.5464
    annual_cost: 12.511437526768681
    efficiency: 0.915035
    discharge_ratio: 2
    depth_of_discharge: 0.9
  Pb-acid:
    cost: 201.705
    lifetime: 13.1893
    annual_cost: 15.293078480283262
    efficiency: 0.733658
    discharge_ratio: 5
    depth_of_discharge: 0.5
  VRBF:
    cost: 175.912
    lifetime: 29.3972
    annual_cost: 5.9839712625692245
    efficiency: 0.696149
    discharge_ratio: 0.5
    depth_of_discharge: 1.0
