cost_values:
  wind_capex: 5000.0
  wind_opex: 100
  wind_lifetime: 20
  solar_capex: 1000.0
  solar_opex: 10
  solar_lifetime: 20
  carbon_price: 1.0
timeseries_values:
  load_level: 227323.88336307099
  wind_year: 2013
  solar_year: 2018
  price_year: 2023
  carbon_year: 2023
storage_values:
  CAES:
    cost: 58.1218
    lifetime: 24.601
    annual_cost: 2.362578756961099
    efficiency: 0.602607
    discharge_ratio: 0.1
    depth_of_discharge: 0.4
  Li-ion:
    cost: 255.189
    lifetime: 20.081
    annual_cost: 12.707982670185748
    efficiency: 0.907305
    discharge_ratio: 2
    depth_of_discharge: 0.9
  Pb-acid:
    cost: 224.053
    lifetime: 12.9919
    annual_cost: 17.2455914839246
    efficiency: 0.730363
    discharge_ratio: 5
    depth_of_discharge: 0.5
  VRBF:
    cost: 134.318
    lifetime: 28.7039
    annual_cost: 4.679433805162365
    efficiency: 0.671169
    discharge_ratio: 0.5
    depth_of_discharge: 1.0
