cost_values:
  wind_capex: 5000.0
  wind_opex: 100
  wind_lifetime: 20
  solar_capex: 1000.0
  solar_opex: 10
  solar_lifetime: 20
  carbon_price: 1.0
timeseries_values:
  load_level: 227323.88336307099
  wind_year: 2013
  solar_year: 2018
  price_year: 2023
  carbon_year: 2023
storage_values:
  CAES:
    cost: 59.1913
    lifetime: 23.3845
    annual_cost: 2.5312193974641324
    efficiency: 0.600805
    discharge_ratio: 0.1
    depth_of_discharge: 0.4
  Li-ion:
    cost: 241.792
    lifetime: 20.3169
    annual_cost: 11.90102820804355
    efficiency: 0.907935
    discharge_ratio: 2
    depth_of_discharge: 0.9
  Pb-acid:
    cost: 205.542
    lifetime: 11.3787
    annual_cost: 18.063750692082575
    efficiency: 0.727091
    discharge_ratio: 5
    depth_of_discharge: 0.5
  VRBF:
    cost: 111.721
    lifetime: 28.3082
    annual_cost: 3.9465949795465627
    efficiency: 0.673523
    discharge_ratio: 0.5
    depth_of_discharge: 1.0
