cost_values:
  wind_capex: 5000.0
  wind_opex: 100
  wind_lifetime: 20
  solar_capex: 1000.0
  solar_opex: 10
  solar_lifetime: 20
  carbon_price: 1.0
timeseries_values:
  load_level: 227323.88336307099
  wind_year: 2013
  solar_year: 2018
  price_year: 2023
  carbon_year: 2023
storage_values:
  CAES:
    cost: 55.6495
    lifetime: 24.5564
    annual_cost: 2.2661912983987884
    efficiency: 0.600017
    discharge_ratio: 0.1
    depth_of_discharge: 0.4
  Li-ion:
    cost: 262.221
    lifetime: 21.3379
    annual_cost: 12.288978765483014
    efficiency: 0.898287
    discharge_ratio: 2
    depth_of_discharge: 0.9
  Pb-acid:
    cost: 197.289
    lifetime: 14.6965
    annual_cost: 13.42421665022284
    efficiency: 0.735767
    discharge_ratio: 5
    depth_of_discharge: 0.5
  VRBF:
    cost: 146.579
    lifetime: 29.6742
    annual_cost: 4.939610840393339
    efficiency: 0.679399
    discharge_ratio: 0.5
    depth_of_discharge: 1.0
