cost_values:
  wind_capex: 5000.0
  wind_opex: 100
  wind_lifetime: 20
  solar_capex: 1000.0
  solar_opex: 10
  solar_lifetime: 20
  carbon_price: 1.0
timeseries_values:
  load_level: 227323.88336307099
  wind_year: 2013
  solar_year: 2018
  price_year: 2023
  carbon_year: 2023
storage_values:
  CAES:
    cost: 55.0034
    lifetime: 24.9486
    annual_cost: 2.2046687990508484
    efficiency: 0.599973
    discharge_ratio: 0.1
    depth_of_discharge: 0.4
  Li-ion:
    cost: 258.771
    lifetime: 21.9886
    annual_cost: 11.768416361205352
    efficiency: 0.904136
    discharge_ratio: 2
    depth_of_discharge: 0.9
  Pb-acid:
    cost: 207.88
    lifetime: 13.3554
    annual_cost: 15.5652395285802
    efficiency: 0.718769
    discharge_ratio: 5
    depth_of_discharge: 0.5
  VRBF:
    cost: 100.565
    lifetime: 28.304
    annual_cost: 3.5530313736574337
    efficiency: 0.677687
    discharge_ratio: 0.5
    depth_of_discharge: 1.0
