cost_values:
  wind_capex: 5000.0
  wind_opex: 100
  wind_lifetime: 20
  solar_capex: 1000.0
  solar_opex: 10
  solar_lifetime: 20
  carbon_price: 1.0
timeseries_values:
  load_level: 227323.88336307099
  wind_year: 2013
  solar_year: 2018
  price_year: 2023
  carbon_year: 2023
storage_values:
  CAES:
    cost: 56.642
    lifetime: 24.4133
    annual_cost: 2.320128782262128
    efficiency: 0.596108
    discharge_ratio: 0.1
    depth_of_discharge: 0.4
  Li-ion:
    cost: 251.483
    lifetime: 22.9587
    annual_cost: 10.953712535988537
    efficiency: 0.901495
    discharge_ratio: 2
    depth_of_discharge: 0.9
  Pb-acid:
    cost: 218.582
    lifetime: 15.5692
    annual_cost: 14.039385453330935
    efficiency: 0.743266
    discharge_ratio: 5
    depth_of_discharge: 0.5
  VRBF:
    cost: 121.071
    lifetime: 28.8348
    annual_cost: 4.198780640059927
    efficiency: 0.687614
    discharge_ratio: 0.5
    depth_of_discharge: 1.0
