cost_values:
  wind_capex: 5000.0
  wind_opex: 100
  wind_lifetime: 20
  solar_capex: 1000.0
  solar_opex: 10
  solar_lifetime: 20
  carbon_price: 1.0
timeseries_values:
  load_level: 227323.88336307099
  wind_year: 2013
  solar_year: 2018
  price_year: 2023
  carbon_year: 2023
storage_values:
  CAES:
    cost: 62.5946
    lifetime: 24.1021
    annual_cost: 2.5970600072192878
    efficiency: 0.601075
    discharge_ratio: 0.1
    depth_of_discharge: 0.4
  Li-ion:
    cost: 258.511
    lifetime: 20.1449
    annual_cost: 12.832577972588597
    efficiency: 0.896651
    discharge_ratio: 2
    depth_of_discharge: 0.9
  Pb-acid:
    cost: 189.827
    lifetime: 12.6868
    annual_cost: 14.96255951067251
    efficiency: 0.722663
    discharge_ratio: 5
    depth_of_discharge: 0.5
  VRBF:
    cost: 122.445
    lifetime: 29.5745
    annual_cost: 4.1402221508394055
    efficiency: 0.670181
    discharge_ratio: 0.5
    depth_of_discharge: 1.0
