cost_values:
  wind_capex: 5000.0
  wind_opex: 100
  wind_lifetime: 20
  solar_capex: 1000.0
  solar_opex: 10
  solar_lifetime: 20
  carbon_price: 1.0
timeseries_values:
  load_level: 227323.88336307099
  wind_year: 2013
  solar_year: 2018
  price_year: 2023
  carbon_year: 2023
storage_values:
  CAES:
    cost: 57.7226
    lifetime: 24.647
    annual_cost: 2.3419726538726824
    efficiency: 0.599518
    discharge_ratio: 0.1
    depth_of_discharge: 0.4
  Li-ion:
    cost: 230.49
    lifetime: 20.3513
    annual_cost: 11.325566425732019
    efficiency: 0.919552
    discharge_ratio: 2
    depth_of_discharge: 0.9
  Pb-acid:
    cost: 217.443
    lifetime: 13.8645
    annual_cost: 15.683436113815862
    efficiency: 0.726574
    discharge_ratio: 5
    depth_of_discharge: 0.5
  VRBF:
    cost: 117.799
    lifetime: 29.7656
    annual_cost: 3.9575550299674798
    efficiency: 0.67755
    discharge_ratio: 0.5
    depth_of_discharge: 1.0
