cost_values:
  wind_capex: 5000.0
  wind_opex: 100
  wind_lifetime: 20
  solar_capex: 1000.0
  solar_opex: 10
  solar_lifetime: 20
  carbon_price: 1.0
timeseries_values:
  load_level: 227323.88336307099
  wind_year: 2013
  solar_year: 2018
  price_year: 2023
  carbon_year: 2023
storage_values:
  CAES:
    cost: 70.6918
    lifetime: 25.8623
    annual_cost: 2.7333918483661543
    efficiency: 0.591104
    discharge_ratio: 0.1
    depth_of_discharge: 0.4
  Li-ion:
    cost: 258.586
    lifetime: 22.0603
    annual_cost: 11.721780755474766
    efficiency: 0.897017
    discharge_ratio: 2
    depth_of_discharge: 0.9
  Pb-acid:
    cost: 197.526
    lifetime: 13.9012
    annual_cost: 14.209276896958537
    efficiency: 0.716479
    discharge_ratio: 5
    depth_of_discharge: 0.5
  VRBF:
    cost: 104.758
    lifetime: 29.3308
    annual_cost: 3.5716039112468803
    efficiency: 0.676149
    discharge_ratio: 0.5
    depth_of_discharge: 1.0
