cost_values:
  wind_capex: 5000.0
  wind_opex: 100
  wind_lifetime: 20
  solar_capex: 1000.0
  solar_opex: 10
  solar_lifetime: 20
  carbon_price: 1.0
timeseries_values:
  load_level: 227323.88336307099
  wind_year: 2013
  solar_year: 2018
  price_year: 2023
  carbon_year: 2023
storage_values:
  CAES:
    cost: 62.325
    lifetime: 24.3185
    annual_cost: 2.5628636634660857
    efficiency: 0.606088
    discharge_ratio: 0.1
    depth_of_discharge: 0.4
  Li-ion:
    cost: 243.472
    lifetime: 21.2905
    annual_cost: 11.435710763016369
    efficiency: 0.90456
    discharge_ratio: 2
    depth_of_discharge: 0.9
  Pb-acid:
    cost: 198.69
    lifetime: 12.916
    annual_cost: 15.383245586868998
    efficiency: 0.727632
    discharge_ratio: 5
    depth_of_discharge: 0.5
  VRBF:
    cost: 137.649
    lifetime: 27.517
    annual_cost: 5.002325834938402
    efficiency: 0.665815
    discharge_ratio: 0.5
    depth_of_discharge: 1.0
