cost_values:
  wind_capex: 5000.0
  wind_opex: 100
  wind_lifetime: 20
  solar_capex: 1000.0
  solar_opex: 10
  solar_lifetime: 20
  carbon_price: 1.0
timeseries_values:
  load_level: 227323.88336307099
  wind_year: 2013
  solar_year: 2018
  price_year: 2023
  carbon_year: 2023
storage_values:
  CAES:
    cost: 62.1426
    lifetime: 24.0413
    annual_cost: 2.584826943634496
    efficiency: 0.593595
    discharge_ratio: 0.1
    depth_of_discharge: 0.4
  Li-ion:
    cost: 256.199
    lifetime: 22.4032
    annual_cost: 11.435821668333096
    efficiency: 0.909117
    discharge_ratio: 2
    depth_of_discharge: 0.9
  Pb-acid:
    cost: 230.555
    lifetime: 12.3263
    annual_cost: 18.704315163512167
    efficiency: 0.736904
    discharge_ratio: 5
    depth_of_discharge: 0.5
  VRBF:
    cost: 140.76
    lifetime: 29.2257
    annual_cost: 4.816308933575586
    efficiency: 0.683161
    discharge_ratio: 0.5
    depth_of_discharge: 1.0
