cost_values:
  wind_capex: 5000.0
  wind_opex: 100
  wind_lifetime: 20
  solar_capex: 1000.0
  solar_opex: 10
  solar_lifetime: 20
  carbon_price: 1.0
timeseries_values:
  load_level: 227323.88336307099
  wind_year: 2013
  solar_year: 2018
  price_year: 2023
  carbon_year: 2023
storage_values:
  CAES:
    cost: 66.0001
    lifetime: 23.8376
    annual_cost: 2.7687393026143576
    efficiency: 0.609617
    discharge_ratio: 0.1
    depth_of_discharge: 0.4
  Li-ion:
    cost: 249.886
    lifetime: 22.4563
    annual_cost: 11.127656826814746
    efficiency: 0.8977
    discharge_ratio: 2
    depth_of_discharge: 0.9
  Pb-acid:
    cost: 205.641
    lifetime: 13.6271
    annual_cost: 15.0905915418541
    efficiency: 0.719748
    discharge_ratio: 5
    depth_of_discharge: 0.5
  VRBF:
    cost: 112.171
    lifetime: 28.6131
    annual_cost: 3.9202672901573057
    efficiency: 0.702565
    discharge_ratio: 0.5
    depth_of_discharge: 1.0
