cost_values:
  wind_capex: 5000.0
  wind_opex: 100
  wind_lifetime: 20
  solar_capex: 1000.0
  solar_opex: 10
  solar_lifetime: 20
  carbon_price: 1.0
timeseries_values:
  load_level: 227323.88336307099
  wind_year: 2013
  solar_year: 2018
  price_year: 2023
  carbon_year: 2023
storage_values:
  CAES:
    cost: 63.7059
    lifetime: 24.3088
    annual_cost: 2.620692917791088
    efficiency: 0.591009
    discharge_ratio: 0.1
    depth_of_discharge: 0.4
  Li-ion:
    cost: 269.271
    lifetime: 21.6694
    annual_cost: 12.42632467904049
    efficiency: 0.92268
    discharge_ratio: 2
    depth_of_discharge: 0.9
  Pb-acid:
    cost: 225.629
    lifetime: 13.2526
    annual_cost: 17.0252629672668
    efficiency: 0.729089
    discharge_ratio: 5
    depth_of_discharge: 0.5
  VRBF:
    cost: 109.192
    lifetime: 29.1921
    annual_cost: 3.7404640296518576
    efficiency: 0.688981
    discharge_ratio: 0.5
    depth_of_discharge: 1.0
