cost_values:
  wind_capex: 5000.0
  wind_opex: 100
  wind_lifetime: 20
  solar_capex: 1000.0
  solar_opex: 10
  solar_lifetime: 20
  carbon_price: 1.0
timeseries_values:
  load_level: 227323.88336307099
  wind_year: 2013
  solar_year: 2018
  price_year: 2023
  carbon_year: 2023
storage_values:
  CAES:
    cost: 63.8804
    lifetime: 24.9549
    annual_cost: 2.559833940428533
    efficiency: 0.602873
    discharge_ratio: 0.1
    depth_of_discharge: 0.4
  Li-ion:
    cost: 250.92
    lifetime: 21.4142
    annual_cost: 11.717458508839927
    efficiency: 0.915543
    discharge_ratio: 2
    depth_of_discharge: 0.9
  Pb-acid:
    cost: 187.43
    lifetime: 11.7135
    annual_cost: 16.001195202117216
    efficiency: 0.707481
    discharge_ratio: 5
    depth_of_discharge: 0.5
  VRBF:
    cost: 130.59
    lifetime: 28.1358
    annual_cost: 4.641417695604888
    efficiency: 0.686435
    discharge_ratio: 0.5
    depth_of_discharge: 1.0
