cost_values:
  wind_capex: 5000.0
  wind_opex: 100
  wind_lifetime: 20
  solar_capex: 1000.0
  solar_opex: 10
  solar_lifetime: 20
  carbon_price: 1.0
timeseries_values:
  load_level: 227323.88336307099
  wind_year: 2013
  solar_year: 2018
  price_year: 2023
  carbon_year: 2023
storage_values:
  CAES:
    cost: 61.1232
    lifetime: 24.3572
    annual_cost: 2.509451004220518
    efficiency: 0.592401
    discharge_ratio: 0.1
    depth_of_discharge: 0.4
  Li-ion:
    cost: 240.114
    lifetime: 22.3179
    annual_cost: 10.758807952361108
    efficiency: 0.919053
    discharge_ratio: 2
    depth_of_discharge: 0.9
  Pb-acid:
    cost: 218.495
    lifetime: 13.0592
    annual_cost: 16.731116760597892
    efficiency: 0.720999
    discharge_ratio: 5
    depth_of_discharge: 0.5
  VRBF:
    cost: 124.567
    lifetime: 29.7297
    annual_cost: 4.189985099076008
    efficiency: 0.684367
    discharge_ratio: 0.5
    depth_of_discharge: 1.0
