cost_values:
  wind_capex: 5000.0
  wind_opex: 100
  wind_lifetime: 20
  solar_capex: 1000.0
  solar_opex: 10
  solar_lifetime: 20
  carbon_price: 1.0
timeseries_values:
  load_level: 227323.88336307099
  wind_year: 2013
  solar_year: 2018
  price_year: 2023
  carbon_year: 2023
storage_values:
  CAES:
    cost: 59.9343
    lifetime: 25.2632
    annual_cost: 2.3723954210076315
    efficiency: 0.606336
    discharge_ratio: 0.1
    depth_of_discharge: 0.4
  Li-ion:
    cost: 226.317
    lifetime: 21.8183
    annual_cost: 10.3728063139658
    efficiency: 0.895729
    discharge_ratio: 2
    depth_of_discharge: 0.9
  Pb-acid:
    cost: 222.305
    lifetime: 12.6966
    annual_cost: 17.509018162342674
    efficiency: 0.7185
    discharge_ratio: 5
    depth_of_discharge: 0.5
  VRBF:
    cost: 116.451
    lifetime: 29.9614
    annual_cost: 3.886700888476506
    efficiency: 0.696264
    discharge_ratio: 0.5
    depth_of_discharge: 1.0
