cost_values:
  wind_capex: 5000.0
  wind_opex: 100
  wind_lifetime: 20
  solar_capex: 1000.0
  solar_opex: 10
  solar_lifetime: 20
  carbon_price: 1.0
timeseries_values:
  load_level: 227323.88336307099
  wind_year: 2013
  solar_year: 2018
  price_year: 2023
  carbon_year: 2023
storage_values:
  CAES:
    cost: 59.4107
    lifetime: 24.8084
    annual_cost: 2.394781606230148
    efficiency: 0.602953
    discharge_ratio: 0.1
    depth_of_discharge: 0.4
  Li-ion:
    cost: 231.58
    lifetime: 23.2606
    annual_cost: 9.955891077616227
    efficiency: 0.91341
    discharge_ratio: 2
    depth_of_discharge: 0.9
  Pb-acid:
    cost: 181.467
    lifetime: 13.4323
    annual_cost: 13.509748888872346
    efficiency: 0.733644
    discharge_ratio: 5
    depth_of_discharge: 0.5
  VRBF:
    cost: 108.468
    lifetime: 29.8168
    annual_cost: 3.637814923130584
    efficiency: 0.682903
    discharge_ratio: 0.5
    depth_of_discharge: 1.0
