cost_values:
  wind_capex: 5000.0
  wind_opex: 100
  wind_lifetime: 20
  solar_capex: 1000.0
  solar_opex: 10
  solar_lifetime: 20
  carbon_price: 1.0
timeseries_values:
  load_level: 227323.88336307099
  wind_year: 2013
  solar_year: 2018
  price_year: 2023
  carbon_year: 2023
storage_values:
  CAES:
    cost: 61.9571
    lifetime: 24.5929
    annual_cost: 2.5193084182833254
    efficiency: 0.589899
    discharge_ratio: 0.1
    depth_of_discharge: 0.4
  Li-ion:
    cost: 251.335
    lifetime: 19.9404
    annual_cost: 12.60431084632204
    efficiency: 0.898643
    discharge_ratio: 2
    depth_of_discharge: 0.9
  Pb-acid:
    cost: 185.208
    lifetime: 11.9133
    annual_cost: 15.54632217773413
    efficiency: 0.717731
    discharge_ratio: 5
    depth_of_discharge: 0.5
  VRBF:
    cost: 127.392
    lifetime: 29.6985
    annual_cost: 4.2895095711904645
    efficiency: 0.662744
    discharge_ratio: 0.5
    depth_of_discharge: 1.0
