cost_values:
  wind_capex: 5000.0
  wind_opex: 100
  wind_lifetime: 20
  solar_capex: 1000.0
  solar_opex: 10
  solar_lifetime: 20
  carbon_price: 1.0
timeseries_values:
  load_level: 227323.88336307099
  wind_year: 2013
  solar_year: 2018
  price_year: 2023
  carbon_year: 2023
storage_values:
  CAES:
    cost: 53.976
    lifetime: 24.4923
    annual_cost: 2.203794661995811
    efficiency: 0.598375
    discharge_ratio: 0.1
    depth_of_discharge: 0.4
  Li-ion:
    cost: 244.021
    lifetime: 22.6258
    annual_cost: 10.785077212739438
    efficiency: 0.91815
    discharge_ratio: 2
    depth_of_discharge: 0.9
  Pb-acid:
    cost: 187.191
    lifetime: 14.6666
    annual_cost: 12.763080741276097
    efficiency: 0.724323
    discharge_ratio: 5
    depth_of_discharge: 0.5
  VRBF:
    cost: 115.007
    lifetime: 28.5427
    annual_cost: 4.029296457588105
    efficiency: 0.691897
    discharge_ratio: 0.5
    depth_of_discharge: 1.0
