cost_values:
  wind_capex: 5000.0
  wind_opex: 100
  wind_lifetime: 20
  solar_capex: 1000.0
  solar_opex: 10
  solar_lifetime: 20
  carbon_price: 1.0
timeseries_values:
  load_level: 227323.88336307099
  wind_year: 2013
  solar_year: 2018
  price_year: 2023
  carbon_year: 2023
storage_values:
  CAES:
    cost: 65.2149
    lifetime: 24.9645
    annual_cost: 2.612305473772757
    efficiency: 0.603806
    discharge_ratio: 0.1
    depth_of_discharge: 0.4
  Li-ion:
    cost: 260.301
    lifetime: 22.0532
    annual_cost: 11.803321059982224
    efficiency: 0.907509
    discharge_ratio: 2
    depth_of_discharge: 0.9
  Pb-acid:
    cost: 212.478
    lifetime: 12.849
    annual_cost: 16.536539808545413
    efficiency: 0.721114
    discharge_ratio: 5
    depth_of_discharge: 0.5
  VRBF:
    cost: 102.66
    lifetime: 29.585
    annual_cost: 3.470001690045631
    efficiency: 0.673463
    discharge_ratio: 0.5
    depth_of_discharge: 1.0
