cost_values:
  wind_capex: 5000.0
  wind_opex: 100
  wind_lifetime: 20
  solar_capex: 1000.0
  solar_opex: 10
  solar_lifetime: 20
  carbon_price: 1.0
timeseries_values:
  load_level: 227323.88336307099
  wind_year: 2013
  solar_year: 2018
  price_year: 2023
  carbon_year: 2023
storage_values:
  CAES:
    cost: 64.8448
    lifetime: 25.0193
    annual_cost: 2.5917911372420495
    efficiency: 0.608848
    discharge_ratio: 0.1
    depth_of_discharge: 0.4
  Li-ion:
    cost: 243.668
    lifetime: 20.5812
    annual_cost: 11.83934853166968
    efficiency: 0.900891
    discharge_ratio: 2
    depth_of_discharge: 0.9
  Pb-acid:
    cost: 214.898
    lifetime: 13.3986
    annual_cost: 16.038839878793308
    efficiency: 0.714398
    discharge_ratio: 5
    depth_of_discharge: 0.5
  VRBF:
    cost: 112.975
    lifetime: 28.9471
    annual_cost: 3.902808916955412
    efficiency: 0.670859
    discharge_ratio: 0.5
    depth_of_discharge: 1.0
