cost_values:
  wind_capex: 5000.0
  wind_opex: 100
  wind_lifetime: 20
  solar_capex: 1000.0
  solar_opex: 10
  solar_lifetime: 20
  carbon_price: 1.0
timeseries_values:
  load_level: 227323.88336307099
  wind_year: 2013
  solar_year: 2018
  price_year: 2023
  carbon_year: 2023
storage_values:
  CAES:
    cost: 63.3127
    lifetime: 23.4137
    annual_cost: 2.70408777766863
    efficiency: 0.593575
    discharge_ratio: 0.1
    depth_of_discharge: 0.4
  Li-ion:
    cost: 235.854
    lifetime: 20.5503
    annual_cost: 11.476912745799332
    efficiency: 0.89755
    discharge_ratio: 2
    depth_of_discharge: 0.9
  Pb-acid:
    cost: 218.684
    lifetime: 13.5623
    annual_cost: 16.124403677842253
    efficiency: 0.722026
    discharge_ratio: 5
    depth_of_discharge: 0.5
  VRBF:
    cost: 116.852
    lifetime: 29.1957
    annual_cost: 4.002370212051775
    efficiency: 0.690141
    discharge_ratio: 0.5
    depth_of_discharge: 1.0
