cost_values:
  wind_capex: 5000.0
  wind_opex: 100
  wind_lifetime: 20
  solar_capex: 1000.0
  solar_opex: 10
  solar_lifetime: 20
  carbon_price: 1.0
timeseries_values:
  load_level: 227323.88336307099
  wind_year: 2013
  solar_year: 2018
  price_year: 2023
  carbon_year: 2023
storage_values:
  CAES:
    cost: 56.5312
    lifetime: 25.1561
    annual_cost: 2.2472163809175507
    efficiency: 0.594135
    discharge_ratio: 0.1
    depth_of_discharge: 0.4
  Li-ion:
    cost: 247.348
    lifetime: 22.0912
    annual_cost: 11.196675599333672
    efficiency: 0.91665
    discharge_ratio: 2
    depth_of_discharge: 0.9
  Pb-acid:
    cost: 191.155
    lifetime: 14.9509
    annual_cost: 12.785517928686566
    efficiency: 0.722761
    discharge_ratio: 5
    depth_of_discharge: 0.5
  VRBF:
    cost: 116.607
    lifetime: 29.2132
    annual_cost: 3.9915859953719552
    efficiency: 0.679113
    discharge_ratio: 0.5
    depth_of_discharge: 1.0
