cost_values:
  wind_capex: 5000.0
  wind_opex: 100
  wind_lifetime: 20
  solar_capex: 1000.0
  solar_opex: 10
  solar_lifetime: 20
  carbon_price: 1.0
timeseries_values:
  load_level: 227323.88336307099
  wind_year: 2013
  solar_year: 2018
  price_year: 2023
  carbon_year: 2023
storage_values:
  CAES:
    cost: 60.1986
    lifetime: 23.6689
    annual_cost: 2.543362809425026
    efficiency: 0.600858
    discharge_ratio: 0.1
    depth_of_discharge: 0.4
  Li-ion:
    cost: 245.21
    lifetime: 22.0357
    annual_cost: 11.127851622594246
    efficiency: 0.894094
    discharge_ratio: 2
    depth_of_discharge: 0.9
  Pb-acid:
    cost: 213.949
    lifetime: 12.7711
    annual_cost: 16.752589831729452
    efficiency: 0.719253
    discharge_ratio: 5
    depth_of_discharge: 0.5
  VRBF:
    cost: 117.571
    lifetime: 29.1204
    annual_cost: 4.037410200409335
    efficiency: 0.679961
    discharge_ratio: 0.5
    depth_of_discharge: 1.0
