cost_values:
  wind_capex: 5000.0
  wind_opex: 100
  wind_lifetime: 20
  solar_capex: 1000.0
  solar_opex: 10
  solar_lifetime: 20
  carbon_price: 1.0
timeseries_values:
  load_level: 227323.88336307099
  wind_year: 2013
  solar_year: 2018
  price_year: 2023
  carbon_year: 2023
storage_values:
  CAES:
    cost: 58.4616
    lifetime: 24.3917
    annual_cost: 2.3967825120840285
    efficiency: 0.597864
    discharge_ratio: 0.1
    depth_of_discharge: 0.4
  Li-ion:
    cost: 243.049
    lifetime: 20.2389
    annual_cost: 12.009002465549017
    efficiency: 0.914713
    discharge_ratio: 2
    depth_of_discharge: 0.9
  Pb-acid:
    cost: 240.634
    lifetime: 13.0419
    annual_cost: 18.45083921821207
    efficiency: 0.715934
    discharge_ratio: 5
    depth_of_discharge: 0.5
  VRBF:
    cost: 121.466
    lifetime: 28.3306
    annual_cost: 4.287448906835718
    efficiency: 0.68955
    discharge_ratio: 0.5
    depth_of_discharge: 1.0
