cost_values:
  wind_capex: 5000.0
  wind_opex: 100
  wind_lifetime: 20
  solar_capex: 1000.0
  solar_opex: 10
  solar_lifetime: 20
  carbon_price: 1.0
timeseries_values:
  load_level: 227323.88336307099
  wind_year: 2013
  solar_year: 2018
  price_year: 2023
  carbon_year: 2023
storage_values:
  CAES:
    cost: 53.342
    lifetime: 23.9995
    annual_cost: 2.2226296381174606
    efficiency: 0.60086
    discharge_ratio: 0.1
    depth_of_discharge: 0.4
  Li-ion:
    cost: 252.5
    lifetime: 21.86
    annual_cost: 11.550777676120768
    efficiency: 0.899587
    discharge_ratio: 2
    depth_of_discharge: 0.9
  Pb-acid:
    cost: 206.766
    lifetime: 14.1667
    annual_cost: 14.595212717146547
    efficiency: 0.729898
    discharge_ratio: 5
    depth_of_discharge: 0.5
  VRBF:
    cost: 138.893
    lifetime: 29.0869
    annual_cost: 4.775104944150116
    efficiency: 0.665238
    discharge_ratio: 0.5
    depth_of_discharge: 1.0
