cost_values:
  wind_capex: 5000.0
  wind_opex: 100
  wind_lifetime: 20
  solar_capex: 1000.0
  solar_opex: 10
  solar_lifetime: 20
  carbon_price: 1.0
timeseries_values:
  load_level: 236768.18841863013
  wind_year: 2013
  solar_year: 2010
  price_year: 2023
  carbon_year: 2023
storage_values:
  CAES:
    cost: 64.0874
    lifetime: 24.7715
    annual_cost: 2.5871424822881135
    efficiency: 0.625976
    discharge_ratio: 0.1
    depth_of_discharge: 0.4
  Li-ion:
    cost: 187.081
    lifetime: 26.6374
    annual_cost: 7.023245511949364
    efficiency: 0.887208
    discharge_ratio: 2
    depth_of_discharge: 0.9
  Pb-acid:
    cost: 167.484
    lifetime: 9.13173
    annual_cost: 18.34088392889409
    efficiency: 0.72879
    discharge_ratio: 5
    depth_of_discharge: 0.5
  VRBF:
    cost: 148.533
    lifetime: 24.3568
    annual_cost: 6.098214872232806
    efficiency: 0.81136
    discharge_ratio: 0.5
    depth_of_discharge: 1.0
