cost_values:
  wind_capex: 5000.0
  wind_opex: 100
  wind_lifetime: 20
  solar_capex: 1000.0
  solar_opex: 10
  solar_lifetime: 20
  carbon_price: 1.0
timeseries_values:
  load_level: 236768.18841863013
  wind_year: 2013
  solar_year: 2010
  price_year: 2023
  carbon_year: 2023
storage_values:
  CAES:
    cost: 60.2906
    lifetime: 25.5612
    annual_cost: 2.3586764314664412
    efficiency: 0.628661
    discharge_ratio: 0.1
    depth_of_discharge: 0.4
  Li-ion:
    cost: 166.73
    lifetime: 27.415
    annual_cost: 6.08170709465621
    efficiency: 0.887189
    discharge_ratio: 2
    depth_of_discharge: 0.9
  Pb-acid:
    cost: 159.546
    lifetime: 9.37213
    annual_cost: 17.023451445935983
    efficiency: 0.722369
    discharge_ratio: 5
    depth_of_discharge: 0.5
  VRBF:
    cost: 185.494
    lifetime: 23.1819
    annual_cost: 8.001673719582952
    efficiency: 0.834029
    discharge_ratio: 0.5
    depth_of_discharge: 1.0
