cost_values:
  wind_capex: 5000.0
  wind_opex: 100
  wind_lifetime: 20
  solar_capex: 1000.0
  solar_opex: 10
  solar_lifetime: 20
  carbon_price: 1.0
timeseries_values:
  load_level: 236768.18841863013
  wind_year: 2013
  solar_year: 2010
  price_year: 2023
  carbon_year: 2023
storage_values:
  CAES:
    cost: 60.1957
    lifetime: 24.5973
    annual_cost: 2.4472482752171985
    efficiency: 0.626522
    discharge_ratio: 0.1
    depth_of_discharge: 0.4
  Li-ion:
    cost: 166.813
    lifetime: 26.432
    annual_cost: 6.311024515738499
    efficiency: 0.885179
    discharge_ratio: 2
    depth_of_discharge: 0.9
  Pb-acid:
    cost: 157.537
    lifetime: 9.28324
    annual_cost: 16.970044941205874
    efficiency: 0.737693
    discharge_ratio: 5
    depth_of_discharge: 0.5
  VRBF:
    cost: 135.586
    lifetime: 24.6491
    annual_cost: 5.500647082449258
    efficiency: 0.827225
    discharge_ratio: 0.5
    depth_of_discharge: 1.0
