cost_values:
  wind_capex: 5000.0
  wind_opex: 100
  wind_lifetime: 20
  solar_capex: 1000.0
  solar_opex: 10
  solar_lifetime: 20
  carbon_price: 1.0
timeseries_values:
  load_level: 236768.18841863013
  wind_year: 2013
  solar_year: 2010
  price_year: 2023
  carbon_year: 2023
storage_values:
  CAES:
    cost: 56.949
    lifetime: 25.9884
    annual_cost: 2.191323821397239
    efficiency: 0.613284
    discharge_ratio: 0.1
    depth_of_discharge: 0.4
  Li-ion:
    cost: 185.326
    lifetime: 29.2204
    annual_cost: 6.342349865162694
    efficiency: 0.897892
    discharge_ratio: 2
    depth_of_discharge: 0.9
  Pb-acid:
    cost: 144.696
    lifetime: 8.47791
    annual_cost: 17.067414020672548
    efficiency: 0.72291
    discharge_ratio: 5
    depth_of_discharge: 0.5
  VRBF:
    cost: 186.2
    lifetime: 24.411
    annual_cost: 7.627708819794354
    efficiency: 0.816207
    discharge_ratio: 0.5
    depth_of_discharge: 1.0
