cost_values:
  wind_capex: 5000.0
  wind_opex: 100
  wind_lifetime: 20
  solar_capex: 1000.0
  solar_opex: 10
  solar_lifetime: 20
  carbon_price: 1.0
timeseries_values:
  load_level: 236768.18841863013
  wind_year: 2013
  solar_year: 2010
  price_year: 2023
  carbon_year: 2023
storage_values:
  CAES:
    cost: 52.9195
    lifetime: 23.4803
    annual_cost: 2.2537829584800875
    efficiency: 0.622603
    discharge_ratio: 0.1
    depth_of_discharge: 0.4
  Li-ion:
    cost: 173.834
    lifetime: 25.1747
    annual_cost: 6.905107111504805
    efficiency: 0.907016
    discharge_ratio: 2
    depth_of_discharge: 0.9
  Pb-acid:
    cost: 165.904
    lifetime: 7.45083
    annual_cost: 22.266512589872537
    efficiency: 0.729718
    discharge_ratio: 5
    depth_of_discharge: 0.5
  VRBF:
    cost: 160.045
    lifetime: 24.2856
    annual_cost: 6.590119247619989
    efficiency: 0.813091
    discharge_ratio: 0.5
    depth_of_discharge: 1.0
