cost_values:
  wind_capex: 5000.0
  wind_opex: 100
  wind_lifetime: 20
  solar_capex: 1000.0
  solar_opex: 10
  solar_lifetime: 20
  carbon_price: 1.0
timeseries_values:
  load_level: 236768.18841863013
  wind_year: 2013
  solar_year: 2010
  price_year: 2023
  carbon_year: 2023
storage_values:
  CAES:
    cost: 54.0675
    lifetime: 24.8591
    annual_cost: 2.174958063646713
    efficiency: 0.618782
    discharge_ratio: 0.1
    depth_of_discharge: 0.4
  Li-ion:
    cost: 150.086
    lifetime: 28.1895
    annual_cost: 5.324180989375478
    efficiency: 0.883264
    discharge_ratio: 2
    depth_of_discharge: 0.9
  Pb-acid:
    cost: 153.383
    lifetime: 7.71866
    annual_cost: 19.871713483946696
    efficiency: 0.744015
    discharge_ratio: 5
    depth_of_discharge: 0.5
  VRBF:
    cost: 168.913
    lifetime: 22.4879
    annual_cost: 7.511283845979394
    efficiency: 0.825821
    discharge_ratio: 0.5
    depth_of_discharge: 1.0
