cost_values:
  wind_capex: 5000.0
  wind_opex: 100
  wind_lifetime: 20
  solar_capex: 1000.0
  solar_opex: 10
  solar_lifetime: 20
  carbon_price: 1.0
timeseries_values:
  load_level: 236768.18841863013
  wind_year: 2013
  solar_year: 2010
  price_year: 2023
  carbon_year: 2023
storage_values:
  CAES:
    cost: 56.0858
    lifetime: 25.0521
    annual_cost: 2.2387664107998932
    efficiency: 0.633459
    discharge_ratio: 0.1
    depth_of_discharge: 0.4
  Li-ion:
    cost: 196.736
    lifetime: 26.8054
    annual_cost: 7.339416684697859
    efficiency: 0.899352
    discharge_ratio: 2
    depth_of_discharge: 0.9
  Pb-acid:
    cost: 178.294
    lifetime: 8.12381
    annual_cost: 21.947091327837555
    efficiency: 0.706941
    discharge_ratio: 5
    depth_of_discharge: 0.5
  VRBF:
    cost: 163.65
    lifetime: 23.7296
    annual_cost: 6.896450003371316
    efficiency: 0.822385
    discharge_ratio: 0.5
    depth_of_discharge: 1.0
