cost_values:
  wind_capex: 5000.0
  wind_opex: 100
  wind_lifetime: 20
  solar_capex: 1000.0
  solar_opex: 10
  solar_lifetime: 20
  carbon_price: 1.0
timeseries_values:
  load_level: 236768.18841863013
  wind_year: 2013
  solar_year: 2010
  price_year: 2023
  carbon_year: 2023
storage_values:
  CAES:
    cost: 57.2926
    lifetime: 24.8762
    annual_cost: 2.3031089957469386
    efficiency: 0.642115
    discharge_ratio: 0.1
    depth_of_discharge: 0.4
  Li-ion:
    cost: 186.651
    lifetime: 26.0283
    annual_cost: 7.171079171517157
    efficiency: 0.905952
    discharge_ratio: 2
    depth_of_discharge: 0.9
  Pb-acid:
    cost: 177.242
    lifetime: 9.10625
    annual_cost: 19.463774879890185
    efficiency: 0.728111
    discharge_ratio: 5
    depth_of_discharge: 0.5
  VRBF:
    cost: 170.442
    lifetime: 23.3043
    annual_cost: 7.313757546890488
    efficiency: 0.807652
    discharge_ratio: 0.5
    depth_of_discharge: 1.0
