cost_values:
  wind_capex: 5000.0
  wind_opex: 100
  wind_lifetime: 20
  solar_capex: 1000.0
  solar_opex: 10
  solar_lifetime: 20
  carbon_price: 1.0
timeseries_values:
  load_level: 236768.18841863013
  wind_year: 2013
  solar_year: 2010
  price_year: 2023
  carbon_year: 2023
storage_values:
  CAES:
    cost: 63.173
    lifetime: 25.1894
    annual_cost: 2.5079199980944367
    efficiency: 0.620701
    discharge_ratio: 0.1
    depth_of_discharge: 0.4
  Li-ion:
    cost: 197.13
    lifetime: 28.0911
    annual_cost: 7.017525123615664
    efficiency: 0.891692
    discharge_ratio: 2
    depth_of_discharge: 0.9
  Pb-acid:
    cost: 149.426
    lifetime: 7.25538
    annual_cost: 20.595199700084628
    efficiency: 0.733565
    discharge_ratio: 5
    depth_of_discharge: 0.5
  VRBF:
    cost: 159.832
    lifetime: 25.5129
    annual_cost: 6.264752340972606
    efficiency: 0.80202
    discharge_ratio: 0.5
    depth_of_discharge: 1.0
