cost_values:
  wind_capex: 5000.0
  wind_opex: 100
  wind_lifetime: 20
  solar_capex: 1000.0
  solar_opex: 10
  solar_lifetime: 20
  carbon_price: 1.0
timeseries_values:
  load_level: 236768.18841863013
  wind_year: 2013
  solar_year: 2010
  price_year: 2023
  carbon_year: 2023
storage_values:
  CAES:
    cost: 55.9884
    lifetime: 25.1992
    annual_cost: 2.2218324391250515
    efficiency: 0.62516
    discharge_ratio: 0.1
    depth_of_discharge: 0.4
  Li-ion:
    cost: 191.939
    lifetime: 28.7838
    annual_cost: 6.668299529596509
    efficiency: 0.895932
    discharge_ratio: 2
    depth_of_discharge: 0.9
  Pb-acid:
    cost: 172.476
    lifetime: 9.52638
    annual_cost: 18.10509343528182
    efficiency: 0.721089
    discharge_ratio: 5
    depth_of_discharge: 0.5
  VRBF:
    cost: 162.533
    lifetime: 25.9704
    annual_cost: 6.258394171826386
    efficiency: 0.826302
    discharge_ratio: 0.5
    depth_of_discharge: 1.0
