cost_values:
  wind_capex: 5000.0
  wind_opex: 100
  wind_lifetime: 20
  solar_capex: 1000.0
  solar_opex: 10
  solar_lifetime: 20
  carbon_price: 1.0
timeseries_values:
  load_level: 236768.18841863013
  wind_year: 2013
  solar_year: 2010
  price_year: 2023
  carbon_year: 2023
storage_values:
  CAES:
    cost: 54.928
    lifetime: 25.7662
    annual_cost: 2.1317850517344428
    efficiency: 0.624903
    discharge_ratio: 0.1
    depth_of_discharge: 0.4
  Li-ion:
    cost: 199.369
    lifetime: 24.5316
    annual_cost: 8.127027996543234
    efficiency: 0.904997
    discharge_ratio: 2
    depth_of_discharge: 0.9
  Pb-acid:
    cost: 154.271
    lifetime: 8.33634
    annual_cost: 18.505843091812473
    efficiency: 0.736846
    discharge_ratio: 5
    depth_of_discharge: 0.5
  VRBF:
    cost: 141.874
    lifetime: 25.0324
    annual_cost: 5.667614771256452
    efficiency: 0.79645
    discharge_ratio: 0.5
    depth_of_discharge: 1.0
