cost_values:
  wind_capex: 5000.0
  wind_opex: 100
  wind_lifetime: 20
  solar_capex: 1000.0
  solar_opex: 10
  solar_lifetime: 20
  carbon_price: 1.0
timeseries_values:
  load_level: 236768.18841863013
  wind_year: 2013
  solar_year: 2010
  price_year: 2023
  carbon_year: 2023
storage_values:
  CAES:
    cost: 54.8345
    lifetime: 25.6358
    annual_cost: 2.1389814244142955
    efficiency: 0.631728
    discharge_ratio: 0.1
    depth_of_discharge: 0.4
  Li-ion:
    cost: 166.391
    lifetime: 29.6983
    annual_cost: 5.602711266301438
    efficiency: 0.882726
    discharge_ratio: 2
    depth_of_discharge: 0.9
  Pb-acid:
    cost: 145.263
    lifetime: 8.30086
    annual_cost: 17.499753037637063
    efficiency: 0.731144
    discharge_ratio: 5
    depth_of_discharge: 0.5
  VRBF:
    cost: 151.984
    lifetime: 21.9142
    annual_cost: 6.935411742158053
    efficiency: 0.821106
    discharge_ratio: 0.5
    depth_of_discharge: 1.0
