cost_values:
  wind_capex: 5000.0
  wind_opex: 100
  wind_lifetime: 20
  solar_capex: 1000.0
  solar_opex: 10
  solar_lifetime: 20
  carbon_price: 1.0
timeseries_values:
  load_level: 236768.18841863013
  wind_year: 2013
  solar_year: 2010
  price_year: 2023
  carbon_year: 2023
storage_values:
  CAES:
    cost: 55.7201
    lifetime: 25.1971
    annual_cost: 2.211369562370273
    efficiency: 0.630615
    discharge_ratio: 0.1
    depth_of_discharge: 0.4
  Li-ion:
    cost: 185.058
    lifetime: 29.3324
    annual_cost: 6.308996195333488
    efficiency: 0.899119
    discharge_ratio: 2
    depth_of_discharge: 0.9
  Pb-acid:
    cost: 158.867
    lifetime: 9.30771
    annual_cost: 17.06832292798121
    efficiency: 0.721312
    discharge_ratio: 5
    depth_of_discharge: 0.5
  VRBF:
    cost: 141.665
    lifetime: 25.5053
    annual_cost: 5.554335765507561
    efficiency: 0.833885
    discharge_ratio: 0.5
    depth_of_discharge: 1.0
