cost_values:
  wind_capex: 5000.0
  wind_opex: 100
  wind_lifetime: 20
  solar_capex: 1000.0
  solar_opex: 10
  solar_lifetime: 20
  carbon_price: 1.0
timeseries_values:
  load_level: 236768.18841863013
  wind_year: 2013
  solar_year: 2010
  price_year: 2023
  carbon_year: 2023
storage_values:
  CAES:
    cost: 59.5377
    lifetime: 24.9678
    annual_cost: 2.3845793381875855
    efficiency: 0.619325
    discharge_ratio: 0.1
    depth_of_discharge: 0.4
  Li-ion:
    cost: 184.834
    lifetime: 27.7773
    annual_cost: 6.65413845118136
    efficiency: 0.895366
    discharge_ratio: 2
    depth_of_discharge: 0.9
  Pb-acid:
    cost: 151.443
    lifetime: 9.43757
    annual_cost: 16.04682137456994
    efficiency: 0.727519
    discharge_ratio: 5
    depth_of_discharge: 0.5
  VRBF:
    cost: 178.531
    lifetime: 25.5282
    annual_cost: 6.993481718256674
    efficiency: 0.810547
    discharge_ratio: 0.5
    depth_of_discharge: 1.0
