cost_values:
  wind_capex: 5000.0
  wind_opex: 100
  wind_lifetime: 20
  solar_capex: 1000.0
  solar_opex: 10
  solar_lifetime: 20
  carbon_price: 1.0
timeseries_values:
  load_level: 236768.18841863013
  wind_year: 2013
  solar_year: 2010
  price_year: 2023
  carbon_year: 2023
storage_values:
  CAES:
    cost: 58.0091
    lifetime: 24.7833
    annual_cost: 2.3406527782821493
    efficiency: 0.625834
    discharge_ratio: 0.1
    depth_of_discharge: 0.4
  Li-ion:
    cost: 168.294
    lifetime: 24.7947
    annual_cost: 6.787498941306006
    efficiency: 0.891143
    discharge_ratio: 2
    depth_of_discharge: 0.9
  Pb-acid:
    cost: 180.332
    lifetime: 8.04655
    annual_cost: 22.411095438417707
    efficiency: 0.73793
    discharge_ratio: 5
    depth_of_discharge: 0.5
  VRBF:
    cost: 168.894
    lifetime: 24.9514
    annual_cost: 6.768918778104636
    efficiency: 0.807256
    discharge_ratio: 0.5
    depth_of_discharge: 1.0
