cost_values:
  wind_capex: 5000.0
  wind_opex: 100
  wind_lifetime: 20
  solar_capex: 1000.0
  solar_opex: 10
  solar_lifetime: 20
  carbon_price: 1.0
timeseries_values:
  load_level: 236768.18841863013
  wind_year: 2013
  solar_year: 2010
  price_year: 2023
  carbon_year: 2023
storage_values:
  CAES:
    cost: 54.0209
    lifetime: 26.3099
    annual_cost: 2.053253718182129
    efficiency: 0.626276
    discharge_ratio: 0.1
    depth_of_discharge: 0.4
  Li-ion:
    cost: 171.761
    lifetime: 25.8427
    annual_cost: 6.646403046121342
    efficiency: 0.887869
    discharge_ratio: 2
    depth_of_discharge: 0.9
  Pb-acid:
    cost: 154.021
    lifetime: 9.23797
    annual_cost: 16.672602314144772
    efficiency: 0.719034
    discharge_ratio: 5
    depth_of_discharge: 0.5
  VRBF:
    cost: 175.031
    lifetime: 23.8138
    annual_cost: 7.349981943242994
    efficiency: 0.837653
    discharge_ratio: 0.5
    depth_of_discharge: 1.0
