cost_values:
  wind_capex: 5000.0
  wind_opex: 100
  wind_lifetime: 20
  solar_capex: 1000.0
  solar_opex: 10
  solar_lifetime: 20
  carbon_price: 1.0
timeseries_values:
  load_level: 236768.18841863013
  wind_year: 2013
  solar_year: 2010
  price_year: 2023
  carbon_year: 2023
storage_values:
  CAES:
    cost: 64.1757
    lifetime: 25.6815
    annual_cost: 2.498907774078617
    efficiency: 0.627983
    discharge_ratio: 0.1
    depth_of_discharge: 0.4
  Li-ion:
    cost: 188.428
    lifetime: 28.1342
    annual_cost: 6.697471404909328
    efficiency: 0.881108
    discharge_ratio: 2
    depth_of_discharge: 0.9
  Pb-acid:
    cost: 170.026
    lifetime: 7.94362
    annual_cost: 21.404095362064147
    efficiency: 0.743173
    discharge_ratio: 5
    depth_of_discharge: 0.5
  VRBF:
    cost: 129.117
    lifetime: 23.6291
    annual_cost: 5.464321535733481
    efficiency: 0.827764
    discharge_ratio: 0.5
    depth_of_discharge: 1.0
