cost_values:
  wind_capex: 5000.0
  wind_opex: 100
  wind_lifetime: 20
  solar_capex: 1000.0
  solar_opex: 10
  solar_lifetime: 20
  carbon_price: 1.0
timeseries_values:
  load_level: 236768.18841863013
  wind_year: 2013
  solar_year: 2010
  price_year: 2023
  carbon_year: 2023
storage_values:
  CAES:
    cost: 55.8331
    lifetime: 24.7464
    annual_cost: 2.256211004428927
    efficiency: 0.625328
    discharge_ratio: 0.1
    depth_of_discharge: 0.4
  Li-ion:
    cost: 184.1
    lifetime: 28.1873
    annual_cost: 6.531310199983681
    efficiency: 0.89543
    discharge_ratio: 2
    depth_of_discharge: 0.9
  Pb-acid:
    cost: 166.028
    lifetime: 7.66916
    annual_cost: 21.648785525403042
    efficiency: 0.714171
    discharge_ratio: 5
    depth_of_discharge: 0.5
  VRBF:
    cost: 186.15
    lifetime: 23.2589
    annual_cost: 8.003387950418979
    efficiency: 0.82546
    discharge_ratio: 0.5
    depth_of_discharge: 1.0
