cost_values:
  wind_capex: 5000.0
  wind_opex: 100
  wind_lifetime: 20
  solar_capex: 1000.0
  solar_opex: 10
  solar_lifetime: 20
  carbon_price: 1.0
timeseries_values:
  load_level: 236768.18841863013
  wind_year: 2013
  solar_year: 2010
  price_year: 2023
  carbon_year: 2023
storage_values:
  CAES:
    cost: 57.2221
    lifetime: 25.2879
    annual_cost: 2.2628253038014225
    efficiency: 0.613431
    discharge_ratio: 0.1
    depth_of_discharge: 0.4
  Li-ion:
    cost: 196.678
    lifetime: 26.6761
    annual_cost: 7.37281686603364
    efficiency: 0.907673
    discharge_ratio: 2
    depth_of_discharge: 0.9
  Pb-acid:
    cost: 142.956
    lifetime: 8.90998
    annual_cost: 16.04448045899093
    efficiency: 0.727097
    discharge_ratio: 5
    depth_of_discharge: 0.5
  VRBF:
    cost: 148.814
    lifetime: 22.0177
    annual_cost: 6.758834937345862
    efficiency: 0.817352
    discharge_ratio: 0.5
    depth_of_discharge: 1.0
