cost_values:
  wind_capex: 5000.0
  wind_opex: 100
  wind_lifetime: 20
  solar_capex: 1000.0
  solar_opex: 10
  solar_lifetime: 20
  carbon_price: 1.0
timeseries_values:
  load_level: 236768.18841863013
  wind_year: 2013
  solar_year: 2010
  price_year: 2023
  carbon_year: 2023
storage_values:
  CAES:
    cost: 59.4203
    lifetime: 25.9416
    annual_cost: 2.290541061461128
    efficiency: 0.627093
    discharge_ratio: 0.1
    depth_of_discharge: 0.4
  Li-ion:
    cost: 180.875
    lifetime: 27.8579
    annual_cost: 6.492772247728651
    efficiency: 0.903186
    discharge_ratio: 2
    depth_of_discharge: 0.9
  Pb-acid:
    cost: 157.308
    lifetime: 9.71227
    annual_cost: 16.196831430757175
    efficiency: 0.727461
    discharge_ratio: 5
    depth_of_discharge: 0.5
  VRBF:
    cost: 206.997
    lifetime: 25.0553
    annual_cost: 8.261605329012227
    efficiency: 0.819576
    discharge_ratio: 0.5
    depth_of_discharge: 1.0
