cost_values:
  wind_capex: 5000.0
  wind_opex: 100
  wind_lifetime: 20
  solar_capex: 1000.0
  solar_opex: 10
  solar_lifetime: 20
  carbon_price: 1.0
timeseries_values:
  load_level: 236768.18841863013
  wind_year: 2013
  solar_year: 2010
  price_year: 2023
  carbon_year: 2023
storage_values:
  CAES:
    cost: 58.318
    lifetime: 24.6509
    annual_cost: 2.365755408524638
    efficiency: 0.615944
    discharge_ratio: 0.1
    depth_of_discharge: 0.4
  Li-ion:
    cost: 192.923
    lifetime: 27.6312
    annual_cost: 6.982070992211703
    efficiency: 0.891716
    discharge_ratio: 2
    depth_of_discharge: 0.9
  Pb-acid:
    cost: 164.348
    lifetime: 9.66701
    annual_cost: 17.000913415833853
    efficiency: 0.735193
    discharge_ratio: 5
    depth_of_discharge: 0.5
  VRBF:
    cost: 154.636
    lifetime: 23.1787
    annual_cost: 6.671469927131375
    efficiency: 0.842373
    discharge_ratio: 0.5
    depth_of_discharge: 1.0
