cost_values:
  wind_capex: 5000.0
  wind_opex: 100
  wind_lifetime: 20
  solar_capex: 1000.0
  solar_opex: 10
  solar_lifetime: 20
  carbon_price: 1.0
timeseries_values:
  load_level: 236768.18841863013
  wind_year: 2013
  solar_year: 2010
  price_year: 2023
  carbon_year: 2023
storage_values:
  CAES:
    cost: 45.8309
    lifetime: 25.2504
    annual_cost: 1.8150563951462155
    efficiency: 0.630125
    discharge_ratio: 0.1
    depth_of_discharge: 0.4
  Li-ion:
    cost: 166.999
    lifetime: 25.5222
    annual_cost: 6.5432838861853595
    efficiency: 0.896412
    discharge_ratio: 2
    depth_of_discharge: 0.9
  Pb-acid:
    cost: 151.917
    lifetime: 9.23057
    annual_cost: 16.45803021915223
    efficiency: 0.749278
    discharge_ratio: 5
    depth_of_discharge: 0.5
  VRBF:
    cost: 142.886
    lifetime: 27.0154
    annual_cost: 5.2890573524730335
    efficiency: 0.822036
    discharge_ratio: 0.5
    depth_of_discharge: 1.0
