cost_values:
  wind_capex: 5000.0
  wind_opex: 100
  wind_lifetime: 20
  solar_capex: 1000.0
  solar_opex: 10
  solar_lifetime: 20
  carbon_price: 1.0
timeseries_values:
  load_level: 236768.18841863013
  wind_year: 2013
  solar_year: 2010
  price_year: 2023
  carbon_year: 2023
storage_values:
  CAES:
    cost: 56.5954
    lifetime: 24.547
    annual_cost: 2.3055933515297182
    efficiency: 0.630748
    discharge_ratio: 0.1
    depth_of_discharge: 0.4
  Li-ion:
    cost: 174.044
    lifetime: 25.8528
    annual_cost: 6.73211412303503
    efficiency: 0.884178
    discharge_ratio: 2
    depth_of_discharge: 0.9
  Pb-acid:
    cost: 130.543
    lifetime: 8.43444
    annual_cost: 15.477376091358762
    efficiency: 0.71365
    discharge_ratio: 5
    depth_of_discharge: 0.5
  VRBF:
    cost: 158.623
    lifetime: 24.9422
    annual_cost: 6.359623449415047
    efficiency: 0.835437
    discharge_ratio: 0.5
    depth_of_discharge: 1.0
