cost_values:
  wind_capex: 5000.0
  wind_opex: 100
  wind_lifetime: 20
  solar_capex: 1000.0
  solar_opex: 10
  solar_lifetime: 20
  carbon_price: 1.0
timeseries_values:
  load_level: 236768.18841863013
  wind_year: 2013
  solar_year: 2010
  price_year: 2023
  carbon_year: 2023
storage_values:
  CAES:
    cost: 53.085
    lifetime: 26.0009
    annual_cost: 2.041660096381279
    efficiency: 0.622099
    discharge_ratio: 0.1
    depth_of_discharge: 0.4
  Li-ion:
    cost: 186.098
    lifetime: 27.0807
    annual_cost: 6.871978937028954
    efficiency: 0.900698
    discharge_ratio: 2
    depth_of_discharge: 0.9
  Pb-acid:
    cost: 164.53
    lifetime: 9.77671
    annual_cost: 16.828769596316143
    efficiency: 0.735065
    discharge_ratio: 5
    depth_of_discharge: 0.5
  VRBF:
    cost: 143.044
    lifetime: 23.1197
    annual_cost: 6.187104503951176
    efficiency: 0.794882
    discharge_ratio: 0.5
    depth_of_discharge: 1.0
