cost_values:
  wind_capex: 5000.0
  wind_opex: 100
  wind_lifetime: 20
  solar_capex: 1000.0
  solar_opex: 10
  solar_lifetime: 20
  carbon_price: 1.0
timeseries_values:
  load_level: 236768.18841863013
  wind_year: 2013
  solar_year: 2010
  price_year: 2023
  carbon_year: 2023
storage_values:
  CAES:
    cost: 51.7529
    lifetime: 26.0924
    annual_cost: 1.9834472873327096
    efficiency: 0.619029
    discharge_ratio: 0.1
    depth_of_discharge: 0.4
  Li-ion:
    cost: 170.103
    lifetime: 26.5592
    annual_cost: 6.404673333534142
    efficiency: 0.884115
    discharge_ratio: 2
    depth_of_discharge: 0.9
  Pb-acid:
    cost: 143.235
    lifetime: 7.28699
    annual_cost: 19.656264109049143
    efficiency: 0.733508
    discharge_ratio: 5
    depth_of_discharge: 0.5
  VRBF:
    cost: 160.279
    lifetime: 25.3084
    annual_cost: 6.333035671950815
    efficiency: 0.832025
    discharge_ratio: 0.5
    depth_of_discharge: 1.0
