cost_values:
  wind_capex: 5000.0
  wind_opex: 100
  wind_lifetime: 20
  solar_capex: 1000.0
  solar_opex: 10
  solar_lifetime: 20
  carbon_price: 1.0
timeseries_values:
  load_level: 236768.18841863013
  wind_year: 2013
  solar_year: 2010
  price_year: 2023
  carbon_year: 2023
storage_values:
  CAES:
    cost: 61.9745
    lifetime: 24.6717
    annual_cost: 2.511967152648581
    efficiency: 0.626218
    discharge_ratio: 0.1
    depth_of_discharge: 0.4
  Li-ion:
    cost: 199.669
    lifetime: 28.8341
    annual_cost: 6.924752289823508
    efficiency: 0.887288
    discharge_ratio: 2
    depth_of_discharge: 0.9
  Pb-acid:
    cost: 164.501
    lifetime: 7.80204
    annual_cost: 21.08435742446847
    efficiency: 0.714814
    discharge_ratio: 5
    depth_of_discharge: 0.5
  VRBF:
    cost: 163.476
    lifetime: 22.3182
    annual_cost: 7.324784256794903
    efficiency: 0.816456
    discharge_ratio: 0.5
    depth_of_discharge: 1.0
