cost_values:
  wind_capex: 5000.0
  wind_opex: 100
  wind_lifetime: 20
  solar_capex: 1000.0
  solar_opex: 10
  solar_lifetime: 20
  carbon_price: 1.0
timeseries_values:
  load_level: 236768.18841863013
  wind_year: 2013
  solar_year: 2010
  price_year: 2023
  carbon_year: 2023
storage_values:
  CAES:
    cost: 55.8204
    lifetime: 25.3146
    annual_cost: 2.2050674314427248
    efficiency: 0.61948
    discharge_ratio: 0.1
    depth_of_discharge: 0.4
  Li-ion:
    cost: 168.868
    lifetime: 26.0724
    annual_cost: 6.476887436522913
    efficiency: 0.895469
    discharge_ratio: 2
    depth_of_discharge: 0.9
  Pb-acid:
    cost: 159.656
    lifetime: 8.85528
    annual_cost: 18.029469423891733
    efficiency: 0.70652
    discharge_ratio: 5
    depth_of_discharge: 0.5
  VRBF:
    cost: 159.899
    lifetime: 23.4617
    annual_cost: 6.815320287958673
    efficiency: 0.808995
    discharge_ratio: 0.5
    depth_of_discharge: 1.0
