cost_values:
  wind_capex: 5000.0
  wind_opex: 100
  wind_lifetime: 20
  solar_capex: 1000.0
  solar_opex: 10
  solar_lifetime: 20
  carbon_price: 1.0
timeseries_values:
  load_level: 236768.18841863013
  wind_year: 2013
  solar_year: 2010
  price_year: 2023
  carbon_year: 2023
storage_values:
  CAES:
    cost: 62.4642
    lifetime: 25.752
    annual_cost: 2.425605778191985
    efficiency: 0.630652
    discharge_ratio: 0.1
    depth_of_discharge: 0.4
  Li-ion:
    cost: 175.171
    lifetime: 26.0487
    annual_cost: 6.724750179471528
    efficiency: 0.903417
    discharge_ratio: 2
    depth_of_discharge: 0.9
  Pb-acid:
    cost: 160.657
    lifetime: 9.42749
    annual_cost: 17.041333377176745
    efficiency: 0.724235
    discharge_ratio: 5
    depth_of_discharge: 0.5
  VRBF:
    cost: 173.787
    lifetime: 25.4536
    annual_cost: 6.8276000251437905
    efficiency: 0.826381
    discharge_ratio: 0.5
    depth_of_discharge: 1.0
