cost_values:
  wind_capex: 5000.0
  wind_opex: 100
  wind_lifetime: 20
  solar_capex: 1000.0
  solar_opex: 10
  solar_lifetime: 20
  carbon_price: 1.0
timeseries_values:
  load_level: 236768.18841863013
  wind_year: 2013
  solar_year: 2010
  price_year: 2023
  carbon_year: 2023
storage_values:
  CAES:
    cost: 60.7545
    lifetime: 25.068
    annual_cost: 2.4235878410722833
    efficiency: 0.623873
    discharge_ratio: 0.1
    depth_of_discharge: 0.4
  Li-ion:
    cost: 179.1
    lifetime: 26.2614
    annual_cost: 6.81989535972949
    efficiency: 0.892013
    discharge_ratio: 2
    depth_of_discharge: 0.9
  Pb-acid:
    cost: 180.037
    lifetime: 9.62716
    annual_cost: 18.700946073400672
    efficiency: 0.735472
    discharge_ratio: 5
    depth_of_discharge: 0.5
  VRBF:
    cost: 141.326
    lifetime: 24.849
    annual_cost: 5.687391846754396
    efficiency: 0.835606
    discharge_ratio: 0.5
    depth_of_discharge: 1.0
