cost_values:
  wind_capex: 5000.0
  wind_opex: 100
  wind_lifetime: 20
  solar_capex: 1000.0
  solar_opex: 10
  solar_lifetime: 20
  carbon_price: 1.0
timeseries_values:
  load_level: 236768.18841863013
  wind_year: 2013
  solar_year: 2010
  price_year: 2023
  carbon_year: 2023
storage_values:
  CAES:
    cost: 64.25
    lifetime: 24.8757
    annual_cost: 2.582841889876466
    efficiency: 0.623504
    discharge_ratio: 0.1
    depth_of_discharge: 0.4
  Li-ion:
    cost: 173.971
    lifetime: 26.0412
    annual_cost: 6.6806061164616075
    efficiency: 0.900683
    discharge_ratio: 2
    depth_of_discharge: 0.9
  Pb-acid:
    cost: 148.305
    lifetime: 7.04363
    annual_cost: 21.05519455167293
    efficiency: 0.716132
    discharge_ratio: 5
    depth_of_discharge: 0.5
  VRBF:
    cost: 159.417
    lifetime: 26.855
    annual_cost: 5.936212995717743
    efficiency: 0.842051
    discharge_ratio: 0.5
    depth_of_discharge: 1.0
