cost_values:
  wind_capex: 5000.0
  wind_opex: 100
  wind_lifetime: 20
  solar_capex: 1000.0
  solar_opex: 10
  solar_lifetime: 20
  carbon_price: 1.0
timeseries_values:
  load_level: 236768.18841863013
  wind_year: 2013
  solar_year: 2010
  price_year: 2023
  carbon_year: 2023
storage_values:
  CAES:
    cost: 59.068
    lifetime: 24.585
    annual_cost: 2.402603213341468
    efficiency: 0.623601
    discharge_ratio: 0.1
    depth_of_discharge: 0.4
  Li-ion:
    cost: 186.452
    lifetime: 27.4407
    annual_cost: 6.794724624371828
    efficiency: 0.887234
    discharge_ratio: 2
    depth_of_discharge: 0.9
  Pb-acid:
    cost: 163.527
    lifetime: 9.27905
    annual_cost: 17.623248069576086
    efficiency: 0.734411
    discharge_ratio: 5
    depth_of_discharge: 0.5
  VRBF:
    cost: 148.286
    lifetime: 26.3605
    annual_cost: 5.625310597295196
    efficiency: 0.837407
    discharge_ratio: 0.5
    depth_of_discharge: 1.0
