cost_values:
  wind_capex: 5000.0
  wind_opex: 100
  wind_lifetime: 20
  solar_capex: 1000.0
  solar_opex: 10
  solar_lifetime: 20
  carbon_price: 1.0
timeseries_values:
  load_level: 236768.18841863013
  wind_year: 2013
  solar_year: 2010
  price_year: 2023
  carbon_year: 2023
storage_values:
  CAES:
    cost: 62.409
    lifetime: 25.1909
    annual_cost: 2.477442250971581
    efficiency: 0.631681
    discharge_ratio: 0.1
    depth_of_discharge: 0.4
  Li-ion:
    cost: 182.889
    lifetime: 28.4391
    annual_cost: 6.4308997120162035
    efficiency: 0.887096
    discharge_ratio: 2
    depth_of_discharge: 0.9
  Pb-acid:
    cost: 149.147
    lifetime: 7.71896
    annual_cost: 19.32216257112357
    efficiency: 0.719749
    discharge_ratio: 5
    depth_of_discharge: 0.5
  VRBF:
    cost: 171.32
    lifetime: 24.8978
    annual_cost: 6.880929238727919
    efficiency: 0.818487
    discharge_ratio: 0.5
    depth_of_discharge: 1.0
