cost_values:
  wind_capex: 5000.0
  wind_opex: 100
  wind_lifetime: 20
  solar_capex: 1000.0
  solar_opex: 10
  solar_lifetime: 20
  carbon_price: 1.0
timeseries_values:
  load_level: 236768.18841863013
  wind_year: 2013
  solar_year: 2010
  price_year: 2023
  carbon_year: 2023
storage_values:
  CAES:
    cost: 50.555
    lifetime: 25.276
    annual_cost: 2.0001186896660865
    efficiency: 0.622917
    discharge_ratio: 0.1
    depth_of_discharge: 0.4
  Li-ion:
    cost: 195.921
    lifetime: 28.0257
    annual_cost: 6.990762050546462
    efficiency: 0.890849
    discharge_ratio: 2
    depth_of_discharge: 0.9
  Pb-acid:
    cost: 161.11
    lifetime: 9.58343
    annual_cost: 16.811308685929777
    efficiency: 0.724399
    discharge_ratio: 5
    depth_of_discharge: 0.5
  VRBF:
    cost: 169.469
    lifetime: 22.6377
    annual_cost: 7.486140376451671
    efficiency: 0.816135
    discharge_ratio: 0.5
    depth_of_discharge: 1.0
