cost_values:
  wind_capex: 5000.0
  wind_opex: 100
  wind_lifetime: 20
  solar_capex: 1000.0
  solar_opex: 10
  solar_lifetime: 20
  carbon_price: 1.0
timeseries_values:
  load_level: 236768.18841863013
  wind_year: 2013
  solar_year: 2010
  price_year: 2023
  carbon_year: 2023
storage_values:
  CAES:
    cost: 59.9691
    lifetime: 24.8045
    annual_cost: 2.417670180813965
    efficiency: 0.633416
    discharge_ratio: 0.1
    depth_of_discharge: 0.4
  Li-ion:
    cost: 191.906
    lifetime: 28.9114
    annual_cost: 6.637727678355251
    efficiency: 0.890535
    discharge_ratio: 2
    depth_of_discharge: 0.9
  Pb-acid:
    cost: 156.999
    lifetime: 9.74575
    annual_cost: 16.109483621065593
    efficiency: 0.708409
    discharge_ratio: 5
    depth_of_discharge: 0.5
  VRBF:
    cost: 183.87
    lifetime: 25.2935
    annual_cost: 7.269456579753691
    efficiency: 0.813208
    discharge_ratio: 0.5
    depth_of_discharge: 1.0
