cost_values:
  wind_capex: 5000.0
  wind_opex: 100
  wind_lifetime: 20
  solar_capex: 1000.0
  solar_opex: 10
  solar_lifetime: 20
  carbon_price: 1.0
timeseries_values:
  load_level: 236768.18841863013
  wind_year: 2013
  solar_year: 2010
  price_year: 2023
  carbon_year: 2023
storage_values:
  CAES:
    cost: 59.0774
    lifetime: 26.2027
    annual_cost: 2.254630248027875
    efficiency: 0.612618
    discharge_ratio: 0.1
    depth_of_discharge: 0.4
  Li-ion:
    cost: 152.697
    lifetime: 28.5387
    annual_cost: 5.350524025270948
    efficiency: 0.88558
    discharge_ratio: 2
    depth_of_discharge: 0.9
  Pb-acid:
    cost: 172.503
    lifetime: 9.1224
    annual_cost: 18.909826361483816
    efficiency: 0.728245
    discharge_ratio: 5
    depth_of_discharge: 0.5
  VRBF:
    cost: 149.37
    lifetime: 22.1715
    annual_cost: 6.73702726473175
    efficiency: 0.830174
    discharge_ratio: 0.5
    depth_of_discharge: 1.0
