cost_values:
  wind_capex: 5000.0
  wind_opex: 100
  wind_lifetime: 20
  solar_capex: 1000.0
  solar_opex: 10
  solar_lifetime: 20
  carbon_price: 1.0
timeseries_values:
  load_level: 236768.18841863013
  wind_year: 2013
  solar_year: 2010
  price_year: 2023
  carbon_year: 2023
storage_values:
  CAES:
    cost: 56.879
    lifetime: 26.2958
    annual_cost: 2.1630450490192348
    efficiency: 0.604597
    discharge_ratio: 0.1
    depth_of_discharge: 0.4
  Li-ion:
    cost: 188.358
    lifetime: 27.7016
    annual_cost: 6.799535044907154
    efficiency: 0.895024
    discharge_ratio: 2
    depth_of_discharge: 0.9
  Pb-acid:
    cost: 145.805
    lifetime: 7.141
    annual_cost: 20.418008682257387
    efficiency: 0.732459
    discharge_ratio: 5
    depth_of_discharge: 0.5
  VRBF:
    cost: 169.295
    lifetime: 23.9435
    annual_cost: 7.070603712907469
    efficiency: 0.843105
    discharge_ratio: 0.5
    depth_of_discharge: 1.0
