cost_values:
  wind_capex: 5000.0
  wind_opex: 100
  wind_lifetime: 20
  solar_capex: 1000.0
  solar_opex: 10
  solar_lifetime: 20
  carbon_price: 1.0
timeseries_values:
  load_level: 236768.18841863013
  wind_year: 2013
  solar_year: 2010
  price_year: 2023
  carbon_year: 2023
storage_values:
  CAES:
    cost: 63.2908
    lifetime: 24.5436
    annual_cost: 2.578708909858374
    efficiency: 0.620893
    discharge_ratio: 0.1
    depth_of_discharge: 0.4
  Li-ion:
    cost: 192.185
    lifetime: 29.8139
    annual_cost: 6.446154310573256
    efficiency: 0.898149
    discharge_ratio: 2
    depth_of_discharge: 0.9
  Pb-acid:
    cost: 161.219
    lifetime: 9.0479
    annual_cost: 17.8183887974005
    efficiency: 0.724081
    discharge_ratio: 5
    depth_of_discharge: 0.5
  VRBF:
    cost: 172.714
    lifetime: 23.9781
    annual_cost: 7.202989394489138
    efficiency: 0.835112
    discharge_ratio: 0.5
    depth_of_discharge: 1.0
