cost_values:
  wind_capex: 5000.0
  wind_opex: 100
  wind_lifetime: 20
  solar_capex: 1000.0
  solar_opex: 10
  solar_lifetime: 20
  carbon_price: 1.0
timeseries_values:
  load_level: 236768.18841863013
  wind_year: 2013
  solar_year: 2010
  price_year: 2023
  carbon_year: 2023
storage_values:
  CAES:
    cost: 58.8246
    lifetime: 25.475
    annual_cost: 2.3091108930323845
    efficiency: 0.639071
    discharge_ratio: 0.1
    depth_of_discharge: 0.4
  Li-ion:
    cost: 187.167
    lifetime: 27.6739
    annual_cost: 6.763304051832232
    efficiency: 0.897888
    discharge_ratio: 2
    depth_of_discharge: 0.9
  Pb-acid:
    cost: 151.443
    lifetime: 7.9848
    annual_cost: 18.966411181244364
    efficiency: 0.72129
    discharge_ratio: 5
    depth_of_discharge: 0.5
  VRBF:
    cost: 161.814
    lifetime: 25.0152
    annual_cost: 6.468627074738559
    efficiency: 0.819805
    discharge_ratio: 0.5
    depth_of_discharge: 1.0
