cost_values:
  wind_capex: 5000.0
  wind_opex: 100
  wind_lifetime: 20
  solar_capex: 1000.0
  solar_opex: 10
  solar_lifetime: 20
  carbon_price: 1.0
timeseries_values:
  load_level: 236768.18841863013
  wind_year: 2013
  solar_year: 2010
  price_year: 2023
  carbon_year: 2023
storage_values:
  CAES:
    cost: 59.977
    lifetime: 25.3966
    annual_cost: 2.361615334336092
    efficiency: 0.617524
    discharge_ratio: 0.1
    depth_of_discharge: 0.4
  Li-ion:
    cost: 175.421
    lifetime: 28.8543
    annual_cost: 6.079544469975012
    efficiency: 0.893536
    discharge_ratio: 2
    depth_of_discharge: 0.9
  Pb-acid:
    cost: 145.301
    lifetime: 11.1101
    annual_cost: 13.078280123491238
    efficiency: 0.741686
    discharge_ratio: 5
    depth_of_discharge: 0.5
  VRBF:
    cost: 194.908
    lifetime: 24.6975
    annual_cost: 7.89181091203563
    efficiency: 0.836483
    discharge_ratio: 0.5
    depth_of_discharge: 1.0
