cost_values:
  wind_capex: 5000.0
  wind_opex: 100
  wind_lifetime: 20
  solar_capex: 1000.0
  solar_opex: 10
  solar_lifetime: 20
  carbon_price: 1.0
timeseries_values:
  load_level: 236768.18841863013
  wind_year: 2013
  solar_year: 2010
  price_year: 2023
  carbon_year: 2023
storage_values:
  CAES:
    cost: 63.8308
    lifetime: 25.1452
    annual_cost: 2.538488459029954
    efficiency: 0.632237
    discharge_ratio: 0.1
    depth_of_discharge: 0.4
  Li-ion:
    cost: 173.639
    lifetime: 28.3721
    annual_cost: 6.120061609820916
    efficiency: 0.888311
    discharge_ratio: 2
    depth_of_discharge: 0.9
  Pb-acid:
    cost: 180.824
    lifetime: 7.82383
    annual_cost: 23.111954119657508
    efficiency: 0.733715
    discharge_ratio: 5
    depth_of_discharge: 0.5
  VRBF:
    cost: 155.873
    lifetime: 25.6461
    annual_cost: 6.077844194633881
    efficiency: 0.837845
    discharge_ratio: 0.5
    depth_of_discharge: 1.0
