cost_values:
  wind_capex: 5000.0
  wind_opex: 100
  wind_lifetime: 20
  solar_capex: 1000.0
  solar_opex: 10
  solar_lifetime: 20
  carbon_price: 1.0
timeseries_values:
  load_level: 236768.18841863013
  wind_year: 2013
  solar_year: 2010
  price_year: 2023
  carbon_year: 2023
storage_values:
  CAES:
    cost: 50.0723
    lifetime: 25.3842
    annual_cost: 1.972577430054916
    efficiency: 0.636266
    discharge_ratio: 0.1
    depth_of_discharge: 0.4
  Li-ion:
    cost: 172.043
    lifetime: 27.371
    annual_cost: 6.285594242081035
    efficiency: 0.884627
    discharge_ratio: 2
    depth_of_discharge: 0.9
  Pb-acid:
    cost: 159.19
    lifetime: 9.38189
    annual_cost: 16.96779646744952
    efficiency: 0.714901
    discharge_ratio: 5
    depth_of_discharge: 0.5
  VRBF:
    cost: 167.279
    lifetime: 23.34
    annual_cost: 7.167052270779777
    efficiency: 0.848034
    discharge_ratio: 0.5
    depth_of_discharge: 1.0
