cost_values:
  wind_capex: 5000.0
  wind_opex: 100
  wind_lifetime: 20
  solar_capex: 1000.0
  solar_opex: 10
  solar_lifetime: 20
  carbon_price: 1.0
timeseries_values:
  load_level: 236768.18841863013
  wind_year: 2013
  solar_year: 2010
  price_year: 2023
  carbon_year: 2023
storage_values:
  CAES:
    cost: 52.9608
    lifetime: 25.6956
    annual_cost: 2.061084387988605
    efficiency: 0.626094
    discharge_ratio: 0.1
    depth_of_discharge: 0.4
  Li-ion:
    cost: 175.008
    lifetime: 26.2433
    annual_cost: 6.668673528100506
    efficiency: 0.900092
    discharge_ratio: 2
    depth_of_discharge: 0.9
  Pb-acid:
    cost: 168.805
    lifetime: 9.56632
    annual_cost: 17.645761379506435
    efficiency: 0.72299
    discharge_ratio: 5
    depth_of_discharge: 0.5
  VRBF:
    cost: 235.164
    lifetime: 27.3209
    annual_cost: 8.6074763276466
    efficiency: 0.827387
    discharge_ratio: 0.5
    depth_of_discharge: 1.0
