cost_values:
  wind_capex: 5000.0
  wind_opex: 100
  wind_lifetime: 20
  solar_capex: 1000.0
  solar_opex: 10
  solar_lifetime: 20
  carbon_price: 1.0
timeseries_values:
  load_level: 236768.18841863013
  wind_year: 2013
  solar_year: 2010
  price_year: 2023
  carbon_year: 2023
storage_values:
  CAES:
    cost: 54.1316
    lifetime: 24.5299
    annual_cost: 2.2067599134117954
    efficiency: 0.617211
    discharge_ratio: 0.1
    depth_of_discharge: 0.4
  Li-ion:
    cost: 147.379
    lifetime: 26.577
    annual_cost: 5.545358768860292
    efficiency: 0.899919
    discharge_ratio: 2
    depth_of_discharge: 0.9
  Pb-acid:
    cost: 162.957
    lifetime: 8.77948
    annual_cost: 18.561122071011038
    efficiency: 0.745509
    discharge_ratio: 5
    depth_of_discharge: 0.5
  VRBF:
    cost: 140.65
    lifetime: 23.32
    annual_cost: 6.031303602058319
    efficiency: 0.830193
    discharge_ratio: 0.5
    depth_of_discharge: 1.0
