cost_values:
  wind_capex: 5000.0
  wind_opex: 100
  wind_lifetime: 20
  solar_capex: 1000.0
  solar_opex: 10
  solar_lifetime: 20
  carbon_price: 1.0
timeseries_values:
  load_level: 236768.18841863013
  wind_year: 2013
  solar_year: 2010
  price_year: 2023
  carbon_year: 2023
storage_values:
  CAES:
    cost: 62.1682
    lifetime: 25.7053
    annual_cost: 2.4184973526860216
    efficiency: 0.624661
    discharge_ratio: 0.1
    depth_of_discharge: 0.4
  Li-ion:
    cost: 200.847
    lifetime: 26.525
    annual_cost: 7.571988689915175
    efficiency: 0.889868
    discharge_ratio: 2
    depth_of_discharge: 0.9
  Pb-acid:
    cost: 159.527
    lifetime: 7.53131
    annual_cost: 21.18183954717041
    efficiency: 0.718714
    discharge_ratio: 5
    depth_of_discharge: 0.5
  VRBF:
    cost: 199.48
    lifetime: 27.0041
    annual_cost: 7.387026414507426
    efficiency: 0.827766
    discharge_ratio: 0.5
    depth_of_discharge: 1.0
