cost_values:
  wind_capex: 5000.0
  wind_opex: 100
  wind_lifetime: 20
  solar_capex: 1000.0
  solar_opex: 10
  solar_lifetime: 20
  carbon_price: 1.0
timeseries_values:
  load_level: 236768.18841863013
  wind_year: 2013
  solar_year: 2010
  price_year: 2023
  carbon_year: 2023
storage_values:
  CAES:
    cost: 60.5542
    lifetime: 25.4248
    annual_cost: 2.3816981844498284
    efficiency: 0.621696
    discharge_ratio: 0.1
    depth_of_discharge: 0.4
  Li-ion:
    cost: 163.609
    lifetime: 26.4663
    annual_cost: 6.181785893759233
    efficiency: 0.888179
    discharge_ratio: 2
    depth_of_discharge: 0.9
  Pb-acid:
    cost: 143.465
    lifetime: 8.99101
    annual_cost: 15.95649432043786
    efficiency: 0.724285
    discharge_ratio: 5
    depth_of_discharge: 0.5
  VRBF:
    cost: 158.983
    lifetime: 25.0456
    annual_cost: 6.347741719104354
    efficiency: 0.822808
    discharge_ratio: 0.5
    depth_of_discharge: 1.0
