cost_values:
  wind_capex: 5000.0
  wind_opex: 100
  wind_lifetime: 20
  solar_capex: 1000.0
  solar_opex: 10
  solar_lifetime: 20
  carbon_price: 1.0
timeseries_values:
  load_level: 236768.18841863013
  wind_year: 2013
  solar_year: 2010
  price_year: 2023
  carbon_year: 2023
storage_values:
  CAES:
    cost: 55.7648
    lifetime: 25.8029
    annual_cost: 2.1611834328699486
    efficiency: 0.629207
    discharge_ratio: 0.1
    depth_of_discharge: 0.4
  Li-ion:
    cost: 201.776
    lifetime: 27.223
    annual_cost: 7.411967821327554
    efficiency: 0.883547
    discharge_ratio: 2
    depth_of_discharge: 0.9
  Pb-acid:
    cost: 164.103
    lifetime: 9.30575
    annual_cost: 17.634580769954063
    efficiency: 0.741272
    discharge_ratio: 5
    depth_of_discharge: 0.5
  VRBF:
    cost: 122.598
    lifetime: 24.3002
    annual_cost: 5.045143661369043
    efficiency: 0.822511
    discharge_ratio: 0.5
    depth_of_discharge: 1.0
