cost_values:
  wind_capex: 5000.0
  wind_opex: 100
  wind_lifetime: 20
  solar_capex: 1000.0
  solar_opex: 10
  solar_lifetime: 20
  carbon_price: 1.0
timeseries_values:
  load_level: 236768.18841863013
  wind_year: 2013
  solar_year: 2010
  price_year: 2023
  carbon_year: 2023
storage_values:
  CAES:
    cost: 59.6098
    lifetime: 25.7775
    annual_cost: 2.312474056832509
    efficiency: 0.625236
    discharge_ratio: 0.1
    depth_of_discharge: 0.4
  Li-ion:
    cost: 157.191
    lifetime: 28.1073
    annual_cost: 5.592532900705511
    efficiency: 0.883269
    discharge_ratio: 2
    depth_of_discharge: 0.9
  Pb-acid:
    cost: 148.27
    lifetime: 8.64011
    annual_cost: 17.160661148990002
    efficiency: 0.743091
    discharge_ratio: 5
    depth_of_discharge: 0.5
  VRBF:
    cost: 153.431
    lifetime: 24.3979
    annual_cost: 6.2886969780186
    efficiency: 0.791903
    discharge_ratio: 0.5
    depth_of_discharge: 1.0
