cost_values:
  wind_capex: 5000.0
  wind_opex: 100
  wind_lifetime: 20
  solar_capex: 1000.0
  solar_opex: 10
  solar_lifetime: 20
  carbon_price: 1.0
timeseries_values:
  load_level: 236768.18841863013
  wind_year: 2013
  solar_year: 2010
  price_year: 2023
  carbon_year: 2023
storage_values:
  CAES:
    cost: 57.8687
    lifetime: 26.0191
    annual_cost: 2.224085383429865
    efficiency: 0.628003
    discharge_ratio: 0.1
    depth_of_discharge: 0.4
  Li-ion:
    cost: 183.217
    lifetime: 26.1089
    annual_cost: 7.017415517314021
    efficiency: 0.886193
    discharge_ratio: 2
    depth_of_discharge: 0.9
  Pb-acid:
    cost: 157.106
    lifetime: 8.36186
    annual_cost: 18.788403537012098
    efficiency: 0.736996
    discharge_ratio: 5
    depth_of_discharge: 0.5
  VRBF:
    cost: 150.002
    lifetime: 24.0956
    annual_cost: 6.225285944321785
    efficiency: 0.825434
    discharge_ratio: 0.5
    depth_of_discharge: 1.0
