cost_values:
  wind_capex: 5000.0
  wind_opex: 100
  wind_lifetime: 20
  solar_capex: 1000.0
  solar_opex: 10
  solar_lifetime: 20
  carbon_price: 1.0
timeseries_values:
  load_level: 236768.18841863013
  wind_year: 2013
  solar_year: 2010
  price_year: 2023
  carbon_year: 2023
storage_values:
  CAES:
    cost: 55.3259
    lifetime: 25.1995
    annual_cost: 2.195515784043334
    efficiency: 0.631774
    discharge_ratio: 0.1
    depth_of_discharge: 0.4
  Li-ion:
    cost: 169.841
    lifetime: 26.1857
    annual_cost: 6.486020996192578
    efficiency: 0.886952
    discharge_ratio: 2
    depth_of_discharge: 0.9
  Pb-acid:
    cost: 143.195
    lifetime: 8.09006
    annual_cost: 17.700115944751957
    efficiency: 0.716754
    discharge_ratio: 5
    depth_of_discharge: 0.5
  VRBF:
    cost: 159.355
    lifetime: 24.8476
    annual_cost: 6.413295449057454
    efficiency: 0.797296
    discharge_ratio: 0.5
    depth_of_discharge: 1.0
