cost_values:
  wind_capex: 5000.0
  wind_opex: 100
  wind_lifetime: 20
  solar_capex: 1000.0
  solar_opex: 10
  solar_lifetime: 20
  carbon_price: 1.0
timeseries_values:
  load_level: 236768.18841863013
  wind_year: 2013
  solar_year: 2010
  price_year: 2023
  carbon_year: 2023
storage_values:
  CAES:
    cost: 56.7556
    lifetime: 24.8444
    annual_cost: 2.284442369306564
    efficiency: 0.625697
    discharge_ratio: 0.1
    depth_of_discharge: 0.4
  Li-ion:
    cost: 170.308
    lifetime: 27.6514
    annual_cost: 6.15910948451073
    efficiency: 0.881637
    discharge_ratio: 2
    depth_of_discharge: 0.9
  Pb-acid:
    cost: 123.962
    lifetime: 9.24473
    annual_cost: 13.408936767217646
    efficiency: 0.713264
    discharge_ratio: 5
    depth_of_discharge: 0.5
  VRBF:
    cost: 152.981
    lifetime: 24.7724
    annual_cost: 6.175461400590979
    efficiency: 0.815392
    discharge_ratio: 0.5
    depth_of_discharge: 1.0
