cost_values:
  wind_capex: 5000.0
  wind_opex: 100
  wind_lifetime: 20
  solar_capex: 1000.0
  solar_opex: 10
  solar_lifetime: 20
  carbon_price: 1.0
timeseries_values:
  load_level: 236768.18841863013
  wind_year: 2013
  solar_year: 2010
  price_year: 2023
  carbon_year: 2023
storage_values:
  CAES:
    cost: 55.6633
    lifetime: 24.9879
    annual_cost: 2.2276101633190466
    efficiency: 0.627646
    discharge_ratio: 0.1
    depth_of_discharge: 0.4
  Li-ion:
    cost: 186.812
    lifetime: 26.4492
    annual_cost: 7.063049165948309
    efficiency: 0.882994
    discharge_ratio: 2
    depth_of_discharge: 0.9
  Pb-acid:
    cost: 165.906
    lifetime: 9.71397
    annual_cost: 17.07911389473099
    efficiency: 0.721571
    discharge_ratio: 5
    depth_of_discharge: 0.5
  VRBF:
    cost: 181.139
    lifetime: 22.8178
    annual_cost: 7.938495385181745
    efficiency: 0.816375
    discharge_ratio: 0.5
    depth_of_discharge: 1.0
