cost_values:
  wind_capex: 5000.0
  wind_opex: 100
  wind_lifetime: 20
  solar_capex: 1000.0
  solar_opex: 10
  solar_lifetime: 20
  carbon_price: 1.0
timeseries_values:
  load_level: 236768.18841863013
  wind_year: 2013
  solar_year: 2010
  price_year: 2023
  carbon_year: 2023
storage_values:
  CAES:
    cost: 64.6061
    lifetime: 25.4217
    annual_cost: 2.541376068476931
    efficiency: 0.620862
    discharge_ratio: 0.1
    depth_of_discharge: 0.4
  Li-ion:
    cost: 171.945
    lifetime: 26.7268
    annual_cost: 6.433430115090471
    efficiency: 0.892188
    discharge_ratio: 2
    depth_of_discharge: 0.9
  Pb-acid:
    cost: 151.824
    lifetime: 8.85702
    annual_cost: 17.14165712621175
    efficiency: 0.739663
    discharge_ratio: 5
    depth_of_discharge: 0.5
  VRBF:
    cost: 158.221
    lifetime: 23.4815
    annual_cost: 6.7381129825607395
    efficiency: 0.813345
    discharge_ratio: 0.5
    depth_of_discharge: 1.0
