cost_values:
  wind_capex: 5000.0
  wind_opex: 100
  wind_lifetime: 20
  solar_capex: 1000.0
  solar_opex: 10
  solar_lifetime: 20
  carbon_price: 1.0
timeseries_values:
  load_level: 236768.18841863013
  wind_year: 2013
  solar_year: 2010
  price_year: 2023
  carbon_year: 2023
storage_values:
  CAES:
    cost: 51.2308
    lifetime: 25.2614
    annual_cost: 2.028026950208619
    efficiency: 0.625483
    discharge_ratio: 0.1
    depth_of_discharge: 0.4
  Li-ion:
    cost: 162.915
    lifetime: 27.3925
    annual_cost: 5.947430866112987
    efficiency: 0.904074
    discharge_ratio: 2
    depth_of_discharge: 0.9
  Pb-acid:
    cost: 155.399
    lifetime: 9.01447
    annual_cost: 17.23883933276166
    efficiency: 0.733618
    discharge_ratio: 5
    depth_of_discharge: 0.5
  VRBF:
    cost: 128.599
    lifetime: 22.4166
    annual_cost: 5.736775425354424
    efficiency: 0.840391
    discharge_ratio: 0.5
    depth_of_discharge: 1.0
