cost_values:
  wind_capex: 5000.0
  wind_opex: 100
  wind_lifetime: 20
  solar_capex: 1000.0
  solar_opex: 10
  solar_lifetime: 20
  carbon_price: 1.0
timeseries_values:
  load_level: 236768.18841863013
  wind_year: 2013
  solar_year: 2010
  price_year: 2023
  carbon_year: 2023
storage_values:
  CAES:
    cost: 52.6205
    lifetime: 25.6654
    annual_cost: 2.0502505318444286
    efficiency: 0.62066
    discharge_ratio: 0.1
    depth_of_discharge: 0.4
  Li-ion:
    cost: 167.66
    lifetime: 26.2194
    annual_cost: 6.394501781123901
    efficiency: 0.896296
    discharge_ratio: 2
    depth_of_discharge: 0.9
  Pb-acid:
    cost: 171.479
    lifetime: 9.01047
    annual_cost: 19.031082729313788
    efficiency: 0.745103
    discharge_ratio: 5
    depth_of_discharge: 0.5
  VRBF:
    cost: 140.599
    lifetime: 25.1451
    annual_cost: 5.591506893987297
    efficiency: 0.792796
    discharge_ratio: 0.5
    depth_of_discharge: 1.0
