cost_values:
  wind_capex: 5000.0
  wind_opex: 100
  wind_lifetime: 20
  solar_capex: 1000.0
  solar_opex: 10
  solar_lifetime: 20
  carbon_price: 1.0
timeseries_values:
  load_level: 236768.18841863013
  wind_year: 2013
  solar_year: 2010
  price_year: 2023
  carbon_year: 2023
storage_values:
  CAES:
    cost: 51.9702
    lifetime: 25.8984
    annual_cost: 2.006695394310073
    efficiency: 0.631105
    discharge_ratio: 0.1
    depth_of_discharge: 0.4
  Li-ion:
    cost: 188.294
    lifetime: 25.0093
    annual_cost: 7.528959227167494
    efficiency: 0.90088
    discharge_ratio: 2
    depth_of_discharge: 0.9
  Pb-acid:
    cost: 151.391
    lifetime: 9.06658
    annual_cost: 16.697696375038877
    efficiency: 0.730752
    discharge_ratio: 5
    depth_of_discharge: 0.5
  VRBF:
    cost: 153.514
    lifetime: 25.2227
    annual_cost: 6.086342857822517
    efficiency: 0.838429
    discharge_ratio: 0.5
    depth_of_discharge: 1.0
