cost_values:
  wind_capex: 5000.0
  wind_opex: 100
  wind_lifetime: 20
  solar_capex: 1000.0
  solar_opex: 10
  solar_lifetime: 20
  carbon_price: 1.0
timeseries_values:
  load_level: 236768.18841863013
  wind_year: 2013
  solar_year: 2010
  price_year: 2023
  carbon_year: 2023
storage_values:
  CAES:
    cost: 54.8899
    lifetime: 24.3986
    annual_cost: 2.2497151475904356
    efficiency: 0.620025
    discharge_ratio: 0.1
    depth_of_discharge: 0.4
  Li-ion:
    cost: 188.775
    lifetime: 24.9963
    annual_cost: 7.552117713421586
    efficiency: 0.907263
    discharge_ratio: 2
    depth_of_discharge: 0.9
  Pb-acid:
    cost: 165.738
    lifetime: 9.61164
    annual_cost: 17.243467295903717
    efficiency: 0.72921
    discharge_ratio: 5
    depth_of_discharge: 0.5
  VRBF:
    cost: 199.849
    lifetime: 24.8494
    annual_cost: 8.042407462554428
    efficiency: 0.817503
    discharge_ratio: 0.5
    depth_of_discharge: 1.0
