cost_values:
  wind_capex: 5000.0
  wind_opex: 100
  wind_lifetime: 20
  solar_capex: 1000.0
  solar_opex: 10
  solar_lifetime: 20
  carbon_price: 1.0
timeseries_values:
  load_level: 236768.18841863013
  wind_year: 2013
  solar_year: 2010
  price_year: 2023
  carbon_year: 2023
storage_values:
  CAES:
    cost: 59.7406
    lifetime: 25.2888
    annual_cost: 2.362334314004619
    efficiency: 0.628629
    discharge_ratio: 0.1
    depth_of_discharge: 0.4
  Li-ion:
    cost: 194.062
    lifetime: 25.361
    annual_cost: 7.651985331808683
    efficiency: 0.874927
    discharge_ratio: 2
    depth_of_discharge: 0.9
  Pb-acid:
    cost: 158.543
    lifetime: 10.0653
    annual_cost: 15.751443076709089
    efficiency: 0.723157
    discharge_ratio: 5
    depth_of_discharge: 0.5
  VRBF:
    cost: 143.287
    lifetime: 25.9081
    annual_cost: 5.530586959290724
    efficiency: 0.804
    discharge_ratio: 0.5
    depth_of_discharge: 1.0
