cost_values:
  wind_capex: 5000.0
  wind_opex: 100
  wind_lifetime: 20
  solar_capex: 1000.0
  solar_opex: 10
  solar_lifetime: 20
  carbon_price: 1.0
timeseries_values:
  load_level: 236768.18841863013
  wind_year: 2013
  solar_year: 2010
  price_year: 2023
  carbon_year: 2023
storage_values:
  CAES:
    cost: 53.2574
    lifetime: 24.785
    annual_cost: 2.1487754690336898
    efficiency: 0.630745
    discharge_ratio: 0.1
    depth_of_discharge: 0.4
  Li-ion:
    cost: 193.241
    lifetime: 29.4968
    annual_cost: 6.5512530172764505
    efficiency: 0.890605
    discharge_ratio: 2
    depth_of_discharge: 0.9
  Pb-acid:
    cost: 149.79
    lifetime: 7.96053
    annual_cost: 18.816586332819547
    efficiency: 0.72812
    discharge_ratio: 5
    depth_of_discharge: 0.5
  VRBF:
    cost: 169.318
    lifetime: 25.7202
    annual_cost: 6.583074781689101
    efficiency: 0.820542
    discharge_ratio: 0.5
    depth_of_discharge: 1.0
