cost_values:
  wind_capex: 5000.0
  wind_opex: 100
  wind_lifetime: 20
  solar_capex: 1000.0
  solar_opex: 10
  solar_lifetime: 20
  carbon_price: 1.0
timeseries_values:
  load_level: 236768.18841863013
  wind_year: 2013
  solar_year: 2010
  price_year: 2023
  carbon_year: 2023
storage_values:
  CAES:
    cost: 50.3343
    lifetime: 25.6915
    annual_cost: 1.959181052098943
    efficiency: 0.619486
    discharge_ratio: 0.1
    depth_of_discharge: 0.4
  Li-ion:
    cost: 181.282
    lifetime: 28.2056
    annual_cost: 6.427163400175852
    efficiency: 0.900843
    discharge_ratio: 2
    depth_of_discharge: 0.9
  Pb-acid:
    cost: 175.377
    lifetime: 9.25083
    annual_cost: 18.95797458174023
    efficiency: 0.719284
    discharge_ratio: 5
    depth_of_discharge: 0.5
  VRBF:
    cost: 183.312
    lifetime: 27.2159
    annual_cost: 6.735474483665798
    efficiency: 0.819271
    discharge_ratio: 0.5
    depth_of_discharge: 1.0
