cost_values:
  wind_capex: 5000.0
  wind_opex: 100
  wind_lifetime: 20
  solar_capex: 1000.0
  solar_opex: 10
  solar_lifetime: 20
  carbon_price: 1.0
timeseries_values:
  load_level: 236768.18841863013
  wind_year: 2013
  solar_year: 2010
  price_year: 2023
  carbon_year: 2023
storage_values:
  CAES:
    cost: 56.8762
    lifetime: 25.5407
    annual_cost: 2.2268849326760813
    efficiency: 0.621448
    discharge_ratio: 0.1
    depth_of_discharge: 0.4
  Li-ion:
    cost: 171.214
    lifetime: 28.2841
    annual_cost: 6.053365671879254
    efficiency: 0.887309
    discharge_ratio: 2
    depth_of_discharge: 0.9
  Pb-acid:
    cost: 143.067
    lifetime: 9.02072
    annual_cost: 15.859820502132868
    efficiency: 0.743623
    discharge_ratio: 5
    depth_of_discharge: 0.5
  VRBF:
    cost: 155.306
    lifetime: 24.9048
    annual_cost: 6.235986637114131
    efficiency: 0.825174
    discharge_ratio: 0.5
    depth_of_discharge: 1.0
