cost_values:
  wind_capex: 5000.0
  wind_opex: 100
  wind_lifetime: 20
  solar_capex: 1000.0
  solar_opex: 10
  solar_lifetime: 20
  carbon_price: 1.0
timeseries_values:
  load_level: 236768.18841863013
  wind_year: 2013
  solar_year: 2010
  price_year: 2023
  carbon_year: 2023
storage_values:
  CAES:
    cost: 52.5575
    lifetime: 24.7637
    annual_cost: 2.1223605519369078
    efficiency: 0.62972
    discharge_ratio: 0.1
    depth_of_discharge: 0.4
  Li-ion:
    cost: 168.343
    lifetime: 27.6097
    annual_cost: 6.097241186974142
    efficiency: 0.8965
    discharge_ratio: 2
    depth_of_discharge: 0.9
  Pb-acid:
    cost: 166.367
    lifetime: 8.00543
    annual_cost: 20.78176937403737
    efficiency: 0.721668
    discharge_ratio: 5
    depth_of_discharge: 0.5
  VRBF:
    cost: 163.32
    lifetime: 24.34
    annual_cost: 6.709942481511915
    efficiency: 0.814684
    discharge_ratio: 0.5
    depth_of_discharge: 1.0
