cost_values:
  wind_capex: 5000.0
  wind_opex: 100
  wind_lifetime: 20
  solar_capex: 1000.0
  solar_opex: 10
  solar_lifetime: 20
  carbon_price: 1.0
timeseries_values:
  load_level: 236768.18841863013
  wind_year: 2013
  solar_year: 2010
  price_year: 2023
  carbon_year: 2023
storage_values:
  CAES:
    cost: 50.31
    lifetime: 24.4387
    annual_cost: 2.0586201393691153
    efficiency: 0.628809
    discharge_ratio: 0.1
    depth_of_discharge: 0.4
  Li-ion:
    cost: 186.251
    lifetime: 28.4123
    annual_cost: 6.5552947139091176
    efficiency: 0.883983
    discharge_ratio: 2
    depth_of_discharge: 0.9
  Pb-acid:
    cost: 157.444
    lifetime: 8.16212
    annual_cost: 19.28959633036515
    efficiency: 0.717835
    discharge_ratio: 5
    depth_of_discharge: 0.5
  VRBF:
    cost: 175.933
    lifetime: 25.3077
    annual_cost: 6.951757765423171
    efficiency: 0.799498
    discharge_ratio: 0.5
    depth_of_discharge: 1.0
