cost_values:
  wind_capex: 5000.0
  wind_opex: 100
  wind_lifetime: 20
  solar_capex: 1000.0
  solar_opex: 10
  solar_lifetime: 20
  carbon_price: 1.0
timeseries_values:
  load_level: 236768.18841863013
  wind_year: 2013
  solar_year: 2010
  price_year: 2023
  carbon_year: 2023
storage_values:
  CAES:
    cost: 51.3415
    lifetime: 24.5662
    annual_cost: 2.089924367627065
    efficiency: 0.626663
    discharge_ratio: 0.1
    depth_of_discharge: 0.4
  Li-ion:
    cost: 191.058
    lifetime: 27.1428
    annual_cost: 7.038993766302665
    efficiency: 0.891877
    discharge_ratio: 2
    depth_of_discharge: 0.9
  Pb-acid:
    cost: 140.99
    lifetime: 11.2315
    annual_cost: 12.553087299114098
    efficiency: 0.718851
    discharge_ratio: 5
    depth_of_discharge: 0.5
  VRBF:
    cost: 155.818
    lifetime: 22.8967
    annual_cost: 6.805260146658689
    efficiency: 0.817587
    discharge_ratio: 0.5
    depth_of_discharge: 1.0
