cost_values:
  wind_capex: 5000.0
  wind_opex: 100
  wind_lifetime: 20
  solar_capex: 1000.0
  solar_opex: 10
  solar_lifetime: 20
  carbon_price: 1.0
timeseries_values:
  load_level: 236768.18841863013
  wind_year: 2013
  solar_year: 2010
  price_year: 2023
  carbon_year: 2023
storage_values:
  CAES:
    cost: 61.3457
    lifetime: 26.186
    annual_cost: 2.342690750782861
    efficiency: 0.637352
    discharge_ratio: 0.1
    depth_of_discharge: 0.4
  Li-ion:
    cost: 158.305
    lifetime: 26.6634
    annual_cost: 5.93716480268833
    efficiency: 0.889829
    discharge_ratio: 2
    depth_of_discharge: 0.9
  Pb-acid:
    cost: 143.425
    lifetime: 7.06091
    annual_cost: 20.31253761908876
    efficiency: 0.704805
    discharge_ratio: 5
    depth_of_discharge: 0.5
  VRBF:
    cost: 210.263
    lifetime: 22.3054
    annual_cost: 9.42655141804227
    efficiency: 0.83297
    discharge_ratio: 0.5
    depth_of_discharge: 1.0
