cost_values:
  wind_capex: 5000.0
  wind_opex: 100
  wind_lifetime: 20
  solar_capex: 1000.0
  solar_opex: 10
  solar_lifetime: 20
  carbon_price: 1.0
timeseries_values:
  load_level: 236768.18841863013
  wind_year: 2013
  solar_year: 2010
  price_year: 2023
  carbon_year: 2023
storage_values:
  CAES:
    cost: 59.6201
    lifetime: 24.8577
    annual_cost: 2.3984560116181304
    efficiency: 0.627339
    discharge_ratio: 0.1
    depth_of_discharge: 0.4
  Li-ion:
    cost: 200.474
    lifetime: 28.6411
    annual_cost: 6.999521666416443
    efficiency: 0.893706
    discharge_ratio: 2
    depth_of_discharge: 0.9
  Pb-acid:
    cost: 166.735
    lifetime: 8.78108
    annual_cost: 18.987983254907146
    efficiency: 0.726194
    discharge_ratio: 5
    depth_of_discharge: 0.5
  VRBF:
    cost: 140.54
    lifetime: 23.9155
    annual_cost: 5.876523593485396
    efficiency: 0.809516
    discharge_ratio: 0.5
    depth_of_discharge: 1.0
