cost_values:
  wind_capex: 5000.0
  wind_opex: 100
  wind_lifetime: 20
  solar_capex: 1000.0
  solar_opex: 10
  solar_lifetime: 20
  carbon_price: 1.0
timeseries_values:
  load_level: 236768.18841863013
  wind_year: 2013
  solar_year: 2010
  price_year: 2023
  carbon_year: 2023
storage_values:
  CAES:
    cost: 55.1899
    lifetime: 23.9778
    annual_cost: 2.301708246794952
    efficiency: 0.616733
    discharge_ratio: 0.1
    depth_of_discharge: 0.4
  Li-ion:
    cost: 189.914
    lifetime: 26.8588
    annual_cost: 7.0708296722117145
    efficiency: 0.893936
    discharge_ratio: 2
    depth_of_discharge: 0.9
  Pb-acid:
    cost: 160.347
    lifetime: 9.80763
    annual_cost: 16.349209747920753
    efficiency: 0.719333
    discharge_ratio: 5
    depth_of_discharge: 0.5
  VRBF:
    cost: 155.652
    lifetime: 24.6825
    annual_cost: 6.306168337891218
    efficiency: 0.832831
    discharge_ratio: 0.5
    depth_of_discharge: 1.0
