cost_values:
  wind_capex: 5000.0
  wind_opex: 100
  wind_lifetime: 20
  solar_capex: 1000.0
  solar_opex: 10
  solar_lifetime: 20
  carbon_price: 1.0
timeseries_values:
  load_level: 236768.18841863013
  wind_year: 2013
  solar_year: 2010
  price_year: 2023
  carbon_year: 2023
storage_values:
  CAES:
    cost: 54.3628
    lifetime: 25.3953
    annual_cost: 2.140663823620906
    efficiency: 0.621876
    discharge_ratio: 0.1
    depth_of_discharge: 0.4
  Li-ion:
    cost: 156.513
    lifetime: 28.07
    annual_cost: 5.575810473815461
    efficiency: 0.90001
    discharge_ratio: 2
    depth_of_discharge: 0.9
  Pb-acid:
    cost: 152.923
    lifetime: 9.78265
    annual_cost: 15.632062886845588
    efficiency: 0.72479
    discharge_ratio: 5
    depth_of_discharge: 0.5
  VRBF:
    cost: 185.718
    lifetime: 25.6423
    annual_cost: 7.242642040690578
    efficiency: 0.803416
    discharge_ratio: 0.5
    depth_of_discharge: 1.0
