cost_values:
  wind_capex: 5000.0
  wind_opex: 100
  wind_lifetime: 20
  solar_capex: 1000.0
  solar_opex: 10
  solar_lifetime: 20
  carbon_price: 1.0
timeseries_values:
  load_level: 236768.18841863013
  wind_year: 2013
  solar_year: 2010
  price_year: 2023
  carbon_year: 2023
storage_values:
  CAES:
    cost: 59.4309
    lifetime: 25.3901
    annual_cost: 2.340711537173938
    efficiency: 0.635705
    discharge_ratio: 0.1
    depth_of_discharge: 0.4
  Li-ion:
    cost: 170.581
    lifetime: 25.6478
    annual_cost: 6.650901831736054
    efficiency: 0.874039
    discharge_ratio: 2
    depth_of_discharge: 0.9
  Pb-acid:
    cost: 175.772
    lifetime: 7.8388
    annual_cost: 22.423330101546153
    efficiency: 0.720361
    discharge_ratio: 5
    depth_of_discharge: 0.5
  VRBF:
    cost: 170.581
    lifetime: 24.2423
    annual_cost: 7.036502312074349
    efficiency: 0.829006
    discharge_ratio: 0.5
    depth_of_discharge: 1.0
