cost_values:
  wind_capex: 5000.0
  wind_opex: 100
  wind_lifetime: 20
  solar_capex: 1000.0
  solar_opex: 10
  solar_lifetime: 20
  carbon_price: 1.0
timeseries_values:
  load_level: 236768.18841863013
  wind_year: 2013
  solar_year: 2010
  price_year: 2023
  carbon_year: 2023
storage_values:
  CAES:
    cost: 59.018
    lifetime: 25.468
    annual_cost: 2.3173394063138057
    efficiency: 0.635971
    discharge_ratio: 0.1
    depth_of_discharge: 0.4
  Li-ion:
    cost: 183.573
    lifetime: 25.1306
    annual_cost: 7.304759934104239
    efficiency: 0.884289
    discharge_ratio: 2
    depth_of_discharge: 0.9
  Pb-acid:
    cost: 169.155
    lifetime: 7.22459
    annual_cost: 23.413785418964952
    efficiency: 0.720981
    discharge_ratio: 5
    depth_of_discharge: 0.5
  VRBF:
    cost: 136.198
    lifetime: 22.8659
    annual_cost: 5.9563804617355975
    efficiency: 0.826309
    discharge_ratio: 0.5
    depth_of_discharge: 1.0
