cost_values:
  wind_capex: 5000.0
  wind_opex: 100
  wind_lifetime: 20
  solar_capex: 1000.0
  solar_opex: 10
  solar_lifetime: 20
  carbon_price: 1.0
timeseries_values:
  load_level: 236768.18841863013
  wind_year: 2013
  solar_year: 2010
  price_year: 2023
  carbon_year: 2023
storage_values:
  CAES:
    cost: 48.1014
    lifetime: 25.6082
    annual_cost: 1.878359275544552
    efficiency: 0.633347
    discharge_ratio: 0.1
    depth_of_discharge: 0.4
  Li-ion:
    cost: 189.813
    lifetime: 26.848
    annual_cost: 7.069912097735399
    efficiency: 0.897096
    discharge_ratio: 2
    depth_of_discharge: 0.9
  Pb-acid:
    cost: 167.955
    lifetime: 8.39883
    annual_cost: 19.997428213215414
    efficiency: 0.731443
    discharge_ratio: 5
    depth_of_discharge: 0.5
  VRBF:
    cost: 161.68
    lifetime: 24.267
    annual_cost: 6.662545844150493
    efficiency: 0.839551
    discharge_ratio: 0.5
    depth_of_discharge: 1.0
