cost_values:
  wind_capex: 5000.0
  wind_opex: 100
  wind_lifetime: 20
  solar_capex: 1000.0
  solar_opex: 10
  solar_lifetime: 20
  carbon_price: 1.0
timeseries_values:
  load_level: 236768.18841863013
  wind_year: 2013
  solar_year: 2010
  price_year: 2023
  carbon_year: 2023
storage_values:
  CAES:
    cost: 66.747
    lifetime: 23.8798
    annual_cost: 2.7951239122605718
    efficiency: 0.628593
    discharge_ratio: 0.1
    depth_of_discharge: 0.4
  Li-ion:
    cost: 179.83
    lifetime: 28.8654
    annual_cost: 6.229950043997312
    efficiency: 0.885197
    discharge_ratio: 2
    depth_of_discharge: 0.9
  Pb-acid:
    cost: 188.741
    lifetime: 9.71404
    annual_cost: 19.429712045657624
    efficiency: 0.725565
    discharge_ratio: 5
    depth_of_discharge: 0.5
  VRBF:
    cost: 140.113
    lifetime: 25.7519
    annual_cost: 5.440880090401097
    efficiency: 0.817467
    discharge_ratio: 0.5
    depth_of_discharge: 1.0
