cost_values:
  wind_capex: 5000.0
  wind_opex: 100
  wind_lifetime: 20
  solar_capex: 1000.0
  solar_opex: 10
  solar_lifetime: 20
  carbon_price: 1.0
timeseries_values:
  load_level: 236768.18841863013
  wind_year: 2013
  solar_year: 2010
  price_year: 2023
  carbon_year: 2023
storage_values:
  CAES:
    cost: 50.6944
    lifetime: 24.888
    annual_cost: 2.036901317904211
    efficiency: 0.628549
    discharge_ratio: 0.1
    depth_of_discharge: 0.4
  Li-ion:
    cost: 170.667
    lifetime: 26.8325
    annual_cost: 6.360458399329172
    efficiency: 0.886506
    discharge_ratio: 2
    depth_of_discharge: 0.9
  Pb-acid:
    cost: 155.625
    lifetime: 7.31681
    annual_cost: 21.269514993555934
    efficiency: 0.732021
    discharge_ratio: 5
    depth_of_discharge: 0.5
  VRBF:
    cost: 166.586
    lifetime: 24.764
    annual_cost: 6.7269423356485225
    efficiency: 0.820684
    discharge_ratio: 0.5
    depth_of_discharge: 1.0
