cost_values:
  wind_capex: 5000.0
  wind_opex: 100
  wind_lifetime: 20
  solar_capex: 1000.0
  solar_opex: 10
  solar_lifetime: 20
  carbon_price: 1.0
timeseries_values:
  load_level: 236768.18841863013
  wind_year: 2013
  solar_year: 2010
  price_year: 2023
  carbon_year: 2023
storage_values:
  CAES:
    cost: 55.3357
    lifetime: 25.2055
    annual_cost: 2.1953819602864453
    efficiency: 0.620254
    discharge_ratio: 0.1
    depth_of_discharge: 0.4
  Li-ion:
    cost: 175.192
    lifetime: 27.7794
    annual_cost: 6.3065436978480465
    efficiency: 0.896861
    discharge_ratio: 2
    depth_of_discharge: 0.9
  Pb-acid:
    cost: 154.844
    lifetime: 9.3374
    annual_cost: 16.583203032964207
    efficiency: 0.744208
    discharge_ratio: 5
    depth_of_discharge: 0.5
  VRBF:
    cost: 164.154
    lifetime: 23.0332
    annual_cost: 7.126842991855234
    efficiency: 0.819678
    discharge_ratio: 0.5
    depth_of_discharge: 1.0
