cost_values:
  wind_capex: 5000.0
  wind_opex: 100
  wind_lifetime: 20
  solar_capex: 1000.0
  solar_opex: 10
  solar_lifetime: 20
  carbon_price: 1.0
timeseries_values:
  load_level: 236768.18841863013
  wind_year: 2013
  solar_year: 2010
  price_year: 2023
  carbon_year: 2023
storage_values:
  CAES:
    cost: 55.0965
    lifetime: 24.7248
    annual_cost: 2.228390118423607
    efficiency: 0.619302
    discharge_ratio: 0.1
    depth_of_discharge: 0.4
  Li-ion:
    cost: 194.762
    lifetime: 27.6065
    annual_cost: 7.0549327151214385
    efficiency: 0.881581
    discharge_ratio: 2
    depth_of_discharge: 0.9
  Pb-acid:
    cost: 154.136
    lifetime: 8.90487
    annual_cost: 17.309180257544465
    efficiency: 0.723253
    discharge_ratio: 5
    depth_of_discharge: 0.5
  VRBF:
    cost: 177.061
    lifetime: 22.2681
    annual_cost: 7.951329480287946
    efficiency: 0.8322
    discharge_ratio: 0.5
    depth_of_discharge: 1.0
