cost_values:
  wind_capex: 5000.0
  wind_opex: 100
  wind_lifetime: 20
  solar_capex: 1000.0
  solar_opex: 10
  solar_lifetime: 20
  carbon_price: 1.0
timeseries_values:
  load_level: 236768.18841863013
  wind_year: 2013
  solar_year: 2010
  price_year: 2023
  carbon_year: 2023
storage_values:
  CAES:
    cost: 59.2269
    lifetime: 25.4662
    annual_cost: 2.3257062302188785
    efficiency: 0.621153
    discharge_ratio: 0.1
    depth_of_discharge: 0.4
  Li-ion:
    cost: 197.21
    lifetime: 25.5767
    annual_cost: 7.710533415178659
    efficiency: 0.899092
    discharge_ratio: 2
    depth_of_discharge: 0.9
  Pb-acid:
    cost: 170.488
    lifetime: 8.9078
    annual_cost: 19.139181391589393
    efficiency: 0.711228
    discharge_ratio: 5
    depth_of_discharge: 0.5
  VRBF:
    cost: 141.421
    lifetime: 25.4864
    annual_cost: 5.548880971812418
    efficiency: 0.822887
    discharge_ratio: 0.5
    depth_of_discharge: 1.0
