cost_values:
  wind_capex: 5000.0
  wind_opex: 100
  wind_lifetime: 20
  solar_capex: 1000.0
  solar_opex: 10
  solar_lifetime: 20
  carbon_price: 1.0
timeseries_values:
  load_level: 236768.18841863013
  wind_year: 2013
  solar_year: 2010
  price_year: 2023
  carbon_year: 2023
storage_values:
  CAES:
    cost: 51.6052
    lifetime: 24.4342
    annual_cost: 2.1120069410907663
    efficiency: 0.620753
    discharge_ratio: 0.1
    depth_of_discharge: 0.4
  Li-ion:
    cost: 161.655
    lifetime: 27.6106
    annual_cost: 5.85481662839634
    efficiency: 0.898994
    discharge_ratio: 2
    depth_of_discharge: 0.9
  Pb-acid:
    cost: 165.068
    lifetime: 7.79026
    annual_cost: 21.189023216169936
    efficiency: 0.723286
    discharge_ratio: 5
    depth_of_discharge: 0.5
  VRBF:
    cost: 153.51
    lifetime: 24.6668
    annual_cost: 6.223344738677088
    efficiency: 0.832461
    discharge_ratio: 0.5
    depth_of_discharge: 1.0
