cost_values:
  wind_capex: 5000.0
  wind_opex: 100
  wind_lifetime: 20
  solar_capex: 1000.0
  solar_opex: 10
  solar_lifetime: 20
  carbon_price: 1.0
timeseries_values:
  load_level: 236768.18841863013
  wind_year: 2013
  solar_year: 2010
  price_year: 2023
  carbon_year: 2023
storage_values:
  CAES:
    cost: 59.8421
    lifetime: 24.4084
    annual_cost: 2.4517010537355994
    efficiency: 0.625823
    discharge_ratio: 0.1
    depth_of_discharge: 0.4
  Li-ion:
    cost: 193.921
    lifetime: 27.8471
    annual_cost: 6.963777197625605
    efficiency: 0.896328
    discharge_ratio: 2
    depth_of_discharge: 0.9
  Pb-acid:
    cost: 161.751
    lifetime: 7.74944
    annual_cost: 20.87260498823141
    efficiency: 0.721584
    discharge_ratio: 5
    depth_of_discharge: 0.5
  VRBF:
    cost: 168.214
    lifetime: 24.0352
    annual_cost: 6.998651977100253
    efficiency: 0.827626
    discharge_ratio: 0.5
    depth_of_discharge: 1.0
