cost_values:
  wind_capex: 5000.0
  wind_opex: 100
  wind_lifetime: 20
  solar_capex: 1000.0
  solar_opex: 10
  solar_lifetime: 20
  carbon_price: 1.0
timeseries_values:
  load_level: 236768.18841863013
  wind_year: 2013
  solar_year: 2010
  price_year: 2023
  carbon_year: 2023
storage_values:
  CAES:
    cost: 62.9274
    lifetime: 26.1865
    annual_cost: 2.4030473717373457
    efficiency: 0.631565
    discharge_ratio: 0.1
    depth_of_discharge: 0.4
  Li-ion:
    cost: 169.049
    lifetime: 29.2168
    annual_cost: 5.786020371840859
    efficiency: 0.894787
    discharge_ratio: 2
    depth_of_discharge: 0.9
  Pb-acid:
    cost: 169.29
    lifetime: 8.77336
    annual_cost: 19.29591399418239
    efficiency: 0.738582
    discharge_ratio: 5
    depth_of_discharge: 0.5
  VRBF:
    cost: 150.666
    lifetime: 23.0492
    annual_cost: 6.536712770942159
    efficiency: 0.804507
    discharge_ratio: 0.5
    depth_of_discharge: 1.0
