cost_values:
  wind_capex: 5000.0
  wind_opex: 100
  wind_lifetime: 20
  solar_capex: 1000.0
  solar_opex: 10
  solar_lifetime: 20
  carbon_price: 1.0
timeseries_values:
  load_level: 236768.18841863013
  wind_year: 2013
  solar_year: 2010
  price_year: 2023
  carbon_year: 2023
storage_values:
  CAES:
    cost: 56.7473
    lifetime: 25.4947
    annual_cost: 2.225846940736702
    efficiency: 0.629732
    discharge_ratio: 0.1
    depth_of_discharge: 0.4
  Li-ion:
    cost: 174.262
    lifetime: 25.6815
    annual_cost: 6.785507077078831
    efficiency: 0.900721
    discharge_ratio: 2
    depth_of_discharge: 0.9
  Pb-acid:
    cost: 167.048
    lifetime: 8.77368
    annual_cost: 19.039673204402256
    efficiency: 0.727508
    discharge_ratio: 5
    depth_of_discharge: 0.5
  VRBF:
    cost: 186.678
    lifetime: 26.2966
    annual_cost: 7.098940547447198
    efficiency: 0.808169
    discharge_ratio: 0.5
    depth_of_discharge: 1.0
