cost_values:
  wind_capex: 5000.0
  wind_opex: 100
  wind_lifetime: 20
  solar_capex: 1000.0
  solar_opex: 10
  solar_lifetime: 20
  carbon_price: 1.0
timeseries_values:
  load_level: 236768.18841863013
  wind_year: 2013
  solar_year: 2010
  price_year: 2023
  carbon_year: 2023
storage_values:
  CAES:
    cost: 58.4782
    lifetime: 25.1129
    annual_cost: 2.3286119882610135
    efficiency: 0.634141
    discharge_ratio: 0.1
    depth_of_discharge: 0.4
  Li-ion:
    cost: 182.679
    lifetime: 25.7678
    annual_cost: 7.089429442948175
    efficiency: 0.901769
    discharge_ratio: 2
    depth_of_discharge: 0.9
  Pb-acid:
    cost: 169.784
    lifetime: 8.41174
    annual_cost: 20.184171170292945
    efficiency: 0.73997
    discharge_ratio: 5
    depth_of_discharge: 0.5
  VRBF:
    cost: 154.532
    lifetime: 24.2695
    annual_cost: 6.367333484414595
    efficiency: 0.813931
    discharge_ratio: 0.5
    depth_of_discharge: 1.0
