cost_values:
  wind_capex: 5000.0
  wind_opex: 100
  wind_lifetime: 20
  solar_capex: 1000.0
  solar_opex: 10
  solar_lifetime: 20
  carbon_price: 1.0
timeseries_values:
  load_level: 217621.60989347665
  wind_year: 2014
  solar_year: 2019
  price_year: 2023
  carbon_year: 2023
storage_values:
  CAES:
    cost: 73.6999
    lifetime: 26.8617
    annual_cost: 2.743679662865716
    efficiency: 0.630849
    discharge_ratio: 0.1
    depth_of_discharge: 0.4
  Li-ion:
    cost: 178.072
    lifetime: 12.7589
    annual_cost: 13.956689056266606
    efficiency: 0.905373
    discharge_ratio: 2
    depth_of_discharge: 0.9
  Pb-acid:
    cost: 115.621
    lifetime: 15.696
    annual_cost: 7.366271661569827
    efficiency: 0.763831
    discharge_ratio: 5
    depth_of_discharge: 0.5
  VRBF:
    cost: 319.06
    lifetime: 16.8455
    annual_cost: 18.940369831705794
    efficiency: 0.833904
    discharge_ratio: 0.5
    depth_of_discharge: 1.0
