cost_values:
  wind_capex: 5000.0
  wind_opex: 100
  wind_lifetime: 20
  solar_capex: 1000.0
  solar_opex: 10
  solar_lifetime: 20
  carbon_price: 1.0
timeseries_values:
  load_level: 217621.60989347665
  wind_year: 2014
  solar_year: 2019
  price_year: 2023
  carbon_year: 2023
storage_values:
  CAES:
    cost: 73.5144
    lifetime: 27.9077
    annual_cost: 2.6341977303754875
    efficiency: 0.615231
    discharge_ratio: 0.1
    depth_of_discharge: 0.4
  Li-ion:
    cost: 193.345
    lifetime: 14.6388
    annual_cost: 13.207708282099626
    efficiency: 0.901448
    discharge_ratio: 2
    depth_of_discharge: 0.9
  Pb-acid:
    cost: 116.199
    lifetime: 14.9333
    annual_cost: 7.781200404465189
    efficiency: 0.766313
    discharge_ratio: 5
    depth_of_discharge: 0.5
  VRBF:
    cost: 287.652
    lifetime: 17.3495
    annual_cost: 16.579843799533126
    efficiency: 0.835302
    discharge_ratio: 0.5
    depth_of_discharge: 1.0
