cost_values:
  wind_capex: 5000.0
  wind_opex: 100
  wind_lifetime: 20
  solar_capex: 1000.0
  solar_opex: 10
  solar_lifetime: 20
  carbon_price: 1.0
timeseries_values:
  load_level: 217621.60989347665
  wind_year: 2014
  solar_year: 2019
  price_year: 2023
  carbon_year: 2023
storage_values:
  CAES:
    cost: 75.1462
    lifetime: 27.2391
    annual_cost: 2.758762220484524
    efficiency: 0.614838
    discharge_ratio: 0.1
    depth_of_discharge: 0.4
  Li-ion:
    cost: 159.992
    lifetime: 12.7091
    annual_cost: 12.588774972263968
    efficiency: 0.89473
    discharge_ratio: 2
    depth_of_discharge: 0.9
  Pb-acid:
    cost: 111.762
    lifetime: 13.5873
    annual_cost: 8.225475259985426
    efficiency: 0.760996
    discharge_ratio: 5
    depth_of_discharge: 0.5
  VRBF:
    cost: 288.934
    lifetime: 16.2133
    annual_cost: 17.820801440792437
    efficiency: 0.8457
    discharge_ratio: 0.5
    depth_of_discharge: 1.0
