cost_values:
  wind_capex: 5000.0
  wind_opex: 100
  wind_lifetime: 20
  solar_capex: 1000.0
  solar_opex: 10
  solar_lifetime: 20
  carbon_price: 1.0
timeseries_values:
  load_level: 217621.60989347665
  wind_year: 2014
  solar_year: 2019
  price_year: 2023
  carbon_year: 2023
storage_values:
  CAES:
    cost: 68.8688
    lifetime: 26.5897
    annual_cost: 2.5900555478249094
    efficiency: 0.620452
    discharge_ratio: 0.1
    depth_of_discharge: 0.4
  Li-ion:
    cost: 171.357
    lifetime: 12.5287
    annual_cost: 13.677157246960977
    efficiency: 0.890097
    discharge_ratio: 2
    depth_of_discharge: 0.9
  Pb-acid:
    cost: 132.035
    lifetime: 13.4525
    annual_cost: 9.814904292882364
    efficiency: 0.75477
    discharge_ratio: 5
    depth_of_discharge: 0.5
  VRBF:
    cost: 288.661
    lifetime: 18.9668
    annual_cost: 15.219277896113208
    efficiency: 0.822617
    discharge_ratio: 0.5
    depth_of_discharge: 1.0
