cost_values:
  wind_capex: 5000.0
  wind_opex: 100
  wind_lifetime: 20
  solar_capex: 1000.0
  solar_opex: 10
  solar_lifetime: 20
  carbon_price: 1.0
timeseries_values:
  load_level: 217621.60989347665
  wind_year: 2014
  solar_year: 2019
  price_year: 2023
  carbon_year: 2023
storage_values:
  CAES:
    cost: 70.8396
    lifetime: 26.8982
    annual_cost: 2.6336186064495024
    efficiency: 0.618194
    discharge_ratio: 0.1
    depth_of_discharge: 0.4
  Li-ion:
    cost: 180.759
    lifetime: 12.0153
    annual_cost: 15.044068812264362
    efficiency: 0.88768
    discharge_ratio: 2
    depth_of_discharge: 0.9
  Pb-acid:
    cost: 121.269
    lifetime: 15.6998
    annual_cost: 7.7242385253315335
    efficiency: 0.757595
    discharge_ratio: 5
    depth_of_discharge: 0.5
  VRBF:
    cost: 297.091
    lifetime: 17.5749
    annual_cost: 16.904278260473745
    efficiency: 0.848612
    discharge_ratio: 0.5
    depth_of_discharge: 1.0
