cost_values:
  wind_capex: 5000.0
  wind_opex: 100
  wind_lifetime: 20
  solar_capex: 1000.0
  solar_opex: 10
  solar_lifetime: 20
  carbon_price: 1.0
timeseries_values:
  load_level: 217621.60989347665
  wind_year: 2014
  solar_year: 2019
  price_year: 2023
  carbon_year: 2023
storage_values:
  CAES:
    cost: 67.1103
    lifetime: 27.7093
    annual_cost: 2.421941369864991
    efficiency: 0.625129
    discharge_ratio: 0.1
    depth_of_discharge: 0.4
  Li-ion:
    cost: 159.934
    lifetime: 15.6197
    annual_cost: 10.239249153312803
    efficiency: 0.888105
    discharge_ratio: 2
    depth_of_discharge: 0.9
  Pb-acid:
    cost: 120.043
    lifetime: 14.0464
    annual_cost: 8.546175532520788
    efficiency: 0.761972
    discharge_ratio: 5
    depth_of_discharge: 0.5
  VRBF:
    cost: 277.072
    lifetime: 18.9126
    annual_cost: 14.65012742827533
    efficiency: 0.823421
    discharge_ratio: 0.5
    depth_of_discharge: 1.0
