cost_values:
  wind_capex: 5000.0
  wind_opex: 100
  wind_lifetime: 20
  solar_capex: 1000.0
  solar_opex: 10
  solar_lifetime: 20
  carbon_price: 1.0
timeseries_values:
  load_level: 217621.60989347665
  wind_year: 2014
  solar_year: 2019
  price_year: 2023
  carbon_year: 2023
storage_values:
  CAES:
    cost: 73.6071
    lifetime: 27.9053
    annual_cost: 2.6377462345862615
    efficiency: 0.615618
    discharge_ratio: 0.1
    depth_of_discharge: 0.4
  Li-ion:
    cost: 185.187
    lifetime: 12.9593
    annual_cost: 14.289892200967644
    efficiency: 0.8943
    discharge_ratio: 2
    depth_of_discharge: 0.9
  Pb-acid:
    cost: 106.542
    lifetime: 13.9991
    annual_cost: 7.610632112064347
    efficiency: 0.733576
    discharge_ratio: 5
    depth_of_discharge: 0.5
  VRBF:
    cost: 295.912
    lifetime: 18.8956
    annual_cost: 15.660365376066384
    efficiency: 0.825652
    discharge_ratio: 0.5
    depth_of_discharge: 1.0
