cost_values:
  wind_capex: 5000.0
  wind_opex: 100
  wind_lifetime: 20
  solar_capex: 1000.0
  solar_opex: 10
  solar_lifetime: 20
  carbon_price: 1.0
timeseries_values:
  load_level: 217621.60989347665
  wind_year: 2014
  solar_year: 2019
  price_year: 2023
  carbon_year: 2023
storage_values:
  CAES:
    cost: 63.2297
    lifetime: 28.0072
    annual_cost: 2.2576230397897685
    efficiency: 0.615122
    discharge_ratio: 0.1
    depth_of_discharge: 0.4
  Li-ion:
    cost: 178.675
    lifetime: 13.6697
    annual_cost: 13.07087939018413
    efficiency: 0.873266
    discharge_ratio: 2
    depth_of_discharge: 0.9
  Pb-acid:
    cost: 99.3815
    lifetime: 13.2059
    annual_cost: 7.525537827789095
    efficiency: 0.765101
    discharge_ratio: 5
    depth_of_discharge: 0.5
  VRBF:
    cost: 317.303
    lifetime: 17.9052
    annual_cost: 17.721276500681366
    efficiency: 0.844909
    discharge_ratio: 0.5
    depth_of_discharge: 1.0
