cost_values:
  wind_capex: 5000.0
  wind_opex: 100
  wind_lifetime: 20
  solar_capex: 1000.0
  solar_opex: 10
  solar_lifetime: 20
  carbon_price: 1.0
timeseries_values:
  load_level: 217621.60989347665
  wind_year: 2014
  solar_year: 2019
  price_year: 2023
  carbon_year: 2023
storage_values:
  CAES:
    cost: 71.3249
    lifetime: 27.7167
    annual_cost: 2.5733546922974235
    efficiency: 0.627235
    discharge_ratio: 0.1
    depth_of_discharge: 0.4
  Li-ion:
    cost: 173.054
    lifetime: 15.9963
    annual_cost: 10.81837674962335
    efficiency: 0.873023
    discharge_ratio: 2
    depth_of_discharge: 0.9
  Pb-acid:
    cost: 102.415
    lifetime: 12.4867
    annual_cost: 8.20192685016858
    efficiency: 0.751914
    discharge_ratio: 5
    depth_of_discharge: 0.5
  VRBF:
    cost: 279.81
    lifetime: 16.4716
    annual_cost: 16.98742077272396
    efficiency: 0.813951
    discharge_ratio: 0.5
    depth_of_discharge: 1.0
