cost_values:
  wind_capex: 5000.0
  wind_opex: 100
  wind_lifetime: 20
  solar_capex: 1000.0
  solar_opex: 10
  solar_lifetime: 20
  carbon_price: 1.0
timeseries_values:
  load_level: 217621.60989347665
  wind_year: 2014
  solar_year: 2019
  price_year: 2023
  carbon_year: 2023
storage_values:
  CAES:
    cost: 74.1109
    lifetime: 26.7352
    annual_cost: 2.7720346210239684
    efficiency: 0.622489
    discharge_ratio: 0.1
    depth_of_discharge: 0.4
  Li-ion:
    cost: 175.991
    lifetime: 13.1467
    annual_cost: 13.386705408961946
    efficiency: 0.876734
    discharge_ratio: 2
    depth_of_discharge: 0.9
  Pb-acid:
    cost: 125.888
    lifetime: 14.0936
    annual_cost: 8.932281319180337
    efficiency: 0.7422
    discharge_ratio: 5
    depth_of_discharge: 0.5
  VRBF:
    cost: 311.818
    lifetime: 18.5823
    annual_cost: 16.78037702544895
    efficiency: 0.844991
    discharge_ratio: 0.5
    depth_of_discharge: 1.0
