cost_values:
  wind_capex: 5000.0
  wind_opex: 100
  wind_lifetime: 20
  solar_capex: 1000.0
  solar_opex: 10
  solar_lifetime: 20
  carbon_price: 1.0
timeseries_values:
  load_level: 217621.60989347665
  wind_year: 2014
  solar_year: 2019
  price_year: 2023
  carbon_year: 2023
storage_values:
  CAES:
    cost: 73.0817
    lifetime: 28.4839
    annual_cost: 2.565719581939271
    efficiency: 0.630232
    discharge_ratio: 0.1
    depth_of_discharge: 0.4
  Li-ion:
    cost: 180.227
    lifetime: 14.3835
    annual_cost: 12.530121319567561
    efficiency: 0.891819
    discharge_ratio: 2
    depth_of_discharge: 0.9
  Pb-acid:
    cost: 123.889
    lifetime: 13.3114
    annual_cost: 9.306984990309058
    efficiency: 0.774813
    discharge_ratio: 5
    depth_of_discharge: 0.5
  VRBF:
    cost: 309.164
    lifetime: 18.6196
    annual_cost: 16.6042235064126
    efficiency: 0.829586
    discharge_ratio: 0.5
    depth_of_discharge: 1.0
