cost_values:
  wind_capex: 5000.0
  wind_opex: 100
  wind_lifetime: 20
  solar_capex: 1000.0
  solar_opex: 10
  solar_lifetime: 20
  carbon_price: 1.0
timeseries_values:
  load_level: 217621.60989347665
  wind_year: 2014
  solar_year: 2019
  price_year: 2023
  carbon_year: 2023
storage_values:
  CAES:
    cost: 71.284
    lifetime: 26.7649
    annual_cost: 2.663338925234169
    efficiency: 0.623214
    discharge_ratio: 0.1
    depth_of_discharge: 0.4
  Li-ion:
    cost: 171.553
    lifetime: 15.389
    annual_cost: 11.147767886152447
    efficiency: 0.875677
    discharge_ratio: 2
    depth_of_discharge: 0.9
  Pb-acid:
    cost: 91.9549
    lifetime: 12.1572
    annual_cost: 7.563822261704998
    efficiency: 0.740522
    discharge_ratio: 5
    depth_of_discharge: 0.5
  VRBF:
    cost: 335.267
    lifetime: 16.7181
    annual_cost: 20.054132945729478
    efficiency: 0.833453
    discharge_ratio: 0.5
    depth_of_discharge: 1.0
