cost_values:
  wind_capex: 5000.0
  wind_opex: 100
  wind_lifetime: 20
  solar_capex: 1000.0
  solar_opex: 10
  solar_lifetime: 20
  carbon_price: 1.0
timeseries_values:
  load_level: 217621.60989347665
  wind_year: 2014
  solar_year: 2019
  price_year: 2023
  carbon_year: 2023
storage_values:
  CAES:
    cost: 67.3211
    lifetime: 27.0884
    annual_cost: 2.4852372233133
    efficiency: 0.606232
    discharge_ratio: 0.1
    depth_of_discharge: 0.4
  Li-ion:
    cost: 202.72
    lifetime: 14.3754
    annual_cost: 14.101868469746927
    efficiency: 0.890275
    discharge_ratio: 2
    depth_of_discharge: 0.9
  Pb-acid:
    cost: 131.82
    lifetime: 13.9525
    annual_cost: 9.447769216986202
    efficiency: 0.750166
    discharge_ratio: 5
    depth_of_discharge: 0.5
  VRBF:
    cost: 261.263
    lifetime: 17.0412
    annual_cost: 15.331256014834635
    efficiency: 0.828662
    discharge_ratio: 0.5
    depth_of_discharge: 1.0
