cost_values:
  wind_capex: 5000.0
  wind_opex: 100
  wind_lifetime: 20
  solar_capex: 1000.0
  solar_opex: 10
  solar_lifetime: 20
  carbon_price: 1.0
timeseries_values:
  load_level: 217621.60989347665
  wind_year: 2014
  solar_year: 2019
  price_year: 2023
  carbon_year: 2023
storage_values:
  CAES:
    cost: 73.7906
    lifetime: 28.708
    annual_cost: 2.5703845617946217
    efficiency: 0.625282
    discharge_ratio: 0.1
    depth_of_discharge: 0.4
  Li-ion:
    cost: 190.554
    lifetime: 14.1154
    annual_cost: 13.49972370602321
    efficiency: 0.90107
    discharge_ratio: 2
    depth_of_discharge: 0.9
  Pb-acid:
    cost: 123.783
    lifetime: 14.0407
    annual_cost: 8.816013446623032
    efficiency: 0.781417
    discharge_ratio: 5
    depth_of_discharge: 0.5
  VRBF:
    cost: 307.876
    lifetime: 19.0037
    annual_cost: 16.200845098586065
    efficiency: 0.82919
    discharge_ratio: 0.5
    depth_of_discharge: 1.0
