cost_values:
  wind_capex: 5000.0
  wind_opex: 100
  wind_lifetime: 20
  solar_capex: 1000.0
  solar_opex: 10
  solar_lifetime: 20
  carbon_price: 1.0
timeseries_values:
  load_level: 217621.60989347665
  wind_year: 2014
  solar_year: 2019
  price_year: 2023
  carbon_year: 2023
storage_values:
  CAES:
    cost: 70.1969
    lifetime: 26.8069
    annual_cost: 2.6186131182643275
    efficiency: 0.615114
    discharge_ratio: 0.1
    depth_of_discharge: 0.4
  Li-ion:
    cost: 171.102
    lifetime: 12.1102
    annual_cost: 14.128750970256478
    efficiency: 0.888375
    discharge_ratio: 2
    depth_of_discharge: 0.9
  Pb-acid:
    cost: 120.274
    lifetime: 14.5049
    annual_cost: 8.291956511247923
    efficiency: 0.751541
    discharge_ratio: 5
    depth_of_discharge: 0.5
  VRBF:
    cost: 302.15
    lifetime: 17.0181
    annual_cost: 17.754625957069237
    efficiency: 0.839032
    discharge_ratio: 0.5
    depth_of_discharge: 1.0
