cost_values:
  wind_capex: 5000.0
  wind_opex: 100
  wind_lifetime: 20
  solar_capex: 1000.0
  solar_opex: 10
  solar_lifetime: 20
  carbon_price: 1.0
timeseries_values:
  load_level: 217621.60989347665
  wind_year: 2014
  solar_year: 2019
  price_year: 2023
  carbon_year: 2023
storage_values:
  CAES:
    cost: 69.2633
    lifetime: 27.7671
    annual_cost: 2.4944376618372104
    efficiency: 0.613271
    discharge_ratio: 0.1
    depth_of_discharge: 0.4
  Li-ion:
    cost: 166.572
    lifetime: 13.0685
    annual_cost: 12.746068791368558
    efficiency: 0.883964
    discharge_ratio: 2
    depth_of_discharge: 0.9
  Pb-acid:
    cost: 119.042
    lifetime: 13.3531
    annual_cost: 8.914933610921809
    efficiency: 0.754755
    discharge_ratio: 5
    depth_of_discharge: 0.5
  VRBF:
    cost: 286.508
    lifetime: 17.197
    annual_cost: 16.66034773507007
    efficiency: 0.815882
    discharge_ratio: 0.5
    depth_of_discharge: 1.0
