cost_values:
  wind_capex: 5000.0
  wind_opex: 100
  wind_lifetime: 20
  solar_capex: 1000.0
  solar_opex: 10
  solar_lifetime: 20
  carbon_price: 1.0
timeseries_values:
  load_level: 217621.60989347665
  wind_year: 2014
  solar_year: 2019
  price_year: 2023
  carbon_year: 2023
storage_values:
  CAES:
    cost: 74.2012
    lifetime: 27.5472
    annual_cost: 2.6936022535865716
    efficiency: 0.633519
    discharge_ratio: 0.1
    depth_of_discharge: 0.4
  Li-ion:
    cost: 180.083
    lifetime: 14.76
    annual_cost: 12.200745257452574
    efficiency: 0.896012
    discharge_ratio: 2
    depth_of_discharge: 0.9
  Pb-acid:
    cost: 118.113
    lifetime: 13.6108
    annual_cost: 8.677888147647456
    efficiency: 0.759749
    discharge_ratio: 5
    depth_of_discharge: 0.5
  VRBF:
    cost: 278.945
    lifetime: 16.5013
    annual_cost: 16.904425711913607
    efficiency: 0.811819
    discharge_ratio: 0.5
    depth_of_discharge: 1.0
