cost_values:
  wind_capex: 5000.0
  wind_opex: 100
  wind_lifetime: 20
  solar_capex: 1000.0
  solar_opex: 10
  solar_lifetime: 20
  carbon_price: 1.0
timeseries_values:
  load_level: 217621.60989347665
  wind_year: 2014
  solar_year: 2019
  price_year: 2023
  carbon_year: 2023
storage_values:
  CAES:
    cost: 75.3042
    lifetime: 27.2676
    annual_cost: 2.761673194560577
    efficiency: 0.620018
    discharge_ratio: 0.1
    depth_of_discharge: 0.4
  Li-ion:
    cost: 206.133
    lifetime: 13.2149
    annual_cost: 15.59852893324959
    efficiency: 0.887903
    discharge_ratio: 2
    depth_of_discharge: 0.9
  Pb-acid:
    cost: 82.9067
    lifetime: 12.9257
    annual_cost: 6.414097495686887
    efficiency: 0.762618
    discharge_ratio: 5
    depth_of_discharge: 0.5
  VRBF:
    cost: 281.952
    lifetime: 16.3412
    annual_cost: 17.25405722957922
    efficiency: 0.838319
    discharge_ratio: 0.5
    depth_of_discharge: 1.0
