cost_values:
  wind_capex: 5000.0
  wind_opex: 100
  wind_lifetime: 20
  solar_capex: 1000.0
  solar_opex: 10
  solar_lifetime: 20
  carbon_price: 1.0
timeseries_values:
  load_level: 217621.60989347665
  wind_year: 2014
  solar_year: 2019
  price_year: 2023
  carbon_year: 2023
storage_values:
  CAES:
    cost: 70.7696
    lifetime: 27.0454
    annual_cost: 2.6166963698078045
    efficiency: 0.625775
    discharge_ratio: 0.1
    depth_of_discharge: 0.4
  Li-ion:
    cost: 173.436
    lifetime: 13.5644
    annual_cost: 12.786116599333551
    efficiency: 0.885547
    discharge_ratio: 2
    depth_of_discharge: 0.9
  Pb-acid:
    cost: 112.511
    lifetime: 12.6001
    annual_cost: 8.929373576400188
    efficiency: 0.763626
    discharge_ratio: 5
    depth_of_discharge: 0.5
  VRBF:
    cost: 279.675
    lifetime: 17.2142
    annual_cost: 16.246761394662546
    efficiency: 0.82569
    discharge_ratio: 0.5
    depth_of_discharge: 1.0
