cost_values:
  wind_capex: 5000.0
  wind_opex: 100
  wind_lifetime: 20
  solar_capex: 1000.0
  solar_opex: 10
  solar_lifetime: 20
  carbon_price: 1.0
timeseries_values:
  load_level: 217621.60989347665
  wind_year: 2014
  solar_year: 2019
  price_year: 2023
  carbon_year: 2023
storage_values:
  CAES:
    cost: 74.251
    lifetime: 26.9196
    annual_cost: 2.7582504940638053
    efficiency: 0.611055
    discharge_ratio: 0.1
    depth_of_discharge: 0.4
  Li-ion:
    cost: 170.151
    lifetime: 15.427
    annual_cost: 11.029428923316265
    efficiency: 0.880563
    discharge_ratio: 2
    depth_of_discharge: 0.9
  Pb-acid:
    cost: 133.218
    lifetime: 13.3421
    annual_cost: 9.984785003859962
    efficiency: 0.763968
    discharge_ratio: 5
    depth_of_discharge: 0.5
  VRBF:
    cost: 331.945
    lifetime: 17.1235
    annual_cost: 19.38534762168949
    efficiency: 0.83924
    discharge_ratio: 0.5
    depth_of_discharge: 1.0
