cost_values:
  wind_capex: 5000.0
  wind_opex: 100
  wind_lifetime: 20
  solar_capex: 1000.0
  solar_opex: 10
  solar_lifetime: 20
  carbon_price: 1.0
timeseries_values:
  load_level: 217621.60989347665
  wind_year: 2014
  solar_year: 2019
  price_year: 2023
  carbon_year: 2023
storage_values:
  CAES:
    cost: 72.5672
    lifetime: 27.9331
    annual_cost: 2.597892822493744
    efficiency: 0.615935
    discharge_ratio: 0.1
    depth_of_discharge: 0.4
  Li-ion:
    cost: 180.846
    lifetime: 13.4402
    annual_cost: 13.455603339236022
    efficiency: 0.891718
    discharge_ratio: 2
    depth_of_discharge: 0.9
  Pb-acid:
    cost: 146.347
    lifetime: 12.5659
    annual_cost: 11.646360388034285
    efficiency: 0.764668
    discharge_ratio: 5
    depth_of_discharge: 0.5
  VRBF:
    cost: 315.09
    lifetime: 17.3453
    annual_cost: 18.16572789170553
    efficiency: 0.834607
    discharge_ratio: 0.5
    depth_of_discharge: 1.0
