cost_values:
  wind_capex: 5000.0
  wind_opex: 100
  wind_lifetime: 20
  solar_capex: 1000.0
  solar_opex: 10
  solar_lifetime: 20
  carbon_price: 1.0
timeseries_values:
  load_level: 217621.60989347665
  wind_year: 2014
  solar_year: 2019
  price_year: 2023
  carbon_year: 2023
storage_values:
  CAES:
    cost: 76.6105
    lifetime: 27.417
    annual_cost: 2.7942699784805045
    efficiency: 0.618348
    discharge_ratio: 0.1
    depth_of_discharge: 0.4
  Li-ion:
    cost: 169.644
    lifetime: 12.7566
    annual_cost: 13.298527820892714
    efficiency: 0.875391
    discharge_ratio: 2
    depth_of_discharge: 0.9
  Pb-acid:
    cost: 114.981
    lifetime: 12.7805
    annual_cost: 8.996596377293534
    efficiency: 0.752564
    discharge_ratio: 5
    depth_of_discharge: 0.5
  VRBF:
    cost: 299.834
    lifetime: 19.5951
    annual_cost: 15.3014784308322
    efficiency: 0.838837
    discharge_ratio: 0.5
    depth_of_discharge: 1.0
