cost_values:
  wind_capex: 5000.0
  wind_opex: 100
  wind_lifetime: 20
  solar_capex: 1000.0
  solar_opex: 10
  solar_lifetime: 20
  carbon_price: 1.0
timeseries_values:
  load_level: 217621.60989347665
  wind_year: 2014
  solar_year: 2019
  price_year: 2023
  carbon_year: 2023
storage_values:
  CAES:
    cost: 75.8933
    lifetime: 28.0118
    annual_cost: 2.709333209575964
    efficiency: 0.619032
    discharge_ratio: 0.1
    depth_of_discharge: 0.4
  Li-ion:
    cost: 169.586
    lifetime: 12.1421
    annual_cost: 13.966776751962183
    efficiency: 0.880944
    discharge_ratio: 2
    depth_of_discharge: 0.9
  Pb-acid:
    cost: 120.617
    lifetime: 15.9121
    annual_cost: 7.580206258130605
    efficiency: 0.744791
    discharge_ratio: 5
    depth_of_discharge: 0.5
  VRBF:
    cost: 343.438
    lifetime: 18.2234
    annual_cost: 18.845989222647802
    efficiency: 0.838375
    discharge_ratio: 0.5
    depth_of_discharge: 1.0
