cost_values:
  wind_capex: 5000.0
  wind_opex: 100
  wind_lifetime: 20
  solar_capex: 1000.0
  solar_opex: 10
  solar_lifetime: 20
  carbon_price: 1.0
timeseries_values:
  load_level: 217621.60989347665
  wind_year: 2014
  solar_year: 2019
  price_year: 2023
  carbon_year: 2023
storage_values:
  CAES:
    cost: 68.1833
    lifetime: 28.4713
    annual_cost: 2.3948081050039867
    efficiency: 0.621707
    discharge_ratio: 0.1
    depth_of_discharge: 0.4
  Li-ion:
    cost: 174.006
    lifetime: 16.367
    annual_cost: 10.631514633103196
    efficiency: 0.883996
    discharge_ratio: 2
    depth_of_discharge: 0.9
  Pb-acid:
    cost: 123.578
    lifetime: 14.0708
    annual_cost: 8.782585211928248
    efficiency: 0.754867
    discharge_ratio: 5
    depth_of_discharge: 0.5
  VRBF:
    cost: 295.076
    lifetime: 18.3125
    annual_cost: 16.113365187713313
    efficiency: 0.818267
    discharge_ratio: 0.5
    depth_of_discharge: 1.0
