cost_values:
  wind_capex: 5000.0
  wind_opex: 100
  wind_lifetime: 20
  solar_capex: 1000.0
  solar_opex: 10
  solar_lifetime: 20
  carbon_price: 1.0
timeseries_values:
  load_level: 217621.60989347665
  wind_year: 2014
  solar_year: 2019
  price_year: 2023
  carbon_year: 2023
storage_values:
  CAES:
    cost: 77.9832
    lifetime: 28.01
    annual_cost: 2.7841199571581576
    efficiency: 0.619124
    discharge_ratio: 0.1
    depth_of_discharge: 0.4
  Li-ion:
    cost: 165.354
    lifetime: 12.8261
    annual_cost: 12.891993669158982
    efficiency: 0.881614
    discharge_ratio: 2
    depth_of_discharge: 0.9
  Pb-acid:
    cost: 100.647
    lifetime: 14.3312
    annual_cost: 7.02292899408284
    efficiency: 0.736796
    discharge_ratio: 5
    depth_of_discharge: 0.5
  VRBF:
    cost: 303.642
    lifetime: 17.8957
    annual_cost: 16.96731617092374
    efficiency: 0.820593
    discharge_ratio: 0.5
    depth_of_discharge: 1.0
