cost_values:
  wind_capex: 5000.0
  wind_opex: 100
  wind_lifetime: 20
  solar_capex: 1000.0
  solar_opex: 10
  solar_lifetime: 20
  carbon_price: 1.0
timeseries_values:
  load_level: 217621.60989347665
  wind_year: 2014
  solar_year: 2019
  price_year: 2023
  carbon_year: 2023
storage_values:
  CAES:
    cost: 70.0754
    lifetime: 27.3119
    annual_cost: 2.565746066732816
    efficiency: 0.616647
    discharge_ratio: 0.1
    depth_of_discharge: 0.4
  Li-ion:
    cost: 184.239
    lifetime: 15.6499
    annual_cost: 11.772535287765416
    efficiency: 0.87834
    discharge_ratio: 2
    depth_of_discharge: 0.9
  Pb-acid:
    cost: 120.518
    lifetime: 12.5233
    annual_cost: 9.623501792658484
    efficiency: 0.757464
    discharge_ratio: 5
    depth_of_discharge: 0.5
  VRBF:
    cost: 331.927
    lifetime: 17.0855
    annual_cost: 19.427409206637208
    efficiency: 0.817805
    discharge_ratio: 0.5
    depth_of_discharge: 1.0
