cost_values:
  wind_capex: 5000.0
  wind_opex: 100
  wind_lifetime: 20
  solar_capex: 1000.0
  solar_opex: 10
  solar_lifetime: 20
  carbon_price: 1.0
timeseries_values:
  load_level: 217621.60989347665
  wind_year: 2014
  solar_year: 2019
  price_year: 2023
  carbon_year: 2023
storage_values:
  CAES:
    cost: 67.4288
    lifetime: 26.1605
    annual_cost: 2.5775042525945606
    efficiency: 0.614561
    discharge_ratio: 0.1
    depth_of_discharge: 0.4
  Li-ion:
    cost: 190.085
    lifetime: 14.2517
    annual_cost: 13.337707080558811
    efficiency: 0.880825
    discharge_ratio: 2
    depth_of_discharge: 0.9
  Pb-acid:
    cost: 138.799
    lifetime: 14.7575
    annual_cost: 9.405319329154667
    efficiency: 0.743913
    discharge_ratio: 5
    depth_of_discharge: 0.5
  VRBF:
    cost: 299.111
    lifetime: 16.7125
    annual_cost: 17.897442034405387
    efficiency: 0.838817
    discharge_ratio: 0.5
    depth_of_discharge: 1.0
