cost_values:
  wind_capex: 5000.0
  wind_opex: 100
  wind_lifetime: 20
  solar_capex: 1000.0
  solar_opex: 10
  solar_lifetime: 20
  carbon_price: 1.0
timeseries_values:
  load_level: 217621.60989347665
  wind_year: 2014
  solar_year: 2019
  price_year: 2023
  carbon_year: 2023
storage_values:
  CAES:
    cost: 73.1797
    lifetime: 26.5835
    annual_cost: 2.7528241202249513
    efficiency: 0.6175
    discharge_ratio: 0.1
    depth_of_discharge: 0.4
  Li-ion:
    cost: 176.646
    lifetime: 11.1576
    annual_cost: 15.83189933318993
    efficiency: 0.877065
    discharge_ratio: 2
    depth_of_discharge: 0.9
  Pb-acid:
    cost: 127.258
    lifetime: 13.0868
    annual_cost: 9.724149524711923
    efficiency: 0.769983
    discharge_ratio: 5
    depth_of_discharge: 0.5
  VRBF:
    cost: 303.506
    lifetime: 19.048
    annual_cost: 15.933746325073498
    efficiency: 0.847364
    discharge_ratio: 0.5
    depth_of_discharge: 1.0
