cost_values:
  wind_capex: 5000.0
  wind_opex: 100
  wind_lifetime: 20
  solar_capex: 1000.0
  solar_opex: 10
  solar_lifetime: 20
  carbon_price: 1.0
timeseries_values:
  load_level: 217621.60989347665
  wind_year: 2014
  solar_year: 2019
  price_year: 2023
  carbon_year: 2023
storage_values:
  CAES:
    cost: 76.4034
    lifetime: 27.6171
    annual_cost: 2.7665250877173926
    efficiency: 0.626136
    discharge_ratio: 0.1
    depth_of_discharge: 0.4
  Li-ion:
    cost: 202.151
    lifetime: 13.1461
    annual_cost: 15.377260176021785
    efficiency: 0.895398
    discharge_ratio: 2
    depth_of_discharge: 0.9
  Pb-acid:
    cost: 117.205
    lifetime: 14.1005
    annual_cost: 8.312116591610227
    efficiency: 0.751746
    discharge_ratio: 5
    depth_of_discharge: 0.5
  VRBF:
    cost: 278.998
    lifetime: 19.6096
    annual_cost: 14.227623204960835
    efficiency: 0.837649
    discharge_ratio: 0.5
    depth_of_discharge: 1.0
