cost_values:
  wind_capex: 5000.0
  wind_opex: 100
  wind_lifetime: 20
  solar_capex: 1000.0
  solar_opex: 10
  solar_lifetime: 20
  carbon_price: 1.0
timeseries_values:
  load_level: 217621.60989347665
  wind_year: 2014
  solar_year: 2019
  price_year: 2023
  carbon_year: 2023
storage_values:
  CAES:
    cost: 67.5047
    lifetime: 27.4973
    annual_cost: 2.454957395817044
    efficiency: 0.618006
    discharge_ratio: 0.1
    depth_of_discharge: 0.4
  Li-ion:
    cost: 165.91
    lifetime: 12.2797
    annual_cost: 13.510916390465566
    efficiency: 0.869939
    discharge_ratio: 2
    depth_of_discharge: 0.9
  Pb-acid:
    cost: 118.929
    lifetime: 12.5151
    annual_cost: 9.50284056859314
    efficiency: 0.761252
    discharge_ratio: 5
    depth_of_discharge: 0.5
  VRBF:
    cost: 311.246
    lifetime: 16.1943
    annual_cost: 19.219478458469958
    efficiency: 0.827892
    discharge_ratio: 0.5
    depth_of_discharge: 1.0
