cost_values:
  wind_capex: 5000.0
  wind_opex: 100
  wind_lifetime: 20
  solar_capex: 1000.0
  solar_opex: 10
  solar_lifetime: 20
  carbon_price: 1.0
timeseries_values:
  load_level: 217621.60989347665
  wind_year: 2014
  solar_year: 2019
  price_year: 2023
  carbon_year: 2023
storage_values:
  CAES:
    cost: 71.2947
    lifetime: 27.978
    annual_cost: 2.5482414754449927
    efficiency: 0.615069
    discharge_ratio: 0.1
    depth_of_discharge: 0.4
  Li-ion:
    cost: 186.986
    lifetime: 15.3229
    annual_cost: 12.203042505008842
    efficiency: 0.865544
    discharge_ratio: 2
    depth_of_discharge: 0.9
  Pb-acid:
    cost: 96.2557
    lifetime: 14.7196
    annual_cost: 6.539287752384576
    efficiency: 0.741887
    discharge_ratio: 5
    depth_of_discharge: 0.5
  VRBF:
    cost: 317.858
    lifetime: 18.2762
    annual_cost: 17.391908602444712
    efficiency: 0.836644
    discharge_ratio: 0.5
    depth_of_discharge: 1.0
