cost_values:
  wind_capex: 5000.0
  wind_opex: 100
  wind_lifetime: 20
  solar_capex: 1000.0
  solar_opex: 10
  solar_lifetime: 20
  carbon_price: 1.0
timeseries_values:
  load_level: 217621.60989347665
  wind_year: 2014
  solar_year: 2019
  price_year: 2023
  carbon_year: 2023
storage_values:
  CAES:
    cost: 73.8203
    lifetime: 26.7848
    annual_cost: 2.7560519399062153
    efficiency: 0.618148
    discharge_ratio: 0.1
    depth_of_discharge: 0.4
  Li-ion:
    cost: 179.87
    lifetime: 15.7626
    annual_cost: 11.411188509509852
    efficiency: 0.887513
    discharge_ratio: 2
    depth_of_discharge: 0.9
  Pb-acid:
    cost: 106.673
    lifetime: 14.6206
    annual_cost: 7.296075400462362
    efficiency: 0.747504
    discharge_ratio: 5
    depth_of_discharge: 0.5
  VRBF:
    cost: 295.6
    lifetime: 17.9303
    annual_cost: 16.48605990976169
    efficiency: 0.819196
    discharge_ratio: 0.5
    depth_of_discharge: 1.0
