cost_values:
  wind_capex: 5000.0
  wind_opex: 100
  wind_lifetime: 20
  solar_capex: 1000.0
  solar_opex: 10
  solar_lifetime: 20
  carbon_price: 1.0
timeseries_values:
  load_level: 217621.60989347665
  wind_year: 2014
  solar_year: 2019
  price_year: 2023
  carbon_year: 2023
storage_values:
  CAES:
    cost: 67.9018
    lifetime: 27.713
    annual_cost: 2.4501786165337562
    efficiency: 0.626563
    discharge_ratio: 0.1
    depth_of_discharge: 0.4
  Li-ion:
    cost: 188.378
    lifetime: 15.7222
    annual_cost: 11.981656511175279
    efficiency: 0.886227
    discharge_ratio: 2
    depth_of_discharge: 0.9
  Pb-acid:
    cost: 115.377
    lifetime: 13.0854
    annual_cost: 8.817231418221835
    efficiency: 0.750906
    discharge_ratio: 5
    depth_of_discharge: 0.5
  VRBF:
    cost: 303.93
    lifetime: 17.9456
    annual_cost: 16.93618491440799
    efficiency: 0.834341
    discharge_ratio: 0.5
    depth_of_discharge: 1.0
