cost_values:
  wind_capex: 5000.0
  wind_opex: 100
  wind_lifetime: 20
  solar_capex: 1000.0
  solar_opex: 10
  solar_lifetime: 20
  carbon_price: 1.0
timeseries_values:
  load_level: 217621.60989347665
  wind_year: 2014
  solar_year: 2019
  price_year: 2023
  carbon_year: 2023
storage_values:
  CAES:
    cost: 75.6262
    lifetime: 27.6451
    annual_cost: 2.7356095655287915
    efficiency: 0.619411
    discharge_ratio: 0.1
    depth_of_discharge: 0.4
  Li-ion:
    cost: 176.368
    lifetime: 13.3484
    annual_cost: 13.212669683257918
    efficiency: 0.898638
    discharge_ratio: 2
    depth_of_discharge: 0.9
  Pb-acid:
    cost: 114.339
    lifetime: 14.5991
    annual_cost: 7.831921145824057
    efficiency: 0.754324
    discharge_ratio: 5
    depth_of_discharge: 0.5
  VRBF:
    cost: 290.954
    lifetime: 16.7817
    annual_cost: 17.337576050102193
    efficiency: 0.822614
    discharge_ratio: 0.5
    depth_of_discharge: 1.0
