cost_values:
  wind_capex: 5000.0
  wind_opex: 100
  wind_lifetime: 20
  solar_capex: 1000.0
  solar_opex: 10
  solar_lifetime: 20
  carbon_price: 1.0
timeseries_values:
  load_level: 217621.60989347665
  wind_year: 2014
  solar_year: 2019
  price_year: 2023
  carbon_year: 2023
storage_values:
  CAES:
    cost: 66.7904
    lifetime: 27.7208
    annual_cost: 2.409396554212
    efficiency: 0.618298
    discharge_ratio: 0.1
    depth_of_discharge: 0.4
  Li-ion:
    cost: 166.372
    lifetime: 12.2568
    annual_cost: 13.573852881665688
    efficiency: 0.895043
    discharge_ratio: 2
    depth_of_discharge: 0.9
  Pb-acid:
    cost: 131.057
    lifetime: 13.0126
    annual_cost: 10.071546039992006
    efficiency: 0.743116
    discharge_ratio: 5
    depth_of_discharge: 0.5
  VRBF:
    cost: 342.727
    lifetime: 17.8634
    annual_cost: 19.185989229374027
    efficiency: 0.842755
    discharge_ratio: 0.5
    depth_of_discharge: 1.0
