cost_values:
  wind_capex: 5000.0
  wind_opex: 100
  wind_lifetime: 20
  solar_capex: 1000.0
  solar_opex: 10
  solar_lifetime: 20
  carbon_price: 1.0
timeseries_values:
  load_level: 217621.60989347665
  wind_year: 2014
  solar_year: 2019
  price_year: 2023
  carbon_year: 2023
storage_values:
  CAES:
    cost: 75.3082
    lifetime: 27.2933
    annual_cost: 2.7592192955780357
    efficiency: 0.613657
    discharge_ratio: 0.1
    depth_of_discharge: 0.4
  Li-ion:
    cost: 186.528
    lifetime: 13.8104
    annual_cost: 13.506343045820541
    efficiency: 0.878085
    discharge_ratio: 2
    depth_of_discharge: 0.9
  Pb-acid:
    cost: 131.999
    lifetime: 15.5011
    annual_cost: 8.515460193147582
    efficiency: 0.759606
    discharge_ratio: 5
    depth_of_discharge: 0.5
  VRBF:
    cost: 272.547
    lifetime: 16.8983
    annual_cost: 16.12866383008942
    efficiency: 0.799278
    discharge_ratio: 0.5
    depth_of_discharge: 1.0
