cost_values:
  wind_capex: 5000.0
  wind_opex: 100
  wind_lifetime: 20
  solar_capex: 1000.0
  solar_opex: 10
  solar_lifetime: 20
  carbon_price: 1.0
timeseries_values:
  load_level: 217621.60989347665
  wind_year: 2014
  solar_year: 2019
  price_year: 2023
  carbon_year: 2023
storage_values:
  CAES:
    cost: 79.2634
    lifetime: 27.7217
    annual_cost: 2.859254663314299
    efficiency: 0.612545
    discharge_ratio: 0.1
    depth_of_discharge: 0.4
  Li-ion:
    cost: 175.774
    lifetime: 14.8964
    annual_cost: 11.799763701296957
    efficiency: 0.873014
    discharge_ratio: 2
    depth_of_discharge: 0.9
  Pb-acid:
    cost: 135.936
    lifetime: 13.1256
    annual_cost: 10.356555128908393
    efficiency: 0.753682
    discharge_ratio: 5
    depth_of_discharge: 0.5
  VRBF:
    cost: 296.378
    lifetime: 18.4985
    annual_cost: 16.021731491742575
    efficiency: 0.834412
    discharge_ratio: 0.5
    depth_of_discharge: 1.0
