cost_values:
  wind_capex: 5000.0
  wind_opex: 100
  wind_lifetime: 20
  solar_capex: 1000.0
  solar_opex: 10
  solar_lifetime: 20
  carbon_price: 1.0
timeseries_values:
  load_level: 217621.60989347665
  wind_year: 2014
  solar_year: 2019
  price_year: 2023
  carbon_year: 2023
storage_values:
  CAES:
    cost: 71.4124
    lifetime: 27.7491
    annual_cost: 2.5735032847912187
    efficiency: 0.618344
    discharge_ratio: 0.1
    depth_of_discharge: 0.4
  Li-ion:
    cost: 166.225
    lifetime: 14.3527
    annual_cost: 11.581444606241334
    efficiency: 0.891283
    discharge_ratio: 2
    depth_of_discharge: 0.9
  Pb-acid:
    cost: 120.59
    lifetime: 16.4429
    annual_cost: 7.33386446429766
    efficiency: 0.74786
    discharge_ratio: 5
    depth_of_discharge: 0.5
  VRBF:
    cost: 308.208
    lifetime: 17.5518
    annual_cost: 17.55990838546474
    efficiency: 0.831552
    discharge_ratio: 0.5
    depth_of_discharge: 1.0
