cost_values:
  wind_capex: 5000.0
  wind_opex: 100
  wind_lifetime: 20
  solar_capex: 1000.0
  solar_opex: 10
  solar_lifetime: 20
  carbon_price: 1.0
timeseries_values:
  load_level: 276037.46676088165
  wind_year: 2017
  solar_year: 2011
  price_year: 2023
  carbon_year: 2023
storage_values:
  CAES:
    cost: 53.8285
    lifetime: 25.8596
    annual_cost: 2.081567386966542
    efficiency: 0.568174
    discharge_ratio: 0.1
    depth_of_discharge: 0.4
  Li-ion:
    cost: 167.084
    lifetime: 17.7052
    annual_cost: 9.437001558864061
    efficiency: 0.968972
    discharge_ratio: 2
    depth_of_discharge: 0.9
  Pb-acid:
    cost: 180.91
    lifetime: 9.29186
    annual_cost: 19.469729419082938
    efficiency: 0.712535
    discharge_ratio: 5
    depth_of_discharge: 0.5
  VRBF:
    cost: 290.814
    lifetime: 15.0942
    annual_cost: 19.266605716102873
    efficiency: 0.724461
    discharge_ratio: 0.5
    depth_of_discharge: 1.0
