cost_values:
  wind_capex: 5000.0
  wind_opex: 100
  wind_lifetime: 20
  solar_capex: 1000.0
  solar_opex: 10
  solar_lifetime: 20
  carbon_price: 1.0
timeseries_values:
  load_level: 276037.46676088165
  wind_year: 2017
  solar_year: 2011
  price_year: 2023
  carbon_year: 2023
storage_values:
  CAES:
    cost: 47.3441
    lifetime: 24.0355
    annual_cost: 1.96975723409124
    efficiency: 0.566394
    discharge_ratio: 0.1
    depth_of_discharge: 0.4
  Li-ion:
    cost: 147.66
    lifetime: 16.0819
    annual_cost: 9.181750912516556
    efficiency: 0.98657
    discharge_ratio: 2
    depth_of_discharge: 0.9
  Pb-acid:
    cost: 184.882
    lifetime: 10.7977
    annual_cost: 17.122350130120303
    efficiency: 0.713336
    discharge_ratio: 5
    depth_of_discharge: 0.5
  VRBF:
    cost: 338.26
    lifetime: 15.8565
    annual_cost: 21.332576545896003
    efficiency: 0.719877
    discharge_ratio: 0.5
    depth_of_discharge: 1.0
