cost_values:
  wind_capex: 5000.0
  wind_opex: 100
  wind_lifetime: 20
  solar_capex: 1000.0
  solar_opex: 10
  solar_lifetime: 20
  carbon_price: 1.0
timeseries_values:
  load_level: 276037.46676088165
  wind_year: 2017
  solar_year: 2011
  price_year: 2023
  carbon_year: 2023
storage_values:
  CAES:
    cost: 40.1014
    lifetime: 25.1575
    annual_cost: 1.594013713604293
    efficiency: 0.557005
    discharge_ratio: 0.1
    depth_of_discharge: 0.4
  Li-ion:
    cost: 164.177
    lifetime: 15.9664
    annual_cost: 10.282656077763303
    efficiency: 0.967023
    discharge_ratio: 2
    depth_of_discharge: 0.9
  Pb-acid:
    cost: 173.393
    lifetime: 8.53126
    annual_cost: 20.324430388946066
    efficiency: 0.720003
    discharge_ratio: 5
    depth_of_discharge: 0.5
  VRBF:
    cost: 305.149
    lifetime: 15.4832
    annual_cost: 19.70839361372326
    efficiency: 0.71861
    discharge_ratio: 0.5
    depth_of_discharge: 1.0
