cost_values:
  wind_capex: 5000.0
  wind_opex: 100
  wind_lifetime: 20
  solar_capex: 1000.0
  solar_opex: 10
  solar_lifetime: 20
  carbon_price: 1.0
timeseries_values:
  load_level: 276037.46676088165
  wind_year: 2017
  solar_year: 2011
  price_year: 2023
  carbon_year: 2023
storage_values:
  CAES:
    cost: 40.8854
    lifetime: 24.7229
    annual_cost: 1.65374612201643
    efficiency: 0.565857
    discharge_ratio: 0.1
    depth_of_discharge: 0.4
  Li-ion:
    cost: 172.894
    lifetime: 18.3345
    annual_cost: 9.429981728435465
    efficiency: 0.979805
    discharge_ratio: 2
    depth_of_discharge: 0.9
  Pb-acid:
    cost: 194.808
    lifetime: 9.48113
    annual_cost: 20.5469179306686
    efficiency: 0.690814
    discharge_ratio: 5
    depth_of_discharge: 0.5
  VRBF:
    cost: 298.175
    lifetime: 14.4532
    annual_cost: 20.630379431544572
    efficiency: 0.749175
    discharge_ratio: 0.5
    depth_of_discharge: 1.0
