cost_values:
  wind_capex: 5000.0
  wind_opex: 100
  wind_lifetime: 20
  solar_capex: 1000.0
  solar_opex: 10
  solar_lifetime: 20
  carbon_price: 1.0
timeseries_values:
  load_level: 276037.46676088165
  wind_year: 2017
  solar_year: 2011
  price_year: 2023
  carbon_year: 2023
storage_values:
  CAES:
    cost: 53.7716
    lifetime: 24.8978
    annual_cost: 2.1596928242655977
    efficiency: 0.551386
    discharge_ratio: 0.1
    depth_of_discharge: 0.4
  Li-ion:
    cost: 141.361
    lifetime: 16.4427
    annual_cost: 8.597189026133178
    efficiency: 0.973231
    discharge_ratio: 2
    depth_of_discharge: 0.9
  Pb-acid:
    cost: 193.536
    lifetime: 9.64385
    annual_cost: 20.068333704900013
    efficiency: 0.708908
    discharge_ratio: 5
    depth_of_discharge: 0.5
  VRBF:
    cost: 353.044
    lifetime: 16.448
    annual_cost: 21.464250972762645
    efficiency: 0.724391
    discharge_ratio: 0.5
    depth_of_discharge: 1.0
