cost_values:
  wind_capex: 5000.0
  wind_opex: 100
  wind_lifetime: 20
  solar_capex: 1000.0
  solar_opex: 10
  solar_lifetime: 20
  carbon_price: 1.0
timeseries_values:
  load_level: 276037.46676088165
  wind_year: 2017
  solar_year: 2011
  price_year: 2023
  carbon_year: 2023
storage_values:
  CAES:
    cost: 48.2951
    lifetime: 24.727
    annual_cost: 1.9531322036640109
    efficiency: 0.567723
    discharge_ratio: 0.1
    depth_of_discharge: 0.4
  Li-ion:
    cost: 146.851
    lifetime: 15.4296
    annual_cost: 9.517485871312282
    efficiency: 0.984986
    discharge_ratio: 2
    depth_of_discharge: 0.9
  Pb-acid:
    cost: 195.72
    lifetime: 10.3221
    annual_cost: 18.9612578835702
    efficiency: 0.71328
    discharge_ratio: 5
    depth_of_discharge: 0.5
  VRBF:
    cost: 286.795
    lifetime: 14.8403
    annual_cost: 19.325417949771907
    efficiency: 0.728115
    discharge_ratio: 0.5
    depth_of_discharge: 1.0
