cost_values:
  wind_capex: 5000.0
  wind_opex: 100
  wind_lifetime: 20
  solar_capex: 1000.0
  solar_opex: 10
  solar_lifetime: 20
  carbon_price: 1.0
timeseries_values:
  load_level: 276037.46676088165
  wind_year: 2017
  solar_year: 2011
  price_year: 2023
  carbon_year: 2023
storage_values:
  CAES:
    cost: 39.1729
    lifetime: 25.1471
    annual_cost: 1.5577501978359334
    efficiency: 0.560318
    discharge_ratio: 0.1
    depth_of_discharge: 0.4
  Li-ion:
    cost: 138.269
    lifetime: 16.3465
    annual_cost: 8.4586302878292
    efficiency: 0.984601
    discharge_ratio: 2
    depth_of_discharge: 0.9
  Pb-acid:
    cost: 185.679
    lifetime: 8.00182
    annual_cost: 23.20459595442037
    efficiency: 0.689927
    discharge_ratio: 5
    depth_of_discharge: 0.5
  VRBF:
    cost: 273.99
    lifetime: 14.7549
    annual_cost: 18.569424394607896
    efficiency: 0.714858
    discharge_ratio: 0.5
    depth_of_discharge: 1.0
