cost_values:
  wind_capex: 5000.0
  wind_opex: 100
  wind_lifetime: 20
  solar_capex: 1000.0
  solar_opex: 10
  solar_lifetime: 20
  carbon_price: 1.0
timeseries_values:
  load_level: 276037.46676088165
  wind_year: 2017
  solar_year: 2011
  price_year: 2023
  carbon_year: 2023
storage_values:
  CAES:
    cost: 54.281
    lifetime: 23.6402
    annual_cost: 2.2961311664029913
    efficiency: 0.56871
    discharge_ratio: 0.1
    depth_of_discharge: 0.4
  Li-ion:
    cost: 169.411
    lifetime: 15.2799
    annual_cost: 11.087179889920746
    efficiency: 0.974648
    discharge_ratio: 2
    depth_of_discharge: 0.9
  Pb-acid:
    cost: 169.284
    lifetime: 7.30792
    annual_cost: 23.164457191649607
    efficiency: 0.697867
    discharge_ratio: 5
    depth_of_discharge: 0.5
  VRBF:
    cost: 325.077
    lifetime: 15.9766
    annual_cost: 20.347070090006635
    efficiency: 0.736386
    discharge_ratio: 0.5
    depth_of_discharge: 1.0
