cost_values:
  wind_capex: 5000.0
  wind_opex: 100
  wind_lifetime: 20
  solar_capex: 1000.0
  solar_opex: 10
  solar_lifetime: 20
  carbon_price: 1.0
timeseries_values:
  load_level: 276037.46676088165
  wind_year: 2017
  solar_year: 2011
  price_year: 2023
  carbon_year: 2023
storage_values:
  CAES:
    cost: 48.1799
    lifetime: 24.1921
    annual_cost: 1.9915550944316533
    efficiency: 0.555476
    discharge_ratio: 0.1
    depth_of_discharge: 0.4
  Li-ion:
    cost: 167.947
    lifetime: 17.6398
    annual_cost: 9.52091293552081
    efficiency: 0.978105
    discharge_ratio: 2
    depth_of_discharge: 0.9
  Pb-acid:
    cost: 197.025
    lifetime: 9.93734
    annual_cost: 19.826734317231775
    efficiency: 0.711147
    discharge_ratio: 5
    depth_of_discharge: 0.5
  VRBF:
    cost: 331.95
    lifetime: 14.9916
    annual_cost: 22.142399743856558
    efficiency: 0.695868
    discharge_ratio: 0.5
    depth_of_discharge: 1.0
