cost_values:
  wind_capex: 5000.0
  wind_opex: 100
  wind_lifetime: 20
  solar_capex: 1000.0
  solar_opex: 10
  solar_lifetime: 20
  carbon_price: 1.0
timeseries_values:
  load_level: 276037.46676088165
  wind_year: 2017
  solar_year: 2011
  price_year: 2023
  carbon_year: 2023
storage_values:
  CAES:
    cost: 43.6316
    lifetime: 24.4585
    annual_cost: 1.783903346484862
    efficiency: 0.563247
    discharge_ratio: 0.1
    depth_of_discharge: 0.4
  Li-ion:
    cost: 148.667
    lifetime: 18.6597
    annual_cost: 7.967277073050478
    efficiency: 0.984373
    discharge_ratio: 2
    depth_of_discharge: 0.9
  Pb-acid:
    cost: 196.888
    lifetime: 9.21099
    annual_cost: 21.37533533311837
    efficiency: 0.713802
    discharge_ratio: 5
    depth_of_discharge: 0.5
  VRBF:
    cost: 327.313
    lifetime: 16.2476
    annual_cost: 20.145313769418255
    efficiency: 0.741407
    discharge_ratio: 0.5
    depth_of_discharge: 1.0
