cost_values:
  wind_capex: 5000.0
  wind_opex: 100
  wind_lifetime: 20
  solar_capex: 1000.0
  solar_opex: 10
  solar_lifetime: 20
  carbon_price: 1.0
timeseries_values:
  load_level: 276037.46676088165
  wind_year: 2017
  solar_year: 2011
  price_year: 2023
  carbon_year: 2023
storage_values:
  CAES:
    cost: 46.9981
    lifetime: 24.4052
    annual_cost: 1.925741235474407
    efficiency: 0.56252
    discharge_ratio: 0.1
    depth_of_discharge: 0.4
  Li-ion:
    cost: 156.213
    lifetime: 14.7166
    annual_cost: 10.614747971678241
    efficiency: 0.981754
    discharge_ratio: 2
    depth_of_discharge: 0.9
  Pb-acid:
    cost: 194.318
    lifetime: 9.1255
    annual_cost: 21.29395649553449
    efficiency: 0.721673
    discharge_ratio: 5
    depth_of_discharge: 0.5
  VRBF:
    cost: 320.308
    lifetime: 13.6666
    annual_cost: 23.43728505992712
    efficiency: 0.719777
    discharge_ratio: 0.5
    depth_of_discharge: 1.0
