cost_values:
  wind_capex: 5000.0
  wind_opex: 100
  wind_lifetime: 20
  solar_capex: 1000.0
  solar_opex: 10
  solar_lifetime: 20
  carbon_price: 1.0
timeseries_values:
  load_level: 276037.46676088165
  wind_year: 2017
  solar_year: 2011
  price_year: 2023
  carbon_year: 2023
storage_values:
  CAES:
    cost: 39.6725
    lifetime: 24.7546
    annual_cost: 1.6026314301180387
    efficiency: 0.559406
    discharge_ratio: 0.1
    depth_of_discharge: 0.4
  Li-ion:
    cost: 151.852
    lifetime: 18.0545
    annual_cost: 8.410756321138773
    efficiency: 0.973385
    discharge_ratio: 2
    depth_of_discharge: 0.9
  Pb-acid:
    cost: 190.772
    lifetime: 8.49355
    annual_cost: 22.46080849585862
    efficiency: 0.701384
    discharge_ratio: 5
    depth_of_discharge: 0.5
  VRBF:
    cost: 324.918
    lifetime: 15.6442
    annual_cost: 20.76923076923077
    efficiency: 0.725054
    discharge_ratio: 0.5
    depth_of_discharge: 1.0
