cost_values:
  wind_capex: 5000.0
  wind_opex: 100
  wind_lifetime: 20
  solar_capex: 1000.0
  solar_opex: 10
  solar_lifetime: 20
  carbon_price: 1.0
timeseries_values:
  load_level: 276037.46676088165
  wind_year: 2017
  solar_year: 2011
  price_year: 2023
  carbon_year: 2023
storage_values:
  CAES:
    cost: 51.7463
    lifetime: 24.7933
    annual_cost: 2.0871082106859515
    efficiency: 0.554104
    discharge_ratio: 0.1
    depth_of_discharge: 0.4
  Li-ion:
    cost: 145.513
    lifetime: 17.4273
    annual_cost: 8.349715675979642
    efficiency: 0.967147
    discharge_ratio: 2
    depth_of_discharge: 0.9
  Pb-acid:
    cost: 180.02
    lifetime: 10.0579
    annual_cost: 17.898368446693645
    efficiency: 0.704478
    discharge_ratio: 5
    depth_of_discharge: 0.5
  VRBF:
    cost: 318.844
    lifetime: 16.3364
    annual_cost: 19.51739673367449
    efficiency: 0.729384
    discharge_ratio: 0.5
    depth_of_discharge: 1.0
