cost_values:
  wind_capex: 5000.0
  wind_opex: 100
  wind_lifetime: 20
  solar_capex: 1000.0
  solar_opex: 10
  solar_lifetime: 20
  carbon_price: 1.0
timeseries_values:
  load_level: 276037.46676088165
  wind_year: 2017
  solar_year: 2011
  price_year: 2023
  carbon_year: 2023
storage_values:
  CAES:
    cost: 38.7306
    lifetime: 25.3829
    annual_cost: 1.5258540198322494
    efficiency: 0.571039
    discharge_ratio: 0.1
    depth_of_discharge: 0.4
  Li-ion:
    cost: 134.893
    lifetime: 15.955
    annual_cost: 8.454591037292385
    efficiency: 0.962621
    discharge_ratio: 2
    depth_of_discharge: 0.9
  Pb-acid:
    cost: 181.663
    lifetime: 9.47234
    annual_cost: 19.17826007090117
    efficiency: 0.708512
    discharge_ratio: 5
    depth_of_discharge: 0.5
  VRBF:
    cost: 307.224
    lifetime: 14.9292
    annual_cost: 20.578731613214373
    efficiency: 0.720058
    discharge_ratio: 0.5
    depth_of_discharge: 1.0
