cost_values:
  wind_capex: 5000.0
  wind_opex: 100
  wind_lifetime: 20
  solar_capex: 1000.0
  solar_opex: 10
  solar_lifetime: 20
  carbon_price: 1.0
timeseries_values:
  load_level: 276037.46676088165
  wind_year: 2017
  solar_year: 2011
  price_year: 2023
  carbon_year: 2023
storage_values:
  CAES:
    cost: 52.1109
    lifetime: 24.9637
    annual_cost: 2.0874670020870303
    efficiency: 0.554525
    discharge_ratio: 0.1
    depth_of_discharge: 0.4
  Li-ion:
    cost: 139.953
    lifetime: 16.014
    annual_cost: 8.739415511427502
    efficiency: 0.976616
    discharge_ratio: 2
    depth_of_discharge: 0.9
  Pb-acid:
    cost: 181.852
    lifetime: 9.71717
    annual_cost: 18.714502267635538
    efficiency: 0.703011
    discharge_ratio: 5
    depth_of_discharge: 0.5
  VRBF:
    cost: 288.389
    lifetime: 18.0773
    annual_cost: 15.953101403417545
    efficiency: 0.729216
    discharge_ratio: 0.5
    depth_of_discharge: 1.0
