cost_values:
  wind_capex: 5000.0
  wind_opex: 100
  wind_lifetime: 20
  solar_capex: 1000.0
  solar_opex: 10
  solar_lifetime: 20
  carbon_price: 1.0
timeseries_values:
  load_level: 276037.46676088165
  wind_year: 2017
  solar_year: 2011
  price_year: 2023
  carbon_year: 2023
storage_values:
  CAES:
    cost: 52.5938
    lifetime: 25.0252
    annual_cost: 2.101633553378195
    efficiency: 0.560855
    discharge_ratio: 0.1
    depth_of_discharge: 0.4
  Li-ion:
    cost: 130.886
    lifetime: 16.9476
    annual_cost: 7.7229814250985385
    efficiency: 0.986256
    discharge_ratio: 2
    depth_of_discharge: 0.9
  Pb-acid:
    cost: 207.139
    lifetime: 9.01317
    annual_cost: 22.981814389387974
    efficiency: 0.709869
    discharge_ratio: 5
    depth_of_discharge: 0.5
  VRBF:
    cost: 281.367
    lifetime: 14.803
    annual_cost: 19.007430926163615
    efficiency: 0.722377
    discharge_ratio: 0.5
    depth_of_discharge: 1.0
