cost_values:
  wind_capex: 5000.0
  wind_opex: 100
  wind_lifetime: 20
  solar_capex: 1000.0
  solar_opex: 10
  solar_lifetime: 20
  carbon_price: 1.0
timeseries_values:
  load_level: 276037.46676088165
  wind_year: 2017
  solar_year: 2011
  price_year: 2023
  carbon_year: 2023
storage_values:
  CAES:
    cost: 45.278
    lifetime: 25.6341
    annual_cost: 1.7663190827842599
    efficiency: 0.554245
    discharge_ratio: 0.1
    depth_of_discharge: 0.4
  Li-ion:
    cost: 154.26
    lifetime: 16.5685
    annual_cost: 9.310438482662883
    efficiency: 0.970532
    discharge_ratio: 2
    depth_of_discharge: 0.9
  Pb-acid:
    cost: 194.231
    lifetime: 8.74272
    annual_cost: 22.21631254346473
    efficiency: 0.707645
    discharge_ratio: 5
    depth_of_discharge: 0.5
  VRBF:
    cost: 330.58
    lifetime: 15.7389
    annual_cost: 21.00400917471996
    efficiency: 0.717648
    discharge_ratio: 0.5
    depth_of_discharge: 1.0
