cost_values:
  wind_capex: 5000.0
  wind_opex: 100
  wind_lifetime: 20
  solar_capex: 1000.0
  solar_opex: 10
  solar_lifetime: 20
  carbon_price: 1.0
timeseries_values:
  load_level: 276037.46676088165
  wind_year: 2017
  solar_year: 2011
  price_year: 2023
  carbon_year: 2023
storage_values:
  CAES:
    cost: 45.5117
    lifetime: 23.8633
    annual_cost: 1.9071838345911922
    efficiency: 0.566952
    discharge_ratio: 0.1
    depth_of_discharge: 0.4
  Li-ion:
    cost: 133.101
    lifetime: 18.1821
    annual_cost: 7.320441533156236
    efficiency: 0.981987
    discharge_ratio: 2
    depth_of_discharge: 0.9
  Pb-acid:
    cost: 203.56
    lifetime: 9.55931
    annual_cost: 21.294423969930886
    efficiency: 0.697824
    discharge_ratio: 5
    depth_of_discharge: 0.5
  VRBF:
    cost: 286.836
    lifetime: 12.7352
    annual_cost: 22.52308562095609
    efficiency: 0.738382
    discharge_ratio: 0.5
    depth_of_discharge: 1.0
