cost_values:
  wind_capex: 5000.0
  wind_opex: 100
  wind_lifetime: 20
  solar_capex: 1000.0
  solar_opex: 10
  solar_lifetime: 20
  carbon_price: 1.0
timeseries_values:
  load_level: 276037.46676088165
  wind_year: 2017
  solar_year: 2011
  price_year: 2023
  carbon_year: 2023
storage_values:
  CAES:
    cost: 51.422
    lifetime: 24.3654
    annual_cost: 2.1104517061078414
    efficiency: 0.559956
    discharge_ratio: 0.1
    depth_of_discharge: 0.4
  Li-ion:
    cost: 160.566
    lifetime: 15.7731
    annual_cost: 10.17973638663294
    efficiency: 0.979482
    discharge_ratio: 2
    depth_of_discharge: 0.9
  Pb-acid:
    cost: 181.797
    lifetime: 8.28515
    annual_cost: 21.942511602083247
    efficiency: 0.706127
    discharge_ratio: 5
    depth_of_discharge: 0.5
  VRBF:
    cost: 330.431
    lifetime: 15.1165
    annual_cost: 21.858962061323716
    efficiency: 0.723832
    discharge_ratio: 0.5
    depth_of_discharge: 1.0
