cost_values:
  wind_capex: 5000.0
  wind_opex: 100
  wind_lifetime: 20
  solar_capex: 1000.0
  solar_opex: 10
  solar_lifetime: 20
  carbon_price: 1.0
timeseries_values:
  load_level: 276037.46676088165
  wind_year: 2017
  solar_year: 2011
  price_year: 2023
  carbon_year: 2023
storage_values:
  CAES:
    cost: 52.9509
    lifetime: 24.2693
    annual_cost: 2.1818058205222233
    efficiency: 0.570755
    discharge_ratio: 0.1
    depth_of_discharge: 0.4
  Li-ion:
    cost: 137.031
    lifetime: 18.2369
    annual_cost: 7.513941514182784
    efficiency: 0.966212
    discharge_ratio: 2
    depth_of_discharge: 0.9
  Pb-acid:
    cost: 189.006
    lifetime: 9.75597
    annual_cost: 19.373368306790614
    efficiency: 0.713558
    discharge_ratio: 5
    depth_of_discharge: 0.5
  VRBF:
    cost: 321.651
    lifetime: 16.0655
    annual_cost: 20.021225607668608
    efficiency: 0.717377
    discharge_ratio: 0.5
    depth_of_discharge: 1.0
