cost_values:
  wind_capex: 5000.0
  wind_opex: 100
  wind_lifetime: 20
  solar_capex: 1000.0
  solar_opex: 10
  solar_lifetime: 20
  carbon_price: 1.0
timeseries_values:
  load_level: 276037.46676088165
  wind_year: 2017
  solar_year: 2011
  price_year: 2023
  carbon_year: 2023
storage_values:
  CAES:
    cost: 52.8146
    lifetime: 24.6107
    annual_cost: 2.146001535917304
    efficiency: 0.563808
    discharge_ratio: 0.1
    depth_of_discharge: 0.4
  Li-ion:
    cost: 165.706
    lifetime: 16.9857
    annual_cost: 9.755617960990714
    efficiency: 0.969931
    discharge_ratio: 2
    depth_of_discharge: 0.9
  Pb-acid:
    cost: 203.394
    lifetime: 9.21618
    annual_cost: 22.06923041867672
    efficiency: 0.708238
    discharge_ratio: 5
    depth_of_discharge: 0.5
  VRBF:
    cost: 318.05
    lifetime: 15.0669
    annual_cost: 21.10918636215811
    efficiency: 0.720776
    discharge_ratio: 0.5
    depth_of_discharge: 1.0
