cost_values:
  wind_capex: 5000.0
  wind_opex: 100
  wind_lifetime: 20
  solar_capex: 1000.0
  solar_opex: 10
  solar_lifetime: 20
  carbon_price: 1.0
timeseries_values:
  load_level: 276037.46676088165
  wind_year: 2017
  solar_year: 2011
  price_year: 2023
  carbon_year: 2023
storage_values:
  CAES:
    cost: 37.7105
    lifetime: 24.5929
    annual_cost: 1.5333897181706917
    efficiency: 0.560861
    discharge_ratio: 0.1
    depth_of_discharge: 0.4
  Li-ion:
    cost: 150.536
    lifetime: 15.5486
    annual_cost: 9.68164336338963
    efficiency: 0.980595
    discharge_ratio: 2
    depth_of_discharge: 0.9
  Pb-acid:
    cost: 178.425
    lifetime: 6.81116
    annual_cost: 26.19597836491875
    efficiency: 0.709442
    discharge_ratio: 5
    depth_of_discharge: 0.5
  VRBF:
    cost: 312.978
    lifetime: 16.2127
    annual_cost: 19.30449585818525
    efficiency: 0.723705
    discharge_ratio: 0.5
    depth_of_discharge: 1.0
