cost_values:
  wind_capex: 5000.0
  wind_opex: 100
  wind_lifetime: 20
  solar_capex: 1000.0
  solar_opex: 10
  solar_lifetime: 20
  carbon_price: 1.0
timeseries_values:
  load_level: 276037.46676088165
  wind_year: 2017
  solar_year: 2011
  price_year: 2023
  carbon_year: 2023
storage_values:
  CAES:
    cost: 44.0108
    lifetime: 25.3751
    annual_cost: 1.7344089284377207
    efficiency: 0.566737
    discharge_ratio: 0.1
    depth_of_discharge: 0.4
  Li-ion:
    cost: 153.574
    lifetime: 15.6118
    annual_cost: 9.837046336745283
    efficiency: 0.970092
    discharge_ratio: 2
    depth_of_discharge: 0.9
  Pb-acid:
    cost: 178.862
    lifetime: 10.3617
    annual_cost: 17.261839273478287
    efficiency: 0.694461
    discharge_ratio: 5
    depth_of_discharge: 0.5
  VRBF:
    cost: 306.003
    lifetime: 12.7217
    annual_cost: 24.0536249086207
    efficiency: 0.728347
    discharge_ratio: 0.5
    depth_of_discharge: 1.0
