cost_values:
  wind_capex: 5000.0
  wind_opex: 100
  wind_lifetime: 20
  solar_capex: 1000.0
  solar_opex: 10
  solar_lifetime: 20
  carbon_price: 1.0
timeseries_values:
  load_level: 276037.46676088165
  wind_year: 2017
  solar_year: 2011
  price_year: 2023
  carbon_year: 2023
storage_values:
  CAES:
    cost: 50.5094
    lifetime: 24.3343
    annual_cost: 2.075646309941112
    efficiency: 0.558451
    discharge_ratio: 0.1
    depth_of_discharge: 0.4
  Li-ion:
    cost: 142.859
    lifetime: 16.6808
    annual_cost: 8.564277492686202
    efficiency: 0.976008
    discharge_ratio: 2
    depth_of_discharge: 0.9
  Pb-acid:
    cost: 209.207
    lifetime: 8.5384
    annual_cost: 24.50189731097161
    efficiency: 0.717132
    discharge_ratio: 5
    depth_of_discharge: 0.5
  VRBF:
    cost: 312.157
    lifetime: 16.4987
    annual_cost: 18.920096734894265
    efficiency: 0.713285
    discharge_ratio: 0.5
    depth_of_discharge: 1.0
