cost_values:
  wind_capex: 5000.0
  wind_opex: 100
  wind_lifetime: 20
  solar_capex: 1000.0
  solar_opex: 10
  solar_lifetime: 20
  carbon_price: 1.0
timeseries_values:
  load_level: 276037.46676088165
  wind_year: 2017
  solar_year: 2011
  price_year: 2023
  carbon_year: 2023
storage_values:
  CAES:
    cost: 54.5161
    lifetime: 26.0352
    annual_cost: 2.093938206735497
    efficiency: 0.563039
    discharge_ratio: 0.1
    depth_of_discharge: 0.4
  Li-ion:
    cost: 161.466
    lifetime: 19.0526
    annual_cost: 8.474748853174894
    efficiency: 0.967213
    discharge_ratio: 2
    depth_of_discharge: 0.9
  Pb-acid:
    cost: 189.154
    lifetime: 8.67357
    annual_cost: 21.80809055556132
    efficiency: 0.710189
    discharge_ratio: 5
    depth_of_discharge: 0.5
  VRBF:
    cost: 287.731
    lifetime: 14.9941
    annual_cost: 19.189614581735484
    efficiency: 0.715743
    discharge_ratio: 0.5
    depth_of_discharge: 1.0
