cost_values:
  wind_capex: 5000.0
  wind_opex: 100
  wind_lifetime: 20
  solar_capex: 1000.0
  solar_opex: 10
  solar_lifetime: 20
  carbon_price: 1.0
timeseries_values:
  load_level: 276037.46676088165
  wind_year: 2017
  solar_year: 2011
  price_year: 2023
  carbon_year: 2023
storage_values:
  CAES:
    cost: 48.4009
    lifetime: 25.1023
    annual_cost: 1.9281460264597268
    efficiency: 0.555188
    discharge_ratio: 0.1
    depth_of_discharge: 0.4
  Li-ion:
    cost: 154.339
    lifetime: 16.8154
    annual_cost: 9.178431675725822
    efficiency: 0.970836
    discharge_ratio: 2
    depth_of_discharge: 0.9
  Pb-acid:
    cost: 196.213
    lifetime: 6.6976
    annual_cost: 29.296016483516482
    efficiency: 0.700197
    discharge_ratio: 5
    depth_of_discharge: 0.5
  VRBF:
    cost: 337.124
    lifetime: 15.0494
    annual_cost: 22.401158850186718
    efficiency: 0.7356
    discharge_ratio: 0.5
    depth_of_discharge: 1.0
