cost_values:
  wind_capex: 5000.0
  wind_opex: 100
  wind_lifetime: 20
  solar_capex: 1000.0
  solar_opex: 10
  solar_lifetime: 20
  carbon_price: 1.0
timeseries_values:
  load_level: 276037.46676088165
  wind_year: 2017
  solar_year: 2011
  price_year: 2023
  carbon_year: 2023
storage_values:
  CAES:
    cost: 43.8908
    lifetime: 24.1335
    annual_cost: 1.81866699815609
    efficiency: 0.562463
    discharge_ratio: 0.1
    depth_of_discharge: 0.4
  Li-ion:
    cost: 151.037
    lifetime: 18.2901
    annual_cost: 8.257855342507696
    efficiency: 0.981306
    discharge_ratio: 2
    depth_of_discharge: 0.9
  Pb-acid:
    cost: 178.746
    lifetime: 8.78547
    annual_cost: 20.345638878739557
    efficiency: 0.699837
    discharge_ratio: 5
    depth_of_discharge: 0.5
  VRBF:
    cost: 311.965
    lifetime: 15.2214
    annual_cost: 20.49515813262906
    efficiency: 0.731498
    discharge_ratio: 0.5
    depth_of_discharge: 1.0
