cost_values:
  wind_capex: 5000.0
  wind_opex: 100
  wind_lifetime: 20
  solar_capex: 1000.0
  solar_opex: 10
  solar_lifetime: 20
  carbon_price: 1.0
timeseries_values:
  load_level: 276037.46676088165
  wind_year: 2017
  solar_year: 2011
  price_year: 2023
  carbon_year: 2023
storage_values:
  CAES:
    cost: 54.0942
    lifetime: 24.9047
    annual_cost: 2.1720478463904405
    efficiency: 0.562738
    discharge_ratio: 0.1
    depth_of_discharge: 0.4
  Li-ion:
    cost: 147.75
    lifetime: 16.5811
    annual_cost: 8.910747779097889
    efficiency: 0.960925
    discharge_ratio: 2
    depth_of_discharge: 0.9
  Pb-acid:
    cost: 192.598
    lifetime: 8.60486
    annual_cost: 22.382467582273275
    efficiency: 0.712561
    discharge_ratio: 5
    depth_of_discharge: 0.5
  VRBF:
    cost: 298.889
    lifetime: 15.0163
    annual_cost: 19.904303989664566
    efficiency: 0.729049
    discharge_ratio: 0.5
    depth_of_discharge: 1.0
