cost_values:
  wind_capex: 5000.0
  wind_opex: 100
  wind_lifetime: 20
  solar_capex: 1000.0
  solar_opex: 10
  solar_lifetime: 20
  carbon_price: 1.0
timeseries_values:
  load_level: 276037.46676088165
  wind_year: 2017
  solar_year: 2011
  price_year: 2023
  carbon_year: 2023
storage_values:
  CAES:
    cost: 42.6208
    lifetime: 25.7948
    annual_cost: 1.6523020143594835
    efficiency: 0.557443
    discharge_ratio: 0.1
    depth_of_discharge: 0.4
  Li-ion:
    cost: 146.662
    lifetime: 17.6277
    annual_cost: 8.319973677791204
    efficiency: 0.96397
    discharge_ratio: 2
    depth_of_discharge: 0.9
  Pb-acid:
    cost: 209.349
    lifetime: 7.6834
    annual_cost: 27.246921935601424
    efficiency: 0.709886
    discharge_ratio: 5
    depth_of_discharge: 0.5
  VRBF:
    cost: 307.763
    lifetime: 15.599
    annual_cost: 19.729662157830628
    efficiency: 0.740842
    discharge_ratio: 0.5
    depth_of_discharge: 1.0
