cost_values:
  wind_capex: 5000.0
  wind_opex: 100
  wind_lifetime: 20
  solar_capex: 1000.0
  solar_opex: 10
  solar_lifetime: 20
  carbon_price: 1.0
timeseries_values:
  load_level: 276037.46676088165
  wind_year: 2017
  solar_year: 2011
  price_year: 2023
  carbon_year: 2023
storage_values:
  CAES:
    cost: 49.2955
    lifetime: 24.3808
    annual_cost: 2.021898379052369
    efficiency: 0.550184
    discharge_ratio: 0.1
    depth_of_discharge: 0.4
  Li-ion:
    cost: 137.09
    lifetime: 17.8687
    annual_cost: 7.6720746332973295
    efficiency: 0.965062
    discharge_ratio: 2
    depth_of_discharge: 0.9
  Pb-acid:
    cost: 201.899
    lifetime: 7.72756
    annual_cost: 26.127134567703127
    efficiency: 0.707604
    discharge_ratio: 5
    depth_of_discharge: 0.5
  VRBF:
    cost: 311.791
    lifetime: 17.3007
    annual_cost: 18.021871947377853
    efficiency: 0.729798
    discharge_ratio: 0.5
    depth_of_discharge: 1.0
