cost_values:
  wind_capex: 5000.0
  wind_opex: 100
  wind_lifetime: 20
  solar_capex: 1000.0
  solar_opex: 10
  solar_lifetime: 20
  carbon_price: 1.0
timeseries_values:
  load_level: 276037.46676088165
  wind_year: 2017
  solar_year: 2011
  price_year: 2023
  carbon_year: 2023
storage_values:
  CAES:
    cost: 49.4236
    lifetime: 24.9174
    annual_cost: 1.9834974756595791
    efficiency: 0.563021
    discharge_ratio: 0.1
    depth_of_discharge: 0.4
  Li-ion:
    cost: 155.541
    lifetime: 15.3412
    annual_cost: 10.138776627643209
    efficiency: 0.953365
    discharge_ratio: 2
    depth_of_discharge: 0.9
  Pb-acid:
    cost: 202.502
    lifetime: 9.06841
    annual_cost: 22.330485719106218
    efficiency: 0.724762
    discharge_ratio: 5
    depth_of_discharge: 0.5
  VRBF:
    cost: 289.877
    lifetime: 15.9343
    annual_cost: 18.192013455250624
    efficiency: 0.714273
    discharge_ratio: 0.5
    depth_of_discharge: 1.0
