cost_values:
  wind_capex: 5000.0
  wind_opex: 100
  wind_lifetime: 20
  solar_capex: 1000.0
  solar_opex: 10
  solar_lifetime: 20
  carbon_price: 1.0
timeseries_values:
  load_level: 276037.46676088165
  wind_year: 2017
  solar_year: 2011
  price_year: 2023
  carbon_year: 2023
storage_values:
  CAES:
    cost: 52.9837
    lifetime: 25.3102
    annual_cost: 2.093373422572718
    efficiency: 0.561068
    discharge_ratio: 0.1
    depth_of_discharge: 0.4
  Li-ion:
    cost: 145.716
    lifetime: 17.3273
    annual_cost: 8.409619502172871
    efficiency: 0.980466
    discharge_ratio: 2
    depth_of_discharge: 0.9
  Pb-acid:
    cost: 189.178
    lifetime: 9.33298
    annual_cost: 20.26983878675407
    efficiency: 0.693783
    discharge_ratio: 5
    depth_of_discharge: 0.5
  VRBF:
    cost: 295.761
    lifetime: 13.4082
    annual_cost: 22.058218105338526
    efficiency: 0.738468
    discharge_ratio: 0.5
    depth_of_discharge: 1.0
