cost_values:
  wind_capex: 5000.0
  wind_opex: 100
  wind_lifetime: 20
  solar_capex: 1000.0
  solar_opex: 10
  solar_lifetime: 20
  carbon_price: 1.0
timeseries_values:
  load_level: 276037.46676088165
  wind_year: 2017
  solar_year: 2011
  price_year: 2023
  carbon_year: 2023
storage_values:
  CAES:
    cost: 39.7867
    lifetime: 25.5806
    annual_cost: 1.5553466298679468
    efficiency: 0.55603
    discharge_ratio: 0.1
    depth_of_discharge: 0.4
  Li-ion:
    cost: 160.805
    lifetime: 17.621
    annual_cost: 9.125759037512061
    efficiency: 0.982589
    discharge_ratio: 2
    depth_of_discharge: 0.9
  Pb-acid:
    cost: 191.913
    lifetime: 8.59506
    annual_cost: 22.328290901983234
    efficiency: 0.704775
    discharge_ratio: 5
    depth_of_discharge: 0.5
  VRBF:
    cost: 305.748
    lifetime: 15.5662
    annual_cost: 19.641787976513214
    efficiency: 0.734417
    discharge_ratio: 0.5
    depth_of_discharge: 1.0
