cost_values:
  wind_capex: 5000.0
  wind_opex: 100
  wind_lifetime: 20
  solar_capex: 1000.0
  solar_opex: 10
  solar_lifetime: 20
  carbon_price: 1.0
timeseries_values:
  load_level: 276037.46676088165
  wind_year: 2017
  solar_year: 2011
  price_year: 2023
  carbon_year: 2023
storage_values:
  CAES:
    cost: 47.897
    lifetime: 23.8385
    annual_cost: 2.0092287685886276
    efficiency: 0.560259
    discharge_ratio: 0.1
    depth_of_discharge: 0.4
  Li-ion:
    cost: 196.928
    lifetime: 14.0794
    annual_cost: 13.986959671576914
    efficiency: 0.973436
    discharge_ratio: 2
    depth_of_discharge: 0.9
  Pb-acid:
    cost: 199.523
    lifetime: 8.15211
    annual_cost: 24.475013217436956
    efficiency: 0.692312
    discharge_ratio: 5
    depth_of_discharge: 0.5
  VRBF:
    cost: 264.754
    lifetime: 13.4984
    annual_cost: 19.613731997866417
    efficiency: 0.726747
    discharge_ratio: 0.5
    depth_of_discharge: 1.0
