cost_values:
  wind_capex: 5000.0
  wind_opex: 100
  wind_lifetime: 20
  solar_capex: 1000.0
  solar_opex: 10
  solar_lifetime: 20
  carbon_price: 1.0
timeseries_values:
  load_level: 276037.46676088165
  wind_year: 2017
  solar_year: 2011
  price_year: 2023
  carbon_year: 2023
storage_values:
  CAES:
    cost: 43.1401
    lifetime: 24.2085
    annual_cost: 1.7820228432162255
    efficiency: 0.557258
    discharge_ratio: 0.1
    depth_of_discharge: 0.4
  Li-ion:
    cost: 154.384
    lifetime: 16.3884
    annual_cost: 9.420321690952136
    efficiency: 0.973138
    discharge_ratio: 2
    depth_of_discharge: 0.9
  Pb-acid:
    cost: 175.099
    lifetime: 9.69402
    annual_cost: 18.06257878568437
    efficiency: 0.708302
    discharge_ratio: 5
    depth_of_discharge: 0.5
  VRBF:
    cost: 291.015
    lifetime: 15.1506
    annual_cost: 19.208150172270404
    efficiency: 0.725287
    discharge_ratio: 0.5
    depth_of_discharge: 1.0
