cost_values:
  wind_capex: 5000.0
  wind_opex: 100
  wind_lifetime: 20
  solar_capex: 1000.0
  solar_opex: 10
  solar_lifetime: 20
  carbon_price: 1.0
timeseries_values:
  load_level: 276037.46676088165
  wind_year: 2017
  solar_year: 2011
  price_year: 2023
  carbon_year: 2023
storage_values:
  CAES:
    cost: 50.2469
    lifetime: 25.324
    annual_cost: 1.9841612699415572
    efficiency: 0.570342
    discharge_ratio: 0.1
    depth_of_discharge: 0.4
  Li-ion:
    cost: 147.912
    lifetime: 16.8826
    annual_cost: 8.761209766268228
    efficiency: 0.974341
    discharge_ratio: 2
    depth_of_discharge: 0.9
  Pb-acid:
    cost: 185.844
    lifetime: 9.9419
    annual_cost: 18.693006366992222
    efficiency: 0.690677
    discharge_ratio: 5
    depth_of_discharge: 0.5
  VRBF:
    cost: 298.428
    lifetime: 14.8014
    annual_cost: 20.162146823949087
    efficiency: 0.727599
    discharge_ratio: 0.5
    depth_of_discharge: 1.0
