cost_values:
  wind_capex: 5000.0
  wind_opex: 100
  wind_lifetime: 20
  solar_capex: 1000.0
  solar_opex: 10
  solar_lifetime: 20
  carbon_price: 1.0
timeseries_values:
  load_level: 276037.46676088165
  wind_year: 2017
  solar_year: 2011
  price_year: 2023
  carbon_year: 2023
storage_values:
  CAES:
    cost: 43.6594
    lifetime: 25.2101
    annual_cost: 1.7318217698462124
    efficiency: 0.560623
    discharge_ratio: 0.1
    depth_of_discharge: 0.4
  Li-ion:
    cost: 122.047
    lifetime: 17.102
    annual_cost: 7.136416793357502
    efficiency: 0.961518
    discharge_ratio: 2
    depth_of_discharge: 0.9
  Pb-acid:
    cost: 182.979
    lifetime: 9.69387
    annual_cost: 18.875743124263067
    efficiency: 0.701753
    discharge_ratio: 5
    depth_of_discharge: 0.5
  VRBF:
    cost: 302.851
    lifetime: 16.5117
    annual_cost: 18.34160019864702
    efficiency: 0.712178
    discharge_ratio: 0.5
    depth_of_discharge: 1.0
