cost_values:
  wind_capex: 5000.0
  wind_opex: 100
  wind_lifetime: 20
  solar_capex: 1000.0
  solar_opex: 10
  solar_lifetime: 20
  carbon_price: 1.0
timeseries_values:
  load_level: 276037.46676088165
  wind_year: 2017
  solar_year: 2011
  price_year: 2023
  carbon_year: 2023
storage_values:
  CAES:
    cost: 45.6633
    lifetime: 25.0854
    annual_cost: 1.8203138080317636
    efficiency: 0.566251
    discharge_ratio: 0.1
    depth_of_discharge: 0.4
  Li-ion:
    cost: 143.838
    lifetime: 17.9038
    annual_cost: 8.033936929590366
    efficiency: 0.979169
    discharge_ratio: 2
    depth_of_discharge: 0.9
  Pb-acid:
    cost: 158.877
    lifetime: 9.31395
    annual_cost: 17.05796144492938
    efficiency: 0.71351
    discharge_ratio: 5
    depth_of_discharge: 0.5
  VRBF:
    cost: 311.441
    lifetime: 15.4845
    annual_cost: 20.11308082275824
    efficiency: 0.729298
    discharge_ratio: 0.5
    depth_of_discharge: 1.0
