cost_values:
  wind_capex: 5000.0
  wind_opex: 100
  wind_lifetime: 20
  solar_capex: 1000.0
  solar_opex: 10
  solar_lifetime: 20
  carbon_price: 1.0
timeseries_values:
  load_level: 276037.46676088165
  wind_year: 2017
  solar_year: 2011
  price_year: 2023
  carbon_year: 2023
storage_values:
  CAES:
    cost: 46.3891
    lifetime: 24.6409
    annual_cost: 1.8826057489783248
    efficiency: 0.559118
    discharge_ratio: 0.1
    depth_of_discharge: 0.4
  Li-ion:
    cost: 167.865
    lifetime: 16.3147
    annual_cost: 10.289187052167678
    efficiency: 0.970203
    discharge_ratio: 2
    depth_of_discharge: 0.9
  Pb-acid:
    cost: 191.323
    lifetime: 9.85103
    annual_cost: 19.421623931710695
    efficiency: 0.703607
    discharge_ratio: 5
    depth_of_discharge: 0.5
  VRBF:
    cost: 333.949
    lifetime: 14.7066
    annual_cost: 22.707423877714767
    efficiency: 0.734386
    discharge_ratio: 0.5
    depth_of_discharge: 1.0
