cost_values:
  wind_capex: 5000.0
  wind_opex: 100
  wind_lifetime: 20
  solar_capex: 1000.0
  solar_opex: 10
  solar_lifetime: 20
  carbon_price: 1.0
timeseries_values:
  load_level: 276037.46676088165
  wind_year: 2017
  solar_year: 2011
  price_year: 2023
  carbon_year: 2023
storage_values:
  CAES:
    cost: 52.3638
    lifetime: 24.2455
    annual_cost: 2.1597327339093852
    efficiency: 0.566137
    discharge_ratio: 0.1
    depth_of_discharge: 0.4
  Li-ion:
    cost: 151.377
    lifetime: 16.3559
    annual_cost: 9.255192315922697
    efficiency: 0.978928
    discharge_ratio: 2
    depth_of_discharge: 0.9
  Pb-acid:
    cost: 201.214
    lifetime: 8.64128
    annual_cost: 23.285207747000445
    efficiency: 0.703317
    discharge_ratio: 5
    depth_of_discharge: 0.5
  VRBF:
    cost: 286.232
    lifetime: 13.0753
    annual_cost: 21.891046476945082
    efficiency: 0.734149
    discharge_ratio: 0.5
    depth_of_discharge: 1.0
