cost_values:
  wind_capex: 5000.0
  wind_opex: 100
  wind_lifetime: 20
  solar_capex: 1000.0
  solar_opex: 10
  solar_lifetime: 20
  carbon_price: 1.0
timeseries_values:
  load_level: 276037.46676088165
  wind_year: 2017
  solar_year: 2011
  price_year: 2023
  carbon_year: 2023
storage_values:
  CAES:
    cost: 44.2765
    lifetime: 25.396
    annual_cost: 1.743443849425106
    efficiency: 0.559402
    discharge_ratio: 0.1
    depth_of_discharge: 0.4
  Li-ion:
    cost: 143.699
    lifetime: 15.624
    annual_cost: 9.197324628776242
    efficiency: 0.988526
    discharge_ratio: 2
    depth_of_discharge: 0.9
  Pb-acid:
    cost: 188.074
    lifetime: 8.84135
    annual_cost: 21.27209080061303
    efficiency: 0.701687
    discharge_ratio: 5
    depth_of_discharge: 0.5
  VRBF:
    cost: 301.06
    lifetime: 16.5671
    annual_cost: 18.17216048674783
    efficiency: 0.742837
    discharge_ratio: 0.5
    depth_of_discharge: 1.0
