cost_values:
  wind_capex: 5000.0
  wind_opex: 100
  wind_lifetime: 20
  solar_capex: 1000.0
  solar_opex: 10
  solar_lifetime: 20
  carbon_price: 1.0
timeseries_values:
  load_level: 276037.46676088165
  wind_year: 2017
  solar_year: 2011
  price_year: 2023
  carbon_year: 2023
storage_values:
  CAES:
    cost: 48.0542
    lifetime: 24.3089
    annual_cost: 1.9768150759598335
    efficiency: 0.55478
    discharge_ratio: 0.1
    depth_of_discharge: 0.4
  Li-ion:
    cost: 151.026
    lifetime: 17.4986
    annual_cost: 8.630747602665357
    efficiency: 0.97759
    discharge_ratio: 2
    depth_of_discharge: 0.9
  Pb-acid:
    cost: 195.651
    lifetime: 9.36755
    annual_cost: 20.886037437750534
    efficiency: 0.706989
    discharge_ratio: 5
    depth_of_discharge: 0.5
  VRBF:
    cost: 320.773
    lifetime: 18.3048
    annual_cost: 17.52398278047288
    efficiency: 0.732621
    discharge_ratio: 0.5
    depth_of_discharge: 1.0
