cost_values:
  wind_capex: 5000.0
  wind_opex: 100
  wind_lifetime: 20
  solar_capex: 1000.0
  solar_opex: 10
  solar_lifetime: 20
  carbon_price: 1.0
timeseries_values:
  load_level: 276037.46676088165
  wind_year: 2017
  solar_year: 2011
  price_year: 2023
  carbon_year: 2023
storage_values:
  CAES:
    cost: 54.3664
    lifetime: 24.5351
    annual_cost: 2.2158621729685226
    efficiency: 0.565472
    discharge_ratio: 0.1
    depth_of_discharge: 0.4
  Li-ion:
    cost: 157.534
    lifetime: 17.2042
    annual_cost: 9.15671754571558
    efficiency: 0.989053
    discharge_ratio: 2
    depth_of_discharge: 0.9
  Pb-acid:
    cost: 202.477
    lifetime: 9.51308
    annual_cost: 21.284063626081142
    efficiency: 0.719316
    discharge_ratio: 5
    depth_of_discharge: 0.5
  VRBF:
    cost: 323.13
    lifetime: 14.0742
    annual_cost: 22.959031419192566
    efficiency: 0.722639
    discharge_ratio: 0.5
    depth_of_discharge: 1.0
