cost_values:
  wind_capex: 5000.0
  wind_opex: 100
  wind_lifetime: 20
  solar_capex: 1000.0
  solar_opex: 10
  solar_lifetime: 20
  carbon_price: 1.0
timeseries_values:
  load_level: 276037.46676088165
  wind_year: 2017
  solar_year: 2011
  price_year: 2023
  carbon_year: 2023
storage_values:
  CAES:
    cost: 47.2796
    lifetime: 24.6661
    annual_cost: 1.9167845747807721
    efficiency: 0.55731
    discharge_ratio: 0.1
    depth_of_discharge: 0.4
  Li-ion:
    cost: 165.956
    lifetime: 14.1037
    annual_cost: 11.766841325325977
    efficiency: 0.974702
    discharge_ratio: 2
    depth_of_discharge: 0.9
  Pb-acid:
    cost: 168.402
    lifetime: 9.09858
    annual_cost: 18.508602441260063
    efficiency: 0.698623
    discharge_ratio: 5
    depth_of_discharge: 0.5
  VRBF:
    cost: 308.419
    lifetime: 16.7266
    annual_cost: 18.438833953104634
    efficiency: 0.716253
    discharge_ratio: 0.5
    depth_of_discharge: 1.0
