cost_values:
  wind_capex: 5000.0
  wind_opex: 100
  wind_lifetime: 20
  solar_capex: 1000.0
  solar_opex: 10
  solar_lifetime: 20
  carbon_price: 1.0
timeseries_values:
  load_level: 276037.46676088165
  wind_year: 2017
  solar_year: 2011
  price_year: 2023
  carbon_year: 2023
storage_values:
  CAES:
    cost: 44.7091
    lifetime: 24.6182
    annual_cost: 1.81609947112299
    efficiency: 0.556838
    discharge_ratio: 0.1
    depth_of_discharge: 0.4
  Li-ion:
    cost: 151.513
    lifetime: 16.6418
    annual_cost: 9.1043637106563
    efficiency: 0.982897
    discharge_ratio: 2
    depth_of_discharge: 0.9
  Pb-acid:
    cost: 188.522
    lifetime: 8.94411
    annual_cost: 21.07778191457842
    efficiency: 0.709311
    discharge_ratio: 5
    depth_of_discharge: 0.5
  VRBF:
    cost: 306.861
    lifetime: 15.019
    annual_cost: 20.43152007457221
    efficiency: 0.711154
    discharge_ratio: 0.5
    depth_of_discharge: 1.0
