cost_values:
  wind_capex: 5000.0
  wind_opex: 100
  wind_lifetime: 20
  solar_capex: 1000.0
  solar_opex: 10
  solar_lifetime: 20
  carbon_price: 1.0
timeseries_values:
  load_level: 276037.46676088165
  wind_year: 2017
  solar_year: 2011
  price_year: 2023
  carbon_year: 2023
storage_values:
  CAES:
    cost: 46.7109
    lifetime: 24.2962
    annual_cost: 1.9225599064874344
    efficiency: 0.575431
    discharge_ratio: 0.1
    depth_of_discharge: 0.4
  Li-ion:
    cost: 144.756
    lifetime: 16.5831
    annual_cost: 8.729127847024982
    efficiency: 0.972062
    discharge_ratio: 2
    depth_of_discharge: 0.9
  Pb-acid:
    cost: 189.031
    lifetime: 7.98947
    annual_cost: 23.660017498031785
    efficiency: 0.692705
    discharge_ratio: 5
    depth_of_discharge: 0.5
  VRBF:
    cost: 291.535
    lifetime: 17.9153
    annual_cost: 16.272962216652807
    efficiency: 0.733733
    discharge_ratio: 0.5
    depth_of_discharge: 1.0
