cost_values:
  wind_capex: 5000.0
  wind_opex: 100
  wind_lifetime: 20
  solar_capex: 1000.0
  solar_opex: 10
  solar_lifetime: 20
  carbon_price: 1.0
timeseries_values:
  load_level: 276037.46676088165
  wind_year: 2017
  solar_year: 2011
  price_year: 2023
  carbon_year: 2023
storage_values:
  CAES:
    cost: 55.1747
    lifetime: 25.1323
    annual_cost: 2.195370101423268
    efficiency: 0.563383
    discharge_ratio: 0.1
    depth_of_discharge: 0.4
  Li-ion:
    cost: 128.123
    lifetime: 17.2448
    annual_cost: 7.429659955464834
    efficiency: 0.972631
    discharge_ratio: 2
    depth_of_discharge: 0.9
  Pb-acid:
    cost: 180.511
    lifetime: 8.61941
    annual_cost: 20.942384687583022
    efficiency: 0.707494
    discharge_ratio: 5
    depth_of_discharge: 0.5
  VRBF:
    cost: 267.464
    lifetime: 14.2183
    annual_cost: 18.811250290119073
    efficiency: 0.704345
    discharge_ratio: 0.5
    depth_of_discharge: 1.0
