cost_values:
  wind_capex: 5000.0
  wind_opex: 100
  wind_lifetime: 20
  solar_capex: 1000.0
  solar_opex: 10
  solar_lifetime: 20
  carbon_price: 1.0
timeseries_values:
  load_level: 276037.46676088165
  wind_year: 2017
  solar_year: 2011
  price_year: 2023
  carbon_year: 2023
storage_values:
  CAES:
    cost: 50.712
    lifetime: 24.0009
    annual_cost: 2.1129207654712947
    efficiency: 0.550083
    discharge_ratio: 0.1
    depth_of_discharge: 0.4
  Li-ion:
    cost: 144.036
    lifetime: 19.8446
    annual_cost: 7.2581961843524185
    efficiency: 0.972857
    discharge_ratio: 2
    depth_of_discharge: 0.9
  Pb-acid:
    cost: 178.557
    lifetime: 9.29712
    annual_cost: 19.205624967731943
    efficiency: 0.702886
    discharge_ratio: 5
    depth_of_discharge: 0.5
  VRBF:
    cost: 309.543
    lifetime: 14.1661
    annual_cost: 21.850968156373312
    efficiency: 0.715817
    discharge_ratio: 0.5
    depth_of_discharge: 1.0
