cost_values:
  wind_capex: 5000.0
  wind_opex: 100
  wind_lifetime: 20
  solar_capex: 1000.0
  solar_opex: 10
  solar_lifetime: 20
  carbon_price: 1.0
timeseries_values:
  load_level: 276037.46676088165
  wind_year: 2017
  solar_year: 2011
  price_year: 2023
  carbon_year: 2023
storage_values:
  CAES:
    cost: 50.5173
    lifetime: 23.7811
    annual_cost: 2.124262544625774
    efficiency: 0.564641
    discharge_ratio: 0.1
    depth_of_discharge: 0.4
  Li-ion:
    cost: 166.05
    lifetime: 13.4721
    annual_cost: 12.325472643463158
    efficiency: 0.984556
    discharge_ratio: 2
    depth_of_discharge: 0.9
  Pb-acid:
    cost: 197.736
    lifetime: 9.65485
    annual_cost: 20.48048390187315
    efficiency: 0.713521
    discharge_ratio: 5
    depth_of_discharge: 0.5
  VRBF:
    cost: 346.592
    lifetime: 16.0828
    annual_cost: 21.550476285223965
    efficiency: 0.747725
    discharge_ratio: 0.5
    depth_of_discharge: 1.0
