cost_values:
  wind_capex: 5000.0
  wind_opex: 100
  wind_lifetime: 20
  solar_capex: 1000.0
  solar_opex: 10
  solar_lifetime: 20
  carbon_price: 1.0
timeseries_values:
  load_level: 276037.46676088165
  wind_year: 2017
  solar_year: 2011
  price_year: 2023
  carbon_year: 2023
storage_values:
  CAES:
    cost: 52.9174
    lifetime: 24.81
    annual_cost: 2.1329060862555425
    efficiency: 0.565995
    discharge_ratio: 0.1
    depth_of_discharge: 0.4
  Li-ion:
    cost: 148.783
    lifetime: 18.5034
    annual_cost: 8.040846547121069
    efficiency: 0.959019
    discharge_ratio: 2
    depth_of_discharge: 0.9
  Pb-acid:
    cost: 172.394
    lifetime: 11.0473
    annual_cost: 15.605079974292362
    efficiency: 0.711303
    discharge_ratio: 5
    depth_of_discharge: 0.5
  VRBF:
    cost: 301.173
    lifetime: 14.9029
    annual_cost: 20.2090197209939
    efficiency: 0.728675
    discharge_ratio: 0.5
    depth_of_discharge: 1.0
