cost_values:
  wind_capex: 5000.0
  wind_opex: 100
  wind_lifetime: 20
  solar_capex: 1000.0
  solar_opex: 10
  solar_lifetime: 20
  carbon_price: 1.0
timeseries_values:
  load_level: 276037.46676088165
  wind_year: 2017
  solar_year: 2011
  price_year: 2023
  carbon_year: 2023
storage_values:
  CAES:
    cost: 54.8759
    lifetime: 24.3014
    annual_cost: 2.2581373912614087
    efficiency: 0.557419
    discharge_ratio: 0.1
    depth_of_discharge: 0.4
  Li-ion:
    cost: 161.839
    lifetime: 18.0782
    annual_cost: 8.952163379097478
    efficiency: 0.976756
    discharge_ratio: 2
    depth_of_discharge: 0.9
  Pb-acid:
    cost: 188.421
    lifetime: 9.59324
    annual_cost: 19.641018050210356
    efficiency: 0.707515
    discharge_ratio: 5
    depth_of_discharge: 0.5
  VRBF:
    cost: 276.381
    lifetime: 15.205
    annual_cost: 18.176981256165732
    efficiency: 0.710376
    discharge_ratio: 0.5
    depth_of_discharge: 1.0
