cost_values:
  wind_capex: 5000.0
  wind_opex: 100
  wind_lifetime: 20
  solar_capex: 1000.0
  solar_opex: 10
  solar_lifetime: 20
  carbon_price: 1.0
timeseries_values:
  load_level: 276037.46676088165
  wind_year: 2017
  solar_year: 2011
  price_year: 2023
  carbon_year: 2023
storage_values:
  CAES:
    cost: 53.5686
    lifetime: 24.9353
    annual_cost: 2.1483038102609555
    efficiency: 0.560113
    discharge_ratio: 0.1
    depth_of_discharge: 0.4
  Li-ion:
    cost: 156.856
    lifetime: 18.6742
    annual_cost: 8.399610157329363
    efficiency: 0.971953
    discharge_ratio: 2
    depth_of_discharge: 0.9
  Pb-acid:
    cost: 166.559
    lifetime: 8.51003
    annual_cost: 19.5720814145191
    efficiency: 0.710074
    discharge_ratio: 5
    depth_of_discharge: 0.5
  VRBF:
    cost: 296.513
    lifetime: 14.466
    annual_cost: 20.49723489561731
    efficiency: 0.725869
    discharge_ratio: 0.5
    depth_of_discharge: 1.0
