cost_values:
  wind_capex: 5000.0
  wind_opex: 100
  wind_lifetime: 20
  solar_capex: 1000.0
  solar_opex: 10
  solar_lifetime: 20
  carbon_price: 1.0
timeseries_values:
  load_level: 276037.46676088165
  wind_year: 2017
  solar_year: 2011
  price_year: 2023
  carbon_year: 2023
storage_values:
  CAES:
    cost: 50.6858
    lifetime: 25.5838
    annual_cost: 1.9811677702295984
    efficiency: 0.55492
    discharge_ratio: 0.1
    depth_of_discharge: 0.4
  Li-ion:
    cost: 160.709
    lifetime: 17.5581
    annual_cost: 9.152983523274159
    efficiency: 0.980365
    discharge_ratio: 2
    depth_of_discharge: 0.9
  Pb-acid:
    cost: 145.561
    lifetime: 9.18906
    annual_cost: 15.840684466093379
    efficiency: 0.717963
    discharge_ratio: 5
    depth_of_discharge: 0.5
  VRBF:
    cost: 297.841
    lifetime: 14.3537
    annual_cost: 20.750120178072553
    efficiency: 0.745349
    discharge_ratio: 0.5
    depth_of_discharge: 1.0
