cost_values:
  wind_capex: 5000.0
  wind_opex: 100
  wind_lifetime: 20
  solar_capex: 1000.0
  solar_opex: 10
  solar_lifetime: 20
  carbon_price: 1.0
timeseries_values:
  load_level: 276037.46676088165
  wind_year: 2017
  solar_year: 2011
  price_year: 2023
  carbon_year: 2023
storage_values:
  CAES:
    cost: 46.2313
    lifetime: 24.7558
    annual_cost: 1.8674936782491374
    efficiency: 0.556936
    discharge_ratio: 0.1
    depth_of_discharge: 0.4
  Li-ion:
    cost: 143.705
    lifetime: 18.8196
    annual_cost: 7.635922123743332
    efficiency: 0.966876
    discharge_ratio: 2
    depth_of_discharge: 0.9
  Pb-acid:
    cost: 194.758
    lifetime: 10.4376
    annual_cost: 18.659270330344143
    efficiency: 0.713599
    discharge_ratio: 5
    depth_of_discharge: 0.5
  VRBF:
    cost: 286.962
    lifetime: 16.7791
    annual_cost: 17.102347563337723
    efficiency: 0.730315
    discharge_ratio: 0.5
    depth_of_discharge: 1.0
