cost_values:
  wind_capex: 5000.0
  wind_opex: 100
  wind_lifetime: 20
  solar_capex: 1000.0
  solar_opex: 10
  solar_lifetime: 20
  carbon_price: 1.0
timeseries_values:
  load_level: 276037.46676088165
  wind_year: 2017
  solar_year: 2011
  price_year: 2023
  carbon_year: 2023
storage_values:
  CAES:
    cost: 41.3403
    lifetime: 24.9172
    annual_cost: 1.6591069622590018
    efficiency: 0.555481
    discharge_ratio: 0.1
    depth_of_discharge: 0.4
  Li-ion:
    cost: 166.022
    lifetime: 17.4207
    annual_cost: 9.530156652717743
    efficiency: 0.965277
    discharge_ratio: 2
    depth_of_discharge: 0.9
  Pb-acid:
    cost: 185.392
    lifetime: 10.3865
    annual_cost: 17.849323641265105
    efficiency: 0.703145
    discharge_ratio: 5
    depth_of_discharge: 0.5
  VRBF:
    cost: 297.472
    lifetime: 14.3046
    annual_cost: 20.79554828516701
    efficiency: 0.708727
    discharge_ratio: 0.5
    depth_of_discharge: 1.0
