cost_values:
  wind_capex: 5000.0
  wind_opex: 100
  wind_lifetime: 20
  solar_capex: 1000.0
  solar_opex: 10
  solar_lifetime: 20
  carbon_price: 1.0
timeseries_values:
  load_level: 276037.46676088165
  wind_year: 2017
  solar_year: 2011
  price_year: 2023
  carbon_year: 2023
storage_values:
  CAES:
    cost: 42.3589
    lifetime: 24.8521
    annual_cost: 1.7044394638682445
    efficiency: 0.56755
    discharge_ratio: 0.1
    depth_of_discharge: 0.4
  Li-ion:
    cost: 149.812
    lifetime: 15.8123
    annual_cost: 9.474396514106108
    efficiency: 0.972634
    discharge_ratio: 2
    depth_of_discharge: 0.9
  Pb-acid:
    cost: 189.06
    lifetime: 10.1927
    annual_cost: 18.548569073945078
    efficiency: 0.703836
    discharge_ratio: 5
    depth_of_discharge: 0.5
  VRBF:
    cost: 323.129
    lifetime: 14.2646
    annual_cost: 22.652510410386554
    efficiency: 0.716246
    discharge_ratio: 0.5
    depth_of_discharge: 1.0
