cost_values:
  wind_capex: 5000.0
  wind_opex: 100
  wind_lifetime: 20
  solar_capex: 1000.0
  solar_opex: 10
  solar_lifetime: 20
  carbon_price: 1.0
timeseries_values:
  load_level: 276037.46676088165
  wind_year: 2017
  solar_year: 2011
  price_year: 2023
  carbon_year: 2023
storage_values:
  CAES:
    cost: 42.0044
    lifetime: 24.3535
    annual_cost: 1.7247787792309113
    efficiency: 0.563899
    discharge_ratio: 0.1
    depth_of_discharge: 0.4
  Li-ion:
    cost: 156.951
    lifetime: 17.6602
    annual_cost: 8.887271944825086
    efficiency: 0.969682
    discharge_ratio: 2
    depth_of_discharge: 0.9
  Pb-acid:
    cost: 190.385
    lifetime: 9.95289
    annual_cost: 19.12861490481659
    efficiency: 0.71124
    discharge_ratio: 5
    depth_of_discharge: 0.5
  VRBF:
    cost: 323.704
    lifetime: 15.656
    annual_cost: 20.67603474706183
    efficiency: 0.719104
    discharge_ratio: 0.5
    depth_of_discharge: 1.0
