cost_values:
  wind_capex: 5000.0
  wind_opex: 100
  wind_lifetime: 20
  solar_capex: 1000.0
  solar_opex: 10
  solar_lifetime: 20
  carbon_price: 1.0
timeseries_values:
  load_level: 276037.46676088165
  wind_year: 2017
  solar_year: 2011
  price_year: 2023
  carbon_year: 2023
storage_values:
  CAES:
    cost: 48.606
    lifetime: 24.7556
    annual_cost: 1.9634345360241723
    efficiency: 0.565864
    discharge_ratio: 0.1
    depth_of_discharge: 0.4
  Li-ion:
    cost: 145.34
    lifetime: 16.1808
    annual_cost: 8.9822505685751
    efficiency: 0.979589
    discharge_ratio: 2
    depth_of_discharge: 0.9
  Pb-acid:
    cost: 202.593
    lifetime: 8.8156
    annual_cost: 22.98119243159853
    efficiency: 0.707403
    discharge_ratio: 5
    depth_of_discharge: 0.5
  VRBF:
    cost: 320.773
    lifetime: 16.7312
    annual_cost: 19.17214545280673
    efficiency: 0.72499
    discharge_ratio: 0.5
    depth_of_discharge: 1.0
