cost_values:
  wind_capex: 5000.0
  wind_opex: 100
  wind_lifetime: 20
  solar_capex: 1000.0
  solar_opex: 10
  solar_lifetime: 20
  carbon_price: 1.0
timeseries_values:
  load_level: 276037.46676088165
  wind_year: 2017
  solar_year: 2011
  price_year: 2023
  carbon_year: 2023
storage_values:
  CAES:
    cost: 40.8433
    lifetime: 24.2179
    annual_cost: 1.6864922226947836
    efficiency: 0.555906
    discharge_ratio: 0.1
    depth_of_discharge: 0.4
  Li-ion:
    cost: 151.591
    lifetime: 15.0949
    annual_cost: 10.042530921039557
    efficiency: 0.970756
    discharge_ratio: 2
    depth_of_discharge: 0.9
  Pb-acid:
    cost: 185.688
    lifetime: 10.2558
    annual_cost: 18.10565728660855
    efficiency: 0.716193
    discharge_ratio: 5
    depth_of_discharge: 0.5
  VRBF:
    cost: 308.25
    lifetime: 14.1419
    annual_cost: 21.796929691201324
    efficiency: 0.739564
    discharge_ratio: 0.5
    depth_of_discharge: 1.0
