cost_values:
  wind_capex: 5000.0
  wind_opex: 100
  wind_lifetime: 20
  solar_capex: 1000.0
  solar_opex: 10
  solar_lifetime: 20
  carbon_price: 1.0
timeseries_values:
  load_level: 276037.46676088165
  wind_year: 2017
  solar_year: 2011
  price_year: 2023
  carbon_year: 2023
storage_values:
  CAES:
    cost: 42.5054
    lifetime: 24.8408
    annual_cost: 1.711112363530965
    efficiency: 0.566358
    discharge_ratio: 0.1
    depth_of_discharge: 0.4
  Li-ion:
    cost: 169.607
    lifetime: 16.5024
    annual_cost: 10.277717180531315
    efficiency: 0.95221
    discharge_ratio: 2
    depth_of_discharge: 0.9
  Pb-acid:
    cost: 205.874
    lifetime: 8.30485
    annual_cost: 24.789610890022093
    efficiency: 0.691864
    discharge_ratio: 5
    depth_of_discharge: 0.5
  VRBF:
    cost: 277.836
    lifetime: 16.4908
    annual_cost: 16.847939457151867
    efficiency: 0.709402
    discharge_ratio: 0.5
    depth_of_discharge: 1.0
