cost_values:
  wind_capex: 5000.0
  wind_opex: 100
  wind_lifetime: 20
  solar_capex: 1000.0
  solar_opex: 10
  solar_lifetime: 20
  carbon_price: 1.0
timeseries_values:
  load_level: 276037.46676088165
  wind_year: 2017
  solar_year: 2011
  price_year: 2023
  carbon_year: 2023
storage_values:
  CAES:
    cost: 49.3483
    lifetime: 23.8715
    annual_cost: 2.0672475546153364
    efficiency: 0.564566
    discharge_ratio: 0.1
    depth_of_discharge: 0.4
  Li-ion:
    cost: 146.854
    lifetime: 17.6644
    annual_cost: 8.31355721111388
    efficiency: 0.968751
    discharge_ratio: 2
    depth_of_discharge: 0.9
  Pb-acid:
    cost: 211.595
    lifetime: 10.8095
    annual_cost: 19.57491095795365
    efficiency: 0.697127
    discharge_ratio: 5
    depth_of_discharge: 0.5
  VRBF:
    cost: 277.393
    lifetime: 14.2344
    annual_cost: 19.487509132805034
    efficiency: 0.722377
    discharge_ratio: 0.5
    depth_of_discharge: 1.0
