cost_values:
  wind_capex: 5000.0
  wind_opex: 100
  wind_lifetime: 20
  solar_capex: 1000.0
  solar_opex: 10
  solar_lifetime: 20
  carbon_price: 1.0
timeseries_values:
  load_level: 276037.46676088165
  wind_year: 2017
  solar_year: 2011
  price_year: 2023
  carbon_year: 2023
storage_values:
  CAES:
    cost: 49.584
    lifetime: 25.0636
    annual_cost: 1.97832713576661
    efficiency: 0.558884
    discharge_ratio: 0.1
    depth_of_discharge: 0.4
  Li-ion:
    cost: 152.789
    lifetime: 16.6846
    annual_cost: 9.157486544478141
    efficiency: 0.966672
    discharge_ratio: 2
    depth_of_discharge: 0.9
  Pb-acid:
    cost: 189.035
    lifetime: 9.77847
    annual_cost: 19.331756399518532
    efficiency: 0.707923
    discharge_ratio: 5
    depth_of_discharge: 0.5
  VRBF:
    cost: 303.479
    lifetime: 14.5682
    annual_cost: 20.831605826388984
    efficiency: 0.719669
    discharge_ratio: 0.5
    depth_of_discharge: 1.0
