cost_values:
  wind_capex: 5000.0
  wind_opex: 100
  wind_lifetime: 20
  solar_capex: 1000.0
  solar_opex: 10
  solar_lifetime: 20
  carbon_price: 1.0
timeseries_values:
  load_level: 276037.46676088165
  wind_year: 2017
  solar_year: 2011
  price_year: 2023
  carbon_year: 2023
storage_values:
  CAES:
    cost: 50.4822
    lifetime: 25.9986
    annual_cost: 1.9417276314878493
    efficiency: 0.557968
    discharge_ratio: 0.1
    depth_of_discharge: 0.4
  Li-ion:
    cost: 139.755
    lifetime: 17.2383
    annual_cost: 8.107237952698352
    efficiency: 0.952564
    discharge_ratio: 2
    depth_of_discharge: 0.9
  Pb-acid:
    cost: 174.568
    lifetime: 9.27206
    annual_cost: 18.82731561271174
    efficiency: 0.690413
    discharge_ratio: 5
    depth_of_discharge: 0.5
  VRBF:
    cost: 291.913
    lifetime: 15.2898
    annual_cost: 19.09200905178616
    efficiency: 0.719704
    discharge_ratio: 0.5
    depth_of_discharge: 1.0
