cost_values:
  wind_capex: 5000.0
  wind_opex: 100
  wind_lifetime: 20
  solar_capex: 1000.0
  solar_opex: 10
  solar_lifetime: 20
  carbon_price: 1.0
timeseries_values:
  load_level: 276037.46676088165
  wind_year: 2017
  solar_year: 2011
  price_year: 2023
  carbon_year: 2023
storage_values:
  CAES:
    cost: 40.3225
    lifetime: 25.0311
    annual_cost: 1.6108960453196224
    efficiency: 0.578169
    discharge_ratio: 0.1
    depth_of_discharge: 0.4
  Li-ion:
    cost: 150.435
    lifetime: 16.4726
    annual_cost: 9.132438109345216
    efficiency: 0.971087
    discharge_ratio: 2
    depth_of_discharge: 0.9
  Pb-acid:
    cost: 212.449
    lifetime: 7.25406
    annual_cost: 29.28690967540936
    efficiency: 0.695836
    discharge_ratio: 5
    depth_of_discharge: 0.5
  VRBF:
    cost: 294.437
    lifetime: 17.5216
    annual_cost: 16.804230207287006
    efficiency: 0.725364
    discharge_ratio: 0.5
    depth_of_discharge: 1.0
