cost_values:
  wind_capex: 5000.0
  wind_opex: 100
  wind_lifetime: 20
  solar_capex: 1000.0
  solar_opex: 10
  solar_lifetime: 20
  carbon_price: 1.0
timeseries_values:
  load_level: 276037.46676088165
  wind_year: 2017
  solar_year: 2011
  price_year: 2023
  carbon_year: 2023
storage_values:
  CAES:
    cost: 44.8109
    lifetime: 24.7058
    annual_cost: 1.8137805697447562
    efficiency: 0.562798
    discharge_ratio: 0.1
    depth_of_discharge: 0.4
  Li-ion:
    cost: 143.738
    lifetime: 18.4609
    annual_cost: 7.786077601850398
    efficiency: 0.962609
    discharge_ratio: 2
    depth_of_discharge: 0.9
  Pb-acid:
    cost: 196.595
    lifetime: 8.42183
    annual_cost: 23.34350135303135
    efficiency: 0.705608
    discharge_ratio: 5
    depth_of_discharge: 0.5
  VRBF:
    cost: 337.224
    lifetime: 15.5135
    annual_cost: 21.73745447513456
    efficiency: 0.71896
    discharge_ratio: 0.5
    depth_of_discharge: 1.0
