cost_values:
  wind_capex: 5000.0
  wind_opex: 100
  wind_lifetime: 20
  solar_capex: 1000.0
  solar_opex: 10
  solar_lifetime: 20
  carbon_price: 1.0
timeseries_values:
  load_level: 276037.46676088165
  wind_year: 2017
  solar_year: 2011
  price_year: 2023
  carbon_year: 2023
storage_values:
  CAES:
    cost: 41.2604
    lifetime: 25.6828
    annual_cost: 1.606538227919074
    efficiency: 0.57357
    discharge_ratio: 0.1
    depth_of_discharge: 0.4
  Li-ion:
    cost: 147.549
    lifetime: 16.051
    annual_cost: 9.1925113700081
    efficiency: 0.971589
    discharge_ratio: 2
    depth_of_discharge: 0.9
  Pb-acid:
    cost: 173.12
    lifetime: 8.81544
    annual_cost: 19.638271033550225
    efficiency: 0.707928
    discharge_ratio: 5
    depth_of_discharge: 0.5
  VRBF:
    cost: 291.631
    lifetime: 14.1612
    annual_cost: 20.593664378724966
    efficiency: 0.710517
    discharge_ratio: 0.5
    depth_of_discharge: 1.0
