cost_values:
  wind_capex: 5000.0
  wind_opex: 100
  wind_lifetime: 20
  solar_capex: 1000.0
  solar_opex: 10
  solar_lifetime: 20
  carbon_price: 1.0
timeseries_values:
  load_level: 276037.46676088165
  wind_year: 2017
  solar_year: 2011
  price_year: 2023
  carbon_year: 2023
storage_values:
  CAES:
    cost: 50.3642
    lifetime: 25.1984
    annual_cost: 1.9987062670645754
    efficiency: 0.555392
    discharge_ratio: 0.1
    depth_of_discharge: 0.4
  Li-ion:
    cost: 180.792
    lifetime: 17.6639
    annual_cost: 10.235112291170125
    efficiency: 0.967281
    discharge_ratio: 2
    depth_of_discharge: 0.9
  Pb-acid:
    cost: 181.021
    lifetime: 10.5185
    annual_cost: 17.209773256643057
    efficiency: 0.702009
    discharge_ratio: 5
    depth_of_discharge: 0.5
  VRBF:
    cost: 296.295
    lifetime: 16.2763
    annual_cost: 18.204075864907875
    efficiency: 0.711893
    discharge_ratio: 0.5
    depth_of_discharge: 1.0
