cost_values:
  wind_capex: 5000.0
  wind_opex: 100
  wind_lifetime: 20
  solar_capex: 1000.0
  solar_opex: 10
  solar_lifetime: 20
  carbon_price: 1.0
timeseries_values:
  load_level: 276037.46676088165
  wind_year: 2017
  solar_year: 2011
  price_year: 2023
  carbon_year: 2023
storage_values:
  CAES:
    cost: 44.2133
    lifetime: 23.4452
    annual_cost: 1.8858145803831914
    efficiency: 0.555274
    discharge_ratio: 0.1
    depth_of_discharge: 0.4
  Li-ion:
    cost: 159.715
    lifetime: 17.8121
    annual_cost: 8.966657496870106
    efficiency: 0.968276
    discharge_ratio: 2
    depth_of_discharge: 0.9
  Pb-acid:
    cost: 195.429
    lifetime: 8.86543
    annual_cost: 22.043939211070416
    efficiency: 0.697612
    discharge_ratio: 5
    depth_of_discharge: 0.5
  VRBF:
    cost: 315.838
    lifetime: 16.2644
    annual_cost: 19.41897641474632
    efficiency: 0.71363
    discharge_ratio: 0.5
    depth_of_discharge: 1.0
