cost_values:
  wind_capex: 5000.0
  wind_opex: 100
  wind_lifetime: 20
  solar_capex: 1000.0
  solar_opex: 10
  solar_lifetime: 20
  carbon_price: 1.0
timeseries_values:
  load_level: 276037.46676088165
  wind_year: 2017
  solar_year: 2011
  price_year: 2023
  carbon_year: 2023
storage_values:
  CAES:
    cost: 46.7734
    lifetime: 24.4803
    annual_cost: 1.9106546896892604
    efficiency: 0.561627
    discharge_ratio: 0.1
    depth_of_discharge: 0.4
  Li-ion:
    cost: 164.746
    lifetime: 18.2966
    annual_cost: 9.004186570182439
    efficiency: 0.968131
    discharge_ratio: 2
    depth_of_discharge: 0.9
  Pb-acid:
    cost: 182.878
    lifetime: 6.71889
    annual_cost: 27.21848400554258
    efficiency: 0.700681
    discharge_ratio: 5
    depth_of_discharge: 0.5
  VRBF:
    cost: 307.818
    lifetime: 15.1575
    annual_cost: 20.30796635329045
    efficiency: 0.71175
    discharge_ratio: 0.5
    depth_of_discharge: 1.0
