cost_values:
  wind_capex: 5000.0
  wind_opex: 100
  wind_lifetime: 20
  solar_capex: 1000.0
  solar_opex: 10
  solar_lifetime: 20
  carbon_price: 1.0
timeseries_values:
  load_level: 276037.46676088165
  wind_year: 2017
  solar_year: 2011
  price_year: 2023
  carbon_year: 2023
storage_values:
  CAES:
    cost: 42.6379
    lifetime: 24.4952
    annual_cost: 1.7406634769260916
    efficiency: 0.563182
    discharge_ratio: 0.1
    depth_of_discharge: 0.4
  Li-ion:
    cost: 145.849
    lifetime: 16.7184
    annual_cost: 8.723861135036845
    efficiency: 0.976883
    discharge_ratio: 2
    depth_of_discharge: 0.9
  Pb-acid:
    cost: 176.124
    lifetime: 9.85068
    annual_cost: 17.879374824885183
    efficiency: 0.711038
    discharge_ratio: 5
    depth_of_discharge: 0.5
  VRBF:
    cost: 324.182
    lifetime: 13.3172
    annual_cost: 24.343105157240263
    efficiency: 0.71974
    discharge_ratio: 0.5
    depth_of_discharge: 1.0
