cost_values:
  wind_capex: 5000.0
  wind_opex: 100
  wind_lifetime: 20
  solar_capex: 1000.0
  solar_opex: 10
  solar_lifetime: 20
  carbon_price: 1.0
timeseries_values:
  load_level: 276037.46676088165
  wind_year: 2017
  solar_year: 2011
  price_year: 2023
  carbon_year: 2023
storage_values:
  CAES:
    cost: 51.448
    lifetime: 24.2922
    annual_cost: 2.117881459892476
    efficiency: 0.567734
    discharge_ratio: 0.1
    depth_of_discharge: 0.4
  Li-ion:
    cost: 123.092
    lifetime: 15.676
    annual_cost: 7.852258229140086
    efficiency: 0.96888
    discharge_ratio: 2
    depth_of_discharge: 0.9
  Pb-acid:
    cost: 182.127
    lifetime: 9.27775
    annual_cost: 19.630513863813967
    efficiency: 0.710352
    discharge_ratio: 5
    depth_of_discharge: 0.5
  VRBF:
    cost: 344.387
    lifetime: 15.4307
    annual_cost: 22.31830053076011
    efficiency: 0.71283
    discharge_ratio: 0.5
    depth_of_discharge: 1.0
