cost_values:
  wind_capex: 5000.0
  wind_opex: 100
  wind_lifetime: 20
  solar_capex: 1000.0
  solar_opex: 10
  solar_lifetime: 20
  carbon_price: 1.0
timeseries_values:
  load_level: 276037.46676088165
  wind_year: 2017
  solar_year: 2011
  price_year: 2023
  carbon_year: 2023
storage_values:
  CAES:
    cost: 38.8836
    lifetime: 25.6069
    annual_cost: 1.5184813468244889
    efficiency: 0.565455
    discharge_ratio: 0.1
    depth_of_discharge: 0.4
  Li-ion:
    cost: 153.221
    lifetime: 17.1204
    annual_cost: 8.94961566318544
    efficiency: 0.972678
    discharge_ratio: 2
    depth_of_discharge: 0.9
  Pb-acid:
    cost: 173.472
    lifetime: 10.351
    annual_cost: 16.758960486909476
    efficiency: 0.70101
    discharge_ratio: 5
    depth_of_discharge: 0.5
  VRBF:
    cost: 295.679
    lifetime: 14.4788
    annual_cost: 20.421512832555184
    efficiency: 0.727532
    discharge_ratio: 0.5
    depth_of_discharge: 1.0
