cost_values:
  wind_capex: 5000.0
  wind_opex: 100
  wind_lifetime: 20
  solar_capex: 1000.0
  solar_opex: 10
  solar_lifetime: 20
  carbon_price: 1.0
timeseries_values:
  load_level: 276037.46676088165
  wind_year: 2017
  solar_year: 2011
  price_year: 2023
  carbon_year: 2023
storage_values:
  CAES:
    cost: 48.1158
    lifetime: 25.0105
    annual_cost: 1.9238239939225525
    efficiency: 0.565973
    discharge_ratio: 0.1
    depth_of_discharge: 0.4
  Li-ion:
    cost: 153.886
    lifetime: 16.4883
    annual_cost: 9.333042217815057
    efficiency: 0.962988
    discharge_ratio: 2
    depth_of_discharge: 0.9
  Pb-acid:
    cost: 207.699
    lifetime: 9.43422
    annual_cost: 22.0154925367439
    efficiency: 0.714064
    discharge_ratio: 5
    depth_of_discharge: 0.5
  VRBF:
    cost: 324.237
    lifetime: 14.4574
    annual_cost: 22.427061574003627
    efficiency: 0.730135
    discharge_ratio: 0.5
    depth_of_discharge: 1.0
