cost_values:
  wind_capex: 5000.0
  wind_opex: 100
  wind_lifetime: 20
  solar_capex: 1000.0
  solar_opex: 10
  solar_lifetime: 20
  carbon_price: 1.0
timeseries_values:
  load_level: 276037.46676088165
  wind_year: 2017
  solar_year: 2011
  price_year: 2023
  carbon_year: 2023
storage_values:
  CAES:
    cost: 43.5316
    lifetime: 24.0722
    annual_cost: 1.80837646746039
    efficiency: 0.553983
    discharge_ratio: 0.1
    depth_of_discharge: 0.4
  Li-ion:
    cost: 168.993
    lifetime: 18.9312
    annual_cost: 8.926692444219066
    efficiency: 0.979286
    discharge_ratio: 2
    depth_of_discharge: 0.9
  Pb-acid:
    cost: 160.198
    lifetime: 10.9108
    annual_cost: 14.682516405763097
    efficiency: 0.702198
    discharge_ratio: 5
    depth_of_discharge: 0.5
  VRBF:
    cost: 259.537
    lifetime: 16.0108
    annual_cost: 16.21012066854873
    efficiency: 0.717551
    discharge_ratio: 0.5
    depth_of_discharge: 1.0
