cost_values:
  wind_capex: 5000.0
  wind_opex: 100
  wind_lifetime: 20
  solar_capex: 1000.0
  solar_opex: 10
  solar_lifetime: 20
  carbon_price: 1.0
timeseries_values:
  load_level: 276037.46676088165
  wind_year: 2017
  solar_year: 2011
  price_year: 2023
  carbon_year: 2023
storage_values:
  CAES:
    cost: 51.065
    lifetime: 24.94
    annual_cost: 2.0475140336808337
    efficiency: 0.574575
    discharge_ratio: 0.1
    depth_of_discharge: 0.4
  Li-ion:
    cost: 130.276
    lifetime: 15.8111
    annual_cost: 8.239527926583223
    efficiency: 0.966023
    discharge_ratio: 2
    depth_of_discharge: 0.9
  Pb-acid:
    cost: 195.135
    lifetime: 9.46132
    annual_cost: 20.624500598225193
    efficiency: 0.706517
    discharge_ratio: 5
    depth_of_discharge: 0.5
  VRBF:
    cost: 296.382
    lifetime: 15.4943
    annual_cost: 19.12845368942127
    efficiency: 0.728694
    discharge_ratio: 0.5
    depth_of_discharge: 1.0
