cost_values:
  wind_capex: 5000.0
  wind_opex: 100
  wind_lifetime: 20
  solar_capex: 1000.0
  solar_opex: 10
  solar_lifetime: 20
  carbon_price: 1.0
timeseries_values:
  load_level: 276037.46676088165
  wind_year: 2017
  solar_year: 2011
  price_year: 2023
  carbon_year: 2023
storage_values:
  CAES:
    cost: 43.656
    lifetime: 24.4662
    annual_cost: 1.7843392108296343
    efficiency: 0.551361
    discharge_ratio: 0.1
    depth_of_discharge: 0.4
  Li-ion:
    cost: 142.621
    lifetime: 16.389
    annual_cost: 8.702239306852158
    efficiency: 0.969035
    discharge_ratio: 2
    depth_of_discharge: 0.9
  Pb-acid:
    cost: 187.582
    lifetime: 9.31374
    annual_cost: 20.1403517813467
    efficiency: 0.712061
    discharge_ratio: 5
    depth_of_discharge: 0.5
  VRBF:
    cost: 309.536
    lifetime: 13.5586
    annual_cost: 22.829495670644462
    efficiency: 0.730585
    discharge_ratio: 0.5
    depth_of_discharge: 1.0
