cost_values:
  wind_capex: 5000.0
  wind_opex: 100
  wind_lifetime: 20
  solar_capex: 1000.0
  solar_opex: 10
  solar_lifetime: 20
  carbon_price: 1.0
timeseries_values:
  load_level: 276037.46676088165
  wind_year: 2017
  solar_year: 2011
  price_year: 2023
  carbon_year: 2023
storage_values:
  CAES:
    cost: 42.8299
    lifetime: 23.4216
    annual_cost: 1.8286496225706186
    efficiency: 0.560575
    discharge_ratio: 0.1
    depth_of_discharge: 0.4
  Li-ion:
    cost: 168.071
    lifetime: 16.2129
    annual_cost: 10.36649828223205
    efficiency: 0.97587
    discharge_ratio: 2
    depth_of_discharge: 0.9
  Pb-acid:
    cost: 216.193
    lifetime: 9.1988
    annual_cost: 23.502304648432403
    efficiency: 0.698005
    discharge_ratio: 5
    depth_of_discharge: 0.5
  VRBF:
    cost: 312.474
    lifetime: 16.1642
    annual_cost: 19.33123816829784
    efficiency: 0.738907
    discharge_ratio: 0.5
    depth_of_discharge: 1.0
