cost_values:
  wind_capex: 5000.0
  wind_opex: 100
  wind_lifetime: 20
  solar_capex: 1000.0
  solar_opex: 10
  solar_lifetime: 20
  carbon_price: 1.0
timeseries_values:
  load_level: 276037.46676088165
  wind_year: 2017
  solar_year: 2011
  price_year: 2023
  carbon_year: 2023
storage_values:
  CAES:
    cost: 42.5153
    lifetime: 24.2599
    annual_cost: 1.7524927967551394
    efficiency: 0.55285
    discharge_ratio: 0.1
    depth_of_discharge: 0.4
  Li-ion:
    cost: 158.126
    lifetime: 16.5769
    annual_cost: 9.538936713136957
    efficiency: 0.96318
    discharge_ratio: 2
    depth_of_discharge: 0.9
  Pb-acid:
    cost: 198.294
    lifetime: 8.47825
    annual_cost: 23.38855306224752
    efficiency: 0.70807
    discharge_ratio: 5
    depth_of_discharge: 0.5
  VRBF:
    cost: 319.821
    lifetime: 14.0039
    annual_cost: 22.837995129928093
    efficiency: 0.687618
    discharge_ratio: 0.5
    depth_of_discharge: 1.0
