cost_values:
  wind_capex: 5000.0
  wind_opex: 100
  wind_lifetime: 20
  solar_capex: 1000.0
  solar_opex: 10
  solar_lifetime: 20
  carbon_price: 1.0
timeseries_values:
  load_level: 276037.46676088165
  wind_year: 2017
  solar_year: 2011
  price_year: 2023
  carbon_year: 2023
storage_values:
  CAES:
    cost: 43.7201
    lifetime: 24.8084
    annual_cost: 1.762310346495542
    efficiency: 0.551612
    discharge_ratio: 0.1
    depth_of_discharge: 0.4
  Li-ion:
    cost: 156.325
    lifetime: 16.9429
    annual_cost: 9.22657868487685
    efficiency: 0.981754
    discharge_ratio: 2
    depth_of_discharge: 0.9
  Pb-acid:
    cost: 203.996
    lifetime: 9.02381
    annual_cost: 22.606415693592844
    efficiency: 0.703199
    discharge_ratio: 5
    depth_of_discharge: 0.5
  VRBF:
    cost: 312.824
    lifetime: 16.6318
    annual_cost: 18.8087879844635
    efficiency: 0.71917
    discharge_ratio: 0.5
    depth_of_discharge: 1.0
