cost_values:
  wind_capex: 5000.0
  wind_opex: 100
  wind_lifetime: 20
  solar_capex: 1000.0
  solar_opex: 10
  solar_lifetime: 20
  carbon_price: 1.0
timeseries_values:
  load_level: 276037.46676088165
  wind_year: 2017
  solar_year: 2011
  price_year: 2023
  carbon_year: 2023
storage_values:
  CAES:
    cost: 53.3031
    lifetime: 23.9705
    annual_cost: 2.223695792745249
    efficiency: 0.556074
    discharge_ratio: 0.1
    depth_of_discharge: 0.4
  Li-ion:
    cost: 171.464
    lifetime: 15.09
    annual_cost: 11.362756792577866
    efficiency: 0.983296
    discharge_ratio: 2
    depth_of_discharge: 0.9
  Pb-acid:
    cost: 182.553
    lifetime: 7.61646
    annual_cost: 23.968221457212405
    efficiency: 0.704256
    discharge_ratio: 5
    depth_of_discharge: 0.5
  VRBF:
    cost: 300.674
    lifetime: 15.9702
    annual_cost: 18.82719064257179
    efficiency: 0.719669
    discharge_ratio: 0.5
    depth_of_discharge: 1.0
