cost_values:
  wind_capex: 5000.0
  wind_opex: 100
  wind_lifetime: 20
  solar_capex: 1000.0
  solar_opex: 10
  solar_lifetime: 20
  carbon_price: 1.0
timeseries_values:
  load_level: 276037.46676088165
  wind_year: 2017
  solar_year: 2011
  price_year: 2023
  carbon_year: 2023
storage_values:
  CAES:
    cost: 51.6626
    lifetime: 24.7953
    annual_cost: 2.0835642238650065
    efficiency: 0.558492
    discharge_ratio: 0.1
    depth_of_discharge: 0.4
  Li-ion:
    cost: 158.342
    lifetime: 16.8634
    annual_cost: 9.389684168079986
    efficiency: 0.960775
    discharge_ratio: 2
    depth_of_discharge: 0.9
  Pb-acid:
    cost: 206.793
    lifetime: 8.40389
    annual_cost: 24.60681898501765
    efficiency: 0.703649
    discharge_ratio: 5
    depth_of_discharge: 0.5
  VRBF:
    cost: 292.879
    lifetime: 14.2501
    annual_cost: 20.552768050750522
    efficiency: 0.724922
    discharge_ratio: 0.5
    depth_of_discharge: 1.0
