cost_values:
  wind_capex: 5000.0
  wind_opex: 100
  wind_lifetime: 20
  solar_capex: 1000.0
  solar_opex: 10
  solar_lifetime: 20
  carbon_price: 1.0
timeseries_values:
  load_level: 276037.46676088165
  wind_year: 2017
  solar_year: 2011
  price_year: 2023
  carbon_year: 2023
storage_values:
  CAES:
    cost: 44.3103
    lifetime: 24.107
    annual_cost: 1.8380677811424067
    efficiency: 0.559108
    discharge_ratio: 0.1
    depth_of_discharge: 0.4
  Li-ion:
    cost: 144.342
    lifetime: 17.1987
    annual_cost: 8.392611069441296
    efficiency: 0.957862
    discharge_ratio: 2
    depth_of_discharge: 0.9
  Pb-acid:
    cost: 181.802
    lifetime: 9.55591
    annual_cost: 19.02508499975408
    efficiency: 0.71553
    discharge_ratio: 5
    depth_of_discharge: 0.5
  VRBF:
    cost: 345.135
    lifetime: 15.1994
    annual_cost: 22.70714633472374
    efficiency: 0.72376
    discharge_ratio: 0.5
    depth_of_discharge: 1.0
