cost_values:
  wind_capex: 5000.0
  wind_opex: 100
  wind_lifetime: 20
  solar_capex: 1000.0
  solar_opex: 10
  solar_lifetime: 20
  carbon_price: 1.0
timeseries_values:
  load_level: 276037.46676088165
  wind_year: 2017
  solar_year: 2011
  price_year: 2023
  carbon_year: 2023
storage_values:
  CAES:
    cost: 37.9955
    lifetime: 24.1442
    annual_cost: 1.573690575790459
    efficiency: 0.566584
    discharge_ratio: 0.1
    depth_of_discharge: 0.4
  Li-ion:
    cost: 151.337
    lifetime: 15.5562
    annual_cost: 9.728404108972628
    efficiency: 0.981138
    discharge_ratio: 2
    depth_of_discharge: 0.9
  Pb-acid:
    cost: 165.947
    lifetime: 9.03289
    annual_cost: 18.37141822827467
    efficiency: 0.692753
    discharge_ratio: 5
    depth_of_discharge: 0.5
  VRBF:
    cost: 343.216
    lifetime: 14.7413
    annual_cost: 23.28261415207614
    efficiency: 0.713652
    discharge_ratio: 0.5
    depth_of_discharge: 1.0
