cost_values:
  wind_capex: 5000.0
  wind_opex: 100
  wind_lifetime: 20
  solar_capex: 1000.0
  solar_opex: 10
  solar_lifetime: 20
  carbon_price: 1.0
timeseries_values:
  load_level: 276037.46676088165
  wind_year: 2017
  solar_year: 2011
  price_year: 2023
  carbon_year: 2023
storage_values:
  CAES:
    cost: 45.1533
    lifetime: 24.6382
    annual_cost: 1.8326541711651012
    efficiency: 0.57128
    discharge_ratio: 0.1
    depth_of_discharge: 0.4
  Li-ion:
    cost: 153.752
    lifetime: 17.8302
    annual_cost: 8.623122567329586
    efficiency: 0.973554
    discharge_ratio: 2
    depth_of_discharge: 0.9
  Pb-acid:
    cost: 184.38
    lifetime: 8.97427
    annual_cost: 20.545403693002324
    efficiency: 0.707221
    discharge_ratio: 5
    depth_of_discharge: 0.5
  VRBF:
    cost: 318.852
    lifetime: 13.311
    annual_cost: 23.954022988505745
    efficiency: 0.736571
    discharge_ratio: 0.5
    depth_of_discharge: 1.0
