cost_values:
  wind_capex: 5000.0
  wind_opex: 100
  wind_lifetime: 20
  solar_capex: 1000.0
  solar_opex: 10
  solar_lifetime: 20
  carbon_price: 1.0
timeseries_values:
  load_level: 276037.46676088165
  wind_year: 2017
  solar_year: 2011
  price_year: 2023
  carbon_year: 2023
storage_values:
  CAES:
    cost: 46.0587
    lifetime: 25.8784
    annual_cost: 1.7798125077284532
    efficiency: 0.563942
    discharge_ratio: 0.1
    depth_of_discharge: 0.4
  Li-ion:
    cost: 134.28
    lifetime: 16.437
    annual_cost: 8.169373973352801
    efficiency: 0.972175
    discharge_ratio: 2
    depth_of_discharge: 0.9
  Pb-acid:
    cost: 170.251
    lifetime: 8.81749
    annual_cost: 19.308329241087886
    efficiency: 0.725806
    discharge_ratio: 5
    depth_of_discharge: 0.5
  VRBF:
    cost: 311.21
    lifetime: 15.9199
    annual_cost: 19.548489626191117
    efficiency: 0.716078
    discharge_ratio: 0.5
    depth_of_discharge: 1.0
