cost_values:
  wind_capex: 5000.0
  wind_opex: 100
  wind_lifetime: 20
  solar_capex: 1000.0
  solar_opex: 10
  solar_lifetime: 20
  carbon_price: 1.0
timeseries_values:
  load_level: 276037.46676088165
  wind_year: 2017
  solar_year: 2011
  price_year: 2023
  carbon_year: 2023
storage_values:
  CAES:
    cost: 52.8743
    lifetime: 23.9216
    annual_cost: 2.210316199585312
    efficiency: 0.558259
    discharge_ratio: 0.1
    depth_of_discharge: 0.4
  Li-ion:
    cost: 154.45
    lifetime: 15.7201
    annual_cost: 9.82500111322447
    efficiency: 0.976128
    discharge_ratio: 2
    depth_of_discharge: 0.9
  Pb-acid:
    cost: 178.831
    lifetime: 7.84876
    annual_cost: 22.784618207207252
    efficiency: 0.698815
    discharge_ratio: 5
    depth_of_discharge: 0.5
  VRBF:
    cost: 336.803
    lifetime: 13.3979
    annual_cost: 25.138491853200875
    efficiency: 0.699928
    discharge_ratio: 0.5
    depth_of_discharge: 1.0
