cost_values:
  wind_capex: 5000.0
  wind_opex: 100
  wind_lifetime: 20
  solar_capex: 1000.0
  solar_opex: 10
  solar_lifetime: 20
  carbon_price: 1.0
timeseries_values:
  load_level: 227323.88336307099
  wind_year: 2013
  solar_year: 2018
  price_year: 2023
  carbon_year: 2023
storage_values:
  CAES:
    cost: 56.1856
    lifetime: 24.8342
    annual_cost: 2.2624284253167004
    efficiency: 0.60178
    discharge_ratio: 0.1
    depth_of_discharge: 0.4
  Li-ion:
    cost: 249.61
    lifetime: 21.7165
    annual_cost: 11.49402528031681
    efficiency: 0.90216
    discharge_ratio: 2
    depth_of_discharge: 0.9
  Pb-acid:
    cost: 227.129
    lifetime: 12.8315
    annual_cost: 17.700892335268673
    efficiency: 0.722883
    discharge_ratio: 5
    depth_of_discharge: 0.5
  VRBF:
    cost: 114.482
    lifetime: 28.1135
    annual_cost: 4.072136162341936
    efficiency: 0.684387
    discharge_ratio: 0.5
    depth_of_discharge: 1.0
