cost_values:
  wind_capex: 5000.0
  wind_opex: 100
  wind_lifetime: 20
  solar_capex: 1000.0
  solar_opex: 10
  solar_lifetime: 20
  carbon_price: 1.0
timeseries_values:
  load_level: 227323.88336307099
  wind_year: 2013
  solar_year: 2018
  price_year: 2023
  carbon_year: 2023
storage_values:
  CAES:
    cost: 53.1982
    lifetime: 24.4653
    annual_cost: 2.17443481175379
    efficiency: 0.599178
    discharge_ratio: 0.1
    depth_of_discharge: 0.4
  Li-ion:
    cost: 245.65
    lifetime: 20.1581
    annual_cost: 12.186168339278007
    efficiency: 0.903411
    discharge_ratio: 2
    depth_of_discharge: 0.9
  Pb-acid:
    cost: 206.911
    lifetime: 13.1908
    annual_cost: 15.686008430117962
    efficiency: 0.728314
    discharge_ratio: 5
    depth_of_discharge: 0.5
  VRBF:
    cost: 128.175
    lifetime: 29.216
    annual_cost: 4.387150876232202
    efficiency: 0.69365
    discharge_ratio: 0.5
    depth_of_discharge: 1.0
