cost_values:
  wind_capex: 5000.0
  wind_opex: 100
  wind_lifetime: 20
  solar_capex: 1000.0
  solar_opex: 10
  solar_lifetime: 20
  carbon_price: 1.0
timeseries_values:
  load_level: 227323.88336307099
  wind_year: 2013
  solar_year: 2018
  price_year: 2023
  carbon_year: 2023
storage_values:
  CAES:
    cost: 55.6217
    lifetime: 25.5237
    annual_cost: 2.1792177466433156
    efficiency: 0.604432
    discharge_ratio: 0.1
    depth_of_discharge: 0.4
  Li-ion:
    cost: 262.066
    lifetime: 19.3995
    annual_cost: 13.508904868682182
    efficiency: 0.89422
    discharge_ratio: 2
    depth_of_discharge: 0.9
  Pb-acid:
    cost: 222.154
    lifetime: 13.3958
    annual_cost: 16.583854641006884
    efficiency: 0.729269
    discharge_ratio: 5
    depth_of_discharge: 0.5
  VRBF:
    cost: 111.618
    lifetime: 26.66
    annual_cost: 4.186721680420105
    efficiency: 0.70042
    discharge_ratio: 0.5
    depth_of_discharge: 1.0
