cost_values:
  wind_capex: 5000.0
  wind_opex: 100
  wind_lifetime: 20
  solar_capex: 1000.0
  solar_opex: 10
  solar_lifetime: 20
  carbon_price: 1.0
timeseries_values:
  load_level: 227323.88336307099
  wind_year: 2013
  solar_year: 2018
  price_year: 2023
  carbon_year: 2023
storage_values:
  CAES:
    cost: 59.1847
    lifetime: 25.0508
    annual_cost: 2.362587222763345
    efficiency: 0.596131
    discharge_ratio: 0.1
    depth_of_discharge: 0.4
  Li-ion:
    cost: 264.938
    lifetime: 23.3952
    annual_cost: 11.3244597182328
    efficiency: 0.892416
    discharge_ratio: 2
    depth_of_discharge: 0.9
  Pb-acid:
    cost: 202.852
    lifetime: 14.1087
    annual_cost: 14.377795261080042
    efficiency: 0.728417
    discharge_ratio: 5
    depth_of_discharge: 0.5
  VRBF:
    cost: 114.489
    lifetime: 29.5482
    annual_cost: 3.874652263082015
    efficiency: 0.667345
    discharge_ratio: 0.5
    depth_of_discharge: 1.0
