cost_values:
  wind_capex: 5000.0
  wind_opex: 100
  wind_lifetime: 20
  solar_capex: 1000.0
  solar_opex: 10
  solar_lifetime: 20
  carbon_price: 1.0
timeseries_values:
  load_level: 227323.88336307099
  wind_year: 2013
  solar_year: 2018
  price_year: 2023
  carbon_year: 2023
storage_values:
  CAES:
    cost: 58.8608
    lifetime: 24.4045
    annual_cost: 2.4118830543547296
    efficiency: 0.602607
    discharge_ratio: 0.1
    depth_of_discharge: 0.4
  Li-ion:
    cost: 253.592
    lifetime: 21.4466
    annual_cost: 11.824345117641025
    efficiency: 0.885577
    discharge_ratio: 2
    depth_of_discharge: 0.9
  Pb-acid:
    cost: 226.635
    lifetime: 13.1678
    annual_cost: 17.211303330852534
    efficiency: 0.716029
    discharge_ratio: 5
    depth_of_discharge: 0.5
  VRBF:
    cost: 109.631
    lifetime: 28.954
    annual_cost: 3.7863853008219936
    efficiency: 0.67844
    discharge_ratio: 0.5
    depth_of_discharge: 1.0
