cost_values:
  wind_capex: 5000.0
  wind_opex: 100
  wind_lifetime: 20
  solar_capex: 1000.0
  solar_opex: 10
  solar_lifetime: 20
  carbon_price: 1.0
timeseries_values:
  load_level: 227323.88336307099
  wind_year: 2013
  solar_year: 2018
  price_year: 2023
  carbon_year: 2023
storage_values:
  CAES:
    cost: 56.881
    lifetime: 25.2763
    annual_cost: 2.250368922666688
    efficiency: 0.59186
    discharge_ratio: 0.1
    depth_of_discharge: 0.4
  Li-ion:
    cost: 239.323
    lifetime: 20.8649
    annual_cost: 11.470124467406986
    efficiency: 0.908332
    discharge_ratio: 2
    depth_of_discharge: 0.9
  Pb-acid:
    cost: 193.238
    lifetime: 13.7742
    annual_cost: 14.0289817194465
    efficiency: 0.726392
    discharge_ratio: 5
    depth_of_discharge: 0.5
  VRBF:
    cost: 135.151
    lifetime: 27.7634
    annual_cost: 4.8679556538464315
    efficiency: 0.677859
    discharge_ratio: 0.5
    depth_of_discharge: 1.0
