cost_values:
  wind_capex: 5000.0
  wind_opex: 100
  wind_lifetime: 20
  solar_capex: 1000.0
  solar_opex: 10
  solar_lifetime: 20
  carbon_price: 1.0
timeseries_values:
  load_level: 227323.88336307099
  wind_year: 2013
  solar_year: 2018
  price_year: 2023
  carbon_year: 2023
storage_values:
  CAES:
    cost: 60.6515
    lifetime: 24.7455
    annual_cost: 2.4510112949829264
    efficiency: 0.604888
    discharge_ratio: 0.1
    depth_of_discharge: 0.4
  Li-ion:
    cost: 251.67
    lifetime: 22.5428
    annual_cost: 11.164096740422663
    efficiency: 0.910799
    discharge_ratio: 2
    depth_of_discharge: 0.9
  Pb-acid:
    cost: 227.034
    lifetime: 13.1799
    annual_cost: 17.225775612865043
    efficiency: 0.719736
    discharge_ratio: 5
    depth_of_discharge: 0.5
  VRBF:
    cost: 133.49
    lifetime: 29.2306
    annual_cost: 4.5667895972029315
    efficiency: 0.690489
    discharge_ratio: 0.5
    depth_of_discharge: 1.0
