cost_values:
  wind_capex: 5000.0
  wind_opex: 100
  wind_lifetime: 20
  solar_capex: 1000.0
  solar_opex: 10
  solar_lifetime: 20
  carbon_price: 1.0
timeseries_values:
  load_level: 227323.88336307099
  wind_year: 2013
  solar_year: 2018
  price_year: 2023
  carbon_year: 2023
storage_values:
  CAES:
    cost: 56.9533
    lifetime: 24.3573
    annual_cost: 2.3382435655840346
    efficiency: 0.599074
    discharge_ratio: 0.1
    depth_of_discharge: 0.4
  Li-ion:
    cost: 246.01
    lifetime: 22.413
    annual_cost: 10.97621915852407
    efficiency: 0.909928
    discharge_ratio: 2
    depth_of_discharge: 0.9
  Pb-acid:
    cost: 227.396
    lifetime: 13.0331
    annual_cost: 17.447575787801828
    efficiency: 0.728081
    discharge_ratio: 5
    depth_of_discharge: 0.5
  VRBF:
    cost: 106.548
    lifetime: 29.5716
    annual_cost: 3.6030515765126
    efficiency: 0.67107
    discharge_ratio: 0.5
    depth_of_discharge: 1.0
