cost_values:
  wind_capex: 5000.0
  wind_opex: 100
  wind_lifetime: 20
  solar_capex: 1000.0
  solar_opex: 10
  solar_lifetime: 20
  carbon_price: 1.0
timeseries_values:
  load_level: 227323.88336307099
  wind_year: 2013
  solar_year: 2018
  price_year: 2023
  carbon_year: 2023
storage_values:
  CAES:
    cost: 61.1002
    lifetime: 25.1021
    annual_cost: 2.434067269272292
    efficiency: 0.601981
    discharge_ratio: 0.1
    depth_of_discharge: 0.4
  Li-ion:
    cost: 240.312
    lifetime: 22.0838
    annual_cost: 10.881822874686423
    efficiency: 0.908484
    discharge_ratio: 2
    depth_of_discharge: 0.9
  Pb-acid:
    cost: 220.583
    lifetime: 11.8548
    annual_cost: 18.607062118298074
    efficiency: 0.733434
    discharge_ratio: 5
    depth_of_discharge: 0.5
  VRBF:
    cost: 122.524
    lifetime: 29.8301
    annual_cost: 4.107394879668522
    efficiency: 0.694099
    discharge_ratio: 0.5
    depth_of_discharge: 1.0
