cost_values:
  wind_capex: 5000.0
  wind_opex: 100
  wind_lifetime: 20
  solar_capex: 1000.0
  solar_opex: 10
  solar_lifetime: 20
  carbon_price: 1.0
timeseries_values:
  load_level: 227323.88336307099
  wind_year: 2013
  solar_year: 2018
  price_year: 2023
  carbon_year: 2023
storage_values:
  CAES:
    cost: 61.4372
    lifetime: 24.392
    annual_cost: 2.518743850442768
    efficiency: 0.601285
    discharge_ratio: 0.1
    depth_of_discharge: 0.4
  Li-ion:
    cost: 249.669
    lifetime: 21.6649
    annual_cost: 11.524124274748557
    efficiency: 0.898824
    discharge_ratio: 2
    depth_of_discharge: 0.9
  Pb-acid:
    cost: 215.648
    lifetime: 15.268
    annual_cost: 14.124181294210112
    efficiency: 0.738157
    discharge_ratio: 5
    depth_of_discharge: 0.5
  VRBF:
    cost: 114.749
    lifetime: 28.8393
    annual_cost: 3.978910722521004
    efficiency: 0.677803
    discharge_ratio: 0.5
    depth_of_discharge: 1.0
