cost_values:
  wind_capex: 5000.0
  wind_opex: 100
  wind_lifetime: 20
  solar_capex: 1000.0
  solar_opex: 10
  solar_lifetime: 20
  carbon_price: 1.0
timeseries_values:
  load_level: 227323.88336307099
  wind_year: 2013
  solar_year: 2018
  price_year: 2023
  carbon_year: 2023
storage_values:
  CAES:
    cost: 59.0608
    lifetime: 23.6376
    annual_cost: 2.4985954580837313
    efficiency: 0.596499
    discharge_ratio: 0.1
    depth_of_discharge: 0.4
  Li-ion:
    cost: 241.791
    lifetime: 21.6986
    annual_cost: 11.143161309946263
    efficiency: 0.901049
    discharge_ratio: 2
    depth_of_discharge: 0.9
  Pb-acid:
    cost: 207.18
    lifetime: 14.0506
    annual_cost: 14.745277781731742
    efficiency: 0.727112
    discharge_ratio: 5
    depth_of_discharge: 0.5
  VRBF:
    cost: 107.294
    lifetime: 28.8979
    annual_cost: 3.7128649486640897
    efficiency: 0.679355
    discharge_ratio: 0.5
    depth_of_discharge: 1.0
