cost_values:
  wind_capex: 5000.0
  wind_opex: 100
  wind_lifetime: 20
  solar_capex: 1000.0
  solar_opex: 10
  solar_lifetime: 20
  carbon_price: 1.0
timeseries_values:
  load_level: 227323.88336307099
  wind_year: 2013
  solar_year: 2018
  price_year: 2023
  carbon_year: 2023
storage_values:
  CAES:
    cost: 51.3517
    lifetime: 24.306
    annual_cost: 2.1127170246029787
    efficiency: 0.601512
    discharge_ratio: 0.1
    depth_of_discharge: 0.4
  Li-ion:
    cost: 261.987
    lifetime: 21.4486
    annual_cost: 12.214643379987507
    efficiency: 0.897192
    discharge_ratio: 2
    depth_of_discharge: 0.9
  Pb-acid:
    cost: 218.542
    lifetime: 11.902
    annual_cost: 18.361787934800876
    efficiency: 0.733175
    discharge_ratio: 5
    depth_of_discharge: 0.5
  VRBF:
    cost: 135.346
    lifetime: 29.9141
    annual_cost: 4.524488451934038
    efficiency: 0.681451
    discharge_ratio: 0.5
    depth_of_discharge: 1.0
