cost_values:
  wind_capex: 5000.0
  wind_opex: 100
  wind_lifetime: 20
  solar_capex: 1000.0
  solar_opex: 10
  solar_lifetime: 20
  carbon_price: 1.0
timeseries_values:
  load_level: 227323.88336307099
  wind_year: 2013
  solar_year: 2018
  price_year: 2023
  carbon_year: 2023
storage_values:
  CAES:
    cost: 54.3639
    lifetime: 24.6726
    annual_cost: 2.2034118820067605
    efficiency: 0.588649
    discharge_ratio: 0.1
    depth_of_discharge: 0.4
  Li-ion:
    cost: 249.687
    lifetime: 21.2378
    annual_cost: 11.756726214579665
    efficiency: 0.913074
    discharge_ratio: 2
    depth_of_discharge: 0.9
  Pb-acid:
    cost: 226.149
    lifetime: 11.8645
    annual_cost: 19.060980235155295
    efficiency: 0.731957
    discharge_ratio: 5
    depth_of_discharge: 0.5
  VRBF:
    cost: 114.489
    lifetime: 28.6341
    annual_cost: 3.998344631051788
    efficiency: 0.687896
    discharge_ratio: 0.5
    depth_of_discharge: 1.0
