cost_values:
  wind_capex: 5000.0
  wind_opex: 100
  wind_lifetime: 20
  solar_capex: 1000.0
  solar_opex: 10
  solar_lifetime: 20
  carbon_price: 1.0
timeseries_values:
  load_level: 227323.88336307099
  wind_year: 2013
  solar_year: 2018
  price_year: 2023
  carbon_year: 2023
storage_values:
  CAES:
    cost: 54.0466
    lifetime: 24.5805
    annual_cost: 2.198759179024023
    efficiency: 0.599569
    discharge_ratio: 0.1
    depth_of_discharge: 0.4
  Li-ion:
    cost: 252.344
    lifetime: 19.6144
    annual_cost: 12.865241863120971
    efficiency: 0.904206
    discharge_ratio: 2
    depth_of_discharge: 0.9
  Pb-acid:
    cost: 203.064
    lifetime: 12.7898
    annual_cost: 15.877027005895323
    efficiency: 0.741767
    discharge_ratio: 5
    depth_of_discharge: 0.5
  VRBF:
    cost: 145.559
    lifetime: 29.8271
    annual_cost: 4.880092265087789
    efficiency: 0.682204
    discharge_ratio: 0.5
    depth_of_discharge: 1.0
