cost_values:
  wind_capex: 5000.0
  wind_opex: 100
  wind_lifetime: 20
  solar_capex: 1000.0
  solar_opex: 10
  solar_lifetime: 20
  carbon_price: 1.0
timeseries_values:
  load_level: 227323.88336307099
  wind_year: 2013
  solar_year: 2018
  price_year: 2023
  carbon_year: 2023
storage_values:
  CAES:
    cost: 63.5651
    lifetime: 25.1728
    annual_cost: 2.525150162079705
    efficiency: 0.603416
    discharge_ratio: 0.1
    depth_of_discharge: 0.4
  Li-ion:
    cost: 235.63
    lifetime: 21.2447
    annual_cost: 11.091236873196609
    efficiency: 0.91404
    discharge_ratio: 2
    depth_of_discharge: 0.9
  Pb-acid:
    cost: 185.615
    lifetime: 13.0728
    annual_cost: 14.198564959304816
    efficiency: 0.736429
    discharge_ratio: 5
    depth_of_discharge: 0.5
  VRBF:
    cost: 122.315
    lifetime: 29.6653
    annual_cost: 4.123167471759936
    efficiency: 0.68538
    discharge_ratio: 0.5
    depth_of_discharge: 1.0
