cost_values:
  wind_capex: 5000.0
  wind_opex: 100
  wind_lifetime: 20
  solar_capex: 1000.0
  solar_opex: 10
  solar_lifetime: 20
  carbon_price: 1.0
timeseries_values:
  load_level: 227323.88336307099
  wind_year: 2013
  solar_year: 2018
  price_year: 2023
  carbon_year: 2023
storage_values:
  CAES:
    cost: 56.1256
    lifetime: 23.2234
    annual_cost: 2.4167692930406397
    efficiency: 0.604519
    discharge_ratio: 0.1
    depth_of_discharge: 0.4
  Li-ion:
    cost: 265.907
    lifetime: 21.7827
    annual_cost: 12.207256217089709
    efficiency: 0.913804
    discharge_ratio: 2
    depth_of_discharge: 0.9
  Pb-acid:
    cost: 212.725
    lifetime: 13.8171
    annual_cost: 15.395777695753813
    efficiency: 0.717782
    discharge_ratio: 5
    depth_of_discharge: 0.5
  VRBF:
    cost: 130.181
    lifetime: 29.5231
    annual_cost: 4.40946242095173
    efficiency: 0.670011
    discharge_ratio: 0.5
    depth_of_discharge: 1.0
