cost_values:
  wind_capex: 5000.0
  wind_opex: 100
  wind_lifetime: 20
  solar_capex: 1000.0
  solar_opex: 10
  solar_lifetime: 20
  carbon_price: 1.0
timeseries_values:
  load_level: 227323.88336307099
  wind_year: 2013
  solar_year: 2018
  price_year: 2023
  carbon_year: 2023
storage_values:
  CAES:
    cost: 58.4962
    lifetime: 24.7418
    annual_cost: 2.3642661407011616
    efficiency: 0.600859
    discharge_ratio: 0.1
    depth_of_discharge: 0.4
  Li-ion:
    cost: 238.06
    lifetime: 20.3532
    annual_cost: 11.696440854509364
    efficiency: 0.894119
    discharge_ratio: 2
    depth_of_discharge: 0.9
  Pb-acid:
    cost: 183.668
    lifetime: 12.6097
    annual_cost: 14.565612187443001
    efficiency: 0.716961
    discharge_ratio: 5
    depth_of_discharge: 0.5
  VRBF:
    cost: 109.472
    lifetime: 29.805
    annual_cost: 3.6729407817480286
    efficiency: 0.685584
    discharge_ratio: 0.5
    depth_of_discharge: 1.0
