cost_values:
  wind_capex: 5000.0
  wind_opex: 100
  wind_lifetime: 20
  solar_capex: 1000.0
  solar_opex: 10
  solar_lifetime: 20
  carbon_price: 1.0
timeseries_values:
  load_level: 227323.88336307099
  wind_year: 2013
  solar_year: 2018
  price_year: 2023
  carbon_year: 2023
storage_values:
  CAES:
    cost: 63.5745
    lifetime: 23.5834
    annual_cost: 2.695730895460366
    efficiency: 0.602226
    discharge_ratio: 0.1
    depth_of_discharge: 0.4
  Li-ion:
    cost: 270.149
    lifetime: 20.0032
    annual_cost: 13.505289153735403
    efficiency: 0.902033
    discharge_ratio: 2
    depth_of_discharge: 0.9
  Pb-acid:
    cost: 212.002
    lifetime: 13.5845
    annual_cost: 15.606168795318194
    efficiency: 0.722372
    discharge_ratio: 5
    depth_of_discharge: 0.5
  VRBF:
    cost: 119.11
    lifetime: 29.0577
    annual_cost: 4.099085612419428
    efficiency: 0.685326
    discharge_ratio: 0.5
    depth_of_discharge: 1.0
