cost_values:
  wind_capex: 5000.0
  wind_opex: 100
  wind_lifetime: 20
  solar_capex: 1000.0
  solar_opex: 10
  solar_lifetime: 20
  carbon_price: 1.0
timeseries_values:
  load_level: 227323.88336307099
  wind_year: 2013
  solar_year: 2018
  price_year: 2023
  carbon_year: 2023
storage_values:
  CAES:
    cost: 51.549
    lifetime: 25.118
    annual_cost: 2.052273270164822
    efficiency: 0.611473
    discharge_ratio: 0.1
    depth_of_discharge: 0.4
  Li-ion:
    cost: 249.913
    lifetime: 23.743
    annual_cost: 10.525754959356442
    efficiency: 0.919627
    discharge_ratio: 2
    depth_of_discharge: 0.9
  Pb-acid:
    cost: 220.22
    lifetime: 13.11
    annual_cost: 16.797864225781847
    efficiency: 0.725413
    discharge_ratio: 5
    depth_of_discharge: 0.5
  VRBF:
    cost: 123.574
    lifetime: 29.9085
    annual_cost: 4.131735125466005
    efficiency: 0.671874
    discharge_ratio: 0.5
    depth_of_discharge: 1.0
