cost_values:
  wind_capex: 5000.0
  wind_opex: 100
  wind_lifetime: 20
  solar_capex: 1000.0
  solar_opex: 10
  solar_lifetime: 20
  carbon_price: 1.0
timeseries_values:
  load_level: 227323.88336307099
  wind_year: 2013
  solar_year: 2018
  price_year: 2023
  carbon_year: 2023
storage_values:
  CAES:
    cost: 56.9228
    lifetime: 25.2259
    annual_cost: 2.256522066606147
    efficiency: 0.594825
    discharge_ratio: 0.1
    depth_of_discharge: 0.4
  Li-ion:
    cost: 241.343
    lifetime: 21.3397
    annual_cost: 11.309577922838653
    efficiency: 0.906384
    discharge_ratio: 2
    depth_of_discharge: 0.9
  Pb-acid:
    cost: 202.043
    lifetime: 14.7172
    annual_cost: 13.728358655178974
    efficiency: 0.731937
    discharge_ratio: 5
    depth_of_discharge: 0.5
  VRBF:
    cost: 118.023
    lifetime: 28.2795
    annual_cost: 4.173447196732615
    efficiency: 0.708627
    discharge_ratio: 0.5
    depth_of_discharge: 1.0
