cost_values:
  wind_capex: 5000.0
  wind_opex: 100
  wind_lifetime: 20
  solar_capex: 1000.0
  solar_opex: 10
  solar_lifetime: 20
  carbon_price: 1.0
timeseries_values:
  load_level: 227323.88336307099
  wind_year: 2013
  solar_year: 2018
  price_year: 2023
  carbon_year: 2023
storage_values:
  CAES:
    cost: 52.9508
    lifetime: 24.7211
    annual_cost: 2.1419273414208915
    efficiency: 0.597106
    discharge_ratio: 0.1
    depth_of_discharge: 0.4
  Li-ion:
    cost: 272.267
    lifetime: 21.102
    annual_cost: 12.90242631030234
    efficiency: 0.901732
    discharge_ratio: 2
    depth_of_discharge: 0.9
  Pb-acid:
    cost: 201.907
    lifetime: 13.4971
    annual_cost: 14.959287550659031
    efficiency: 0.719055
    discharge_ratio: 5
    depth_of_discharge: 0.5
  VRBF:
    cost: 111.055
    lifetime: 29.9999
    annual_cost: 3.7018456728189095
    efficiency: 0.687087
    discharge_ratio: 0.5
    depth_of_discharge: 1.0
