cost_values:
  wind_capex: 5000.0
  wind_opex: 100
  wind_lifetime: 20
  solar_capex: 1000.0
  solar_opex: 10
  solar_lifetime: 20
  carbon_price: 1.0
timeseries_values:
  load_level: 227323.88336307099
  wind_year: 2013
  solar_year: 2018
  price_year: 2023
  carbon_year: 2023
storage_values:
  CAES:
    cost: 61.9141
    lifetime: 24.035
    annual_cost: 2.575997503640524
    efficiency: 0.608184
    discharge_ratio: 0.1
    depth_of_discharge: 0.4
  Li-ion:
    cost: 258.337
    lifetime: 20.3087
    annual_cost: 12.720508944442528
    efficiency: 0.908561
    discharge_ratio: 2
    depth_of_discharge: 0.9
  Pb-acid:
    cost: 205.199
    lifetime: 13.8432
    annual_cost: 14.82309003698567
    efficiency: 0.742166
    discharge_ratio: 5
    depth_of_discharge: 0.5
  VRBF:
    cost: 115.109
    lifetime: 28.9033
    annual_cost: 3.9825556251362295
    efficiency: 0.673319
    discharge_ratio: 0.5
    depth_of_discharge: 1.0
