cost_values:
  wind_capex: 5000.0
  wind_opex: 100
  wind_lifetime: 20
  solar_capex: 1000.0
  solar_opex: 10
  solar_lifetime: 20
  carbon_price: 1.0
timeseries_values:
  load_level: 227323.88336307099
  wind_year: 2013
  solar_year: 2018
  price_year: 2023
  carbon_year: 2023
storage_values:
  CAES:
    cost: 59.6093
    lifetime: 24.2035
    annual_cost: 2.4628380192947303
    efficiency: 0.605254
    discharge_ratio: 0.1
    depth_of_discharge: 0.4
  Li-ion:
    cost: 250.551
    lifetime: 20.2184
    annual_cost: 12.392226882443715
    efficiency: 0.906915
    discharge_ratio: 2
    depth_of_discharge: 0.9
  Pb-acid:
    cost: 183.725
    lifetime: 13.0463
    annual_cost: 14.082536811203175
    efficiency: 0.712644
    discharge_ratio: 5
    depth_of_discharge: 0.5
  VRBF:
    cost: 143.032
    lifetime: 29.122
    annual_cost: 4.911475860174439
    efficiency: 0.660197
    discharge_ratio: 0.5
    depth_of_discharge: 1.0
