cost_values:
  wind_capex: 5000.0
  wind_opex: 100
  wind_lifetime: 20
  solar_capex: 1000.0
  solar_opex: 10
  solar_lifetime: 20
  carbon_price: 1.0
timeseries_values:
  load_level: 227323.88336307099
  wind_year: 2013
  solar_year: 2018
  price_year: 2023
  carbon_year: 2023
storage_values:
  CAES:
    cost: 58.57
    lifetime: 25.616
    annual_cost: 2.286461586508432
    efficiency: 0.609858
    discharge_ratio: 0.1
    depth_of_discharge: 0.4
  Li-ion:
    cost: 238.116
    lifetime: 19.5755
    annual_cost: 12.163980485811345
    efficiency: 0.903862
    discharge_ratio: 2
    depth_of_discharge: 0.9
  Pb-acid:
    cost: 229.356
    lifetime: 14.9454
    annual_cost: 15.346260387811634
    efficiency: 0.719024
    discharge_ratio: 5
    depth_of_discharge: 0.5
  VRBF:
    cost: 129.868
    lifetime: 29.7913
    annual_cost: 4.359259246827094
    efficiency: 0.675147
    discharge_ratio: 0.5
    depth_of_discharge: 1.0
