cost_values:
  wind_capex: 5000.0
  wind_opex: 100
  wind_lifetime: 20
  solar_capex: 1000.0
  solar_opex: 10
  solar_lifetime: 20
  carbon_price: 1.0
timeseries_values:
  load_level: 227323.88336307099
  wind_year: 2013
  solar_year: 2018
  price_year: 2023
  carbon_year: 2023
storage_values:
  CAES:
    cost: 63.4599
    lifetime: 24.7472
    annual_cost: 2.564326469257128
    efficiency: 0.60698
    discharge_ratio: 0.1
    depth_of_discharge: 0.4
  Li-ion:
    cost: 246.981
    lifetime: 19.7267
    annual_cost: 12.520137681416557
    efficiency: 0.897183
    discharge_ratio: 2
    depth_of_discharge: 0.9
  Pb-acid:
    cost: 224.425
    lifetime: 13.6292
    annual_cost: 16.466483726117453
    efficiency: 0.710151
    discharge_ratio: 5
    depth_of_discharge: 0.5
  VRBF:
    cost: 155.096
    lifetime: 29.8129
    annual_cost: 5.202311750953447
    efficiency: 0.679259
    discharge_ratio: 0.5
    depth_of_discharge: 1.0
