cost_values:
  wind_capex: 5000.0
  wind_opex: 100
  wind_lifetime: 20
  solar_capex: 1000.0
  solar_opex: 10
  solar_lifetime: 20
  carbon_price: 1.0
timeseries_values:
  load_level: 227323.88336307099
  wind_year: 2013
  solar_year: 2018
  price_year: 2023
  carbon_year: 2023
storage_values:
  CAES:
    cost: 54.7704
    lifetime: 25.2197
    annual_cost: 2.1717308294706124
    efficiency: 0.596031
    discharge_ratio: 0.1
    depth_of_discharge: 0.4
  Li-ion:
    cost: 254.468
    lifetime: 20.6331
    annual_cost: 12.332998919212335
    efficiency: 0.901877
    discharge_ratio: 2
    depth_of_discharge: 0.9
  Pb-acid:
    cost: 202.652
    lifetime: 14.309
    annual_cost: 14.162555035292472
    efficiency: 0.733281
    discharge_ratio: 5
    depth_of_discharge: 0.5
  VRBF:
    cost: 107.765
    lifetime: 29.4401
    annual_cost: 3.660483490205536
    efficiency: 0.672541
    discharge_ratio: 0.5
    depth_of_discharge: 1.0
