cost_values:
  wind_capex: 5000.0
  wind_opex: 100
  wind_lifetime: 20
  solar_capex: 1000.0
  solar_opex: 10
  solar_lifetime: 20
  carbon_price: 1.0
timeseries_values:
  load_level: 227323.88336307099
  wind_year: 2013
  solar_year: 2018
  price_year: 2023
  carbon_year: 2023
storage_values:
  CAES:
    cost: 59.5306
    lifetime: 24.9657
    annual_cost: 2.38449552786423
    efficiency: 0.602072
    discharge_ratio: 0.1
    depth_of_discharge: 0.4
  Li-ion:
    cost: 264.43
    lifetime: 22.0227
    annual_cost: 12.007156252412283
    efficiency: 0.908421
    discharge_ratio: 2
    depth_of_discharge: 0.9
  Pb-acid:
    cost: 199.093
    lifetime: 13.9251
    annual_cost: 14.297419767183
    efficiency: 0.727668
    discharge_ratio: 5
    depth_of_discharge: 0.5
  VRBF:
    cost: 144.683
    lifetime: 28.0075
    annual_cost: 5.165866285816299
    efficiency: 0.689507
    discharge_ratio: 0.5
    depth_of_discharge: 1.0
