cost_values:
  wind_capex: 5000.0
  wind_opex: 100
  wind_lifetime: 20
  solar_capex: 1000.0
  solar_opex: 10
  solar_lifetime: 20
  carbon_price: 1.0
timeseries_values:
  load_level: 227323.88336307099
  wind_year: 2013
  solar_year: 2018
  price_year: 2023
  carbon_year: 2023
storage_values:
  CAES:
    cost: 57.0918
    lifetime: 24.2089
    annual_cost: 2.358297981320919
    efficiency: 0.599695
    discharge_ratio: 0.1
    depth_of_discharge: 0.4
  Li-ion:
    cost: 254.196
    lifetime: 19.2958
    annual_cost: 13.173644005431234
    efficiency: 0.904847
    discharge_ratio: 2
    depth_of_discharge: 0.9
  Pb-acid:
    cost: 222.57
    lifetime: 13.6386
    annual_cost: 16.31912366371915
    efficiency: 0.729499
    discharge_ratio: 5
    depth_of_discharge: 0.5
  VRBF:
    cost: 148.295
    lifetime: 28.9206
    annual_cost: 5.127659868744078
    efficiency: 0.68029
    discharge_ratio: 0.5
    depth_of_discharge: 1.0
