cost_values:
  wind_capex: 5000.0
  wind_opex: 100
  wind_lifetime: 20
  solar_capex: 1000.0
  solar_opex: 10
  solar_lifetime: 20
  carbon_price: 1.0
timeseries_values:
  load_level: 227323.88336307099
  wind_year: 2013
  solar_year: 2018
  price_year: 2023
  carbon_year: 2023
storage_values:
  CAES:
    cost: 52.6025
    lifetime: 25.0182
    annual_cost: 2.1025693295281034
    efficiency: 0.592702
    discharge_ratio: 0.1
    depth_of_discharge: 0.4
  Li-ion:
    cost: 265.261
    lifetime: 21.0475
    annual_cost: 12.602969473809242
    efficiency: 0.918025
    discharge_ratio: 2
    depth_of_discharge: 0.9
  Pb-acid:
    cost: 218.508
    lifetime: 14.1086
    annual_cost: 15.487574954283204
    efficiency: 0.728337
    discharge_ratio: 5
    depth_of_discharge: 0.5
  VRBF:
    cost: 108.754
    lifetime: 29.8918
    annual_cost: 3.638255307475629
    efficiency: 0.68044
    discharge_ratio: 0.5
    depth_of_discharge: 1.0
