cost_values:
  wind_capex: 5000.0
  wind_opex: 100
  wind_lifetime: 20
  solar_capex: 1000.0
  solar_opex: 10
  solar_lifetime: 20
  carbon_price: 1.0
timeseries_values:
  load_level: 227323.88336307099
  wind_year: 2013
  solar_year: 2018
  price_year: 2023
  carbon_year: 2023
storage_values:
  CAES:
    cost: 53.5373
    lifetime: 25.6404
    annual_cost: 2.0880056473377953
    efficiency: 0.607434
    discharge_ratio: 0.1
    depth_of_discharge: 0.4
  Li-ion:
    cost: 251.706
    lifetime: 21.2838
    annual_cost: 11.826177656245594
    efficiency: 0.906774
    discharge_ratio: 2
    depth_of_discharge: 0.9
  Pb-acid:
    cost: 219.572
    lifetime: 12.6768
    annual_cost: 17.320774958980184
    efficiency: 0.73051
    discharge_ratio: 5
    depth_of_discharge: 0.5
  VRBF:
    cost: 152.855
    lifetime: 28.2907
    annual_cost: 5.40301229732739
    efficiency: 0.675697
    discharge_ratio: 0.5
    depth_of_discharge: 1.0
