cost_values:
  wind_capex: 5000.0
  wind_opex: 100
  wind_lifetime: 20
  solar_capex: 1000.0
  solar_opex: 10
  solar_lifetime: 20
  carbon_price: 1.0
timeseries_values:
  load_level: 227323.88336307099
  wind_year: 2013
  solar_year: 2018
  price_year: 2023
  carbon_year: 2023
storage_values:
  CAES:
    cost: 59.9919
    lifetime: 25.1429
    annual_cost: 2.3860374101635053
    efficiency: 0.603747
    discharge_ratio: 0.1
    depth_of_discharge: 0.4
  Li-ion:
    cost: 258.993
    lifetime: 20.6204
    annual_cost: 12.560037632635643
    efficiency: 0.895806
    discharge_ratio: 2
    depth_of_discharge: 0.9
  Pb-acid:
    cost: 206.232
    lifetime: 15.108
    annual_cost: 13.650516282764098
    efficiency: 0.718334
    discharge_ratio: 5
    depth_of_discharge: 0.5
  VRBF:
    cost: 119.802
    lifetime: 27.9904
    annual_cost: 4.2801103235395
    efficiency: 0.690089
    discharge_ratio: 0.5
    depth_of_discharge: 1.0
