cost_values:
  wind_capex: 5000.0
  wind_opex: 100
  wind_lifetime: 20
  solar_capex: 1000.0
  solar_opex: 10
  solar_lifetime: 20
  carbon_price: 1.0
timeseries_values:
  load_level: 227323.88336307099
  wind_year: 2013
  solar_year: 2018
  price_year: 2023
  carbon_year: 2023
storage_values:
  CAES:
    cost: 57.4345
    lifetime: 24.914
    annual_cost: 2.3053102673195793
    efficiency: 0.587426
    discharge_ratio: 0.1
    depth_of_discharge: 0.4
  Li-ion:
    cost: 239.722
    lifetime: 21.7756
    annual_cost: 11.00874373151601
    efficiency: 0.906161
    discharge_ratio: 2
    depth_of_discharge: 0.9
  Pb-acid:
    cost: 200.054
    lifetime: 12.0317
    annual_cost: 16.627243032987856
    efficiency: 0.72446
    discharge_ratio: 5
    depth_of_discharge: 0.5
  VRBF:
    cost: 123.676
    lifetime: 29.4062
    annual_cost: 4.205779733525583
    efficiency: 0.683485
    discharge_ratio: 0.5
    depth_of_discharge: 1.0
