cost_values:
  wind_capex: 5000.0
  wind_opex: 100
  wind_lifetime: 20
  solar_capex: 1000.0
  solar_opex: 10
  solar_lifetime: 20
  carbon_price: 1.0
timeseries_values:
  load_level: 227323.88336307099
  wind_year: 2013
  solar_year: 2018
  price_year: 2023
  carbon_year: 2023
storage_values:
  CAES:
    cost: 55.6954
    lifetime: 23.5827
    annual_cost: 2.3617058267289157
    efficiency: 0.599155
    discharge_ratio: 0.1
    depth_of_discharge: 0.4
  Li-ion:
    cost: 264.983
    lifetime: 19.4669
    annual_cost: 13.611977253697303
    efficiency: 0.890159
    discharge_ratio: 2
    depth_of_discharge: 0.9
  Pb-acid:
    cost: 201.171
    lifetime: 13.4155
    annual_cost: 14.995415750437926
    efficiency: 0.709345
    discharge_ratio: 5
    depth_of_discharge: 0.5
  VRBF:
    cost: 117.567
    lifetime: 29.4942
    annual_cost: 3.9861057428240128
    efficiency: 0.684518
    discharge_ratio: 0.5
    depth_of_discharge: 1.0
