cost_values:
  wind_capex: 5000.0
  wind_opex: 100
  wind_lifetime: 20
  solar_capex: 1000.0
  solar_opex: 10
  solar_lifetime: 20
  carbon_price: 1.0
timeseries_values:
  load_level: 227323.88336307099
  wind_year: 2013
  solar_year: 2018
  price_year: 2023
  carbon_year: 2023
storage_values:
  CAES:
    cost: 56.4715
    lifetime: 24.9788
    annual_cost: 2.2607771390138836
    efficiency: 0.59374
    discharge_ratio: 0.1
    depth_of_discharge: 0.4
  Li-ion:
    cost: 239.539
    lifetime: 23.0741
    annual_cost: 10.381293311548445
    efficiency: 0.919842
    discharge_ratio: 2
    depth_of_discharge: 0.9
  Pb-acid:
    cost: 204.643
    lifetime: 14.5316
    annual_cost: 14.082619945498088
    efficiency: 0.733867
    discharge_ratio: 5
    depth_of_discharge: 0.5
  VRBF:
    cost: 143.839
    lifetime: 27.9502
    annual_cost: 5.146260134095642
    efficiency: 0.681732
    discharge_ratio: 0.5
    depth_of_discharge: 1.0
