cost_values:
  wind_capex: 5000.0
  wind_opex: 100
  wind_lifetime: 20
  solar_capex: 1000.0
  solar_opex: 10
  solar_lifetime: 20
  carbon_price: 1.0
timeseries_values:
  load_level: 227323.88336307099
  wind_year: 2013
  solar_year: 2018
  price_year: 2023
  carbon_year: 2023
storage_values:
  CAES:
    cost: 51.2595
    lifetime: 25.4782
    annual_cost: 2.011896444803793
    efficiency: 0.605089
    discharge_ratio: 0.1
    depth_of_discharge: 0.4
  Li-ion:
    cost: 229.117
    lifetime: 20.4861
    annual_cost: 11.18402233709686
    efficiency: 0.906521
    discharge_ratio: 2
    depth_of_discharge: 0.9
  Pb-acid:
    cost: 210.73
    lifetime: 12.6147
    annual_cost: 16.705113875082244
    efficiency: 0.745639
    discharge_ratio: 5
    depth_of_discharge: 0.5
  VRBF:
    cost: 122.134
    lifetime: 29.5304
    annual_cost: 4.135873540487092
    efficiency: 0.690918
    discharge_ratio: 0.5
    depth_of_discharge: 1.0
