cost_values:
  wind_capex: 5000.0
  wind_opex: 100
  wind_lifetime: 20
  solar_capex: 1000.0
  solar_opex: 10
  solar_lifetime: 20
  carbon_price: 1.0
timeseries_values:
  load_level: 227323.88336307099
  wind_year: 2013
  solar_year: 2018
  price_year: 2023
  carbon_year: 2023
storage_values:
  CAES:
    cost: 61.0906
    lifetime: 24.9715
    annual_cost: 2.446412910718219
    efficiency: 0.593099
    discharge_ratio: 0.1
    depth_of_discharge: 0.4
  Li-ion:
    cost: 242.048
    lifetime: 22.7177
    annual_cost: 10.65459971740097
    efficiency: 0.906153
    discharge_ratio: 2
    depth_of_discharge: 0.9
  Pb-acid:
    cost: 215.476
    lifetime: 14.6126
    annual_cost: 14.745904219646059
    efficiency: 0.724592
    discharge_ratio: 5
    depth_of_discharge: 0.5
  VRBF:
    cost: 130.392
    lifetime: 28.9318
    annual_cost: 4.5068747882952325
    efficiency: 0.711314
    discharge_ratio: 0.5
    depth_of_discharge: 1.0
