cost_values:
  wind_capex: 5000.0
  wind_opex: 100
  wind_lifetime: 20
  solar_capex: 1000.0
  solar_opex: 10
  solar_lifetime: 20
  carbon_price: 1.0
timeseries_values:
  load_level: 227323.88336307099
  wind_year: 2013
  solar_year: 2018
  price_year: 2023
  carbon_year: 2023
storage_values:
  CAES:
    cost: 57.3511
    lifetime: 25.0157
    annual_cost: 2.2926042445344326
    efficiency: 0.597601
    discharge_ratio: 0.1
    depth_of_discharge: 0.4
  Li-ion:
    cost: 247.362
    lifetime: 20.6646
    annual_cost: 11.970326064864551
    efficiency: 0.917678
    discharge_ratio: 2
    depth_of_discharge: 0.9
  Pb-acid:
    cost: 207.262
    lifetime: 13.2014
    annual_cost: 15.700001514990834
    efficiency: 0.705412
    discharge_ratio: 5
    depth_of_discharge: 0.5
  VRBF:
    cost: 121.218
    lifetime: 29.6161
    annual_cost: 4.092976455373935
    efficiency: 0.689944
    discharge_ratio: 0.5
    depth_of_discharge: 1.0
