cost_values:
  wind_capex: 5000.0
  wind_opex: 100
  wind_lifetime: 20
  solar_capex: 1000.0
  solar_opex: 10
  solar_lifetime: 20
  carbon_price: 1.0
timeseries_values:
  load_level: 227323.88336307099
  wind_year: 2013
  solar_year: 2018
  price_year: 2023
  carbon_year: 2023
storage_values:
  CAES:
    cost: 57.7935
    lifetime: 24.4351
    annual_cost: 2.3651836906744808
    efficiency: 0.602608
    discharge_ratio: 0.1
    depth_of_discharge: 0.4
  Li-ion:
    cost: 246.552
    lifetime: 19.4805
    annual_cost: 12.656348656348657
    efficiency: 0.91266
    discharge_ratio: 2
    depth_of_discharge: 0.9
  Pb-acid:
    cost: 220.791
    lifetime: 13.7816
    annual_cost: 16.02070877111511
    efficiency: 0.718248
    discharge_ratio: 5
    depth_of_discharge: 0.5
  VRBF:
    cost: 101.678
    lifetime: 28.695
    annual_cost: 3.543404774350932
    efficiency: 0.704616
    discharge_ratio: 0.5
    depth_of_discharge: 1.0
