cost_values:
  wind_capex: 5000.0
  wind_opex: 100
  wind_lifetime: 20
  solar_capex: 1000.0
  solar_opex: 10
  solar_lifetime: 20
  carbon_price: 1.0
timeseries_values:
  load_level: 227323.88336307099
  wind_year: 2013
  solar_year: 2018
  price_year: 2023
  carbon_year: 2023
storage_values:
  CAES:
    cost: 54.5101
    lifetime: 23.936
    annual_cost: 2.2773270387700535
    efficiency: 0.603111
    discharge_ratio: 0.1
    depth_of_discharge: 0.4
  Li-ion:
    cost: 246.062
    lifetime: 20.3111
    annual_cost: 12.114656517864617
    efficiency: 0.903559
    discharge_ratio: 2
    depth_of_discharge: 0.9
  Pb-acid:
    cost: 214.452
    lifetime: 15.1831
    annual_cost: 14.124388300149509
    efficiency: 0.729609
    discharge_ratio: 5
    depth_of_discharge: 0.5
  VRBF:
    cost: 141.227
    lifetime: 28.0485
    annual_cost: 5.035099916216553
    efficiency: 0.670826
    discharge_ratio: 0.5
    depth_of_discharge: 1.0
