cost_values:
  wind_capex: 5000.0
  wind_opex: 100
  wind_lifetime: 20
  solar_capex: 1000.0
  solar_opex: 10
  solar_lifetime: 20
  carbon_price: 1.0
timeseries_values:
  load_level: 227323.88336307099
  wind_year: 2013
  solar_year: 2018
  price_year: 2023
  carbon_year: 2023
storage_values:
  CAES:
    cost: 59.4342
    lifetime: 23.7881
    annual_cost: 2.4984845363858397
    efficiency: 0.600917
    discharge_ratio: 0.1
    depth_of_discharge: 0.4
  Li-ion:
    cost: 256.864
    lifetime: 21.139
    annual_cost: 12.151189744074932
    efficiency: 0.912462
    discharge_ratio: 2
    depth_of_discharge: 0.9
  Pb-acid:
    cost: 210.521
    lifetime: 13.6774
    annual_cost: 15.391887347010396
    efficiency: 0.718426
    discharge_ratio: 5
    depth_of_discharge: 0.5
  VRBF:
    cost: 127.763
    lifetime: 29.11
    annual_cost: 4.388972861559602
    efficiency: 0.68393
    discharge_ratio: 0.5
    depth_of_discharge: 1.0
