cost_values:
  wind_capex: 5000.0
  wind_opex: 100
  wind_lifetime: 20
  solar_capex: 1000.0
  solar_opex: 10
  solar_lifetime: 20
  carbon_price: 1.0
timeseries_values:
  load_level: 227323.88336307099
  wind_year: 2013
  solar_year: 2018
  price_year: 2023
  carbon_year: 2023
storage_values:
  CAES:
    cost: 51.8333
    lifetime: 23.9965
    annual_cost: 2.1600358385597898
    efficiency: 0.609368
    discharge_ratio: 0.1
    depth_of_discharge: 0.4
  Li-ion:
    cost: 248.204
    lifetime: 20.8708
    annual_cost: 11.89240469938862
    efficiency: 0.925359
    discharge_ratio: 2
    depth_of_discharge: 0.9
  Pb-acid:
    cost: 213.668
    lifetime: 12.41
    annual_cost: 17.2174053182917
    efficiency: 0.705981
    discharge_ratio: 5
    depth_of_discharge: 0.5
  VRBF:
    cost: 100.273
    lifetime: 29.9797
    annual_cost: 3.3446965780177917
    efficiency: 0.664061
    discharge_ratio: 0.5
    depth_of_discharge: 1.0
