cost_values:
  wind_capex: 5000.0
  wind_opex: 100
  wind_lifetime: 20
  solar_capex: 1000.0
  solar_opex: 10
  solar_lifetime: 20
  carbon_price: 1.0
timeseries_values:
  load_level: 227323.88336307099
  wind_year: 2013
  solar_year: 2018
  price_year: 2023
  carbon_year: 2023
storage_values:
  CAES:
    cost: 59.7007
    lifetime: 24.6215
    annual_cost: 2.4247385415185914
    efficiency: 0.596041
    discharge_ratio: 0.1
    depth_of_discharge: 0.4
  Li-ion:
    cost: 245.972
    lifetime: 21.3587
    annual_cost: 11.51624396615899
    efficiency: 0.895624
    discharge_ratio: 2
    depth_of_discharge: 0.9
  Pb-acid:
    cost: 229.721
    lifetime: 13.3031
    annual_cost: 17.26823071314205
    efficiency: 0.731715
    discharge_ratio: 5
    depth_of_discharge: 0.5
  VRBF:
    cost: 101.157
    lifetime: 29.6223
    annual_cost: 3.4148935092818586
    efficiency: 0.674289
    discharge_ratio: 0.5
    depth_of_discharge: 1.0
