cost_values:
  wind_capex: 5000.0
  wind_opex: 100
  wind_lifetime: 20
  solar_capex: 1000.0
  solar_opex: 10
  solar_lifetime: 20
  carbon_price: 1.0
timeseries_values:
  load_level: 229033.60141853383
  wind_year: 2019
  solar_year: 2016
  price_year: 2023
  carbon_year: 2023
storage_values:
  CAES:
    cost: 73.8932
    lifetime: 23.6175
    annual_cost: 3.1287477506086585
    efficiency: 0.562914
    discharge_ratio: 0.1
    depth_of_discharge: 0.4
  Li-ion:
    cost: 180.895
    lifetime: 19.337
    annual_cost: 9.354863732740343
    efficiency: 0.96815
    discharge_ratio: 2
    depth_of_discharge: 0.9
  Pb-acid:
    cost: 187.918
    lifetime: 6.5795
    annual_cost: 28.561136864503382
    efficiency: 0.755911
    discharge_ratio: 5
    depth_of_discharge: 0.5
  VRBF:
    cost: 176.051
    lifetime: 16.899
    annual_cost: 10.417835374874251
    efficiency: 0.723535
    discharge_ratio: 0.5
    depth_of_discharge: 1.0
