cost_values:
  wind_capex: 5000.0
  wind_opex: 100
  wind_lifetime: 20
  solar_capex: 1000.0
  solar_opex: 10
  solar_lifetime: 20
  carbon_price: 1.0
timeseries_values:
  load_level: 229033.60141853383
  wind_year: 2019
  solar_year: 2016
  price_year: 2023
  carbon_year: 2023
storage_values:
  CAES:
    cost: 66.397
    lifetime: 23.361
    annual_cost: 2.8422156585762597
    efficiency: 0.569586
    discharge_ratio: 0.1
    depth_of_discharge: 0.4
  Li-ion:
    cost: 170.09
    lifetime: 22.5596
    annual_cost: 7.539584035177929
    efficiency: 0.980565
    discharge_ratio: 2
    depth_of_discharge: 0.9
  Pb-acid:
    cost: 181.783
    lifetime: 6.91346
    annual_cost: 26.29406982900024
    efficiency: 0.745613
    discharge_ratio: 5
    depth_of_discharge: 0.5
  VRBF:
    cost: 246.201
    lifetime: 16.8488
    annual_cost: 14.612375955557665
    efficiency: 0.70068
    discharge_ratio: 0.5
    depth_of_discharge: 1.0
