cost_values:
  wind_capex: 5000.0
  wind_opex: 100
  wind_lifetime: 20
  solar_capex: 1000.0
  solar_opex: 10
  solar_lifetime: 20
  carbon_price: 1.0
timeseries_values:
  load_level: 229033.60141853383
  wind_year: 2019
  solar_year: 2016
  price_year: 2023
  carbon_year: 2023
storage_values:
  CAES:
    cost: 64.237
    lifetime: 23.216
    annual_cost: 2.766927980702963
    efficiency: 0.566388
    discharge_ratio: 0.1
    depth_of_discharge: 0.4
  Li-ion:
    cost: 175.819
    lifetime: 21.1307
    annual_cost: 8.32054782851491
    efficiency: 0.954093
    discharge_ratio: 2
    depth_of_discharge: 0.9
  Pb-acid:
    cost: 183.733
    lifetime: 5.70941
    annual_cost: 32.180733210611955
    efficiency: 0.736242
    discharge_ratio: 5
    depth_of_discharge: 0.5
  VRBF:
    cost: 179.991
    lifetime: 15.8748
    annual_cost: 11.338158590974375
    efficiency: 0.696212
    discharge_ratio: 0.5
    depth_of_discharge: 1.0
