cost_values:
  wind_capex: 5000.0
  wind_opex: 100
  wind_lifetime: 20
  solar_capex: 1000.0
  solar_opex: 10
  solar_lifetime: 20
  carbon_price: 1.0
timeseries_values:
  load_level: 229033.60141853383
  wind_year: 2019
  solar_year: 2016
  price_year: 2023
  carbon_year: 2023
storage_values:
  CAES:
    cost: 66.7789
    lifetime: 23.1538
    annual_cost: 2.884144287330805
    efficiency: 0.5639
    discharge_ratio: 0.1
    depth_of_discharge: 0.4
  Li-ion:
    cost: 177.937
    lifetime: 20.0976
    annual_cost: 8.853644216224824
    efficiency: 0.966987
    discharge_ratio: 2
    depth_of_discharge: 0.9
  Pb-acid:
    cost: 177.288
    lifetime: 7.14892
    annual_cost: 24.799270379302047
    efficiency: 0.727348
    discharge_ratio: 5
    depth_of_discharge: 0.5
  VRBF:
    cost: 237.515
    lifetime: 15.9305
    annual_cost: 14.90945042528483
    efficiency: 0.692772
    discharge_ratio: 0.5
    depth_of_discharge: 1.0
