cost_values:
  wind_capex: 5000.0
  wind_opex: 100
  wind_lifetime: 20
  solar_capex: 1000.0
  solar_opex: 10
  solar_lifetime: 20
  carbon_price: 1.0
timeseries_values:
  load_level: 229033.60141853383
  wind_year: 2019
  solar_year: 2016
  price_year: 2023
  carbon_year: 2023
storage_values:
  CAES:
    cost: 69.3865
    lifetime: 23.4763
    annual_cost: 2.95559777307327
    efficiency: 0.56648
    discharge_ratio: 0.1
    depth_of_discharge: 0.4
  Li-ion:
    cost: 179.977
    lifetime: 20.1665
    annual_cost: 8.924553095480128
    efficiency: 0.954098
    discharge_ratio: 2
    depth_of_discharge: 0.9
  Pb-acid:
    cost: 194.141
    lifetime: 6.60757
    annual_cost: 29.381603221759285
    efficiency: 0.736249
    discharge_ratio: 5
    depth_of_discharge: 0.5
  VRBF:
    cost: 206.444
    lifetime: 16.7137
    annual_cost: 12.35178326761878
    efficiency: 0.70891
    discharge_ratio: 0.5
    depth_of_discharge: 1.0
