cost_values:
  wind_capex: 5000.0
  wind_opex: 100
  wind_lifetime: 20
  solar_capex: 1000.0
  solar_opex: 10
  solar_lifetime: 20
  carbon_price: 1.0
timeseries_values:
  load_level: 229033.60141853383
  wind_year: 2019
  solar_year: 2016
  price_year: 2023
  carbon_year: 2023
storage_values:
  CAES:
    cost: 68.7424
    lifetime: 24.2887
    annual_cost: 2.8302214610086174
    efficiency: 0.563167
    discharge_ratio: 0.1
    depth_of_discharge: 0.4
  Li-ion:
    cost: 166.572
    lifetime: 18.8504
    annual_cost: 8.836523362899461
    efficiency: 0.965731
    discharge_ratio: 2
    depth_of_discharge: 0.9
  Pb-acid:
    cost: 204.651
    lifetime: 6.28302
    annual_cost: 32.5720752122387
    efficiency: 0.734911
    discharge_ratio: 5
    depth_of_discharge: 0.5
  VRBF:
    cost: 175.665
    lifetime: 15.6931
    annual_cost: 11.193773059497486
    efficiency: 0.695588
    discharge_ratio: 0.5
    depth_of_discharge: 1.0
