cost_values:
  wind_capex: 5000.0
  wind_opex: 100
  wind_lifetime: 20
  solar_capex: 1000.0
  solar_opex: 10
  solar_lifetime: 20
  carbon_price: 1.0
timeseries_values:
  load_level: 229033.60141853383
  wind_year: 2019
  solar_year: 2016
  price_year: 2023
  carbon_year: 2023
storage_values:
  CAES:
    cost: 72.074
    lifetime: 23.6649
    annual_cost: 3.045607629865328
    efficiency: 0.568401
    discharge_ratio: 0.1
    depth_of_discharge: 0.4
  Li-ion:
    cost: 182.056
    lifetime: 18.6274
    annual_cost: 9.773559380267777
    efficiency: 0.954794
    discharge_ratio: 2
    depth_of_discharge: 0.9
  Pb-acid:
    cost: 165.178
    lifetime: 7.25754
    annual_cost: 22.759502531160695
    efficiency: 0.744491
    discharge_ratio: 5
    depth_of_discharge: 0.5
  VRBF:
    cost: 204.593
    lifetime: 16.1878
    annual_cost: 12.63871557592755
    efficiency: 0.704494
    discharge_ratio: 0.5
    depth_of_discharge: 1.0
