cost_values:
  wind_capex: 5000.0
  wind_opex: 100
  wind_lifetime: 20
  solar_capex: 1000.0
  solar_opex: 10
  solar_lifetime: 20
  carbon_price: 1.0
timeseries_values:
  load_level: 229033.60141853383
  wind_year: 2019
  solar_year: 2016
  price_year: 2023
  carbon_year: 2023
storage_values:
  CAES:
    cost: 65.8173
    lifetime: 23.6121
    annual_cost: 2.787439490769563
    efficiency: 0.575004
    discharge_ratio: 0.1
    depth_of_discharge: 0.4
  Li-ion:
    cost: 175.068
    lifetime: 18.1491
    annual_cost: 9.646098153627452
    efficiency: 0.96193
    discharge_ratio: 2
    depth_of_discharge: 0.9
  Pb-acid:
    cost: 160.835
    lifetime: 6.24224
    annual_cost: 25.765590557235868
    efficiency: 0.729042
    discharge_ratio: 5
    depth_of_discharge: 0.5
  VRBF:
    cost: 215.001
    lifetime: 17.1565
    annual_cost: 12.531751814181213
    efficiency: 0.705903
    discharge_ratio: 0.5
    depth_of_discharge: 1.0
