cost_values:
  wind_capex: 5000.0
  wind_opex: 100
  wind_lifetime: 20
  solar_capex: 1000.0
  solar_opex: 10
  solar_lifetime: 20
  carbon_price: 1.0
timeseries_values:
  load_level: 229033.60141853383
  wind_year: 2019
  solar_year: 2016
  price_year: 2023
  carbon_year: 2023
storage_values:
  CAES:
    cost: 70.0998
    lifetime: 22.8496
    annual_cost: 3.0678786499544852
    efficiency: 0.570182
    discharge_ratio: 0.1
    depth_of_discharge: 0.4
  Li-ion:
    cost: 186.852
    lifetime: 19.7031
    annual_cost: 9.483380787794815
    efficiency: 0.962674
    discharge_ratio: 2
    depth_of_discharge: 0.9
  Pb-acid:
    cost: 195.271
    lifetime: 7.83198
    annual_cost: 24.932520256691156
    efficiency: 0.733896
    discharge_ratio: 5
    depth_of_discharge: 0.5
  VRBF:
    cost: 196.096
    lifetime: 17.1904
    annual_cost: 11.407297096053611
    efficiency: 0.695425
    discharge_ratio: 0.5
    depth_of_discharge: 1.0
