cost_values:
  wind_capex: 5000.0
  wind_opex: 100
  wind_lifetime: 20
  solar_capex: 1000.0
  solar_opex: 10
  solar_lifetime: 20
  carbon_price: 1.0
timeseries_values:
  load_level: 229033.60141853383
  wind_year: 2019
  solar_year: 2016
  price_year: 2023
  carbon_year: 2023
storage_values:
  CAES:
    cost: 65.1018
    lifetime: 23.2929
    annual_cost: 2.794920340532952
    efficiency: 0.571448
    discharge_ratio: 0.1
    depth_of_discharge: 0.4
  Li-ion:
    cost: 178.211
    lifetime: 17.6133
    annual_cost: 10.117979027212392
    efficiency: 0.963242
    discharge_ratio: 2
    depth_of_discharge: 0.9
  Pb-acid:
    cost: 174.187
    lifetime: 5.99524
    annual_cost: 29.05421634496701
    efficiency: 0.750677
    discharge_ratio: 5
    depth_of_discharge: 0.5
  VRBF:
    cost: 197.877
    lifetime: 16.9365
    annual_cost: 11.683464706403331
    efficiency: 0.704541
    discharge_ratio: 0.5
    depth_of_discharge: 1.0
