cost_values:
  wind_capex: 5000.0
  wind_opex: 100
  wind_lifetime: 20
  solar_capex: 1000.0
  solar_opex: 10
  solar_lifetime: 20
  carbon_price: 1.0
timeseries_values:
  load_level: 229033.60141853383
  wind_year: 2019
  solar_year: 2016
  price_year: 2023
  carbon_year: 2023
storage_values:
  CAES:
    cost: 63.7685
    lifetime: 23.3674
    annual_cost: 2.728951445175758
    efficiency: 0.560211
    discharge_ratio: 0.1
    depth_of_discharge: 0.4
  Li-ion:
    cost: 177.325
    lifetime: 21.1358
    annual_cost: 8.389793620302992
    efficiency: 0.957295
    discharge_ratio: 2
    depth_of_discharge: 0.9
  Pb-acid:
    cost: 180.671
    lifetime: 7.23281
    annual_cost: 24.97936486649034
    efficiency: 0.750621
    discharge_ratio: 5
    depth_of_discharge: 0.5
  VRBF:
    cost: 227.376
    lifetime: 16.7012
    annual_cost: 13.61435106459416
    efficiency: 0.70054
    discharge_ratio: 0.5
    depth_of_discharge: 1.0
