cost_values:
  wind_capex: 5000.0
  wind_opex: 100
  wind_lifetime: 20
  solar_capex: 1000.0
  solar_opex: 10
  solar_lifetime: 20
  carbon_price: 1.0
timeseries_values:
  load_level: 229033.60141853383
  wind_year: 2019
  solar_year: 2016
  price_year: 2023
  carbon_year: 2023
storage_values:
  CAES:
    cost: 69.9867
    lifetime: 23.1622
    annual_cost: 3.0215912132698968
    efficiency: 0.559018
    discharge_ratio: 0.1
    depth_of_discharge: 0.4
  Li-ion:
    cost: 162.187
    lifetime: 20.9146
    annual_cost: 7.754726363401644
    efficiency: 0.963143
    discharge_ratio: 2
    depth_of_discharge: 0.9
  Pb-acid:
    cost: 176.896
    lifetime: 6.40761
    annual_cost: 27.607173345443933
    efficiency: 0.756825
    discharge_ratio: 5
    depth_of_discharge: 0.5
  VRBF:
    cost: 202.567
    lifetime: 17.4074
    annual_cost: 11.636832611418134
    efficiency: 0.701649
    discharge_ratio: 0.5
    depth_of_discharge: 1.0
