cost_values:
  wind_capex: 5000.0
  wind_opex: 100
  wind_lifetime: 20
  solar_capex: 1000.0
  solar_opex: 10
  solar_lifetime: 20
  carbon_price: 1.0
timeseries_values:
  load_level: 229033.60141853383
  wind_year: 2019
  solar_year: 2016
  price_year: 2023
  carbon_year: 2023
storage_values:
  CAES:
    cost: 71.8844
    lifetime: 24.2691
    annual_cost: 2.961972219818617
    efficiency: 0.57148
    discharge_ratio: 0.1
    depth_of_discharge: 0.4
  Li-ion:
    cost: 144.835
    lifetime: 20.0499
    annual_cost: 7.223726801629933
    efficiency: 0.94548
    discharge_ratio: 2
    depth_of_discharge: 0.9
  Pb-acid:
    cost: 173.336
    lifetime: 6.46671
    annual_cost: 26.804356465652553
    efficiency: 0.728246
    discharge_ratio: 5
    depth_of_discharge: 0.5
  VRBF:
    cost: 195.126
    lifetime: 18.274
    annual_cost: 10.677793586516362
    efficiency: 0.670744
    discharge_ratio: 0.5
    depth_of_discharge: 1.0
