cost_values:
  wind_capex: 5000.0
  wind_opex: 100
  wind_lifetime: 20
  solar_capex: 1000.0
  solar_opex: 10
  solar_lifetime: 20
  carbon_price: 1.0
timeseries_values:
  load_level: 229033.60141853383
  wind_year: 2019
  solar_year: 2016
  price_year: 2023
  carbon_year: 2023
storage_values:
  CAES:
    cost: 69.2853
    lifetime: 23.243
    annual_cost: 2.9809103816202733
    efficiency: 0.569612
    discharge_ratio: 0.1
    depth_of_discharge: 0.4
  Li-ion:
    cost: 167.612
    lifetime: 20.5893
    annual_cost: 8.140733293506822
    efficiency: 0.95562
    discharge_ratio: 2
    depth_of_discharge: 0.9
  Pb-acid:
    cost: 204.094
    lifetime: 5.53424
    annual_cost: 36.878415103067454
    efficiency: 0.751765
    discharge_ratio: 5
    depth_of_discharge: 0.5
  VRBF:
    cost: 219.039
    lifetime: 16.1838
    annual_cost: 13.534460386312237
    efficiency: 0.680788
    discharge_ratio: 0.5
    depth_of_discharge: 1.0
