cost_values:
  wind_capex: 5000.0
  wind_opex: 100
  wind_lifetime: 20
  solar_capex: 1000.0
  solar_opex: 10
  solar_lifetime: 20
  carbon_price: 1.0
timeseries_values:
  load_level: 229033.60141853383
  wind_year: 2019
  solar_year: 2016
  price_year: 2023
  carbon_year: 2023
storage_values:
  CAES:
    cost: 70.1177
    lifetime: 23.5207
    annual_cost: 2.9811060044981654
    efficiency: 0.560742
    discharge_ratio: 0.1
    depth_of_discharge: 0.4
  Li-ion:
    cost: 151.638
    lifetime: 20.1354
    annual_cost: 7.530915700706219
    efficiency: 0.951732
    discharge_ratio: 2
    depth_of_discharge: 0.9
  Pb-acid:
    cost: 168.413
    lifetime: 6.6434
    annual_cost: 25.350422976186895
    efficiency: 0.732703
    discharge_ratio: 5
    depth_of_discharge: 0.5
  VRBF:
    cost: 196.701
    lifetime: 19.2053
    annual_cost: 10.242016526687944
    efficiency: 0.679533
    discharge_ratio: 0.5
    depth_of_discharge: 1.0
