cost_values:
  wind_capex: 5000.0
  wind_opex: 100
  wind_lifetime: 20
  solar_capex: 1000.0
  solar_opex: 10
  solar_lifetime: 20
  carbon_price: 1.0
timeseries_values:
  load_level: 229033.60141853383
  wind_year: 2019
  solar_year: 2016
  price_year: 2023
  carbon_year: 2023
storage_values:
  CAES:
    cost: 66.8482
    lifetime: 22.4616
    annual_cost: 2.9761103394237276
    efficiency: 0.574387
    discharge_ratio: 0.1
    depth_of_discharge: 0.4
  Li-ion:
    cost: 171.442
    lifetime: 20.8826
    annual_cost: 8.209801461503837
    efficiency: 0.962395
    discharge_ratio: 2
    depth_of_discharge: 0.9
  Pb-acid:
    cost: 185.315
    lifetime: 5.59319
    annual_cost: 33.13225547496152
    efficiency: 0.731149
    discharge_ratio: 5
    depth_of_discharge: 0.5
  VRBF:
    cost: 201.854
    lifetime: 14.8635
    annual_cost: 13.580516029199046
    efficiency: 0.696366
    discharge_ratio: 0.5
    depth_of_discharge: 1.0
