cost_values:
  wind_capex: 5000.0
  wind_opex: 100
  wind_lifetime: 20
  solar_capex: 1000.0
  solar_opex: 10
  solar_lifetime: 20
  carbon_price: 1.0
timeseries_values:
  load_level: 229033.60141853383
  wind_year: 2019
  solar_year: 2016
  price_year: 2023
  carbon_year: 2023
storage_values:
  CAES:
    cost: 70.699
    lifetime: 23.5686
    annual_cost: 2.9997114805291787
    efficiency: 0.571488
    discharge_ratio: 0.1
    depth_of_discharge: 0.4
  Li-ion:
    cost: 175.341
    lifetime: 20.3236
    annual_cost: 8.627457733866049
    efficiency: 0.949279
    discharge_ratio: 2
    depth_of_discharge: 0.9
  Pb-acid:
    cost: 196.295
    lifetime: 6.45876
    annual_cost: 30.392056679610327
    efficiency: 0.734564
    discharge_ratio: 5
    depth_of_discharge: 0.5
  VRBF:
    cost: 205.357
    lifetime: 15.5873
    annual_cost: 13.174635761164538
    efficiency: 0.699778
    discharge_ratio: 0.5
    depth_of_discharge: 1.0
