cost_values:
  wind_capex: 5000.0
  wind_opex: 100
  wind_lifetime: 20
  solar_capex: 1000.0
  solar_opex: 10
  solar_lifetime: 20
  carbon_price: 1.0
timeseries_values:
  load_level: 229033.60141853383
  wind_year: 2019
  solar_year: 2016
  price_year: 2023
  carbon_year: 2023
storage_values:
  CAES:
    cost: 70.0262
    lifetime: 23.6343
    annual_cost: 2.962905607528042
    efficiency: 0.568699
    discharge_ratio: 0.1
    depth_of_discharge: 0.4
  Li-ion:
    cost: 172.639
    lifetime: 21.1567
    annual_cost: 8.160015503363
    efficiency: 0.955516
    discharge_ratio: 2
    depth_of_discharge: 0.9
  Pb-acid:
    cost: 180.035
    lifetime: 6.85051
    annual_cost: 26.280525099591124
    efficiency: 0.75151
    discharge_ratio: 5
    depth_of_discharge: 0.5
  VRBF:
    cost: 172.438
    lifetime: 18.422
    annual_cost: 9.360438606014547
    efficiency: 0.693824
    discharge_ratio: 0.5
    depth_of_discharge: 1.0
