cost_values:
  wind_capex: 5000.0
  wind_opex: 100
  wind_lifetime: 20
  solar_capex: 1000.0
  solar_opex: 10
  solar_lifetime: 20
  carbon_price: 1.0
timeseries_values:
  load_level: 229033.60141853383
  wind_year: 2019
  solar_year: 2016
  price_year: 2023
  carbon_year: 2023
storage_values:
  CAES:
    cost: 63.1242
    lifetime: 23.5082
    annual_cost: 2.6851992070851876
    efficiency: 0.579279
    discharge_ratio: 0.1
    depth_of_discharge: 0.4
  Li-ion:
    cost: 179.257
    lifetime: 19.9294
    annual_cost: 8.994600941322869
    efficiency: 0.962021
    discharge_ratio: 2
    depth_of_discharge: 0.9
  Pb-acid:
    cost: 204.23
    lifetime: 6.84524
    annual_cost: 29.83533082842968
    efficiency: 0.741964
    discharge_ratio: 5
    depth_of_discharge: 0.5
  VRBF:
    cost: 209.304
    lifetime: 18.1174
    annual_cost: 11.552651042644088
    efficiency: 0.697788
    discharge_ratio: 0.5
    depth_of_discharge: 1.0
