cost_values:
  wind_capex: 5000.0
  wind_opex: 100
  wind_lifetime: 20
  solar_capex: 1000.0
  solar_opex: 10
  solar_lifetime: 20
  carbon_price: 1.0
timeseries_values:
  load_level: 229033.60141853383
  wind_year: 2019
  solar_year: 2016
  price_year: 2023
  carbon_year: 2023
storage_values:
  CAES:
    cost: 62.4978
    lifetime: 23.7141
    annual_cost: 2.6354700368135413
    efficiency: 0.573059
    discharge_ratio: 0.1
    depth_of_discharge: 0.4
  Li-ion:
    cost: 191.602
    lifetime: 21.3511
    annual_cost: 8.973870198725125
    efficiency: 0.971016
    discharge_ratio: 2
    depth_of_discharge: 0.9
  Pb-acid:
    cost: 191.173
    lifetime: 6.33012
    annual_cost: 30.200533323222942
    efficiency: 0.741046
    discharge_ratio: 5
    depth_of_discharge: 0.5
  VRBF:
    cost: 223.339
    lifetime: 17.7821
    annual_cost: 12.559765157096182
    efficiency: 0.695176
    discharge_ratio: 0.5
    depth_of_discharge: 1.0
