cost_values:
  wind_capex: 5000.0
  wind_opex: 100
  wind_lifetime: 20
  solar_capex: 1000.0
  solar_opex: 10
  solar_lifetime: 20
  carbon_price: 1.0
timeseries_values:
  load_level: 229033.60141853383
  wind_year: 2019
  solar_year: 2016
  price_year: 2023
  carbon_year: 2023
storage_values:
  CAES:
    cost: 63.079
    lifetime: 23.373
    annual_cost: 2.6987977580969496
    efficiency: 0.567899
    discharge_ratio: 0.1
    depth_of_discharge: 0.4
  Li-ion:
    cost: 184.474
    lifetime: 19.61
    annual_cost: 9.407139214686385
    efficiency: 0.961353
    discharge_ratio: 2
    depth_of_discharge: 0.9
  Pb-acid:
    cost: 178.563
    lifetime: 5.24952
    annual_cost: 34.015109952909974
    efficiency: 0.747659
    discharge_ratio: 5
    depth_of_discharge: 0.5
  VRBF:
    cost: 220.321
    lifetime: 18.9603
    annual_cost: 11.620122044482418
    efficiency: 0.693717
    discharge_ratio: 0.5
    depth_of_discharge: 1.0
