cost_values:
  wind_capex: 5000.0
  wind_opex: 100
  wind_lifetime: 20
  solar_capex: 1000.0
  solar_opex: 10
  solar_lifetime: 20
  carbon_price: 1.0
timeseries_values:
  load_level: 229033.60141853383
  wind_year: 2019
  solar_year: 2016
  price_year: 2023
  carbon_year: 2023
storage_values:
  CAES:
    cost: 64.6107
    lifetime: 23.4395
    annual_cost: 2.7564879796923996
    efficiency: 0.570049
    discharge_ratio: 0.1
    depth_of_discharge: 0.4
  Li-ion:
    cost: 163.326
    lifetime: 21.2715
    annual_cost: 7.67816091954023
    efficiency: 0.957748
    discharge_ratio: 2
    depth_of_discharge: 0.9
  Pb-acid:
    cost: 173.656
    lifetime: 7.99744
    annual_cost: 21.713948463508324
    efficiency: 0.737483
    discharge_ratio: 5
    depth_of_discharge: 0.5
  VRBF:
    cost: 183.732
    lifetime: 18.6834
    annual_cost: 9.833970262371945
    efficiency: 0.700192
    discharge_ratio: 0.5
    depth_of_discharge: 1.0
