cost_values:
  wind_capex: 5000.0
  wind_opex: 100
  wind_lifetime: 20
  solar_capex: 1000.0
  solar_opex: 10
  solar_lifetime: 20
  carbon_price: 1.0
timeseries_values:
  load_level: 229033.60141853383
  wind_year: 2019
  solar_year: 2016
  price_year: 2023
  carbon_year: 2023
storage_values:
  CAES:
    cost: 73.7998
    lifetime: 23.5511
    annual_cost: 3.133603101341339
    efficiency: 0.571147
    discharge_ratio: 0.1
    depth_of_discharge: 0.4
  Li-ion:
    cost: 168.752
    lifetime: 19.2814
    annual_cost: 8.752061572292469
    efficiency: 0.969333
    discharge_ratio: 2
    depth_of_discharge: 0.9
  Pb-acid:
    cost: 178.678
    lifetime: 7.19133
    annual_cost: 24.846307984753864
    efficiency: 0.732233
    discharge_ratio: 5
    depth_of_discharge: 0.5
  VRBF:
    cost: 201.788
    lifetime: 16.9677
    annual_cost: 11.892478061257567
    efficiency: 0.677781
    discharge_ratio: 0.5
    depth_of_discharge: 1.0
