cost_values:
  wind_capex: 5000.0
  wind_opex: 100
  wind_lifetime: 20
  solar_capex: 1000.0
  solar_opex: 10
  solar_lifetime: 20
  carbon_price: 1.0
timeseries_values:
  load_level: 229033.60141853383
  wind_year: 2019
  solar_year: 2016
  price_year: 2023
  carbon_year: 2023
storage_values:
  CAES:
    cost: 70.9136
    lifetime: 24.6635
    annual_cost: 2.875244794939891
    efficiency: 0.572078
    discharge_ratio: 0.1
    depth_of_discharge: 0.4
  Li-ion:
    cost: 159.215
    lifetime: 21.7668
    annual_cost: 7.3145800025727254
    efficiency: 0.963232
    discharge_ratio: 2
    depth_of_discharge: 0.9
  Pb-acid:
    cost: 157.84
    lifetime: 5.65234
    annual_cost: 27.924717904443117
    efficiency: 0.735493
    discharge_ratio: 5
    depth_of_discharge: 0.5
  VRBF:
    cost: 180.917
    lifetime: 16.3678
    annual_cost: 11.053226456823765
    efficiency: 0.684831
    discharge_ratio: 0.5
    depth_of_discharge: 1.0
