cost_values:
  wind_capex: 5000.0
  wind_opex: 100
  wind_lifetime: 20
  solar_capex: 1000.0
  solar_opex: 10
  solar_lifetime: 20
  carbon_price: 1.0
timeseries_values:
  load_level: 229033.60141853383
  wind_year: 2019
  solar_year: 2016
  price_year: 2023
  carbon_year: 2023
storage_values:
  CAES:
    cost: 65.9747
    lifetime: 23.4875
    annual_cost: 2.8089281532730173
    efficiency: 0.586948
    discharge_ratio: 0.1
    depth_of_discharge: 0.4
  Li-ion:
    cost: 185.839
    lifetime: 19.5158
    annual_cost: 9.522489470070406
    efficiency: 0.958856
    discharge_ratio: 2
    depth_of_discharge: 0.9
  Pb-acid:
    cost: 186.124
    lifetime: 6.88404
    annual_cost: 27.037030580879833
    efficiency: 0.726883
    discharge_ratio: 5
    depth_of_discharge: 0.5
  VRBF:
    cost: 214.561
    lifetime: 16.6144
    annual_cost: 12.914158802003083
    efficiency: 0.69639
    discharge_ratio: 0.5
    depth_of_discharge: 1.0
