cost_values:
  wind_capex: 5000.0
  wind_opex: 100
  wind_lifetime: 20
  solar_capex: 1000.0
  solar_opex: 10
  solar_lifetime: 20
  carbon_price: 1.0
timeseries_values:
  load_level: 229033.60141853383
  wind_year: 2019
  solar_year: 2016
  price_year: 2023
  carbon_year: 2023
storage_values:
  CAES:
    cost: 69.2993
    lifetime: 23.472
    annual_cost: 2.9524241649625083
    efficiency: 0.574974
    discharge_ratio: 0.1
    depth_of_discharge: 0.4
  Li-ion:
    cost: 193.465
    lifetime: 20.133
    annual_cost: 9.609347836884718
    efficiency: 0.941199
    discharge_ratio: 2
    depth_of_discharge: 0.9
  Pb-acid:
    cost: 182.328
    lifetime: 6.20647
    annual_cost: 29.377085525266374
    efficiency: 0.745613
    discharge_ratio: 5
    depth_of_discharge: 0.5
  VRBF:
    cost: 215.742
    lifetime: 16.9838
    annual_cost: 12.702810913929746
    efficiency: 0.685716
    discharge_ratio: 0.5
    depth_of_discharge: 1.0
