cost_values:
  wind_capex: 5000.0
  wind_opex: 100
  wind_lifetime: 20
  solar_capex: 1000.0
  solar_opex: 10
  solar_lifetime: 20
  carbon_price: 1.0
timeseries_values:
  load_level: 229033.60141853383
  wind_year: 2019
  solar_year: 2016
  price_year: 2023
  carbon_year: 2023
storage_values:
  CAES:
    cost: 68.644
    lifetime: 24.1398
    annual_cost: 2.843602681049553
    efficiency: 0.560903
    discharge_ratio: 0.1
    depth_of_discharge: 0.4
  Li-ion:
    cost: 191.333
    lifetime: 19.6982
    annual_cost: 9.713222527946716
    efficiency: 0.970037
    discharge_ratio: 2
    depth_of_discharge: 0.9
  Pb-acid:
    cost: 168.566
    lifetime: 6.31182
    annual_cost: 26.706401640097468
    efficiency: 0.742621
    discharge_ratio: 5
    depth_of_discharge: 0.5
  VRBF:
    cost: 211.233
    lifetime: 19.1734
    annual_cost: 11.016981860285604
    efficiency: 0.705121
    discharge_ratio: 0.5
    depth_of_discharge: 1.0
