cost_values:
  wind_capex: 5000.0
  wind_opex: 100
  wind_lifetime: 20
  solar_capex: 1000.0
  solar_opex: 10
  solar_lifetime: 20
  carbon_price: 1.0
timeseries_values:
  load_level: 229033.60141853383
  wind_year: 2019
  solar_year: 2016
  price_year: 2023
  carbon_year: 2023
storage_values:
  CAES:
    cost: 73.0348
    lifetime: 24.7337
    annual_cost: 2.9528457125298684
    efficiency: 0.577824
    discharge_ratio: 0.1
    depth_of_discharge: 0.4
  Li-ion:
    cost: 178.717
    lifetime: 20.1038
    annual_cost: 8.88971239268198
    efficiency: 0.974312
    discharge_ratio: 2
    depth_of_discharge: 0.9
  Pb-acid:
    cost: 183.147
    lifetime: 5.24291
    annual_cost: 34.932318121043465
    efficiency: 0.742121
    discharge_ratio: 5
    depth_of_discharge: 0.5
  VRBF:
    cost: 201.314
    lifetime: 17.6201
    annual_cost: 11.425247302796237
    efficiency: 0.691239
    discharge_ratio: 0.5
    depth_of_discharge: 1.0
