cost_values:
  wind_capex: 5000.0
  wind_opex: 100
  wind_lifetime: 20
  solar_capex: 1000.0
  solar_opex: 10
  solar_lifetime: 20
  carbon_price: 1.0
timeseries_values:
  load_level: 229033.60141853383
  wind_year: 2019
  solar_year: 2016
  price_year: 2023
  carbon_year: 2023
storage_values:
  CAES:
    cost: 72.5318
    lifetime: 23.9546
    annual_cost: 3.027886084509865
    efficiency: 0.568077
    discharge_ratio: 0.1
    depth_of_discharge: 0.4
  Li-ion:
    cost: 143.293
    lifetime: 22.1876
    annual_cost: 6.4582469487461465
    efficiency: 0.951797
    discharge_ratio: 2
    depth_of_discharge: 0.9
  Pb-acid:
    cost: 172.643
    lifetime: 6.08234
    annual_cost: 28.38430604010956
    efficiency: 0.744381
    discharge_ratio: 5
    depth_of_discharge: 0.5
  VRBF:
    cost: 192.578
    lifetime: 18.8995
    annual_cost: 10.189581734966534
    efficiency: 0.682297
    discharge_ratio: 0.5
    depth_of_discharge: 1.0
