cost_values:
  wind_capex: 5000.0
  wind_opex: 100
  wind_lifetime: 20
  solar_capex: 1000.0
  solar_opex: 10
  solar_lifetime: 20
  carbon_price: 1.0
timeseries_values:
  load_level: 229033.60141853383
  wind_year: 2019
  solar_year: 2016
  price_year: 2023
  carbon_year: 2023
storage_values:
  CAES:
    cost: 68.5762
    lifetime: 23.2867
    annual_cost: 2.9448655240974464
    efficiency: 0.56816
    discharge_ratio: 0.1
    depth_of_discharge: 0.4
  Li-ion:
    cost: 194.625
    lifetime: 20.8565
    annual_cost: 9.331623234962722
    efficiency: 0.956297
    discharge_ratio: 2
    depth_of_discharge: 0.9
  Pb-acid:
    cost: 210.863
    lifetime: 6.58682
    annual_cost: 32.012868121491096
    efficiency: 0.7546
    discharge_ratio: 5
    depth_of_discharge: 0.5
  VRBF:
    cost: 211.125
    lifetime: 16.7445
    annual_cost: 12.60861775508376
    efficiency: 0.679643
    discharge_ratio: 0.5
    depth_of_discharge: 1.0
