cost_values:
  wind_capex: 5000.0
  wind_opex: 100
  wind_lifetime: 20
  solar_capex: 1000.0
  solar_opex: 10
  solar_lifetime: 20
  carbon_price: 1.0
timeseries_values:
  load_level: 229033.60141853383
  wind_year: 2019
  solar_year: 2016
  price_year: 2023
  carbon_year: 2023
storage_values:
  CAES:
    cost: 61.1923
    lifetime: 24.3129
    annual_cost: 2.5168655322894433
    efficiency: 0.571845
    discharge_ratio: 0.1
    depth_of_discharge: 0.4
  Li-ion:
    cost: 180.256
    lifetime: 21.0262
    annual_cost: 8.572923305209692
    efficiency: 0.969244
    discharge_ratio: 2
    depth_of_discharge: 0.9
  Pb-acid:
    cost: 173.387
    lifetime: 6.45008
    annual_cost: 26.881372013990525
    efficiency: 0.742115
    discharge_ratio: 5
    depth_of_discharge: 0.5
  VRBF:
    cost: 229.914
    lifetime: 16.8171
    annual_cost: 13.671441568403589
    efficiency: 0.692216
    discharge_ratio: 0.5
    depth_of_discharge: 1.0
