cost_values:
  wind_capex: 5000.0
  wind_opex: 100
  wind_lifetime: 20
  solar_capex: 1000.0
  solar_opex: 10
  solar_lifetime: 20
  carbon_price: 1.0
timeseries_values:
  load_level: 229033.60141853383
  wind_year: 2019
  solar_year: 2016
  price_year: 2023
  carbon_year: 2023
storage_values:
  CAES:
    cost: 66.5074
    lifetime: 23.7647
    annual_cost: 2.7985794055889617
    efficiency: 0.560965
    discharge_ratio: 0.1
    depth_of_discharge: 0.4
  Li-ion:
    cost: 165.669
    lifetime: 19.9759
    annual_cost: 8.293443599537444
    efficiency: 0.956175
    discharge_ratio: 2
    depth_of_discharge: 0.9
  Pb-acid:
    cost: 166.002
    lifetime: 6.72964
    annual_cost: 24.66729275265839
    efficiency: 0.741852
    discharge_ratio: 5
    depth_of_discharge: 0.5
  VRBF:
    cost: 207.757
    lifetime: 16.9443
    annual_cost: 12.261173373936959
    efficiency: 0.697875
    discharge_ratio: 0.5
    depth_of_discharge: 1.0
