cost_values:
  wind_capex: 5000.0
  wind_opex: 100
  wind_lifetime: 20
  solar_capex: 1000.0
  solar_opex: 10
  solar_lifetime: 20
  carbon_price: 1.0
timeseries_values:
  load_level: 229033.60141853383
  wind_year: 2019
  solar_year: 2016
  price_year: 2023
  carbon_year: 2023
storage_values:
  CAES:
    cost: 74.9976
    lifetime: 22.6287
    annual_cost: 3.3142690477137444
    efficiency: 0.561875
    discharge_ratio: 0.1
    depth_of_discharge: 0.4
  Li-ion:
    cost: 163.566
    lifetime: 19.6902
    annual_cost: 8.306975043422616
    efficiency: 0.960441
    discharge_ratio: 2
    depth_of_discharge: 0.9
  Pb-acid:
    cost: 190.59
    lifetime: 6.17137
    annual_cost: 30.88293199078973
    efficiency: 0.736486
    discharge_ratio: 5
    depth_of_discharge: 0.5
  VRBF:
    cost: 174.688
    lifetime: 18.333
    annual_cost: 9.528609611083837
    efficiency: 0.690128
    discharge_ratio: 0.5
    depth_of_discharge: 1.0
