cost_values:
  wind_capex: 5000.0
  wind_opex: 100
  wind_lifetime: 20
  solar_capex: 1000.0
  solar_opex: 10
  solar_lifetime: 20
  carbon_price: 1.0
timeseries_values:
  load_level: 229033.60141853383
  wind_year: 2019
  solar_year: 2016
  price_year: 2023
  carbon_year: 2023
storage_values:
  CAES:
    cost: 74.1314
    lifetime: 24.0204
    annual_cost: 3.0861850760187175
    efficiency: 0.563857
    discharge_ratio: 0.1
    depth_of_discharge: 0.4
  Li-ion:
    cost: 177.645
    lifetime: 20.9294
    annual_cost: 8.487820959989298
    efficiency: 0.96056
    discharge_ratio: 2
    depth_of_discharge: 0.9
  Pb-acid:
    cost: 175.688
    lifetime: 6.20176
    annual_cost: 28.328732488841876
    efficiency: 0.734108
    discharge_ratio: 5
    depth_of_discharge: 0.5
  VRBF:
    cost: 211.523
    lifetime: 18.3714
    annual_cost: 11.51371152987796
    efficiency: 0.706129
    discharge_ratio: 0.5
    depth_of_discharge: 1.0
