cost_values:
  wind_capex: 5000.0
  wind_opex: 100
  wind_lifetime: 20
  solar_capex: 1000.0
  solar_opex: 10
  solar_lifetime: 20
  carbon_price: 1.0
timeseries_values:
  load_level: 229033.60141853383
  wind_year: 2019
  solar_year: 2016
  price_year: 2023
  carbon_year: 2023
storage_values:
  CAES:
    cost: 67.8608
    lifetime: 23.183
    annual_cost: 2.927179398697321
    efficiency: 0.560664
    discharge_ratio: 0.1
    depth_of_discharge: 0.4
  Li-ion:
    cost: 185.256
    lifetime: 20.0276
    annual_cost: 9.250034951766562
    efficiency: 0.951597
    discharge_ratio: 2
    depth_of_discharge: 0.9
  Pb-acid:
    cost: 190.637
    lifetime: 6.03756
    annual_cost: 31.5751727519064
    efficiency: 0.739672
    discharge_ratio: 5
    depth_of_discharge: 0.5
  VRBF:
    cost: 216.18
    lifetime: 15.5318
    annual_cost: 13.918541315237126
    efficiency: 0.717621
    discharge_ratio: 0.5
    depth_of_discharge: 1.0
