cost_values:
  wind_capex: 5000.0
  wind_opex: 100
  wind_lifetime: 20
  solar_capex: 1000.0
  solar_opex: 10
  solar_lifetime: 20
  carbon_price: 1.0
timeseries_values:
  load_level: 229033.60141853383
  wind_year: 2019
  solar_year: 2016
  price_year: 2023
  carbon_year: 2023
storage_values:
  CAES:
    cost: 66.6416
    lifetime: 23.0577
    annual_cost: 2.8902102117730735
    efficiency: 0.579146
    discharge_ratio: 0.1
    depth_of_discharge: 0.4
  Li-ion:
    cost: 171.033
    lifetime: 19.9058
    annual_cost: 8.592118879924444
    efficiency: 0.965477
    discharge_ratio: 2
    depth_of_discharge: 0.9
  Pb-acid:
    cost: 162.707
    lifetime: 5.96229
    annual_cost: 27.28934687846448
    efficiency: 0.726578
    discharge_ratio: 5
    depth_of_discharge: 0.5
  VRBF:
    cost: 232.319
    lifetime: 15.6419
    annual_cost: 14.852351696405167
    efficiency: 0.696912
    discharge_ratio: 0.5
    depth_of_discharge: 1.0
