cost_values:
  wind_capex: 5000.0
  wind_opex: 100
  wind_lifetime: 20
  solar_capex: 1000.0
  solar_opex: 10
  solar_lifetime: 20
  carbon_price: 1.0
timeseries_values:
  load_level: 229033.60141853383
  wind_year: 2019
  solar_year: 2016
  price_year: 2023
  carbon_year: 2023
storage_values:
  CAES:
    cost: 67.6585
    lifetime: 23.4464
    annual_cost: 2.885666882762386
    efficiency: 0.57603
    discharge_ratio: 0.1
    depth_of_discharge: 0.4
  Li-ion:
    cost: 148.349
    lifetime: 19.1371
    annual_cost: 7.751905983665236
    efficiency: 0.961209
    discharge_ratio: 2
    depth_of_discharge: 0.9
  Pb-acid:
    cost: 167.911
    lifetime: 5.89366
    annual_cost: 28.49010631763624
    efficiency: 0.748724
    discharge_ratio: 5
    depth_of_discharge: 0.5
  VRBF:
    cost: 191.027
    lifetime: 16.3181
    annual_cost: 11.706448667430642
    efficiency: 0.70094
    discharge_ratio: 0.5
    depth_of_discharge: 1.0
