cost_values:
  wind_capex: 5000.0
  wind_opex: 100
  wind_lifetime: 20
  solar_capex: 1000.0
  solar_opex: 10
  solar_lifetime: 20
  carbon_price: 1.0
timeseries_values:
  load_level: 229033.60141853383
  wind_year: 2019
  solar_year: 2016
  price_year: 2023
  carbon_year: 2023
storage_values:
  CAES:
    cost: 64.6749
    lifetime: 23.5112
    annual_cost: 2.7508123787811765
    efficiency: 0.571632
    discharge_ratio: 0.1
    depth_of_discharge: 0.4
  Li-ion:
    cost: 162.57
    lifetime: 21.1138
    annual_cost: 7.699703511447488
    efficiency: 0.975576
    discharge_ratio: 2
    depth_of_discharge: 0.9
  Pb-acid:
    cost: 169.151
    lifetime: 5.57694
    annual_cost: 30.33043210075777
    efficiency: 0.75801
    discharge_ratio: 5
    depth_of_discharge: 0.5
  VRBF:
    cost: 238.966
    lifetime: 16.0874
    annual_cost: 14.854233748150728
    efficiency: 0.689528
    discharge_ratio: 0.5
    depth_of_discharge: 1.0
