cost_values:
  wind_capex: 5000.0
  wind_opex: 100
  wind_lifetime: 20
  solar_capex: 1000.0
  solar_opex: 10
  solar_lifetime: 20
  carbon_price: 1.0
timeseries_values:
  load_level: 298476.246754379
  wind_year: 2012
  solar_year: 2012
  price_year: 2023
  carbon_year: 2023
storage_values:
  CAES:
    cost: 34.0516
    lifetime: 24.0833
    annual_cost: 1.4139092234037693
    efficiency: 0.587501
    discharge_ratio: 0.1
    depth_of_discharge: 0.4
  Li-ion:
    cost: 225.748
    lifetime: 19.549
    annual_cost: 11.547802956672976
    efficiency: 0.8882
    discharge_ratio: 2
    depth_of_discharge: 0.9
  Pb-acid:
    cost: 198.559
    lifetime: 10.9133
    annual_cost: 18.19422172944939
    efficiency: 0.68216
    discharge_ratio: 5
    depth_of_discharge: 0.5
  VRBF:
    cost: 344.742
    lifetime: 28.2343
    annual_cost: 12.210042395242667
    efficiency: 0.782705
    discharge_ratio: 0.5
    depth_of_discharge: 1.0
