cost_values:
  wind_capex: 5000.0
  wind_opex: 100
  wind_lifetime: 20
  solar_capex: 1000.0
  solar_opex: 10
  solar_lifetime: 20
  carbon_price: 1.0
timeseries_values:
  load_level: 298476.246754379
  wind_year: 2012
  solar_year: 2012
  price_year: 2023
  carbon_year: 2023
storage_values:
  CAES:
    cost: 34.0669
    lifetime: 24.3256
    annual_cost: 1.400454665044233
    efficiency: 0.598193
    discharge_ratio: 0.1
    depth_of_discharge: 0.4
  Li-ion:
    cost: 216.815
    lifetime: 16.5245
    annual_cost: 13.120820599715573
    efficiency: 0.884851
    discharge_ratio: 2
    depth_of_discharge: 0.9
  Pb-acid:
    cost: 204.686
    lifetime: 9.80995
    annual_cost: 20.865142024169337
    efficiency: 0.676656
    discharge_ratio: 5
    depth_of_discharge: 0.5
  VRBF:
    cost: 353.897
    lifetime: 27.25
    annual_cost: 12.987045871559634
    efficiency: 0.797788
    discharge_ratio: 0.5
    depth_of_discharge: 1.0
