cost_values:
  wind_capex: 5000.0
  wind_opex: 100
  wind_lifetime: 20
  solar_capex: 1000.0
  solar_opex: 10
  solar_lifetime: 20
  carbon_price: 1.0
timeseries_values:
  load_level: 298476.246754379
  wind_year: 2012
  solar_year: 2012
  price_year: 2023
  carbon_year: 2023
storage_values:
  CAES:
    cost: 40.6454
    lifetime: 22.7169
    annual_cost: 1.7892141973596751
    efficiency: 0.594911
    discharge_ratio: 0.1
    depth_of_discharge: 0.4
  Li-ion:
    cost: 201.874
    lifetime: 17.7914
    annual_cost: 11.34671807727329
    efficiency: 0.867803
    discharge_ratio: 2
    depth_of_discharge: 0.9
  Pb-acid:
    cost: 215.142
    lifetime: 8.65636
    annual_cost: 24.85363362891562
    efficiency: 0.692877
    discharge_ratio: 5
    depth_of_discharge: 0.5
  VRBF:
    cost: 335.119
    lifetime: 29.5703
    annual_cost: 11.332959083945717
    efficiency: 0.795346
    discharge_ratio: 0.5
    depth_of_discharge: 1.0
