cost_values:
  wind_capex: 5000.0
  wind_opex: 100
  wind_lifetime: 20
  solar_capex: 1000.0
  solar_opex: 10
  solar_lifetime: 20
  carbon_price: 1.0
timeseries_values:
  load_level: 298476.246754379
  wind_year: 2012
  solar_year: 2012
  price_year: 2023
  carbon_year: 2023
storage_values:
  CAES:
    cost: 36.4314
    lifetime: 23.8827
    annual_cost: 1.525430541772915
    efficiency: 0.5984
    discharge_ratio: 0.1
    depth_of_discharge: 0.4
  Li-ion:
    cost: 240.334
    lifetime: 18.1356
    annual_cost: 13.252056728203092
    efficiency: 0.888604
    discharge_ratio: 2
    depth_of_discharge: 0.9
  Pb-acid:
    cost: 208.504
    lifetime: 9.44447
    annual_cost: 22.076834380330496
    efficiency: 0.678947
    discharge_ratio: 5
    depth_of_discharge: 0.5
  VRBF:
    cost: 305.22
    lifetime: 29.1887
    annual_cost: 10.456786359104722
    efficiency: 0.777923
    discharge_ratio: 0.5
    depth_of_discharge: 1.0
