cost_values:
  wind_capex: 5000.0
  wind_opex: 100
  wind_lifetime: 20
  solar_capex: 1000.0
  solar_opex: 10
  solar_lifetime: 20
  carbon_price: 1.0
timeseries_values:
  load_level: 298476.246754379
  wind_year: 2012
  solar_year: 2012
  price_year: 2023
  carbon_year: 2023
storage_values:
  CAES:
    cost: 34.1769
    lifetime: 23.5948
    annual_cost: 1.448492888263516
    efficiency: 0.593428
    discharge_ratio: 0.1
    depth_of_discharge: 0.4
  Li-ion:
    cost: 225.459
    lifetime: 19.5262
    annual_cost: 11.546486259487253
    efficiency: 0.872931
    discharge_ratio: 2
    depth_of_discharge: 0.9
  Pb-acid:
    cost: 219.319
    lifetime: 9.41007
    annual_cost: 23.30684043795636
    efficiency: 0.671436
    discharge_ratio: 5
    depth_of_discharge: 0.5
  VRBF:
    cost: 321.711
    lifetime: 28.8306
    annual_cost: 11.158664752034298
    efficiency: 0.783675
    discharge_ratio: 0.5
    depth_of_discharge: 1.0
