cost_values:
  wind_capex: 5000.0
  wind_opex: 100
  wind_lifetime: 20
  solar_capex: 1000.0
  solar_opex: 10
  solar_lifetime: 20
  carbon_price: 1.0
timeseries_values:
  load_level: 298476.246754379
  wind_year: 2012
  solar_year: 2012
  price_year: 2023
  carbon_year: 2023
storage_values:
  CAES:
    cost: 31.9515
    lifetime: 23.7487
    annual_cost: 1.3453999587345833
    efficiency: 0.604502
    discharge_ratio: 0.1
    depth_of_discharge: 0.4
  Li-ion:
    cost: 243.095
    lifetime: 18.3075
    annual_cost: 13.278437798716372
    efficiency: 0.863387
    discharge_ratio: 2
    depth_of_discharge: 0.9
  Pb-acid:
    cost: 204.752
    lifetime: 10.7685
    annual_cost: 19.01397594836793
    efficiency: 0.69021
    discharge_ratio: 5
    depth_of_discharge: 0.5
  VRBF:
    cost: 306.779
    lifetime: 28.7687
    annual_cost: 10.663637912036345
    efficiency: 0.778303
    discharge_ratio: 0.5
    depth_of_discharge: 1.0
