cost_values:
  wind_capex: 5000.0
  wind_opex: 100
  wind_lifetime: 20
  solar_capex: 1000.0
  solar_opex: 10
  solar_lifetime: 20
  carbon_price: 1.0
timeseries_values:
  load_level: 298476.246754379
  wind_year: 2012
  solar_year: 2012
  price_year: 2023
  carbon_year: 2023
storage_values:
  CAES:
    cost: 34.8096
    lifetime: 23.5019
    annual_cost: 1.4811398227377364
    efficiency: 0.599091
    discharge_ratio: 0.1
    depth_of_discharge: 0.4
  Li-ion:
    cost: 221.801
    lifetime: 18.8625
    annual_cost: 11.758833664678594
    efficiency: 0.891643
    discharge_ratio: 2
    depth_of_discharge: 0.9
  Pb-acid:
    cost: 214.74
    lifetime: 9.24612
    annual_cost: 23.224877029499943
    efficiency: 0.664104
    discharge_ratio: 5
    depth_of_discharge: 0.5
  VRBF:
    cost: 361.067
    lifetime: 27.2746
    annual_cost: 13.238214309284096
    efficiency: 0.78918
    discharge_ratio: 0.5
    depth_of_discharge: 1.0
