cost_values:
  wind_capex: 5000.0
  wind_opex: 100
  wind_lifetime: 20
  solar_capex: 1000.0
  solar_opex: 10
  solar_lifetime: 20
  carbon_price: 1.0
timeseries_values:
  load_level: 298476.246754379
  wind_year: 2012
  solar_year: 2012
  price_year: 2023
  carbon_year: 2023
storage_values:
  CAES:
    cost: 35.8286
    lifetime: 23.8313
    annual_cost: 1.503426166428185
    efficiency: 0.590934
    discharge_ratio: 0.1
    depth_of_discharge: 0.4
  Li-ion:
    cost: 217.951
    lifetime: 21.1503
    annual_cost: 10.304865652023848
    efficiency: 0.874513
    discharge_ratio: 2
    depth_of_discharge: 0.9
  Pb-acid:
    cost: 192.896
    lifetime: 9.86996
    annual_cost: 19.543746884485852
    efficiency: 0.706609
    discharge_ratio: 5
    depth_of_discharge: 0.5
  VRBF:
    cost: 350.753
    lifetime: 26.4944
    annual_cost: 13.238759888882178
    efficiency: 0.794339
    discharge_ratio: 0.5
    depth_of_discharge: 1.0
