cost_values:
  wind_capex: 5000.0
  wind_opex: 100
  wind_lifetime: 20
  solar_capex: 1000.0
  solar_opex: 10
  solar_lifetime: 20
  carbon_price: 1.0
timeseries_values:
  load_level: 298476.246754379
  wind_year: 2012
  solar_year: 2012
  price_year: 2023
  carbon_year: 2023
storage_values:
  CAES:
    cost: 39.0415
    lifetime: 22.6108
    annual_cost: 1.726674863339643
    efficiency: 0.605506
    discharge_ratio: 0.1
    depth_of_discharge: 0.4
  Li-ion:
    cost: 219.914
    lifetime: 18.5539
    annual_cost: 11.852710211869203
    efficiency: 0.876343
    discharge_ratio: 2
    depth_of_discharge: 0.9
  Pb-acid:
    cost: 232.855
    lifetime: 10.4409
    annual_cost: 22.302196170828186
    efficiency: 0.671151
    discharge_ratio: 5
    depth_of_discharge: 0.5
  VRBF:
    cost: 340.611
    lifetime: 25.5023
    annual_cost: 13.356089450755421
    efficiency: 0.775962
    discharge_ratio: 0.5
    depth_of_discharge: 1.0
