cost_values:
  wind_capex: 5000.0
  wind_opex: 100
  wind_lifetime: 20
  solar_capex: 1000.0
  solar_opex: 10
  solar_lifetime: 20
  carbon_price: 1.0
timeseries_values:
  load_level: 298476.246754379
  wind_year: 2012
  solar_year: 2012
  price_year: 2023
  carbon_year: 2023
storage_values:
  CAES:
    cost: 29.6492
    lifetime: 23.9979
    annual_cost: 1.2354914388342313
    efficiency: 0.603102
    discharge_ratio: 0.1
    depth_of_discharge: 0.4
  Li-ion:
    cost: 232.277
    lifetime: 17.6655
    annual_cost: 13.148623022275054
    efficiency: 0.874111
    discharge_ratio: 2
    depth_of_discharge: 0.9
  Pb-acid:
    cost: 204.842
    lifetime: 9.36524
    annual_cost: 21.872584151607434
    efficiency: 0.675771
    discharge_ratio: 5
    depth_of_discharge: 0.5
  VRBF:
    cost: 316.587
    lifetime: 27.2985
    annual_cost: 11.597230617066872
    efficiency: 0.786147
    discharge_ratio: 0.5
    depth_of_discharge: 1.0
