cost_values:
  wind_capex: 5000.0
  wind_opex: 100
  wind_lifetime: 20
  solar_capex: 1000.0
  solar_opex: 10
  solar_lifetime: 20
  carbon_price: 1.0
timeseries_values:
  load_level: 298476.246754379
  wind_year: 2012
  solar_year: 2012
  price_year: 2023
  carbon_year: 2023
storage_values:
  CAES:
    cost: 32.4137
    lifetime: 22.902
    annual_cost: 1.4153218059558117
    efficiency: 0.588969
    discharge_ratio: 0.1
    depth_of_discharge: 0.4
  Li-ion:
    cost: 217.886
    lifetime: 19.8471
    annual_cost: 10.978228557320715
    efficiency: 0.878579
    discharge_ratio: 2
    depth_of_discharge: 0.9
  Pb-acid:
    cost: 209.867
    lifetime: 9.54175
    annual_cost: 21.99460266722561
    efficiency: 0.677622
    discharge_ratio: 5
    depth_of_discharge: 0.5
  VRBF:
    cost: 307.536
    lifetime: 28.0473
    annual_cost: 10.964905712849365
    efficiency: 0.810454
    discharge_ratio: 0.5
    depth_of_discharge: 1.0
