cost_values:
  wind_capex: 5000.0
  wind_opex: 100
  wind_lifetime: 20
  solar_capex: 1000.0
  solar_opex: 10
  solar_lifetime: 20
  carbon_price: 1.0
timeseries_values:
  load_level: 298476.246754379
  wind_year: 2012
  solar_year: 2012
  price_year: 2023
  carbon_year: 2023
storage_values:
  CAES:
    cost: 40.9454
    lifetime: 22.6435
    annual_cost: 1.8082628568904984
    efficiency: 0.591867
    discharge_ratio: 0.1
    depth_of_discharge: 0.4
  Li-ion:
    cost: 197.561
    lifetime: 19.2646
    annual_cost: 10.255131173240036
    efficiency: 0.865857
    discharge_ratio: 2
    depth_of_discharge: 0.9
  Pb-acid:
    cost: 202.021
    lifetime: 11.1072
    annual_cost: 18.188292278882166
    efficiency: 0.685489
    discharge_ratio: 5
    depth_of_discharge: 0.5
  VRBF:
    cost: 336.571
    lifetime: 27.0233
    annual_cost: 12.454844523059732
    efficiency: 0.796937
    discharge_ratio: 0.5
    depth_of_discharge: 1.0
