cost_values:
  wind_capex: 5000.0
  wind_opex: 100
  wind_lifetime: 20
  solar_capex: 1000.0
  solar_opex: 10
  solar_lifetime: 20
  carbon_price: 1.0
timeseries_values:
  load_level: 298476.246754379
  wind_year: 2012
  solar_year: 2012
  price_year: 2023
  carbon_year: 2023
storage_values:
  CAES:
    cost: 35.7139
    lifetime: 24.2206
    annual_cost: 1.4745258168666342
    efficiency: 0.589814
    discharge_ratio: 0.1
    depth_of_discharge: 0.4
  Li-ion:
    cost: 235.913
    lifetime: 18.5916
    annual_cost: 12.689225241506918
    efficiency: 0.884894
    discharge_ratio: 2
    depth_of_discharge: 0.9
  Pb-acid:
    cost: 211.144
    lifetime: 10.1433
    annual_cost: 20.816105212307633
    efficiency: 0.676733
    discharge_ratio: 5
    depth_of_discharge: 0.5
  VRBF:
    cost: 321.903
    lifetime: 27.1016
    annual_cost: 11.87763822062166
    efficiency: 0.787328
    discharge_ratio: 0.5
    depth_of_discharge: 1.0
