cost_values:
  wind_capex: 5000.0
  wind_opex: 100
  wind_lifetime: 20
  solar_capex: 1000.0
  solar_opex: 10
  solar_lifetime: 20
  carbon_price: 1.0
timeseries_values:
  load_level: 298476.246754379
  wind_year: 2012
  solar_year: 2012
  price_year: 2023
  carbon_year: 2023
storage_values:
  CAES:
    cost: 38.8597
    lifetime: 23.8457
    annual_cost: 1.6296313381448226
    efficiency: 0.605846
    discharge_ratio: 0.1
    depth_of_discharge: 0.4
  Li-ion:
    cost: 210.757
    lifetime: 20.8966
    annual_cost: 10.08570772278744
    efficiency: 0.891056
    discharge_ratio: 2
    depth_of_discharge: 0.9
  Pb-acid:
    cost: 182.444
    lifetime: 8.92396
    annual_cost: 20.44428706538353
    efficiency: 0.685391
    discharge_ratio: 5
    depth_of_discharge: 0.5
  VRBF:
    cost: 345.579
    lifetime: 29.7499
    annual_cost: 11.616139886184492
    efficiency: 0.789826
    discharge_ratio: 0.5
    depth_of_discharge: 1.0
