cost_values:
  wind_capex: 5000.0
  wind_opex: 100
  wind_lifetime: 20
  solar_capex: 1000.0
  solar_opex: 10
  solar_lifetime: 20
  carbon_price: 1.0
timeseries_values:
  load_level: 298476.246754379
  wind_year: 2012
  solar_year: 2012
  price_year: 2023
  carbon_year: 2023
storage_values:
  CAES:
    cost: 33.4632
    lifetime: 22.3485
    annual_cost: 1.4973353916370225
    efficiency: 0.596541
    discharge_ratio: 0.1
    depth_of_discharge: 0.4
  Li-ion:
    cost: 225.501
    lifetime: 19.6944
    annual_cost: 11.450006093102607
    efficiency: 0.873542
    discharge_ratio: 2
    depth_of_discharge: 0.9
  Pb-acid:
    cost: 184.381
    lifetime: 10.6502
    annual_cost: 17.312444836716683
    efficiency: 0.662712
    discharge_ratio: 5
    depth_of_discharge: 0.5
  VRBF:
    cost: 321.48
    lifetime: 28.7569
    annual_cost: 11.179230028271476
    efficiency: 0.778269
    discharge_ratio: 0.5
    depth_of_discharge: 1.0
