cost_values:
  wind_capex: 5000.0
  wind_opex: 100
  wind_lifetime: 20
  solar_capex: 1000.0
  solar_opex: 10
  solar_lifetime: 20
  carbon_price: 1.0
timeseries_values:
  load_level: 298476.246754379
  wind_year: 2012
  solar_year: 2012
  price_year: 2023
  carbon_year: 2023
storage_values:
  CAES:
    cost: 39.725
    lifetime: 23.3094
    annual_cost: 1.7042480715934345
    efficiency: 0.600867
    discharge_ratio: 0.1
    depth_of_discharge: 0.4
  Li-ion:
    cost: 221.704
    lifetime: 19.5193
    annual_cost: 11.358194197537822
    efficiency: 0.887232
    discharge_ratio: 2
    depth_of_discharge: 0.9
  Pb-acid:
    cost: 205.644
    lifetime: 9.77431
    annual_cost: 21.03923448304791
    efficiency: 0.697351
    discharge_ratio: 5
    depth_of_discharge: 0.5
  VRBF:
    cost: 334.463
    lifetime: 29.0038
    annual_cost: 11.531695846751116
    efficiency: 0.780296
    discharge_ratio: 0.5
    depth_of_discharge: 1.0
