cost_values:
  wind_capex: 5000.0
  wind_opex: 100
  wind_lifetime: 20
  solar_capex: 1000.0
  solar_opex: 10
  solar_lifetime: 20
  carbon_price: 1.0
timeseries_values:
  load_level: 298476.246754379
  wind_year: 2012
  solar_year: 2012
  price_year: 2023
  carbon_year: 2023
storage_values:
  CAES:
    cost: 36.6866
    lifetime: 23.5966
    annual_cost: 1.5547409372536722
    efficiency: 0.593974
    discharge_ratio: 0.1
    depth_of_discharge: 0.4
  Li-ion:
    cost: 224.397
    lifetime: 18.9476
    annual_cost: 11.843030251852475
    efficiency: 0.872647
    discharge_ratio: 2
    depth_of_discharge: 0.9
  Pb-acid:
    cost: 196.465
    lifetime: 8.5529
    annual_cost: 22.970571385144222
    efficiency: 0.688369
    discharge_ratio: 5
    depth_of_discharge: 0.5
  VRBF:
    cost: 317.641
    lifetime: 26.0888
    annual_cost: 12.17537793995891
    efficiency: 0.798761
    discharge_ratio: 0.5
    depth_of_discharge: 1.0
