cost_values:
  wind_capex: 5000.0
  wind_opex: 100
  wind_lifetime: 20
  solar_capex: 1000.0
  solar_opex: 10
  solar_lifetime: 20
  carbon_price: 1.0
timeseries_values:
  load_level: 298476.246754379
  wind_year: 2012
  solar_year: 2012
  price_year: 2023
  carbon_year: 2023
storage_values:
  CAES:
    cost: 32.0745
    lifetime: 23.9676
    annual_cost: 1.3382441295749261
    efficiency: 0.601499
    discharge_ratio: 0.1
    depth_of_discharge: 0.4
  Li-ion:
    cost: 228.099
    lifetime: 16.5357
    annual_cost: 13.794335891434896
    efficiency: 0.876162
    discharge_ratio: 2
    depth_of_discharge: 0.9
  Pb-acid:
    cost: 187.957
    lifetime: 10.3334
    annual_cost: 18.189269746646797
    efficiency: 0.676187
    discharge_ratio: 5
    depth_of_discharge: 0.5
  VRBF:
    cost: 299.195
    lifetime: 29.2065
    annual_cost: 10.24412373957852
    efficiency: 0.77948
    discharge_ratio: 0.5
    depth_of_discharge: 1.0
