cost_values:
  wind_capex: 5000.0
  wind_opex: 100
  wind_lifetime: 20
  solar_capex: 1000.0
  solar_opex: 10
  solar_lifetime: 20
  carbon_price: 1.0
timeseries_values:
  load_level: 298476.246754379
  wind_year: 2012
  solar_year: 2012
  price_year: 2023
  carbon_year: 2023
storage_values:
  CAES:
    cost: 37.255
    lifetime: 22.1441
    annual_cost: 1.6823894400765893
    efficiency: 0.588132
    discharge_ratio: 0.1
    depth_of_discharge: 0.4
  Li-ion:
    cost: 220.483
    lifetime: 17.6221
    annual_cost: 12.511732426895774
    efficiency: 0.887191
    discharge_ratio: 2
    depth_of_discharge: 0.9
  Pb-acid:
    cost: 200.563
    lifetime: 10.0895
    annual_cost: 19.8783884236087
    efficiency: 0.676397
    discharge_ratio: 5
    depth_of_discharge: 0.5
  VRBF:
    cost: 326.078
    lifetime: 28.7785
    annual_cost: 11.330611393922545
    efficiency: 0.791
    discharge_ratio: 0.5
    depth_of_discharge: 1.0
