cost_values:
  wind_capex: 5000.0
  wind_opex: 100
  wind_lifetime: 20
  solar_capex: 1000.0
  solar_opex: 10
  solar_lifetime: 20
  carbon_price: 1.0
timeseries_values:
  load_level: 298476.246754379
  wind_year: 2012
  solar_year: 2012
  price_year: 2023
  carbon_year: 2023
storage_values:
  CAES:
    cost: 35.8616
    lifetime: 24.2086
    annual_cost: 1.481357864560528
    efficiency: 0.608885
    discharge_ratio: 0.1
    depth_of_discharge: 0.4
  Li-ion:
    cost: 229.87
    lifetime: 19.046
    annual_cost: 12.069200882074977
    efficiency: 0.888104
    discharge_ratio: 2
    depth_of_discharge: 0.9
  Pb-acid:
    cost: 202.349
    lifetime: 10.3719
    annual_cost: 19.509347371262738
    efficiency: 0.673702
    discharge_ratio: 5
    depth_of_discharge: 0.5
  VRBF:
    cost: 346.953
    lifetime: 28.8514
    annual_cost: 12.025516959315665
    efficiency: 0.776629
    discharge_ratio: 0.5
    depth_of_discharge: 1.0
