cost_values:
  wind_capex: 5000.0
  wind_opex: 100
  wind_lifetime: 20
  solar_capex: 1000.0
  solar_opex: 10
  solar_lifetime: 20
  carbon_price: 1.0
timeseries_values:
  load_level: 298476.246754379
  wind_year: 2012
  solar_year: 2012
  price_year: 2023
  carbon_year: 2023
storage_values:
  CAES:
    cost: 36.3295
    lifetime: 23.5768
    annual_cost: 1.5409003766414444
    efficiency: 0.604427
    discharge_ratio: 0.1
    depth_of_discharge: 0.4
  Li-ion:
    cost: 218.288
    lifetime: 18.6701
    annual_cost: 11.691849534817703
    efficiency: 0.886482
    discharge_ratio: 2
    depth_of_discharge: 0.9
  Pb-acid:
    cost: 188.801
    lifetime: 9.78174
    annual_cost: 19.301371739588255
    efficiency: 0.687956
    discharge_ratio: 5
    depth_of_discharge: 0.5
  VRBF:
    cost: 311.545
    lifetime: 28.1187
    annual_cost: 11.079637394331886
    efficiency: 0.775001
    discharge_ratio: 0.5
    depth_of_discharge: 1.0
