cost_values:
  wind_capex: 5000.0
  wind_opex: 100
  wind_lifetime: 20
  solar_capex: 1000.0
  solar_opex: 10
  solar_lifetime: 20
  carbon_price: 1.0
timeseries_values:
  load_level: 298476.246754379
  wind_year: 2012
  solar_year: 2012
  price_year: 2023
  carbon_year: 2023
storage_values:
  CAES:
    cost: 34.5154
    lifetime: 23.0105
    annual_cost: 1.4999847895525955
    efficiency: 0.598114
    discharge_ratio: 0.1
    depth_of_discharge: 0.4
  Li-ion:
    cost: 243.613
    lifetime: 17.8492
    annual_cost: 13.648398807789706
    efficiency: 0.88042
    discharge_ratio: 2
    depth_of_discharge: 0.9
  Pb-acid:
    cost: 199.529
    lifetime: 9.24769
    annual_cost: 21.576090894050296
    efficiency: 0.682212
    discharge_ratio: 5
    depth_of_discharge: 0.5
  VRBF:
    cost: 341.061
    lifetime: 24.8897
    annual_cost: 13.70289718236861
    efficiency: 0.786428
    discharge_ratio: 0.5
    depth_of_discharge: 1.0
