cost_values:
  wind_capex: 5000.0
  wind_opex: 100
  wind_lifetime: 20
  solar_capex: 1000.0
  solar_opex: 10
  solar_lifetime: 20
  carbon_price: 1.0
timeseries_values:
  load_level: 298476.246754379
  wind_year: 2012
  solar_year: 2012
  price_year: 2023
  carbon_year: 2023
storage_values:
  CAES:
    cost: 32.797
    lifetime: 23.5271
    annual_cost: 1.3940094614295853
    efficiency: 0.590533
    discharge_ratio: 0.1
    depth_of_discharge: 0.4
  Li-ion:
    cost: 225.809
    lifetime: 19.4884
    annual_cost: 11.58684140309107
    efficiency: 0.867786
    discharge_ratio: 2
    depth_of_discharge: 0.9
  Pb-acid:
    cost: 189.578
    lifetime: 9.71334
    annual_cost: 19.51728241778832
    efficiency: 0.696771
    discharge_ratio: 5
    depth_of_discharge: 0.5
  VRBF:
    cost: 314.184
    lifetime: 29.4108
    annual_cost: 10.682606389489576
    efficiency: 0.782329
    discharge_ratio: 0.5
    depth_of_discharge: 1.0
