cost_values:
  wind_capex: 5000.0
  wind_opex: 100
  wind_lifetime: 20
  solar_capex: 1000.0
  solar_opex: 10
  solar_lifetime: 20
  carbon_price: 1.0
timeseries_values:
  load_level: 298476.246754379
  wind_year: 2012
  solar_year: 2012
  price_year: 2023
  carbon_year: 2023
storage_values:
  CAES:
    cost: 32.8993
    lifetime: 23.5029
    annual_cost: 1.399797471801352
    efficiency: 0.59164
    discharge_ratio: 0.1
    depth_of_discharge: 0.4
  Li-ion:
    cost: 201.177
    lifetime: 19.7274
    annual_cost: 10.197846649837283
    efficiency: 0.858546
    discharge_ratio: 2
    depth_of_discharge: 0.9
  Pb-acid:
    cost: 192.991
    lifetime: 9.09129
    annual_cost: 21.228120541749302
    efficiency: 0.687305
    discharge_ratio: 5
    depth_of_discharge: 0.5
  VRBF:
    cost: 341.214
    lifetime: 27.1677
    annual_cost: 12.559546814783731
    efficiency: 0.791773
    discharge_ratio: 0.5
    depth_of_discharge: 1.0
