cost_values:
  wind_capex: 5000.0
  wind_opex: 100
  wind_lifetime: 20
  solar_capex: 1000.0
  solar_opex: 10
  solar_lifetime: 20
  carbon_price: 1.0
timeseries_values:
  load_level: 298476.246754379
  wind_year: 2012
  solar_year: 2012
  price_year: 2023
  carbon_year: 2023
storage_values:
  CAES:
    cost: 38.2147
    lifetime: 23.6053
    annual_cost: 1.6189033818676315
    efficiency: 0.60464
    discharge_ratio: 0.1
    depth_of_discharge: 0.4
  Li-ion:
    cost: 213.523
    lifetime: 18.7468
    annual_cost: 11.389837198881942
    efficiency: 0.893336
    discharge_ratio: 2
    depth_of_discharge: 0.9
  Pb-acid:
    cost: 204.527
    lifetime: 7.88051
    annual_cost: 25.953523312577484
    efficiency: 0.687522
    discharge_ratio: 5
    depth_of_discharge: 0.5
  VRBF:
    cost: 328.45
    lifetime: 28.3915
    annual_cost: 11.56860327915045
    efficiency: 0.787755
    discharge_ratio: 0.5
    depth_of_discharge: 1.0
