cost_values:
  wind_capex: 5000.0
  wind_opex: 100
  wind_lifetime: 20
  solar_capex: 1000.0
  solar_opex: 10
  solar_lifetime: 20
  carbon_price: 1.0
timeseries_values:
  load_level: 298476.246754379
  wind_year: 2012
  solar_year: 2012
  price_year: 2023
  carbon_year: 2023
storage_values:
  CAES:
    cost: 47.9644
    lifetime: 23.8882
    annual_cost: 2.0078699943905356
    efficiency: 0.589252
    discharge_ratio: 0.1
    depth_of_discharge: 0.4
  Li-ion:
    cost: 201.078
    lifetime: 20.4628
    annual_cost: 9.826514455499735
    efficiency: 0.887853
    discharge_ratio: 2
    depth_of_discharge: 0.9
  Pb-acid:
    cost: 183.473
    lifetime: 9.61435
    annual_cost: 19.083245357200436
    efficiency: 0.694856
    discharge_ratio: 5
    depth_of_discharge: 0.5
  VRBF:
    cost: 295.238
    lifetime: 27.1416
    annual_cost: 10.877693282636248
    efficiency: 0.800977
    discharge_ratio: 0.5
    depth_of_discharge: 1.0
