cost_values:
  wind_capex: 5000.0
  wind_opex: 100
  wind_lifetime: 20
  solar_capex: 1000.0
  solar_opex: 10
  solar_lifetime: 20
  carbon_price: 1.0
timeseries_values:
  load_level: 298476.246754379
  wind_year: 2012
  solar_year: 2012
  price_year: 2023
  carbon_year: 2023
storage_values:
  CAES:
    cost: 39.3521
    lifetime: 23.2728
    annual_cost: 1.6909052627960537
    efficiency: 0.602115
    discharge_ratio: 0.1
    depth_of_discharge: 0.4
  Li-ion:
    cost: 225.516
    lifetime: 18.399
    annual_cost: 12.256970487526495
    efficiency: 0.887463
    discharge_ratio: 2
    depth_of_discharge: 0.9
  Pb-acid:
    cost: 220.552
    lifetime: 10.408
    annual_cost: 21.19062259800154
    efficiency: 0.686676
    discharge_ratio: 5
    depth_of_discharge: 0.5
  VRBF:
    cost: 352.213
    lifetime: 27.8111
    annual_cost: 12.664475694956332
    efficiency: 0.787956
    discharge_ratio: 0.5
    depth_of_discharge: 1.0
