cost_values:
  wind_capex: 5000.0
  wind_opex: 100
  wind_lifetime: 20
  solar_capex: 1000.0
  solar_opex: 10
  solar_lifetime: 20
  carbon_price: 1.0
timeseries_values:
  load_level: 298476.246754379
  wind_year: 2012
  solar_year: 2012
  price_year: 2023
  carbon_year: 2023
storage_values:
  CAES:
    cost: 35.1028
    lifetime: 22.8808
    annual_cost: 1.5341596447676655
    efficiency: 0.597055
    discharge_ratio: 0.1
    depth_of_discharge: 0.4
  Li-ion:
    cost: 221.674
    lifetime: 19.1835
    annual_cost: 11.555451299293665
    efficiency: 0.866278
    discharge_ratio: 2
    depth_of_discharge: 0.9
  Pb-acid:
    cost: 207.104
    lifetime: 8.72129
    annual_cost: 23.746945692667026
    efficiency: 0.695917
    discharge_ratio: 5
    depth_of_discharge: 0.5
  VRBF:
    cost: 336.292
    lifetime: 28.4445
    annual_cost: 11.822742533705988
    efficiency: 0.781075
    discharge_ratio: 0.5
    depth_of_discharge: 1.0
