cost_values:
  wind_capex: 5000.0
  wind_opex: 100
  wind_lifetime: 20
  solar_capex: 1000.0
  solar_opex: 10
  solar_lifetime: 20
  carbon_price: 1.0
timeseries_values:
  load_level: 298476.246754379
  wind_year: 2012
  solar_year: 2012
  price_year: 2023
  carbon_year: 2023
storage_values:
  CAES:
    cost: 36.7987
    lifetime: 23.8505
    annual_cost: 1.5428900861617156
    efficiency: 0.599507
    discharge_ratio: 0.1
    depth_of_discharge: 0.4
  Li-ion:
    cost: 201.272
    lifetime: 18.6417
    annual_cost: 10.796869384229979
    efficiency: 0.886296
    discharge_ratio: 2
    depth_of_discharge: 0.9
  Pb-acid:
    cost: 199.17
    lifetime: 10.2533
    annual_cost: 19.424965620824516
    efficiency: 0.667813
    discharge_ratio: 5
    depth_of_discharge: 0.5
  VRBF:
    cost: 342.687
    lifetime: 25.6361
    annual_cost: 13.367360870023132
    efficiency: 0.789599
    discharge_ratio: 0.5
    depth_of_discharge: 1.0
