cost_values:
  wind_capex: 5000.0
  wind_opex: 100
  wind_lifetime: 20
  solar_capex: 1000.0
  solar_opex: 10
  solar_lifetime: 20
  carbon_price: 1.0
timeseries_values:
  load_level: 298476.246754379
  wind_year: 2012
  solar_year: 2012
  price_year: 2023
  carbon_year: 2023
storage_values:
  CAES:
    cost: 43.2418
    lifetime: 24.4299
    annual_cost: 1.7700358986324134
    efficiency: 0.60084
    discharge_ratio: 0.1
    depth_of_discharge: 0.4
  Li-ion:
    cost: 216.905
    lifetime: 16.4471
    annual_cost: 13.188039228800214
    efficiency: 0.869492
    discharge_ratio: 2
    depth_of_discharge: 0.9
  Pb-acid:
    cost: 184.534
    lifetime: 11.1759
    annual_cost: 16.511779811916714
    efficiency: 0.679831
    discharge_ratio: 5
    depth_of_discharge: 0.5
  VRBF:
    cost: 334.728
    lifetime: 29.5666
    annual_cost: 11.321152922554504
    efficiency: 0.818107
    discharge_ratio: 0.5
    depth_of_discharge: 1.0
