cost_values:
  wind_capex: 5000.0
  wind_opex: 100
  wind_lifetime: 20
  solar_capex: 1000.0
  solar_opex: 10
  solar_lifetime: 20
  carbon_price: 1.0
timeseries_values:
  load_level: 298476.246754379
  wind_year: 2012
  solar_year: 2012
  price_year: 2023
  carbon_year: 2023
storage_values:
  CAES:
    cost: 40.7366
    lifetime: 24.8344
    annual_cost: 1.6403295428921176
    efficiency: 0.604866
    discharge_ratio: 0.1
    depth_of_discharge: 0.4
  Li-ion:
    cost: 232.48
    lifetime: 18.1433
    annual_cost: 12.813545496133559
    efficiency: 0.881399
    discharge_ratio: 2
    depth_of_discharge: 0.9
  Pb-acid:
    cost: 202.735
    lifetime: 10.0735
    annual_cost: 20.12557700898397
    efficiency: 0.686906
    discharge_ratio: 5
    depth_of_discharge: 0.5
  VRBF:
    cost: 333.596
    lifetime: 27.871
    annual_cost: 11.969287072584407
    efficiency: 0.797682
    discharge_ratio: 0.5
    depth_of_discharge: 1.0
