cost_values:
  wind_capex: 5000.0
  wind_opex: 100
  wind_lifetime: 20
  solar_capex: 1000.0
  solar_opex: 10
  solar_lifetime: 20
  carbon_price: 1.0
timeseries_values:
  load_level: 298476.246754379
  wind_year: 2012
  solar_year: 2012
  price_year: 2023
  carbon_year: 2023
storage_values:
  CAES:
    cost: 35.8791
    lifetime: 23.5141
    annual_cost: 1.5258546999459899
    efficiency: 0.603867
    discharge_ratio: 0.1
    depth_of_discharge: 0.4
  Li-ion:
    cost: 232.687
    lifetime: 18.5549
    annual_cost: 12.540461010299166
    efficiency: 0.875127
    discharge_ratio: 2
    depth_of_discharge: 0.9
  Pb-acid:
    cost: 204.601
    lifetime: 10.5065
    annual_cost: 19.47375434254985
    efficiency: 0.700799
    discharge_ratio: 5
    depth_of_discharge: 0.5
  VRBF:
    cost: 338.028
    lifetime: 27.6419
    annual_cost: 12.228826527843601
    efficiency: 0.783947
    discharge_ratio: 0.5
    depth_of_discharge: 1.0
