cost_values:
  wind_capex: 5000.0
  wind_opex: 100
  wind_lifetime: 20
  solar_capex: 1000.0
  solar_opex: 10
  solar_lifetime: 20
  carbon_price: 1.0
timeseries_values:
  load_level: 298476.246754379
  wind_year: 2012
  solar_year: 2012
  price_year: 2023
  carbon_year: 2023
storage_values:
  CAES:
    cost: 35.3068
    lifetime: 22.8135
    annual_cost: 1.5476275012602188
    efficiency: 0.590439
    discharge_ratio: 0.1
    depth_of_discharge: 0.4
  Li-ion:
    cost: 197.584
    lifetime: 19.5365
    annual_cost: 10.11358226908607
    efficiency: 0.89268
    discharge_ratio: 2
    depth_of_discharge: 0.9
  Pb-acid:
    cost: 199.4
    lifetime: 8.93688
    annual_cost: 22.312037310560285
    efficiency: 0.688814
    discharge_ratio: 5
    depth_of_discharge: 0.5
  VRBF:
    cost: 332.703
    lifetime: 27.2789
    annual_cost: 12.196349559549688
    efficiency: 0.788653
    discharge_ratio: 0.5
    depth_of_discharge: 1.0
