cost_values:
  wind_capex: 5000.0
  wind_opex: 100
  wind_lifetime: 20
  solar_capex: 1000.0
  solar_opex: 10
  solar_lifetime: 20
  carbon_price: 1.0
timeseries_values:
  load_level: 298476.246754379
  wind_year: 2012
  solar_year: 2012
  price_year: 2023
  carbon_year: 2023
storage_values:
  CAES:
    cost: 31.5368
    lifetime: 22.7853
    annual_cost: 1.3840853532760158
    efficiency: 0.599081
    discharge_ratio: 0.1
    depth_of_discharge: 0.4
  Li-ion:
    cost: 232.246
    lifetime: 18.0282
    annual_cost: 12.882373170921115
    efficiency: 0.87095
    discharge_ratio: 2
    depth_of_discharge: 0.9
  Pb-acid:
    cost: 224.853
    lifetime: 9.54469
    annual_cost: 23.55791544827543
    efficiency: 0.676346
    discharge_ratio: 5
    depth_of_discharge: 0.5
  VRBF:
    cost: 334.912
    lifetime: 28.9635
    annual_cost: 11.56324339254579
    efficiency: 0.788316
    discharge_ratio: 0.5
    depth_of_discharge: 1.0
