cost_values:
  wind_capex: 5000.0
  wind_opex: 100
  wind_lifetime: 20
  solar_capex: 1000.0
  solar_opex: 10
  solar_lifetime: 20
  carbon_price: 1.0
timeseries_values:
  load_level: 298476.246754379
  wind_year: 2012
  solar_year: 2012
  price_year: 2023
  carbon_year: 2023
storage_values:
  CAES:
    cost: 38.2669
    lifetime: 23.9992
    annual_cost: 1.5945073169105637
    efficiency: 0.61424
    discharge_ratio: 0.1
    depth_of_discharge: 0.4
  Li-ion:
    cost: 221.421
    lifetime: 17.7039
    annual_cost: 12.506905258163455
    efficiency: 0.871881
    discharge_ratio: 2
    depth_of_discharge: 0.9
  Pb-acid:
    cost: 196.108
    lifetime: 9.1859
    annual_cost: 21.348806322733754
    efficiency: 0.686462
    discharge_ratio: 5
    depth_of_discharge: 0.5
  VRBF:
    cost: 340.114
    lifetime: 27.6472
    annual_cost: 12.30193292629995
    efficiency: 0.784612
    discharge_ratio: 0.5
    depth_of_discharge: 1.0
