cost_values:
  wind_capex: 5000.0
  wind_opex: 100
  wind_lifetime: 20
  solar_capex: 1000.0
  solar_opex: 10
  solar_lifetime: 20
  carbon_price: 1.0
timeseries_values:
  load_level: 298476.246754379
  wind_year: 2012
  solar_year: 2012
  price_year: 2023
  carbon_year: 2023
storage_values:
  CAES:
    cost: 40.1522
    lifetime: 24.4035
    annual_cost: 1.6453459544737434
    efficiency: 0.604516
    discharge_ratio: 0.1
    depth_of_discharge: 0.4
  Li-ion:
    cost: 219.163
    lifetime: 18.8766
    annual_cost: 11.610300583791574
    efficiency: 0.871651
    discharge_ratio: 2
    depth_of_discharge: 0.9
  Pb-acid:
    cost: 185.278
    lifetime: 9.31376
    annual_cost: 19.89293260723918
    efficiency: 0.681007
    discharge_ratio: 5
    depth_of_discharge: 0.5
  VRBF:
    cost: 344.848
    lifetime: 28.6071
    annual_cost: 12.054629794701317
    efficiency: 0.782608
    discharge_ratio: 0.5
    depth_of_discharge: 1.0
