cost_values:
  wind_capex: 5000.0
  wind_opex: 100
  wind_lifetime: 20
  solar_capex: 1000.0
  solar_opex: 10
  solar_lifetime: 20
  carbon_price: 1.0
timeseries_values:
  load_level: 298476.246754379
  wind_year: 2012
  solar_year: 2012
  price_year: 2023
  carbon_year: 2023
storage_values:
  CAES:
    cost: 36.2266
    lifetime: 23.6668
    annual_cost: 1.5306927848293812
    efficiency: 0.598305
    discharge_ratio: 0.1
    depth_of_discharge: 0.4
  Li-ion:
    cost: 246.166
    lifetime: 18.4177
    annual_cost: 13.365729705663574
    efficiency: 0.884221
    discharge_ratio: 2
    depth_of_discharge: 0.9
  Pb-acid:
    cost: 207.129
    lifetime: 8.72226
    annual_cost: 23.747171031361137
    efficiency: 0.693417
    discharge_ratio: 5
    depth_of_discharge: 0.5
  VRBF:
    cost: 349.921
    lifetime: 28.5754
    annual_cost: 12.24553287093094
    efficiency: 0.770608
    discharge_ratio: 0.5
    depth_of_discharge: 1.0
