cost_values:
  wind_capex: 5000.0
  wind_opex: 100
  wind_lifetime: 20
  solar_capex: 1000.0
  solar_opex: 10
  solar_lifetime: 20
  carbon_price: 1.0
timeseries_values:
  load_level: 298476.246754379
  wind_year: 2012
  solar_year: 2012
  price_year: 2023
  carbon_year: 2023
storage_values:
  CAES:
    cost: 36.0251
    lifetime: 22.9834
    annual_cost: 1.567439978419207
    efficiency: 0.603561
    discharge_ratio: 0.1
    depth_of_discharge: 0.4
  Li-ion:
    cost: 215.686
    lifetime: 17.5076
    annual_cost: 12.319564075030273
    efficiency: 0.876908
    discharge_ratio: 2
    depth_of_discharge: 0.9
  Pb-acid:
    cost: 212.855
    lifetime: 10.2101
    annual_cost: 20.847494147951537
    efficiency: 0.686345
    discharge_ratio: 5
    depth_of_discharge: 0.5
  VRBF:
    cost: 356.399
    lifetime: 28.467
    annual_cost: 12.519724593388837
    efficiency: 0.769599
    discharge_ratio: 0.5
    depth_of_discharge: 1.0
