cost_values:
  wind_capex: 5000.0
  wind_opex: 100
  wind_lifetime: 20
  solar_capex: 1000.0
  solar_opex: 10
  solar_lifetime: 20
  carbon_price: 1.0
timeseries_values:
  load_level: 298476.246754379
  wind_year: 2012
  solar_year: 2012
  price_year: 2023
  carbon_year: 2023
storage_values:
  CAES:
    cost: 33.8795
    lifetime: 22.5285
    annual_cost: 1.5038506780300507
    efficiency: 0.599699
    discharge_ratio: 0.1
    depth_of_discharge: 0.4
  Li-ion:
    cost: 221.044
    lifetime: 21.1193
    annual_cost: 10.466445384079966
    efficiency: 0.886826
    discharge_ratio: 2
    depth_of_discharge: 0.9
  Pb-acid:
    cost: 226.405
    lifetime: 9.91784
    annual_cost: 22.828055302364223
    efficiency: 0.681092
    discharge_ratio: 5
    depth_of_discharge: 0.5
  VRBF:
    cost: 340.616
    lifetime: 28.0849
    annual_cost: 12.128083062428564
    efficiency: 0.80759
    discharge_ratio: 0.5
    depth_of_discharge: 1.0
