cost_values:
  wind_capex: 5000.0
  wind_opex: 100
  wind_lifetime: 20
  solar_capex: 1000.0
  solar_opex: 10
  solar_lifetime: 20
  carbon_price: 1.0
timeseries_values:
  load_level: 298476.246754379
  wind_year: 2012
  solar_year: 2012
  price_year: 2023
  carbon_year: 2023
storage_values:
  CAES:
    cost: 40.2492
    lifetime: 23.3276
    annual_cost: 1.7253896671753632
    efficiency: 0.600432
    discharge_ratio: 0.1
    depth_of_discharge: 0.4
  Li-ion:
    cost: 212.976
    lifetime: 18.1667
    annual_cost: 11.723428030407284
    efficiency: 0.883196
    discharge_ratio: 2
    depth_of_discharge: 0.9
  Pb-acid:
    cost: 193.199
    lifetime: 10.6873
    annual_cost: 18.077437706436612
    efficiency: 0.658915
    discharge_ratio: 5
    depth_of_discharge: 0.5
  VRBF:
    cost: 317.897
    lifetime: 27.0686
    annual_cost: 11.744124188173751
    efficiency: 0.767524
    discharge_ratio: 0.5
    depth_of_discharge: 1.0
