cost_values:
  wind_capex: 5000.0
  wind_opex: 100
  wind_lifetime: 20
  solar_capex: 1000.0
  solar_opex: 10
  solar_lifetime: 20
  carbon_price: 1.0
timeseries_values:
  load_level: 247610.92006336708
  wind_year: 2015
  solar_year: 2017
  price_year: 2023
  carbon_year: 2023
storage_values:
  CAES:
    cost: 38.5448
    lifetime: 27.0265
    annual_cost: 1.4261854106155072
    efficiency: 0.59142
    discharge_ratio: 0.1
    depth_of_discharge: 0.4
  Li-ion:
    cost: 263.327
    lifetime: 20.9916
    annual_cost: 12.5443987118657
    efficiency: 0.943077
    discharge_ratio: 2
    depth_of_discharge: 0.9
  Pb-acid:
    cost: 158.898
    lifetime: 11.9168
    annual_cost: 13.333948711063371
    efficiency: 0.758115
    discharge_ratio: 5
    depth_of_discharge: 0.5
  VRBF:
    cost: 203.71
    lifetime: 16.9389
    annual_cost: 12.026164626982862
    efficiency: 0.68046
    discharge_ratio: 0.5
    depth_of_discharge: 1.0
