cost_values:
  wind_capex: 5000.0
  wind_opex: 100
  wind_lifetime: 20
  solar_capex: 1000.0
  solar_opex: 10
  solar_lifetime: 20
  carbon_price: 1.0
timeseries_values:
  load_level: 247610.92006336708
  wind_year: 2015
  solar_year: 2017
  price_year: 2023
  carbon_year: 2023
storage_values:
  CAES:
    cost: 31.384
    lifetime: 26.1974
    annual_cost: 1.1979814790780765
    efficiency: 0.581276
    discharge_ratio: 0.1
    depth_of_discharge: 0.4
  Li-ion:
    cost: 254.619
    lifetime: 21.5748
    annual_cost: 11.801685299516102
    efficiency: 0.965912
    discharge_ratio: 2
    depth_of_discharge: 0.9
  Pb-acid:
    cost: 163.997
    lifetime: 10.7438
    annual_cost: 15.264338502205925
    efficiency: 0.776183
    discharge_ratio: 5
    depth_of_discharge: 0.5
  VRBF:
    cost: 217.216
    lifetime: 19.6396
    annual_cost: 11.060103057088739
    efficiency: 0.679029
    discharge_ratio: 0.5
    depth_of_discharge: 1.0
