cost_values:
  wind_capex: 5000.0
  wind_opex: 100
  wind_lifetime: 20
  solar_capex: 1000.0
  solar_opex: 10
  solar_lifetime: 20
  carbon_price: 1.0
timeseries_values:
  load_level: 247610.92006336708
  wind_year: 2015
  solar_year: 2017
  price_year: 2023
  carbon_year: 2023
storage_values:
  CAES:
    cost: 30.1755
    lifetime: 25.9235
    annual_cost: 1.1640210619707987
    efficiency: 0.598492
    discharge_ratio: 0.1
    depth_of_discharge: 0.4
  Li-ion:
    cost: 285.049
    lifetime: 21.7366
    annual_cost: 13.113780444043686
    efficiency: 0.970352
    discharge_ratio: 2
    depth_of_discharge: 0.9
  Pb-acid:
    cost: 151.819
    lifetime: 8.92747
    annual_cost: 17.00582583867546
    efficiency: 0.77643
    discharge_ratio: 5
    depth_of_discharge: 0.5
  VRBF:
    cost: 224.098
    lifetime: 15.4492
    annual_cost: 14.505476011702873
    efficiency: 0.6621
    discharge_ratio: 0.5
    depth_of_discharge: 1.0
