cost_values:
  wind_capex: 5000.0
  wind_opex: 100
  wind_lifetime: 20
  solar_capex: 1000.0
  solar_opex: 10
  solar_lifetime: 20
  carbon_price: 1.0
timeseries_values:
  load_level: 247610.92006336708
  wind_year: 2015
  solar_year: 2017
  price_year: 2023
  carbon_year: 2023
storage_values:
  CAES:
    cost: 40.683
    lifetime: 26.3127
    annual_cost: 1.5461355163096149
    efficiency: 0.587941
    discharge_ratio: 0.1
    depth_of_discharge: 0.4
  Li-ion:
    cost: 273.616
    lifetime: 22.3572
    annual_cost: 12.23838405524842
    efficiency: 0.953795
    discharge_ratio: 2
    depth_of_discharge: 0.9
  Pb-acid:
    cost: 145.261
    lifetime: 8.91129
    annual_cost: 16.300782490526064
    efficiency: 0.765591
    discharge_ratio: 5
    depth_of_discharge: 0.5
  VRBF:
    cost: 199.042
    lifetime: 18.6524
    annual_cost: 10.671120070339473
    efficiency: 0.664457
    discharge_ratio: 0.5
    depth_of_discharge: 1.0
