cost_values:
  wind_capex: 5000.0
  wind_opex: 100
  wind_lifetime: 20
  solar_capex: 1000.0
  solar_opex: 10
  solar_lifetime: 20
  carbon_price: 1.0
timeseries_values:
  load_level: 247610.92006336708
  wind_year: 2015
  solar_year: 2017
  price_year: 2023
  carbon_year: 2023
storage_values:
  CAES:
    cost: 33.2735
    lifetime: 26.3578
    annual_cost: 1.2623777401755836
    efficiency: 0.594687
    discharge_ratio: 0.1
    depth_of_discharge: 0.4
  Li-ion:
    cost: 269.529
    lifetime: 22.1926
    annual_cost: 12.144994277371737
    efficiency: 0.958802
    discharge_ratio: 2
    depth_of_discharge: 0.9
  Pb-acid:
    cost: 138.278
    lifetime: 8.08354
    annual_cost: 17.10611934870119
    efficiency: 0.767004
    discharge_ratio: 5
    depth_of_discharge: 0.5
  VRBF:
    cost: 214.986
    lifetime: 15.4815
    annual_cost: 13.886638891580272
    efficiency: 0.689392
    discharge_ratio: 0.5
    depth_of_discharge: 1.0
