cost_values:
  wind_capex: 5000.0
  wind_opex: 100
  wind_lifetime: 20
  solar_capex: 1000.0
  solar_opex: 10
  solar_lifetime: 20
  carbon_price: 1.0
timeseries_values:
  load_level: 247610.92006336708
  wind_year: 2015
  solar_year: 2017
  price_year: 2023
  carbon_year: 2023
storage_values:
  CAES:
    cost: 28.3218
    lifetime: 26.1265
    annual_cost: 1.0840257975618626
    efficiency: 0.587599
    discharge_ratio: 0.1
    depth_of_discharge: 0.4
  Li-ion:
    cost: 297.287
    lifetime: 23.0802
    annual_cost: 12.88060762038457
    efficiency: 0.960994
    discharge_ratio: 2
    depth_of_discharge: 0.9
  Pb-acid:
    cost: 156.894
    lifetime: 11.2988
    annual_cost: 13.88589938754558
    efficiency: 0.762998
    discharge_ratio: 5
    depth_of_discharge: 0.5
  VRBF:
    cost: 243.392
    lifetime: 16.8221
    annual_cost: 14.468585967269247
    efficiency: 0.675648
    discharge_ratio: 0.5
    depth_of_discharge: 1.0
