cost_values:
  wind_capex: 5000.0
  wind_opex: 100
  wind_lifetime: 20
  solar_capex: 1000.0
  solar_opex: 10
  solar_lifetime: 20
  carbon_price: 1.0
timeseries_values:
  load_level: 247610.92006336708
  wind_year: 2015
  solar_year: 2017
  price_year: 2023
  carbon_year: 2023
storage_values:
  CAES:
    cost: 33.6365
    lifetime: 26.1854
    annual_cost: 1.284551696747042
    efficiency: 0.603845
    discharge_ratio: 0.1
    depth_of_discharge: 0.4
  Li-ion:
    cost: 295.284
    lifetime: 22.6082
    annual_cost: 13.060924797197476
    efficiency: 0.959941
    discharge_ratio: 2
    depth_of_discharge: 0.9
  Pb-acid:
    cost: 158.731
    lifetime: 9.90015
    annual_cost: 16.03319141629167
    efficiency: 0.76868
    discharge_ratio: 5
    depth_of_discharge: 0.5
  VRBF:
    cost: 227.444
    lifetime: 19.5394
    annual_cost: 11.64027554582024
    efficiency: 0.695982
    discharge_ratio: 0.5
    depth_of_discharge: 1.0
