cost_values:
  wind_capex: 5000.0
  wind_opex: 100
  wind_lifetime: 20
  solar_capex: 1000.0
  solar_opex: 10
  solar_lifetime: 20
  carbon_price: 1.0
timeseries_values:
  load_level: 247610.92006336708
  wind_year: 2015
  solar_year: 2017
  price_year: 2023
  carbon_year: 2023
storage_values:
  CAES:
    cost: 28.7084
    lifetime: 25.6385
    annual_cost: 1.119737894182577
    efficiency: 0.59404
    discharge_ratio: 0.1
    depth_of_discharge: 0.4
  Li-ion:
    cost: 292.9
    lifetime: 22.9651
    annual_cost: 12.754135623184744
    efficiency: 0.965092
    discharge_ratio: 2
    depth_of_discharge: 0.9
  Pb-acid:
    cost: 140.475
    lifetime: 11.3045
    annual_cost: 12.426467336016628
    efficiency: 0.769481
    discharge_ratio: 5
    depth_of_discharge: 0.5
  VRBF:
    cost: 213.286
    lifetime: 17.9647
    annual_cost: 11.872505524723485
    efficiency: 0.672531
    discharge_ratio: 0.5
    depth_of_discharge: 1.0
