cost_values:
  wind_capex: 5000.0
  wind_opex: 100
  wind_lifetime: 20
  solar_capex: 1000.0
  solar_opex: 10
  solar_lifetime: 20
  carbon_price: 1.0
timeseries_values:
  load_level: 247610.92006336708
  wind_year: 2015
  solar_year: 2017
  price_year: 2023
  carbon_year: 2023
storage_values:
  CAES:
    cost: 34.1648
    lifetime: 26.3139
    annual_cost: 1.2983556219336547
    efficiency: 0.587972
    discharge_ratio: 0.1
    depth_of_discharge: 0.4
  Li-ion:
    cost: 255.824
    lifetime: 23.3453
    annual_cost: 10.958265689453551
    efficiency: 0.954209
    discharge_ratio: 2
    depth_of_discharge: 0.9
  Pb-acid:
    cost: 170.5
    lifetime: 9.84132
    annual_cost: 17.32491169883715
    efficiency: 0.762213
    discharge_ratio: 5
    depth_of_discharge: 0.5
  VRBF:
    cost: 229.923
    lifetime: 16.7131
    annual_cost: 13.757052850757788
    efficiency: 0.663793
    discharge_ratio: 0.5
    depth_of_discharge: 1.0
