cost_values:
  wind_capex: 5000.0
  wind_opex: 100
  wind_lifetime: 20
  solar_capex: 1000.0
  solar_opex: 10
  solar_lifetime: 20
  carbon_price: 1.0
timeseries_values:
  load_level: 247610.92006336708
  wind_year: 2015
  solar_year: 2017
  price_year: 2023
  carbon_year: 2023
storage_values:
  CAES:
    cost: 32.8934
    lifetime: 24.8016
    annual_cost: 1.326261208954261
    efficiency: 0.59496
    discharge_ratio: 0.1
    depth_of_discharge: 0.4
  Li-ion:
    cost: 258.903
    lifetime: 22.0465
    annual_cost: 11.743496700156488
    efficiency: 0.975489
    discharge_ratio: 2
    depth_of_discharge: 0.9
  Pb-acid:
    cost: 174.18
    lifetime: 10.7455
    annual_cost: 16.209576101623938
    efficiency: 0.756828
    discharge_ratio: 5
    depth_of_discharge: 0.5
  VRBF:
    cost: 244.858
    lifetime: 16.9412
    annual_cost: 14.453403536939534
    efficiency: 0.674375
    discharge_ratio: 0.5
    depth_of_discharge: 1.0
