cost_values:
  wind_capex: 5000.0
  wind_opex: 100
  wind_lifetime: 20
  solar_capex: 1000.0
  solar_opex: 10
  solar_lifetime: 20
  carbon_price: 1.0
timeseries_values:
  load_level: 247610.92006336708
  wind_year: 2015
  solar_year: 2017
  price_year: 2023
  carbon_year: 2023
storage_values:
  CAES:
    cost: 30.0157
    lifetime: 25.5802
    annual_cost: 1.173395829586946
    efficiency: 0.598079
    discharge_ratio: 0.1
    depth_of_discharge: 0.4
  Li-ion:
    cost: 293.638
    lifetime: 24.9463
    annual_cost: 11.77080368631821
    efficiency: 0.968475
    discharge_ratio: 2
    depth_of_discharge: 0.9
  Pb-acid:
    cost: 155.112
    lifetime: 9.75578
    annual_cost: 15.899497528644558
    efficiency: 0.780511
    discharge_ratio: 5
    depth_of_discharge: 0.5
  VRBF:
    cost: 224.898
    lifetime: 18.2758
    annual_cost: 12.305781415861412
    efficiency: 0.672603
    discharge_ratio: 0.5
    depth_of_discharge: 1.0
