cost_values:
  wind_capex: 5000.0
  wind_opex: 100
  wind_lifetime: 20
  solar_capex: 1000.0
  solar_opex: 10
  solar_lifetime: 20
  carbon_price: 1.0
timeseries_values:
  load_level: 247610.92006336708
  wind_year: 2015
  solar_year: 2017
  price_year: 2023
  carbon_year: 2023
storage_values:
  CAES:
    cost: 28.2745
    lifetime: 26.1303
    annual_cost: 1.0820579939763417
    efficiency: 0.59432
    discharge_ratio: 0.1
    depth_of_discharge: 0.4
  Li-ion:
    cost: 283.97
    lifetime: 22.2445
    annual_cost: 12.765852233136282
    efficiency: 0.973762
    discharge_ratio: 2
    depth_of_discharge: 0.9
  Pb-acid:
    cost: 114.729
    lifetime: 9.1245
    annual_cost: 12.573730067400954
    efficiency: 0.777325
    discharge_ratio: 5
    depth_of_discharge: 0.5
  VRBF:
    cost: 223.335
    lifetime: 20.0853
    annual_cost: 11.11932607429314
    efficiency: 0.689503
    discharge_ratio: 0.5
    depth_of_discharge: 1.0
