cost_values:
  wind_capex: 5000.0
  wind_opex: 100
  wind_lifetime: 20
  solar_capex: 1000.0
  solar_opex: 10
  solar_lifetime: 20
  carbon_price: 1.0
timeseries_values:
  load_level: 247610.92006336708
  wind_year: 2015
  solar_year: 2017
  price_year: 2023
  carbon_year: 2023
storage_values:
  CAES:
    cost: 32.9021
    lifetime: 25.264
    annual_cost: 1.3023313806206458
    efficiency: 0.602828
    discharge_ratio: 0.1
    depth_of_discharge: 0.4
  Li-ion:
    cost: 286.637
    lifetime: 24.0988
    annual_cost: 11.894243696781583
    efficiency: 0.981816
    discharge_ratio: 2
    depth_of_discharge: 0.9
  Pb-acid:
    cost: 157.919
    lifetime: 9.19028
    annual_cost: 17.183263186758186
    efficiency: 0.763759
    discharge_ratio: 5
    depth_of_discharge: 0.5
  VRBF:
    cost: 200.201
    lifetime: 16.644
    annual_cost: 12.028418649363134
    efficiency: 0.677594
    discharge_ratio: 0.5
    depth_of_discharge: 1.0
