cost_values:
  wind_capex: 5000.0
  wind_opex: 100
  wind_lifetime: 20
  solar_capex: 1000.0
  solar_opex: 10
  solar_lifetime: 20
  carbon_price: 1.0
timeseries_values:
  load_level: 247610.92006336708
  wind_year: 2015
  solar_year: 2017
  price_year: 2023
  carbon_year: 2023
storage_values:
  CAES:
    cost: 36.6607
    lifetime: 26.2136
    annual_cost: 1.3985374004333628
    efficiency: 0.591639
    discharge_ratio: 0.1
    depth_of_discharge: 0.4
  Li-ion:
    cost: 274.112
    lifetime: 21.7196
    annual_cost: 12.620490248439198
    efficiency: 0.961873
    discharge_ratio: 2
    depth_of_discharge: 0.9
  Pb-acid:
    cost: 159.998
    lifetime: 10.4038
    annual_cost: 15.37880389857552
    efficiency: 0.764629
    discharge_ratio: 5
    depth_of_discharge: 0.5
  VRBF:
    cost: 248.37
    lifetime: 17.6813
    annual_cost: 14.047044052190733
    efficiency: 0.662971
    discharge_ratio: 0.5
    depth_of_discharge: 1.0
