cost_values:
  wind_capex: 5000.0
  wind_opex: 100
  wind_lifetime: 20
  solar_capex: 1000.0
  solar_opex: 10
  solar_lifetime: 20
  carbon_price: 1.0
timeseries_values:
  load_level: 247610.92006336708
  wind_year: 2015
  solar_year: 2017
  price_year: 2023
  carbon_year: 2023
storage_values:
  CAES:
    cost: 32.268
    lifetime: 26.6675
    annual_cost: 1.2100121871191525
    efficiency: 0.595124
    discharge_ratio: 0.1
    depth_of_discharge: 0.4
  Li-ion:
    cost: 271.273
    lifetime: 22.9001
    annual_cost: 11.845930803795618
    efficiency: 0.960381
    discharge_ratio: 2
    depth_of_discharge: 0.9
  Pb-acid:
    cost: 149.653
    lifetime: 11.4833
    annual_cost: 13.032229411406128
    efficiency: 0.77247
    discharge_ratio: 5
    depth_of_discharge: 0.5
  VRBF:
    cost: 197.639
    lifetime: 17.5537
    annual_cost: 11.259107766453797
    efficiency: 0.659675
    discharge_ratio: 0.5
    depth_of_discharge: 1.0
