cost_values:
  wind_capex: 5000.0
  wind_opex: 100
  wind_lifetime: 20
  solar_capex: 1000.0
  solar_opex: 10
  solar_lifetime: 20
  carbon_price: 1.0
timeseries_values:
  load_level: 247610.92006336708
  wind_year: 2015
  solar_year: 2017
  price_year: 2023
  carbon_year: 2023
storage_values:
  CAES:
    cost: 30.9941
    lifetime: 26.986
    annual_cost: 1.1485251611946934
    efficiency: 0.602003
    discharge_ratio: 0.1
    depth_of_discharge: 0.4
  Li-ion:
    cost: 267.224
    lifetime: 24.5953
    annual_cost: 10.864840030412314
    efficiency: 0.969745
    discharge_ratio: 2
    depth_of_discharge: 0.9
  Pb-acid:
    cost: 165.135
    lifetime: 11.0732
    annual_cost: 14.913033269515587
    efficiency: 0.775256
    discharge_ratio: 5
    depth_of_discharge: 0.5
  VRBF:
    cost: 194.968
    lifetime: 17.8009
    annual_cost: 10.952704638529513
    efficiency: 0.665311
    discharge_ratio: 0.5
    depth_of_discharge: 1.0
