cost_values:
  wind_capex: 5000.0
  wind_opex: 100
  wind_lifetime: 20
  solar_capex: 1000.0
  solar_opex: 10
  solar_lifetime: 20
  carbon_price: 1.0
timeseries_values:
  load_level: 247610.92006336708
  wind_year: 2015
  solar_year: 2017
  price_year: 2023
  carbon_year: 2023
storage_values:
  CAES:
    cost: 36.1436
    lifetime: 25.692
    annual_cost: 1.4068036742955006
    efficiency: 0.588884
    discharge_ratio: 0.1
    depth_of_discharge: 0.4
  Li-ion:
    cost: 275.88
    lifetime: 21.2645
    annual_cost: 12.973735568670788
    efficiency: 0.974608
    discharge_ratio: 2
    depth_of_discharge: 0.9
  Pb-acid:
    cost: 171.069
    lifetime: 10.418
    annual_cost: 16.420522173161835
    efficiency: 0.772552
    discharge_ratio: 5
    depth_of_discharge: 0.5
  VRBF:
    cost: 224.085
    lifetime: 16.2491
    annual_cost: 13.790609941473683
    efficiency: 0.665831
    discharge_ratio: 0.5
    depth_of_discharge: 1.0
