cost_values:
  wind_capex: 5000.0
  wind_opex: 100
  wind_lifetime: 20
  solar_capex: 1000.0
  solar_opex: 10
  solar_lifetime: 20
  carbon_price: 1.0
timeseries_values:
  load_level: 247610.92006336708
  wind_year: 2015
  solar_year: 2017
  price_year: 2023
  carbon_year: 2023
storage_values:
  CAES:
    cost: 33.1461
    lifetime: 26.0194
    annual_cost: 1.27389947500711
    efficiency: 0.584202
    discharge_ratio: 0.1
    depth_of_discharge: 0.4
  Li-ion:
    cost: 270.545
    lifetime: 20.2158
    annual_cost: 13.38284905865709
    efficiency: 0.955668
    discharge_ratio: 2
    depth_of_discharge: 0.9
  Pb-acid:
    cost: 161.123
    lifetime: 8.76132
    annual_cost: 18.39026539379911
    efficiency: 0.753982
    discharge_ratio: 5
    depth_of_discharge: 0.5
  VRBF:
    cost: 224.736
    lifetime: 18.2759
    annual_cost: 12.296849949934066
    efficiency: 0.680144
    discharge_ratio: 0.5
    depth_of_discharge: 1.0
