cost_values:
  wind_capex: 5000.0
  wind_opex: 100
  wind_lifetime: 20
  solar_capex: 1000.0
  solar_opex: 10
  solar_lifetime: 20
  carbon_price: 1.0
timeseries_values:
  load_level: 247610.92006336708
  wind_year: 2015
  solar_year: 2017
  price_year: 2023
  carbon_year: 2023
storage_values:
  CAES:
    cost: 32.2609
    lifetime: 26.4515
    annual_cost: 1.2196245959586414
    efficiency: 0.580549
    discharge_ratio: 0.1
    depth_of_discharge: 0.4
  Li-ion:
    cost: 270.442
    lifetime: 20.9055
    annual_cost: 12.936404295520317
    efficiency: 0.974879
    discharge_ratio: 2
    depth_of_discharge: 0.9
  Pb-acid:
    cost: 163.003
    lifetime: 8.61906
    annual_cost: 18.911923109944706
    efficiency: 0.773165
    discharge_ratio: 5
    depth_of_discharge: 0.5
  VRBF:
    cost: 191.997
    lifetime: 18.9566
    annual_cost: 10.128240296255658
    efficiency: 0.652786
    discharge_ratio: 0.5
    depth_of_discharge: 1.0
