cost_values:
  wind_capex: 5000.0
  wind_opex: 100
  wind_lifetime: 20
  solar_capex: 1000.0
  solar_opex: 10
  solar_lifetime: 20
  carbon_price: 1.0
timeseries_values:
  load_level: 247610.92006336708
  wind_year: 2015
  solar_year: 2017
  price_year: 2023
  carbon_year: 2023
storage_values:
  CAES:
    cost: 31.4802
    lifetime: 26.9794
    annual_cost: 1.1668235765065198
    efficiency: 0.582697
    discharge_ratio: 0.1
    depth_of_discharge: 0.4
  Li-ion:
    cost: 288.318
    lifetime: 22.2436
    annual_cost: 12.961840709237713
    efficiency: 0.983271
    discharge_ratio: 2
    depth_of_discharge: 0.9
  Pb-acid:
    cost: 167.383
    lifetime: 11.3134
    annual_cost: 14.795110223275056
    efficiency: 0.77313
    discharge_ratio: 5
    depth_of_discharge: 0.5
  VRBF:
    cost: 213.627
    lifetime: 19.0485
    annual_cost: 11.214898810929995
    efficiency: 0.677649
    discharge_ratio: 0.5
    depth_of_discharge: 1.0
