cost_values:
  wind_capex: 5000.0
  wind_opex: 100
  wind_lifetime: 20
  solar_capex: 1000.0
  solar_opex: 10
  solar_lifetime: 20
  carbon_price: 1.0
timeseries_values:
  load_level: 247610.92006336708
  wind_year: 2015
  solar_year: 2017
  price_year: 2023
  carbon_year: 2023
storage_values:
  CAES:
    cost: 26.5197
    lifetime: 25.6382
    annual_cost: 1.03438228892824
    efficiency: 0.593142
    discharge_ratio: 0.1
    depth_of_discharge: 0.4
  Li-ion:
    cost: 258.45
    lifetime: 25.4503
    annual_cost: 10.15508658051182
    efficiency: 0.957539
    discharge_ratio: 2
    depth_of_discharge: 0.9
  Pb-acid:
    cost: 164.384
    lifetime: 11.7862
    annual_cost: 13.947158541344963
    efficiency: 0.78432
    discharge_ratio: 5
    depth_of_discharge: 0.5
  VRBF:
    cost: 241.806
    lifetime: 17.9507
    annual_cost: 13.470561036616957
    efficiency: 0.661461
    discharge_ratio: 0.5
    depth_of_discharge: 1.0
