cost_values:
  wind_capex: 5000.0
  wind_opex: 100
  wind_lifetime: 20
  solar_capex: 1000.0
  solar_opex: 10
  solar_lifetime: 20
  carbon_price: 1.0
timeseries_values:
  load_level: 247610.92006336708
  wind_year: 2015
  solar_year: 2017
  price_year: 2023
  carbon_year: 2023
storage_values:
  CAES:
    cost: 33.1133
    lifetime: 25.8609
    annual_cost: 1.2804388091675079
    efficiency: 0.59087
    discharge_ratio: 0.1
    depth_of_discharge: 0.4
  Li-ion:
    cost: 265.856
    lifetime: 20.7822
    annual_cost: 12.792485877337336
    efficiency: 0.971228
    discharge_ratio: 2
    depth_of_discharge: 0.9
  Pb-acid:
    cost: 152.639
    lifetime: 9.81709
    annual_cost: 15.548293842676394
    efficiency: 0.773624
    discharge_ratio: 5
    depth_of_discharge: 0.5
  VRBF:
    cost: 231.032
    lifetime: 17.4389
    annual_cost: 13.248083308006812
    efficiency: 0.672035
    discharge_ratio: 0.5
    depth_of_discharge: 1.0
