cost_values:
  wind_capex: 5000.0
  wind_opex: 100
  wind_lifetime: 20
  solar_capex: 1000.0
  solar_opex: 10
  solar_lifetime: 20
  carbon_price: 1.0
timeseries_values:
  load_level: 247610.92006336708
  wind_year: 2015
  solar_year: 2017
  price_year: 2023
  carbon_year: 2023
storage_values:
  CAES:
    cost: 35.2943
    lifetime: 26.872
    annual_cost: 1.3134228937183685
    efficiency: 0.592008
    discharge_ratio: 0.1
    depth_of_discharge: 0.4
  Li-ion:
    cost: 270.667
    lifetime: 21.2511
    annual_cost: 12.736611281298378
    efficiency: 0.956757
    discharge_ratio: 2
    depth_of_discharge: 0.9
  Pb-acid:
    cost: 166.954
    lifetime: 9.84234
    annual_cost: 16.96283607353536
    efficiency: 0.776929
    discharge_ratio: 5
    depth_of_discharge: 0.5
  VRBF:
    cost: 200.348
    lifetime: 16.026
    annual_cost: 12.501435167852241
    efficiency: 0.665144
    discharge_ratio: 0.5
    depth_of_discharge: 1.0
