cost_values:
  wind_capex: 5000.0
  wind_opex: 100
  wind_lifetime: 20
  solar_capex: 1000.0
  solar_opex: 10
  solar_lifetime: 20
  carbon_price: 1.0
timeseries_values:
  load_level: 247610.92006336708
  wind_year: 2015
  solar_year: 2017
  price_year: 2023
  carbon_year: 2023
storage_values:
  CAES:
    cost: 30.8248
    lifetime: 25.648
    annual_cost: 1.2018402994385526
    efficiency: 0.586933
    discharge_ratio: 0.1
    depth_of_discharge: 0.4
  Li-ion:
    cost: 258.573
    lifetime: 20.9339
    annual_cost: 12.351879009644641
    efficiency: 0.955939
    discharge_ratio: 2
    depth_of_discharge: 0.9
  Pb-acid:
    cost: 153.831
    lifetime: 11.585
    annual_cost: 13.278463530427274
    efficiency: 0.765405
    discharge_ratio: 5
    depth_of_discharge: 0.5
  VRBF:
    cost: 220.654
    lifetime: 17.9401
    annual_cost: 12.299485510114213
    efficiency: 0.658465
    discharge_ratio: 0.5
    depth_of_discharge: 1.0
