cost_values:
  wind_capex: 5000.0
  wind_opex: 100
  wind_lifetime: 20
  solar_capex: 1000.0
  solar_opex: 10
  solar_lifetime: 20
  carbon_price: 1.0
timeseries_values:
  load_level: 247610.92006336708
  wind_year: 2015
  solar_year: 2017
  price_year: 2023
  carbon_year: 2023
storage_values:
  CAES:
    cost: 38.5968
    lifetime: 26.5934
    annual_cost: 1.4513676325704876
    efficiency: 0.587234
    discharge_ratio: 0.1
    depth_of_discharge: 0.4
  Li-ion:
    cost: 269.108
    lifetime: 22.0427
    annual_cost: 12.20848625622088
    efficiency: 0.970253
    discharge_ratio: 2
    depth_of_discharge: 0.9
  Pb-acid:
    cost: 155.497
    lifetime: 8.9737
    annual_cost: 17.32808094765816
    efficiency: 0.749446
    discharge_ratio: 5
    depth_of_discharge: 0.5
  VRBF:
    cost: 197.429
    lifetime: 18.4619
    annual_cost: 10.693861411880684
    efficiency: 0.668353
    discharge_ratio: 0.5
    depth_of_discharge: 1.0
