cost_values:
  wind_capex: 5000.0
  wind_opex: 100
  wind_lifetime: 20
  solar_capex: 1000.0
  solar_opex: 10
  solar_lifetime: 20
  carbon_price: 1.0
timeseries_values:
  load_level: 247610.92006336708
  wind_year: 2015
  solar_year: 2017
  price_year: 2023
  carbon_year: 2023
storage_values:
  CAES:
    cost: 29.0546
    lifetime: 25.8738
    annual_cost: 1.1229351699402486
    efficiency: 0.606325
    discharge_ratio: 0.1
    depth_of_discharge: 0.4
  Li-ion:
    cost: 269.551
    lifetime: 22.0964
    annual_cost: 12.198864973479843
    efficiency: 0.954063
    discharge_ratio: 2
    depth_of_discharge: 0.9
  Pb-acid:
    cost: 155.451
    lifetime: 9.11839
    annual_cost: 17.048075372955093
    efficiency: 0.763949
    discharge_ratio: 5
    depth_of_discharge: 0.5
  VRBF:
    cost: 205.939
    lifetime: 17.2729
    annual_cost: 11.922664983876476
    efficiency: 0.684866
    discharge_ratio: 0.5
    depth_of_discharge: 1.0
