cost_values:
  wind_capex: 5000.0
  wind_opex: 100
  wind_lifetime: 20
  solar_capex: 1000.0
  solar_opex: 10
  solar_lifetime: 20
  carbon_price: 1.0
timeseries_values:
  load_level: 247610.92006336708
  wind_year: 2015
  solar_year: 2017
  price_year: 2023
  carbon_year: 2023
storage_values:
  CAES:
    cost: 31.5943
    lifetime: 27.1045
    annual_cost: 1.1656477706653876
    efficiency: 0.604865
    discharge_ratio: 0.1
    depth_of_discharge: 0.4
  Li-ion:
    cost: 293.838
    lifetime: 23.4916
    annual_cost: 12.508215702634136
    efficiency: 0.967763
    discharge_ratio: 2
    depth_of_discharge: 0.9
  Pb-acid:
    cost: 143.557
    lifetime: 10.1066
    annual_cost: 14.204282350147427
    efficiency: 0.762809
    discharge_ratio: 5
    depth_of_discharge: 0.5
  VRBF:
    cost: 252.071
    lifetime: 16.4519
    annual_cost: 15.321695366492625
    efficiency: 0.67533
    discharge_ratio: 0.5
    depth_of_discharge: 1.0
