cost_values:
  wind_capex: 5000.0
  wind_opex: 100
  wind_lifetime: 20
  solar_capex: 1000.0
  solar_opex: 10
  solar_lifetime: 20
  carbon_price: 1.0
timeseries_values:
  load_level: 247610.92006336708
  wind_year: 2015
  solar_year: 2017
  price_year: 2023
  carbon_year: 2023
storage_values:
  CAES:
    cost: 37.062
    lifetime: 27.2581
    annual_cost: 1.359669235933539
    efficiency: 0.590752
    discharge_ratio: 0.1
    depth_of_discharge: 0.4
  Li-ion:
    cost: 260.867
    lifetime: 21.5998
    annual_cost: 12.077287752664379
    efficiency: 0.962531
    discharge_ratio: 2
    depth_of_discharge: 0.9
  Pb-acid:
    cost: 140.231
    lifetime: 10.5741
    annual_cost: 13.261743316216037
    efficiency: 0.766767
    discharge_ratio: 5
    depth_of_discharge: 0.5
  VRBF:
    cost: 222.761
    lifetime: 18.1537
    annual_cost: 12.27083184144279
    efficiency: 0.672356
    discharge_ratio: 0.5
    depth_of_discharge: 1.0
