cost_values:
  wind_capex: 5000.0
  wind_opex: 100
  wind_lifetime: 20
  solar_capex: 1000.0
  solar_opex: 10
  solar_lifetime: 20
  carbon_price: 1.0
timeseries_values:
  load_level: 247610.92006336708
  wind_year: 2015
  solar_year: 2017
  price_year: 2023
  carbon_year: 2023
storage_values:
  CAES:
    cost: 28.3157
    lifetime: 26.0931
    annual_cost: 1.085179606869249
    efficiency: 0.604666
    discharge_ratio: 0.1
    depth_of_discharge: 0.4
  Li-ion:
    cost: 280.374
    lifetime: 21.0508
    annual_cost: 13.318923746365936
    efficiency: 0.964623
    discharge_ratio: 2
    depth_of_discharge: 0.9
  Pb-acid:
    cost: 147.631
    lifetime: 11.182
    annual_cost: 13.20255768198891
    efficiency: 0.756315
    discharge_ratio: 5
    depth_of_discharge: 0.5
  VRBF:
    cost: 244.678
    lifetime: 18.8583
    annual_cost: 12.974552319137992
    efficiency: 0.68794
    discharge_ratio: 0.5
    depth_of_discharge: 1.0
