cost_values:
  wind_capex: 5000.0
  wind_opex: 100
  wind_lifetime: 20
  solar_capex: 1000.0
  solar_opex: 10
  solar_lifetime: 20
  carbon_price: 1.0
timeseries_values:
  load_level: 247610.92006336708
  wind_year: 2015
  solar_year: 2017
  price_year: 2023
  carbon_year: 2023
storage_values:
  CAES:
    cost: 32.2743
    lifetime: 27.2495
    annual_cost: 1.1843997137562154
    efficiency: 0.584078
    discharge_ratio: 0.1
    depth_of_discharge: 0.4
  Li-ion:
    cost: 273.735
    lifetime: 22.9589
    annual_cost: 11.922827313155247
    efficiency: 0.975319
    discharge_ratio: 2
    depth_of_discharge: 0.9
  Pb-acid:
    cost: 130.141
    lifetime: 8.84896
    annual_cost: 14.706926011644306
    efficiency: 0.767828
    discharge_ratio: 5
    depth_of_discharge: 0.5
  VRBF:
    cost: 215.846
    lifetime: 16.4975
    annual_cost: 13.08355811486589
    efficiency: 0.66875
    discharge_ratio: 0.5
    depth_of_discharge: 1.0
