cost_values:
  wind_capex: 5000.0
  wind_opex: 100
  wind_lifetime: 20
  solar_capex: 1000.0
  solar_opex: 10
  solar_lifetime: 20
  carbon_price: 1.0
timeseries_values:
  load_level: 247610.92006336708
  wind_year: 2015
  solar_year: 2017
  price_year: 2023
  carbon_year: 2023
storage_values:
  CAES:
    cost: 28.5913
    lifetime: 27.0218
    annual_cost: 1.058082733200601
    efficiency: 0.59615
    discharge_ratio: 0.1
    depth_of_discharge: 0.4
  Li-ion:
    cost: 268.783
    lifetime: 22.3228
    annual_cost: 12.04073861701937
    efficiency: 0.969779
    discharge_ratio: 2
    depth_of_discharge: 0.9
  Pb-acid:
    cost: 162.241
    lifetime: 10.4455
    annual_cost: 15.532143028098227
    efficiency: 0.755864
    discharge_ratio: 5
    depth_of_discharge: 0.5
  VRBF:
    cost: 198.264
    lifetime: 19.2648
    annual_cost: 10.291516133050953
    efficiency: 0.668167
    discharge_ratio: 0.5
    depth_of_discharge: 1.0
