cost_values:
  wind_capex: 5000.0
  wind_opex: 100
  wind_lifetime: 20
  solar_capex: 1000.0
  solar_opex: 10
  solar_lifetime: 20
  carbon_price: 1.0
timeseries_values:
  load_level: 247610.92006336708
  wind_year: 2015
  solar_year: 2017
  price_year: 2023
  carbon_year: 2023
storage_values:
  CAES:
    cost: 33.5443
    lifetime: 26.1759
    annual_cost: 1.28149557417319
    efficiency: 0.580565
    discharge_ratio: 0.1
    depth_of_discharge: 0.4
  Li-ion:
    cost: 264.223
    lifetime: 22.091
    annual_cost: 11.960662713322167
    efficiency: 0.975784
    discharge_ratio: 2
    depth_of_discharge: 0.9
  Pb-acid:
    cost: 162.183
    lifetime: 11.1245
    annual_cost: 14.578902422580791
    efficiency: 0.775079
    discharge_ratio: 5
    depth_of_discharge: 0.5
  VRBF:
    cost: 227.484
    lifetime: 18.4298
    annual_cost: 12.343270138579909
    efficiency: 0.690839
    discharge_ratio: 0.5
    depth_of_discharge: 1.0
