cost_values:
  wind_capex: 5000.0
  wind_opex: 100
  wind_lifetime: 20
  solar_capex: 1000.0
  solar_opex: 10
  solar_lifetime: 20
  carbon_price: 1.0
timeseries_values:
  load_level: 247610.92006336708
  wind_year: 2015
  solar_year: 2017
  price_year: 2023
  carbon_year: 2023
storage_values:
  CAES:
    cost: 27.8812
    lifetime: 26.3992
    annual_cost: 1.0561380647898422
    efficiency: 0.592937
    discharge_ratio: 0.1
    depth_of_discharge: 0.4
  Li-ion:
    cost: 263.483
    lifetime: 22.4844
    annual_cost: 11.718480368611125
    efficiency: 0.963133
    discharge_ratio: 2
    depth_of_discharge: 0.9
  Pb-acid:
    cost: 144.456
    lifetime: 10.3837
    annual_cost: 13.911804077544613
    efficiency: 0.762587
    discharge_ratio: 5
    depth_of_discharge: 0.5
  VRBF:
    cost: 226.938
    lifetime: 19.1875
    annual_cost: 11.827387622149837
    efficiency: 0.677445
    discharge_ratio: 0.5
    depth_of_discharge: 1.0
