cost_values:
  wind_capex: 5000.0
  wind_opex: 100
  wind_lifetime: 20
  solar_capex: 1000.0
  solar_opex: 10
  solar_lifetime: 20
  carbon_price: 1.0
timeseries_values:
  load_level: 247610.92006336708
  wind_year: 2015
  solar_year: 2017
  price_year: 2023
  carbon_year: 2023
storage_values:
  CAES:
    cost: 31.1568
    lifetime: 25.5709
    annual_cost: 1.2184475321556925
    efficiency: 0.597477
    discharge_ratio: 0.1
    depth_of_discharge: 0.4
  Li-ion:
    cost: 277.561
    lifetime: 21.0209
    annual_cost: 13.204049303312416
    efficiency: 0.978804
    discharge_ratio: 2
    depth_of_discharge: 0.9
  Pb-acid:
    cost: 163.674
    lifetime: 8.48332
    annual_cost: 19.293625608841822
    efficiency: 0.768132
    discharge_ratio: 5
    depth_of_discharge: 0.5
  VRBF:
    cost: 231.129
    lifetime: 16.3103
    annual_cost: 14.170738735645571
    efficiency: 0.681539
    discharge_ratio: 0.5
    depth_of_discharge: 1.0
