cost_values:
  wind_capex: 5000.0
  wind_opex: 100
  wind_lifetime: 20
  solar_capex: 1000.0
  solar_opex: 10
  solar_lifetime: 20
  carbon_price: 1.0
timeseries_values:
  load_level: 247610.92006336708
  wind_year: 2015
  solar_year: 2017
  price_year: 2023
  carbon_year: 2023
storage_values:
  CAES:
    cost: 34.4567
    lifetime: 26.0581
    annual_cost: 1.3223028540070074
    efficiency: 0.582596
    discharge_ratio: 0.1
    depth_of_discharge: 0.4
  Li-ion:
    cost: 257.848
    lifetime: 23.1694
    annual_cost: 11.128816456187904
    efficiency: 0.965985
    discharge_ratio: 2
    depth_of_discharge: 0.9
  Pb-acid:
    cost: 149.053
    lifetime: 9.72277
    annual_cost: 15.330301961272353
    efficiency: 0.751003
    discharge_ratio: 5
    depth_of_discharge: 0.5
  VRBF:
    cost: 191.579
    lifetime: 16.7525
    annual_cost: 11.43584539620952
    efficiency: 0.698042
    discharge_ratio: 0.5
    depth_of_discharge: 1.0
