cost_values:
  wind_capex: 5000.0
  wind_opex: 100
  wind_lifetime: 20
  solar_capex: 1000.0
  solar_opex: 10
  solar_lifetime: 20
  carbon_price: 1.0
timeseries_values:
  load_level: 247610.92006336708
  wind_year: 2015
  solar_year: 2017
  price_year: 2023
  carbon_year: 2023
storage_values:
  CAES:
    cost: 34.6536
    lifetime: 25.8703
    annual_cost: 1.3395128777014567
    efficiency: 0.591742
    discharge_ratio: 0.1
    depth_of_discharge: 0.4
  Li-ion:
    cost: 277.632
    lifetime: 25.621
    annual_cost: 10.836111002693103
    efficiency: 0.965748
    discharge_ratio: 2
    depth_of_discharge: 0.9
  Pb-acid:
    cost: 145.831
    lifetime: 11.0608
    annual_cost: 13.184489367857658
    efficiency: 0.770757
    discharge_ratio: 5
    depth_of_discharge: 0.5
  VRBF:
    cost: 219.833
    lifetime: 18.7365
    annual_cost: 11.732874336188722
    efficiency: 0.668978
    discharge_ratio: 0.5
    depth_of_discharge: 1.0
