cost_values:
  wind_capex: 5000.0
  wind_opex: 100
  wind_lifetime: 20
  solar_capex: 1000.0
  solar_opex: 10
  solar_lifetime: 20
  carbon_price: 1.0
timeseries_values:
  load_level: 247610.92006336708
  wind_year: 2015
  solar_year: 2017
  price_year: 2023
  carbon_year: 2023
storage_values:
  CAES:
    cost: 36.0665
    lifetime: 26.6239
    annual_cost: 1.354666296072326
    efficiency: 0.586124
    discharge_ratio: 0.1
    depth_of_discharge: 0.4
  Li-ion:
    cost: 267.486
    lifetime: 22.0408
    annual_cost: 12.135947878479909
    efficiency: 0.9738
    discharge_ratio: 2
    depth_of_discharge: 0.9
  Pb-acid:
    cost: 161.553
    lifetime: 10.5291
    annual_cost: 15.343476650425963
    efficiency: 0.777359
    discharge_ratio: 5
    depth_of_discharge: 0.5
  VRBF:
    cost: 219.487
    lifetime: 17.6497
    annual_cost: 12.435735451594079
    efficiency: 0.654383
    discharge_ratio: 0.5
    depth_of_discharge: 1.0
