cost_values:
  wind_capex: 5000.0
  wind_opex: 100
  wind_lifetime: 20
  solar_capex: 1000.0
  solar_opex: 10
  solar_lifetime: 20
  carbon_price: 1.0
timeseries_values:
  load_level: 247610.92006336708
  wind_year: 2015
  solar_year: 2017
  price_year: 2023
  carbon_year: 2023
storage_values:
  CAES:
    cost: 29.3553
    lifetime: 26.483
    annual_cost: 1.108458256239852
    efficiency: 0.595107
    discharge_ratio: 0.1
    depth_of_discharge: 0.4
  Li-ion:
    cost: 280.738
    lifetime: 21.6711
    annual_cost: 12.954487774040082
    efficiency: 0.958448
    discharge_ratio: 2
    depth_of_discharge: 0.9
  Pb-acid:
    cost: 164.233
    lifetime: 11.54
    annual_cost: 14.231629116117853
    efficiency: 0.762678
    discharge_ratio: 5
    depth_of_discharge: 0.5
  VRBF:
    cost: 229.468
    lifetime: 15.4098
    annual_cost: 14.891043362016378
    efficiency: 0.693608
    discharge_ratio: 0.5
    depth_of_discharge: 1.0
