cost_values:
  wind_capex: 5000.0
  wind_opex: 100
  wind_lifetime: 20
  solar_capex: 1000.0
  solar_opex: 10
  solar_lifetime: 20
  carbon_price: 1.0
timeseries_values:
  load_level: 247610.92006336708
  wind_year: 2015
  solar_year: 2017
  price_year: 2023
  carbon_year: 2023
storage_values:
  CAES:
    cost: 35.476
    lifetime: 26.2262
    annual_cost: 1.3526931084182994
    efficiency: 0.599004
    discharge_ratio: 0.1
    depth_of_discharge: 0.4
  Li-ion:
    cost: 256.367
    lifetime: 21.1287
    annual_cost: 12.13359080303095
    efficiency: 0.977561
    discharge_ratio: 2
    depth_of_discharge: 0.9
  Pb-acid:
    cost: 142.965
    lifetime: 9.44679
    annual_cost: 15.133712086327737
    efficiency: 0.770146
    discharge_ratio: 5
    depth_of_discharge: 0.5
  VRBF:
    cost: 184.629
    lifetime: 18.3779
    annual_cost: 10.04625120389163
    efficiency: 0.680164
    discharge_ratio: 0.5
    depth_of_discharge: 1.0
