cost_values:
  wind_capex: 5000.0
  wind_opex: 100
  wind_lifetime: 20
  solar_capex: 1000.0
  solar_opex: 10
  solar_lifetime: 20
  carbon_price: 1.0
timeseries_values:
  load_level: 247610.92006336708
  wind_year: 2015
  solar_year: 2017
  price_year: 2023
  carbon_year: 2023
storage_values:
  CAES:
    cost: 33.5463
    lifetime: 26.8165
    annual_cost: 1.2509574329237596
    efficiency: 0.590572
    discharge_ratio: 0.1
    depth_of_discharge: 0.4
  Li-ion:
    cost: 278.582
    lifetime: 22.299
    annual_cost: 12.493026593120767
    efficiency: 0.963867
    discharge_ratio: 2
    depth_of_discharge: 0.9
  Pb-acid:
    cost: 145.284
    lifetime: 8.64631
    annual_cost: 16.80300613787847
    efficiency: 0.753656
    discharge_ratio: 5
    depth_of_discharge: 0.5
  VRBF:
    cost: 209.438
    lifetime: 17.3825
    annual_cost: 12.048784697252984
    efficiency: 0.655262
    discharge_ratio: 0.5
    depth_of_discharge: 1.0
