cost_values:
  wind_capex: 5000.0
  wind_opex: 100
  wind_lifetime: 20
  solar_capex: 1000.0
  solar_opex: 10
  solar_lifetime: 20
  carbon_price: 1.0
timeseries_values:
  load_level: 247610.92006336708
  wind_year: 2015
  solar_year: 2017
  price_year: 2023
  carbon_year: 2023
storage_values:
  CAES:
    cost: 31.2025
    lifetime: 25.757
    annual_cost: 1.2114182552315875
    efficiency: 0.590705
    discharge_ratio: 0.1
    depth_of_discharge: 0.4
  Li-ion:
    cost: 278.636
    lifetime: 22.5282
    annual_cost: 12.36832059374473
    efficiency: 0.975038
    discharge_ratio: 2
    depth_of_discharge: 0.9
  Pb-acid:
    cost: 158.219
    lifetime: 10.423
    annual_cost: 15.179794684831622
    efficiency: 0.759917
    discharge_ratio: 5
    depth_of_discharge: 0.5
  VRBF:
    cost: 235.139
    lifetime: 16.4693
    annual_cost: 14.277413126240946
    efficiency: 0.664606
    discharge_ratio: 0.5
    depth_of_discharge: 1.0
