cost_values:
  wind_capex: 5000.0
  wind_opex: 100
  wind_lifetime: 20
  solar_capex: 1000.0
  solar_opex: 10
  solar_lifetime: 20
  carbon_price: 1.0
timeseries_values:
  load_level: 266250.1223757509
  wind_year: 2015
  solar_year: 2013
  price_year: 2023
  carbon_year: 2023
storage_values:
  CAES:
    cost: 49.2606
    lifetime: 26.1417
    annual_cost: 1.8843686523829741
    efficiency: 0.646705
    discharge_ratio: 0.1
    depth_of_discharge: 0.4
  Li-ion:
    cost: 163.802
    lifetime: 23.2554
    annual_cost: 7.043611376282497
    efficiency: 0.952954
    discharge_ratio: 2
    depth_of_discharge: 0.9
  Pb-acid:
    cost: 144.334
    lifetime: 5.53627
    annual_cost: 26.070621555668346
    efficiency: 0.660523
    discharge_ratio: 5
    depth_of_discharge: 0.5
  VRBF:
    cost: 340.081
    lifetime: 25.8989
    annual_cost: 13.131098231971242
    efficiency: 0.73972
    discharge_ratio: 0.5
    depth_of_discharge: 1.0
