cost_values:
  wind_capex: 5000.0
  wind_opex: 100
  wind_lifetime: 20
  solar_capex: 1000.0
  solar_opex: 10
  solar_lifetime: 20
  carbon_price: 1.0
timeseries_values:
  load_level: 266250.1223757509
  wind_year: 2015
  solar_year: 2013
  price_year: 2023
  carbon_year: 2023
storage_values:
  CAES:
    cost: 52.3541
    lifetime: 24.999
    annual_cost: 2.0942477699107966
    efficiency: 0.637253
    discharge_ratio: 0.1
    depth_of_discharge: 0.4
  Li-ion:
    cost: 149.362
    lifetime: 21.9995
    annual_cost: 6.789336121275483
    efficiency: 0.938115
    discharge_ratio: 2
    depth_of_discharge: 0.9
  Pb-acid:
    cost: 150.398
    lifetime: 5.89804
    annual_cost: 25.499657513343415
    efficiency: 0.662005
    discharge_ratio: 5
    depth_of_discharge: 0.5
  VRBF:
    cost: 325.155
    lifetime: 27.2879
    annual_cost: 11.91572088727971
    efficiency: 0.735148
    discharge_ratio: 0.5
    depth_of_discharge: 1.0
