cost_values:
  wind_capex: 5000.0
  wind_opex: 100
  wind_lifetime: 20
  solar_capex: 1000.0
  solar_opex: 10
  solar_lifetime: 20
  carbon_price: 1.0
timeseries_values:
  load_level: 266250.1223757509
  wind_year: 2015
  solar_year: 2013
  price_year: 2023
  carbon_year: 2023
storage_values:
  CAES:
    cost: 47.7656
    lifetime: 25.5749
    annual_cost: 1.8676749469206135
    efficiency: 0.641451
    discharge_ratio: 0.1
    depth_of_discharge: 0.4
  Li-ion:
    cost: 152.956
    lifetime: 24.2978
    annual_cost: 6.295055519429742
    efficiency: 0.946223
    discharge_ratio: 2
    depth_of_discharge: 0.9
  Pb-acid:
    cost: 115.801
    lifetime: 6.892
    annual_cost: 16.802234474753337
    efficiency: 0.667869
    discharge_ratio: 5
    depth_of_discharge: 0.5
  VRBF:
    cost: 311.582
    lifetime: 28.218
    annual_cost: 11.041959033241193
    efficiency: 0.76305
    discharge_ratio: 0.5
    depth_of_discharge: 1.0
