cost_values:
  wind_capex: 5000.0
  wind_opex: 100
  wind_lifetime: 20
  solar_capex: 1000.0
  solar_opex: 10
  solar_lifetime: 20
  carbon_price: 1.0
timeseries_values:
  load_level: 266250.1223757509
  wind_year: 2015
  solar_year: 2013
  price_year: 2023
  carbon_year: 2023
storage_values:
  CAES:
    cost: 45.0765
    lifetime: 23.8783
    annual_cost: 1.8877600164165793
    efficiency: 0.639388
    discharge_ratio: 0.1
    depth_of_discharge: 0.4
  Li-ion:
    cost: 148.85
    lifetime: 22.7347
    annual_cost: 6.547260355315882
    efficiency: 0.940857
    discharge_ratio: 2
    depth_of_discharge: 0.9
  Pb-acid:
    cost: 122.53
    lifetime: 5.4476
    annual_cost: 22.492473749908214
    efficiency: 0.665389
    discharge_ratio: 5
    depth_of_discharge: 0.5
  VRBF:
    cost: 321.71
    lifetime: 28.7767
    annual_cost: 11.179530661959154
    efficiency: 0.749359
    discharge_ratio: 0.5
    depth_of_discharge: 1.0
