cost_values:
  wind_capex: 5000.0
  wind_opex: 100
  wind_lifetime: 20
  solar_capex: 1000.0
  solar_opex: 10
  solar_lifetime: 20
  carbon_price: 1.0
timeseries_values:
  load_level: 266250.1223757509
  wind_year: 2015
  solar_year: 2013
  price_year: 2023
  carbon_year: 2023
storage_values:
  CAES:
    cost: 45.4099
    lifetime: 24.9538
    annual_cost: 1.8197589144739479
    efficiency: 0.634088
    discharge_ratio: 0.1
    depth_of_discharge: 0.4
  Li-ion:
    cost: 140.146
    lifetime: 24.283
    annual_cost: 5.7713626817114845
    efficiency: 0.937017
    discharge_ratio: 2
    depth_of_discharge: 0.9
  Pb-acid:
    cost: 132.368
    lifetime: 6.63805
    annual_cost: 19.940795866255904
    efficiency: 0.666403
    discharge_ratio: 5
    depth_of_discharge: 0.5
  VRBF:
    cost: 306.027
    lifetime: 25.7286
    annual_cost: 11.89442876798582
    efficiency: 0.744607
    discharge_ratio: 0.5
    depth_of_discharge: 1.0
