cost_values:
  wind_capex: 5000.0
  wind_opex: 100
  wind_lifetime: 20
  solar_capex: 1000.0
  solar_opex: 10
  solar_lifetime: 20
  carbon_price: 1.0
timeseries_values:
  load_level: 266250.1223757509
  wind_year: 2015
  solar_year: 2013
  price_year: 2023
  carbon_year: 2023
storage_values:
  CAES:
    cost: 46.8558
    lifetime: 25.1543
    annual_cost: 1.8627351983557485
    efficiency: 0.645311
    discharge_ratio: 0.1
    depth_of_discharge: 0.4
  Li-ion:
    cost: 137.567
    lifetime: 22.6231
    annual_cost: 6.080820046766358
    efficiency: 0.929447
    discharge_ratio: 2
    depth_of_discharge: 0.9
  Pb-acid:
    cost: 142.943
    lifetime: 5.45942
    annual_cost: 26.182817955020866
    efficiency: 0.663986
    discharge_ratio: 5
    depth_of_discharge: 0.5
  VRBF:
    cost: 347.333
    lifetime: 28.0722
    annual_cost: 12.372845733501473
    efficiency: 0.769595
    discharge_ratio: 0.5
    depth_of_discharge: 1.0
