cost_values:
  wind_capex: 5000.0
  wind_opex: 100
  wind_lifetime: 20
  solar_capex: 1000.0
  solar_opex: 10
  solar_lifetime: 20
  carbon_price: 1.0
timeseries_values:
  load_level: 266250.1223757509
  wind_year: 2015
  solar_year: 2013
  price_year: 2023
  carbon_year: 2023
storage_values:
  CAES:
    cost: 42.0881
    lifetime: 25.7368
    annual_cost: 1.635327624257872
    efficiency: 0.646788
    discharge_ratio: 0.1
    depth_of_discharge: 0.4
  Li-ion:
    cost: 179.523
    lifetime: 23.2075
    annual_cost: 7.735559625121189
    efficiency: 0.934317
    discharge_ratio: 2
    depth_of_discharge: 0.9
  Pb-acid:
    cost: 130.66
    lifetime: 6.05285
    annual_cost: 21.586525355824115
    efficiency: 0.652046
    discharge_ratio: 5
    depth_of_discharge: 0.5
  VRBF:
    cost: 306.049
    lifetime: 26.7907
    annual_cost: 11.423703001414669
    efficiency: 0.768077
    discharge_ratio: 0.5
    depth_of_discharge: 1.0
