cost_values:
  wind_capex: 5000.0
  wind_opex: 100
  wind_lifetime: 20
  solar_capex: 1000.0
  solar_opex: 10
  solar_lifetime: 20
  carbon_price: 1.0
timeseries_values:
  load_level: 266250.1223757509
  wind_year: 2015
  solar_year: 2013
  price_year: 2023
  carbon_year: 2023
storage_values:
  CAES:
    cost: 36.6716
    lifetime: 26.8818
    annual_cost: 1.3641794820287332
    efficiency: 0.642903
    discharge_ratio: 0.1
    depth_of_discharge: 0.4
  Li-ion:
    cost: 156.651
    lifetime: 23.2737
    annual_cost: 6.730816329161242
    efficiency: 0.941378
    discharge_ratio: 2
    depth_of_discharge: 0.9
  Pb-acid:
    cost: 128.164
    lifetime: 6.22074
    annual_cost: 20.60269357021833
    efficiency: 0.663928
    discharge_ratio: 5
    depth_of_discharge: 0.5
  VRBF:
    cost: 324.657
    lifetime: 26.5567
    annual_cost: 12.225050552214695
    efficiency: 0.725787
    discharge_ratio: 0.5
    depth_of_discharge: 1.0
