cost_values:
  wind_capex: 5000.0
  wind_opex: 100
  wind_lifetime: 20
  solar_capex: 1000.0
  solar_opex: 10
  solar_lifetime: 20
  carbon_price: 1.0
timeseries_values:
  load_level: 266250.1223757509
  wind_year: 2015
  solar_year: 2013
  price_year: 2023
  carbon_year: 2023
storage_values:
  CAES:
    cost: 52.3058
    lifetime: 25.0284
    annual_cost: 2.089857921401288
    efficiency: 0.642956
    discharge_ratio: 0.1
    depth_of_discharge: 0.4
  Li-ion:
    cost: 167.129
    lifetime: 23.3294
    annual_cost: 7.163879053897657
    efficiency: 0.938032
    discharge_ratio: 2
    depth_of_discharge: 0.9
  Pb-acid:
    cost: 122.433
    lifetime: 7.13783
    annual_cost: 17.15269206467512
    efficiency: 0.677699
    discharge_ratio: 5
    depth_of_discharge: 0.5
  VRBF:
    cost: 320.729
    lifetime: 26.1958
    annual_cost: 12.243527588392032
    efficiency: 0.742935
    discharge_ratio: 0.5
    depth_of_discharge: 1.0
