cost_values:
  wind_capex: 5000.0
  wind_opex: 100
  wind_lifetime: 20
  solar_capex: 1000.0
  solar_opex: 10
  solar_lifetime: 20
  carbon_price: 1.0
timeseries_values:
  load_level: 266250.1223757509
  wind_year: 2015
  solar_year: 2013
  price_year: 2023
  carbon_year: 2023
storage_values:
  CAES:
    cost: 45.4733
    lifetime: 26.253
    annual_cost: 1.7321182341065784
    efficiency: 0.647824
    discharge_ratio: 0.1
    depth_of_discharge: 0.4
  Li-ion:
    cost: 163.082
    lifetime: 23.0979
    annual_cost: 7.060468700617805
    efficiency: 0.93678
    discharge_ratio: 2
    depth_of_discharge: 0.9
  Pb-acid:
    cost: 140.658
    lifetime: 5.9131
    annual_cost: 23.78752261926908
    efficiency: 0.660013
    discharge_ratio: 5
    depth_of_discharge: 0.5
  VRBF:
    cost: 308.792
    lifetime: 25.4258
    annual_cost: 12.144829267908975
    efficiency: 0.749369
    discharge_ratio: 0.5
    depth_of_discharge: 1.0
