cost_values:
  wind_capex: 5000.0
  wind_opex: 100
  wind_lifetime: 20
  solar_capex: 1000.0
  solar_opex: 10
  solar_lifetime: 20
  carbon_price: 1.0
timeseries_values:
  load_level: 266250.1223757509
  wind_year: 2015
  solar_year: 2013
  price_year: 2023
  carbon_year: 2023
storage_values:
  CAES:
    cost: 51.5003
    lifetime: 26.1724
    annual_cost: 1.9677331845761186
    efficiency: 0.646145
    discharge_ratio: 0.1
    depth_of_discharge: 0.4
  Li-ion:
    cost: 151.367
    lifetime: 23.7517
    annual_cost: 6.372891203577007
    efficiency: 0.940919
    discharge_ratio: 2
    depth_of_discharge: 0.9
  Pb-acid:
    cost: 132.432
    lifetime: 5.92934
    annual_cost: 22.335032229556745
    efficiency: 0.661119
    discharge_ratio: 5
    depth_of_discharge: 0.5
  VRBF:
    cost: 338.613
    lifetime: 25.153
    annual_cost: 13.462131753667554
    efficiency: 0.745219
    discharge_ratio: 0.5
    depth_of_discharge: 1.0
