cost_values:
  wind_capex: 5000.0
  wind_opex: 100
  wind_lifetime: 20
  solar_capex: 1000.0
  solar_opex: 10
  solar_lifetime: 20
  carbon_price: 1.0
timeseries_values:
  load_level: 266250.1223757509
  wind_year: 2015
  solar_year: 2013
  price_year: 2023
  carbon_year: 2023
storage_values:
  CAES:
    cost: 48.5286
    lifetime: 24.4712
    annual_cost: 1.9830903265879891
    efficiency: 0.644069
    discharge_ratio: 0.1
    depth_of_discharge: 0.4
  Li-ion:
    cost: 152.476
    lifetime: 24.8882
    annual_cost: 6.126437428178815
    efficiency: 0.932234
    discharge_ratio: 2
    depth_of_discharge: 0.9
  Pb-acid:
    cost: 143.099
    lifetime: 5.88991
    annual_cost: 24.295617420300136
    efficiency: 0.664336
    discharge_ratio: 5
    depth_of_discharge: 0.5
  VRBF:
    cost: 339.322
    lifetime: 26.9852
    annual_cost: 12.574374101359265
    efficiency: 0.735629
    discharge_ratio: 0.5
    depth_of_discharge: 1.0
