cost_values:
  wind_capex: 5000.0
  wind_opex: 100
  wind_lifetime: 20
  solar_capex: 1000.0
  solar_opex: 10
  solar_lifetime: 20
  carbon_price: 1.0
timeseries_values:
  load_level: 266250.1223757509
  wind_year: 2015
  solar_year: 2013
  price_year: 2023
  carbon_year: 2023
storage_values:
  CAES:
    cost: 46.7825
    lifetime: 24.9225
    annual_cost: 1.877119069114254
    efficiency: 0.644097
    discharge_ratio: 0.1
    depth_of_discharge: 0.4
  Li-ion:
    cost: 171.173
    lifetime: 24.9581
    annual_cost: 6.858414703042299
    efficiency: 0.927028
    discharge_ratio: 2
    depth_of_discharge: 0.9
  Pb-acid:
    cost: 135.113
    lifetime: 6.10881
    annual_cost: 22.117728330067557
    efficiency: 0.682776
    discharge_ratio: 5
    depth_of_discharge: 0.5
  VRBF:
    cost: 327.491
    lifetime: 26.654
    annual_cost: 12.286748705635176
    efficiency: 0.780489
    discharge_ratio: 0.5
    depth_of_discharge: 1.0
