cost_values:
  wind_capex: 5000.0
  wind_opex: 100
  wind_lifetime: 20
  solar_capex: 1000.0
  solar_opex: 10
  solar_lifetime: 20
  carbon_price: 1.0
timeseries_values:
  load_level: 266250.1223757509
  wind_year: 2015
  solar_year: 2013
  price_year: 2023
  carbon_year: 2023
storage_values:
  CAES:
    cost: 42.5372
    lifetime: 26.1665
    annual_cost: 1.6256358320753634
    efficiency: 0.648997
    discharge_ratio: 0.1
    depth_of_discharge: 0.4
  Li-ion:
    cost: 144.16
    lifetime: 23.9672
    annual_cost: 6.0148870122500755
    efficiency: 0.937729
    discharge_ratio: 2
    depth_of_discharge: 0.9
  Pb-acid:
    cost: 117.826
    lifetime: 6.537
    annual_cost: 18.024476059354445
    efficiency: 0.673845
    discharge_ratio: 5
    depth_of_discharge: 0.5
  VRBF:
    cost: 317.844
    lifetime: 29.228
    annual_cost: 10.874640755439989
    efficiency: 0.743587
    discharge_ratio: 0.5
    depth_of_discharge: 1.0
