cost_values:
  wind_capex: 5000.0
  wind_opex: 100
  wind_lifetime: 20
  solar_capex: 1000.0
  solar_opex: 10
  solar_lifetime: 20
  carbon_price: 1.0
timeseries_values:
  load_level: 266250.1223757509
  wind_year: 2015
  solar_year: 2013
  price_year: 2023
  carbon_year: 2023
storage_values:
  CAES:
    cost: 44.4656
    lifetime: 25.713
    annual_cost: 1.7293042429899272
    efficiency: 0.636255
    discharge_ratio: 0.1
    depth_of_discharge: 0.4
  Li-ion:
    cost: 139.225
    lifetime: 23.6244
    annual_cost: 5.893271363505527
    efficiency: 0.93482
    discharge_ratio: 2
    depth_of_discharge: 0.9
  Pb-acid:
    cost: 150.391
    lifetime: 6.40692
    annual_cost: 23.4732133380782
    efficiency: 0.684708
    discharge_ratio: 5
    depth_of_discharge: 0.5
  VRBF:
    cost: 321.525
    lifetime: 25.512
    annual_cost: 12.602892756349952
    efficiency: 0.758924
    discharge_ratio: 0.5
    depth_of_discharge: 1.0
