cost_values:
  wind_capex: 5000.0
  wind_opex: 100
  wind_lifetime: 20
  solar_capex: 1000.0
  solar_opex: 10
  solar_lifetime: 20
  carbon_price: 1.0
timeseries_values:
  load_level: 266250.1223757509
  wind_year: 2015
  solar_year: 2013
  price_year: 2023
  carbon_year: 2023
storage_values:
  CAES:
    cost: 50.1631
    lifetime: 25.9643
    annual_cost: 1.9320027884441329
    efficiency: 0.646986
    discharge_ratio: 0.1
    depth_of_discharge: 0.4
  Li-ion:
    cost: 145.258
    lifetime: 24.5009
    annual_cost: 5.9286801709324966
    efficiency: 0.932965
    discharge_ratio: 2
    depth_of_discharge: 0.9
  Pb-acid:
    cost: 130.406
    lifetime: 6.20085
    annual_cost: 21.030342614319007
    efficiency: 0.677171
    discharge_ratio: 5
    depth_of_discharge: 0.5
  VRBF:
    cost: 336.154
    lifetime: 26.2408
    annual_cost: 12.810356391573427
    efficiency: 0.746246
    discharge_ratio: 0.5
    depth_of_discharge: 1.0
