cost_values:
  wind_capex: 5000.0
  wind_opex: 100
  wind_lifetime: 20
  solar_capex: 1000.0
  solar_opex: 10
  solar_lifetime: 20
  carbon_price: 1.0
timeseries_values:
  load_level: 266250.1223757509
  wind_year: 2015
  solar_year: 2013
  price_year: 2023
  carbon_year: 2023
storage_values:
  CAES:
    cost: 39.3703
    lifetime: 26.4113
    annual_cost: 1.490661194261547
    efficiency: 0.640978
    discharge_ratio: 0.1
    depth_of_discharge: 0.4
  Li-ion:
    cost: 118.467
    lifetime: 21.7435
    annual_cost: 5.4483868742382775
    efficiency: 0.936139
    discharge_ratio: 2
    depth_of_discharge: 0.9
  Pb-acid:
    cost: 144.77
    lifetime: 6.70827
    annual_cost: 21.58082486244591
    efficiency: 0.6614
    discharge_ratio: 5
    depth_of_discharge: 0.5
  VRBF:
    cost: 357.539
    lifetime: 25.1178
    annual_cost: 14.23448709679988
    efficiency: 0.748546
    discharge_ratio: 0.5
    depth_of_discharge: 1.0
