cost_values:
  wind_capex: 5000.0
  wind_opex: 100
  wind_lifetime: 20
  solar_capex: 1000.0
  solar_opex: 10
  solar_lifetime: 20
  carbon_price: 1.0
timeseries_values:
  load_level: 266250.1223757509
  wind_year: 2015
  solar_year: 2013
  price_year: 2023
  carbon_year: 2023
storage_values:
  CAES:
    cost: 42.1329
    lifetime: 25.7168
    annual_cost: 1.6383414732781685
    efficiency: 0.640593
    discharge_ratio: 0.1
    depth_of_discharge: 0.4
  Li-ion:
    cost: 160.447
    lifetime: 24.945
    annual_cost: 6.43203046702746
    efficiency: 0.932896
    discharge_ratio: 2
    depth_of_discharge: 0.9
  Pb-acid:
    cost: 138.683
    lifetime: 6.43432
    annual_cost: 21.55363736960549
    efficiency: 0.674107
    discharge_ratio: 5
    depth_of_discharge: 0.5
  VRBF:
    cost: 282.453
    lifetime: 27.6362
    annual_cost: 10.22039933131183
    efficiency: 0.736327
    discharge_ratio: 0.5
    depth_of_discharge: 1.0
