cost_values:
  wind_capex: 5000.0
  wind_opex: 100
  wind_lifetime: 20
  solar_capex: 1000.0
  solar_opex: 10
  solar_lifetime: 20
  carbon_price: 1.0
timeseries_values:
  load_level: 266250.1223757509
  wind_year: 2015
  solar_year: 2013
  price_year: 2023
  carbon_year: 2023
storage_values:
  CAES:
    cost: 50.4906
    lifetime: 24.7521
    annual_cost: 2.0398511641436485
    efficiency: 0.642885
    discharge_ratio: 0.1
    depth_of_discharge: 0.4
  Li-ion:
    cost: 130.148
    lifetime: 23.5181
    annual_cost: 5.53395044667724
    efficiency: 0.940514
    discharge_ratio: 2
    depth_of_discharge: 0.9
  Pb-acid:
    cost: 123.401
    lifetime: 6.69125
    annual_cost: 18.442144591817673
    efficiency: 0.662252
    discharge_ratio: 5
    depth_of_discharge: 0.5
  VRBF:
    cost: 271.375
    lifetime: 26.5962
    annual_cost: 10.203525315646596
    efficiency: 0.757234
    discharge_ratio: 0.5
    depth_of_discharge: 1.0
