cost_values:
  wind_capex: 5000.0
  wind_opex: 100
  wind_lifetime: 20
  solar_capex: 1000.0
  solar_opex: 10
  solar_lifetime: 20
  carbon_price: 1.0
timeseries_values:
  load_level: 266250.1223757509
  wind_year: 2015
  solar_year: 2013
  price_year: 2023
  carbon_year: 2023
storage_values:
  CAES:
    cost: 44.6367
    lifetime: 25.8122
    annual_cost: 1.7292869263371582
    efficiency: 0.647704
    discharge_ratio: 0.1
    depth_of_discharge: 0.4
  Li-ion:
    cost: 140.199
    lifetime: 23.5521
    annual_cost: 5.952717592061855
    efficiency: 0.936339
    discharge_ratio: 2
    depth_of_discharge: 0.9
  Pb-acid:
    cost: 113.949
    lifetime: 7.80334
    annual_cost: 14.602593248532038
    efficiency: 0.653639
    discharge_ratio: 5
    depth_of_discharge: 0.5
  VRBF:
    cost: 319.974
    lifetime: 26.7498
    annual_cost: 11.96173429334051
    efficiency: 0.737721
    discharge_ratio: 0.5
    depth_of_discharge: 1.0
