cost_values:
  wind_capex: 5000.0
  wind_opex: 100
  wind_lifetime: 20
  solar_capex: 1000.0
  solar_opex: 10
  solar_lifetime: 20
  carbon_price: 1.0
timeseries_values:
  load_level: 266250.1223757509
  wind_year: 2015
  solar_year: 2013
  price_year: 2023
  carbon_year: 2023
storage_values:
  CAES:
    cost: 44.1023
    lifetime: 26.4375
    annual_cost: 1.6681721040189126
    efficiency: 0.637974
    discharge_ratio: 0.1
    depth_of_discharge: 0.4
  Li-ion:
    cost: 150.049
    lifetime: 22.2645
    annual_cost: 6.7393833232275595
    efficiency: 0.938177
    discharge_ratio: 2
    depth_of_discharge: 0.9
  Pb-acid:
    cost: 146.414
    lifetime: 7.31949
    annual_cost: 20.003306241281837
    efficiency: 0.66219
    discharge_ratio: 5
    depth_of_discharge: 0.5
  VRBF:
    cost: 290.531
    lifetime: 28.0708
    annual_cost: 10.349936588910898
    efficiency: 0.763359
    discharge_ratio: 0.5
    depth_of_discharge: 1.0
