cost_values:
  wind_capex: 5000.0
  wind_opex: 100
  wind_lifetime: 20
  solar_capex: 1000.0
  solar_opex: 10
  solar_lifetime: 20
  carbon_price: 1.0
timeseries_values:
  load_level: 266250.1223757509
  wind_year: 2015
  solar_year: 2013
  price_year: 2023
  carbon_year: 2023
storage_values:
  CAES:
    cost: 51.3471
    lifetime: 26.002
    annual_cost: 1.9747365587262518
    efficiency: 0.646896
    discharge_ratio: 0.1
    depth_of_discharge: 0.4
  Li-ion:
    cost: 145.995
    lifetime: 23.495
    annual_cost: 6.21387529261545
    efficiency: 0.942413
    discharge_ratio: 2
    depth_of_discharge: 0.9
  Pb-acid:
    cost: 136.538
    lifetime: 7.10874
    annual_cost: 19.20706060427024
    efficiency: 0.675709
    discharge_ratio: 5
    depth_of_discharge: 0.5
  VRBF:
    cost: 297.487
    lifetime: 25.1739
    annual_cost: 11.81727900722574
    efficiency: 0.745373
    discharge_ratio: 0.5
    depth_of_discharge: 1.0
