cost_values:
  wind_capex: 5000.0
  wind_opex: 100
  wind_lifetime: 20
  solar_capex: 1000.0
  solar_opex: 10
  solar_lifetime: 20
  carbon_price: 1.0
timeseries_values:
  load_level: 266250.1223757509
  wind_year: 2015
  solar_year: 2013
  price_year: 2023
  carbon_year: 2023
storage_values:
  CAES:
    cost: 35.8403
    lifetime: 25.4137
    annual_cost: 1.410274773055478
    efficiency: 0.643965
    discharge_ratio: 0.1
    depth_of_discharge: 0.4
  Li-ion:
    cost: 126.209
    lifetime: 24.0448
    annual_cost: 5.248910367314347
    efficiency: 0.937736
    discharge_ratio: 2
    depth_of_discharge: 0.9
  Pb-acid:
    cost: 115.407
    lifetime: 8.12078
    annual_cost: 14.211319602304211
    efficiency: 0.660736
    discharge_ratio: 5
    depth_of_discharge: 0.5
  VRBF:
    cost: 331.195
    lifetime: 27.0408
    annual_cost: 12.247973432738675
    efficiency: 0.739694
    discharge_ratio: 0.5
    depth_of_discharge: 1.0
