cost_values:
  wind_capex: 5000.0
  wind_opex: 100
  wind_lifetime: 20
  solar_capex: 1000.0
  solar_opex: 10
  solar_lifetime: 20
  carbon_price: 1.0
timeseries_values:
  load_level: 266250.1223757509
  wind_year: 2015
  solar_year: 2013
  price_year: 2023
  carbon_year: 2023
storage_values:
  CAES:
    cost: 39.5666
    lifetime: 25.6527
    annual_cost: 1.5423951474893483
    efficiency: 0.642458
    discharge_ratio: 0.1
    depth_of_discharge: 0.4
  Li-ion:
    cost: 129.976
    lifetime: 26.1064
    annual_cost: 4.9787025403732414
    efficiency: 0.920869
    discharge_ratio: 2
    depth_of_discharge: 0.9
  Pb-acid:
    cost: 140.905
    lifetime: 5.45856
    annual_cost: 25.81358453511549
    efficiency: 0.682863
    discharge_ratio: 5
    depth_of_discharge: 0.5
  VRBF:
    cost: 309.032
    lifetime: 25.7165
    annual_cost: 12.01687632453872
    efficiency: 0.764273
    discharge_ratio: 0.5
    depth_of_discharge: 1.0
