cost_values:
  wind_capex: 5000.0
  wind_opex: 100
  wind_lifetime: 20
  solar_capex: 1000.0
  solar_opex: 10
  solar_lifetime: 20
  carbon_price: 1.0
timeseries_values:
  load_level: 266250.1223757509
  wind_year: 2015
  solar_year: 2013
  price_year: 2023
  carbon_year: 2023
storage_values:
  CAES:
    cost: 45.9893
    lifetime: 25.583
    annual_cost: 1.7976507837235665
    efficiency: 0.647132
    discharge_ratio: 0.1
    depth_of_discharge: 0.4
  Li-ion:
    cost: 145.345
    lifetime: 21.2106
    annual_cost: 6.852469991419385
    efficiency: 0.939603
    discharge_ratio: 2
    depth_of_discharge: 0.9
  Pb-acid:
    cost: 120.765
    lifetime: 5.53584
    annual_cost: 21.815117488944765
    efficiency: 0.659585
    discharge_ratio: 5
    depth_of_discharge: 0.5
  VRBF:
    cost: 330.969
    lifetime: 27.5317
    annual_cost: 12.021378992216246
    efficiency: 0.759424
    discharge_ratio: 0.5
    depth_of_discharge: 1.0
