cost_values:
  wind_capex: 5000.0
  wind_opex: 100
  wind_lifetime: 20
  solar_capex: 1000.0
  solar_opex: 10
  solar_lifetime: 20
  carbon_price: 1.0
timeseries_values:
  load_level: 266250.1223757509
  wind_year: 2015
  solar_year: 2013
  price_year: 2023
  carbon_year: 2023
storage_values:
  CAES:
    cost: 43.4322
    lifetime: 25.8612
    annual_cost: 1.6794348290102548
    efficiency: 0.641862
    discharge_ratio: 0.1
    depth_of_discharge: 0.4
  Li-ion:
    cost: 156.948
    lifetime: 25.3852
    annual_cost: 6.182657611521674
    efficiency: 0.925871
    discharge_ratio: 2
    depth_of_discharge: 0.9
  Pb-acid:
    cost: 127.425
    lifetime: 6.69506
    annual_cost: 19.032689774251462
    efficiency: 0.660665
    discharge_ratio: 5
    depth_of_discharge: 0.5
  VRBF:
    cost: 334.429
    lifetime: 28.5186
    annual_cost: 11.7266976639807
    efficiency: 0.776582
    discharge_ratio: 0.5
    depth_of_discharge: 1.0
