cost_values:
  wind_capex: 5000.0
  wind_opex: 100
  wind_lifetime: 20
  solar_capex: 1000.0
  solar_opex: 10
  solar_lifetime: 20
  carbon_price: 1.0
timeseries_values:
  load_level: 266250.1223757509
  wind_year: 2015
  solar_year: 2013
  price_year: 2023
  carbon_year: 2023
storage_values:
  CAES:
    cost: 38.0892
    lifetime: 25.9272
    annual_cost: 1.4690826622234565
    efficiency: 0.62819
    discharge_ratio: 0.1
    depth_of_discharge: 0.4
  Li-ion:
    cost: 128.305
    lifetime: 24.3589
    annual_cost: 5.26727397378371
    efficiency: 0.93488
    discharge_ratio: 2
    depth_of_discharge: 0.9
  Pb-acid:
    cost: 136.551
    lifetime: 7.55763
    annual_cost: 18.067965751168025
    efficiency: 0.662592
    discharge_ratio: 5
    depth_of_discharge: 0.5
  VRBF:
    cost: 335.689
    lifetime: 26.3648
    annual_cost: 12.732469049641947
    efficiency: 0.749207
    discharge_ratio: 0.5
    depth_of_discharge: 1.0
