cost_values:
  wind_capex: 5000.0
  wind_opex: 100
  wind_lifetime: 20
  solar_capex: 1000.0
  solar_opex: 10
  solar_lifetime: 20
  carbon_price: 1.0
timeseries_values:
  load_level: 266250.1223757509
  wind_year: 2015
  solar_year: 2013
  price_year: 2023
  carbon_year: 2023
storage_values:
  CAES:
    cost: 47.1636
    lifetime: 26.2385
    annual_cost: 1.7974960458867697
    efficiency: 0.647981
    discharge_ratio: 0.1
    depth_of_discharge: 0.4
  Li-ion:
    cost: 145.558
    lifetime: 22.1541
    annual_cost: 6.570251104761646
    efficiency: 0.937857
    discharge_ratio: 2
    depth_of_discharge: 0.9
  Pb-acid:
    cost: 141.124
    lifetime: 5.99712
    annual_cost: 23.531962008430714
    efficiency: 0.678669
    discharge_ratio: 5
    depth_of_discharge: 0.5
  VRBF:
    cost: 328.888
    lifetime: 26.6954
    annual_cost: 12.320025172876225
    efficiency: 0.741561
    discharge_ratio: 0.5
    depth_of_discharge: 1.0
