cost_values:
  wind_capex: 5000.0
  wind_opex: 100
  wind_lifetime: 20
  solar_capex: 1000.0
  solar_opex: 10
  solar_lifetime: 20
  carbon_price: 1.0
timeseries_values:
  load_level: 266250.1223757509
  wind_year: 2015
  solar_year: 2013
  price_year: 2023
  carbon_year: 2023
storage_values:
  CAES:
    cost: 44.8128
    lifetime: 25.9863
    annual_cost: 1.7244778979693147
    efficiency: 0.6352
    discharge_ratio: 0.1
    depth_of_discharge: 0.4
  Li-ion:
    cost: 159.74
    lifetime: 24.6013
    annual_cost: 6.4931528008682475
    efficiency: 0.931948
    discharge_ratio: 2
    depth_of_discharge: 0.9
  Pb-acid:
    cost: 135.958
    lifetime: 5.85576
    annual_cost: 23.21782313482793
    efficiency: 0.660282
    discharge_ratio: 5
    depth_of_discharge: 0.5
  VRBF:
    cost: 279.788
    lifetime: 27.9745
    annual_cost: 10.001537114157538
    efficiency: 0.761908
    discharge_ratio: 0.5
    depth_of_discharge: 1.0
