cost_values:
  wind_capex: 5000.0
  wind_opex: 100
  wind_lifetime: 20
  solar_capex: 1000.0
  solar_opex: 10
  solar_lifetime: 20
  carbon_price: 1.0
timeseries_values:
  load_level: 266250.1223757509
  wind_year: 2015
  solar_year: 2013
  price_year: 2023
  carbon_year: 2023
storage_values:
  CAES:
    cost: 50.2033
    lifetime: 26.2384
    annual_cost: 1.9133521861089091
    efficiency: 0.644534
    discharge_ratio: 0.1
    depth_of_discharge: 0.4
  Li-ion:
    cost: 141.015
    lifetime: 23.9541
    annual_cost: 5.8868836650093295
    efficiency: 0.937419
    discharge_ratio: 2
    depth_of_discharge: 0.9
  Pb-acid:
    cost: 140.942
    lifetime: 6.27762
    annual_cost: 22.45150232094329
    efficiency: 0.663083
    discharge_ratio: 5
    depth_of_discharge: 0.5
  VRBF:
    cost: 344.903
    lifetime: 27.2297
    annual_cost: 12.666426732575093
    efficiency: 0.757831
    discharge_ratio: 0.5
    depth_of_discharge: 1.0
