cost_values:
  wind_capex: 5000.0
  wind_opex: 100
  wind_lifetime: 20
  solar_capex: 1000.0
  solar_opex: 10
  solar_lifetime: 20
  carbon_price: 1.0
timeseries_values:
  load_level: 266250.1223757509
  wind_year: 2015
  solar_year: 2013
  price_year: 2023
  carbon_year: 2023
storage_values:
  CAES:
    cost: 39.6498
    lifetime: 25.6637
    annual_cost: 1.544975977742882
    efficiency: 0.647127
    discharge_ratio: 0.1
    depth_of_discharge: 0.4
  Li-ion:
    cost: 138.71
    lifetime: 22.8324
    annual_cost: 6.07513883779191
    efficiency: 0.952314
    discharge_ratio: 2
    depth_of_discharge: 0.9
  Pb-acid:
    cost: 133.697
    lifetime: 6.14707
    annual_cost: 21.749711651241974
    efficiency: 0.669775
    discharge_ratio: 5
    depth_of_discharge: 0.5
  VRBF:
    cost: 334.028
    lifetime: 28.5434
    annual_cost: 11.702460113371218
    efficiency: 0.759471
    discharge_ratio: 0.5
    depth_of_discharge: 1.0
