cost_values:
  wind_capex: 5000.0
  wind_opex: 100
  wind_lifetime: 20
  solar_capex: 1000.0
  solar_opex: 10
  solar_lifetime: 20
  carbon_price: 1.0
timeseries_values:
  load_level: 266250.1223757509
  wind_year: 2015
  solar_year: 2013
  price_year: 2023
  carbon_year: 2023
storage_values:
  CAES:
    cost: 49.1699
    lifetime: 25.0401
    annual_cost: 1.963646311316648
    efficiency: 0.640635
    discharge_ratio: 0.1
    depth_of_discharge: 0.4
  Li-ion:
    cost: 154.119
    lifetime: 23.6357
    annual_cost: 6.520602309218682
    efficiency: 0.934908
    discharge_ratio: 2
    depth_of_discharge: 0.9
  Pb-acid:
    cost: 137.807
    lifetime: 6.64305
    annual_cost: 20.744537524179403
    efficiency: 0.679426
    discharge_ratio: 5
    depth_of_discharge: 0.5
  VRBF:
    cost: 298.312
    lifetime: 26.4894
    annual_cost: 11.261561228264892
    efficiency: 0.773833
    discharge_ratio: 0.5
    depth_of_discharge: 1.0
