cost_values:
  wind_capex: 5000.0
  wind_opex: 100
  wind_lifetime: 20
  solar_capex: 1000.0
  solar_opex: 10
  solar_lifetime: 20
  carbon_price: 1.0
timeseries_values:
  load_level: 266250.1223757509
  wind_year: 2015
  solar_year: 2013
  price_year: 2023
  carbon_year: 2023
storage_values:
  CAES:
    cost: 49.5444
    lifetime: 25.0556
    annual_cost: 1.9773783106371432
    efficiency: 0.632847
    discharge_ratio: 0.1
    depth_of_discharge: 0.4
  Li-ion:
    cost: 142.277
    lifetime: 24.4238
    annual_cost: 5.8253424937970335
    efficiency: 0.922673
    discharge_ratio: 2
    depth_of_discharge: 0.9
  Pb-acid:
    cost: 140.569
    lifetime: 7.76953
    annual_cost: 18.092342780065202
    efficiency: 0.667562
    discharge_ratio: 5
    depth_of_discharge: 0.5
  VRBF:
    cost: 299.96
    lifetime: 28.0389
    annual_cost: 10.697994571826996
    efficiency: 0.749937
    discharge_ratio: 0.5
    depth_of_discharge: 1.0
