cost_values:
  wind_capex: 5000.0
  wind_opex: 100
  wind_lifetime: 20
  solar_capex: 1000.0
  solar_opex: 10
  solar_lifetime: 20
  carbon_price: 1.0
timeseries_values:
  load_level: 266250.1223757509
  wind_year: 2015
  solar_year: 2013
  price_year: 2023
  carbon_year: 2023
storage_values:
  CAES:
    cost: 43.2388
    lifetime: 25.4097
    annual_cost: 1.7016651121422133
    efficiency: 0.637327
    discharge_ratio: 0.1
    depth_of_discharge: 0.4
  Li-ion:
    cost: 163.46
    lifetime: 23.6011
    annual_cost: 6.925948366813412
    efficiency: 0.932342
    discharge_ratio: 2
    depth_of_discharge: 0.9
  Pb-acid:
    cost: 142.237
    lifetime: 5.74932
    annual_cost: 24.739795314924198
    efficiency: 0.652698
    discharge_ratio: 5
    depth_of_discharge: 0.5
  VRBF:
    cost: 296.798
    lifetime: 26.8012
    annual_cost: 11.074056385534975
    efficiency: 0.755003
    discharge_ratio: 0.5
    depth_of_discharge: 1.0
