cost_values:
  wind_capex: 5000.0
  wind_opex: 100
  wind_lifetime: 20
  solar_capex: 1000.0
  solar_opex: 10
  solar_lifetime: 20
  carbon_price: 1.0
timeseries_values:
  load_level: 266250.1223757509
  wind_year: 2015
  solar_year: 2013
  price_year: 2023
  carbon_year: 2023
storage_values:
  CAES:
    cost: 38.6095
    lifetime: 26.6479
    annual_cost: 1.4488758964121
    efficiency: 0.64241
    discharge_ratio: 0.1
    depth_of_discharge: 0.4
  Li-ion:
    cost: 164.848
    lifetime: 23.2918
    annual_cost: 7.077512257532695
    efficiency: 0.929203
    discharge_ratio: 2
    depth_of_discharge: 0.9
  Pb-acid:
    cost: 145.246
    lifetime: 6.44863
    annual_cost: 22.52354376045765
    efficiency: 0.652347
    discharge_ratio: 5
    depth_of_discharge: 0.5
  VRBF:
    cost: 306.322
    lifetime: 27.0722
    annual_cost: 11.3150021054809
    efficiency: 0.759242
    discharge_ratio: 0.5
    depth_of_discharge: 1.0
