cost_values:
  wind_capex: 5000.0
  wind_opex: 100
  wind_lifetime: 20
  solar_capex: 1000.0
  solar_opex: 10
  solar_lifetime: 20
  carbon_price: 1.0
timeseries_values:
  load_level: 266250.1223757509
  wind_year: 2015
  solar_year: 2013
  price_year: 2023
  carbon_year: 2023
storage_values:
  CAES:
    cost: 45.28
    lifetime: 25.2172
    annual_cost: 1.7955998286883557
    efficiency: 0.633359
    discharge_ratio: 0.1
    depth_of_discharge: 0.4
  Li-ion:
    cost: 170.757
    lifetime: 22.3202
    annual_cost: 7.65033467442048
    efficiency: 0.922197
    discharge_ratio: 2
    depth_of_discharge: 0.9
  Pb-acid:
    cost: 162.688
    lifetime: 6.29495
    annual_cost: 25.844208452807408
    efficiency: 0.660701
    discharge_ratio: 5
    depth_of_discharge: 0.5
  VRBF:
    cost: 320.177
    lifetime: 26.0607
    annual_cost: 12.285817341821211
    efficiency: 0.741686
    discharge_ratio: 0.5
    depth_of_discharge: 1.0
