cost_values:
  wind_capex: 5000.0
  wind_opex: 100
  wind_lifetime: 20
  solar_capex: 1000.0
  solar_opex: 10
  solar_lifetime: 20
  carbon_price: 1.0
timeseries_values:
  load_level: 266250.1223757509
  wind_year: 2015
  solar_year: 2013
  price_year: 2023
  carbon_year: 2023
storage_values:
  CAES:
    cost: 42.0021
    lifetime: 26.0508
    annual_cost: 1.61231516882399
    efficiency: 0.640293
    discharge_ratio: 0.1
    depth_of_discharge: 0.4
  Li-ion:
    cost: 146.663
    lifetime: 22.0265
    annual_cost: 6.658479558713369
    efficiency: 0.938328
    discharge_ratio: 2
    depth_of_discharge: 0.9
  Pb-acid:
    cost: 137.908
    lifetime: 7.27632
    annual_cost: 18.952987224311187
    efficiency: 0.652775
    discharge_ratio: 5
    depth_of_discharge: 0.5
  VRBF:
    cost: 279.962
    lifetime: 27.5917
    annual_cost: 10.146602057865227
    efficiency: 0.752988
    discharge_ratio: 0.5
    depth_of_discharge: 1.0
