cost_values:
  wind_capex: 5000.0
  wind_opex: 100
  wind_lifetime: 20
  solar_capex: 1000.0
  solar_opex: 10
  solar_lifetime: 20
  carbon_price: 1.0
timeseries_values:
  load_level: 266250.1223757509
  wind_year: 2015
  solar_year: 2013
  price_year: 2023
  carbon_year: 2023
storage_values:
  CAES:
    cost: 43.8867
    lifetime: 25.657
    annual_cost: 1.7105156487508282
    efficiency: 0.64331
    discharge_ratio: 0.1
    depth_of_discharge: 0.4
  Li-ion:
    cost: 150.445
    lifetime: 23.2424
    annual_cost: 6.472868550579975
    efficiency: 0.924922
    discharge_ratio: 2
    depth_of_discharge: 0.9
  Pb-acid:
    cost: 151.86
    lifetime: 5.90406
    annual_cost: 25.721283320291462
    efficiency: 0.665025
    discharge_ratio: 5
    depth_of_discharge: 0.5
  VRBF:
    cost: 347.376
    lifetime: 28.0468
    annual_cost: 12.38558409515524
    efficiency: 0.720858
    discharge_ratio: 0.5
    depth_of_discharge: 1.0
