cost_values:
  wind_capex: 5000.0
  wind_opex: 100
  wind_lifetime: 20
  solar_capex: 1000.0
  solar_opex: 10
  solar_lifetime: 20
  carbon_price: 1.0
timeseries_values:
  load_level: 266250.1223757509
  wind_year: 2015
  solar_year: 2013
  price_year: 2023
  carbon_year: 2023
storage_values:
  CAES:
    cost: 50.5324
    lifetime: 26.1444
    annual_cost: 1.9328192653111183
    efficiency: 0.64339
    discharge_ratio: 0.1
    depth_of_discharge: 0.4
  Li-ion:
    cost: 132.499
    lifetime: 23.077
    annual_cost: 5.741604194652684
    efficiency: 0.941109
    discharge_ratio: 2
    depth_of_discharge: 0.9
  Pb-acid:
    cost: 115.486
    lifetime: 5.96027
    annual_cost: 19.37596786722749
    efficiency: 0.685057
    discharge_ratio: 5
    depth_of_discharge: 0.5
  VRBF:
    cost: 305.967
    lifetime: 26.293
    annual_cost: 11.636823489141596
    efficiency: 0.754876
    discharge_ratio: 0.5
    depth_of_discharge: 1.0
