cost_values:
  wind_capex: 5000.0
  wind_opex: 100
  wind_lifetime: 20
  solar_capex: 1000.0
  solar_opex: 10
  solar_lifetime: 20
  carbon_price: 1.0
timeseries_values:
  load_level: 266250.1223757509
  wind_year: 2015
  solar_year: 2013
  price_year: 2023
  carbon_year: 2023
storage_values:
  CAES:
    cost: 38.5863
    lifetime: 26.4693
    annual_cost: 1.4577756117464384
    efficiency: 0.630933
    discharge_ratio: 0.1
    depth_of_discharge: 0.4
  Li-ion:
    cost: 152.908
    lifetime: 23.9831
    annual_cost: 6.37565619123466
    efficiency: 0.928555
    discharge_ratio: 2
    depth_of_discharge: 0.9
  Pb-acid:
    cost: 120.686
    lifetime: 6.72807
    annual_cost: 17.937684952742764
    efficiency: 0.664326
    discharge_ratio: 5
    depth_of_discharge: 0.5
  VRBF:
    cost: 333.645
    lifetime: 25.3851
    annual_cost: 13.143339990781993
    efficiency: 0.752992
    discharge_ratio: 0.5
    depth_of_discharge: 1.0
