cost_values:
  wind_capex: 5000.0
  wind_opex: 100
  wind_lifetime: 20
  solar_capex: 1000.0
  solar_opex: 10
  solar_lifetime: 20
  carbon_price: 1.0
timeseries_values:
  load_level: 266250.1223757509
  wind_year: 2015
  solar_year: 2013
  price_year: 2023
  carbon_year: 2023
storage_values:
  CAES:
    cost: 43.2492
    lifetime: 26.1263
    annual_cost: 1.6553893968912552
    efficiency: 0.642283
    discharge_ratio: 0.1
    depth_of_discharge: 0.4
  Li-ion:
    cost: 123.362
    lifetime: 24.1775
    annual_cost: 5.10234722365836
    efficiency: 0.938705
    discharge_ratio: 2
    depth_of_discharge: 0.9
  Pb-acid:
    cost: 130.454
    lifetime: 5.26903
    annual_cost: 24.758636788934588
    efficiency: 0.668512
    discharge_ratio: 5
    depth_of_discharge: 0.5
  VRBF:
    cost: 301.082
    lifetime: 28.6811
    annual_cost: 10.497575058139331
    efficiency: 0.749618
    discharge_ratio: 0.5
    depth_of_discharge: 1.0
