cost_values:
  wind_capex: 5000.0
  wind_opex: 100
  wind_lifetime: 20
  solar_capex: 1000.0
  solar_opex: 10
  solar_lifetime: 20
  carbon_price: 1.0
timeseries_values:
  load_level: 266250.1223757509
  wind_year: 2015
  solar_year: 2013
  price_year: 2023
  carbon_year: 2023
storage_values:
  CAES:
    cost: 42.3414
    lifetime: 25.4235
    annual_cost: 1.665443388990501
    efficiency: 0.648949
    discharge_ratio: 0.1
    depth_of_discharge: 0.4
  Li-ion:
    cost: 159.832
    lifetime: 21.8729
    annual_cost: 7.307307215778429
    efficiency: 0.948031
    discharge_ratio: 2
    depth_of_discharge: 0.9
  Pb-acid:
    cost: 127.83
    lifetime: 5.84749
    annual_cost: 21.860661583003992
    efficiency: 0.655189
    discharge_ratio: 5
    depth_of_discharge: 0.5
  VRBF:
    cost: 320.581
    lifetime: 26.3988
    annual_cost: 12.143771686591815
    efficiency: 0.771361
    discharge_ratio: 0.5
    depth_of_discharge: 1.0
