cost_values:
  wind_capex: 5000.0
  wind_opex: 100
  wind_lifetime: 20
  solar_capex: 1000.0
  solar_opex: 10
  solar_lifetime: 20
  carbon_price: 1.0
timeseries_values:
  load_level: 266250.1223757509
  wind_year: 2015
  solar_year: 2013
  price_year: 2023
  carbon_year: 2023
storage_values:
  CAES:
    cost: 44.6487
    lifetime: 25.8126
    annual_cost: 1.729725018014458
    efficiency: 0.641535
    discharge_ratio: 0.1
    depth_of_discharge: 0.4
  Li-ion:
    cost: 185.018
    lifetime: 21.8697
    annual_cost: 8.460015455173139
    efficiency: 0.932734
    discharge_ratio: 2
    depth_of_discharge: 0.9
  Pb-acid:
    cost: 140.996
    lifetime: 5.3535
    annual_cost: 26.337162603903987
    efficiency: 0.653918
    discharge_ratio: 5
    depth_of_discharge: 0.5
  VRBF:
    cost: 334.61
    lifetime: 27.301
    annual_cost: 12.256327607047362
    efficiency: 0.753615
    discharge_ratio: 0.5
    depth_of_discharge: 1.0
