cost_values:
  wind_capex: 5000.0
  wind_opex: 100
  wind_lifetime: 20
  solar_capex: 1000.0
  solar_opex: 10
  solar_lifetime: 20
  carbon_price: 1.0
timeseries_values:
  load_level: 266250.1223757509
  wind_year: 2015
  solar_year: 2013
  price_year: 2023
  carbon_year: 2023
storage_values:
  CAES:
    cost: 44.6814
    lifetime: 25.945
    annual_cost: 1.7221584120254383
    efficiency: 0.640108
    discharge_ratio: 0.1
    depth_of_discharge: 0.4
  Li-ion:
    cost: 142.053
    lifetime: 21.2917
    annual_cost: 6.671754721323333
    efficiency: 0.936991
    discharge_ratio: 2
    depth_of_discharge: 0.9
  Pb-acid:
    cost: 149.228
    lifetime: 7.05959
    annual_cost: 21.13833806212542
    efficiency: 0.653485
    discharge_ratio: 5
    depth_of_discharge: 0.5
  VRBF:
    cost: 325.041
    lifetime: 29.0863
    annual_cost: 11.175054922764325
    efficiency: 0.74464
    discharge_ratio: 0.5
    depth_of_discharge: 1.0
