cost_values:
  wind_capex: 5000.0
  wind_opex: 100
  wind_lifetime: 20
  solar_capex: 1000.0
  solar_opex: 10
  solar_lifetime: 20
  carbon_price: 1.0
timeseries_values:
  load_level: 266250.1223757509
  wind_year: 2015
  solar_year: 2013
  price_year: 2023
  carbon_year: 2023
storage_values:
  CAES:
    cost: 43.3674
    lifetime: 25.7223
    annual_cost: 1.6859845348199811
    efficiency: 0.640361
    discharge_ratio: 0.1
    depth_of_discharge: 0.4
  Li-ion:
    cost: 154.353
    lifetime: 21.9377
    annual_cost: 7.03597004243836
    efficiency: 0.944785
    discharge_ratio: 2
    depth_of_discharge: 0.9
  Pb-acid:
    cost: 139.468
    lifetime: 6.08475
    annual_cost: 22.920908829450674
    efficiency: 0.651679
    discharge_ratio: 5
    depth_of_discharge: 0.5
  VRBF:
    cost: 334.226
    lifetime: 25.5038
    annual_cost: 13.104949066413633
    efficiency: 0.752902
    discharge_ratio: 0.5
    depth_of_discharge: 1.0
