cost_values:
  wind_capex: 5000.0
  wind_opex: 100
  wind_lifetime: 20
  solar_capex: 1000.0
  solar_opex: 10
  solar_lifetime: 20
  carbon_price: 1.0
timeseries_values:
  load_level: 266250.1223757509
  wind_year: 2015
  solar_year: 2013
  price_year: 2023
  carbon_year: 2023
storage_values:
  CAES:
    cost: 44.2547
    lifetime: 25.0457
    annual_cost: 1.766958000774584
    efficiency: 0.644593
    discharge_ratio: 0.1
    depth_of_discharge: 0.4
  Li-ion:
    cost: 149.655
    lifetime: 24.4107
    annual_cost: 6.130713170863597
    efficiency: 0.930989
    discharge_ratio: 2
    depth_of_discharge: 0.9
  Pb-acid:
    cost: 123.769
    lifetime: 6.32255
    annual_cost: 19.57580406639726
    efficiency: 0.666152
    discharge_ratio: 5
    depth_of_discharge: 0.5
  VRBF:
    cost: 326.445
    lifetime: 27.1692
    annual_cost: 12.015259926681683
    efficiency: 0.753536
    discharge_ratio: 0.5
    depth_of_discharge: 1.0
