cost_values:
  wind_capex: 5000.0
  wind_opex: 100
  wind_lifetime: 20
  solar_capex: 1000.0
  solar_opex: 10
  solar_lifetime: 20
  carbon_price: 1.0
timeseries_values:
  load_level: 266250.1223757509
  wind_year: 2015
  solar_year: 2013
  price_year: 2023
  carbon_year: 2023
storage_values:
  CAES:
    cost: 31.2488
    lifetime: 26.6486
    annual_cost: 1.172624453066953
    efficiency: 0.642628
    discharge_ratio: 0.1
    depth_of_discharge: 0.4
  Li-ion:
    cost: 171.337
    lifetime: 24.4135
    annual_cost: 7.0181252176050135
    efficiency: 0.939531
    discharge_ratio: 2
    depth_of_discharge: 0.9
  Pb-acid:
    cost: 124.332
    lifetime: 6.09727
    annual_cost: 20.39142107861387
    efficiency: 0.658008
    discharge_ratio: 5
    depth_of_discharge: 0.5
  VRBF:
    cost: 337.673
    lifetime: 27.7847
    annual_cost: 12.153199422703862
    efficiency: 0.779617
    discharge_ratio: 0.5
    depth_of_discharge: 1.0
