cost_values:
  wind_capex: 5000.0
  wind_opex: 100
  wind_lifetime: 20
  solar_capex: 1000.0
  solar_opex: 10
  solar_lifetime: 20
  carbon_price: 1.0
timeseries_values:
  load_level: 266250.1223757509
  wind_year: 2015
  solar_year: 2013
  price_year: 2023
  carbon_year: 2023
storage_values:
  CAES:
    cost: 42.059
    lifetime: 26.7373
    annual_cost: 1.5730458946864492
    efficiency: 0.637903
    discharge_ratio: 0.1
    depth_of_discharge: 0.4
  Li-ion:
    cost: 145.42
    lifetime: 23.865
    annual_cost: 6.093442279488791
    efficiency: 0.914492
    discharge_ratio: 2
    depth_of_discharge: 0.9
  Pb-acid:
    cost: 140.665
    lifetime: 6.5495
    annual_cost: 21.477212000916097
    efficiency: 0.651987
    discharge_ratio: 5
    depth_of_discharge: 0.5
  VRBF:
    cost: 311.334
    lifetime: 26.048
    annual_cost: 11.952318796068797
    efficiency: 0.747757
    discharge_ratio: 0.5
    depth_of_discharge: 1.0
