cost_values:
  wind_capex: 5000.0
  wind_opex: 100
  wind_lifetime: 20
  solar_capex: 1000.0
  solar_opex: 10
  solar_lifetime: 20
  carbon_price: 1.0
timeseries_values:
  load_level: 266250.1223757509
  wind_year: 2015
  solar_year: 2013
  price_year: 2023
  carbon_year: 2023
storage_values:
  CAES:
    cost: 42.375
    lifetime: 25.1452
    annual_cost: 1.6852122870368897
    efficiency: 0.643393
    discharge_ratio: 0.1
    depth_of_discharge: 0.4
  Li-ion:
    cost: 158.082
    lifetime: 22.9213
    annual_cost: 6.896729243105757
    efficiency: 0.935774
    discharge_ratio: 2
    depth_of_discharge: 0.9
  Pb-acid:
    cost: 127.685
    lifetime: 6.59117
    annual_cost: 19.372129682590497
    efficiency: 0.653149
    discharge_ratio: 5
    depth_of_discharge: 0.5
  VRBF:
    cost: 318.884
    lifetime: 26.1783
    annual_cost: 12.181234075551124
    efficiency: 0.761224
    discharge_ratio: 0.5
    depth_of_discharge: 1.0
