cost_values:
  wind_capex: 5000.0
  wind_opex: 100
  wind_lifetime: 20
  solar_capex: 1000.0
  solar_opex: 10
  solar_lifetime: 20
  carbon_price: 1.0
timeseries_values:
  load_level: 266250.1223757509
  wind_year: 2015
  solar_year: 2013
  price_year: 2023
  carbon_year: 2023
storage_values:
  CAES:
    cost: 41.7217
    lifetime: 26.1303
    annual_cost: 1.596678951255822
    efficiency: 0.641973
    discharge_ratio: 0.1
    depth_of_discharge: 0.4
  Li-ion:
    cost: 151.65
    lifetime: 26.504
    annual_cost: 5.721777844853607
    efficiency: 0.93255
    discharge_ratio: 2
    depth_of_discharge: 0.9
  Pb-acid:
    cost: 115.616
    lifetime: 5.58527
    annual_cost: 20.700163107602673
    efficiency: 0.664337
    discharge_ratio: 5
    depth_of_discharge: 0.5
  VRBF:
    cost: 319.329
    lifetime: 27.3283
    annual_cost: 11.684920027956368
    efficiency: 0.755222
    discharge_ratio: 0.5
    depth_of_discharge: 1.0
