cost_values:
  wind_capex: 5000.0
  wind_opex: 100
  wind_lifetime: 20
  solar_capex: 1000.0
  solar_opex: 10
  solar_lifetime: 20
  carbon_price: 1.0
timeseries_values:
  load_level: 266250.1223757509
  wind_year: 2015
  solar_year: 2013
  price_year: 2023
  carbon_year: 2023
storage_values:
  CAES:
    cost: 45.1965
    lifetime: 25.8453
    annual_cost: 1.7487318777495326
    efficiency: 0.638025
    discharge_ratio: 0.1
    depth_of_discharge: 0.4
  Li-ion:
    cost: 130.417
    lifetime: 22.5121
    annual_cost: 5.7931956592232625
    efficiency: 0.923078
    discharge_ratio: 2
    depth_of_discharge: 0.9
  Pb-acid:
    cost: 116.955
    lifetime: 5.44987
    annual_cost: 21.460144920888023
    efficiency: 0.66668
    discharge_ratio: 5
    depth_of_discharge: 0.5
  VRBF:
    cost: 335.753
    lifetime: 26.6064
    annual_cost: 12.61925702086716
    efficiency: 0.739238
    discharge_ratio: 0.5
    depth_of_discharge: 1.0
