cost_values:
  wind_capex: 5000.0
  wind_opex: 100
  wind_lifetime: 20
  solar_capex: 1000.0
  solar_opex: 10
  solar_lifetime: 20
  carbon_price: 1.0
timeseries_values:
  load_level: 266250.1223757509
  wind_year: 2015
  solar_year: 2013
  price_year: 2023
  carbon_year: 2023
storage_values:
  CAES:
    cost: 46.2106
    lifetime: 25.7732
    annual_cost: 1.7929709931246411
    efficiency: 0.641519
    discharge_ratio: 0.1
    depth_of_discharge: 0.4
  Li-ion:
    cost: 135.287
    lifetime: 24.4617
    annual_cost: 5.530564106337662
    efficiency: 0.947817
    discharge_ratio: 2
    depth_of_discharge: 0.9
  Pb-acid:
    cost: 151.377
    lifetime: 5.56161
    annual_cost: 27.218197608246534
    efficiency: 0.670862
    discharge_ratio: 5
    depth_of_discharge: 0.5
  VRBF:
    cost: 296.788
    lifetime: 24.7119
    annual_cost: 12.009922345104991
    efficiency: 0.759846
    discharge_ratio: 0.5
    depth_of_discharge: 1.0
