cost_values:
  wind_capex: 5000.0
  wind_opex: 100
  wind_lifetime: 20
  solar_capex: 1000.0
  solar_opex: 10
  solar_lifetime: 20
  carbon_price: 1.0
timeseries_values:
  load_level: 266250.1223757509
  wind_year: 2015
  solar_year: 2013
  price_year: 2023
  carbon_year: 2023
storage_values:
  CAES:
    cost: 46.4638
    lifetime: 27.1098
    annual_cost: 1.713911574412205
    efficiency: 0.640049
    discharge_ratio: 0.1
    depth_of_discharge: 0.4
  Li-ion:
    cost: 161.491
    lifetime: 22.7556
    annual_cost: 7.096758600080859
    efficiency: 0.943413
    discharge_ratio: 2
    depth_of_discharge: 0.9
  Pb-acid:
    cost: 128.028
    lifetime: 5.64958
    annual_cost: 22.661507581094522
    efficiency: 0.656894
    discharge_ratio: 5
    depth_of_discharge: 0.5
  VRBF:
    cost: 325.456
    lifetime: 27.6022
    annual_cost: 11.790944200099993
    efficiency: 0.741576
    discharge_ratio: 0.5
    depth_of_discharge: 1.0
