cost_values:
  wind_capex: 5000.0
  wind_opex: 100
  wind_lifetime: 20
  solar_capex: 1000.0
  solar_opex: 10
  solar_lifetime: 20
  carbon_price: 1.0
timeseries_values:
  load_level: 266250.1223757509
  wind_year: 2015
  solar_year: 2013
  price_year: 2023
  carbon_year: 2023
storage_values:
  CAES:
    cost: 41.2587
    lifetime: 27.0301
    annual_cost: 1.5263983485077746
    efficiency: 0.639081
    discharge_ratio: 0.1
    depth_of_discharge: 0.4
  Li-ion:
    cost: 147.72
    lifetime: 22.4882
    annual_cost: 6.568778292615683
    efficiency: 0.935481
    discharge_ratio: 2
    depth_of_discharge: 0.9
  Pb-acid:
    cost: 131.801
    lifetime: 5.47345
    annual_cost: 24.080059194840548
    efficiency: 0.665945
    discharge_ratio: 5
    depth_of_discharge: 0.5
  VRBF:
    cost: 280.86
    lifetime: 28.5105
    annual_cost: 9.85110748671542
    efficiency: 0.782114
    discharge_ratio: 0.5
    depth_of_discharge: 1.0
