cost_values:
  wind_capex: 5000.0
  wind_opex: 100
  wind_lifetime: 20
  solar_capex: 1000.0
  solar_opex: 10
  solar_lifetime: 20
  carbon_price: 1.0
timeseries_values:
  load_level: 266250.1223757509
  wind_year: 2015
  solar_year: 2013
  price_year: 2023
  carbon_year: 2023
storage_values:
  CAES:
    cost: 46.3787
    lifetime: 26.0699
    annual_cost: 1.779013344892002
    efficiency: 0.630909
    discharge_ratio: 0.1
    depth_of_discharge: 0.4
  Li-ion:
    cost: 145.995
    lifetime: 21.9112
    annual_cost: 6.663030778779802
    efficiency: 0.937136
    discharge_ratio: 2
    depth_of_discharge: 0.9
  Pb-acid:
    cost: 117.513
    lifetime: 7.00977
    annual_cost: 16.764173432223885
    efficiency: 0.670637
    discharge_ratio: 5
    depth_of_discharge: 0.5
  VRBF:
    cost: 324.117
    lifetime: 27.2823
    annual_cost: 11.880120077852675
    efficiency: 0.759444
    discharge_ratio: 0.5
    depth_of_discharge: 1.0
