cost_values:
  wind_capex: 5000.0
  wind_opex: 100
  wind_lifetime: 20
  solar_capex: 1000.0
  solar_opex: 10
  solar_lifetime: 20
  carbon_price: 1.0
timeseries_values:
  load_level: 266250.1223757509
  wind_year: 2015
  solar_year: 2013
  price_year: 2023
  carbon_year: 2023
storage_values:
  CAES:
    cost: 44.9169
    lifetime: 26.9164
    annual_cost: 1.6687558514511598
    efficiency: 0.643669
    discharge_ratio: 0.1
    depth_of_discharge: 0.4
  Li-ion:
    cost: 129.034
    lifetime: 23.4585
    annual_cost: 5.5005221987765625
    efficiency: 0.926653
    discharge_ratio: 2
    depth_of_discharge: 0.9
  Pb-acid:
    cost: 127.334
    lifetime: 6.62774
    annual_cost: 19.212280505873796
    efficiency: 0.66968
    discharge_ratio: 5
    depth_of_discharge: 0.5
  VRBF:
    cost: 330.9
    lifetime: 25.0583
    annual_cost: 13.205205460865262
    efficiency: 0.76082
    discharge_ratio: 0.5
    depth_of_discharge: 1.0
