cost_values:
  wind_capex: 5000.0
  wind_opex: 100
  wind_lifetime: 20
  solar_capex: 1000.0
  solar_opex: 10
  solar_lifetime: 20
  carbon_price: 1.0
timeseries_values:
  load_level: 266250.1223757509
  wind_year: 2015
  solar_year: 2013
  price_year: 2023
  carbon_year: 2023
storage_values:
  CAES:
    cost: 45.1062
    lifetime: 25.6461
    annual_cost: 1.758793734719899
    efficiency: 0.647508
    discharge_ratio: 0.1
    depth_of_discharge: 0.4
  Li-ion:
    cost: 155.875
    lifetime: 23.7291
    annual_cost: 6.568938560670232
    efficiency: 0.937559
    discharge_ratio: 2
    depth_of_discharge: 0.9
  Pb-acid:
    cost: 157.171
    lifetime: 7.65241
    annual_cost: 20.538758378079585
    efficiency: 0.676892
    discharge_ratio: 5
    depth_of_discharge: 0.5
  VRBF:
    cost: 303.549
    lifetime: 27.9898
    annual_cost: 10.844986387898448
    efficiency: 0.759095
    discharge_ratio: 0.5
    depth_of_discharge: 1.0
