cost_values:
  wind_capex: 5000.0
  wind_opex: 100
  wind_lifetime: 20
  solar_capex: 1000.0
  solar_opex: 10
  solar_lifetime: 20
  carbon_price: 1.0
timeseries_values:
  load_level: 266250.1223757509
  wind_year: 2015
  solar_year: 2013
  price_year: 2023
  carbon_year: 2023
storage_values:
  CAES:
    cost: 50.3866
    lifetime: 24.0856
    annual_cost: 2.0919802703690173
    efficiency: 0.644369
    discharge_ratio: 0.1
    depth_of_discharge: 0.4
  Li-ion:
    cost: 163.952
    lifetime: 22.8895
    annual_cost: 7.162760217567006
    efficiency: 0.943686
    discharge_ratio: 2
    depth_of_discharge: 0.9
  Pb-acid:
    cost: 171.367
    lifetime: 6.62751
    annual_cost: 25.85692062328084
    efficiency: 0.650913
    discharge_ratio: 5
    depth_of_discharge: 0.5
  VRBF:
    cost: 288.045
    lifetime: 29.2402
    annual_cost: 9.85099281126668
    efficiency: 0.766854
    discharge_ratio: 0.5
    depth_of_discharge: 1.0
