cost_values:
  wind_capex: 5000.0
  wind_opex: 100
  wind_lifetime: 20
  solar_capex: 1000.0
  solar_opex: 10
  solar_lifetime: 20
  carbon_price: 1.0
timeseries_values:
  load_level: 266250.1223757509
  wind_year: 2015
  solar_year: 2013
  price_year: 2023
  carbon_year: 2023
storage_values:
  CAES:
    cost: 44.0516
    lifetime: 25.3947
    annual_cost: 1.7346769207748074
    efficiency: 0.647445
    discharge_ratio: 0.1
    depth_of_discharge: 0.4
  Li-ion:
    cost: 138.138
    lifetime: 25.0614
    annual_cost: 5.511982570806101
    efficiency: 0.928249
    discharge_ratio: 2
    depth_of_discharge: 0.9
  Pb-acid:
    cost: 128.451
    lifetime: 6.78165
    annual_cost: 18.940965694189465
    efficiency: 0.666255
    discharge_ratio: 5
    depth_of_discharge: 0.5
  VRBF:
    cost: 307.958
    lifetime: 25.6117
    annual_cost: 12.024113979157965
    efficiency: 0.755341
    discharge_ratio: 0.5
    depth_of_discharge: 1.0
