cost_values:
  wind_capex: 5000.0
  wind_opex: 100
  wind_lifetime: 20
  solar_capex: 1000.0
  solar_opex: 10
  solar_lifetime: 20
  carbon_price: 1.0
timeseries_values:
  load_level: 266250.1223757509
  wind_year: 2015
  solar_year: 2013
  price_year: 2023
  carbon_year: 2023
storage_values:
  CAES:
    cost: 50.7082
    lifetime: 26.1132
    annual_cost: 1.9418608213470583
    efficiency: 0.644926
    discharge_ratio: 0.1
    depth_of_discharge: 0.4
  Li-ion:
    cost: 158.269
    lifetime: 23.3495
    annual_cost: 6.778260776462023
    efficiency: 0.940477
    discharge_ratio: 2
    depth_of_discharge: 0.9
  Pb-acid:
    cost: 150.221
    lifetime: 6.46415
    annual_cost: 23.239095627422014
    efficiency: 0.659649
    discharge_ratio: 5
    depth_of_discharge: 0.5
  VRBF:
    cost: 323.836
    lifetime: 27.2963
    annual_cost: 11.863732447254757
    efficiency: 0.764527
    discharge_ratio: 0.5
    depth_of_discharge: 1.0
