cost_values:
  wind_capex: 5000.0
  wind_opex: 100
  wind_lifetime: 20
  solar_capex: 1000.0
  solar_opex: 10
  solar_lifetime: 20
  carbon_price: 1.0
timeseries_values:
  load_level: 266250.1223757509
  wind_year: 2015
  solar_year: 2013
  price_year: 2023
  carbon_year: 2023
storage_values:
  CAES:
    cost: 49.993
    lifetime: 24.5427
    annual_cost: 2.036980446324162
    efficiency: 0.640509
    discharge_ratio: 0.1
    depth_of_discharge: 0.4
  Li-ion:
    cost: 172.501
    lifetime: 23.4971
    annual_cost: 7.341374041903044
    efficiency: 0.941908
    discharge_ratio: 2
    depth_of_discharge: 0.9
  Pb-acid:
    cost: 129.764
    lifetime: 6.2089
    annual_cost: 20.899676271159144
    efficiency: 0.655178
    discharge_ratio: 5
    depth_of_discharge: 0.5
  VRBF:
    cost: 344.358
    lifetime: 27.8829
    annual_cost: 12.350150091991866
    efficiency: 0.756148
    discharge_ratio: 0.5
    depth_of_discharge: 1.0
