cost_values:
  wind_capex: 5000.0
  wind_opex: 100
  wind_lifetime: 20
  solar_capex: 1000.0
  solar_opex: 10
  solar_lifetime: 20
  carbon_price: 1.0
timeseries_values:
  load_level: 266250.1223757509
  wind_year: 2015
  solar_year: 2013
  price_year: 2023
  carbon_year: 2023
storage_values:
  CAES:
    cost: 47.5938
    lifetime: 24.8351
    annual_cost: 1.91639252509553
    efficiency: 0.634739
    discharge_ratio: 0.1
    depth_of_discharge: 0.4
  Li-ion:
    cost: 159.368
    lifetime: 23.9205
    annual_cost: 6.66240254175289
    efficiency: 0.934698
    discharge_ratio: 2
    depth_of_discharge: 0.9
  Pb-acid:
    cost: 122.638
    lifetime: 5.87903
    annual_cost: 20.86024395180838
    efficiency: 0.659425
    discharge_ratio: 5
    depth_of_discharge: 0.5
  VRBF:
    cost: 331.181
    lifetime: 25.3854
    annual_cost: 13.046120998684282
    efficiency: 0.760523
    discharge_ratio: 0.5
    depth_of_discharge: 1.0
