cost_values:
  wind_capex: 5000.0
  wind_opex: 100
  wind_lifetime: 20
  solar_capex: 1000.0
  solar_opex: 10
  solar_lifetime: 20
  carbon_price: 1.0
timeseries_values:
  load_level: 266250.1223757509
  wind_year: 2015
  solar_year: 2013
  price_year: 2023
  carbon_year: 2023
storage_values:
  CAES:
    cost: 46.3384
    lifetime: 25.3146
    annual_cost: 1.8305009757215205
    efficiency: 0.644795
    discharge_ratio: 0.1
    depth_of_discharge: 0.4
  Li-ion:
    cost: 163.057
    lifetime: 22.3453
    annual_cost: 7.297149736186132
    efficiency: 0.938476
    discharge_ratio: 2
    depth_of_discharge: 0.9
  Pb-acid:
    cost: 123.016
    lifetime: 6.49078
    annual_cost: 18.952421742841384
    efficiency: 0.674937
    discharge_ratio: 5
    depth_of_discharge: 0.5
  VRBF:
    cost: 347.099
    lifetime: 25.656
    annual_cost: 13.528960087309011
    efficiency: 0.76453
    discharge_ratio: 0.5
    depth_of_discharge: 1.0
