cost_values:
  wind_capex: 5000.0
  wind_opex: 100
  wind_lifetime: 20
  solar_capex: 1000.0
  solar_opex: 10
  solar_lifetime: 20
  carbon_price: 1.0
timeseries_values:
  load_level: 266250.1223757509
  wind_year: 2015
  solar_year: 2013
  price_year: 2023
  carbon_year: 2023
storage_values:
  CAES:
    cost: 51.7666
    lifetime: 25.7394
    annual_cost: 2.011181301817447
    efficiency: 0.643538
    discharge_ratio: 0.1
    depth_of_discharge: 0.4
  Li-ion:
    cost: 133.713
    lifetime: 24.1933
    annual_cost: 5.526860742436956
    efficiency: 0.93663
    discharge_ratio: 2
    depth_of_discharge: 0.9
  Pb-acid:
    cost: 141.731
    lifetime: 5.82057
    annual_cost: 24.350020702439796
    efficiency: 0.670999
    discharge_ratio: 5
    depth_of_discharge: 0.5
  VRBF:
    cost: 330.365
    lifetime: 28.7705
    annual_cost: 11.482768808327975
    efficiency: 0.757854
    discharge_ratio: 0.5
    depth_of_discharge: 1.0
