cost_values:
  wind_capex: 5000.0
  wind_opex: 100
  wind_lifetime: 20
  solar_capex: 1000.0
  solar_opex: 10
  solar_lifetime: 20
  carbon_price: 1.0
timeseries_values:
  load_level: 266250.1223757509
  wind_year: 2015
  solar_year: 2013
  price_year: 2023
  carbon_year: 2023
storage_values:
  CAES:
    cost: 40.6616
    lifetime: 26.1922
    annual_cost: 1.5524316399538793
    efficiency: 0.64447
    discharge_ratio: 0.1
    depth_of_discharge: 0.4
  Li-ion:
    cost: 138.866
    lifetime: 23.6906
    annual_cost: 5.861649768262518
    efficiency: 0.929324
    discharge_ratio: 2
    depth_of_discharge: 0.9
  Pb-acid:
    cost: 114.663
    lifetime: 5.97478
    annual_cost: 19.191166871416186
    efficiency: 0.662607
    discharge_ratio: 5
    depth_of_discharge: 0.5
  VRBF:
    cost: 370.269
    lifetime: 26.8515
    annual_cost: 13.789508965979554
    efficiency: 0.748056
    discharge_ratio: 0.5
    depth_of_discharge: 1.0
