cost_values:
  wind_capex: 5000.0
  wind_opex: 100
  wind_lifetime: 20
  solar_capex: 1000.0
  solar_opex: 10
  solar_lifetime: 20
  carbon_price: 1.0
timeseries_values:
  load_level: 266250.1223757509
  wind_year: 2015
  solar_year: 2013
  price_year: 2023
  carbon_year: 2023
storage_values:
  CAES:
    cost: 36.9051
    lifetime: 25.8579
    annual_cost: 1.4272272690357684
    efficiency: 0.638808
    discharge_ratio: 0.1
    depth_of_discharge: 0.4
  Li-ion:
    cost: 158.598
    lifetime: 20.5926
    annual_cost: 7.701698668453717
    efficiency: 0.95437
    discharge_ratio: 2
    depth_of_discharge: 0.9
  Pb-acid:
    cost: 147.657
    lifetime: 5.17202
    annual_cost: 28.549193545268583
    efficiency: 0.662027
    discharge_ratio: 5
    depth_of_discharge: 0.5
  VRBF:
    cost: 325.753
    lifetime: 24.1402
    annual_cost: 13.494212972552008
    efficiency: 0.762934
    discharge_ratio: 0.5
    depth_of_discharge: 1.0
