cost_values:
  wind_capex: 5000.0
  wind_opex: 100
  wind_lifetime: 20
  solar_capex: 1000.0
  solar_opex: 10
  solar_lifetime: 20
  carbon_price: 1.0
timeseries_values:
  load_level: 266250.1223757509
  wind_year: 2015
  solar_year: 2013
  price_year: 2023
  carbon_year: 2023
storage_values:
  CAES:
    cost: 41.8691
    lifetime: 24.8049
    annual_cost: 1.6879366576765076
    efficiency: 0.645362
    discharge_ratio: 0.1
    depth_of_discharge: 0.4
  Li-ion:
    cost: 121.567
    lifetime: 24.0853
    annual_cost: 5.047352534533512
    efficiency: 0.923204
    discharge_ratio: 2
    depth_of_discharge: 0.9
  Pb-acid:
    cost: 147.414
    lifetime: 6.58651
    annual_cost: 22.38120036255923
    efficiency: 0.662966
    discharge_ratio: 5
    depth_of_discharge: 0.5
  VRBF:
    cost: 270.662
    lifetime: 26.9259
    annual_cost: 10.052105964888824
    efficiency: 0.749454
    discharge_ratio: 0.5
    depth_of_discharge: 1.0
