cost_values:
  wind_capex: 5000.0
  wind_opex: 100
  wind_lifetime: 20
  solar_capex: 1000.0
  solar_opex: 10
  solar_lifetime: 20
  carbon_price: 1.0
timeseries_values:
  load_level: 266250.1223757509
  wind_year: 2015
  solar_year: 2013
  price_year: 2023
  carbon_year: 2023
storage_values:
  CAES:
    cost: 42.0468
    lifetime: 25.71
    annual_cost: 1.635425904317386
    efficiency: 0.642512
    discharge_ratio: 0.1
    depth_of_discharge: 0.4
  Li-ion:
    cost: 151.023
    lifetime: 23.583
    annual_cost: 6.40389263452487
    efficiency: 0.937434
    discharge_ratio: 2
    depth_of_discharge: 0.9
  Pb-acid:
    cost: 138.24
    lifetime: 5.7194
    annual_cost: 24.170367521068645
    efficiency: 0.659591
    discharge_ratio: 5
    depth_of_discharge: 0.5
  VRBF:
    cost: 302.157
    lifetime: 27.4547
    annual_cost: 11.005656590674821
    efficiency: 0.761822
    discharge_ratio: 0.5
    depth_of_discharge: 1.0
