cost_values:
  wind_capex: 5000.0
  wind_opex: 100
  wind_lifetime: 20
  solar_capex: 1000.0
  solar_opex: 10
  solar_lifetime: 20
  carbon_price: 1.0
timeseries_values:
  load_level: 266250.1223757509
  wind_year: 2015
  solar_year: 2013
  price_year: 2023
  carbon_year: 2023
storage_values:
  CAES:
    cost: 43.669
    lifetime: 25.4449
    annual_cost: 1.7162181812465365
    efficiency: 0.648692
    discharge_ratio: 0.1
    depth_of_discharge: 0.4
  Li-ion:
    cost: 135.804
    lifetime: 22.6793
    annual_cost: 5.988015503123994
    efficiency: 0.931534
    discharge_ratio: 2
    depth_of_discharge: 0.9
  Pb-acid:
    cost: 150.479
    lifetime: 6.47633
    annual_cost: 23.2352273587047
    efficiency: 0.675949
    discharge_ratio: 5
    depth_of_discharge: 0.5
  VRBF:
    cost: 318.011
    lifetime: 27.4163
    annual_cost: 11.599340538292914
    efficiency: 0.741799
    discharge_ratio: 0.5
    depth_of_discharge: 1.0
