cost_values:
  wind_capex: 5000.0
  wind_opex: 100
  wind_lifetime: 20
  solar_capex: 1000.0
  solar_opex: 10
  solar_lifetime: 20
  carbon_price: 1.0
timeseries_values:
  load_level: 266250.1223757509
  wind_year: 2015
  solar_year: 2013
  price_year: 2023
  carbon_year: 2023
storage_values:
  CAES:
    cost: 46.6074
    lifetime: 25.8493
    annual_cost: 1.8030430224416134
    efficiency: 0.647323
    discharge_ratio: 0.1
    depth_of_discharge: 0.4
  Li-ion:
    cost: 164.882
    lifetime: 25.1619
    annual_cost: 6.552843783657037
    efficiency: 0.932324
    discharge_ratio: 2
    depth_of_discharge: 0.9
  Pb-acid:
    cost: 134.662
    lifetime: 5.62038
    annual_cost: 23.9595899209662
    efficiency: 0.672149
    discharge_ratio: 5
    depth_of_discharge: 0.5
  VRBF:
    cost: 323.525
    lifetime: 25.6823
    annual_cost: 12.597197291519839
    efficiency: 0.745482
    discharge_ratio: 0.5
    depth_of_discharge: 1.0
