cost_values:
  wind_capex: 5000.0
  wind_opex: 100
  wind_lifetime: 20
  solar_capex: 1000.0
  solar_opex: 10
  solar_lifetime: 20
  carbon_price: 1.0
timeseries_values:
  load_level: 266250.1223757509
  wind_year: 2015
  solar_year: 2013
  price_year: 2023
  carbon_year: 2023
storage_values:
  CAES:
    cost: 44.8828
    lifetime: 25.4845
    annual_cost: 1.761180325295768
    efficiency: 0.641312
    discharge_ratio: 0.1
    depth_of_discharge: 0.4
  Li-ion:
    cost: 156.409
    lifetime: 22.0132
    annual_cost: 7.105236857885268
    efficiency: 0.928763
    discharge_ratio: 2
    depth_of_discharge: 0.9
  Pb-acid:
    cost: 158.122
    lifetime: 5.70463
    annual_cost: 27.718186806155703
    efficiency: 0.666207
    discharge_ratio: 5
    depth_of_discharge: 0.5
  VRBF:
    cost: 333.429
    lifetime: 24.8379
    annual_cost: 13.424202529199327
    efficiency: 0.770874
    discharge_ratio: 0.5
    depth_of_discharge: 1.0
