cost_values:
  wind_capex: 5000.0
  wind_opex: 100
  wind_lifetime: 20
  solar_capex: 1000.0
  solar_opex: 10
  solar_lifetime: 20
  carbon_price: 1.0
timeseries_values:
  load_level: 266250.1223757509
  wind_year: 2015
  solar_year: 2013
  price_year: 2023
  carbon_year: 2023
storage_values:
  CAES:
    cost: 44.2453
    lifetime: 25.8825
    annual_cost: 1.709467787114846
    efficiency: 0.643903
    discharge_ratio: 0.1
    depth_of_discharge: 0.4
  Li-ion:
    cost: 128.84
    lifetime: 22.8777
    annual_cost: 5.631685003300157
    efficiency: 0.942658
    discharge_ratio: 2
    depth_of_discharge: 0.9
  Pb-acid:
    cost: 153.021
    lifetime: 5.53677
    annual_cost: 27.637232538104346
    efficiency: 0.654835
    discharge_ratio: 5
    depth_of_discharge: 0.5
  VRBF:
    cost: 314.813
    lifetime: 27.969
    annual_cost: 11.255783188530158
    efficiency: 0.760802
    discharge_ratio: 0.5
    depth_of_discharge: 1.0
