cost_values:
  wind_capex: 5000.0
  wind_opex: 100
  wind_lifetime: 20
  solar_capex: 1000.0
  solar_opex: 10
  solar_lifetime: 20
  carbon_price: 1.0
timeseries_values:
  load_level: 266250.1223757509
  wind_year: 2015
  solar_year: 2013
  price_year: 2023
  carbon_year: 2023
storage_values:
  CAES:
    cost: 46.6965
    lifetime: 26.0917
    annual_cost: 1.7897070715974812
    efficiency: 0.644743
    discharge_ratio: 0.1
    depth_of_discharge: 0.4
  Li-ion:
    cost: 138.409
    lifetime: 24.3282
    annual_cost: 5.689241291998586
    efficiency: 0.94721
    discharge_ratio: 2
    depth_of_discharge: 0.9
  Pb-acid:
    cost: 148.29
    lifetime: 5.23923
    annual_cost: 28.303777463482227
    efficiency: 0.669396
    discharge_ratio: 5
    depth_of_discharge: 0.5
  VRBF:
    cost: 300.362
    lifetime: 25.7203
    annual_cost: 11.67801308693911
    efficiency: 0.764467
    discharge_ratio: 0.5
    depth_of_discharge: 1.0
