cost_values:
  wind_capex: 5000.0
  wind_opex: 100
  wind_lifetime: 20
  solar_capex: 1000.0
  solar_opex: 10
  solar_lifetime: 20
  carbon_price: 1.0
timeseries_values:
  load_level: 266250.1223757509
  wind_year: 2015
  solar_year: 2013
  price_year: 2023
  carbon_year: 2023
storage_values:
  CAES:
    cost: 52.2189
    lifetime: 25.0656
    annual_cost: 2.08328944848717
    efficiency: 0.634756
    discharge_ratio: 0.1
    depth_of_discharge: 0.4
  Li-ion:
    cost: 143.197
    lifetime: 22.6158
    annual_cost: 6.3317238390859485
    efficiency: 0.93803
    discharge_ratio: 2
    depth_of_discharge: 0.9
  Pb-acid:
    cost: 139.658
    lifetime: 7.03589
    annual_cost: 19.849372289788498
    efficiency: 0.655639
    discharge_ratio: 5
    depth_of_discharge: 0.5
  VRBF:
    cost: 323.77
    lifetime: 28.7584
    annual_cost: 11.258275842884165
    efficiency: 0.751953
    discharge_ratio: 0.5
    depth_of_discharge: 1.0
