cost_values:
  wind_capex: 5000.0
  wind_opex: 100
  wind_lifetime: 20
  solar_capex: 1000.0
  solar_opex: 10
  solar_lifetime: 20
  carbon_price: 1.0
timeseries_values:
  load_level: 266250.1223757509
  wind_year: 2015
  solar_year: 2013
  price_year: 2023
  carbon_year: 2023
storage_values:
  CAES:
    cost: 44.9775
    lifetime: 24.9118
    annual_cost: 1.8054696970913382
    efficiency: 0.640731
    discharge_ratio: 0.1
    depth_of_discharge: 0.4
  Li-ion:
    cost: 128.826
    lifetime: 23.5989
    annual_cost: 5.458983257694214
    efficiency: 0.947424
    discharge_ratio: 2
    depth_of_discharge: 0.9
  Pb-acid:
    cost: 125.642
    lifetime: 5.31373
    annual_cost: 23.644784360515118
    efficiency: 0.664464
    discharge_ratio: 5
    depth_of_discharge: 0.5
  VRBF:
    cost: 300.999
    lifetime: 26.5822
    annual_cost: 11.323329145067001
    efficiency: 0.742793
    discharge_ratio: 0.5
    depth_of_discharge: 1.0
