cost_values:
  wind_capex: 5000.0
  wind_opex: 100
  wind_lifetime: 20
  solar_capex: 1000.0
  solar_opex: 10
  solar_lifetime: 20
  carbon_price: 1.0
timeseries_values:
  load_level: 266250.1223757509
  wind_year: 2015
  solar_year: 2013
  price_year: 2023
  carbon_year: 2023
storage_values:
  CAES:
    cost: 38.6766
    lifetime: 25.1739
    annual_cost: 1.536376961853348
    efficiency: 0.636598
    discharge_ratio: 0.1
    depth_of_discharge: 0.4
  Li-ion:
    cost: 140.699
    lifetime: 23.6629
    annual_cost: 5.945974500166928
    efficiency: 0.93769
    discharge_ratio: 2
    depth_of_discharge: 0.9
  Pb-acid:
    cost: 133.529
    lifetime: 5.84142
    annual_cost: 22.858996613837046
    efficiency: 0.670847
    discharge_ratio: 5
    depth_of_discharge: 0.5
  VRBF:
    cost: 326.978
    lifetime: 27.4393
    annual_cost: 11.916411861818633
    efficiency: 0.745049
    discharge_ratio: 0.5
    depth_of_discharge: 1.0
