cost_values:
  wind_capex: 5000.0
  wind_opex: 100
  wind_lifetime: 20
  solar_capex: 1000.0
  solar_opex: 10
  solar_lifetime: 20
  carbon_price: 1.0
timeseries_values:
  load_level: 266250.1223757509
  wind_year: 2015
  solar_year: 2013
  price_year: 2023
  carbon_year: 2023
storage_values:
  CAES:
    cost: 46.1967
    lifetime: 26.2686
    annual_cost: 1.7586281720380987
    efficiency: 0.64319
    discharge_ratio: 0.1
    depth_of_discharge: 0.4
  Li-ion:
    cost: 153.616
    lifetime: 23.7095
    annual_cost: 6.479090659862082
    efficiency: 0.953079
    discharge_ratio: 2
    depth_of_discharge: 0.9
  Pb-acid:
    cost: 129.766
    lifetime: 6.26043
    annual_cost: 20.72796916505735
    efficiency: 0.674288
    discharge_ratio: 5
    depth_of_discharge: 0.5
  VRBF:
    cost: 307.25
    lifetime: 25.1569
    annual_cost: 12.21334902154081
    efficiency: 0.758103
    discharge_ratio: 0.5
    depth_of_discharge: 1.0
