cost_values:
  wind_capex: 5000.0
  wind_opex: 100
  wind_lifetime: 20
  solar_capex: 1000.0
  solar_opex: 10
  solar_lifetime: 20
  carbon_price: 1.0
timeseries_values:
  load_level: 266250.1223757509
  wind_year: 2015
  solar_year: 2013
  price_year: 2023
  carbon_year: 2023
storage_values:
  CAES:
    cost: 39.0329
    lifetime: 26.0761
    annual_cost: 1.4968841199412488
    efficiency: 0.646338
    discharge_ratio: 0.1
    depth_of_discharge: 0.4
  Li-ion:
    cost: 146.673
    lifetime: 22.48
    annual_cost: 6.524599644128114
    efficiency: 0.92048
    discharge_ratio: 2
    depth_of_discharge: 0.9
  Pb-acid:
    cost: 122.526
    lifetime: 5.44702
    annual_cost: 22.49413440743746
    efficiency: 0.663027
    discharge_ratio: 5
    depth_of_discharge: 0.5
  VRBF:
    cost: 275.745
    lifetime: 27.9849
    annual_cost: 9.853349484900786
    efficiency: 0.746473
    discharge_ratio: 0.5
    depth_of_discharge: 1.0
