cost_values:
  wind_capex: 5000.0
  wind_opex: 100
  wind_lifetime: 20
  solar_capex: 1000.0
  solar_opex: 10
  solar_lifetime: 20
  carbon_price: 1.0
timeseries_values:
  load_level: 266250.1223757509
  wind_year: 2015
  solar_year: 2013
  price_year: 2023
  carbon_year: 2023
storage_values:
  CAES:
    cost: 43.8086
    lifetime: 26.3356
    annual_cost: 1.6634745363690213
    efficiency: 0.638827
    discharge_ratio: 0.1
    depth_of_discharge: 0.4
  Li-ion:
    cost: 138.427
    lifetime: 23.5932
    annual_cost: 5.867241408541444
    efficiency: 0.938481
    discharge_ratio: 2
    depth_of_discharge: 0.9
  Pb-acid:
    cost: 119.532
    lifetime: 5.7566
    annual_cost: 20.76434006184206
    efficiency: 0.667974
    discharge_ratio: 5
    depth_of_discharge: 0.5
  VRBF:
    cost: 298.856
    lifetime: 27.3604
    annual_cost: 10.922939723103465
    efficiency: 0.734846
    discharge_ratio: 0.5
    depth_of_discharge: 1.0
