cost_values:
  wind_capex: 5000.0
  wind_opex: 100
  wind_lifetime: 20
  solar_capex: 1000.0
  solar_opex: 10
  solar_lifetime: 20
  carbon_price: 1.0
timeseries_values:
  load_level: 253676.44709054328
  wind_year: 2012
  solar_year: 2014
  price_year: 2023
  carbon_year: 2023
storage_values:
  CAES:
    cost: 78.2256
    lifetime: 26.7843
    annual_cost: 2.92057660644482
    efficiency: 0.611457
    discharge_ratio: 0.1
    depth_of_discharge: 0.4
  Li-ion:
    cost: 155.744
    lifetime: 18.4832
    annual_cost: 8.426246537396121
    efficiency: 0.881267
    discharge_ratio: 2
    depth_of_discharge: 0.9
  Pb-acid:
    cost: 180.564
    lifetime: 9.40502
    annual_cost: 19.19868325638861
    efficiency: 0.72854
    discharge_ratio: 5
    depth_of_discharge: 0.5
  VRBF:
    cost: 175.848
    lifetime: 26.0206
    annual_cost: 6.758030176091251
    efficiency: 0.756261
    discharge_ratio: 0.5
    depth_of_discharge: 1.0
