cost_values:
  wind_capex: 5000.0
  wind_opex: 100
  wind_lifetime: 20
  solar_capex: 1000.0
  solar_opex: 10
  solar_lifetime: 20
  carbon_price: 1.0
timeseries_values:
  load_level: 253676.44709054328
  wind_year: 2012
  solar_year: 2014
  price_year: 2023
  carbon_year: 2023
storage_values:
  CAES:
    cost: 78.2263
    lifetime: 27.807
    annual_cost: 2.8131873269320673
    efficiency: 0.622718
    discharge_ratio: 0.1
    depth_of_discharge: 0.4
  Li-ion:
    cost: 161.785
    lifetime: 18.5572
    annual_cost: 8.718179466729893
    efficiency: 0.869978
    discharge_ratio: 2
    depth_of_discharge: 0.9
  Pb-acid:
    cost: 172.023
    lifetime: 8.1333
    annual_cost: 21.15045553465383
    efficiency: 0.71678
    discharge_ratio: 5
    depth_of_discharge: 0.5
  VRBF:
    cost: 159.555
    lifetime: 26.7305
    annual_cost: 5.969024148444661
    efficiency: 0.75373
    discharge_ratio: 0.5
    depth_of_discharge: 1.0
