cost_values:
  wind_capex: 5000.0
  wind_opex: 100
  wind_lifetime: 20
  solar_capex: 1000.0
  solar_opex: 10
  solar_lifetime: 20
  carbon_price: 1.0
timeseries_values:
  load_level: 253676.44709054328
  wind_year: 2012
  solar_year: 2014
  price_year: 2023
  carbon_year: 2023
storage_values:
  CAES:
    cost: 78.2585
    lifetime: 26.4339
    annual_cost: 2.9605355244591225
    efficiency: 0.618058
    discharge_ratio: 0.1
    depth_of_discharge: 0.4
  Li-ion:
    cost: 179.818
    lifetime: 19.9969
    annual_cost: 8.992293805539859
    efficiency: 0.882336
    discharge_ratio: 2
    depth_of_discharge: 0.9
  Pb-acid:
    cost: 178.725
    lifetime: 10.1293
    annual_cost: 17.64435844530224
    efficiency: 0.71268
    discharge_ratio: 5
    depth_of_discharge: 0.5
  VRBF:
    cost: 166.711
    lifetime: 24.969
    annual_cost: 6.676719131723337
    efficiency: 0.731102
    discharge_ratio: 0.5
    depth_of_discharge: 1.0
