cost_values:
  wind_capex: 5000.0
  wind_opex: 100
  wind_lifetime: 20
  solar_capex: 1000.0
  solar_opex: 10
  solar_lifetime: 20
  carbon_price: 1.0
timeseries_values:
  load_level: 253676.44709054328
  wind_year: 2012
  solar_year: 2014
  price_year: 2023
  carbon_year: 2023
storage_values:
  CAES:
    cost: 77.1871
    lifetime: 27.638
    annual_cost: 2.7927889138143134
    efficiency: 0.613732
    discharge_ratio: 0.1
    depth_of_discharge: 0.4
  Li-ion:
    cost: 165.86
    lifetime: 16.9458
    annual_cost: 9.78767600231326
    efficiency: 0.879116
    discharge_ratio: 2
    depth_of_discharge: 0.9
  Pb-acid:
    cost: 209.972
    lifetime: 9.64544
    annual_cost: 21.769043195541105
    efficiency: 0.717361
    discharge_ratio: 5
    depth_of_discharge: 0.5
  VRBF:
    cost: 202.49
    lifetime: 28.0132
    annual_cost: 7.228378050347693
    efficiency: 0.752928
    discharge_ratio: 0.5
    depth_of_discharge: 1.0
