cost_values:
  wind_capex: 5000.0
  wind_opex: 100
  wind_lifetime: 20
  solar_capex: 1000.0
  solar_opex: 10
  solar_lifetime: 20
  carbon_price: 1.0
timeseries_values:
  load_level: 253676.44709054328
  wind_year: 2012
  solar_year: 2014
  price_year: 2023
  carbon_year: 2023
storage_values:
  CAES:
    cost: 79.6644
    lifetime: 27.961
    annual_cost: 2.8491255677550877
    efficiency: 0.616088
    discharge_ratio: 0.1
    depth_of_discharge: 0.4
  Li-ion:
    cost: 172.028
    lifetime: 17.3847
    annual_cost: 9.895367765909103
    efficiency: 0.864486
    discharge_ratio: 2
    depth_of_discharge: 0.9
  Pb-acid:
    cost: 178.523
    lifetime: 8.97606
    annual_cost: 19.888793078477637
    efficiency: 0.716544
    discharge_ratio: 5
    depth_of_discharge: 0.5
  VRBF:
    cost: 160.193
    lifetime: 27.7621
    annual_cost: 5.7702047035346755
    efficiency: 0.757059
    discharge_ratio: 0.5
    depth_of_discharge: 1.0
