cost_values:
  wind_capex: 5000.0
  wind_opex: 100
  wind_lifetime: 20
  solar_capex: 1000.0
  solar_opex: 10
  solar_lifetime: 20
  carbon_price: 1.0
timeseries_values:
  load_level: 253676.44709054328
  wind_year: 2012
  solar_year: 2014
  price_year: 2023
  carbon_year: 2023
storage_values:
  CAES:
    cost: 73.2666
    lifetime: 27.4655
    annual_cost: 2.667586608654494
    efficiency: 0.623691
    discharge_ratio: 0.1
    depth_of_discharge: 0.4
  Li-ion:
    cost: 153.579
    lifetime: 18.4714
    annual_cost: 8.31442121333521
    efficiency: 0.883069
    discharge_ratio: 2
    depth_of_discharge: 0.9
  Pb-acid:
    cost: 148.043
    lifetime: 9.64454
    annual_cost: 15.349928560615645
    efficiency: 0.734121
    discharge_ratio: 5
    depth_of_discharge: 0.5
  VRBF:
    cost: 176.264
    lifetime: 25.9424
    annual_cost: 6.794436906377205
    efficiency: 0.739558
    discharge_ratio: 0.5
    depth_of_discharge: 1.0
