cost_values:
  wind_capex: 5000.0
  wind_opex: 100
  wind_lifetime: 20
  solar_capex: 1000.0
  solar_opex: 10
  solar_lifetime: 20
  carbon_price: 1.0
timeseries_values:
  load_level: 253676.44709054328
  wind_year: 2012
  solar_year: 2014
  price_year: 2023
  carbon_year: 2023
storage_values:
  CAES:
    cost: 71.0527
    lifetime: 26.6027
    annual_cost: 2.6708830306698195
    efficiency: 0.61933
    discharge_ratio: 0.1
    depth_of_discharge: 0.4
  Li-ion:
    cost: 153.001
    lifetime: 18.9356
    annual_cost: 8.08007139990283
    efficiency: 0.86649
    discharge_ratio: 2
    depth_of_discharge: 0.9
  Pb-acid:
    cost: 188.079
    lifetime: 9.58032
    annual_cost: 19.631807705796884
    efficiency: 0.729342
    discharge_ratio: 5
    depth_of_discharge: 0.5
  VRBF:
    cost: 158.294
    lifetime: 27.0723
    annual_cost: 5.847083550344818
    efficiency: 0.735364
    discharge_ratio: 0.5
    depth_of_discharge: 1.0
