cost_values:
  wind_capex: 5000.0
  wind_opex: 100
  wind_lifetime: 20
  solar_capex: 1000.0
  solar_opex: 10
  solar_lifetime: 20
  carbon_price: 1.0
timeseries_values:
  load_level: 253676.44709054328
  wind_year: 2012
  solar_year: 2014
  price_year: 2023
  carbon_year: 2023
storage_values:
  CAES:
    cost: 83.3467
    lifetime: 26.5162
    annual_cost: 3.143236964572601
    efficiency: 0.60599
    discharge_ratio: 0.1
    depth_of_discharge: 0.4
  Li-ion:
    cost: 173.914
    lifetime: 18.1836
    annual_cost: 9.564332695395851
    efficiency: 0.892005
    discharge_ratio: 2
    depth_of_discharge: 0.9
  Pb-acid:
    cost: 164.388
    lifetime: 10.1436
    annual_cost: 16.206080681414885
    efficiency: 0.722997
    discharge_ratio: 5
    depth_of_discharge: 0.5
  VRBF:
    cost: 186.636
    lifetime: 27.4506
    annual_cost: 6.7989770715394195
    efficiency: 0.754464
    discharge_ratio: 0.5
    depth_of_discharge: 1.0
