cost_values:
  wind_capex: 5000.0
  wind_opex: 100
  wind_lifetime: 20
  solar_capex: 1000.0
  solar_opex: 10
  solar_lifetime: 20
  carbon_price: 1.0
timeseries_values:
  load_level: 253676.44709054328
  wind_year: 2012
  solar_year: 2014
  price_year: 2023
  carbon_year: 2023
storage_values:
  CAES:
    cost: 72.5577
    lifetime: 26.2265
    annual_cost: 2.766579604598402
    efficiency: 0.617113
    discharge_ratio: 0.1
    depth_of_discharge: 0.4
  Li-ion:
    cost: 196.495
    lifetime: 17.1856
    annual_cost: 11.433700307233963
    efficiency: 0.861956
    discharge_ratio: 2
    depth_of_discharge: 0.9
  Pb-acid:
    cost: 166.629
    lifetime: 7.09597
    annual_cost: 23.482201869511847
    efficiency: 0.720502
    discharge_ratio: 5
    depth_of_discharge: 0.5
  VRBF:
    cost: 158.663
    lifetime: 25.7872
    annual_cost: 6.152781224793697
    efficiency: 0.762557
    discharge_ratio: 0.5
    depth_of_discharge: 1.0
