cost_values:
  wind_capex: 5000.0
  wind_opex: 100
  wind_lifetime: 20
  solar_capex: 1000.0
  solar_opex: 10
  solar_lifetime: 20
  carbon_price: 1.0
timeseries_values:
  load_level: 253676.44709054328
  wind_year: 2012
  solar_year: 2014
  price_year: 2023
  carbon_year: 2023
storage_values:
  CAES:
    cost: 78.0301
    lifetime: 26.6718
    annual_cost: 2.9255655786261143
    efficiency: 0.621014
    discharge_ratio: 0.1
    depth_of_discharge: 0.4
  Li-ion:
    cost: 185.446
    lifetime: 19.9468
    annual_cost: 9.297030100066175
    efficiency: 0.867797
    discharge_ratio: 2
    depth_of_discharge: 0.9
  Pb-acid:
    cost: 156.646
    lifetime: 6.85011
    annual_cost: 22.867661979150697
    efficiency: 0.726143
    discharge_ratio: 5
    depth_of_discharge: 0.5
  VRBF:
    cost: 176.851
    lifetime: 26.3991
    annual_cost: 6.699129894579739
    efficiency: 0.735244
    discharge_ratio: 0.5
    depth_of_discharge: 1.0
