cost_values:
  wind_capex: 5000.0
  wind_opex: 100
  wind_lifetime: 20
  solar_capex: 1000.0
  solar_opex: 10
  solar_lifetime: 20
  carbon_price: 1.0
timeseries_values:
  load_level: 253676.44709054328
  wind_year: 2012
  solar_year: 2014
  price_year: 2023
  carbon_year: 2023
storage_values:
  CAES:
    cost: 67.4538
    lifetime: 27.2073
    annual_cost: 2.4792537296975445
    efficiency: 0.619272
    discharge_ratio: 0.1
    depth_of_discharge: 0.4
  Li-ion:
    cost: 176.701
    lifetime: 18.5518
    annual_cost: 9.52473614420164
    efficiency: 0.874072
    discharge_ratio: 2
    depth_of_discharge: 0.9
  Pb-acid:
    cost: 161.904
    lifetime: 8.76054
    annual_cost: 18.481052537857252
    efficiency: 0.720586
    discharge_ratio: 5
    depth_of_discharge: 0.5
  VRBF:
    cost: 174.984
    lifetime: 26.4787
    annual_cost: 6.6084815342142935
    efficiency: 0.762078
    discharge_ratio: 0.5
    depth_of_discharge: 1.0
