cost_values:
  wind_capex: 5000.0
  wind_opex: 100
  wind_lifetime: 20
  solar_capex: 1000.0
  solar_opex: 10
  solar_lifetime: 20
  carbon_price: 1.0
timeseries_values:
  load_level: 253676.44709054328
  wind_year: 2012
  solar_year: 2014
  price_year: 2023
  carbon_year: 2023
storage_values:
  CAES:
    cost: 67.8752
    lifetime: 28.6025
    annual_cost: 2.37305130670396
    efficiency: 0.618343
    discharge_ratio: 0.1
    depth_of_discharge: 0.4
  Li-ion:
    cost: 155.406
    lifetime: 18.1557
    annual_cost: 8.559625902609099
    efficiency: 0.86965
    discharge_ratio: 2
    depth_of_discharge: 0.9
  Pb-acid:
    cost: 164.614
    lifetime: 8.23514
    annual_cost: 19.989216941059897
    efficiency: 0.723415
    discharge_ratio: 5
    depth_of_discharge: 0.5
  VRBF:
    cost: 161.709
    lifetime: 27.7285
    annual_cost: 5.831869736913284
    efficiency: 0.748538
    discharge_ratio: 0.5
    depth_of_discharge: 1.0
