cost_values:
  wind_capex: 5000.0
  wind_opex: 100
  wind_lifetime: 20
  solar_capex: 1000.0
  solar_opex: 10
  solar_lifetime: 20
  carbon_price: 1.0
timeseries_values:
  load_level: 253676.44709054328
  wind_year: 2012
  solar_year: 2014
  price_year: 2023
  carbon_year: 2023
storage_values:
  CAES:
    cost: 69.7281
    lifetime: 27.4001
    annual_cost: 2.5448118802486124
    efficiency: 0.60737
    discharge_ratio: 0.1
    depth_of_discharge: 0.4
  Li-ion:
    cost: 177.421
    lifetime: 18.8131
    annual_cost: 9.430715830990108
    efficiency: 0.87745
    discharge_ratio: 2
    depth_of_discharge: 0.9
  Pb-acid:
    cost: 186.409
    lifetime: 9.93766
    annual_cost: 18.75783635181723
    efficiency: 0.721582
    discharge_ratio: 5
    depth_of_discharge: 0.5
  VRBF:
    cost: 167.227
    lifetime: 24.4647
    annual_cost: 6.83544045093543
    efficiency: 0.735915
    discharge_ratio: 0.5
    depth_of_discharge: 1.0
