cost_values:
  wind_capex: 5000.0
  wind_opex: 100
  wind_lifetime: 20
  solar_capex: 1000.0
  solar_opex: 10
  solar_lifetime: 20
  carbon_price: 1.0
timeseries_values:
  load_level: 253676.44709054328
  wind_year: 2012
  solar_year: 2014
  price_year: 2023
  carbon_year: 2023
storage_values:
  CAES:
    cost: 67.9902
    lifetime: 27.4386
    annual_cost: 2.477903391572456
    efficiency: 0.62207
    discharge_ratio: 0.1
    depth_of_discharge: 0.4
  Li-ion:
    cost: 141.259
    lifetime: 19.0454
    annual_cost: 7.416961576023605
    efficiency: 0.871395
    discharge_ratio: 2
    depth_of_discharge: 0.9
  Pb-acid:
    cost: 182.318
    lifetime: 8.75105
    annual_cost: 20.83384279600734
    efficiency: 0.718201
    discharge_ratio: 5
    depth_of_discharge: 0.5
  VRBF:
    cost: 157.217
    lifetime: 25.5466
    annual_cost: 6.1541261850892095
    efficiency: 0.746255
    discharge_ratio: 0.5
    depth_of_discharge: 1.0
