cost_values:
  wind_capex: 5000.0
  wind_opex: 100
  wind_lifetime: 20
  solar_capex: 1000.0
  solar_opex: 10
  solar_lifetime: 20
  carbon_price: 1.0
timeseries_values:
  load_level: 253676.44709054328
  wind_year: 2012
  solar_year: 2014
  price_year: 2023
  carbon_year: 2023
storage_values:
  CAES:
    cost: 77.3809
    lifetime: 28.1359
    annual_cost: 2.7502550122796854
    efficiency: 0.614877
    discharge_ratio: 0.1
    depth_of_discharge: 0.4
  Li-ion:
    cost: 168.586
    lifetime: 18.9356
    annual_cost: 8.903124273854539
    efficiency: 0.879468
    discharge_ratio: 2
    depth_of_discharge: 0.9
  Pb-acid:
    cost: 189.241
    lifetime: 5.26379
    annual_cost: 35.951472228185395
    efficiency: 0.721077
    discharge_ratio: 5
    depth_of_discharge: 0.5
  VRBF:
    cost: 168.774
    lifetime: 29.8457
    annual_cost: 5.654884958302201
    efficiency: 0.754083
    discharge_ratio: 0.5
    depth_of_discharge: 1.0
