cost_values:
  wind_capex: 5000.0
  wind_opex: 100
  wind_lifetime: 20
  solar_capex: 1000.0
  solar_opex: 10
  solar_lifetime: 20
  carbon_price: 1.0
timeseries_values:
  load_level: 253676.44709054328
  wind_year: 2012
  solar_year: 2014
  price_year: 2023
  carbon_year: 2023
storage_values:
  CAES:
    cost: 78.271
    lifetime: 26.1881
    annual_cost: 2.9888002566050993
    efficiency: 0.619267
    discharge_ratio: 0.1
    depth_of_discharge: 0.4
  Li-ion:
    cost: 150.741
    lifetime: 19.3602
    annual_cost: 7.786128242476835
    efficiency: 0.870686
    discharge_ratio: 2
    depth_of_discharge: 0.9
  Pb-acid:
    cost: 175.413
    lifetime: 9.86282
    annual_cost: 17.785278449774
    efficiency: 0.732341
    discharge_ratio: 5
    depth_of_discharge: 0.5
  VRBF:
    cost: 150.157
    lifetime: 24.9652
    annual_cost: 6.014652396135421
    efficiency: 0.757672
    discharge_ratio: 0.5
    depth_of_discharge: 1.0
