cost_values:
  wind_capex: 5000.0
  wind_opex: 100
  wind_lifetime: 20
  solar_capex: 1000.0
  solar_opex: 10
  solar_lifetime: 20
  carbon_price: 1.0
timeseries_values:
  load_level: 253676.44709054328
  wind_year: 2012
  solar_year: 2014
  price_year: 2023
  carbon_year: 2023
storage_values:
  CAES:
    cost: 66.4621
    lifetime: 27.8728
    annual_cost: 2.384478775006458
    efficiency: 0.60324
    discharge_ratio: 0.1
    depth_of_discharge: 0.4
  Li-ion:
    cost: 175.395
    lifetime: 18.8106
    annual_cost: 9.324263978820452
    efficiency: 0.87633
    discharge_ratio: 2
    depth_of_discharge: 0.9
  Pb-acid:
    cost: 181.755
    lifetime: 9.96848
    annual_cost: 18.23297032245638
    efficiency: 0.725597
    discharge_ratio: 5
    depth_of_discharge: 0.5
  VRBF:
    cost: 171.639
    lifetime: 26.9952
    annual_cost: 6.35813033428165
    efficiency: 0.738308
    discharge_ratio: 0.5
    depth_of_discharge: 1.0
