cost_values:
  wind_capex: 5000.0
  wind_opex: 100
  wind_lifetime: 20
  solar_capex: 1000.0
  solar_opex: 10
  solar_lifetime: 20
  carbon_price: 1.0
timeseries_values:
  load_level: 253676.44709054328
  wind_year: 2012
  solar_year: 2014
  price_year: 2023
  carbon_year: 2023
storage_values:
  CAES:
    cost: 76.4027
    lifetime: 26.8873
    annual_cost: 2.8415906394468764
    efficiency: 0.617089
    discharge_ratio: 0.1
    depth_of_discharge: 0.4
  Li-ion:
    cost: 152.475
    lifetime: 17.942
    annual_cost: 8.498216475309329
    efficiency: 0.876538
    discharge_ratio: 2
    depth_of_discharge: 0.9
  Pb-acid:
    cost: 180.12
    lifetime: 8.31241
    annual_cost: 21.668806038200714
    efficiency: 0.736287
    discharge_ratio: 5
    depth_of_discharge: 0.5
  VRBF:
    cost: 176.38
    lifetime: 26.7248
    annual_cost: 6.599862300185595
    efficiency: 0.748144
    discharge_ratio: 0.5
    depth_of_discharge: 1.0
