cost_values:
  wind_capex: 5000.0
  wind_opex: 100
  wind_lifetime: 20
  solar_capex: 1000.0
  solar_opex: 10
  solar_lifetime: 20
  carbon_price: 1.0
timeseries_values:
  load_level: 253676.44709054328
  wind_year: 2012
  solar_year: 2014
  price_year: 2023
  carbon_year: 2023
storage_values:
  CAES:
    cost: 69.9866
    lifetime: 27.2048
    annual_cost: 2.5725827795094984
    efficiency: 0.617313
    discharge_ratio: 0.1
    depth_of_discharge: 0.4
  Li-ion:
    cost: 168.831
    lifetime: 19.8808
    annual_cost: 8.492163293227636
    efficiency: 0.875953
    discharge_ratio: 2
    depth_of_discharge: 0.9
  Pb-acid:
    cost: 160.684
    lifetime: 9.06182
    annual_cost: 17.73197878571854
    efficiency: 0.723461
    discharge_ratio: 5
    depth_of_discharge: 0.5
  VRBF:
    cost: 175.176
    lifetime: 26.4244
    annual_cost: 6.629327439790496
    efficiency: 0.727043
    discharge_ratio: 0.5
    depth_of_discharge: 1.0
