cost_values:
  wind_capex: 5000.0
  wind_opex: 100
  wind_lifetime: 20
  solar_capex: 1000.0
  solar_opex: 10
  solar_lifetime: 20
  carbon_price: 1.0
timeseries_values:
  load_level: 253676.44709054328
  wind_year: 2012
  solar_year: 2014
  price_year: 2023
  carbon_year: 2023
storage_values:
  CAES:
    cost: 79.9598
    lifetime: 26.5894
    annual_cost: 3.0072058790345024
    efficiency: 0.62182
    discharge_ratio: 0.1
    depth_of_discharge: 0.4
  Li-ion:
    cost: 155.858
    lifetime: 18.121
    annual_cost: 8.600960211908836
    efficiency: 0.88209
    discharge_ratio: 2
    depth_of_discharge: 0.9
  Pb-acid:
    cost: 187.418
    lifetime: 10.1903
    annual_cost: 18.391803970442478
    efficiency: 0.728394
    discharge_ratio: 5
    depth_of_discharge: 0.5
  VRBF:
    cost: 152.602
    lifetime: 27.4134
    annual_cost: 5.566693660764444
    efficiency: 0.745609
    discharge_ratio: 0.5
    depth_of_discharge: 1.0
