cost_values:
  wind_capex: 5000.0
  wind_opex: 100
  wind_lifetime: 20
  solar_capex: 1000.0
  solar_opex: 10
  solar_lifetime: 20
  carbon_price: 1.0
timeseries_values:
  load_level: 253676.44709054328
  wind_year: 2012
  solar_year: 2014
  price_year: 2023
  carbon_year: 2023
storage_values:
  CAES:
    cost: 75.4489
    lifetime: 27.0457
    annual_cost: 2.7896819087692313
    efficiency: 0.603932
    discharge_ratio: 0.1
    depth_of_discharge: 0.4
  Li-ion:
    cost: 179.926
    lifetime: 18.8993
    annual_cost: 9.520246781626833
    efficiency: 0.873932
    discharge_ratio: 2
    depth_of_discharge: 0.9
  Pb-acid:
    cost: 153.357
    lifetime: 8.43608
    annual_cost: 18.178703852974365
    efficiency: 0.730112
    discharge_ratio: 5
    depth_of_discharge: 0.5
  VRBF:
    cost: 144.544
    lifetime: 27.0221
    annual_cost: 5.349103141502697
    efficiency: 0.747114
    discharge_ratio: 0.5
    depth_of_discharge: 1.0
