cost_values:
  wind_capex: 5000.0
  wind_opex: 100
  wind_lifetime: 20
  solar_capex: 1000.0
  solar_opex: 10
  solar_lifetime: 20
  carbon_price: 1.0
timeseries_values:
  load_level: 253676.44709054328
  wind_year: 2012
  solar_year: 2014
  price_year: 2023
  carbon_year: 2023
storage_values:
  CAES:
    cost: 77.3273
    lifetime: 28.2586
    annual_cost: 2.7364165245270464
    efficiency: 0.610733
    discharge_ratio: 0.1
    depth_of_discharge: 0.4
  Li-ion:
    cost: 162.012
    lifetime: 18.0155
    annual_cost: 8.992922760955844
    efficiency: 0.862252
    discharge_ratio: 2
    depth_of_discharge: 0.9
  Pb-acid:
    cost: 185.156
    lifetime: 10.0314
    annual_cost: 18.457643000976933
    efficiency: 0.728947
    discharge_ratio: 5
    depth_of_discharge: 0.5
  VRBF:
    cost: 192.705
    lifetime: 29.032
    annual_cost: 6.637675668228162
    efficiency: 0.740903
    discharge_ratio: 0.5
    depth_of_discharge: 1.0
