cost_values:
  wind_capex: 5000.0
  wind_opex: 100
  wind_lifetime: 20
  solar_capex: 1000.0
  solar_opex: 10
  solar_lifetime: 20
  carbon_price: 1.0
timeseries_values:
  load_level: 253676.44709054328
  wind_year: 2012
  solar_year: 2014
  price_year: 2023
  carbon_year: 2023
storage_values:
  CAES:
    cost: 72.6911
    lifetime: 27.4468
    annual_cost: 2.6484362475771315
    efficiency: 0.615193
    discharge_ratio: 0.1
    depth_of_discharge: 0.4
  Li-ion:
    cost: 200.713
    lifetime: 17.2588
    annual_cost: 11.629603448675457
    efficiency: 0.864622
    discharge_ratio: 2
    depth_of_discharge: 0.9
  Pb-acid:
    cost: 167.307
    lifetime: 8.26586
    annual_cost: 20.240725103014082
    efficiency: 0.715346
    discharge_ratio: 5
    depth_of_discharge: 0.5
  VRBF:
    cost: 186.381
    lifetime: 26.9256
    annual_cost: 6.9220741599073
    efficiency: 0.741867
    discharge_ratio: 0.5
    depth_of_discharge: 1.0
