cost_values:
  wind_capex: 5000.0
  wind_opex: 100
  wind_lifetime: 20
  solar_capex: 1000.0
  solar_opex: 10
  solar_lifetime: 20
  carbon_price: 1.0
timeseries_values:
  load_level: 253676.44709054328
  wind_year: 2012
  solar_year: 2014
  price_year: 2023
  carbon_year: 2023
storage_values:
  CAES:
    cost: 72.8702
    lifetime: 26.811
    annual_cost: 2.7179217485360487
    efficiency: 0.609441
    discharge_ratio: 0.1
    depth_of_discharge: 0.4
  Li-ion:
    cost: 146.402
    lifetime: 16.9679
    annual_cost: 8.628174376322349
    efficiency: 0.873978
    discharge_ratio: 2
    depth_of_discharge: 0.9
  Pb-acid:
    cost: 181.394
    lifetime: 9.64369
    annual_cost: 18.809605037076057
    efficiency: 0.729524
    discharge_ratio: 5
    depth_of_discharge: 0.5
  VRBF:
    cost: 161.42
    lifetime: 28.925
    annual_cost: 5.580639585133967
    efficiency: 0.750156
    discharge_ratio: 0.5
    depth_of_discharge: 1.0
