cost_values:
  wind_capex: 5000.0
  wind_opex: 100
  wind_lifetime: 20
  solar_capex: 1000.0
  solar_opex: 10
  solar_lifetime: 20
  carbon_price: 1.0
timeseries_values:
  load_level: 253676.44709054328
  wind_year: 2012
  solar_year: 2014
  price_year: 2023
  carbon_year: 2023
storage_values:
  CAES:
    cost: 80.8118
    lifetime: 27.7265
    annual_cost: 2.9146051611274415
    efficiency: 0.601384
    discharge_ratio: 0.1
    depth_of_discharge: 0.4
  Li-ion:
    cost: 170.82
    lifetime: 19.8744
    annual_cost: 8.594976452119308
    efficiency: 0.874307
    discharge_ratio: 2
    depth_of_discharge: 0.9
  Pb-acid:
    cost: 169.731
    lifetime: 8.38277
    annual_cost: 20.247603119255327
    efficiency: 0.720935
    discharge_ratio: 5
    depth_of_discharge: 0.5
  VRBF:
    cost: 173.445
    lifetime: 28.1782
    annual_cost: 6.1552902598462635
    efficiency: 0.753183
    discharge_ratio: 0.5
    depth_of_discharge: 1.0
