cost_values:
  wind_capex: 5000.0
  wind_opex: 100
  wind_lifetime: 20
  solar_capex: 1000.0
  solar_opex: 10
  solar_lifetime: 20
  carbon_price: 1.0
timeseries_values:
  load_level: 253676.44709054328
  wind_year: 2012
  solar_year: 2014
  price_year: 2023
  carbon_year: 2023
storage_values:
  CAES:
    cost: 68.9851
    lifetime: 26.8752
    annual_cost: 2.56686833958445
    efficiency: 0.62154
    discharge_ratio: 0.1
    depth_of_discharge: 0.4
  Li-ion:
    cost: 152.315
    lifetime: 17.5841
    annual_cost: 8.662086771572046
    efficiency: 0.881516
    discharge_ratio: 2
    depth_of_discharge: 0.9
  Pb-acid:
    cost: 185.676
    lifetime: 9.16678
    annual_cost: 20.255313207036714
    efficiency: 0.74185
    discharge_ratio: 5
    depth_of_discharge: 0.5
  VRBF:
    cost: 189.982
    lifetime: 25.634
    annual_cost: 7.411328704064914
    efficiency: 0.742078
    discharge_ratio: 0.5
    depth_of_discharge: 1.0
