cost_values:
  wind_capex: 5000.0
  wind_opex: 100
  wind_lifetime: 20
  solar_capex: 1000.0
  solar_opex: 10
  solar_lifetime: 20
  carbon_price: 1.0
timeseries_values:
  load_level: 253676.44709054328
  wind_year: 2012
  solar_year: 2014
  price_year: 2023
  carbon_year: 2023
storage_values:
  CAES:
    cost: 74.2661
    lifetime: 26.0088
    annual_cost: 2.8554220110116573
    efficiency: 0.614725
    discharge_ratio: 0.1
    depth_of_discharge: 0.4
  Li-ion:
    cost: 171.618
    lifetime: 16.9889
    annual_cost: 10.10177233370024
    efficiency: 0.87313
    discharge_ratio: 2
    depth_of_discharge: 0.9
  Pb-acid:
    cost: 181.95
    lifetime: 9.65233
    annual_cost: 18.850370843102134
    efficiency: 0.718656
    discharge_ratio: 5
    depth_of_discharge: 0.5
  VRBF:
    cost: 175.882
    lifetime: 27.5701
    annual_cost: 6.379447299792166
    efficiency: 0.742675
    discharge_ratio: 0.5
    depth_of_discharge: 1.0
