cost_values:
  wind_capex: 5000.0
  wind_opex: 100
  wind_lifetime: 20
  solar_capex: 1000.0
  solar_opex: 10
  solar_lifetime: 20
  carbon_price: 1.0
timeseries_values:
  load_level: 253676.44709054328
  wind_year: 2012
  solar_year: 2014
  price_year: 2023
  carbon_year: 2023
storage_values:
  CAES:
    cost: 77.0379
    lifetime: 27.8343
    annual_cost: 2.767732617669566
    efficiency: 0.60791
    discharge_ratio: 0.1
    depth_of_discharge: 0.4
  Li-ion:
    cost: 192.815
    lifetime: 17.5915
    annual_cost: 10.960691242929824
    efficiency: 0.878042
    discharge_ratio: 2
    depth_of_discharge: 0.9
  Pb-acid:
    cost: 174.475
    lifetime: 9.39598
    annual_cost: 18.569111471075928
    efficiency: 0.734807
    discharge_ratio: 5
    depth_of_discharge: 0.5
  VRBF:
    cost: 188.026
    lifetime: 28.0906
    annual_cost: 6.693555851423609
    efficiency: 0.747086
    discharge_ratio: 0.5
    depth_of_discharge: 1.0
