cost_values:
  wind_capex: 5000.0
  wind_opex: 100
  wind_lifetime: 20
  solar_capex: 1000.0
  solar_opex: 10
  solar_lifetime: 20
  carbon_price: 1.0
timeseries_values:
  load_level: 253676.44709054328
  wind_year: 2012
  solar_year: 2014
  price_year: 2023
  carbon_year: 2023
storage_values:
  CAES:
    cost: 64.4917
    lifetime: 26.0142
    annual_cost: 2.479096032167047
    efficiency: 0.611565
    discharge_ratio: 0.1
    depth_of_discharge: 0.4
  Li-ion:
    cost: 183.377
    lifetime: 17.6571
    annual_cost: 10.385454010001643
    efficiency: 0.873972
    discharge_ratio: 2
    depth_of_discharge: 0.9
  Pb-acid:
    cost: 151.018
    lifetime: 7.82038
    annual_cost: 19.310826328132393
    efficiency: 0.732622
    discharge_ratio: 5
    depth_of_discharge: 0.5
  VRBF:
    cost: 168.333
    lifetime: 27.4992
    annual_cost: 6.121378076453134
    efficiency: 0.749507
    discharge_ratio: 0.5
    depth_of_discharge: 1.0
