cost_values:
  wind_capex: 5000.0
  wind_opex: 100
  wind_lifetime: 20
  solar_capex: 1000.0
  solar_opex: 10
  solar_lifetime: 20
  carbon_price: 1.0
timeseries_values:
  load_level: 253676.44709054328
  wind_year: 2012
  solar_year: 2014
  price_year: 2023
  carbon_year: 2023
storage_values:
  CAES:
    cost: 78.4898
    lifetime: 26.9891
    annual_cost: 2.9082036822272697
    efficiency: 0.628894
    discharge_ratio: 0.1
    depth_of_discharge: 0.4
  Li-ion:
    cost: 150.881
    lifetime: 18.0844
    annual_cost: 8.343157638627769
    efficiency: 0.876286
    discharge_ratio: 2
    depth_of_discharge: 0.9
  Pb-acid:
    cost: 183.993
    lifetime: 9.10771
    annual_cost: 20.201894878075827
    efficiency: 0.737872
    discharge_ratio: 5
    depth_of_discharge: 0.5
  VRBF:
    cost: 179.83
    lifetime: 24.9825
    annual_cost: 7.198238767136996
    efficiency: 0.74133
    discharge_ratio: 0.5
    depth_of_discharge: 1.0
