cost_values:
  wind_capex: 5000.0
  wind_opex: 100
  wind_lifetime: 20
  solar_capex: 1000.0
  solar_opex: 10
  solar_lifetime: 20
  carbon_price: 1.0
timeseries_values:
  load_level: 253676.44709054328
  wind_year: 2012
  solar_year: 2014
  price_year: 2023
  carbon_year: 2023
storage_values:
  CAES:
    cost: 73.5321
    lifetime: 27.194
    annual_cost: 2.7039824961388543
    efficiency: 0.629816
    discharge_ratio: 0.1
    depth_of_discharge: 0.4
  Li-ion:
    cost: 143.788
    lifetime: 18.1854
    annual_cost: 7.906782363874317
    efficiency: 0.878942
    discharge_ratio: 2
    depth_of_discharge: 0.9
  Pb-acid:
    cost: 169.893
    lifetime: 9.15521
    annual_cost: 18.556974662514566
    efficiency: 0.721094
    discharge_ratio: 5
    depth_of_discharge: 0.5
  VRBF:
    cost: 176.642
    lifetime: 28.9333
    annual_cost: 6.105145282425441
    efficiency: 0.736194
    discharge_ratio: 0.5
    depth_of_discharge: 1.0
