cost_values:
  wind_capex: 5000.0
  wind_opex: 100
  wind_lifetime: 20
  solar_capex: 1000.0
  solar_opex: 10
  solar_lifetime: 20
  carbon_price: 1.0
timeseries_values:
  load_level: 253676.44709054328
  wind_year: 2012
  solar_year: 2014
  price_year: 2023
  carbon_year: 2023
storage_values:
  CAES:
    cost: 70.284
    lifetime: 27.0864
    annual_cost: 2.594807726386674
    efficiency: 0.609931
    discharge_ratio: 0.1
    depth_of_discharge: 0.4
  Li-ion:
    cost: 164.151
    lifetime: 17.2955
    annual_cost: 9.4909658581712
    efficiency: 0.873859
    discharge_ratio: 2
    depth_of_discharge: 0.9
  Pb-acid:
    cost: 172.186
    lifetime: 8.64734
    annual_cost: 19.912019187403295
    efficiency: 0.719453
    discharge_ratio: 5
    depth_of_discharge: 0.5
  VRBF:
    cost: 167.199
    lifetime: 24.4617
    annual_cost: 6.83513410760495
    efficiency: 0.758792
    discharge_ratio: 0.5
    depth_of_discharge: 1.0
