cost_values:
  wind_capex: 5000.0
  wind_opex: 100
  wind_lifetime: 20
  solar_capex: 1000.0
  solar_opex: 10
  solar_lifetime: 20
  carbon_price: 1.0
timeseries_values:
  load_level: 253676.44709054328
  wind_year: 2012
  solar_year: 2014
  price_year: 2023
  carbon_year: 2023
storage_values:
  CAES:
    cost: 78.8286
    lifetime: 28.0744
    annual_cost: 2.807846294132733
    efficiency: 0.614723
    discharge_ratio: 0.1
    depth_of_discharge: 0.4
  Li-ion:
    cost: 186.242
    lifetime: 19.494
    annual_cost: 9.553811429157689
    efficiency: 0.877198
    discharge_ratio: 2
    depth_of_discharge: 0.9
  Pb-acid:
    cost: 158.13
    lifetime: 10.0079
    annual_cost: 15.800517591103029
    efficiency: 0.732756
    discharge_ratio: 5
    depth_of_discharge: 0.5
  VRBF:
    cost: 186.322
    lifetime: 26.3858
    annual_cost: 7.061449719167128
    efficiency: 0.756958
    discharge_ratio: 0.5
    depth_of_discharge: 1.0
