cost_values:
  wind_capex: 5000.0
  wind_opex: 100
  wind_lifetime: 20
  solar_capex: 1000.0
  solar_opex: 10
  solar_lifetime: 20
  carbon_price: 1.0
timeseries_values:
  load_level: 253676.44709054328
  wind_year: 2012
  solar_year: 2014
  price_year: 2023
  carbon_year: 2023
storage_values:
  CAES:
    cost: 78.6643
    lifetime: 28.567
    annual_cost: 2.7536773199845976
    efficiency: 0.619806
    discharge_ratio: 0.1
    depth_of_discharge: 0.4
  Li-ion:
    cost: 163.963
    lifetime: 18.7053
    annual_cost: 8.765590501087926
    efficiency: 0.8763
    discharge_ratio: 2
    depth_of_discharge: 0.9
  Pb-acid:
    cost: 169.603
    lifetime: 7.78545
    annual_cost: 21.784611037255395
    efficiency: 0.720459
    discharge_ratio: 5
    depth_of_discharge: 0.5
  VRBF:
    cost: 175.808
    lifetime: 27.0668
    annual_cost: 6.495337461391816
    efficiency: 0.736763
    discharge_ratio: 0.5
    depth_of_discharge: 1.0
