cost_values:
  wind_capex: 5000.0
  wind_opex: 100
  wind_lifetime: 20
  solar_capex: 1000.0
  solar_opex: 10
  solar_lifetime: 20
  carbon_price: 1.0
timeseries_values:
  load_level: 253676.44709054328
  wind_year: 2012
  solar_year: 2014
  price_year: 2023
  carbon_year: 2023
storage_values:
  CAES:
    cost: 82.9264
    lifetime: 26.495
    annual_cost: 3.129888658237403
    efficiency: 0.613836
    discharge_ratio: 0.1
    depth_of_discharge: 0.4
  Li-ion:
    cost: 174.073
    lifetime: 20.0152
    annual_cost: 8.697040249410449
    efficiency: 0.862173
    discharge_ratio: 2
    depth_of_discharge: 0.9
  Pb-acid:
    cost: 159.832
    lifetime: 8.16927
    annual_cost: 19.565028454194806
    efficiency: 0.737396
    discharge_ratio: 5
    depth_of_discharge: 0.5
  VRBF:
    cost: 157.69
    lifetime: 25.9312
    annual_cost: 6.081091503671253
    efficiency: 0.745607
    discharge_ratio: 0.5
    depth_of_discharge: 1.0
