cost_values:
  wind_capex: 5000.0
  wind_opex: 100
  wind_lifetime: 20
  solar_capex: 1000.0
  solar_opex: 10
  solar_lifetime: 20
  carbon_price: 1.0
timeseries_values:
  load_level: 253676.44709054328
  wind_year: 2012
  solar_year: 2014
  price_year: 2023
  carbon_year: 2023
storage_values:
  CAES:
    cost: 76.6674
    lifetime: 26.9483
    annual_cost: 2.844980944994675
    efficiency: 0.615675
    discharge_ratio: 0.1
    depth_of_discharge: 0.4
  Li-ion:
    cost: 158.061
    lifetime: 19.3369
    annual_cost: 8.174060992196267
    efficiency: 0.891558
    discharge_ratio: 2
    depth_of_discharge: 0.9
  Pb-acid:
    cost: 163.223
    lifetime: 9.10658
    annual_cost: 17.923633241019136
    efficiency: 0.723437
    discharge_ratio: 5
    depth_of_discharge: 0.5
  VRBF:
    cost: 160.546
    lifetime: 26.7487
    annual_cost: 6.002011312699309
    efficiency: 0.75249
    discharge_ratio: 0.5
    depth_of_discharge: 1.0
