cost_values:
  wind_capex: 5000.0
  wind_opex: 100
  wind_lifetime: 20
  solar_capex: 1000.0
  solar_opex: 10
  solar_lifetime: 20
  carbon_price: 1.0
timeseries_values:
  load_level: 253676.44709054328
  wind_year: 2012
  solar_year: 2014
  price_year: 2023
  carbon_year: 2023
storage_values:
  CAES:
    cost: 61.925
    lifetime: 27.691
    annual_cost: 2.236286157957459
    efficiency: 0.610779
    discharge_ratio: 0.1
    depth_of_discharge: 0.4
  Li-ion:
    cost: 149.779
    lifetime: 17.6237
    annual_cost: 8.498726147176813
    efficiency: 0.879852
    discharge_ratio: 2
    depth_of_discharge: 0.9
  Pb-acid:
    cost: 155.267
    lifetime: 10.2568
    annual_cost: 15.13795725762421
    efficiency: 0.716131
    discharge_ratio: 5
    depth_of_discharge: 0.5
  VRBF:
    cost: 212.824
    lifetime: 25.4013
    annual_cost: 8.378468818525038
    efficiency: 0.743558
    discharge_ratio: 0.5
    depth_of_discharge: 1.0
