cost_values:
  wind_capex: 5000.0
  wind_opex: 100
  wind_lifetime: 20
  solar_capex: 1000.0
  solar_opex: 10
  solar_lifetime: 20
  carbon_price: 1.0
timeseries_values:
  load_level: 253676.44709054328
  wind_year: 2012
  solar_year: 2014
  price_year: 2023
  carbon_year: 2023
storage_values:
  CAES:
    cost: 71.046
    lifetime: 27.3122
    annual_cost: 2.601255116761008
    efficiency: 0.622066
    discharge_ratio: 0.1
    depth_of_discharge: 0.4
  Li-ion:
    cost: 153.525
    lifetime: 18.1265
    annual_cost: 8.469643891540011
    efficiency: 0.897492
    discharge_ratio: 2
    depth_of_discharge: 0.9
  Pb-acid:
    cost: 187.323
    lifetime: 8.54097
    annual_cost: 21.932286379650087
    efficiency: 0.717382
    discharge_ratio: 5
    depth_of_discharge: 0.5
  VRBF:
    cost: 187.558
    lifetime: 28.745
    annual_cost: 6.524891285440946
    efficiency: 0.743638
    discharge_ratio: 0.5
    depth_of_discharge: 1.0
