cost_values:
  wind_capex: 5000.0
  wind_opex: 100
  wind_lifetime: 20
  solar_capex: 1000.0
  solar_opex: 10
  solar_lifetime: 20
  carbon_price: 1.0
timeseries_values:
  load_level: 253676.44709054328
  wind_year: 2012
  solar_year: 2014
  price_year: 2023
  carbon_year: 2023
storage_values:
  CAES:
    cost: 68.5653
    lifetime: 27.2078
    annual_cost: 2.520060423849043
    efficiency: 0.621828
    discharge_ratio: 0.1
    depth_of_discharge: 0.4
  Li-ion:
    cost: 165.219
    lifetime: 20.5618
    annual_cost: 8.03524010543824
    efficiency: 0.86456
    discharge_ratio: 2
    depth_of_discharge: 0.9
  Pb-acid:
    cost: 195.752
    lifetime: 8.88755
    annual_cost: 22.025417578522767
    efficiency: 0.708558
    discharge_ratio: 5
    depth_of_discharge: 0.5
  VRBF:
    cost: 166.652
    lifetime: 28.3453
    annual_cost: 5.879352132452293
    efficiency: 0.743494
    discharge_ratio: 0.5
    depth_of_discharge: 1.0
