cost_values:
  wind_capex: 5000.0
  wind_opex: 100
  wind_lifetime: 20
  solar_capex: 1000.0
  solar_opex: 10
  solar_lifetime: 20
  carbon_price: 1.0
timeseries_values:
  load_level: 253676.44709054328
  wind_year: 2012
  solar_year: 2014
  price_year: 2023
  carbon_year: 2023
storage_values:
  CAES:
    cost: 75.3009
    lifetime: 25.8093
    annual_cost: 2.917587846241471
    efficiency: 0.615201
    discharge_ratio: 0.1
    depth_of_discharge: 0.4
  Li-ion:
    cost: 167.171
    lifetime: 17.9494
    annual_cost: 9.31345894570292
    efficiency: 0.864894
    discharge_ratio: 2
    depth_of_discharge: 0.9
  Pb-acid:
    cost: 170.073
    lifetime: 8.51176
    annual_cost: 19.980944011579272
    efficiency: 0.724113
    discharge_ratio: 5
    depth_of_discharge: 0.5
  VRBF:
    cost: 155.373
    lifetime: 25.0563
    annual_cost: 6.20095544833036
    efficiency: 0.748982
    discharge_ratio: 0.5
    depth_of_discharge: 1.0
