cost_values:
  wind_capex: 5000.0
  wind_opex: 100
  wind_lifetime: 20
  solar_capex: 1000.0
  solar_opex: 10
  solar_lifetime: 20
  carbon_price: 1.0
timeseries_values:
  load_level: 253676.44709054328
  wind_year: 2012
  solar_year: 2014
  price_year: 2023
  carbon_year: 2023
storage_values:
  CAES:
    cost: 75.9958
    lifetime: 27.4574
    annual_cost: 2.767771165514579
    efficiency: 0.622983
    discharge_ratio: 0.1
    depth_of_discharge: 0.4
  Li-ion:
    cost: 175.543
    lifetime: 18.3203
    annual_cost: 9.581884576125937
    efficiency: 0.887595
    discharge_ratio: 2
    depth_of_discharge: 0.9
  Pb-acid:
    cost: 169.677
    lifetime: 9.4845
    annual_cost: 17.889925668195474
    efficiency: 0.723164
    discharge_ratio: 5
    depth_of_discharge: 0.5
  VRBF:
    cost: 174.82
    lifetime: 25.9871
    annual_cost: 6.7271838719980295
    efficiency: 0.753622
    discharge_ratio: 0.5
    depth_of_discharge: 1.0
