cost_values:
  wind_capex: 5000.0
  wind_opex: 100
  wind_lifetime: 20
  solar_capex: 1000.0
  solar_opex: 10
  solar_lifetime: 20
  carbon_price: 1.0
timeseries_values:
  load_level: 253676.44709054328
  wind_year: 2012
  solar_year: 2014
  price_year: 2023
  carbon_year: 2023
storage_values:
  CAES:
    cost: 69.1294
    lifetime: 28.5517
    annual_cost: 2.4212008391794537
    efficiency: 0.614941
    discharge_ratio: 0.1
    depth_of_discharge: 0.4
  Li-ion:
    cost: 177.671
    lifetime: 19.0497
    annual_cost: 9.326708557090138
    efficiency: 0.870843
    discharge_ratio: 2
    depth_of_discharge: 0.9
  Pb-acid:
    cost: 188.744
    lifetime: 7.99883
    annual_cost: 23.596450980955964
    efficiency: 0.724671
    discharge_ratio: 5
    depth_of_discharge: 0.5
  VRBF:
    cost: 167.298
    lifetime: 26.124
    annual_cost: 6.40399632521819
    efficiency: 0.73209
    discharge_ratio: 0.5
    depth_of_discharge: 1.0
