cost_values:
  wind_capex: 5000.0
  wind_opex: 100
  wind_lifetime: 20
  solar_capex: 1000.0
  solar_opex: 10
  solar_lifetime: 20
  carbon_price: 1.0
timeseries_values:
  load_level: 253676.44709054328
  wind_year: 2012
  solar_year: 2014
  price_year: 2023
  carbon_year: 2023
storage_values:
  CAES:
    cost: 76.2957
    lifetime: 27.426
    annual_cost: 2.7818748632684316
    efficiency: 0.613421
    discharge_ratio: 0.1
    depth_of_discharge: 0.4
  Li-ion:
    cost: 166.553
    lifetime: 17.8674
    annual_cost: 9.32161366511076
    efficiency: 0.867011
    discharge_ratio: 2
    depth_of_discharge: 0.9
  Pb-acid:
    cost: 140.261
    lifetime: 9.59126
    annual_cost: 14.623834616098407
    efficiency: 0.729339
    discharge_ratio: 5
    depth_of_discharge: 0.5
  VRBF:
    cost: 181.959
    lifetime: 26.3582
    annual_cost: 6.903316614943358
    efficiency: 0.737041
    discharge_ratio: 0.5
    depth_of_discharge: 1.0
