cost_values:
  wind_capex: 5000.0
  wind_opex: 100
  wind_lifetime: 20
  solar_capex: 1000.0
  solar_opex: 10
  solar_lifetime: 20
  carbon_price: 1.0
timeseries_values:
  load_level: 253676.44709054328
  wind_year: 2012
  solar_year: 2014
  price_year: 2023
  carbon_year: 2023
storage_values:
  CAES:
    cost: 74.2429
    lifetime: 27.7326
    annual_cost: 2.6770984328912544
    efficiency: 0.620309
    discharge_ratio: 0.1
    depth_of_discharge: 0.4
  Li-ion:
    cost: 185.392
    lifetime: 17.985
    annual_cost: 10.308145676953016
    efficiency: 0.861246
    discharge_ratio: 2
    depth_of_discharge: 0.9
  Pb-acid:
    cost: 195.969
    lifetime: 7.90051
    annual_cost: 24.80460122194643
    efficiency: 0.732787
    discharge_ratio: 5
    depth_of_discharge: 0.5
  VRBF:
    cost: 172.395
    lifetime: 26.5868
    annual_cost: 6.484232777167617
    efficiency: 0.752259
    discharge_ratio: 0.5
    depth_of_discharge: 1.0
