cost_values:
  wind_capex: 5000.0
  wind_opex: 100
  wind_lifetime: 20
  solar_capex: 1000.0
  solar_opex: 10
  solar_lifetime: 20
  carbon_price: 1.0
timeseries_values:
  load_level: 253676.44709054328
  wind_year: 2012
  solar_year: 2014
  price_year: 2023
  carbon_year: 2023
storage_values:
  CAES:
    cost: 71.8988
    lifetime: 26.9479
    annual_cost: 2.6680668994615533
    efficiency: 0.609839
    discharge_ratio: 0.1
    depth_of_discharge: 0.4
  Li-ion:
    cost: 177.783
    lifetime: 18.9866
    annual_cost: 9.36360380478864
    efficiency: 0.859872
    discharge_ratio: 2
    depth_of_discharge: 0.9
  Pb-acid:
    cost: 173.89
    lifetime: 8.48956
    annual_cost: 20.482804762555418
    efficiency: 0.738745
    discharge_ratio: 5
    depth_of_discharge: 0.5
  VRBF:
    cost: 167.767
    lifetime: 25.2482
    annual_cost: 6.644711306152518
    efficiency: 0.757857
    discharge_ratio: 0.5
    depth_of_discharge: 1.0
