cost_values:
  wind_capex: 5000.0
  wind_opex: 100
  wind_lifetime: 20
  solar_capex: 1000.0
  solar_opex: 10
  solar_lifetime: 20
  carbon_price: 1.0
timeseries_values:
  load_level: 253676.44709054328
  wind_year: 2012
  solar_year: 2014
  price_year: 2023
  carbon_year: 2023
storage_values:
  CAES:
    cost: 72.2633
    lifetime: 26.8884
    annual_cost: 2.6875269633001593
    efficiency: 0.617249
    discharge_ratio: 0.1
    depth_of_discharge: 0.4
  Li-ion:
    cost: 149.134
    lifetime: 18.5615
    annual_cost: 8.034587721897475
    efficiency: 0.877172
    discharge_ratio: 2
    depth_of_discharge: 0.9
  Pb-acid:
    cost: 157.556
    lifetime: 10.1798
    annual_cost: 15.477317825497554
    efficiency: 0.738681
    discharge_ratio: 5
    depth_of_discharge: 0.5
  VRBF:
    cost: 182.873
    lifetime: 25.8803
    annual_cost: 7.066108198127534
    efficiency: 0.753034
    discharge_ratio: 0.5
    depth_of_discharge: 1.0
