cost_values:
  wind_capex: 5000.0
  wind_opex: 100
  wind_lifetime: 20
  solar_capex: 1000.0
  solar_opex: 10
  solar_lifetime: 20
  carbon_price: 1.0
timeseries_values:
  load_level: 253676.44709054328
  wind_year: 2012
  solar_year: 2014
  price_year: 2023
  carbon_year: 2023
storage_values:
  CAES:
    cost: 71.6396
    lifetime: 28.0259
    annual_cost: 2.556192664642349
    efficiency: 0.611793
    discharge_ratio: 0.1
    depth_of_discharge: 0.4
  Li-ion:
    cost: 167.0
    lifetime: 19.9932
    annual_cost: 8.352839965588299
    efficiency: 0.871341
    discharge_ratio: 2
    depth_of_discharge: 0.9
  Pb-acid:
    cost: 173.931
    lifetime: 9.62887
    annual_cost: 18.063490316101475
    efficiency: 0.732028
    discharge_ratio: 5
    depth_of_discharge: 0.5
  VRBF:
    cost: 166.923
    lifetime: 26.7948
    annual_cost: 6.229678892919522
    efficiency: 0.743249
    discharge_ratio: 0.5
    depth_of_discharge: 1.0
