cost_values:
  wind_capex: 5000.0
  wind_opex: 100
  wind_lifetime: 20
  solar_capex: 1000.0
  solar_opex: 10
  solar_lifetime: 20
  carbon_price: 1.0
timeseries_values:
  load_level: 253676.44709054328
  wind_year: 2012
  solar_year: 2014
  price_year: 2023
  carbon_year: 2023
storage_values:
  CAES:
    cost: 70.9053
    lifetime: 27.855
    annual_cost: 2.5455142703284865
    efficiency: 0.603272
    discharge_ratio: 0.1
    depth_of_discharge: 0.4
  Li-ion:
    cost: 164.414
    lifetime: 21.3975
    annual_cost: 7.683794835845308
    efficiency: 0.872356
    discharge_ratio: 2
    depth_of_discharge: 0.9
  Pb-acid:
    cost: 197.116
    lifetime: 10.5183
    annual_cost: 18.740290731391955
    efficiency: 0.711361
    discharge_ratio: 5
    depth_of_discharge: 0.5
  VRBF:
    cost: 147.932
    lifetime: 27.4257
    annual_cost: 5.393918842545496
    efficiency: 0.747462
    discharge_ratio: 0.5
    depth_of_discharge: 1.0
