cost_values:
  wind_capex: 5000.0
  wind_opex: 100
  wind_lifetime: 20
  solar_capex: 1000.0
  solar_opex: 10
  solar_lifetime: 20
  carbon_price: 1.0
timeseries_values:
  load_level: 253676.44709054328
  wind_year: 2012
  solar_year: 2014
  price_year: 2023
  carbon_year: 2023
storage_values:
  CAES:
    cost: 67.0428
    lifetime: 27.5372
    annual_cost: 2.434626614180091
    efficiency: 0.615604
    discharge_ratio: 0.1
    depth_of_discharge: 0.4
  Li-ion:
    cost: 165.776
    lifetime: 19.3232
    annual_cost: 8.579117330462864
    efficiency: 0.884429
    discharge_ratio: 2
    depth_of_discharge: 0.9
  Pb-acid:
    cost: 167.76
    lifetime: 10.2084
    annual_cost: 16.433525332079466
    efficiency: 0.728582
    discharge_ratio: 5
    depth_of_discharge: 0.5
  VRBF:
    cost: 197.067
    lifetime: 26.8082
    annual_cost: 7.350997082982073
    efficiency: 0.744404
    discharge_ratio: 0.5
    depth_of_discharge: 1.0
