cost_values:
  wind_capex: 5000.0
  wind_opex: 100
  wind_lifetime: 20
  solar_capex: 1000.0
  solar_opex: 10
  solar_lifetime: 20
  carbon_price: 1.0
timeseries_values:
  load_level: 253676.44709054328
  wind_year: 2012
  solar_year: 2014
  price_year: 2023
  carbon_year: 2023
storage_values:
  CAES:
    cost: 75.5849
    lifetime: 27.4352
    annual_cost: 2.7550336793608214
    efficiency: 0.624992
    discharge_ratio: 0.1
    depth_of_discharge: 0.4
  Li-ion:
    cost: 161.467
    lifetime: 19.2958
    annual_cost: 8.367986815783746
    efficiency: 0.862366
    discharge_ratio: 2
    depth_of_discharge: 0.9
  Pb-acid:
    cost: 178.936
    lifetime: 7.77209
    annual_cost: 23.022893455942995
    efficiency: 0.724221
    discharge_ratio: 5
    depth_of_discharge: 0.5
  VRBF:
    cost: 210.211
    lifetime: 26.2398
    annual_cost: 8.011150999626523
    efficiency: 0.74474
    discharge_ratio: 0.5
    depth_of_discharge: 1.0
