cost_values:
  wind_capex: 5000.0
  wind_opex: 100
  wind_lifetime: 20
  solar_capex: 1000.0
  solar_opex: 10
  solar_lifetime: 20
  carbon_price: 1.0
timeseries_values:
  load_level: 253676.44709054328
  wind_year: 2012
  solar_year: 2014
  price_year: 2023
  carbon_year: 2023
storage_values:
  CAES:
    cost: 68.389
    lifetime: 26.7397
    annual_cost: 2.5575829197784565
    efficiency: 0.618311
    discharge_ratio: 0.1
    depth_of_discharge: 0.4
  Li-ion:
    cost: 186.763
    lifetime: 18.2758
    annual_cost: 10.219142253690674
    efficiency: 0.87224
    discharge_ratio: 2
    depth_of_discharge: 0.9
  Pb-acid:
    cost: 182.477
    lifetime: 8.19795
    annual_cost: 22.25885739727615
    efficiency: 0.720597
    discharge_ratio: 5
    depth_of_discharge: 0.5
  VRBF:
    cost: 165.836
    lifetime: 26.658
    annual_cost: 6.220871783329582
    efficiency: 0.729514
    discharge_ratio: 0.5
    depth_of_discharge: 1.0
