cost_values:
  wind_capex: 5000.0
  wind_opex: 100
  wind_lifetime: 20
  solar_capex: 1000.0
  solar_opex: 10
  solar_lifetime: 20
  carbon_price: 1.0
timeseries_values:
  load_level: 253676.44709054328
  wind_year: 2012
  solar_year: 2014
  price_year: 2023
  carbon_year: 2023
storage_values:
  CAES:
    cost: 69.9508
    lifetime: 27.2367
    annual_cost: 2.568255331960186
    efficiency: 0.609646
    discharge_ratio: 0.1
    depth_of_discharge: 0.4
  Li-ion:
    cost: 169.373
    lifetime: 16.0734
    annual_cost: 10.537471847897768
    efficiency: 0.863719
    discharge_ratio: 2
    depth_of_discharge: 0.9
  Pb-acid:
    cost: 165.481
    lifetime: 6.69787
    annual_cost: 24.706511174447996
    efficiency: 0.715245
    discharge_ratio: 5
    depth_of_discharge: 0.5
  VRBF:
    cost: 176.646
    lifetime: 26.3828
    annual_cost: 6.695498582409751
    efficiency: 0.757676
    discharge_ratio: 0.5
    depth_of_discharge: 1.0
