cost_values:
  wind_capex: 5000.0
  wind_opex: 100
  wind_lifetime: 20
  solar_capex: 1000.0
  solar_opex: 10
  solar_lifetime: 20
  carbon_price: 1.0
timeseries_values:
  load_level: 253676.44709054328
  wind_year: 2012
  solar_year: 2014
  price_year: 2023
  carbon_year: 2023
storage_values:
  CAES:
    cost: 80.8728
    lifetime: 28.4176
    annual_cost: 2.8458701649681886
    efficiency: 0.60451
    discharge_ratio: 0.1
    depth_of_discharge: 0.4
  Li-ion:
    cost: 177.119
    lifetime: 18.8542
    annual_cost: 9.394140297652513
    efficiency: 0.864894
    discharge_ratio: 2
    depth_of_discharge: 0.9
  Pb-acid:
    cost: 175.017
    lifetime: 8.58366
    annual_cost: 20.389554106290323
    efficiency: 0.727615
    discharge_ratio: 5
    depth_of_discharge: 0.5
  VRBF:
    cost: 191.85
    lifetime: 27.5437
    annual_cost: 6.965295149162966
    efficiency: 0.774479
    discharge_ratio: 0.5
    depth_of_discharge: 1.0
