cost_values:
  wind_capex: 5000.0
  wind_opex: 100
  wind_lifetime: 20
  solar_capex: 1000.0
  solar_opex: 10
  solar_lifetime: 20
  carbon_price: 1.0
timeseries_values:
  load_level: 253676.44709054328
  wind_year: 2012
  solar_year: 2014
  price_year: 2023
  carbon_year: 2023
storage_values:
  CAES:
    cost: 67.4462
    lifetime: 27.4639
    annual_cost: 2.4558129034842104
    efficiency: 0.606021
    discharge_ratio: 0.1
    depth_of_discharge: 0.4
  Li-ion:
    cost: 170.226
    lifetime: 16.6857
    annual_cost: 10.201909419442996
    efficiency: 0.864831
    discharge_ratio: 2
    depth_of_discharge: 0.9
  Pb-acid:
    cost: 173.854
    lifetime: 8.67001
    annual_cost: 20.052341346780455
    efficiency: 0.736936
    discharge_ratio: 5
    depth_of_discharge: 0.5
  VRBF:
    cost: 150.43
    lifetime: 26.1812
    annual_cost: 5.745725940751379
    efficiency: 0.750659
    discharge_ratio: 0.5
    depth_of_discharge: 1.0
