cost_values:
  wind_capex: 5000.0
  wind_opex: 100
  wind_lifetime: 20
  solar_capex: 1000.0
  solar_opex: 10
  solar_lifetime: 20
  carbon_price: 1.0
timeseries_values:
  load_level: 253676.44709054328
  wind_year: 2012
  solar_year: 2014
  price_year: 2023
  carbon_year: 2023
storage_values:
  CAES:
    cost: 73.1958
    lifetime: 27.7466
    annual_cost: 2.6380097020896254
    efficiency: 0.622467
    discharge_ratio: 0.1
    depth_of_discharge: 0.4
  Li-ion:
    cost: 165.063
    lifetime: 17.4851
    annual_cost: 9.440209092312884
    efficiency: 0.870573
    discharge_ratio: 2
    depth_of_discharge: 0.9
  Pb-acid:
    cost: 175.964
    lifetime: 8.77541
    annual_cost: 20.051940593089096
    efficiency: 0.70816
    discharge_ratio: 5
    depth_of_discharge: 0.5
  VRBF:
    cost: 199.217
    lifetime: 26.125
    annual_cost: 7.62553110047847
    efficiency: 0.72869
    discharge_ratio: 0.5
    depth_of_discharge: 1.0
