cost_values:
  wind_capex: 5000.0
  wind_opex: 100
  wind_lifetime: 20
  solar_capex: 1000.0
  solar_opex: 10
  solar_lifetime: 20
  carbon_price: 1.0
timeseries_values:
  load_level: 253676.44709054328
  wind_year: 2012
  solar_year: 2014
  price_year: 2023
  carbon_year: 2023
storage_values:
  CAES:
    cost: 72.5949
    lifetime: 27.9344
    annual_cost: 2.5987635317028466
    efficiency: 0.624191
    discharge_ratio: 0.1
    depth_of_discharge: 0.4
  Li-ion:
    cost: 172.065
    lifetime: 17.2224
    annual_cost: 9.990767837235229
    efficiency: 0.866217
    discharge_ratio: 2
    depth_of_discharge: 0.9
  Pb-acid:
    cost: 177.516
    lifetime: 7.94421
    annual_cost: 22.345330750320045
    efficiency: 0.730566
    discharge_ratio: 5
    depth_of_discharge: 0.5
  VRBF:
    cost: 154.35
    lifetime: 25.6382
    annual_cost: 6.020313438540927
    efficiency: 0.741343
    discharge_ratio: 0.5
    depth_of_discharge: 1.0
