cost_values:
  wind_capex: 5000.0
  wind_opex: 100
  wind_lifetime: 20
  solar_capex: 1000.0
  solar_opex: 10
  solar_lifetime: 20
  carbon_price: 1.0
timeseries_values:
  load_level: 253676.44709054328
  wind_year: 2012
  solar_year: 2014
  price_year: 2023
  carbon_year: 2023
storage_values:
  CAES:
    cost: 72.8818
    lifetime: 27.263
    annual_cost: 2.673286138722811
    efficiency: 0.615992
    discharge_ratio: 0.1
    depth_of_discharge: 0.4
  Li-ion:
    cost: 169.757
    lifetime: 17.4793
    annual_cost: 9.711887775826265
    efficiency: 0.86682
    discharge_ratio: 2
    depth_of_discharge: 0.9
  Pb-acid:
    cost: 183.03
    lifetime: 8.05641
    annual_cost: 22.718555783531375
    efficiency: 0.72777
    discharge_ratio: 5
    depth_of_discharge: 0.5
  VRBF:
    cost: 191.043
    lifetime: 24.8381
    annual_cost: 7.691530350550163
    efficiency: 0.730859
    discharge_ratio: 0.5
    depth_of_discharge: 1.0
