cost_values:
  wind_capex: 5000.0
  wind_opex: 100
  wind_lifetime: 20
  solar_capex: 1000.0
  solar_opex: 10
  solar_lifetime: 20
  carbon_price: 1.0
timeseries_values:
  load_level: 253676.44709054328
  wind_year: 2012
  solar_year: 2014
  price_year: 2023
  carbon_year: 2023
storage_values:
  CAES:
    cost: 83.7273
    lifetime: 26.8296
    annual_cost: 3.1207062349047323
    efficiency: 0.614971
    discharge_ratio: 0.1
    depth_of_discharge: 0.4
  Li-ion:
    cost: 175.315
    lifetime: 19.3278
    annual_cost: 9.070613313465579
    efficiency: 0.868121
    discharge_ratio: 2
    depth_of_discharge: 0.9
  Pb-acid:
    cost: 166.252
    lifetime: 9.1754
    annual_cost: 18.11931904876082
    efficiency: 0.719964
    discharge_ratio: 5
    depth_of_discharge: 0.5
  VRBF:
    cost: 143.831
    lifetime: 27.0218
    annual_cost: 5.322776424960587
    efficiency: 0.75689
    discharge_ratio: 0.5
    depth_of_discharge: 1.0
