cost_values:
  wind_capex: 5000.0
  wind_opex: 100
  wind_lifetime: 20
  solar_capex: 1000.0
  solar_opex: 10
  solar_lifetime: 20
  carbon_price: 1.0
timeseries_values:
  load_level: 253676.44709054328
  wind_year: 2012
  solar_year: 2014
  price_year: 2023
  carbon_year: 2023
storage_values:
  CAES:
    cost: 75.2545
    lifetime: 27.8209
    annual_cost: 2.704962815724868
    efficiency: 0.611499
    discharge_ratio: 0.1
    depth_of_discharge: 0.4
  Li-ion:
    cost: 193.007
    lifetime: 19.1105
    annual_cost: 10.099526438345414
    efficiency: 0.864337
    discharge_ratio: 2
    depth_of_discharge: 0.9
  Pb-acid:
    cost: 177.43
    lifetime: 8.87258
    annual_cost: 19.99756553336234
    efficiency: 0.709345
    discharge_ratio: 5
    depth_of_discharge: 0.5
  VRBF:
    cost: 177.323
    lifetime: 25.5001
    annual_cost: 6.953815867388756
    efficiency: 0.746178
    discharge_ratio: 0.5
    depth_of_discharge: 1.0
