cost_values:
  wind_capex: 5000.0
  wind_opex: 100
  wind_lifetime: 20
  solar_capex: 1000.0
  solar_opex: 10
  solar_lifetime: 20
  carbon_price: 1.0
timeseries_values:
  load_level: 253676.44709054328
  wind_year: 2012
  solar_year: 2014
  price_year: 2023
  carbon_year: 2023
storage_values:
  CAES:
    cost: 74.1156
    lifetime: 27.1562
    annual_cost: 2.729233103306059
    efficiency: 0.615856
    discharge_ratio: 0.1
    depth_of_discharge: 0.4
  Li-ion:
    cost: 198.192
    lifetime: 17.9702
    annual_cost: 11.028925665824532
    efficiency: 0.879445
    discharge_ratio: 2
    depth_of_discharge: 0.9
  Pb-acid:
    cost: 182.338
    lifetime: 8.08433
    annual_cost: 22.55449740423758
    efficiency: 0.727315
    discharge_ratio: 5
    depth_of_discharge: 0.5
  VRBF:
    cost: 158.536
    lifetime: 26.2097
    annual_cost: 6.0487529426128495
    efficiency: 0.732327
    discharge_ratio: 0.5
    depth_of_discharge: 1.0
