cost_values:
  wind_capex: 5000.0
  wind_opex: 100
  wind_lifetime: 20
  solar_capex: 1000.0
  solar_opex: 10
  solar_lifetime: 20
  carbon_price: 1.0
timeseries_values:
  load_level: 253676.44709054328
  wind_year: 2012
  solar_year: 2014
  price_year: 2023
  carbon_year: 2023
storage_values:
  CAES:
    cost: 69.7845
    lifetime: 26.946
    annual_cost: 2.589790692496103
    efficiency: 0.613891
    discharge_ratio: 0.1
    depth_of_discharge: 0.4
  Li-ion:
    cost: 169.913
    lifetime: 18.7506
    annual_cost: 9.061736691092554
    efficiency: 0.872277
    discharge_ratio: 2
    depth_of_discharge: 0.9
  Pb-acid:
    cost: 174.896
    lifetime: 8.09674
    annual_cost: 21.600792417689092
    efficiency: 0.737453
    discharge_ratio: 5
    depth_of_discharge: 0.5
  VRBF:
    cost: 174.596
    lifetime: 24.9067
    annual_cost: 7.010001324944693
    efficiency: 0.740252
    discharge_ratio: 0.5
    depth_of_discharge: 1.0
