cost_values:
  wind_capex: 5000.0
  wind_opex: 100
  wind_lifetime: 20
  solar_capex: 1000.0
  solar_opex: 10
  solar_lifetime: 20
  carbon_price: 1.0
timeseries_values:
  load_level: 253676.44709054328
  wind_year: 2012
  solar_year: 2014
  price_year: 2023
  carbon_year: 2023
storage_values:
  CAES:
    cost: 75.1592
    lifetime: 27.2172
    annual_cost: 2.7614596652117043
    efficiency: 0.613609
    discharge_ratio: 0.1
    depth_of_discharge: 0.4
  Li-ion:
    cost: 156.44
    lifetime: 18.3055
    annual_cost: 8.546065390183278
    efficiency: 0.863376
    discharge_ratio: 2
    depth_of_discharge: 0.9
  Pb-acid:
    cost: 170.483
    lifetime: 10.3882
    annual_cost: 16.41121657264974
    efficiency: 0.724094
    discharge_ratio: 5
    depth_of_discharge: 0.5
  VRBF:
    cost: 166.726
    lifetime: 28.4346
    annual_cost: 5.863490254830383
    efficiency: 0.757961
    discharge_ratio: 0.5
    depth_of_discharge: 1.0
