cost_values:
  wind_capex: 5000.0
  wind_opex: 100
  wind_lifetime: 20
  solar_capex: 1000.0
  solar_opex: 10
  solar_lifetime: 20
  carbon_price: 1.0
timeseries_values:
  load_level: 253676.44709054328
  wind_year: 2012
  solar_year: 2014
  price_year: 2023
  carbon_year: 2023
storage_values:
  CAES:
    cost: 68.0023
    lifetime: 26.6458
    annual_cost: 2.552083255147153
    efficiency: 0.617805
    discharge_ratio: 0.1
    depth_of_discharge: 0.4
  Li-ion:
    cost: 172.916
    lifetime: 20.2389
    annual_cost: 8.54374496637663
    efficiency: 0.886154
    discharge_ratio: 2
    depth_of_discharge: 0.9
  Pb-acid:
    cost: 207.169
    lifetime: 10.0555
    annual_cost: 20.6025558152255
    efficiency: 0.719919
    discharge_ratio: 5
    depth_of_discharge: 0.5
  VRBF:
    cost: 182.097
    lifetime: 25.9681
    annual_cost: 7.0123343640851665
    efficiency: 0.731524
    discharge_ratio: 0.5
    depth_of_discharge: 1.0
