cost_values:
  wind_capex: 5000.0
  wind_opex: 100
  wind_lifetime: 20
  solar_capex: 1000.0
  solar_opex: 10
  solar_lifetime: 20
  carbon_price: 1.0
timeseries_values:
  load_level: 253676.44709054328
  wind_year: 2012
  solar_year: 2014
  price_year: 2023
  carbon_year: 2023
storage_values:
  CAES:
    cost: 72.4752
    lifetime: 26.7539
    annual_cost: 2.708958320095388
    efficiency: 0.60742
    discharge_ratio: 0.1
    depth_of_discharge: 0.4
  Li-ion:
    cost: 193.525
    lifetime: 16.541
    annual_cost: 11.699715857566048
    efficiency: 0.857755
    discharge_ratio: 2
    depth_of_discharge: 0.9
  Pb-acid:
    cost: 194.09
    lifetime: 9.32783
    annual_cost: 20.807626211026573
    efficiency: 0.738103
    discharge_ratio: 5
    depth_of_discharge: 0.5
  VRBF:
    cost: 199.665
    lifetime: 25.3156
    annual_cost: 7.887034081751963
    efficiency: 0.726449
    discharge_ratio: 0.5
    depth_of_discharge: 1.0
