cost_values:
  wind_capex: 5000.0
  wind_opex: 100
  wind_lifetime: 20
  solar_capex: 1000.0
  solar_opex: 10
  solar_lifetime: 20
  carbon_price: 1.0
timeseries_values:
  load_level: 253676.44709054328
  wind_year: 2012
  solar_year: 2014
  price_year: 2023
  carbon_year: 2023
storage_values:
  CAES:
    cost: 76.9467
    lifetime: 26.8236
    annual_cost: 2.868619424685725
    efficiency: 0.609769
    discharge_ratio: 0.1
    depth_of_discharge: 0.4
  Li-ion:
    cost: 158.125
    lifetime: 18.5377
    annual_cost: 8.529914714338886
    efficiency: 0.881508
    discharge_ratio: 2
    depth_of_discharge: 0.9
  Pb-acid:
    cost: 178.407
    lifetime: 8.26708
    annual_cost: 21.58041291483813
    efficiency: 0.723559
    discharge_ratio: 5
    depth_of_discharge: 0.5
  VRBF:
    cost: 178.968
    lifetime: 25.4994
    annual_cost: 7.018518082778417
    efficiency: 0.731561
    discharge_ratio: 0.5
    depth_of_discharge: 1.0
