cost_values:
  wind_capex: 5000.0
  wind_opex: 100
  wind_lifetime: 20
  solar_capex: 1000.0
  solar_opex: 10
  solar_lifetime: 20
  carbon_price: 1.0
timeseries_values:
  load_level: 253676.44709054328
  wind_year: 2012
  solar_year: 2014
  price_year: 2023
  carbon_year: 2023
storage_values:
  CAES:
    cost: 75.0788
    lifetime: 27.1361
    annual_cost: 2.7667498277202696
    efficiency: 0.607261
    discharge_ratio: 0.1
    depth_of_discharge: 0.4
  Li-ion:
    cost: 183.4
    lifetime: 17.3883
    annual_cost: 10.547322049884118
    efficiency: 0.857298
    discharge_ratio: 2
    depth_of_discharge: 0.9
  Pb-acid:
    cost: 158.279
    lifetime: 8.21497
    annual_cost: 19.26714278932242
    efficiency: 0.723871
    discharge_ratio: 5
    depth_of_discharge: 0.5
  VRBF:
    cost: 155.63
    lifetime: 29.5945
    annual_cost: 5.258747402388957
    efficiency: 0.737458
    discharge_ratio: 0.5
    depth_of_discharge: 1.0
