cost_values:
  wind_capex: 5000.0
  wind_opex: 100
  wind_lifetime: 20
  solar_capex: 1000.0
  solar_opex: 10
  solar_lifetime: 20
  carbon_price: 1.0
timeseries_values:
  load_level: 253676.44709054328
  wind_year: 2012
  solar_year: 2014
  price_year: 2023
  carbon_year: 2023
storage_values:
  CAES:
    cost: 72.3945
    lifetime: 28.2163
    annual_cost: 2.56569784131867
    efficiency: 0.610843
    discharge_ratio: 0.1
    depth_of_discharge: 0.4
  Li-ion:
    cost: 149.918
    lifetime: 16.7724
    annual_cost: 8.938374949321505
    efficiency: 0.883827
    discharge_ratio: 2
    depth_of_discharge: 0.9
  Pb-acid:
    cost: 173.547
    lifetime: 8.05082
    annual_cost: 21.556437729324465
    efficiency: 0.710599
    discharge_ratio: 5
    depth_of_discharge: 0.5
  VRBF:
    cost: 180.956
    lifetime: 28.5557
    annual_cost: 6.336948490143824
    efficiency: 0.744457
    discharge_ratio: 0.5
    depth_of_discharge: 1.0
