cost_values:
  wind_capex: 5000.0
  wind_opex: 100
  wind_lifetime: 20
  solar_capex: 1000.0
  solar_opex: 10
  solar_lifetime: 20
  carbon_price: 1.0
timeseries_values:
  load_level: 253676.44709054328
  wind_year: 2012
  solar_year: 2014
  price_year: 2023
  carbon_year: 2023
storage_values:
  CAES:
    cost: 76.4797
    lifetime: 28.0346
    annual_cost: 2.7280467707761122
    efficiency: 0.614065
    discharge_ratio: 0.1
    depth_of_discharge: 0.4
  Li-ion:
    cost: 164.391
    lifetime: 15.7706
    annual_cost: 10.42389002320774
    efficiency: 0.863193
    discharge_ratio: 2
    depth_of_discharge: 0.9
  Pb-acid:
    cost: 185.983
    lifetime: 8.56742
    annual_cost: 21.708168853633882
    efficiency: 0.720809
    discharge_ratio: 5
    depth_of_discharge: 0.5
  VRBF:
    cost: 189.657
    lifetime: 28.1779
    annual_cost: 6.730700300590179
    efficiency: 0.766667
    discharge_ratio: 0.5
    depth_of_discharge: 1.0
