cost_values:
  wind_capex: 5000.0
  wind_opex: 100
  wind_lifetime: 20
  solar_capex: 1000.0
  solar_opex: 10
  solar_lifetime: 20
  carbon_price: 1.0
timeseries_values:
  load_level: 253676.44709054328
  wind_year: 2012
  solar_year: 2014
  price_year: 2023
  carbon_year: 2023
storage_values:
  CAES:
    cost: 68.0703
    lifetime: 27.0063
    annual_cost: 2.520534097599449
    efficiency: 0.620905
    discharge_ratio: 0.1
    depth_of_discharge: 0.4
  Li-ion:
    cost: 189.742
    lifetime: 19.382
    annual_cost: 9.789598596636052
    efficiency: 0.882282
    discharge_ratio: 2
    depth_of_discharge: 0.9
  Pb-acid:
    cost: 181.279
    lifetime: 6.59807
    annual_cost: 27.47454937580232
    efficiency: 0.71526
    discharge_ratio: 5
    depth_of_discharge: 0.5
  VRBF:
    cost: 165.948
    lifetime: 25.9727
    annual_cost: 6.389324174999134
    efficiency: 0.74098
    discharge_ratio: 0.5
    depth_of_discharge: 1.0
