cost_values:
  wind_capex: 5000.0
  wind_opex: 100
  wind_lifetime: 20
  solar_capex: 1000.0
  solar_opex: 10
  solar_lifetime: 20
  carbon_price: 1.0
timeseries_values:
  load_level: 253676.44709054328
  wind_year: 2012
  solar_year: 2014
  price_year: 2023
  carbon_year: 2023
storage_values:
  CAES:
    cost: 76.6224
    lifetime: 28.1715
    annual_cost: 2.719855172781002
    efficiency: 0.61682
    discharge_ratio: 0.1
    depth_of_discharge: 0.4
  Li-ion:
    cost: 163.601
    lifetime: 20.1005
    annual_cost: 8.139150767393845
    efficiency: 0.885391
    discharge_ratio: 2
    depth_of_discharge: 0.9
  Pb-acid:
    cost: 178.153
    lifetime: 8.15199
    annual_cost: 21.85392769127538
    efficiency: 0.721492
    discharge_ratio: 5
    depth_of_discharge: 0.5
  VRBF:
    cost: 153.438
    lifetime: 26.6773
    annual_cost: 5.751631536924651
    efficiency: 0.724546
    discharge_ratio: 0.5
    depth_of_discharge: 1.0
