cost_values:
  wind_capex: 5000.0
  wind_opex: 100
  wind_lifetime: 20
  solar_capex: 1000.0
  solar_opex: 10
  solar_lifetime: 20
  carbon_price: 1.0
timeseries_values:
  load_level: 253676.44709054328
  wind_year: 2012
  solar_year: 2014
  price_year: 2023
  carbon_year: 2023
storage_values:
  CAES:
    cost: 66.02
    lifetime: 26.8712
    annual_cost: 2.456905534550001
    efficiency: 0.610885
    discharge_ratio: 0.1
    depth_of_discharge: 0.4
  Li-ion:
    cost: 178.087
    lifetime: 21.7969
    annual_cost: 8.170290270634814
    efficiency: 0.872287
    discharge_ratio: 2
    depth_of_discharge: 0.9
  Pb-acid:
    cost: 175.318
    lifetime: 8.49676
    annual_cost: 20.6335120681295
    efficiency: 0.723082
    discharge_ratio: 5
    depth_of_discharge: 0.5
  VRBF:
    cost: 190.306
    lifetime: 27.1898
    annual_cost: 6.99916880594929
    efficiency: 0.75018
    discharge_ratio: 0.5
    depth_of_discharge: 1.0
