cost_values:
  wind_capex: 5000.0
  wind_opex: 100
  wind_lifetime: 20
  solar_capex: 1000.0
  solar_opex: 10
  solar_lifetime: 20
  carbon_price: 1.0
timeseries_values:
  load_level: 253676.44709054328
  wind_year: 2012
  solar_year: 2014
  price_year: 2023
  carbon_year: 2023
storage_values:
  CAES:
    cost: 80.6187
    lifetime: 27.1653
    annual_cost: 2.9677088049828275
    efficiency: 0.625485
    discharge_ratio: 0.1
    depth_of_discharge: 0.4
  Li-ion:
    cost: 164.616
    lifetime: 16.7504
    annual_cost: 9.827586206896553
    efficiency: 0.866913
    discharge_ratio: 2
    depth_of_discharge: 0.9
  Pb-acid:
    cost: 164.691
    lifetime: 7.40971
    annual_cost: 22.226375931041837
    efficiency: 0.725373
    discharge_ratio: 5
    depth_of_discharge: 0.5
  VRBF:
    cost: 172.412
    lifetime: 24.7253
    annual_cost: 6.973100427497341
    efficiency: 0.772082
    discharge_ratio: 0.5
    depth_of_discharge: 1.0
