cost_values:
  wind_capex: 5000.0
  wind_opex: 100
  wind_lifetime: 20
  solar_capex: 1000.0
  solar_opex: 10
  solar_lifetime: 20
  carbon_price: 1.0
timeseries_values:
  load_level: 253676.44709054328
  wind_year: 2012
  solar_year: 2014
  price_year: 2023
  carbon_year: 2023
storage_values:
  CAES:
    cost: 80.7717
    lifetime: 27.3051
    annual_cost: 2.9581177142731576
    efficiency: 0.614206
    discharge_ratio: 0.1
    depth_of_discharge: 0.4
  Li-ion:
    cost: 161.002
    lifetime: 19.1115
    annual_cost: 8.42435183004997
    efficiency: 0.857717
    discharge_ratio: 2
    depth_of_discharge: 0.9
  Pb-acid:
    cost: 159.652
    lifetime: 8.04812
    annual_cost: 19.837179366112828
    efficiency: 0.722016
    discharge_ratio: 5
    depth_of_discharge: 0.5
  VRBF:
    cost: 185.601
    lifetime: 24.8924
    annual_cost: 7.456131188635889
    efficiency: 0.76987
    discharge_ratio: 0.5
    depth_of_discharge: 1.0
