cost_values:
  wind_capex: 5000.0
  wind_opex: 100
  wind_lifetime: 20
  solar_capex: 1000.0
  solar_opex: 10
  solar_lifetime: 20
  carbon_price: 1.0
timeseries_values:
  load_level: 253676.44709054328
  wind_year: 2012
  solar_year: 2014
  price_year: 2023
  carbon_year: 2023
storage_values:
  CAES:
    cost: 71.0219
    lifetime: 27.4774
    annual_cost: 2.5847387307387164
    efficiency: 0.616726
    discharge_ratio: 0.1
    depth_of_discharge: 0.4
  Li-ion:
    cost: 177.885
    lifetime: 18.1053
    annual_cost: 9.825023611870558
    efficiency: 0.874074
    discharge_ratio: 2
    depth_of_discharge: 0.9
  Pb-acid:
    cost: 173.756
    lifetime: 9.11176
    annual_cost: 19.06942237284564
    efficiency: 0.722381
    discharge_ratio: 5
    depth_of_discharge: 0.5
  VRBF:
    cost: 180.859
    lifetime: 26.6177
    annual_cost: 6.794689248131883
    efficiency: 0.734915
    discharge_ratio: 0.5
    depth_of_discharge: 1.0
