cost_values:
  wind_capex: 5000.0
  wind_opex: 100
  wind_lifetime: 20
  solar_capex: 1000.0
  solar_opex: 10
  solar_lifetime: 20
  carbon_price: 1.0
timeseries_values:
  load_level: 253676.44709054328
  wind_year: 2012
  solar_year: 2014
  price_year: 2023
  carbon_year: 2023
storage_values:
  CAES:
    cost: 69.5248
    lifetime: 27.3789
    annual_cost: 2.5393569500600828
    efficiency: 0.612233
    discharge_ratio: 0.1
    depth_of_discharge: 0.4
  Li-ion:
    cost: 155.361
    lifetime: 20.0034
    annual_cost: 7.766729655958487
    efficiency: 0.881498
    discharge_ratio: 2
    depth_of_discharge: 0.9
  Pb-acid:
    cost: 174.19
    lifetime: 7.70227
    annual_cost: 22.61541078149688
    efficiency: 0.718035
    discharge_ratio: 5
    depth_of_discharge: 0.5
  VRBF:
    cost: 114.706
    lifetime: 24.2534
    annual_cost: 4.729481227374307
    efficiency: 0.747033
    discharge_ratio: 0.5
    depth_of_discharge: 1.0
