cost_values:
  wind_capex: 5000.0
  wind_opex: 100
  wind_lifetime: 20
  solar_capex: 1000.0
  solar_opex: 10
  solar_lifetime: 20
  carbon_price: 1.0
timeseries_values:
  load_level: 253676.44709054328
  wind_year: 2012
  solar_year: 2014
  price_year: 2023
  carbon_year: 2023
storage_values:
  CAES:
    cost: 70.2343
    lifetime: 28.4195
    annual_cost: 2.471341860342371
    efficiency: 0.619775
    discharge_ratio: 0.1
    depth_of_discharge: 0.4
  Li-ion:
    cost: 178.421
    lifetime: 18.0628
    annual_cost: 9.87781517815621
    efficiency: 0.860792
    discharge_ratio: 2
    depth_of_discharge: 0.9
  Pb-acid:
    cost: 182.819
    lifetime: 9.54796
    annual_cost: 19.147440919316796
    efficiency: 0.73249
    discharge_ratio: 5
    depth_of_discharge: 0.5
  VRBF:
    cost: 195.021
    lifetime: 25.6044
    annual_cost: 7.616698692412242
    efficiency: 0.733034
    discharge_ratio: 0.5
    depth_of_discharge: 1.0
