cost_values:
  wind_capex: 5000.0
  wind_opex: 100
  wind_lifetime: 20
  solar_capex: 1000.0
  solar_opex: 10
  solar_lifetime: 20
  carbon_price: 1.0
timeseries_values:
  load_level: 253676.44709054328
  wind_year: 2012
  solar_year: 2014
  price_year: 2023
  carbon_year: 2023
storage_values:
  CAES:
    cost: 68.0607
    lifetime: 28.0354
    annual_cost: 2.4276700171925496
    efficiency: 0.615974
    discharge_ratio: 0.1
    depth_of_discharge: 0.4
  Li-ion:
    cost: 168.306
    lifetime: 16.8571
    annual_cost: 9.984279621049886
    efficiency: 0.873746
    discharge_ratio: 2
    depth_of_discharge: 0.9
  Pb-acid:
    cost: 174.766
    lifetime: 7.58651
    annual_cost: 23.036415954108016
    efficiency: 0.73047
    discharge_ratio: 5
    depth_of_discharge: 0.5
  VRBF:
    cost: 190.313
    lifetime: 28.0109
    annual_cost: 6.794247953475254
    efficiency: 0.73816
    discharge_ratio: 0.5
    depth_of_discharge: 1.0
