cost_values:
  wind_capex: 5000.0
  wind_opex: 100
  wind_lifetime: 20
  solar_capex: 1000.0
  solar_opex: 10
  solar_lifetime: 20
  carbon_price: 1.0
timeseries_values:
  load_level: 253676.44709054328
  wind_year: 2012
  solar_year: 2014
  price_year: 2023
  carbon_year: 2023
storage_values:
  CAES:
    cost: 75.3768
    lifetime: 27.9641
    annual_cost: 2.6954845677136046
    efficiency: 0.61339
    discharge_ratio: 0.1
    depth_of_discharge: 0.4
  Li-ion:
    cost: 173.105
    lifetime: 17.3108
    annual_cost: 9.99982669778404
    efficiency: 0.870768
    discharge_ratio: 2
    depth_of_discharge: 0.9
  Pb-acid:
    cost: 171.744
    lifetime: 9.21287
    annual_cost: 18.641747902662253
    efficiency: 0.73138
    discharge_ratio: 5
    depth_of_discharge: 0.5
  VRBF:
    cost: 173.444
    lifetime: 26.6244
    annual_cost: 6.51447544357807
    efficiency: 0.722647
    discharge_ratio: 0.5
    depth_of_discharge: 1.0
