cost_values:
  wind_capex: 5000.0
  wind_opex: 100
  wind_lifetime: 20
  solar_capex: 1000.0
  solar_opex: 10
  solar_lifetime: 20
  carbon_price: 1.0
timeseries_values:
  load_level: 253676.44709054328
  wind_year: 2012
  solar_year: 2014
  price_year: 2023
  carbon_year: 2023
storage_values:
  CAES:
    cost: 71.8866
    lifetime: 27.6473
    annual_cost: 2.6001309350280133
    efficiency: 0.614041
    discharge_ratio: 0.1
    depth_of_discharge: 0.4
  Li-ion:
    cost: 183.977
    lifetime: 18.429
    annual_cost: 9.983015898855067
    efficiency: 0.873772
    discharge_ratio: 2
    depth_of_discharge: 0.9
  Pb-acid:
    cost: 177.126
    lifetime: 8.97383
    annual_cost: 19.73806056054104
    efficiency: 0.722701
    discharge_ratio: 5
    depth_of_discharge: 0.5
  VRBF:
    cost: 172.467
    lifetime: 27.5737
    annual_cost: 6.254764503856937
    efficiency: 0.749629
    discharge_ratio: 0.5
    depth_of_discharge: 1.0
