cost_values:
  wind_capex: 5000.0
  wind_opex: 100
  wind_lifetime: 20
  solar_capex: 1000.0
  solar_opex: 10
  solar_lifetime: 20
  carbon_price: 1.0
timeseries_values:
  load_level: 253676.44709054328
  wind_year: 2012
  solar_year: 2014
  price_year: 2023
  carbon_year: 2023
storage_values:
  CAES:
    cost: 66.9797
    lifetime: 28.0728
    annual_cost: 2.3859287281639165
    efficiency: 0.620917
    discharge_ratio: 0.1
    depth_of_discharge: 0.4
  Li-ion:
    cost: 173.058
    lifetime: 18.1909
    annual_cost: 9.513438037700169
    efficiency: 0.872228
    discharge_ratio: 2
    depth_of_discharge: 0.9
  Pb-acid:
    cost: 168.888
    lifetime: 7.37266
    annual_cost: 22.907336022548172
    efficiency: 0.70885
    discharge_ratio: 5
    depth_of_discharge: 0.5
  VRBF:
    cost: 178.752
    lifetime: 26.8328
    annual_cost: 6.661697623803704
    efficiency: 0.771143
    discharge_ratio: 0.5
    depth_of_discharge: 1.0
