cost_values:
  wind_capex: 5000.0
  wind_opex: 100
  wind_lifetime: 20
  solar_capex: 1000.0
  solar_opex: 10
  solar_lifetime: 20
  carbon_price: 1.0
timeseries_values:
  load_level: 245060.03140897164
  wind_year: 2018
  solar_year: 2013
  price_year: 2023
  carbon_year: 2023
storage_values:
  CAES:
    cost: 41.706
    lifetime: 26.7538
    annual_cost: 1.5588813551719758
    efficiency: 0.597708
    discharge_ratio: 0.1
    depth_of_discharge: 0.4
  Li-ion:
    cost: 282.952
    lifetime: 17.8549
    annual_cost: 15.8473024211841
    efficiency: 0.910688
    discharge_ratio: 2
    depth_of_discharge: 0.9
  Pb-acid:
    cost: 191.464
    lifetime: 10.9644
    annual_cost: 17.46233264018095
    efficiency: 0.775083
    discharge_ratio: 5
    depth_of_discharge: 0.5
  VRBF:
    cost: 307.971
    lifetime: 20.6991
    annual_cost: 14.87847297708596
    efficiency: 0.789563
    discharge_ratio: 0.5
    depth_of_discharge: 1.0
