cost_values:
  wind_capex: 5000.0
  wind_opex: 100
  wind_lifetime: 20
  solar_capex: 1000.0
  solar_opex: 10
  solar_lifetime: 20
  carbon_price: 1.0
timeseries_values:
  load_level: 245060.03140897164
  wind_year: 2018
  solar_year: 2013
  price_year: 2023
  carbon_year: 2023
storage_values:
  CAES:
    cost: 42.5792
    lifetime: 26.3048
    annual_cost: 1.6186855630911468
    efficiency: 0.619013
    discharge_ratio: 0.1
    depth_of_discharge: 0.4
  Li-ion:
    cost: 281.705
    lifetime: 19.8211
    annual_cost: 14.212379736745184
    efficiency: 0.916401
    discharge_ratio: 2
    depth_of_discharge: 0.9
  Pb-acid:
    cost: 194.243
    lifetime: 10.1455
    annual_cost: 19.145729633827806
    efficiency: 0.777775
    discharge_ratio: 5
    depth_of_discharge: 0.5
  VRBF:
    cost: 330.271
    lifetime: 19.7562
    annual_cost: 16.717334305180145
    efficiency: 0.75824
    discharge_ratio: 0.5
    depth_of_discharge: 1.0
