cost_values:
  wind_capex: 5000.0
  wind_opex: 100
  wind_lifetime: 20
  solar_capex: 1000.0
  solar_opex: 10
  solar_lifetime: 20
  carbon_price: 1.0
timeseries_values:
  load_level: 245060.03140897164
  wind_year: 2018
  solar_year: 2013
  price_year: 2023
  carbon_year: 2023
storage_values:
  CAES:
    cost: 42.2661
    lifetime: 26.1521
    annual_cost: 1.616164667464563
    efficiency: 0.604231
    discharge_ratio: 0.1
    depth_of_discharge: 0.4
  Li-ion:
    cost: 298.839
    lifetime: 18.9793
    annual_cost: 15.745522753736967
    efficiency: 0.909362
    discharge_ratio: 2
    depth_of_discharge: 0.9
  Pb-acid:
    cost: 188.699
    lifetime: 10.7769
    annual_cost: 17.509580677189174
    efficiency: 0.762705
    discharge_ratio: 5
    depth_of_discharge: 0.5
  VRBF:
    cost: 337.402
    lifetime: 19.5995
    annual_cost: 17.214826908849716
    efficiency: 0.802963
    discharge_ratio: 0.5
    depth_of_discharge: 1.0
