cost_values:
  wind_capex: 5000.0
  wind_opex: 100
  wind_lifetime: 20
  solar_capex: 1000.0
  solar_opex: 10
  solar_lifetime: 20
  carbon_price: 1.0
timeseries_values:
  load_level: 245060.03140897164
  wind_year: 2018
  solar_year: 2013
  price_year: 2023
  carbon_year: 2023
storage_values:
  CAES:
    cost: 44.5855
    lifetime: 27.1468
    annual_cost: 1.642385106163526
    efficiency: 0.616582
    discharge_ratio: 0.1
    depth_of_discharge: 0.4
  Li-ion:
    cost: 283.62
    lifetime: 19.7487
    annual_cost: 14.361451639854776
    efficiency: 0.91722
    discharge_ratio: 2
    depth_of_discharge: 0.9
  Pb-acid:
    cost: 216.419
    lifetime: 11.6955
    annual_cost: 18.50446753024668
    efficiency: 0.775355
    discharge_ratio: 5
    depth_of_discharge: 0.5
  VRBF:
    cost: 324.116
    lifetime: 21.4669
    annual_cost: 15.098407315448435
    efficiency: 0.801417
    discharge_ratio: 0.5
    depth_of_discharge: 1.0
