cost_values:
  wind_capex: 5000.0
  wind_opex: 100
  wind_lifetime: 20
  solar_capex: 1000.0
  solar_opex: 10
  solar_lifetime: 20
  carbon_price: 1.0
timeseries_values:
  load_level: 245060.03140897164
  wind_year: 2018
  solar_year: 2013
  price_year: 2023
  carbon_year: 2023
storage_values:
  CAES:
    cost: 36.7777
    lifetime: 25.9997
    annual_cost: 1.414543244729747
    efficiency: 0.603439
    discharge_ratio: 0.1
    depth_of_discharge: 0.4
  Li-ion:
    cost: 278.054
    lifetime: 17.2269
    annual_cost: 16.140686948899685
    efficiency: 0.910842
    discharge_ratio: 2
    depth_of_discharge: 0.9
  Pb-acid:
    cost: 188.313
    lifetime: 8.41818
    annual_cost: 22.36979964790489
    efficiency: 0.773072
    discharge_ratio: 5
    depth_of_discharge: 0.5
  VRBF:
    cost: 298.89
    lifetime: 21.2266
    annual_cost: 14.080917339564508
    efficiency: 0.805589
    discharge_ratio: 0.5
    depth_of_discharge: 1.0
