cost_values:
  wind_capex: 5000.0
  wind_opex: 100
  wind_lifetime: 20
  solar_capex: 1000.0
  solar_opex: 10
  solar_lifetime: 20
  carbon_price: 1.0
timeseries_values:
  load_level: 245060.03140897164
  wind_year: 2018
  solar_year: 2013
  price_year: 2023
  carbon_year: 2023
storage_values:
  CAES:
    cost: 34.619
    lifetime: 26.5838
    annual_cost: 1.3022592706836493
    efficiency: 0.611431
    discharge_ratio: 0.1
    depth_of_discharge: 0.4
  Li-ion:
    cost: 271.551
    lifetime: 18.7759
    annual_cost: 14.462742132201384
    efficiency: 0.917995
    discharge_ratio: 2
    depth_of_discharge: 0.9
  Pb-acid:
    cost: 182.525
    lifetime: 9.89772
    annual_cost: 18.441115731703867
    efficiency: 0.769482
    discharge_ratio: 5
    depth_of_discharge: 0.5
  VRBF:
    cost: 326.944
    lifetime: 21.6602
    annual_cost: 15.094228123470698
    efficiency: 0.797504
    discharge_ratio: 0.5
    depth_of_discharge: 1.0
