cost_values:
  wind_capex: 5000.0
  wind_opex: 100
  wind_lifetime: 20
  solar_capex: 1000.0
  solar_opex: 10
  solar_lifetime: 20
  carbon_price: 1.0
timeseries_values:
  load_level: 245060.03140897164
  wind_year: 2018
  solar_year: 2013
  price_year: 2023
  carbon_year: 2023
storage_values:
  CAES:
    cost: 39.9547
    lifetime: 26.8418
    annual_cost: 1.4885253597001693
    efficiency: 0.608389
    discharge_ratio: 0.1
    depth_of_discharge: 0.4
  Li-ion:
    cost: 284.918
    lifetime: 17.7808
    annual_cost: 16.0239134347161
    efficiency: 0.90237
    discharge_ratio: 2
    depth_of_discharge: 0.9
  Pb-acid:
    cost: 206.22
    lifetime: 10.6625
    annual_cost: 19.340679953106683
    efficiency: 0.769386
    discharge_ratio: 5
    depth_of_discharge: 0.5
  VRBF:
    cost: 287.224
    lifetime: 19.997
    annual_cost: 14.363354503175476
    efficiency: 0.772287
    discharge_ratio: 0.5
    depth_of_discharge: 1.0
