cost_values:
  wind_capex: 5000.0
  wind_opex: 100
  wind_lifetime: 20
  solar_capex: 1000.0
  solar_opex: 10
  solar_lifetime: 20
  carbon_price: 1.0
timeseries_values:
  load_level: 245060.03140897164
  wind_year: 2018
  solar_year: 2013
  price_year: 2023
  carbon_year: 2023
storage_values:
  CAES:
    cost: 43.2823
    lifetime: 26.1255
    annual_cost: 1.656707048668925
    efficiency: 0.613537
    discharge_ratio: 0.1
    depth_of_discharge: 0.4
  Li-ion:
    cost: 274.85
    lifetime: 17.6766
    annual_cost: 15.54880463437539
    efficiency: 0.908165
    discharge_ratio: 2
    depth_of_discharge: 0.9
  Pb-acid:
    cost: 223.984
    lifetime: 10.0815
    annual_cost: 22.21732877052026
    efficiency: 0.780487
    discharge_ratio: 5
    depth_of_discharge: 0.5
  VRBF:
    cost: 301.605
    lifetime: 19.6732
    annual_cost: 15.330754529003924
    efficiency: 0.763982
    discharge_ratio: 0.5
    depth_of_discharge: 1.0
