cost_values:
  wind_capex: 5000.0
  wind_opex: 100
  wind_lifetime: 20
  solar_capex: 1000.0
  solar_opex: 10
  solar_lifetime: 20
  carbon_price: 1.0
timeseries_values:
  load_level: 245060.03140897164
  wind_year: 2018
  solar_year: 2013
  price_year: 2023
  carbon_year: 2023
storage_values:
  CAES:
    cost: 37.1718
    lifetime: 25.6217
    annual_cost: 1.4507936631839415
    efficiency: 0.612329
    discharge_ratio: 0.1
    depth_of_discharge: 0.4
  Li-ion:
    cost: 284.902
    lifetime: 20.2097
    annual_cost: 14.09728991523872
    efficiency: 0.912691
    discharge_ratio: 2
    depth_of_discharge: 0.9
  Pb-acid:
    cost: 198.774
    lifetime: 12.3397
    annual_cost: 16.108495344295243
    efficiency: 0.766258
    discharge_ratio: 5
    depth_of_discharge: 0.5
  VRBF:
    cost: 321.876
    lifetime: 19.269
    annual_cost: 16.704343764595983
    efficiency: 0.794604
    discharge_ratio: 0.5
    depth_of_discharge: 1.0
