cost_values:
  wind_capex: 5000.0
  wind_opex: 100
  wind_lifetime: 20
  solar_capex: 1000.0
  solar_opex: 10
  solar_lifetime: 20
  carbon_price: 1.0
timeseries_values:
  load_level: 245060.03140897164
  wind_year: 2018
  solar_year: 2013
  price_year: 2023
  carbon_year: 2023
storage_values:
  CAES:
    cost: 45.3389
    lifetime: 26.1046
    annual_cost: 1.7368164997739861
    efficiency: 0.61944
    discharge_ratio: 0.1
    depth_of_discharge: 0.4
  Li-ion:
    cost: 282.701
    lifetime: 16.1891
    annual_cost: 17.462428424063106
    efficiency: 0.909852
    discharge_ratio: 2
    depth_of_discharge: 0.9
  Pb-acid:
    cost: 180.831
    lifetime: 10.7893
    annual_cost: 16.760216140064692
    efficiency: 0.796822
    discharge_ratio: 5
    depth_of_discharge: 0.5
  VRBF:
    cost: 290.924
    lifetime: 20.338
    annual_cost: 14.304454715311238
    efficiency: 0.794757
    discharge_ratio: 0.5
    depth_of_discharge: 1.0
