cost_values:
  wind_capex: 5000.0
  wind_opex: 100
  wind_lifetime: 20
  solar_capex: 1000.0
  solar_opex: 10
  solar_lifetime: 20
  carbon_price: 1.0
timeseries_values:
  load_level: 245060.03140897164
  wind_year: 2018
  solar_year: 2013
  price_year: 2023
  carbon_year: 2023
storage_values:
  CAES:
    cost: 38.0563
    lifetime: 26.6908
    annual_cost: 1.425820882101698
    efficiency: 0.601853
    discharge_ratio: 0.1
    depth_of_discharge: 0.4
  Li-ion:
    cost: 291.181
    lifetime: 18.6966
    annual_cost: 15.57400810842613
    efficiency: 0.919351
    discharge_ratio: 2
    depth_of_discharge: 0.9
  Pb-acid:
    cost: 190.095
    lifetime: 11.6833
    annual_cost: 16.27065983069852
    efficiency: 0.795958
    discharge_ratio: 5
    depth_of_discharge: 0.5
  VRBF:
    cost: 327.176
    lifetime: 18.0023
    annual_cost: 18.17412219549724
    efficiency: 0.80418
    discharge_ratio: 0.5
    depth_of_discharge: 1.0
