cost_values:
  wind_capex: 5000.0
  wind_opex: 100
  wind_lifetime: 20
  solar_capex: 1000.0
  solar_opex: 10
  solar_lifetime: 20
  carbon_price: 1.0
timeseries_values:
  load_level: 245060.03140897164
  wind_year: 2018
  solar_year: 2013
  price_year: 2023
  carbon_year: 2023
storage_values:
  CAES:
    cost: 40.2202
    lifetime: 25.29
    annual_cost: 1.590359826018189
    efficiency: 0.61709
    discharge_ratio: 0.1
    depth_of_discharge: 0.4
  Li-ion:
    cost: 293.706
    lifetime: 19.5052
    annual_cost: 15.057830732317537
    efficiency: 0.906637
    discharge_ratio: 2
    depth_of_discharge: 0.9
  Pb-acid:
    cost: 202.341
    lifetime: 9.04523
    annual_cost: 22.36991209731538
    efficiency: 0.78475
    discharge_ratio: 5
    depth_of_discharge: 0.5
  VRBF:
    cost: 318.51
    lifetime: 20.0832
    annual_cost: 15.859524378585084
    efficiency: 0.755382
    discharge_ratio: 0.5
    depth_of_discharge: 1.0
