cost_values:
  wind_capex: 5000.0
  wind_opex: 100
  wind_lifetime: 20
  solar_capex: 1000.0
  solar_opex: 10
  solar_lifetime: 20
  carbon_price: 1.0
timeseries_values:
  load_level: 245060.03140897164
  wind_year: 2018
  solar_year: 2013
  price_year: 2023
  carbon_year: 2023
storage_values:
  CAES:
    cost: 44.0261
    lifetime: 26.0731
    annual_cost: 1.688564075618166
    efficiency: 0.616546
    discharge_ratio: 0.1
    depth_of_discharge: 0.4
  Li-ion:
    cost: 278.354
    lifetime: 19.0804
    annual_cost: 14.588478228967945
    efficiency: 0.905463
    discharge_ratio: 2
    depth_of_discharge: 0.9
  Pb-acid:
    cost: 185.945
    lifetime: 11.1959
    annual_cost: 16.60831197134665
    efficiency: 0.784032
    discharge_ratio: 5
    depth_of_discharge: 0.5
  VRBF:
    cost: 309.518
    lifetime: 19.4418
    annual_cost: 15.920233723214928
    efficiency: 0.784426
    discharge_ratio: 0.5
    depth_of_discharge: 1.0
