cost_values:
  wind_capex: 5000.0
  wind_opex: 100
  wind_lifetime: 20
  solar_capex: 1000.0
  solar_opex: 10
  solar_lifetime: 20
  carbon_price: 1.0
timeseries_values:
  load_level: 245060.03140897164
  wind_year: 2018
  solar_year: 2013
  price_year: 2023
  carbon_year: 2023
storage_values:
  CAES:
    cost: 38.3895
    lifetime: 26.1
    annual_cost: 1.4708620689655172
    efficiency: 0.609554
    discharge_ratio: 0.1
    depth_of_discharge: 0.4
  Li-ion:
    cost: 298.07
    lifetime: 19.0312
    annual_cost: 15.662175795535752
    efficiency: 0.903042
    discharge_ratio: 2
    depth_of_discharge: 0.9
  Pb-acid:
    cost: 188.867
    lifetime: 10.7487
    annual_cost: 17.5711481388447
    efficiency: 0.793743
    discharge_ratio: 5
    depth_of_discharge: 0.5
  VRBF:
    cost: 282.509
    lifetime: 20.2467
    annual_cost: 13.953335605308519
    efficiency: 0.79454
    discharge_ratio: 0.5
    depth_of_discharge: 1.0
