cost_values:
  wind_capex: 5000.0
  wind_opex: 100
  wind_lifetime: 20
  solar_capex: 1000.0
  solar_opex: 10
  solar_lifetime: 20
  carbon_price: 1.0
timeseries_values:
  load_level: 245060.03140897164
  wind_year: 2018
  solar_year: 2013
  price_year: 2023
  carbon_year: 2023
storage_values:
  CAES:
    cost: 42.2765
    lifetime: 27.3197
    annual_cost: 1.547473068884358
    efficiency: 0.606532
    discharge_ratio: 0.1
    depth_of_discharge: 0.4
  Li-ion:
    cost: 273.532
    lifetime: 17.9523
    annual_cost: 15.236599210129063
    efficiency: 0.904302
    discharge_ratio: 2
    depth_of_discharge: 0.9
  Pb-acid:
    cost: 196.545
    lifetime: 11.0599
    annual_cost: 17.770956337760737
    efficiency: 0.772474
    discharge_ratio: 5
    depth_of_discharge: 0.5
  VRBF:
    cost: 325.955
    lifetime: 18.6521
    annual_cost: 17.4755121407241
    efficiency: 0.77107
    discharge_ratio: 0.5
    depth_of_discharge: 1.0
