cost_values:
  wind_capex: 5000.0
  wind_opex: 100
  wind_lifetime: 20
  solar_capex: 1000.0
  solar_opex: 10
  solar_lifetime: 20
  carbon_price: 1.0
timeseries_values:
  load_level: 245060.03140897164
  wind_year: 2018
  solar_year: 2013
  price_year: 2023
  carbon_year: 2023
storage_values:
  CAES:
    cost: 40.8462
    lifetime: 26.9724
    annual_cost: 1.514370245139476
    efficiency: 0.605861
    discharge_ratio: 0.1
    depth_of_discharge: 0.4
  Li-ion:
    cost: 291.56
    lifetime: 18.1616
    annual_cost: 16.05365166064664
    efficiency: 0.919344
    discharge_ratio: 2
    depth_of_discharge: 0.9
  Pb-acid:
    cost: 212.151
    lifetime: 10.1969
    annual_cost: 20.805440869283803
    efficiency: 0.791788
    discharge_ratio: 5
    depth_of_discharge: 0.5
  VRBF:
    cost: 314.861
    lifetime: 21.358
    annual_cost: 14.742063863657645
    efficiency: 0.802634
    discharge_ratio: 0.5
    depth_of_discharge: 1.0
