cost_values:
  wind_capex: 5000.0
  wind_opex: 100
  wind_lifetime: 20
  solar_capex: 1000.0
  solar_opex: 10
  solar_lifetime: 20
  carbon_price: 1.0
timeseries_values:
  load_level: 245060.03140897164
  wind_year: 2018
  solar_year: 2013
  price_year: 2023
  carbon_year: 2023
storage_values:
  CAES:
    cost: 40.8388
    lifetime: 26.8956
    annual_cost: 1.5184193697110306
    efficiency: 0.611992
    discharge_ratio: 0.1
    depth_of_discharge: 0.4
  Li-ion:
    cost: 289.151
    lifetime: 20.799
    annual_cost: 13.902158757632579
    efficiency: 0.921539
    discharge_ratio: 2
    depth_of_discharge: 0.9
  Pb-acid:
    cost: 210.51
    lifetime: 9.54121
    annual_cost: 22.063239358529998
    efficiency: 0.779548
    discharge_ratio: 5
    depth_of_discharge: 0.5
  VRBF:
    cost: 330.847
    lifetime: 20.3829
    annual_cost: 16.23159609280328
    efficiency: 0.779356
    discharge_ratio: 0.5
    depth_of_discharge: 1.0
