cost_values:
  wind_capex: 5000.0
  wind_opex: 100
  wind_lifetime: 20
  solar_capex: 1000.0
  solar_opex: 10
  solar_lifetime: 20
  carbon_price: 1.0
timeseries_values:
  load_level: 245060.03140897164
  wind_year: 2018
  solar_year: 2013
  price_year: 2023
  carbon_year: 2023
storage_values:
  CAES:
    cost: 43.702
    lifetime: 26.1793
    annual_cost: 1.6693341685988548
    efficiency: 0.614736
    discharge_ratio: 0.1
    depth_of_discharge: 0.4
  Li-ion:
    cost: 297.105
    lifetime: 20.7295
    annual_cost: 14.332473045659567
    efficiency: 0.917397
    discharge_ratio: 2
    depth_of_discharge: 0.9
  Pb-acid:
    cost: 193.194
    lifetime: 9.59517
    annual_cost: 20.134505172915123
    efficiency: 0.773782
    discharge_ratio: 5
    depth_of_discharge: 0.5
  VRBF:
    cost: 311.314
    lifetime: 21.3391
    annual_cost: 14.588900187917956
    efficiency: 0.789243
    discharge_ratio: 0.5
    depth_of_discharge: 1.0
