cost_values:
  wind_capex: 5000.0
  wind_opex: 100
  wind_lifetime: 20
  solar_capex: 1000.0
  solar_opex: 10
  solar_lifetime: 20
  carbon_price: 1.0
timeseries_values:
  load_level: 245060.03140897164
  wind_year: 2018
  solar_year: 2013
  price_year: 2023
  carbon_year: 2023
storage_values:
  CAES:
    cost: 42.5215
    lifetime: 25.8743
    annual_cost: 1.6433874539601072
    efficiency: 0.603374
    discharge_ratio: 0.1
    depth_of_discharge: 0.4
  Li-ion:
    cost: 292.451
    lifetime: 18.7479
    annual_cost: 15.599133769648867
    efficiency: 0.911704
    discharge_ratio: 2
    depth_of_discharge: 0.9
  Pb-acid:
    cost: 191.79
    lifetime: 11.8838
    annual_cost: 16.138777158821252
    efficiency: 0.789438
    discharge_ratio: 5
    depth_of_discharge: 0.5
  VRBF:
    cost: 306.919
    lifetime: 20.5276
    annual_cost: 14.951528673590678
    efficiency: 0.786306
    discharge_ratio: 0.5
    depth_of_discharge: 1.0
