cost_values:
  wind_capex: 5000.0
  wind_opex: 100
  wind_lifetime: 20
  solar_capex: 1000.0
  solar_opex: 10
  solar_lifetime: 20
  carbon_price: 1.0
timeseries_values:
  load_level: 245060.03140897164
  wind_year: 2018
  solar_year: 2013
  price_year: 2023
  carbon_year: 2023
storage_values:
  CAES:
    cost: 37.051
    lifetime: 25.47
    annual_cost: 1.4546917942677662
    efficiency: 0.610388
    discharge_ratio: 0.1
    depth_of_discharge: 0.4
  Li-ion:
    cost: 291.967
    lifetime: 21.047
    annual_cost: 13.872143298332302
    efficiency: 0.907812
    discharge_ratio: 2
    depth_of_discharge: 0.9
  Pb-acid:
    cost: 187.488
    lifetime: 9.37675
    annual_cost: 19.994987602314236
    efficiency: 0.778907
    discharge_ratio: 5
    depth_of_discharge: 0.5
  VRBF:
    cost: 303.172
    lifetime: 21.2424
    annual_cost: 14.272021993748353
    efficiency: 0.782436
    discharge_ratio: 0.5
    depth_of_discharge: 1.0
