cost_values:
  wind_capex: 5000.0
  wind_opex: 100
  wind_lifetime: 20
  solar_capex: 1000.0
  solar_opex: 10
  solar_lifetime: 20
  carbon_price: 1.0
timeseries_values:
  load_level: 245060.03140897164
  wind_year: 2018
  solar_year: 2013
  price_year: 2023
  carbon_year: 2023
storage_values:
  CAES:
    cost: 36.0021
    lifetime: 25.5975
    annual_cost: 1.406469381775564
    efficiency: 0.613651
    discharge_ratio: 0.1
    depth_of_discharge: 0.4
  Li-ion:
    cost: 276.88
    lifetime: 18.0382
    annual_cost: 15.349646860551497
    efficiency: 0.908635
    discharge_ratio: 2
    depth_of_discharge: 0.9
  Pb-acid:
    cost: 195.723
    lifetime: 10.1305
    annual_cost: 19.320171758550913
    efficiency: 0.784157
    discharge_ratio: 5
    depth_of_discharge: 0.5
  VRBF:
    cost: 334.709
    lifetime: 21.5092
    annual_cost: 15.56120171833448
    efficiency: 0.765084
    discharge_ratio: 0.5
    depth_of_discharge: 1.0
