cost_values:
  wind_capex: 5000.0
  wind_opex: 100
  wind_lifetime: 20
  solar_capex: 1000.0
  solar_opex: 10
  solar_lifetime: 20
  carbon_price: 1.0
timeseries_values:
  load_level: 245060.03140897164
  wind_year: 2018
  solar_year: 2013
  price_year: 2023
  carbon_year: 2023
storage_values:
  CAES:
    cost: 43.5569
    lifetime: 26.4742
    annual_cost: 1.6452584025201895
    efficiency: 0.610547
    discharge_ratio: 0.1
    depth_of_discharge: 0.4
  Li-ion:
    cost: 299.257
    lifetime: 21.3614
    annual_cost: 14.009240967352328
    efficiency: 0.903379
    discharge_ratio: 2
    depth_of_discharge: 0.9
  Pb-acid:
    cost: 193.857
    lifetime: 10.9803
    annual_cost: 17.65498210431409
    efficiency: 0.787253
    discharge_ratio: 5
    depth_of_discharge: 0.5
  VRBF:
    cost: 319.467
    lifetime: 21.6247
    annual_cost: 14.773245409184867
    efficiency: 0.791929
    discharge_ratio: 0.5
    depth_of_discharge: 1.0
