cost_values:
  wind_capex: 5000.0
  wind_opex: 100
  wind_lifetime: 20
  solar_capex: 1000.0
  solar_opex: 10
  solar_lifetime: 20
  carbon_price: 1.0
timeseries_values:
  load_level: 245060.03140897164
  wind_year: 2018
  solar_year: 2013
  price_year: 2023
  carbon_year: 2023
storage_values:
  CAES:
    cost: 42.2164
    lifetime: 25.995
    annual_cost: 1.6240200038468935
    efficiency: 0.615318
    discharge_ratio: 0.1
    depth_of_discharge: 0.4
  Li-ion:
    cost: 294.357
    lifetime: 19.5232
    annual_cost: 15.077292656941488
    efficiency: 0.90826
    discharge_ratio: 2
    depth_of_discharge: 0.9
  Pb-acid:
    cost: 202.196
    lifetime: 9.73596
    annual_cost: 20.767957140333362
    efficiency: 0.791836
    discharge_ratio: 5
    depth_of_discharge: 0.5
  VRBF:
    cost: 340.469
    lifetime: 19.3643
    annual_cost: 17.582303517297294
    efficiency: 0.800301
    discharge_ratio: 0.5
    depth_of_discharge: 1.0
