cost_values:
  wind_capex: 5000.0
  wind_opex: 100
  wind_lifetime: 20
  solar_capex: 1000.0
  solar_opex: 10
  solar_lifetime: 20
  carbon_price: 1.0
timeseries_values:
  load_level: 245060.03140897164
  wind_year: 2018
  solar_year: 2013
  price_year: 2023
  carbon_year: 2023
storage_values:
  CAES:
    cost: 37.4755
    lifetime: 26.3325
    annual_cost: 1.423165290040824
    efficiency: 0.606675
    discharge_ratio: 0.1
    depth_of_discharge: 0.4
  Li-ion:
    cost: 280.092
    lifetime: 17.409
    annual_cost: 16.08891952438394
    efficiency: 0.911521
    discharge_ratio: 2
    depth_of_discharge: 0.9
  Pb-acid:
    cost: 201.33
    lifetime: 10.1802
    annual_cost: 19.77662521365003
    efficiency: 0.787753
    discharge_ratio: 5
    depth_of_discharge: 0.5
  VRBF:
    cost: 329.402
    lifetime: 20.6123
    annual_cost: 15.980846387836387
    efficiency: 0.802453
    discharge_ratio: 0.5
    depth_of_discharge: 1.0
