cost_values:
  wind_capex: 5000.0
  wind_opex: 100
  wind_lifetime: 20
  solar_capex: 1000.0
  solar_opex: 10
  solar_lifetime: 20
  carbon_price: 1.0
timeseries_values:
  load_level: 245060.03140897164
  wind_year: 2018
  solar_year: 2013
  price_year: 2023
  carbon_year: 2023
storage_values:
  CAES:
    cost: 41.6276
    lifetime: 24.758
    annual_cost: 1.6813797560384522
    efficiency: 0.622489
    discharge_ratio: 0.1
    depth_of_discharge: 0.4
  Li-ion:
    cost: 293.307
    lifetime: 20.8199
    annual_cost: 14.08781982622395
    efficiency: 0.908125
    discharge_ratio: 2
    depth_of_discharge: 0.9
  Pb-acid:
    cost: 174.688
    lifetime: 9.63362
    annual_cost: 18.133162819376306
    efficiency: 0.774681
    discharge_ratio: 5
    depth_of_discharge: 0.5
  VRBF:
    cost: 320.365
    lifetime: 20.6946
    annual_cost: 15.480608467909503
    efficiency: 0.77965
    discharge_ratio: 0.5
    depth_of_discharge: 1.0
