cost_values:
  wind_capex: 5000.0
  wind_opex: 100
  wind_lifetime: 20
  solar_capex: 1000.0
  solar_opex: 10
  solar_lifetime: 20
  carbon_price: 1.0
timeseries_values:
  load_level: 245060.03140897164
  wind_year: 2018
  solar_year: 2013
  price_year: 2023
  carbon_year: 2023
storage_values:
  CAES:
    cost: 41.3546
    lifetime: 25.8719
    annual_cost: 1.5984369141810226
    efficiency: 0.609128
    discharge_ratio: 0.1
    depth_of_discharge: 0.4
  Li-ion:
    cost: 287.024
    lifetime: 18.7915
    annual_cost: 15.274139903679856
    efficiency: 0.916584
    discharge_ratio: 2
    depth_of_discharge: 0.9
  Pb-acid:
    cost: 200.902
    lifetime: 10.2615
    annual_cost: 19.578229303708035
    efficiency: 0.783569
    discharge_ratio: 5
    depth_of_discharge: 0.5
  VRBF:
    cost: 306.15
    lifetime: 18.9496
    annual_cost: 16.156013847257988
    efficiency: 0.801571
    discharge_ratio: 0.5
    depth_of_discharge: 1.0
