cost_values:
  wind_capex: 5000.0
  wind_opex: 100
  wind_lifetime: 20
  solar_capex: 1000.0
  solar_opex: 10
  solar_lifetime: 20
  carbon_price: 1.0
timeseries_values:
  load_level: 245060.03140897164
  wind_year: 2018
  solar_year: 2013
  price_year: 2023
  carbon_year: 2023
storage_values:
  CAES:
    cost: 42.3132
    lifetime: 25.9579
    annual_cost: 1.630070229101738
    efficiency: 0.600426
    discharge_ratio: 0.1
    depth_of_discharge: 0.4
  Li-ion:
    cost: 288.488
    lifetime: 19.3245
    annual_cost: 14.928613935677507
    efficiency: 0.901456
    discharge_ratio: 2
    depth_of_discharge: 0.9
  Pb-acid:
    cost: 205.946
    lifetime: 8.8448
    annual_cost: 23.284415701881333
    efficiency: 0.774408
    discharge_ratio: 5
    depth_of_discharge: 0.5
  VRBF:
    cost: 304.511
    lifetime: 19.4963
    annual_cost: 15.618912306437633
    efficiency: 0.779327
    discharge_ratio: 0.5
    depth_of_discharge: 1.0
