cost_values:
  wind_capex: 5000.0
  wind_opex: 100
  wind_lifetime: 20
  solar_capex: 1000.0
  solar_opex: 10
  solar_lifetime: 20
  carbon_price: 1.0
timeseries_values:
  load_level: 245060.03140897164
  wind_year: 2018
  solar_year: 2013
  price_year: 2023
  carbon_year: 2023
storage_values:
  CAES:
    cost: 48.7712
    lifetime: 26.469
    annual_cost: 1.84257811024217
    efficiency: 0.614731
    discharge_ratio: 0.1
    depth_of_discharge: 0.4
  Li-ion:
    cost: 287.71
    lifetime: 18.7789
    annual_cost: 15.32091869065813
    efficiency: 0.908378
    discharge_ratio: 2
    depth_of_discharge: 0.9
  Pb-acid:
    cost: 198.694
    lifetime: 11.0518
    annual_cost: 17.978428853218478
    efficiency: 0.785651
    discharge_ratio: 5
    depth_of_discharge: 0.5
  VRBF:
    cost: 302.665
    lifetime: 18.7927
    annual_cost: 16.105455841896056
    efficiency: 0.781912
    discharge_ratio: 0.5
    depth_of_discharge: 1.0
