cost_values:
  wind_capex: 5000.0
  wind_opex: 100
  wind_lifetime: 20
  solar_capex: 1000.0
  solar_opex: 10
  solar_lifetime: 20
  carbon_price: 1.0
timeseries_values:
  load_level: 245060.03140897164
  wind_year: 2018
  solar_year: 2013
  price_year: 2023
  carbon_year: 2023
storage_values:
  CAES:
    cost: 46.3394
    lifetime: 27.301
    annual_cost: 1.697351745357313
    efficiency: 0.615874
    discharge_ratio: 0.1
    depth_of_discharge: 0.4
  Li-ion:
    cost: 293.627
    lifetime: 17.7028
    annual_cost: 16.586472196488693
    efficiency: 0.912439
    discharge_ratio: 2
    depth_of_discharge: 0.9
  Pb-acid:
    cost: 182.47
    lifetime: 10.0973
    annual_cost: 18.071167539837383
    efficiency: 0.782053
    discharge_ratio: 5
    depth_of_discharge: 0.5
  VRBF:
    cost: 311.269
    lifetime: 20.851
    annual_cost: 14.928252841590332
    efficiency: 0.792858
    discharge_ratio: 0.5
    depth_of_discharge: 1.0
