cost_values:
  wind_capex: 5000.0
  wind_opex: 100
  wind_lifetime: 20
  solar_capex: 1000.0
  solar_opex: 10
  solar_lifetime: 20
  carbon_price: 1.0
timeseries_values:
  load_level: 245060.03140897164
  wind_year: 2018
  solar_year: 2013
  price_year: 2023
  carbon_year: 2023
storage_values:
  CAES:
    cost: 37.5274
    lifetime: 27.7261
    annual_cost: 1.35350445969682
    efficiency: 0.604479
    discharge_ratio: 0.1
    depth_of_discharge: 0.4
  Li-ion:
    cost: 297.116
    lifetime: 17.5024
    annual_cost: 16.975729042874118
    efficiency: 0.893567
    discharge_ratio: 2
    depth_of_discharge: 0.9
  Pb-acid:
    cost: 214.87
    lifetime: 9.55618
    annual_cost: 22.48492598506935
    efficiency: 0.779003
    discharge_ratio: 5
    depth_of_discharge: 0.5
  VRBF:
    cost: 300.111
    lifetime: 19.5411
    annual_cost: 15.357937884765954
    efficiency: 0.771497
    discharge_ratio: 0.5
    depth_of_discharge: 1.0
