cost_values:
  wind_capex: 5000.0
  wind_opex: 100
  wind_lifetime: 20
  solar_capex: 1000.0
  solar_opex: 10
  solar_lifetime: 20
  carbon_price: 1.0
timeseries_values:
  load_level: 245060.03140897164
  wind_year: 2018
  solar_year: 2013
  price_year: 2023
  carbon_year: 2023
storage_values:
  CAES:
    cost: 40.1084
    lifetime: 26.5242
    annual_cost: 1.5121436273290052
    efficiency: 0.605096
    discharge_ratio: 0.1
    depth_of_discharge: 0.4
  Li-ion:
    cost: 292.919
    lifetime: 20.6957
    annual_cost: 14.153616451726688
    efficiency: 0.915398
    discharge_ratio: 2
    depth_of_discharge: 0.9
  Pb-acid:
    cost: 192.043
    lifetime: 10.9273
    annual_cost: 17.574606718951618
    efficiency: 0.769241
    discharge_ratio: 5
    depth_of_discharge: 0.5
  VRBF:
    cost: 303.09
    lifetime: 21.3504
    annual_cost: 14.195986960431654
    efficiency: 0.78835
    discharge_ratio: 0.5
    depth_of_discharge: 1.0
