cost_values:
  wind_capex: 5000.0
  wind_opex: 100
  wind_lifetime: 20
  solar_capex: 1000.0
  solar_opex: 10
  solar_lifetime: 20
  carbon_price: 1.0
timeseries_values:
  load_level: 245060.03140897164
  wind_year: 2018
  solar_year: 2013
  price_year: 2023
  carbon_year: 2023
storage_values:
  CAES:
    cost: 34.8481
    lifetime: 25.771
    annual_cost: 1.352221489270886
    efficiency: 0.623062
    discharge_ratio: 0.1
    depth_of_discharge: 0.4
  Li-ion:
    cost: 286.238
    lifetime: 18.1
    annual_cost: 15.814254143646407
    efficiency: 0.896408
    discharge_ratio: 2
    depth_of_discharge: 0.9
  Pb-acid:
    cost: 209.403
    lifetime: 10.0425
    annual_cost: 20.85168035847647
    efficiency: 0.776144
    discharge_ratio: 5
    depth_of_discharge: 0.5
  VRBF:
    cost: 302.501
    lifetime: 21.7368
    annual_cost: 13.916537852857825
    efficiency: 0.801468
    discharge_ratio: 0.5
    depth_of_discharge: 1.0
