cost_values:
  wind_capex: 5000.0
  wind_opex: 100
  wind_lifetime: 20
  solar_capex: 1000.0
  solar_opex: 10
  solar_lifetime: 20
  carbon_price: 1.0
timeseries_values:
  load_level: 245060.03140897164
  wind_year: 2018
  solar_year: 2013
  price_year: 2023
  carbon_year: 2023
storage_values:
  CAES:
    cost: 38.3508
    lifetime: 26.7099
    annual_cost: 1.4358271652084058
    efficiency: 0.616591
    discharge_ratio: 0.1
    depth_of_discharge: 0.4
  Li-ion:
    cost: 286.06
    lifetime: 17.9425
    annual_cost: 15.943151734708096
    efficiency: 0.908866
    discharge_ratio: 2
    depth_of_discharge: 0.9
  Pb-acid:
    cost: 197.809
    lifetime: 9.98664
    annual_cost: 19.807362636482342
    efficiency: 0.778845
    discharge_ratio: 5
    depth_of_discharge: 0.5
  VRBF:
    cost: 277.46
    lifetime: 21.9169
    annual_cost: 12.659637083711656
    efficiency: 0.788296
    discharge_ratio: 0.5
    depth_of_discharge: 1.0
