cost_values:
  wind_capex: 5000.0
  wind_opex: 100
  wind_lifetime: 20
  solar_capex: 1000.0
  solar_opex: 10
  solar_lifetime: 20
  carbon_price: 1.0
timeseries_values:
  load_level: 245060.03140897164
  wind_year: 2018
  solar_year: 2013
  price_year: 2023
  carbon_year: 2023
storage_values:
  CAES:
    cost: 36.2972
    lifetime: 25.6077
    annual_cost: 1.4174330377191233
    efficiency: 0.604576
    discharge_ratio: 0.1
    depth_of_discharge: 0.4
  Li-ion:
    cost: 288.756
    lifetime: 18.5514
    annual_cost: 15.565186454930624
    efficiency: 0.922746
    discharge_ratio: 2
    depth_of_discharge: 0.9
  Pb-acid:
    cost: 196.268
    lifetime: 11.2312
    annual_cost: 17.475247524752476
    efficiency: 0.789618
    discharge_ratio: 5
    depth_of_discharge: 0.5
  VRBF:
    cost: 290.409
    lifetime: 22.9447
    annual_cost: 12.656909874611566
    efficiency: 0.782225
    discharge_ratio: 0.5
    depth_of_discharge: 1.0
