cost_values:
  wind_capex: 5000.0
  wind_opex: 100
  wind_lifetime: 20
  solar_capex: 1000.0
  solar_opex: 10
  solar_lifetime: 20
  carbon_price: 1.0
timeseries_values:
  load_level: 245060.03140897164
  wind_year: 2018
  solar_year: 2013
  price_year: 2023
  carbon_year: 2023
storage_values:
  CAES:
    cost: 41.5576
    lifetime: 26.5409
    annual_cost: 1.5657946791555675
    efficiency: 0.610628
    discharge_ratio: 0.1
    depth_of_discharge: 0.4
  Li-ion:
    cost: 278.556
    lifetime: 19.6121
    annual_cost: 14.20327246954686
    efficiency: 0.913622
    discharge_ratio: 2
    depth_of_discharge: 0.9
  Pb-acid:
    cost: 212.413
    lifetime: 9.04343
    annual_cost: 23.48810130669447
    efficiency: 0.78044
    discharge_ratio: 5
    depth_of_discharge: 0.5
  VRBF:
    cost: 299.726
    lifetime: 21.5598
    annual_cost: 13.902077013701426
    efficiency: 0.794159
    discharge_ratio: 0.5
    depth_of_discharge: 1.0
