cost_values:
  wind_capex: 5000.0
  wind_opex: 100
  wind_lifetime: 20
  solar_capex: 1000.0
  solar_opex: 10
  solar_lifetime: 20
  carbon_price: 1.0
timeseries_values:
  load_level: 245060.03140897164
  wind_year: 2018
  solar_year: 2013
  price_year: 2023
  carbon_year: 2023
storage_values:
  CAES:
    cost: 39.7758
    lifetime: 26.5507
    annual_cost: 1.4981073945319707
    efficiency: 0.61336
    discharge_ratio: 0.1
    depth_of_discharge: 0.4
  Li-ion:
    cost: 294.107
    lifetime: 19.3113
    annual_cost: 15.229787740856391
    efficiency: 0.910041
    discharge_ratio: 2
    depth_of_discharge: 0.9
  Pb-acid:
    cost: 189.425
    lifetime: 10.8564
    annual_cost: 17.448233300173168
    efficiency: 0.778901
    discharge_ratio: 5
    depth_of_discharge: 0.5
  VRBF:
    cost: 343.832
    lifetime: 19.388
    annual_cost: 17.7342686197648
    efficiency: 0.778743
    discharge_ratio: 0.5
    depth_of_discharge: 1.0
