cost_values:
  wind_capex: 5000.0
  wind_opex: 100
  wind_lifetime: 20
  solar_capex: 1000.0
  solar_opex: 10
  solar_lifetime: 20
  carbon_price: 1.0
timeseries_values:
  load_level: 245060.03140897164
  wind_year: 2018
  solar_year: 2013
  price_year: 2023
  carbon_year: 2023
storage_values:
  CAES:
    cost: 38.2017
    lifetime: 27.1283
    annual_cost: 1.4081862851708364
    efficiency: 0.6168
    discharge_ratio: 0.1
    depth_of_discharge: 0.4
  Li-ion:
    cost: 290.542
    lifetime: 19.6983
    annual_cost: 14.749597681018157
    efficiency: 0.914105
    discharge_ratio: 2
    depth_of_discharge: 0.9
  Pb-acid:
    cost: 198.646
    lifetime: 11.3003
    annual_cost: 17.57882534092015
    efficiency: 0.785636
    discharge_ratio: 5
    depth_of_discharge: 0.5
  VRBF:
    cost: 308.379
    lifetime: 20.6798
    annual_cost: 14.912088124643372
    efficiency: 0.798307
    discharge_ratio: 0.5
    depth_of_discharge: 1.0
