cost_values:
  wind_capex: 5000.0
  wind_opex: 100
  wind_lifetime: 20
  solar_capex: 1000.0
  solar_opex: 10
  solar_lifetime: 20
  carbon_price: 1.0
timeseries_values:
  load_level: 245060.03140897164
  wind_year: 2018
  solar_year: 2013
  price_year: 2023
  carbon_year: 2023
storage_values:
  CAES:
    cost: 39.4677
    lifetime: 26.7226
    annual_cost: 1.4769408665324482
    efficiency: 0.604581
    discharge_ratio: 0.1
    depth_of_discharge: 0.4
  Li-ion:
    cost: 299.335
    lifetime: 20.4227
    annual_cost: 14.65697483682373
    efficiency: 0.908556
    discharge_ratio: 2
    depth_of_discharge: 0.9
  Pb-acid:
    cost: 188.245
    lifetime: 9.49457
    annual_cost: 19.826595622550574
    efficiency: 0.779832
    discharge_ratio: 5
    depth_of_discharge: 0.5
  VRBF:
    cost: 307.602
    lifetime: 18.4302
    annual_cost: 16.690106455708566
    efficiency: 0.771836
    discharge_ratio: 0.5
    depth_of_discharge: 1.0
