cost_values:
  wind_capex: 5000.0
  wind_opex: 100
  wind_lifetime: 20
  solar_capex: 1000.0
  solar_opex: 10
  solar_lifetime: 20
  carbon_price: 1.0
timeseries_values:
  load_level: 245060.03140897164
  wind_year: 2018
  solar_year: 2013
  price_year: 2023
  carbon_year: 2023
storage_values:
  CAES:
    cost: 38.4825
    lifetime: 26.7725
    annual_cost: 1.4373891119619013
    efficiency: 0.61242
    discharge_ratio: 0.1
    depth_of_discharge: 0.4
  Li-ion:
    cost: 299.523
    lifetime: 19.2673
    annual_cost: 15.545665453903768
    efficiency: 0.906902
    discharge_ratio: 2
    depth_of_discharge: 0.9
  Pb-acid:
    cost: 183.077
    lifetime: 10.8355
    annual_cost: 16.89603617737991
    efficiency: 0.782096
    discharge_ratio: 5
    depth_of_discharge: 0.5
  VRBF:
    cost: 321.195
    lifetime: 20.8196
    annual_cost: 15.427529827662394
    efficiency: 0.798694
    discharge_ratio: 0.5
    depth_of_discharge: 1.0
