cost_values:
  wind_capex: 5000.0
  wind_opex: 100
  wind_lifetime: 20
  solar_capex: 1000.0
  solar_opex: 10
  solar_lifetime: 20
  carbon_price: 1.0
timeseries_values:
  load_level: 245060.03140897164
  wind_year: 2018
  solar_year: 2013
  price_year: 2023
  carbon_year: 2023
storage_values:
  CAES:
    cost: 40.0673
    lifetime: 26.0857
    annual_cost: 1.5359871500477276
    efficiency: 0.613138
    discharge_ratio: 0.1
    depth_of_discharge: 0.4
  Li-ion:
    cost: 294.837
    lifetime: 19.4905
    annual_cost: 15.1272158230933
    efficiency: 0.921986
    discharge_ratio: 2
    depth_of_discharge: 0.9
  Pb-acid:
    cost: 209.124
    lifetime: 10.8199
    annual_cost: 19.327720219225686
    efficiency: 0.779295
    discharge_ratio: 5
    depth_of_discharge: 0.5
  VRBF:
    cost: 254.622
    lifetime: 18.2413
    annual_cost: 13.958544621271512
    efficiency: 0.809536
    discharge_ratio: 0.5
    depth_of_discharge: 1.0
