cost_values:
  wind_capex: 5000.0
  wind_opex: 100
  wind_lifetime: 20
  solar_capex: 1000.0
  solar_opex: 10
  solar_lifetime: 20
  carbon_price: 1.0
timeseries_values:
  load_level: 245060.03140897164
  wind_year: 2018
  solar_year: 2013
  price_year: 2023
  carbon_year: 2023
storage_values:
  CAES:
    cost: 36.1728
    lifetime: 28.2877
    annual_cost: 1.2787465930422057
    efficiency: 0.598296
    discharge_ratio: 0.1
    depth_of_discharge: 0.4
  Li-ion:
    cost: 297.138
    lifetime: 19.0168
    annual_cost: 15.62502629254133
    efficiency: 0.899819
    discharge_ratio: 2
    depth_of_discharge: 0.9
  Pb-acid:
    cost: 172.244
    lifetime: 10.7287
    annual_cost: 16.054508001901443
    efficiency: 0.787256
    discharge_ratio: 5
    depth_of_discharge: 0.5
  VRBF:
    cost: 358.87
    lifetime: 20.8803
    annual_cost: 17.187013596547946
    efficiency: 0.795787
    discharge_ratio: 0.5
    depth_of_discharge: 1.0
