cost_values:
  wind_capex: 5000.0
  wind_opex: 100
  wind_lifetime: 20
  solar_capex: 1000.0
  solar_opex: 10
  solar_lifetime: 20
  carbon_price: 1.0
timeseries_values:
  load_level: 245060.03140897164
  wind_year: 2018
  solar_year: 2013
  price_year: 2023
  carbon_year: 2023
storage_values:
  CAES:
    cost: 35.6955
    lifetime: 26.7496
    annual_cost: 1.3344311690642103
    efficiency: 0.613039
    discharge_ratio: 0.1
    depth_of_discharge: 0.4
  Li-ion:
    cost: 286.768
    lifetime: 19.5168
    annual_cost: 14.69339235940318
    efficiency: 0.90327
    discharge_ratio: 2
    depth_of_discharge: 0.9
  Pb-acid:
    cost: 180.877
    lifetime: 11.0661
    annual_cost: 16.34514417906941
    efficiency: 0.790724
    discharge_ratio: 5
    depth_of_discharge: 0.5
  VRBF:
    cost: 346.167
    lifetime: 20.1898
    annual_cost: 17.145637896363507
    efficiency: 0.792888
    discharge_ratio: 0.5
    depth_of_discharge: 1.0
