cost_values:
  wind_capex: 5000.0
  wind_opex: 100
  wind_lifetime: 20
  solar_capex: 1000.0
  solar_opex: 10
  solar_lifetime: 20
  carbon_price: 1.0
timeseries_values:
  load_level: 245060.03140897164
  wind_year: 2018
  solar_year: 2013
  price_year: 2023
  carbon_year: 2023
storage_values:
  CAES:
    cost: 38.5738
    lifetime: 26.6797
    annual_cost: 1.4458108599422033
    efficiency: 0.630353
    discharge_ratio: 0.1
    depth_of_discharge: 0.4
  Li-ion:
    cost: 287.491
    lifetime: 20.2067
    annual_cost: 14.227508697610197
    efficiency: 0.907389
    discharge_ratio: 2
    depth_of_discharge: 0.9
  Pb-acid:
    cost: 190.884
    lifetime: 10.8704
    annual_cost: 17.559979393582573
    efficiency: 0.78826
    discharge_ratio: 5
    depth_of_discharge: 0.5
  VRBF:
    cost: 299.276
    lifetime: 21.0231
    annual_cost: 14.235578958383874
    efficiency: 0.804672
    discharge_ratio: 0.5
    depth_of_discharge: 1.0
