cost_values:
  wind_capex: 5000.0
  wind_opex: 100
  wind_lifetime: 20
  solar_capex: 1000.0
  solar_opex: 10
  solar_lifetime: 20
  carbon_price: 1.0
timeseries_values:
  load_level: 245060.03140897164
  wind_year: 2018
  solar_year: 2013
  price_year: 2023
  carbon_year: 2023
storage_values:
  CAES:
    cost: 45.4628
    lifetime: 26.2485
    annual_cost: 1.732015162771206
    efficiency: 0.614902
    discharge_ratio: 0.1
    depth_of_discharge: 0.4
  Li-ion:
    cost: 294.383
    lifetime: 19.606
    annual_cost: 15.014944404774047
    efficiency: 0.903082
    discharge_ratio: 2
    depth_of_discharge: 0.9
  Pb-acid:
    cost: 192.111
    lifetime: 10.4356
    annual_cost: 18.409195446356698
    efficiency: 0.785873
    discharge_ratio: 5
    depth_of_discharge: 0.5
  VRBF:
    cost: 348.907
    lifetime: 20.984
    annual_cost: 16.627287457110178
    efficiency: 0.803607
    discharge_ratio: 0.5
    depth_of_discharge: 1.0
