cost_values:
  wind_capex: 5000.0
  wind_opex: 100
  wind_lifetime: 20
  solar_capex: 1000.0
  solar_opex: 10
  solar_lifetime: 20
  carbon_price: 1.0
timeseries_values:
  load_level: 245060.03140897164
  wind_year: 2018
  solar_year: 2013
  price_year: 2023
  carbon_year: 2023
storage_values:
  CAES:
    cost: 41.1696
    lifetime: 27.3366
    annual_cost: 1.5060248897083033
    efficiency: 0.608166
    discharge_ratio: 0.1
    depth_of_discharge: 0.4
  Li-ion:
    cost: 297.469
    lifetime: 21.4796
    annual_cost: 13.848907800890146
    efficiency: 0.917011
    discharge_ratio: 2
    depth_of_discharge: 0.9
  Pb-acid:
    cost: 190.88
    lifetime: 8.98378
    annual_cost: 21.247181030702
    efficiency: 0.782442
    discharge_ratio: 5
    depth_of_discharge: 0.5
  VRBF:
    cost: 300.028
    lifetime: 19.3378
    annual_cost: 15.515105130883555
    efficiency: 0.777137
    discharge_ratio: 0.5
    depth_of_discharge: 1.0
