cost_values:
  wind_capex: 5000.0
  wind_opex: 100
  wind_lifetime: 20
  solar_capex: 1000.0
  solar_opex: 10
  solar_lifetime: 20
  carbon_price: 1.0
timeseries_values:
  load_level: 245060.03140897164
  wind_year: 2018
  solar_year: 2013
  price_year: 2023
  carbon_year: 2023
storage_values:
  CAES:
    cost: 40.2712
    lifetime: 27.0744
    annual_cost: 1.4874272375380433
    efficiency: 0.627142
    discharge_ratio: 0.1
    depth_of_discharge: 0.4
  Li-ion:
    cost: 283.561
    lifetime: 20.8441
    annual_cost: 13.603897505769018
    efficiency: 0.917387
    discharge_ratio: 2
    depth_of_discharge: 0.9
  Pb-acid:
    cost: 191.67
    lifetime: 11.8538
    annual_cost: 16.169498388702355
    efficiency: 0.777539
    discharge_ratio: 5
    depth_of_discharge: 0.5
  VRBF:
    cost: 321.836
    lifetime: 19.2789
    annual_cost: 16.69369103008989
    efficiency: 0.805008
    discharge_ratio: 0.5
    depth_of_discharge: 1.0
