cost_values:
  wind_capex: 5000.0
  wind_opex: 100
  wind_lifetime: 20
  solar_capex: 1000.0
  solar_opex: 10
  solar_lifetime: 20
  carbon_price: 1.0
timeseries_values:
  load_level: 245060.03140897164
  wind_year: 2018
  solar_year: 2013
  price_year: 2023
  carbon_year: 2023
storage_values:
  CAES:
    cost: 46.6448
    lifetime: 27.0395
    annual_cost: 1.7250614841250762
    efficiency: 0.610198
    discharge_ratio: 0.1
    depth_of_discharge: 0.4
  Li-ion:
    cost: 296.152
    lifetime: 22.3117
    annual_cost: 13.273394676335734
    efficiency: 0.92063
    discharge_ratio: 2
    depth_of_discharge: 0.9
  Pb-acid:
    cost: 185.761
    lifetime: 10.4997
    annual_cost: 17.692029296075123
    efficiency: 0.777677
    discharge_ratio: 5
    depth_of_discharge: 0.5
  VRBF:
    cost: 304.218
    lifetime: 18.7122
    annual_cost: 16.25773559495944
    efficiency: 0.792654
    discharge_ratio: 0.5
    depth_of_discharge: 1.0
