cost_values:
  wind_capex: 5000.0
  wind_opex: 100
  wind_lifetime: 20
  solar_capex: 1000.0
  solar_opex: 10
  solar_lifetime: 20
  carbon_price: 1.0
timeseries_values:
  load_level: 245060.03140897164
  wind_year: 2018
  solar_year: 2013
  price_year: 2023
  carbon_year: 2023
storage_values:
  CAES:
    cost: 41.5447
    lifetime: 26.3021
    annual_cost: 1.5795202664426033
    efficiency: 0.606747
    discharge_ratio: 0.1
    depth_of_discharge: 0.4
  Li-ion:
    cost: 296.296
    lifetime: 20.7489
    annual_cost: 14.280082317616838
    efficiency: 0.903948
    discharge_ratio: 2
    depth_of_discharge: 0.9
  Pb-acid:
    cost: 209.292
    lifetime: 10.6088
    annual_cost: 19.728150214915917
    efficiency: 0.783073
    discharge_ratio: 5
    depth_of_discharge: 0.5
  VRBF:
    cost: 307.859
    lifetime: 18.9605
    annual_cost: 16.236860842277366
    efficiency: 0.79815
    discharge_ratio: 0.5
    depth_of_discharge: 1.0
