cost_values:
  wind_capex: 5000.0
  wind_opex: 100
  wind_lifetime: 20
  solar_capex: 1000.0
  solar_opex: 10
  solar_lifetime: 20
  carbon_price: 1.0
timeseries_values:
  load_level: 245060.03140897164
  wind_year: 2018
  solar_year: 2013
  price_year: 2023
  carbon_year: 2023
storage_values:
  CAES:
    cost: 44.8571
    lifetime: 25.9273
    annual_cost: 1.7301107327025955
    efficiency: 0.619312
    discharge_ratio: 0.1
    depth_of_discharge: 0.4
  Li-ion:
    cost: 278.948
    lifetime: 18.9815
    annual_cost: 14.69578273582172
    efficiency: 0.918064
    discharge_ratio: 2
    depth_of_discharge: 0.9
  Pb-acid:
    cost: 193.795
    lifetime: 9.3729
    annual_cost: 20.6760981126439
    efficiency: 0.782428
    discharge_ratio: 5
    depth_of_discharge: 0.5
  VRBF:
    cost: 329.702
    lifetime: 19.8424
    annual_cost: 16.616034350683385
    efficiency: 0.783706
    discharge_ratio: 0.5
    depth_of_discharge: 1.0
