cost_values:
  wind_capex: 5000.0
  wind_opex: 100
  wind_lifetime: 20
  solar_capex: 1000.0
  solar_opex: 10
  solar_lifetime: 20
  carbon_price: 1.0
timeseries_values:
  load_level: 245060.03140897164
  wind_year: 2018
  solar_year: 2013
  price_year: 2023
  carbon_year: 2023
storage_values:
  CAES:
    cost: 38.2471
    lifetime: 25.5989
    annual_cost: 1.4940915429959882
    efficiency: 0.618009
    discharge_ratio: 0.1
    depth_of_discharge: 0.4
  Li-ion:
    cost: 292.963
    lifetime: 20.5635
    annual_cost: 14.246747878522624
    efficiency: 0.914508
    discharge_ratio: 2
    depth_of_discharge: 0.9
  Pb-acid:
    cost: 204.256
    lifetime: 10.7396
    annual_cost: 19.01895787552609
    efficiency: 0.791227
    discharge_ratio: 5
    depth_of_discharge: 0.5
  VRBF:
    cost: 310.123
    lifetime: 19.0322
    annual_cost: 16.29464801757022
    efficiency: 0.785112
    discharge_ratio: 0.5
    depth_of_discharge: 1.0
