cost_values:
  wind_capex: 5000.0
  wind_opex: 100
  wind_lifetime: 20
  solar_capex: 1000.0
  solar_opex: 10
  solar_lifetime: 20
  carbon_price: 1.0
timeseries_values:
  load_level: 245060.03140897164
  wind_year: 2018
  solar_year: 2013
  price_year: 2023
  carbon_year: 2023
storage_values:
  CAES:
    cost: 40.3709
    lifetime: 26.195
    annual_cost: 1.541168161862951
    efficiency: 0.60826
    discharge_ratio: 0.1
    depth_of_discharge: 0.4
  Li-ion:
    cost: 275.796
    lifetime: 18.3081
    annual_cost: 15.064151932751077
    efficiency: 0.900122
    discharge_ratio: 2
    depth_of_discharge: 0.9
  Pb-acid:
    cost: 193.35
    lifetime: 10.9931
    annual_cost: 17.5883053915638
    efficiency: 0.790204
    discharge_ratio: 5
    depth_of_discharge: 0.5
  VRBF:
    cost: 329.979
    lifetime: 19.6915
    annual_cost: 16.757433410354718
    efficiency: 0.782898
    discharge_ratio: 0.5
    depth_of_discharge: 1.0
