cost_values:
  wind_capex: 5000.0
  wind_opex: 100
  wind_lifetime: 20
  solar_capex: 1000.0
  solar_opex: 10
  solar_lifetime: 20
  carbon_price: 1.0
timeseries_values:
  load_level: 245060.03140897164
  wind_year: 2018
  solar_year: 2013
  price_year: 2023
  carbon_year: 2023
storage_values:
  CAES:
    cost: 35.8746
    lifetime: 26.6294
    annual_cost: 1.34718018430757
    efficiency: 0.610748
    discharge_ratio: 0.1
    depth_of_discharge: 0.4
  Li-ion:
    cost: 282.434
    lifetime: 19.5682
    annual_cost: 14.433315276826688
    efficiency: 0.892404
    discharge_ratio: 2
    depth_of_discharge: 0.9
  Pb-acid:
    cost: 199.464
    lifetime: 9.766
    annual_cost: 20.424329305754657
    efficiency: 0.792617
    discharge_ratio: 5
    depth_of_discharge: 0.5
  VRBF:
    cost: 282.183
    lifetime: 20.1074
    annual_cost: 14.033788555457196
    efficiency: 0.785599
    discharge_ratio: 0.5
    depth_of_discharge: 1.0
