cost_values:
  wind_capex: 5000.0
  wind_opex: 100
  wind_lifetime: 20
  solar_capex: 1000.0
  solar_opex: 10
  solar_lifetime: 20
  carbon_price: 1.0
timeseries_values:
  load_level: 245060.03140897164
  wind_year: 2018
  solar_year: 2013
  price_year: 2023
  carbon_year: 2023
storage_values:
  CAES:
    cost: 36.3995
    lifetime: 25.9966
    annual_cost: 1.400163867582684
    efficiency: 0.62422
    discharge_ratio: 0.1
    depth_of_discharge: 0.4
  Li-ion:
    cost: 299.299
    lifetime: 19.3666
    annual_cost: 15.454390548676587
    efficiency: 0.928848
    discharge_ratio: 2
    depth_of_discharge: 0.9
  Pb-acid:
    cost: 174.491
    lifetime: 9.48409
    annual_cost: 18.398285971558686
    efficiency: 0.775599
    discharge_ratio: 5
    depth_of_discharge: 0.5
  VRBF:
    cost: 304.119
    lifetime: 19.843
    annual_cost: 15.326261150027719
    efficiency: 0.794016
    discharge_ratio: 0.5
    depth_of_discharge: 1.0
