cost_values:
  wind_capex: 5000.0
  wind_opex: 100
  wind_lifetime: 20
  solar_capex: 1000.0
  solar_opex: 10
  solar_lifetime: 20
  carbon_price: 1.0
timeseries_values:
  load_level: 245060.03140897164
  wind_year: 2018
  solar_year: 2013
  price_year: 2023
  carbon_year: 2023
storage_values:
  CAES:
    cost: 39.0376
    lifetime: 26.8469
    annual_cost: 1.4540822217835205
    efficiency: 0.619745
    discharge_ratio: 0.1
    depth_of_discharge: 0.4
  Li-ion:
    cost: 298.122
    lifetime: 19.6678
    annual_cost: 15.15787225820885
    efficiency: 0.902501
    discharge_ratio: 2
    depth_of_discharge: 0.9
  Pb-acid:
    cost: 185.488
    lifetime: 9.77564
    annual_cost: 18.974512154702914
    efficiency: 0.772269
    discharge_ratio: 5
    depth_of_discharge: 0.5
  VRBF:
    cost: 300.177
    lifetime: 20.49
    annual_cost: 14.649926793557835
    efficiency: 0.823596
    discharge_ratio: 0.5
    depth_of_discharge: 1.0
