cost_values:
  wind_capex: 5000.0
  wind_opex: 100
  wind_lifetime: 20
  solar_capex: 1000.0
  solar_opex: 10
  solar_lifetime: 20
  carbon_price: 1.0
timeseries_values:
  load_level: 245060.03140897164
  wind_year: 2018
  solar_year: 2013
  price_year: 2023
  carbon_year: 2023
storage_values:
  CAES:
    cost: 39.0561
    lifetime: 27.5648
    annual_cost: 1.4168831263060133
    efficiency: 0.616231
    discharge_ratio: 0.1
    depth_of_discharge: 0.4
  Li-ion:
    cost: 284.116
    lifetime: 18.7626
    annual_cost: 15.142677454084188
    efficiency: 0.910643
    discharge_ratio: 2
    depth_of_discharge: 0.9
  Pb-acid:
    cost: 163.13
    lifetime: 10.8317
    annual_cost: 15.06042449476998
    efficiency: 0.789059
    discharge_ratio: 5
    depth_of_discharge: 0.5
  VRBF:
    cost: 333.162
    lifetime: 20.2157
    annual_cost: 16.480359324683292
    efficiency: 0.805401
    discharge_ratio: 0.5
    depth_of_discharge: 1.0
