cost_values:
  wind_capex: 5000.0
  wind_opex: 100
  wind_lifetime: 20
  solar_capex: 1000.0
  solar_opex: 10
  solar_lifetime: 20
  carbon_price: 1.0
timeseries_values:
  load_level: 245060.03140897164
  wind_year: 2018
  solar_year: 2013
  price_year: 2023
  carbon_year: 2023
storage_values:
  CAES:
    cost: 34.6129
    lifetime: 25.7366
    annual_cost: 1.3448901564309195
    efficiency: 0.612556
    discharge_ratio: 0.1
    depth_of_discharge: 0.4
  Li-ion:
    cost: 287.672
    lifetime: 20.4731
    annual_cost: 14.051218428083683
    efficiency: 0.915774
    discharge_ratio: 2
    depth_of_discharge: 0.9
  Pb-acid:
    cost: 189.316
    lifetime: 10.2214
    annual_cost: 18.521533253761717
    efficiency: 0.776319
    discharge_ratio: 5
    depth_of_discharge: 0.5
  VRBF:
    cost: 345.93
    lifetime: 21.223
    annual_cost: 16.299769118409273
    efficiency: 0.800006
    discharge_ratio: 0.5
    depth_of_discharge: 1.0
