cost_values:
  wind_capex: 5000.0
  wind_opex: 100
  wind_lifetime: 20
  solar_capex: 1000.0
  solar_opex: 10
  solar_lifetime: 20
  carbon_price: 1.0
timeseries_values:
  load_level: 245060.03140897164
  wind_year: 2018
  solar_year: 2013
  price_year: 2023
  carbon_year: 2023
storage_values:
  CAES:
    cost: 35.5661
    lifetime: 26.0221
    annual_cost: 1.366765172680145
    efficiency: 0.614061
    discharge_ratio: 0.1
    depth_of_discharge: 0.4
  Li-ion:
    cost: 288.097
    lifetime: 18.0585
    annual_cost: 15.953539884265028
    efficiency: 0.90843
    discharge_ratio: 2
    depth_of_discharge: 0.9
  Pb-acid:
    cost: 177.577
    lifetime: 9.64613
    annual_cost: 18.409144392621705
    efficiency: 0.784893
    discharge_ratio: 5
    depth_of_discharge: 0.5
  VRBF:
    cost: 330.286
    lifetime: 22.197
    annual_cost: 14.879758525926928
    efficiency: 0.774897
    discharge_ratio: 0.5
    depth_of_discharge: 1.0
