cost_values:
  wind_capex: 5000.0
  wind_opex: 100
  wind_lifetime: 20
  solar_capex: 1000.0
  solar_opex: 10
  solar_lifetime: 20
  carbon_price: 1.0
timeseries_values:
  load_level: 245060.03140897164
  wind_year: 2018
  solar_year: 2013
  price_year: 2023
  carbon_year: 2023
storage_values:
  CAES:
    cost: 43.5686
    lifetime: 26.1291
    annual_cost: 1.6674359239315553
    efficiency: 0.611275
    discharge_ratio: 0.1
    depth_of_discharge: 0.4
  Li-ion:
    cost: 291.619
    lifetime: 20.0765
    annual_cost: 14.525390381789656
    efficiency: 0.915666
    discharge_ratio: 2
    depth_of_discharge: 0.9
  Pb-acid:
    cost: 189.116
    lifetime: 10.1352
    annual_cost: 18.65932591364749
    efficiency: 0.776575
    discharge_ratio: 5
    depth_of_discharge: 0.5
  VRBF:
    cost: 322.733
    lifetime: 18.7141
    annual_cost: 17.245445947173522
    efficiency: 0.788988
    discharge_ratio: 0.5
    depth_of_discharge: 1.0
