cost_values:
  wind_capex: 5000.0
  wind_opex: 100
  wind_lifetime: 20
  solar_capex: 1000.0
  solar_opex: 10
  solar_lifetime: 20
  carbon_price: 1.0
timeseries_values:
  load_level: 245060.03140897164
  wind_year: 2018
  solar_year: 2013
  price_year: 2023
  carbon_year: 2023
storage_values:
  CAES:
    cost: 49.2235
    lifetime: 25.8475
    annual_cost: 1.9043814682271014
    efficiency: 0.607274
    discharge_ratio: 0.1
    depth_of_discharge: 0.4
  Li-ion:
    cost: 268.756
    lifetime: 19.7471
    annual_cost: 13.609897149454856
    efficiency: 0.911553
    discharge_ratio: 2
    depth_of_discharge: 0.9
  Pb-acid:
    cost: 176.738
    lifetime: 8.98181
    annual_cost: 19.67732561699702
    efficiency: 0.781759
    discharge_ratio: 5
    depth_of_discharge: 0.5
  VRBF:
    cost: 308.139
    lifetime: 19.4536
    annual_cost: 15.839690340091293
    efficiency: 0.778726
    discharge_ratio: 0.5
    depth_of_discharge: 1.0
