cost_values:
  wind_capex: 5000.0
  wind_opex: 100
  wind_lifetime: 20
  solar_capex: 1000.0
  solar_opex: 10
  solar_lifetime: 20
  carbon_price: 1.0
timeseries_values:
  load_level: 245060.03140897164
  wind_year: 2018
  solar_year: 2013
  price_year: 2023
  carbon_year: 2023
storage_values:
  CAES:
    cost: 41.3364
    lifetime: 26.7968
    annual_cost: 1.5425871745880104
    efficiency: 0.613536
    discharge_ratio: 0.1
    depth_of_discharge: 0.4
  Li-ion:
    cost: 287.116
    lifetime: 20.9423
    annual_cost: 13.709859948525233
    efficiency: 0.91683
    discharge_ratio: 2
    depth_of_discharge: 0.9
  Pb-acid:
    cost: 182.366
    lifetime: 11.5577
    annual_cost: 15.778744905993408
    efficiency: 0.780103
    discharge_ratio: 5
    depth_of_discharge: 0.5
  VRBF:
    cost: 320.47
    lifetime: 19.2956
    annual_cost: 16.60844959472626
    efficiency: 0.782573
    discharge_ratio: 0.5
    depth_of_discharge: 1.0
