cost_values:
  wind_capex: 5000.0
  wind_opex: 100
  wind_lifetime: 20
  solar_capex: 1000.0
  solar_opex: 10
  solar_lifetime: 20
  carbon_price: 1.0
timeseries_values:
  load_level: 245060.03140897164
  wind_year: 2018
  solar_year: 2013
  price_year: 2023
  carbon_year: 2023
storage_values:
  CAES:
    cost: 44.3534
    lifetime: 26.6749
    annual_cost: 1.6627391292938305
    efficiency: 0.619721
    discharge_ratio: 0.1
    depth_of_discharge: 0.4
  Li-ion:
    cost: 295.085
    lifetime: 20.8301
    annual_cost: 14.166278606439718
    efficiency: 0.899979
    discharge_ratio: 2
    depth_of_discharge: 0.9
  Pb-acid:
    cost: 195.793
    lifetime: 10.1718
    annual_cost: 19.248608899113236
    efficiency: 0.787855
    discharge_ratio: 5
    depth_of_discharge: 0.5
  VRBF:
    cost: 330.481
    lifetime: 20.0978
    annual_cost: 16.443640597478332
    efficiency: 0.782608
    discharge_ratio: 0.5
    depth_of_discharge: 1.0
