cost_values:
  wind_capex: 5000.0
  wind_opex: 100
  wind_lifetime: 20
  solar_capex: 1000.0
  solar_opex: 10
  solar_lifetime: 20
  carbon_price: 1.0
timeseries_values:
  load_level: 245060.03140897164
  wind_year: 2018
  solar_year: 2013
  price_year: 2023
  carbon_year: 2023
storage_values:
  CAES:
    cost: 35.9052
    lifetime: 26.336
    annual_cost: 1.363350546780073
    efficiency: 0.615938
    discharge_ratio: 0.1
    depth_of_discharge: 0.4
  Li-ion:
    cost: 292.34
    lifetime: 18.2164
    annual_cost: 16.048176368547022
    efficiency: 0.919456
    discharge_ratio: 2
    depth_of_discharge: 0.9
  Pb-acid:
    cost: 203.347
    lifetime: 10.8255
    annual_cost: 18.784074638584823
    efficiency: 0.788058
    discharge_ratio: 5
    depth_of_discharge: 0.5
  VRBF:
    cost: 299.713
    lifetime: 19.7849
    annual_cost: 15.148572901556237
    efficiency: 0.774469
    discharge_ratio: 0.5
    depth_of_discharge: 1.0
