cost_values:
  wind_capex: 5000.0
  wind_opex: 100
  wind_lifetime: 20
  solar_capex: 1000.0
  solar_opex: 10
  solar_lifetime: 20
  carbon_price: 1.0
timeseries_values:
  load_level: 245060.03140897164
  wind_year: 2018
  solar_year: 2013
  price_year: 2023
  carbon_year: 2023
storage_values:
  CAES:
    cost: 41.3773
    lifetime: 26.9202
    annual_cost: 1.537035386066968
    efficiency: 0.616977
    discharge_ratio: 0.1
    depth_of_discharge: 0.4
  Li-ion:
    cost: 284.435
    lifetime: 20.9658
    annual_cost: 13.56661801600702
    efficiency: 0.921886
    discharge_ratio: 2
    depth_of_discharge: 0.9
  Pb-acid:
    cost: 202.747
    lifetime: 9.53287
    annual_cost: 21.268201496506297
    efficiency: 0.789925
    discharge_ratio: 5
    depth_of_discharge: 0.5
  VRBF:
    cost: 326.586
    lifetime: 17.6668
    annual_cost: 18.48586048407182
    efficiency: 0.783046
    discharge_ratio: 0.5
    depth_of_discharge: 1.0
