cost_values:
  wind_capex: 5000.0
  wind_opex: 100
  wind_lifetime: 20
  solar_capex: 1000.0
  solar_opex: 10
  solar_lifetime: 20
  carbon_price: 1.0
timeseries_values:
  load_level: 245060.03140897164
  wind_year: 2018
  solar_year: 2013
  price_year: 2023
  carbon_year: 2023
storage_values:
  CAES:
    cost: 43.103
    lifetime: 25.199
    annual_cost: 1.7105043850946466
    efficiency: 0.629742
    discharge_ratio: 0.1
    depth_of_discharge: 0.4
  Li-ion:
    cost: 297.774
    lifetime: 20.7182
    annual_cost: 14.372580629591374
    efficiency: 0.906526
    discharge_ratio: 2
    depth_of_discharge: 0.9
  Pb-acid:
    cost: 179.748
    lifetime: 9.31989
    annual_cost: 19.286493724711345
    efficiency: 0.7627
    discharge_ratio: 5
    depth_of_discharge: 0.5
  VRBF:
    cost: 379.53
    lifetime: 19.9649
    annual_cost: 19.009862308351156
    efficiency: 0.784808
    discharge_ratio: 0.5
    depth_of_discharge: 1.0
