cost_values:
  wind_capex: 5000.0
  wind_opex: 100
  wind_lifetime: 20
  solar_capex: 1000.0
  solar_opex: 10
  solar_lifetime: 20
  carbon_price: 1.0
timeseries_values:
  load_level: 245060.03140897164
  wind_year: 2018
  solar_year: 2013
  price_year: 2023
  carbon_year: 2023
storage_values:
  CAES:
    cost: 37.8164
    lifetime: 26.3942
    annual_cost: 1.4327541656879164
    efficiency: 0.615369
    discharge_ratio: 0.1
    depth_of_discharge: 0.4
  Li-ion:
    cost: 297.328
    lifetime: 18.0684
    annual_cost: 16.45569059795001
    efficiency: 0.902436
    discharge_ratio: 2
    depth_of_discharge: 0.9
  Pb-acid:
    cost: 201.348
    lifetime: 10.9143
    annual_cost: 18.448091036530055
    efficiency: 0.793028
    discharge_ratio: 5
    depth_of_discharge: 0.5
  VRBF:
    cost: 297.159
    lifetime: 19.6781
    annual_cost: 15.10100060473318
    efficiency: 0.793083
    discharge_ratio: 0.5
    depth_of_discharge: 1.0
