cost_values:
  wind_capex: 5000.0
  wind_opex: 100
  wind_lifetime: 20
  solar_capex: 1000.0
  solar_opex: 10
  solar_lifetime: 20
  carbon_price: 1.0
timeseries_values:
  load_level: 245060.03140897164
  wind_year: 2018
  solar_year: 2013
  price_year: 2023
  carbon_year: 2023
storage_values:
  CAES:
    cost: 47.3607
    lifetime: 25.2608
    annual_cost: 1.8748693628071955
    efficiency: 0.612106
    discharge_ratio: 0.1
    depth_of_discharge: 0.4
  Li-ion:
    cost: 295.694
    lifetime: 20.6713
    annual_cost: 14.30456720186926
    efficiency: 0.916571
    discharge_ratio: 2
    depth_of_discharge: 0.9
  Pb-acid:
    cost: 187.269
    lifetime: 10.4361
    annual_cost: 17.944347026187945
    efficiency: 0.786013
    discharge_ratio: 5
    depth_of_discharge: 0.5
  VRBF:
    cost: 280.27
    lifetime: 19.6336
    annual_cost: 14.275018335913941
    efficiency: 0.777342
    discharge_ratio: 0.5
    depth_of_discharge: 1.0
