cost_values:
  wind_capex: 5000.0
  wind_opex: 100
  wind_lifetime: 20
  solar_capex: 1000.0
  solar_opex: 10
  solar_lifetime: 20
  carbon_price: 1.0
timeseries_values:
  load_level: 245060.03140897164
  wind_year: 2018
  solar_year: 2013
  price_year: 2023
  carbon_year: 2023
storage_values:
  CAES:
    cost: 39.7274
    lifetime: 26.3173
    annual_cost: 1.50955455156874
    efficiency: 0.625461
    discharge_ratio: 0.1
    depth_of_discharge: 0.4
  Li-ion:
    cost: 276.189
    lifetime: 20.7915
    annual_cost: 13.283745761489072
    efficiency: 0.905032
    discharge_ratio: 2
    depth_of_discharge: 0.9
  Pb-acid:
    cost: 187.703
    lifetime: 11.2998
    annual_cost: 16.611178958919627
    efficiency: 0.786569
    discharge_ratio: 5
    depth_of_discharge: 0.5
  VRBF:
    cost: 314.178
    lifetime: 20.3328
    annual_cost: 15.451782341831917
    efficiency: 0.78706
    discharge_ratio: 0.5
    depth_of_discharge: 1.0
