cost_values:
  wind_capex: 5000.0
  wind_opex: 100
  wind_lifetime: 20
  solar_capex: 1000.0
  solar_opex: 10
  solar_lifetime: 20
  carbon_price: 1.0
timeseries_values:
  load_level: 245060.03140897164
  wind_year: 2018
  solar_year: 2013
  price_year: 2023
  carbon_year: 2023
storage_values:
  CAES:
    cost: 36.9521
    lifetime: 26.2864
    annual_cost: 1.4057497413110962
    efficiency: 0.612051
    discharge_ratio: 0.1
    depth_of_discharge: 0.4
  Li-ion:
    cost: 294.038
    lifetime: 19.9483
    annual_cost: 14.74000290751593
    efficiency: 0.912247
    discharge_ratio: 2
    depth_of_discharge: 0.9
  Pb-acid:
    cost: 193.315
    lifetime: 9.62689
    annual_cost: 20.08073219907987
    efficiency: 0.79886
    discharge_ratio: 5
    depth_of_discharge: 0.5
  VRBF:
    cost: 306.457
    lifetime: 21.6564
    annual_cost: 14.150874568256958
    efficiency: 0.798929
    discharge_ratio: 0.5
    depth_of_discharge: 1.0
