cost_values:
  wind_capex: 5000.0
  wind_opex: 100
  wind_lifetime: 20
  solar_capex: 1000.0
  solar_opex: 10
  solar_lifetime: 20
  carbon_price: 1.0
timeseries_values:
  load_level: 245060.03140897164
  wind_year: 2018
  solar_year: 2013
  price_year: 2023
  carbon_year: 2023
storage_values:
  CAES:
    cost: 42.0648
    lifetime: 26.0541
    annual_cost: 1.6145174847720705
    efficiency: 0.607424
    discharge_ratio: 0.1
    depth_of_discharge: 0.4
  Li-ion:
    cost: 286.614
    lifetime: 20.2011
    annual_cost: 14.188039265188529
    efficiency: 0.918099
    discharge_ratio: 2
    depth_of_discharge: 0.9
  Pb-acid:
    cost: 205.231
    lifetime: 11.6131
    annual_cost: 17.672369995952845
    efficiency: 0.774834
    discharge_ratio: 5
    depth_of_discharge: 0.5
  VRBF:
    cost: 316.677
    lifetime: 18.4427
    annual_cost: 17.170858930633802
    efficiency: 0.804299
    discharge_ratio: 0.5
    depth_of_discharge: 1.0
