cost_values:
  wind_capex: 5000.0
  wind_opex: 100
  wind_lifetime: 20
  solar_capex: 1000.0
  solar_opex: 10
  solar_lifetime: 20
  carbon_price: 1.0
timeseries_values:
  load_level: 245060.03140897164
  wind_year: 2018
  solar_year: 2013
  price_year: 2023
  carbon_year: 2023
storage_values:
  CAES:
    cost: 46.0136
    lifetime: 26.2768
    annual_cost: 1.7511112464226997
    efficiency: 0.612318
    discharge_ratio: 0.1
    depth_of_discharge: 0.4
  Li-ion:
    cost: 286.351
    lifetime: 19.7275
    annual_cost: 14.515321252059309
    efficiency: 0.923893
    discharge_ratio: 2
    depth_of_discharge: 0.9
  Pb-acid:
    cost: 170.023
    lifetime: 11.2045
    annual_cost: 15.174528091391851
    efficiency: 0.772891
    discharge_ratio: 5
    depth_of_discharge: 0.5
  VRBF:
    cost: 310.349
    lifetime: 19.7641
    annual_cost: 15.702662909011794
    efficiency: 0.801497
    discharge_ratio: 0.5
    depth_of_discharge: 1.0
