cost_values:
  wind_capex: 5000.0
  wind_opex: 100
  wind_lifetime: 20
  solar_capex: 1000.0
  solar_opex: 10
  solar_lifetime: 20
  carbon_price: 1.0
timeseries_values:
  load_level: 245060.03140897164
  wind_year: 2018
  solar_year: 2013
  price_year: 2023
  carbon_year: 2023
storage_values:
  CAES:
    cost: 40.0316
    lifetime: 27.1666
    annual_cost: 1.4735594443176547
    efficiency: 0.609146
    discharge_ratio: 0.1
    depth_of_discharge: 0.4
  Li-ion:
    cost: 281.089
    lifetime: 20.2181
    annual_cost: 13.902839534872218
    efficiency: 0.898279
    discharge_ratio: 2
    depth_of_discharge: 0.9
  Pb-acid:
    cost: 180.528
    lifetime: 11.051
    annual_cost: 16.335897203872953
    efficiency: 0.784391
    discharge_ratio: 5
    depth_of_discharge: 0.5
  VRBF:
    cost: 287.786
    lifetime: 20.9638
    annual_cost: 13.727759280283156
    efficiency: 0.772354
    discharge_ratio: 0.5
    depth_of_discharge: 1.0
