cost_values:
  wind_capex: 5000.0
  wind_opex: 100
  wind_lifetime: 20
  solar_capex: 1000.0
  solar_opex: 10
  solar_lifetime: 20
  carbon_price: 1.0
timeseries_values:
  load_level: 245060.03140897164
  wind_year: 2018
  solar_year: 2013
  price_year: 2023
  carbon_year: 2023
storage_values:
  CAES:
    cost: 37.4859
    lifetime: 26.5344
    annual_cost: 1.4127283827785817
    efficiency: 0.618949
    discharge_ratio: 0.1
    depth_of_discharge: 0.4
  Li-ion:
    cost: 289.549
    lifetime: 19.396
    annual_cost: 14.928284182305628
    efficiency: 0.900869
    discharge_ratio: 2
    depth_of_discharge: 0.9
  Pb-acid:
    cost: 211.768
    lifetime: 8.63703
    annual_cost: 24.518613458561568
    efficiency: 0.791807
    discharge_ratio: 5
    depth_of_discharge: 0.5
  VRBF:
    cost: 282.192
    lifetime: 20.0783
    annual_cost: 14.054576333653747
    efficiency: 0.765805
    discharge_ratio: 0.5
    depth_of_discharge: 1.0
