cost_values:
  wind_capex: 5000.0
  wind_opex: 100
  wind_lifetime: 20
  solar_capex: 1000.0
  solar_opex: 10
  solar_lifetime: 20
  carbon_price: 1.0
timeseries_values:
  load_level: 245060.03140897164
  wind_year: 2018
  solar_year: 2013
  price_year: 2023
  carbon_year: 2023
storage_values:
  CAES:
    cost: 40.8726
    lifetime: 26.441
    annual_cost: 1.545803865209334
    efficiency: 0.611859
    discharge_ratio: 0.1
    depth_of_discharge: 0.4
  Li-ion:
    cost: 284.646
    lifetime: 20.4286
    annual_cost: 13.933700792026865
    efficiency: 0.895466
    discharge_ratio: 2
    depth_of_discharge: 0.9
  Pb-acid:
    cost: 193.064
    lifetime: 10.5849
    annual_cost: 18.239567686043326
    efficiency: 0.778758
    discharge_ratio: 5
    depth_of_discharge: 0.5
  VRBF:
    cost: 325.081
    lifetime: 22.2237
    annual_cost: 14.627672259794723
    efficiency: 0.798222
    discharge_ratio: 0.5
    depth_of_discharge: 1.0
