cost_values:
  wind_capex: 5000.0
  wind_opex: 100
  wind_lifetime: 20
  solar_capex: 1000.0
  solar_opex: 10
  solar_lifetime: 20
  carbon_price: 1.0
timeseries_values:
  load_level: 245060.03140897164
  wind_year: 2018
  solar_year: 2013
  price_year: 2023
  carbon_year: 2023
storage_values:
  CAES:
    cost: 34.8684
    lifetime: 26.588
    annual_cost: 1.311433729502031
    efficiency: 0.612911
    discharge_ratio: 0.1
    depth_of_discharge: 0.4
  Li-ion:
    cost: 296.242
    lifetime: 21.3
    annual_cost: 13.908075117370892
    efficiency: 0.902182
    discharge_ratio: 2
    depth_of_discharge: 0.9
  Pb-acid:
    cost: 192.729
    lifetime: 9.54228
    annual_cost: 20.19737421245237
    efficiency: 0.78212
    discharge_ratio: 5
    depth_of_discharge: 0.5
  VRBF:
    cost: 302.525
    lifetime: 20.1196
    annual_cost: 15.036332730272967
    efficiency: 0.795671
    discharge_ratio: 0.5
    depth_of_discharge: 1.0
