cost_values:
  wind_capex: 5000.0
  wind_opex: 100
  wind_lifetime: 20
  solar_capex: 1000.0
  solar_opex: 10
  solar_lifetime: 20
  carbon_price: 1.0
timeseries_values:
  load_level: 245060.03140897164
  wind_year: 2018
  solar_year: 2013
  price_year: 2023
  carbon_year: 2023
storage_values:
  CAES:
    cost: 36.9225
    lifetime: 26.8723
    annual_cost: 1.3739985040357543
    efficiency: 0.594516
    discharge_ratio: 0.1
    depth_of_discharge: 0.4
  Li-ion:
    cost: 288.156
    lifetime: 18.3234
    annual_cost: 15.726120698123712
    efficiency: 0.894517
    discharge_ratio: 2
    depth_of_discharge: 0.9
  Pb-acid:
    cost: 186.101
    lifetime: 8.52617
    annual_cost: 21.82703370915663
    efficiency: 0.774815
    discharge_ratio: 5
    depth_of_discharge: 0.5
  VRBF:
    cost: 299.793
    lifetime: 19.5155
    annual_cost: 15.361789346929365
    efficiency: 0.783808
    discharge_ratio: 0.5
    depth_of_discharge: 1.0
