cost_values:
  wind_capex: 5000.0
  wind_opex: 100
  wind_lifetime: 20
  solar_capex: 1000.0
  solar_opex: 10
  solar_lifetime: 20
  carbon_price: 1.0
timeseries_values:
  load_level: 245060.03140897164
  wind_year: 2018
  solar_year: 2013
  price_year: 2023
  carbon_year: 2023
storage_values:
  CAES:
    cost: 44.6993
    lifetime: 26.2713
    annual_cost: 1.70144987115217
    efficiency: 0.609213
    discharge_ratio: 0.1
    depth_of_discharge: 0.4
  Li-ion:
    cost: 288.081
    lifetime: 19.7827
    annual_cost: 14.562269053263712
    efficiency: 0.898819
    discharge_ratio: 2
    depth_of_discharge: 0.9
  Pb-acid:
    cost: 190.05
    lifetime: 11.6879
    annual_cost: 16.260406060969036
    efficiency: 0.799455
    discharge_ratio: 5
    depth_of_discharge: 0.5
  VRBF:
    cost: 313.374
    lifetime: 18.811
    annual_cost: 16.65908245175695
    efficiency: 0.815773
    discharge_ratio: 0.5
    depth_of_discharge: 1.0
