cost_values:
  wind_capex: 5000.0
  wind_opex: 100
  wind_lifetime: 20
  solar_capex: 1000.0
  solar_opex: 10
  solar_lifetime: 20
  carbon_price: 1.0
timeseries_values:
  load_level: 245060.03140897164
  wind_year: 2018
  solar_year: 2013
  price_year: 2023
  carbon_year: 2023
storage_values:
  CAES:
    cost: 35.0142
    lifetime: 24.944
    annual_cost: 1.403712315586915
    efficiency: 0.612996
    discharge_ratio: 0.1
    depth_of_discharge: 0.4
  Li-ion:
    cost: 286.772
    lifetime: 19.1709
    annual_cost: 14.958713466764731
    efficiency: 0.91254
    discharge_ratio: 2
    depth_of_discharge: 0.9
  Pb-acid:
    cost: 186.074
    lifetime: 9.23704
    annual_cost: 20.144331950494966
    efficiency: 0.789854
    discharge_ratio: 5
    depth_of_discharge: 0.5
  VRBF:
    cost: 302.421
    lifetime: 18.1749
    annual_cost: 16.63948632454649
    efficiency: 0.771957
    discharge_ratio: 0.5
    depth_of_discharge: 1.0
