cost_values:
  wind_capex: 5000.0
  wind_opex: 100
  wind_lifetime: 20
  solar_capex: 1000.0
  solar_opex: 10
  solar_lifetime: 20
  carbon_price: 1.0
timeseries_values:
  load_level: 245060.03140897164
  wind_year: 2018
  solar_year: 2013
  price_year: 2023
  carbon_year: 2023
storage_values:
  CAES:
    cost: 39.5085
    lifetime: 25.7947
    annual_cost: 1.5316518509616317
    efficiency: 0.603278
    discharge_ratio: 0.1
    depth_of_discharge: 0.4
  Li-ion:
    cost: 283.309
    lifetime: 21.7828
    annual_cost: 13.006087371687753
    efficiency: 0.904149
    discharge_ratio: 2
    depth_of_discharge: 0.9
  Pb-acid:
    cost: 189.66
    lifetime: 9.7089
    annual_cost: 19.53465377128202
    efficiency: 0.792012
    discharge_ratio: 5
    depth_of_discharge: 0.5
  VRBF:
    cost: 328.371
    lifetime: 19.9267
    annual_cost: 16.478945334651495
    efficiency: 0.811685
    discharge_ratio: 0.5
    depth_of_discharge: 1.0
