cost_values:
  wind_capex: 5000.0
  wind_opex: 100
  wind_lifetime: 20
  solar_capex: 1000.0
  solar_opex: 10
  solar_lifetime: 20
  carbon_price: 1.0
timeseries_values:
  load_level: 245060.03140897164
  wind_year: 2018
  solar_year: 2013
  price_year: 2023
  carbon_year: 2023
storage_values:
  CAES:
    cost: 44.3411
    lifetime: 26.0512
    annual_cost: 1.702075144331163
    efficiency: 0.606899
    discharge_ratio: 0.1
    depth_of_discharge: 0.4
  Li-ion:
    cost: 291.694
    lifetime: 19.7233
    annual_cost: 14.789310105306923
    efficiency: 0.926793
    discharge_ratio: 2
    depth_of_discharge: 0.9
  Pb-acid:
    cost: 193.547
    lifetime: 9.11659
    annual_cost: 21.230196817011624
    efficiency: 0.78489
    discharge_ratio: 5
    depth_of_discharge: 0.5
  VRBF:
    cost: 315.154
    lifetime: 21.1985
    annual_cost: 14.866806613675497
    efficiency: 0.794486
    discharge_ratio: 0.5
    depth_of_discharge: 1.0
