cost_values:
  wind_capex: 5000.0
  wind_opex: 100
  wind_lifetime: 20
  solar_capex: 1000.0
  solar_opex: 10
  solar_lifetime: 20
  carbon_price: 1.0
timeseries_values:
  load_level: 245060.03140897164
  wind_year: 2018
  solar_year: 2013
  price_year: 2023
  carbon_year: 2023
storage_values:
  CAES:
    cost: 37.8133
    lifetime: 26.1407
    annual_cost: 1.446529740978627
    efficiency: 0.60933
    discharge_ratio: 0.1
    depth_of_discharge: 0.4
  Li-ion:
    cost: 296.533
    lifetime: 18.4681
    annual_cost: 16.056497419875353
    efficiency: 0.908605
    discharge_ratio: 2
    depth_of_discharge: 0.9
  Pb-acid:
    cost: 198.794
    lifetime: 10.2318
    annual_cost: 19.4290349694091
    efficiency: 0.793944
    discharge_ratio: 5
    depth_of_discharge: 0.5
  VRBF:
    cost: 309.283
    lifetime: 21.3882
    annual_cost: 14.460450154758231
    efficiency: 0.801852
    discharge_ratio: 0.5
    depth_of_discharge: 1.0
