cost_values:
  wind_capex: 5000.0
  wind_opex: 100
  wind_lifetime: 20
  solar_capex: 1000.0
  solar_opex: 10
  solar_lifetime: 20
  carbon_price: 1.0
timeseries_values:
  load_level: 245060.03140897164
  wind_year: 2018
  solar_year: 2013
  price_year: 2023
  carbon_year: 2023
storage_values:
  CAES:
    cost: 33.9434
    lifetime: 25.9266
    annual_cost: 1.3092113890753125
    efficiency: 0.600817
    discharge_ratio: 0.1
    depth_of_discharge: 0.4
  Li-ion:
    cost: 292.569
    lifetime: 18.5865
    annual_cost: 15.740941005568558
    efficiency: 0.925593
    discharge_ratio: 2
    depth_of_discharge: 0.9
  Pb-acid:
    cost: 195.674
    lifetime: 10.9436
    annual_cost: 17.88022223034468
    efficiency: 0.781802
    discharge_ratio: 5
    depth_of_discharge: 0.5
  VRBF:
    cost: 302.989
    lifetime: 21.3688
    annual_cost: 14.179036726442288
    efficiency: 0.806781
    discharge_ratio: 0.5
    depth_of_discharge: 1.0
