cost_values:
  wind_capex: 5000.0
  wind_opex: 100
  wind_lifetime: 20
  solar_capex: 1000.0
  solar_opex: 10
  solar_lifetime: 20
  carbon_price: 1.0
timeseries_values:
  load_level: 245060.03140897164
  wind_year: 2018
  solar_year: 2013
  price_year: 2023
  carbon_year: 2023
storage_values:
  CAES:
    cost: 46.1658
    lifetime: 26.7014
    annual_cost: 1.7289655224070648
    efficiency: 0.611068
    discharge_ratio: 0.1
    depth_of_discharge: 0.4
  Li-ion:
    cost: 294.272
    lifetime: 20.5045
    annual_cost: 14.351581360189225
    efficiency: 0.914159
    discharge_ratio: 2
    depth_of_discharge: 0.9
  Pb-acid:
    cost: 201.264
    lifetime: 10.8459
    annual_cost: 18.55668962465079
    efficiency: 0.779833
    discharge_ratio: 5
    depth_of_discharge: 0.5
  VRBF:
    cost: 330.779
    lifetime: 18.1542
    annual_cost: 18.2205219728768
    efficiency: 0.800695
    discharge_ratio: 0.5
    depth_of_discharge: 1.0
