cost_values:
  wind_capex: 5000.0
  wind_opex: 100
  wind_lifetime: 20
  solar_capex: 1000.0
  solar_opex: 10
  solar_lifetime: 20
  carbon_price: 1.0
timeseries_values:
  load_level: 249709.68589743457
  wind_year: 2012
  solar_year: 2019
  price_year: 2023
  carbon_year: 2023
storage_values:
  CAES:
    cost: 49.3446
    lifetime: 26.6385
    annual_cost: 1.8523790753983895
    efficiency: 0.615059
    discharge_ratio: 0.1
    depth_of_discharge: 0.4
  Li-ion:
    cost: 247.217
    lifetime: 23.1168
    annual_cost: 10.694256990586933
    efficiency: 0.911523
    discharge_ratio: 2
    depth_of_discharge: 0.9
  Pb-acid:
    cost: 188.17
    lifetime: 10.9768
    annual_cost: 17.142518766853726
    efficiency: 0.682241
    discharge_ratio: 5
    depth_of_discharge: 0.5
  VRBF:
    cost: 193.499
    lifetime: 18.019
    annual_cost: 10.738609245796106
    efficiency: 0.70063
    discharge_ratio: 0.5
    depth_of_discharge: 1.0
