cost_values:
  wind_capex: 5000.0
  wind_opex: 100
  wind_lifetime: 20
  solar_capex: 1000.0
  solar_opex: 10
  solar_lifetime: 20
  carbon_price: 1.0
timeseries_values:
  load_level: 249709.68589743457
  wind_year: 2012
  solar_year: 2019
  price_year: 2023
  carbon_year: 2023
storage_values:
  CAES:
    cost: 51.8756
    lifetime: 26.6347
    annual_cost: 1.9476697691357516
    efficiency: 0.606348
    discharge_ratio: 0.1
    depth_of_discharge: 0.4
  Li-ion:
    cost: 226.725
    lifetime: 22.7475
    annual_cost: 9.967029343883944
    efficiency: 0.912383
    discharge_ratio: 2
    depth_of_discharge: 0.9
  Pb-acid:
    cost: 176.323
    lifetime: 10.7002
    annual_cost: 16.47847703781238
    efficiency: 0.66093
    discharge_ratio: 5
    depth_of_discharge: 0.5
  VRBF:
    cost: 187.269
    lifetime: 17.4925
    annual_cost: 10.705673860225811
    efficiency: 0.722757
    discharge_ratio: 0.5
    depth_of_discharge: 1.0
