cost_values:
  wind_capex: 5000.0
  wind_opex: 100
  wind_lifetime: 20
  solar_capex: 1000.0
  solar_opex: 10
  solar_lifetime: 20
  carbon_price: 1.0
timeseries_values:
  load_level: 249709.68589743457
  wind_year: 2012
  solar_year: 2019
  price_year: 2023
  carbon_year: 2023
storage_values:
  CAES:
    cost: 56.9092
    lifetime: 26.0345
    annual_cost: 2.185914843765004
    efficiency: 0.603602
    discharge_ratio: 0.1
    depth_of_discharge: 0.4
  Li-ion:
    cost: 245.511
    lifetime: 20.8035
    annual_cost: 11.801427644386761
    efficiency: 0.91978
    discharge_ratio: 2
    depth_of_discharge: 0.9
  Pb-acid:
    cost: 193.956
    lifetime: 9.731
    annual_cost: 19.931764464083855
    efficiency: 0.694889
    discharge_ratio: 5
    depth_of_discharge: 0.5
  VRBF:
    cost: 238.93
    lifetime: 16.752
    annual_cost: 14.262774594078321
    efficiency: 0.71407
    discharge_ratio: 0.5
    depth_of_discharge: 1.0
