cost_values:
  wind_capex: 5000.0
  wind_opex: 100
  wind_lifetime: 20
  solar_capex: 1000.0
  solar_opex: 10
  solar_lifetime: 20
  carbon_price: 1.0
timeseries_values:
  load_level: 249709.68589743457
  wind_year: 2012
  solar_year: 2019
  price_year: 2023
  carbon_year: 2023
storage_values:
  CAES:
    cost: 54.8084
    lifetime: 27.5838
    annual_cost: 1.9869778638186182
    efficiency: 0.616588
    discharge_ratio: 0.1
    depth_of_discharge: 0.4
  Li-ion:
    cost: 210.24
    lifetime: 22.6963
    annual_cost: 9.263183866973913
    efficiency: 0.925381
    discharge_ratio: 2
    depth_of_discharge: 0.9
  Pb-acid:
    cost: 205.845
    lifetime: 10.3511
    annual_cost: 19.886292278115366
    efficiency: 0.672028
    discharge_ratio: 5
    depth_of_discharge: 0.5
  VRBF:
    cost: 158.129
    lifetime: 19.4198
    annual_cost: 8.142668822541943
    efficiency: 0.71163
    discharge_ratio: 0.5
    depth_of_discharge: 1.0
