cost_values:
  wind_capex: 5000.0
  wind_opex: 100
  wind_lifetime: 20
  solar_capex: 1000.0
  solar_opex: 10
  solar_lifetime: 20
  carbon_price: 1.0
timeseries_values:
  load_level: 249709.68589743457
  wind_year: 2012
  solar_year: 2019
  price_year: 2023
  carbon_year: 2023
storage_values:
  CAES:
    cost: 53.48
    lifetime: 27.2149
    annual_cost: 1.9651000003674457
    efficiency: 0.615397
    discharge_ratio: 0.1
    depth_of_discharge: 0.4
  Li-ion:
    cost: 251.2
    lifetime: 23.7349
    annual_cost: 10.583571028316952
    efficiency: 0.897787
    discharge_ratio: 2
    depth_of_discharge: 0.9
  Pb-acid:
    cost: 210.205
    lifetime: 9.79899
    annual_cost: 21.451700634453143
    efficiency: 0.678443
    discharge_ratio: 5
    depth_of_discharge: 0.5
  VRBF:
    cost: 205.75
    lifetime: 16.8146
    annual_cost: 12.23638980409882
    efficiency: 0.710228
    discharge_ratio: 0.5
    depth_of_discharge: 1.0
