cost_values:
  wind_capex: 5000.0
  wind_opex: 100
  wind_lifetime: 20
  solar_capex: 1000.0
  solar_opex: 10
  solar_lifetime: 20
  carbon_price: 1.0
timeseries_values:
  load_level: 249709.68589743457
  wind_year: 2012
  solar_year: 2019
  price_year: 2023
  carbon_year: 2023
storage_values:
  CAES:
    cost: 48.2984
    lifetime: 27.3705
    annual_cost: 1.7646151878847665
    efficiency: 0.612595
    discharge_ratio: 0.1
    depth_of_discharge: 0.4
  Li-ion:
    cost: 237.982
    lifetime: 24.4411
    annual_cost: 9.736959465817824
    efficiency: 0.92311
    discharge_ratio: 2
    depth_of_discharge: 0.9
  Pb-acid:
    cost: 206.528
    lifetime: 8.90977
    annual_cost: 23.179947406049763
    efficiency: 0.688336
    discharge_ratio: 5
    depth_of_discharge: 0.5
  VRBF:
    cost: 183.125
    lifetime: 17.7424
    annual_cost: 10.321320678149517
    efficiency: 0.724322
    discharge_ratio: 0.5
    depth_of_discharge: 1.0
