cost_values:
  wind_capex: 5000.0
  wind_opex: 100
  wind_lifetime: 20
  solar_capex: 1000.0
  solar_opex: 10
  solar_lifetime: 20
  carbon_price: 1.0
timeseries_values:
  load_level: 249709.68589743457
  wind_year: 2012
  solar_year: 2019
  price_year: 2023
  carbon_year: 2023
storage_values:
  CAES:
    cost: 55.5756
    lifetime: 27.6549
    annual_cost: 2.009611316620201
    efficiency: 0.602805
    discharge_ratio: 0.1
    depth_of_discharge: 0.4
  Li-ion:
    cost: 214.51
    lifetime: 25.6917
    annual_cost: 8.34938910231709
    efficiency: 0.910372
    discharge_ratio: 2
    depth_of_discharge: 0.9
  Pb-acid:
    cost: 195.453
    lifetime: 9.55585
    annual_cost: 20.453753459922456
    efficiency: 0.680086
    discharge_ratio: 5
    depth_of_discharge: 0.5
  VRBF:
    cost: 196.171
    lifetime: 17.3655
    annual_cost: 11.296593821082029
    efficiency: 0.734118
    discharge_ratio: 0.5
    depth_of_discharge: 1.0
