cost_values:
  wind_capex: 5000.0
  wind_opex: 100
  wind_lifetime: 20
  solar_capex: 1000.0
  solar_opex: 10
  solar_lifetime: 20
  carbon_price: 1.0
timeseries_values:
  load_level: 249709.68589743457
  wind_year: 2012
  solar_year: 2019
  price_year: 2023
  carbon_year: 2023
storage_values:
  CAES:
    cost: 58.1876
    lifetime: 25.6438
    annual_cost: 2.2690708865300775
    efficiency: 0.611674
    discharge_ratio: 0.1
    depth_of_discharge: 0.4
  Li-ion:
    cost: 224.677
    lifetime: 23.4238
    annual_cost: 9.591825408345358
    efficiency: 0.906227
    discharge_ratio: 2
    depth_of_discharge: 0.9
  Pb-acid:
    cost: 218.882
    lifetime: 9.81031
    annual_cost: 22.311425428961982
    efficiency: 0.672992
    discharge_ratio: 5
    depth_of_discharge: 0.5
  VRBF:
    cost: 179.388
    lifetime: 17.7488
    annual_cost: 10.107049490669793
    efficiency: 0.71094
    discharge_ratio: 0.5
    depth_of_discharge: 1.0
