cost_values:
  wind_capex: 5000.0
  wind_opex: 100
  wind_lifetime: 20
  solar_capex: 1000.0
  solar_opex: 10
  solar_lifetime: 20
  carbon_price: 1.0
timeseries_values:
  load_level: 249709.68589743457
  wind_year: 2012
  solar_year: 2019
  price_year: 2023
  carbon_year: 2023
storage_values:
  CAES:
    cost: 54.2222
    lifetime: 26.7653
    annual_cost: 2.0258394264215234
    efficiency: 0.604909
    discharge_ratio: 0.1
    depth_of_discharge: 0.4
  Li-ion:
    cost: 248.788
    lifetime: 23.7242
    annual_cost: 10.486676052301027
    efficiency: 0.913683
    discharge_ratio: 2
    depth_of_discharge: 0.9
  Pb-acid:
    cost: 210.446
    lifetime: 10.4251
    annual_cost: 20.18647303143375
    efficiency: 0.681174
    discharge_ratio: 5
    depth_of_discharge: 0.5
  VRBF:
    cost: 191.947
    lifetime: 19.061
    annual_cost: 10.07014322438487
    efficiency: 0.721194
    discharge_ratio: 0.5
    depth_of_discharge: 1.0
