cost_values:
  wind_capex: 5000.0
  wind_opex: 100
  wind_lifetime: 20
  solar_capex: 1000.0
  solar_opex: 10
  solar_lifetime: 20
  carbon_price: 1.0
timeseries_values:
  load_level: 249709.68589743457
  wind_year: 2012
  solar_year: 2019
  price_year: 2023
  carbon_year: 2023
storage_values:
  CAES:
    cost: 55.1642
    lifetime: 27.2063
    annual_cost: 2.027625954282648
    efficiency: 0.614151
    discharge_ratio: 0.1
    depth_of_discharge: 0.4
  Li-ion:
    cost: 220.188
    lifetime: 22.5279
    annual_cost: 9.774013556523245
    efficiency: 0.917239
    discharge_ratio: 2
    depth_of_discharge: 0.9
  Pb-acid:
    cost: 191.293
    lifetime: 9.19643
    annual_cost: 20.800789001819187
    efficiency: 0.670649
    discharge_ratio: 5
    depth_of_discharge: 0.5
  VRBF:
    cost: 222.592
    lifetime: 16.6234
    annual_cost: 13.390281169917106
    efficiency: 0.711578
    discharge_ratio: 0.5
    depth_of_discharge: 1.0
