cost_values:
  wind_capex: 5000.0
  wind_opex: 100
  wind_lifetime: 20
  solar_capex: 1000.0
  solar_opex: 10
  solar_lifetime: 20
  carbon_price: 1.0
timeseries_values:
  load_level: 249709.68589743457
  wind_year: 2012
  solar_year: 2019
  price_year: 2023
  carbon_year: 2023
storage_values:
  CAES:
    cost: 52.4731
    lifetime: 27.2788
    annual_cost: 1.9235853483291054
    efficiency: 0.604539
    discharge_ratio: 0.1
    depth_of_discharge: 0.4
  Li-ion:
    cost: 231.365
    lifetime: 24.5506
    annual_cost: 9.42400593060862
    efficiency: 0.919527
    discharge_ratio: 2
    depth_of_discharge: 0.9
  Pb-acid:
    cost: 202.049
    lifetime: 10.1002
    annual_cost: 20.00445535731966
    efficiency: 0.685328
    discharge_ratio: 5
    depth_of_discharge: 0.5
  VRBF:
    cost: 242.929
    lifetime: 17.4449
    annual_cost: 13.925502582416637
    efficiency: 0.69897
    discharge_ratio: 0.5
    depth_of_discharge: 1.0
