cost_values:
  wind_capex: 5000.0
  wind_opex: 100
  wind_lifetime: 20
  solar_capex: 1000.0
  solar_opex: 10
  solar_lifetime: 20
  carbon_price: 1.0
timeseries_values:
  load_level: 249709.68589743457
  wind_year: 2012
  solar_year: 2019
  price_year: 2023
  carbon_year: 2023
storage_values:
  CAES:
    cost: 45.2405
    lifetime: 26.7935
    annual_cost: 1.6884878795230185
    efficiency: 0.60587
    discharge_ratio: 0.1
    depth_of_discharge: 0.4
  Li-ion:
    cost: 210.341
    lifetime: 25.2427
    annual_cost: 8.332745704698786
    efficiency: 0.913718
    discharge_ratio: 2
    depth_of_discharge: 0.9
  Pb-acid:
    cost: 201.598
    lifetime: 10.6999
    annual_cost: 18.841110664585653
    efficiency: 0.685496
    discharge_ratio: 5
    depth_of_discharge: 0.5
  VRBF:
    cost: 216.248
    lifetime: 18.8237
    annual_cost: 11.488070889357566
    efficiency: 0.707794
    discharge_ratio: 0.5
    depth_of_discharge: 1.0
