cost_values:
  wind_capex: 5000.0
  wind_opex: 100
  wind_lifetime: 20
  solar_capex: 1000.0
  solar_opex: 10
  solar_lifetime: 20
  carbon_price: 1.0
timeseries_values:
  load_level: 249709.68589743457
  wind_year: 2012
  solar_year: 2019
  price_year: 2023
  carbon_year: 2023
storage_values:
  CAES:
    cost: 50.43
    lifetime: 26.4444
    annual_cost: 1.9070200117983391
    efficiency: 0.604766
    discharge_ratio: 0.1
    depth_of_discharge: 0.4
  Li-ion:
    cost: 241.17
    lifetime: 25.248
    annual_cost: 9.552043726235741
    efficiency: 0.913332
    discharge_ratio: 2
    depth_of_discharge: 0.9
  Pb-acid:
    cost: 201.598
    lifetime: 9.81211
    annual_cost: 20.545835707100714
    efficiency: 0.682134
    discharge_ratio: 5
    depth_of_discharge: 0.5
  VRBF:
    cost: 189.903
    lifetime: 17.7353
    annual_cost: 10.707628289343852
    efficiency: 0.714136
    discharge_ratio: 0.5
    depth_of_discharge: 1.0
