cost_values:
  wind_capex: 5000.0
  wind_opex: 100
  wind_lifetime: 20
  solar_capex: 1000.0
  solar_opex: 10
  solar_lifetime: 20
  carbon_price: 1.0
timeseries_values:
  load_level: 249709.68589743457
  wind_year: 2012
  solar_year: 2019
  price_year: 2023
  carbon_year: 2023
storage_values:
  CAES:
    cost: 53.1449
    lifetime: 26.485
    annual_cost: 2.006603737964886
    efficiency: 0.618484
    discharge_ratio: 0.1
    depth_of_discharge: 0.4
  Li-ion:
    cost: 260.736
    lifetime: 21.7896
    annual_cost: 11.966075558982267
    efficiency: 0.897145
    discharge_ratio: 2
    depth_of_discharge: 0.9
  Pb-acid:
    cost: 189.259
    lifetime: 9.97607
    annual_cost: 18.971298316872275
    efficiency: 0.674809
    discharge_ratio: 5
    depth_of_discharge: 0.5
  VRBF:
    cost: 202.103
    lifetime: 18.8914
    annual_cost: 10.698148363805753
    efficiency: 0.704538
    discharge_ratio: 0.5
    depth_of_discharge: 1.0
