cost_values:
  wind_capex: 5000.0
  wind_opex: 100
  wind_lifetime: 20
  solar_capex: 1000.0
  solar_opex: 10
  solar_lifetime: 20
  carbon_price: 1.0
timeseries_values:
  load_level: 249709.68589743457
  wind_year: 2012
  solar_year: 2019
  price_year: 2023
  carbon_year: 2023
storage_values:
  CAES:
    cost: 50.9048
    lifetime: 27.214
    annual_cost: 1.8705372234879107
    efficiency: 0.612705
    discharge_ratio: 0.1
    depth_of_discharge: 0.4
  Li-ion:
    cost: 250.404
    lifetime: 24.1261
    annual_cost: 10.378967176626142
    efficiency: 0.914278
    discharge_ratio: 2
    depth_of_discharge: 0.9
  Pb-acid:
    cost: 194.131
    lifetime: 8.39763
    annual_cost: 23.117355730128622
    efficiency: 0.687937
    discharge_ratio: 5
    depth_of_discharge: 0.5
  VRBF:
    cost: 202.691
    lifetime: 16.6151
    annual_cost: 12.19920433822246
    efficiency: 0.708893
    discharge_ratio: 0.5
    depth_of_discharge: 1.0
