cost_values:
  wind_capex: 5000.0
  wind_opex: 100
  wind_lifetime: 20
  solar_capex: 1000.0
  solar_opex: 10
  solar_lifetime: 20
  carbon_price: 1.0
timeseries_values:
  load_level: 249709.68589743457
  wind_year: 2012
  solar_year: 2019
  price_year: 2023
  carbon_year: 2023
storage_values:
  CAES:
    cost: 58.2529
    lifetime: 27.3275
    annual_cost: 2.1316585856737715
    efficiency: 0.620271
    discharge_ratio: 0.1
    depth_of_discharge: 0.4
  Li-ion:
    cost: 261.854
    lifetime: 25.0629
    annual_cost: 10.447873151151702
    efficiency: 0.918157
    discharge_ratio: 2
    depth_of_discharge: 0.9
  Pb-acid:
    cost: 178.168
    lifetime: 10.7723
    annual_cost: 16.539457683131737
    efficiency: 0.672817
    discharge_ratio: 5
    depth_of_discharge: 0.5
  VRBF:
    cost: 183.832
    lifetime: 17.556
    annual_cost: 10.471177944862154
    efficiency: 0.710981
    discharge_ratio: 0.5
    depth_of_discharge: 1.0
