cost_values:
  wind_capex: 5000.0
  wind_opex: 100
  wind_lifetime: 20
  solar_capex: 1000.0
  solar_opex: 10
  solar_lifetime: 20
  carbon_price: 1.0
timeseries_values:
  load_level: 249709.68589743457
  wind_year: 2012
  solar_year: 2019
  price_year: 2023
  carbon_year: 2023
storage_values:
  CAES:
    cost: 52.7527
    lifetime: 27.6305
    annual_cost: 1.9092198838240348
    efficiency: 0.621203
    discharge_ratio: 0.1
    depth_of_discharge: 0.4
  Li-ion:
    cost: 222.76
    lifetime: 25.1341
    annual_cost: 8.862859620992992
    efficiency: 0.902857
    discharge_ratio: 2
    depth_of_discharge: 0.9
  Pb-acid:
    cost: 209.905
    lifetime: 8.97988
    annual_cost: 23.37503396481913
    efficiency: 0.685541
    discharge_ratio: 5
    depth_of_discharge: 0.5
  VRBF:
    cost: 199.477
    lifetime: 20.5955
    annual_cost: 9.685465271539899
    efficiency: 0.739233
    discharge_ratio: 0.5
    depth_of_discharge: 1.0
