cost_values:
  wind_capex: 5000.0
  wind_opex: 100
  wind_lifetime: 20
  solar_capex: 1000.0
  solar_opex: 10
  solar_lifetime: 20
  carbon_price: 1.0
timeseries_values:
  load_level: 249709.68589743457
  wind_year: 2012
  solar_year: 2019
  price_year: 2023
  carbon_year: 2023
storage_values:
  CAES:
    cost: 55.0719
    lifetime: 27.4415
    annual_cost: 2.006883734489733
    efficiency: 0.600316
    discharge_ratio: 0.1
    depth_of_discharge: 0.4
  Li-ion:
    cost: 239.985
    lifetime: 25.1672
    annual_cost: 9.53562573508376
    efficiency: 0.916348
    discharge_ratio: 2
    depth_of_discharge: 0.9
  Pb-acid:
    cost: 203.901
    lifetime: 9.06391
    annual_cost: 22.495920634692975
    efficiency: 0.70062
    discharge_ratio: 5
    depth_of_discharge: 0.5
  VRBF:
    cost: 210.557
    lifetime: 19.483
    annual_cost: 10.807216547759584
    efficiency: 0.721921
    discharge_ratio: 0.5
    depth_of_discharge: 1.0
