cost_values:
  wind_capex: 5000.0
  wind_opex: 100
  wind_lifetime: 20
  solar_capex: 1000.0
  solar_opex: 10
  solar_lifetime: 20
  carbon_price: 1.0
timeseries_values:
  load_level: 249709.68589743457
  wind_year: 2012
  solar_year: 2019
  price_year: 2023
  carbon_year: 2023
storage_values:
  CAES:
    cost: 56.1544
    lifetime: 26.5319
    annual_cost: 2.1164861920932916
    efficiency: 0.611504
    discharge_ratio: 0.1
    depth_of_discharge: 0.4
  Li-ion:
    cost: 228.017
    lifetime: 23.4989
    annual_cost: 9.703305261097329
    efficiency: 0.926541
    discharge_ratio: 2
    depth_of_discharge: 0.9
  Pb-acid:
    cost: 184.975
    lifetime: 9.72912
    annual_cost: 19.012510895127207
    efficiency: 0.690448
    discharge_ratio: 5
    depth_of_discharge: 0.5
  VRBF:
    cost: 194.603
    lifetime: 16.8014
    annual_cost: 11.582546692537527
    efficiency: 0.708195
    discharge_ratio: 0.5
    depth_of_discharge: 1.0
