cost_values:
  wind_capex: 5000.0
  wind_opex: 100
  wind_lifetime: 20
  solar_capex: 1000.0
  solar_opex: 10
  solar_lifetime: 20
  carbon_price: 1.0
timeseries_values:
  load_level: 249709.68589743457
  wind_year: 2012
  solar_year: 2019
  price_year: 2023
  carbon_year: 2023
storage_values:
  CAES:
    cost: 58.323
    lifetime: 26.4003
    annual_cost: 2.209179441142714
    efficiency: 0.606151
    discharge_ratio: 0.1
    depth_of_discharge: 0.4
  Li-ion:
    cost: 228.295
    lifetime: 25.229
    annual_cost: 9.048911966387887
    efficiency: 0.927703
    discharge_ratio: 2
    depth_of_discharge: 0.9
  Pb-acid:
    cost: 186.503
    lifetime: 8.58244
    annual_cost: 21.730766541915816
    efficiency: 0.663778
    discharge_ratio: 5
    depth_of_discharge: 0.5
  VRBF:
    cost: 193.192
    lifetime: 16.9912
    annual_cost: 11.37012100381374
    efficiency: 0.722703
    discharge_ratio: 0.5
    depth_of_discharge: 1.0
