cost_values:
  wind_capex: 5000.0
  wind_opex: 100
  wind_lifetime: 20
  solar_capex: 1000.0
  solar_opex: 10
  solar_lifetime: 20
  carbon_price: 1.0
timeseries_values:
  load_level: 249709.68589743457
  wind_year: 2012
  solar_year: 2019
  price_year: 2023
  carbon_year: 2023
storage_values:
  CAES:
    cost: 55.919
    lifetime: 28.1328
    annual_cost: 1.9876798612295967
    efficiency: 0.611755
    discharge_ratio: 0.1
    depth_of_discharge: 0.4
  Li-ion:
    cost: 248.358
    lifetime: 23.7812
    annual_cost: 10.443459539468153
    efficiency: 0.928855
    discharge_ratio: 2
    depth_of_discharge: 0.9
  Pb-acid:
    cost: 182.684
    lifetime: 9.18512
    annual_cost: 19.889125019596914
    efficiency: 0.707733
    discharge_ratio: 5
    depth_of_discharge: 0.5
  VRBF:
    cost: 195.874
    lifetime: 17.3478
    annual_cost: 11.29099943508687
    efficiency: 0.707207
    discharge_ratio: 0.5
    depth_of_discharge: 1.0
