cost_values:
  wind_capex: 5000.0
  wind_opex: 100
  wind_lifetime: 20
  solar_capex: 1000.0
  solar_opex: 10
  solar_lifetime: 20
  carbon_price: 1.0
timeseries_values:
  load_level: 249709.68589743457
  wind_year: 2012
  solar_year: 2019
  price_year: 2023
  carbon_year: 2023
storage_values:
  CAES:
    cost: 48.3834
    lifetime: 27.5796
    annual_cost: 1.7543184092590176
    efficiency: 0.609039
    discharge_ratio: 0.1
    depth_of_discharge: 0.4
  Li-ion:
    cost: 222.076
    lifetime: 23.4649
    annual_cost: 9.464178411158795
    efficiency: 0.910677
    discharge_ratio: 2
    depth_of_discharge: 0.9
  Pb-acid:
    cost: 214.782
    lifetime: 11.0287
    annual_cost: 19.474824775358837
    efficiency: 0.688276
    discharge_ratio: 5
    depth_of_discharge: 0.5
  VRBF:
    cost: 223.996
    lifetime: 20.4591
    annual_cost: 10.948477694522243
    efficiency: 0.745113
    discharge_ratio: 0.5
    depth_of_discharge: 1.0
