cost_values:
  wind_capex: 5000.0
  wind_opex: 100
  wind_lifetime: 20
  solar_capex: 1000.0
  solar_opex: 10
  solar_lifetime: 20
  carbon_price: 1.0
timeseries_values:
  load_level: 249709.68589743457
  wind_year: 2012
  solar_year: 2019
  price_year: 2023
  carbon_year: 2023
storage_values:
  CAES:
    cost: 50.8502
    lifetime: 26.7306
    annual_cost: 1.9023216837631778
    efficiency: 0.605294
    discharge_ratio: 0.1
    depth_of_discharge: 0.4
  Li-ion:
    cost: 236.345
    lifetime: 24.1461
    annual_cost: 9.78812313375659
    efficiency: 0.916708
    discharge_ratio: 2
    depth_of_discharge: 0.9
  Pb-acid:
    cost: 193.922
    lifetime: 10.3205
    annual_cost: 18.789981105566593
    efficiency: 0.687561
    discharge_ratio: 5
    depth_of_discharge: 0.5
  VRBF:
    cost: 174.518
    lifetime: 19.084
    annual_cost: 9.14472856843429
    efficiency: 0.694572
    discharge_ratio: 0.5
    depth_of_discharge: 1.0
