cost_values:
  wind_capex: 5000.0
  wind_opex: 100
  wind_lifetime: 20
  solar_capex: 1000.0
  solar_opex: 10
  solar_lifetime: 20
  carbon_price: 1.0
timeseries_values:
  load_level: 249709.68589743457
  wind_year: 2012
  solar_year: 2019
  price_year: 2023
  carbon_year: 2023
storage_values:
  CAES:
    cost: 59.9039
    lifetime: 27.7501
    annual_cost: 2.1586913200312794
    efficiency: 0.615153
    discharge_ratio: 0.1
    depth_of_discharge: 0.4
  Li-ion:
    cost: 206.655
    lifetime: 22.9888
    annual_cost: 8.98937743596882
    efficiency: 0.928873
    discharge_ratio: 2
    depth_of_discharge: 0.9
  Pb-acid:
    cost: 195.76
    lifetime: 10.3382
    annual_cost: 18.93559807316554
    efficiency: 0.697019
    discharge_ratio: 5
    depth_of_discharge: 0.5
  VRBF:
    cost: 180.815
    lifetime: 18.8757
    annual_cost: 9.579247392149696
    efficiency: 0.722583
    discharge_ratio: 0.5
    depth_of_discharge: 1.0
