cost_values:
  wind_capex: 5000.0
  wind_opex: 100
  wind_lifetime: 20
  solar_capex: 1000.0
  solar_opex: 10
  solar_lifetime: 20
  carbon_price: 1.0
timeseries_values:
  load_level: 249709.68589743457
  wind_year: 2012
  solar_year: 2019
  price_year: 2023
  carbon_year: 2023
storage_values:
  CAES:
    cost: 51.4421
    lifetime: 26.5314
    annual_cost: 1.9389138907106298
    efficiency: 0.610976
    discharge_ratio: 0.1
    depth_of_discharge: 0.4
  Li-ion:
    cost: 240.833
    lifetime: 23.573
    annual_cost: 10.216476477325754
    efficiency: 0.910281
    discharge_ratio: 2
    depth_of_discharge: 0.9
  Pb-acid:
    cost: 200.608
    lifetime: 9.38535
    annual_cost: 21.37458912027788
    efficiency: 0.665702
    discharge_ratio: 5
    depth_of_discharge: 0.5
  VRBF:
    cost: 217.295
    lifetime: 16.4766
    annual_cost: 13.18809705885923
    efficiency: 0.710683
    discharge_ratio: 0.5
    depth_of_discharge: 1.0
