cost_values:
  wind_capex: 5000.0
  wind_opex: 100
  wind_lifetime: 20
  solar_capex: 1000.0
  solar_opex: 10
  solar_lifetime: 20
  carbon_price: 1.0
timeseries_values:
  load_level: 249709.68589743457
  wind_year: 2012
  solar_year: 2019
  price_year: 2023
  carbon_year: 2023
storage_values:
  CAES:
    cost: 42.5072
    lifetime: 26.9818
    annual_cost: 1.5754026788427755
    efficiency: 0.608787
    discharge_ratio: 0.1
    depth_of_discharge: 0.4
  Li-ion:
    cost: 238.883
    lifetime: 24.125
    annual_cost: 9.901886010362695
    efficiency: 0.899032
    discharge_ratio: 2
    depth_of_discharge: 0.9
  Pb-acid:
    cost: 204.537
    lifetime: 10.1687
    annual_cost: 20.11437056850925
    efficiency: 0.688991
    discharge_ratio: 5
    depth_of_discharge: 0.5
  VRBF:
    cost: 199.021
    lifetime: 19.6592
    annual_cost: 10.12355538373891
    efficiency: 0.7081
    discharge_ratio: 0.5
    depth_of_discharge: 1.0
