cost_values:
  wind_capex: 5000.0
  wind_opex: 100
  wind_lifetime: 20
  solar_capex: 1000.0
  solar_opex: 10
  solar_lifetime: 20
  carbon_price: 1.0
timeseries_values:
  load_level: 249709.68589743457
  wind_year: 2012
  solar_year: 2019
  price_year: 2023
  carbon_year: 2023
storage_values:
  CAES:
    cost: 49.5924
    lifetime: 27.9952
    annual_cost: 1.771460821855175
    efficiency: 0.619688
    discharge_ratio: 0.1
    depth_of_discharge: 0.4
  Li-ion:
    cost: 223.148
    lifetime: 24.2177
    annual_cost: 9.214252385651816
    efficiency: 0.905727
    discharge_ratio: 2
    depth_of_discharge: 0.9
  Pb-acid:
    cost: 217.062
    lifetime: 11.1172
    annual_cost: 19.524880365559675
    efficiency: 0.677759
    discharge_ratio: 5
    depth_of_discharge: 0.5
  VRBF:
    cost: 227.816
    lifetime: 18.8217
    annual_cost: 12.10390134791225
    efficiency: 0.704826
    discharge_ratio: 0.5
    depth_of_discharge: 1.0
