cost_values:
  wind_capex: 5000.0
  wind_opex: 100
  wind_lifetime: 20
  solar_capex: 1000.0
  solar_opex: 10
  solar_lifetime: 20
  carbon_price: 1.0
timeseries_values:
  load_level: 249709.68589743457
  wind_year: 2012
  solar_year: 2019
  price_year: 2023
  carbon_year: 2023
storage_values:
  CAES:
    cost: 50.4895
    lifetime: 26.1665
    annual_cost: 1.9295473219574648
    efficiency: 0.614027
    discharge_ratio: 0.1
    depth_of_discharge: 0.4
  Li-ion:
    cost: 245.878
    lifetime: 24.3102
    annual_cost: 10.114190751207312
    efficiency: 0.921851
    discharge_ratio: 2
    depth_of_discharge: 0.9
  Pb-acid:
    cost: 206.636
    lifetime: 9.72881
    annual_cost: 21.23959662075835
    efficiency: 0.677687
    discharge_ratio: 5
    depth_of_discharge: 0.5
  VRBF:
    cost: 202.275
    lifetime: 17.4292
    annual_cost: 11.605524063066577
    efficiency: 0.704188
    discharge_ratio: 0.5
    depth_of_discharge: 1.0
