cost_values:
  wind_capex: 5000.0
  wind_opex: 100
  wind_lifetime: 20
  solar_capex: 1000.0
  solar_opex: 10
  solar_lifetime: 20
  carbon_price: 1.0
timeseries_values:
  load_level: 249709.68589743457
  wind_year: 2012
  solar_year: 2019
  price_year: 2023
  carbon_year: 2023
storage_values:
  CAES:
    cost: 50.8249
    lifetime: 27.7633
    annual_cost: 1.8306505350588727
    efficiency: 0.608136
    discharge_ratio: 0.1
    depth_of_discharge: 0.4
  Li-ion:
    cost: 249.364
    lifetime: 23.7231
    annual_cost: 10.511442433746012
    efficiency: 0.932335
    discharge_ratio: 2
    depth_of_discharge: 0.9
  Pb-acid:
    cost: 192.299
    lifetime: 10.1248
    annual_cost: 18.99286899494311
    efficiency: 0.679942
    discharge_ratio: 5
    depth_of_discharge: 0.5
  VRBF:
    cost: 202.394
    lifetime: 17.2735
    annual_cost: 11.717023185804846
    efficiency: 0.697186
    discharge_ratio: 0.5
    depth_of_discharge: 1.0
