cost_values:
  wind_capex: 5000.0
  wind_opex: 100
  wind_lifetime: 20
  solar_capex: 1000.0
  solar_opex: 10
  solar_lifetime: 20
  carbon_price: 1.0
timeseries_values:
  load_level: 249709.68589743457
  wind_year: 2012
  solar_year: 2019
  price_year: 2023
  carbon_year: 2023
storage_values:
  CAES:
    cost: 48.7002
    lifetime: 27.5821
    annual_cost: 1.7656451104158133
    efficiency: 0.605042
    discharge_ratio: 0.1
    depth_of_discharge: 0.4
  Li-ion:
    cost: 229.104
    lifetime: 24.5702
    annual_cost: 9.324466223311166
    efficiency: 0.915985
    discharge_ratio: 2
    depth_of_discharge: 0.9
  Pb-acid:
    cost: 178.023
    lifetime: 13.2487
    annual_cost: 13.437016461992497
    efficiency: 0.684495
    discharge_ratio: 5
    depth_of_discharge: 0.5
  VRBF:
    cost: 170.315
    lifetime: 17.6442
    annual_cost: 9.652747078360028
    efficiency: 0.716651
    discharge_ratio: 0.5
    depth_of_discharge: 1.0
