cost_values:
  wind_capex: 5000.0
  wind_opex: 100
  wind_lifetime: 20
  solar_capex: 1000.0
  solar_opex: 10
  solar_lifetime: 20
  carbon_price: 1.0
timeseries_values:
  load_level: 249709.68589743457
  wind_year: 2012
  solar_year: 2019
  price_year: 2023
  carbon_year: 2023
storage_values:
  CAES:
    cost: 54.4143
    lifetime: 27.1299
    annual_cost: 2.0056948237922
    efficiency: 0.608516
    discharge_ratio: 0.1
    depth_of_discharge: 0.4
  Li-ion:
    cost: 250.928
    lifetime: 23.6315
    annual_cost: 10.61836954911876
    efficiency: 0.917527
    discharge_ratio: 2
    depth_of_discharge: 0.9
  Pb-acid:
    cost: 199.273
    lifetime: 11.1398
    annual_cost: 17.888382197166916
    efficiency: 0.679513
    discharge_ratio: 5
    depth_of_discharge: 0.5
  VRBF:
    cost: 220.929
    lifetime: 20.9564
    annual_cost: 10.54231642839419
    efficiency: 0.711484
    discharge_ratio: 0.5
    depth_of_discharge: 1.0
