cost_values:
  wind_capex: 5000.0
  wind_opex: 100
  wind_lifetime: 20
  solar_capex: 1000.0
  solar_opex: 10
  solar_lifetime: 20
  carbon_price: 1.0
timeseries_values:
  load_level: 249709.68589743457
  wind_year: 2012
  solar_year: 2019
  price_year: 2023
  carbon_year: 2023
storage_values:
  CAES:
    cost: 44.0398
    lifetime: 27.0306
    annual_cost: 1.6292572121965476
    efficiency: 0.618407
    discharge_ratio: 0.1
    depth_of_discharge: 0.4
  Li-ion:
    cost: 252.883
    lifetime: 22.6896
    annual_cost: 11.145326493195121
    efficiency: 0.895707
    discharge_ratio: 2
    depth_of_discharge: 0.9
  Pb-acid:
    cost: 199.346
    lifetime: 8.01554
    annual_cost: 24.869940141275574
    efficiency: 0.666232
    discharge_ratio: 5
    depth_of_discharge: 0.5
  VRBF:
    cost: 225.416
    lifetime: 18.562
    annual_cost: 12.14395000538735
    efficiency: 0.727715
    discharge_ratio: 0.5
    depth_of_discharge: 1.0
