cost_values:
  wind_capex: 5000.0
  wind_opex: 100
  wind_lifetime: 20
  solar_capex: 1000.0
  solar_opex: 10
  solar_lifetime: 20
  carbon_price: 1.0
timeseries_values:
  load_level: 249709.68589743457
  wind_year: 2012
  solar_year: 2019
  price_year: 2023
  carbon_year: 2023
storage_values:
  CAES:
    cost: 52.17
    lifetime: 27.5717
    annual_cost: 1.8921575383454774
    efficiency: 0.610816
    discharge_ratio: 0.1
    depth_of_discharge: 0.4
  Li-ion:
    cost: 236.331
    lifetime: 23.8373
    annual_cost: 9.914335935697416
    efficiency: 0.928256
    discharge_ratio: 2
    depth_of_discharge: 0.9
  Pb-acid:
    cost: 196.596
    lifetime: 10.2682
    annual_cost: 19.146101556261076
    efficiency: 0.675252
    discharge_ratio: 5
    depth_of_discharge: 0.5
  VRBF:
    cost: 171.503
    lifetime: 17.8413
    annual_cost: 9.61269638423209
    efficiency: 0.712063
    discharge_ratio: 0.5
    depth_of_discharge: 1.0
