cost_values:
  wind_capex: 5000.0
  wind_opex: 100
  wind_lifetime: 20
  solar_capex: 1000.0
  solar_opex: 10
  solar_lifetime: 20
  carbon_price: 1.0
timeseries_values:
  load_level: 249709.68589743457
  wind_year: 2012
  solar_year: 2019
  price_year: 2023
  carbon_year: 2023
storage_values:
  CAES:
    cost: 57.3539
    lifetime: 27.2512
    annual_cost: 2.1046375939408173
    efficiency: 0.610203
    discharge_ratio: 0.1
    depth_of_discharge: 0.4
  Li-ion:
    cost: 220.383
    lifetime: 24.4904
    annual_cost: 8.99875053082024
    efficiency: 0.914456
    discharge_ratio: 2
    depth_of_discharge: 0.9
  Pb-acid:
    cost: 194.561
    lifetime: 11.3819
    annual_cost: 17.093894692450295
    efficiency: 0.684039
    discharge_ratio: 5
    depth_of_discharge: 0.5
  VRBF:
    cost: 176.747
    lifetime: 17.7936
    annual_cost: 9.933178221382969
    efficiency: 0.734388
    discharge_ratio: 0.5
    depth_of_discharge: 1.0
