cost_values:
  wind_capex: 5000.0
  wind_opex: 100
  wind_lifetime: 20
  solar_capex: 1000.0
  solar_opex: 10
  solar_lifetime: 20
  carbon_price: 1.0
timeseries_values:
  load_level: 249709.68589743457
  wind_year: 2012
  solar_year: 2019
  price_year: 2023
  carbon_year: 2023
storage_values:
  CAES:
    cost: 49.6647
    lifetime: 27.0658
    annual_cost: 1.8349614642833394
    efficiency: 0.611312
    discharge_ratio: 0.1
    depth_of_discharge: 0.4
  Li-ion:
    cost: 231.829
    lifetime: 22.7043
    annual_cost: 10.210797073682079
    efficiency: 0.91322
    discharge_ratio: 2
    depth_of_discharge: 0.9
  Pb-acid:
    cost: 204.64
    lifetime: 9.4277
    annual_cost: 21.706248607825874
    efficiency: 0.687549
    discharge_ratio: 5
    depth_of_discharge: 0.5
  VRBF:
    cost: 217.688
    lifetime: 17.4237
    annual_cost: 12.493787197897117
    efficiency: 0.695685
    discharge_ratio: 0.5
    depth_of_discharge: 1.0
