cost_values:
  wind_capex: 5000.0
  wind_opex: 100
  wind_lifetime: 20
  solar_capex: 1000.0
  solar_opex: 10
  solar_lifetime: 20
  carbon_price: 1.0
timeseries_values:
  load_level: 249709.68589743457
  wind_year: 2012
  solar_year: 2019
  price_year: 2023
  carbon_year: 2023
storage_values:
  CAES:
    cost: 44.2787
    lifetime: 27.5421
    annual_cost: 1.6076733437174362
    efficiency: 0.61181
    discharge_ratio: 0.1
    depth_of_discharge: 0.4
  Li-ion:
    cost: 239.473
    lifetime: 21.146
    annual_cost: 11.324742268041238
    efficiency: 0.893131
    discharge_ratio: 2
    depth_of_discharge: 0.9
  Pb-acid:
    cost: 212.532
    lifetime: 10.6073
    annual_cost: 20.03639003327897
    efficiency: 0.685952
    discharge_ratio: 5
    depth_of_discharge: 0.5
  VRBF:
    cost: 251.714
    lifetime: 17.8385
    annual_cost: 14.110715587072905
    efficiency: 0.715449
    discharge_ratio: 0.5
    depth_of_discharge: 1.0
