cost_values:
  wind_capex: 5000.0
  wind_opex: 100
  wind_lifetime: 20
  solar_capex: 1000.0
  solar_opex: 10
  solar_lifetime: 20
  carbon_price: 1.0
timeseries_values:
  load_level: 249709.68589743457
  wind_year: 2012
  solar_year: 2019
  price_year: 2023
  carbon_year: 2023
storage_values:
  CAES:
    cost: 47.8616
    lifetime: 27.3648
    annual_cost: 1.7490206396538621
    efficiency: 0.616021
    discharge_ratio: 0.1
    depth_of_discharge: 0.4
  Li-ion:
    cost: 239.415
    lifetime: 23.602
    annual_cost: 10.143843742055758
    efficiency: 0.927764
    discharge_ratio: 2
    depth_of_discharge: 0.9
  Pb-acid:
    cost: 217.868
    lifetime: 9.56631
    annual_cost: 22.774507621015836
    efficiency: 0.689118
    discharge_ratio: 5
    depth_of_discharge: 0.5
  VRBF:
    cost: 209.29
    lifetime: 16.6376
    annual_cost: 12.579338366110496
    efficiency: 0.713499
    discharge_ratio: 0.5
    depth_of_discharge: 1.0
