cost_values:
  wind_capex: 5000.0
  wind_opex: 100
  wind_lifetime: 20
  solar_capex: 1000.0
  solar_opex: 10
  solar_lifetime: 20
  carbon_price: 1.0
timeseries_values:
  load_level: 249709.68589743457
  wind_year: 2012
  solar_year: 2019
  price_year: 2023
  carbon_year: 2023
storage_values:
  CAES:
    cost: 53.8591
    lifetime: 27.5961
    annual_cost: 1.9516924492953713
    efficiency: 0.603803
    discharge_ratio: 0.1
    depth_of_discharge: 0.4
  Li-ion:
    cost: 208.359
    lifetime: 25.2216
    annual_cost: 8.261133314302027
    efficiency: 0.920693
    discharge_ratio: 2
    depth_of_discharge: 0.9
  Pb-acid:
    cost: 209.025
    lifetime: 8.2967
    annual_cost: 25.193751732616583
    efficiency: 0.688729
    discharge_ratio: 5
    depth_of_discharge: 0.5
  VRBF:
    cost: 194.882
    lifetime: 20.8658
    annual_cost: 9.339780885468087
    efficiency: 0.726747
    discharge_ratio: 0.5
    depth_of_discharge: 1.0
