cost_values:
  wind_capex: 5000.0
  wind_opex: 100
  wind_lifetime: 20
  solar_capex: 1000.0
  solar_opex: 10
  solar_lifetime: 20
  carbon_price: 1.0
timeseries_values:
  load_level: 249709.68589743457
  wind_year: 2012
  solar_year: 2019
  price_year: 2023
  carbon_year: 2023
storage_values:
  CAES:
    cost: 56.7918
    lifetime: 27.3959
    annual_cost: 2.073003624629963
    efficiency: 0.608412
    discharge_ratio: 0.1
    depth_of_discharge: 0.4
  Li-ion:
    cost: 207.263
    lifetime: 23.596
    annual_cost: 8.783819291405322
    efficiency: 0.896444
    discharge_ratio: 2
    depth_of_discharge: 0.9
  Pb-acid:
    cost: 199.23
    lifetime: 9.82724
    annual_cost: 20.273240502928594
    efficiency: 0.672344
    discharge_ratio: 5
    depth_of_discharge: 0.5
  VRBF:
    cost: 227.378
    lifetime: 19.403
    annual_cost: 11.71870329330516
    efficiency: 0.738182
    discharge_ratio: 0.5
    depth_of_discharge: 1.0
