cost_values:
  wind_capex: 5000.0
  wind_opex: 100
  wind_lifetime: 20
  solar_capex: 1000.0
  solar_opex: 10
  solar_lifetime: 20
  carbon_price: 1.0
timeseries_values:
  load_level: 249709.68589743457
  wind_year: 2012
  solar_year: 2019
  price_year: 2023
  carbon_year: 2023
storage_values:
  CAES:
    cost: 57.7196
    lifetime: 26.7583
    annual_cost: 2.1570727587328045
    efficiency: 0.615579
    discharge_ratio: 0.1
    depth_of_discharge: 0.4
  Li-ion:
    cost: 244.729
    lifetime: 23.724
    annual_cost: 10.315671893441241
    efficiency: 0.911487
    discharge_ratio: 2
    depth_of_discharge: 0.9
  Pb-acid:
    cost: 184.638
    lifetime: 10.8907
    annual_cost: 16.953731165122534
    efficiency: 0.684234
    discharge_ratio: 5
    depth_of_discharge: 0.5
  VRBF:
    cost: 204.718
    lifetime: 17.8984
    annual_cost: 11.437782148124972
    efficiency: 0.713927
    discharge_ratio: 0.5
    depth_of_discharge: 1.0
