cost_values:
  wind_capex: 5000.0
  wind_opex: 100
  wind_lifetime: 20
  solar_capex: 1000.0
  solar_opex: 10
  solar_lifetime: 20
  carbon_price: 1.0
timeseries_values:
  load_level: 249709.68589743457
  wind_year: 2012
  solar_year: 2019
  price_year: 2023
  carbon_year: 2023
storage_values:
  CAES:
    cost: 52.9736
    lifetime: 26.2886
    annual_cost: 2.015078779394871
    efficiency: 0.611711
    discharge_ratio: 0.1
    depth_of_discharge: 0.4
  Li-ion:
    cost: 241.922
    lifetime: 24.0879
    annual_cost: 10.043299748006259
    efficiency: 0.914181
    discharge_ratio: 2
    depth_of_discharge: 0.9
  Pb-acid:
    cost: 209.13
    lifetime: 9.87748
    annual_cost: 21.172404297452385
    efficiency: 0.686994
    discharge_ratio: 5
    depth_of_discharge: 0.5
  VRBF:
    cost: 208.425
    lifetime: 19.9351
    annual_cost: 10.455177049525712
    efficiency: 0.72231
    discharge_ratio: 0.5
    depth_of_discharge: 1.0
