cost_values:
  wind_capex: 5000.0
  wind_opex: 100
  wind_lifetime: 20
  solar_capex: 1000.0
  solar_opex: 10
  solar_lifetime: 20
  carbon_price: 1.0
timeseries_values:
  load_level: 249709.68589743457
  wind_year: 2012
  solar_year: 2019
  price_year: 2023
  carbon_year: 2023
storage_values:
  CAES:
    cost: 58.6551
    lifetime: 27.8816
    annual_cost: 2.103720733386893
    efficiency: 0.608275
    discharge_ratio: 0.1
    depth_of_discharge: 0.4
  Li-ion:
    cost: 219.203
    lifetime: 22.006
    annual_cost: 9.96105607561574
    efficiency: 0.911343
    discharge_ratio: 2
    depth_of_discharge: 0.9
  Pb-acid:
    cost: 203.148
    lifetime: 9.89155
    annual_cost: 20.537529507508932
    efficiency: 0.683348
    discharge_ratio: 5
    depth_of_discharge: 0.5
  VRBF:
    cost: 194.74
    lifetime: 18.742
    annual_cost: 10.390566641767155
    efficiency: 0.707704
    discharge_ratio: 0.5
    depth_of_discharge: 1.0
