cost_values:
  wind_capex: 5000.0
  wind_opex: 100
  wind_lifetime: 20
  solar_capex: 1000.0
  solar_opex: 10
  solar_lifetime: 20
  carbon_price: 1.0
timeseries_values:
  load_level: 249709.68589743457
  wind_year: 2012
  solar_year: 2019
  price_year: 2023
  carbon_year: 2023
storage_values:
  CAES:
    cost: 51.9551
    lifetime: 28.5433
    annual_cost: 1.8202205070892294
    efficiency: 0.602496
    discharge_ratio: 0.1
    depth_of_discharge: 0.4
  Li-ion:
    cost: 231.234
    lifetime: 23.8107
    annual_cost: 9.711348259395987
    efficiency: 0.908406
    discharge_ratio: 2
    depth_of_discharge: 0.9
  Pb-acid:
    cost: 219.079
    lifetime: 10.6055
    annual_cost: 20.657111875913444
    efficiency: 0.693542
    discharge_ratio: 5
    depth_of_discharge: 0.5
  VRBF:
    cost: 222.147
    lifetime: 19.3469
    annual_cost: 11.482304658627479
    efficiency: 0.723765
    discharge_ratio: 0.5
    depth_of_discharge: 1.0
