cost_values:
  wind_capex: 5000.0
  wind_opex: 100
  wind_lifetime: 20
  solar_capex: 1000.0
  solar_opex: 10
  solar_lifetime: 20
  carbon_price: 1.0
timeseries_values:
  load_level: 249709.68589743457
  wind_year: 2012
  solar_year: 2019
  price_year: 2023
  carbon_year: 2023
storage_values:
  CAES:
    cost: 53.9234
    lifetime: 26.5665
    annual_cost: 2.0297517550298307
    efficiency: 0.619101
    discharge_ratio: 0.1
    depth_of_discharge: 0.4
  Li-ion:
    cost: 223.912
    lifetime: 25.0021
    annual_cost: 8.955727718871616
    efficiency: 0.904219
    discharge_ratio: 2
    depth_of_discharge: 0.9
  Pb-acid:
    cost: 210.097
    lifetime: 9.68884
    annual_cost: 21.68443281135822
    efficiency: 0.673936
    discharge_ratio: 5
    depth_of_discharge: 0.5
  VRBF:
    cost: 180.272
    lifetime: 17.7807
    annual_cost: 10.138633462124663
    efficiency: 0.697808
    discharge_ratio: 0.5
    depth_of_discharge: 1.0
