cost_values:
  wind_capex: 5000.0
  wind_opex: 100
  wind_lifetime: 20
  solar_capex: 1000.0
  solar_opex: 10
  solar_lifetime: 20
  carbon_price: 1.0
timeseries_values:
  load_level: 249709.68589743457
  wind_year: 2012
  solar_year: 2019
  price_year: 2023
  carbon_year: 2023
storage_values:
  CAES:
    cost: 54.7146
    lifetime: 26.6252
    annual_cost: 2.0549930141369828
    efficiency: 0.609012
    discharge_ratio: 0.1
    depth_of_discharge: 0.4
  Li-ion:
    cost: 220.824
    lifetime: 24.0922
    annual_cost: 9.165788097392518
    efficiency: 0.931132
    discharge_ratio: 2
    depth_of_discharge: 0.9
  Pb-acid:
    cost: 192.223
    lifetime: 11.3856
    annual_cost: 16.882992551995503
    efficiency: 0.677315
    discharge_ratio: 5
    depth_of_discharge: 0.5
  VRBF:
    cost: 210.043
    lifetime: 17.5757
    annual_cost: 11.950761562839602
    efficiency: 0.702085
    discharge_ratio: 0.5
    depth_of_discharge: 1.0
