cost_values:
  wind_capex: 5000.0
  wind_opex: 100
  wind_lifetime: 20
  solar_capex: 1000.0
  solar_opex: 10
  solar_lifetime: 20
  carbon_price: 1.0
timeseries_values:
  load_level: 249709.68589743457
  wind_year: 2012
  solar_year: 2019
  price_year: 2023
  carbon_year: 2023
storage_values:
  CAES:
    cost: 54.811
    lifetime: 27.2762
    annual_cost: 2.009480792779053
    efficiency: 0.601197
    discharge_ratio: 0.1
    depth_of_discharge: 0.4
  Li-ion:
    cost: 244.942
    lifetime: 23.3423
    annual_cost: 10.493481790569053
    efficiency: 0.926093
    discharge_ratio: 2
    depth_of_discharge: 0.9
  Pb-acid:
    cost: 191.234
    lifetime: 10.7209
    annual_cost: 17.83749498642838
    efficiency: 0.698177
    discharge_ratio: 5
    depth_of_discharge: 0.5
  VRBF:
    cost: 155.648
    lifetime: 17.324
    annual_cost: 8.984530131609327
    efficiency: 0.707555
    discharge_ratio: 0.5
    depth_of_discharge: 1.0
