cost_values:
  wind_capex: 5000.0
  wind_opex: 100
  wind_lifetime: 20
  solar_capex: 1000.0
  solar_opex: 10
  solar_lifetime: 20
  carbon_price: 1.0
timeseries_values:
  load_level: 249709.68589743457
  wind_year: 2012
  solar_year: 2019
  price_year: 2023
  carbon_year: 2023
storage_values:
  CAES:
    cost: 51.0587
    lifetime: 27.2232
    annual_cost: 1.8755583472920159
    efficiency: 0.614942
    discharge_ratio: 0.1
    depth_of_discharge: 0.4
  Li-ion:
    cost: 234.729
    lifetime: 24.3807
    annual_cost: 9.627656301910937
    efficiency: 0.919238
    discharge_ratio: 2
    depth_of_discharge: 0.9
  Pb-acid:
    cost: 208.846
    lifetime: 11.4403
    annual_cost: 18.255290508116044
    efficiency: 0.667607
    discharge_ratio: 5
    depth_of_discharge: 0.5
  VRBF:
    cost: 189.607
    lifetime: 17.695
    annual_cost: 10.715286804181972
    efficiency: 0.707631
    discharge_ratio: 0.5
    depth_of_discharge: 1.0
