cost_values:
  wind_capex: 5000.0
  wind_opex: 100
  wind_lifetime: 20
  solar_capex: 1000.0
  solar_opex: 10
  solar_lifetime: 20
  carbon_price: 1.0
timeseries_values:
  load_level: 270635.465085621
  wind_year: 2017
  solar_year: 2018
  price_year: 2023
  carbon_year: 2023
storage_values:
  CAES:
    cost: 48.9098
    lifetime: 22.2326
    annual_cost: 2.1999136403299655
    efficiency: 0.591214
    discharge_ratio: 0.1
    depth_of_discharge: 0.4
  Li-ion:
    cost: 176.452
    lifetime: 18.2126
    annual_cost: 9.688457441551455
    efficiency: 0.932908
    discharge_ratio: 2
    depth_of_discharge: 0.9
  Pb-acid:
    cost: 142.568
    lifetime: 5.92996
    annual_cost: 24.04198341978698
    efficiency: 0.711235
    discharge_ratio: 5
    depth_of_discharge: 0.5
  VRBF:
    cost: 289.882
    lifetime: 13.92
    annual_cost: 20.824856321839082
    efficiency: 0.827781
    discharge_ratio: 0.5
    depth_of_discharge: 1.0
