cost_values:
  wind_capex: 5000.0
  wind_opex: 100
  wind_lifetime: 20
  solar_capex: 1000.0
  solar_opex: 10
  solar_lifetime: 20
  carbon_price: 1.0
timeseries_values:
  load_level: 270635.465085621
  wind_year: 2017
  solar_year: 2018
  price_year: 2023
  carbon_year: 2023
storage_values:
  CAES:
    cost: 49.9495
    lifetime: 22.0795
    annual_cost: 2.262256844584343
    efficiency: 0.590652
    discharge_ratio: 0.1
    depth_of_discharge: 0.4
  Li-ion:
    cost: 179.311
    lifetime: 19.6765
    annual_cost: 9.112951998576984
    efficiency: 0.937003
    discharge_ratio: 2
    depth_of_discharge: 0.9
  Pb-acid:
    cost: 180.002
    lifetime: 7.54226
    annual_cost: 23.865790890263664
    efficiency: 0.703585
    discharge_ratio: 5
    depth_of_discharge: 0.5
  VRBF:
    cost: 272.459
    lifetime: 14.5021
    annual_cost: 18.787554905841223
    efficiency: 0.793875
    discharge_ratio: 0.5
    depth_of_discharge: 1.0
