cost_values:
  wind_capex: 5000.0
  wind_opex: 100
  wind_lifetime: 20
  solar_capex: 1000.0
  solar_opex: 10
  solar_lifetime: 20
  carbon_price: 1.0
timeseries_values:
  load_level: 270635.465085621
  wind_year: 2017
  solar_year: 2018
  price_year: 2023
  carbon_year: 2023
storage_values:
  CAES:
    cost: 44.6514
    lifetime: 21.5839
    annual_cost: 2.0687364192754787
    efficiency: 0.605603
    discharge_ratio: 0.1
    depth_of_discharge: 0.4
  Li-ion:
    cost: 167.186
    lifetime: 18.9944
    annual_cost: 8.801857389546393
    efficiency: 0.937417
    discharge_ratio: 2
    depth_of_discharge: 0.9
  Pb-acid:
    cost: 168.876
    lifetime: 8.03397
    annual_cost: 21.020242794035827
    efficiency: 0.691363
    discharge_ratio: 5
    depth_of_discharge: 0.5
  VRBF:
    cost: 301.304
    lifetime: 14.5991
    annual_cost: 20.638532512278154
    efficiency: 0.802215
    discharge_ratio: 0.5
    depth_of_discharge: 1.0
