cost_values:
  wind_capex: 5000.0
  wind_opex: 100
  wind_lifetime: 20
  solar_capex: 1000.0
  solar_opex: 10
  solar_lifetime: 20
  carbon_price: 1.0
timeseries_values:
  load_level: 270635.465085621
  wind_year: 2017
  solar_year: 2018
  price_year: 2023
  carbon_year: 2023
storage_values:
  CAES:
    cost: 48.6367
    lifetime: 22.9989
    annual_cost: 2.114740270186835
    efficiency: 0.58494
    discharge_ratio: 0.1
    depth_of_discharge: 0.4
  Li-ion:
    cost: 167.003
    lifetime: 18.945
    annual_cost: 8.815149115861704
    efficiency: 0.931182
    discharge_ratio: 2
    depth_of_discharge: 0.9
  Pb-acid:
    cost: 161.116
    lifetime: 6.14127
    annual_cost: 26.23496442918159
    efficiency: 0.712491
    discharge_ratio: 5
    depth_of_discharge: 0.5
  VRBF:
    cost: 317.293
    lifetime: 13.0177
    annual_cost: 24.373967751599746
    efficiency: 0.795729
    discharge_ratio: 0.5
    depth_of_discharge: 1.0
