cost_values:
  wind_capex: 5000.0
  wind_opex: 100
  wind_lifetime: 20
  solar_capex: 1000.0
  solar_opex: 10
  solar_lifetime: 20
  carbon_price: 1.0
timeseries_values:
  load_level: 270635.465085621
  wind_year: 2017
  solar_year: 2018
  price_year: 2023
  carbon_year: 2023
storage_values:
  CAES:
    cost: 45.7086
    lifetime: 21.671
    annual_cost: 2.1092058511374647
    efficiency: 0.598187
    discharge_ratio: 0.1
    depth_of_discharge: 0.4
  Li-ion:
    cost: 182.324
    lifetime: 16.7196
    annual_cost: 10.904806335079787
    efficiency: 0.930268
    discharge_ratio: 2
    depth_of_discharge: 0.9
  Pb-acid:
    cost: 179.711
    lifetime: 6.00472
    annual_cost: 29.92828974540029
    efficiency: 0.719411
    discharge_ratio: 5
    depth_of_discharge: 0.5
  VRBF:
    cost: 295.425
    lifetime: 12.0819
    annual_cost: 24.451866014451372
    efficiency: 0.830529
    discharge_ratio: 0.5
    depth_of_discharge: 1.0
