cost_values:
  wind_capex: 5000.0
  wind_opex: 100
  wind_lifetime: 20
  solar_capex: 1000.0
  solar_opex: 10
  solar_lifetime: 20
  carbon_price: 1.0
timeseries_values:
  load_level: 270635.465085621
  wind_year: 2017
  solar_year: 2018
  price_year: 2023
  carbon_year: 2023
storage_values:
  CAES:
    cost: 42.1253
    lifetime: 22.8015
    annual_cost: 1.847479332500055
    efficiency: 0.59355
    discharge_ratio: 0.1
    depth_of_discharge: 0.4
  Li-ion:
    cost: 173.794
    lifetime: 16.9456
    annual_cost: 10.255995656689644
    efficiency: 0.934244
    discharge_ratio: 2
    depth_of_discharge: 0.9
  Pb-acid:
    cost: 156.042
    lifetime: 7.37529
    annual_cost: 21.157405335925773
    efficiency: 0.681565
    discharge_ratio: 5
    depth_of_discharge: 0.5
  VRBF:
    cost: 292.907
    lifetime: 11.6434
    annual_cost: 25.156483501382755
    efficiency: 0.811922
    discharge_ratio: 0.5
    depth_of_discharge: 1.0
