cost_values:
  wind_capex: 5000.0
  wind_opex: 100
  wind_lifetime: 20
  solar_capex: 1000.0
  solar_opex: 10
  solar_lifetime: 20
  carbon_price: 1.0
timeseries_values:
  load_level: 270635.465085621
  wind_year: 2017
  solar_year: 2018
  price_year: 2023
  carbon_year: 2023
storage_values:
  CAES:
    cost: 43.1293
    lifetime: 22.2704
    annual_cost: 1.936619908039371
    efficiency: 0.594963
    discharge_ratio: 0.1
    depth_of_discharge: 0.4
  Li-ion:
    cost: 160.121
    lifetime: 20.1356
    annual_cost: 7.952134527900832
    efficiency: 0.947253
    discharge_ratio: 2
    depth_of_discharge: 0.9
  Pb-acid:
    cost: 150.713
    lifetime: 7.25839
    annual_cost: 20.76397107347497
    efficiency: 0.704799
    discharge_ratio: 5
    depth_of_discharge: 0.5
  VRBF:
    cost: 285.95
    lifetime: 13.6227
    annual_cost: 20.99069934741277
    efficiency: 0.796839
    discharge_ratio: 0.5
    depth_of_discharge: 1.0
