cost_values:
  wind_capex: 5000.0
  wind_opex: 100
  wind_lifetime: 20
  solar_capex: 1000.0
  solar_opex: 10
  solar_lifetime: 20
  carbon_price: 1.0
timeseries_values:
  load_level: 270635.465085621
  wind_year: 2017
  solar_year: 2018
  price_year: 2023
  carbon_year: 2023
storage_values:
  CAES:
    cost: 41.9675
    lifetime: 22.2601
    annual_cost: 1.8853239653011442
    efficiency: 0.597402
    discharge_ratio: 0.1
    depth_of_discharge: 0.4
  Li-ion:
    cost: 174.687
    lifetime: 18.7564
    annual_cost: 9.313461005310188
    efficiency: 0.926588
    discharge_ratio: 2
    depth_of_discharge: 0.9
  Pb-acid:
    cost: 154.233
    lifetime: 7.33031
    annual_cost: 21.040447129793964
    efficiency: 0.701795
    discharge_ratio: 5
    depth_of_discharge: 0.5
  VRBF:
    cost: 307.628
    lifetime: 13.1516
    annual_cost: 23.390918215274187
    efficiency: 0.810787
    discharge_ratio: 0.5
    depth_of_discharge: 1.0
