cost_values:
  wind_capex: 5000.0
  wind_opex: 100
  wind_lifetime: 20
  solar_capex: 1000.0
  solar_opex: 10
  solar_lifetime: 20
  carbon_price: 1.0
timeseries_values:
  load_level: 270635.465085621
  wind_year: 2017
  solar_year: 2018
  price_year: 2023
  carbon_year: 2023
storage_values:
  CAES:
    cost: 48.0267
    lifetime: 23.1703
    annual_cost: 2.0727698821335934
    efficiency: 0.598189
    discharge_ratio: 0.1
    depth_of_discharge: 0.4
  Li-ion:
    cost: 195.384
    lifetime: 16.3988
    annual_cost: 11.914530331487668
    efficiency: 0.942479
    discharge_ratio: 2
    depth_of_discharge: 0.9
  Pb-acid:
    cost: 155.269
    lifetime: 6.83851
    annual_cost: 22.705092191135204
    efficiency: 0.694252
    discharge_ratio: 5
    depth_of_discharge: 0.5
  VRBF:
    cost: 319.374
    lifetime: 15.6394
    annual_cost: 20.42111589958694
    efficiency: 0.809887
    discharge_ratio: 0.5
    depth_of_discharge: 1.0
