cost_values:
  wind_capex: 5000.0
  wind_opex: 100
  wind_lifetime: 20
  solar_capex: 1000.0
  solar_opex: 10
  solar_lifetime: 20
  carbon_price: 1.0
timeseries_values:
  load_level: 270635.465085621
  wind_year: 2017
  solar_year: 2018
  price_year: 2023
  carbon_year: 2023
storage_values:
  CAES:
    cost: 51.4016
    lifetime: 22.3403
    annual_cost: 2.300846452375304
    efficiency: 0.59502
    discharge_ratio: 0.1
    depth_of_discharge: 0.4
  Li-ion:
    cost: 177.378
    lifetime: 16.0656
    annual_cost: 11.04085748431431
    efficiency: 0.942794
    discharge_ratio: 2
    depth_of_discharge: 0.9
  Pb-acid:
    cost: 170.826
    lifetime: 9.30838
    annual_cost: 18.351850697973223
    efficiency: 0.704329
    discharge_ratio: 5
    depth_of_discharge: 0.5
  VRBF:
    cost: 274.237
    lifetime: 13.035
    annual_cost: 21.038511699271194
    efficiency: 0.7962
    discharge_ratio: 0.5
    depth_of_discharge: 1.0
