cost_values:
  wind_capex: 5000.0
  wind_opex: 100
  wind_lifetime: 20
  solar_capex: 1000.0
  solar_opex: 10
  solar_lifetime: 20
  carbon_price: 1.0
timeseries_values:
  load_level: 270635.465085621
  wind_year: 2017
  solar_year: 2018
  price_year: 2023
  carbon_year: 2023
storage_values:
  CAES:
    cost: 46.6312
    lifetime: 22.3676
    annual_cost: 2.084765464332338
    efficiency: 0.586647
    discharge_ratio: 0.1
    depth_of_discharge: 0.4
  Li-ion:
    cost: 203.521
    lifetime: 18.449
    annual_cost: 11.031546425280501
    efficiency: 0.940979
    discharge_ratio: 2
    depth_of_discharge: 0.9
  Pb-acid:
    cost: 153.466
    lifetime: 6.8457
    annual_cost: 22.417868150809998
    efficiency: 0.707429
    discharge_ratio: 5
    depth_of_discharge: 0.5
  VRBF:
    cost: 312.902
    lifetime: 14.5553
    annual_cost: 21.497461405810938
    efficiency: 0.775849
    discharge_ratio: 0.5
    depth_of_discharge: 1.0
