cost_values:
  wind_capex: 5000.0
  wind_opex: 100
  wind_lifetime: 20
  solar_capex: 1000.0
  solar_opex: 10
  solar_lifetime: 20
  carbon_price: 1.0
timeseries_values:
  load_level: 270635.465085621
  wind_year: 2017
  solar_year: 2018
  price_year: 2023
  carbon_year: 2023
storage_values:
  CAES:
    cost: 46.0451
    lifetime: 22.9441
    annual_cost: 2.0068383593167742
    efficiency: 0.586834
    discharge_ratio: 0.1
    depth_of_discharge: 0.4
  Li-ion:
    cost: 165.89
    lifetime: 19.8479
    annual_cost: 8.358063069644647
    efficiency: 0.940207
    discharge_ratio: 2
    depth_of_discharge: 0.9
  Pb-acid:
    cost: 155.095
    lifetime: 8.41603
    annual_cost: 18.42852271201505
    efficiency: 0.708966
    discharge_ratio: 5
    depth_of_discharge: 0.5
  VRBF:
    cost: 313.247
    lifetime: 13.198
    annual_cost: 23.73442945900894
    efficiency: 0.803869
    discharge_ratio: 0.5
    depth_of_discharge: 1.0
