cost_values:
  wind_capex: 5000.0
  wind_opex: 100
  wind_lifetime: 20
  solar_capex: 1000.0
  solar_opex: 10
  solar_lifetime: 20
  carbon_price: 1.0
timeseries_values:
  load_level: 270635.465085621
  wind_year: 2017
  solar_year: 2018
  price_year: 2023
  carbon_year: 2023
storage_values:
  CAES:
    cost: 52.2964
    lifetime: 22.6034
    annual_cost: 2.313651928470938
    efficiency: 0.59598
    discharge_ratio: 0.1
    depth_of_discharge: 0.4
  Li-ion:
    cost: 187.443
    lifetime: 19.0409
    annual_cost: 9.844230052150897
    efficiency: 0.919063
    discharge_ratio: 2
    depth_of_discharge: 0.9
  Pb-acid:
    cost: 148.045
    lifetime: 7.9704
    annual_cost: 18.574350095352806
    efficiency: 0.703431
    discharge_ratio: 5
    depth_of_discharge: 0.5
  VRBF:
    cost: 290.629
    lifetime: 14.1797
    annual_cost: 20.4961317940436
    efficiency: 0.784722
    discharge_ratio: 0.5
    depth_of_discharge: 1.0
