cost_values:
  wind_capex: 5000.0
  wind_opex: 100
  wind_lifetime: 20
  solar_capex: 1000.0
  solar_opex: 10
  solar_lifetime: 20
  carbon_price: 1.0
timeseries_values:
  load_level: 270635.465085621
  wind_year: 2017
  solar_year: 2018
  price_year: 2023
  carbon_year: 2023
storage_values:
  CAES:
    cost: 52.6318
    lifetime: 23.0072
    annual_cost: 2.2876230049723563
    efficiency: 0.600672
    discharge_ratio: 0.1
    depth_of_discharge: 0.4
  Li-ion:
    cost: 183.727
    lifetime: 16.3544
    annual_cost: 11.234102137651032
    efficiency: 0.926509
    discharge_ratio: 2
    depth_of_discharge: 0.9
  Pb-acid:
    cost: 176.321
    lifetime: 6.55863
    annual_cost: 26.883815674919916
    efficiency: 0.71086
    discharge_ratio: 5
    depth_of_discharge: 0.5
  VRBF:
    cost: 296.922
    lifetime: 14.0286
    annual_cost: 21.165476241392586
    efficiency: 0.812674
    discharge_ratio: 0.5
    depth_of_discharge: 1.0
