cost_values:
  wind_capex: 5000.0
  wind_opex: 100
  wind_lifetime: 20
  solar_capex: 1000.0
  solar_opex: 10
  solar_lifetime: 20
  carbon_price: 1.0
timeseries_values:
  load_level: 270635.465085621
  wind_year: 2017
  solar_year: 2018
  price_year: 2023
  carbon_year: 2023
storage_values:
  CAES:
    cost: 54.8868
    lifetime: 22.3046
    annual_cost: 2.4607838741784205
    efficiency: 0.589155
    discharge_ratio: 0.1
    depth_of_discharge: 0.4
  Li-ion:
    cost: 166.364
    lifetime: 21.2417
    annual_cost: 7.831953186421049
    efficiency: 0.944049
    discharge_ratio: 2
    depth_of_discharge: 0.9
  Pb-acid:
    cost: 161.594
    lifetime: 8.27594
    annual_cost: 19.525757799114057
    efficiency: 0.700974
    discharge_ratio: 5
    depth_of_discharge: 0.5
  VRBF:
    cost: 308.103
    lifetime: 14.4226
    annual_cost: 21.362514387142404
    efficiency: 0.788427
    discharge_ratio: 0.5
    depth_of_discharge: 1.0
