cost_values:
  wind_capex: 5000.0
  wind_opex: 100
  wind_lifetime: 20
  solar_capex: 1000.0
  solar_opex: 10
  solar_lifetime: 20
  carbon_price: 1.0
timeseries_values:
  load_level: 270635.465085621
  wind_year: 2017
  solar_year: 2018
  price_year: 2023
  carbon_year: 2023
storage_values:
  CAES:
    cost: 48.0888
    lifetime: 23.5289
    annual_cost: 2.0438184530513537
    efficiency: 0.591178
    discharge_ratio: 0.1
    depth_of_discharge: 0.4
  Li-ion:
    cost: 167.869
    lifetime: 16.8759
    annual_cost: 9.947262071948755
    efficiency: 0.920209
    discharge_ratio: 2
    depth_of_discharge: 0.9
  Pb-acid:
    cost: 158.159
    lifetime: 6.65671
    annual_cost: 23.75933456617458
    efficiency: 0.700486
    discharge_ratio: 5
    depth_of_discharge: 0.5
  VRBF:
    cost: 289.965
    lifetime: 14.3618
    annual_cost: 20.190017964322017
    efficiency: 0.800974
    discharge_ratio: 0.5
    depth_of_discharge: 1.0
