cost_values:
  wind_capex: 5000.0
  wind_opex: 100
  wind_lifetime: 20
  solar_capex: 1000.0
  solar_opex: 10
  solar_lifetime: 20
  carbon_price: 1.0
timeseries_values:
  load_level: 270635.465085621
  wind_year: 2017
  solar_year: 2018
  price_year: 2023
  carbon_year: 2023
storage_values:
  CAES:
    cost: 41.4938
    lifetime: 23.7778
    annual_cost: 1.7450647242385755
    efficiency: 0.591895
    discharge_ratio: 0.1
    depth_of_discharge: 0.4
  Li-ion:
    cost: 177.552
    lifetime: 17.6497
    annual_cost: 10.059774387100065
    efficiency: 0.938181
    discharge_ratio: 2
    depth_of_discharge: 0.9
  Pb-acid:
    cost: 161.392
    lifetime: 8.67915
    annual_cost: 18.59536936220713
    efficiency: 0.696406
    discharge_ratio: 5
    depth_of_discharge: 0.5
  VRBF:
    cost: 311.335
    lifetime: 12.7399
    annual_cost: 24.43778993555679
    efficiency: 0.796414
    discharge_ratio: 0.5
    depth_of_discharge: 1.0
