cost_values:
  wind_capex: 5000.0
  wind_opex: 100
  wind_lifetime: 20
  solar_capex: 1000.0
  solar_opex: 10
  solar_lifetime: 20
  carbon_price: 1.0
timeseries_values:
  load_level: 270635.465085621
  wind_year: 2017
  solar_year: 2018
  price_year: 2023
  carbon_year: 2023
storage_values:
  CAES:
    cost: 49.9152
    lifetime: 22.6397
    annual_cost: 2.2047641974054426
    efficiency: 0.580708
    discharge_ratio: 0.1
    depth_of_discharge: 0.4
  Li-ion:
    cost: 163.327
    lifetime: 18.4421
    annual_cost: 8.856204011473748
    efficiency: 0.922177
    discharge_ratio: 2
    depth_of_discharge: 0.9
  Pb-acid:
    cost: 167.824
    lifetime: 5.72197
    annual_cost: 29.3297588068445
    efficiency: 0.704878
    discharge_ratio: 5
    depth_of_discharge: 0.5
  VRBF:
    cost: 336.322
    lifetime: 12.6956
    annual_cost: 26.49122530640537
    efficiency: 0.78836
    discharge_ratio: 0.5
    depth_of_discharge: 1.0
