cost_values:
  wind_capex: 5000.0
  wind_opex: 100
  wind_lifetime: 20
  solar_capex: 1000.0
  solar_opex: 10
  solar_lifetime: 20
  carbon_price: 1.0
timeseries_values:
  load_level: 270635.465085621
  wind_year: 2017
  solar_year: 2018
  price_year: 2023
  carbon_year: 2023
storage_values:
  CAES:
    cost: 46.4337
    lifetime: 22.8178
    annual_cost: 2.0349770792977413
    efficiency: 0.592932
    discharge_ratio: 0.1
    depth_of_discharge: 0.4
  Li-ion:
    cost: 182.479
    lifetime: 18.3046
    annual_cost: 9.969024179714388
    efficiency: 0.940703
    discharge_ratio: 2
    depth_of_discharge: 0.9
  Pb-acid:
    cost: 144.531
    lifetime: 5.87129
    annual_cost: 24.616566376384068
    efficiency: 0.705331
    discharge_ratio: 5
    depth_of_discharge: 0.5
  VRBF:
    cost: 276.079
    lifetime: 13.6162
    annual_cost: 20.275774445146226
    efficiency: 0.789981
    discharge_ratio: 0.5
    depth_of_discharge: 1.0
