cost_values:
  wind_capex: 5000.0
  wind_opex: 100
  wind_lifetime: 20
  solar_capex: 1000.0
  solar_opex: 10
  solar_lifetime: 20
  carbon_price: 1.0
timeseries_values:
  load_level: 270635.465085621
  wind_year: 2017
  solar_year: 2018
  price_year: 2023
  carbon_year: 2023
storage_values:
  CAES:
    cost: 52.2787
    lifetime: 22.5074
    annual_cost: 2.322733856420555
    efficiency: 0.586486
    discharge_ratio: 0.1
    depth_of_discharge: 0.4
  Li-ion:
    cost: 190.336
    lifetime: 17.1311
    annual_cost: 11.110553321152757
    efficiency: 0.938035
    discharge_ratio: 2
    depth_of_discharge: 0.9
  Pb-acid:
    cost: 153.453
    lifetime: 7.66905
    annual_cost: 20.00938838578442
    efficiency: 0.699092
    discharge_ratio: 5
    depth_of_discharge: 0.5
  VRBF:
    cost: 300.576
    lifetime: 15.1893
    annual_cost: 19.78866702218009
    efficiency: 0.80128
    discharge_ratio: 0.5
    depth_of_discharge: 1.0
