cost_values:
  wind_capex: 5000.0
  wind_opex: 100
  wind_lifetime: 20
  solar_capex: 1000.0
  solar_opex: 10
  solar_lifetime: 20
  carbon_price: 1.0
timeseries_values:
  load_level: 270635.465085621
  wind_year: 2017
  solar_year: 2018
  price_year: 2023
  carbon_year: 2023
storage_values:
  CAES:
    cost: 44.2844
    lifetime: 22.6525
    annual_cost: 1.9549453702681823
    efficiency: 0.605172
    discharge_ratio: 0.1
    depth_of_discharge: 0.4
  Li-ion:
    cost: 182.655
    lifetime: 17.2296
    annual_cost: 10.60123276222315
    efficiency: 0.938439
    discharge_ratio: 2
    depth_of_discharge: 0.9
  Pb-acid:
    cost: 157.817
    lifetime: 8.55542
    annual_cost: 18.446435125335753
    efficiency: 0.682467
    discharge_ratio: 5
    depth_of_discharge: 0.5
  VRBF:
    cost: 306.602
    lifetime: 14.3365
    annual_cost: 21.386112370522792
    efficiency: 0.796025
    discharge_ratio: 0.5
    depth_of_discharge: 1.0
