cost_values:
  wind_capex: 5000.0
  wind_opex: 100
  wind_lifetime: 20
  solar_capex: 1000.0
  solar_opex: 10
  solar_lifetime: 20
  carbon_price: 1.0
timeseries_values:
  load_level: 270635.465085621
  wind_year: 2017
  solar_year: 2018
  price_year: 2023
  carbon_year: 2023
storage_values:
  CAES:
    cost: 48.2791
    lifetime: 22.8563
    annual_cost: 2.112288515639014
    efficiency: 0.594074
    discharge_ratio: 0.1
    depth_of_discharge: 0.4
  Li-ion:
    cost: 190.865
    lifetime: 16.298
    annual_cost: 11.710946128359309
    efficiency: 0.939104
    discharge_ratio: 2
    depth_of_discharge: 0.9
  Pb-acid:
    cost: 166.957
    lifetime: 6.74355
    annual_cost: 24.75802804161013
    efficiency: 0.697062
    discharge_ratio: 5
    depth_of_discharge: 0.5
  VRBF:
    cost: 293.014
    lifetime: 13.7684
    annual_cost: 21.281630400046485
    efficiency: 0.798008
    discharge_ratio: 0.5
    depth_of_discharge: 1.0
