cost_values:
  wind_capex: 5000.0
  wind_opex: 100
  wind_lifetime: 20
  solar_capex: 1000.0
  solar_opex: 10
  solar_lifetime: 20
  carbon_price: 1.0
timeseries_values:
  load_level: 270635.465085621
  wind_year: 2017
  solar_year: 2018
  price_year: 2023
  carbon_year: 2023
storage_values:
  CAES:
    cost: 51.5423
    lifetime: 22.7197
    annual_cost: 2.2686171032187925
    efficiency: 0.594777
    discharge_ratio: 0.1
    depth_of_discharge: 0.4
  Li-ion:
    cost: 173.546
    lifetime: 17.8421
    annual_cost: 9.726769830905555
    efficiency: 0.933487
    discharge_ratio: 2
    depth_of_discharge: 0.9
  Pb-acid:
    cost: 150.028
    lifetime: 6.7294
    annual_cost: 22.294409605611197
    efficiency: 0.68407
    discharge_ratio: 5
    depth_of_discharge: 0.5
  VRBF:
    cost: 294.082
    lifetime: 13.6321
    annual_cost: 21.572758415798006
    efficiency: 0.798858
    discharge_ratio: 0.5
    depth_of_discharge: 1.0
