cost_values:
  wind_capex: 5000.0
  wind_opex: 100
  wind_lifetime: 20
  solar_capex: 1000.0
  solar_opex: 10
  solar_lifetime: 20
  carbon_price: 1.0
timeseries_values:
  load_level: 270635.465085621
  wind_year: 2017
  solar_year: 2018
  price_year: 2023
  carbon_year: 2023
storage_values:
  CAES:
    cost: 47.7218
    lifetime: 23.2639
    annual_cost: 2.0513241545914487
    efficiency: 0.593559
    discharge_ratio: 0.1
    depth_of_discharge: 0.4
  Li-ion:
    cost: 161.719
    lifetime: 15.5398
    annual_cost: 10.406761991788827
    efficiency: 0.932707
    discharge_ratio: 2
    depth_of_discharge: 0.9
  Pb-acid:
    cost: 160.439
    lifetime: 6.61385
    annual_cost: 24.258034276556014
    efficiency: 0.697569
    discharge_ratio: 5
    depth_of_discharge: 0.5
  VRBF:
    cost: 335.526
    lifetime: 12.9732
    annual_cost: 25.863009897326798
    efficiency: 0.811652
    discharge_ratio: 0.5
    depth_of_discharge: 1.0
