cost_values:
  wind_capex: 5000.0
  wind_opex: 100
  wind_lifetime: 20
  solar_capex: 1000.0
  solar_opex: 10
  solar_lifetime: 20
  carbon_price: 1.0
timeseries_values:
  load_level: 270635.465085621
  wind_year: 2017
  solar_year: 2018
  price_year: 2023
  carbon_year: 2023
storage_values:
  CAES:
    cost: 56.0746
    lifetime: 22.3249
    annual_cost: 2.5117514524141207
    efficiency: 0.593657
    discharge_ratio: 0.1
    depth_of_discharge: 0.4
  Li-ion:
    cost: 167.019
    lifetime: 17.2298
    annual_cost: 9.69361222997365
    efficiency: 0.934784
    discharge_ratio: 2
    depth_of_discharge: 0.9
  Pb-acid:
    cost: 141.341
    lifetime: 7.16641
    annual_cost: 19.722706348087815
    efficiency: 0.693449
    discharge_ratio: 5
    depth_of_discharge: 0.5
  VRBF:
    cost: 288.707
    lifetime: 13.2202
    annual_cost: 21.8383231721154
    efficiency: 0.799829
    discharge_ratio: 0.5
    depth_of_discharge: 1.0
