cost_values:
  wind_capex: 5000.0
  wind_opex: 100
  wind_lifetime: 20
  solar_capex: 1000.0
  solar_opex: 10
  solar_lifetime: 20
  carbon_price: 1.0
timeseries_values:
  load_level: 270635.465085621
  wind_year: 2017
  solar_year: 2018
  price_year: 2023
  carbon_year: 2023
storage_values:
  CAES:
    cost: 52.8121
    lifetime: 22.6952
    annual_cost: 2.327016285381931
    efficiency: 0.587548
    discharge_ratio: 0.1
    depth_of_discharge: 0.4
  Li-ion:
    cost: 174.27
    lifetime: 17.8928
    annual_cost: 9.739671823303228
    efficiency: 0.949988
    discharge_ratio: 2
    depth_of_discharge: 0.9
  Pb-acid:
    cost: 162.315
    lifetime: 7.74482
    annual_cost: 20.957878943603596
    efficiency: 0.709362
    discharge_ratio: 5
    depth_of_discharge: 0.5
  VRBF:
    cost: 304.806
    lifetime: 11.7384
    annual_cost: 25.966571253322428
    efficiency: 0.794732
    discharge_ratio: 0.5
    depth_of_discharge: 1.0
