cost_values:
  wind_capex: 5000.0
  wind_opex: 100
  wind_lifetime: 20
  solar_capex: 1000.0
  solar_opex: 10
  solar_lifetime: 20
  carbon_price: 1.0
timeseries_values:
  load_level: 270635.465085621
  wind_year: 2017
  solar_year: 2018
  price_year: 2023
  carbon_year: 2023
storage_values:
  CAES:
    cost: 45.5076
    lifetime: 23.8043
    annual_cost: 1.9117386354566188
    efficiency: 0.59613
    discharge_ratio: 0.1
    depth_of_discharge: 0.4
  Li-ion:
    cost: 151.684
    lifetime: 16.4956
    annual_cost: 9.195421809452217
    efficiency: 0.935046
    discharge_ratio: 2
    depth_of_discharge: 0.9
  Pb-acid:
    cost: 160.474
    lifetime: 7.48951
    annual_cost: 21.426501867278365
    efficiency: 0.689166
    discharge_ratio: 5
    depth_of_discharge: 0.5
  VRBF:
    cost: 296.53
    lifetime: 14.5855
    annual_cost: 20.330465188029205
    efficiency: 0.800648
    discharge_ratio: 0.5
    depth_of_discharge: 1.0
