cost_values:
  wind_capex: 5000.0
  wind_opex: 100
  wind_lifetime: 20
  solar_capex: 1000.0
  solar_opex: 10
  solar_lifetime: 20
  carbon_price: 1.0
timeseries_values:
  load_level: 270635.465085621
  wind_year: 2017
  solar_year: 2018
  price_year: 2023
  carbon_year: 2023
storage_values:
  CAES:
    cost: 48.7624
    lifetime: 22.4679
    annual_cost: 2.1703140925498157
    efficiency: 0.590152
    discharge_ratio: 0.1
    depth_of_discharge: 0.4
  Li-ion:
    cost: 182.49
    lifetime: 17.0165
    annual_cost: 10.724297005847266
    efficiency: 0.928409
    discharge_ratio: 2
    depth_of_discharge: 0.9
  Pb-acid:
    cost: 149.068
    lifetime: 6.26552
    annual_cost: 23.791800201739044
    efficiency: 0.680174
    discharge_ratio: 5
    depth_of_discharge: 0.5
  VRBF:
    cost: 296.159
    lifetime: 13.4636
    annual_cost: 21.997014171544016
    efficiency: 0.798531
    discharge_ratio: 0.5
    depth_of_discharge: 1.0
