cost_values:
  wind_capex: 5000.0
  wind_opex: 100
  wind_lifetime: 20
  solar_capex: 1000.0
  solar_opex: 10
  solar_lifetime: 20
  carbon_price: 1.0
timeseries_values:
  load_level: 270635.465085621
  wind_year: 2017
  solar_year: 2018
  price_year: 2023
  carbon_year: 2023
storage_values:
  CAES:
    cost: 53.3464
    lifetime: 22.9224
    annual_cost: 2.3272606707849093
    efficiency: 0.595298
    discharge_ratio: 0.1
    depth_of_discharge: 0.4
  Li-ion:
    cost: 178.14
    lifetime: 18.7147
    annual_cost: 9.518720577941403
    efficiency: 0.948029
    discharge_ratio: 2
    depth_of_discharge: 0.9
  Pb-acid:
    cost: 160.428
    lifetime: 7.30958
    annual_cost: 21.947635842278213
    efficiency: 0.693969
    discharge_ratio: 5
    depth_of_discharge: 0.5
  VRBF:
    cost: 294.298
    lifetime: 12.9878
    annual_cost: 22.65957282988651
    efficiency: 0.793448
    discharge_ratio: 0.5
    depth_of_discharge: 1.0
