cost_values:
  wind_capex: 5000.0
  wind_opex: 100
  wind_lifetime: 20
  solar_capex: 1000.0
  solar_opex: 10
  solar_lifetime: 20
  carbon_price: 1.0
timeseries_values:
  load_level: 270635.465085621
  wind_year: 2017
  solar_year: 2018
  price_year: 2023
  carbon_year: 2023
storage_values:
  CAES:
    cost: 46.5251
    lifetime: 22.8311
    annual_cost: 2.0377949376070363
    efficiency: 0.600483
    discharge_ratio: 0.1
    depth_of_discharge: 0.4
  Li-ion:
    cost: 178.715
    lifetime: 18.8342
    annual_cost: 9.488855380106402
    efficiency: 0.93297
    discharge_ratio: 2
    depth_of_discharge: 0.9
  Pb-acid:
    cost: 148.256
    lifetime: 7.08237
    annual_cost: 20.933105725908135
    efficiency: 0.698994
    discharge_ratio: 5
    depth_of_discharge: 0.5
  VRBF:
    cost: 281.395
    lifetime: 14.1586
    annual_cost: 19.874493240857145
    efficiency: 0.825198
    discharge_ratio: 0.5
    depth_of_discharge: 1.0
