cost_values:
  wind_capex: 5000.0
  wind_opex: 100
  wind_lifetime: 20
  solar_capex: 1000.0
  solar_opex: 10
  solar_lifetime: 20
  carbon_price: 1.0
timeseries_values:
  load_level: 270635.465085621
  wind_year: 2017
  solar_year: 2018
  price_year: 2023
  carbon_year: 2023
storage_values:
  CAES:
    cost: 43.3834
    lifetime: 22.7604
    annual_cost: 1.9060912813483066
    efficiency: 0.591921
    discharge_ratio: 0.1
    depth_of_discharge: 0.4
  Li-ion:
    cost: 165.844
    lifetime: 19.7286
    annual_cost: 8.40627312632422
    efficiency: 0.927901
    discharge_ratio: 2
    depth_of_discharge: 0.9
  Pb-acid:
    cost: 175.699
    lifetime: 6.353
    annual_cost: 27.65606799937038
    efficiency: 0.707455
    discharge_ratio: 5
    depth_of_discharge: 0.5
  VRBF:
    cost: 278.123
    lifetime: 11.8998
    annual_cost: 23.372073480226558
    efficiency: 0.817676
    discharge_ratio: 0.5
    depth_of_discharge: 1.0
