cost_values:
  wind_capex: 5000.0
  wind_opex: 100
  wind_lifetime: 20
  solar_capex: 1000.0
  solar_opex: 10
  solar_lifetime: 20
  carbon_price: 1.0
timeseries_values:
  load_level: 270635.465085621
  wind_year: 2017
  solar_year: 2018
  price_year: 2023
  carbon_year: 2023
storage_values:
  CAES:
    cost: 51.4289
    lifetime: 22.8065
    annual_cost: 2.2550106329335935
    efficiency: 0.585345
    discharge_ratio: 0.1
    depth_of_discharge: 0.4
  Li-ion:
    cost: 177.233
    lifetime: 17.7373
    annual_cost: 9.99210702869095
    efficiency: 0.931348
    discharge_ratio: 2
    depth_of_discharge: 0.9
  Pb-acid:
    cost: 168.01
    lifetime: 7.72655
    annual_cost: 21.74450433893523
    efficiency: 0.700953
    discharge_ratio: 5
    depth_of_discharge: 0.5
  VRBF:
    cost: 291.694
    lifetime: 11.1353
    annual_cost: 26.19543254335312
    efficiency: 0.811343
    discharge_ratio: 0.5
    depth_of_discharge: 1.0
