cost_values:
  wind_capex: 5000.0
  wind_opex: 100
  wind_lifetime: 20
  solar_capex: 1000.0
  solar_opex: 10
  solar_lifetime: 20
  carbon_price: 1.0
timeseries_values:
  load_level: 270635.465085621
  wind_year: 2017
  solar_year: 2018
  price_year: 2023
  carbon_year: 2023
storage_values:
  CAES:
    cost: 49.6031
    lifetime: 22.431
    annual_cost: 2.2113637376844544
    efficiency: 0.585485
    discharge_ratio: 0.1
    depth_of_discharge: 0.4
  Li-ion:
    cost: 190.36
    lifetime: 17.0122
    annual_cost: 11.189616863192299
    efficiency: 0.937665
    discharge_ratio: 2
    depth_of_discharge: 0.9
  Pb-acid:
    cost: 145.656
    lifetime: 7.58526
    annual_cost: 19.20250591278348
    efficiency: 0.698045
    discharge_ratio: 5
    depth_of_discharge: 0.5
  VRBF:
    cost: 293.629
    lifetime: 11.5641
    annual_cost: 25.391426916059185
    efficiency: 0.808638
    discharge_ratio: 0.5
    depth_of_discharge: 1.0
