cost_values:
  wind_capex: 5000.0
  wind_opex: 100
  wind_lifetime: 20
  solar_capex: 1000.0
  solar_opex: 10
  solar_lifetime: 20
  carbon_price: 1.0
timeseries_values:
  load_level: 270635.465085621
  wind_year: 2017
  solar_year: 2018
  price_year: 2023
  carbon_year: 2023
storage_values:
  CAES:
    cost: 51.5863
    lifetime: 22.1393
    annual_cost: 2.3300781867538722
    efficiency: 0.588001
    discharge_ratio: 0.1
    depth_of_discharge: 0.4
  Li-ion:
    cost: 185.341
    lifetime: 19.2615
    annual_cost: 9.622355475949432
    efficiency: 0.920169
    discharge_ratio: 2
    depth_of_discharge: 0.9
  Pb-acid:
    cost: 145.627
    lifetime: 6.66235
    annual_cost: 21.8582031865633
    efficiency: 0.689407
    discharge_ratio: 5
    depth_of_discharge: 0.5
  VRBF:
    cost: 265.868
    lifetime: 13.1473
    annual_cost: 20.222250956470152
    efficiency: 0.803049
    discharge_ratio: 0.5
    depth_of_discharge: 1.0
