cost_values:
  wind_capex: 5000.0
  wind_opex: 100
  wind_lifetime: 20
  solar_capex: 1000.0
  solar_opex: 10
  solar_lifetime: 20
  carbon_price: 1.0
timeseries_values:
  load_level: 270635.465085621
  wind_year: 2017
  solar_year: 2018
  price_year: 2023
  carbon_year: 2023
storage_values:
  CAES:
    cost: 55.4415
    lifetime: 21.9494
    annual_cost: 2.5258777005293993
    efficiency: 0.581885
    discharge_ratio: 0.1
    depth_of_discharge: 0.4
  Li-ion:
    cost: 189.755
    lifetime: 19.7511
    annual_cost: 9.60731301041461
    efficiency: 0.933602
    discharge_ratio: 2
    depth_of_discharge: 0.9
  Pb-acid:
    cost: 162.899
    lifetime: 7.69215
    annual_cost: 21.17730413473476
    efficiency: 0.705005
    discharge_ratio: 5
    depth_of_discharge: 0.5
  VRBF:
    cost: 268.433
    lifetime: 14.4571
    annual_cost: 18.567555042159213
    efficiency: 0.808798
    discharge_ratio: 0.5
    depth_of_discharge: 1.0
