cost_values:
  wind_capex: 5000.0
  wind_opex: 100
  wind_lifetime: 20
  solar_capex: 1000.0
  solar_opex: 10
  solar_lifetime: 20
  carbon_price: 1.0
timeseries_values:
  load_level: 270635.465085621
  wind_year: 2017
  solar_year: 2018
  price_year: 2023
  carbon_year: 2023
storage_values:
  CAES:
    cost: 48.9672
    lifetime: 22.9629
    annual_cost: 2.1324484276811724
    efficiency: 0.596069
    discharge_ratio: 0.1
    depth_of_discharge: 0.4
  Li-ion:
    cost: 176.698
    lifetime: 17.4467
    annual_cost: 10.127875185565179
    efficiency: 0.944323
    discharge_ratio: 2
    depth_of_discharge: 0.9
  Pb-acid:
    cost: 177.739
    lifetime: 6.9082
    annual_cost: 25.72869922700559
    efficiency: 0.696601
    discharge_ratio: 5
    depth_of_discharge: 0.5
  VRBF:
    cost: 313.636
    lifetime: 13.6228
    annual_cost: 23.022873418093198
    efficiency: 0.801068
    discharge_ratio: 0.5
    depth_of_discharge: 1.0
