cost_values:
  wind_capex: 5000.0
  wind_opex: 100
  wind_lifetime: 20
  solar_capex: 1000.0
  solar_opex: 10
  solar_lifetime: 20
  carbon_price: 1.0
timeseries_values:
  load_level: 270635.465085621
  wind_year: 2017
  solar_year: 2018
  price_year: 2023
  carbon_year: 2023
storage_values:
  CAES:
    cost: 50.8596
    lifetime: 22.9924
    annual_cost: 2.2120178841704217
    efficiency: 0.588547
    discharge_ratio: 0.1
    depth_of_discharge: 0.4
  Li-ion:
    cost: 169.707
    lifetime: 17.4786
    annual_cost: 9.70941608595654
    efficiency: 0.951588
    discharge_ratio: 2
    depth_of_discharge: 0.9
  Pb-acid:
    cost: 155.123
    lifetime: 8.46296
    annual_cost: 18.32963880249936
    efficiency: 0.71171
    discharge_ratio: 5
    depth_of_discharge: 0.5
  VRBF:
    cost: 325.215
    lifetime: 15.7327
    annual_cost: 20.67127702174452
    efficiency: 0.820869
    discharge_ratio: 0.5
    depth_of_discharge: 1.0
