cost_values:
  wind_capex: 5000.0
  wind_opex: 100
  wind_lifetime: 20
  solar_capex: 1000.0
  solar_opex: 10
  solar_lifetime: 20
  carbon_price: 1.0
timeseries_values:
  load_level: 270635.465085621
  wind_year: 2017
  solar_year: 2018
  price_year: 2023
  carbon_year: 2023
storage_values:
  CAES:
    cost: 49.5581
    lifetime: 22.8485
    annual_cost: 2.1689870232181545
    efficiency: 0.589852
    discharge_ratio: 0.1
    depth_of_discharge: 0.4
  Li-ion:
    cost: 177.267
    lifetime: 18.0282
    annual_cost: 9.832762006190302
    efficiency: 0.930246
    discharge_ratio: 2
    depth_of_discharge: 0.9
  Pb-acid:
    cost: 163.599
    lifetime: 8.57467
    annual_cost: 19.07933483154454
    efficiency: 0.710924
    discharge_ratio: 5
    depth_of_discharge: 0.5
  VRBF:
    cost: 270.56
    lifetime: 14.1224
    annual_cost: 19.158216733699653
    efficiency: 0.809225
    discharge_ratio: 0.5
    depth_of_discharge: 1.0
