cost_values:
  wind_capex: 5000.0
  wind_opex: 100
  wind_lifetime: 20
  solar_capex: 1000.0
  solar_opex: 10
  solar_lifetime: 20
  carbon_price: 1.0
timeseries_values:
  load_level: 270635.465085621
  wind_year: 2017
  solar_year: 2018
  price_year: 2023
  carbon_year: 2023
storage_values:
  CAES:
    cost: 49.5118
    lifetime: 23.2154
    annual_cost: 2.1327136297457723
    efficiency: 0.5924
    discharge_ratio: 0.1
    depth_of_discharge: 0.4
  Li-ion:
    cost: 177.167
    lifetime: 17.3553
    annual_cost: 10.208236100787657
    efficiency: 0.938326
    discharge_ratio: 2
    depth_of_discharge: 0.9
  Pb-acid:
    cost: 155.047
    lifetime: 6.98712
    annual_cost: 22.190401767824223
    efficiency: 0.698477
    discharge_ratio: 5
    depth_of_discharge: 0.5
  VRBF:
    cost: 291.32
    lifetime: 12.6566
    annual_cost: 23.017240017066197
    efficiency: 0.819984
    discharge_ratio: 0.5
    depth_of_discharge: 1.0
