cost_values:
  wind_capex: 5000.0
  wind_opex: 100
  wind_lifetime: 20
  solar_capex: 1000.0
  solar_opex: 10
  solar_lifetime: 20
  carbon_price: 1.0
timeseries_values:
  load_level: 257162.56340274966
  wind_year: 2017
  solar_year: 2016
  price_year: 2023
  carbon_year: 2023
storage_values:
  CAES:
    cost: 56.7151
    lifetime: 25.5767
    annual_cost: 2.217451821384307
    efficiency: 0.617129
    discharge_ratio: 0.1
    depth_of_discharge: 0.4
  Li-ion:
    cost: 191.467
    lifetime: 25.8073
    annual_cost: 7.419102347010342
    efficiency: 0.904073
    discharge_ratio: 2
    depth_of_discharge: 0.9
  Pb-acid:
    cost: 133.5
    lifetime: 15.1023
    annual_cost: 8.83971315627421
    efficiency: 0.736138
    discharge_ratio: 5
    depth_of_discharge: 0.5
  VRBF:
    cost: 170.473
    lifetime: 11.8959
    annual_cost: 14.330399549424593
    efficiency: 0.788727
    discharge_ratio: 0.5
    depth_of_discharge: 1.0
