cost_values:
  wind_capex: 5000.0
  wind_opex: 100
  wind_lifetime: 20
  solar_capex: 1000.0
  solar_opex: 10
  solar_lifetime: 20
  carbon_price: 1.0
timeseries_values:
  load_level: 257162.56340274966
  wind_year: 2017
  solar_year: 2016
  price_year: 2023
  carbon_year: 2023
storage_values:
  CAES:
    cost: 61.2756
    lifetime: 25.8876
    annual_cost: 2.366986510916423
    efficiency: 0.623589
    discharge_ratio: 0.1
    depth_of_discharge: 0.4
  Li-ion:
    cost: 197.698
    lifetime: 25.4846
    annual_cost: 7.757547695470991
    efficiency: 0.904544
    discharge_ratio: 2
    depth_of_discharge: 0.9
  Pb-acid:
    cost: 150.79
    lifetime: 14.7743
    annual_cost: 10.206236505282822
    efficiency: 0.728939
    discharge_ratio: 5
    depth_of_discharge: 0.5
  VRBF:
    cost: 183.625
    lifetime: 13.1406
    annual_cost: 13.973867251114866
    efficiency: 0.792079
    discharge_ratio: 0.5
    depth_of_discharge: 1.0
