cost_values:
  wind_capex: 5000.0
  wind_opex: 100
  wind_lifetime: 20
  solar_capex: 1000.0
  solar_opex: 10
  solar_lifetime: 20
  carbon_price: 1.0
timeseries_values:
  load_level: 257162.56340274966
  wind_year: 2017
  solar_year: 2016
  price_year: 2023
  carbon_year: 2023
storage_values:
  CAES:
    cost: 43.2658
    lifetime: 27.0041
    annual_cost: 1.602193740950448
    efficiency: 0.620898
    discharge_ratio: 0.1
    depth_of_discharge: 0.4
  Li-ion:
    cost: 200.136
    lifetime: 25.0354
    annual_cost: 7.9941203256189235
    efficiency: 0.90932
    discharge_ratio: 2
    depth_of_discharge: 0.9
  Pb-acid:
    cost: 150.177
    lifetime: 14.4493
    annual_cost: 10.393375457634626
    efficiency: 0.722865
    discharge_ratio: 5
    depth_of_discharge: 0.5
  VRBF:
    cost: 176.744
    lifetime: 11.4772
    annual_cost: 15.39957480918691
    efficiency: 0.783404
    discharge_ratio: 0.5
    depth_of_discharge: 1.0
