cost_values:
  wind_capex: 5000.0
  wind_opex: 100
  wind_lifetime: 20
  solar_capex: 1000.0
  solar_opex: 10
  solar_lifetime: 20
  carbon_price: 1.0
timeseries_values:
  load_level: 257162.56340274966
  wind_year: 2017
  solar_year: 2016
  price_year: 2023
  carbon_year: 2023
storage_values:
  CAES:
    cost: 50.4643
    lifetime: 25.8533
    annual_cost: 1.951948107204883
    efficiency: 0.606059
    discharge_ratio: 0.1
    depth_of_discharge: 0.4
  Li-ion:
    cost: 226.98
    lifetime: 25.4582
    annual_cost: 8.915791375666778
    efficiency: 0.908829
    discharge_ratio: 2
    depth_of_discharge: 0.9
  Pb-acid:
    cost: 123.603
    lifetime: 15.1965
    annual_cost: 8.133649195538446
    efficiency: 0.704854
    discharge_ratio: 5
    depth_of_discharge: 0.5
  VRBF:
    cost: 194.218
    lifetime: 12.6301
    annual_cost: 15.377392102992058
    efficiency: 0.799849
    discharge_ratio: 0.5
    depth_of_discharge: 1.0
