cost_values:
  wind_capex: 5000.0
  wind_opex: 100
  wind_lifetime: 20
  solar_capex: 1000.0
  solar_opex: 10
  solar_lifetime: 20
  carbon_price: 1.0
timeseries_values:
  load_level: 257162.56340274966
  wind_year: 2017
  solar_year: 2016
  price_year: 2023
  carbon_year: 2023
storage_values:
  CAES:
    cost: 52.5439
    lifetime: 26.576
    annual_cost: 1.9771184527393137
    efficiency: 0.616694
    discharge_ratio: 0.1
    depth_of_discharge: 0.4
  Li-ion:
    cost: 221.512
    lifetime: 23.6084
    annual_cost: 9.382762067738602
    efficiency: 0.927724
    discharge_ratio: 2
    depth_of_discharge: 0.9
  Pb-acid:
    cost: 134.861
    lifetime: 14.7206
    annual_cost: 9.16137929160496
    efficiency: 0.712847
    discharge_ratio: 5
    depth_of_discharge: 0.5
  VRBF:
    cost: 204.022
    lifetime: 13.9951
    annual_cost: 14.578102335817535
    efficiency: 0.778017
    discharge_ratio: 0.5
    depth_of_discharge: 1.0
