cost_values:
  wind_capex: 5000.0
  wind_opex: 100
  wind_lifetime: 20
  solar_capex: 1000.0
  solar_opex: 10
  solar_lifetime: 20
  carbon_price: 1.0
timeseries_values:
  load_level: 257162.56340274966
  wind_year: 2017
  solar_year: 2016
  price_year: 2023
  carbon_year: 2023
storage_values:
  CAES:
    cost: 64.6109
    lifetime: 26.6292
    annual_cost: 2.4263177264055997
    efficiency: 0.61252
    discharge_ratio: 0.1
    depth_of_discharge: 0.4
  Li-ion:
    cost: 206.428
    lifetime: 23.3808
    annual_cost: 8.82895367138849
    efficiency: 0.917404
    discharge_ratio: 2
    depth_of_discharge: 0.9
  Pb-acid:
    cost: 155.991
    lifetime: 15.5449
    annual_cost: 10.034866740860346
    efficiency: 0.710406
    discharge_ratio: 5
    depth_of_discharge: 0.5
  VRBF:
    cost: 154.86
    lifetime: 12.8055
    annual_cost: 12.093241185428138
    efficiency: 0.771634
    discharge_ratio: 0.5
    depth_of_discharge: 1.0
