cost_values:
  wind_capex: 5000.0
  wind_opex: 100
  wind_lifetime: 20
  solar_capex: 1000.0
  solar_opex: 10
  solar_lifetime: 20
  carbon_price: 1.0
timeseries_values:
  load_level: 257162.56340274966
  wind_year: 2017
  solar_year: 2016
  price_year: 2023
  carbon_year: 2023
storage_values:
  CAES:
    cost: 49.7821
    lifetime: 25.12
    annual_cost: 1.9817714968152866
    efficiency: 0.611645
    discharge_ratio: 0.1
    depth_of_discharge: 0.4
  Li-ion:
    cost: 201.2
    lifetime: 23.8402
    annual_cost: 8.439526514039311
    efficiency: 0.924026
    discharge_ratio: 2
    depth_of_discharge: 0.9
  Pb-acid:
    cost: 116.015
    lifetime: 16.4915
    annual_cost: 7.0348361277021505
    efficiency: 0.73439
    discharge_ratio: 5
    depth_of_discharge: 0.5
  VRBF:
    cost: 184.225
    lifetime: 14.2324
    annual_cost: 12.944057221550826
    efficiency: 0.793231
    discharge_ratio: 0.5
    depth_of_discharge: 1.0
