cost_values:
  wind_capex: 5000.0
  wind_opex: 100
  wind_lifetime: 20
  solar_capex: 1000.0
  solar_opex: 10
  solar_lifetime: 20
  carbon_price: 1.0
timeseries_values:
  load_level: 257162.56340274966
  wind_year: 2017
  solar_year: 2016
  price_year: 2023
  carbon_year: 2023
storage_values:
  CAES:
    cost: 56.9882
    lifetime: 26.178
    annual_cost: 2.1769501107800444
    efficiency: 0.617786
    discharge_ratio: 0.1
    depth_of_discharge: 0.4
  Li-ion:
    cost: 170.304
    lifetime: 23.7886
    annual_cost: 7.159059381384361
    efficiency: 0.904058
    discharge_ratio: 2
    depth_of_discharge: 0.9
  Pb-acid:
    cost: 124.245
    lifetime: 15.0986
    annual_cost: 8.22890864053621
    efficiency: 0.716144
    discharge_ratio: 5
    depth_of_discharge: 0.5
  VRBF:
    cost: 167.203
    lifetime: 13.1035
    annual_cost: 12.760178578242455
    efficiency: 0.805137
    discharge_ratio: 0.5
    depth_of_discharge: 1.0
