cost_values:
  wind_capex: 5000.0
  wind_opex: 100
  wind_lifetime: 20
  solar_capex: 1000.0
  solar_opex: 10
  solar_lifetime: 20
  carbon_price: 1.0
timeseries_values:
  load_level: 257162.56340274966
  wind_year: 2017
  solar_year: 2016
  price_year: 2023
  carbon_year: 2023
storage_values:
  CAES:
    cost: 57.7647
    lifetime: 25.975
    annual_cost: 2.2238575553416746
    efficiency: 0.606837
    discharge_ratio: 0.1
    depth_of_discharge: 0.4
  Li-ion:
    cost: 202.074
    lifetime: 23.5512
    annual_cost: 8.580199735045348
    efficiency: 0.925313
    discharge_ratio: 2
    depth_of_discharge: 0.9
  Pb-acid:
    cost: 138.627
    lifetime: 15.0273
    annual_cost: 9.225010480924718
    efficiency: 0.724011
    discharge_ratio: 5
    depth_of_discharge: 0.5
  VRBF:
    cost: 170.173
    lifetime: 11.8657
    annual_cost: 14.341589623873855
    efficiency: 0.785953
    discharge_ratio: 0.5
    depth_of_discharge: 1.0
