cost_values:
  wind_capex: 5000.0
  wind_opex: 100
  wind_lifetime: 20
  solar_capex: 1000.0
  solar_opex: 10
  solar_lifetime: 20
  carbon_price: 1.0
timeseries_values:
  load_level: 257162.56340274966
  wind_year: 2017
  solar_year: 2016
  price_year: 2023
  carbon_year: 2023
storage_values:
  CAES:
    cost: 60.208
    lifetime: 25.6353
    annual_cost: 2.348636450519401
    efficiency: 0.611872
    discharge_ratio: 0.1
    depth_of_discharge: 0.4
  Li-ion:
    cost: 211.173
    lifetime: 22.8506
    annual_cost: 9.241464119104094
    efficiency: 0.922535
    discharge_ratio: 2
    depth_of_discharge: 0.9
  Pb-acid:
    cost: 125.195
    lifetime: 16.4985
    annual_cost: 7.588265599903021
    efficiency: 0.720809
    discharge_ratio: 5
    depth_of_discharge: 0.5
  VRBF:
    cost: 191.317
    lifetime: 12.7299
    annual_cost: 15.028947595817721
    efficiency: 0.787703
    discharge_ratio: 0.5
    depth_of_discharge: 1.0
