cost_values:
  wind_capex: 5000.0
  wind_opex: 100
  wind_lifetime: 20
  solar_capex: 1000.0
  solar_opex: 10
  solar_lifetime: 20
  carbon_price: 1.0
timeseries_values:
  load_level: 257162.56340274966
  wind_year: 2017
  solar_year: 2016
  price_year: 2023
  carbon_year: 2023
storage_values:
  CAES:
    cost: 54.7732
    lifetime: 25.342
    annual_cost: 2.161360587167548
    efficiency: 0.615974
    discharge_ratio: 0.1
    depth_of_discharge: 0.4
  Li-ion:
    cost: 229.419
    lifetime: 26.8436
    annual_cost: 8.546506429838026
    efficiency: 0.901763
    discharge_ratio: 2
    depth_of_discharge: 0.9
  Pb-acid:
    cost: 164.159
    lifetime: 16.4746
    annual_cost: 9.96436939288359
    efficiency: 0.705399
    discharge_ratio: 5
    depth_of_discharge: 0.5
  VRBF:
    cost: 191.892
    lifetime: 13.7894
    annual_cost: 13.915906420874004
    efficiency: 0.797917
    discharge_ratio: 0.5
    depth_of_discharge: 1.0
