cost_values:
  wind_capex: 5000.0
  wind_opex: 100
  wind_lifetime: 20
  solar_capex: 1000.0
  solar_opex: 10
  solar_lifetime: 20
  carbon_price: 1.0
timeseries_values:
  load_level: 257162.56340274966
  wind_year: 2017
  solar_year: 2016
  price_year: 2023
  carbon_year: 2023
storage_values:
  CAES:
    cost: 63.2843
    lifetime: 27.218
    annual_cost: 2.3250900139613493
    efficiency: 0.620845
    discharge_ratio: 0.1
    depth_of_discharge: 0.4
  Li-ion:
    cost: 220.581
    lifetime: 26.4539
    annual_cost: 8.338316845531281
    efficiency: 0.917335
    discharge_ratio: 2
    depth_of_discharge: 0.9
  Pb-acid:
    cost: 124.624
    lifetime: 15.7571
    annual_cost: 7.9090695622925535
    efficiency: 0.715211
    discharge_ratio: 5
    depth_of_discharge: 0.5
  VRBF:
    cost: 189.396
    lifetime: 13.6503
    annual_cost: 13.87485989318916
    efficiency: 0.780661
    discharge_ratio: 0.5
    depth_of_discharge: 1.0
