cost_values:
  wind_capex: 5000.0
  wind_opex: 100
  wind_lifetime: 20
  solar_capex: 1000.0
  solar_opex: 10
  solar_lifetime: 20
  carbon_price: 1.0
timeseries_values:
  load_level: 257162.56340274966
  wind_year: 2017
  solar_year: 2016
  price_year: 2023
  carbon_year: 2023
storage_values:
  CAES:
    cost: 55.6665
    lifetime: 25.7981
    annual_cost: 2.1577751849942435
    efficiency: 0.61873
    discharge_ratio: 0.1
    depth_of_discharge: 0.4
  Li-ion:
    cost: 195.36
    lifetime: 24.0761
    annual_cost: 8.114270999040542
    efficiency: 0.924971
    discharge_ratio: 2
    depth_of_discharge: 0.9
  Pb-acid:
    cost: 150.169
    lifetime: 14.7239
    annual_cost: 10.198996189868174
    efficiency: 0.70936
    discharge_ratio: 5
    depth_of_discharge: 0.5
  VRBF:
    cost: 166.816
    lifetime: 13.5516
    annual_cost: 12.309690368664954
    efficiency: 0.797206
    discharge_ratio: 0.5
    depth_of_discharge: 1.0
