cost_values:
  wind_capex: 5000.0
  wind_opex: 100
  wind_lifetime: 20
  solar_capex: 1000.0
  solar_opex: 10
  solar_lifetime: 20
  carbon_price: 1.0
timeseries_values:
  load_level: 257162.56340274966
  wind_year: 2017
  solar_year: 2016
  price_year: 2023
  carbon_year: 2023
storage_values:
  CAES:
    cost: 56.9638
    lifetime: 25.997
    annual_cost: 2.1911682117167364
    efficiency: 0.621168
    discharge_ratio: 0.1
    depth_of_discharge: 0.4
  Li-ion:
    cost: 208.005
    lifetime: 25.0559
    annual_cost: 8.301637538463995
    efficiency: 0.925473
    discharge_ratio: 2
    depth_of_discharge: 0.9
  Pb-acid:
    cost: 132.158
    lifetime: 17.192
    annual_cost: 7.687180083759888
    efficiency: 0.728742
    discharge_ratio: 5
    depth_of_discharge: 0.5
  VRBF:
    cost: 190.404
    lifetime: 14.1219
    annual_cost: 13.482888279905678
    efficiency: 0.797379
    discharge_ratio: 0.5
    depth_of_discharge: 1.0
