cost_values:
  wind_capex: 5000.0
  wind_opex: 100
  wind_lifetime: 20
  solar_capex: 1000.0
  solar_opex: 10
  solar_lifetime: 20
  carbon_price: 1.0
timeseries_values:
  load_level: 257162.56340274966
  wind_year: 2017
  solar_year: 2016
  price_year: 2023
  carbon_year: 2023
storage_values:
  CAES:
    cost: 52.8353
    lifetime: 26.8204
    annual_cost: 1.9699668908741106
    efficiency: 0.612324
    discharge_ratio: 0.1
    depth_of_discharge: 0.4
  Li-ion:
    cost: 210.234
    lifetime: 25.6352
    annual_cost: 8.200989264760954
    efficiency: 0.904698
    discharge_ratio: 2
    depth_of_discharge: 0.9
  Pb-acid:
    cost: 138.311
    lifetime: 15.1925
    annual_cost: 9.103899950633537
    efficiency: 0.724807
    discharge_ratio: 5
    depth_of_discharge: 0.5
  VRBF:
    cost: 151.006
    lifetime: 11.4262
    annual_cost: 13.21576727170888
    efficiency: 0.7749
    discharge_ratio: 0.5
    depth_of_discharge: 1.0
