cost_values:
  wind_capex: 5000.0
  wind_opex: 100
  wind_lifetime: 20
  solar_capex: 1000.0
  solar_opex: 10
  solar_lifetime: 20
  carbon_price: 1.0
timeseries_values:
  load_level: 257162.56340274966
  wind_year: 2017
  solar_year: 2016
  price_year: 2023
  carbon_year: 2023
storage_values:
  CAES:
    cost: 55.6986
    lifetime: 25.9551
    annual_cost: 2.145959753574442
    efficiency: 0.615998
    discharge_ratio: 0.1
    depth_of_discharge: 0.4
  Li-ion:
    cost: 201.978
    lifetime: 24.0317
    annual_cost: 8.404648859631237
    efficiency: 0.919938
    discharge_ratio: 2
    depth_of_discharge: 0.9
  Pb-acid:
    cost: 127.028
    lifetime: 15.3728
    annual_cost: 8.263166111573689
    efficiency: 0.734046
    discharge_ratio: 5
    depth_of_discharge: 0.5
  VRBF:
    cost: 179.723
    lifetime: 13.1179
    annual_cost: 13.70059232041714
    efficiency: 0.787846
    discharge_ratio: 0.5
    depth_of_discharge: 1.0
