cost_values:
  wind_capex: 5000.0
  wind_opex: 100
  wind_lifetime: 20
  solar_capex: 1000.0
  solar_opex: 10
  solar_lifetime: 20
  carbon_price: 1.0
timeseries_values:
  load_level: 257162.56340274966
  wind_year: 2017
  solar_year: 2016
  price_year: 2023
  carbon_year: 2023
storage_values:
  CAES:
    cost: 66.8116
    lifetime: 25.7456
    annual_cost: 2.595068671928407
    efficiency: 0.596074
    discharge_ratio: 0.1
    depth_of_discharge: 0.4
  Li-ion:
    cost: 210.353
    lifetime: 22.4031
    annual_cost: 9.389459494444965
    efficiency: 0.92394
    discharge_ratio: 2
    depth_of_discharge: 0.9
  Pb-acid:
    cost: 144.926
    lifetime: 13.4113
    annual_cost: 10.806260392355698
    efficiency: 0.733866
    discharge_ratio: 5
    depth_of_discharge: 0.5
  VRBF:
    cost: 165.396
    lifetime: 14.4756
    annual_cost: 11.425847633258725
    efficiency: 0.781262
    discharge_ratio: 0.5
    depth_of_discharge: 1.0
