cost_values:
  wind_capex: 5000.0
  wind_opex: 100
  wind_lifetime: 20
  solar_capex: 1000.0
  solar_opex: 10
  solar_lifetime: 20
  carbon_price: 1.0
timeseries_values:
  load_level: 257162.56340274966
  wind_year: 2017
  solar_year: 2016
  price_year: 2023
  carbon_year: 2023
storage_values:
  CAES:
    cost: 49.2509
    lifetime: 25.7651
    annual_cost: 1.9115353714908927
    efficiency: 0.626866
    discharge_ratio: 0.1
    depth_of_discharge: 0.4
  Li-ion:
    cost: 202.833
    lifetime: 25.0997
    annual_cost: 8.081092602700432
    efficiency: 0.910297
    discharge_ratio: 2
    depth_of_discharge: 0.9
  Pb-acid:
    cost: 137.557
    lifetime: 14.8436
    annual_cost: 9.267091541135573
    efficiency: 0.737583
    discharge_ratio: 5
    depth_of_discharge: 0.5
  VRBF:
    cost: 192.433
    lifetime: 11.3391
    annual_cost: 16.97074723743507
    efficiency: 0.76906
    discharge_ratio: 0.5
    depth_of_discharge: 1.0
