cost_values:
  wind_capex: 5000.0
  wind_opex: 100
  wind_lifetime: 20
  solar_capex: 1000.0
  solar_opex: 10
  solar_lifetime: 20
  carbon_price: 1.0
timeseries_values:
  load_level: 257162.56340274966
  wind_year: 2017
  solar_year: 2016
  price_year: 2023
  carbon_year: 2023
storage_values:
  CAES:
    cost: 61.6464
    lifetime: 26.2291
    annual_cost: 2.3503055766305363
    efficiency: 0.605386
    discharge_ratio: 0.1
    depth_of_discharge: 0.4
  Li-ion:
    cost: 195.282
    lifetime: 24.6824
    annual_cost: 7.911791397919165
    efficiency: 0.906991
    discharge_ratio: 2
    depth_of_discharge: 0.9
  Pb-acid:
    cost: 130.102
    lifetime: 14.0549
    annual_cost: 9.256700510142371
    efficiency: 0.69418
    discharge_ratio: 5
    depth_of_discharge: 0.5
  VRBF:
    cost: 210.74
    lifetime: 16.4498
    annual_cost: 12.811098007270607
    efficiency: 0.791811
    discharge_ratio: 0.5
    depth_of_discharge: 1.0
