cost_values:
  wind_capex: 5000.0
  wind_opex: 100
  wind_lifetime: 20
  solar_capex: 1000.0
  solar_opex: 10
  solar_lifetime: 20
  carbon_price: 1.0
timeseries_values:
  load_level: 257162.56340274966
  wind_year: 2017
  solar_year: 2016
  price_year: 2023
  carbon_year: 2023
storage_values:
  CAES:
    cost: 55.2383
    lifetime: 25.4884
    annual_cost: 2.167193703802514
    efficiency: 0.607392
    discharge_ratio: 0.1
    depth_of_discharge: 0.4
  Li-ion:
    cost: 200.17
    lifetime: 25.6
    annual_cost: 7.819140624999999
    efficiency: 0.932551
    discharge_ratio: 2
    depth_of_discharge: 0.9
  Pb-acid:
    cost: 135.339
    lifetime: 15.244
    annual_cost: 8.878181579637891
    efficiency: 0.712688
    discharge_ratio: 5
    depth_of_discharge: 0.5
  VRBF:
    cost: 204.06
    lifetime: 13.5555
    annual_cost: 15.05366825273874
    efficiency: 0.783755
    discharge_ratio: 0.5
    depth_of_discharge: 1.0
