cost_values:
  wind_capex: 5000.0
  wind_opex: 100
  wind_lifetime: 20
  solar_capex: 1000.0
  solar_opex: 10
  solar_lifetime: 20
  carbon_price: 1.0
timeseries_values:
  load_level: 257162.56340274966
  wind_year: 2017
  solar_year: 2016
  price_year: 2023
  carbon_year: 2023
storage_values:
  CAES:
    cost: 58.0352
    lifetime: 26.8506
    annual_cost: 2.1614116630540847
    efficiency: 0.609141
    discharge_ratio: 0.1
    depth_of_discharge: 0.4
  Li-ion:
    cost: 215.781
    lifetime: 24.1152
    annual_cost: 8.947924960191083
    efficiency: 0.901126
    discharge_ratio: 2
    depth_of_discharge: 0.9
  Pb-acid:
    cost: 147.787
    lifetime: 16.6047
    annual_cost: 8.90031135762766
    efficiency: 0.728723
    discharge_ratio: 5
    depth_of_discharge: 0.5
  VRBF:
    cost: 170.761
    lifetime: 11.6797
    annual_cost: 14.62032415216144
    efficiency: 0.80073
    discharge_ratio: 0.5
    depth_of_discharge: 1.0
