cost_values:
  wind_capex: 5000.0
  wind_opex: 100
  wind_lifetime: 20
  solar_capex: 1000.0
  solar_opex: 10
  solar_lifetime: 20
  carbon_price: 1.0
timeseries_values:
  load_level: 257162.56340274966
  wind_year: 2017
  solar_year: 2016
  price_year: 2023
  carbon_year: 2023
storage_values:
  CAES:
    cost: 59.816
    lifetime: 25.4124
    annual_cost: 2.3538115250822433
    efficiency: 0.606033
    discharge_ratio: 0.1
    depth_of_discharge: 0.4
  Li-ion:
    cost: 215.669
    lifetime: 23.4235
    annual_cost: 9.20737720665144
    efficiency: 0.917194
    discharge_ratio: 2
    depth_of_discharge: 0.9
  Pb-acid:
    cost: 124.49
    lifetime: 15.8497
    annual_cost: 7.8544073389401685
    efficiency: 0.720809
    discharge_ratio: 5
    depth_of_discharge: 0.5
  VRBF:
    cost: 172.444
    lifetime: 12.9338
    annual_cost: 13.332817888014349
    efficiency: 0.782336
    discharge_ratio: 0.5
    depth_of_discharge: 1.0
