cost_values:
  wind_capex: 5000.0
  wind_opex: 100
  wind_lifetime: 20
  solar_capex: 1000.0
  solar_opex: 10
  solar_lifetime: 20
  carbon_price: 1.0
timeseries_values:
  load_level: 257162.56340274966
  wind_year: 2017
  solar_year: 2016
  price_year: 2023
  carbon_year: 2023
storage_values:
  CAES:
    cost: 62.5969
    lifetime: 25.0714
    annual_cost: 2.496745295436234
    efficiency: 0.621532
    discharge_ratio: 0.1
    depth_of_discharge: 0.4
  Li-ion:
    cost: 191.621
    lifetime: 21.8474
    annual_cost: 8.770883491857155
    efficiency: 0.911817
    discharge_ratio: 2
    depth_of_discharge: 0.9
  Pb-acid:
    cost: 131.486
    lifetime: 15.6421
    annual_cost: 8.405904578029803
    efficiency: 0.730326
    discharge_ratio: 5
    depth_of_discharge: 0.5
  VRBF:
    cost: 188.772
    lifetime: 15.0362
    annual_cost: 12.554501802317075
    efficiency: 0.774228
    discharge_ratio: 0.5
    depth_of_discharge: 1.0
