cost_values:
  wind_capex: 5000.0
  wind_opex: 100
  wind_lifetime: 20
  solar_capex: 1000.0
  solar_opex: 10
  solar_lifetime: 20
  carbon_price: 1.0
timeseries_values:
  load_level: 257162.56340274966
  wind_year: 2017
  solar_year: 2016
  price_year: 2023
  carbon_year: 2023
storage_values:
  CAES:
    cost: 56.2333
    lifetime: 25.1439
    annual_cost: 2.2364589423279604
    efficiency: 0.605872
    discharge_ratio: 0.1
    depth_of_discharge: 0.4
  Li-ion:
    cost: 219.604
    lifetime: 22.5344
    annual_cost: 9.74527833001988
    efficiency: 0.896162
    discharge_ratio: 2
    depth_of_discharge: 0.9
  Pb-acid:
    cost: 137.883
    lifetime: 15.6266
    annual_cost: 8.823608462493441
    efficiency: 0.736364
    discharge_ratio: 5
    depth_of_discharge: 0.5
  VRBF:
    cost: 189.597
    lifetime: 12.0649
    annual_cost: 15.71475934321876
    efficiency: 0.792324
    discharge_ratio: 0.5
    depth_of_discharge: 1.0
