cost_values:
  wind_capex: 5000.0
  wind_opex: 100
  wind_lifetime: 20
  solar_capex: 1000.0
  solar_opex: 10
  solar_lifetime: 20
  carbon_price: 1.0
timeseries_values:
  load_level: 257162.56340274966
  wind_year: 2017
  solar_year: 2016
  price_year: 2023
  carbon_year: 2023
storage_values:
  CAES:
    cost: 63.2107
    lifetime: 26.2372
    annual_cost: 2.409201439177961
    efficiency: 0.604877
    discharge_ratio: 0.1
    depth_of_discharge: 0.4
  Li-ion:
    cost: 195.843
    lifetime: 25.4636
    annual_cost: 7.691096310026862
    efficiency: 0.917925
    discharge_ratio: 2
    depth_of_discharge: 0.9
  Pb-acid:
    cost: 145.142
    lifetime: 15.4785
    annual_cost: 9.377006815905933
    efficiency: 0.722471
    discharge_ratio: 5
    depth_of_discharge: 0.5
  VRBF:
    cost: 143.877
    lifetime: 13.8784
    annual_cost: 10.366973138113904
    efficiency: 0.783384
    discharge_ratio: 0.5
    depth_of_discharge: 1.0
