cost_values:
  wind_capex: 5000.0
  wind_opex: 100
  wind_lifetime: 20
  solar_capex: 1000.0
  solar_opex: 10
  solar_lifetime: 20
  carbon_price: 1.0
timeseries_values:
  load_level: 257162.56340274966
  wind_year: 2017
  solar_year: 2016
  price_year: 2023
  carbon_year: 2023
storage_values:
  CAES:
    cost: 53.9771
    lifetime: 25.7943
    annual_cost: 2.092597977072454
    efficiency: 0.625555
    discharge_ratio: 0.1
    depth_of_discharge: 0.4
  Li-ion:
    cost: 188.12
    lifetime: 26.1691
    annual_cost: 7.188630866174228
    efficiency: 0.922794
    discharge_ratio: 2
    depth_of_discharge: 0.9
  Pb-acid:
    cost: 126.855
    lifetime: 17.4388
    annual_cost: 7.274296396541047
    efficiency: 0.717466
    discharge_ratio: 5
    depth_of_discharge: 0.5
  VRBF:
    cost: 207.716
    lifetime: 14.5221
    annual_cost: 14.303440962395246
    efficiency: 0.788821
    discharge_ratio: 0.5
    depth_of_discharge: 1.0
