cost_values:
  wind_capex: 5000.0
  wind_opex: 100
  wind_lifetime: 20
  solar_capex: 1000.0
  solar_opex: 10
  solar_lifetime: 20
  carbon_price: 1.0
timeseries_values:
  load_level: 257162.56340274966
  wind_year: 2017
  solar_year: 2016
  price_year: 2023
  carbon_year: 2023
storage_values:
  CAES:
    cost: 58.6495
    lifetime: 24.9889
    annual_cost: 2.3470220778025443
    efficiency: 0.604617
    discharge_ratio: 0.1
    depth_of_discharge: 0.4
  Li-ion:
    cost: 197.232
    lifetime: 23.5904
    annual_cost: 8.360689093868693
    efficiency: 0.923661
    discharge_ratio: 2
    depth_of_discharge: 0.9
  Pb-acid:
    cost: 139.661
    lifetime: 14.4807
    annual_cost: 9.644630439136229
    efficiency: 0.714477
    discharge_ratio: 5
    depth_of_discharge: 0.5
  VRBF:
    cost: 162.467
    lifetime: 12.1895
    annual_cost: 13.32843841010706
    efficiency: 0.78549
    discharge_ratio: 0.5
    depth_of_discharge: 1.0
