cost_values:
  wind_capex: 5000.0
  wind_opex: 100
  wind_lifetime: 20
  solar_capex: 1000.0
  solar_opex: 10
  solar_lifetime: 20
  carbon_price: 1.0
timeseries_values:
  load_level: 257162.56340274966
  wind_year: 2017
  solar_year: 2016
  price_year: 2023
  carbon_year: 2023
storage_values:
  CAES:
    cost: 58.0043
    lifetime: 24.2777
    annual_cost: 2.389200789201613
    efficiency: 0.608176
    discharge_ratio: 0.1
    depth_of_discharge: 0.4
  Li-ion:
    cost: 198.26
    lifetime: 26.6127
    annual_cost: 7.449826586554539
    efficiency: 0.905664
    discharge_ratio: 2
    depth_of_discharge: 0.9
  Pb-acid:
    cost: 118.125
    lifetime: 15.5671
    annual_cost: 7.588118532032299
    efficiency: 0.733881
    discharge_ratio: 5
    depth_of_discharge: 0.5
  VRBF:
    cost: 189.802
    lifetime: 14.0511
    annual_cost: 13.50798158151319
    efficiency: 0.773923
    discharge_ratio: 0.5
    depth_of_discharge: 1.0
