cost_values:
  wind_capex: 5000.0
  wind_opex: 100
  wind_lifetime: 20
  solar_capex: 1000.0
  solar_opex: 10
  solar_lifetime: 20
  carbon_price: 1.0
timeseries_values:
  load_level: 257162.56340274966
  wind_year: 2017
  solar_year: 2016
  price_year: 2023
  carbon_year: 2023
storage_values:
  CAES:
    cost: 59.771
    lifetime: 25.9004
    annual_cost: 2.307724977220429
    efficiency: 0.608676
    discharge_ratio: 0.1
    depth_of_discharge: 0.4
  Li-ion:
    cost: 186.981
    lifetime: 25.5161
    annual_cost: 7.3279615615238995
    efficiency: 0.913927
    discharge_ratio: 2
    depth_of_discharge: 0.9
  Pb-acid:
    cost: 130.033
    lifetime: 15.4732
    annual_cost: 8.403756171961843
    efficiency: 0.73107
    discharge_ratio: 5
    depth_of_discharge: 0.5
  VRBF:
    cost: 202.292
    lifetime: 12.8229
    annual_cost: 15.775838538864063
    efficiency: 0.769257
    discharge_ratio: 0.5
    depth_of_discharge: 1.0
