cost_values:
  wind_capex: 5000.0
  wind_opex: 100
  wind_lifetime: 20
  solar_capex: 1000.0
  solar_opex: 10
  solar_lifetime: 20
  carbon_price: 1.0
timeseries_values:
  load_level: 257162.56340274966
  wind_year: 2017
  solar_year: 2016
  price_year: 2023
  carbon_year: 2023
storage_values:
  CAES:
    cost: 56.8596
    lifetime: 25.2481
    annual_cost: 2.252034806579505
    efficiency: 0.614253
    discharge_ratio: 0.1
    depth_of_discharge: 0.4
  Li-ion:
    cost: 197.55
    lifetime: 22.5309
    annual_cost: 8.767958670093073
    efficiency: 0.913196
    discharge_ratio: 2
    depth_of_discharge: 0.9
  Pb-acid:
    cost: 152.032
    lifetime: 14.3012
    annual_cost: 10.630716303526977
    efficiency: 0.721299
    discharge_ratio: 5
    depth_of_discharge: 0.5
  VRBF:
    cost: 213.991
    lifetime: 11.8175
    annual_cost: 18.1079754601227
    efficiency: 0.785393
    discharge_ratio: 0.5
    depth_of_discharge: 1.0
