cost_values:
  wind_capex: 5000.0
  wind_opex: 100
  wind_lifetime: 20
  solar_capex: 1000.0
  solar_opex: 10
  solar_lifetime: 20
  carbon_price: 1.0
timeseries_values:
  load_level: 257162.56340274966
  wind_year: 2017
  solar_year: 2016
  price_year: 2023
  carbon_year: 2023
storage_values:
  CAES:
    cost: 57.6688
    lifetime: 27.0403
    annual_cost: 2.1326982318983148
    efficiency: 0.613565
    discharge_ratio: 0.1
    depth_of_discharge: 0.4
  Li-ion:
    cost: 176.22
    lifetime: 23.0882
    annual_cost: 7.632470266196585
    efficiency: 0.924904
    discharge_ratio: 2
    depth_of_discharge: 0.9
  Pb-acid:
    cost: 150.921
    lifetime: 15.49
    annual_cost: 9.74312459651388
    efficiency: 0.708944
    discharge_ratio: 5
    depth_of_discharge: 0.5
  VRBF:
    cost: 182.166
    lifetime: 16.3797
    annual_cost: 11.121449110789575
    efficiency: 0.77637
    discharge_ratio: 0.5
    depth_of_discharge: 1.0
