cost_values:
  wind_capex: 5000.0
  wind_opex: 100
  wind_lifetime: 20
  solar_capex: 1000.0
  solar_opex: 10
  solar_lifetime: 20
  carbon_price: 1.0
timeseries_values:
  load_level: 257162.56340274966
  wind_year: 2017
  solar_year: 2016
  price_year: 2023
  carbon_year: 2023
storage_values:
  CAES:
    cost: 65.2593
    lifetime: 25.056
    annual_cost: 2.604537835249042
    efficiency: 0.622507
    discharge_ratio: 0.1
    depth_of_discharge: 0.4
  Li-ion:
    cost: 207.318
    lifetime: 26.6836
    annual_cost: 7.76949137297816
    efficiency: 0.925993
    discharge_ratio: 2
    depth_of_discharge: 0.9
  Pb-acid:
    cost: 139.283
    lifetime: 15.4465
    annual_cost: 9.017123620237593
    efficiency: 0.722001
    discharge_ratio: 5
    depth_of_discharge: 0.5
  VRBF:
    cost: 179.972
    lifetime: 12.6385
    annual_cost: 14.239981010404716
    efficiency: 0.775319
    discharge_ratio: 0.5
    depth_of_discharge: 1.0
