cost_values:
  wind_capex: 5000.0
  wind_opex: 100
  wind_lifetime: 20
  solar_capex: 1000.0
  solar_opex: 10
  solar_lifetime: 20
  carbon_price: 1.0
timeseries_values:
  load_level: 257162.56340274966
  wind_year: 2017
  solar_year: 2016
  price_year: 2023
  carbon_year: 2023
storage_values:
  CAES:
    cost: 56.6611
    lifetime: 25.388
    annual_cost: 2.231806365211911
    efficiency: 0.618391
    discharge_ratio: 0.1
    depth_of_discharge: 0.4
  Li-ion:
    cost: 193.496
    lifetime: 23.6104
    annual_cost: 8.195371531189647
    efficiency: 0.901009
    discharge_ratio: 2
    depth_of_discharge: 0.9
  Pb-acid:
    cost: 143.248
    lifetime: 14.7269
    annual_cost: 9.72696222558719
    efficiency: 0.716919
    discharge_ratio: 5
    depth_of_discharge: 0.5
  VRBF:
    cost: 172.737
    lifetime: 14.1324
    annual_cost: 12.222764710877133
    efficiency: 0.77358
    discharge_ratio: 0.5
    depth_of_discharge: 1.0
