cost_values:
  wind_capex: 5000.0
  wind_opex: 100
  wind_lifetime: 20
  solar_capex: 1000.0
  solar_opex: 10
  solar_lifetime: 20
  carbon_price: 1.0
timeseries_values:
  load_level: 257162.56340274966
  wind_year: 2017
  solar_year: 2016
  price_year: 2023
  carbon_year: 2023
storage_values:
  CAES:
    cost: 57.9991
    lifetime: 26.0383
    annual_cost: 2.227453405176221
    efficiency: 0.607182
    discharge_ratio: 0.1
    depth_of_discharge: 0.4
  Li-ion:
    cost: 226.374
    lifetime: 26.2395
    annual_cost: 8.627222317498427
    efficiency: 0.912172
    discharge_ratio: 2
    depth_of_discharge: 0.9
  Pb-acid:
    cost: 131.931
    lifetime: 16.1867
    annual_cost: 8.15058041478498
    efficiency: 0.72446
    discharge_ratio: 5
    depth_of_discharge: 0.5
  VRBF:
    cost: 184.935
    lifetime: 13.2777
    annual_cost: 13.928240583836057
    efficiency: 0.791575
    discharge_ratio: 0.5
    depth_of_discharge: 1.0
