cost_values:
  wind_capex: 5000.0
  wind_opex: 100
  wind_lifetime: 20
  solar_capex: 1000.0
  solar_opex: 10
  solar_lifetime: 20
  carbon_price: 1.0
timeseries_values:
  load_level: 257162.56340274966
  wind_year: 2017
  solar_year: 2016
  price_year: 2023
  carbon_year: 2023
storage_values:
  CAES:
    cost: 62.9354
    lifetime: 26.2661
    annual_cost: 2.396069458351259
    efficiency: 0.607865
    discharge_ratio: 0.1
    depth_of_discharge: 0.4
  Li-ion:
    cost: 206.065
    lifetime: 25.2736
    annual_cost: 8.15336952393011
    efficiency: 0.913305
    discharge_ratio: 2
    depth_of_discharge: 0.9
  Pb-acid:
    cost: 138.139
    lifetime: 13.9321
    annual_cost: 9.915159954350028
    efficiency: 0.72538
    discharge_ratio: 5
    depth_of_discharge: 0.5
  VRBF:
    cost: 181.011
    lifetime: 14.1964
    annual_cost: 12.750486038714039
    efficiency: 0.791819
    discharge_ratio: 0.5
    depth_of_discharge: 1.0
