cost_values:
  wind_capex: 5000.0
  wind_opex: 100
  wind_lifetime: 20
  solar_capex: 1000.0
  solar_opex: 10
  solar_lifetime: 20
  carbon_price: 1.0
timeseries_values:
  load_level: 257162.56340274966
  wind_year: 2017
  solar_year: 2016
  price_year: 2023
  carbon_year: 2023
storage_values:
  CAES:
    cost: 53.0956
    lifetime: 26.0115
    annual_cost: 2.041235607327528
    efficiency: 0.612759
    discharge_ratio: 0.1
    depth_of_discharge: 0.4
  Li-ion:
    cost: 203.539
    lifetime: 23.3027
    annual_cost: 8.734567238989472
    efficiency: 0.913723
    discharge_ratio: 2
    depth_of_discharge: 0.9
  Pb-acid:
    cost: 137.985
    lifetime: 16.0507
    annual_cost: 8.596821322434536
    efficiency: 0.715882
    discharge_ratio: 5
    depth_of_discharge: 0.5
  VRBF:
    cost: 185.571
    lifetime: 12.8504
    annual_cost: 14.440873435846354
    efficiency: 0.775176
    discharge_ratio: 0.5
    depth_of_discharge: 1.0
