cost_values:
  wind_capex: 5000.0
  wind_opex: 100
  wind_lifetime: 20
  solar_capex: 1000.0
  solar_opex: 10
  solar_lifetime: 20
  carbon_price: 1.0
timeseries_values:
  load_level: 257162.56340274966
  wind_year: 2017
  solar_year: 2016
  price_year: 2023
  carbon_year: 2023
storage_values:
  CAES:
    cost: 54.3145
    lifetime: 26.1201
    annual_cost: 2.0794139379251995
    efficiency: 0.626023
    discharge_ratio: 0.1
    depth_of_discharge: 0.4
  Li-ion:
    cost: 207.634
    lifetime: 24.9054
    annual_cost: 8.336906855541368
    efficiency: 0.907381
    discharge_ratio: 2
    depth_of_discharge: 0.9
  Pb-acid:
    cost: 137.212
    lifetime: 14.787
    annual_cost: 9.27923175762494
    efficiency: 0.7132
    discharge_ratio: 5
    depth_of_discharge: 0.5
  VRBF:
    cost: 148.584
    lifetime: 13.0304
    annual_cost: 11.402873280943025
    efficiency: 0.794367
    discharge_ratio: 0.5
    depth_of_discharge: 1.0
