cost_values:
  wind_capex: 5000.0
  wind_opex: 100
  wind_lifetime: 20
  solar_capex: 1000.0
  solar_opex: 10
  solar_lifetime: 20
  carbon_price: 1.0
timeseries_values:
  load_level: 257162.56340274966
  wind_year: 2017
  solar_year: 2016
  price_year: 2023
  carbon_year: 2023
storage_values:
  CAES:
    cost: 52.929
    lifetime: 25.8098
    annual_cost: 2.0507326674364004
    efficiency: 0.610368
    discharge_ratio: 0.1
    depth_of_discharge: 0.4
  Li-ion:
    cost: 191.896
    lifetime: 23.1693
    annual_cost: 8.282339129796757
    efficiency: 0.90337
    discharge_ratio: 2
    depth_of_discharge: 0.9
  Pb-acid:
    cost: 121.896
    lifetime: 14.3349
    annual_cost: 8.503442646966494
    efficiency: 0.730635
    discharge_ratio: 5
    depth_of_discharge: 0.5
  VRBF:
    cost: 188.103
    lifetime: 10.6384
    annual_cost: 17.68151225748233
    efficiency: 0.780242
    discharge_ratio: 0.5
    depth_of_discharge: 1.0
