cost_values:
  wind_capex: 5000.0
  wind_opex: 100
  wind_lifetime: 20
  solar_capex: 1000.0
  solar_opex: 10
  solar_lifetime: 20
  carbon_price: 1.0
timeseries_values:
  load_level: 257162.56340274966
  wind_year: 2017
  solar_year: 2016
  price_year: 2023
  carbon_year: 2023
storage_values:
  CAES:
    cost: 59.1924
    lifetime: 26.1626
    annual_cost: 2.2624815576433535
    efficiency: 0.613847
    discharge_ratio: 0.1
    depth_of_discharge: 0.4
  Li-ion:
    cost: 201.024
    lifetime: 24.9291
    annual_cost: 8.063829019098163
    efficiency: 0.93356
    discharge_ratio: 2
    depth_of_discharge: 0.9
  Pb-acid:
    cost: 128.377
    lifetime: 15.1714
    annual_cost: 8.461776764174697
    efficiency: 0.733142
    discharge_ratio: 5
    depth_of_discharge: 0.5
  VRBF:
    cost: 175.174
    lifetime: 12.1373
    annual_cost: 14.432699199986818
    efficiency: 0.79249
    discharge_ratio: 0.5
    depth_of_discharge: 1.0
