cost_values:
  wind_capex: 5000.0
  wind_opex: 100
  wind_lifetime: 20
  solar_capex: 1000.0
  solar_opex: 10
  solar_lifetime: 20
  carbon_price: 1.0
timeseries_values:
  load_level: 257162.56340274966
  wind_year: 2017
  solar_year: 2016
  price_year: 2023
  carbon_year: 2023
storage_values:
  CAES:
    cost: 69.8012
    lifetime: 26.6515
    annual_cost: 2.6190345759150517
    efficiency: 0.609154
    discharge_ratio: 0.1
    depth_of_discharge: 0.4
  Li-ion:
    cost: 194.613
    lifetime: 24.0509
    annual_cost: 8.091713823599118
    efficiency: 0.924738
    discharge_ratio: 2
    depth_of_discharge: 0.9
  Pb-acid:
    cost: 115.327
    lifetime: 14.1412
    annual_cost: 8.155389924476
    efficiency: 0.737624
    discharge_ratio: 5
    depth_of_discharge: 0.5
  VRBF:
    cost: 175.638
    lifetime: 12.2729
    annual_cost: 14.311043029764766
    efficiency: 0.789362
    discharge_ratio: 0.5
    depth_of_discharge: 1.0
