cost_values:
  wind_capex: 5000.0
  wind_opex: 100
  wind_lifetime: 20
  solar_capex: 1000.0
  solar_opex: 10
  solar_lifetime: 20
  carbon_price: 1.0
timeseries_values:
  load_level: 257162.56340274966
  wind_year: 2017
  solar_year: 2016
  price_year: 2023
  carbon_year: 2023
storage_values:
  CAES:
    cost: 53.2144
    lifetime: 25.2146
    annual_cost: 2.110459812965504
    efficiency: 0.616371
    discharge_ratio: 0.1
    depth_of_discharge: 0.4
  Li-ion:
    cost: 201.446
    lifetime: 25.6056
    annual_cost: 7.867263411128816
    efficiency: 0.923092
    discharge_ratio: 2
    depth_of_discharge: 0.9
  Pb-acid:
    cost: 140.494
    lifetime: 15.3355
    annual_cost: 9.161357634247334
    efficiency: 0.722667
    discharge_ratio: 5
    depth_of_discharge: 0.5
  VRBF:
    cost: 169.467
    lifetime: 13.8283
    annual_cost: 12.255085585357564
    efficiency: 0.780658
    discharge_ratio: 0.5
    depth_of_discharge: 1.0
