cost_values:
  wind_capex: 5000.0
  wind_opex: 100
  wind_lifetime: 20
  solar_capex: 1000.0
  solar_opex: 10
  solar_lifetime: 20
  carbon_price: 1.0
timeseries_values:
  load_level: 257162.56340274966
  wind_year: 2017
  solar_year: 2016
  price_year: 2023
  carbon_year: 2023
storage_values:
  CAES:
    cost: 60.2094
    lifetime: 26.622
    annual_cost: 2.2616407482533245
    efficiency: 0.606257
    discharge_ratio: 0.1
    depth_of_discharge: 0.4
  Li-ion:
    cost: 210.801
    lifetime: 26.595
    annual_cost: 7.92633953750705
    efficiency: 0.931398
    discharge_ratio: 2
    depth_of_discharge: 0.9
  Pb-acid:
    cost: 135.745
    lifetime: 14.5063
    annual_cost: 9.357658396696609
    efficiency: 0.722495
    discharge_ratio: 5
    depth_of_discharge: 0.5
  VRBF:
    cost: 179.387
    lifetime: 13.6358
    annual_cost: 13.15559043107115
    efficiency: 0.760064
    discharge_ratio: 0.5
    depth_of_discharge: 1.0
