cost_values:
  wind_capex: 5000.0
  wind_opex: 100
  wind_lifetime: 20
  solar_capex: 1000.0
  solar_opex: 10
  solar_lifetime: 20
  carbon_price: 1.0
timeseries_values:
  load_level: 257162.56340274966
  wind_year: 2017
  solar_year: 2016
  price_year: 2023
  carbon_year: 2023
storage_values:
  CAES:
    cost: 51.1844
    lifetime: 25.261
    annual_cost: 2.0262222398163177
    efficiency: 0.61118
    discharge_ratio: 0.1
    depth_of_discharge: 0.4
  Li-ion:
    cost: 202.067
    lifetime: 25.618
    annual_cost: 7.887696151143728
    efficiency: 0.910227
    discharge_ratio: 2
    depth_of_discharge: 0.9
  Pb-acid:
    cost: 147.337
    lifetime: 13.8053
    annual_cost: 10.672495345990306
    efficiency: 0.719815
    discharge_ratio: 5
    depth_of_discharge: 0.5
  VRBF:
    cost: 178.103
    lifetime: 13.5137
    annual_cost: 13.179440123726293
    efficiency: 0.799641
    discharge_ratio: 0.5
    depth_of_discharge: 1.0
