cost_values:
  wind_capex: 5000.0
  wind_opex: 100
  wind_lifetime: 20
  solar_capex: 1000.0
  solar_opex: 10
  solar_lifetime: 20
  carbon_price: 1.0
timeseries_values:
  load_level: 257162.56340274966
  wind_year: 2017
  solar_year: 2016
  price_year: 2023
  carbon_year: 2023
storage_values:
  CAES:
    cost: 60.3763
    lifetime: 24.617
    annual_cost: 2.4526262339034
    efficiency: 0.617734
    discharge_ratio: 0.1
    depth_of_discharge: 0.4
  Li-ion:
    cost: 195.196
    lifetime: 26.5889
    annual_cost: 7.341258946402446
    efficiency: 0.910521
    discharge_ratio: 2
    depth_of_discharge: 0.9
  Pb-acid:
    cost: 142.737
    lifetime: 15.2709
    annual_cost: 9.346993300984225
    efficiency: 0.704585
    discharge_ratio: 5
    depth_of_discharge: 0.5
  VRBF:
    cost: 188.91
    lifetime: 11.498
    annual_cost: 16.4298138806749
    efficiency: 0.778583
    discharge_ratio: 0.5
    depth_of_discharge: 1.0
