cost_values:
  wind_capex: 5000.0
  wind_opex: 100
  wind_lifetime: 20
  solar_capex: 1000.0
  solar_opex: 10
  solar_lifetime: 20
  carbon_price: 1.0
timeseries_values:
  load_level: 257162.56340274966
  wind_year: 2017
  solar_year: 2016
  price_year: 2023
  carbon_year: 2023
storage_values:
  CAES:
    cost: 57.4382
    lifetime: 26.0836
    annual_cost: 2.202081001088807
    efficiency: 0.611362
    discharge_ratio: 0.1
    depth_of_discharge: 0.4
  Li-ion:
    cost: 208.294
    lifetime: 23.7023
    annual_cost: 8.78792353484683
    efficiency: 0.90864
    discharge_ratio: 2
    depth_of_discharge: 0.9
  Pb-acid:
    cost: 122.95
    lifetime: 14.7711
    annual_cost: 8.323686116809174
    efficiency: 0.716058
    discharge_ratio: 5
    depth_of_discharge: 0.5
  VRBF:
    cost: 191.173
    lifetime: 12.1153
    annual_cost: 15.779468935973522
    efficiency: 0.801963
    discharge_ratio: 0.5
    depth_of_discharge: 1.0
