cost_values:
  wind_capex: 5000.0
  wind_opex: 100
  wind_lifetime: 20
  solar_capex: 1000.0
  solar_opex: 10
  solar_lifetime: 20
  carbon_price: 1.0
timeseries_values:
  load_level: 257162.56340274966
  wind_year: 2017
  solar_year: 2016
  price_year: 2023
  carbon_year: 2023
storage_values:
  CAES:
    cost: 60.012
    lifetime: 25.7944
    annual_cost: 2.32655149955029
    efficiency: 0.619234
    discharge_ratio: 0.1
    depth_of_discharge: 0.4
  Li-ion:
    cost: 189.929
    lifetime: 23.5205
    annual_cost: 8.075040921749114
    efficiency: 0.930158
    discharge_ratio: 2
    depth_of_discharge: 0.9
  Pb-acid:
    cost: 136.38
    lifetime: 15.0316
    annual_cost: 9.072886452539983
    efficiency: 0.720926
    discharge_ratio: 5
    depth_of_discharge: 0.5
  VRBF:
    cost: 202.47
    lifetime: 13.7102
    annual_cost: 14.76783708479818
    efficiency: 0.775368
    discharge_ratio: 0.5
    depth_of_discharge: 1.0
