cost_values:
  wind_capex: 5000.0
  wind_opex: 100
  wind_lifetime: 20
  solar_capex: 1000.0
  solar_opex: 10
  solar_lifetime: 20
  carbon_price: 1.0
timeseries_values:
  load_level: 257162.56340274966
  wind_year: 2017
  solar_year: 2016
  price_year: 2023
  carbon_year: 2023
storage_values:
  CAES:
    cost: 52.36
    lifetime: 26.3141
    annual_cost: 1.9898077456572711
    efficiency: 0.619835
    discharge_ratio: 0.1
    depth_of_discharge: 0.4
  Li-ion:
    cost: 197.38
    lifetime: 22.6475
    annual_cost: 8.715310740699856
    efficiency: 0.905
    discharge_ratio: 2
    depth_of_discharge: 0.9
  Pb-acid:
    cost: 133.188
    lifetime: 14.9723
    annual_cost: 8.895627258337061
    efficiency: 0.718491
    discharge_ratio: 5
    depth_of_discharge: 0.5
  VRBF:
    cost: 178.553
    lifetime: 10.6832
    annual_cost: 16.713437921222106
    efficiency: 0.789207
    discharge_ratio: 0.5
    depth_of_discharge: 1.0
