cost_values:
  wind_capex: 5000.0
  wind_opex: 100
  wind_lifetime: 20
  solar_capex: 1000.0
  solar_opex: 10
  solar_lifetime: 20
  carbon_price: 1.0
timeseries_values:
  load_level: 257162.56340274966
  wind_year: 2017
  solar_year: 2016
  price_year: 2023
  carbon_year: 2023
storage_values:
  CAES:
    cost: 62.0747
    lifetime: 25.2361
    annual_cost: 2.4597580450228045
    efficiency: 0.61056
    discharge_ratio: 0.1
    depth_of_discharge: 0.4
  Li-ion:
    cost: 206.793
    lifetime: 22.43
    annual_cost: 9.219482835488186
    efficiency: 0.916543
    discharge_ratio: 2
    depth_of_discharge: 0.9
  Pb-acid:
    cost: 118.04
    lifetime: 15.6062
    annual_cost: 7.563660596429624
    efficiency: 0.720391
    discharge_ratio: 5
    depth_of_discharge: 0.5
  VRBF:
    cost: 168.382
    lifetime: 13.0996
    annual_cost: 12.853980274206846
    efficiency: 0.785
    discharge_ratio: 0.5
    depth_of_discharge: 1.0
