cost_values:
  wind_capex: 5000.0
  wind_opex: 100
  wind_lifetime: 20
  solar_capex: 1000.0
  solar_opex: 10
  solar_lifetime: 20
  carbon_price: 1.0
timeseries_values:
  load_level: 257162.56340274966
  wind_year: 2017
  solar_year: 2016
  price_year: 2023
  carbon_year: 2023
storage_values:
  CAES:
    cost: 53.3525
    lifetime: 25.5418
    annual_cost: 2.0888308576529453
    efficiency: 0.621179
    discharge_ratio: 0.1
    depth_of_discharge: 0.4
  Li-ion:
    cost: 225.115
    lifetime: 24.2373
    annual_cost: 9.287956991909164
    efficiency: 0.913667
    discharge_ratio: 2
    depth_of_discharge: 0.9
  Pb-acid:
    cost: 130.961
    lifetime: 15.4194
    annual_cost: 8.493261735216675
    efficiency: 0.721519
    discharge_ratio: 5
    depth_of_discharge: 0.5
  VRBF:
    cost: 193.798
    lifetime: 12.4703
    annual_cost: 15.540764857300948
    efficiency: 0.790948
    discharge_ratio: 0.5
    depth_of_discharge: 1.0
