cost_values:
  wind_capex: 5000.0
  wind_opex: 100
  wind_lifetime: 20
  solar_capex: 1000.0
  solar_opex: 10
  solar_lifetime: 20
  carbon_price: 1.0
timeseries_values:
  load_level: 257162.56340274966
  wind_year: 2017
  solar_year: 2016
  price_year: 2023
  carbon_year: 2023
storage_values:
  CAES:
    cost: 55.3412
    lifetime: 26.3175
    annual_cost: 2.102828916120452
    efficiency: 0.617314
    discharge_ratio: 0.1
    depth_of_discharge: 0.4
  Li-ion:
    cost: 203.735
    lifetime: 25.1739
    annual_cost: 8.093104366029896
    efficiency: 0.924859
    discharge_ratio: 2
    depth_of_discharge: 0.9
  Pb-acid:
    cost: 143.957
    lifetime: 16.15
    annual_cost: 8.91374613003096
    efficiency: 0.728151
    discharge_ratio: 5
    depth_of_discharge: 0.5
  VRBF:
    cost: 185.257
    lifetime: 12.7011
    annual_cost: 14.585902008487453
    efficiency: 0.775285
    discharge_ratio: 0.5
    depth_of_discharge: 1.0
