cost_values:
  wind_capex: 5000.0
  wind_opex: 100
  wind_lifetime: 20
  solar_capex: 1000.0
  solar_opex: 10
  solar_lifetime: 20
  carbon_price: 1.0
timeseries_values:
  load_level: 257162.56340274966
  wind_year: 2017
  solar_year: 2016
  price_year: 2023
  carbon_year: 2023
storage_values:
  CAES:
    cost: 59.9537
    lifetime: 26.8168
    annual_cost: 2.2356768891142864
    efficiency: 0.606929
    discharge_ratio: 0.1
    depth_of_discharge: 0.4
  Li-ion:
    cost: 185.892
    lifetime: 26.053
    annual_cost: 7.135147583771542
    efficiency: 0.930325
    discharge_ratio: 2
    depth_of_discharge: 0.9
  Pb-acid:
    cost: 139.679
    lifetime: 15.2248
    annual_cost: 9.174439073091273
    efficiency: 0.711449
    discharge_ratio: 5
    depth_of_discharge: 0.5
  VRBF:
    cost: 187.082
    lifetime: 11.1535
    annual_cost: 16.773389518985073
    efficiency: 0.772449
    discharge_ratio: 0.5
    depth_of_discharge: 1.0
