cost_values:
  wind_capex: 5000.0
  wind_opex: 100
  wind_lifetime: 20
  solar_capex: 1000.0
  solar_opex: 10
  solar_lifetime: 20
  carbon_price: 1.0
timeseries_values:
  load_level: 257162.56340274966
  wind_year: 2017
  solar_year: 2016
  price_year: 2023
  carbon_year: 2023
storage_values:
  CAES:
    cost: 48.1502
    lifetime: 26.0563
    annual_cost: 1.8479292915724794
    efficiency: 0.614973
    discharge_ratio: 0.1
    depth_of_discharge: 0.4
  Li-ion:
    cost: 205.625
    lifetime: 24.4409
    annual_cost: 8.41315172518197
    efficiency: 0.911435
    discharge_ratio: 2
    depth_of_discharge: 0.9
  Pb-acid:
    cost: 138.263
    lifetime: 15.4358
    annual_cost: 8.957294082587232
    efficiency: 0.726613
    discharge_ratio: 5
    depth_of_discharge: 0.5
  VRBF:
    cost: 185.709
    lifetime: 14.6053
    annual_cost: 12.71517873648607
    efficiency: 0.78954
    discharge_ratio: 0.5
    depth_of_discharge: 1.0
