cost_values:
  wind_capex: 5000.0
  wind_opex: 100
  wind_lifetime: 20
  solar_capex: 1000.0
  solar_opex: 10
  solar_lifetime: 20
  carbon_price: 1.0
timeseries_values:
  load_level: 257162.56340274966
  wind_year: 2017
  solar_year: 2016
  price_year: 2023
  carbon_year: 2023
storage_values:
  CAES:
    cost: 51.1297
    lifetime: 25.9492
    annual_cost: 1.9703767360843494
    efficiency: 0.612606
    discharge_ratio: 0.1
    depth_of_discharge: 0.4
  Li-ion:
    cost: 215.153
    lifetime: 24.5304
    annual_cost: 8.770872060789877
    efficiency: 0.901356
    discharge_ratio: 2
    depth_of_discharge: 0.9
  Pb-acid:
    cost: 113.654
    lifetime: 15.192
    annual_cost: 7.48117430226435
    efficiency: 0.723084
    discharge_ratio: 5
    depth_of_discharge: 0.5
  VRBF:
    cost: 164.247
    lifetime: 13.3801
    annual_cost: 12.275468793207825
    efficiency: 0.782284
    discharge_ratio: 0.5
    depth_of_discharge: 1.0
