cost_values:
  wind_capex: 5000.0
  wind_opex: 100
  wind_lifetime: 20
  solar_capex: 1000.0
  solar_opex: 10
  solar_lifetime: 20
  carbon_price: 1.0
timeseries_values:
  load_level: 257162.56340274966
  wind_year: 2017
  solar_year: 2016
  price_year: 2023
  carbon_year: 2023
storage_values:
  CAES:
    cost: 58.6036
    lifetime: 26.144
    annual_cost: 2.2415697674418604
    efficiency: 0.617448
    discharge_ratio: 0.1
    depth_of_discharge: 0.4
  Li-ion:
    cost: 206.741
    lifetime: 26.5752
    annual_cost: 7.779471085824379
    efficiency: 0.920918
    discharge_ratio: 2
    depth_of_discharge: 0.9
  Pb-acid:
    cost: 142.841
    lifetime: 15.5904
    annual_cost: 9.162112582101807
    efficiency: 0.724008
    discharge_ratio: 5
    depth_of_discharge: 0.5
  VRBF:
    cost: 203.29
    lifetime: 14.2258
    annual_cost: 14.290233238201015
    efficiency: 0.775435
    discharge_ratio: 0.5
    depth_of_discharge: 1.0
