cost_values:
  wind_capex: 5000.0
  wind_opex: 100
  wind_lifetime: 20
  solar_capex: 1000.0
  solar_opex: 10
  solar_lifetime: 20
  carbon_price: 1.0
timeseries_values:
  load_level: 257162.56340274966
  wind_year: 2017
  solar_year: 2016
  price_year: 2023
  carbon_year: 2023
storage_values:
  CAES:
    cost: 59.3217
    lifetime: 26.0023
    annual_cost: 2.281402029820439
    efficiency: 0.609926
    discharge_ratio: 0.1
    depth_of_discharge: 0.4
  Li-ion:
    cost: 215.247
    lifetime: 26.065
    annual_cost: 8.258085555342413
    efficiency: 0.911895
    discharge_ratio: 2
    depth_of_discharge: 0.9
  Pb-acid:
    cost: 135.22
    lifetime: 15.0453
    annual_cost: 8.987524343150353
    efficiency: 0.720517
    discharge_ratio: 5
    depth_of_discharge: 0.5
  VRBF:
    cost: 165.888
    lifetime: 14.6846
    annual_cost: 11.296732631464256
    efficiency: 0.775523
    discharge_ratio: 0.5
    depth_of_discharge: 1.0
