cost_values:
  wind_capex: 5000.0
  wind_opex: 100
  wind_lifetime: 20
  solar_capex: 1000.0
  solar_opex: 10
  solar_lifetime: 20
  carbon_price: 1.0
timeseries_values:
  load_level: 257162.56340274966
  wind_year: 2017
  solar_year: 2016
  price_year: 2023
  carbon_year: 2023
storage_values:
  CAES:
    cost: 58.5267
    lifetime: 25.5314
    annual_cost: 2.2923419788965744
    efficiency: 0.612317
    discharge_ratio: 0.1
    depth_of_discharge: 0.4
  Li-ion:
    cost: 204.54
    lifetime: 24.6071
    annual_cost: 8.31223508662134
    efficiency: 0.914229
    discharge_ratio: 2
    depth_of_discharge: 0.9
  Pb-acid:
    cost: 125.387
    lifetime: 16.6633
    annual_cost: 7.524739997479491
    efficiency: 0.714231
    discharge_ratio: 5
    depth_of_discharge: 0.5
  VRBF:
    cost: 167.456
    lifetime: 15.1188
    annual_cost: 11.076011323650023
    efficiency: 0.786603
    discharge_ratio: 0.5
    depth_of_discharge: 1.0
