cost_values:
  wind_capex: 5000.0
  wind_opex: 100
  wind_lifetime: 20
  solar_capex: 1000.0
  solar_opex: 10
  solar_lifetime: 20
  carbon_price: 1.0
timeseries_values:
  load_level: 257162.56340274966
  wind_year: 2017
  solar_year: 2016
  price_year: 2023
  carbon_year: 2023
storage_values:
  CAES:
    cost: 58.9388
    lifetime: 25.9897
    annual_cost: 2.267775310988584
    efficiency: 0.606938
    discharge_ratio: 0.1
    depth_of_discharge: 0.4
  Li-ion:
    cost: 200.843
    lifetime: 27.1482
    annual_cost: 7.398022705004383
    efficiency: 0.914936
    discharge_ratio: 2
    depth_of_discharge: 0.9
  Pb-acid:
    cost: 144.163
    lifetime: 15.2595
    annual_cost: 9.447426193518792
    efficiency: 0.719392
    discharge_ratio: 5
    depth_of_discharge: 0.5
  VRBF:
    cost: 205.342
    lifetime: 12.7102
    annual_cost: 16.1556859844849
    efficiency: 0.777995
    discharge_ratio: 0.5
    depth_of_discharge: 1.0
