cost_values:
  wind_capex: 5000.0
  wind_opex: 100
  wind_lifetime: 20
  solar_capex: 1000.0
  solar_opex: 10
  solar_lifetime: 20
  carbon_price: 1.0
timeseries_values:
  load_level: 257162.56340274966
  wind_year: 2017
  solar_year: 2016
  price_year: 2023
  carbon_year: 2023
storage_values:
  CAES:
    cost: 47.6945
    lifetime: 26.1702
    annual_cost: 1.8224736532391803
    efficiency: 0.619058
    discharge_ratio: 0.1
    depth_of_discharge: 0.4
  Li-ion:
    cost: 206.945
    lifetime: 23.0516
    annual_cost: 8.977467941487792
    efficiency: 0.915392
    discharge_ratio: 2
    depth_of_discharge: 0.9
  Pb-acid:
    cost: 158.048
    lifetime: 15.1052
    annual_cost: 10.463151762307021
    efficiency: 0.71392
    discharge_ratio: 5
    depth_of_discharge: 0.5
  VRBF:
    cost: 183.881
    lifetime: 12.5431
    annual_cost: 14.659932552558777
    efficiency: 0.791785
    discharge_ratio: 0.5
    depth_of_discharge: 1.0
