cost_values:
  wind_capex: 5000.0
  wind_opex: 100
  wind_lifetime: 20
  solar_capex: 1000.0
  solar_opex: 10
  solar_lifetime: 20
  carbon_price: 1.0
timeseries_values:
  load_level: 257162.56340274966
  wind_year: 2017
  solar_year: 2016
  price_year: 2023
  carbon_year: 2023
storage_values:
  CAES:
    cost: 58.1861
    lifetime: 25.6833
    annual_cost: 2.265522732670646
    efficiency: 0.611199
    discharge_ratio: 0.1
    depth_of_discharge: 0.4
  Li-ion:
    cost: 186.71
    lifetime: 24.4421
    annual_cost: 7.638869000617787
    efficiency: 0.90804
    discharge_ratio: 2
    depth_of_discharge: 0.9
  Pb-acid:
    cost: 159.687
    lifetime: 15.4306
    annual_cost: 10.34872266794551
    efficiency: 0.715806
    discharge_ratio: 5
    depth_of_discharge: 0.5
  VRBF:
    cost: 200.182
    lifetime: 11.6639
    annual_cost: 17.162527113572647
    efficiency: 0.770811
    discharge_ratio: 0.5
    depth_of_discharge: 1.0
