cost_values:
  wind_capex: 5000.0
  wind_opex: 100
  wind_lifetime: 20
  solar_capex: 1000.0
  solar_opex: 10
  solar_lifetime: 20
  carbon_price: 1.0
timeseries_values:
  load_level: 257162.56340274966
  wind_year: 2017
  solar_year: 2016
  price_year: 2023
  carbon_year: 2023
storage_values:
  CAES:
    cost: 58.5845
    lifetime: 25.8577
    annual_cost: 2.2656500771530337
    efficiency: 0.620489
    discharge_ratio: 0.1
    depth_of_discharge: 0.4
  Li-ion:
    cost: 176.766
    lifetime: 24.3719
    annual_cost: 7.2528608766653395
    efficiency: 0.909705
    discharge_ratio: 2
    depth_of_discharge: 0.9
  Pb-acid:
    cost: 145.352
    lifetime: 15.0443
    annual_cost: 9.661599409743225
    efficiency: 0.721799
    discharge_ratio: 5
    depth_of_discharge: 0.5
  VRBF:
    cost: 171.671
    lifetime: 12.9052
    annual_cost: 13.302467222514954
    efficiency: 0.773654
    discharge_ratio: 0.5
    depth_of_discharge: 1.0
