cost_values:
  wind_capex: 5000.0
  wind_opex: 100
  wind_lifetime: 20
  solar_capex: 1000.0
  solar_opex: 10
  solar_lifetime: 20
  carbon_price: 1.0
timeseries_values:
  load_level: 257162.56340274966
  wind_year: 2017
  solar_year: 2016
  price_year: 2023
  carbon_year: 2023
storage_values:
  CAES:
    cost: 61.6082
    lifetime: 25.6208
    annual_cost: 2.4046165615437456
    efficiency: 0.610936
    discharge_ratio: 0.1
    depth_of_discharge: 0.4
  Li-ion:
    cost: 184.005
    lifetime: 25.3838
    annual_cost: 7.248914662107328
    efficiency: 0.91668
    discharge_ratio: 2
    depth_of_discharge: 0.9
  Pb-acid:
    cost: 138.227
    lifetime: 15.072
    annual_cost: 9.171111995753716
    efficiency: 0.722373
    discharge_ratio: 5
    depth_of_discharge: 0.5
  VRBF:
    cost: 184.226
    lifetime: 10.6609
    annual_cost: 17.28052978641578
    efficiency: 0.793774
    discharge_ratio: 0.5
    depth_of_discharge: 1.0
