cost_values:
  wind_capex: 5000.0
  wind_opex: 100
  wind_lifetime: 20
  solar_capex: 1000.0
  solar_opex: 10
  solar_lifetime: 20
  carbon_price: 1.0
timeseries_values:
  load_level: 257162.56340274966
  wind_year: 2017
  solar_year: 2016
  price_year: 2023
  carbon_year: 2023
storage_values:
  CAES:
    cost: 60.138
    lifetime: 26.2986
    annual_cost: 2.286737697063722
    efficiency: 0.610015
    discharge_ratio: 0.1
    depth_of_discharge: 0.4
  Li-ion:
    cost: 213.158
    lifetime: 25.2571
    annual_cost: 8.439527895126519
    efficiency: 0.907997
    discharge_ratio: 2
    depth_of_discharge: 0.9
  Pb-acid:
    cost: 138.809
    lifetime: 16.0335
    annual_cost: 8.657435993388843
    efficiency: 0.704056
    discharge_ratio: 5
    depth_of_discharge: 0.5
  VRBF:
    cost: 185.559
    lifetime: 12.7992
    annual_cost: 14.497702981436339
    efficiency: 0.795791
    discharge_ratio: 0.5
    depth_of_discharge: 1.0
