cost_values:
  wind_capex: 5000.0
  wind_opex: 100
  wind_lifetime: 20
  solar_capex: 1000.0
  solar_opex: 10
  solar_lifetime: 20
  carbon_price: 1.0
timeseries_values:
  load_level: 257162.56340274966
  wind_year: 2017
  solar_year: 2016
  price_year: 2023
  carbon_year: 2023
storage_values:
  CAES:
    cost: 53.3097
    lifetime: 26.0365
    annual_cost: 2.0474987037428227
    efficiency: 0.605499
    discharge_ratio: 0.1
    depth_of_discharge: 0.4
  Li-ion:
    cost: 200.17
    lifetime: 23.0512
    annual_cost: 8.683712778510445
    efficiency: 0.923012
    discharge_ratio: 2
    depth_of_discharge: 0.9
  Pb-acid:
    cost: 142.426
    lifetime: 15.0075
    annual_cost: 9.490321505913709
    efficiency: 0.731061
    discharge_ratio: 5
    depth_of_discharge: 0.5
  VRBF:
    cost: 173.268
    lifetime: 12.5912
    annual_cost: 13.761039456128088
    efficiency: 0.792164
    discharge_ratio: 0.5
    depth_of_discharge: 1.0
