cost_values:
  wind_capex: 5000.0
  wind_opex: 100
  wind_lifetime: 20
  solar_capex: 1000.0
  solar_opex: 10
  solar_lifetime: 20
  carbon_price: 1.0
timeseries_values:
  load_level: 257162.56340274966
  wind_year: 2017
  solar_year: 2016
  price_year: 2023
  carbon_year: 2023
storage_values:
  CAES:
    cost: 55.7628
    lifetime: 26.3616
    annual_cost: 2.115304078659869
    efficiency: 0.620139
    discharge_ratio: 0.1
    depth_of_discharge: 0.4
  Li-ion:
    cost: 203.517
    lifetime: 25.0579
    annual_cost: 8.121869749659787
    efficiency: 0.914316
    discharge_ratio: 2
    depth_of_discharge: 0.9
  Pb-acid:
    cost: 137.666
    lifetime: 14.8553
    annual_cost: 9.267130249809831
    efficiency: 0.713264
    discharge_ratio: 5
    depth_of_discharge: 0.5
  VRBF:
    cost: 187.774
    lifetime: 13.9016
    annual_cost: 13.507366058583184
    efficiency: 0.794607
    discharge_ratio: 0.5
    depth_of_discharge: 1.0
