cost_values:
  wind_capex: 5000.0
  wind_opex: 100
  wind_lifetime: 20
  solar_capex: 1000.0
  solar_opex: 10
  solar_lifetime: 20
  carbon_price: 1.0
timeseries_values:
  load_level: 257162.56340274966
  wind_year: 2017
  solar_year: 2016
  price_year: 2023
  carbon_year: 2023
storage_values:
  CAES:
    cost: 57.6665
    lifetime: 26.8409
    annual_cost: 2.1484562738209223
    efficiency: 0.610362
    discharge_ratio: 0.1
    depth_of_discharge: 0.4
  Li-ion:
    cost: 203.311
    lifetime: 25.6508
    annual_cost: 7.926107567795157
    efficiency: 0.916538
    discharge_ratio: 2
    depth_of_discharge: 0.9
  Pb-acid:
    cost: 147.68
    lifetime: 15.1337
    annual_cost: 9.758353872483267
    efficiency: 0.720607
    discharge_ratio: 5
    depth_of_discharge: 0.5
  VRBF:
    cost: 178.133
    lifetime: 13.1202
    annual_cost: 13.577003399338425
    efficiency: 0.793883
    discharge_ratio: 0.5
    depth_of_discharge: 1.0
