cost_values:
  wind_capex: 5000.0
  wind_opex: 100
  wind_lifetime: 20
  solar_capex: 1000.0
  solar_opex: 10
  solar_lifetime: 20
  carbon_price: 1.0
timeseries_values:
  load_level: 257162.56340274966
  wind_year: 2017
  solar_year: 2016
  price_year: 2023
  carbon_year: 2023
storage_values:
  CAES:
    cost: 57.5676
    lifetime: 26.5987
    annual_cost: 2.1643012628436726
    efficiency: 0.618318
    discharge_ratio: 0.1
    depth_of_discharge: 0.4
  Li-ion:
    cost: 190.269
    lifetime: 26.2981
    annual_cost: 7.235085424422296
    efficiency: 0.920393
    discharge_ratio: 2
    depth_of_discharge: 0.9
  Pb-acid:
    cost: 135.237
    lifetime: 15.5643
    annual_cost: 8.688922727009889
    efficiency: 0.698089
    discharge_ratio: 5
    depth_of_discharge: 0.5
  VRBF:
    cost: 183.667
    lifetime: 13.7421
    annual_cost: 13.365278960275358
    efficiency: 0.774926
    discharge_ratio: 0.5
    depth_of_discharge: 1.0
