cost_values:
  wind_capex: 5000.0
  wind_opex: 100
  wind_lifetime: 20
  solar_capex: 1000.0
  solar_opex: 10
  solar_lifetime: 20
  carbon_price: 1.0
timeseries_values:
  load_level: 257162.56340274966
  wind_year: 2017
  solar_year: 2016
  price_year: 2023
  carbon_year: 2023
storage_values:
  CAES:
    cost: 57.5665
    lifetime: 25.6457
    annual_cost: 2.2446842940531937
    efficiency: 0.615927
    discharge_ratio: 0.1
    depth_of_discharge: 0.4
  Li-ion:
    cost: 231.019
    lifetime: 25.2668
    annual_cost: 9.143183940981842
    efficiency: 0.89869
    discharge_ratio: 2
    depth_of_discharge: 0.9
  Pb-acid:
    cost: 140.684
    lifetime: 15.2301
    annual_cost: 9.237234161299007
    efficiency: 0.705094
    discharge_ratio: 5
    depth_of_discharge: 0.5
  VRBF:
    cost: 186.458
    lifetime: 12.5758
    annual_cost: 14.826730705004852
    efficiency: 0.780631
    discharge_ratio: 0.5
    depth_of_discharge: 1.0
