cost_values:
  wind_capex: 5000.0
  wind_opex: 100
  wind_lifetime: 20
  solar_capex: 1000.0
  solar_opex: 10
  solar_lifetime: 20
  carbon_price: 1.0
timeseries_values:
  load_level: 257162.56340274966
  wind_year: 2017
  solar_year: 2016
  price_year: 2023
  carbon_year: 2023
storage_values:
  CAES:
    cost: 56.8172
    lifetime: 25.7642
    annual_cost: 2.205277089915464
    efficiency: 0.616284
    discharge_ratio: 0.1
    depth_of_discharge: 0.4
  Li-ion:
    cost: 197.399
    lifetime: 23.8517
    annual_cost: 8.27609772049791
    efficiency: 0.912037
    discharge_ratio: 2
    depth_of_discharge: 0.9
  Pb-acid:
    cost: 143.325
    lifetime: 16.3484
    annual_cost: 8.76691297007658
    efficiency: 0.731874
    discharge_ratio: 5
    depth_of_discharge: 0.5
  VRBF:
    cost: 183.721
    lifetime: 13.0744
    annual_cost: 14.051964143670073
    efficiency: 0.767465
    discharge_ratio: 0.5
    depth_of_discharge: 1.0
