cost_values:
  wind_capex: 5000.0
  wind_opex: 100
  wind_lifetime: 20
  solar_capex: 1000.0
  solar_opex: 10
  solar_lifetime: 20
  carbon_price: 1.0
timeseries_values:
  load_level: 257162.56340274966
  wind_year: 2017
  solar_year: 2016
  price_year: 2023
  carbon_year: 2023
storage_values:
  CAES:
    cost: 57.7639
    lifetime: 25.6093
    annual_cost: 2.255582932762707
    efficiency: 0.607589
    discharge_ratio: 0.1
    depth_of_discharge: 0.4
  Li-ion:
    cost: 197.707
    lifetime: 25.4212
    annual_cost: 7.777248910358284
    efficiency: 0.901538
    discharge_ratio: 2
    depth_of_discharge: 0.9
  Pb-acid:
    cost: 135.086
    lifetime: 16.1752
    annual_cost: 8.351426875710965
    efficiency: 0.713152
    discharge_ratio: 5
    depth_of_discharge: 0.5
  VRBF:
    cost: 143.917
    lifetime: 11.9613
    annual_cost: 12.031886166219392
    efficiency: 0.778669
    discharge_ratio: 0.5
    depth_of_discharge: 1.0
