cost_values:
  wind_capex: 5000.0
  wind_opex: 100
  wind_lifetime: 20
  solar_capex: 1000.0
  solar_opex: 10
  solar_lifetime: 20
  carbon_price: 1.0
timeseries_values:
  load_level: 257162.56340274966
  wind_year: 2017
  solar_year: 2016
  price_year: 2023
  carbon_year: 2023
storage_values:
  CAES:
    cost: 55.1779
    lifetime: 25.9109
    annual_cost: 2.1295246402093326
    efficiency: 0.604908
    discharge_ratio: 0.1
    depth_of_discharge: 0.4
  Li-ion:
    cost: 194.755
    lifetime: 23.3171
    annual_cost: 8.352453778557368
    efficiency: 0.915683
    discharge_ratio: 2
    depth_of_discharge: 0.9
  Pb-acid:
    cost: 131.191
    lifetime: 15.985
    annual_cost: 8.207131685955584
    efficiency: 0.71844
    discharge_ratio: 5
    depth_of_discharge: 0.5
  VRBF:
    cost: 186.274
    lifetime: 11.1176
    annual_cost: 16.7548751529107
    efficiency: 0.796741
    discharge_ratio: 0.5
    depth_of_discharge: 1.0
