cost_values:
  wind_capex: 5000.0
  wind_opex: 100
  wind_lifetime: 20
  solar_capex: 1000.0
  solar_opex: 10
  solar_lifetime: 20
  carbon_price: 1.0
timeseries_values:
  load_level: 257162.56340274966
  wind_year: 2017
  solar_year: 2016
  price_year: 2023
  carbon_year: 2023
storage_values:
  CAES:
    cost: 60.1096
    lifetime: 25.747
    annual_cost: 2.334625393249699
    efficiency: 0.611841
    discharge_ratio: 0.1
    depth_of_discharge: 0.4
  Li-ion:
    cost: 216.796
    lifetime: 24.0666
    annual_cost: 9.008168997698053
    efficiency: 0.915159
    discharge_ratio: 2
    depth_of_discharge: 0.9
  Pb-acid:
    cost: 148.385
    lifetime: 17.1011
    annual_cost: 8.676927215208378
    efficiency: 0.712413
    discharge_ratio: 5
    depth_of_discharge: 0.5
  VRBF:
    cost: 181.083
    lifetime: 14.3514
    annual_cost: 12.61779338601112
    efficiency: 0.781515
    discharge_ratio: 0.5
    depth_of_discharge: 1.0
