cost_values:
  wind_capex: 5000.0
  wind_opex: 100
  wind_lifetime: 20
  solar_capex: 1000.0
  solar_opex: 10
  solar_lifetime: 20
  carbon_price: 1.0
timeseries_values:
  load_level: 257162.56340274966
  wind_year: 2017
  solar_year: 2016
  price_year: 2023
  carbon_year: 2023
storage_values:
  CAES:
    cost: 60.3537
    lifetime: 26.7543
    annual_cost: 2.2558504614211548
    efficiency: 0.617384
    discharge_ratio: 0.1
    depth_of_discharge: 0.4
  Li-ion:
    cost: 217.477
    lifetime: 22.8783
    annual_cost: 9.505819925431522
    efficiency: 0.91364
    discharge_ratio: 2
    depth_of_discharge: 0.9
  Pb-acid:
    cost: 154.901
    lifetime: 16.0057
    annual_cost: 9.677864760679007
    efficiency: 0.690286
    discharge_ratio: 5
    depth_of_discharge: 0.5
  VRBF:
    cost: 204.372
    lifetime: 13.4023
    annual_cost: 15.24902442118144
    efficiency: 0.797148
    discharge_ratio: 0.5
    depth_of_discharge: 1.0
