cost_values:
  wind_capex: 5000.0
  wind_opex: 100
  wind_lifetime: 20
  solar_capex: 1000.0
  solar_opex: 10
  solar_lifetime: 20
  carbon_price: 1.0
timeseries_values:
  load_level: 257162.56340274966
  wind_year: 2017
  solar_year: 2016
  price_year: 2023
  carbon_year: 2023
storage_values:
  CAES:
    cost: 52.8252
    lifetime: 25.4131
    annual_cost: 2.0786602185487015
    efficiency: 0.607965
    discharge_ratio: 0.1
    depth_of_discharge: 0.4
  Li-ion:
    cost: 199.63
    lifetime: 23.2455
    annual_cost: 8.587898733088124
    efficiency: 0.919557
    discharge_ratio: 2
    depth_of_discharge: 0.9
  Pb-acid:
    cost: 132.426
    lifetime: 15.6603
    annual_cost: 8.456159843681155
    efficiency: 0.706947
    discharge_ratio: 5
    depth_of_discharge: 0.5
  VRBF:
    cost: 205.217
    lifetime: 12.0121
    annual_cost: 17.084190108307457
    efficiency: 0.769095
    discharge_ratio: 0.5
    depth_of_discharge: 1.0
