cost_values:
  wind_capex: 5000.0
  wind_opex: 100
  wind_lifetime: 20
  solar_capex: 1000.0
  solar_opex: 10
  solar_lifetime: 20
  carbon_price: 1.0
timeseries_values:
  load_level: 257162.56340274966
  wind_year: 2017
  solar_year: 2016
  price_year: 2023
  carbon_year: 2023
storage_values:
  CAES:
    cost: 53.362
    lifetime: 26.019
    annual_cost: 2.050885891079596
    efficiency: 0.617703
    discharge_ratio: 0.1
    depth_of_discharge: 0.4
  Li-ion:
    cost: 200.329
    lifetime: 24.127
    annual_cost: 8.303104405852364
    efficiency: 0.909307
    discharge_ratio: 2
    depth_of_discharge: 0.9
  Pb-acid:
    cost: 144.427
    lifetime: 16.2903
    annual_cost: 8.865828130850876
    efficiency: 0.717225
    discharge_ratio: 5
    depth_of_discharge: 0.5
  VRBF:
    cost: 186.559
    lifetime: 15.882
    annual_cost: 11.74656844226168
    efficiency: 0.80079
    discharge_ratio: 0.5
    depth_of_discharge: 1.0
