cost_values:
  wind_capex: 5000.0
  wind_opex: 100
  wind_lifetime: 20
  solar_capex: 1000.0
  solar_opex: 10
  solar_lifetime: 20
  carbon_price: 1.0
timeseries_values:
  load_level: 257162.56340274966
  wind_year: 2017
  solar_year: 2016
  price_year: 2023
  carbon_year: 2023
storage_values:
  CAES:
    cost: 59.4514
    lifetime: 26.1
    annual_cost: 2.277831417624521
    efficiency: 0.617432
    discharge_ratio: 0.1
    depth_of_discharge: 0.4
  Li-ion:
    cost: 198.46
    lifetime: 25.9647
    annual_cost: 7.643454382295963
    efficiency: 0.907627
    discharge_ratio: 2
    depth_of_discharge: 0.9
  Pb-acid:
    cost: 140.021
    lifetime: 15.0171
    annual_cost: 9.324103854938702
    efficiency: 0.710523
    discharge_ratio: 5
    depth_of_discharge: 0.5
  VRBF:
    cost: 199.192
    lifetime: 14.105
    annual_cost: 14.122084367245657
    efficiency: 0.775824
    discharge_ratio: 0.5
    depth_of_discharge: 1.0
