cost_values:
  wind_capex: 5000.0
  wind_opex: 100
  wind_lifetime: 20
  solar_capex: 1000.0
  solar_opex: 10
  solar_lifetime: 20
  carbon_price: 1.0
timeseries_values:
  load_level: 257162.56340274966
  wind_year: 2017
  solar_year: 2016
  price_year: 2023
  carbon_year: 2023
storage_values:
  CAES:
    cost: 63.3902
    lifetime: 25.9594
    annual_cost: 2.4418977326132345
    efficiency: 0.616804
    discharge_ratio: 0.1
    depth_of_discharge: 0.4
  Li-ion:
    cost: 206.011
    lifetime: 24.0994
    annual_cost: 8.548387096774194
    efficiency: 0.910383
    discharge_ratio: 2
    depth_of_discharge: 0.9
  Pb-acid:
    cost: 135.726
    lifetime: 14.9694
    annual_cost: 9.066896468796344
    efficiency: 0.720406
    discharge_ratio: 5
    depth_of_discharge: 0.5
  VRBF:
    cost: 168.8
    lifetime: 12.7175
    annual_cost: 13.27304894829959
    efficiency: 0.775357
    discharge_ratio: 0.5
    depth_of_discharge: 1.0
