cost_values:
  wind_capex: 5000.0
  wind_opex: 100
  wind_lifetime: 20
  solar_capex: 1000.0
  solar_opex: 10
  solar_lifetime: 20
  carbon_price: 1.0
timeseries_values:
  load_level: 257162.56340274966
  wind_year: 2017
  solar_year: 2016
  price_year: 2023
  carbon_year: 2023
storage_values:
  CAES:
    cost: 52.673
    lifetime: 25.4594
    annual_cost: 2.068901859431094
    efficiency: 0.609377
    discharge_ratio: 0.1
    depth_of_discharge: 0.4
  Li-ion:
    cost: 187.132
    lifetime: 27.1244
    annual_cost: 6.899028181268526
    efficiency: 0.919925
    discharge_ratio: 2
    depth_of_discharge: 0.9
  Pb-acid:
    cost: 116.558
    lifetime: 15.5726
    annual_cost: 7.484813069108563
    efficiency: 0.712673
    discharge_ratio: 5
    depth_of_discharge: 0.5
  VRBF:
    cost: 149.867
    lifetime: 11.9854
    annual_cost: 12.504130024863583
    efficiency: 0.783911
    discharge_ratio: 0.5
    depth_of_discharge: 1.0
