cost_values:
  wind_capex: 5000.0
  wind_opex: 100
  wind_lifetime: 20
  solar_capex: 1000.0
  solar_opex: 10
  solar_lifetime: 20
  carbon_price: 1.0
timeseries_values:
  load_level: 257162.56340274966
  wind_year: 2017
  solar_year: 2016
  price_year: 2023
  carbon_year: 2023
storage_values:
  CAES:
    cost: 60.0645
    lifetime: 26.1118
    annual_cost: 2.30028186490399
    efficiency: 0.618147
    discharge_ratio: 0.1
    depth_of_discharge: 0.4
  Li-ion:
    cost: 200.937
    lifetime: 24.6941
    annual_cost: 8.137044881165947
    efficiency: 0.911121
    discharge_ratio: 2
    depth_of_discharge: 0.9
  Pb-acid:
    cost: 100.405
    lifetime: 15.7093
    annual_cost: 6.391436919531742
    efficiency: 0.718345
    discharge_ratio: 5
    depth_of_discharge: 0.5
  VRBF:
    cost: 164.712
    lifetime: 11.4855
    annual_cost: 14.340864568368811
    efficiency: 0.806584
    discharge_ratio: 0.5
    depth_of_discharge: 1.0
