cost_values:
  wind_capex: 5000.0
  wind_opex: 100
  wind_lifetime: 20
  solar_capex: 1000.0
  solar_opex: 10
  solar_lifetime: 20
  carbon_price: 1.0
timeseries_values:
  load_level: 257162.56340274966
  wind_year: 2017
  solar_year: 2016
  price_year: 2023
  carbon_year: 2023
storage_values:
  CAES:
    cost: 61.9719
    lifetime: 26.2326
    annual_cost: 2.3624002195741176
    efficiency: 0.609701
    discharge_ratio: 0.1
    depth_of_discharge: 0.4
  Li-ion:
    cost: 209.553
    lifetime: 25.5138
    annual_cost: 8.213319850433884
    efficiency: 0.912643
    discharge_ratio: 2
    depth_of_discharge: 0.9
  Pb-acid:
    cost: 136.197
    lifetime: 15.9117
    annual_cost: 8.5595505194291
    efficiency: 0.726537
    discharge_ratio: 5
    depth_of_discharge: 0.5
  VRBF:
    cost: 171.052
    lifetime: 13.6689
    annual_cost: 12.513955036615966
    efficiency: 0.79789
    discharge_ratio: 0.5
    depth_of_discharge: 1.0
