cost_values:
  wind_capex: 5000.0
  wind_opex: 100
  wind_lifetime: 20
  solar_capex: 1000.0
  solar_opex: 10
  solar_lifetime: 20
  carbon_price: 1.0
timeseries_values:
  load_level: 257162.56340274966
  wind_year: 2017
  solar_year: 2016
  price_year: 2023
  carbon_year: 2023
storage_values:
  CAES:
    cost: 54.3058
    lifetime: 26.5097
    annual_cost: 2.04852563401321
    efficiency: 0.616888
    discharge_ratio: 0.1
    depth_of_discharge: 0.4
  Li-ion:
    cost: 192.614
    lifetime: 25.7265
    annual_cost: 7.486988125085029
    efficiency: 0.911345
    discharge_ratio: 2
    depth_of_discharge: 0.9
  Pb-acid:
    cost: 139.583
    lifetime: 13.8806
    annual_cost: 10.055977407316687
    efficiency: 0.722301
    discharge_ratio: 5
    depth_of_discharge: 0.5
  VRBF:
    cost: 146.378
    lifetime: 11.893
    annual_cost: 12.307912217270662
    efficiency: 0.781229
    discharge_ratio: 0.5
    depth_of_discharge: 1.0
