cost_values:
  wind_capex: 5000.0
  wind_opex: 100
  wind_lifetime: 20
  solar_capex: 1000.0
  solar_opex: 10
  solar_lifetime: 20
  carbon_price: 1.0
timeseries_values:
  load_level: 257162.56340274966
  wind_year: 2017
  solar_year: 2016
  price_year: 2023
  carbon_year: 2023
storage_values:
  CAES:
    cost: 58.5442
    lifetime: 25.4927
    annual_cost: 2.2965084122121233
    efficiency: 0.616859
    discharge_ratio: 0.1
    depth_of_discharge: 0.4
  Li-ion:
    cost: 206.139
    lifetime: 24.0815
    annual_cost: 8.560056474887363
    efficiency: 0.900885
    discharge_ratio: 2
    depth_of_discharge: 0.9
  Pb-acid:
    cost: 138.166
    lifetime: 17.3397
    annual_cost: 7.968188607646037
    efficiency: 0.713017
    discharge_ratio: 5
    depth_of_discharge: 0.5
  VRBF:
    cost: 176.388
    lifetime: 14.7661
    annual_cost: 11.94546969071048
    efficiency: 0.76679
    discharge_ratio: 0.5
    depth_of_discharge: 1.0
