cost_values:
  wind_capex: 5000.0
  wind_opex: 100
  wind_lifetime: 20
  solar_capex: 1000.0
  solar_opex: 10
  solar_lifetime: 20
  carbon_price: 1.0
timeseries_values:
  load_level: 257162.56340274966
  wind_year: 2017
  solar_year: 2016
  price_year: 2023
  carbon_year: 2023
storage_values:
  CAES:
    cost: 60.3278
    lifetime: 26.2602
    annual_cost: 2.2973092360301903
    efficiency: 0.615738
    discharge_ratio: 0.1
    depth_of_discharge: 0.4
  Li-ion:
    cost: 184.252
    lifetime: 24.1848
    annual_cost: 7.618504184446429
    efficiency: 0.909127
    discharge_ratio: 2
    depth_of_discharge: 0.9
  Pb-acid:
    cost: 125.579
    lifetime: 16.0566
    annual_cost: 7.821020639487812
    efficiency: 0.724519
    discharge_ratio: 5
    depth_of_discharge: 0.5
  VRBF:
    cost: 197.836
    lifetime: 12.085
    annual_cost: 16.37037649979313
    efficiency: 0.800932
    discharge_ratio: 0.5
    depth_of_discharge: 1.0
