cost_values:
  wind_capex: 5000.0
  wind_opex: 100
  wind_lifetime: 20
  solar_capex: 1000.0
  solar_opex: 10
  solar_lifetime: 20
  carbon_price: 1.0
timeseries_values:
  load_level: 257162.56340274966
  wind_year: 2017
  solar_year: 2016
  price_year: 2023
  carbon_year: 2023
storage_values:
  CAES:
    cost: 52.0941
    lifetime: 25.076
    annual_cost: 2.0774485563885787
    efficiency: 0.611066
    discharge_ratio: 0.1
    depth_of_discharge: 0.4
  Li-ion:
    cost: 203.894
    lifetime: 26.5455
    annual_cost: 7.680925203895199
    efficiency: 0.91506
    discharge_ratio: 2
    depth_of_discharge: 0.9
  Pb-acid:
    cost: 149.127
    lifetime: 15.1911
    annual_cost: 9.816734798665008
    efficiency: 0.718031
    discharge_ratio: 5
    depth_of_discharge: 0.5
  VRBF:
    cost: 182.639
    lifetime: 12.087
    annual_cost: 15.110366509472989
    efficiency: 0.776705
    discharge_ratio: 0.5
    depth_of_discharge: 1.0
