cost_values:
  wind_capex: 5000.0
  wind_opex: 100
  wind_lifetime: 20
  solar_capex: 1000.0
  solar_opex: 10
  solar_lifetime: 20
  carbon_price: 1.0
timeseries_values:
  load_level: 257162.56340274966
  wind_year: 2017
  solar_year: 2016
  price_year: 2023
  carbon_year: 2023
storage_values:
  CAES:
    cost: 60.3639
    lifetime: 25.6801
    annual_cost: 2.3506100054127517
    efficiency: 0.618031
    discharge_ratio: 0.1
    depth_of_discharge: 0.4
  Li-ion:
    cost: 223.9
    lifetime: 26.5523
    annual_cost: 8.432414517763057
    efficiency: 0.922742
    discharge_ratio: 2
    depth_of_discharge: 0.9
  Pb-acid:
    cost: 137.505
    lifetime: 14.2221
    annual_cost: 9.668403400341722
    efficiency: 0.722895
    discharge_ratio: 5
    depth_of_discharge: 0.5
  VRBF:
    cost: 181.134
    lifetime: 12.941
    annual_cost: 13.996909048759754
    efficiency: 0.797274
    discharge_ratio: 0.5
    depth_of_discharge: 1.0
