cost_values:
  wind_capex: 5000.0
  wind_opex: 100
  wind_lifetime: 20
  solar_capex: 1000.0
  solar_opex: 10
  solar_lifetime: 20
  carbon_price: 1.0
timeseries_values:
  load_level: 257162.56340274966
  wind_year: 2017
  solar_year: 2016
  price_year: 2023
  carbon_year: 2023
storage_values:
  CAES:
    cost: 59.6584
    lifetime: 25.1526
    annual_cost: 2.3718581776834204
    efficiency: 0.622128
    discharge_ratio: 0.1
    depth_of_discharge: 0.4
  Li-ion:
    cost: 213.798
    lifetime: 25.201
    annual_cost: 8.48371096385064
    efficiency: 0.91045
    discharge_ratio: 2
    depth_of_discharge: 0.9
  Pb-acid:
    cost: 152.043
    lifetime: 14.5918
    annual_cost: 10.419756301484396
    efficiency: 0.729481
    discharge_ratio: 5
    depth_of_discharge: 0.5
  VRBF:
    cost: 194.104
    lifetime: 12.5611
    annual_cost: 15.452786778228022
    efficiency: 0.7772
    discharge_ratio: 0.5
    depth_of_discharge: 1.0
