cost_values:
  wind_capex: 5000.0
  wind_opex: 100
  wind_lifetime: 20
  solar_capex: 1000.0
  solar_opex: 10
  solar_lifetime: 20
  carbon_price: 1.0
timeseries_values:
  load_level: 257162.56340274966
  wind_year: 2017
  solar_year: 2016
  price_year: 2023
  carbon_year: 2023
storage_values:
  CAES:
    cost: 55.6111
    lifetime: 25.9078
    annual_cost: 2.1465002817684247
    efficiency: 0.60303
    discharge_ratio: 0.1
    depth_of_discharge: 0.4
  Li-ion:
    cost: 201.009
    lifetime: 24.638
    annual_cost: 8.158495007711664
    efficiency: 0.919068
    discharge_ratio: 2
    depth_of_discharge: 0.9
  Pb-acid:
    cost: 151.133
    lifetime: 16.381
    annual_cost: 9.226115621756914
    efficiency: 0.716452
    discharge_ratio: 5
    depth_of_discharge: 0.5
  VRBF:
    cost: 201.446
    lifetime: 12.8902
    annual_cost: 15.627841305798203
    efficiency: 0.781277
    discharge_ratio: 0.5
    depth_of_discharge: 1.0
