cost_values:
  wind_capex: 5000.0
  wind_opex: 100
  wind_lifetime: 20
  solar_capex: 1000.0
  solar_opex: 10
  solar_lifetime: 20
  carbon_price: 1.0
timeseries_values:
  load_level: 257162.56340274966
  wind_year: 2017
  solar_year: 2016
  price_year: 2023
  carbon_year: 2023
storage_values:
  CAES:
    cost: 61.8376
    lifetime: 27.0536
    annual_cost: 2.2857438566401513
    efficiency: 0.617771
    discharge_ratio: 0.1
    depth_of_discharge: 0.4
  Li-ion:
    cost: 174.921
    lifetime: 26.2798
    annual_cost: 6.656100883568367
    efficiency: 0.902339
    discharge_ratio: 2
    depth_of_discharge: 0.9
  Pb-acid:
    cost: 126.802
    lifetime: 14.2976
    annual_cost: 8.868761190689348
    efficiency: 0.708253
    discharge_ratio: 5
    depth_of_discharge: 0.5
  VRBF:
    cost: 173.184
    lifetime: 15.2848
    annual_cost: 11.330472103004292
    efficiency: 0.777005
    discharge_ratio: 0.5
    depth_of_discharge: 1.0
