cost_values:
  wind_capex: 5000.0
  wind_opex: 100
  wind_lifetime: 20
  solar_capex: 1000.0
  solar_opex: 10
  solar_lifetime: 20
  carbon_price: 1.0
timeseries_values:
  load_level: 257162.56340274966
  wind_year: 2017
  solar_year: 2016
  price_year: 2023
  carbon_year: 2023
storage_values:
  CAES:
    cost: 53.6881
    lifetime: 27.0267
    annual_cost: 1.9864837364532109
    efficiency: 0.611211
    discharge_ratio: 0.1
    depth_of_discharge: 0.4
  Li-ion:
    cost: 219.445
    lifetime: 25.5522
    annual_cost: 8.588105916515994
    efficiency: 0.919578
    discharge_ratio: 2
    depth_of_discharge: 0.9
  Pb-acid:
    cost: 153.138
    lifetime: 15.0589
    annual_cost: 10.169268671682527
    efficiency: 0.714203
    discharge_ratio: 5
    depth_of_discharge: 0.5
  VRBF:
    cost: 173.915
    lifetime: 12.5136
    annual_cost: 13.898078890167497
    efficiency: 0.791044
    discharge_ratio: 0.5
    depth_of_discharge: 1.0
