cost_values:
  wind_capex: 5000.0
  wind_opex: 100
  wind_lifetime: 20
  solar_capex: 1000.0
  solar_opex: 10
  solar_lifetime: 20
  carbon_price: 1.0
timeseries_values:
  load_level: 257162.56340274966
  wind_year: 2017
  solar_year: 2016
  price_year: 2023
  carbon_year: 2023
storage_values:
  CAES:
    cost: 57.2767
    lifetime: 25.9179
    annual_cost: 2.2099282735098136
    efficiency: 0.610031
    discharge_ratio: 0.1
    depth_of_discharge: 0.4
  Li-ion:
    cost: 207.39
    lifetime: 22.0988
    annual_cost: 9.384672470903396
    efficiency: 0.922172
    discharge_ratio: 2
    depth_of_discharge: 0.9
  Pb-acid:
    cost: 159.01
    lifetime: 14.0922
    annual_cost: 11.283546926668652
    efficiency: 0.725921
    discharge_ratio: 5
    depth_of_discharge: 0.5
  VRBF:
    cost: 140.349
    lifetime: 11.9542
    annual_cost: 11.740559803249067
    efficiency: 0.785162
    discharge_ratio: 0.5
    depth_of_discharge: 1.0
