cost_values:
  wind_capex: 5000.0
  wind_opex: 100
  wind_lifetime: 20
  solar_capex: 1000.0
  solar_opex: 10
  solar_lifetime: 20
  carbon_price: 1.0
timeseries_values:
  load_level: 239119.5347402726
  wind_year: 2012
  solar_year: 2013
  price_year: 2023
  carbon_year: 2023
storage_values:
  CAES:
    cost: 46.62
    lifetime: 23.5528
    annual_cost: 1.9793824938011615
    efficiency: 0.574268
    discharge_ratio: 0.1
    depth_of_discharge: 0.4
  Li-ion:
    cost: 197.071
    lifetime: 15.0506
    annual_cost: 13.093896588840312
    efficiency: 0.927058
    discharge_ratio: 2
    depth_of_discharge: 0.9
  Pb-acid:
    cost: 99.0053
    lifetime: 10.2541
    annual_cost: 9.655191581903825
    efficiency: 0.745748
    discharge_ratio: 5
    depth_of_discharge: 0.5
  VRBF:
    cost: 151.218
    lifetime: 16.9048
    annual_cost: 8.94526998249018
    efficiency: 0.739412
    discharge_ratio: 0.5
    depth_of_discharge: 1.0
