cost_values:
  wind_capex: 5000.0
  wind_opex: 100
  wind_lifetime: 20
  solar_capex: 1000.0
  solar_opex: 10
  solar_lifetime: 20
  carbon_price: 1.0
timeseries_values:
  load_level: 239119.5347402726
  wind_year: 2012
  solar_year: 2013
  price_year: 2023
  carbon_year: 2023
storage_values:
  CAES:
    cost: 44.3564
    lifetime: 24.3187
    annual_cost: 1.823962629581351
    efficiency: 0.575684
    discharge_ratio: 0.1
    depth_of_discharge: 0.4
  Li-ion:
    cost: 206.532
    lifetime: 17.6429
    annual_cost: 11.706238770270193
    efficiency: 0.923198
    discharge_ratio: 2
    depth_of_discharge: 0.9
  Pb-acid:
    cost: 91.7647
    lifetime: 9.45302
    annual_cost: 9.707447990166106
    efficiency: 0.728604
    discharge_ratio: 5
    depth_of_discharge: 0.5
  VRBF:
    cost: 163.903
    lifetime: 16.1263
    annual_cost: 10.163707732089815
    efficiency: 0.716517
    discharge_ratio: 0.5
    depth_of_discharge: 1.0
