cost_values:
  wind_capex: 5000.0
  wind_opex: 100
  wind_lifetime: 20
  solar_capex: 1000.0
  solar_opex: 10
  solar_lifetime: 20
  carbon_price: 1.0
timeseries_values:
  load_level: 239119.5347402726
  wind_year: 2012
  solar_year: 2013
  price_year: 2023
  carbon_year: 2023
storage_values:
  CAES:
    cost: 51.1181
    lifetime: 25.7964
    annual_cost: 1.981598207501822
    efficiency: 0.575885
    discharge_ratio: 0.1
    depth_of_discharge: 0.4
  Li-ion:
    cost: 205.872
    lifetime: 15.3416
    annual_cost: 13.41920008343328
    efficiency: 0.908561
    discharge_ratio: 2
    depth_of_discharge: 0.9
  Pb-acid:
    cost: 96.3282
    lifetime: 10.3469
    annual_cost: 9.309860924528119
    efficiency: 0.736176
    discharge_ratio: 5
    depth_of_discharge: 0.5
  VRBF:
    cost: 152.757
    lifetime: 18.1093
    annual_cost: 8.435279110733159
    efficiency: 0.709139
    discharge_ratio: 0.5
    depth_of_discharge: 1.0
