cost_values:
  wind_capex: 5000.0
  wind_opex: 100
  wind_lifetime: 20
  solar_capex: 1000.0
  solar_opex: 10
  solar_lifetime: 20
  carbon_price: 1.0
timeseries_values:
  load_level: 239119.5347402726
  wind_year: 2012
  solar_year: 2013
  price_year: 2023
  carbon_year: 2023
storage_values:
  CAES:
    cost: 47.4338
    lifetime: 23.2625
    annual_cost: 2.0390671681891455
    efficiency: 0.579457
    discharge_ratio: 0.1
    depth_of_discharge: 0.4
  Li-ion:
    cost: 189.606
    lifetime: 17.0169
    annual_cost: 11.142217442659943
    efficiency: 0.917849
    discharge_ratio: 2
    depth_of_discharge: 0.9
  Pb-acid:
    cost: 112.178
    lifetime: 11.875
    annual_cost: 9.446568421052632
    efficiency: 0.733516
    discharge_ratio: 5
    depth_of_discharge: 0.5
  VRBF:
    cost: 173.146
    lifetime: 16.3774
    annual_cost: 10.572252005812887
    efficiency: 0.729373
    discharge_ratio: 0.5
    depth_of_discharge: 1.0
