cost_values:
  wind_capex: 5000.0
  wind_opex: 100
  wind_lifetime: 20
  solar_capex: 1000.0
  solar_opex: 10
  solar_lifetime: 20
  carbon_price: 1.0
timeseries_values:
  load_level: 239119.5347402726
  wind_year: 2012
  solar_year: 2013
  price_year: 2023
  carbon_year: 2023
storage_values:
  CAES:
    cost: 44.88
    lifetime: 24.665
    annual_cost: 1.8195824042165012
    efficiency: 0.578527
    discharge_ratio: 0.1
    depth_of_discharge: 0.4
  Li-ion:
    cost: 200.981
    lifetime: 17.4672
    annual_cost: 11.506194467344509
    efficiency: 0.930187
    discharge_ratio: 2
    depth_of_discharge: 0.9
  Pb-acid:
    cost: 105.793
    lifetime: 9.6106
    annual_cost: 11.007949555698916
    efficiency: 0.722386
    discharge_ratio: 5
    depth_of_discharge: 0.5
  VRBF:
    cost: 181.795
    lifetime: 16.6227
    annual_cost: 10.936550620536977
    efficiency: 0.737446
    discharge_ratio: 0.5
    depth_of_discharge: 1.0
