cost_values:
  wind_capex: 5000.0
  wind_opex: 100
  wind_lifetime: 20
  solar_capex: 1000.0
  solar_opex: 10
  solar_lifetime: 20
  carbon_price: 1.0
timeseries_values:
  load_level: 239119.5347402726
  wind_year: 2012
  solar_year: 2013
  price_year: 2023
  carbon_year: 2023
storage_values:
  CAES:
    cost: 46.2343
    lifetime: 24.062
    annual_cost: 1.9214653810988278
    efficiency: 0.570236
    discharge_ratio: 0.1
    depth_of_discharge: 0.4
  Li-ion:
    cost: 189.697
    lifetime: 18.7348
    annual_cost: 10.125381642718365
    efficiency: 0.922403
    discharge_ratio: 2
    depth_of_discharge: 0.9
  Pb-acid:
    cost: 115.059
    lifetime: 11.1066
    annual_cost: 10.359515963481172
    efficiency: 0.727728
    discharge_ratio: 5
    depth_of_discharge: 0.5
  VRBF:
    cost: 170.756
    lifetime: 16.7484
    annual_cost: 10.195361945021613
    efficiency: 0.718853
    discharge_ratio: 0.5
    depth_of_discharge: 1.0
