cost_values:
  wind_capex: 5000.0
  wind_opex: 100
  wind_lifetime: 20
  solar_capex: 1000.0
  solar_opex: 10
  solar_lifetime: 20
  carbon_price: 1.0
timeseries_values:
  load_level: 239119.5347402726
  wind_year: 2012
  solar_year: 2013
  price_year: 2023
  carbon_year: 2023
storage_values:
  CAES:
    cost: 52.4879
    lifetime: 23.8846
    annual_cost: 2.1975624460949734
    efficiency: 0.576007
    discharge_ratio: 0.1
    depth_of_discharge: 0.4
  Li-ion:
    cost: 226.57
    lifetime: 16.9285
    annual_cost: 13.383938328853707
    efficiency: 0.910593
    discharge_ratio: 2
    depth_of_discharge: 0.9
  Pb-acid:
    cost: 84.8337
    lifetime: 10.9711
    annual_cost: 7.732469852612773
    efficiency: 0.725555
    discharge_ratio: 5
    depth_of_discharge: 0.5
  VRBF:
    cost: 148.477
    lifetime: 15.3096
    annual_cost: 9.698293880963579
    efficiency: 0.692167
    discharge_ratio: 0.5
    depth_of_discharge: 1.0
