cost_values:
  wind_capex: 5000.0
  wind_opex: 100
  wind_lifetime: 20
  solar_capex: 1000.0
  solar_opex: 10
  solar_lifetime: 20
  carbon_price: 1.0
timeseries_values:
  load_level: 239119.5347402726
  wind_year: 2012
  solar_year: 2013
  price_year: 2023
  carbon_year: 2023
storage_values:
  CAES:
    cost: 54.4139
    lifetime: 23.6559
    annual_cost: 2.3002253137695035
    efficiency: 0.586567
    discharge_ratio: 0.1
    depth_of_discharge: 0.4
  Li-ion:
    cost: 225.034
    lifetime: 15.8918
    annual_cost: 14.160384600863338
    efficiency: 0.91971
    discharge_ratio: 2
    depth_of_discharge: 0.9
  Pb-acid:
    cost: 118.713
    lifetime: 10.5612
    annual_cost: 11.24048403590501
    efficiency: 0.741783
    discharge_ratio: 5
    depth_of_discharge: 0.5
  VRBF:
    cost: 151.561
    lifetime: 15.6562
    annual_cost: 9.680573830175906
    efficiency: 0.719535
    discharge_ratio: 0.5
    depth_of_discharge: 1.0
