cost_values:
  wind_capex: 5000.0
  wind_opex: 100
  wind_lifetime: 20
  solar_capex: 1000.0
  solar_opex: 10
  solar_lifetime: 20
  carbon_price: 1.0
timeseries_values:
  load_level: 239119.5347402726
  wind_year: 2012
  solar_year: 2013
  price_year: 2023
  carbon_year: 2023
storage_values:
  CAES:
    cost: 48.3951
    lifetime: 23.3449
    annual_cost: 2.0730480747400932
    efficiency: 0.575573
    discharge_ratio: 0.1
    depth_of_discharge: 0.4
  Li-ion:
    cost: 191.783
    lifetime: 17.9612
    annual_cost: 10.67762733002249
    efficiency: 0.926501
    discharge_ratio: 2
    depth_of_discharge: 0.9
  Pb-acid:
    cost: 109.549
    lifetime: 9.40817
    annual_cost: 11.644028541150936
    efficiency: 0.723766
    discharge_ratio: 5
    depth_of_discharge: 0.5
  VRBF:
    cost: 171.43
    lifetime: 16.6869
    annual_cost: 10.273328179589978
    efficiency: 0.725697
    discharge_ratio: 0.5
    depth_of_discharge: 1.0
