cost_values:
  wind_capex: 5000.0
  wind_opex: 100
  wind_lifetime: 20
  solar_capex: 1000.0
  solar_opex: 10
  solar_lifetime: 20
  carbon_price: 1.0
timeseries_values:
  load_level: 239119.5347402726
  wind_year: 2012
  solar_year: 2013
  price_year: 2023
  carbon_year: 2023
storage_values:
  CAES:
    cost: 49.6704
    lifetime: 24.3572
    annual_cost: 2.039249174781995
    efficiency: 0.570281
    discharge_ratio: 0.1
    depth_of_discharge: 0.4
  Li-ion:
    cost: 225.799
    lifetime: 17.2484
    annual_cost: 13.091011340182279
    efficiency: 0.920492
    discharge_ratio: 2
    depth_of_discharge: 0.9
  Pb-acid:
    cost: 105.121
    lifetime: 9.61018
    annual_cost: 10.938504793874829
    efficiency: 0.737156
    discharge_ratio: 5
    depth_of_discharge: 0.5
  VRBF:
    cost: 146.516
    lifetime: 16.4727
    annual_cost: 8.894473887098046
    efficiency: 0.705494
    discharge_ratio: 0.5
    depth_of_discharge: 1.0
