cost_values:
  wind_capex: 5000.0
  wind_opex: 100
  wind_lifetime: 20
  solar_capex: 1000.0
  solar_opex: 10
  solar_lifetime: 20
  carbon_price: 1.0
timeseries_values:
  load_level: 239119.5347402726
  wind_year: 2012
  solar_year: 2013
  price_year: 2023
  carbon_year: 2023
storage_values:
  CAES:
    cost: 55.7797
    lifetime: 23.1471
    annual_cost: 2.409792155388796
    efficiency: 0.587213
    discharge_ratio: 0.1
    depth_of_discharge: 0.4
  Li-ion:
    cost: 199.562
    lifetime: 17.0899
    annual_cost: 11.677189451079293
    efficiency: 0.919655
    discharge_ratio: 2
    depth_of_discharge: 0.9
  Pb-acid:
    cost: 101.894
    lifetime: 11.5635
    annual_cost: 8.81169196177628
    efficiency: 0.731616
    discharge_ratio: 5
    depth_of_discharge: 0.5
  VRBF:
    cost: 143.621
    lifetime: 17.0141
    annual_cost: 8.441292810081052
    efficiency: 0.709811
    discharge_ratio: 0.5
    depth_of_discharge: 1.0
