cost_values:
  wind_capex: 5000.0
  wind_opex: 100
  wind_lifetime: 20
  solar_capex: 1000.0
  solar_opex: 10
  solar_lifetime: 20
  carbon_price: 1.0
timeseries_values:
  load_level: 239119.5347402726
  wind_year: 2012
  solar_year: 2013
  price_year: 2023
  carbon_year: 2023
storage_values:
  CAES:
    cost: 44.924
    lifetime: 24.4227
    annual_cost: 1.839436262165936
    efficiency: 0.575886
    discharge_ratio: 0.1
    depth_of_discharge: 0.4
  Li-ion:
    cost: 203.606
    lifetime: 17.0016
    annual_cost: 11.97569640504423
    efficiency: 0.912273
    discharge_ratio: 2
    depth_of_discharge: 0.9
  Pb-acid:
    cost: 99.4178
    lifetime: 11.1331
    annual_cost: 8.929929669184682
    efficiency: 0.745731
    discharge_ratio: 5
    depth_of_discharge: 0.5
  VRBF:
    cost: 160.16
    lifetime: 15.2748
    annual_cost: 10.485243669311545
    efficiency: 0.701851
    discharge_ratio: 0.5
    depth_of_discharge: 1.0
