cost_values:
  wind_capex: 5000.0
  wind_opex: 100
  wind_lifetime: 20
  solar_capex: 1000.0
  solar_opex: 10
  solar_lifetime: 20
  carbon_price: 1.0
timeseries_values:
  load_level: 239119.5347402726
  wind_year: 2012
  solar_year: 2013
  price_year: 2023
  carbon_year: 2023
storage_values:
  CAES:
    cost: 46.0214
    lifetime: 24.0782
    annual_cost: 1.911330581189624
    efficiency: 0.569271
    discharge_ratio: 0.1
    depth_of_discharge: 0.4
  Li-ion:
    cost: 186.846
    lifetime: 18.4186
    annual_cost: 10.144419228388694
    efficiency: 0.938395
    discharge_ratio: 2
    depth_of_discharge: 0.9
  Pb-acid:
    cost: 101.243
    lifetime: 9.9921
    annual_cost: 10.13230452057125
    efficiency: 0.741798
    discharge_ratio: 5
    depth_of_discharge: 0.5
  VRBF:
    cost: 197.464
    lifetime: 17.0125
    annual_cost: 11.606994856722999
    efficiency: 0.714243
    discharge_ratio: 0.5
    depth_of_discharge: 1.0
