cost_values:
  wind_capex: 5000.0
  wind_opex: 100
  wind_lifetime: 20
  solar_capex: 1000.0
  solar_opex: 10
  solar_lifetime: 20
  carbon_price: 1.0
timeseries_values:
  load_level: 239119.5347402726
  wind_year: 2012
  solar_year: 2013
  price_year: 2023
  carbon_year: 2023
storage_values:
  CAES:
    cost: 47.6236
    lifetime: 24.7758
    annual_cost: 1.9221821293358843
    efficiency: 0.575752
    discharge_ratio: 0.1
    depth_of_discharge: 0.4
  Li-ion:
    cost: 215.349
    lifetime: 17.2713
    annual_cost: 12.468603984645046
    efficiency: 0.919352
    discharge_ratio: 2
    depth_of_discharge: 0.9
  Pb-acid:
    cost: 108.105
    lifetime: 9.5766
    annual_cost: 11.288453104442079
    efficiency: 0.745637
    discharge_ratio: 5
    depth_of_discharge: 0.5
  VRBF:
    cost: 195.209
    lifetime: 18.0726
    annual_cost: 10.80137888294988
    efficiency: 0.727261
    discharge_ratio: 0.5
    depth_of_discharge: 1.0
