cost_values:
  wind_capex: 5000.0
  wind_opex: 100
  wind_lifetime: 20
  solar_capex: 1000.0
  solar_opex: 10
  solar_lifetime: 20
  carbon_price: 1.0
timeseries_values:
  load_level: 239119.5347402726
  wind_year: 2012
  solar_year: 2013
  price_year: 2023
  carbon_year: 2023
storage_values:
  CAES:
    cost: 46.455
    lifetime: 23.9386
    annual_cost: 1.940589675252521
    efficiency: 0.575351
    discharge_ratio: 0.1
    depth_of_discharge: 0.4
  Li-ion:
    cost: 203.518
    lifetime: 15.6563
    annual_cost: 12.999112178484062
    efficiency: 0.928985
    discharge_ratio: 2
    depth_of_discharge: 0.9
  Pb-acid:
    cost: 90.921
    lifetime: 10.4588
    annual_cost: 8.693253528129423
    efficiency: 0.737047
    discharge_ratio: 5
    depth_of_discharge: 0.5
  VRBF:
    cost: 183.687
    lifetime: 14.4462
    annual_cost: 12.71524691614404
    efficiency: 0.711711
    discharge_ratio: 0.5
    depth_of_discharge: 1.0
