cost_values:
  wind_capex: 5000.0
  wind_opex: 100
  wind_lifetime: 20
  solar_capex: 1000.0
  solar_opex: 10
  solar_lifetime: 20
  carbon_price: 1.0
timeseries_values:
  load_level: 239119.5347402726
  wind_year: 2012
  solar_year: 2013
  price_year: 2023
  carbon_year: 2023
storage_values:
  CAES:
    cost: 45.2111
    lifetime: 24.0519
    annual_cost: 1.8797309152291504
    efficiency: 0.574109
    discharge_ratio: 0.1
    depth_of_discharge: 0.4
  Li-ion:
    cost: 193.91
    lifetime: 16.5361
    annual_cost: 11.726465127811272
    efficiency: 0.928914
    discharge_ratio: 2
    depth_of_discharge: 0.9
  Pb-acid:
    cost: 112.908
    lifetime: 10.0808
    annual_cost: 11.200301563367987
    efficiency: 0.743719
    discharge_ratio: 5
    depth_of_discharge: 0.5
  VRBF:
    cost: 177.388
    lifetime: 15.9823
    annual_cost: 11.099028300056938
    efficiency: 0.729604
    discharge_ratio: 0.5
    depth_of_discharge: 1.0
