cost_values:
  wind_capex: 5000.0
  wind_opex: 100
  wind_lifetime: 20
  solar_capex: 1000.0
  solar_opex: 10
  solar_lifetime: 20
  carbon_price: 1.0
timeseries_values:
  load_level: 239119.5347402726
  wind_year: 2012
  solar_year: 2013
  price_year: 2023
  carbon_year: 2023
storage_values:
  CAES:
    cost: 47.3351
    lifetime: 23.6083
    annual_cost: 2.005019421135787
    efficiency: 0.572809
    discharge_ratio: 0.1
    depth_of_discharge: 0.4
  Li-ion:
    cost: 203.026
    lifetime: 16.9699
    annual_cost: 11.963889003470852
    efficiency: 0.927357
    discharge_ratio: 2
    depth_of_discharge: 0.9
  Pb-acid:
    cost: 99.9391
    lifetime: 9.92206
    annual_cost: 10.072414397816582
    efficiency: 0.730444
    discharge_ratio: 5
    depth_of_discharge: 0.5
  VRBF:
    cost: 203.414
    lifetime: 13.4037
    annual_cost: 15.17595887702649
    efficiency: 0.704513
    discharge_ratio: 0.5
    depth_of_discharge: 1.0
