cost_values:
  wind_capex: 5000.0
  wind_opex: 100
  wind_lifetime: 20
  solar_capex: 1000.0
  solar_opex: 10
  solar_lifetime: 20
  carbon_price: 1.0
timeseries_values:
  load_level: 239119.5347402726
  wind_year: 2012
  solar_year: 2013
  price_year: 2023
  carbon_year: 2023
storage_values:
  CAES:
    cost: 49.8953
    lifetime: 23.6933
    annual_cost: 2.1058822536328834
    efficiency: 0.579817
    discharge_ratio: 0.1
    depth_of_discharge: 0.4
  Li-ion:
    cost: 174.749
    lifetime: 15.5802
    annual_cost: 11.21609478697321
    efficiency: 0.940175
    discharge_ratio: 2
    depth_of_discharge: 0.9
  Pb-acid:
    cost: 88.428
    lifetime: 10.9234
    annual_cost: 8.095281688851456
    efficiency: 0.725411
    discharge_ratio: 5
    depth_of_discharge: 0.5
  VRBF:
    cost: 201.939
    lifetime: 15.3666
    annual_cost: 13.141423607043848
    efficiency: 0.723115
    discharge_ratio: 0.5
    depth_of_discharge: 1.0
