cost_values:
  wind_capex: 5000.0
  wind_opex: 100
  wind_lifetime: 20
  solar_capex: 1000.0
  solar_opex: 10
  solar_lifetime: 20
  carbon_price: 1.0
timeseries_values:
  load_level: 239119.5347402726
  wind_year: 2012
  solar_year: 2013
  price_year: 2023
  carbon_year: 2023
storage_values:
  CAES:
    cost: 51.6637
    lifetime: 24.6483
    annual_cost: 2.0960350206707967
    efficiency: 0.577207
    discharge_ratio: 0.1
    depth_of_discharge: 0.4
  Li-ion:
    cost: 192.945
    lifetime: 18.537
    annual_cost: 10.408642175109241
    efficiency: 0.929752
    discharge_ratio: 2
    depth_of_discharge: 0.9
  Pb-acid:
    cost: 108.852
    lifetime: 10.7855
    annual_cost: 10.092438922627602
    efficiency: 0.736682
    discharge_ratio: 5
    depth_of_discharge: 0.5
  VRBF:
    cost: 184.58
    lifetime: 16.4408
    annual_cost: 11.226947593791058
    efficiency: 0.735516
    discharge_ratio: 0.5
    depth_of_discharge: 1.0
