cost_values:
  wind_capex: 5000.0
  wind_opex: 100
  wind_lifetime: 20
  solar_capex: 1000.0
  solar_opex: 10
  solar_lifetime: 20
  carbon_price: 1.0
timeseries_values:
  load_level: 239119.5347402726
  wind_year: 2012
  solar_year: 2013
  price_year: 2023
  carbon_year: 2023
storage_values:
  CAES:
    cost: 51.2027
    lifetime: 23.5323
    annual_cost: 2.175847664699158
    efficiency: 0.590011
    discharge_ratio: 0.1
    depth_of_discharge: 0.4
  Li-ion:
    cost: 204.948
    lifetime: 17.2998
    annual_cost: 11.846842160024972
    efficiency: 0.91124
    discharge_ratio: 2
    depth_of_discharge: 0.9
  Pb-acid:
    cost: 96.3706
    lifetime: 10.2996
    annual_cost: 9.356732300283506
    efficiency: 0.73269
    discharge_ratio: 5
    depth_of_discharge: 0.5
  VRBF:
    cost: 150.542
    lifetime: 14.9034
    annual_cost: 10.101184964504744
    efficiency: 0.709621
    discharge_ratio: 0.5
    depth_of_discharge: 1.0
