cost_values:
  wind_capex: 5000.0
  wind_opex: 100
  wind_lifetime: 20
  solar_capex: 1000.0
  solar_opex: 10
  solar_lifetime: 20
  carbon_price: 1.0
timeseries_values:
  load_level: 239119.5347402726
  wind_year: 2012
  solar_year: 2013
  price_year: 2023
  carbon_year: 2023
storage_values:
  CAES:
    cost: 51.0473
    lifetime: 23.5044
    annual_cost: 2.171818893483773
    efficiency: 0.577501
    discharge_ratio: 0.1
    depth_of_discharge: 0.4
  Li-ion:
    cost: 205.156
    lifetime: 18.243
    annual_cost: 11.2457380913227
    efficiency: 0.915519
    discharge_ratio: 2
    depth_of_discharge: 0.9
  Pb-acid:
    cost: 92.7318
    lifetime: 10.3837
    annual_cost: 8.930516097344878
    efficiency: 0.73022
    discharge_ratio: 5
    depth_of_discharge: 0.5
  VRBF:
    cost: 157.405
    lifetime: 16.4936
    annual_cost: 9.543398651598196
    efficiency: 0.704495
    discharge_ratio: 0.5
    depth_of_discharge: 1.0
