cost_values:
  wind_capex: 5000.0
  wind_opex: 100
  wind_lifetime: 20
  solar_capex: 1000.0
  solar_opex: 10
  solar_lifetime: 20
  carbon_price: 1.0
timeseries_values:
  load_level: 239119.5347402726
  wind_year: 2012
  solar_year: 2013
  price_year: 2023
  carbon_year: 2023
storage_values:
  CAES:
    cost: 41.2639
    lifetime: 24.3786
    annual_cost: 1.692627960588385
    efficiency: 0.582498
    discharge_ratio: 0.1
    depth_of_discharge: 0.4
  Li-ion:
    cost: 210.181
    lifetime: 17.4544
    annual_cost: 12.041720139334496
    efficiency: 0.930499
    discharge_ratio: 2
    depth_of_discharge: 0.9
  Pb-acid:
    cost: 88.9649
    lifetime: 11.6683
    annual_cost: 7.624495427782968
    efficiency: 0.741576
    discharge_ratio: 5
    depth_of_discharge: 0.5
  VRBF:
    cost: 154.516
    lifetime: 17.0165
    annual_cost: 9.08036317691652
    efficiency: 0.706897
    discharge_ratio: 0.5
    depth_of_discharge: 1.0
