cost_values:
  wind_capex: 5000.0
  wind_opex: 100
  wind_lifetime: 20
  solar_capex: 1000.0
  solar_opex: 10
  solar_lifetime: 20
  carbon_price: 1.0
timeseries_values:
  load_level: 239119.5347402726
  wind_year: 2012
  solar_year: 2013
  price_year: 2023
  carbon_year: 2023
storage_values:
  CAES:
    cost: 44.8355
    lifetime: 24.1613
    annual_cost: 1.855674156605812
    efficiency: 0.575856
    discharge_ratio: 0.1
    depth_of_discharge: 0.4
  Li-ion:
    cost: 216.017
    lifetime: 15.3444
    annual_cost: 14.077904642736112
    efficiency: 0.937662
    discharge_ratio: 2
    depth_of_discharge: 0.9
  Pb-acid:
    cost: 81.885
    lifetime: 10.3766
    annual_cost: 7.891313146888192
    efficiency: 0.724317
    discharge_ratio: 5
    depth_of_discharge: 0.5
  VRBF:
    cost: 166.708
    lifetime: 16.8944
    annual_cost: 9.867648451557912
    efficiency: 0.697016
    discharge_ratio: 0.5
    depth_of_discharge: 1.0
