cost_values:
  wind_capex: 5000.0
  wind_opex: 100
  wind_lifetime: 20
  solar_capex: 1000.0
  solar_opex: 10
  solar_lifetime: 20
  carbon_price: 1.0
timeseries_values:
  load_level: 239119.5347402726
  wind_year: 2012
  solar_year: 2013
  price_year: 2023
  carbon_year: 2023
storage_values:
  CAES:
    cost: 50.0862
    lifetime: 23.0514
    annual_cost: 2.1728051224654465
    efficiency: 0.574349
    discharge_ratio: 0.1
    depth_of_discharge: 0.4
  Li-ion:
    cost: 201.939
    lifetime: 17.9392
    annual_cost: 11.256856493043168
    efficiency: 0.919202
    discharge_ratio: 2
    depth_of_discharge: 0.9
  Pb-acid:
    cost: 102.47
    lifetime: 9.10318
    annual_cost: 11.256505968244063
    efficiency: 0.739659
    discharge_ratio: 5
    depth_of_discharge: 0.5
  VRBF:
    cost: 192.772
    lifetime: 16.7361
    annual_cost: 11.518334617981488
    efficiency: 0.733147
    discharge_ratio: 0.5
    depth_of_discharge: 1.0
