cost_values:
  wind_capex: 5000.0
  wind_opex: 100
  wind_lifetime: 20
  solar_capex: 1000.0
  solar_opex: 10
  solar_lifetime: 20
  carbon_price: 1.0
timeseries_values:
  load_level: 239119.5347402726
  wind_year: 2012
  solar_year: 2013
  price_year: 2023
  carbon_year: 2023
storage_values:
  CAES:
    cost: 42.8339
    lifetime: 24.1869
    annual_cost: 1.7709545249701284
    efficiency: 0.581557
    discharge_ratio: 0.1
    depth_of_discharge: 0.4
  Li-ion:
    cost: 196.958
    lifetime: 16.9744
    annual_cost: 11.603237816947875
    efficiency: 0.911753
    discharge_ratio: 2
    depth_of_discharge: 0.9
  Pb-acid:
    cost: 122.573
    lifetime: 10.3122
    annual_cost: 11.886212447392408
    efficiency: 0.729701
    discharge_ratio: 5
    depth_of_discharge: 0.5
  VRBF:
    cost: 141.94
    lifetime: 15.1014
    annual_cost: 9.399128557617175
    efficiency: 0.708412
    discharge_ratio: 0.5
    depth_of_discharge: 1.0
