cost_values:
  wind_capex: 5000.0
  wind_opex: 100
  wind_lifetime: 20
  solar_capex: 1000.0
  solar_opex: 10
  solar_lifetime: 20
  carbon_price: 1.0
timeseries_values:
  load_level: 239119.5347402726
  wind_year: 2012
  solar_year: 2013
  price_year: 2023
  carbon_year: 2023
storage_values:
  CAES:
    cost: 43.5375
    lifetime: 24.084
    annual_cost: 1.8077354260089686
    efficiency: 0.571491
    discharge_ratio: 0.1
    depth_of_discharge: 0.4
  Li-ion:
    cost: 227.221
    lifetime: 17.6678
    annual_cost: 12.860741009067343
    efficiency: 0.923281
    discharge_ratio: 2
    depth_of_discharge: 0.9
  Pb-acid:
    cost: 98.8064
    lifetime: 11.432
    annual_cost: 8.642967109867039
    efficiency: 0.731101
    discharge_ratio: 5
    depth_of_discharge: 0.5
  VRBF:
    cost: 170.544
    lifetime: 16.6203
    annual_cost: 10.261186621180123
    efficiency: 0.707095
    discharge_ratio: 0.5
    depth_of_discharge: 1.0
