cost_values:
  wind_capex: 5000.0
  wind_opex: 100
  wind_lifetime: 20
  solar_capex: 1000.0
  solar_opex: 10
  solar_lifetime: 20
  carbon_price: 1.0
timeseries_values:
  load_level: 239119.5347402726
  wind_year: 2012
  solar_year: 2013
  price_year: 2023
  carbon_year: 2023
storage_values:
  CAES:
    cost: 48.5999
    lifetime: 24.8497
    annual_cost: 1.9557539930059518
    efficiency: 0.568486
    discharge_ratio: 0.1
    depth_of_discharge: 0.4
  Li-ion:
    cost: 212.957
    lifetime: 18.0398
    annual_cost: 11.804842625749732
    efficiency: 0.917814
    discharge_ratio: 2
    depth_of_discharge: 0.9
  Pb-acid:
    cost: 107.952
    lifetime: 11.103
    annual_cost: 9.722777627668197
    efficiency: 0.713222
    discharge_ratio: 5
    depth_of_discharge: 0.5
  VRBF:
    cost: 163.442
    lifetime: 16.7135
    annual_cost: 9.779040895084812
    efficiency: 0.733993
    discharge_ratio: 0.5
    depth_of_discharge: 1.0
