cost_values:
  wind_capex: 5000.0
  wind_opex: 100
  wind_lifetime: 20
  solar_capex: 1000.0
  solar_opex: 10
  solar_lifetime: 20
  carbon_price: 1.0
timeseries_values:
  load_level: 239119.5347402726
  wind_year: 2012
  solar_year: 2013
  price_year: 2023
  carbon_year: 2023
storage_values:
  CAES:
    cost: 45.4246
    lifetime: 23.8902
    annual_cost: 1.9013905283337937
    efficiency: 0.591732
    discharge_ratio: 0.1
    depth_of_discharge: 0.4
  Li-ion:
    cost: 209.998
    lifetime: 17.0802
    annual_cost: 12.294820903736488
    efficiency: 0.92898
    discharge_ratio: 2
    depth_of_discharge: 0.9
  Pb-acid:
    cost: 108.934
    lifetime: 10.5071
    annual_cost: 10.36765615631335
    efficiency: 0.735293
    discharge_ratio: 5
    depth_of_discharge: 0.5
  VRBF:
    cost: 144.836
    lifetime: 16.0828
    annual_cost: 9.0056457830726
    efficiency: 0.716615
    discharge_ratio: 0.5
    depth_of_discharge: 1.0
