cost_values:
  wind_capex: 5000.0
  wind_opex: 100
  wind_lifetime: 20
  solar_capex: 1000.0
  solar_opex: 10
  solar_lifetime: 20
  carbon_price: 1.0
timeseries_values:
  load_level: 239119.5347402726
  wind_year: 2012
  solar_year: 2013
  price_year: 2023
  carbon_year: 2023
storage_values:
  CAES:
    cost: 51.7862
    lifetime: 24.1465
    annual_cost: 2.144666928954507
    efficiency: 0.583384
    discharge_ratio: 0.1
    depth_of_discharge: 0.4
  Li-ion:
    cost: 190.074
    lifetime: 16.223
    annual_cost: 11.716328669173397
    efficiency: 0.925638
    discharge_ratio: 2
    depth_of_discharge: 0.9
  Pb-acid:
    cost: 113.869
    lifetime: 9.1769
    annual_cost: 12.408220640957186
    efficiency: 0.738432
    discharge_ratio: 5
    depth_of_discharge: 0.5
  VRBF:
    cost: 170.356
    lifetime: 18.6658
    annual_cost: 9.126638022479614
    efficiency: 0.697711
    discharge_ratio: 0.5
    depth_of_discharge: 1.0
