cost_values:
  wind_capex: 5000.0
  wind_opex: 100
  wind_lifetime: 20
  solar_capex: 1000.0
  solar_opex: 10
  solar_lifetime: 20
  carbon_price: 1.0
timeseries_values:
  load_level: 239119.5347402726
  wind_year: 2012
  solar_year: 2013
  price_year: 2023
  carbon_year: 2023
storage_values:
  CAES:
    cost: 47.9594
    lifetime: 23.6826
    annual_cost: 2.0250901505746834
    efficiency: 0.572544
    discharge_ratio: 0.1
    depth_of_discharge: 0.4
  Li-ion:
    cost: 195.146
    lifetime: 16.3226
    annual_cost: 11.955570803670982
    efficiency: 0.920624
    discharge_ratio: 2
    depth_of_discharge: 0.9
  Pb-acid:
    cost: 110.962
    lifetime: 10.1419
    annual_cost: 10.940947948609235
    efficiency: 0.736719
    discharge_ratio: 5
    depth_of_discharge: 0.5
  VRBF:
    cost: 171.468
    lifetime: 18.9887
    annual_cost: 9.03000205385308
    efficiency: 0.69811
    discharge_ratio: 0.5
    depth_of_discharge: 1.0
