cost_values:
  wind_capex: 5000.0
  wind_opex: 100
  wind_lifetime: 20
  solar_capex: 1000.0
  solar_opex: 10
  solar_lifetime: 20
  carbon_price: 1.0
timeseries_values:
  load_level: 239119.5347402726
  wind_year: 2012
  solar_year: 2013
  price_year: 2023
  carbon_year: 2023
storage_values:
  CAES:
    cost: 50.0318
    lifetime: 24.5368
    annual_cost: 2.039051547064002
    efficiency: 0.580956
    discharge_ratio: 0.1
    depth_of_discharge: 0.4
  Li-ion:
    cost: 193.6
    lifetime: 15.5401
    annual_cost: 12.458092290268402
    efficiency: 0.927975
    discharge_ratio: 2
    depth_of_discharge: 0.9
  Pb-acid:
    cost: 90.3398
    lifetime: 9.48522
    annual_cost: 9.524270391198096
    efficiency: 0.741697
    discharge_ratio: 5
    depth_of_discharge: 0.5
  VRBF:
    cost: 167.603
    lifetime: 17.9846
    annual_cost: 9.319250914671441
    efficiency: 0.710927
    discharge_ratio: 0.5
    depth_of_discharge: 1.0
