cost_values:
  wind_capex: 5000.0
  wind_opex: 100
  wind_lifetime: 20
  solar_capex: 1000.0
  solar_opex: 10
  solar_lifetime: 20
  carbon_price: 1.0
timeseries_values:
  load_level: 239119.5347402726
  wind_year: 2012
  solar_year: 2013
  price_year: 2023
  carbon_year: 2023
storage_values:
  CAES:
    cost: 49.4887
    lifetime: 24.4808
    annual_cost: 2.0215311591124476
    efficiency: 0.579917
    discharge_ratio: 0.1
    depth_of_discharge: 0.4
  Li-ion:
    cost: 198.783
    lifetime: 14.8386
    annual_cost: 13.396344668634507
    efficiency: 0.918791
    discharge_ratio: 2
    depth_of_discharge: 0.9
  Pb-acid:
    cost: 94.3553
    lifetime: 12.285
    annual_cost: 7.6805291005291005
    efficiency: 0.728988
    discharge_ratio: 5
    depth_of_discharge: 0.5
  VRBF:
    cost: 177.603
    lifetime: 15.9832
    annual_cost: 11.11185494769508
    efficiency: 0.716127
    discharge_ratio: 0.5
    depth_of_discharge: 1.0
