cost_values:
  wind_capex: 5000.0
  wind_opex: 100
  wind_lifetime: 20
  solar_capex: 1000.0
  solar_opex: 10
  solar_lifetime: 20
  carbon_price: 1.0
timeseries_values:
  load_level: 239119.5347402726
  wind_year: 2012
  solar_year: 2013
  price_year: 2023
  carbon_year: 2023
storage_values:
  CAES:
    cost: 38.5695
    lifetime: 24.132
    annual_cost: 1.5982720039781202
    efficiency: 0.564046
    discharge_ratio: 0.1
    depth_of_discharge: 0.4
  Li-ion:
    cost: 223.643
    lifetime: 16.6725
    annual_cost: 13.41388514020093
    efficiency: 0.918795
    discharge_ratio: 2
    depth_of_discharge: 0.9
  Pb-acid:
    cost: 102.416
    lifetime: 10.1824
    annual_cost: 10.058139534883722
    efficiency: 0.729247
    discharge_ratio: 5
    depth_of_discharge: 0.5
  VRBF:
    cost: 191.863
    lifetime: 15.1146
    annual_cost: 12.693885382345547
    efficiency: 0.711306
    discharge_ratio: 0.5
    depth_of_discharge: 1.0
