cost_values:
  wind_capex: 5000.0
  wind_opex: 100
  wind_lifetime: 20
  solar_capex: 1000.0
  solar_opex: 10
  solar_lifetime: 20
  carbon_price: 1.0
timeseries_values:
  load_level: 239119.5347402726
  wind_year: 2012
  solar_year: 2013
  price_year: 2023
  carbon_year: 2023
storage_values:
  CAES:
    cost: 39.928
    lifetime: 23.8356
    annual_cost: 1.6751413851549781
    efficiency: 0.576579
    discharge_ratio: 0.1
    depth_of_discharge: 0.4
  Li-ion:
    cost: 181.172
    lifetime: 18.2133
    annual_cost: 9.94723636024224
    efficiency: 0.925037
    discharge_ratio: 2
    depth_of_discharge: 0.9
  Pb-acid:
    cost: 101.301
    lifetime: 10.2027
    annual_cost: 9.928842365256255
    efficiency: 0.727824
    discharge_ratio: 5
    depth_of_discharge: 0.5
  VRBF:
    cost: 137.863
    lifetime: 16.0982
    annual_cost: 8.563876706712552
    efficiency: 0.713297
    discharge_ratio: 0.5
    depth_of_discharge: 1.0
