cost_values:
  wind_capex: 5000.0
  wind_opex: 100
  wind_lifetime: 20
  solar_capex: 1000.0
  solar_opex: 10
  solar_lifetime: 20
  carbon_price: 1.0
timeseries_values:
  load_level: 239119.5347402726
  wind_year: 2012
  solar_year: 2013
  price_year: 2023
  carbon_year: 2023
storage_values:
  CAES:
    cost: 48.0566
    lifetime: 24.0852
    annual_cost: 1.9952751067045322
    efficiency: 0.569073
    discharge_ratio: 0.1
    depth_of_discharge: 0.4
  Li-ion:
    cost: 220.751
    lifetime: 18.0723
    annual_cost: 12.214881337737864
    efficiency: 0.930433
    discharge_ratio: 2
    depth_of_discharge: 0.9
  Pb-acid:
    cost: 116.774
    lifetime: 8.78379
    annual_cost: 13.294261360984269
    efficiency: 0.731987
    discharge_ratio: 5
    depth_of_discharge: 0.5
  VRBF:
    cost: 166.535
    lifetime: 16.9671
    annual_cost: 9.815171714671335
    efficiency: 0.711705
    discharge_ratio: 0.5
    depth_of_discharge: 1.0
