cost_values:
  wind_capex: 5000.0
  wind_opex: 100
  wind_lifetime: 20
  solar_capex: 1000.0
  solar_opex: 10
  solar_lifetime: 20
  carbon_price: 1.0
timeseries_values:
  load_level: 239119.5347402726
  wind_year: 2012
  solar_year: 2013
  price_year: 2023
  carbon_year: 2023
storage_values:
  CAES:
    cost: 58.5591
    lifetime: 23.2068
    annual_cost: 2.523359532550804
    efficiency: 0.576391
    discharge_ratio: 0.1
    depth_of_discharge: 0.4
  Li-ion:
    cost: 215.332
    lifetime: 18.7654
    annual_cost: 11.474948575569933
    efficiency: 0.919907
    discharge_ratio: 2
    depth_of_discharge: 0.9
  Pb-acid:
    cost: 102.701
    lifetime: 11.0915
    annual_cost: 9.259432899066853
    efficiency: 0.725989
    discharge_ratio: 5
    depth_of_discharge: 0.5
  VRBF:
    cost: 176.409
    lifetime: 16.3804
    annual_cost: 10.76951722790652
    efficiency: 0.700071
    discharge_ratio: 0.5
    depth_of_discharge: 1.0
