cost_values:
  wind_capex: 5000.0
  wind_opex: 100
  wind_lifetime: 20
  solar_capex: 1000.0
  solar_opex: 10
  solar_lifetime: 20
  carbon_price: 1.0
timeseries_values:
  load_level: 239119.5347402726
  wind_year: 2012
  solar_year: 2013
  price_year: 2023
  carbon_year: 2023
storage_values:
  CAES:
    cost: 52.3931
    lifetime: 24.2757
    annual_cost: 2.15825290310887
    efficiency: 0.576461
    discharge_ratio: 0.1
    depth_of_discharge: 0.4
  Li-ion:
    cost: 195.264
    lifetime: 16.9288
    annual_cost: 11.534426539388498
    efficiency: 0.930428
    discharge_ratio: 2
    depth_of_discharge: 0.9
  Pb-acid:
    cost: 98.3272
    lifetime: 11.1441
    annual_cost: 8.823251765508207
    efficiency: 0.736658
    discharge_ratio: 5
    depth_of_discharge: 0.5
  VRBF:
    cost: 159.233
    lifetime: 17.7949
    annual_cost: 8.948237978297154
    efficiency: 0.706867
    discharge_ratio: 0.5
    depth_of_discharge: 1.0
