cost_values:
  wind_capex: 5000.0
  wind_opex: 100
  wind_lifetime: 20
  solar_capex: 1000.0
  solar_opex: 10
  solar_lifetime: 20
  carbon_price: 1.0
timeseries_values:
  load_level: 239119.5347402726
  wind_year: 2012
  solar_year: 2013
  price_year: 2023
  carbon_year: 2023
storage_values:
  CAES:
    cost: 47.2676
    lifetime: 25.0451
    annual_cost: 1.887299312041078
    efficiency: 0.568537
    discharge_ratio: 0.1
    depth_of_discharge: 0.4
  Li-ion:
    cost: 196.475
    lifetime: 14.1273
    annual_cost: 13.907469934099225
    efficiency: 0.913783
    discharge_ratio: 2
    depth_of_discharge: 0.9
  Pb-acid:
    cost: 88.9693
    lifetime: 12.1048
    annual_cost: 7.3499190403806764
    efficiency: 0.732638
    discharge_ratio: 5
    depth_of_discharge: 0.5
  VRBF:
    cost: 194.524
    lifetime: 15.4992
    annual_cost: 12.550583255909983
    efficiency: 0.703212
    discharge_ratio: 0.5
    depth_of_discharge: 1.0
