cost_values:
  wind_capex: 5000.0
  wind_opex: 100
  wind_lifetime: 20
  solar_capex: 1000.0
  solar_opex: 10
  solar_lifetime: 20
  carbon_price: 1.0
timeseries_values:
  load_level: 239119.5347402726
  wind_year: 2012
  solar_year: 2013
  price_year: 2023
  carbon_year: 2023
storage_values:
  CAES:
    cost: 45.2302
    lifetime: 25.6161
    annual_cost: 1.7656942313623074
    efficiency: 0.575566
    discharge_ratio: 0.1
    depth_of_discharge: 0.4
  Li-ion:
    cost: 223.603
    lifetime: 17.1342
    annual_cost: 13.05009863314307
    efficiency: 0.909355
    discharge_ratio: 2
    depth_of_discharge: 0.9
  Pb-acid:
    cost: 105.646
    lifetime: 9.20298
    annual_cost: 11.479542496017594
    efficiency: 0.737229
    discharge_ratio: 5
    depth_of_discharge: 0.5
  VRBF:
    cost: 165.887
    lifetime: 17.0121
    annual_cost: 9.751118321665167
    efficiency: 0.72854
    discharge_ratio: 0.5
    depth_of_discharge: 1.0
