cost_values:
  wind_capex: 5000.0
  wind_opex: 100
  wind_lifetime: 20
  solar_capex: 1000.0
  solar_opex: 10
  solar_lifetime: 20
  carbon_price: 1.0
timeseries_values:
  load_level: 239119.5347402726
  wind_year: 2012
  solar_year: 2013
  price_year: 2023
  carbon_year: 2023
storage_values:
  CAES:
    cost: 49.2407
    lifetime: 23.7143
    annual_cost: 2.0764138093892712
    efficiency: 0.572445
    discharge_ratio: 0.1
    depth_of_discharge: 0.4
  Li-ion:
    cost: 225.292
    lifetime: 16.5502
    annual_cost: 13.612645164408889
    efficiency: 0.934239
    discharge_ratio: 2
    depth_of_discharge: 0.9
  Pb-acid:
    cost: 89.8096
    lifetime: 11.3841
    annual_cost: 7.889038219973472
    efficiency: 0.745813
    discharge_ratio: 5
    depth_of_discharge: 0.5
  VRBF:
    cost: 169.825
    lifetime: 17.5075
    annual_cost: 9.700128516350135
    efficiency: 0.710082
    discharge_ratio: 0.5
    depth_of_discharge: 1.0
