cost_values:
  wind_capex: 5000.0
  wind_opex: 100
  wind_lifetime: 20
  solar_capex: 1000.0
  solar_opex: 10
  solar_lifetime: 20
  carbon_price: 1.0
timeseries_values:
  load_level: 239119.5347402726
  wind_year: 2012
  solar_year: 2013
  price_year: 2023
  carbon_year: 2023
storage_values:
  CAES:
    cost: 50.5009
    lifetime: 23.3554
    annual_cost: 2.1622793872080974
    efficiency: 0.589977
    discharge_ratio: 0.1
    depth_of_discharge: 0.4
  Li-ion:
    cost: 204.233
    lifetime: 15.9365
    annual_cost: 12.815423712860415
    efficiency: 0.926612
    discharge_ratio: 2
    depth_of_discharge: 0.9
  Pb-acid:
    cost: 78.4531
    lifetime: 11.0332
    annual_cost: 7.110638799260414
    efficiency: 0.735104
    discharge_ratio: 5
    depth_of_discharge: 0.5
  VRBF:
    cost: 187.546
    lifetime: 16.0142
    annual_cost: 11.711231282237016
    efficiency: 0.713857
    discharge_ratio: 0.5
    depth_of_discharge: 1.0
