cost_values:
  wind_capex: 5000.0
  wind_opex: 100
  wind_lifetime: 20
  solar_capex: 1000.0
  solar_opex: 10
  solar_lifetime: 20
  carbon_price: 1.0
timeseries_values:
  load_level: 239119.5347402726
  wind_year: 2012
  solar_year: 2013
  price_year: 2023
  carbon_year: 2023
storage_values:
  CAES:
    cost: 44.9551
    lifetime: 23.6021
    annual_cost: 1.9047076319480047
    efficiency: 0.571091
    discharge_ratio: 0.1
    depth_of_discharge: 0.4
  Li-ion:
    cost: 199.599
    lifetime: 16.426
    annual_cost: 12.15140630707415
    efficiency: 0.920447
    discharge_ratio: 2
    depth_of_discharge: 0.9
  Pb-acid:
    cost: 100.407
    lifetime: 10.0449
    annual_cost: 9.995818773706059
    efficiency: 0.736039
    discharge_ratio: 5
    depth_of_discharge: 0.5
  VRBF:
    cost: 165.206
    lifetime: 15.0661
    annual_cost: 10.965412415953697
    efficiency: 0.710746
    discharge_ratio: 0.5
    depth_of_discharge: 1.0
