cost_values:
  wind_capex: 5000.0
  wind_opex: 100
  wind_lifetime: 20
  solar_capex: 1000.0
  solar_opex: 10
  solar_lifetime: 20
  carbon_price: 1.0
timeseries_values:
  load_level: 239119.5347402726
  wind_year: 2012
  solar_year: 2013
  price_year: 2023
  carbon_year: 2023
storage_values:
  CAES:
    cost: 46.4973
    lifetime: 23.8902
    annual_cost: 1.9462917849159909
    efficiency: 0.574904
    discharge_ratio: 0.1
    depth_of_discharge: 0.4
  Li-ion:
    cost: 198.302
    lifetime: 18.0469
    annual_cost: 10.988147548886511
    efficiency: 0.927285
    discharge_ratio: 2
    depth_of_discharge: 0.9
  Pb-acid:
    cost: 108.246
    lifetime: 12.0633
    annual_cost: 8.973166546467384
    efficiency: 0.746733
    discharge_ratio: 5
    depth_of_discharge: 0.5
  VRBF:
    cost: 169.351
    lifetime: 15.8859
    annual_cost: 10.66045990469536
    efficiency: 0.728262
    discharge_ratio: 0.5
    depth_of_discharge: 1.0
