cost_values:
  wind_capex: 5000.0
  wind_opex: 100
  wind_lifetime: 20
  solar_capex: 1000.0
  solar_opex: 10
  solar_lifetime: 20
  carbon_price: 1.0
timeseries_values:
  load_level: 239119.5347402726
  wind_year: 2012
  solar_year: 2013
  price_year: 2023
  carbon_year: 2023
storage_values:
  CAES:
    cost: 53.3288
    lifetime: 23.6383
    annual_cost: 2.2560336403210046
    efficiency: 0.578793
    discharge_ratio: 0.1
    depth_of_discharge: 0.4
  Li-ion:
    cost: 201.035
    lifetime: 16.061
    annual_cost: 12.516966564971048
    efficiency: 0.922438
    discharge_ratio: 2
    depth_of_discharge: 0.9
  Pb-acid:
    cost: 109.92
    lifetime: 11.9756
    annual_cost: 9.178663282006747
    efficiency: 0.741154
    discharge_ratio: 5
    depth_of_discharge: 0.5
  VRBF:
    cost: 171.562
    lifetime: 18.3415
    annual_cost: 9.353760597552
    efficiency: 0.72174
    discharge_ratio: 0.5
    depth_of_discharge: 1.0
