cost_values:
  wind_capex: 5000.0
  wind_opex: 100
  wind_lifetime: 20
  solar_capex: 1000.0
  solar_opex: 10
  solar_lifetime: 20
  carbon_price: 1.0
timeseries_values:
  load_level: 239119.5347402726
  wind_year: 2012
  solar_year: 2013
  price_year: 2023
  carbon_year: 2023
storage_values:
  CAES:
    cost: 47.7812
    lifetime: 24.185
    annual_cost: 1.975654331197023
    efficiency: 0.573038
    discharge_ratio: 0.1
    depth_of_discharge: 0.4
  Li-ion:
    cost: 201.335
    lifetime: 15.6247
    annual_cost: 12.88568740519818
    efficiency: 0.9337
    discharge_ratio: 2
    depth_of_discharge: 0.9
  Pb-acid:
    cost: 99.4459
    lifetime: 12.2495
    annual_cost: 8.118364014857749
    efficiency: 0.715082
    discharge_ratio: 5
    depth_of_discharge: 0.5
  VRBF:
    cost: 168.403
    lifetime: 15.5008
    annual_cost: 10.864148947151115
    efficiency: 0.745884
    discharge_ratio: 0.5
    depth_of_discharge: 1.0
