cost_values:
  wind_capex: 5000.0
  wind_opex: 100
  wind_lifetime: 20
  solar_capex: 1000.0
  solar_opex: 10
  solar_lifetime: 20
  carbon_price: 1.0
timeseries_values:
  load_level: 280922.851210587
  wind_year: 2014
  solar_year: 2013
  price_year: 2023
  carbon_year: 2023
storage_values:
  CAES:
    cost: 39.6945
    lifetime: 25.7814
    annual_cost: 1.53965649654402
    efficiency: 0.585921
    discharge_ratio: 0.1
    depth_of_discharge: 0.4
  Li-ion:
    cost: 153.477
    lifetime: 24.271
    annual_cost: 6.323472456841498
    efficiency: 0.907712
    discharge_ratio: 2
    depth_of_discharge: 0.9
  Pb-acid:
    cost: 185.452
    lifetime: 13.0175
    annual_cost: 14.246360668331093
    efficiency: 0.751825
    discharge_ratio: 5
    depth_of_discharge: 0.5
  VRBF:
    cost: 187.647
    lifetime: 26.1586
    annual_cost: 7.1734343581078495
    efficiency: 0.768057
    discharge_ratio: 0.5
    depth_of_discharge: 1.0
