cost_values:
  wind_capex: 5000.0
  wind_opex: 100
  wind_lifetime: 20
  solar_capex: 1000.0
  solar_opex: 10
  solar_lifetime: 20
  carbon_price: 1.0
timeseries_values:
  load_level: 280922.851210587
  wind_year: 2014
  solar_year: 2013
  price_year: 2023
  carbon_year: 2023
storage_values:
  CAES:
    cost: 45.7651
    lifetime: 25.8372
    annual_cost: 1.7712871363770066
    efficiency: 0.576402
    discharge_ratio: 0.1
    depth_of_discharge: 0.4
  Li-ion:
    cost: 149.027
    lifetime: 28.8081
    annual_cost: 5.173093678514029
    efficiency: 0.919686
    discharge_ratio: 2
    depth_of_discharge: 0.9
  Pb-acid:
    cost: 179.305
    lifetime: 15.2432
    annual_cost: 11.762950036737694
    efficiency: 0.766337
    discharge_ratio: 5
    depth_of_discharge: 0.5
  VRBF:
    cost: 186.911
    lifetime: 26.7301
    annual_cost: 6.992529021589893
    efficiency: 0.769006
    discharge_ratio: 0.5
    depth_of_discharge: 1.0
