cost_values:
  wind_capex: 5000.0
  wind_opex: 100
  wind_lifetime: 20
  solar_capex: 1000.0
  solar_opex: 10
  solar_lifetime: 20
  carbon_price: 1.0
timeseries_values:
  load_level: 280922.851210587
  wind_year: 2014
  solar_year: 2013
  price_year: 2023
  carbon_year: 2023
storage_values:
  CAES:
    cost: 44.806
    lifetime: 26.5737
    annual_cost: 1.6861031772015187
    efficiency: 0.577447
    discharge_ratio: 0.1
    depth_of_discharge: 0.4
  Li-ion:
    cost: 145.068
    lifetime: 26.3842
    annual_cost: 5.498290643642787
    efficiency: 0.911065
    discharge_ratio: 2
    depth_of_discharge: 0.9
  Pb-acid:
    cost: 183.589
    lifetime: 11.6777
    annual_cost: 15.721332111631572
    efficiency: 0.763224
    discharge_ratio: 5
    depth_of_discharge: 0.5
  VRBF:
    cost: 175.418
    lifetime: 25.4354
    annual_cost: 6.896608663516202
    efficiency: 0.793581
    discharge_ratio: 0.5
    depth_of_discharge: 1.0
