cost_values:
  wind_capex: 5000.0
  wind_opex: 100
  wind_lifetime: 20
  solar_capex: 1000.0
  solar_opex: 10
  solar_lifetime: 20
  carbon_price: 1.0
timeseries_values:
  load_level: 280922.851210587
  wind_year: 2014
  solar_year: 2013
  price_year: 2023
  carbon_year: 2023
storage_values:
  CAES:
    cost: 40.3806
    lifetime: 26.7823
    annual_cost: 1.5077345859018831
    efficiency: 0.585966
    discharge_ratio: 0.1
    depth_of_discharge: 0.4
  Li-ion:
    cost: 151.418
    lifetime: 26.0486
    annual_cost: 5.812903572552844
    efficiency: 0.910926
    discharge_ratio: 2
    depth_of_discharge: 0.9
  Pb-acid:
    cost: 157.787
    lifetime: 11.3399
    annual_cost: 13.914320232100813
    efficiency: 0.744432
    discharge_ratio: 5
    depth_of_discharge: 0.5
  VRBF:
    cost: 167.623
    lifetime: 24.232
    annual_cost: 6.917423241994057
    efficiency: 0.784213
    discharge_ratio: 0.5
    depth_of_discharge: 1.0
