cost_values:
  wind_capex: 5000.0
  wind_opex: 100
  wind_lifetime: 20
  solar_capex: 1000.0
  solar_opex: 10
  solar_lifetime: 20
  carbon_price: 1.0
timeseries_values:
  load_level: 280922.851210587
  wind_year: 2014
  solar_year: 2013
  price_year: 2023
  carbon_year: 2023
storage_values:
  CAES:
    cost: 39.6044
    lifetime: 27.7483
    annual_cost: 1.4272730221310854
    efficiency: 0.580813
    discharge_ratio: 0.1
    depth_of_discharge: 0.4
  Li-ion:
    cost: 132.082
    lifetime: 24.3694
    annual_cost: 5.419993926809852
    efficiency: 0.898188
    discharge_ratio: 2
    depth_of_discharge: 0.9
  Pb-acid:
    cost: 161.094
    lifetime: 12.847
    annual_cost: 12.539425546820269
    efficiency: 0.764043
    discharge_ratio: 5
    depth_of_discharge: 0.5
  VRBF:
    cost: 206.456
    lifetime: 26.9353
    annual_cost: 7.664885856107041
    efficiency: 0.742326
    discharge_ratio: 0.5
    depth_of_discharge: 1.0
