cost_values:
  wind_capex: 5000.0
  wind_opex: 100
  wind_lifetime: 20
  solar_capex: 1000.0
  solar_opex: 10
  solar_lifetime: 20
  carbon_price: 1.0
timeseries_values:
  load_level: 280922.851210587
  wind_year: 2014
  solar_year: 2013
  price_year: 2023
  carbon_year: 2023
storage_values:
  CAES:
    cost: 32.5038
    lifetime: 26.7132
    annual_cost: 1.216769237680248
    efficiency: 0.575649
    discharge_ratio: 0.1
    depth_of_discharge: 0.4
  Li-ion:
    cost: 135.962
    lifetime: 26.4398
    annual_cost: 5.1423233156075305
    efficiency: 0.911808
    discharge_ratio: 2
    depth_of_discharge: 0.9
  Pb-acid:
    cost: 166.669
    lifetime: 12.3313
    annual_cost: 13.515931004841338
    efficiency: 0.757945
    discharge_ratio: 5
    depth_of_discharge: 0.5
  VRBF:
    cost: 181.14
    lifetime: 25.9843
    annual_cost: 6.971132568512524
    efficiency: 0.772846
    discharge_ratio: 0.5
    depth_of_discharge: 1.0
