cost_values:
  wind_capex: 5000.0
  wind_opex: 100
  wind_lifetime: 20
  solar_capex: 1000.0
  solar_opex: 10
  solar_lifetime: 20
  carbon_price: 1.0
timeseries_values:
  load_level: 280922.851210587
  wind_year: 2014
  solar_year: 2013
  price_year: 2023
  carbon_year: 2023
storage_values:
  CAES:
    cost: 40.2293
    lifetime: 26.9637
    annual_cost: 1.4919799582401525
    efficiency: 0.580624
    discharge_ratio: 0.1
    depth_of_discharge: 0.4
  Li-ion:
    cost: 144.417
    lifetime: 26.3136
    annual_cost: 5.488302626778548
    efficiency: 0.908263
    discharge_ratio: 2
    depth_of_discharge: 0.9
  Pb-acid:
    cost: 181.637
    lifetime: 12.8121
    annual_cost: 14.176988940142522
    efficiency: 0.756532
    discharge_ratio: 5
    depth_of_discharge: 0.5
  VRBF:
    cost: 179.95
    lifetime: 25.7812
    annual_cost: 6.97989232463966
    efficiency: 0.782164
    discharge_ratio: 0.5
    depth_of_discharge: 1.0
