cost_values:
  wind_capex: 5000.0
  wind_opex: 100
  wind_lifetime: 20
  solar_capex: 1000.0
  solar_opex: 10
  solar_lifetime: 20
  carbon_price: 1.0
timeseries_values:
  load_level: 280922.851210587
  wind_year: 2014
  solar_year: 2013
  price_year: 2023
  carbon_year: 2023
storage_values:
  CAES:
    cost: 38.2057
    lifetime: 26.0158
    annual_cost: 1.4685575688619994
    efficiency: 0.590358
    discharge_ratio: 0.1
    depth_of_discharge: 0.4
  Li-ion:
    cost: 145.144
    lifetime: 25.4455
    annual_cost: 5.704112711481402
    efficiency: 0.915026
    discharge_ratio: 2
    depth_of_discharge: 0.9
  Pb-acid:
    cost: 188.34
    lifetime: 13.1774
    annual_cost: 14.292652571827523
    efficiency: 0.761459
    discharge_ratio: 5
    depth_of_discharge: 0.5
  VRBF:
    cost: 175.087
    lifetime: 25.6005
    annual_cost: 6.839202359328919
    efficiency: 0.7794
    discharge_ratio: 0.5
    depth_of_discharge: 1.0
