cost_values:
  wind_capex: 5000.0
  wind_opex: 100
  wind_lifetime: 20
  solar_capex: 1000.0
  solar_opex: 10
  solar_lifetime: 20
  carbon_price: 1.0
timeseries_values:
  load_level: 280922.851210587
  wind_year: 2014
  solar_year: 2013
  price_year: 2023
  carbon_year: 2023
storage_values:
  CAES:
    cost: 36.7591
    lifetime: 25.4547
    annual_cost: 1.444098732257697
    efficiency: 0.592132
    discharge_ratio: 0.1
    depth_of_discharge: 0.4
  Li-ion:
    cost: 131.694
    lifetime: 24.7002
    annual_cost: 5.331697719046809
    efficiency: 0.91593
    discharge_ratio: 2
    depth_of_discharge: 0.9
  Pb-acid:
    cost: 155.027
    lifetime: 12.8489
    annual_cost: 12.06539081166481
    efficiency: 0.754707
    discharge_ratio: 5
    depth_of_discharge: 0.5
  VRBF:
    cost: 150.029
    lifetime: 26.1567
    annual_cost: 5.7357770666789
    efficiency: 0.808022
    discharge_ratio: 0.5
    depth_of_discharge: 1.0
