cost_values:
  wind_capex: 5000.0
  wind_opex: 100
  wind_lifetime: 20
  solar_capex: 1000.0
  solar_opex: 10
  solar_lifetime: 20
  carbon_price: 1.0
timeseries_values:
  load_level: 280922.851210587
  wind_year: 2014
  solar_year: 2013
  price_year: 2023
  carbon_year: 2023
storage_values:
  CAES:
    cost: 38.6703
    lifetime: 26.5056
    annual_cost: 1.4589482977182178
    efficiency: 0.580306
    discharge_ratio: 0.1
    depth_of_discharge: 0.4
  Li-ion:
    cost: 118.261
    lifetime: 26.3398
    annual_cost: 4.489821486875375
    efficiency: 0.915386
    discharge_ratio: 2
    depth_of_discharge: 0.9
  Pb-acid:
    cost: 161.524
    lifetime: 12.3402
    annual_cost: 13.089253010486054
    efficiency: 0.764213
    discharge_ratio: 5
    depth_of_discharge: 0.5
  VRBF:
    cost: 181.507
    lifetime: 28.0689
    annual_cost: 6.466480695716612
    efficiency: 0.790446
    discharge_ratio: 0.5
    depth_of_discharge: 1.0
