cost_values:
  wind_capex: 5000.0
  wind_opex: 100
  wind_lifetime: 20
  solar_capex: 1000.0
  solar_opex: 10
  solar_lifetime: 20
  carbon_price: 1.0
timeseries_values:
  load_level: 280922.851210587
  wind_year: 2014
  solar_year: 2013
  price_year: 2023
  carbon_year: 2023
storage_values:
  CAES:
    cost: 34.2864
    lifetime: 27.0128
    annual_cost: 1.2692649410649768
    efficiency: 0.579693
    discharge_ratio: 0.1
    depth_of_discharge: 0.4
  Li-ion:
    cost: 133.188
    lifetime: 26.152
    annual_cost: 5.092841847659834
    efficiency: 0.898217
    discharge_ratio: 2
    depth_of_discharge: 0.9
  Pb-acid:
    cost: 151.045
    lifetime: 11.5372
    annual_cost: 13.09199805845439
    efficiency: 0.751242
    discharge_ratio: 5
    depth_of_discharge: 0.5
  VRBF:
    cost: 150.571
    lifetime: 27.0945
    annual_cost: 5.557253317093875
    efficiency: 0.778246
    discharge_ratio: 0.5
    depth_of_discharge: 1.0
