cost_values:
  wind_capex: 5000.0
  wind_opex: 100
  wind_lifetime: 20
  solar_capex: 1000.0
  solar_opex: 10
  solar_lifetime: 20
  carbon_price: 1.0
timeseries_values:
  load_level: 280922.851210587
  wind_year: 2014
  solar_year: 2013
  price_year: 2023
  carbon_year: 2023
storage_values:
  CAES:
    cost: 47.6148
    lifetime: 26.8659
    annual_cost: 1.7723136020010497
    efficiency: 0.585654
    discharge_ratio: 0.1
    depth_of_discharge: 0.4
  Li-ion:
    cost: 147.823
    lifetime: 27.1927
    annual_cost: 5.436128078491654
    efficiency: 0.91257
    discharge_ratio: 2
    depth_of_discharge: 0.9
  Pb-acid:
    cost: 165.32
    lifetime: 11.607
    annual_cost: 14.243129146204877
    efficiency: 0.749848
    discharge_ratio: 5
    depth_of_discharge: 0.5
  VRBF:
    cost: 169.372
    lifetime: 27.3327
    annual_cost: 6.19668016697948
    efficiency: 0.751895
    discharge_ratio: 0.5
    depth_of_discharge: 1.0
