cost_values:
  wind_capex: 5000.0
  wind_opex: 100
  wind_lifetime: 20
  solar_capex: 1000.0
  solar_opex: 10
  solar_lifetime: 20
  carbon_price: 1.0
timeseries_values:
  load_level: 280922.851210587
  wind_year: 2014
  solar_year: 2013
  price_year: 2023
  carbon_year: 2023
storage_values:
  CAES:
    cost: 35.534
    lifetime: 25.1067
    annual_cost: 1.415319416729399
    efficiency: 0.580637
    discharge_ratio: 0.1
    depth_of_discharge: 0.4
  Li-ion:
    cost: 133.554
    lifetime: 24.3819
    annual_cost: 5.477587882814711
    efficiency: 0.915318
    discharge_ratio: 2
    depth_of_discharge: 0.9
  Pb-acid:
    cost: 158.245
    lifetime: 13.6544
    annual_cost: 11.589304546519802
    efficiency: 0.743917
    discharge_ratio: 5
    depth_of_discharge: 0.5
  VRBF:
    cost: 175.788
    lifetime: 27.1772
    annual_cost: 6.468216004592085
    efficiency: 0.781385
    discharge_ratio: 0.5
    depth_of_discharge: 1.0
