cost_values:
  wind_capex: 5000.0
  wind_opex: 100
  wind_lifetime: 20
  solar_capex: 1000.0
  solar_opex: 10
  solar_lifetime: 20
  carbon_price: 1.0
timeseries_values:
  load_level: 280922.851210587
  wind_year: 2014
  solar_year: 2013
  price_year: 2023
  carbon_year: 2023
storage_values:
  CAES:
    cost: 48.5634
    lifetime: 27.6058
    annual_cost: 1.7591737968108152
    efficiency: 0.58084
    discharge_ratio: 0.1
    depth_of_discharge: 0.4
  Li-ion:
    cost: 131.594
    lifetime: 24.2
    annual_cost: 5.437768595041322
    efficiency: 0.904897
    discharge_ratio: 2
    depth_of_discharge: 0.9
  Pb-acid:
    cost: 165.98
    lifetime: 11.0569
    annual_cost: 15.011440819759605
    efficiency: 0.751146
    discharge_ratio: 5
    depth_of_discharge: 0.5
  VRBF:
    cost: 178.883
    lifetime: 28.7489
    annual_cost: 6.222255460208913
    efficiency: 0.786909
    discharge_ratio: 0.5
    depth_of_discharge: 1.0
