cost_values:
  wind_capex: 5000.0
  wind_opex: 100
  wind_lifetime: 20
  solar_capex: 1000.0
  solar_opex: 10
  solar_lifetime: 20
  carbon_price: 1.0
timeseries_values:
  load_level: 280922.851210587
  wind_year: 2014
  solar_year: 2013
  price_year: 2023
  carbon_year: 2023
storage_values:
  CAES:
    cost: 35.3965
    lifetime: 26.4905
    annual_cost: 1.3361959947905855
    efficiency: 0.585498
    discharge_ratio: 0.1
    depth_of_discharge: 0.4
  Li-ion:
    cost: 149.437
    lifetime: 27.7327
    annual_cost: 5.388476419533619
    efficiency: 0.918227
    discharge_ratio: 2
    depth_of_discharge: 0.9
  Pb-acid:
    cost: 184.785
    lifetime: 12.7553
    annual_cost: 14.486919163014589
    efficiency: 0.761405
    discharge_ratio: 5
    depth_of_discharge: 0.5
  VRBF:
    cost: 175.349
    lifetime: 26.4616
    annual_cost: 6.626545635940381
    efficiency: 0.795759
    discharge_ratio: 0.5
    depth_of_discharge: 1.0
