cost_values:
  wind_capex: 5000.0
  wind_opex: 100
  wind_lifetime: 20
  solar_capex: 1000.0
  solar_opex: 10
  solar_lifetime: 20
  carbon_price: 1.0
timeseries_values:
  load_level: 280922.851210587
  wind_year: 2014
  solar_year: 2013
  price_year: 2023
  carbon_year: 2023
storage_values:
  CAES:
    cost: 42.351
    lifetime: 26.3458
    annual_cost: 1.6075048015243416
    efficiency: 0.577591
    discharge_ratio: 0.1
    depth_of_discharge: 0.4
  Li-ion:
    cost: 137.421
    lifetime: 25.087
    annual_cost: 5.477777334874636
    efficiency: 0.920688
    discharge_ratio: 2
    depth_of_discharge: 0.9
  Pb-acid:
    cost: 155.976
    lifetime: 11.2394
    annual_cost: 13.877609125042262
    efficiency: 0.777318
    discharge_ratio: 5
    depth_of_discharge: 0.5
  VRBF:
    cost: 188.287
    lifetime: 25.1437
    annual_cost: 7.488436467186612
    efficiency: 0.75015
    discharge_ratio: 0.5
    depth_of_discharge: 1.0
