cost_values:
  wind_capex: 5000.0
  wind_opex: 100
  wind_lifetime: 20
  solar_capex: 1000.0
  solar_opex: 10
  solar_lifetime: 20
  carbon_price: 1.0
timeseries_values:
  load_level: 280922.851210587
  wind_year: 2014
  solar_year: 2013
  price_year: 2023
  carbon_year: 2023
storage_values:
  CAES:
    cost: 42.3664
    lifetime: 26.5169
    annual_cost: 1.597713156515279
    efficiency: 0.594992
    discharge_ratio: 0.1
    depth_of_discharge: 0.4
  Li-ion:
    cost: 147.855
    lifetime: 27.313
    annual_cost: 5.413356277230623
    efficiency: 0.921024
    discharge_ratio: 2
    depth_of_discharge: 0.9
  Pb-acid:
    cost: 181.37
    lifetime: 13.0767
    annual_cost: 13.869707189122638
    efficiency: 0.75383
    discharge_ratio: 5
    depth_of_discharge: 0.5
  VRBF:
    cost: 177.864
    lifetime: 26.5421
    annual_cost: 6.701202994488002
    efficiency: 0.787823
    discharge_ratio: 0.5
    depth_of_discharge: 1.0
