cost_values:
  wind_capex: 5000.0
  wind_opex: 100
  wind_lifetime: 20
  solar_capex: 1000.0
  solar_opex: 10
  solar_lifetime: 20
  carbon_price: 1.0
timeseries_values:
  load_level: 280922.851210587
  wind_year: 2014
  solar_year: 2013
  price_year: 2023
  carbon_year: 2023
storage_values:
  CAES:
    cost: 40.9929
    lifetime: 26.0982
    annual_cost: 1.5707175207485573
    efficiency: 0.590653
    discharge_ratio: 0.1
    depth_of_discharge: 0.4
  Li-ion:
    cost: 135.651
    lifetime: 23.632
    annual_cost: 5.740140487474611
    efficiency: 0.924619
    discharge_ratio: 2
    depth_of_discharge: 0.9
  Pb-acid:
    cost: 184.453
    lifetime: 13.5925
    annual_cost: 13.570204156704065
    efficiency: 0.753504
    discharge_ratio: 5
    depth_of_discharge: 0.5
  VRBF:
    cost: 188.651
    lifetime: 26.8197
    annual_cost: 7.0340458692677394
    efficiency: 0.808141
    discharge_ratio: 0.5
    depth_of_discharge: 1.0
