cost_values:
  wind_capex: 5000.0
  wind_opex: 100
  wind_lifetime: 20
  solar_capex: 1000.0
  solar_opex: 10
  solar_lifetime: 20
  carbon_price: 1.0
timeseries_values:
  load_level: 280922.851210587
  wind_year: 2014
  solar_year: 2013
  price_year: 2023
  carbon_year: 2023
storage_values:
  CAES:
    cost: 40.6281
    lifetime: 26.6101
    annual_cost: 1.5267924585025987
    efficiency: 0.582845
    discharge_ratio: 0.1
    depth_of_discharge: 0.4
  Li-ion:
    cost: 149.542
    lifetime: 24.0298
    annual_cost: 6.223189539654928
    efficiency: 0.908263
    discharge_ratio: 2
    depth_of_discharge: 0.9
  Pb-acid:
    cost: 175.359
    lifetime: 13.2915
    annual_cost: 13.193319038483242
    efficiency: 0.759664
    discharge_ratio: 5
    depth_of_discharge: 0.5
  VRBF:
    cost: 145.246
    lifetime: 25.33
    annual_cost: 5.734149230161864
    efficiency: 0.749753
    discharge_ratio: 0.5
    depth_of_discharge: 1.0
