cost_values:
  wind_capex: 5000.0
  wind_opex: 100
  wind_lifetime: 20
  solar_capex: 1000.0
  solar_opex: 10
  solar_lifetime: 20
  carbon_price: 1.0
timeseries_values:
  load_level: 280922.851210587
  wind_year: 2014
  solar_year: 2013
  price_year: 2023
  carbon_year: 2023
storage_values:
  CAES:
    cost: 45.1596
    lifetime: 26.3208
    annual_cost: 1.715738123461293
    efficiency: 0.581989
    discharge_ratio: 0.1
    depth_of_discharge: 0.4
  Li-ion:
    cost: 137.102
    lifetime: 27.3004
    annual_cost: 5.02197769996044
    efficiency: 0.907383
    discharge_ratio: 2
    depth_of_discharge: 0.9
  Pb-acid:
    cost: 174.049
    lifetime: 12.1699
    annual_cost: 14.301596562009548
    efficiency: 0.758546
    discharge_ratio: 5
    depth_of_discharge: 0.5
  VRBF:
    cost: 181.654
    lifetime: 27.1134
    annual_cost: 6.6997868212765646
    efficiency: 0.784191
    discharge_ratio: 0.5
    depth_of_discharge: 1.0
