cost_values:
  wind_capex: 5000.0
  wind_opex: 100
  wind_lifetime: 20
  solar_capex: 1000.0
  solar_opex: 10
  solar_lifetime: 20
  carbon_price: 1.0
timeseries_values:
  load_level: 280922.851210587
  wind_year: 2014
  solar_year: 2013
  price_year: 2023
  carbon_year: 2023
storage_values:
  CAES:
    cost: 37.0199
    lifetime: 26.5115
    annual_cost: 1.3963713860023008
    efficiency: 0.573419
    discharge_ratio: 0.1
    depth_of_discharge: 0.4
  Li-ion:
    cost: 120.075
    lifetime: 24.8993
    annual_cost: 4.822424726799548
    efficiency: 0.910155
    discharge_ratio: 2
    depth_of_discharge: 0.9
  Pb-acid:
    cost: 170.555
    lifetime: 14.0194
    annual_cost: 12.165641896229511
    efficiency: 0.749031
    discharge_ratio: 5
    depth_of_discharge: 0.5
  VRBF:
    cost: 169.604
    lifetime: 28.0091
    annual_cost: 6.055317736021507
    efficiency: 0.753286
    discharge_ratio: 0.5
    depth_of_discharge: 1.0
