cost_values:
  wind_capex: 5000.0
  wind_opex: 100
  wind_lifetime: 20
  solar_capex: 1000.0
  solar_opex: 10
  solar_lifetime: 20
  carbon_price: 1.0
timeseries_values:
  load_level: 280922.851210587
  wind_year: 2014
  solar_year: 2013
  price_year: 2023
  carbon_year: 2023
storage_values:
  CAES:
    cost: 45.1996
    lifetime: 27.4655
    annual_cost: 1.6456864065828039
    efficiency: 0.577308
    discharge_ratio: 0.1
    depth_of_discharge: 0.4
  Li-ion:
    cost: 156.113
    lifetime: 27.746
    annual_cost: 5.626504721401283
    efficiency: 0.908062
    discharge_ratio: 2
    depth_of_discharge: 0.9
  Pb-acid:
    cost: 185.382
    lifetime: 11.5254
    annual_cost: 16.08464782133375
    efficiency: 0.762331
    discharge_ratio: 5
    depth_of_discharge: 0.5
  VRBF:
    cost: 184.406
    lifetime: 27.3193
    annual_cost: 6.75002653801525
    efficiency: 0.7581
    discharge_ratio: 0.5
    depth_of_discharge: 1.0
