cost_values:
  wind_capex: 5000.0
  wind_opex: 100
  wind_lifetime: 20
  solar_capex: 1000.0
  solar_opex: 10
  solar_lifetime: 20
  carbon_price: 1.0
timeseries_values:
  load_level: 280922.851210587
  wind_year: 2014
  solar_year: 2013
  price_year: 2023
  carbon_year: 2023
storage_values:
  CAES:
    cost: 33.3037
    lifetime: 26.3444
    annual_cost: 1.264166198508981
    efficiency: 0.583655
    discharge_ratio: 0.1
    depth_of_discharge: 0.4
  Li-ion:
    cost: 136.16
    lifetime: 24.3067
    annual_cost: 5.601747666281313
    efficiency: 0.886749
    discharge_ratio: 2
    depth_of_discharge: 0.9
  Pb-acid:
    cost: 188.497
    lifetime: 11.9303
    annual_cost: 15.79985415287126
    efficiency: 0.749211
    discharge_ratio: 5
    depth_of_discharge: 0.5
  VRBF:
    cost: 203.577
    lifetime: 28.1425
    annual_cost: 7.233792307008972
    efficiency: 0.786214
    discharge_ratio: 0.5
    depth_of_discharge: 1.0
