cost_values:
  wind_capex: 5000.0
  wind_opex: 100
  wind_lifetime: 20
  solar_capex: 1000.0
  solar_opex: 10
  solar_lifetime: 20
  carbon_price: 1.0
timeseries_values:
  load_level: 280922.851210587
  wind_year: 2014
  solar_year: 2013
  price_year: 2023
  carbon_year: 2023
storage_values:
  CAES:
    cost: 45.3545
    lifetime: 25.4925
    annual_cost: 1.7791311169951947
    efficiency: 0.575473
    discharge_ratio: 0.1
    depth_of_discharge: 0.4
  Li-ion:
    cost: 150.949
    lifetime: 28.7258
    annual_cost: 5.254823190302795
    efficiency: 0.910677
    discharge_ratio: 2
    depth_of_discharge: 0.9
  Pb-acid:
    cost: 166.711
    lifetime: 12.8398
    annual_cost: 12.983924983255191
    efficiency: 0.757466
    discharge_ratio: 5
    depth_of_discharge: 0.5
  VRBF:
    cost: 170.281
    lifetime: 27.6665
    annual_cost: 6.154772016698896
    efficiency: 0.779815
    discharge_ratio: 0.5
    depth_of_discharge: 1.0
