cost_values:
  wind_capex: 5000.0
  wind_opex: 100
  wind_lifetime: 20
  solar_capex: 1000.0
  solar_opex: 10
  solar_lifetime: 20
  carbon_price: 1.0
timeseries_values:
  load_level: 280922.851210587
  wind_year: 2014
  solar_year: 2013
  price_year: 2023
  carbon_year: 2023
storage_values:
  CAES:
    cost: 43.8795
    lifetime: 26.095
    annual_cost: 1.6815290285495306
    efficiency: 0.588752
    discharge_ratio: 0.1
    depth_of_discharge: 0.4
  Li-ion:
    cost: 146.098
    lifetime: 26.4478
    annual_cost: 5.524013339483814
    efficiency: 0.913822
    discharge_ratio: 2
    depth_of_discharge: 0.9
  Pb-acid:
    cost: 168.112
    lifetime: 9.9298
    annual_cost: 16.93004894358396
    efficiency: 0.75193
    discharge_ratio: 5
    depth_of_discharge: 0.5
  VRBF:
    cost: 192.992
    lifetime: 25.7564
    annual_cost: 7.492972620397261
    efficiency: 0.776546
    discharge_ratio: 0.5
    depth_of_discharge: 1.0
