cost_values:
  wind_capex: 5000.0
  wind_opex: 100
  wind_lifetime: 20
  solar_capex: 1000.0
  solar_opex: 10
  solar_lifetime: 20
  carbon_price: 1.0
timeseries_values:
  load_level: 280922.851210587
  wind_year: 2014
  solar_year: 2013
  price_year: 2023
  carbon_year: 2023
storage_values:
  CAES:
    cost: 40.4636
    lifetime: 26.6193
    annual_cost: 1.5200850510719666
    efficiency: 0.565889
    discharge_ratio: 0.1
    depth_of_discharge: 0.4
  Li-ion:
    cost: 130.39
    lifetime: 22.9739
    annual_cost: 5.675570974018342
    efficiency: 0.903975
    discharge_ratio: 2
    depth_of_discharge: 0.9
  Pb-acid:
    cost: 176.075
    lifetime: 13.4433
    annual_cost: 13.09760252318999
    efficiency: 0.760122
    discharge_ratio: 5
    depth_of_discharge: 0.5
  VRBF:
    cost: 195.554
    lifetime: 26.4263
    annual_cost: 7.399976538524122
    efficiency: 0.773716
    discharge_ratio: 0.5
    depth_of_discharge: 1.0
