cost_values:
  wind_capex: 5000.0
  wind_opex: 100
  wind_lifetime: 20
  solar_capex: 1000.0
  solar_opex: 10
  solar_lifetime: 20
  carbon_price: 1.0
timeseries_values:
  load_level: 280922.851210587
  wind_year: 2014
  solar_year: 2013
  price_year: 2023
  carbon_year: 2023
storage_values:
  CAES:
    cost: 41.8168
    lifetime: 26.2687
    annual_cost: 1.5918869224590484
    efficiency: 0.581798
    discharge_ratio: 0.1
    depth_of_discharge: 0.4
  Li-ion:
    cost: 141.576
    lifetime: 25.9488
    annual_cost: 5.455974842767295
    efficiency: 0.931556
    discharge_ratio: 2
    depth_of_discharge: 0.9
  Pb-acid:
    cost: 188.293
    lifetime: 13.2877
    annual_cost: 14.170473445366769
    efficiency: 0.752496
    discharge_ratio: 5
    depth_of_discharge: 0.5
  VRBF:
    cost: 175.611
    lifetime: 27.3948
    annual_cost: 6.4103771518682375
    efficiency: 0.758403
    discharge_ratio: 0.5
    depth_of_discharge: 1.0
