cost_values:
  wind_capex: 5000.0
  wind_opex: 100
  wind_lifetime: 20
  solar_capex: 1000.0
  solar_opex: 10
  solar_lifetime: 20
  carbon_price: 1.0
timeseries_values:
  load_level: 280922.851210587
  wind_year: 2014
  solar_year: 2013
  price_year: 2023
  carbon_year: 2023
storage_values:
  CAES:
    cost: 32.2439
    lifetime: 25.9671
    annual_cost: 1.2417212549726384
    efficiency: 0.5881
    discharge_ratio: 0.1
    depth_of_discharge: 0.4
  Li-ion:
    cost: 134.106
    lifetime: 25.4575
    annual_cost: 5.267838554453501
    efficiency: 0.915691
    discharge_ratio: 2
    depth_of_discharge: 0.9
  Pb-acid:
    cost: 185.271
    lifetime: 12.8102
    annual_cost: 14.462771853679099
    efficiency: 0.765658
    discharge_ratio: 5
    depth_of_discharge: 0.5
  VRBF:
    cost: 191.568
    lifetime: 26.7231
    annual_cost: 7.168629388057524
    efficiency: 0.77396
    discharge_ratio: 0.5
    depth_of_discharge: 1.0
