cost_values:
  wind_capex: 5000.0
  wind_opex: 100
  wind_lifetime: 20
  solar_capex: 1000.0
  solar_opex: 10
  solar_lifetime: 20
  carbon_price: 1.0
timeseries_values:
  load_level: 280922.851210587
  wind_year: 2014
  solar_year: 2013
  price_year: 2023
  carbon_year: 2023
storage_values:
  CAES:
    cost: 42.7873
    lifetime: 26.605
    annual_cost: 1.6082428115015974
    efficiency: 0.578618
    discharge_ratio: 0.1
    depth_of_discharge: 0.4
  Li-ion:
    cost: 145.585
    lifetime: 26.1644
    annual_cost: 5.564239959639816
    efficiency: 0.905094
    discharge_ratio: 2
    depth_of_discharge: 0.9
  Pb-acid:
    cost: 160.256
    lifetime: 11.7294
    annual_cost: 13.662761948607772
    efficiency: 0.766169
    discharge_ratio: 5
    depth_of_discharge: 0.5
  VRBF:
    cost: 166.087
    lifetime: 25.8234
    annual_cost: 6.431647265658278
    efficiency: 0.777908
    discharge_ratio: 0.5
    depth_of_discharge: 1.0
