cost_values:
  wind_capex: 5000.0
  wind_opex: 100
  wind_lifetime: 20
  solar_capex: 1000.0
  solar_opex: 10
  solar_lifetime: 20
  carbon_price: 1.0
timeseries_values:
  load_level: 280922.851210587
  wind_year: 2014
  solar_year: 2013
  price_year: 2023
  carbon_year: 2023
storage_values:
  CAES:
    cost: 41.3948
    lifetime: 26.0193
    annual_cost: 1.590926735154289
    efficiency: 0.581309
    discharge_ratio: 0.1
    depth_of_discharge: 0.4
  Li-ion:
    cost: 137.188
    lifetime: 28.3955
    annual_cost: 4.831328907749467
    efficiency: 0.920122
    discharge_ratio: 2
    depth_of_discharge: 0.9
  Pb-acid:
    cost: 152.703
    lifetime: 13.0581
    annual_cost: 11.69412089048177
    efficiency: 0.745629
    discharge_ratio: 5
    depth_of_discharge: 0.5
  VRBF:
    cost: 206.423
    lifetime: 26.4953
    annual_cost: 7.790928957211279
    efficiency: 0.7701
    discharge_ratio: 0.5
    depth_of_discharge: 1.0
