cost_values:
  wind_capex: 5000.0
  wind_opex: 100
  wind_lifetime: 20
  solar_capex: 1000.0
  solar_opex: 10
  solar_lifetime: 20
  carbon_price: 1.0
timeseries_values:
  load_level: 280922.851210587
  wind_year: 2014
  solar_year: 2013
  price_year: 2023
  carbon_year: 2023
storage_values:
  CAES:
    cost: 35.7791
    lifetime: 26.694
    annual_cost: 1.340342399040983
    efficiency: 0.576005
    discharge_ratio: 0.1
    depth_of_discharge: 0.4
  Li-ion:
    cost: 151.616
    lifetime: 25.4133
    annual_cost: 5.966009923937467
    efficiency: 0.918201
    discharge_ratio: 2
    depth_of_discharge: 0.9
  Pb-acid:
    cost: 166.883
    lifetime: 13.9085
    annual_cost: 11.998633928892405
    efficiency: 0.754024
    discharge_ratio: 5
    depth_of_discharge: 0.5
  VRBF:
    cost: 179.454
    lifetime: 27.2726
    annual_cost: 6.580010706716632
    efficiency: 0.770276
    discharge_ratio: 0.5
    depth_of_discharge: 1.0
