cost_values:
  wind_capex: 5000.0
  wind_opex: 100
  wind_lifetime: 20
  solar_capex: 1000.0
  solar_opex: 10
  solar_lifetime: 20
  carbon_price: 1.0
timeseries_values:
  load_level: 280922.851210587
  wind_year: 2014
  solar_year: 2013
  price_year: 2023
  carbon_year: 2023
storage_values:
  CAES:
    cost: 49.4198
    lifetime: 25.2132
    annual_cost: 1.9600764678819032
    efficiency: 0.580872
    discharge_ratio: 0.1
    depth_of_discharge: 0.4
  Li-ion:
    cost: 107.538
    lifetime: 24.0795
    annual_cost: 4.465956519030711
    efficiency: 0.912973
    discharge_ratio: 2
    depth_of_discharge: 0.9
  Pb-acid:
    cost: 170.473
    lifetime: 11.754
    annual_cost: 14.503403096818106
    efficiency: 0.744113
    discharge_ratio: 5
    depth_of_discharge: 0.5
  VRBF:
    cost: 181.289
    lifetime: 25.1031
    annual_cost: 7.22177739004346
    efficiency: 0.777282
    discharge_ratio: 0.5
    depth_of_discharge: 1.0
