cost_values:
  wind_capex: 5000.0
  wind_opex: 100
  wind_lifetime: 20
  solar_capex: 1000.0
  solar_opex: 10
  solar_lifetime: 20
  carbon_price: 1.0
timeseries_values:
  load_level: 280922.851210587
  wind_year: 2014
  solar_year: 2013
  price_year: 2023
  carbon_year: 2023
storage_values:
  CAES:
    cost: 35.4346
    lifetime: 27.4787
    annual_cost: 1.2895297084651023
    efficiency: 0.584338
    discharge_ratio: 0.1
    depth_of_discharge: 0.4
  Li-ion:
    cost: 115.378
    lifetime: 25.1803
    annual_cost: 4.582074081722617
    efficiency: 0.898207
    discharge_ratio: 2
    depth_of_discharge: 0.9
  Pb-acid:
    cost: 173.2
    lifetime: 13.7168
    annual_cost: 12.626851743846961
    efficiency: 0.753178
    discharge_ratio: 5
    depth_of_discharge: 0.5
  VRBF:
    cost: 196.108
    lifetime: 27.4053
    annual_cost: 7.155842118130435
    efficiency: 0.773102
    discharge_ratio: 0.5
    depth_of_discharge: 1.0
