cost_values:
  wind_capex: 5000.0
  wind_opex: 100
  wind_lifetime: 20
  solar_capex: 1000.0
  solar_opex: 10
  solar_lifetime: 20
  carbon_price: 1.0
timeseries_values:
  load_level: 280922.851210587
  wind_year: 2014
  solar_year: 2013
  price_year: 2023
  carbon_year: 2023
storage_values:
  CAES:
    cost: 36.3601
    lifetime: 26.3353
    annual_cost: 1.3806601785436279
    efficiency: 0.585417
    discharge_ratio: 0.1
    depth_of_discharge: 0.4
  Li-ion:
    cost: 162.259
    lifetime: 26.7089
    annual_cost: 6.075091074510743
    efficiency: 0.91089
    discharge_ratio: 2
    depth_of_discharge: 0.9
  Pb-acid:
    cost: 185.569
    lifetime: 13.3259
    annual_cost: 13.925438431925796
    efficiency: 0.75686
    discharge_ratio: 5
    depth_of_discharge: 0.5
  VRBF:
    cost: 188.74
    lifetime: 28.4196
    annual_cost: 6.6411912905178125
    efficiency: 0.788037
    discharge_ratio: 0.5
    depth_of_discharge: 1.0
