cost_values:
  wind_capex: 5000.0
  wind_opex: 100
  wind_lifetime: 20
  solar_capex: 1000.0
  solar_opex: 10
  solar_lifetime: 20
  carbon_price: 1.0
timeseries_values:
  load_level: 280922.851210587
  wind_year: 2014
  solar_year: 2013
  price_year: 2023
  carbon_year: 2023
storage_values:
  CAES:
    cost: 38.5874
    lifetime: 26.0839
    annual_cost: 1.479356997994932
    efficiency: 0.577046
    discharge_ratio: 0.1
    depth_of_discharge: 0.4
  Li-ion:
    cost: 154.24
    lifetime: 24.6858
    annual_cost: 6.24812645326463
    efficiency: 0.907556
    discharge_ratio: 2
    depth_of_discharge: 0.9
  Pb-acid:
    cost: 175.541
    lifetime: 12.8807
    annual_cost: 13.628218963255103
    efficiency: 0.774928
    discharge_ratio: 5
    depth_of_discharge: 0.5
  VRBF:
    cost: 190.448
    lifetime: 28.3415
    annual_cost: 6.719757246440732
    efficiency: 0.783214
    discharge_ratio: 0.5
    depth_of_discharge: 1.0
