cost_values:
  wind_capex: 5000.0
  wind_opex: 100
  wind_lifetime: 20
  solar_capex: 1000.0
  solar_opex: 10
  solar_lifetime: 20
  carbon_price: 1.0
timeseries_values:
  load_level: 280922.851210587
  wind_year: 2014
  solar_year: 2013
  price_year: 2023
  carbon_year: 2023
storage_values:
  CAES:
    cost: 43.2538
    lifetime: 26.5719
    annual_cost: 1.6278023024322688
    efficiency: 0.588786
    discharge_ratio: 0.1
    depth_of_discharge: 0.4
  Li-ion:
    cost: 128.44
    lifetime: 27.0538
    annual_cost: 4.7475770501740975
    efficiency: 0.906127
    discharge_ratio: 2
    depth_of_discharge: 0.9
  Pb-acid:
    cost: 178.859
    lifetime: 12.2087
    annual_cost: 14.650126549100232
    efficiency: 0.754522
    discharge_ratio: 5
    depth_of_discharge: 0.5
  VRBF:
    cost: 168.636
    lifetime: 26.8709
    annual_cost: 6.275785329110674
    efficiency: 0.776867
    discharge_ratio: 0.5
    depth_of_discharge: 1.0
