cost_values:
  wind_capex: 5000.0
  wind_opex: 100
  wind_lifetime: 20
  solar_capex: 1000.0
  solar_opex: 10
  solar_lifetime: 20
  carbon_price: 1.0
timeseries_values:
  load_level: 280922.851210587
  wind_year: 2014
  solar_year: 2013
  price_year: 2023
  carbon_year: 2023
storage_values:
  CAES:
    cost: 46.2405
    lifetime: 25.8764
    annual_cost: 1.7869757771560184
    efficiency: 0.582353
    discharge_ratio: 0.1
    depth_of_discharge: 0.4
  Li-ion:
    cost: 129.764
    lifetime: 25.8207
    annual_cost: 5.025580251503639
    efficiency: 0.915902
    discharge_ratio: 2
    depth_of_discharge: 0.9
  Pb-acid:
    cost: 177.303
    lifetime: 12.1531
    annual_cost: 14.58911717997877
    efficiency: 0.751171
    discharge_ratio: 5
    depth_of_discharge: 0.5
  VRBF:
    cost: 173.745
    lifetime: 24.7541
    annual_cost: 7.01883728352071
    efficiency: 0.768058
    discharge_ratio: 0.5
    depth_of_discharge: 1.0
