cost_values:
  wind_capex: 5000.0
  wind_opex: 100
  wind_lifetime: 20
  solar_capex: 1000.0
  solar_opex: 10
  solar_lifetime: 20
  carbon_price: 1.0
timeseries_values:
  load_level: 280922.851210587
  wind_year: 2014
  solar_year: 2013
  price_year: 2023
  carbon_year: 2023
storage_values:
  CAES:
    cost: 38.5111
    lifetime: 26.7861
    annual_cost: 1.4377270300641003
    efficiency: 0.589405
    discharge_ratio: 0.1
    depth_of_discharge: 0.4
  Li-ion:
    cost: 159.033
    lifetime: 24.8812
    annual_cost: 6.391693326688423
    efficiency: 0.909367
    discharge_ratio: 2
    depth_of_discharge: 0.9
  Pb-acid:
    cost: 177.114
    lifetime: 12.6298
    annual_cost: 14.023499976246656
    efficiency: 0.754314
    discharge_ratio: 5
    depth_of_discharge: 0.5
  VRBF:
    cost: 175.972
    lifetime: 25.5536
    annual_cost: 6.8863878279381385
    efficiency: 0.790805
    discharge_ratio: 0.5
    depth_of_discharge: 1.0
