cost_values:
  wind_capex: 5000.0
  wind_opex: 100
  wind_lifetime: 20
  solar_capex: 1000.0
  solar_opex: 10
  solar_lifetime: 20
  carbon_price: 1.0
timeseries_values:
  load_level: 280922.851210587
  wind_year: 2014
  solar_year: 2013
  price_year: 2023
  carbon_year: 2023
storage_values:
  CAES:
    cost: 42.6542
    lifetime: 26.5178
    annual_cost: 1.6085120183423964
    efficiency: 0.579713
    discharge_ratio: 0.1
    depth_of_discharge: 0.4
  Li-ion:
    cost: 128.482
    lifetime: 26.3043
    annual_cost: 4.884448550237034
    efficiency: 0.913657
    discharge_ratio: 2
    depth_of_discharge: 0.9
  Pb-acid:
    cost: 198.763
    lifetime: 11.1688
    annual_cost: 17.796271757037463
    efficiency: 0.770506
    discharge_ratio: 5
    depth_of_discharge: 0.5
  VRBF:
    cost: 148.946
    lifetime: 25.0872
    annual_cost: 5.937131286074173
    efficiency: 0.773784
    discharge_ratio: 0.5
    depth_of_discharge: 1.0
