cost_values:
  wind_capex: 5000.0
  wind_opex: 100
  wind_lifetime: 20
  solar_capex: 1000.0
  solar_opex: 10
  solar_lifetime: 20
  carbon_price: 1.0
timeseries_values:
  load_level: 280922.851210587
  wind_year: 2014
  solar_year: 2013
  price_year: 2023
  carbon_year: 2023
storage_values:
  CAES:
    cost: 43.9563
    lifetime: 27.5885
    annual_cost: 1.5932834333146058
    efficiency: 0.580162
    discharge_ratio: 0.1
    depth_of_discharge: 0.4
  Li-ion:
    cost: 130.761
    lifetime: 25.2107
    annual_cost: 5.186726270988112
    efficiency: 0.913026
    discharge_ratio: 2
    depth_of_discharge: 0.9
  Pb-acid:
    cost: 167.746
    lifetime: 13.4524
    annual_cost: 12.46959650322619
    efficiency: 0.763095
    discharge_ratio: 5
    depth_of_discharge: 0.5
  VRBF:
    cost: 176.852
    lifetime: 25.8013
    annual_cost: 6.854383306267514
    efficiency: 0.782931
    discharge_ratio: 0.5
    depth_of_discharge: 1.0
