cost_values:
  wind_capex: 5000.0
  wind_opex: 100
  wind_lifetime: 20
  solar_capex: 1000.0
  solar_opex: 10
  solar_lifetime: 20
  carbon_price: 1.0
timeseries_values:
  load_level: 280922.851210587
  wind_year: 2014
  solar_year: 2013
  price_year: 2023
  carbon_year: 2023
storage_values:
  CAES:
    cost: 35.1682
    lifetime: 26.8446
    annual_cost: 1.3100660840541487
    efficiency: 0.581867
    discharge_ratio: 0.1
    depth_of_discharge: 0.4
  Li-ion:
    cost: 137.153
    lifetime: 27.3903
    annual_cost: 5.007356618949044
    efficiency: 0.908011
    discharge_ratio: 2
    depth_of_discharge: 0.9
  Pb-acid:
    cost: 150.72
    lifetime: 12.8649
    annual_cost: 11.71559825571905
    efficiency: 0.758216
    discharge_ratio: 5
    depth_of_discharge: 0.5
  VRBF:
    cost: 170.188
    lifetime: 24.6547
    annual_cost: 6.902862334565012
    efficiency: 0.779083
    discharge_ratio: 0.5
    depth_of_discharge: 1.0
