cost_values:
  wind_capex: 5000.0
  wind_opex: 100
  wind_lifetime: 20
  solar_capex: 1000.0
  solar_opex: 10
  solar_lifetime: 20
  carbon_price: 1.0
timeseries_values:
  load_level: 280922.851210587
  wind_year: 2014
  solar_year: 2013
  price_year: 2023
  carbon_year: 2023
storage_values:
  CAES:
    cost: 47.2472
    lifetime: 26.8913
    annual_cost: 1.756969726268347
    efficiency: 0.587132
    discharge_ratio: 0.1
    depth_of_discharge: 0.4
  Li-ion:
    cost: 137.078
    lifetime: 25.8791
    annual_cost: 5.29686117368842
    efficiency: 0.90278
    discharge_ratio: 2
    depth_of_discharge: 0.9
  Pb-acid:
    cost: 185.093
    lifetime: 13.9285
    annual_cost: 13.288796352801809
    efficiency: 0.769037
    discharge_ratio: 5
    depth_of_discharge: 0.5
  VRBF:
    cost: 159.54
    lifetime: 27.4004
    annual_cost: 5.822542736602385
    efficiency: 0.772006
    discharge_ratio: 0.5
    depth_of_discharge: 1.0
