cost_values:
  wind_capex: 5000.0
  wind_opex: 100
  wind_lifetime: 20
  solar_capex: 1000.0
  solar_opex: 10
  solar_lifetime: 20
  carbon_price: 1.0
timeseries_values:
  load_level: 280922.851210587
  wind_year: 2014
  solar_year: 2013
  price_year: 2023
  carbon_year: 2023
storage_values:
  CAES:
    cost: 37.7797
    lifetime: 27.4051
    annual_cost: 1.378564573747222
    efficiency: 0.589511
    discharge_ratio: 0.1
    depth_of_discharge: 0.4
  Li-ion:
    cost: 150.431
    lifetime: 25.2601
    annual_cost: 5.9552812538351
    efficiency: 0.923222
    discharge_ratio: 2
    depth_of_discharge: 0.9
  Pb-acid:
    cost: 162.38
    lifetime: 12.0565
    annual_cost: 13.46825363911583
    efficiency: 0.753286
    discharge_ratio: 5
    depth_of_discharge: 0.5
  VRBF:
    cost: 159.103
    lifetime: 26.8777
    annual_cost: 5.919516922950996
    efficiency: 0.775729
    discharge_ratio: 0.5
    depth_of_discharge: 1.0
