cost_values:
  wind_capex: 5000.0
  wind_opex: 100
  wind_lifetime: 20
  solar_capex: 1000.0
  solar_opex: 10
  solar_lifetime: 20
  carbon_price: 1.0
timeseries_values:
  load_level: 280922.851210587
  wind_year: 2014
  solar_year: 2013
  price_year: 2023
  carbon_year: 2023
storage_values:
  CAES:
    cost: 38.288
    lifetime: 26.3287
    annual_cost: 1.454230554489967
    efficiency: 0.591215
    discharge_ratio: 0.1
    depth_of_discharge: 0.4
  Li-ion:
    cost: 123.986
    lifetime: 26.1431
    annual_cost: 4.742589822936071
    efficiency: 0.919209
    discharge_ratio: 2
    depth_of_discharge: 0.9
  Pb-acid:
    cost: 179.404
    lifetime: 12.2581
    annual_cost: 14.635547107626792
    efficiency: 0.754981
    discharge_ratio: 5
    depth_of_discharge: 0.5
  VRBF:
    cost: 189.604
    lifetime: 27.323
    annual_cost: 6.939355122058339
    efficiency: 0.7722
    discharge_ratio: 0.5
    depth_of_discharge: 1.0
