cost_values:
  wind_capex: 5000.0
  wind_opex: 100
  wind_lifetime: 20
  solar_capex: 1000.0
  solar_opex: 10
  solar_lifetime: 20
  carbon_price: 1.0
timeseries_values:
  load_level: 280922.851210587
  wind_year: 2014
  solar_year: 2013
  price_year: 2023
  carbon_year: 2023
storage_values:
  CAES:
    cost: 44.3258
    lifetime: 26.5966
    annual_cost: 1.6665964822571306
    efficiency: 0.588022
    discharge_ratio: 0.1
    depth_of_discharge: 0.4
  Li-ion:
    cost: 137.488
    lifetime: 27.4012
    annual_cost: 5.017590470490344
    efficiency: 0.898716
    discharge_ratio: 2
    depth_of_discharge: 0.9
  Pb-acid:
    cost: 187.288
    lifetime: 13.0426
    annual_cost: 14.359713554045973
    efficiency: 0.745905
    discharge_ratio: 5
    depth_of_discharge: 0.5
  VRBF:
    cost: 188.56
    lifetime: 27.3872
    annual_cost: 6.884968160308465
    efficiency: 0.751504
    discharge_ratio: 0.5
    depth_of_discharge: 1.0
