cost_values:
  wind_capex: 5000.0
  wind_opex: 100
  wind_lifetime: 20
  solar_capex: 1000.0
  solar_opex: 10
  solar_lifetime: 20
  carbon_price: 1.0
timeseries_values:
  load_level: 280922.851210587
  wind_year: 2014
  solar_year: 2013
  price_year: 2023
  carbon_year: 2023
storage_values:
  CAES:
    cost: 39.6132
    lifetime: 25.8673
    annual_cost: 1.5314006486954572
    efficiency: 0.57555
    discharge_ratio: 0.1
    depth_of_discharge: 0.4
  Li-ion:
    cost: 133.357
    lifetime: 23.982
    annual_cost: 5.56071220081728
    efficiency: 0.914194
    discharge_ratio: 2
    depth_of_discharge: 0.9
  Pb-acid:
    cost: 177.567
    lifetime: 12.3336
    annual_cost: 14.397013037555945
    efficiency: 0.767114
    discharge_ratio: 5
    depth_of_discharge: 0.5
  VRBF:
    cost: 161.449
    lifetime: 24.8993
    annual_cost: 6.48407786564281
    efficiency: 0.762251
    discharge_ratio: 0.5
    depth_of_discharge: 1.0
