cost_values:
  wind_capex: 5000.0
  wind_opex: 100
  wind_lifetime: 20
  solar_capex: 1000.0
  solar_opex: 10
  solar_lifetime: 20
  carbon_price: 1.0
timeseries_values:
  load_level: 280922.851210587
  wind_year: 2014
  solar_year: 2013
  price_year: 2023
  carbon_year: 2023
storage_values:
  CAES:
    cost: 31.2991
    lifetime: 26.591
    annual_cost: 1.177056146816592
    efficiency: 0.579714
    discharge_ratio: 0.1
    depth_of_discharge: 0.4
  Li-ion:
    cost: 122.84
    lifetime: 24.9577
    annual_cost: 4.921927902010202
    efficiency: 0.917699
    discharge_ratio: 2
    depth_of_discharge: 0.9
  Pb-acid:
    cost: 164.939
    lifetime: 12.0021
    annual_cost: 13.74251172711442
    efficiency: 0.749776
    discharge_ratio: 5
    depth_of_discharge: 0.5
  VRBF:
    cost: 167.873
    lifetime: 25.5177
    annual_cost: 6.578688518165821
    efficiency: 0.78819
    discharge_ratio: 0.5
    depth_of_discharge: 1.0
