cost_values:
  wind_capex: 5000.0
  wind_opex: 100
  wind_lifetime: 20
  solar_capex: 1000.0
  solar_opex: 10
  solar_lifetime: 20
  carbon_price: 1.0
timeseries_values:
  load_level: 280922.851210587
  wind_year: 2014
  solar_year: 2013
  price_year: 2023
  carbon_year: 2023
storage_values:
  CAES:
    cost: 37.1599
    lifetime: 27.7157
    annual_cost: 1.3407527141656175
    efficiency: 0.587552
    discharge_ratio: 0.1
    depth_of_discharge: 0.4
  Li-ion:
    cost: 151.942
    lifetime: 26.0438
    annual_cost: 5.834094870948172
    efficiency: 0.906738
    discharge_ratio: 2
    depth_of_discharge: 0.9
  Pb-acid:
    cost: 189.172
    lifetime: 13.9123
    annual_cost: 13.597464114488618
    efficiency: 0.757516
    discharge_ratio: 5
    depth_of_discharge: 0.5
  VRBF:
    cost: 179.099
    lifetime: 26.4181
    annual_cost: 6.779405029127757
    efficiency: 0.771533
    discharge_ratio: 0.5
    depth_of_discharge: 1.0
