cost_values:
  wind_capex: 5000.0
  wind_opex: 100
  wind_lifetime: 20
  solar_capex: 1000.0
  solar_opex: 10
  solar_lifetime: 20
  carbon_price: 1.0
timeseries_values:
  load_level: 280922.851210587
  wind_year: 2014
  solar_year: 2013
  price_year: 2023
  carbon_year: 2023
storage_values:
  CAES:
    cost: 45.5692
    lifetime: 26.9597
    annual_cost: 1.690271034173229
    efficiency: 0.585756
    discharge_ratio: 0.1
    depth_of_discharge: 0.4
  Li-ion:
    cost: 131.135
    lifetime: 26.0852
    annual_cost: 5.027180163464339
    efficiency: 0.912242
    discharge_ratio: 2
    depth_of_discharge: 0.9
  Pb-acid:
    cost: 192.477
    lifetime: 13.149
    annual_cost: 14.638147387634042
    efficiency: 0.757288
    discharge_ratio: 5
    depth_of_discharge: 0.5
  VRBF:
    cost: 191.635
    lifetime: 24.6173
    annual_cost: 7.784566138447351
    efficiency: 0.782563
    discharge_ratio: 0.5
    depth_of_discharge: 1.0
