cost_values:
  wind_capex: 5000.0
  wind_opex: 100
  wind_lifetime: 20
  solar_capex: 1000.0
  solar_opex: 10
  solar_lifetime: 20
  carbon_price: 1.0
timeseries_values:
  load_level: 280922.851210587
  wind_year: 2014
  solar_year: 2013
  price_year: 2023
  carbon_year: 2023
storage_values:
  CAES:
    cost: 42.9173
    lifetime: 26.4247
    annual_cost: 1.6241357517776926
    efficiency: 0.592537
    discharge_ratio: 0.1
    depth_of_discharge: 0.4
  Li-ion:
    cost: 145.698
    lifetime: 27.6579
    annual_cost: 5.267861985183257
    efficiency: 0.900732
    discharge_ratio: 2
    depth_of_discharge: 0.9
  Pb-acid:
    cost: 178.089
    lifetime: 12.6984
    annual_cost: 14.024522774522776
    efficiency: 0.761515
    discharge_ratio: 5
    depth_of_discharge: 0.5
  VRBF:
    cost: 180.736
    lifetime: 27.7418
    annual_cost: 6.514934142701627
    efficiency: 0.787076
    discharge_ratio: 0.5
    depth_of_discharge: 1.0
