cost_values:
  wind_capex: 5000.0
  wind_opex: 100
  wind_lifetime: 20
  solar_capex: 1000.0
  solar_opex: 10
  solar_lifetime: 20
  carbon_price: 1.0
timeseries_values:
  load_level: 280922.851210587
  wind_year: 2014
  solar_year: 2013
  price_year: 2023
  carbon_year: 2023
storage_values:
  CAES:
    cost: 39.4836
    lifetime: 26.8629
    annual_cost: 1.4698189696570363
    efficiency: 0.593078
    discharge_ratio: 0.1
    depth_of_discharge: 0.4
  Li-ion:
    cost: 116.353
    lifetime: 26.6545
    annual_cost: 4.365229135793205
    efficiency: 0.902764
    discharge_ratio: 2
    depth_of_discharge: 0.9
  Pb-acid:
    cost: 193.251
    lifetime: 12.8257
    annual_cost: 15.067481696905434
    efficiency: 0.761484
    discharge_ratio: 5
    depth_of_discharge: 0.5
  VRBF:
    cost: 163.755
    lifetime: 26.4553
    annual_cost: 6.1898749966925335
    efficiency: 0.769764
    discharge_ratio: 0.5
    depth_of_discharge: 1.0
