cost_values:
  wind_capex: 5000.0
  wind_opex: 100
  wind_lifetime: 20
  solar_capex: 1000.0
  solar_opex: 10
  solar_lifetime: 20
  carbon_price: 1.0
timeseries_values:
  load_level: 280922.851210587
  wind_year: 2014
  solar_year: 2013
  price_year: 2023
  carbon_year: 2023
storage_values:
  CAES:
    cost: 42.4786
    lifetime: 26.8701
    annual_cost: 1.5808873059646225
    efficiency: 0.576969
    discharge_ratio: 0.1
    depth_of_discharge: 0.4
  Li-ion:
    cost: 170.75
    lifetime: 24.5429
    annual_cost: 6.957205546206846
    efficiency: 0.894832
    discharge_ratio: 2
    depth_of_discharge: 0.9
  Pb-acid:
    cost: 171.579
    lifetime: 11.7658
    annual_cost: 14.582858794132147
    efficiency: 0.772455
    discharge_ratio: 5
    depth_of_discharge: 0.5
  VRBF:
    cost: 177.962
    lifetime: 26.986
    annual_cost: 6.594604609797672
    efficiency: 0.767117
    discharge_ratio: 0.5
    depth_of_discharge: 1.0
