cost_values:
  wind_capex: 5000.0
  wind_opex: 100
  wind_lifetime: 20
  solar_capex: 1000.0
  solar_opex: 10
  solar_lifetime: 20
  carbon_price: 1.0
timeseries_values:
  load_level: 280922.851210587
  wind_year: 2014
  solar_year: 2013
  price_year: 2023
  carbon_year: 2023
storage_values:
  CAES:
    cost: 33.3315
    lifetime: 26.2873
    annual_cost: 1.267969704001552
    efficiency: 0.569858
    discharge_ratio: 0.1
    depth_of_discharge: 0.4
  Li-ion:
    cost: 148.804
    lifetime: 26.047
    annual_cost: 5.7129035973432645
    efficiency: 0.904829
    discharge_ratio: 2
    depth_of_discharge: 0.9
  Pb-acid:
    cost: 170.397
    lifetime: 11.0966
    annual_cost: 15.355784654759114
    efficiency: 0.748281
    discharge_ratio: 5
    depth_of_discharge: 0.5
  VRBF:
    cost: 206.469
    lifetime: 25.5339
    annual_cost: 8.086073807761446
    efficiency: 0.783637
    discharge_ratio: 0.5
    depth_of_discharge: 1.0
