cost_values:
  wind_capex: 5000.0
  wind_opex: 100
  wind_lifetime: 20
  solar_capex: 1000.0
  solar_opex: 10
  solar_lifetime: 20
  carbon_price: 1.0
timeseries_values:
  load_level: 280922.851210587
  wind_year: 2014
  solar_year: 2013
  price_year: 2023
  carbon_year: 2023
storage_values:
  CAES:
    cost: 37.174
    lifetime: 26.2257
    annual_cost: 1.4174645481340822
    efficiency: 0.576688
    discharge_ratio: 0.1
    depth_of_discharge: 0.4
  Li-ion:
    cost: 148.713
    lifetime: 26.4671
    annual_cost: 5.6187870979442405
    efficiency: 0.928154
    discharge_ratio: 2
    depth_of_discharge: 0.9
  Pb-acid:
    cost: 177.352
    lifetime: 10.573
    annual_cost: 16.774047101106593
    efficiency: 0.761136
    discharge_ratio: 5
    depth_of_discharge: 0.5
  VRBF:
    cost: 168.124
    lifetime: 26.8421
    annual_cost: 6.263444365381249
    efficiency: 0.78648
    discharge_ratio: 0.5
    depth_of_discharge: 1.0
