cost_values:
  wind_capex: 5000.0
  wind_opex: 100
  wind_lifetime: 20
  solar_capex: 1000.0
  solar_opex: 10
  solar_lifetime: 20
  carbon_price: 1.0
timeseries_values:
  load_level: 280922.851210587
  wind_year: 2014
  solar_year: 2013
  price_year: 2023
  carbon_year: 2023
storage_values:
  CAES:
    cost: 37.7488
    lifetime: 26.5364
    annual_cost: 1.422529054430895
    efficiency: 0.583331
    discharge_ratio: 0.1
    depth_of_discharge: 0.4
  Li-ion:
    cost: 149.376
    lifetime: 27.7163
    annual_cost: 5.389463961639901
    efficiency: 0.914499
    discharge_ratio: 2
    depth_of_discharge: 0.9
  Pb-acid:
    cost: 164.064
    lifetime: 12.0992
    annual_cost: 13.55990478709336
    efficiency: 0.761519
    discharge_ratio: 5
    depth_of_discharge: 0.5
  VRBF:
    cost: 198.854
    lifetime: 25.8075
    annual_cost: 7.705279473021409
    efficiency: 0.759405
    discharge_ratio: 0.5
    depth_of_discharge: 1.0
