cost_values:
  wind_capex: 5000.0
  wind_opex: 100
  wind_lifetime: 20
  solar_capex: 1000.0
  solar_opex: 10
  solar_lifetime: 20
  carbon_price: 1.0
timeseries_values:
  load_level: 280922.851210587
  wind_year: 2014
  solar_year: 2013
  price_year: 2023
  carbon_year: 2023
storage_values:
  CAES:
    cost: 35.7539
    lifetime: 27.1602
    annual_cost: 1.316407832048365
    efficiency: 0.576863
    discharge_ratio: 0.1
    depth_of_discharge: 0.4
  Li-ion:
    cost: 140.045
    lifetime: 24.4013
    annual_cost: 5.739243400966342
    efficiency: 0.929042
    discharge_ratio: 2
    depth_of_discharge: 0.9
  Pb-acid:
    cost: 152.26
    lifetime: 12.188
    annual_cost: 12.492615687561534
    efficiency: 0.765498
    discharge_ratio: 5
    depth_of_discharge: 0.5
  VRBF:
    cost: 227.272
    lifetime: 25.6609
    annual_cost: 8.85674313839343
    efficiency: 0.784364
    discharge_ratio: 0.5
    depth_of_discharge: 1.0
