cost_values:
  wind_capex: 5000.0
  wind_opex: 100
  wind_lifetime: 20
  solar_capex: 1000.0
  solar_opex: 10
  solar_lifetime: 20
  carbon_price: 1.0
timeseries_values:
  load_level: 280922.851210587
  wind_year: 2014
  solar_year: 2013
  price_year: 2023
  carbon_year: 2023
storage_values:
  CAES:
    cost: 40.2792
    lifetime: 27.6788
    annual_cost: 1.45523649869214
    efficiency: 0.584013
    discharge_ratio: 0.1
    depth_of_discharge: 0.4
  Li-ion:
    cost: 136.463
    lifetime: 25.3876
    annual_cost: 5.3751831602829725
    efficiency: 0.908379
    discharge_ratio: 2
    depth_of_discharge: 0.9
  Pb-acid:
    cost: 183.782
    lifetime: 12.3654
    annual_cost: 14.862600481990071
    efficiency: 0.754302
    discharge_ratio: 5
    depth_of_discharge: 0.5
  VRBF:
    cost: 178.91
    lifetime: 25.4388
    annual_cost: 7.0329575294432125
    efficiency: 0.794326
    discharge_ratio: 0.5
    depth_of_discharge: 1.0
