cost_values:
  wind_capex: 5000.0
  wind_opex: 100
  wind_lifetime: 20
  solar_capex: 1000.0
  solar_opex: 10
  solar_lifetime: 20
  carbon_price: 1.0
timeseries_values:
  load_level: 280922.851210587
  wind_year: 2014
  solar_year: 2013
  price_year: 2023
  carbon_year: 2023
storage_values:
  CAES:
    cost: 42.556
    lifetime: 26.5281
    annual_cost: 1.6041857502045
    efficiency: 0.576392
    discharge_ratio: 0.1
    depth_of_discharge: 0.4
  Li-ion:
    cost: 153.36
    lifetime: 26.7059
    annual_cost: 5.742551271441892
    efficiency: 0.911578
    discharge_ratio: 2
    depth_of_discharge: 0.9
  Pb-acid:
    cost: 176.209
    lifetime: 13.4854
    annual_cost: 13.066649858365343
    efficiency: 0.761619
    discharge_ratio: 5
    depth_of_discharge: 0.5
  VRBF:
    cost: 169.04
    lifetime: 27.4551
    annual_cost: 6.1569617302431965
    efficiency: 0.783219
    discharge_ratio: 0.5
    depth_of_discharge: 1.0
