cost_values:
  wind_capex: 5000.0
  wind_opex: 100
  wind_lifetime: 20
  solar_capex: 1000.0
  solar_opex: 10
  solar_lifetime: 20
  carbon_price: 1.0
timeseries_values:
  load_level: 280922.851210587
  wind_year: 2014
  solar_year: 2013
  price_year: 2023
  carbon_year: 2023
storage_values:
  CAES:
    cost: 39.2781
    lifetime: 27.0853
    annual_cost: 1.4501630035480502
    efficiency: 0.585198
    discharge_ratio: 0.1
    depth_of_discharge: 0.4
  Li-ion:
    cost: 143.809
    lifetime: 25.6357
    annual_cost: 5.609716138041871
    efficiency: 0.908885
    discharge_ratio: 2
    depth_of_discharge: 0.9
  Pb-acid:
    cost: 195.408
    lifetime: 11.9883
    annual_cost: 16.299892395085205
    efficiency: 0.758049
    discharge_ratio: 5
    depth_of_discharge: 0.5
  VRBF:
    cost: 153.306
    lifetime: 23.8148
    annual_cost: 6.43742546651662
    efficiency: 0.773362
    discharge_ratio: 0.5
    depth_of_discharge: 1.0
