cost_values:
  wind_capex: 5000.0
  wind_opex: 100
  wind_lifetime: 20
  solar_capex: 1000.0
  solar_opex: 10
  solar_lifetime: 20
  carbon_price: 1.0
timeseries_values:
  load_level: 280922.851210587
  wind_year: 2014
  solar_year: 2013
  price_year: 2023
  carbon_year: 2023
storage_values:
  CAES:
    cost: 42.2582
    lifetime: 26.1407
    annual_cost: 1.616567268665338
    efficiency: 0.583735
    discharge_ratio: 0.1
    depth_of_discharge: 0.4
  Li-ion:
    cost: 149.795
    lifetime: 25.3849
    annual_cost: 5.900948989359816
    efficiency: 0.906313
    discharge_ratio: 2
    depth_of_discharge: 0.9
  Pb-acid:
    cost: 170.685
    lifetime: 12.6404
    annual_cost: 13.503132812252778
    efficiency: 0.761326
    discharge_ratio: 5
    depth_of_discharge: 0.5
  VRBF:
    cost: 166.109
    lifetime: 24.6749
    annual_cost: 6.73190164904417
    efficiency: 0.791634
    discharge_ratio: 0.5
    depth_of_discharge: 1.0
