cost_values:
  wind_capex: 5000.0
  wind_opex: 100
  wind_lifetime: 20
  solar_capex: 1000.0
  solar_opex: 10
  solar_lifetime: 20
  carbon_price: 1.0
timeseries_values:
  load_level: 280922.851210587
  wind_year: 2014
  solar_year: 2013
  price_year: 2023
  carbon_year: 2023
storage_values:
  CAES:
    cost: 43.7811
    lifetime: 26.5413
    annual_cost: 1.6495461789739012
    efficiency: 0.576203
    discharge_ratio: 0.1
    depth_of_discharge: 0.4
  Li-ion:
    cost: 136.045
    lifetime: 25.895
    annual_cost: 5.253716933770998
    efficiency: 0.913724
    discharge_ratio: 2
    depth_of_discharge: 0.9
  Pb-acid:
    cost: 168.821
    lifetime: 12.651
    annual_cost: 13.344478697336179
    efficiency: 0.755855
    discharge_ratio: 5
    depth_of_discharge: 0.5
  VRBF:
    cost: 202.526
    lifetime: 25.8387
    annual_cost: 7.838087829496066
    efficiency: 0.778311
    discharge_ratio: 0.5
    depth_of_discharge: 1.0
