cost_values:
  wind_capex: 5000.0
  wind_opex: 100
  wind_lifetime: 20
  solar_capex: 1000.0
  solar_opex: 10
  solar_lifetime: 20
  carbon_price: 1.0
timeseries_values:
  load_level: 280922.851210587
  wind_year: 2014
  solar_year: 2013
  price_year: 2023
  carbon_year: 2023
storage_values:
  CAES:
    cost: 37.4018
    lifetime: 26.6184
    annual_cost: 1.4051107504583296
    efficiency: 0.585352
    discharge_ratio: 0.1
    depth_of_discharge: 0.4
  Li-ion:
    cost: 107.419
    lifetime: 27.5462
    annual_cost: 3.899594136396309
    efficiency: 0.917792
    discharge_ratio: 2
    depth_of_discharge: 0.9
  Pb-acid:
    cost: 167.843
    lifetime: 13.766
    annual_cost: 12.192575911666424
    efficiency: 0.760618
    discharge_ratio: 5
    depth_of_discharge: 0.5
  VRBF:
    cost: 155.176
    lifetime: 25.6065
    annual_cost: 6.060023822076425
    efficiency: 0.782793
    discharge_ratio: 0.5
    depth_of_discharge: 1.0
