cost_values:
  wind_capex: 5000.0
  wind_opex: 100
  wind_lifetime: 20
  solar_capex: 1000.0
  solar_opex: 10
  solar_lifetime: 20
  carbon_price: 1.0
timeseries_values:
  load_level: 280922.851210587
  wind_year: 2014
  solar_year: 2013
  price_year: 2023
  carbon_year: 2023
storage_values:
  CAES:
    cost: 43.5059
    lifetime: 26.3282
    annual_cost: 1.6524449069818672
    efficiency: 0.583777
    discharge_ratio: 0.1
    depth_of_discharge: 0.4
  Li-ion:
    cost: 164.467
    lifetime: 27.1386
    annual_cost: 6.060261030414244
    efficiency: 0.918258
    discharge_ratio: 2
    depth_of_discharge: 0.9
  Pb-acid:
    cost: 173.473
    lifetime: 11.9428
    annual_cost: 14.525320695314333
    efficiency: 0.76819
    discharge_ratio: 5
    depth_of_discharge: 0.5
  VRBF:
    cost: 220.203
    lifetime: 25.2991
    annual_cost: 8.703985517271366
    efficiency: 0.782848
    discharge_ratio: 0.5
    depth_of_discharge: 1.0
