cost_values:
  wind_capex: 5000.0
  wind_opex: 100
  wind_lifetime: 20
  solar_capex: 1000.0
  solar_opex: 10
  solar_lifetime: 20
  carbon_price: 1.0
timeseries_values:
  load_level: 280922.851210587
  wind_year: 2014
  solar_year: 2013
  price_year: 2023
  carbon_year: 2023
storage_values:
  CAES:
    cost: 47.0943
    lifetime: 27.2523
    annual_cost: 1.7280853359166013
    efficiency: 0.571696
    discharge_ratio: 0.1
    depth_of_discharge: 0.4
  Li-ion:
    cost: 120.148
    lifetime: 25.85
    annual_cost: 4.647891682785299
    efficiency: 0.90201
    discharge_ratio: 2
    depth_of_discharge: 0.9
  Pb-acid:
    cost: 165.924
    lifetime: 13.8545
    annual_cost: 11.97618102421596
    efficiency: 0.774215
    discharge_ratio: 5
    depth_of_discharge: 0.5
  VRBF:
    cost: 193.756
    lifetime: 26.8347
    annual_cost: 7.220352752220073
    efficiency: 0.790898
    discharge_ratio: 0.5
    depth_of_discharge: 1.0
