cost_values:
  wind_capex: 5000.0
  wind_opex: 100
  wind_lifetime: 20
  solar_capex: 1000.0
  solar_opex: 10
  solar_lifetime: 20
  carbon_price: 1.0
timeseries_values:
  load_level: 280922.851210587
  wind_year: 2014
  solar_year: 2013
  price_year: 2023
  carbon_year: 2023
storage_values:
  CAES:
    cost: 44.4298
    lifetime: 25.9819
    annual_cost: 1.7100289047375288
    efficiency: 0.576177
    discharge_ratio: 0.1
    depth_of_discharge: 0.4
  Li-ion:
    cost: 145.222
    lifetime: 28.2673
    annual_cost: 5.13745564663056
    efficiency: 0.923902
    discharge_ratio: 2
    depth_of_discharge: 0.9
  Pb-acid:
    cost: 189.346
    lifetime: 13.776
    annual_cost: 13.744628339140535
    efficiency: 0.764974
    discharge_ratio: 5
    depth_of_discharge: 0.5
  VRBF:
    cost: 175.678
    lifetime: 26.1843
    annual_cost: 6.709287626554843
    efficiency: 0.762237
    discharge_ratio: 0.5
    depth_of_discharge: 1.0
