cost_values:
  wind_capex: 5000.0
  wind_opex: 100
  wind_lifetime: 20
  solar_capex: 1000.0
  solar_opex: 10
  solar_lifetime: 20
  carbon_price: 1.0
timeseries_values:
  load_level: 280922.851210587
  wind_year: 2014
  solar_year: 2013
  price_year: 2023
  carbon_year: 2023
storage_values:
  CAES:
    cost: 37.5456
    lifetime: 27.1446
    annual_cost: 1.3831701332861785
    efficiency: 0.580804
    discharge_ratio: 0.1
    depth_of_discharge: 0.4
  Li-ion:
    cost: 125.344
    lifetime: 25.3011
    annual_cost: 4.954092905051558
    efficiency: 0.920488
    discharge_ratio: 2
    depth_of_discharge: 0.9
  Pb-acid:
    cost: 170.735
    lifetime: 11.8665
    annual_cost: 14.387982977289008
    efficiency: 0.753728
    discharge_ratio: 5
    depth_of_discharge: 0.5
  VRBF:
    cost: 188.944
    lifetime: 29.0319
    annual_cost: 6.508151378311443
    efficiency: 0.775886
    discharge_ratio: 0.5
    depth_of_discharge: 1.0
