cost_values:
  wind_capex: 5000.0
  wind_opex: 100
  wind_lifetime: 20
  solar_capex: 1000.0
  solar_opex: 10
  solar_lifetime: 20
  carbon_price: 1.0
timeseries_values:
  load_level: 280922.851210587
  wind_year: 2014
  solar_year: 2013
  price_year: 2023
  carbon_year: 2023
storage_values:
  CAES:
    cost: 36.6179
    lifetime: 26.361
    annual_cost: 1.3890937369599028
    efficiency: 0.587603
    discharge_ratio: 0.1
    depth_of_discharge: 0.4
  Li-ion:
    cost: 126.389
    lifetime: 24.9755
    annual_cost: 5.0605193089227445
    efficiency: 0.92329
    discharge_ratio: 2
    depth_of_discharge: 0.9
  Pb-acid:
    cost: 176.839
    lifetime: 14.5711
    annual_cost: 12.136283465215392
    efficiency: 0.752873
    discharge_ratio: 5
    depth_of_discharge: 0.5
  VRBF:
    cost: 176.789
    lifetime: 24.9356
    annual_cost: 7.089823385039862
    efficiency: 0.777281
    discharge_ratio: 0.5
    depth_of_discharge: 1.0
