cost_values:
  wind_capex: 5000.0
  wind_opex: 100
  wind_lifetime: 20
  solar_capex: 1000.0
  solar_opex: 10
  solar_lifetime: 20
  carbon_price: 1.0
timeseries_values:
  load_level: 280922.851210587
  wind_year: 2014
  solar_year: 2013
  price_year: 2023
  carbon_year: 2023
storage_values:
  CAES:
    cost: 40.7558
    lifetime: 26.8782
    annual_cost: 1.5163143365255114
    efficiency: 0.583774
    discharge_ratio: 0.1
    depth_of_discharge: 0.4
  Li-ion:
    cost: 158.032
    lifetime: 24.5343
    annual_cost: 6.441267939170875
    efficiency: 0.901831
    discharge_ratio: 2
    depth_of_discharge: 0.9
  Pb-acid:
    cost: 181.747
    lifetime: 13.4666
    annual_cost: 13.496131168966185
    efficiency: 0.752099
    discharge_ratio: 5
    depth_of_discharge: 0.5
  VRBF:
    cost: 193.237
    lifetime: 26.5894
    annual_cost: 7.267444921660511
    efficiency: 0.764036
    discharge_ratio: 0.5
    depth_of_discharge: 1.0
