cost_values:
  wind_capex: 5000.0
  wind_opex: 100
  wind_lifetime: 20
  solar_capex: 1000.0
  solar_opex: 10
  solar_lifetime: 20
  carbon_price: 1.0
timeseries_values:
  load_level: 280922.851210587
  wind_year: 2014
  solar_year: 2013
  price_year: 2023
  carbon_year: 2023
storage_values:
  CAES:
    cost: 45.3312
    lifetime: 27.0424
    annual_cost: 1.6763009200366832
    efficiency: 0.573905
    discharge_ratio: 0.1
    depth_of_discharge: 0.4
  Li-ion:
    cost: 117.356
    lifetime: 26.5959
    annual_cost: 4.412559830650589
    efficiency: 0.928178
    discharge_ratio: 2
    depth_of_discharge: 0.9
  Pb-acid:
    cost: 168.43
    lifetime: 11.3405
    annual_cost: 14.852078832502976
    efficiency: 0.742452
    discharge_ratio: 5
    depth_of_discharge: 0.5
  VRBF:
    cost: 206.468
    lifetime: 26.4049
    annual_cost: 7.819306265125033
    efficiency: 0.771912
    discharge_ratio: 0.5
    depth_of_discharge: 1.0
