cost_values:
  wind_capex: 5000.0
  wind_opex: 100
  wind_lifetime: 20
  solar_capex: 1000.0
  solar_opex: 10
  solar_lifetime: 20
  carbon_price: 1.0
timeseries_values:
  load_level: 280922.851210587
  wind_year: 2014
  solar_year: 2013
  price_year: 2023
  carbon_year: 2023
storage_values:
  CAES:
    cost: 43.6335
    lifetime: 26.6627
    annual_cost: 1.6364996793273
    efficiency: 0.5771
    discharge_ratio: 0.1
    depth_of_discharge: 0.4
  Li-ion:
    cost: 139.279
    lifetime: 24.6132
    annual_cost: 5.658711585653227
    efficiency: 0.897069
    discharge_ratio: 2
    depth_of_discharge: 0.9
  Pb-acid:
    cost: 186.962
    lifetime: 12.925
    annual_cost: 14.465145067698257
    efficiency: 0.757222
    discharge_ratio: 5
    depth_of_discharge: 0.5
  VRBF:
    cost: 152.527
    lifetime: 27.6154
    annual_cost: 5.523258761415731
    efficiency: 0.760993
    discharge_ratio: 0.5
    depth_of_discharge: 1.0
