cost_values:
  wind_capex: 5000.0
  wind_opex: 100
  wind_lifetime: 20
  solar_capex: 1000.0
  solar_opex: 10
  solar_lifetime: 20
  carbon_price: 1.0
timeseries_values:
  load_level: 280922.851210587
  wind_year: 2014
  solar_year: 2013
  price_year: 2023
  carbon_year: 2023
storage_values:
  CAES:
    cost: 41.2626
    lifetime: 26.1886
    annual_cost: 1.575593960731005
    efficiency: 0.585911
    discharge_ratio: 0.1
    depth_of_discharge: 0.4
  Li-ion:
    cost: 151.946
    lifetime: 25.8366
    annual_cost: 5.881036978549809
    efficiency: 0.913023
    discharge_ratio: 2
    depth_of_discharge: 0.9
  Pb-acid:
    cost: 165.586
    lifetime: 12.0373
    annual_cost: 13.756074867287516
    efficiency: 0.772566
    discharge_ratio: 5
    depth_of_discharge: 0.5
  VRBF:
    cost: 186.536
    lifetime: 26.8467
    annual_cost: 6.948191025340172
    efficiency: 0.783805
    discharge_ratio: 0.5
    depth_of_discharge: 1.0
