cost_values:
  wind_capex: 5000.0
  wind_opex: 100
  wind_lifetime: 20
  solar_capex: 1000.0
  solar_opex: 10
  solar_lifetime: 20
  carbon_price: 1.0
timeseries_values:
  load_level: 280922.851210587
  wind_year: 2014
  solar_year: 2013
  price_year: 2023
  carbon_year: 2023
storage_values:
  CAES:
    cost: 46.1373
    lifetime: 27.4675
    annual_cost: 1.6797051060344044
    efficiency: 0.57859
    discharge_ratio: 0.1
    depth_of_discharge: 0.4
  Li-ion:
    cost: 143.418
    lifetime: 24.8527
    annual_cost: 5.770721088654352
    efficiency: 0.909508
    discharge_ratio: 2
    depth_of_discharge: 0.9
  Pb-acid:
    cost: 178.934
    lifetime: 13.0963
    annual_cost: 13.662942968624726
    efficiency: 0.759597
    discharge_ratio: 5
    depth_of_discharge: 0.5
  VRBF:
    cost: 119.971
    lifetime: 23.3546
    annual_cost: 5.136932338811198
    efficiency: 0.787788
    discharge_ratio: 0.5
    depth_of_discharge: 1.0
