cost_values:
  wind_capex: 5000.0
  wind_opex: 100
  wind_lifetime: 20
  solar_capex: 1000.0
  solar_opex: 10
  solar_lifetime: 20
  carbon_price: 1.0
timeseries_values:
  load_level: 280922.851210587
  wind_year: 2014
  solar_year: 2013
  price_year: 2023
  carbon_year: 2023
storage_values:
  CAES:
    cost: 37.248
    lifetime: 26.4994
    annual_cost: 1.4056167309448515
    efficiency: 0.574223
    discharge_ratio: 0.1
    depth_of_discharge: 0.4
  Li-ion:
    cost: 179.304
    lifetime: 26.8331
    annual_cost: 6.6821947520040545
    efficiency: 0.916456
    discharge_ratio: 2
    depth_of_discharge: 0.9
  Pb-acid:
    cost: 178.791
    lifetime: 12.3791
    annual_cost: 14.442972429336544
    efficiency: 0.748133
    discharge_ratio: 5
    depth_of_discharge: 0.5
  VRBF:
    cost: 180.193
    lifetime: 26.7957
    annual_cost: 6.72469836578257
    efficiency: 0.756357
    discharge_ratio: 0.5
    depth_of_discharge: 1.0
