cost_values:
  wind_capex: 5000.0
  wind_opex: 100
  wind_lifetime: 20
  solar_capex: 1000.0
  solar_opex: 10
  solar_lifetime: 20
  carbon_price: 1.0
timeseries_values:
  load_level: 280922.851210587
  wind_year: 2014
  solar_year: 2013
  price_year: 2023
  carbon_year: 2023
storage_values:
  CAES:
    cost: 38.1234
    lifetime: 26.6713
    annual_cost: 1.4293791453734912
    efficiency: 0.571833
    discharge_ratio: 0.1
    depth_of_discharge: 0.4
  Li-ion:
    cost: 126.562
    lifetime: 23.9686
    annual_cost: 5.280325091995361
    efficiency: 0.91388
    discharge_ratio: 2
    depth_of_discharge: 0.9
  Pb-acid:
    cost: 177.861
    lifetime: 13.1805
    annual_cost: 13.494252873563218
    efficiency: 0.749645
    discharge_ratio: 5
    depth_of_discharge: 0.5
  VRBF:
    cost: 182.789
    lifetime: 27.1272
    annual_cost: 6.738218467073638
    efficiency: 0.740337
    discharge_ratio: 0.5
    depth_of_discharge: 1.0
