cost_values:
  wind_capex: 5000.0
  wind_opex: 100
  wind_lifetime: 20
  solar_capex: 1000.0
  solar_opex: 10
  solar_lifetime: 20
  carbon_price: 1.0
timeseries_values:
  load_level: 280922.851210587
  wind_year: 2014
  solar_year: 2013
  price_year: 2023
  carbon_year: 2023
storage_values:
  CAES:
    cost: 41.3051
    lifetime: 26.3991
    annual_cost: 1.564640461227845
    efficiency: 0.580526
    discharge_ratio: 0.1
    depth_of_discharge: 0.4
  Li-ion:
    cost: 138.985
    lifetime: 27.5623
    annual_cost: 5.042576272662297
    efficiency: 0.907883
    discharge_ratio: 2
    depth_of_discharge: 0.9
  Pb-acid:
    cost: 180.292
    lifetime: 10.8783
    annual_cost: 16.573545498837134
    efficiency: 0.753633
    discharge_ratio: 5
    depth_of_discharge: 0.5
  VRBF:
    cost: 190.937
    lifetime: 27.5407
    annual_cost: 6.9329029400124185
    efficiency: 0.767133
    discharge_ratio: 0.5
    depth_of_discharge: 1.0
