cost_values:
  wind_capex: 5000.0
  wind_opex: 100
  wind_lifetime: 20
  solar_capex: 1000.0
  solar_opex: 10
  solar_lifetime: 20
  carbon_price: 1.0
timeseries_values:
  load_level: 280922.851210587
  wind_year: 2014
  solar_year: 2013
  price_year: 2023
  carbon_year: 2023
storage_values:
  CAES:
    cost: 32.9102
    lifetime: 26.1097
    annual_cost: 1.2604587567072776
    efficiency: 0.574588
    discharge_ratio: 0.1
    depth_of_discharge: 0.4
  Li-ion:
    cost: 136.289
    lifetime: 26.5528
    annual_cost: 5.13275436112199
    efficiency: 0.902667
    discharge_ratio: 2
    depth_of_discharge: 0.9
  Pb-acid:
    cost: 168.957
    lifetime: 11.9127
    annual_cost: 14.182930821728073
    efficiency: 0.749996
    discharge_ratio: 5
    depth_of_discharge: 0.5
  VRBF:
    cost: 171.126
    lifetime: 26.3872
    annual_cost: 6.485189788988601
    efficiency: 0.760734
    discharge_ratio: 0.5
    depth_of_discharge: 1.0
