cost_values:
  wind_capex: 5000.0
  wind_opex: 100
  wind_lifetime: 20
  solar_capex: 1000.0
  solar_opex: 10
  solar_lifetime: 20
  carbon_price: 1.0
timeseries_values:
  load_level: 280922.851210587
  wind_year: 2014
  solar_year: 2013
  price_year: 2023
  carbon_year: 2023
storage_values:
  CAES:
    cost: 41.5193
    lifetime: 26.6328
    annual_cost: 1.5589536210987955
    efficiency: 0.580472
    discharge_ratio: 0.1
    depth_of_discharge: 0.4
  Li-ion:
    cost: 117.734
    lifetime: 24.0384
    annual_cost: 4.897746938232162
    efficiency: 0.905643
    discharge_ratio: 2
    depth_of_discharge: 0.9
  Pb-acid:
    cost: 169.42
    lifetime: 13.2436
    annual_cost: 12.792594158687969
    efficiency: 0.75308
    discharge_ratio: 5
    depth_of_discharge: 0.5
  VRBF:
    cost: 192.082
    lifetime: 24.9165
    annual_cost: 7.709028154034475
    efficiency: 0.766667
    discharge_ratio: 0.5
    depth_of_discharge: 1.0
