cost_values:
  wind_capex: 5000.0
  wind_opex: 100
  wind_lifetime: 20
  solar_capex: 1000.0
  solar_opex: 10
  solar_lifetime: 20
  carbon_price: 1.0
timeseries_values:
  load_level: 280922.851210587
  wind_year: 2014
  solar_year: 2013
  price_year: 2023
  carbon_year: 2023
storage_values:
  CAES:
    cost: 34.2923
    lifetime: 26.8701
    annual_cost: 1.2762252466496216
    efficiency: 0.586199
    discharge_ratio: 0.1
    depth_of_discharge: 0.4
  Li-ion:
    cost: 144.209
    lifetime: 24.566
    annual_cost: 5.87026784987381
    efficiency: 0.905337
    discharge_ratio: 2
    depth_of_discharge: 0.9
  Pb-acid:
    cost: 163.21
    lifetime: 11.2358
    annual_cost: 14.525890457288313
    efficiency: 0.749318
    discharge_ratio: 5
    depth_of_discharge: 0.5
  VRBF:
    cost: 178.739
    lifetime: 26.0489
    annual_cost: 6.861671702068034
    efficiency: 0.771448
    discharge_ratio: 0.5
    depth_of_discharge: 1.0
