cost_values:
  wind_capex: 5000.0
  wind_opex: 100
  wind_lifetime: 20
  solar_capex: 1000.0
  solar_opex: 10
  solar_lifetime: 20
  carbon_price: 1.0
timeseries_values:
  load_level: 280922.851210587
  wind_year: 2014
  solar_year: 2013
  price_year: 2023
  carbon_year: 2023
storage_values:
  CAES:
    cost: 42.3166
    lifetime: 28.1803
    annual_cost: 1.5016376688679682
    efficiency: 0.582603
    discharge_ratio: 0.1
    depth_of_discharge: 0.4
  Li-ion:
    cost: 124.631
    lifetime: 25.1814
    annual_cost: 4.949327678365778
    efficiency: 0.919247
    discharge_ratio: 2
    depth_of_discharge: 0.9
  Pb-acid:
    cost: 137.84
    lifetime: 13.5914
    annual_cost: 10.141707256058979
    efficiency: 0.763401
    discharge_ratio: 5
    depth_of_discharge: 0.5
  VRBF:
    cost: 182.454
    lifetime: 26.7472
    annual_cost: 6.821424298618173
    efficiency: 0.762231
    discharge_ratio: 0.5
    depth_of_discharge: 1.0
