cost_values:
  wind_capex: 5000.0
  wind_opex: 100
  wind_lifetime: 20
  solar_capex: 1000.0
  solar_opex: 10
  solar_lifetime: 20
  carbon_price: 1.0
timeseries_values:
  load_level: 280922.851210587
  wind_year: 2014
  solar_year: 2013
  price_year: 2023
  carbon_year: 2023
storage_values:
  CAES:
    cost: 37.4865
    lifetime: 26.6098
    annual_cost: 1.4087479049072147
    efficiency: 0.570095
    discharge_ratio: 0.1
    depth_of_discharge: 0.4
  Li-ion:
    cost: 137.761
    lifetime: 26.5233
    annual_cost: 5.193961535706341
    efficiency: 0.910969
    discharge_ratio: 2
    depth_of_discharge: 0.9
  Pb-acid:
    cost: 174.036
    lifetime: 12.966
    annual_cost: 13.422489588153633
    efficiency: 0.753962
    discharge_ratio: 5
    depth_of_discharge: 0.5
  VRBF:
    cost: 157.244
    lifetime: 25.6341
    annual_cost: 6.134172840084107
    efficiency: 0.769177
    discharge_ratio: 0.5
    depth_of_discharge: 1.0
