cost_values:
  wind_capex: 5000.0
  wind_opex: 100
  wind_lifetime: 20
  solar_capex: 1000.0
  solar_opex: 10
  solar_lifetime: 20
  carbon_price: 1.0
timeseries_values:
  load_level: 280922.851210587
  wind_year: 2014
  solar_year: 2013
  price_year: 2023
  carbon_year: 2023
storage_values:
  CAES:
    cost: 38.8684
    lifetime: 26.7342
    annual_cost: 1.4538830411981656
    efficiency: 0.583034
    discharge_ratio: 0.1
    depth_of_discharge: 0.4
  Li-ion:
    cost: 128.596
    lifetime: 26.5689
    annual_cost: 4.840094998287472
    efficiency: 0.906468
    discharge_ratio: 2
    depth_of_discharge: 0.9
  Pb-acid:
    cost: 185.854
    lifetime: 13.246
    annual_cost: 14.030952740449948
    efficiency: 0.766167
    discharge_ratio: 5
    depth_of_discharge: 0.5
  VRBF:
    cost: 187.263
    lifetime: 27.7666
    annual_cost: 6.744181858779974
    efficiency: 0.79633
    discharge_ratio: 0.5
    depth_of_discharge: 1.0
