cost_values:
  wind_capex: 5000.0
  wind_opex: 100
  wind_lifetime: 20
  solar_capex: 1000.0
  solar_opex: 10
  solar_lifetime: 20
  carbon_price: 1.0
timeseries_values:
  load_level: 280922.851210587
  wind_year: 2014
  solar_year: 2013
  price_year: 2023
  carbon_year: 2023
storage_values:
  CAES:
    cost: 42.7866
    lifetime: 26.3759
    annual_cost: 1.6221854040999548
    efficiency: 0.590286
    discharge_ratio: 0.1
    depth_of_discharge: 0.4
  Li-ion:
    cost: 126.939
    lifetime: 26.5997
    annual_cost: 4.772196678909912
    efficiency: 0.919289
    discharge_ratio: 2
    depth_of_discharge: 0.9
  Pb-acid:
    cost: 157.147
    lifetime: 11.2507
    annual_cost: 13.967753117583793
    efficiency: 0.760127
    discharge_ratio: 5
    depth_of_discharge: 0.5
  VRBF:
    cost: 188.49
    lifetime: 27.03
    annual_cost: 6.973362930077691
    efficiency: 0.785837
    discharge_ratio: 0.5
    depth_of_discharge: 1.0
