cost_values:
  wind_capex: 5000.0
  wind_opex: 100
  wind_lifetime: 20
  solar_capex: 1000.0
  solar_opex: 10
  solar_lifetime: 20
  carbon_price: 1.0
timeseries_values:
  load_level: 280922.851210587
  wind_year: 2014
  solar_year: 2013
  price_year: 2023
  carbon_year: 2023
storage_values:
  CAES:
    cost: 41.3787
    lifetime: 26.9089
    annual_cost: 1.5377328690507603
    efficiency: 0.592824
    discharge_ratio: 0.1
    depth_of_discharge: 0.4
  Li-ion:
    cost: 151.549
    lifetime: 25.2544
    annual_cost: 6.000894893563102
    efficiency: 0.916297
    discharge_ratio: 2
    depth_of_discharge: 0.9
  Pb-acid:
    cost: 180.868
    lifetime: 10.4918
    annual_cost: 17.238986637183324
    efficiency: 0.755475
    discharge_ratio: 5
    depth_of_discharge: 0.5
  VRBF:
    cost: 205.169
    lifetime: 26.8369
    annual_cost: 7.6450335172840385
    efficiency: 0.757435
    discharge_ratio: 0.5
    depth_of_discharge: 1.0
