cost_values:
  wind_capex: 5000.0
  wind_opex: 100
  wind_lifetime: 20
  solar_capex: 1000.0
  solar_opex: 10
  solar_lifetime: 20
  carbon_price: 1.0
timeseries_values:
  load_level: 280922.851210587
  wind_year: 2014
  solar_year: 2013
  price_year: 2023
  carbon_year: 2023
storage_values:
  CAES:
    cost: 33.2805
    lifetime: 25.948
    annual_cost: 1.2825843995683677
    efficiency: 0.579461
    discharge_ratio: 0.1
    depth_of_discharge: 0.4
  Li-ion:
    cost: 137.507
    lifetime: 26.5834
    annual_cost: 5.172664143788981
    efficiency: 0.915543
    discharge_ratio: 2
    depth_of_discharge: 0.9
  Pb-acid:
    cost: 155.946
    lifetime: 13.3027
    annual_cost: 11.722883324437896
    efficiency: 0.75947
    discharge_ratio: 5
    depth_of_discharge: 0.5
  VRBF:
    cost: 135.839
    lifetime: 25.9863
    annual_cost: 5.227331324582568
    efficiency: 0.773999
    discharge_ratio: 0.5
    depth_of_discharge: 1.0
