cost_values:
  wind_capex: 5000.0
  wind_opex: 100
  wind_lifetime: 20
  solar_capex: 1000.0
  solar_opex: 10
  solar_lifetime: 20
  carbon_price: 1.0
timeseries_values:
  load_level: 280922.851210587
  wind_year: 2014
  solar_year: 2013
  price_year: 2023
  carbon_year: 2023
storage_values:
  CAES:
    cost: 46.1188
    lifetime: 26.9628
    annual_cost: 1.7104603379470975
    efficiency: 0.578238
    discharge_ratio: 0.1
    depth_of_discharge: 0.4
  Li-ion:
    cost: 124.711
    lifetime: 24.4702
    annual_cost: 5.096443837810889
    efficiency: 0.921118
    discharge_ratio: 2
    depth_of_discharge: 0.9
  Pb-acid:
    cost: 160.658
    lifetime: 12.6699
    annual_cost: 12.680289505047394
    efficiency: 0.771262
    discharge_ratio: 5
    depth_of_discharge: 0.5
  VRBF:
    cost: 129.009
    lifetime: 26.5542
    annual_cost: 4.858327496215288
    efficiency: 0.780459
    discharge_ratio: 0.5
    depth_of_discharge: 1.0
