cost_values:
  wind_capex: 5000.0
  wind_opex: 100
  wind_lifetime: 20
  solar_capex: 1000.0
  solar_opex: 10
  solar_lifetime: 20
  carbon_price: 1.0
timeseries_values:
  load_level: 280922.851210587
  wind_year: 2014
  solar_year: 2013
  price_year: 2023
  carbon_year: 2023
storage_values:
  CAES:
    cost: 33.8707
    lifetime: 26.3297
    annual_cost: 1.2864066054683494
    efficiency: 0.576752
    discharge_ratio: 0.1
    depth_of_discharge: 0.4
  Li-ion:
    cost: 139.538
    lifetime: 26.6679
    annual_cost: 5.232432999973752
    efficiency: 0.920456
    discharge_ratio: 2
    depth_of_discharge: 0.9
  Pb-acid:
    cost: 172.413
    lifetime: 11.5268
    annual_cost: 14.957577124613945
    efficiency: 0.747822
    discharge_ratio: 5
    depth_of_discharge: 0.5
  VRBF:
    cost: 182.766
    lifetime: 26.0835
    annual_cost: 7.006958421990913
    efficiency: 0.776598
    discharge_ratio: 0.5
    depth_of_discharge: 1.0
