cost_values:
  wind_capex: 5000.0
  wind_opex: 100
  wind_lifetime: 20
  solar_capex: 1000.0
  solar_opex: 10
  solar_lifetime: 20
  carbon_price: 1.0
timeseries_values:
  load_level: 280922.851210587
  wind_year: 2014
  solar_year: 2013
  price_year: 2023
  carbon_year: 2023
storage_values:
  CAES:
    cost: 42.9081
    lifetime: 27.6142
    annual_cost: 1.5538418639685379
    efficiency: 0.581802
    discharge_ratio: 0.1
    depth_of_discharge: 0.4
  Li-ion:
    cost: 147.694
    lifetime: 23.6751
    annual_cost: 6.238368581336509
    efficiency: 0.92282
    discharge_ratio: 2
    depth_of_discharge: 0.9
  Pb-acid:
    cost: 171.196
    lifetime: 13.3045
    annual_cost: 12.867526025029125
    efficiency: 0.74786
    discharge_ratio: 5
    depth_of_discharge: 0.5
  VRBF:
    cost: 204.021
    lifetime: 28.3639
    annual_cost: 7.192981219084822
    efficiency: 0.790347
    discharge_ratio: 0.5
    depth_of_discharge: 1.0
