cost_values:
  wind_capex: 5000.0
  wind_opex: 100
  wind_lifetime: 20
  solar_capex: 1000.0
  solar_opex: 10
  solar_lifetime: 20
  carbon_price: 1.0
timeseries_values:
  load_level: 232183.50414871398
  wind_year: 2015
  solar_year: 2015
  price_year: 2023
  carbon_year: 2023
storage_values:
  CAES:
    cost: 39.559
    lifetime: 26.5496
    annual_cost: 1.4900036158736853
    efficiency: 0.593637
    discharge_ratio: 0.1
    depth_of_discharge: 0.4
  Li-ion:
    cost: 292.523
    lifetime: 14.9513
    annual_cost: 19.56505454375205
    efficiency: 0.899249
    discharge_ratio: 2
    depth_of_discharge: 0.9
  Pb-acid:
    cost: 169.357
    lifetime: 13.7791
    annual_cost: 12.29086079642357
    efficiency: 0.762189
    discharge_ratio: 5
    depth_of_discharge: 0.5
  VRBF:
    cost: 301.721
    lifetime: 20.9581
    annual_cost: 14.396390894212738
    efficiency: 0.786069
    discharge_ratio: 0.5
    depth_of_discharge: 1.0
