cost_values:
  wind_capex: 5000.0
  wind_opex: 100
  wind_lifetime: 20
  solar_capex: 1000.0
  solar_opex: 10
  solar_lifetime: 20
  carbon_price: 1.0
timeseries_values:
  load_level: 232183.50414871398
  wind_year: 2015
  solar_year: 2015
  price_year: 2023
  carbon_year: 2023
storage_values:
  CAES:
    cost: 47.8549
    lifetime: 25.7574
    annual_cost: 1.8579087951423667
    efficiency: 0.592445
    discharge_ratio: 0.1
    depth_of_discharge: 0.4
  Li-ion:
    cost: 276.008
    lifetime: 15.2586
    annual_cost: 18.088684414035363
    efficiency: 0.899392
    discharge_ratio: 2
    depth_of_discharge: 0.9
  Pb-acid:
    cost: 166.101
    lifetime: 12.2437
    annual_cost: 13.566242230698236
    efficiency: 0.768325
    discharge_ratio: 5
    depth_of_discharge: 0.5
  VRBF:
    cost: 271.668
    lifetime: 22.1466
    annual_cost: 12.266803933786676
    efficiency: 0.785983
    discharge_ratio: 0.5
    depth_of_discharge: 1.0
