cost_values:
  wind_capex: 5000.0
  wind_opex: 100
  wind_lifetime: 20
  solar_capex: 1000.0
  solar_opex: 10
  solar_lifetime: 20
  carbon_price: 1.0
timeseries_values:
  load_level: 232183.50414871398
  wind_year: 2015
  solar_year: 2015
  price_year: 2023
  carbon_year: 2023
storage_values:
  CAES:
    cost: 40.8624
    lifetime: 25.1561
    annual_cost: 1.6243535365179818
    efficiency: 0.602564
    discharge_ratio: 0.1
    depth_of_discharge: 0.4
  Li-ion:
    cost: 298.858
    lifetime: 13.549
    annual_cost: 22.057568824267474
    efficiency: 0.895644
    discharge_ratio: 2
    depth_of_discharge: 0.9
  Pb-acid:
    cost: 169.198
    lifetime: 12.3345
    annual_cost: 13.717459159268719
    efficiency: 0.778584
    discharge_ratio: 5
    depth_of_discharge: 0.5
  VRBF:
    cost: 264.067
    lifetime: 23.0998
    annual_cost: 11.431570836111137
    efficiency: 0.790324
    discharge_ratio: 0.5
    depth_of_discharge: 1.0
