cost_values:
  wind_capex: 5000.0
  wind_opex: 100
  wind_lifetime: 20
  solar_capex: 1000.0
  solar_opex: 10
  solar_lifetime: 20
  carbon_price: 1.0
timeseries_values:
  load_level: 232183.50414871398
  wind_year: 2015
  solar_year: 2015
  price_year: 2023
  carbon_year: 2023
storage_values:
  CAES:
    cost: 45.8783
    lifetime: 26.3441
    annual_cost: 1.7415018922643022
    efficiency: 0.601459
    discharge_ratio: 0.1
    depth_of_discharge: 0.4
  Li-ion:
    cost: 271.621
    lifetime: 16.2487
    annual_cost: 16.716475779600827
    efficiency: 0.888885
    discharge_ratio: 2
    depth_of_discharge: 0.9
  Pb-acid:
    cost: 176.046
    lifetime: 11.1484
    annual_cost: 15.791144917656343
    efficiency: 0.784762
    discharge_ratio: 5
    depth_of_discharge: 0.5
  VRBF:
    cost: 266.594
    lifetime: 21.855
    annual_cost: 12.198307023564402
    efficiency: 0.789351
    discharge_ratio: 0.5
    depth_of_discharge: 1.0
