cost_values:
  wind_capex: 5000.0
  wind_opex: 100
  wind_lifetime: 20
  solar_capex: 1000.0
  solar_opex: 10
  solar_lifetime: 20
  carbon_price: 1.0
timeseries_values:
  load_level: 232183.50414871398
  wind_year: 2015
  solar_year: 2015
  price_year: 2023
  carbon_year: 2023
storage_values:
  CAES:
    cost: 47.8666
    lifetime: 26.2597
    annual_cost: 1.8228159499156502
    efficiency: 0.609927
    discharge_ratio: 0.1
    depth_of_discharge: 0.4
  Li-ion:
    cost: 266.896
    lifetime: 15.5195
    annual_cost: 17.19746125841683
    efficiency: 0.905063
    discharge_ratio: 2
    depth_of_discharge: 0.9
  Pb-acid:
    cost: 184.762
    lifetime: 13.2911
    annual_cost: 13.901181993965887
    efficiency: 0.772616
    discharge_ratio: 5
    depth_of_discharge: 0.5
  VRBF:
    cost: 309.502
    lifetime: 20.6736
    annual_cost: 14.970880736785078
    efficiency: 0.789393
    discharge_ratio: 0.5
    depth_of_discharge: 1.0
