cost_values:
  wind_capex: 5000.0
  wind_opex: 100
  wind_lifetime: 20
  solar_capex: 1000.0
  solar_opex: 10
  solar_lifetime: 20
  carbon_price: 1.0
timeseries_values:
  load_level: 232183.50414871398
  wind_year: 2015
  solar_year: 2015
  price_year: 2023
  carbon_year: 2023
storage_values:
  CAES:
    cost: 41.2613
    lifetime: 26.9801
    annual_cost: 1.529323464331118
    efficiency: 0.617334
    discharge_ratio: 0.1
    depth_of_discharge: 0.4
  Li-ion:
    cost: 297.42
    lifetime: 13.6108
    annual_cost: 21.851764775031594
    efficiency: 0.911847
    discharge_ratio: 2
    depth_of_discharge: 0.9
  Pb-acid:
    cost: 164.669
    lifetime: 12.3431
    annual_cost: 13.340975929871751
    efficiency: 0.782114
    discharge_ratio: 5
    depth_of_discharge: 0.5
  VRBF:
    cost: 314.802
    lifetime: 19.4558
    annual_cost: 16.180367808057238
    efficiency: 0.798034
    discharge_ratio: 0.5
    depth_of_discharge: 1.0
