cost_values:
  wind_capex: 5000.0
  wind_opex: 100
  wind_lifetime: 20
  solar_capex: 1000.0
  solar_opex: 10
  solar_lifetime: 20
  carbon_price: 1.0
timeseries_values:
  load_level: 232183.50414871398
  wind_year: 2015
  solar_year: 2015
  price_year: 2023
  carbon_year: 2023
storage_values:
  CAES:
    cost: 37.9716
    lifetime: 26.5079
    annual_cost: 1.4324635297401909
    efficiency: 0.589853
    discharge_ratio: 0.1
    depth_of_discharge: 0.4
  Li-ion:
    cost: 296.342
    lifetime: 15.3067
    annual_cost: 19.360280138762764
    efficiency: 0.907166
    discharge_ratio: 2
    depth_of_discharge: 0.9
  Pb-acid:
    cost: 160.401
    lifetime: 11.1111
    annual_cost: 14.436104436104436
    efficiency: 0.779103
    discharge_ratio: 5
    depth_of_discharge: 0.5
  VRBF:
    cost: 266.084
    lifetime: 23.6453
    annual_cost: 11.253145445395068
    efficiency: 0.785929
    discharge_ratio: 0.5
    depth_of_discharge: 1.0
