cost_values:
  wind_capex: 5000.0
  wind_opex: 100
  wind_lifetime: 20
  solar_capex: 1000.0
  solar_opex: 10
  solar_lifetime: 20
  carbon_price: 1.0
timeseries_values:
  load_level: 232183.50414871398
  wind_year: 2015
  solar_year: 2015
  price_year: 2023
  carbon_year: 2023
storage_values:
  CAES:
    cost: 32.439
    lifetime: 25.1061
    annual_cost: 1.2920764276410912
    efficiency: 0.593714
    discharge_ratio: 0.1
    depth_of_discharge: 0.4
  Li-ion:
    cost: 277.295
    lifetime: 15.9564
    annual_cost: 17.378293349377053
    efficiency: 0.892414
    discharge_ratio: 2
    depth_of_discharge: 0.9
  Pb-acid:
    cost: 194.448
    lifetime: 14.3309
    annual_cost: 13.568443014744364
    efficiency: 0.77196
    discharge_ratio: 5
    depth_of_discharge: 0.5
  VRBF:
    cost: 292.191
    lifetime: 22.204
    annual_cost: 13.15938569627094
    efficiency: 0.779015
    discharge_ratio: 0.5
    depth_of_discharge: 1.0
