cost_values:
  wind_capex: 5000.0
  wind_opex: 100
  wind_lifetime: 20
  solar_capex: 1000.0
  solar_opex: 10
  solar_lifetime: 20
  carbon_price: 1.0
timeseries_values:
  load_level: 232183.50414871398
  wind_year: 2015
  solar_year: 2015
  price_year: 2023
  carbon_year: 2023
storage_values:
  CAES:
    cost: 43.6101
    lifetime: 26.9655
    annual_cost: 1.617255381876843
    efficiency: 0.599432
    discharge_ratio: 0.1
    depth_of_discharge: 0.4
  Li-ion:
    cost: 284.043
    lifetime: 15.7469
    annual_cost: 18.038026532206338
    efficiency: 0.887955
    discharge_ratio: 2
    depth_of_discharge: 0.9
  Pb-acid:
    cost: 195.015
    lifetime: 13.6987
    annual_cost: 14.236022396285778
    efficiency: 0.776145
    discharge_ratio: 5
    depth_of_discharge: 0.5
  VRBF:
    cost: 277.337
    lifetime: 22.2996
    annual_cost: 12.43685985398841
    efficiency: 0.779445
    discharge_ratio: 0.5
    depth_of_discharge: 1.0
