cost_values:
  wind_capex: 5000.0
  wind_opex: 100
  wind_lifetime: 20
  solar_capex: 1000.0
  solar_opex: 10
  solar_lifetime: 20
  carbon_price: 1.0
timeseries_values:
  load_level: 232183.50414871398
  wind_year: 2015
  solar_year: 2015
  price_year: 2023
  carbon_year: 2023
storage_values:
  CAES:
    cost: 44.1477
    lifetime: 26.3942
    annual_cost: 1.6726288351228678
    efficiency: 0.599455
    discharge_ratio: 0.1
    depth_of_discharge: 0.4
  Li-ion:
    cost: 287.722
    lifetime: 15.153
    annual_cost: 18.987791196462744
    efficiency: 0.904146
    discharge_ratio: 2
    depth_of_discharge: 0.9
  Pb-acid:
    cost: 170.372
    lifetime: 11.6291
    annual_cost: 14.650488859842982
    efficiency: 0.773831
    discharge_ratio: 5
    depth_of_discharge: 0.5
  VRBF:
    cost: 300.619
    lifetime: 22.4389
    annual_cost: 13.39722535418403
    efficiency: 0.767521
    discharge_ratio: 0.5
    depth_of_discharge: 1.0
