cost_values:
  wind_capex: 5000.0
  wind_opex: 100
  wind_lifetime: 20
  solar_capex: 1000.0
  solar_opex: 10
  solar_lifetime: 20
  carbon_price: 1.0
timeseries_values:
  load_level: 232183.50414871398
  wind_year: 2015
  solar_year: 2015
  price_year: 2023
  carbon_year: 2023
storage_values:
  CAES:
    cost: 41.4053
    lifetime: 25.8969
    annual_cost: 1.5988515999984554
    efficiency: 0.603682
    discharge_ratio: 0.1
    depth_of_discharge: 0.4
  Li-ion:
    cost: 291.779
    lifetime: 14.5476
    annual_cost: 20.056847864939922
    efficiency: 0.894163
    discharge_ratio: 2
    depth_of_discharge: 0.9
  Pb-acid:
    cost: 166.716
    lifetime: 11.6149
    annual_cost: 14.35363197272469
    efficiency: 0.77005
    discharge_ratio: 5
    depth_of_discharge: 0.5
  VRBF:
    cost: 266.559
    lifetime: 19.2773
    annual_cost: 13.82761071311854
    efficiency: 0.753128
    discharge_ratio: 0.5
    depth_of_discharge: 1.0
