cost_values:
  wind_capex: 5000.0
  wind_opex: 100
  wind_lifetime: 20
  solar_capex: 1000.0
  solar_opex: 10
  solar_lifetime: 20
  carbon_price: 1.0
timeseries_values:
  load_level: 232183.50414871398
  wind_year: 2015
  solar_year: 2015
  price_year: 2023
  carbon_year: 2023
storage_values:
  CAES:
    cost: 50.3085
    lifetime: 25.8349
    annual_cost: 1.9473077116613573
    efficiency: 0.594902
    discharge_ratio: 0.1
    depth_of_discharge: 0.4
  Li-ion:
    cost: 285.753
    lifetime: 13.9002
    annual_cost: 20.557473993179954
    efficiency: 0.891457
    discharge_ratio: 2
    depth_of_discharge: 0.9
  Pb-acid:
    cost: 163.441
    lifetime: 12.9882
    annual_cost: 12.583806840054818
    efficiency: 0.778042
    discharge_ratio: 5
    depth_of_discharge: 0.5
  VRBF:
    cost: 298.155
    lifetime: 22.2003
    annual_cost: 13.430223915893029
    efficiency: 0.768207
    discharge_ratio: 0.5
    depth_of_discharge: 1.0
