cost_values:
  wind_capex: 5000.0
  wind_opex: 100
  wind_lifetime: 20
  solar_capex: 1000.0
  solar_opex: 10
  solar_lifetime: 20
  carbon_price: 1.0
timeseries_values:
  load_level: 232183.50414871398
  wind_year: 2015
  solar_year: 2015
  price_year: 2023
  carbon_year: 2023
storage_values:
  CAES:
    cost: 43.5735
    lifetime: 26.3549
    annual_cost: 1.6533358123157365
    efficiency: 0.603288
    discharge_ratio: 0.1
    depth_of_discharge: 0.4
  Li-ion:
    cost: 277.967
    lifetime: 15.0355
    annual_cost: 18.487379867646567
    efficiency: 0.896795
    discharge_ratio: 2
    depth_of_discharge: 0.9
  Pb-acid:
    cost: 169.08
    lifetime: 11.3498
    annual_cost: 14.897178804912864
    efficiency: 0.789357
    discharge_ratio: 5
    depth_of_discharge: 0.5
  VRBF:
    cost: 319.645
    lifetime: 20.248
    annual_cost: 15.786497431845119
    efficiency: 0.80038
    discharge_ratio: 0.5
    depth_of_discharge: 1.0
