cost_values:
  wind_capex: 5000.0
  wind_opex: 100
  wind_lifetime: 20
  solar_capex: 1000.0
  solar_opex: 10
  solar_lifetime: 20
  carbon_price: 1.0
timeseries_values:
  load_level: 232183.50414871398
  wind_year: 2015
  solar_year: 2015
  price_year: 2023
  carbon_year: 2023
storage_values:
  CAES:
    cost: 42.0833
    lifetime: 26.9007
    annual_cost: 1.5643942350942541
    efficiency: 0.595137
    discharge_ratio: 0.1
    depth_of_discharge: 0.4
  Li-ion:
    cost: 288.197
    lifetime: 13.5531
    annual_cost: 21.264286399421533
    efficiency: 0.898099
    discharge_ratio: 2
    depth_of_discharge: 0.9
  Pb-acid:
    cost: 172.257
    lifetime: 13.5437
    annual_cost: 12.718607175291835
    efficiency: 0.792408
    discharge_ratio: 5
    depth_of_discharge: 0.5
  VRBF:
    cost: 297.785
    lifetime: 22.8419
    annual_cost: 13.036787657769276
    efficiency: 0.808503
    discharge_ratio: 0.5
    depth_of_discharge: 1.0
