cost_values:
  wind_capex: 5000.0
  wind_opex: 100
  wind_lifetime: 20
  solar_capex: 1000.0
  solar_opex: 10
  solar_lifetime: 20
  carbon_price: 1.0
timeseries_values:
  load_level: 232183.50414871398
  wind_year: 2015
  solar_year: 2015
  price_year: 2023
  carbon_year: 2023
storage_values:
  CAES:
    cost: 33.104
    lifetime: 25.7776
    annual_cost: 1.284215753212091
    efficiency: 0.59632
    discharge_ratio: 0.1
    depth_of_discharge: 0.4
  Li-ion:
    cost: 276.789
    lifetime: 16.9533
    annual_cost: 16.326555891773282
    efficiency: 0.900477
    discharge_ratio: 2
    depth_of_discharge: 0.9
  Pb-acid:
    cost: 185.401
    lifetime: 11.111
    annual_cost: 16.686256862568627
    efficiency: 0.767362
    discharge_ratio: 5
    depth_of_discharge: 0.5
  VRBF:
    cost: 278.9
    lifetime: 22.2183
    annual_cost: 12.552715554295332
    efficiency: 0.791327
    discharge_ratio: 0.5
    depth_of_discharge: 1.0
