cost_values:
  wind_capex: 5000.0
  wind_opex: 100
  wind_lifetime: 20
  solar_capex: 1000.0
  solar_opex: 10
  solar_lifetime: 20
  carbon_price: 1.0
timeseries_values:
  load_level: 232183.50414871398
  wind_year: 2015
  solar_year: 2015
  price_year: 2023
  carbon_year: 2023
storage_values:
  CAES:
    cost: 42.9112
    lifetime: 26.0184
    annual_cost: 1.6492635980690589
    efficiency: 0.608243
    discharge_ratio: 0.1
    depth_of_discharge: 0.4
  Li-ion:
    cost: 284.881
    lifetime: 16.5433
    annual_cost: 17.220324844498982
    efficiency: 0.88468
    discharge_ratio: 2
    depth_of_discharge: 0.9
  Pb-acid:
    cost: 166.084
    lifetime: 12.8693
    annual_cost: 12.90544163241202
    efficiency: 0.774974
    discharge_ratio: 5
    depth_of_discharge: 0.5
  VRBF:
    cost: 271.426
    lifetime: 21.7911
    annual_cost: 12.455819118814562
    efficiency: 0.786336
    discharge_ratio: 0.5
    depth_of_discharge: 1.0
