cost_values:
  wind_capex: 5000.0
  wind_opex: 100
  wind_lifetime: 20
  solar_capex: 1000.0
  solar_opex: 10
  solar_lifetime: 20
  carbon_price: 1.0
timeseries_values:
  load_level: 232183.50414871398
  wind_year: 2015
  solar_year: 2015
  price_year: 2023
  carbon_year: 2023
storage_values:
  CAES:
    cost: 46.6469
    lifetime: 26.7173
    annual_cost: 1.7459436395144718
    efficiency: 0.604916
    discharge_ratio: 0.1
    depth_of_discharge: 0.4
  Li-ion:
    cost: 265.718
    lifetime: 17.8244
    annual_cost: 14.907542469872759
    efficiency: 0.916616
    discharge_ratio: 2
    depth_of_discharge: 0.9
  Pb-acid:
    cost: 177.064
    lifetime: 11.2362
    annual_cost: 15.758352467916199
    efficiency: 0.764252
    discharge_ratio: 5
    depth_of_discharge: 0.5
  VRBF:
    cost: 282.512
    lifetime: 20.8696
    annual_cost: 13.537010771648715
    efficiency: 0.781882
    discharge_ratio: 0.5
    depth_of_discharge: 1.0
