cost_values:
  wind_capex: 5000.0
  wind_opex: 100
  wind_lifetime: 20
  solar_capex: 1000.0
  solar_opex: 10
  solar_lifetime: 20
  carbon_price: 1.0
timeseries_values:
  load_level: 232183.50414871398
  wind_year: 2015
  solar_year: 2015
  price_year: 2023
  carbon_year: 2023
storage_values:
  CAES:
    cost: 37.9774
    lifetime: 26.1757
    annual_cost: 1.4508647333213631
    efficiency: 0.59991
    discharge_ratio: 0.1
    depth_of_discharge: 0.4
  Li-ion:
    cost: 285.348
    lifetime: 15.2462
    annual_cost: 18.716007923285805
    efficiency: 0.894957
    discharge_ratio: 2
    depth_of_discharge: 0.9
  Pb-acid:
    cost: 154.641
    lifetime: 12.2198
    annual_cost: 12.654953436226451
    efficiency: 0.766164
    discharge_ratio: 5
    depth_of_discharge: 0.5
  VRBF:
    cost: 309.879
    lifetime: 20.978
    annual_cost: 14.771617885403757
    efficiency: 0.794216
    discharge_ratio: 0.5
    depth_of_discharge: 1.0
