cost_values:
  wind_capex: 5000.0
  wind_opex: 100
  wind_lifetime: 20
  solar_capex: 1000.0
  solar_opex: 10
  solar_lifetime: 20
  carbon_price: 1.0
timeseries_values:
  load_level: 232183.50414871398
  wind_year: 2015
  solar_year: 2015
  price_year: 2023
  carbon_year: 2023
storage_values:
  CAES:
    cost: 37.4055
    lifetime: 24.3118
    annual_cost: 1.5385738612525606
    efficiency: 0.604373
    discharge_ratio: 0.1
    depth_of_discharge: 0.4
  Li-ion:
    cost: 264.162
    lifetime: 13.9596
    annual_cost: 18.923321585145704
    efficiency: 0.907359
    discharge_ratio: 2
    depth_of_discharge: 0.9
  Pb-acid:
    cost: 159.336
    lifetime: 11.2557
    annual_cost: 14.156027612676246
    efficiency: 0.786454
    discharge_ratio: 5
    depth_of_discharge: 0.5
  VRBF:
    cost: 313.105
    lifetime: 23.1894
    annual_cost: 13.502074223567666
    efficiency: 0.784225
    discharge_ratio: 0.5
    depth_of_discharge: 1.0
