cost_values:
  wind_capex: 5000.0
  wind_opex: 100
  wind_lifetime: 20
  solar_capex: 1000.0
  solar_opex: 10
  solar_lifetime: 20
  carbon_price: 1.0
timeseries_values:
  load_level: 232183.50414871398
  wind_year: 2015
  solar_year: 2015
  price_year: 2023
  carbon_year: 2023
storage_values:
  CAES:
    cost: 50.1421
    lifetime: 26.7107
    annual_cost: 1.8772289756539515
    efficiency: 0.600251
    discharge_ratio: 0.1
    depth_of_discharge: 0.4
  Li-ion:
    cost: 272.194
    lifetime: 16.0866
    annual_cost: 16.92054256337573
    efficiency: 0.89818
    discharge_ratio: 2
    depth_of_discharge: 0.9
  Pb-acid:
    cost: 177.3
    lifetime: 11.0935
    annual_cost: 15.982331996213999
    efficiency: 0.770873
    discharge_ratio: 5
    depth_of_discharge: 0.5
  VRBF:
    cost: 263.865
    lifetime: 21.9041
    annual_cost: 12.046374879588754
    efficiency: 0.80084
    discharge_ratio: 0.5
    depth_of_discharge: 1.0
