cost_values:
  wind_capex: 5000.0
  wind_opex: 100
  wind_lifetime: 20
  solar_capex: 1000.0
  solar_opex: 10
  solar_lifetime: 20
  carbon_price: 1.0
timeseries_values:
  load_level: 232183.50414871398
  wind_year: 2015
  solar_year: 2015
  price_year: 2023
  carbon_year: 2023
storage_values:
  CAES:
    cost: 39.0972
    lifetime: 26.423
    annual_cost: 1.479665442985278
    efficiency: 0.599015
    discharge_ratio: 0.1
    depth_of_discharge: 0.4
  Li-ion:
    cost: 280.107
    lifetime: 13.1854
    annual_cost: 21.243724119101433
    efficiency: 0.910569
    discharge_ratio: 2
    depth_of_discharge: 0.9
  Pb-acid:
    cost: 181.614
    lifetime: 11.083
    annual_cost: 16.386718397545792
    efficiency: 0.77196
    discharge_ratio: 5
    depth_of_discharge: 0.5
  VRBF:
    cost: 297.22
    lifetime: 21.4977
    annual_cost: 13.825665071147148
    efficiency: 0.804734
    discharge_ratio: 0.5
    depth_of_discharge: 1.0
