cost_values:
  wind_capex: 5000.0
  wind_opex: 100
  wind_lifetime: 20
  solar_capex: 1000.0
  solar_opex: 10
  solar_lifetime: 20
  carbon_price: 1.0
timeseries_values:
  load_level: 232183.50414871398
  wind_year: 2015
  solar_year: 2015
  price_year: 2023
  carbon_year: 2023
storage_values:
  CAES:
    cost: 50.0007
    lifetime: 25.1077
    annual_cost: 1.9914488384041549
    efficiency: 0.599843
    discharge_ratio: 0.1
    depth_of_discharge: 0.4
  Li-ion:
    cost: 261.614
    lifetime: 16.1355
    annual_cost: 16.213566359889683
    efficiency: 0.891675
    discharge_ratio: 2
    depth_of_discharge: 0.9
  Pb-acid:
    cost: 165.639
    lifetime: 12.3905
    annual_cost: 13.36822565675316
    efficiency: 0.760745
    discharge_ratio: 5
    depth_of_discharge: 0.5
  VRBF:
    cost: 273.97
    lifetime: 21.7169
    annual_cost: 12.615520631397668
    efficiency: 0.792762
    discharge_ratio: 0.5
    depth_of_discharge: 1.0
