cost_values:
  wind_capex: 5000.0
  wind_opex: 100
  wind_lifetime: 20
  solar_capex: 1000.0
  solar_opex: 10
  solar_lifetime: 20
  carbon_price: 1.0
timeseries_values:
  load_level: 232183.50414871398
  wind_year: 2015
  solar_year: 2015
  price_year: 2023
  carbon_year: 2023
storage_values:
  CAES:
    cost: 39.6265
    lifetime: 26.0996
    annual_cost: 1.5182799736394428
    efficiency: 0.596728
    discharge_ratio: 0.1
    depth_of_discharge: 0.4
  Li-ion:
    cost: 289.715
    lifetime: 16.6364
    annual_cost: 17.414524776995023
    efficiency: 0.897756
    discharge_ratio: 2
    depth_of_discharge: 0.9
  Pb-acid:
    cost: 176.187
    lifetime: 13.5769
    annual_cost: 12.976968232807195
    efficiency: 0.770889
    discharge_ratio: 5
    depth_of_discharge: 0.5
  VRBF:
    cost: 279.171
    lifetime: 21.4055
    annual_cost: 13.04202191025671
    efficiency: 0.778086
    discharge_ratio: 0.5
    depth_of_discharge: 1.0
