cost_values:
  wind_capex: 5000.0
  wind_opex: 100
  wind_lifetime: 20
  solar_capex: 1000.0
  solar_opex: 10
  solar_lifetime: 20
  carbon_price: 1.0
timeseries_values:
  load_level: 232183.50414871398
  wind_year: 2015
  solar_year: 2015
  price_year: 2023
  carbon_year: 2023
storage_values:
  CAES:
    cost: 37.0142
    lifetime: 26.6631
    annual_cost: 1.3882181741807968
    efficiency: 0.600427
    discharge_ratio: 0.1
    depth_of_discharge: 0.4
  Li-ion:
    cost: 281.761
    lifetime: 13.8524
    annual_cost: 20.340229851866827
    efficiency: 0.910909
    discharge_ratio: 2
    depth_of_discharge: 0.9
  Pb-acid:
    cost: 155.151
    lifetime: 11.9159
    annual_cost: 13.020502018311667
    efficiency: 0.762906
    discharge_ratio: 5
    depth_of_discharge: 0.5
  VRBF:
    cost: 286.665
    lifetime: 24.2297
    annual_cost: 11.831141120195463
    efficiency: 0.779017
    discharge_ratio: 0.5
    depth_of_discharge: 1.0
