cost_values:
  wind_capex: 5000.0
  wind_opex: 100
  wind_lifetime: 20
  solar_capex: 1000.0
  solar_opex: 10
  solar_lifetime: 20
  carbon_price: 1.0
timeseries_values:
  load_level: 232183.50414871398
  wind_year: 2015
  solar_year: 2015
  price_year: 2023
  carbon_year: 2023
storage_values:
  CAES:
    cost: 40.7789
    lifetime: 24.8646
    annual_cost: 1.6400384482356443
    efficiency: 0.590129
    discharge_ratio: 0.1
    depth_of_discharge: 0.4
  Li-ion:
    cost: 281.666
    lifetime: 12.9644
    annual_cost: 21.72611150535312
    efficiency: 0.909639
    discharge_ratio: 2
    depth_of_discharge: 0.9
  Pb-acid:
    cost: 163.795
    lifetime: 11.6857
    annual_cost: 14.01670417689997
    efficiency: 0.780644
    discharge_ratio: 5
    depth_of_discharge: 0.5
  VRBF:
    cost: 272.275
    lifetime: 22.7442
    annual_cost: 11.97118386225939
    efficiency: 0.777831
    discharge_ratio: 0.5
    depth_of_discharge: 1.0
