cost_values:
  wind_capex: 5000.0
  wind_opex: 100
  wind_lifetime: 20
  solar_capex: 1000.0
  solar_opex: 10
  solar_lifetime: 20
  carbon_price: 1.0
timeseries_values:
  load_level: 232183.50414871398
  wind_year: 2015
  solar_year: 2015
  price_year: 2023
  carbon_year: 2023
storage_values:
  CAES:
    cost: 42.1562
    lifetime: 25.1941
    annual_cost: 1.6732568339412799
    efficiency: 0.605487
    discharge_ratio: 0.1
    depth_of_discharge: 0.4
  Li-ion:
    cost: 262.306
    lifetime: 17.1147
    annual_cost: 15.326356874499698
    efficiency: 0.898273
    discharge_ratio: 2
    depth_of_discharge: 0.9
  Pb-acid:
    cost: 156.319
    lifetime: 12.6664
    annual_cost: 12.341233499652624
    efficiency: 0.776201
    discharge_ratio: 5
    depth_of_discharge: 0.5
  VRBF:
    cost: 263.223
    lifetime: 22.0039
    annual_cost: 11.962561182335858
    efficiency: 0.785527
    discharge_ratio: 0.5
    depth_of_discharge: 1.0
