cost_values:
  wind_capex: 5000.0
  wind_opex: 100
  wind_lifetime: 20
  solar_capex: 1000.0
  solar_opex: 10
  solar_lifetime: 20
  carbon_price: 1.0
timeseries_values:
  load_level: 232183.50414871398
  wind_year: 2015
  solar_year: 2015
  price_year: 2023
  carbon_year: 2023
storage_values:
  CAES:
    cost: 53.7049
    lifetime: 24.9887
    annual_cost: 2.149167423675501
    efficiency: 0.601011
    discharge_ratio: 0.1
    depth_of_discharge: 0.4
  Li-ion:
    cost: 277.734
    lifetime: 15.0597
    annual_cost: 18.442200043825572
    efficiency: 0.902782
    discharge_ratio: 2
    depth_of_discharge: 0.9
  Pb-acid:
    cost: 159.57
    lifetime: 11.3126
    annual_cost: 14.105510669518942
    efficiency: 0.778736
    discharge_ratio: 5
    depth_of_discharge: 0.5
  VRBF:
    cost: 289.254
    lifetime: 22.5151
    annual_cost: 12.847111494063984
    efficiency: 0.812625
    discharge_ratio: 0.5
    depth_of_discharge: 1.0
