cost_values:
  wind_capex: 5000.0
  wind_opex: 100
  wind_lifetime: 20
  solar_capex: 1000.0
  solar_opex: 10
  solar_lifetime: 20
  carbon_price: 1.0
timeseries_values:
  load_level: 232183.50414871398
  wind_year: 2015
  solar_year: 2015
  price_year: 2023
  carbon_year: 2023
storage_values:
  CAES:
    cost: 39.9732
    lifetime: 26.0323
    annual_cost: 1.535523176976295
    efficiency: 0.600836
    discharge_ratio: 0.1
    depth_of_discharge: 0.4
  Li-ion:
    cost: 293.407
    lifetime: 13.801
    annual_cost: 21.259836243750453
    efficiency: 0.902946
    discharge_ratio: 2
    depth_of_discharge: 0.9
  Pb-acid:
    cost: 182.036
    lifetime: 11.8012
    annual_cost: 15.425210995491984
    efficiency: 0.762237
    discharge_ratio: 5
    depth_of_discharge: 0.5
  VRBF:
    cost: 285.784
    lifetime: 20.5972
    annual_cost: 13.874895616879963
    efficiency: 0.786325
    discharge_ratio: 0.5
    depth_of_discharge: 1.0
