cost_values:
  wind_capex: 5000.0
  wind_opex: 100
  wind_lifetime: 20
  solar_capex: 1000.0
  solar_opex: 10
  solar_lifetime: 20
  carbon_price: 1.0
timeseries_values:
  load_level: 232183.50414871398
  wind_year: 2015
  solar_year: 2015
  price_year: 2023
  carbon_year: 2023
storage_values:
  CAES:
    cost: 45.1422
    lifetime: 24.5304
    annual_cost: 1.8402553566187263
    efficiency: 0.593849
    discharge_ratio: 0.1
    depth_of_discharge: 0.4
  Li-ion:
    cost: 267.005
    lifetime: 15.4601
    annual_cost: 17.270586865544207
    efficiency: 0.910616
    discharge_ratio: 2
    depth_of_discharge: 0.9
  Pb-acid:
    cost: 169.507
    lifetime: 12.8559
    annual_cost: 13.185152342504221
    efficiency: 0.786723
    discharge_ratio: 5
    depth_of_discharge: 0.5
  VRBF:
    cost: 265.531
    lifetime: 22.7262
    annual_cost: 11.683915480810695
    efficiency: 0.797541
    discharge_ratio: 0.5
    depth_of_discharge: 1.0
