cost_values:
  wind_capex: 5000.0
  wind_opex: 100
  wind_lifetime: 20
  solar_capex: 1000.0
  solar_opex: 10
  solar_lifetime: 20
  carbon_price: 1.0
timeseries_values:
  load_level: 232183.50414871398
  wind_year: 2015
  solar_year: 2015
  price_year: 2023
  carbon_year: 2023
storage_values:
  CAES:
    cost: 41.1297
    lifetime: 25.8833
    annual_cost: 1.5890439008936266
    efficiency: 0.599065
    discharge_ratio: 0.1
    depth_of_discharge: 0.4
  Li-ion:
    cost: 264.03
    lifetime: 15.7418
    annual_cost: 16.772541894827782
    efficiency: 0.911669
    discharge_ratio: 2
    depth_of_discharge: 0.9
  Pb-acid:
    cost: 162.798
    lifetime: 9.61573
    annual_cost: 16.930383860611727
    efficiency: 0.787308
    discharge_ratio: 5
    depth_of_discharge: 0.5
  VRBF:
    cost: 280.907
    lifetime: 20.4071
    annual_cost: 13.765160164844588
    efficiency: 0.785681
    discharge_ratio: 0.5
    depth_of_discharge: 1.0
