cost_values:
  wind_capex: 5000.0
  wind_opex: 100
  wind_lifetime: 20
  solar_capex: 1000.0
  solar_opex: 10
  solar_lifetime: 20
  carbon_price: 1.0
timeseries_values:
  load_level: 232183.50414871398
  wind_year: 2015
  solar_year: 2015
  price_year: 2023
  carbon_year: 2023
storage_values:
  CAES:
    cost: 49.6364
    lifetime: 24.9078
    annual_cost: 1.9928054665606758
    efficiency: 0.5913
    discharge_ratio: 0.1
    depth_of_discharge: 0.4
  Li-ion:
    cost: 267.046
    lifetime: 14.5739
    annual_cost: 18.32357845189002
    efficiency: 0.906905
    discharge_ratio: 2
    depth_of_discharge: 0.9
  Pb-acid:
    cost: 190.827
    lifetime: 11.6345
    annual_cost: 16.40182216683141
    efficiency: 0.778357
    discharge_ratio: 5
    depth_of_discharge: 0.5
  VRBF:
    cost: 297.014
    lifetime: 21.5027
    annual_cost: 13.812870011672953
    efficiency: 0.788177
    discharge_ratio: 0.5
    depth_of_discharge: 1.0
