cost_values:
  wind_capex: 5000.0
  wind_opex: 100
  wind_lifetime: 20
  solar_capex: 1000.0
  solar_opex: 10
  solar_lifetime: 20
  carbon_price: 1.0
timeseries_values:
  load_level: 232183.50414871398
  wind_year: 2015
  solar_year: 2015
  price_year: 2023
  carbon_year: 2023
storage_values:
  CAES:
    cost: 38.0969
    lifetime: 25.1839
    annual_cost: 1.5127482240637866
    efficiency: 0.597346
    discharge_ratio: 0.1
    depth_of_discharge: 0.4
  Li-ion:
    cost: 262.583
    lifetime: 15.6963
    annual_cost: 16.728974344272217
    efficiency: 0.905531
    discharge_ratio: 2
    depth_of_discharge: 0.9
  Pb-acid:
    cost: 197.586
    lifetime: 13.3234
    annual_cost: 14.829998348769836
    efficiency: 0.77441
    discharge_ratio: 5
    depth_of_discharge: 0.5
  VRBF:
    cost: 311.93
    lifetime: 20.7651
    annual_cost: 15.021839528824808
    efficiency: 0.786525
    discharge_ratio: 0.5
    depth_of_discharge: 1.0
