cost_values:
  wind_capex: 5000.0
  wind_opex: 100
  wind_lifetime: 20
  solar_capex: 1000.0
  solar_opex: 10
  solar_lifetime: 20
  carbon_price: 1.0
timeseries_values:
  load_level: 232183.50414871398
  wind_year: 2015
  solar_year: 2015
  price_year: 2023
  carbon_year: 2023
storage_values:
  CAES:
    cost: 47.4004
    lifetime: 26.2019
    annual_cost: 1.8090443822776212
    efficiency: 0.599421
    discharge_ratio: 0.1
    depth_of_discharge: 0.4
  Li-ion:
    cost: 287.733
    lifetime: 15.249
    annual_cost: 18.868975014755065
    efficiency: 0.899418
    discharge_ratio: 2
    depth_of_discharge: 0.9
  Pb-acid:
    cost: 179.495
    lifetime: 11.6746
    annual_cost: 15.374830829321777
    efficiency: 0.770138
    discharge_ratio: 5
    depth_of_discharge: 0.5
  VRBF:
    cost: 253.314
    lifetime: 21.9553
    annual_cost: 11.537715266928714
    efficiency: 0.789693
    discharge_ratio: 0.5
    depth_of_discharge: 1.0
