cost_values:
  wind_capex: 5000.0
  wind_opex: 100
  wind_lifetime: 20
  solar_capex: 1000.0
  solar_opex: 10
  solar_lifetime: 20
  carbon_price: 1.0
timeseries_values:
  load_level: 232183.50414871398
  wind_year: 2015
  solar_year: 2015
  price_year: 2023
  carbon_year: 2023
storage_values:
  CAES:
    cost: 38.0667
    lifetime: 26.6056
    annual_cost: 1.430777731003999
    efficiency: 0.591385
    discharge_ratio: 0.1
    depth_of_discharge: 0.4
  Li-ion:
    cost: 275.82
    lifetime: 17.2403
    annual_cost: 15.998561509950521
    efficiency: 0.904033
    discharge_ratio: 2
    depth_of_discharge: 0.9
  Pb-acid:
    cost: 171.618
    lifetime: 11.5601
    annual_cost: 14.845719327687476
    efficiency: 0.757713
    discharge_ratio: 5
    depth_of_discharge: 0.5
  VRBF:
    cost: 276.393
    lifetime: 21.5887
    annual_cost: 12.802669915279752
    efficiency: 0.771785
    discharge_ratio: 0.5
    depth_of_discharge: 1.0
