cost_values:
  wind_capex: 5000.0
  wind_opex: 100
  wind_lifetime: 20
  solar_capex: 1000.0
  solar_opex: 10
  solar_lifetime: 20
  carbon_price: 1.0
timeseries_values:
  load_level: 232183.50414871398
  wind_year: 2015
  solar_year: 2015
  price_year: 2023
  carbon_year: 2023
storage_values:
  CAES:
    cost: 49.7286
    lifetime: 26.3277
    annual_cost: 1.888831914675418
    efficiency: 0.615762
    discharge_ratio: 0.1
    depth_of_discharge: 0.4
  Li-ion:
    cost: 276.785
    lifetime: 15.5331
    annual_cost: 17.819044492084647
    efficiency: 0.902356
    discharge_ratio: 2
    depth_of_discharge: 0.9
  Pb-acid:
    cost: 182.692
    lifetime: 11.8623
    annual_cost: 15.401060502600677
    efficiency: 0.772989
    discharge_ratio: 5
    depth_of_discharge: 0.5
  VRBF:
    cost: 285.428
    lifetime: 21.4681
    annual_cost: 13.295447664208757
    efficiency: 0.803895
    discharge_ratio: 0.5
    depth_of_discharge: 1.0
