cost_values:
  wind_capex: 5000.0
  wind_opex: 100
  wind_lifetime: 20
  solar_capex: 1000.0
  solar_opex: 10
  solar_lifetime: 20
  carbon_price: 1.0
timeseries_values:
  load_level: 232183.50414871398
  wind_year: 2015
  solar_year: 2015
  price_year: 2023
  carbon_year: 2023
storage_values:
  CAES:
    cost: 34.1064
    lifetime: 25.5347
    annual_cost: 1.335688298668087
    efficiency: 0.595983
    discharge_ratio: 0.1
    depth_of_discharge: 0.4
  Li-ion:
    cost: 278.73
    lifetime: 15.0096
    annual_cost: 18.570115126319156
    efficiency: 0.904439
    discharge_ratio: 2
    depth_of_discharge: 0.9
  Pb-acid:
    cost: 173.225
    lifetime: 12.3448
    annual_cost: 14.032224094355518
    efficiency: 0.761408
    discharge_ratio: 5
    depth_of_discharge: 0.5
  VRBF:
    cost: 259.15
    lifetime: 22.2694
    annual_cost: 11.637044554410984
    efficiency: 0.804453
    discharge_ratio: 0.5
    depth_of_discharge: 1.0
