cost_values:
  wind_capex: 5000.0
  wind_opex: 100
  wind_lifetime: 20
  solar_capex: 1000.0
  solar_opex: 10
  solar_lifetime: 20
  carbon_price: 1.0
timeseries_values:
  load_level: 232183.50414871398
  wind_year: 2015
  solar_year: 2015
  price_year: 2023
  carbon_year: 2023
storage_values:
  CAES:
    cost: 40.4776
    lifetime: 26.9128
    annual_cost: 1.5040278231919384
    efficiency: 0.594316
    discharge_ratio: 0.1
    depth_of_discharge: 0.4
  Li-ion:
    cost: 277.955
    lifetime: 14.892
    annual_cost: 18.664719312382488
    efficiency: 0.895387
    discharge_ratio: 2
    depth_of_discharge: 0.9
  Pb-acid:
    cost: 166.82
    lifetime: 12.2572
    annual_cost: 13.609959860326992
    efficiency: 0.779899
    discharge_ratio: 5
    depth_of_discharge: 0.5
  VRBF:
    cost: 281.126
    lifetime: 22.1158
    annual_cost: 12.711545591839318
    efficiency: 0.795629
    discharge_ratio: 0.5
    depth_of_discharge: 1.0
