cost_values:
  wind_capex: 5000.0
  wind_opex: 100
  wind_lifetime: 20
  solar_capex: 1000.0
  solar_opex: 10
  solar_lifetime: 20
  carbon_price: 1.0
timeseries_values:
  load_level: 232183.50414871398
  wind_year: 2015
  solar_year: 2015
  price_year: 2023
  carbon_year: 2023
storage_values:
  CAES:
    cost: 43.7731
    lifetime: 25.3293
    annual_cost: 1.72816066768525
    efficiency: 0.598055
    discharge_ratio: 0.1
    depth_of_discharge: 0.4
  Li-ion:
    cost: 286.28
    lifetime: 16.3343
    annual_cost: 17.526309667387032
    efficiency: 0.904916
    discharge_ratio: 2
    depth_of_discharge: 0.9
  Pb-acid:
    cost: 157.995
    lifetime: 12.1184
    annual_cost: 13.037612226036442
    efficiency: 0.762134
    discharge_ratio: 5
    depth_of_discharge: 0.5
  VRBF:
    cost: 277.36
    lifetime: 21.4058
    annual_cost: 12.957235889338405
    efficiency: 0.794416
    discharge_ratio: 0.5
    depth_of_discharge: 1.0
