cost_values:
  wind_capex: 5000.0
  wind_opex: 100
  wind_lifetime: 20
  solar_capex: 1000.0
  solar_opex: 10
  solar_lifetime: 20
  carbon_price: 1.0
timeseries_values:
  load_level: 232183.50414871398
  wind_year: 2015
  solar_year: 2015
  price_year: 2023
  carbon_year: 2023
storage_values:
  CAES:
    cost: 46.8454
    lifetime: 25.9091
    annual_cost: 1.808067435765812
    efficiency: 0.605904
    discharge_ratio: 0.1
    depth_of_discharge: 0.4
  Li-ion:
    cost: 265.832
    lifetime: 15.6874
    annual_cost: 16.945574155054373
    efficiency: 0.903639
    discharge_ratio: 2
    depth_of_discharge: 0.9
  Pb-acid:
    cost: 191.104
    lifetime: 12.4797
    annual_cost: 15.313188618316147
    efficiency: 0.787651
    discharge_ratio: 5
    depth_of_discharge: 0.5
  VRBF:
    cost: 293.822
    lifetime: 23.221
    annual_cost: 12.653287972094224
    efficiency: 0.794391
    discharge_ratio: 0.5
    depth_of_discharge: 1.0
