cost_values:
  wind_capex: 5000.0
  wind_opex: 100
  wind_lifetime: 20
  solar_capex: 1000.0
  solar_opex: 10
  solar_lifetime: 20
  carbon_price: 1.0
timeseries_values:
  load_level: 232183.50414871398
  wind_year: 2015
  solar_year: 2015
  price_year: 2023
  carbon_year: 2023
storage_values:
  CAES:
    cost: 35.8384
    lifetime: 26.3536
    annual_cost: 1.3599052880820837
    efficiency: 0.612828
    discharge_ratio: 0.1
    depth_of_discharge: 0.4
  Li-ion:
    cost: 261.694
    lifetime: 13.985
    annual_cost: 18.712477654629964
    efficiency: 0.917553
    discharge_ratio: 2
    depth_of_discharge: 0.9
  Pb-acid:
    cost: 158.356
    lifetime: 10.6558
    annual_cost: 14.861014658683535
    efficiency: 0.769908
    discharge_ratio: 5
    depth_of_discharge: 0.5
  VRBF:
    cost: 295.94
    lifetime: 21.6894
    annual_cost: 13.644453050799008
    efficiency: 0.790252
    discharge_ratio: 0.5
    depth_of_discharge: 1.0
