cost_values:
  wind_capex: 5000.0
  wind_opex: 100
  wind_lifetime: 20
  solar_capex: 1000.0
  solar_opex: 10
  solar_lifetime: 20
  carbon_price: 1.0
timeseries_values:
  load_level: 232183.50414871398
  wind_year: 2015
  solar_year: 2015
  price_year: 2023
  carbon_year: 2023
storage_values:
  CAES:
    cost: 45.1226
    lifetime: 26.5312
    annual_cost: 1.7007372452056446
    efficiency: 0.599868
    discharge_ratio: 0.1
    depth_of_discharge: 0.4
  Li-ion:
    cost: 265.89
    lifetime: 12.7986
    annual_cost: 20.77492850780554
    efficiency: 0.886626
    discharge_ratio: 2
    depth_of_discharge: 0.9
  Pb-acid:
    cost: 175.01
    lifetime: 11.2227
    annual_cost: 15.594286579878283
    efficiency: 0.777195
    discharge_ratio: 5
    depth_of_discharge: 0.5
  VRBF:
    cost: 283.957
    lifetime: 21.4797
    annual_cost: 13.219784261418921
    efficiency: 0.810888
    discharge_ratio: 0.5
    depth_of_discharge: 1.0
