cost_values:
  wind_capex: 5000.0
  wind_opex: 100
  wind_lifetime: 20
  solar_capex: 1000.0
  solar_opex: 10
  solar_lifetime: 20
  carbon_price: 1.0
timeseries_values:
  load_level: 232183.50414871398
  wind_year: 2015
  solar_year: 2015
  price_year: 2023
  carbon_year: 2023
storage_values:
  CAES:
    cost: 47.5791
    lifetime: 25.5654
    annual_cost: 1.8610739515125911
    efficiency: 0.594875
    discharge_ratio: 0.1
    depth_of_discharge: 0.4
  Li-ion:
    cost: 269.332
    lifetime: 13.3128
    annual_cost: 20.231055825971996
    efficiency: 0.919681
    discharge_ratio: 2
    depth_of_discharge: 0.9
  Pb-acid:
    cost: 176.259
    lifetime: 14.0357
    annual_cost: 12.557905911354617
    efficiency: 0.782114
    discharge_ratio: 5
    depth_of_discharge: 0.5
  VRBF:
    cost: 272.78
    lifetime: 22.0386
    annual_cost: 12.37737424337299
    efficiency: 0.794132
    discharge_ratio: 0.5
    depth_of_discharge: 1.0
