cost_values:
  wind_capex: 5000.0
  wind_opex: 100
  wind_lifetime: 20
  solar_capex: 1000.0
  solar_opex: 10
  solar_lifetime: 20
  carbon_price: 1.0
timeseries_values:
  load_level: 232183.50414871398
  wind_year: 2015
  solar_year: 2015
  price_year: 2023
  carbon_year: 2023
storage_values:
  CAES:
    cost: 34.5863
    lifetime: 26.3226
    annual_cost: 1.313939352495574
    efficiency: 0.594392
    discharge_ratio: 0.1
    depth_of_discharge: 0.4
  Li-ion:
    cost: 275.893
    lifetime: 17.3094
    annual_cost: 15.938911805146335
    efficiency: 0.883288
    discharge_ratio: 2
    depth_of_discharge: 0.9
  Pb-acid:
    cost: 181.934
    lifetime: 11.5031
    annual_cost: 15.81608435986821
    efficiency: 0.791249
    discharge_ratio: 5
    depth_of_discharge: 0.5
  VRBF:
    cost: 287.381
    lifetime: 19.8609
    annual_cost: 14.46968667079538
    efficiency: 0.773148
    discharge_ratio: 0.5
    depth_of_discharge: 1.0
