cost_values:
  wind_capex: 5000.0
  wind_opex: 100
  wind_lifetime: 20
  solar_capex: 1000.0
  solar_opex: 10
  solar_lifetime: 20
  carbon_price: 1.0
timeseries_values:
  load_level: 232183.50414871398
  wind_year: 2015
  solar_year: 2015
  price_year: 2023
  carbon_year: 2023
storage_values:
  CAES:
    cost: 50.4494
    lifetime: 25.6919
    annual_cost: 1.963630560604704
    efficiency: 0.601772
    discharge_ratio: 0.1
    depth_of_discharge: 0.4
  Li-ion:
    cost: 289.344
    lifetime: 16.9092
    annual_cost: 17.111631537861047
    efficiency: 0.900422
    discharge_ratio: 2
    depth_of_discharge: 0.9
  Pb-acid:
    cost: 157.614
    lifetime: 12.9257
    annual_cost: 12.193846368088382
    efficiency: 0.771879
    discharge_ratio: 5
    depth_of_discharge: 0.5
  VRBF:
    cost: 297.969
    lifetime: 22.7208
    annual_cost: 13.114370972853068
    efficiency: 0.796205
    discharge_ratio: 0.5
    depth_of_discharge: 1.0
