cost_values:
  wind_capex: 5000.0
  wind_opex: 100
  wind_lifetime: 20
  solar_capex: 1000.0
  solar_opex: 10
  solar_lifetime: 20
  carbon_price: 1.0
timeseries_values:
  load_level: 232183.50414871398
  wind_year: 2015
  solar_year: 2015
  price_year: 2023
  carbon_year: 2023
storage_values:
  CAES:
    cost: 31.7277
    lifetime: 25.8466
    annual_cost: 1.227538631773618
    efficiency: 0.602024
    discharge_ratio: 0.1
    depth_of_discharge: 0.4
  Li-ion:
    cost: 283.489
    lifetime: 14.0751
    annual_cost: 20.141171288303454
    efficiency: 0.889193
    discharge_ratio: 2
    depth_of_discharge: 0.9
  Pb-acid:
    cost: 187.546
    lifetime: 13.196
    annual_cost: 14.21233707183995
    efficiency: 0.759651
    discharge_ratio: 5
    depth_of_discharge: 0.5
  VRBF:
    cost: 306.306
    lifetime: 21.1892
    annual_cost: 14.455760481754856
    efficiency: 0.793641
    discharge_ratio: 0.5
    depth_of_discharge: 1.0
