cost_values:
  wind_capex: 5000.0
  wind_opex: 100
  wind_lifetime: 20
  solar_capex: 1000.0
  solar_opex: 10
  solar_lifetime: 20
  carbon_price: 1.0
timeseries_values:
  load_level: 232183.50414871398
  wind_year: 2015
  solar_year: 2015
  price_year: 2023
  carbon_year: 2023
storage_values:
  CAES:
    cost: 39.9027
    lifetime: 25.5495
    annual_cost: 1.5617800739740506
    efficiency: 0.608396
    discharge_ratio: 0.1
    depth_of_discharge: 0.4
  Li-ion:
    cost: 264.862
    lifetime: 16.3086
    annual_cost: 16.240633776044543
    efficiency: 0.892795
    discharge_ratio: 2
    depth_of_discharge: 0.9
  Pb-acid:
    cost: 173.94
    lifetime: 12.6191
    annual_cost: 13.783867312248892
    efficiency: 0.752767
    discharge_ratio: 5
    depth_of_discharge: 0.5
  VRBF:
    cost: 280.936
    lifetime: 21.7642
    annual_cost: 12.908170298012331
    efficiency: 0.792908
    discharge_ratio: 0.5
    depth_of_discharge: 1.0
