cost_values:
  wind_capex: 5000.0
  wind_opex: 100
  wind_lifetime: 20
  solar_capex: 1000.0
  solar_opex: 10
  solar_lifetime: 20
  carbon_price: 1.0
timeseries_values:
  load_level: 232183.50414871398
  wind_year: 2015
  solar_year: 2015
  price_year: 2023
  carbon_year: 2023
storage_values:
  CAES:
    cost: 47.7192
    lifetime: 26.0645
    annual_cost: 1.8308120240173418
    efficiency: 0.606894
    discharge_ratio: 0.1
    depth_of_discharge: 0.4
  Li-ion:
    cost: 255.603
    lifetime: 14.6849
    annual_cost: 17.405838650586656
    efficiency: 0.89016
    discharge_ratio: 2
    depth_of_discharge: 0.9
  Pb-acid:
    cost: 188.712
    lifetime: 11.6536
    annual_cost: 16.193450950779155
    efficiency: 0.78074
    discharge_ratio: 5
    depth_of_discharge: 0.5
  VRBF:
    cost: 323.95
    lifetime: 22.3894
    annual_cost: 14.468900461825687
    efficiency: 0.769104
    discharge_ratio: 0.5
    depth_of_discharge: 1.0
