cost_values:
  wind_capex: 5000.0
  wind_opex: 100
  wind_lifetime: 20
  solar_capex: 1000.0
  solar_opex: 10
  solar_lifetime: 20
  carbon_price: 1.0
timeseries_values:
  load_level: 232183.50414871398
  wind_year: 2015
  solar_year: 2015
  price_year: 2023
  carbon_year: 2023
storage_values:
  CAES:
    cost: 39.605
    lifetime: 26.7953
    annual_cost: 1.4780577190775992
    efficiency: 0.599871
    discharge_ratio: 0.1
    depth_of_discharge: 0.4
  Li-ion:
    cost: 258.182
    lifetime: 15.4382
    annual_cost: 16.723581764713504
    efficiency: 0.899206
    discharge_ratio: 2
    depth_of_discharge: 0.9
  Pb-acid:
    cost: 175.248
    lifetime: 11.2816
    annual_cost: 15.533966813217983
    efficiency: 0.76107
    discharge_ratio: 5
    depth_of_discharge: 0.5
  VRBF:
    cost: 268.725
    lifetime: 21.5509
    annual_cost: 12.469316826675454
    efficiency: 0.782244
    discharge_ratio: 0.5
    depth_of_discharge: 1.0
