cost_values:
  wind_capex: 5000.0
  wind_opex: 100
  wind_lifetime: 20
  solar_capex: 1000.0
  solar_opex: 10
  solar_lifetime: 20
  carbon_price: 1.0
timeseries_values:
  load_level: 232183.50414871398
  wind_year: 2015
  solar_year: 2015
  price_year: 2023
  carbon_year: 2023
storage_values:
  CAES:
    cost: 48.656
    lifetime: 26.2757
    annual_cost: 1.8517489543570675
    efficiency: 0.595893
    discharge_ratio: 0.1
    depth_of_discharge: 0.4
  Li-ion:
    cost: 271.242
    lifetime: 13.3891
    annual_cost: 20.258419161855542
    efficiency: 0.901781
    discharge_ratio: 2
    depth_of_discharge: 0.9
  Pb-acid:
    cost: 181.519
    lifetime: 13.201
    annual_cost: 13.750397697144155
    efficiency: 0.776614
    discharge_ratio: 5
    depth_of_discharge: 0.5
  VRBF:
    cost: 265.764
    lifetime: 22.322
    annual_cost: 11.905922408386346
    efficiency: 0.79993
    discharge_ratio: 0.5
    depth_of_discharge: 1.0
