cost_values:
  wind_capex: 5000.0
  wind_opex: 100
  wind_lifetime: 20
  solar_capex: 1000.0
  solar_opex: 10
  solar_lifetime: 20
  carbon_price: 1.0
timeseries_values:
  load_level: 232183.50414871398
  wind_year: 2015
  solar_year: 2015
  price_year: 2023
  carbon_year: 2023
storage_values:
  CAES:
    cost: 44.1837
    lifetime: 25.7898
    annual_cost: 1.7132238326780356
    efficiency: 0.61032
    discharge_ratio: 0.1
    depth_of_discharge: 0.4
  Li-ion:
    cost: 275.94
    lifetime: 14.17
    annual_cost: 19.473535638673255
    efficiency: 0.889173
    discharge_ratio: 2
    depth_of_discharge: 0.9
  Pb-acid:
    cost: 159.22
    lifetime: 12.8882
    annual_cost: 12.353936158656756
    efficiency: 0.785239
    discharge_ratio: 5
    depth_of_discharge: 0.5
  VRBF:
    cost: 279.369
    lifetime: 22.8026
    annual_cost: 12.251629200178927
    efficiency: 0.777767
    discharge_ratio: 0.5
    depth_of_discharge: 1.0
