cost_values:
  wind_capex: 5000.0
  wind_opex: 100
  wind_lifetime: 20
  solar_capex: 1000.0
  solar_opex: 10
  solar_lifetime: 20
  carbon_price: 1.0
timeseries_values:
  load_level: 232183.50414871398
  wind_year: 2015
  solar_year: 2015
  price_year: 2023
  carbon_year: 2023
storage_values:
  CAES:
    cost: 42.8811
    lifetime: 27.2259
    annual_cost: 1.5750112943924721
    efficiency: 0.587809
    discharge_ratio: 0.1
    depth_of_discharge: 0.4
  Li-ion:
    cost: 272.264
    lifetime: 16.964
    annual_cost: 16.04951662343787
    efficiency: 0.903799
    discharge_ratio: 2
    depth_of_discharge: 0.9
  Pb-acid:
    cost: 179.87
    lifetime: 13.3423
    annual_cost: 13.481183903824679
    efficiency: 0.77046
    discharge_ratio: 5
    depth_of_discharge: 0.5
  VRBF:
    cost: 265.242
    lifetime: 23.5545
    annual_cost: 11.260778195249316
    efficiency: 0.786146
    discharge_ratio: 0.5
    depth_of_discharge: 1.0
