cost_values:
  wind_capex: 5000.0
  wind_opex: 100
  wind_lifetime: 20
  solar_capex: 1000.0
  solar_opex: 10
  solar_lifetime: 20
  carbon_price: 1.0
timeseries_values:
  load_level: 232183.50414871398
  wind_year: 2015
  solar_year: 2015
  price_year: 2023
  carbon_year: 2023
storage_values:
  CAES:
    cost: 46.8725
    lifetime: 26.3624
    annual_cost: 1.7780057961338878
    efficiency: 0.595398
    discharge_ratio: 0.1
    depth_of_discharge: 0.4
  Li-ion:
    cost: 264.787
    lifetime: 14.4817
    annual_cost: 18.28424839625182
    efficiency: 0.90052
    discharge_ratio: 2
    depth_of_discharge: 0.9
  Pb-acid:
    cost: 162.581
    lifetime: 12.5172
    annual_cost: 12.988607675838045
    efficiency: 0.773463
    discharge_ratio: 5
    depth_of_discharge: 0.5
  VRBF:
    cost: 287.954
    lifetime: 21.0262
    annual_cost: 13.695009083904843
    efficiency: 0.77905
    discharge_ratio: 0.5
    depth_of_discharge: 1.0
