cost_values:
  wind_capex: 5000.0
  wind_opex: 100
  wind_lifetime: 20
  solar_capex: 1000.0
  solar_opex: 10
  solar_lifetime: 20
  carbon_price: 1.0
timeseries_values:
  load_level: 232183.50414871398
  wind_year: 2015
  solar_year: 2015
  price_year: 2023
  carbon_year: 2023
storage_values:
  CAES:
    cost: 45.4651
    lifetime: 26.2134
    annual_cost: 1.7344220894656932
    efficiency: 0.60596
    discharge_ratio: 0.1
    depth_of_discharge: 0.4
  Li-ion:
    cost: 258.949
    lifetime: 15.2905
    annual_cost: 16.935286615872602
    efficiency: 0.907423
    discharge_ratio: 2
    depth_of_discharge: 0.9
  Pb-acid:
    cost: 158.737
    lifetime: 10.9545
    annual_cost: 14.490574649687343
    efficiency: 0.78229
    discharge_ratio: 5
    depth_of_discharge: 0.5
  VRBF:
    cost: 305.728
    lifetime: 20.4068
    annual_cost: 14.98167277574142
    efficiency: 0.802725
    discharge_ratio: 0.5
    depth_of_discharge: 1.0
