cost_values:
  wind_capex: 5000.0
  wind_opex: 100
  wind_lifetime: 20
  solar_capex: 1000.0
  solar_opex: 10
  solar_lifetime: 20
  carbon_price: 1.0
timeseries_values:
  load_level: 232183.50414871398
  wind_year: 2015
  solar_year: 2015
  price_year: 2023
  carbon_year: 2023
storage_values:
  CAES:
    cost: 50.077
    lifetime: 26.9688
    annual_cost: 1.8568493963394737
    efficiency: 0.59942
    discharge_ratio: 0.1
    depth_of_discharge: 0.4
  Li-ion:
    cost: 282.385
    lifetime: 14.6577
    annual_cost: 19.2653008316448
    efficiency: 0.897803
    discharge_ratio: 2
    depth_of_discharge: 0.9
  Pb-acid:
    cost: 194.657
    lifetime: 12.2067
    annual_cost: 15.946734170578454
    efficiency: 0.773033
    discharge_ratio: 5
    depth_of_discharge: 0.5
  VRBF:
    cost: 296.651
    lifetime: 21.2269
    annual_cost: 13.975238965652073
    efficiency: 0.758423
    discharge_ratio: 0.5
    depth_of_discharge: 1.0
