cost_values:
  wind_capex: 5000.0
  wind_opex: 100
  wind_lifetime: 20
  solar_capex: 1000.0
  solar_opex: 10
  solar_lifetime: 20
  carbon_price: 1.0
timeseries_values:
  load_level: 232183.50414871398
  wind_year: 2015
  solar_year: 2015
  price_year: 2023
  carbon_year: 2023
storage_values:
  CAES:
    cost: 47.424
    lifetime: 26.4311
    annual_cost: 1.7942499555447937
    efficiency: 0.604649
    discharge_ratio: 0.1
    depth_of_discharge: 0.4
  Li-ion:
    cost: 289.387
    lifetime: 15.2361
    annual_cost: 18.993508837563418
    efficiency: 0.895084
    discharge_ratio: 2
    depth_of_discharge: 0.9
  Pb-acid:
    cost: 156.334
    lifetime: 12.0354
    annual_cost: 12.989514266247904
    efficiency: 0.770169
    discharge_ratio: 5
    depth_of_discharge: 0.5
  VRBF:
    cost: 290.243
    lifetime: 21.933
    annual_cost: 13.233164637760453
    efficiency: 0.80395
    discharge_ratio: 0.5
    depth_of_discharge: 1.0
