cost_values:
  wind_capex: 5000.0
  wind_opex: 100
  wind_lifetime: 20
  solar_capex: 1000.0
  solar_opex: 10
  solar_lifetime: 20
  carbon_price: 1.0
timeseries_values:
  load_level: 232183.50414871398
  wind_year: 2015
  solar_year: 2015
  price_year: 2023
  carbon_year: 2023
storage_values:
  CAES:
    cost: 46.6399
    lifetime: 26.3754
    annual_cost: 1.768310622777285
    efficiency: 0.606013
    discharge_ratio: 0.1
    depth_of_discharge: 0.4
  Li-ion:
    cost: 299.264
    lifetime: 14.4477
    annual_cost: 20.713608394415722
    efficiency: 0.895479
    discharge_ratio: 2
    depth_of_discharge: 0.9
  Pb-acid:
    cost: 158.462
    lifetime: 11.4808
    annual_cost: 13.80234826841335
    efficiency: 0.769421
    discharge_ratio: 5
    depth_of_discharge: 0.5
  VRBF:
    cost: 286.155
    lifetime: 21.9797
    annual_cost: 13.019058494883915
    efficiency: 0.797246
    discharge_ratio: 0.5
    depth_of_discharge: 1.0
