cost_values:
  wind_capex: 5000.0
  wind_opex: 100
  wind_lifetime: 20
  solar_capex: 1000.0
  solar_opex: 10
  solar_lifetime: 20
  carbon_price: 1.0
timeseries_values:
  load_level: 232183.50414871398
  wind_year: 2015
  solar_year: 2015
  price_year: 2023
  carbon_year: 2023
storage_values:
  CAES:
    cost: 42.8689
    lifetime: 25.3715
    annual_cost: 1.6896478331986675
    efficiency: 0.606347
    discharge_ratio: 0.1
    depth_of_discharge: 0.4
  Li-ion:
    cost: 270.038
    lifetime: 16.3667
    annual_cost: 16.499233199117718
    efficiency: 0.900275
    discharge_ratio: 2
    depth_of_discharge: 0.9
  Pb-acid:
    cost: 180.891
    lifetime: 11.8174
    annual_cost: 15.307174166906426
    efficiency: 0.783267
    discharge_ratio: 5
    depth_of_discharge: 0.5
  VRBF:
    cost: 258.532
    lifetime: 21.0699
    annual_cost: 12.270205364050137
    efficiency: 0.798137
    discharge_ratio: 0.5
    depth_of_discharge: 1.0
