cost_values:
  wind_capex: 5000.0
  wind_opex: 100
  wind_lifetime: 20
  solar_capex: 1000.0
  solar_opex: 10
  solar_lifetime: 20
  carbon_price: 1.0
timeseries_values:
  load_level: 232183.50414871398
  wind_year: 2015
  solar_year: 2015
  price_year: 2023
  carbon_year: 2023
storage_values:
  CAES:
    cost: 47.0808
    lifetime: 26.7239
    annual_cost: 1.7617488465381177
    efficiency: 0.599233
    discharge_ratio: 0.1
    depth_of_discharge: 0.4
  Li-ion:
    cost: 255.37
    lifetime: 16.5165
    annual_cost: 15.461508188780916
    efficiency: 0.900449
    discharge_ratio: 2
    depth_of_discharge: 0.9
  Pb-acid:
    cost: 160.118
    lifetime: 12.6235
    annual_cost: 12.68412088564978
    efficiency: 0.767153
    discharge_ratio: 5
    depth_of_discharge: 0.5
  VRBF:
    cost: 271.186
    lifetime: 22.3571
    annual_cost: 12.129748491530654
    efficiency: 0.770427
    discharge_ratio: 0.5
    depth_of_discharge: 1.0
