cost_values:
  wind_capex: 5000.0
  wind_opex: 100
  wind_lifetime: 20
  solar_capex: 1000.0
  solar_opex: 10
  solar_lifetime: 20
  carbon_price: 1.0
timeseries_values:
  load_level: 232183.50414871398
  wind_year: 2015
  solar_year: 2015
  price_year: 2023
  carbon_year: 2023
storage_values:
  CAES:
    cost: 51.269
    lifetime: 26.2156
    annual_cost: 1.9556676177543142
    efficiency: 0.601018
    discharge_ratio: 0.1
    depth_of_discharge: 0.4
  Li-ion:
    cost: 295.223
    lifetime: 14.5373
    annual_cost: 20.307966403665056
    efficiency: 0.917434
    discharge_ratio: 2
    depth_of_discharge: 0.9
  Pb-acid:
    cost: 195.293
    lifetime: 13.4688
    annual_cost: 14.499658469945356
    efficiency: 0.773027
    discharge_ratio: 5
    depth_of_discharge: 0.5
  VRBF:
    cost: 299.113
    lifetime: 22.5533
    annual_cost: 13.262493737058435
    efficiency: 0.762683
    discharge_ratio: 0.5
    depth_of_discharge: 1.0
