cost_values:
  wind_capex: 5000.0
  wind_opex: 100
  wind_lifetime: 20
  solar_capex: 1000.0
  solar_opex: 10
  solar_lifetime: 20
  carbon_price: 1.0
timeseries_values:
  load_level: 232183.50414871398
  wind_year: 2015
  solar_year: 2015
  price_year: 2023
  carbon_year: 2023
storage_values:
  CAES:
    cost: 39.8781
    lifetime: 25.8145
    annual_cost: 1.544794592186562
    efficiency: 0.606134
    discharge_ratio: 0.1
    depth_of_discharge: 0.4
  Li-ion:
    cost: 283.533
    lifetime: 14.6482
    annual_cost: 19.356166627981597
    efficiency: 0.907542
    discharge_ratio: 2
    depth_of_discharge: 0.9
  Pb-acid:
    cost: 158.114
    lifetime: 11.077
    annual_cost: 14.27408142999007
    efficiency: 0.773385
    discharge_ratio: 5
    depth_of_discharge: 0.5
  VRBF:
    cost: 306.775
    lifetime: 19.764
    annual_cost: 15.5219085205424
    efficiency: 0.803329
    discharge_ratio: 0.5
    depth_of_discharge: 1.0
