cost_values:
  wind_capex: 5000.0
  wind_opex: 100
  wind_lifetime: 20
  solar_capex: 1000.0
  solar_opex: 10
  solar_lifetime: 20
  carbon_price: 1.0
timeseries_values:
  load_level: 232183.50414871398
  wind_year: 2015
  solar_year: 2015
  price_year: 2023
  carbon_year: 2023
storage_values:
  CAES:
    cost: 38.5465
    lifetime: 26.1918
    annual_cost: 1.4717010667460808
    efficiency: 0.603323
    discharge_ratio: 0.1
    depth_of_discharge: 0.4
  Li-ion:
    cost: 281.258
    lifetime: 13.3576
    annual_cost: 21.056028028987242
    efficiency: 0.909666
    discharge_ratio: 2
    depth_of_discharge: 0.9
  Pb-acid:
    cost: 200.496
    lifetime: 12.5919
    annual_cost: 15.922616920401211
    efficiency: 0.7711
    discharge_ratio: 5
    depth_of_discharge: 0.5
  VRBF:
    cost: 314.958
    lifetime: 20.2254
    annual_cost: 15.572399062564894
    efficiency: 0.81482
    discharge_ratio: 0.5
    depth_of_discharge: 1.0
