cost_values:
  wind_capex: 5000.0
  wind_opex: 100
  wind_lifetime: 20
  solar_capex: 1000.0
  solar_opex: 10
  solar_lifetime: 20
  carbon_price: 1.0
timeseries_values:
  load_level: 232183.50414871398
  wind_year: 2015
  solar_year: 2015
  price_year: 2023
  carbon_year: 2023
storage_values:
  CAES:
    cost: 30.1495
    lifetime: 26.4092
    annual_cost: 1.141628674855732
    efficiency: 0.612532
    discharge_ratio: 0.1
    depth_of_discharge: 0.4
  Li-ion:
    cost: 277.019
    lifetime: 16.7608
    annual_cost: 16.527791036227388
    efficiency: 0.903642
    discharge_ratio: 2
    depth_of_discharge: 0.9
  Pb-acid:
    cost: 154.267
    lifetime: 13.4611
    annual_cost: 11.460207561046273
    efficiency: 0.776194
    discharge_ratio: 5
    depth_of_discharge: 0.5
  VRBF:
    cost: 292.634
    lifetime: 24.0207
    annual_cost: 12.182575861652658
    efficiency: 0.811631
    discharge_ratio: 0.5
    depth_of_discharge: 1.0
