cost_values:
  wind_capex: 5000.0
  wind_opex: 100
  wind_lifetime: 20
  solar_capex: 1000.0
  solar_opex: 10
  solar_lifetime: 20
  carbon_price: 1.0
timeseries_values:
  load_level: 232183.50414871398
  wind_year: 2015
  solar_year: 2015
  price_year: 2023
  carbon_year: 2023
storage_values:
  CAES:
    cost: 45.5249
    lifetime: 24.9798
    annual_cost: 1.8224685545921104
    efficiency: 0.598249
    discharge_ratio: 0.1
    depth_of_discharge: 0.4
  Li-ion:
    cost: 271.903
    lifetime: 14.6157
    annual_cost: 18.603488029995145
    efficiency: 0.909839
    discharge_ratio: 2
    depth_of_discharge: 0.9
  Pb-acid:
    cost: 179.564
    lifetime: 13.3436
    annual_cost: 13.456938157618632
    efficiency: 0.776922
    discharge_ratio: 5
    depth_of_discharge: 0.5
  VRBF:
    cost: 291.464
    lifetime: 24.0296
    annual_cost: 12.129373772347439
    efficiency: 0.800256
    discharge_ratio: 0.5
    depth_of_discharge: 1.0
