cost_values:
  wind_capex: 5000.0
  wind_opex: 100
  wind_lifetime: 20
  solar_capex: 1000.0
  solar_opex: 10
  solar_lifetime: 20
  carbon_price: 1.0
timeseries_values:
  load_level: 232183.50414871398
  wind_year: 2015
  solar_year: 2015
  price_year: 2023
  carbon_year: 2023
storage_values:
  CAES:
    cost: 42.9381
    lifetime: 26.0392
    annual_cost: 1.6489792313127898
    efficiency: 0.596191
    discharge_ratio: 0.1
    depth_of_discharge: 0.4
  Li-ion:
    cost: 293.924
    lifetime: 14.8759
    annual_cost: 19.758401172366042
    efficiency: 0.89889
    discharge_ratio: 2
    depth_of_discharge: 0.9
  Pb-acid:
    cost: 170.488
    lifetime: 12.2613
    annual_cost: 13.90456150652867
    efficiency: 0.767953
    discharge_ratio: 5
    depth_of_discharge: 0.5
  VRBF:
    cost: 261.363
    lifetime: 21.5234
    annual_cost: 12.143202282167316
    efficiency: 0.777144
    discharge_ratio: 0.5
    depth_of_discharge: 1.0
