cost_values:
  wind_capex: 5000.0
  wind_opex: 100
  wind_lifetime: 20
  solar_capex: 1000.0
  solar_opex: 10
  solar_lifetime: 20
  carbon_price: 1.0
timeseries_values:
  load_level: 232183.50414871398
  wind_year: 2015
  solar_year: 2015
  price_year: 2023
  carbon_year: 2023
storage_values:
  CAES:
    cost: 44.2685
    lifetime: 26.0346
    annual_cost: 1.7003718128951473
    efficiency: 0.60015
    discharge_ratio: 0.1
    depth_of_discharge: 0.4
  Li-ion:
    cost: 281.519
    lifetime: 15.6725
    annual_cost: 17.962609666613496
    efficiency: 0.903458
    discharge_ratio: 2
    depth_of_discharge: 0.9
  Pb-acid:
    cost: 160.017
    lifetime: 12.4088
    annual_cost: 12.89544516794533
    efficiency: 0.763351
    discharge_ratio: 5
    depth_of_discharge: 0.5
  VRBF:
    cost: 312.199
    lifetime: 25.2016
    annual_cost: 12.388062662688084
    efficiency: 0.774044
    discharge_ratio: 0.5
    depth_of_discharge: 1.0
