cost_values:
  wind_capex: 5000.0
  wind_opex: 100
  wind_lifetime: 20
  solar_capex: 1000.0
  solar_opex: 10
  solar_lifetime: 20
  carbon_price: 1.0
timeseries_values:
  load_level: 232183.50414871398
  wind_year: 2015
  solar_year: 2015
  price_year: 2023
  carbon_year: 2023
storage_values:
  CAES:
    cost: 48.9109
    lifetime: 25.5463
    annual_cost: 1.914598200130743
    efficiency: 0.600985
    discharge_ratio: 0.1
    depth_of_discharge: 0.4
  Li-ion:
    cost: 263.337
    lifetime: 15.6804
    annual_cost: 16.794023111655314
    efficiency: 0.903749
    discharge_ratio: 2
    depth_of_discharge: 0.9
  Pb-acid:
    cost: 189.405
    lifetime: 12.1688
    annual_cost: 15.564805075274474
    efficiency: 0.757313
    discharge_ratio: 5
    depth_of_discharge: 0.5
  VRBF:
    cost: 309.15
    lifetime: 21.5119
    annual_cost: 14.371115522106367
    efficiency: 0.800961
    discharge_ratio: 0.5
    depth_of_discharge: 1.0
