cost_values:
  wind_capex: 5000.0
  wind_opex: 100
  wind_lifetime: 20
  solar_capex: 1000.0
  solar_opex: 10
  solar_lifetime: 20
  carbon_price: 1.0
timeseries_values:
  load_level: 232183.50414871398
  wind_year: 2015
  solar_year: 2015
  price_year: 2023
  carbon_year: 2023
storage_values:
  CAES:
    cost: 45.5324
    lifetime: 25.4101
    annual_cost: 1.7919016454087155
    efficiency: 0.588955
    discharge_ratio: 0.1
    depth_of_discharge: 0.4
  Li-ion:
    cost: 294.169
    lifetime: 14.4169
    annual_cost: 20.40445588163891
    efficiency: 0.894551
    discharge_ratio: 2
    depth_of_discharge: 0.9
  Pb-acid:
    cost: 168.265
    lifetime: 11.5844
    annual_cost: 14.525137253547873
    efficiency: 0.754517
    discharge_ratio: 5
    depth_of_discharge: 0.5
  VRBF:
    cost: 290.042
    lifetime: 21.7579
    annual_cost: 13.3304225132021
    efficiency: 0.767602
    discharge_ratio: 0.5
    depth_of_discharge: 1.0
