cost_values:
  wind_capex: 5000.0
  wind_opex: 100
  wind_lifetime: 20
  solar_capex: 1000.0
  solar_opex: 10
  solar_lifetime: 20
  carbon_price: 1.0
timeseries_values:
  load_level: 232183.50414871398
  wind_year: 2015
  solar_year: 2015
  price_year: 2023
  carbon_year: 2023
storage_values:
  CAES:
    cost: 38.5696
    lifetime: 25.3183
    annual_cost: 1.5233882211680878
    efficiency: 0.601214
    discharge_ratio: 0.1
    depth_of_discharge: 0.4
  Li-ion:
    cost: 295.057
    lifetime: 13.5759
    annual_cost: 21.7338813632982
    efficiency: 0.898047
    discharge_ratio: 2
    depth_of_discharge: 0.9
  Pb-acid:
    cost: 186.182
    lifetime: 11.4598
    annual_cost: 16.246531353077714
    efficiency: 0.777525
    discharge_ratio: 5
    depth_of_discharge: 0.5
  VRBF:
    cost: 308.679
    lifetime: 20.9725
    annual_cost: 14.71827393014662
    efficiency: 0.783322
    discharge_ratio: 0.5
    depth_of_discharge: 1.0
