cost_values:
  wind_capex: 5000.0
  wind_opex: 100
  wind_lifetime: 20
  solar_capex: 1000.0
  solar_opex: 10
  solar_lifetime: 20
  carbon_price: 1.0
timeseries_values:
  load_level: 232183.50414871398
  wind_year: 2015
  solar_year: 2015
  price_year: 2023
  carbon_year: 2023
storage_values:
  CAES:
    cost: 36.9863
    lifetime: 25.9819
    annual_cost: 1.4235410035447755
    efficiency: 0.599317
    discharge_ratio: 0.1
    depth_of_discharge: 0.4
  Li-ion:
    cost: 265.049
    lifetime: 15.8479
    annual_cost: 16.72455025586986
    efficiency: 0.902082
    discharge_ratio: 2
    depth_of_discharge: 0.9
  Pb-acid:
    cost: 186.043
    lifetime: 11.404
    annual_cost: 16.31383725008769
    efficiency: 0.777838
    discharge_ratio: 5
    depth_of_discharge: 0.5
  VRBF:
    cost: 305.747
    lifetime: 21.41
    annual_cost: 14.280569827183559
    efficiency: 0.790414
    discharge_ratio: 0.5
    depth_of_discharge: 1.0
