cost_values:
  wind_capex: 5000.0
  wind_opex: 100
  wind_lifetime: 20
  solar_capex: 1000.0
  solar_opex: 10
  solar_lifetime: 20
  carbon_price: 1.0
timeseries_values:
  load_level: 232183.50414871398
  wind_year: 2015
  solar_year: 2015
  price_year: 2023
  carbon_year: 2023
storage_values:
  CAES:
    cost: 42.0349
    lifetime: 26.1435
    annual_cost: 1.6078528123625375
    efficiency: 0.604326
    discharge_ratio: 0.1
    depth_of_discharge: 0.4
  Li-ion:
    cost: 278.256
    lifetime: 14.365
    annual_cost: 19.37041420118343
    efficiency: 0.899459
    discharge_ratio: 2
    depth_of_discharge: 0.9
  Pb-acid:
    cost: 176.065
    lifetime: 12.8394
    annual_cost: 13.712868202563984
    efficiency: 0.769762
    discharge_ratio: 5
    depth_of_discharge: 0.5
  VRBF:
    cost: 296.257
    lifetime: 21.8415
    annual_cost: 13.563949362452213
    efficiency: 0.789981
    discharge_ratio: 0.5
    depth_of_discharge: 1.0
