cost_values:
  wind_capex: 5000.0
  wind_opex: 100
  wind_lifetime: 20
  solar_capex: 1000.0
  solar_opex: 10
  solar_lifetime: 20
  carbon_price: 1.0
timeseries_values:
  load_level: 232183.50414871398
  wind_year: 2015
  solar_year: 2015
  price_year: 2023
  carbon_year: 2023
storage_values:
  CAES:
    cost: 37.0488
    lifetime: 24.6046
    annual_cost: 1.5057672142607479
    efficiency: 0.593536
    discharge_ratio: 0.1
    depth_of_discharge: 0.4
  Li-ion:
    cost: 295.0
    lifetime: 16.3354
    annual_cost: 18.058939481126878
    efficiency: 0.898442
    discharge_ratio: 2
    depth_of_discharge: 0.9
  Pb-acid:
    cost: 179.911
    lifetime: 11.6619
    annual_cost: 15.427245989075537
    efficiency: 0.779836
    discharge_ratio: 5
    depth_of_discharge: 0.5
  VRBF:
    cost: 246.858
    lifetime: 23.4242
    annual_cost: 10.538588297572597
    efficiency: 0.77178
    discharge_ratio: 0.5
    depth_of_discharge: 1.0
