cost_values:
  wind_capex: 5000.0
  wind_opex: 100
  wind_lifetime: 20
  solar_capex: 1000.0
  solar_opex: 10
  solar_lifetime: 20
  carbon_price: 1.0
timeseries_values:
  load_level: 232183.50414871398
  wind_year: 2015
  solar_year: 2015
  price_year: 2023
  carbon_year: 2023
storage_values:
  CAES:
    cost: 41.1118
    lifetime: 25.7462
    annual_cost: 1.5968104030886112
    efficiency: 0.598977
    discharge_ratio: 0.1
    depth_of_discharge: 0.4
  Li-ion:
    cost: 269.405
    lifetime: 14.2884
    annual_cost: 18.854805296604237
    efficiency: 0.902922
    discharge_ratio: 2
    depth_of_discharge: 0.9
  Pb-acid:
    cost: 190.151
    lifetime: 12.7013
    annual_cost: 14.97098722178045
    efficiency: 0.769007
    discharge_ratio: 5
    depth_of_discharge: 0.5
  VRBF:
    cost: 295.318
    lifetime: 23.2675
    annual_cost: 12.692296121199098
    efficiency: 0.779799
    discharge_ratio: 0.5
    depth_of_discharge: 1.0
