cost_values:
  wind_capex: 5000.0
  wind_opex: 100
  wind_lifetime: 20
  solar_capex: 1000.0
  solar_opex: 10
  solar_lifetime: 20
  carbon_price: 1.0
timeseries_values:
  load_level: 232183.50414871398
  wind_year: 2015
  solar_year: 2015
  price_year: 2023
  carbon_year: 2023
storage_values:
  CAES:
    cost: 39.2812
    lifetime: 25.0201
    annual_cost: 1.5699857314718966
    efficiency: 0.591566
    discharge_ratio: 0.1
    depth_of_discharge: 0.4
  Li-ion:
    cost: 277.192
    lifetime: 14.117
    annual_cost: 19.635333286108946
    efficiency: 0.904351
    discharge_ratio: 2
    depth_of_discharge: 0.9
  Pb-acid:
    cost: 183.555
    lifetime: 11.7465
    annual_cost: 15.626356787128083
    efficiency: 0.77784
    discharge_ratio: 5
    depth_of_discharge: 0.5
  VRBF:
    cost: 275.504
    lifetime: 20.2402
    annual_cost: 13.611723204316164
    efficiency: 0.797397
    discharge_ratio: 0.5
    depth_of_discharge: 1.0
