cost_values:
  wind_capex: 5000.0
  wind_opex: 100
  wind_lifetime: 20
  solar_capex: 1000.0
  solar_opex: 10
  solar_lifetime: 20
  carbon_price: 1.0
timeseries_values:
  load_level: 232183.50414871398
  wind_year: 2015
  solar_year: 2015
  price_year: 2023
  carbon_year: 2023
storage_values:
  CAES:
    cost: 39.4239
    lifetime: 24.9655
    annual_cost: 1.5791352065850877
    efficiency: 0.597372
    discharge_ratio: 0.1
    depth_of_discharge: 0.4
  Li-ion:
    cost: 257.175
    lifetime: 16.0206
    annual_cost: 16.052769559192537
    efficiency: 0.895993
    discharge_ratio: 2
    depth_of_discharge: 0.9
  Pb-acid:
    cost: 179.153
    lifetime: 12.5612
    annual_cost: 14.26241123459542
    efficiency: 0.777464
    discharge_ratio: 5
    depth_of_discharge: 0.5
  VRBF:
    cost: 289.974
    lifetime: 20.3934
    annual_cost: 14.219012033304892
    efficiency: 0.794135
    discharge_ratio: 0.5
    depth_of_discharge: 1.0
