cost_values:
  wind_capex: 5000.0
  wind_opex: 100
  wind_lifetime: 20
  solar_capex: 1000.0
  solar_opex: 10
  solar_lifetime: 20
  carbon_price: 1.0
timeseries_values:
  load_level: 232183.50414871398
  wind_year: 2015
  solar_year: 2015
  price_year: 2023
  carbon_year: 2023
storage_values:
  CAES:
    cost: 42.4276
    lifetime: 26.1557
    annual_cost: 1.6221167852513982
    efficiency: 0.598605
    discharge_ratio: 0.1
    depth_of_discharge: 0.4
  Li-ion:
    cost: 283.27
    lifetime: 17.0846
    annual_cost: 16.580429158423375
    efficiency: 0.914944
    discharge_ratio: 2
    depth_of_discharge: 0.9
  Pb-acid:
    cost: 166.981
    lifetime: 13.3844
    annual_cost: 12.475792713905742
    efficiency: 0.785669
    discharge_ratio: 5
    depth_of_discharge: 0.5
  VRBF:
    cost: 261.409
    lifetime: 21.028
    annual_cost: 12.431472322617463
    efficiency: 0.793363
    discharge_ratio: 0.5
    depth_of_discharge: 1.0
