cost_values:
  wind_capex: 5000.0
  wind_opex: 100
  wind_lifetime: 20
  solar_capex: 1000.0
  solar_opex: 10
  solar_lifetime: 20
  carbon_price: 1.0
timeseries_values:
  load_level: 232183.50414871398
  wind_year: 2015
  solar_year: 2015
  price_year: 2023
  carbon_year: 2023
storage_values:
  CAES:
    cost: 47.7238
    lifetime: 25.1591
    annual_cost: 1.8968802540631422
    efficiency: 0.603442
    discharge_ratio: 0.1
    depth_of_discharge: 0.4
  Li-ion:
    cost: 285.213
    lifetime: 17.4868
    annual_cost: 16.310188256284743
    efficiency: 0.905471
    discharge_ratio: 2
    depth_of_discharge: 0.9
  Pb-acid:
    cost: 194.845
    lifetime: 10.2787
    annual_cost: 18.956190958000523
    efficiency: 0.777567
    discharge_ratio: 5
    depth_of_discharge: 0.5
  VRBF:
    cost: 274.476
    lifetime: 21.8708
    annual_cost: 12.549883863416062
    efficiency: 0.787082
    discharge_ratio: 0.5
    depth_of_discharge: 1.0
