cost_values:
  wind_capex: 5000.0
  wind_opex: 100
  wind_lifetime: 20
  solar_capex: 1000.0
  solar_opex: 10
  solar_lifetime: 20
  carbon_price: 1.0
timeseries_values:
  load_level: 232183.50414871398
  wind_year: 2015
  solar_year: 2015
  price_year: 2023
  carbon_year: 2023
storage_values:
  CAES:
    cost: 38.6127
    lifetime: 27.1334
    annual_cost: 1.4230689850884886
    efficiency: 0.597159
    discharge_ratio: 0.1
    depth_of_discharge: 0.4
  Li-ion:
    cost: 288.497
    lifetime: 16.5226
    annual_cost: 17.460750729304106
    efficiency: 0.902031
    discharge_ratio: 2
    depth_of_discharge: 0.9
  Pb-acid:
    cost: 181.716
    lifetime: 12.1461
    annual_cost: 14.960851631387852
    efficiency: 0.764957
    discharge_ratio: 5
    depth_of_discharge: 0.5
  VRBF:
    cost: 283.264
    lifetime: 20.7636
    annual_cost: 13.6423356258067
    efficiency: 0.786253
    discharge_ratio: 0.5
    depth_of_discharge: 1.0
