cost_values:
  wind_capex: 5000.0
  wind_opex: 100
  wind_lifetime: 20
  solar_capex: 1000.0
  solar_opex: 10
  solar_lifetime: 20
  carbon_price: 1.0
timeseries_values:
  load_level: 232183.50414871398
  wind_year: 2015
  solar_year: 2015
  price_year: 2023
  carbon_year: 2023
storage_values:
  CAES:
    cost: 39.7557
    lifetime: 25.7592
    annual_cost: 1.5433592658157085
    efficiency: 0.605441
    discharge_ratio: 0.1
    depth_of_discharge: 0.4
  Li-ion:
    cost: 283.893
    lifetime: 13.4723
    annual_cost: 21.072348448297614
    efficiency: 0.896876
    discharge_ratio: 2
    depth_of_discharge: 0.9
  Pb-acid:
    cost: 173.017
    lifetime: 12.1471
    annual_cost: 14.243481983354052
    efficiency: 0.769517
    discharge_ratio: 5
    depth_of_discharge: 0.5
  VRBF:
    cost: 313.349
    lifetime: 21.8961
    annual_cost: 14.310722000721588
    efficiency: 0.800719
    discharge_ratio: 0.5
    depth_of_discharge: 1.0
