cost_values:
  wind_capex: 5000.0
  wind_opex: 100
  wind_lifetime: 20
  solar_capex: 1000.0
  solar_opex: 10
  solar_lifetime: 20
  carbon_price: 1.0
timeseries_values:
  load_level: 263234.26734779973
  wind_year: 2012
  solar_year: 2010
  price_year: 2023
  carbon_year: 2023
storage_values:
  CAES:
    cost: 47.1944
    lifetime: 26.1523
    annual_cost: 1.804598448320033
    efficiency: 0.61388
    discharge_ratio: 0.1
    depth_of_discharge: 0.4
  Li-ion:
    cost: 256.767
    lifetime: 23.5516
    annual_cost: 10.902316615431648
    efficiency: 0.929013
    discharge_ratio: 2
    depth_of_discharge: 0.9
  Pb-acid:
    cost: 120.886
    lifetime: 11.4854
    annual_cost: 10.525188500182841
    efficiency: 0.758548
    discharge_ratio: 5
    depth_of_discharge: 0.5
  VRBF:
    cost: 250.561
    lifetime: 23.0499
    annual_cost: 10.870372539577177
    efficiency: 0.738606
    discharge_ratio: 0.5
    depth_of_discharge: 1.0
