cost_values:
  wind_capex: 5000.0
  wind_opex: 100
  wind_lifetime: 20
  solar_capex: 1000.0
  solar_opex: 10
  solar_lifetime: 20
  carbon_price: 1.0
timeseries_values:
  load_level: 263234.26734779973
  wind_year: 2012
  solar_year: 2010
  price_year: 2023
  carbon_year: 2023
storage_values:
  CAES:
    cost: 51.2998
    lifetime: 26.3628
    annual_cost: 1.9459162152730363
    efficiency: 0.608637
    discharge_ratio: 0.1
    depth_of_discharge: 0.4
  Li-ion:
    cost: 256.267
    lifetime: 25.5758
    annual_cost: 10.019901625755596
    efficiency: 0.920037
    discharge_ratio: 2
    depth_of_discharge: 0.9
  Pb-acid:
    cost: 118.432
    lifetime: 10.6678
    annual_cost: 11.101820431579146
    efficiency: 0.747158
    discharge_ratio: 5
    depth_of_discharge: 0.5
  VRBF:
    cost: 260.372
    lifetime: 22.5028
    annual_cost: 11.570648985903977
    efficiency: 0.737734
    discharge_ratio: 0.5
    depth_of_discharge: 1.0
