cost_values:
  wind_capex: 5000.0
  wind_opex: 100
  wind_lifetime: 20
  solar_capex: 1000.0
  solar_opex: 10
  solar_lifetime: 20
  carbon_price: 1.0
timeseries_values:
  load_level: 263234.26734779973
  wind_year: 2012
  solar_year: 2010
  price_year: 2023
  carbon_year: 2023
storage_values:
  CAES:
    cost: 52.497
    lifetime: 27.4433
    annual_cost: 1.9129259236316332
    efficiency: 0.606693
    discharge_ratio: 0.1
    depth_of_discharge: 0.4
  Li-ion:
    cost: 241.68
    lifetime: 24.4299
    annual_cost: 9.89279530411504
    efficiency: 0.913935
    discharge_ratio: 2
    depth_of_discharge: 0.9
  Pb-acid:
    cost: 111.446
    lifetime: 12.1869
    annual_cost: 9.144737381942907
    efficiency: 0.747621
    discharge_ratio: 5
    depth_of_discharge: 0.5
  VRBF:
    cost: 269.467
    lifetime: 24.0743
    annual_cost: 11.193139572074784
    efficiency: 0.733837
    discharge_ratio: 0.5
    depth_of_discharge: 1.0
