cost_values:
  wind_capex: 5000.0
  wind_opex: 100
  wind_lifetime: 20
  solar_capex: 1000.0
  solar_opex: 10
  solar_lifetime: 20
  carbon_price: 1.0
timeseries_values:
  load_level: 263234.26734779973
  wind_year: 2012
  solar_year: 2010
  price_year: 2023
  carbon_year: 2023
storage_values:
  CAES:
    cost: 51.5698
    lifetime: 26.6539
    annual_cost: 1.9347937825233832
    efficiency: 0.616056
    discharge_ratio: 0.1
    depth_of_discharge: 0.4
  Li-ion:
    cost: 246.054
    lifetime: 23.8126
    annual_cost: 10.332932985058331
    efficiency: 0.921787
    discharge_ratio: 2
    depth_of_discharge: 0.9
  Pb-acid:
    cost: 121.984
    lifetime: 13.5749
    annual_cost: 8.9859962136001
    efficiency: 0.747525
    discharge_ratio: 5
    depth_of_discharge: 0.5
  VRBF:
    cost: 271.472
    lifetime: 22.5481
    annual_cost: 12.039684053201821
    efficiency: 0.726243
    discharge_ratio: 0.5
    depth_of_discharge: 1.0
