cost_values:
  wind_capex: 5000.0
  wind_opex: 100
  wind_lifetime: 20
  solar_capex: 1000.0
  solar_opex: 10
  solar_lifetime: 20
  carbon_price: 1.0
timeseries_values:
  load_level: 263234.26734779973
  wind_year: 2012
  solar_year: 2010
  price_year: 2023
  carbon_year: 2023
storage_values:
  CAES:
    cost: 47.0089
    lifetime: 28.1394
    annual_cost: 1.6705722225775959
    efficiency: 0.6123
    discharge_ratio: 0.1
    depth_of_discharge: 0.4
  Li-ion:
    cost: 281.955
    lifetime: 23.1254
    annual_cost: 12.192437752428066
    efficiency: 0.928802
    discharge_ratio: 2
    depth_of_discharge: 0.9
  Pb-acid:
    cost: 152.886
    lifetime: 11.8787
    annual_cost: 12.870600318216638
    efficiency: 0.741285
    discharge_ratio: 5
    depth_of_discharge: 0.5
  VRBF:
    cost: 284.173
    lifetime: 22.6031
    annual_cost: 12.572302029367652
    efficiency: 0.747732
    discharge_ratio: 0.5
    depth_of_discharge: 1.0
