cost_values:
  wind_capex: 5000.0
  wind_opex: 100
  wind_lifetime: 20
  solar_capex: 1000.0
  solar_opex: 10
  solar_lifetime: 20
  carbon_price: 1.0
timeseries_values:
  load_level: 263234.26734779973
  wind_year: 2012
  solar_year: 2010
  price_year: 2023
  carbon_year: 2023
storage_values:
  CAES:
    cost: 55.1008
    lifetime: 27.6605
    annual_cost: 1.9920391894578913
    efficiency: 0.604993
    discharge_ratio: 0.1
    depth_of_discharge: 0.4
  Li-ion:
    cost: 250.939
    lifetime: 25.2679
    annual_cost: 9.931137925985142
    efficiency: 0.921193
    discharge_ratio: 2
    depth_of_discharge: 0.9
  Pb-acid:
    cost: 122.729
    lifetime: 11.4102
    annual_cost: 10.756077895216562
    efficiency: 0.733325
    discharge_ratio: 5
    depth_of_discharge: 0.5
  VRBF:
    cost: 268.298
    lifetime: 23.9023
    annual_cost: 11.224777531869318
    efficiency: 0.722952
    discharge_ratio: 0.5
    depth_of_discharge: 1.0
