cost_values:
  wind_capex: 5000.0
  wind_opex: 100
  wind_lifetime: 20
  solar_capex: 1000.0
  solar_opex: 10
  solar_lifetime: 20
  carbon_price: 1.0
timeseries_values:
  load_level: 263234.26734779973
  wind_year: 2012
  solar_year: 2010
  price_year: 2023
  carbon_year: 2023
storage_values:
  CAES:
    cost: 54.6759
    lifetime: 27.8732
    annual_cost: 1.961593932522997
    efficiency: 0.605296
    discharge_ratio: 0.1
    depth_of_discharge: 0.4
  Li-ion:
    cost: 274.174
    lifetime: 23.9154
    annual_cost: 11.464328424362543
    efficiency: 0.911325
    discharge_ratio: 2
    depth_of_discharge: 0.9
  Pb-acid:
    cost: 123.14
    lifetime: 10.6056
    annual_cost: 11.61084709964547
    efficiency: 0.740281
    discharge_ratio: 5
    depth_of_discharge: 0.5
  VRBF:
    cost: 299.861
    lifetime: 24.7482
    annual_cost: 12.116477157934717
    efficiency: 0.718855
    discharge_ratio: 0.5
    depth_of_discharge: 1.0
