cost_values:
  wind_capex: 5000.0
  wind_opex: 100
  wind_lifetime: 20
  solar_capex: 1000.0
  solar_opex: 10
  solar_lifetime: 20
  carbon_price: 1.0
timeseries_values:
  load_level: 263234.26734779973
  wind_year: 2012
  solar_year: 2010
  price_year: 2023
  carbon_year: 2023
storage_values:
  CAES:
    cost: 51.8106
    lifetime: 26.5699
    annual_cost: 1.9499734662155297
    efficiency: 0.597843
    discharge_ratio: 0.1
    depth_of_discharge: 0.4
  Li-ion:
    cost: 244.558
    lifetime: 23.4313
    annual_cost: 10.437235663407494
    efficiency: 0.928087
    discharge_ratio: 2
    depth_of_discharge: 0.9
  Pb-acid:
    cost: 127.291
    lifetime: 10.4326
    annual_cost: 12.201272932921801
    efficiency: 0.72649
    discharge_ratio: 5
    depth_of_discharge: 0.5
  VRBF:
    cost: 261.405
    lifetime: 21.8697
    annual_cost: 11.95283885924361
    efficiency: 0.735623
    discharge_ratio: 0.5
    depth_of_discharge: 1.0
