cost_values:
  wind_capex: 5000.0
  wind_opex: 100
  wind_lifetime: 20
  solar_capex: 1000.0
  solar_opex: 10
  solar_lifetime: 20
  carbon_price: 1.0
timeseries_values:
  load_level: 263234.26734779973
  wind_year: 2012
  solar_year: 2010
  price_year: 2023
  carbon_year: 2023
storage_values:
  CAES:
    cost: 51.3109
    lifetime: 27.0688
    annual_cost: 1.8955735015959332
    efficiency: 0.602731
    discharge_ratio: 0.1
    depth_of_discharge: 0.4
  Li-ion:
    cost: 265.477
    lifetime: 25.1156
    annual_cost: 10.570203379572854
    efficiency: 0.921808
    discharge_ratio: 2
    depth_of_discharge: 0.9
  Pb-acid:
    cost: 90.0867
    lifetime: 12.8007
    annual_cost: 7.037638566640886
    efficiency: 0.730342
    discharge_ratio: 5
    depth_of_discharge: 0.5
  VRBF:
    cost: 297.237
    lifetime: 22.8373
    annual_cost: 13.015417759542505
    efficiency: 0.735418
    discharge_ratio: 0.5
    depth_of_discharge: 1.0
