cost_values:
  wind_capex: 5000.0
  wind_opex: 100
  wind_lifetime: 20
  solar_capex: 1000.0
  solar_opex: 10
  solar_lifetime: 20
  carbon_price: 1.0
timeseries_values:
  load_level: 263234.26734779973
  wind_year: 2012
  solar_year: 2010
  price_year: 2023
  carbon_year: 2023
storage_values:
  CAES:
    cost: 51.0684
    lifetime: 25.8835
    annual_cost: 1.973009832518786
    efficiency: 0.601423
    discharge_ratio: 0.1
    depth_of_discharge: 0.4
  Li-ion:
    cost: 222.08
    lifetime: 22.074
    annual_cost: 10.0607049016943
    efficiency: 0.917387
    discharge_ratio: 2
    depth_of_discharge: 0.9
  Pb-acid:
    cost: 102.901
    lifetime: 10.8268
    annual_cost: 9.50428566150663
    efficiency: 0.735891
    discharge_ratio: 5
    depth_of_discharge: 0.5
  VRBF:
    cost: 254.796
    lifetime: 21.8801
    annual_cost: 11.6451021704654
    efficiency: 0.72105
    discharge_ratio: 0.5
    depth_of_discharge: 1.0
