cost_values:
  wind_capex: 5000.0
  wind_opex: 100
  wind_lifetime: 20
  solar_capex: 1000.0
  solar_opex: 10
  solar_lifetime: 20
  carbon_price: 1.0
timeseries_values:
  load_level: 263234.26734779973
  wind_year: 2012
  solar_year: 2010
  price_year: 2023
  carbon_year: 2023
storage_values:
  CAES:
    cost: 57.4812
    lifetime: 26.3961
    annual_cost: 2.1776398786184323
    efficiency: 0.602613
    discharge_ratio: 0.1
    depth_of_discharge: 0.4
  Li-ion:
    cost: 266.17
    lifetime: 21.6205
    annual_cost: 12.311001133183785
    efficiency: 0.925519
    discharge_ratio: 2
    depth_of_discharge: 0.9
  Pb-acid:
    cost: 121.161
    lifetime: 11.7184
    annual_cost: 10.339380802839978
    efficiency: 0.736731
    discharge_ratio: 5
    depth_of_discharge: 0.5
  VRBF:
    cost: 302.167
    lifetime: 22.2516
    annual_cost: 13.579562817954663
    efficiency: 0.720209
    discharge_ratio: 0.5
    depth_of_discharge: 1.0
