cost_values:
  wind_capex: 5000.0
  wind_opex: 100
  wind_lifetime: 20
  solar_capex: 1000.0
  solar_opex: 10
  solar_lifetime: 20
  carbon_price: 1.0
timeseries_values:
  load_level: 263234.26734779973
  wind_year: 2012
  solar_year: 2010
  price_year: 2023
  carbon_year: 2023
storage_values:
  CAES:
    cost: 56.3722
    lifetime: 27.4083
    annual_cost: 2.056756529956254
    efficiency: 0.611288
    discharge_ratio: 0.1
    depth_of_discharge: 0.4
  Li-ion:
    cost: 248.043
    lifetime: 25.5527
    annual_cost: 9.707115099382843
    efficiency: 0.9246
    discharge_ratio: 2
    depth_of_discharge: 0.9
  Pb-acid:
    cost: 96.5091
    lifetime: 10.2118
    annual_cost: 9.4507432577998
    efficiency: 0.74178
    discharge_ratio: 5
    depth_of_discharge: 0.5
  VRBF:
    cost: 293.099
    lifetime: 21.6136
    annual_cost: 13.560859828996556
    efficiency: 0.732741
    discharge_ratio: 0.5
    depth_of_discharge: 1.0
