cost_values:
  wind_capex: 5000.0
  wind_opex: 100
  wind_lifetime: 20
  solar_capex: 1000.0
  solar_opex: 10
  solar_lifetime: 20
  carbon_price: 1.0
timeseries_values:
  load_level: 263234.26734779973
  wind_year: 2012
  solar_year: 2010
  price_year: 2023
  carbon_year: 2023
storage_values:
  CAES:
    cost: 51.6679
    lifetime: 27.8416
    annual_cost: 1.855780558588587
    efficiency: 0.600935
    discharge_ratio: 0.1
    depth_of_discharge: 0.4
  Li-ion:
    cost: 260.572
    lifetime: 21.9001
    annual_cost: 11.898210510454291
    efficiency: 0.91994
    discharge_ratio: 2
    depth_of_discharge: 0.9
  Pb-acid:
    cost: 127.447
    lifetime: 12.1049
    annual_cost: 10.528546291171343
    efficiency: 0.75087
    discharge_ratio: 5
    depth_of_discharge: 0.5
  VRBF:
    cost: 270.358
    lifetime: 23.4904
    annual_cost: 11.50929741511426
    efficiency: 0.719703
    discharge_ratio: 0.5
    depth_of_discharge: 1.0
