cost_values:
  wind_capex: 5000.0
  wind_opex: 100
  wind_lifetime: 20
  solar_capex: 1000.0
  solar_opex: 10
  solar_lifetime: 20
  carbon_price: 1.0
timeseries_values:
  load_level: 263234.26734779973
  wind_year: 2012
  solar_year: 2010
  price_year: 2023
  carbon_year: 2023
storage_values:
  CAES:
    cost: 50.9078
    lifetime: 27.3659
    annual_cost: 1.8602640512462592
    efficiency: 0.607063
    discharge_ratio: 0.1
    depth_of_discharge: 0.4
  Li-ion:
    cost: 251.165
    lifetime: 22.4575
    annual_cost: 11.18401424913726
    efficiency: 0.925098
    discharge_ratio: 2
    depth_of_discharge: 0.9
  Pb-acid:
    cost: 106.278
    lifetime: 13.1923
    annual_cost: 8.056063006450733
    efficiency: 0.736318
    discharge_ratio: 5
    depth_of_discharge: 0.5
  VRBF:
    cost: 258.514
    lifetime: 23.3147
    annual_cost: 11.088026009341746
    efficiency: 0.699918
    discharge_ratio: 0.5
    depth_of_discharge: 1.0
