cost_values:
  wind_capex: 5000.0
  wind_opex: 100
  wind_lifetime: 20
  solar_capex: 1000.0
  solar_opex: 10
  solar_lifetime: 20
  carbon_price: 1.0
timeseries_values:
  load_level: 263234.26734779973
  wind_year: 2012
  solar_year: 2010
  price_year: 2023
  carbon_year: 2023
storage_values:
  CAES:
    cost: 48.7588
    lifetime: 27.7041
    annual_cost: 1.7599849841720179
    efficiency: 0.608616
    discharge_ratio: 0.1
    depth_of_discharge: 0.4
  Li-ion:
    cost: 247.866
    lifetime: 24.7073
    annual_cost: 10.032095777361347
    efficiency: 0.93527
    discharge_ratio: 2
    depth_of_discharge: 0.9
  Pb-acid:
    cost: 115.22
    lifetime: 13.8022
    annual_cost: 8.347944530582081
    efficiency: 0.755597
    discharge_ratio: 5
    depth_of_discharge: 0.5
  VRBF:
    cost: 248.107
    lifetime: 23.5742
    annual_cost: 10.524514087434568
    efficiency: 0.702852
    discharge_ratio: 0.5
    depth_of_discharge: 1.0
