cost_values:
  wind_capex: 5000.0
  wind_opex: 100
  wind_lifetime: 20
  solar_capex: 1000.0
  solar_opex: 10
  solar_lifetime: 20
  carbon_price: 1.0
timeseries_values:
  load_level: 263234.26734779973
  wind_year: 2012
  solar_year: 2010
  price_year: 2023
  carbon_year: 2023
storage_values:
  CAES:
    cost: 48.2992
    lifetime: 26.0137
    annual_cost: 1.8566832092320584
    efficiency: 0.609392
    discharge_ratio: 0.1
    depth_of_discharge: 0.4
  Li-ion:
    cost: 265.736
    lifetime: 21.5307
    annual_cost: 12.342190453631327
    efficiency: 0.920741
    discharge_ratio: 2
    depth_of_discharge: 0.9
  Pb-acid:
    cost: 103.91
    lifetime: 10.958
    annual_cost: 9.48256981200949
    efficiency: 0.734525
    discharge_ratio: 5
    depth_of_discharge: 0.5
  VRBF:
    cost: 265.343
    lifetime: 25.3734
    annual_cost: 10.457526385900195
    efficiency: 0.729882
    discharge_ratio: 0.5
    depth_of_discharge: 1.0
