cost_values:
  wind_capex: 5000.0
  wind_opex: 100
  wind_lifetime: 20
  solar_capex: 1000.0
  solar_opex: 10
  solar_lifetime: 20
  carbon_price: 1.0
timeseries_values:
  load_level: 263234.26734779973
  wind_year: 2012
  solar_year: 2010
  price_year: 2023
  carbon_year: 2023
storage_values:
  CAES:
    cost: 54.2462
    lifetime: 27.698
    annual_cost: 1.9584879774712975
    efficiency: 0.600055
    discharge_ratio: 0.1
    depth_of_discharge: 0.4
  Li-ion:
    cost: 250.866
    lifetime: 21.9791
    annual_cost: 11.413843150993445
    efficiency: 0.93564
    discharge_ratio: 2
    depth_of_discharge: 0.9
  Pb-acid:
    cost: 120.25
    lifetime: 11.9047
    annual_cost: 10.101052525473133
    efficiency: 0.754458
    discharge_ratio: 5
    depth_of_discharge: 0.5
  VRBF:
    cost: 244.44
    lifetime: 21.7826
    annual_cost: 11.221800886946463
    efficiency: 0.721037
    discharge_ratio: 0.5
    depth_of_discharge: 1.0
