cost_values:
  wind_capex: 5000.0
  wind_opex: 100
  wind_lifetime: 20
  solar_capex: 1000.0
  solar_opex: 10
  solar_lifetime: 20
  carbon_price: 1.0
timeseries_values:
  load_level: 263234.26734779973
  wind_year: 2012
  solar_year: 2010
  price_year: 2023
  carbon_year: 2023
storage_values:
  CAES:
    cost: 42.0083
    lifetime: 27.3986
    annual_cost: 1.533227975152015
    efficiency: 0.6075
    discharge_ratio: 0.1
    depth_of_discharge: 0.4
  Li-ion:
    cost: 262.599
    lifetime: 23.5284
    annual_cost: 11.160937420309072
    efficiency: 0.929783
    discharge_ratio: 2
    depth_of_discharge: 0.9
  Pb-acid:
    cost: 114.309
    lifetime: 10.7071
    annual_cost: 10.676000037358387
    efficiency: 0.719338
    discharge_ratio: 5
    depth_of_discharge: 0.5
  VRBF:
    cost: 273.824
    lifetime: 22.7771
    annual_cost: 12.021899188219747
    efficiency: 0.735238
    discharge_ratio: 0.5
    depth_of_discharge: 1.0
