cost_values:
  wind_capex: 5000.0
  wind_opex: 100
  wind_lifetime: 20
  solar_capex: 1000.0
  solar_opex: 10
  solar_lifetime: 20
  carbon_price: 1.0
timeseries_values:
  load_level: 263234.26734779973
  wind_year: 2012
  solar_year: 2010
  price_year: 2023
  carbon_year: 2023
storage_values:
  CAES:
    cost: 52.5476
    lifetime: 27.3866
    annual_cost: 1.9187339793913811
    efficiency: 0.616891
    discharge_ratio: 0.1
    depth_of_discharge: 0.4
  Li-ion:
    cost: 258.311
    lifetime: 21.4733
    annual_cost: 12.029403957472768
    efficiency: 0.907141
    discharge_ratio: 2
    depth_of_discharge: 0.9
  Pb-acid:
    cost: 114.851
    lifetime: 13.3805
    annual_cost: 8.583461006688838
    efficiency: 0.734586
    discharge_ratio: 5
    depth_of_discharge: 0.5
  VRBF:
    cost: 251.415
    lifetime: 22.2902
    annual_cost: 11.279172012812806
    efficiency: 0.730681
    discharge_ratio: 0.5
    depth_of_discharge: 1.0
