cost_values:
  wind_capex: 5000.0
  wind_opex: 100
  wind_lifetime: 20
  solar_capex: 1000.0
  solar_opex: 10
  solar_lifetime: 20
  carbon_price: 1.0
timeseries_values:
  load_level: 263234.26734779973
  wind_year: 2012
  solar_year: 2010
  price_year: 2023
  carbon_year: 2023
storage_values:
  CAES:
    cost: 50.9479
    lifetime: 27.4884
    annual_cost: 1.8534327207112817
    efficiency: 0.599579
    discharge_ratio: 0.1
    depth_of_discharge: 0.4
  Li-ion:
    cost: 261.093
    lifetime: 22.929
    annual_cost: 11.387020803349472
    efficiency: 0.923555
    discharge_ratio: 2
    depth_of_discharge: 0.9
  Pb-acid:
    cost: 109.748
    lifetime: 9.59802
    annual_cost: 11.434441686931264
    efficiency: 0.744297
    discharge_ratio: 5
    depth_of_discharge: 0.5
  VRBF:
    cost: 278.221
    lifetime: 23.0049
    annual_cost: 12.093988671978579
    efficiency: 0.736713
    discharge_ratio: 0.5
    depth_of_discharge: 1.0
