cost_values:
  wind_capex: 5000.0
  wind_opex: 100
  wind_lifetime: 20
  solar_capex: 1000.0
  solar_opex: 10
  solar_lifetime: 20
  carbon_price: 1.0
timeseries_values:
  load_level: 263234.26734779973
  wind_year: 2012
  solar_year: 2010
  price_year: 2023
  carbon_year: 2023
storage_values:
  CAES:
    cost: 54.2384
    lifetime: 28.7536
    annual_cost: 1.8863168438039064
    efficiency: 0.617082
    discharge_ratio: 0.1
    depth_of_discharge: 0.4
  Li-ion:
    cost: 259.842
    lifetime: 25.7842
    annual_cost: 10.077566882044042
    efficiency: 0.92299
    discharge_ratio: 2
    depth_of_discharge: 0.9
  Pb-acid:
    cost: 139.772
    lifetime: 11.6056
    annual_cost: 12.043496243192939
    efficiency: 0.746521
    discharge_ratio: 5
    depth_of_discharge: 0.5
  VRBF:
    cost: 242.889
    lifetime: 22.3614
    annual_cost: 10.861976441546595
    efficiency: 0.727771
    discharge_ratio: 0.5
    depth_of_discharge: 1.0
