cost_values:
  wind_capex: 5000.0
  wind_opex: 100
  wind_lifetime: 20
  solar_capex: 1000.0
  solar_opex: 10
  solar_lifetime: 20
  carbon_price: 1.0
timeseries_values:
  load_level: 263234.26734779973
  wind_year: 2012
  solar_year: 2010
  price_year: 2023
  carbon_year: 2023
storage_values:
  CAES:
    cost: 55.4206
    lifetime: 27.1045
    annual_cost: 2.0447010643989003
    efficiency: 0.601706
    discharge_ratio: 0.1
    depth_of_discharge: 0.4
  Li-ion:
    cost: 270.337
    lifetime: 22.5687
    annual_cost: 11.97840371842419
    efficiency: 0.916635
    discharge_ratio: 2
    depth_of_discharge: 0.9
  Pb-acid:
    cost: 110.076
    lifetime: 10.1754
    annual_cost: 10.817854826345892
    efficiency: 0.742237
    discharge_ratio: 5
    depth_of_discharge: 0.5
  VRBF:
    cost: 257.95
    lifetime: 23.4326
    annual_cost: 11.008168107679044
    efficiency: 0.731982
    discharge_ratio: 0.5
    depth_of_discharge: 1.0
