cost_values:
  wind_capex: 5000.0
  wind_opex: 100
  wind_lifetime: 20
  solar_capex: 1000.0
  solar_opex: 10
  solar_lifetime: 20
  carbon_price: 1.0
timeseries_values:
  load_level: 263234.26734779973
  wind_year: 2012
  solar_year: 2010
  price_year: 2023
  carbon_year: 2023
storage_values:
  CAES:
    cost: 52.723
    lifetime: 27.0705
    annual_cost: 1.9476182560351674
    efficiency: 0.600916
    discharge_ratio: 0.1
    depth_of_discharge: 0.4
  Li-ion:
    cost: 260.914
    lifetime: 24.9332
    annual_cost: 10.464521200648132
    efficiency: 0.917976
    discharge_ratio: 2
    depth_of_discharge: 0.9
  Pb-acid:
    cost: 136.095
    lifetime: 12.196
    annual_cost: 11.158986552968187
    efficiency: 0.755863
    discharge_ratio: 5
    depth_of_discharge: 0.5
  VRBF:
    cost: 253.35
    lifetime: 21.4084
    annual_cost: 11.83413987033127
    efficiency: 0.728711
    discharge_ratio: 0.5
    depth_of_discharge: 1.0
