cost_values:
  wind_capex: 5000.0
  wind_opex: 100
  wind_lifetime: 20
  solar_capex: 1000.0
  solar_opex: 10
  solar_lifetime: 20
  carbon_price: 1.0
timeseries_values:
  load_level: 263234.26734779973
  wind_year: 2012
  solar_year: 2010
  price_year: 2023
  carbon_year: 2023
storage_values:
  CAES:
    cost: 46.6228
    lifetime: 26.5238
    annual_cost: 1.757772264909251
    efficiency: 0.610345
    discharge_ratio: 0.1
    depth_of_discharge: 0.4
  Li-ion:
    cost: 264.262
    lifetime: 21.8059
    annual_cost: 12.118830224847404
    efficiency: 0.927346
    discharge_ratio: 2
    depth_of_discharge: 0.9
  Pb-acid:
    cost: 107.537
    lifetime: 10.7591
    annual_cost: 9.994980992833973
    efficiency: 0.753971
    discharge_ratio: 5
    depth_of_discharge: 0.5
  VRBF:
    cost: 259.215
    lifetime: 23.6281
    annual_cost: 10.970623960453866
    efficiency: 0.719009
    discharge_ratio: 0.5
    depth_of_discharge: 1.0
