cost_values:
  wind_capex: 5000.0
  wind_opex: 100
  wind_lifetime: 20
  solar_capex: 1000.0
  solar_opex: 10
  solar_lifetime: 20
  carbon_price: 1.0
timeseries_values:
  load_level: 263234.26734779973
  wind_year: 2012
  solar_year: 2010
  price_year: 2023
  carbon_year: 2023
storage_values:
  CAES:
    cost: 51.9499
    lifetime: 26.9254
    annual_cost: 1.9294012345220497
    efficiency: 0.608118
    discharge_ratio: 0.1
    depth_of_discharge: 0.4
  Li-ion:
    cost: 256.861
    lifetime: 21.403
    annual_cost: 12.00116806055226
    efficiency: 0.928553
    discharge_ratio: 2
    depth_of_discharge: 0.9
  Pb-acid:
    cost: 111.231
    lifetime: 11.6362
    annual_cost: 9.559048486619343
    efficiency: 0.74212
    discharge_ratio: 5
    depth_of_discharge: 0.5
  VRBF:
    cost: 258.791
    lifetime: 21.3218
    annual_cost: 12.137389901415453
    efficiency: 0.713882
    discharge_ratio: 0.5
    depth_of_discharge: 1.0
