cost_values:
  wind_capex: 5000.0
  wind_opex: 100
  wind_lifetime: 20
  solar_capex: 1000.0
  solar_opex: 10
  solar_lifetime: 20
  carbon_price: 1.0
timeseries_values:
  load_level: 263234.26734779973
  wind_year: 2012
  solar_year: 2010
  price_year: 2023
  carbon_year: 2023
storage_values:
  CAES:
    cost: 46.5529
    lifetime: 27.7289
    annual_cost: 1.6788585194508256
    efficiency: 0.615811
    discharge_ratio: 0.1
    depth_of_discharge: 0.4
  Li-ion:
    cost: 252.39
    lifetime: 23.4791
    annual_cost: 10.749560247198572
    efficiency: 0.925052
    discharge_ratio: 2
    depth_of_discharge: 0.9
  Pb-acid:
    cost: 116.213
    lifetime: 11.7599
    annual_cost: 9.882141854947745
    efficiency: 0.733904
    discharge_ratio: 5
    depth_of_discharge: 0.5
  VRBF:
    cost: 280.276
    lifetime: 23.7094
    annual_cost: 11.821302943136478
    efficiency: 0.70541
    discharge_ratio: 0.5
    depth_of_discharge: 1.0
