cost_values:
  wind_capex: 5000.0
  wind_opex: 100
  wind_lifetime: 20
  solar_capex: 1000.0
  solar_opex: 10
  solar_lifetime: 20
  carbon_price: 1.0
timeseries_values:
  load_level: 263234.26734779973
  wind_year: 2012
  solar_year: 2010
  price_year: 2023
  carbon_year: 2023
storage_values:
  CAES:
    cost: 51.8226
    lifetime: 27.2918
    annual_cost: 1.8988340820319658
    efficiency: 0.612875
    discharge_ratio: 0.1
    depth_of_discharge: 0.4
  Li-ion:
    cost: 267.019
    lifetime: 22.77
    annual_cost: 11.726789635485288
    efficiency: 0.908294
    discharge_ratio: 2
    depth_of_discharge: 0.9
  Pb-acid:
    cost: 114.236
    lifetime: 12.2146
    annual_cost: 9.352414323841959
    efficiency: 0.74666
    discharge_ratio: 5
    depth_of_discharge: 0.5
  VRBF:
    cost: 278.101
    lifetime: 23.2971
    annual_cost: 11.937150975872534
    efficiency: 0.703433
    discharge_ratio: 0.5
    depth_of_discharge: 1.0
