cost_values:
  wind_capex: 5000.0
  wind_opex: 100
  wind_lifetime: 20
  solar_capex: 1000.0
  solar_opex: 10
  solar_lifetime: 20
  carbon_price: 1.0
timeseries_values:
  load_level: 263234.26734779973
  wind_year: 2012
  solar_year: 2010
  price_year: 2023
  carbon_year: 2023
storage_values:
  CAES:
    cost: 50.9571
    lifetime: 25.7779
    annual_cost: 1.9767746790855734
    efficiency: 0.613062
    discharge_ratio: 0.1
    depth_of_discharge: 0.4
  Li-ion:
    cost: 265.702
    lifetime: 22.8529
    annual_cost: 11.626620691465853
    efficiency: 0.914194
    discharge_ratio: 2
    depth_of_discharge: 0.9
  Pb-acid:
    cost: 127.049
    lifetime: 11.245
    annual_cost: 11.298265895953758
    efficiency: 0.749089
    discharge_ratio: 5
    depth_of_discharge: 0.5
  VRBF:
    cost: 230.984
    lifetime: 24.8614
    annual_cost: 9.290868575381918
    efficiency: 0.73319
    discharge_ratio: 0.5
    depth_of_discharge: 1.0
