cost_values:
  wind_capex: 5000.0
  wind_opex: 100
  wind_lifetime: 20
  solar_capex: 1000.0
  solar_opex: 10
  solar_lifetime: 20
  carbon_price: 1.0
timeseries_values:
  load_level: 263234.26734779973
  wind_year: 2012
  solar_year: 2010
  price_year: 2023
  carbon_year: 2023
storage_values:
  CAES:
    cost: 48.3701
    lifetime: 26.5948
    annual_cost: 1.8187803630784967
    efficiency: 0.605956
    discharge_ratio: 0.1
    depth_of_discharge: 0.4
  Li-ion:
    cost: 272.028
    lifetime: 24.5863
    annual_cost: 11.064210556285412
    efficiency: 0.914115
    discharge_ratio: 2
    depth_of_discharge: 0.9
  Pb-acid:
    cost: 118.581
    lifetime: 11.6864
    annual_cost: 10.14692291894852
    efficiency: 0.743068
    discharge_ratio: 5
    depth_of_discharge: 0.5
  VRBF:
    cost: 262.388
    lifetime: 23.1987
    annual_cost: 11.31046136205908
    efficiency: 0.706103
    discharge_ratio: 0.5
    depth_of_discharge: 1.0
