cost_values:
  wind_capex: 5000.0
  wind_opex: 100
  wind_lifetime: 20
  solar_capex: 1000.0
  solar_opex: 10
  solar_lifetime: 20
  carbon_price: 1.0
timeseries_values:
  load_level: 263234.26734779973
  wind_year: 2012
  solar_year: 2010
  price_year: 2023
  carbon_year: 2023
storage_values:
  CAES:
    cost: 52.7094
    lifetime: 26.8383
    annual_cost: 1.9639619498999565
    efficiency: 0.601877
    discharge_ratio: 0.1
    depth_of_discharge: 0.4
  Li-ion:
    cost: 267.968
    lifetime: 23.2767
    annual_cost: 11.512284817005847
    efficiency: 0.913956
    discharge_ratio: 2
    depth_of_discharge: 0.9
  Pb-acid:
    cost: 110.537
    lifetime: 11.9911
    annual_cost: 9.218253538040715
    efficiency: 0.737026
    discharge_ratio: 5
    depth_of_discharge: 0.5
  VRBF:
    cost: 274.249
    lifetime: 21.1587
    annual_cost: 12.961524101197146
    efficiency: 0.721876
    discharge_ratio: 0.5
    depth_of_discharge: 1.0
