cost_values:
  wind_capex: 5000.0
  wind_opex: 100
  wind_lifetime: 20
  solar_capex: 1000.0
  solar_opex: 10
  solar_lifetime: 20
  carbon_price: 1.0
timeseries_values:
  load_level: 263234.26734779973
  wind_year: 2012
  solar_year: 2010
  price_year: 2023
  carbon_year: 2023
storage_values:
  CAES:
    cost: 48.7986
    lifetime: 26.7139
    annual_cost: 1.8267119364825055
    efficiency: 0.615726
    discharge_ratio: 0.1
    depth_of_discharge: 0.4
  Li-ion:
    cost: 248.338
    lifetime: 23.8851
    annual_cost: 10.397193229251709
    efficiency: 0.921783
    discharge_ratio: 2
    depth_of_discharge: 0.9
  Pb-acid:
    cost: 124.58
    lifetime: 10.4406
    annual_cost: 11.932264429247361
    efficiency: 0.749292
    discharge_ratio: 5
    depth_of_discharge: 0.5
  VRBF:
    cost: 248.143
    lifetime: 24.0359
    annual_cost: 10.323848909339779
    efficiency: 0.72994
    discharge_ratio: 0.5
    depth_of_discharge: 1.0
