cost_values:
  wind_capex: 5000.0
  wind_opex: 100
  wind_lifetime: 20
  solar_capex: 1000.0
  solar_opex: 10
  solar_lifetime: 20
  carbon_price: 1.0
timeseries_values:
  load_level: 263234.26734779973
  wind_year: 2012
  solar_year: 2010
  price_year: 2023
  carbon_year: 2023
storage_values:
  CAES:
    cost: 48.6032
    lifetime: 27.3887
    annual_cost: 1.7745712647916843
    efficiency: 0.609107
    discharge_ratio: 0.1
    depth_of_discharge: 0.4
  Li-ion:
    cost: 261.948
    lifetime: 24.819
    annual_cost: 10.554333373625045
    efficiency: 0.9341
    discharge_ratio: 2
    depth_of_discharge: 0.9
  Pb-acid:
    cost: 101.964
    lifetime: 11.4834
    annual_cost: 8.879251789539683
    efficiency: 0.759983
    discharge_ratio: 5
    depth_of_discharge: 0.5
  VRBF:
    cost: 248.484
    lifetime: 21.4322
    annual_cost: 11.593956756655873
    efficiency: 0.74681
    discharge_ratio: 0.5
    depth_of_discharge: 1.0
