cost_values:
  wind_capex: 5000.0
  wind_opex: 100
  wind_lifetime: 20
  solar_capex: 1000.0
  solar_opex: 10
  solar_lifetime: 20
  carbon_price: 1.0
timeseries_values:
  load_level: 263234.26734779973
  wind_year: 2012
  solar_year: 2010
  price_year: 2023
  carbon_year: 2023
storage_values:
  CAES:
    cost: 47.7693
    lifetime: 27.4412
    annual_cost: 1.7407875748873958
    efficiency: 0.622082
    discharge_ratio: 0.1
    depth_of_discharge: 0.4
  Li-ion:
    cost: 257.824
    lifetime: 23.8525
    annual_cost: 10.80909757887014
    efficiency: 0.916535
    discharge_ratio: 2
    depth_of_discharge: 0.9
  Pb-acid:
    cost: 110.945
    lifetime: 11.2236
    annual_cost: 9.884974517979972
    efficiency: 0.746219
    discharge_ratio: 5
    depth_of_discharge: 0.5
  VRBF:
    cost: 261.822
    lifetime: 24.5609
    annual_cost: 10.66011424662777
    efficiency: 0.724624
    discharge_ratio: 0.5
    depth_of_discharge: 1.0
