cost_values:
  wind_capex: 5000.0
  wind_opex: 100
  wind_lifetime: 20
  solar_capex: 1000.0
  solar_opex: 10
  solar_lifetime: 20
  carbon_price: 1.0
timeseries_values:
  load_level: 263234.26734779973
  wind_year: 2012
  solar_year: 2010
  price_year: 2023
  carbon_year: 2023
storage_values:
  CAES:
    cost: 55.2672
    lifetime: 27.5582
    annual_cost: 2.005472055504351
    efficiency: 0.610067
    discharge_ratio: 0.1
    depth_of_discharge: 0.4
  Li-ion:
    cost: 234.669
    lifetime: 23.2445
    annual_cost: 10.095678547613415
    efficiency: 0.930852
    discharge_ratio: 2
    depth_of_discharge: 0.9
  Pb-acid:
    cost: 119.294
    lifetime: 13.1266
    annual_cost: 9.087958801212805
    efficiency: 0.749274
    discharge_ratio: 5
    depth_of_discharge: 0.5
  VRBF:
    cost: 264.473
    lifetime: 24.0645
    annual_cost: 10.990172245423759
    efficiency: 0.724173
    discharge_ratio: 0.5
    depth_of_discharge: 1.0
