cost_values:
  wind_capex: 5000.0
  wind_opex: 100
  wind_lifetime: 20
  solar_capex: 1000.0
  solar_opex: 10
  solar_lifetime: 20
  carbon_price: 1.0
timeseries_values:
  load_level: 263234.26734779973
  wind_year: 2012
  solar_year: 2010
  price_year: 2023
  carbon_year: 2023
storage_values:
  CAES:
    cost: 52.0194
    lifetime: 27.5452
    annual_cost: 1.8885105208893018
    efficiency: 0.598525
    discharge_ratio: 0.1
    depth_of_discharge: 0.4
  Li-ion:
    cost: 260.146
    lifetime: 25.0825
    annual_cost: 10.37161367487292
    efficiency: 0.927124
    discharge_ratio: 2
    depth_of_discharge: 0.9
  Pb-acid:
    cost: 103.425
    lifetime: 12.5829
    annual_cost: 8.219488353241303
    efficiency: 0.735526
    discharge_ratio: 5
    depth_of_discharge: 0.5
  VRBF:
    cost: 276.082
    lifetime: 23.4348
    annual_cost: 11.780855821257276
    efficiency: 0.731322
    discharge_ratio: 0.5
    depth_of_discharge: 1.0
