cost_values:
  wind_capex: 5000.0
  wind_opex: 100
  wind_lifetime: 20
  solar_capex: 1000.0
  solar_opex: 10
  solar_lifetime: 20
  carbon_price: 1.0
timeseries_values:
  load_level: 263234.26734779973
  wind_year: 2012
  solar_year: 2010
  price_year: 2023
  carbon_year: 2023
storage_values:
  CAES:
    cost: 45.2509
    lifetime: 27.4047
    annual_cost: 1.6512094640700319
    efficiency: 0.609626
    discharge_ratio: 0.1
    depth_of_discharge: 0.4
  Li-ion:
    cost: 254.751
    lifetime: 22.9708
    annual_cost: 11.090210179880543
    efficiency: 0.912501
    discharge_ratio: 2
    depth_of_discharge: 0.9
  Pb-acid:
    cost: 102.667
    lifetime: 10.4727
    annual_cost: 9.803298098866577
    efficiency: 0.721282
    discharge_ratio: 5
    depth_of_discharge: 0.5
  VRBF:
    cost: 253.253
    lifetime: 23.3753
    annual_cost: 10.834213892442023
    efficiency: 0.72455
    discharge_ratio: 0.5
    depth_of_discharge: 1.0
