cost_values:
  wind_capex: 5000.0
  wind_opex: 100
  wind_lifetime: 20
  solar_capex: 1000.0
  solar_opex: 10
  solar_lifetime: 20
  carbon_price: 1.0
timeseries_values:
  load_level: 250527.2478061945
  wind_year: 2015
  solar_year: 2016
  price_year: 2023
  carbon_year: 2023
storage_values:
  CAES:
    cost: 32.7404
    lifetime: 25.8201
    annual_cost: 1.2680198759880867
    efficiency: 0.635998
    discharge_ratio: 0.1
    depth_of_discharge: 0.4
  Li-ion:
    cost: 225.827
    lifetime: 24.5504
    annual_cost: 9.198505930656934
    efficiency: 0.914891
    discharge_ratio: 2
    depth_of_discharge: 0.9
  Pb-acid:
    cost: 151.017
    lifetime: 12.7997
    annual_cost: 11.79847965186684
    efficiency: 0.74892
    discharge_ratio: 5
    depth_of_discharge: 0.5
  VRBF:
    cost: 319.825
    lifetime: 17.2091
    annual_cost: 18.584644170816603
    efficiency: 0.75089
    discharge_ratio: 0.5
    depth_of_discharge: 1.0
