cost_values:
  wind_capex: 5000.0
  wind_opex: 100
  wind_lifetime: 20
  solar_capex: 1000.0
  solar_opex: 10
  solar_lifetime: 20
  carbon_price: 1.0
timeseries_values:
  load_level: 250527.2478061945
  wind_year: 2015
  solar_year: 2016
  price_year: 2023
  carbon_year: 2023
storage_values:
  CAES:
    cost: 36.2427
    lifetime: 24.8501
    annual_cost: 1.4584528834894024
    efficiency: 0.639428
    discharge_ratio: 0.1
    depth_of_discharge: 0.4
  Li-ion:
    cost: 213.799
    lifetime: 24.3582
    annual_cost: 8.777290604396056
    efficiency: 0.904794
    discharge_ratio: 2
    depth_of_discharge: 0.9
  Pb-acid:
    cost: 134.568
    lifetime: 14.9667
    annual_cost: 8.991160376034799
    efficiency: 0.773225
    discharge_ratio: 5
    depth_of_discharge: 0.5
  VRBF:
    cost: 318.218
    lifetime: 16.2918
    annual_cost: 19.532402803864525
    efficiency: 0.766912
    discharge_ratio: 0.5
    depth_of_discharge: 1.0
