cost_values:
  wind_capex: 5000.0
  wind_opex: 100
  wind_lifetime: 20
  solar_capex: 1000.0
  solar_opex: 10
  solar_lifetime: 20
  carbon_price: 1.0
timeseries_values:
  load_level: 250527.2478061945
  wind_year: 2015
  solar_year: 2016
  price_year: 2023
  carbon_year: 2023
storage_values:
  CAES:
    cost: 35.618
    lifetime: 25.2934
    annual_cost: 1.4081934417674178
    efficiency: 0.635979
    discharge_ratio: 0.1
    depth_of_discharge: 0.4
  Li-ion:
    cost: 217.547
    lifetime: 27.3084
    annual_cost: 7.966303408475048
    efficiency: 0.899393
    discharge_ratio: 2
    depth_of_discharge: 0.9
  Pb-acid:
    cost: 118.753
    lifetime: 13.3089
    annual_cost: 8.922826078789383
    efficiency: 0.76366
    discharge_ratio: 5
    depth_of_discharge: 0.5
  VRBF:
    cost: 309.21
    lifetime: 16.4732
    annual_cost: 18.770487822645265
    efficiency: 0.75978
    discharge_ratio: 0.5
    depth_of_discharge: 1.0
