cost_values:
  wind_capex: 5000.0
  wind_opex: 100
  wind_lifetime: 20
  solar_capex: 1000.0
  solar_opex: 10
  solar_lifetime: 20
  carbon_price: 1.0
timeseries_values:
  load_level: 250527.2478061945
  wind_year: 2015
  solar_year: 2016
  price_year: 2023
  carbon_year: 2023
storage_values:
  CAES:
    cost: 37.3127
    lifetime: 26.5912
    annual_cost: 1.4031972983543428
    efficiency: 0.635207
    discharge_ratio: 0.1
    depth_of_discharge: 0.4
  Li-ion:
    cost: 220.885
    lifetime: 26.1498
    annual_cost: 8.446909727799065
    efficiency: 0.913746
    discharge_ratio: 2
    depth_of_discharge: 0.9
  Pb-acid:
    cost: 132.189
    lifetime: 14.252
    annual_cost: 9.275119281504349
    efficiency: 0.770798
    discharge_ratio: 5
    depth_of_discharge: 0.5
  VRBF:
    cost: 282.377
    lifetime: 15.3962
    annual_cost: 18.340694457073823
    efficiency: 0.731653
    discharge_ratio: 0.5
    depth_of_discharge: 1.0
