cost_values:
  wind_capex: 5000.0
  wind_opex: 100
  wind_lifetime: 20
  solar_capex: 1000.0
  solar_opex: 10
  solar_lifetime: 20
  carbon_price: 1.0
timeseries_values:
  load_level: 250527.2478061945
  wind_year: 2015
  solar_year: 2016
  price_year: 2023
  carbon_year: 2023
storage_values:
  CAES:
    cost: 28.5868
    lifetime: 25.3629
    annual_cost: 1.1271108587740362
    efficiency: 0.635537
    discharge_ratio: 0.1
    depth_of_discharge: 0.4
  Li-ion:
    cost: 220.743
    lifetime: 26.4048
    annual_cost: 8.359957280494456
    efficiency: 0.908455
    discharge_ratio: 2
    depth_of_discharge: 0.9
  Pb-acid:
    cost: 120.407
    lifetime: 15.1665
    annual_cost: 7.939010318794712
    efficiency: 0.766332
    discharge_ratio: 5
    depth_of_discharge: 0.5
  VRBF:
    cost: 304.712
    lifetime: 15.1091
    annual_cost: 20.16744875604768
    efficiency: 0.739079
    discharge_ratio: 0.5
    depth_of_discharge: 1.0
