cost_values:
  wind_capex: 5000.0
  wind_opex: 100
  wind_lifetime: 20
  solar_capex: 1000.0
  solar_opex: 10
  solar_lifetime: 20
  carbon_price: 1.0
timeseries_values:
  load_level: 250527.2478061945
  wind_year: 2015
  solar_year: 2016
  price_year: 2023
  carbon_year: 2023
storage_values:
  CAES:
    cost: 41.5147
    lifetime: 24.7775
    annual_cost: 1.675499949551004
    efficiency: 0.630531
    discharge_ratio: 0.1
    depth_of_discharge: 0.4
  Li-ion:
    cost: 227.644
    lifetime: 25.608
    annual_cost: 8.889565760699782
    efficiency: 0.923473
    discharge_ratio: 2
    depth_of_discharge: 0.9
  Pb-acid:
    cost: 135.453
    lifetime: 12.9881
    annual_cost: 10.429008092022698
    efficiency: 0.760734
    discharge_ratio: 5
    depth_of_discharge: 0.5
  VRBF:
    cost: 315.434
    lifetime: 15.9013
    annual_cost: 19.836994459572487
    efficiency: 0.755423
    discharge_ratio: 0.5
    depth_of_discharge: 1.0
