cost_values:
  wind_capex: 5000.0
  wind_opex: 100
  wind_lifetime: 20
  solar_capex: 1000.0
  solar_opex: 10
  solar_lifetime: 20
  carbon_price: 1.0
timeseries_values:
  load_level: 250527.2478061945
  wind_year: 2015
  solar_year: 2016
  price_year: 2023
  carbon_year: 2023
storage_values:
  CAES:
    cost: 44.9569
    lifetime: 24.7415
    annual_cost: 1.817064446375523
    efficiency: 0.637857
    discharge_ratio: 0.1
    depth_of_discharge: 0.4
  Li-ion:
    cost: 195.133
    lifetime: 25.6596
    annual_cost: 7.604678171132831
    efficiency: 0.92024
    discharge_ratio: 2
    depth_of_discharge: 0.9
  Pb-acid:
    cost: 147.906
    lifetime: 13.2937
    annual_cost: 11.126022100694314
    efficiency: 0.753905
    discharge_ratio: 5
    depth_of_discharge: 0.5
  VRBF:
    cost: 317.811
    lifetime: 18.1554
    annual_cost: 17.505039822862617
    efficiency: 0.774713
    discharge_ratio: 0.5
    depth_of_discharge: 1.0
