cost_values:
  wind_capex: 5000.0
  wind_opex: 100
  wind_lifetime: 20
  solar_capex: 1000.0
  solar_opex: 10
  solar_lifetime: 20
  carbon_price: 1.0
timeseries_values:
  load_level: 250527.2478061945
  wind_year: 2015
  solar_year: 2016
  price_year: 2023
  carbon_year: 2023
storage_values:
  CAES:
    cost: 37.2651
    lifetime: 24.6573
    annual_cost: 1.5113211908846467
    efficiency: 0.646341
    discharge_ratio: 0.1
    depth_of_discharge: 0.4
  Li-ion:
    cost: 206.487
    lifetime: 24.9009
    annual_cost: 8.292350878883896
    efficiency: 0.901455
    discharge_ratio: 2
    depth_of_discharge: 0.9
  Pb-acid:
    cost: 133.201
    lifetime: 14.1588
    annual_cost: 9.407647540752041
    efficiency: 0.771772
    discharge_ratio: 5
    depth_of_discharge: 0.5
  VRBF:
    cost: 340.34
    lifetime: 16.3901
    annual_cost: 20.764973978194153
    efficiency: 0.765933
    discharge_ratio: 0.5
    depth_of_discharge: 1.0
