cost_values:
  wind_capex: 5000.0
  wind_opex: 100
  wind_lifetime: 20
  solar_capex: 1000.0
  solar_opex: 10
  solar_lifetime: 20
  carbon_price: 1.0
timeseries_values:
  load_level: 250527.2478061945
  wind_year: 2015
  solar_year: 2016
  price_year: 2023
  carbon_year: 2023
storage_values:
  CAES:
    cost: 44.4603
    lifetime: 24.1113
    annual_cost: 1.8439611302584265
    efficiency: 0.633751
    discharge_ratio: 0.1
    depth_of_discharge: 0.4
  Li-ion:
    cost: 197.202
    lifetime: 24.4257
    annual_cost: 8.073545486925656
    efficiency: 0.919047
    discharge_ratio: 2
    depth_of_discharge: 0.9
  Pb-acid:
    cost: 121.654
    lifetime: 12.2819
    annual_cost: 9.905144969426553
    efficiency: 0.769408
    discharge_ratio: 5
    depth_of_discharge: 0.5
  VRBF:
    cost: 348.452
    lifetime: 17.1241
    annual_cost: 20.348631460923496
    efficiency: 0.754561
    discharge_ratio: 0.5
    depth_of_discharge: 1.0
