cost_values:
  wind_capex: 5000.0
  wind_opex: 100
  wind_lifetime: 20
  solar_capex: 1000.0
  solar_opex: 10
  solar_lifetime: 20
  carbon_price: 1.0
timeseries_values:
  load_level: 250527.2478061945
  wind_year: 2015
  solar_year: 2016
  price_year: 2023
  carbon_year: 2023
storage_values:
  CAES:
    cost: 31.8538
    lifetime: 25.0006
    annual_cost: 1.274121421085894
    efficiency: 0.638725
    discharge_ratio: 0.1
    depth_of_discharge: 0.4
  Li-ion:
    cost: 214.14
    lifetime: 22.8314
    annual_cost: 9.379188310835078
    efficiency: 0.912629
    discharge_ratio: 2
    depth_of_discharge: 0.9
  Pb-acid:
    cost: 131.256
    lifetime: 12.6904
    annual_cost: 10.342936392863896
    efficiency: 0.770749
    discharge_ratio: 5
    depth_of_discharge: 0.5
  VRBF:
    cost: 339.569
    lifetime: 17.2682
    annual_cost: 19.664412040629596
    efficiency: 0.752816
    discharge_ratio: 0.5
    depth_of_discharge: 1.0
