cost_values:
  wind_capex: 5000.0
  wind_opex: 100
  wind_lifetime: 20
  solar_capex: 1000.0
  solar_opex: 10
  solar_lifetime: 20
  carbon_price: 1.0
timeseries_values:
  load_level: 250527.2478061945
  wind_year: 2015
  solar_year: 2016
  price_year: 2023
  carbon_year: 2023
storage_values:
  CAES:
    cost: 46.2317
    lifetime: 25.8271
    annual_cost: 1.7900461143527533
    efficiency: 0.641108
    discharge_ratio: 0.1
    depth_of_discharge: 0.4
  Li-ion:
    cost: 192.808
    lifetime: 26.5291
    annual_cost: 7.267792725723828
    efficiency: 0.911974
    discharge_ratio: 2
    depth_of_discharge: 0.9
  Pb-acid:
    cost: 126.234
    lifetime: 13.7755
    annual_cost: 9.16366012122972
    efficiency: 0.764804
    discharge_ratio: 5
    depth_of_discharge: 0.5
  VRBF:
    cost: 300.335
    lifetime: 16.4391
    annual_cost: 18.269552469417423
    efficiency: 0.74568
    discharge_ratio: 0.5
    depth_of_discharge: 1.0
