cost_values:
  wind_capex: 5000.0
  wind_opex: 100
  wind_lifetime: 20
  solar_capex: 1000.0
  solar_opex: 10
  solar_lifetime: 20
  carbon_price: 1.0
timeseries_values:
  load_level: 250527.2478061945
  wind_year: 2015
  solar_year: 2016
  price_year: 2023
  carbon_year: 2023
storage_values:
  CAES:
    cost: 32.3634
    lifetime: 25.2137
    annual_cost: 1.283564094123433
    efficiency: 0.63232
    discharge_ratio: 0.1
    depth_of_discharge: 0.4
  Li-ion:
    cost: 198.535
    lifetime: 26.8089
    annual_cost: 7.405563077933074
    efficiency: 0.92418
    discharge_ratio: 2
    depth_of_discharge: 0.9
  Pb-acid:
    cost: 154.711
    lifetime: 15.4894
    annual_cost: 9.988185468772194
    efficiency: 0.775911
    discharge_ratio: 5
    depth_of_discharge: 0.5
  VRBF:
    cost: 315.185
    lifetime: 15.3621
    annual_cost: 20.517051705170516
    efficiency: 0.759597
    discharge_ratio: 0.5
    depth_of_discharge: 1.0
