cost_values:
  wind_capex: 5000.0
  wind_opex: 100
  wind_lifetime: 20
  solar_capex: 1000.0
  solar_opex: 10
  solar_lifetime: 20
  carbon_price: 1.0
timeseries_values:
  load_level: 250527.2478061945
  wind_year: 2015
  solar_year: 2016
  price_year: 2023
  carbon_year: 2023
storage_values:
  CAES:
    cost: 34.8709
    lifetime: 25.6695
    annual_cost: 1.3584565340189718
    efficiency: 0.635547
    discharge_ratio: 0.1
    depth_of_discharge: 0.4
  Li-ion:
    cost: 218.254
    lifetime: 26.2149
    annual_cost: 8.3255705724607
    efficiency: 0.920539
    discharge_ratio: 2
    depth_of_discharge: 0.9
  Pb-acid:
    cost: 120.255
    lifetime: 13.6918
    annual_cost: 8.782994200908572
    efficiency: 0.760063
    discharge_ratio: 5
    depth_of_discharge: 0.5
  VRBF:
    cost: 298.678
    lifetime: 17.335
    annual_cost: 17.2297663686184
    efficiency: 0.757044
    discharge_ratio: 0.5
    depth_of_discharge: 1.0
