cost_values:
  wind_capex: 5000.0
  wind_opex: 100
  wind_lifetime: 20
  solar_capex: 1000.0
  solar_opex: 10
  solar_lifetime: 20
  carbon_price: 1.0
timeseries_values:
  load_level: 250527.2478061945
  wind_year: 2015
  solar_year: 2016
  price_year: 2023
  carbon_year: 2023
storage_values:
  CAES:
    cost: 25.9957
    lifetime: 25.2659
    annual_cost: 1.0288847814643454
    efficiency: 0.642035
    discharge_ratio: 0.1
    depth_of_discharge: 0.4
  Li-ion:
    cost: 206.4
    lifetime: 26.344
    annual_cost: 7.83480109322806
    efficiency: 0.914444
    discharge_ratio: 2
    depth_of_discharge: 0.9
  Pb-acid:
    cost: 133.719
    lifetime: 14.2392
    annual_cost: 9.390906792516432
    efficiency: 0.746005
    discharge_ratio: 5
    depth_of_discharge: 0.5
  VRBF:
    cost: 305.723
    lifetime: 14.4526
    annual_cost: 21.153494872894843
    efficiency: 0.741763
    discharge_ratio: 0.5
    depth_of_discharge: 1.0
