cost_values:
  wind_capex: 5000.0
  wind_opex: 100
  wind_lifetime: 20
  solar_capex: 1000.0
  solar_opex: 10
  solar_lifetime: 20
  carbon_price: 1.0
timeseries_values:
  load_level: 250527.2478061945
  wind_year: 2015
  solar_year: 2016
  price_year: 2023
  carbon_year: 2023
storage_values:
  CAES:
    cost: 37.449
    lifetime: 24.5544
    annual_cost: 1.525144169680383
    efficiency: 0.634232
    discharge_ratio: 0.1
    depth_of_discharge: 0.4
  Li-ion:
    cost: 235.323
    lifetime: 25.0073
    annual_cost: 9.410172229708925
    efficiency: 0.914096
    discharge_ratio: 2
    depth_of_discharge: 0.9
  Pb-acid:
    cost: 162.392
    lifetime: 14.8731
    annual_cost: 10.918503876125353
    efficiency: 0.751177
    discharge_ratio: 5
    depth_of_discharge: 0.5
  VRBF:
    cost: 296.398
    lifetime: 15.0124
    annual_cost: 19.743545335855696
    efficiency: 0.758732
    discharge_ratio: 0.5
    depth_of_discharge: 1.0
