cost_values:
  wind_capex: 5000.0
  wind_opex: 100
  wind_lifetime: 20
  solar_capex: 1000.0
  solar_opex: 10
  solar_lifetime: 20
  carbon_price: 1.0
timeseries_values:
  load_level: 250527.2478061945
  wind_year: 2015
  solar_year: 2016
  price_year: 2023
  carbon_year: 2023
storage_values:
  CAES:
    cost: 37.0918
    lifetime: 25.0205
    annual_cost: 1.482456385763674
    efficiency: 0.620078
    discharge_ratio: 0.1
    depth_of_discharge: 0.4
  Li-ion:
    cost: 205.181
    lifetime: 28.4698
    annual_cost: 7.206970192976418
    efficiency: 0.905949
    discharge_ratio: 2
    depth_of_discharge: 0.9
  Pb-acid:
    cost: 105.812
    lifetime: 12.6331
    annual_cost: 8.375774750457133
    efficiency: 0.754301
    discharge_ratio: 5
    depth_of_discharge: 0.5
  VRBF:
    cost: 330.601
    lifetime: 15.6837
    annual_cost: 21.079273385744436
    efficiency: 0.760414
    discharge_ratio: 0.5
    depth_of_discharge: 1.0
