cost_values:
  wind_capex: 5000.0
  wind_opex: 100
  wind_lifetime: 20
  solar_capex: 1000.0
  solar_opex: 10
  solar_lifetime: 20
  carbon_price: 1.0
timeseries_values:
  load_level: 250527.2478061945
  wind_year: 2015
  solar_year: 2016
  price_year: 2023
  carbon_year: 2023
storage_values:
  CAES:
    cost: 34.6566
    lifetime: 24.7161
    annual_cost: 1.4021872382778835
    efficiency: 0.642481
    discharge_ratio: 0.1
    depth_of_discharge: 0.4
  Li-ion:
    cost: 220.342
    lifetime: 25.0354
    annual_cost: 8.801217476053909
    efficiency: 0.913379
    discharge_ratio: 2
    depth_of_discharge: 0.9
  Pb-acid:
    cost: 129.155
    lifetime: 12.6764
    annual_cost: 10.188618219683823
    efficiency: 0.759208
    discharge_ratio: 5
    depth_of_discharge: 0.5
  VRBF:
    cost: 311.454
    lifetime: 15.6018
    annual_cost: 19.962696611929392
    efficiency: 0.746949
    discharge_ratio: 0.5
    depth_of_discharge: 1.0
