cost_values:
  wind_capex: 5000.0
  wind_opex: 100
  wind_lifetime: 20
  solar_capex: 1000.0
  solar_opex: 10
  solar_lifetime: 20
  carbon_price: 1.0
timeseries_values:
  load_level: 250527.2478061945
  wind_year: 2015
  solar_year: 2016
  price_year: 2023
  carbon_year: 2023
storage_values:
  CAES:
    cost: 33.7679
    lifetime: 24.7746
    annual_cost: 1.3630048517433178
    efficiency: 0.637617
    discharge_ratio: 0.1
    depth_of_discharge: 0.4
  Li-ion:
    cost: 224.668
    lifetime: 27.4356
    annual_cost: 8.188922421962705
    efficiency: 0.898024
    discharge_ratio: 2
    depth_of_discharge: 0.9
  Pb-acid:
    cost: 110.957
    lifetime: 13.7083
    annual_cost: 8.09414734139171
    efficiency: 0.763405
    discharge_ratio: 5
    depth_of_discharge: 0.5
  VRBF:
    cost: 298.28
    lifetime: 15.1369
    annual_cost: 19.705487913641495
    efficiency: 0.754145
    discharge_ratio: 0.5
    depth_of_discharge: 1.0
