cost_values:
  wind_capex: 5000.0
  wind_opex: 100
  wind_lifetime: 20
  solar_capex: 1000.0
  solar_opex: 10
  solar_lifetime: 20
  carbon_price: 1.0
timeseries_values:
  load_level: 250527.2478061945
  wind_year: 2015
  solar_year: 2016
  price_year: 2023
  carbon_year: 2023
storage_values:
  CAES:
    cost: 34.7599
    lifetime: 25.7616
    annual_cost: 1.3492911930935967
    efficiency: 0.639805
    discharge_ratio: 0.1
    depth_of_discharge: 0.4
  Li-ion:
    cost: 219.194
    lifetime: 24.7088
    annual_cost: 8.871090461697856
    efficiency: 0.901085
    discharge_ratio: 2
    depth_of_discharge: 0.9
  Pb-acid:
    cost: 135.809
    lifetime: 13.3505
    annual_cost: 10.172577806074678
    efficiency: 0.755969
    discharge_ratio: 5
    depth_of_discharge: 0.5
  VRBF:
    cost: 281.722
    lifetime: 17.0643
    annual_cost: 16.509437832199385
    efficiency: 0.753727
    discharge_ratio: 0.5
    depth_of_discharge: 1.0
