cost_values:
  wind_capex: 5000.0
  wind_opex: 100
  wind_lifetime: 20
  solar_capex: 1000.0
  solar_opex: 10
  solar_lifetime: 20
  carbon_price: 1.0
timeseries_values:
  load_level: 250527.2478061945
  wind_year: 2015
  solar_year: 2016
  price_year: 2023
  carbon_year: 2023
storage_values:
  CAES:
    cost: 39.6956
    lifetime: 25.1583
    annual_cost: 1.5778331604281688
    efficiency: 0.635349
    discharge_ratio: 0.1
    depth_of_discharge: 0.4
  Li-ion:
    cost: 218.353
    lifetime: 24.8475
    annual_cost: 8.787725123251837
    efficiency: 0.91829
    discharge_ratio: 2
    depth_of_discharge: 0.9
  Pb-acid:
    cost: 123.617
    lifetime: 14.0185
    annual_cost: 8.818133181153476
    efficiency: 0.762525
    discharge_ratio: 5
    depth_of_discharge: 0.5
  VRBF:
    cost: 293.52
    lifetime: 16.4075
    annual_cost: 17.889379856772816
    efficiency: 0.749096
    discharge_ratio: 0.5
    depth_of_discharge: 1.0
