cost_values:
  wind_capex: 5000.0
  wind_opex: 100
  wind_lifetime: 20
  solar_capex: 1000.0
  solar_opex: 10
  solar_lifetime: 20
  carbon_price: 1.0
timeseries_values:
  load_level: 250527.2478061945
  wind_year: 2015
  solar_year: 2016
  price_year: 2023
  carbon_year: 2023
storage_values:
  CAES:
    cost: 41.2146
    lifetime: 24.9905
    annual_cost: 1.649210700066025
    efficiency: 0.637349
    discharge_ratio: 0.1
    depth_of_discharge: 0.4
  Li-ion:
    cost: 212.824
    lifetime: 27.4907
    annual_cost: 7.741672638383163
    efficiency: 0.912806
    discharge_ratio: 2
    depth_of_discharge: 0.9
  Pb-acid:
    cost: 127.555
    lifetime: 13.0066
    annual_cost: 9.806944166807622
    efficiency: 0.764672
    discharge_ratio: 5
    depth_of_discharge: 0.5
  VRBF:
    cost: 326.762
    lifetime: 15.55
    annual_cost: 21.013633440514468
    efficiency: 0.740028
    discharge_ratio: 0.5
    depth_of_discharge: 1.0
