cost_values:
  wind_capex: 5000.0
  wind_opex: 100
  wind_lifetime: 20
  solar_capex: 1000.0
  solar_opex: 10
  solar_lifetime: 20
  carbon_price: 1.0
timeseries_values:
  load_level: 250527.2478061945
  wind_year: 2015
  solar_year: 2016
  price_year: 2023
  carbon_year: 2023
storage_values:
  CAES:
    cost: 41.4598
    lifetime: 26.3192
    annual_cost: 1.5752682452354176
    efficiency: 0.626402
    discharge_ratio: 0.1
    depth_of_discharge: 0.4
  Li-ion:
    cost: 214.178
    lifetime: 27.6903
    annual_cost: 7.734766326114198
    efficiency: 0.905855
    discharge_ratio: 2
    depth_of_discharge: 0.9
  Pb-acid:
    cost: 129.284
    lifetime: 14.4829
    annual_cost: 8.926665239696469
    efficiency: 0.775324
    discharge_ratio: 5
    depth_of_discharge: 0.5
  VRBF:
    cost: 327.852
    lifetime: 14.074
    annual_cost: 23.294869972999855
    efficiency: 0.747255
    discharge_ratio: 0.5
    depth_of_discharge: 1.0
