cost_values:
  wind_capex: 5000.0
  wind_opex: 100
  wind_lifetime: 20
  solar_capex: 1000.0
  solar_opex: 10
  solar_lifetime: 20
  carbon_price: 1.0
timeseries_values:
  load_level: 250527.2478061945
  wind_year: 2015
  solar_year: 2016
  price_year: 2023
  carbon_year: 2023
storage_values:
  CAES:
    cost: 36.0921
    lifetime: 24.3051
    annual_cost: 1.4849599466778578
    efficiency: 0.634795
    discharge_ratio: 0.1
    depth_of_discharge: 0.4
  Li-ion:
    cost: 229.173
    lifetime: 26.5657
    annual_cost: 8.626650154146136
    efficiency: 0.923436
    discharge_ratio: 2
    depth_of_discharge: 0.9
  Pb-acid:
    cost: 129.113
    lifetime: 14.3698
    annual_cost: 8.985024147865662
    efficiency: 0.75963
    discharge_ratio: 5
    depth_of_discharge: 0.5
  VRBF:
    cost: 292.583
    lifetime: 15.946
    annual_cost: 18.348363225887372
    efficiency: 0.768415
    discharge_ratio: 0.5
    depth_of_discharge: 1.0
