cost_values:
  wind_capex: 5000.0
  wind_opex: 100
  wind_lifetime: 20
  solar_capex: 1000.0
  solar_opex: 10
  solar_lifetime: 20
  carbon_price: 1.0
timeseries_values:
  load_level: 250527.2478061945
  wind_year: 2015
  solar_year: 2016
  price_year: 2023
  carbon_year: 2023
storage_values:
  CAES:
    cost: 45.8383
    lifetime: 25.8463
    annual_cost: 1.7734956260664
    efficiency: 0.642079
    discharge_ratio: 0.1
    depth_of_discharge: 0.4
  Li-ion:
    cost: 212.371
    lifetime: 26.2236
    annual_cost: 8.098468555042023
    efficiency: 0.92041
    discharge_ratio: 2
    depth_of_discharge: 0.9
  Pb-acid:
    cost: 145.207
    lifetime: 13.2495
    annual_cost: 10.959432431412505
    efficiency: 0.747957
    discharge_ratio: 5
    depth_of_discharge: 0.5
  VRBF:
    cost: 282.609
    lifetime: 17.2418
    annual_cost: 16.390922061501698
    efficiency: 0.737063
    discharge_ratio: 0.5
    depth_of_discharge: 1.0
