cost_values:
  wind_capex: 5000.0
  wind_opex: 100
  wind_lifetime: 20
  solar_capex: 1000.0
  solar_opex: 10
  solar_lifetime: 20
  carbon_price: 1.0
timeseries_values:
  load_level: 250527.2478061945
  wind_year: 2015
  solar_year: 2016
  price_year: 2023
  carbon_year: 2023
storage_values:
  CAES:
    cost: 42.3375
    lifetime: 25.4365
    annual_cost: 1.6644388968608104
    efficiency: 0.634027
    discharge_ratio: 0.1
    depth_of_discharge: 0.4
  Li-ion:
    cost: 232.329
    lifetime: 25.8711
    annual_cost: 8.980252095968089
    efficiency: 0.91161
    discharge_ratio: 2
    depth_of_discharge: 0.9
  Pb-acid:
    cost: 124.201
    lifetime: 13.0096
    annual_cost: 9.546873078342147
    efficiency: 0.761648
    discharge_ratio: 5
    depth_of_discharge: 0.5
  VRBF:
    cost: 307.585
    lifetime: 13.8859
    annual_cost: 22.150886870854606
    efficiency: 0.759822
    discharge_ratio: 0.5
    depth_of_discharge: 1.0
