cost_values:
  wind_capex: 5000.0
  wind_opex: 100
  wind_lifetime: 20
  solar_capex: 1000.0
  solar_opex: 10
  solar_lifetime: 20
  carbon_price: 1.0
timeseries_values:
  load_level: 250527.2478061945
  wind_year: 2015
  solar_year: 2016
  price_year: 2023
  carbon_year: 2023
storage_values:
  CAES:
    cost: 35.4988
    lifetime: 25.8476
    annual_cost: 1.3733886318265527
    efficiency: 0.638666
    discharge_ratio: 0.1
    depth_of_discharge: 0.4
  Li-ion:
    cost: 210.037
    lifetime: 25.6568
    annual_cost: 8.186406722584266
    efficiency: 0.901563
    discharge_ratio: 2
    depth_of_discharge: 0.9
  Pb-acid:
    cost: 160.812
    lifetime: 15.7588
    annual_cost: 10.204584105388735
    efficiency: 0.761276
    discharge_ratio: 5
    depth_of_discharge: 0.5
  VRBF:
    cost: 288.603
    lifetime: 16.2987
    annual_cost: 17.707117745587073
    efficiency: 0.761316
    discharge_ratio: 0.5
    depth_of_discharge: 1.0
