cost_values:
  wind_capex: 5000.0
  wind_opex: 100
  wind_lifetime: 20
  solar_capex: 1000.0
  solar_opex: 10
  solar_lifetime: 20
  carbon_price: 1.0
timeseries_values:
  load_level: 250527.2478061945
  wind_year: 2015
  solar_year: 2016
  price_year: 2023
  carbon_year: 2023
storage_values:
  CAES:
    cost: 40.1096
    lifetime: 25.9732
    annual_cost: 1.5442687077449064
    efficiency: 0.622957
    discharge_ratio: 0.1
    depth_of_discharge: 0.4
  Li-ion:
    cost: 218.042
    lifetime: 24.8141
    annual_cost: 8.787020282823072
    efficiency: 0.910938
    discharge_ratio: 2
    depth_of_discharge: 0.9
  Pb-acid:
    cost: 147.395
    lifetime: 14.0934
    annual_cost: 10.458441540011636
    efficiency: 0.76885
    discharge_ratio: 5
    depth_of_discharge: 0.5
  VRBF:
    cost: 293.87
    lifetime: 15.4403
    annual_cost: 19.032661282488036
    efficiency: 0.776792
    discharge_ratio: 0.5
    depth_of_discharge: 1.0
