cost_values:
  wind_capex: 5000.0
  wind_opex: 100
  wind_lifetime: 20
  solar_capex: 1000.0
  solar_opex: 10
  solar_lifetime: 20
  carbon_price: 1.0
timeseries_values:
  load_level: 250527.2478061945
  wind_year: 2015
  solar_year: 2016
  price_year: 2023
  carbon_year: 2023
storage_values:
  CAES:
    cost: 34.6744
    lifetime: 24.2182
    annual_cost: 1.4317496758636066
    efficiency: 0.641862
    discharge_ratio: 0.1
    depth_of_discharge: 0.4
  Li-ion:
    cost: 208.647
    lifetime: 26.7366
    annual_cost: 7.803797042256682
    efficiency: 0.912104
    discharge_ratio: 2
    depth_of_discharge: 0.9
  Pb-acid:
    cost: 136.693
    lifetime: 13.3131
    annual_cost: 10.267556016254668
    efficiency: 0.744677
    discharge_ratio: 5
    depth_of_discharge: 0.5
  VRBF:
    cost: 310.405
    lifetime: 15.7102
    annual_cost: 19.758182582016776
    efficiency: 0.75809
    discharge_ratio: 0.5
    depth_of_discharge: 1.0
