cost_values:
  wind_capex: 5000.0
  wind_opex: 100
  wind_lifetime: 20
  solar_capex: 1000.0
  solar_opex: 10
  solar_lifetime: 20
  carbon_price: 1.0
timeseries_values:
  load_level: 250527.2478061945
  wind_year: 2015
  solar_year: 2016
  price_year: 2023
  carbon_year: 2023
storage_values:
  CAES:
    cost: 43.5395
    lifetime: 26.2836
    annual_cost: 1.6565272641495075
    efficiency: 0.640391
    discharge_ratio: 0.1
    depth_of_discharge: 0.4
  Li-ion:
    cost: 224.485
    lifetime: 25.5852
    annual_cost: 8.774017791535732
    efficiency: 0.919334
    discharge_ratio: 2
    depth_of_discharge: 0.9
  Pb-acid:
    cost: 132.679
    lifetime: 15.3425
    annual_cost: 8.647808375427735
    efficiency: 0.757236
    discharge_ratio: 5
    depth_of_discharge: 0.5
  VRBF:
    cost: 303.378
    lifetime: 15.3957
    annual_cost: 19.705372279272783
    efficiency: 0.757075
    discharge_ratio: 0.5
    depth_of_discharge: 1.0
