cost_values:
  wind_capex: 5000.0
  wind_opex: 100
  wind_lifetime: 20
  solar_capex: 1000.0
  solar_opex: 10
  solar_lifetime: 20
  carbon_price: 1.0
timeseries_values:
  load_level: 250527.2478061945
  wind_year: 2015
  solar_year: 2016
  price_year: 2023
  carbon_year: 2023
storage_values:
  CAES:
    cost: 49.998
    lifetime: 24.9171
    annual_cost: 2.006573798716544
    efficiency: 0.62915
    discharge_ratio: 0.1
    depth_of_discharge: 0.4
  Li-ion:
    cost: 208.243
    lifetime: 23.7266
    annual_cost: 8.77677374760817
    efficiency: 0.910443
    discharge_ratio: 2
    depth_of_discharge: 0.9
  Pb-acid:
    cost: 120.319
    lifetime: 14.8937
    annual_cost: 8.078516419694234
    efficiency: 0.76425
    discharge_ratio: 5
    depth_of_discharge: 0.5
  VRBF:
    cost: 318.251
    lifetime: 15.3036
    annual_cost: 20.795825818761596
    efficiency: 0.76022
    discharge_ratio: 0.5
    depth_of_discharge: 1.0
