cost_values:
  wind_capex: 5000.0
  wind_opex: 100
  wind_lifetime: 20
  solar_capex: 1000.0
  solar_opex: 10
  solar_lifetime: 20
  carbon_price: 1.0
timeseries_values:
  load_level: 250527.2478061945
  wind_year: 2015
  solar_year: 2016
  price_year: 2023
  carbon_year: 2023
storage_values:
  CAES:
    cost: 46.6431
    lifetime: 25.1171
    annual_cost: 1.8570256916602632
    efficiency: 0.634465
    discharge_ratio: 0.1
    depth_of_discharge: 0.4
  Li-ion:
    cost: 211.221
    lifetime: 24.3514
    annual_cost: 8.673875013346255
    efficiency: 0.909529
    discharge_ratio: 2
    depth_of_discharge: 0.9
  Pb-acid:
    cost: 119.41
    lifetime: 14.0176
    annual_cost: 8.518576646501542
    efficiency: 0.765329
    discharge_ratio: 5
    depth_of_discharge: 0.5
  VRBF:
    cost: 329.426
    lifetime: 17.127
    annual_cost: 19.23430840193846
    efficiency: 0.761372
    discharge_ratio: 0.5
    depth_of_discharge: 1.0
