cost_values:
  wind_capex: 5000.0
  wind_opex: 100
  wind_lifetime: 20
  solar_capex: 1000.0
  solar_opex: 10
  solar_lifetime: 20
  carbon_price: 1.0
timeseries_values:
  load_level: 250527.2478061945
  wind_year: 2015
  solar_year: 2016
  price_year: 2023
  carbon_year: 2023
storage_values:
  CAES:
    cost: 44.1264
    lifetime: 25.1106
    annual_cost: 1.7572817853814722
    efficiency: 0.629362
    discharge_ratio: 0.1
    depth_of_discharge: 0.4
  Li-ion:
    cost: 216.008
    lifetime: 26.4494
    annual_cost: 8.166839323387299
    efficiency: 0.912073
    discharge_ratio: 2
    depth_of_discharge: 0.9
  Pb-acid:
    cost: 136.978
    lifetime: 15.4391
    annual_cost: 8.872149283313147
    efficiency: 0.754146
    discharge_ratio: 5
    depth_of_discharge: 0.5
  VRBF:
    cost: 329.074
    lifetime: 17.2663
    annual_cost: 19.058744490713124
    efficiency: 0.753417
    discharge_ratio: 0.5
    depth_of_discharge: 1.0
