cost_values:
  wind_capex: 5000.0
  wind_opex: 100
  wind_lifetime: 20
  solar_capex: 1000.0
  solar_opex: 10
  solar_lifetime: 20
  carbon_price: 1.0
timeseries_values:
  load_level: 250527.2478061945
  wind_year: 2015
  solar_year: 2016
  price_year: 2023
  carbon_year: 2023
storage_values:
  CAES:
    cost: 38.2584
    lifetime: 25.644
    annual_cost: 1.4919045390734675
    efficiency: 0.634078
    discharge_ratio: 0.1
    depth_of_discharge: 0.4
  Li-ion:
    cost: 219.5
    lifetime: 25.1579
    annual_cost: 8.724893572197997
    efficiency: 0.908722
    discharge_ratio: 2
    depth_of_discharge: 0.9
  Pb-acid:
    cost: 147.643
    lifetime: 14.832
    annual_cost: 9.95435544768069
    efficiency: 0.769308
    discharge_ratio: 5
    depth_of_discharge: 0.5
  VRBF:
    cost: 310.712
    lifetime: 15.6529
    annual_cost: 19.85012361926544
    efficiency: 0.740254
    discharge_ratio: 0.5
    depth_of_discharge: 1.0
