cost_values:
  wind_capex: 5000.0
  wind_opex: 100
  wind_lifetime: 20
  solar_capex: 1000.0
  solar_opex: 10
  solar_lifetime: 20
  carbon_price: 1.0
timeseries_values:
  load_level: 250527.2478061945
  wind_year: 2015
  solar_year: 2016
  price_year: 2023
  carbon_year: 2023
storage_values:
  CAES:
    cost: 40.846
    lifetime: 25.2026
    annual_cost: 1.6207058001952177
    efficiency: 0.637338
    discharge_ratio: 0.1
    depth_of_discharge: 0.4
  Li-ion:
    cost: 215.004
    lifetime: 26.4137
    annual_cost: 8.139866811540982
    efficiency: 0.925474
    discharge_ratio: 2
    depth_of_discharge: 0.9
  Pb-acid:
    cost: 120.411
    lifetime: 15.1434
    annual_cost: 7.951384761678355
    efficiency: 0.765952
    discharge_ratio: 5
    depth_of_discharge: 0.5
  VRBF:
    cost: 309.943
    lifetime: 17.915
    annual_cost: 17.300753558470554
    efficiency: 0.754298
    discharge_ratio: 0.5
    depth_of_discharge: 1.0
