cost_values:
  wind_capex: 5000.0
  wind_opex: 100
  wind_lifetime: 20
  solar_capex: 1000.0
  solar_opex: 10
  solar_lifetime: 20
  carbon_price: 1.0
timeseries_values:
  load_level: 250527.2478061945
  wind_year: 2015
  solar_year: 2016
  price_year: 2023
  carbon_year: 2023
storage_values:
  CAES:
    cost: 46.0337
    lifetime: 24.2524
    annual_cost: 1.8981090531246392
    efficiency: 0.6318
    discharge_ratio: 0.1
    depth_of_discharge: 0.4
  Li-ion:
    cost: 206.339
    lifetime: 26.7902
    annual_cost: 7.702032832901584
    efficiency: 0.933234
    discharge_ratio: 2
    depth_of_discharge: 0.9
  Pb-acid:
    cost: 142.086
    lifetime: 12.4095
    annual_cost: 11.44977638099843
    efficiency: 0.790148
    discharge_ratio: 5
    depth_of_discharge: 0.5
  VRBF:
    cost: 347.566
    lifetime: 17.4804
    annual_cost: 19.883183451179605
    efficiency: 0.765974
    discharge_ratio: 0.5
    depth_of_discharge: 1.0
