cost_values:
  wind_capex: 5000.0
  wind_opex: 100
  wind_lifetime: 20
  solar_capex: 1000.0
  solar_opex: 10
  solar_lifetime: 20
  carbon_price: 1.0
timeseries_values:
  load_level: 250527.2478061945
  wind_year: 2015
  solar_year: 2016
  price_year: 2023
  carbon_year: 2023
storage_values:
  CAES:
    cost: 38.8902
    lifetime: 24.8624
    annual_cost: 1.5642174528605444
    efficiency: 0.637758
    discharge_ratio: 0.1
    depth_of_discharge: 0.4
  Li-ion:
    cost: 202.918
    lifetime: 25.9191
    annual_cost: 7.828898379959181
    efficiency: 0.901792
    discharge_ratio: 2
    depth_of_discharge: 0.9
  Pb-acid:
    cost: 129.336
    lifetime: 15.3711
    annual_cost: 8.414231902726547
    efficiency: 0.758836
    discharge_ratio: 5
    depth_of_discharge: 0.5
  VRBF:
    cost: 324.543
    lifetime: 17.4455
    annual_cost: 18.603250121807918
    efficiency: 0.769954
    discharge_ratio: 0.5
    depth_of_discharge: 1.0
