cost_values:
  wind_capex: 5000.0
  wind_opex: 100
  wind_lifetime: 20
  solar_capex: 1000.0
  solar_opex: 10
  solar_lifetime: 20
  carbon_price: 1.0
timeseries_values:
  load_level: 250527.2478061945
  wind_year: 2015
  solar_year: 2016
  price_year: 2023
  carbon_year: 2023
storage_values:
  CAES:
    cost: 32.8316
    lifetime: 24.8778
    annual_cost: 1.3197147657751087
    efficiency: 0.636379
    discharge_ratio: 0.1
    depth_of_discharge: 0.4
  Li-ion:
    cost: 222.652
    lifetime: 24.1174
    annual_cost: 9.232006766898587
    efficiency: 0.918141
    discharge_ratio: 2
    depth_of_discharge: 0.9
  Pb-acid:
    cost: 131.01
    lifetime: 15.7229
    annual_cost: 8.332432312105274
    efficiency: 0.763866
    discharge_ratio: 5
    depth_of_discharge: 0.5
  VRBF:
    cost: 302.05
    lifetime: 14.2223
    annual_cost: 21.23777448092081
    efficiency: 0.753614
    discharge_ratio: 0.5
    depth_of_discharge: 1.0
