cost_values:
  wind_capex: 5000.0
  wind_opex: 100
  wind_lifetime: 20
  solar_capex: 1000.0
  solar_opex: 10
  solar_lifetime: 20
  carbon_price: 1.0
timeseries_values:
  load_level: 250527.2478061945
  wind_year: 2015
  solar_year: 2016
  price_year: 2023
  carbon_year: 2023
storage_values:
  CAES:
    cost: 40.4543
    lifetime: 26.1526
    annual_cost: 1.5468557619510108
    efficiency: 0.634609
    discharge_ratio: 0.1
    depth_of_discharge: 0.4
  Li-ion:
    cost: 222.629
    lifetime: 24.6201
    annual_cost: 9.042570907510528
    efficiency: 0.915992
    discharge_ratio: 2
    depth_of_discharge: 0.9
  Pb-acid:
    cost: 124.298
    lifetime: 14.4084
    annual_cost: 8.626773271147385
    efficiency: 0.762183
    discharge_ratio: 5
    depth_of_discharge: 0.5
  VRBF:
    cost: 276.465
    lifetime: 14.7682
    annual_cost: 18.720290895302067
    efficiency: 0.750049
    discharge_ratio: 0.5
    depth_of_discharge: 1.0
