cost_values:
  wind_capex: 5000.0
  wind_opex: 100
  wind_lifetime: 20
  solar_capex: 1000.0
  solar_opex: 10
  solar_lifetime: 20
  carbon_price: 1.0
timeseries_values:
  load_level: 250527.2478061945
  wind_year: 2015
  solar_year: 2016
  price_year: 2023
  carbon_year: 2023
storage_values:
  CAES:
    cost: 37.7196
    lifetime: 25.2055
    annual_cost: 1.496482910475888
    efficiency: 0.631708
    discharge_ratio: 0.1
    depth_of_discharge: 0.4
  Li-ion:
    cost: 207.939
    lifetime: 24.7001
    annual_cost: 8.418548912757439
    efficiency: 0.934666
    discharge_ratio: 2
    depth_of_discharge: 0.9
  Pb-acid:
    cost: 166.014
    lifetime: 13.7946
    annual_cost: 12.034709234048107
    efficiency: 0.764988
    discharge_ratio: 5
    depth_of_discharge: 0.5
  VRBF:
    cost: 316.273
    lifetime: 14.7286
    annual_cost: 21.473391904186414
    efficiency: 0.768697
    discharge_ratio: 0.5
    depth_of_discharge: 1.0
