cost_values:
  wind_capex: 5000.0
  wind_opex: 100
  wind_lifetime: 20
  solar_capex: 1000.0
  solar_opex: 10
  solar_lifetime: 20
  carbon_price: 1.0
timeseries_values:
  load_level: 250527.2478061945
  wind_year: 2015
  solar_year: 2016
  price_year: 2023
  carbon_year: 2023
storage_values:
  CAES:
    cost: 42.4694
    lifetime: 25.8068
    annual_cost: 1.6456670334950478
    efficiency: 0.633985
    discharge_ratio: 0.1
    depth_of_discharge: 0.4
  Li-ion:
    cost: 226.235
    lifetime: 25.0086
    annual_cost: 9.046288076901545
    efficiency: 0.930523
    discharge_ratio: 2
    depth_of_discharge: 0.9
  Pb-acid:
    cost: 146.146
    lifetime: 13.1656
    annual_cost: 11.100595491280306
    efficiency: 0.75536
    discharge_ratio: 5
    depth_of_discharge: 0.5
  VRBF:
    cost: 308.04
    lifetime: 16.9777
    annual_cost: 18.14380039699135
    efficiency: 0.775254
    discharge_ratio: 0.5
    depth_of_discharge: 1.0
