cost_values:
  wind_capex: 5000.0
  wind_opex: 100
  wind_lifetime: 20
  solar_capex: 1000.0
  solar_opex: 10
  solar_lifetime: 20
  carbon_price: 1.0
timeseries_values:
  load_level: 250527.2478061945
  wind_year: 2015
  solar_year: 2016
  price_year: 2023
  carbon_year: 2023
storage_values:
  CAES:
    cost: 37.6812
    lifetime: 26.5856
    annual_cost: 1.417353755416466
    efficiency: 0.635695
    discharge_ratio: 0.1
    depth_of_discharge: 0.4
  Li-ion:
    cost: 219.264
    lifetime: 24.6965
    annual_cost: 8.878343085052538
    efficiency: 0.919427
    discharge_ratio: 2
    depth_of_discharge: 0.9
  Pb-acid:
    cost: 129.489
    lifetime: 12.857
    annual_cost: 10.071478571984134
    efficiency: 0.768849
    discharge_ratio: 5
    depth_of_discharge: 0.5
  VRBF:
    cost: 343.931
    lifetime: 14.3118
    annual_cost: 24.031288866529717
    efficiency: 0.746151
    discharge_ratio: 0.5
    depth_of_discharge: 1.0
