cost_values:
  wind_capex: 5000.0
  wind_opex: 100
  wind_lifetime: 20
  solar_capex: 1000.0
  solar_opex: 10
  solar_lifetime: 20
  carbon_price: 1.0
timeseries_values:
  load_level: 250527.2478061945
  wind_year: 2015
  solar_year: 2016
  price_year: 2023
  carbon_year: 2023
storage_values:
  CAES:
    cost: 44.8077
    lifetime: 25.3832
    annual_cost: 1.7652502442560434
    efficiency: 0.643523
    discharge_ratio: 0.1
    depth_of_discharge: 0.4
  Li-ion:
    cost: 207.822
    lifetime: 26.347
    annual_cost: 7.887880973165825
    efficiency: 0.915761
    discharge_ratio: 2
    depth_of_discharge: 0.9
  Pb-acid:
    cost: 140.904
    lifetime: 13.5285
    annual_cost: 10.415345381971393
    efficiency: 0.768527
    discharge_ratio: 5
    depth_of_discharge: 0.5
  VRBF:
    cost: 321.423
    lifetime: 16.9004
    annual_cost: 19.018662280182717
    efficiency: 0.786303
    discharge_ratio: 0.5
    depth_of_discharge: 1.0
