cost_values:
  wind_capex: 5000.0
  wind_opex: 100
  wind_lifetime: 20
  solar_capex: 1000.0
  solar_opex: 10
  solar_lifetime: 20
  carbon_price: 1.0
timeseries_values:
  load_level: 250527.2478061945
  wind_year: 2015
  solar_year: 2016
  price_year: 2023
  carbon_year: 2023
storage_values:
  CAES:
    cost: 39.3833
    lifetime: 24.7522
    annual_cost: 1.5911030130655053
    efficiency: 0.634857
    discharge_ratio: 0.1
    depth_of_discharge: 0.4
  Li-ion:
    cost: 202.248
    lifetime: 25.712
    annual_cost: 7.865899191039203
    efficiency: 0.909348
    discharge_ratio: 2
    depth_of_discharge: 0.9
  Pb-acid:
    cost: 126.191
    lifetime: 13.6047
    annual_cost: 9.275544480951437
    efficiency: 0.770175
    discharge_ratio: 5
    depth_of_discharge: 0.5
  VRBF:
    cost: 332.579
    lifetime: 15.4224
    annual_cost: 21.564672165162364
    efficiency: 0.755095
    discharge_ratio: 0.5
    depth_of_discharge: 1.0
