cost_values:
  wind_capex: 5000.0
  wind_opex: 100
  wind_lifetime: 20
  solar_capex: 1000.0
  solar_opex: 10
  solar_lifetime: 20
  carbon_price: 1.0
timeseries_values:
  load_level: 250527.2478061945
  wind_year: 2015
  solar_year: 2016
  price_year: 2023
  carbon_year: 2023
storage_values:
  CAES:
    cost: 43.6903
    lifetime: 24.9479
    annual_cost: 1.7512616292353265
    efficiency: 0.633832
    discharge_ratio: 0.1
    depth_of_discharge: 0.4
  Li-ion:
    cost: 201.924
    lifetime: 24.7134
    annual_cost: 8.170628080312705
    efficiency: 0.913044
    discharge_ratio: 2
    depth_of_discharge: 0.9
  Pb-acid:
    cost: 115.383
    lifetime: 14.8585
    annual_cost: 7.7654541171719895
    efficiency: 0.760525
    discharge_ratio: 5
    depth_of_discharge: 0.5
  VRBF:
    cost: 375.358
    lifetime: 15.7414
    annual_cost: 23.845274244984562
    efficiency: 0.758444
    discharge_ratio: 0.5
    depth_of_discharge: 1.0
