cost_values:
  wind_capex: 5000.0
  wind_opex: 100
  wind_lifetime: 20
  solar_capex: 1000.0
  solar_opex: 10
  solar_lifetime: 20
  carbon_price: 1.0
timeseries_values:
  load_level: 250527.2478061945
  wind_year: 2015
  solar_year: 2016
  price_year: 2023
  carbon_year: 2023
storage_values:
  CAES:
    cost: 37.0252
    lifetime: 24.6335
    annual_cost: 1.5030426045831895
    efficiency: 0.640013
    discharge_ratio: 0.1
    depth_of_discharge: 0.4
  Li-ion:
    cost: 211.9
    lifetime: 25.7753
    annual_cost: 8.221048833573226
    efficiency: 0.910342
    discharge_ratio: 2
    depth_of_discharge: 0.9
  Pb-acid:
    cost: 135.864
    lifetime: 14.6884
    annual_cost: 9.249748100541925
    efficiency: 0.779412
    discharge_ratio: 5
    depth_of_discharge: 0.5
  VRBF:
    cost: 299.764
    lifetime: 14.251
    annual_cost: 21.034594063574488
    efficiency: 0.762796
    discharge_ratio: 0.5
    depth_of_discharge: 1.0
