cost_values:
  wind_capex: 5000.0
  wind_opex: 100
  wind_lifetime: 20
  solar_capex: 1000.0
  solar_opex: 10
  solar_lifetime: 20
  carbon_price: 1.0
timeseries_values:
  load_level: 250527.2478061945
  wind_year: 2015
  solar_year: 2016
  price_year: 2023
  carbon_year: 2023
storage_values:
  CAES:
    cost: 42.2269
    lifetime: 25.9371
    annual_cost: 1.6280501675206558
    efficiency: 0.623832
    discharge_ratio: 0.1
    depth_of_discharge: 0.4
  Li-ion:
    cost: 206.971
    lifetime: 24.1943
    annual_cost: 8.554535572428218
    efficiency: 0.921886
    discharge_ratio: 2
    depth_of_discharge: 0.9
  Pb-acid:
    cost: 142.593
    lifetime: 14.0148
    annual_cost: 10.174458429660074
    efficiency: 0.754376
    discharge_ratio: 5
    depth_of_discharge: 0.5
  VRBF:
    cost: 292.446
    lifetime: 14.2302
    annual_cost: 20.55108150271957
    efficiency: 0.757781
    discharge_ratio: 0.5
    depth_of_discharge: 1.0
