cost_values:
  wind_capex: 5000.0
  wind_opex: 100
  wind_lifetime: 20
  solar_capex: 1000.0
  solar_opex: 10
  solar_lifetime: 20
  carbon_price: 1.0
timeseries_values:
  load_level: 250527.2478061945
  wind_year: 2015
  solar_year: 2016
  price_year: 2023
  carbon_year: 2023
storage_values:
  CAES:
    cost: 38.4283
    lifetime: 26.0369
    annual_cost: 1.4759168718242188
    efficiency: 0.625492
    discharge_ratio: 0.1
    depth_of_discharge: 0.4
  Li-ion:
    cost: 228.402
    lifetime: 24.4408
    annual_cost: 9.345111452980262
    efficiency: 0.904713
    discharge_ratio: 2
    depth_of_discharge: 0.9
  Pb-acid:
    cost: 124.137
    lifetime: 13.007
    annual_cost: 9.543860997924195
    efficiency: 0.75918
    discharge_ratio: 5
    depth_of_discharge: 0.5
  VRBF:
    cost: 315.26
    lifetime: 17.2311
    annual_cost: 18.295988068086192
    efficiency: 0.751538
    discharge_ratio: 0.5
    depth_of_discharge: 1.0
