cost_values:
  wind_capex: 5000.0
  wind_opex: 100
  wind_lifetime: 20
  solar_capex: 1000.0
  solar_opex: 10
  solar_lifetime: 20
  carbon_price: 1.0
timeseries_values:
  load_level: 250527.2478061945
  wind_year: 2015
  solar_year: 2016
  price_year: 2023
  carbon_year: 2023
storage_values:
  CAES:
    cost: 45.1967
    lifetime: 25.0383
    annual_cost: 1.8051025828430844
    efficiency: 0.637506
    discharge_ratio: 0.1
    depth_of_discharge: 0.4
  Li-ion:
    cost: 228.428
    lifetime: 25.8745
    annual_cost: 8.82830586098282
    efficiency: 0.925248
    discharge_ratio: 2
    depth_of_discharge: 0.9
  Pb-acid:
    cost: 124.876
    lifetime: 14.2765
    annual_cost: 8.74696179035478
    efficiency: 0.76991
    discharge_ratio: 5
    depth_of_discharge: 0.5
  VRBF:
    cost: 328.442
    lifetime: 17.1427
    annual_cost: 19.15929229351269
    efficiency: 0.76175
    discharge_ratio: 0.5
    depth_of_discharge: 1.0
