cost_values:
  wind_capex: 5000.0
  wind_opex: 100
  wind_lifetime: 20
  solar_capex: 1000.0
  solar_opex: 10
  solar_lifetime: 20
  carbon_price: 1.0
timeseries_values:
  load_level: 250527.2478061945
  wind_year: 2015
  solar_year: 2016
  price_year: 2023
  carbon_year: 2023
storage_values:
  CAES:
    cost: 45.5665
    lifetime: 25.6328
    annual_cost: 1.777663774538872
    efficiency: 0.634431
    discharge_ratio: 0.1
    depth_of_discharge: 0.4
  Li-ion:
    cost: 202.973
    lifetime: 27.9347
    annual_cost: 7.265981020021694
    efficiency: 0.928591
    discharge_ratio: 2
    depth_of_discharge: 0.9
  Pb-acid:
    cost: 104.208
    lifetime: 13.6183
    annual_cost: 7.652056424076426
    efficiency: 0.771991
    discharge_ratio: 5
    depth_of_discharge: 0.5
  VRBF:
    cost: 301.527
    lifetime: 16.3784
    annual_cost: 18.410040052752407
    efficiency: 0.748596
    discharge_ratio: 0.5
    depth_of_discharge: 1.0
