cost_values:
  wind_capex: 5000.0
  wind_opex: 100
  wind_lifetime: 20
  solar_capex: 1000.0
  solar_opex: 10
  solar_lifetime: 20
  carbon_price: 1.0
timeseries_values:
  load_level: 250527.2478061945
  wind_year: 2015
  solar_year: 2016
  price_year: 2023
  carbon_year: 2023
storage_values:
  CAES:
    cost: 39.4415
    lifetime: 25.5508
    annual_cost: 1.543650296663901
    efficiency: 0.648036
    discharge_ratio: 0.1
    depth_of_discharge: 0.4
  Li-ion:
    cost: 210.336
    lifetime: 26.4816
    annual_cost: 7.942722494109118
    efficiency: 0.917417
    discharge_ratio: 2
    depth_of_discharge: 0.9
  Pb-acid:
    cost: 112.214
    lifetime: 14.1999
    annual_cost: 7.902450017253643
    efficiency: 0.762477
    discharge_ratio: 5
    depth_of_discharge: 0.5
  VRBF:
    cost: 302.045
    lifetime: 15.1835
    annual_cost: 19.89297592781638
    efficiency: 0.761991
    discharge_ratio: 0.5
    depth_of_discharge: 1.0
