cost_values:
  wind_capex: 5000.0
  wind_opex: 100
  wind_lifetime: 20
  solar_capex: 1000.0
  solar_opex: 10
  solar_lifetime: 20
  carbon_price: 1.0
timeseries_values:
  load_level: 250527.2478061945
  wind_year: 2015
  solar_year: 2016
  price_year: 2023
  carbon_year: 2023
storage_values:
  CAES:
    cost: 33.8042
    lifetime: 24.254
    annual_cost: 1.3937577306835987
    efficiency: 0.636674
    discharge_ratio: 0.1
    depth_of_discharge: 0.4
  Li-ion:
    cost: 220.126
    lifetime: 24.2285
    annual_cost: 9.085415935778112
    efficiency: 0.913297
    discharge_ratio: 2
    depth_of_discharge: 0.9
  Pb-acid:
    cost: 133.468
    lifetime: 13.104
    annual_cost: 10.185286935286936
    efficiency: 0.754331
    discharge_ratio: 5
    depth_of_discharge: 0.5
  VRBF:
    cost: 346.747
    lifetime: 17.1449
    annual_cost: 20.2244982472922
    efficiency: 0.776409
    discharge_ratio: 0.5
    depth_of_discharge: 1.0
