cost_values:
  wind_capex: 5000.0
  wind_opex: 100
  wind_lifetime: 20
  solar_capex: 1000.0
  solar_opex: 10
  solar_lifetime: 20
  carbon_price: 1.0
timeseries_values:
  load_level: 250527.2478061945
  wind_year: 2015
  solar_year: 2016
  price_year: 2023
  carbon_year: 2023
storage_values:
  CAES:
    cost: 42.0832
    lifetime: 25.1401
    annual_cost: 1.6739471998918063
    efficiency: 0.644381
    discharge_ratio: 0.1
    depth_of_discharge: 0.4
  Li-ion:
    cost: 230.667
    lifetime: 24.6217
    annual_cost: 9.368443283770008
    efficiency: 0.919461
    discharge_ratio: 2
    depth_of_discharge: 0.9
  Pb-acid:
    cost: 142.958
    lifetime: 14.4234
    annual_cost: 9.911532648335344
    efficiency: 0.764822
    discharge_ratio: 5
    depth_of_discharge: 0.5
  VRBF:
    cost: 303.688
    lifetime: 16.0888
    annual_cost: 18.875739644970416
    efficiency: 0.752293
    discharge_ratio: 0.5
    depth_of_discharge: 1.0
