cost_values:
  wind_capex: 5000.0
  wind_opex: 100
  wind_lifetime: 20
  solar_capex: 1000.0
  solar_opex: 10
  solar_lifetime: 20
  carbon_price: 1.0
timeseries_values:
  load_level: 250527.2478061945
  wind_year: 2015
  solar_year: 2016
  price_year: 2023
  carbon_year: 2023
storage_values:
  CAES:
    cost: 42.1887
    lifetime: 24.8224
    annual_cost: 1.699622115508573
    efficiency: 0.626078
    discharge_ratio: 0.1
    depth_of_discharge: 0.4
  Li-ion:
    cost: 221.447
    lifetime: 25.9962
    annual_cost: 8.518437310068395
    efficiency: 0.927735
    discharge_ratio: 2
    depth_of_discharge: 0.9
  Pb-acid:
    cost: 150.939
    lifetime: 13.5319
    annual_cost: 11.154309446567
    efficiency: 0.774946
    discharge_ratio: 5
    depth_of_discharge: 0.5
  VRBF:
    cost: 285.799
    lifetime: 16.8616
    annual_cost: 16.949696351473168
    efficiency: 0.765197
    discharge_ratio: 0.5
    depth_of_discharge: 1.0
