cost_values:
  wind_capex: 5000.0
  wind_opex: 100
  wind_lifetime: 20
  solar_capex: 1000.0
  solar_opex: 10
  solar_lifetime: 20
  carbon_price: 1.0
timeseries_values:
  load_level: 250527.2478061945
  wind_year: 2015
  solar_year: 2016
  price_year: 2023
  carbon_year: 2023
storage_values:
  CAES:
    cost: 37.6987
    lifetime: 24.3906
    annual_cost: 1.5456241338876453
    efficiency: 0.624433
    discharge_ratio: 0.1
    depth_of_discharge: 0.4
  Li-ion:
    cost: 184.147
    lifetime: 27.2834
    annual_cost: 6.7494153954419165
    efficiency: 0.922641
    discharge_ratio: 2
    depth_of_discharge: 0.9
  Pb-acid:
    cost: 120.651
    lifetime: 13.3275
    annual_cost: 9.052785593697243
    efficiency: 0.772878
    discharge_ratio: 5
    depth_of_discharge: 0.5
  VRBF:
    cost: 325.263
    lifetime: 15.4614
    annual_cost: 21.0370988396911
    efficiency: 0.745404
    discharge_ratio: 0.5
    depth_of_discharge: 1.0
