cost_values:
  wind_capex: 5000.0
  wind_opex: 100
  wind_lifetime: 20
  solar_capex: 1000.0
  solar_opex: 10
  solar_lifetime: 20
  carbon_price: 1.0
timeseries_values:
  load_level: 250527.2478061945
  wind_year: 2015
  solar_year: 2016
  price_year: 2023
  carbon_year: 2023
storage_values:
  CAES:
    cost: 46.5747
    lifetime: 25.4763
    annual_cost: 1.8281579350219617
    efficiency: 0.642806
    discharge_ratio: 0.1
    depth_of_discharge: 0.4
  Li-ion:
    cost: 197.622
    lifetime: 24.5854
    annual_cost: 8.038185264425229
    efficiency: 0.914212
    discharge_ratio: 2
    depth_of_discharge: 0.9
  Pb-acid:
    cost: 130.582
    lifetime: 14.194
    annual_cost: 9.199802733549387
    efficiency: 0.754839
    discharge_ratio: 5
    depth_of_discharge: 0.5
  VRBF:
    cost: 285.746
    lifetime: 17.0388
    annual_cost: 16.770312463319012
    efficiency: 0.749986
    discharge_ratio: 0.5
    depth_of_discharge: 1.0
