cost_values:
  wind_capex: 5000.0
  wind_opex: 100
  wind_lifetime: 20
  solar_capex: 1000.0
  solar_opex: 10
  solar_lifetime: 20
  carbon_price: 1.0
timeseries_values:
  load_level: 250527.2478061945
  wind_year: 2015
  solar_year: 2016
  price_year: 2023
  carbon_year: 2023
storage_values:
  CAES:
    cost: 35.3961
    lifetime: 25.5234
    annual_cost: 1.3868097510519757
    efficiency: 0.629509
    discharge_ratio: 0.1
    depth_of_discharge: 0.4
  Li-ion:
    cost: 222.059
    lifetime: 25.3553
    annual_cost: 8.757892827140676
    efficiency: 0.916788
    discharge_ratio: 2
    depth_of_discharge: 0.9
  Pb-acid:
    cost: 114.058
    lifetime: 14.5
    annual_cost: 7.8660689655172416
    efficiency: 0.763583
    discharge_ratio: 5
    depth_of_discharge: 0.5
  VRBF:
    cost: 288.053
    lifetime: 18.0689
    annual_cost: 15.94192230849692
    efficiency: 0.751741
    discharge_ratio: 0.5
    depth_of_discharge: 1.0
