cost_values:
  wind_capex: 5000.0
  wind_opex: 100
  wind_lifetime: 20
  solar_capex: 1000.0
  solar_opex: 10
  solar_lifetime: 20
  carbon_price: 1.0
timeseries_values:
  load_level: 250527.2478061945
  wind_year: 2015
  solar_year: 2016
  price_year: 2023
  carbon_year: 2023
storage_values:
  CAES:
    cost: 36.5882
    lifetime: 25.7881
    annual_cost: 1.4188016953556097
    efficiency: 0.630108
    discharge_ratio: 0.1
    depth_of_discharge: 0.4
  Li-ion:
    cost: 214.183
    lifetime: 25.5789
    annual_cost: 8.373424971363114
    efficiency: 0.92853
    discharge_ratio: 2
    depth_of_discharge: 0.9
  Pb-acid:
    cost: 141.258
    lifetime: 13.2742
    annual_cost: 10.641545253197933
    efficiency: 0.76228
    discharge_ratio: 5
    depth_of_discharge: 0.5
  VRBF:
    cost: 284.287
    lifetime: 16.4605
    annual_cost: 17.27086054494092
    efficiency: 0.750126
    discharge_ratio: 0.5
    depth_of_discharge: 1.0
