cost_values:
  wind_capex: 5000.0
  wind_opex: 100
  wind_lifetime: 20
  solar_capex: 1000.0
  solar_opex: 10
  solar_lifetime: 20
  carbon_price: 1.0
timeseries_values:
  load_level: 250527.2478061945
  wind_year: 2015
  solar_year: 2016
  price_year: 2023
  carbon_year: 2023
storage_values:
  CAES:
    cost: 33.9617
    lifetime: 24.5754
    annual_cost: 1.3819388494185243
    efficiency: 0.637547
    discharge_ratio: 0.1
    depth_of_discharge: 0.4
  Li-ion:
    cost: 225.344
    lifetime: 27.4754
    annual_cost: 8.201664034008603
    efficiency: 0.93384
    discharge_ratio: 2
    depth_of_discharge: 0.9
  Pb-acid:
    cost: 157.75
    lifetime: 14.9211
    annual_cost: 10.572276842860111
    efficiency: 0.765355
    discharge_ratio: 5
    depth_of_discharge: 0.5
  VRBF:
    cost: 351.322
    lifetime: 16.4544
    annual_cost: 21.351249513807858
    efficiency: 0.754043
    discharge_ratio: 0.5
    depth_of_discharge: 1.0
