cost_values:
  wind_capex: 5000.0
  wind_opex: 100
  wind_lifetime: 20
  solar_capex: 1000.0
  solar_opex: 10
  solar_lifetime: 20
  carbon_price: 1.0
timeseries_values:
  load_level: 250527.2478061945
  wind_year: 2015
  solar_year: 2016
  price_year: 2023
  carbon_year: 2023
storage_values:
  CAES:
    cost: 48.015
    lifetime: 25.5328
    annual_cost: 1.8805223085599698
    efficiency: 0.629549
    discharge_ratio: 0.1
    depth_of_discharge: 0.4
  Li-ion:
    cost: 227.355
    lifetime: 25.1284
    annual_cost: 9.04773085433215
    efficiency: 0.92831
    discharge_ratio: 2
    depth_of_discharge: 0.9
  Pb-acid:
    cost: 123.305
    lifetime: 13.2152
    annual_cost: 9.330543616441673
    efficiency: 0.769991
    discharge_ratio: 5
    depth_of_discharge: 0.5
  VRBF:
    cost: 310.09
    lifetime: 16.3859
    annual_cost: 18.924197023050304
    efficiency: 0.743972
    discharge_ratio: 0.5
    depth_of_discharge: 1.0
