cost_values:
  wind_capex: 5000.0
  wind_opex: 100
  wind_lifetime: 20
  solar_capex: 1000.0
  solar_opex: 10
  solar_lifetime: 20
  carbon_price: 1.0
timeseries_values:
  load_level: 250527.2478061945
  wind_year: 2015
  solar_year: 2016
  price_year: 2023
  carbon_year: 2023
storage_values:
  CAES:
    cost: 44.7081
    lifetime: 25.4975
    annual_cost: 1.7534307285027946
    efficiency: 0.64122
    discharge_ratio: 0.1
    depth_of_discharge: 0.4
  Li-ion:
    cost: 230.333
    lifetime: 25.947
    annual_cost: 8.877057077889544
    efficiency: 0.90649
    discharge_ratio: 2
    depth_of_discharge: 0.9
  Pb-acid:
    cost: 122.694
    lifetime: 13.9022
    annual_cost: 8.825509631569105
    efficiency: 0.74215
    discharge_ratio: 5
    depth_of_discharge: 0.5
  VRBF:
    cost: 298.419
    lifetime: 15.5309
    annual_cost: 19.214533607195975
    efficiency: 0.738837
    discharge_ratio: 0.5
    depth_of_discharge: 1.0
