cost_values:
  wind_capex: 5000.0
  wind_opex: 100
  wind_lifetime: 20
  solar_capex: 1000.0
  solar_opex: 10
  solar_lifetime: 20
  carbon_price: 1.0
timeseries_values:
  load_level: 250527.2478061945
  wind_year: 2015
  solar_year: 2016
  price_year: 2023
  carbon_year: 2023
storage_values:
  CAES:
    cost: 41.2148
    lifetime: 25.1548
    annual_cost: 1.638446737799545
    efficiency: 0.63277
    discharge_ratio: 0.1
    depth_of_discharge: 0.4
  Li-ion:
    cost: 210.938
    lifetime: 26.4462
    annual_cost: 7.976117551860002
    efficiency: 0.903213
    discharge_ratio: 2
    depth_of_discharge: 0.9
  Pb-acid:
    cost: 140.569
    lifetime: 13.8106
    annual_cost: 10.17834127409381
    efficiency: 0.762798
    discharge_ratio: 5
    depth_of_discharge: 0.5
  VRBF:
    cost: 323.726
    lifetime: 16.1468
    annual_cost: 20.04892610300493
    efficiency: 0.742615
    discharge_ratio: 0.5
    depth_of_discharge: 1.0
