cost_values:
  wind_capex: 5000.0
  wind_opex: 100
  wind_lifetime: 20
  solar_capex: 1000.0
  solar_opex: 10
  solar_lifetime: 20
  carbon_price: 1.0
timeseries_values:
  load_level: 250527.2478061945
  wind_year: 2015
  solar_year: 2016
  price_year: 2023
  carbon_year: 2023
storage_values:
  CAES:
    cost: 39.5455
    lifetime: 26.4209
    annual_cost: 1.496750678440174
    efficiency: 0.629647
    discharge_ratio: 0.1
    depth_of_discharge: 0.4
  Li-ion:
    cost: 215.226
    lifetime: 27.9492
    annual_cost: 7.700613971061784
    efficiency: 0.918375
    discharge_ratio: 2
    depth_of_discharge: 0.9
  Pb-acid:
    cost: 113.899
    lifetime: 12.8871
    annual_cost: 8.838218063024264
    efficiency: 0.766884
    discharge_ratio: 5
    depth_of_discharge: 0.5
  VRBF:
    cost: 305.324
    lifetime: 17.2478
    annual_cost: 17.70219970083141
    efficiency: 0.768936
    discharge_ratio: 0.5
    depth_of_discharge: 1.0
