cost_values:
  wind_capex: 5000.0
  wind_opex: 100
  wind_lifetime: 20
  solar_capex: 1000.0
  solar_opex: 10
  solar_lifetime: 20
  carbon_price: 1.0
timeseries_values:
  load_level: 250527.2478061945
  wind_year: 2015
  solar_year: 2016
  price_year: 2023
  carbon_year: 2023
storage_values:
  CAES:
    cost: 33.5373
    lifetime: 26.0446
    annual_cost: 1.2876872749053547
    efficiency: 0.641037
    discharge_ratio: 0.1
    depth_of_discharge: 0.4
  Li-ion:
    cost: 227.025
    lifetime: 23.5332
    annual_cost: 9.647009331497628
    efficiency: 0.926882
    discharge_ratio: 2
    depth_of_discharge: 0.9
  Pb-acid:
    cost: 133.078
    lifetime: 13.1346
    annual_cost: 10.131865454600826
    efficiency: 0.74537
    discharge_ratio: 5
    depth_of_discharge: 0.5
  VRBF:
    cost: 282.898
    lifetime: 12.7111
    annual_cost: 22.25598099299038
    efficiency: 0.750199
    discharge_ratio: 0.5
    depth_of_discharge: 1.0
