cost_values:
  wind_capex: 5000.0
  wind_opex: 100
  wind_lifetime: 20
  solar_capex: 1000.0
  solar_opex: 10
  solar_lifetime: 20
  carbon_price: 1.0
timeseries_values:
  load_level: 250527.2478061945
  wind_year: 2015
  solar_year: 2016
  price_year: 2023
  carbon_year: 2023
storage_values:
  CAES:
    cost: 37.9208
    lifetime: 24.9121
    annual_cost: 1.5221839989402741
    efficiency: 0.634701
    discharge_ratio: 0.1
    depth_of_discharge: 0.4
  Li-ion:
    cost: 211.43
    lifetime: 28.1148
    annual_cost: 7.520238450922646
    efficiency: 0.900984
    discharge_ratio: 2
    depth_of_discharge: 0.9
  Pb-acid:
    cost: 141.016
    lifetime: 14.1695
    annual_cost: 9.952080172200853
    efficiency: 0.758942
    discharge_ratio: 5
    depth_of_discharge: 0.5
  VRBF:
    cost: 323.793
    lifetime: 15.6853
    annual_cost: 20.643086201730284
    efficiency: 0.767606
    discharge_ratio: 0.5
    depth_of_discharge: 1.0
