cost_values:
  wind_capex: 5000.0
  wind_opex: 100
  wind_lifetime: 20
  solar_capex: 1000.0
  solar_opex: 10
  solar_lifetime: 20
  carbon_price: 1.0
timeseries_values:
  load_level: 250527.2478061945
  wind_year: 2015
  solar_year: 2016
  price_year: 2023
  carbon_year: 2023
storage_values:
  CAES:
    cost: 37.744
    lifetime: 25.8705
    annual_cost: 1.458959046017665
    efficiency: 0.633731
    discharge_ratio: 0.1
    depth_of_discharge: 0.4
  Li-ion:
    cost: 221.414
    lifetime: 23.95
    annual_cost: 9.244843423799582
    efficiency: 0.90852
    discharge_ratio: 2
    depth_of_discharge: 0.9
  Pb-acid:
    cost: 148.813
    lifetime: 15.9646
    annual_cost: 9.321436177542813
    efficiency: 0.752978
    discharge_ratio: 5
    depth_of_discharge: 0.5
  VRBF:
    cost: 325.105
    lifetime: 17.4453
    annual_cost: 18.63567837755728
    efficiency: 0.750015
    discharge_ratio: 0.5
    depth_of_discharge: 1.0
