cost_values:
  wind_capex: 5000.0
  wind_opex: 100
  wind_lifetime: 20
  solar_capex: 1000.0
  solar_opex: 10
  solar_lifetime: 20
  carbon_price: 1.0
timeseries_values:
  load_level: 250527.2478061945
  wind_year: 2015
  solar_year: 2016
  price_year: 2023
  carbon_year: 2023
storage_values:
  CAES:
    cost: 46.699
    lifetime: 25.5287
    annual_cost: 1.8292745028144792
    efficiency: 0.626111
    discharge_ratio: 0.1
    depth_of_discharge: 0.4
  Li-ion:
    cost: 205.793
    lifetime: 25.5134
    annual_cost: 8.066075082113713
    efficiency: 0.910257
    discharge_ratio: 2
    depth_of_discharge: 0.9
  Pb-acid:
    cost: 94.6526
    lifetime: 14.7001
    annual_cost: 6.438908578853205
    efficiency: 0.75122
    discharge_ratio: 5
    depth_of_discharge: 0.5
  VRBF:
    cost: 292.438
    lifetime: 14.6647
    annual_cost: 19.941628536553765
    efficiency: 0.753615
    discharge_ratio: 0.5
    depth_of_discharge: 1.0
