cost_values:
  wind_capex: 5000.0
  wind_opex: 100
  wind_lifetime: 20
  solar_capex: 1000.0
  solar_opex: 10
  solar_lifetime: 20
  carbon_price: 1.0
timeseries_values:
  load_level: 250527.2478061945
  wind_year: 2015
  solar_year: 2016
  price_year: 2023
  carbon_year: 2023
storage_values:
  CAES:
    cost: 37.2349
    lifetime: 25.2328
    annual_cost: 1.4756547034019214
    efficiency: 0.633492
    discharge_ratio: 0.1
    depth_of_discharge: 0.4
  Li-ion:
    cost: 215.179
    lifetime: 23.5102
    annual_cost: 9.152580582045239
    efficiency: 0.894536
    discharge_ratio: 2
    depth_of_discharge: 0.9
  Pb-acid:
    cost: 122.83
    lifetime: 14.9416
    annual_cost: 8.220672484874445
    efficiency: 0.753511
    discharge_ratio: 5
    depth_of_discharge: 0.5
  VRBF:
    cost: 289.469
    lifetime: 15.9157
    annual_cost: 18.187638620984313
    efficiency: 0.767036
    discharge_ratio: 0.5
    depth_of_discharge: 1.0
