cost_values:
  wind_capex: 5000.0
  wind_opex: 100
  wind_lifetime: 20
  solar_capex: 1000.0
  solar_opex: 10
  solar_lifetime: 20
  carbon_price: 1.0
timeseries_values:
  load_level: 250527.2478061945
  wind_year: 2015
  solar_year: 2016
  price_year: 2023
  carbon_year: 2023
storage_values:
  CAES:
    cost: 42.8324
    lifetime: 26.4521
    annual_cost: 1.619243840753664
    efficiency: 0.627708
    discharge_ratio: 0.1
    depth_of_discharge: 0.4
  Li-ion:
    cost: 204.91
    lifetime: 25.1329
    annual_cost: 8.1530583418547
    efficiency: 0.905045
    discharge_ratio: 2
    depth_of_discharge: 0.9
  Pb-acid:
    cost: 129.405
    lifetime: 13.8576
    annual_cost: 9.338197090405265
    efficiency: 0.751961
    discharge_ratio: 5
    depth_of_discharge: 0.5
  VRBF:
    cost: 279.758
    lifetime: 14.6426
    annual_cost: 19.105759906027618
    efficiency: 0.738596
    discharge_ratio: 0.5
    depth_of_discharge: 1.0
