cost_values:
  wind_capex: 5000.0
  wind_opex: 100
  wind_lifetime: 20
  solar_capex: 1000.0
  solar_opex: 10
  solar_lifetime: 20
  carbon_price: 1.0
timeseries_values:
  load_level: 250527.2478061945
  wind_year: 2015
  solar_year: 2016
  price_year: 2023
  carbon_year: 2023
storage_values:
  CAES:
    cost: 35.0233
    lifetime: 25.5325
    annual_cost: 1.3717144815431312
    efficiency: 0.628369
    discharge_ratio: 0.1
    depth_of_discharge: 0.4
  Li-ion:
    cost: 201.8
    lifetime: 25.4742
    annual_cost: 7.921740427569856
    efficiency: 0.912828
    discharge_ratio: 2
    depth_of_discharge: 0.9
  Pb-acid:
    cost: 156.29
    lifetime: 14.7178
    annual_cost: 10.619114269795757
    efficiency: 0.765475
    discharge_ratio: 5
    depth_of_discharge: 0.5
  VRBF:
    cost: 325.621
    lifetime: 17.8424
    annual_cost: 18.249843070438953
    efficiency: 0.731848
    discharge_ratio: 0.5
    depth_of_discharge: 1.0
