cost_values:
  wind_capex: 5000.0
  wind_opex: 100
  wind_lifetime: 20
  solar_capex: 1000.0
  solar_opex: 10
  solar_lifetime: 20
  carbon_price: 1.0
timeseries_values:
  load_level: 250527.2478061945
  wind_year: 2015
  solar_year: 2016
  price_year: 2023
  carbon_year: 2023
storage_values:
  CAES:
    cost: 36.2293
    lifetime: 24.882
    annual_cost: 1.4560445301824612
    efficiency: 0.624686
    discharge_ratio: 0.1
    depth_of_discharge: 0.4
  Li-ion:
    cost: 216.742
    lifetime: 25.4202
    annual_cost: 8.526368793321845
    efficiency: 0.905471
    discharge_ratio: 2
    depth_of_discharge: 0.9
  Pb-acid:
    cost: 122.878
    lifetime: 13.4734
    annual_cost: 9.120043938426827
    efficiency: 0.767423
    discharge_ratio: 5
    depth_of_discharge: 0.5
  VRBF:
    cost: 285.319
    lifetime: 16.8252
    annual_cost: 16.957837053942896
    efficiency: 0.739858
    discharge_ratio: 0.5
    depth_of_discharge: 1.0
