cost_values:
  wind_capex: 5000.0
  wind_opex: 100
  wind_lifetime: 20
  solar_capex: 1000.0
  solar_opex: 10
  solar_lifetime: 20
  carbon_price: 1.0
timeseries_values:
  load_level: 250527.2478061945
  wind_year: 2015
  solar_year: 2016
  price_year: 2023
  carbon_year: 2023
storage_values:
  CAES:
    cost: 39.0216
    lifetime: 24.8544
    annual_cost: 1.570007724990344
    efficiency: 0.633869
    discharge_ratio: 0.1
    depth_of_discharge: 0.4
  Li-ion:
    cost: 225.911
    lifetime: 26.6614
    annual_cost: 8.473335983856812
    efficiency: 0.925979
    discharge_ratio: 2
    depth_of_discharge: 0.9
  Pb-acid:
    cost: 162.221
    lifetime: 14.9105
    annual_cost: 10.879648569799805
    efficiency: 0.769933
    discharge_ratio: 5
    depth_of_discharge: 0.5
  VRBF:
    cost: 326.008
    lifetime: 16.9184
    annual_cost: 19.26943446188765
    efficiency: 0.77746
    discharge_ratio: 0.5
    depth_of_discharge: 1.0
