cost_values:
  wind_capex: 5000.0
  wind_opex: 100
  wind_lifetime: 20
  solar_capex: 1000.0
  solar_opex: 10
  solar_lifetime: 20
  carbon_price: 1.0
timeseries_values:
  load_level: 250527.2478061945
  wind_year: 2015
  solar_year: 2016
  price_year: 2023
  carbon_year: 2023
storage_values:
  CAES:
    cost: 37.051
    lifetime: 25.6585
    annual_cost: 1.4440049106533899
    efficiency: 0.626804
    discharge_ratio: 0.1
    depth_of_discharge: 0.4
  Li-ion:
    cost: 221.237
    lifetime: 26.6162
    annual_cost: 8.312118183662582
    efficiency: 0.920722
    discharge_ratio: 2
    depth_of_discharge: 0.9
  Pb-acid:
    cost: 135.012
    lifetime: 15.9428
    annual_cost: 8.46852497679203
    efficiency: 0.753726
    discharge_ratio: 5
    depth_of_discharge: 0.5
  VRBF:
    cost: 330.221
    lifetime: 16.3035
    annual_cost: 20.254607906277794
    efficiency: 0.749787
    discharge_ratio: 0.5
    depth_of_discharge: 1.0
