cost_values:
  wind_capex: 5000.0
  wind_opex: 100
  wind_lifetime: 20
  solar_capex: 1000.0
  solar_opex: 10
  solar_lifetime: 20
  carbon_price: 1.0
timeseries_values:
  load_level: 250527.2478061945
  wind_year: 2015
  solar_year: 2016
  price_year: 2023
  carbon_year: 2023
storage_values:
  CAES:
    cost: 43.3778
    lifetime: 25.1625
    annual_cost: 1.723906607054148
    efficiency: 0.634581
    discharge_ratio: 0.1
    depth_of_discharge: 0.4
  Li-ion:
    cost: 221.355
    lifetime: 25.3921
    annual_cost: 8.717475120214555
    efficiency: 0.917787
    discharge_ratio: 2
    depth_of_discharge: 0.9
  Pb-acid:
    cost: 140.369
    lifetime: 13.6207
    annual_cost: 10.305564324887856
    efficiency: 0.750122
    discharge_ratio: 5
    depth_of_discharge: 0.5
  VRBF:
    cost: 286.065
    lifetime: 16.9275
    annual_cost: 16.899424014178113
    efficiency: 0.764098
    discharge_ratio: 0.5
    depth_of_discharge: 1.0
