cost_values:
  wind_capex: 5000.0
  wind_opex: 100
  wind_lifetime: 20
  solar_capex: 1000.0
  solar_opex: 10
  solar_lifetime: 20
  carbon_price: 1.0
timeseries_values:
  load_level: 287281.42926931585
  wind_year: 2018
  solar_year: 2017
  price_year: 2023
  carbon_year: 2023
storage_values:
  CAES:
    cost: 63.3269
    lifetime: 25.2436
    annual_cost: 2.508631890855504
    efficiency: 0.577168
    discharge_ratio: 0.1
    depth_of_discharge: 0.4
  Li-ion:
    cost: 156.604
    lifetime: 21.7667
    annual_cost: 7.194659732527209
    efficiency: 0.854909
    discharge_ratio: 2
    depth_of_discharge: 0.9
  Pb-acid:
    cost: 170.843
    lifetime: 6.76011
    annual_cost: 25.272221901714616
    efficiency: 0.696853
    discharge_ratio: 5
    depth_of_discharge: 0.5
  VRBF:
    cost: 293.587
    lifetime: 25.5384
    annual_cost: 11.49590420699809
    efficiency: 0.691449
    discharge_ratio: 0.5
    depth_of_discharge: 1.0
