cost_values:
  wind_capex: 5000.0
  wind_opex: 100
  wind_lifetime: 20
  solar_capex: 1000.0
  solar_opex: 10
  solar_lifetime: 20
  carbon_price: 1.0
timeseries_values:
  load_level: 287281.42926931585
  wind_year: 2018
  solar_year: 2017
  price_year: 2023
  carbon_year: 2023
storage_values:
  CAES:
    cost: 69.1876
    lifetime: 25.5203
    annual_cost: 2.7110809825903304
    efficiency: 0.577349
    discharge_ratio: 0.1
    depth_of_discharge: 0.4
  Li-ion:
    cost: 149.555
    lifetime: 23.862
    annual_cost: 6.267496437850977
    efficiency: 0.857511
    discharge_ratio: 2
    depth_of_discharge: 0.9
  Pb-acid:
    cost: 193.082
    lifetime: 7.50068
    annual_cost: 25.74193273143235
    efficiency: 0.713843
    discharge_ratio: 5
    depth_of_discharge: 0.5
  VRBF:
    cost: 320.359
    lifetime: 25.915
    annual_cost: 12.361913949450125
    efficiency: 0.66999
    discharge_ratio: 0.5
    depth_of_discharge: 1.0
