cost_values:
  wind_capex: 5000.0
  wind_opex: 100
  wind_lifetime: 20
  solar_capex: 1000.0
  solar_opex: 10
  solar_lifetime: 20
  carbon_price: 1.0
timeseries_values:
  load_level: 287281.42926931585
  wind_year: 2018
  solar_year: 2017
  price_year: 2023
  carbon_year: 2023
storage_values:
  CAES:
    cost: 56.5553
    lifetime: 24.6469
    annual_cost: 2.294621230256138
    efficiency: 0.571758
    discharge_ratio: 0.1
    depth_of_discharge: 0.4
  Li-ion:
    cost: 133.839
    lifetime: 19.9061
    annual_cost: 6.723516911901378
    efficiency: 0.856943
    discharge_ratio: 2
    depth_of_discharge: 0.9
  Pb-acid:
    cost: 180.529
    lifetime: 8.0663
    annual_cost: 22.380645401237246
    efficiency: 0.718537
    discharge_ratio: 5
    depth_of_discharge: 0.5
  VRBF:
    cost: 319.068
    lifetime: 26.1393
    annual_cost: 12.206447762564414
    efficiency: 0.677265
    discharge_ratio: 0.5
    depth_of_discharge: 1.0
