cost_values:
  wind_capex: 5000.0
  wind_opex: 100
  wind_lifetime: 20
  solar_capex: 1000.0
  solar_opex: 10
  solar_lifetime: 20
  carbon_price: 1.0
timeseries_values:
  load_level: 287281.42926931585
  wind_year: 2018
  solar_year: 2017
  price_year: 2023
  carbon_year: 2023
storage_values:
  CAES:
    cost: 58.0181
    lifetime: 24.889
    annual_cost: 2.331073968419784
    efficiency: 0.576249
    discharge_ratio: 0.1
    depth_of_discharge: 0.4
  Li-ion:
    cost: 135.733
    lifetime: 23.2224
    annual_cost: 5.84491697671214
    efficiency: 0.859725
    discharge_ratio: 2
    depth_of_discharge: 0.9
  Pb-acid:
    cost: 162.472
    lifetime: 7.68264
    annual_cost: 21.147938729395104
    efficiency: 0.711982
    discharge_ratio: 5
    depth_of_discharge: 0.5
  VRBF:
    cost: 281.369
    lifetime: 25.2455
    annual_cost: 11.145313026083858
    efficiency: 0.685008
    discharge_ratio: 0.5
    depth_of_discharge: 1.0
