cost_values:
  wind_capex: 5000.0
  wind_opex: 100
  wind_lifetime: 20
  solar_capex: 1000.0
  solar_opex: 10
  solar_lifetime: 20
  carbon_price: 1.0
timeseries_values:
  load_level: 287281.42926931585
  wind_year: 2018
  solar_year: 2017
  price_year: 2023
  carbon_year: 2023
storage_values:
  CAES:
    cost: 62.3359
    lifetime: 24.5065
    annual_cost: 2.5436476036969786
    efficiency: 0.580321
    discharge_ratio: 0.1
    depth_of_discharge: 0.4
  Li-ion:
    cost: 149.098
    lifetime: 21.83
    annual_cost: 6.829958772331655
    efficiency: 0.856965
    discharge_ratio: 2
    depth_of_discharge: 0.9
  Pb-acid:
    cost: 156.731
    lifetime: 8.42547
    annual_cost: 18.602048313031794
    efficiency: 0.717809
    discharge_ratio: 5
    depth_of_discharge: 0.5
  VRBF:
    cost: 309.706
    lifetime: 28.1463
    annual_cost: 11.00343562031244
    efficiency: 0.689045
    discharge_ratio: 0.5
    depth_of_discharge: 1.0
