cost_values:
  wind_capex: 5000.0
  wind_opex: 100
  wind_lifetime: 20
  solar_capex: 1000.0
  solar_opex: 10
  solar_lifetime: 20
  carbon_price: 1.0
timeseries_values:
  load_level: 287281.42926931585
  wind_year: 2018
  solar_year: 2017
  price_year: 2023
  carbon_year: 2023
storage_values:
  CAES:
    cost: 66.4521
    lifetime: 25.6068
    annual_cost: 2.5950958339191152
    efficiency: 0.576443
    discharge_ratio: 0.1
    depth_of_discharge: 0.4
  Li-ion:
    cost: 140.936
    lifetime: 21.6911
    annual_cost: 6.49741138070453
    efficiency: 0.874207
    discharge_ratio: 2
    depth_of_discharge: 0.9
  Pb-acid:
    cost: 203.9
    lifetime: 6.6257
    annual_cost: 30.774106886819506
    efficiency: 0.70442
    discharge_ratio: 5
    depth_of_discharge: 0.5
  VRBF:
    cost: 275.308
    lifetime: 23.8847
    annual_cost: 11.526542095986134
    efficiency: 0.664273
    discharge_ratio: 0.5
    depth_of_discharge: 1.0
