cost_values:
  wind_capex: 5000.0
  wind_opex: 100
  wind_lifetime: 20
  solar_capex: 1000.0
  solar_opex: 10
  solar_lifetime: 20
  carbon_price: 1.0
timeseries_values:
  load_level: 287281.42926931585
  wind_year: 2018
  solar_year: 2017
  price_year: 2023
  carbon_year: 2023
storage_values:
  CAES:
    cost: 52.9785
    lifetime: 25.8958
    annual_cost: 2.04583368731609
    efficiency: 0.578314
    discharge_ratio: 0.1
    depth_of_discharge: 0.4
  Li-ion:
    cost: 144.145
    lifetime: 21.1559
    annual_cost: 6.813465747143823
    efficiency: 0.852667
    discharge_ratio: 2
    depth_of_discharge: 0.9
  Pb-acid:
    cost: 177.527
    lifetime: 8.47787
    annual_cost: 20.940047441161518
    efficiency: 0.714334
    discharge_ratio: 5
    depth_of_discharge: 0.5
  VRBF:
    cost: 326.517
    lifetime: 28.1197
    annual_cost: 11.61168149020082
    efficiency: 0.674148
    discharge_ratio: 0.5
    depth_of_discharge: 1.0
