cost_values:
  wind_capex: 5000.0
  wind_opex: 100
  wind_lifetime: 20
  solar_capex: 1000.0
  solar_opex: 10
  solar_lifetime: 20
  carbon_price: 1.0
timeseries_values:
  load_level: 287281.42926931585
  wind_year: 2018
  solar_year: 2017
  price_year: 2023
  carbon_year: 2023
storage_values:
  CAES:
    cost: 61.4153
    lifetime: 25.7921
    annual_cost: 2.381167101554352
    efficiency: 0.577195
    discharge_ratio: 0.1
    depth_of_discharge: 0.4
  Li-ion:
    cost: 159.02
    lifetime: 21.0908
    annual_cost: 7.5397803781743695
    efficiency: 0.859033
    discharge_ratio: 2
    depth_of_discharge: 0.9
  Pb-acid:
    cost: 170.129
    lifetime: 7.22123
    annual_cost: 23.55955979798455
    efficiency: 0.698658
    discharge_ratio: 5
    depth_of_discharge: 0.5
  VRBF:
    cost: 285.394
    lifetime: 27.3649
    annual_cost: 10.429199448929102
    efficiency: 0.676191
    discharge_ratio: 0.5
    depth_of_discharge: 1.0
