cost_values:
  wind_capex: 5000.0
  wind_opex: 100
  wind_lifetime: 20
  solar_capex: 1000.0
  solar_opex: 10
  solar_lifetime: 20
  carbon_price: 1.0
timeseries_values:
  load_level: 287281.42926931585
  wind_year: 2018
  solar_year: 2017
  price_year: 2023
  carbon_year: 2023
storage_values:
  CAES:
    cost: 57.9453
    lifetime: 26.0456
    annual_cost: 2.2247634917222103
    efficiency: 0.57337
    discharge_ratio: 0.1
    depth_of_discharge: 0.4
  Li-ion:
    cost: 143.204
    lifetime: 20.6689
    annual_cost: 6.928477083928027
    efficiency: 0.855772
    discharge_ratio: 2
    depth_of_discharge: 0.9
  Pb-acid:
    cost: 169.562
    lifetime: 7.88522
    annual_cost: 21.503775417806985
    efficiency: 0.702426
    discharge_ratio: 5
    depth_of_discharge: 0.5
  VRBF:
    cost: 282.281
    lifetime: 27.4815
    annual_cost: 10.271673671378927
    efficiency: 0.672557
    discharge_ratio: 0.5
    depth_of_discharge: 1.0
