cost_values:
  wind_capex: 5000.0
  wind_opex: 100
  wind_lifetime: 20
  solar_capex: 1000.0
  solar_opex: 10
  solar_lifetime: 20
  carbon_price: 1.0
timeseries_values:
  load_level: 287281.42926931585
  wind_year: 2018
  solar_year: 2017
  price_year: 2023
  carbon_year: 2023
storage_values:
  CAES:
    cost: 57.3595
    lifetime: 25.2722
    annual_cost: 2.269667856379737
    efficiency: 0.576783
    discharge_ratio: 0.1
    depth_of_discharge: 0.4
  Li-ion:
    cost: 144.833
    lifetime: 20.8645
    annual_cost: 6.941599367346449
    efficiency: 0.862114
    discharge_ratio: 2
    depth_of_discharge: 0.9
  Pb-acid:
    cost: 176.323
    lifetime: 8.26751
    annual_cost: 21.32721944091994
    efficiency: 0.701483
    discharge_ratio: 5
    depth_of_discharge: 0.5
  VRBF:
    cost: 318.575
    lifetime: 27.031
    annual_cost: 11.785542525248788
    efficiency: 0.686925
    discharge_ratio: 0.5
    depth_of_discharge: 1.0
