cost_values:
  wind_capex: 5000.0
  wind_opex: 100
  wind_lifetime: 20
  solar_capex: 1000.0
  solar_opex: 10
  solar_lifetime: 20
  carbon_price: 1.0
timeseries_values:
  load_level: 287281.42926931585
  wind_year: 2018
  solar_year: 2017
  price_year: 2023
  carbon_year: 2023
storage_values:
  CAES:
    cost: 65.3507
    lifetime: 25.345
    annual_cost: 2.5784454527520224
    efficiency: 0.55883
    discharge_ratio: 0.1
    depth_of_discharge: 0.4
  Li-ion:
    cost: 144.713
    lifetime: 19.6765
    annual_cost: 7.354610830178131
    efficiency: 0.865201
    discharge_ratio: 2
    depth_of_discharge: 0.9
  Pb-acid:
    cost: 178.687
    lifetime: 8.63291
    annual_cost: 20.698350845775064
    efficiency: 0.714766
    discharge_ratio: 5
    depth_of_discharge: 0.5
  VRBF:
    cost: 312.342
    lifetime: 26.8364
    annual_cost: 11.638744391945266
    efficiency: 0.673914
    discharge_ratio: 0.5
    depth_of_discharge: 1.0
