cost_values:
  wind_capex: 5000.0
  wind_opex: 100
  wind_lifetime: 20
  solar_capex: 1000.0
  solar_opex: 10
  solar_lifetime: 20
  carbon_price: 1.0
timeseries_values:
  load_level: 287281.42926931585
  wind_year: 2018
  solar_year: 2017
  price_year: 2023
  carbon_year: 2023
storage_values:
  CAES:
    cost: 58.1681
    lifetime: 25.9712
    annual_cost: 2.2397155310497783
    efficiency: 0.573795
    discharge_ratio: 0.1
    depth_of_discharge: 0.4
  Li-ion:
    cost: 141.279
    lifetime: 21.9731
    annual_cost: 6.429634416627604
    efficiency: 0.865172
    discharge_ratio: 2
    depth_of_discharge: 0.9
  Pb-acid:
    cost: 198.964
    lifetime: 7.70082
    annual_cost: 25.836729075604936
    efficiency: 0.68952
    discharge_ratio: 5
    depth_of_discharge: 0.5
  VRBF:
    cost: 321.413
    lifetime: 28.4785
    annual_cost: 11.286163245957477
    efficiency: 0.668533
    discharge_ratio: 0.5
    depth_of_discharge: 1.0
