cost_values:
  wind_capex: 5000.0
  wind_opex: 100
  wind_lifetime: 20
  solar_capex: 1000.0
  solar_opex: 10
  solar_lifetime: 20
  carbon_price: 1.0
timeseries_values:
  load_level: 287281.42926931585
  wind_year: 2018
  solar_year: 2017
  price_year: 2023
  carbon_year: 2023
storage_values:
  CAES:
    cost: 58.2287
    lifetime: 25.2793
    annual_cost: 2.30341425593272
    efficiency: 0.563128
    discharge_ratio: 0.1
    depth_of_discharge: 0.4
  Li-ion:
    cost: 151.054
    lifetime: 22.9693
    annual_cost: 6.576343205931395
    efficiency: 0.855984
    discharge_ratio: 2
    depth_of_discharge: 0.9
  Pb-acid:
    cost: 197.647
    lifetime: 7.40009
    annual_cost: 26.708729218158158
    efficiency: 0.706684
    discharge_ratio: 5
    depth_of_discharge: 0.5
  VRBF:
    cost: 307.258
    lifetime: 27.3576
    annual_cost: 11.231175249290873
    efficiency: 0.678323
    discharge_ratio: 0.5
    depth_of_discharge: 1.0
