cost_values:
  wind_capex: 5000.0
  wind_opex: 100
  wind_lifetime: 20
  solar_capex: 1000.0
  solar_opex: 10
  solar_lifetime: 20
  carbon_price: 1.0
timeseries_values:
  load_level: 287281.42926931585
  wind_year: 2018
  solar_year: 2017
  price_year: 2023
  carbon_year: 2023
storage_values:
  CAES:
    cost: 67.6348
    lifetime: 25.4523
    annual_cost: 2.657315841790329
    efficiency: 0.571362
    discharge_ratio: 0.1
    depth_of_discharge: 0.4
  Li-ion:
    cost: 125.991
    lifetime: 22.0532
    annual_cost: 5.713048446483957
    efficiency: 0.856263
    discharge_ratio: 2
    depth_of_discharge: 0.9
  Pb-acid:
    cost: 192.389
    lifetime: 6.53907
    annual_cost: 29.42146207335294
    efficiency: 0.714325
    discharge_ratio: 5
    depth_of_discharge: 0.5
  VRBF:
    cost: 281.451
    lifetime: 25.6326
    annual_cost: 10.980197092764683
    efficiency: 0.679024
    discharge_ratio: 0.5
    depth_of_discharge: 1.0
