cost_values:
  wind_capex: 5000.0
  wind_opex: 100
  wind_lifetime: 20
  solar_capex: 1000.0
  solar_opex: 10
  solar_lifetime: 20
  carbon_price: 1.0
timeseries_values:
  load_level: 287281.42926931585
  wind_year: 2018
  solar_year: 2017
  price_year: 2023
  carbon_year: 2023
storage_values:
  CAES:
    cost: 59.6999
    lifetime: 25.2449
    annual_cost: 2.3648301241042744
    efficiency: 0.569698
    discharge_ratio: 0.1
    depth_of_discharge: 0.4
  Li-ion:
    cost: 156.019
    lifetime: 22.86
    annual_cost: 6.824978127734034
    efficiency: 0.863087
    discharge_ratio: 2
    depth_of_discharge: 0.9
  Pb-acid:
    cost: 168.533
    lifetime: 7.80541
    annual_cost: 21.591819007585762
    efficiency: 0.702979
    discharge_ratio: 5
    depth_of_discharge: 0.5
  VRBF:
    cost: 314.486
    lifetime: 25.2855
    annual_cost: 12.437404836764154
    efficiency: 0.650087
    discharge_ratio: 0.5
    depth_of_discharge: 1.0
