cost_values:
  wind_capex: 5000.0
  wind_opex: 100
  wind_lifetime: 20
  solar_capex: 1000.0
  solar_opex: 10
  solar_lifetime: 20
  carbon_price: 1.0
timeseries_values:
  load_level: 287281.42926931585
  wind_year: 2018
  solar_year: 2017
  price_year: 2023
  carbon_year: 2023
storage_values:
  CAES:
    cost: 65.7708
    lifetime: 25.505
    annual_cost: 2.5787414232503427
    efficiency: 0.566756
    discharge_ratio: 0.1
    depth_of_discharge: 0.4
  Li-ion:
    cost: 167.99
    lifetime: 21.8332
    annual_cost: 7.694245461040984
    efficiency: 0.867397
    discharge_ratio: 2
    depth_of_discharge: 0.9
  Pb-acid:
    cost: 172.127
    lifetime: 9.19603
    annual_cost: 18.71753354436643
    efficiency: 0.712133
    discharge_ratio: 5
    depth_of_discharge: 0.5
  VRBF:
    cost: 291.226
    lifetime: 27.3449
    annual_cost: 10.650102944241889
    efficiency: 0.682385
    discharge_ratio: 0.5
    depth_of_discharge: 1.0
