cost_values:
  wind_capex: 5000.0
  wind_opex: 100
  wind_lifetime: 20
  solar_capex: 1000.0
  solar_opex: 10
  solar_lifetime: 20
  carbon_price: 1.0
timeseries_values:
  load_level: 287281.42926931585
  wind_year: 2018
  solar_year: 2017
  price_year: 2023
  carbon_year: 2023
storage_values:
  CAES:
    cost: 58.783
    lifetime: 26.0667
    annual_cost: 2.2550994180314348
    efficiency: 0.575942
    discharge_ratio: 0.1
    depth_of_discharge: 0.4
  Li-ion:
    cost: 161.995
    lifetime: 21.9657
    annual_cost: 7.374907241745086
    efficiency: 0.876382
    discharge_ratio: 2
    depth_of_discharge: 0.9
  Pb-acid:
    cost: 171.134
    lifetime: 7.57279
    annual_cost: 22.598540300206395
    efficiency: 0.709761
    discharge_ratio: 5
    depth_of_discharge: 0.5
  VRBF:
    cost: 315.335
    lifetime: 24.8954
    annual_cost: 12.666396201707945
    efficiency: 0.685998
    discharge_ratio: 0.5
    depth_of_discharge: 1.0
