cost_values:
  wind_capex: 5000.0
  wind_opex: 100
  wind_lifetime: 20
  solar_capex: 1000.0
  solar_opex: 10
  solar_lifetime: 20
  carbon_price: 1.0
timeseries_values:
  load_level: 287281.42926931585
  wind_year: 2018
  solar_year: 2017
  price_year: 2023
  carbon_year: 2023
storage_values:
  CAES:
    cost: 63.4374
    lifetime: 25.8208
    annual_cost: 2.4568332507126036
    efficiency: 0.570042
    discharge_ratio: 0.1
    depth_of_discharge: 0.4
  Li-ion:
    cost: 140.566
    lifetime: 19.4615
    annual_cost: 7.222773167535904
    efficiency: 0.870643
    discharge_ratio: 2
    depth_of_discharge: 0.9
  Pb-acid:
    cost: 179.143
    lifetime: 7.68423
    annual_cost: 23.313071055915817
    efficiency: 0.706568
    discharge_ratio: 5
    depth_of_discharge: 0.5
  VRBF:
    cost: 302.258
    lifetime: 25.1146
    annual_cost: 12.035150868419166
    efficiency: 0.65373
    discharge_ratio: 0.5
    depth_of_discharge: 1.0
