cost_values:
  wind_capex: 5000.0
  wind_opex: 100
  wind_lifetime: 20
  solar_capex: 1000.0
  solar_opex: 10
  solar_lifetime: 20
  carbon_price: 1.0
timeseries_values:
  load_level: 287281.42926931585
  wind_year: 2018
  solar_year: 2017
  price_year: 2023
  carbon_year: 2023
storage_values:
  CAES:
    cost: 63.9575
    lifetime: 24.771
    annual_cost: 2.581950668119979
    efficiency: 0.572261
    discharge_ratio: 0.1
    depth_of_discharge: 0.4
  Li-ion:
    cost: 148.594
    lifetime: 22.4389
    annual_cost: 6.6221606228469305
    efficiency: 0.866617
    discharge_ratio: 2
    depth_of_discharge: 0.9
  Pb-acid:
    cost: 186.31
    lifetime: 9.37797
    annual_cost: 19.866772873020494
    efficiency: 0.704593
    discharge_ratio: 5
    depth_of_discharge: 0.5
  VRBF:
    cost: 282.533
    lifetime: 25.645
    annual_cost: 11.017079352700332
    efficiency: 0.691687
    discharge_ratio: 0.5
    depth_of_discharge: 1.0
