cost_values:
  wind_capex: 5000.0
  wind_opex: 100
  wind_lifetime: 20
  solar_capex: 1000.0
  solar_opex: 10
  solar_lifetime: 20
  carbon_price: 1.0
timeseries_values:
  load_level: 287281.42926931585
  wind_year: 2018
  solar_year: 2017
  price_year: 2023
  carbon_year: 2023
storage_values:
  CAES:
    cost: 66.6013
    lifetime: 25.3448
    annual_cost: 2.6278092547583722
    efficiency: 0.571711
    discharge_ratio: 0.1
    depth_of_discharge: 0.4
  Li-ion:
    cost: 129.701
    lifetime: 20.1742
    annual_cost: 6.429052948815814
    efficiency: 0.860198
    discharge_ratio: 2
    depth_of_discharge: 0.9
  Pb-acid:
    cost: 187.051
    lifetime: 7.52659
    annual_cost: 24.852024622039995
    efficiency: 0.717347
    discharge_ratio: 5
    depth_of_discharge: 0.5
  VRBF:
    cost: 323.603
    lifetime: 25.6353
    annual_cost: 12.623335790882104
    efficiency: 0.658821
    discharge_ratio: 0.5
    depth_of_discharge: 1.0
