cost_values:
  wind_capex: 5000.0
  wind_opex: 100
  wind_lifetime: 20
  solar_capex: 1000.0
  solar_opex: 10
  solar_lifetime: 20
  carbon_price: 1.0
timeseries_values:
  load_level: 287281.42926931585
  wind_year: 2018
  solar_year: 2017
  price_year: 2023
  carbon_year: 2023
storage_values:
  CAES:
    cost: 61.0437
    lifetime: 25.6357
    annual_cost: 2.381198875006339
    efficiency: 0.576897
    discharge_ratio: 0.1
    depth_of_discharge: 0.4
  Li-ion:
    cost: 143.623
    lifetime: 19.8136
    annual_cost: 7.248707958170145
    efficiency: 0.864217
    discharge_ratio: 2
    depth_of_discharge: 0.9
  Pb-acid:
    cost: 168.863
    lifetime: 7.25416
    annual_cost: 23.27809146751657
    efficiency: 0.713908
    discharge_ratio: 5
    depth_of_discharge: 0.5
  VRBF:
    cost: 315.512
    lifetime: 28.6479
    annual_cost: 11.013442521092296
    efficiency: 0.673352
    discharge_ratio: 0.5
    depth_of_discharge: 1.0
