cost_values:
  wind_capex: 5000.0
  wind_opex: 100
  wind_lifetime: 20
  solar_capex: 1000.0
  solar_opex: 10
  solar_lifetime: 20
  carbon_price: 1.0
timeseries_values:
  load_level: 287281.42926931585
  wind_year: 2018
  solar_year: 2017
  price_year: 2023
  carbon_year: 2023
storage_values:
  CAES:
    cost: 46.229
    lifetime: 26.3587
    annual_cost: 1.753842184933248
    efficiency: 0.5716
    discharge_ratio: 0.1
    depth_of_discharge: 0.4
  Li-ion:
    cost: 157.273
    lifetime: 20.5732
    annual_cost: 7.644556996480858
    efficiency: 0.861622
    discharge_ratio: 2
    depth_of_discharge: 0.9
  Pb-acid:
    cost: 183.506
    lifetime: 9.13329
    annual_cost: 20.091993137193715
    efficiency: 0.709381
    discharge_ratio: 5
    depth_of_discharge: 0.5
  VRBF:
    cost: 318.295
    lifetime: 27.4386
    annual_cost: 11.600263861858842
    efficiency: 0.660448
    discharge_ratio: 0.5
    depth_of_discharge: 1.0
