cost_values:
  wind_capex: 5000.0
  wind_opex: 100
  wind_lifetime: 20
  solar_capex: 1000.0
  solar_opex: 10
  solar_lifetime: 20
  carbon_price: 1.0
timeseries_values:
  load_level: 287281.42926931585
  wind_year: 2018
  solar_year: 2017
  price_year: 2023
  carbon_year: 2023
storage_values:
  CAES:
    cost: 64.2951
    lifetime: 25.5487
    annual_cost: 2.5165703147322565
    efficiency: 0.567803
    discharge_ratio: 0.1
    depth_of_discharge: 0.4
  Li-ion:
    cost: 150.38
    lifetime: 20.9602
    annual_cost: 7.174549861165446
    efficiency: 0.866074
    discharge_ratio: 2
    depth_of_discharge: 0.9
  Pb-acid:
    cost: 167.74
    lifetime: 9.80597
    annual_cost: 17.10590589202292
    efficiency: 0.71535
    discharge_ratio: 5
    depth_of_discharge: 0.5
  VRBF:
    cost: 321.877
    lifetime: 25.6805
    annual_cost: 12.533907050096378
    efficiency: 0.688786
    discharge_ratio: 0.5
    depth_of_discharge: 1.0
