cost_values:
  wind_capex: 5000.0
  wind_opex: 100
  wind_lifetime: 20
  solar_capex: 1000.0
  solar_opex: 10
  solar_lifetime: 20
  carbon_price: 1.0
timeseries_values:
  load_level: 287281.42926931585
  wind_year: 2018
  solar_year: 2017
  price_year: 2023
  carbon_year: 2023
storage_values:
  CAES:
    cost: 58.7956
    lifetime: 25.412
    annual_cost: 2.313694317645207
    efficiency: 0.574319
    discharge_ratio: 0.1
    depth_of_discharge: 0.4
  Li-ion:
    cost: 155.545
    lifetime: 21.8836
    annual_cost: 7.107834177192052
    efficiency: 0.866696
    discharge_ratio: 2
    depth_of_discharge: 0.9
  Pb-acid:
    cost: 170.972
    lifetime: 9.27752
    annual_cost: 18.42863178952996
    efficiency: 0.721166
    discharge_ratio: 5
    depth_of_discharge: 0.5
  VRBF:
    cost: 315.863
    lifetime: 25.8007
    annual_cost: 12.242419779308314
    efficiency: 0.673062
    discharge_ratio: 0.5
    depth_of_discharge: 1.0
