cost_values:
  wind_capex: 5000.0
  wind_opex: 100
  wind_lifetime: 20
  solar_capex: 1000.0
  solar_opex: 10
  solar_lifetime: 20
  carbon_price: 1.0
timeseries_values:
  load_level: 287281.42926931585
  wind_year: 2018
  solar_year: 2017
  price_year: 2023
  carbon_year: 2023
storage_values:
  CAES:
    cost: 57.6333
    lifetime: 25.7469
    annual_cost: 2.2384558917772623
    efficiency: 0.566847
    discharge_ratio: 0.1
    depth_of_discharge: 0.4
  Li-ion:
    cost: 156.788
    lifetime: 22.1618
    annual_cost: 7.074696098692345
    efficiency: 0.857484
    discharge_ratio: 2
    depth_of_discharge: 0.9
  Pb-acid:
    cost: 194.586
    lifetime: 8.17222
    annual_cost: 23.81066589005191
    efficiency: 0.701209
    discharge_ratio: 5
    depth_of_discharge: 0.5
  VRBF:
    cost: 302.711
    lifetime: 27.871
    annual_cost: 10.861145994043989
    efficiency: 0.652639
    discharge_ratio: 0.5
    depth_of_discharge: 1.0
