cost_values:
  wind_capex: 5000.0
  wind_opex: 100
  wind_lifetime: 20
  solar_capex: 1000.0
  solar_opex: 10
  solar_lifetime: 20
  carbon_price: 1.0
timeseries_values:
  load_level: 287281.42926931585
  wind_year: 2018
  solar_year: 2017
  price_year: 2023
  carbon_year: 2023
storage_values:
  CAES:
    cost: 63.1216
    lifetime: 24.5018
    annual_cost: 2.5762025647095315
    efficiency: 0.573377
    discharge_ratio: 0.1
    depth_of_discharge: 0.4
  Li-ion:
    cost: 158.123
    lifetime: 22.3991
    annual_cost: 7.059346134442901
    efficiency: 0.85068
    discharge_ratio: 2
    depth_of_discharge: 0.9
  Pb-acid:
    cost: 171.772
    lifetime: 9.49742
    annual_cost: 18.08617498225834
    efficiency: 0.725035
    discharge_ratio: 5
    depth_of_discharge: 0.5
  VRBF:
    cost: 271.078
    lifetime: 27.4896
    annual_cost: 9.86111111111111
    efficiency: 0.65819
    discharge_ratio: 0.5
    depth_of_discharge: 1.0
