cost_values:
  wind_capex: 5000.0
  wind_opex: 100
  wind_lifetime: 20
  solar_capex: 1000.0
  solar_opex: 10
  solar_lifetime: 20
  carbon_price: 1.0
timeseries_values:
  load_level: 287281.42926931585
  wind_year: 2018
  solar_year: 2017
  price_year: 2023
  carbon_year: 2023
storage_values:
  CAES:
    cost: 58.526
    lifetime: 26.5868
    annual_cost: 2.20131794725202
    efficiency: 0.572088
    discharge_ratio: 0.1
    depth_of_discharge: 0.4
  Li-ion:
    cost: 152.094
    lifetime: 21.0942
    annual_cost: 7.210228404016269
    efficiency: 0.859228
    discharge_ratio: 2
    depth_of_discharge: 0.9
  Pb-acid:
    cost: 145.761
    lifetime: 10.0225
    annual_cost: 14.54337740084809
    efficiency: 0.708269
    discharge_ratio: 5
    depth_of_discharge: 0.5
  VRBF:
    cost: 296.061
    lifetime: 27.9375
    annual_cost: 10.597261744966442
    efficiency: 0.653687
    discharge_ratio: 0.5
    depth_of_discharge: 1.0
