cost_values:
  wind_capex: 5000.0
  wind_opex: 100
  wind_lifetime: 20
  solar_capex: 1000.0
  solar_opex: 10
  solar_lifetime: 20
  carbon_price: 1.0
timeseries_values:
  load_level: 287281.42926931585
  wind_year: 2018
  solar_year: 2017
  price_year: 2023
  carbon_year: 2023
storage_values:
  CAES:
    cost: 54.8457
    lifetime: 25.1625
    annual_cost: 2.1796602086438153
    efficiency: 0.578131
    discharge_ratio: 0.1
    depth_of_discharge: 0.4
  Li-ion:
    cost: 132.599
    lifetime: 22.6499
    annual_cost: 5.8542863323899885
    efficiency: 0.850324
    discharge_ratio: 2
    depth_of_discharge: 0.9
  Pb-acid:
    cost: 163.189
    lifetime: 8.90047
    annual_cost: 18.334874450450368
    efficiency: 0.701639
    discharge_ratio: 5
    depth_of_discharge: 0.5
  VRBF:
    cost: 302.082
    lifetime: 26.6169
    annual_cost: 11.349255548166765
    efficiency: 0.657231
    discharge_ratio: 0.5
    depth_of_discharge: 1.0
