cost_values:
  wind_capex: 5000.0
  wind_opex: 100
  wind_lifetime: 20
  solar_capex: 1000.0
  solar_opex: 10
  solar_lifetime: 20
  carbon_price: 1.0
timeseries_values:
  load_level: 287281.42926931585
  wind_year: 2018
  solar_year: 2017
  price_year: 2023
  carbon_year: 2023
storage_values:
  CAES:
    cost: 62.903
    lifetime: 24.617
    annual_cost: 2.5552666856237556
    efficiency: 0.56632
    discharge_ratio: 0.1
    depth_of_discharge: 0.4
  Li-ion:
    cost: 143.344
    lifetime: 19.7315
    annual_cost: 7.264728986645718
    efficiency: 0.868531
    discharge_ratio: 2
    depth_of_discharge: 0.9
  Pb-acid:
    cost: 154.427
    lifetime: 9.5399
    annual_cost: 16.18748624199415
    efficiency: 0.718789
    discharge_ratio: 5
    depth_of_discharge: 0.5
  VRBF:
    cost: 287.264
    lifetime: 26.8719
    annual_cost: 10.690126116873016
    efficiency: 0.658365
    discharge_ratio: 0.5
    depth_of_discharge: 1.0
