cost_values:
  wind_capex: 5000.0
  wind_opex: 100
  wind_lifetime: 20
  solar_capex: 1000.0
  solar_opex: 10
  solar_lifetime: 20
  carbon_price: 1.0
timeseries_values:
  load_level: 287281.42926931585
  wind_year: 2018
  solar_year: 2017
  price_year: 2023
  carbon_year: 2023
storage_values:
  CAES:
    cost: 65.2011
    lifetime: 24.8984
    annual_cost: 2.618686341291007
    efficiency: 0.577008
    discharge_ratio: 0.1
    depth_of_discharge: 0.4
  Li-ion:
    cost: 156.518
    lifetime: 22.0562
    annual_cost: 7.096326656450341
    efficiency: 0.862479
    discharge_ratio: 2
    depth_of_discharge: 0.9
  Pb-acid:
    cost: 165.274
    lifetime: 8.70828
    annual_cost: 18.97894877059534
    efficiency: 0.710843
    discharge_ratio: 5
    depth_of_discharge: 0.5
  VRBF:
    cost: 294.098
    lifetime: 25.1257
    annual_cost: 11.7050669235086
    efficiency: 0.670698
    discharge_ratio: 0.5
    depth_of_discharge: 1.0
