cost_values:
  wind_capex: 5000.0
  wind_opex: 100
  wind_lifetime: 20
  solar_capex: 1000.0
  solar_opex: 10
  solar_lifetime: 20
  carbon_price: 1.0
timeseries_values:
  load_level: 287281.42926931585
  wind_year: 2018
  solar_year: 2017
  price_year: 2023
  carbon_year: 2023
storage_values:
  CAES:
    cost: 60.2637
    lifetime: 24.807
    annual_cost: 2.4293022130850166
    efficiency: 0.57719
    discharge_ratio: 0.1
    depth_of_discharge: 0.4
  Li-ion:
    cost: 147.355
    lifetime: 23.1212
    annual_cost: 6.373155372558517
    efficiency: 0.861971
    discharge_ratio: 2
    depth_of_discharge: 0.9
  Pb-acid:
    cost: 192.01
    lifetime: 8.39828
    annual_cost: 22.863014807793977
    efficiency: 0.701568
    discharge_ratio: 5
    depth_of_discharge: 0.5
  VRBF:
    cost: 294.676
    lifetime: 25.5029
    annual_cost: 11.554607515223758
    efficiency: 0.684297
    discharge_ratio: 0.5
    depth_of_discharge: 1.0
