cost_values:
  wind_capex: 5000.0
  wind_opex: 100
  wind_lifetime: 20
  solar_capex: 1000.0
  solar_opex: 10
  solar_lifetime: 20
  carbon_price: 1.0
timeseries_values:
  load_level: 287281.42926931585
  wind_year: 2018
  solar_year: 2017
  price_year: 2023
  carbon_year: 2023
storage_values:
  CAES:
    cost: 58.8454
    lifetime: 25.4154
    annual_cost: 2.3153442401063917
    efficiency: 0.579619
    discharge_ratio: 0.1
    depth_of_discharge: 0.4
  Li-ion:
    cost: 122.503
    lifetime: 21.392
    annual_cost: 5.726580029917726
    efficiency: 0.866741
    discharge_ratio: 2
    depth_of_discharge: 0.9
  Pb-acid:
    cost: 167.278
    lifetime: 8.25215
    annual_cost: 20.270838508752263
    efficiency: 0.704989
    discharge_ratio: 5
    depth_of_discharge: 0.5
  VRBF:
    cost: 286.367
    lifetime: 27.0683
    annual_cost: 10.579423162887954
    efficiency: 0.657665
    discharge_ratio: 0.5
    depth_of_discharge: 1.0
