cost_values:
  wind_capex: 5000.0
  wind_opex: 100
  wind_lifetime: 20
  solar_capex: 1000.0
  solar_opex: 10
  solar_lifetime: 20
  carbon_price: 1.0
timeseries_values:
  load_level: 287281.42926931585
  wind_year: 2018
  solar_year: 2017
  price_year: 2023
  carbon_year: 2023
storage_values:
  CAES:
    cost: 55.5573
    lifetime: 26.5766
    annual_cost: 2.0904592762053835
    efficiency: 0.571557
    discharge_ratio: 0.1
    depth_of_discharge: 0.4
  Li-ion:
    cost: 145.898
    lifetime: 22.306
    annual_cost: 6.540751367345108
    efficiency: 0.856101
    discharge_ratio: 2
    depth_of_discharge: 0.9
  Pb-acid:
    cost: 183.736
    lifetime: 7.98161
    annual_cost: 23.019917034282557
    efficiency: 0.69659
    discharge_ratio: 5
    depth_of_discharge: 0.5
  VRBF:
    cost: 282.82
    lifetime: 27.1518
    annual_cost: 10.41625232949565
    efficiency: 0.661631
    discharge_ratio: 0.5
    depth_of_discharge: 1.0
