cost_values:
  wind_capex: 5000.0
  wind_opex: 100
  wind_lifetime: 20
  solar_capex: 1000.0
  solar_opex: 10
  solar_lifetime: 20
  carbon_price: 1.0
timeseries_values:
  load_level: 287281.42926931585
  wind_year: 2018
  solar_year: 2017
  price_year: 2023
  carbon_year: 2023
storage_values:
  CAES:
    cost: 61.7999
    lifetime: 25.4561
    annual_cost: 2.4277049508762145
    efficiency: 0.574054
    discharge_ratio: 0.1
    depth_of_discharge: 0.4
  Li-ion:
    cost: 141.318
    lifetime: 22.9246
    annual_cost: 6.164469609066243
    efficiency: 0.861869
    discharge_ratio: 2
    depth_of_discharge: 0.9
  Pb-acid:
    cost: 162.848
    lifetime: 6.63391
    annual_cost: 24.547815692404633
    efficiency: 0.691237
    discharge_ratio: 5
    depth_of_discharge: 0.5
  VRBF:
    cost: 297.321
    lifetime: 26.0654
    annual_cost: 11.406730761852879
    efficiency: 0.66192
    discharge_ratio: 0.5
    depth_of_discharge: 1.0
