cost_values:
  wind_capex: 5000.0
  wind_opex: 100
  wind_lifetime: 20
  solar_capex: 1000.0
  solar_opex: 10
  solar_lifetime: 20
  carbon_price: 1.0
timeseries_values:
  load_level: 287281.42926931585
  wind_year: 2018
  solar_year: 2017
  price_year: 2023
  carbon_year: 2023
storage_values:
  CAES:
    cost: 64.0152
    lifetime: 24.9307
    annual_cost: 2.567725735739469
    efficiency: 0.580412
    discharge_ratio: 0.1
    depth_of_discharge: 0.4
  Li-ion:
    cost: 130.505
    lifetime: 22.3691
    annual_cost: 5.8341640924310765
    efficiency: 0.867759
    discharge_ratio: 2
    depth_of_discharge: 0.9
  Pb-acid:
    cost: 163.84
    lifetime: 9.08264
    annual_cost: 18.03880809984762
    efficiency: 0.705266
    discharge_ratio: 5
    depth_of_discharge: 0.5
  VRBF:
    cost: 301.26
    lifetime: 24.6498
    annual_cost: 12.221600175254972
    efficiency: 0.671252
    discharge_ratio: 0.5
    depth_of_discharge: 1.0
