cost_values:
  wind_capex: 5000.0
  wind_opex: 100
  wind_lifetime: 20
  solar_capex: 1000.0
  solar_opex: 10
  solar_lifetime: 20
  carbon_price: 1.0
timeseries_values:
  load_level: 287281.42926931585
  wind_year: 2018
  solar_year: 2017
  price_year: 2023
  carbon_year: 2023
storage_values:
  CAES:
    cost: 59.6789
    lifetime: 24.9872
    annual_cost: 2.388378849971185
    efficiency: 0.57461
    discharge_ratio: 0.1
    depth_of_discharge: 0.4
  Li-ion:
    cost: 142.343
    lifetime: 21.4536
    annual_cost: 6.634923742402207
    efficiency: 0.866308
    discharge_ratio: 2
    depth_of_discharge: 0.9
  Pb-acid:
    cost: 158.542
    lifetime: 8.73036
    annual_cost: 18.159846787532246
    efficiency: 0.713072
    discharge_ratio: 5
    depth_of_discharge: 0.5
  VRBF:
    cost: 302.309
    lifetime: 27.2745
    annual_cost: 11.083942877046326
    efficiency: 0.66892
    discharge_ratio: 0.5
    depth_of_discharge: 1.0
