cost_values:
  wind_capex: 5000.0
  wind_opex: 100
  wind_lifetime: 20
  solar_capex: 1000.0
  solar_opex: 10
  solar_lifetime: 20
  carbon_price: 1.0
timeseries_values:
  load_level: 287281.42926931585
  wind_year: 2018
  solar_year: 2017
  price_year: 2023
  carbon_year: 2023
storage_values:
  CAES:
    cost: 58.6444
    lifetime: 25.268
    annual_cost: 2.320895994934304
    efficiency: 0.580444
    discharge_ratio: 0.1
    depth_of_discharge: 0.4
  Li-ion:
    cost: 138.167
    lifetime: 22.4359
    annual_cost: 6.158299867622873
    efficiency: 0.859739
    discharge_ratio: 2
    depth_of_discharge: 0.9
  Pb-acid:
    cost: 171.688
    lifetime: 8.71513
    annual_cost: 19.69999300067813
    efficiency: 0.700594
    discharge_ratio: 5
    depth_of_discharge: 0.5
  VRBF:
    cost: 317.975
    lifetime: 25.3207
    annual_cost: 12.557907166863476
    efficiency: 0.651774
    discharge_ratio: 0.5
    depth_of_discharge: 1.0
