cost_values:
  wind_capex: 5000.0
  wind_opex: 100
  wind_lifetime: 20
  solar_capex: 1000.0
  solar_opex: 10
  solar_lifetime: 20
  carbon_price: 1.0
timeseries_values:
  load_level: 287281.42926931585
  wind_year: 2018
  solar_year: 2017
  price_year: 2023
  carbon_year: 2023
storage_values:
  CAES:
    cost: 57.418
    lifetime: 25.1439
    annual_cost: 2.2835757380517743
    efficiency: 0.573632
    discharge_ratio: 0.1
    depth_of_discharge: 0.4
  Li-ion:
    cost: 137.565
    lifetime: 21.1679
    annual_cost: 6.498755190642435
    efficiency: 0.857545
    discharge_ratio: 2
    depth_of_discharge: 0.9
  Pb-acid:
    cost: 157.488
    lifetime: 8.17591
    annual_cost: 19.26244295742003
    efficiency: 0.699269
    discharge_ratio: 5
    depth_of_discharge: 0.5
  VRBF:
    cost: 319.329
    lifetime: 25.2983
    annual_cost: 12.622547760126174
    efficiency: 0.697008
    discharge_ratio: 0.5
    depth_of_discharge: 1.0
