cost_values:
  wind_capex: 5000.0
  wind_opex: 100
  wind_lifetime: 20
  solar_capex: 1000.0
  solar_opex: 10
  solar_lifetime: 20
  carbon_price: 1.0
timeseries_values:
  load_level: 287281.42926931585
  wind_year: 2018
  solar_year: 2017
  price_year: 2023
  carbon_year: 2023
storage_values:
  CAES:
    cost: 65.0227
    lifetime: 24.4384
    annual_cost: 2.6606774584260835
    efficiency: 0.571028
    discharge_ratio: 0.1
    depth_of_discharge: 0.4
  Li-ion:
    cost: 149.181
    lifetime: 22.9832
    annual_cost: 6.490871593163702
    efficiency: 0.850957
    discharge_ratio: 2
    depth_of_discharge: 0.9
  Pb-acid:
    cost: 188.057
    lifetime: 8.20773
    annual_cost: 22.91218156542674
    efficiency: 0.714712
    discharge_ratio: 5
    depth_of_discharge: 0.5
  VRBF:
    cost: 291.733
    lifetime: 27.3208
    annual_cost: 10.67805481537876
    efficiency: 0.668967
    discharge_ratio: 0.5
    depth_of_discharge: 1.0
