cost_values:
  wind_capex: 5000.0
  wind_opex: 100
  wind_lifetime: 20
  solar_capex: 1000.0
  solar_opex: 10
  solar_lifetime: 20
  carbon_price: 1.0
timeseries_values:
  load_level: 287281.42926931585
  wind_year: 2018
  solar_year: 2017
  price_year: 2023
  carbon_year: 2023
storage_values:
  CAES:
    cost: 54.7933
    lifetime: 24.9729
    annual_cost: 2.194110415690609
    efficiency: 0.570427
    discharge_ratio: 0.1
    depth_of_discharge: 0.4
  Li-ion:
    cost: 156.96
    lifetime: 19.1942
    annual_cost: 8.177470277479657
    efficiency: 0.852057
    discharge_ratio: 2
    depth_of_discharge: 0.9
  Pb-acid:
    cost: 183.377
    lifetime: 8.70479
    annual_cost: 21.066217565271536
    efficiency: 0.703956
    discharge_ratio: 5
    depth_of_discharge: 0.5
  VRBF:
    cost: 325.303
    lifetime: 25.7517
    annual_cost: 12.632292237017362
    efficiency: 0.67482
    discharge_ratio: 0.5
    depth_of_discharge: 1.0
