cost_values:
  wind_capex: 5000.0
  wind_opex: 100
  wind_lifetime: 20
  solar_capex: 1000.0
  solar_opex: 10
  solar_lifetime: 20
  carbon_price: 1.0
timeseries_values:
  load_level: 287281.42926931585
  wind_year: 2018
  solar_year: 2017
  price_year: 2023
  carbon_year: 2023
storage_values:
  CAES:
    cost: 56.7035
    lifetime: 25.1425
    annual_cost: 2.255284876205628
    efficiency: 0.571548
    discharge_ratio: 0.1
    depth_of_discharge: 0.4
  Li-ion:
    cost: 177.027
    lifetime: 21.2204
    annual_cost: 8.34230268986447
    efficiency: 0.857967
    discharge_ratio: 2
    depth_of_discharge: 0.9
  Pb-acid:
    cost: 195.857
    lifetime: 7.86915
    annual_cost: 24.889219293062148
    efficiency: 0.702952
    discharge_ratio: 5
    depth_of_discharge: 0.5
  VRBF:
    cost: 279.907
    lifetime: 26.7778
    annual_cost: 10.452949831576904
    efficiency: 0.675369
    discharge_ratio: 0.5
    depth_of_discharge: 1.0
