cost_values:
  wind_capex: 5000.0
  wind_opex: 100
  wind_lifetime: 20
  solar_capex: 1000.0
  solar_opex: 10
  solar_lifetime: 20
  carbon_price: 1.0
timeseries_values:
  load_level: 287281.42926931585
  wind_year: 2018
  solar_year: 2017
  price_year: 2023
  carbon_year: 2023
storage_values:
  CAES:
    cost: 60.8686
    lifetime: 24.8822
    annual_cost: 2.446270828142206
    efficiency: 0.589939
    discharge_ratio: 0.1
    depth_of_discharge: 0.4
  Li-ion:
    cost: 122.086
    lifetime: 21.2169
    annual_cost: 5.754186521122313
    efficiency: 0.856563
    discharge_ratio: 2
    depth_of_discharge: 0.9
  Pb-acid:
    cost: 163.162
    lifetime: 8.47754
    annual_cost: 19.24638515418388
    efficiency: 0.699777
    discharge_ratio: 5
    depth_of_discharge: 0.5
  VRBF:
    cost: 308.313
    lifetime: 25.4881
    annual_cost: 12.096350846081112
    efficiency: 0.665746
    discharge_ratio: 0.5
    depth_of_discharge: 1.0
