cost_values:
  wind_capex: 5000.0
  wind_opex: 100
  wind_lifetime: 20
  solar_capex: 1000.0
  solar_opex: 10
  solar_lifetime: 20
  carbon_price: 1.0
timeseries_values:
  load_level: 287281.42926931585
  wind_year: 2018
  solar_year: 2017
  price_year: 2023
  carbon_year: 2023
storage_values:
  CAES:
    cost: 66.4383
    lifetime: 25.0553
    annual_cost: 2.651666513671758
    efficiency: 0.583933
    discharge_ratio: 0.1
    depth_of_discharge: 0.4
  Li-ion:
    cost: 153.164
    lifetime: 22.4133
    annual_cost: 6.833621108895165
    efficiency: 0.851582
    discharge_ratio: 2
    depth_of_discharge: 0.9
  Pb-acid:
    cost: 165.105
    lifetime: 8.84667
    annual_cost: 18.662954535435368
    efficiency: 0.699309
    discharge_ratio: 5
    depth_of_discharge: 0.5
  VRBF:
    cost: 273.539
    lifetime: 28.0095
    annual_cost: 9.765936557239508
    efficiency: 0.667631
    discharge_ratio: 0.5
    depth_of_discharge: 1.0
