cost_values:
  wind_capex: 5000.0
  wind_opex: 100
  wind_lifetime: 20
  solar_capex: 1000.0
  solar_opex: 10
  solar_lifetime: 20
  carbon_price: 1.0
timeseries_values:
  load_level: 287281.42926931585
  wind_year: 2018
  solar_year: 2017
  price_year: 2023
  carbon_year: 2023
storage_values:
  CAES:
    cost: 51.6774
    lifetime: 25.9782
    annual_cost: 1.9892602258817007
    efficiency: 0.570495
    discharge_ratio: 0.1
    depth_of_discharge: 0.4
  Li-ion:
    cost: 174.171
    lifetime: 20.2225
    annual_cost: 8.612733341574978
    efficiency: 0.852322
    discharge_ratio: 2
    depth_of_discharge: 0.9
  Pb-acid:
    cost: 177.472
    lifetime: 8.35058
    annual_cost: 21.252655504168573
    efficiency: 0.722794
    discharge_ratio: 5
    depth_of_discharge: 0.5
  VRBF:
    cost: 346.533
    lifetime: 25.1107
    annual_cost: 13.800212658348832
    efficiency: 0.668767
    discharge_ratio: 0.5
    depth_of_discharge: 1.0
