cost_values:
  wind_capex: 5000.0
  wind_opex: 100
  wind_lifetime: 20
  solar_capex: 1000.0
  solar_opex: 10
  solar_lifetime: 20
  carbon_price: 1.0
timeseries_values:
  load_level: 287281.42926931585
  wind_year: 2018
  solar_year: 2017
  price_year: 2023
  carbon_year: 2023
storage_values:
  CAES:
    cost: 58.638
    lifetime: 24.6092
    annual_cost: 2.382767420314354
    efficiency: 0.573425
    discharge_ratio: 0.1
    depth_of_discharge: 0.4
  Li-ion:
    cost: 155.784
    lifetime: 20.6402
    annual_cost: 7.547601282933305
    efficiency: 0.876521
    discharge_ratio: 2
    depth_of_discharge: 0.9
  Pb-acid:
    cost: 167.47
    lifetime: 9.13126
    annual_cost: 18.340294767644334
    efficiency: 0.70271
    discharge_ratio: 5
    depth_of_discharge: 0.5
  VRBF:
    cost: 290.351
    lifetime: 26.8599
    annual_cost: 10.809831756633494
    efficiency: 0.6654
    discharge_ratio: 0.5
    depth_of_discharge: 1.0
