cost_values:
  wind_capex: 5000.0
  wind_opex: 100
  wind_lifetime: 20
  solar_capex: 1000.0
  solar_opex: 10
  solar_lifetime: 20
  carbon_price: 1.0
timeseries_values:
  load_level: 287281.42926931585
  wind_year: 2018
  solar_year: 2017
  price_year: 2023
  carbon_year: 2023
storage_values:
  CAES:
    cost: 65.4266
    lifetime: 24.9268
    annual_cost: 2.6247492658504097
    efficiency: 0.581401
    discharge_ratio: 0.1
    depth_of_discharge: 0.4
  Li-ion:
    cost: 132.24
    lifetime: 20.3489
    annual_cost: 6.4986313756517555
    efficiency: 0.871173
    discharge_ratio: 2
    depth_of_discharge: 0.9
  Pb-acid:
    cost: 173.125
    lifetime: 8.24541
    annual_cost: 20.996530190736422
    efficiency: 0.689344
    discharge_ratio: 5
    depth_of_discharge: 0.5
  VRBF:
    cost: 267.849
    lifetime: 26.7275
    annual_cost: 10.021476007857077
    efficiency: 0.68478
    discharge_ratio: 0.5
    depth_of_discharge: 1.0
