cost_values:
  wind_capex: 5000.0
  wind_opex: 100
  wind_lifetime: 20
  solar_capex: 1000.0
  solar_opex: 10
  solar_lifetime: 20
  carbon_price: 1.0
timeseries_values:
  load_level: 287281.42926931585
  wind_year: 2018
  solar_year: 2017
  price_year: 2023
  carbon_year: 2023
storage_values:
  CAES:
    cost: 62.4067
    lifetime: 25.098
    annual_cost: 2.48652083831381
    efficiency: 0.569304
    discharge_ratio: 0.1
    depth_of_discharge: 0.4
  Li-ion:
    cost: 148.897
    lifetime: 22.7902
    annual_cost: 6.533378381936095
    efficiency: 0.85934
    discharge_ratio: 2
    depth_of_discharge: 0.9
  Pb-acid:
    cost: 165.392
    lifetime: 8.34614
    annual_cost: 19.816585870833702
    efficiency: 0.711344
    discharge_ratio: 5
    depth_of_discharge: 0.5
  VRBF:
    cost: 288.607
    lifetime: 28.4604
    annual_cost: 10.140651572008828
    efficiency: 0.689876
    discharge_ratio: 0.5
    depth_of_discharge: 1.0
