cost_values:
  wind_capex: 5000.0
  wind_opex: 100
  wind_lifetime: 20
  solar_capex: 1000.0
  solar_opex: 10
  solar_lifetime: 20
  carbon_price: 1.0
timeseries_values:
  load_level: 287281.42926931585
  wind_year: 2018
  solar_year: 2017
  price_year: 2023
  carbon_year: 2023
storage_values:
  CAES:
    cost: 60.3434
    lifetime: 25.9219
    annual_cost: 2.327892631327179
    efficiency: 0.572632
    discharge_ratio: 0.1
    depth_of_discharge: 0.4
  Li-ion:
    cost: 141.892
    lifetime: 22.3642
    annual_cost: 6.344604322980477
    efficiency: 0.852696
    discharge_ratio: 2
    depth_of_discharge: 0.9
  Pb-acid:
    cost: 177.379
    lifetime: 7.8528
    annual_cost: 22.58799409127954
    efficiency: 0.715121
    discharge_ratio: 5
    depth_of_discharge: 0.5
  VRBF:
    cost: 292.864
    lifetime: 26.9979
    annual_cost: 10.847658521588714
    efficiency: 0.668648
    discharge_ratio: 0.5
    depth_of_discharge: 1.0
