cost_values:
  wind_capex: 5000.0
  wind_opex: 100
  wind_lifetime: 20
  solar_capex: 1000.0
  solar_opex: 10
  solar_lifetime: 20
  carbon_price: 1.0
timeseries_values:
  load_level: 287281.42926931585
  wind_year: 2018
  solar_year: 2017
  price_year: 2023
  carbon_year: 2023
storage_values:
  CAES:
    cost: 62.5336
    lifetime: 26.5645
    annual_cost: 2.3540288731201415
    efficiency: 0.573878
    discharge_ratio: 0.1
    depth_of_discharge: 0.4
  Li-ion:
    cost: 143.506
    lifetime: 21.3527
    annual_cost: 6.720742575880334
    efficiency: 0.859749
    discharge_ratio: 2
    depth_of_discharge: 0.9
  Pb-acid:
    cost: 173.047
    lifetime: 8.49699
    annual_cost: 20.365682435780197
    efficiency: 0.703625
    discharge_ratio: 5
    depth_of_discharge: 0.5
  VRBF:
    cost: 307.649
    lifetime: 24.6484
    annual_cost: 12.481499813375311
    efficiency: 0.684288
    discharge_ratio: 0.5
    depth_of_discharge: 1.0
