cost_values:
  wind_capex: 5000.0
  wind_opex: 100
  wind_lifetime: 20
  solar_capex: 1000.0
  solar_opex: 10
  solar_lifetime: 20
  carbon_price: 1.0
timeseries_values:
  load_level: 287281.42926931585
  wind_year: 2018
  solar_year: 2017
  price_year: 2023
  carbon_year: 2023
storage_values:
  CAES:
    cost: 65.3769
    lifetime: 25.3089
    annual_cost: 2.5831584936524306
    efficiency: 0.563821
    discharge_ratio: 0.1
    depth_of_discharge: 0.4
  Li-ion:
    cost: 149.757
    lifetime: 20.6186
    annual_cost: 7.26319924728158
    efficiency: 0.854106
    discharge_ratio: 2
    depth_of_discharge: 0.9
  Pb-acid:
    cost: 161.401
    lifetime: 7.67308
    annual_cost: 21.034708357009183
    efficiency: 0.710166
    discharge_ratio: 5
    depth_of_discharge: 0.5
  VRBF:
    cost: 323.888
    lifetime: 27.5101
    annual_cost: 11.773421397959293
    efficiency: 0.674457
    discharge_ratio: 0.5
    depth_of_discharge: 1.0
