cost_values:
  wind_capex: 5000.0
  wind_opex: 100
  wind_lifetime: 20
  solar_capex: 1000.0
  solar_opex: 10
  solar_lifetime: 20
  carbon_price: 1.0
timeseries_values:
  load_level: 287281.42926931585
  wind_year: 2018
  solar_year: 2017
  price_year: 2023
  carbon_year: 2023
storage_values:
  CAES:
    cost: 57.2985
    lifetime: 25.1943
    annual_cost: 2.2742644169514534
    efficiency: 0.565982
    discharge_ratio: 0.1
    depth_of_discharge: 0.4
  Li-ion:
    cost: 147.051
    lifetime: 22.0181
    annual_cost: 6.678641662995444
    efficiency: 0.86882
    discharge_ratio: 2
    depth_of_discharge: 0.9
  Pb-acid:
    cost: 186.23
    lifetime: 8.61925
    annual_cost: 21.606288250137773
    efficiency: 0.710677
    discharge_ratio: 5
    depth_of_discharge: 0.5
  VRBF:
    cost: 289.371
    lifetime: 26.0123
    annual_cost: 11.124391153415884
    efficiency: 0.671505
    discharge_ratio: 0.5
    depth_of_discharge: 1.0
