cost_values:
  wind_capex: 5000.0
  wind_opex: 100
  wind_lifetime: 20
  solar_capex: 1000.0
  solar_opex: 10
  solar_lifetime: 20
  carbon_price: 1.0
timeseries_values:
  load_level: 287281.42926931585
  wind_year: 2018
  solar_year: 2017
  price_year: 2023
  carbon_year: 2023
storage_values:
  CAES:
    cost: 63.8642
    lifetime: 25.8086
    annual_cost: 2.4745317452322095
    efficiency: 0.571578
    discharge_ratio: 0.1
    depth_of_discharge: 0.4
  Li-ion:
    cost: 153.013
    lifetime: 22.5622
    annual_cost: 6.781829786102419
    efficiency: 0.853807
    discharge_ratio: 2
    depth_of_discharge: 0.9
  Pb-acid:
    cost: 168.811
    lifetime: 5.9125
    annual_cost: 28.55154334038055
    efficiency: 0.690864
    discharge_ratio: 5
    depth_of_discharge: 0.5
  VRBF:
    cost: 299.044
    lifetime: 27.4171
    annual_cost: 10.907207545655812
    efficiency: 0.65276
    discharge_ratio: 0.5
    depth_of_discharge: 1.0
