cost_values:
  wind_capex: 5000.0
  wind_opex: 100
  wind_lifetime: 20
  solar_capex: 1000.0
  solar_opex: 10
  solar_lifetime: 20
  carbon_price: 1.0
timeseries_values:
  load_level: 287281.42926931585
  wind_year: 2018
  solar_year: 2017
  price_year: 2023
  carbon_year: 2023
storage_values:
  CAES:
    cost: 59.453
    lifetime: 26.7869
    annual_cost: 2.219480417666845
    efficiency: 0.570827
    discharge_ratio: 0.1
    depth_of_discharge: 0.4
  Li-ion:
    cost: 144.562
    lifetime: 21.3283
    annual_cost: 6.777942920907902
    efficiency: 0.86122
    discharge_ratio: 2
    depth_of_discharge: 0.9
  Pb-acid:
    cost: 171.746
    lifetime: 8.48463
    annual_cost: 20.242014089005654
    efficiency: 0.700876
    discharge_ratio: 5
    depth_of_discharge: 0.5
  VRBF:
    cost: 315.715
    lifetime: 25.5834
    annual_cost: 12.340619307832421
    efficiency: 0.678113
    discharge_ratio: 0.5
    depth_of_discharge: 1.0
