cost_values:
  wind_capex: 5000.0
  wind_opex: 100
  wind_lifetime: 20
  solar_capex: 1000.0
  solar_opex: 10
  solar_lifetime: 20
  carbon_price: 1.0
timeseries_values:
  load_level: 287281.42926931585
  wind_year: 2018
  solar_year: 2017
  price_year: 2023
  carbon_year: 2023
storage_values:
  CAES:
    cost: 63.4456
    lifetime: 25.4928
    annual_cost: 2.488765455344254
    efficiency: 0.566459
    discharge_ratio: 0.1
    depth_of_discharge: 0.4
  Li-ion:
    cost: 148.622
    lifetime: 20.839
    annual_cost: 7.131916118815683
    efficiency: 0.854219
    discharge_ratio: 2
    depth_of_discharge: 0.9
  Pb-acid:
    cost: 164.247
    lifetime: 8.88128
    annual_cost: 18.493618037039706
    efficiency: 0.711448
    discharge_ratio: 5
    depth_of_discharge: 0.5
  VRBF:
    cost: 287.875
    lifetime: 26.2029
    annual_cost: 10.98637937022238
    efficiency: 0.680673
    discharge_ratio: 0.5
    depth_of_discharge: 1.0
