cost_values:
  wind_capex: 5000.0
  wind_opex: 100
  wind_lifetime: 20
  solar_capex: 1000.0
  solar_opex: 10
  solar_lifetime: 20
  carbon_price: 1.0
timeseries_values:
  load_level: 287281.42926931585
  wind_year: 2018
  solar_year: 2017
  price_year: 2023
  carbon_year: 2023
storage_values:
  CAES:
    cost: 61.5756
    lifetime: 25.9517
    annual_cost: 2.372700054331701
    efficiency: 0.571605
    discharge_ratio: 0.1
    depth_of_discharge: 0.4
  Li-ion:
    cost: 154.218
    lifetime: 24.9939
    annual_cost: 6.170225535030547
    efficiency: 0.855279
    discharge_ratio: 2
    depth_of_discharge: 0.9
  Pb-acid:
    cost: 187.564
    lifetime: 8.32091
    annual_cost: 22.54128454700267
    efficiency: 0.712879
    discharge_ratio: 5
    depth_of_discharge: 0.5
  VRBF:
    cost: 306.787
    lifetime: 25.6517
    annual_cost: 11.959714170990615
    efficiency: 0.670647
    discharge_ratio: 0.5
    depth_of_discharge: 1.0
