cost_values:
  wind_capex: 5000.0
  wind_opex: 100
  wind_lifetime: 20
  solar_capex: 1000.0
  solar_opex: 10
  solar_lifetime: 20
  carbon_price: 1.0
timeseries_values:
  load_level: 287281.42926931585
  wind_year: 2018
  solar_year: 2017
  price_year: 2023
  carbon_year: 2023
storage_values:
  CAES:
    cost: 61.3419
    lifetime: 24.3399
    annual_cost: 2.520219885866417
    efficiency: 0.570882
    discharge_ratio: 0.1
    depth_of_discharge: 0.4
  Li-ion:
    cost: 151.47
    lifetime: 21.0375
    annual_cost: 7.199999999999999
    efficiency: 0.870892
    discharge_ratio: 2
    depth_of_discharge: 0.9
  Pb-acid:
    cost: 187.94
    lifetime: 7.86125
    annual_cost: 23.907139449833043
    efficiency: 0.699767
    discharge_ratio: 5
    depth_of_discharge: 0.5
  VRBF:
    cost: 300.711
    lifetime: 27.4807
    annual_cost: 10.942625187859116
    efficiency: 0.667335
    discharge_ratio: 0.5
    depth_of_discharge: 1.0
