cost_values:
  wind_capex: 5000.0
  wind_opex: 100
  wind_lifetime: 20
  solar_capex: 1000.0
  solar_opex: 10
  solar_lifetime: 20
  carbon_price: 1.0
timeseries_values:
  load_level: 287281.42926931585
  wind_year: 2018
  solar_year: 2017
  price_year: 2023
  carbon_year: 2023
storage_values:
  CAES:
    cost: 58.5279
    lifetime: 25.7801
    annual_cost: 2.2702743589047367
    efficiency: 0.582927
    discharge_ratio: 0.1
    depth_of_discharge: 0.4
  Li-ion:
    cost: 146.535
    lifetime: 23.941
    annual_cost: 6.120671651142392
    efficiency: 0.857777
    discharge_ratio: 2
    depth_of_discharge: 0.9
  Pb-acid:
    cost: 179.8
    lifetime: 8.16285
    annual_cost: 22.026620604323245
    efficiency: 0.719697
    discharge_ratio: 5
    depth_of_discharge: 0.5
  VRBF:
    cost: 272.39
    lifetime: 24.7822
    annual_cost: 10.991356699566625
    efficiency: 0.661217
    discharge_ratio: 0.5
    depth_of_discharge: 1.0
