cost_values:
  wind_capex: 5000.0
  wind_opex: 100
  wind_lifetime: 20
  solar_capex: 1000.0
  solar_opex: 10
  solar_lifetime: 20
  carbon_price: 1.0
timeseries_values:
  load_level: 287281.42926931585
  wind_year: 2018
  solar_year: 2017
  price_year: 2023
  carbon_year: 2023
storage_values:
  CAES:
    cost: 65.1741
    lifetime: 25.1964
    annual_cost: 2.5866433299995237
    efficiency: 0.574012
    discharge_ratio: 0.1
    depth_of_discharge: 0.4
  Li-ion:
    cost: 157.031
    lifetime: 21.119
    annual_cost: 7.4355319854159765
    efficiency: 0.866985
    discharge_ratio: 2
    depth_of_discharge: 0.9
  Pb-acid:
    cost: 184.996
    lifetime: 9.74454
    annual_cost: 18.984580082795084
    efficiency: 0.710055
    discharge_ratio: 5
    depth_of_discharge: 0.5
  VRBF:
    cost: 272.148
    lifetime: 26.6271
    annual_cost: 10.22071498586027
    efficiency: 0.662467
    discharge_ratio: 0.5
    depth_of_discharge: 1.0
