cost_values:
  wind_capex: 5000.0
  wind_opex: 100
  wind_lifetime: 20
  solar_capex: 1000.0
  solar_opex: 10
  solar_lifetime: 20
  carbon_price: 1.0
timeseries_values:
  load_level: 287281.42926931585
  wind_year: 2018
  solar_year: 2017
  price_year: 2023
  carbon_year: 2023
storage_values:
  CAES:
    cost: 49.9888
    lifetime: 25.2844
    annual_cost: 1.9770609545806899
    efficiency: 0.575024
    discharge_ratio: 0.1
    depth_of_discharge: 0.4
  Li-ion:
    cost: 122.648
    lifetime: 23.3703
    annual_cost: 5.248028480592889
    efficiency: 0.873675
    discharge_ratio: 2
    depth_of_discharge: 0.9
  Pb-acid:
    cost: 162.138
    lifetime: 7.64891
    annual_cost: 21.197530105596748
    efficiency: 0.700018
    discharge_ratio: 5
    depth_of_discharge: 0.5
  VRBF:
    cost: 301.466
    lifetime: 26.5112
    annual_cost: 11.37126950119195
    efficiency: 0.680495
    discharge_ratio: 0.5
    depth_of_discharge: 1.0
