cost_values:
  wind_capex: 5000.0
  wind_opex: 100
  wind_lifetime: 20
  solar_capex: 1000.0
  solar_opex: 10
  solar_lifetime: 20
  carbon_price: 1.0
timeseries_values:
  load_level: 287281.42926931585
  wind_year: 2018
  solar_year: 2017
  price_year: 2023
  carbon_year: 2023
storage_values:
  CAES:
    cost: 60.812
    lifetime: 25.8393
    annual_cost: 2.3534693277294663
    efficiency: 0.571462
    discharge_ratio: 0.1
    depth_of_discharge: 0.4
  Li-ion:
    cost: 167.255
    lifetime: 20.0255
    annual_cost: 8.352101071134303
    efficiency: 0.853789
    discharge_ratio: 2
    depth_of_discharge: 0.9
  Pb-acid:
    cost: 146.393
    lifetime: 7.53024
    annual_cost: 19.440681837497877
    efficiency: 0.705662
    discharge_ratio: 5
    depth_of_discharge: 0.5
  VRBF:
    cost: 294.111
    lifetime: 26.2874
    annual_cost: 11.188287925013503
    efficiency: 0.688833
    discharge_ratio: 0.5
    depth_of_discharge: 1.0
