cost_values:
  wind_capex: 5000.0
  wind_opex: 100
  wind_lifetime: 20
  solar_capex: 1000.0
  solar_opex: 10
  solar_lifetime: 20
  carbon_price: 1.0
timeseries_values:
  load_level: 287281.42926931585
  wind_year: 2018
  solar_year: 2017
  price_year: 2023
  carbon_year: 2023
storage_values:
  CAES:
    cost: 63.5652
    lifetime: 25.7517
    annual_cost: 2.468388494740153
    efficiency: 0.560112
    discharge_ratio: 0.1
    depth_of_discharge: 0.4
  Li-ion:
    cost: 143.742
    lifetime: 21.6842
    annual_cost: 6.628881858680513
    efficiency: 0.856839
    discharge_ratio: 2
    depth_of_discharge: 0.9
  Pb-acid:
    cost: 174.356
    lifetime: 7.49141
    annual_cost: 23.274123295881548
    efficiency: 0.708799
    discharge_ratio: 5
    depth_of_discharge: 0.5
  VRBF:
    cost: 291.044
    lifetime: 24.8537
    annual_cost: 11.710288608939514
    efficiency: 0.661096
    discharge_ratio: 0.5
    depth_of_discharge: 1.0
