cost_values:
  wind_capex: 5000.0
  wind_opex: 100
  wind_lifetime: 20
  solar_capex: 1000.0
  solar_opex: 10
  solar_lifetime: 20
  carbon_price: 1.0
timeseries_values:
  load_level: 287281.42926931585
  wind_year: 2018
  solar_year: 2017
  price_year: 2023
  carbon_year: 2023
storage_values:
  CAES:
    cost: 61.1354
    lifetime: 25.9256
    annual_cost: 2.358109359089086
    efficiency: 0.568969
    discharge_ratio: 0.1
    depth_of_discharge: 0.4
  Li-ion:
    cost: 123.102
    lifetime: 23.0899
    annual_cost: 5.331421963715737
    efficiency: 0.854228
    discharge_ratio: 2
    depth_of_discharge: 0.9
  Pb-acid:
    cost: 170.54
    lifetime: 7.99171
    annual_cost: 21.33961317415171
    efficiency: 0.707639
    discharge_ratio: 5
    depth_of_discharge: 0.5
  VRBF:
    cost: 296.518
    lifetime: 28.1443
    annual_cost: 10.535632437118705
    efficiency: 0.656721
    discharge_ratio: 0.5
    depth_of_discharge: 1.0
