cost_values:
  wind_capex: 5000.0
  wind_opex: 100
  wind_lifetime: 20
  solar_capex: 1000.0
  solar_opex: 10
  solar_lifetime: 20
  carbon_price: 1.0
timeseries_values:
  load_level: 287281.42926931585
  wind_year: 2018
  solar_year: 2017
  price_year: 2023
  carbon_year: 2023
storage_values:
  CAES:
    cost: 60.4964
    lifetime: 26.1697
    annual_cost: 2.311696351123628
    efficiency: 0.564995
    discharge_ratio: 0.1
    depth_of_discharge: 0.4
  Li-ion:
    cost: 142.098
    lifetime: 20.778
    annual_cost: 6.838868033496969
    efficiency: 0.853479
    discharge_ratio: 2
    depth_of_discharge: 0.9
  Pb-acid:
    cost: 170.506
    lifetime: 7.55742
    annual_cost: 22.561403230202902
    efficiency: 0.702643
    discharge_ratio: 5
    depth_of_discharge: 0.5
  VRBF:
    cost: 286.798
    lifetime: 26.8908
    annual_cost: 10.665283293914648
    efficiency: 0.661801
    discharge_ratio: 0.5
    depth_of_discharge: 1.0
