cost_values:
  wind_capex: 5000.0
  wind_opex: 100
  wind_lifetime: 20
  solar_capex: 1000.0
  solar_opex: 10
  solar_lifetime: 20
  carbon_price: 1.0
timeseries_values:
  load_level: 287281.42926931585
  wind_year: 2018
  solar_year: 2017
  price_year: 2023
  carbon_year: 2023
storage_values:
  CAES:
    cost: 60.8061
    lifetime: 25.7093
    annual_cost: 2.365140241080076
    efficiency: 0.580115
    discharge_ratio: 0.1
    depth_of_discharge: 0.4
  Li-ion:
    cost: 146.482
    lifetime: 23.6431
    annual_cost: 6.1955496529642895
    efficiency: 0.851692
    discharge_ratio: 2
    depth_of_discharge: 0.9
  Pb-acid:
    cost: 183.387
    lifetime: 8.01024
    annual_cost: 22.894070589645256
    efficiency: 0.711404
    discharge_ratio: 5
    depth_of_discharge: 0.5
  VRBF:
    cost: 300.496
    lifetime: 26.834
    annual_cost: 11.198330476261459
    efficiency: 0.696479
    discharge_ratio: 0.5
    depth_of_discharge: 1.0
