cost_values:
  wind_capex: 5000.0
  wind_opex: 100
  wind_lifetime: 20
  solar_capex: 1000.0
  solar_opex: 10
  solar_lifetime: 20
  carbon_price: 1.0
timeseries_values:
  load_level: 287281.42926931585
  wind_year: 2018
  solar_year: 2017
  price_year: 2023
  carbon_year: 2023
storage_values:
  CAES:
    cost: 60.5833
    lifetime: 25.6665
    annual_cost: 2.360403638984669
    efficiency: 0.571141
    discharge_ratio: 0.1
    depth_of_discharge: 0.4
  Li-ion:
    cost: 127.798
    lifetime: 19.6101
    annual_cost: 6.516947899296791
    efficiency: 0.863486
    discharge_ratio: 2
    depth_of_discharge: 0.9
  Pb-acid:
    cost: 168.651
    lifetime: 6.99168
    annual_cost: 24.121670328161475
    efficiency: 0.698002
    discharge_ratio: 5
    depth_of_discharge: 0.5
  VRBF:
    cost: 262.576
    lifetime: 26.0237
    annual_cost: 10.089879609740352
    efficiency: 0.667935
    discharge_ratio: 0.5
    depth_of_discharge: 1.0
