cost_values:
  wind_capex: 5000.0
  wind_opex: 100
  wind_lifetime: 20
  solar_capex: 1000.0
  solar_opex: 10
  solar_lifetime: 20
  carbon_price: 1.0
timeseries_values:
  load_level: 287281.42926931585
  wind_year: 2018
  solar_year: 2017
  price_year: 2023
  carbon_year: 2023
storage_values:
  CAES:
    cost: 63.7181
    lifetime: 25.9028
    annual_cost: 2.4598923668483716
    efficiency: 0.57472
    discharge_ratio: 0.1
    depth_of_discharge: 0.4
  Li-ion:
    cost: 142.989
    lifetime: 22.7771
    annual_cost: 6.277752655079005
    efficiency: 0.862506
    discharge_ratio: 2
    depth_of_discharge: 0.9
  Pb-acid:
    cost: 143.847
    lifetime: 7.9501
    annual_cost: 18.093734670004153
    efficiency: 0.717296
    discharge_ratio: 5
    depth_of_discharge: 0.5
  VRBF:
    cost: 322.149
    lifetime: 26.2952
    annual_cost: 12.25124737594694
    efficiency: 0.677463
    discharge_ratio: 0.5
    depth_of_discharge: 1.0
