cost_values:
  wind_capex: 5000.0
  wind_opex: 100
  wind_lifetime: 20
  solar_capex: 1000.0
  solar_opex: 10
  solar_lifetime: 20
  carbon_price: 1.0
timeseries_values:
  load_level: 287281.42926931585
  wind_year: 2018
  solar_year: 2017
  price_year: 2023
  carbon_year: 2023
storage_values:
  CAES:
    cost: 63.2357
    lifetime: 24.7512
    annual_cost: 2.554853906073241
    efficiency: 0.583103
    discharge_ratio: 0.1
    depth_of_discharge: 0.4
  Li-ion:
    cost: 154.762
    lifetime: 22.0871
    annual_cost: 7.006895427647812
    efficiency: 0.857371
    discharge_ratio: 2
    depth_of_discharge: 0.9
  Pb-acid:
    cost: 185.574
    lifetime: 7.96429
    annual_cost: 23.300758761923536
    efficiency: 0.697936
    discharge_ratio: 5
    depth_of_discharge: 0.5
  VRBF:
    cost: 305.679
    lifetime: 24.5145
    annual_cost: 12.46931407942238
    efficiency: 0.691401
    discharge_ratio: 0.5
    depth_of_discharge: 1.0
