cost_values:
  wind_capex: 5000.0
  wind_opex: 100
  wind_lifetime: 20
  solar_capex: 1000.0
  solar_opex: 10
  solar_lifetime: 20
  carbon_price: 1.0
timeseries_values:
  load_level: 287281.42926931585
  wind_year: 2018
  solar_year: 2017
  price_year: 2023
  carbon_year: 2023
storage_values:
  CAES:
    cost: 61.1316
    lifetime: 25.7221
    annual_cost: 2.3766177722658726
    efficiency: 0.568537
    discharge_ratio: 0.1
    depth_of_discharge: 0.4
  Li-ion:
    cost: 121.274
    lifetime: 20.2488
    annual_cost: 5.989194421397811
    efficiency: 0.857073
    discharge_ratio: 2
    depth_of_discharge: 0.9
  Pb-acid:
    cost: 172.189
    lifetime: 7.88537
    annual_cost: 21.836514963787366
    efficiency: 0.714836
    discharge_ratio: 5
    depth_of_discharge: 0.5
  VRBF:
    cost: 299.236
    lifetime: 28.0502
    annual_cost: 10.667874025853648
    efficiency: 0.668026
    discharge_ratio: 0.5
    depth_of_discharge: 1.0
