cost_values:
  wind_capex: 5000.0
  wind_opex: 100
  wind_lifetime: 20
  solar_capex: 1000.0
  solar_opex: 10
  solar_lifetime: 20
  carbon_price: 1.0
timeseries_values:
  load_level: 287281.42926931585
  wind_year: 2018
  solar_year: 2017
  price_year: 2023
  carbon_year: 2023
storage_values:
  CAES:
    cost: 65.9536
    lifetime: 25.8232
    annual_cost: 2.554044425168066
    efficiency: 0.568905
    discharge_ratio: 0.1
    depth_of_discharge: 0.4
  Li-ion:
    cost: 135.225
    lifetime: 21.9454
    annual_cost: 6.161883583803439
    efficiency: 0.870428
    discharge_ratio: 2
    depth_of_discharge: 0.9
  Pb-acid:
    cost: 185.2
    lifetime: 6.67369
    annual_cost: 27.750764569526005
    efficiency: 0.713579
    discharge_ratio: 5
    depth_of_discharge: 0.5
  VRBF:
    cost: 299.251
    lifetime: 26.3453
    annual_cost: 11.358800241409282
    efficiency: 0.66944
    discharge_ratio: 0.5
    depth_of_discharge: 1.0
