cost_values:
  wind_capex: 5000.0
  wind_opex: 100
  wind_lifetime: 20
  solar_capex: 1000.0
  solar_opex: 10
  solar_lifetime: 20
  carbon_price: 1.0
timeseries_values:
  load_level: 287281.42926931585
  wind_year: 2018
  solar_year: 2017
  price_year: 2023
  carbon_year: 2023
storage_values:
  CAES:
    cost: 66.1715
    lifetime: 26.2919
    annual_cost: 2.5168017526310384
    efficiency: 0.563459
    discharge_ratio: 0.1
    depth_of_discharge: 0.4
  Li-ion:
    cost: 147.435
    lifetime: 20.4663
    annual_cost: 7.203793553304701
    efficiency: 0.856465
    discharge_ratio: 2
    depth_of_discharge: 0.9
  Pb-acid:
    cost: 185.405
    lifetime: 8.28774
    annual_cost: 22.370996194378687
    efficiency: 0.694325
    discharge_ratio: 5
    depth_of_discharge: 0.5
  VRBF:
    cost: 300.974
    lifetime: 28.6792
    annual_cost: 10.49450472816536
    efficiency: 0.65879
    discharge_ratio: 0.5
    depth_of_discharge: 1.0
