cost_values:
  wind_capex: 5000.0
  wind_opex: 100
  wind_lifetime: 20
  solar_capex: 1000.0
  solar_opex: 10
  solar_lifetime: 20
  carbon_price: 1.0
timeseries_values:
  load_level: 287281.42926931585
  wind_year: 2018
  solar_year: 2017
  price_year: 2023
  carbon_year: 2023
storage_values:
  CAES:
    cost: 60.2338
    lifetime: 26.3634
    annual_cost: 2.2847508288005343
    efficiency: 0.571438
    discharge_ratio: 0.1
    depth_of_discharge: 0.4
  Li-ion:
    cost: 156.609
    lifetime: 21.3848
    annual_cost: 7.323379222625417
    efficiency: 0.869604
    discharge_ratio: 2
    depth_of_discharge: 0.9
  Pb-acid:
    cost: 162.131
    lifetime: 8.41275
    annual_cost: 19.27205729398829
    efficiency: 0.717096
    discharge_ratio: 5
    depth_of_discharge: 0.5
  VRBF:
    cost: 316.98
    lifetime: 24.6354
    annual_cost: 12.866850142477897
    efficiency: 0.65424
    discharge_ratio: 0.5
    depth_of_discharge: 1.0
