cost_values:
  wind_capex: 5000.0
  wind_opex: 100
  wind_lifetime: 20
  solar_capex: 1000.0
  solar_opex: 10
  solar_lifetime: 20
  carbon_price: 1.0
timeseries_values:
  load_level: 287281.42926931585
  wind_year: 2018
  solar_year: 2017
  price_year: 2023
  carbon_year: 2023
storage_values:
  CAES:
    cost: 61.3571
    lifetime: 25.7729
    annual_cost: 2.3806828102386617
    efficiency: 0.572276
    discharge_ratio: 0.1
    depth_of_discharge: 0.4
  Li-ion:
    cost: 117.519
    lifetime: 22.9183
    annual_cost: 5.127736350427388
    efficiency: 0.855866
    discharge_ratio: 2
    depth_of_discharge: 0.9
  Pb-acid:
    cost: 163.954
    lifetime: 8.68295
    annual_cost: 18.882292308489628
    efficiency: 0.70207
    discharge_ratio: 5
    depth_of_discharge: 0.5
  VRBF:
    cost: 295.615
    lifetime: 24.5655
    annual_cost: 12.033746514420631
    efficiency: 0.682058
    discharge_ratio: 0.5
    depth_of_discharge: 1.0
