cost_values:
  wind_capex: 5000.0
  wind_opex: 100
  wind_lifetime: 20
  solar_capex: 1000.0
  solar_opex: 10
  solar_lifetime: 20
  carbon_price: 1.0
timeseries_values:
  load_level: 287281.42926931585
  wind_year: 2018
  solar_year: 2017
  price_year: 2023
  carbon_year: 2023
storage_values:
  CAES:
    cost: 58.4952
    lifetime: 25.5798
    annual_cost: 2.286773156944151
    efficiency: 0.578592
    discharge_ratio: 0.1
    depth_of_discharge: 0.4
  Li-ion:
    cost: 164.989
    lifetime: 20.6165
    annual_cost: 8.002764775786385
    efficiency: 0.857677
    discharge_ratio: 2
    depth_of_discharge: 0.9
  Pb-acid:
    cost: 193.025
    lifetime: 8.93305
    annual_cost: 21.607961446538418
    efficiency: 0.70352
    discharge_ratio: 5
    depth_of_discharge: 0.5
  VRBF:
    cost: 306.125
    lifetime: 26.1832
    annual_cost: 11.69165724586758
    efficiency: 0.658719
    discharge_ratio: 0.5
    depth_of_discharge: 1.0
