cost_values:
  wind_capex: 5000.0
  wind_opex: 100
  wind_lifetime: 20
  solar_capex: 1000.0
  solar_opex: 10
  solar_lifetime: 20
  carbon_price: 1.0
timeseries_values:
  load_level: 287281.42926931585
  wind_year: 2018
  solar_year: 2017
  price_year: 2023
  carbon_year: 2023
storage_values:
  CAES:
    cost: 60.3723
    lifetime: 25.0411
    annual_cost: 2.410928433655071
    efficiency: 0.576681
    discharge_ratio: 0.1
    depth_of_discharge: 0.4
  Li-ion:
    cost: 128.622
    lifetime: 21.8298
    annual_cost: 5.892037490036556
    efficiency: 0.866214
    discharge_ratio: 2
    depth_of_discharge: 0.9
  Pb-acid:
    cost: 180.208
    lifetime: 9.30869
    annual_cost: 19.35911497751026
    efficiency: 0.711992
    discharge_ratio: 5
    depth_of_discharge: 0.5
  VRBF:
    cost: 267.869
    lifetime: 26.8719
    annual_cost: 9.968368444360095
    efficiency: 0.663751
    discharge_ratio: 0.5
    depth_of_discharge: 1.0
