cost_values:
  wind_capex: 5000.0
  wind_opex: 100
  wind_lifetime: 20
  solar_capex: 1000.0
  solar_opex: 10
  solar_lifetime: 20
  carbon_price: 1.0
timeseries_values:
  load_level: 287281.42926931585
  wind_year: 2018
  solar_year: 2017
  price_year: 2023
  carbon_year: 2023
storage_values:
  CAES:
    cost: 63.8686
    lifetime: 24.854
    annual_cost: 2.56975134787157
    efficiency: 0.56267
    discharge_ratio: 0.1
    depth_of_discharge: 0.4
  Li-ion:
    cost: 155.628
    lifetime: 21.0841
    annual_cost: 7.381296806598336
    efficiency: 0.866445
    discharge_ratio: 2
    depth_of_discharge: 0.9
  Pb-acid:
    cost: 156.318
    lifetime: 9.29681
    annual_cost: 16.81415453257623
    efficiency: 0.7096
    discharge_ratio: 5
    depth_of_discharge: 0.5
  VRBF:
    cost: 292.946
    lifetime: 28.5782
    annual_cost: 10.25068058870048
    efficiency: 0.668926
    discharge_ratio: 0.5
    depth_of_discharge: 1.0
