cost_values:
  wind_capex: 5000.0
  wind_opex: 100
  wind_lifetime: 20
  solar_capex: 1000.0
  solar_opex: 10
  solar_lifetime: 20
  carbon_price: 1.0
timeseries_values:
  load_level: 287281.42926931585
  wind_year: 2018
  solar_year: 2017
  price_year: 2023
  carbon_year: 2023
storage_values:
  CAES:
    cost: 56.3643
    lifetime: 26.4843
    annual_cost: 2.1282155843273185
    efficiency: 0.571434
    discharge_ratio: 0.1
    depth_of_discharge: 0.4
  Li-ion:
    cost: 151.397
    lifetime: 21.5989
    annual_cost: 7.009477334493885
    efficiency: 0.857749
    discharge_ratio: 2
    depth_of_discharge: 0.9
  Pb-acid:
    cost: 160.617
    lifetime: 8.61278
    annual_cost: 18.648682539203367
    efficiency: 0.708731
    discharge_ratio: 5
    depth_of_discharge: 0.5
  VRBF:
    cost: 363.914
    lifetime: 28.3763
    annual_cost: 12.824575437953502
    efficiency: 0.663039
    discharge_ratio: 0.5
    depth_of_discharge: 1.0
