cost_values:
  wind_capex: 5000.0
  wind_opex: 100
  wind_lifetime: 20
  solar_capex: 1000.0
  solar_opex: 10
  solar_lifetime: 20
  carbon_price: 1.0
timeseries_values:
  load_level: 287281.42926931585
  wind_year: 2018
  solar_year: 2017
  price_year: 2023
  carbon_year: 2023
storage_values:
  CAES:
    cost: 59.6622
    lifetime: 26.3546
    annual_cost: 2.2638249110212256
    efficiency: 0.576707
    discharge_ratio: 0.1
    depth_of_discharge: 0.4
  Li-ion:
    cost: 166.208
    lifetime: 23.532
    annual_cost: 7.063063063063063
    efficiency: 0.861905
    discharge_ratio: 2
    depth_of_discharge: 0.9
  Pb-acid:
    cost: 175.612
    lifetime: 7.57707
    annual_cost: 23.17676885656329
    efficiency: 0.699575
    discharge_ratio: 5
    depth_of_discharge: 0.5
  VRBF:
    cost: 303.845
    lifetime: 23.5932
    annual_cost: 12.878498889510539
    efficiency: 0.669263
    discharge_ratio: 0.5
    depth_of_discharge: 1.0
