cost_values:
  wind_capex: 5000.0
  wind_opex: 100
  wind_lifetime: 20
  solar_capex: 1000.0
  solar_opex: 10
  solar_lifetime: 20
  carbon_price: 1.0
timeseries_values:
  load_level: 287281.42926931585
  wind_year: 2018
  solar_year: 2017
  price_year: 2023
  carbon_year: 2023
storage_values:
  CAES:
    cost: 59.3535
    lifetime: 25.1054
    annual_cost: 2.3641726481155447
    efficiency: 0.572013
    discharge_ratio: 0.1
    depth_of_discharge: 0.4
  Li-ion:
    cost: 152.058
    lifetime: 20.0327
    annual_cost: 7.590489549586427
    efficiency: 0.852835
    discharge_ratio: 2
    depth_of_discharge: 0.9
  Pb-acid:
    cost: 149.878
    lifetime: 7.88143
    annual_cost: 19.01659977948164
    efficiency: 0.687295
    discharge_ratio: 5
    depth_of_discharge: 0.5
  VRBF:
    cost: 262.593
    lifetime: 26.9724
    annual_cost: 9.735618632379767
    efficiency: 0.666407
    discharge_ratio: 0.5
    depth_of_discharge: 1.0
