cost_values:
  wind_capex: 5000.0
  wind_opex: 100
  wind_lifetime: 20
  solar_capex: 1000.0
  solar_opex: 10
  solar_lifetime: 20
  carbon_price: 1.0
timeseries_values:
  load_level: 287281.42926931585
  wind_year: 2018
  solar_year: 2017
  price_year: 2023
  carbon_year: 2023
storage_values:
  CAES:
    cost: 54.2796
    lifetime: 26.6091
    annual_cost: 2.0398886095358355
    efficiency: 0.563741
    discharge_ratio: 0.1
    depth_of_discharge: 0.4
  Li-ion:
    cost: 142.216
    lifetime: 22.8721
    annual_cost: 6.217881174006759
    efficiency: 0.857048
    discharge_ratio: 2
    depth_of_discharge: 0.9
  Pb-acid:
    cost: 183.151
    lifetime: 8.36649
    annual_cost: 21.89102000958586
    efficiency: 0.716082
    discharge_ratio: 5
    depth_of_discharge: 0.5
  VRBF:
    cost: 276.074
    lifetime: 26.0433
    annual_cost: 10.600576731827381
    efficiency: 0.660443
    discharge_ratio: 0.5
    depth_of_discharge: 1.0
