cost_values:
  wind_capex: 5000.0
  wind_opex: 100
  wind_lifetime: 20
  solar_capex: 1000.0
  solar_opex: 10
  solar_lifetime: 20
  carbon_price: 1.0
timeseries_values:
  load_level: 248857.37643537179
  wind_year: 2018
  solar_year: 2019
  price_year: 2023
  carbon_year: 2023
storage_values:
  CAES:
    cost: 51.0179
    lifetime: 27.4769
    annual_cost: 1.856756038708879
    efficiency: 0.602932
    discharge_ratio: 0.1
    depth_of_discharge: 0.4
  Li-ion:
    cost: 210.882
    lifetime: 17.7095
    annual_cost: 11.907846071317655
    efficiency: 0.925215
    discharge_ratio: 2
    depth_of_discharge: 0.9
  Pb-acid:
    cost: 120.883
    lifetime: 12.6594
    annual_cost: 9.548872774381092
    efficiency: 0.751496
    discharge_ratio: 5
    depth_of_discharge: 0.5
  VRBF:
    cost: 325.274
    lifetime: 19.7371
    annual_cost: 16.480333990302526
    efficiency: 0.6753
    discharge_ratio: 0.5
    depth_of_discharge: 1.0
