cost_values:
  wind_capex: 5000.0
  wind_opex: 100
  wind_lifetime: 20
  solar_capex: 1000.0
  solar_opex: 10
  solar_lifetime: 20
  carbon_price: 1.0
timeseries_values:
  load_level: 248857.37643537179
  wind_year: 2018
  solar_year: 2019
  price_year: 2023
  carbon_year: 2023
storage_values:
  CAES:
    cost: 44.0493
    lifetime: 25.9164
    annual_cost: 1.6996689355003012
    efficiency: 0.616506
    discharge_ratio: 0.1
    depth_of_discharge: 0.4
  Li-ion:
    cost: 217.71
    lifetime: 19.2372
    annual_cost: 11.317135549872122
    efficiency: 0.927296
    discharge_ratio: 2
    depth_of_discharge: 0.9
  Pb-acid:
    cost: 160.719
    lifetime: 12.6276
    annual_cost: 12.727596692958283
    efficiency: 0.754427
    discharge_ratio: 5
    depth_of_discharge: 0.5
  VRBF:
    cost: 313.449
    lifetime: 19.1122
    annual_cost: 16.400466717593996
    efficiency: 0.681881
    discharge_ratio: 0.5
    depth_of_discharge: 1.0
