cost_values:
  wind_capex: 5000.0
  wind_opex: 100
  wind_lifetime: 20
  solar_capex: 1000.0
  solar_opex: 10
  solar_lifetime: 20
  carbon_price: 1.0
timeseries_values:
  load_level: 248857.37643537179
  wind_year: 2018
  solar_year: 2019
  price_year: 2023
  carbon_year: 2023
storage_values:
  CAES:
    cost: 57.5028
    lifetime: 27.9482
    annual_cost: 2.057477762431928
    efficiency: 0.607479
    discharge_ratio: 0.1
    depth_of_discharge: 0.4
  Li-ion:
    cost: 201.222
    lifetime: 19.9569
    annual_cost: 10.082828495407604
    efficiency: 0.919986
    discharge_ratio: 2
    depth_of_discharge: 0.9
  Pb-acid:
    cost: 100.704
    lifetime: 13.134
    annual_cost: 7.667428049337596
    efficiency: 0.730602
    discharge_ratio: 5
    depth_of_discharge: 0.5
  VRBF:
    cost: 303.25
    lifetime: 19.6512
    annual_cost: 15.431627585083863
    efficiency: 0.683353
    discharge_ratio: 0.5
    depth_of_discharge: 1.0
