cost_values:
  wind_capex: 5000.0
  wind_opex: 100
  wind_lifetime: 20
  solar_capex: 1000.0
  solar_opex: 10
  solar_lifetime: 20
  carbon_price: 1.0
timeseries_values:
  load_level: 248857.37643537179
  wind_year: 2018
  solar_year: 2019
  price_year: 2023
  carbon_year: 2023
storage_values:
  CAES:
    cost: 58.8495
    lifetime: 26.1603
    annual_cost: 2.2495728259997017
    efficiency: 0.609326
    discharge_ratio: 0.1
    depth_of_discharge: 0.4
  Li-ion:
    cost: 207.739
    lifetime: 19.3441
    annual_cost: 10.739140099565242
    efficiency: 0.914509
    discharge_ratio: 2
    depth_of_discharge: 0.9
  Pb-acid:
    cost: 139.101
    lifetime: 13.7593
    annual_cost: 10.109598598765926
    efficiency: 0.748625
    discharge_ratio: 5
    depth_of_discharge: 0.5
  VRBF:
    cost: 324.089
    lifetime: 19.5569
    annual_cost: 16.571593657481504
    efficiency: 0.666637
    discharge_ratio: 0.5
    depth_of_discharge: 1.0
