cost_values:
  wind_capex: 5000.0
  wind_opex: 100
  wind_lifetime: 20
  solar_capex: 1000.0
  solar_opex: 10
  solar_lifetime: 20
  carbon_price: 1.0
timeseries_values:
  load_level: 248857.37643537179
  wind_year: 2018
  solar_year: 2019
  price_year: 2023
  carbon_year: 2023
storage_values:
  CAES:
    cost: 62.6876
    lifetime: 26.7885
    annual_cost: 2.340093696922187
    efficiency: 0.613966
    discharge_ratio: 0.1
    depth_of_discharge: 0.4
  Li-ion:
    cost: 216.041
    lifetime: 19.2164
    annual_cost: 11.242532420224391
    efficiency: 0.911173
    discharge_ratio: 2
    depth_of_discharge: 0.9
  Pb-acid:
    cost: 133.963
    lifetime: 11.9393
    annual_cost: 11.220339550894943
    efficiency: 0.763895
    discharge_ratio: 5
    depth_of_discharge: 0.5
  VRBF:
    cost: 306.291
    lifetime: 18.3309
    annual_cost: 16.708999558123168
    efficiency: 0.693501
    discharge_ratio: 0.5
    depth_of_discharge: 1.0
