cost_values:
  wind_capex: 5000.0
  wind_opex: 100
  wind_lifetime: 20
  solar_capex: 1000.0
  solar_opex: 10
  solar_lifetime: 20
  carbon_price: 1.0
timeseries_values:
  load_level: 248857.37643537179
  wind_year: 2018
  solar_year: 2019
  price_year: 2023
  carbon_year: 2023
storage_values:
  CAES:
    cost: 51.2269
    lifetime: 25.4407
    annual_cost: 2.0135806011627038
    efficiency: 0.621168
    discharge_ratio: 0.1
    depth_of_discharge: 0.4
  Li-ion:
    cost: 199.176
    lifetime: 19.4936
    annual_cost: 10.217507284442073
    efficiency: 0.928366
    discharge_ratio: 2
    depth_of_discharge: 0.9
  Pb-acid:
    cost: 152.945
    lifetime: 13.8345
    annual_cost: 11.055332682785789
    efficiency: 0.731295
    discharge_ratio: 5
    depth_of_discharge: 0.5
  VRBF:
    cost: 312.986
    lifetime: 19.6009
    annual_cost: 15.96794024764169
    efficiency: 0.669443
    discharge_ratio: 0.5
    depth_of_discharge: 1.0
