cost_values:
  wind_capex: 5000.0
  wind_opex: 100
  wind_lifetime: 20
  solar_capex: 1000.0
  solar_opex: 10
  solar_lifetime: 20
  carbon_price: 1.0
timeseries_values:
  load_level: 248857.37643537179
  wind_year: 2018
  solar_year: 2019
  price_year: 2023
  carbon_year: 2023
storage_values:
  CAES:
    cost: 47.3643
    lifetime: 26.531
    annual_cost: 1.7852436772077946
    efficiency: 0.605878
    discharge_ratio: 0.1
    depth_of_discharge: 0.4
  Li-ion:
    cost: 186.246
    lifetime: 20.5667
    annual_cost: 9.055706554770575
    efficiency: 0.9219
    discharge_ratio: 2
    depth_of_discharge: 0.9
  Pb-acid:
    cost: 157.064
    lifetime: 12.8686
    annual_cost: 12.205212688248915
    efficiency: 0.754149
    discharge_ratio: 5
    depth_of_discharge: 0.5
  VRBF:
    cost: 326.036
    lifetime: 21.4716
    annual_cost: 15.184522811527787
    efficiency: 0.658684
    discharge_ratio: 0.5
    depth_of_discharge: 1.0
