cost_values:
  wind_capex: 5000.0
  wind_opex: 100
  wind_lifetime: 20
  solar_capex: 1000.0
  solar_opex: 10
  solar_lifetime: 20
  carbon_price: 1.0
timeseries_values:
  load_level: 248857.37643537179
  wind_year: 2018
  solar_year: 2019
  price_year: 2023
  carbon_year: 2023
storage_values:
  CAES:
    cost: 59.6425
    lifetime: 26.2819
    annual_cost: 2.2693374527716794
    efficiency: 0.609322
    discharge_ratio: 0.1
    depth_of_discharge: 0.4
  Li-ion:
    cost: 204.281
    lifetime: 19.7164
    annual_cost: 10.360968533809418
    efficiency: 0.920881
    discharge_ratio: 2
    depth_of_discharge: 0.9
  Pb-acid:
    cost: 137.635
    lifetime: 12.3907
    annual_cost: 11.107927719983534
    efficiency: 0.749777
    discharge_ratio: 5
    depth_of_discharge: 0.5
  VRBF:
    cost: 285.896
    lifetime: 20.6318
    annual_cost: 13.857055613179657
    efficiency: 0.698661
    discharge_ratio: 0.5
    depth_of_discharge: 1.0
