cost_values:
  wind_capex: 5000.0
  wind_opex: 100
  wind_lifetime: 20
  solar_capex: 1000.0
  solar_opex: 10
  solar_lifetime: 20
  carbon_price: 1.0
timeseries_values:
  load_level: 248857.37643537179
  wind_year: 2018
  solar_year: 2019
  price_year: 2023
  carbon_year: 2023
storage_values:
  CAES:
    cost: 44.0702
    lifetime: 26.9014
    annual_cost: 1.6382121376582632
    efficiency: 0.608114
    discharge_ratio: 0.1
    depth_of_discharge: 0.4
  Li-ion:
    cost: 182.711
    lifetime: 16.8525
    annual_cost: 10.841774217475153
    efficiency: 0.92025
    discharge_ratio: 2
    depth_of_discharge: 0.9
  Pb-acid:
    cost: 142.701
    lifetime: 12.5776
    annual_cost: 11.345646228215239
    efficiency: 0.742503
    discharge_ratio: 5
    depth_of_discharge: 0.5
  VRBF:
    cost: 326.246
    lifetime: 18.5468
    annual_cost: 17.59041991071236
    efficiency: 0.663516
    discharge_ratio: 0.5
    depth_of_discharge: 1.0
