cost_values:
  wind_capex: 5000.0
  wind_opex: 100
  wind_lifetime: 20
  solar_capex: 1000.0
  solar_opex: 10
  solar_lifetime: 20
  carbon_price: 1.0
timeseries_values:
  load_level: 248857.37643537179
  wind_year: 2018
  solar_year: 2019
  price_year: 2023
  carbon_year: 2023
storage_values:
  CAES:
    cost: 49.8804
    lifetime: 25.5818
    annual_cost: 1.9498393389050028
    efficiency: 0.606116
    discharge_ratio: 0.1
    depth_of_discharge: 0.4
  Li-ion:
    cost: 171.945
    lifetime: 20.3881
    annual_cost: 8.43359606829474
    efficiency: 0.907479
    discharge_ratio: 2
    depth_of_discharge: 0.9
  Pb-acid:
    cost: 136.119
    lifetime: 12.9294
    annual_cost: 10.527866722353705
    efficiency: 0.759513
    discharge_ratio: 5
    depth_of_discharge: 0.5
  VRBF:
    cost: 330.367
    lifetime: 17.5883
    annual_cost: 18.783338924171183
    efficiency: 0.678281
    discharge_ratio: 0.5
    depth_of_discharge: 1.0
