cost_values:
  wind_capex: 5000.0
  wind_opex: 100
  wind_lifetime: 20
  solar_capex: 1000.0
  solar_opex: 10
  solar_lifetime: 20
  carbon_price: 1.0
timeseries_values:
  load_level: 248857.37643537179
  wind_year: 2018
  solar_year: 2019
  price_year: 2023
  carbon_year: 2023
storage_values:
  CAES:
    cost: 46.5255
    lifetime: 26.3282
    annual_cost: 1.767135618842154
    efficiency: 0.607829
    discharge_ratio: 0.1
    depth_of_discharge: 0.4
  Li-ion:
    cost: 172.77
    lifetime: 19.6055
    annual_cost: 8.812323072607178
    efficiency: 0.923055
    discharge_ratio: 2
    depth_of_discharge: 0.9
  Pb-acid:
    cost: 133.899
    lifetime: 11.7868
    annual_cost: 11.3600807683171
    efficiency: 0.752632
    discharge_ratio: 5
    depth_of_discharge: 0.5
  VRBF:
    cost: 327.216
    lifetime: 22.4306
    annual_cost: 14.587928989862064
    efficiency: 0.657779
    discharge_ratio: 0.5
    depth_of_discharge: 1.0
