cost_values:
  wind_capex: 5000.0
  wind_opex: 100
  wind_lifetime: 20
  solar_capex: 1000.0
  solar_opex: 10
  solar_lifetime: 20
  carbon_price: 1.0
timeseries_values:
  load_level: 248857.37643537179
  wind_year: 2018
  solar_year: 2019
  price_year: 2023
  carbon_year: 2023
storage_values:
  CAES:
    cost: 49.4575
    lifetime: 25.6425
    annual_cost: 1.928731597933119
    efficiency: 0.611379
    discharge_ratio: 0.1
    depth_of_discharge: 0.4
  Li-ion:
    cost: 209.707
    lifetime: 19.8248
    annual_cost: 10.57801339736088
    efficiency: 0.910341
    discharge_ratio: 2
    depth_of_discharge: 0.9
  Pb-acid:
    cost: 122.863
    lifetime: 13.0104
    annual_cost: 9.443445243804955
    efficiency: 0.743815
    discharge_ratio: 5
    depth_of_discharge: 0.5
  VRBF:
    cost: 298.293
    lifetime: 19.2039
    annual_cost: 15.532938621842439
    efficiency: 0.682968
    discharge_ratio: 0.5
    depth_of_discharge: 1.0
