cost_values:
  wind_capex: 5000.0
  wind_opex: 100
  wind_lifetime: 20
  solar_capex: 1000.0
  solar_opex: 10
  solar_lifetime: 20
  carbon_price: 1.0
timeseries_values:
  load_level: 248857.37643537179
  wind_year: 2018
  solar_year: 2019
  price_year: 2023
  carbon_year: 2023
storage_values:
  CAES:
    cost: 48.1052
    lifetime: 26.6042
    annual_cost: 1.8081806632035546
    efficiency: 0.601246
    discharge_ratio: 0.1
    depth_of_discharge: 0.4
  Li-ion:
    cost: 218.594
    lifetime: 20.1683
    annual_cost: 10.838494072380914
    efficiency: 0.920162
    discharge_ratio: 2
    depth_of_discharge: 0.9
  Pb-acid:
    cost: 152.281
    lifetime: 15.31
    annual_cost: 9.946505551926846
    efficiency: 0.747608
    discharge_ratio: 5
    depth_of_discharge: 0.5
  VRBF:
    cost: 295.408
    lifetime: 19.0749
    annual_cost: 15.486739117898392
    efficiency: 0.661769
    discharge_ratio: 0.5
    depth_of_discharge: 1.0
