cost_values:
  wind_capex: 5000.0
  wind_opex: 100
  wind_lifetime: 20
  solar_capex: 1000.0
  solar_opex: 10
  solar_lifetime: 20
  carbon_price: 1.0
timeseries_values:
  load_level: 248857.37643537179
  wind_year: 2018
  solar_year: 2019
  price_year: 2023
  carbon_year: 2023
storage_values:
  CAES:
    cost: 52.6877
    lifetime: 25.3544
    annual_cost: 2.078049569305525
    efficiency: 0.606495
    discharge_ratio: 0.1
    depth_of_discharge: 0.4
  Li-ion:
    cost: 206.557
    lifetime: 16.6988
    annual_cost: 12.369571466213142
    efficiency: 0.924193
    discharge_ratio: 2
    depth_of_discharge: 0.9
  Pb-acid:
    cost: 141.514
    lifetime: 11.9157
    annual_cost: 11.876264088555438
    efficiency: 0.74655
    discharge_ratio: 5
    depth_of_discharge: 0.5
  VRBF:
    cost: 314.652
    lifetime: 19.5481
    annual_cost: 16.096295803684242
    efficiency: 0.667617
    discharge_ratio: 0.5
    depth_of_discharge: 1.0
