cost_values:
  wind_capex: 5000.0
  wind_opex: 100
  wind_lifetime: 20
  solar_capex: 1000.0
  solar_opex: 10
  solar_lifetime: 20
  carbon_price: 1.0
timeseries_values:
  load_level: 248857.37643537179
  wind_year: 2018
  solar_year: 2019
  price_year: 2023
  carbon_year: 2023
storage_values:
  CAES:
    cost: 56.0884
    lifetime: 25.9283
    annual_cost: 2.1632116259068277
    efficiency: 0.603069
    discharge_ratio: 0.1
    depth_of_discharge: 0.4
  Li-ion:
    cost: 213.402
    lifetime: 17.0468
    annual_cost: 12.518595865499682
    efficiency: 0.915187
    discharge_ratio: 2
    depth_of_discharge: 0.9
  Pb-acid:
    cost: 131.784
    lifetime: 14.1322
    annual_cost: 9.325087389083087
    efficiency: 0.743834
    discharge_ratio: 5
    depth_of_discharge: 0.5
  VRBF:
    cost: 311.284
    lifetime: 17.4822
    annual_cost: 17.805768152749653
    efficiency: 0.671233
    discharge_ratio: 0.5
    depth_of_discharge: 1.0
