cost_values:
  wind_capex: 5000.0
  wind_opex: 100
  wind_lifetime: 20
  solar_capex: 1000.0
  solar_opex: 10
  solar_lifetime: 20
  carbon_price: 1.0
timeseries_values:
  load_level: 248857.37643537179
  wind_year: 2018
  solar_year: 2019
  price_year: 2023
  carbon_year: 2023
storage_values:
  CAES:
    cost: 41.0734
    lifetime: 26.7977
    annual_cost: 1.5327210917354848
    efficiency: 0.610923
    discharge_ratio: 0.1
    depth_of_discharge: 0.4
  Li-ion:
    cost: 206.691
    lifetime: 20.2535
    annual_cost: 10.205199101389884
    efficiency: 0.921241
    discharge_ratio: 2
    depth_of_discharge: 0.9
  Pb-acid:
    cost: 161.622
    lifetime: 13.6437
    annual_cost: 11.845906902086679
    efficiency: 0.733071
    discharge_ratio: 5
    depth_of_discharge: 0.5
  VRBF:
    cost: 311.054
    lifetime: 19.3112
    annual_cost: 16.107440241932142
    efficiency: 0.683788
    discharge_ratio: 0.5
    depth_of_discharge: 1.0
