cost_values:
  wind_capex: 5000.0
  wind_opex: 100
  wind_lifetime: 20
  solar_capex: 1000.0
  solar_opex: 10
  solar_lifetime: 20
  carbon_price: 1.0
timeseries_values:
  load_level: 248857.37643537179
  wind_year: 2018
  solar_year: 2019
  price_year: 2023
  carbon_year: 2023
storage_values:
  CAES:
    cost: 55.0388
    lifetime: 25.4843
    annual_cost: 2.1597140200044733
    efficiency: 0.605758
    discharge_ratio: 0.1
    depth_of_discharge: 0.4
  Li-ion:
    cost: 192.81
    lifetime: 18.6809
    annual_cost: 10.32123719949253
    efficiency: 0.933136
    discharge_ratio: 2
    depth_of_discharge: 0.9
  Pb-acid:
    cost: 116.99
    lifetime: 12.5899
    annual_cost: 9.292369280137253
    efficiency: 0.73606
    discharge_ratio: 5
    depth_of_discharge: 0.5
  VRBF:
    cost: 302.872
    lifetime: 18.0647
    annual_cost: 16.765957917928336
    efficiency: 0.684731
    discharge_ratio: 0.5
    depth_of_discharge: 1.0
