cost_values:
  wind_capex: 5000.0
  wind_opex: 100
  wind_lifetime: 20
  solar_capex: 1000.0
  solar_opex: 10
  solar_lifetime: 20
  carbon_price: 1.0
timeseries_values:
  load_level: 248857.37643537179
  wind_year: 2018
  solar_year: 2019
  price_year: 2023
  carbon_year: 2023
storage_values:
  CAES:
    cost: 50.8208
    lifetime: 26.0459
    annual_cost: 1.9512015326788477
    efficiency: 0.608363
    discharge_ratio: 0.1
    depth_of_discharge: 0.4
  Li-ion:
    cost: 183.314
    lifetime: 19.6401
    annual_cost: 9.333659197254596
    efficiency: 0.927664
    discharge_ratio: 2
    depth_of_discharge: 0.9
  Pb-acid:
    cost: 158.983
    lifetime: 12.6079
    annual_cost: 12.609792273098613
    efficiency: 0.74185
    discharge_ratio: 5
    depth_of_discharge: 0.5
  VRBF:
    cost: 318.075
    lifetime: 20.4735
    annual_cost: 15.53593669865924
    efficiency: 0.682498
    discharge_ratio: 0.5
    depth_of_discharge: 1.0
