cost_values:
  wind_capex: 5000.0
  wind_opex: 100
  wind_lifetime: 20
  solar_capex: 1000.0
  solar_opex: 10
  solar_lifetime: 20
  carbon_price: 1.0
timeseries_values:
  load_level: 248857.37643537179
  wind_year: 2018
  solar_year: 2019
  price_year: 2023
  carbon_year: 2023
storage_values:
  CAES:
    cost: 50.0575
    lifetime: 25.1257
    annual_cost: 1.992282802071186
    efficiency: 0.604765
    discharge_ratio: 0.1
    depth_of_discharge: 0.4
  Li-ion:
    cost: 215.321
    lifetime: 19.9946
    annual_cost: 10.76895761855701
    efficiency: 0.923906
    discharge_ratio: 2
    depth_of_discharge: 0.9
  Pb-acid:
    cost: 139.275
    lifetime: 13.848
    annual_cost: 10.057409012131716
    efficiency: 0.7434
    discharge_ratio: 5
    depth_of_discharge: 0.5
  VRBF:
    cost: 290.317
    lifetime: 18.9343
    annual_cost: 15.332861526436151
    efficiency: 0.669681
    discharge_ratio: 0.5
    depth_of_discharge: 1.0
