cost_values:
  wind_capex: 5000.0
  wind_opex: 100
  wind_lifetime: 20
  solar_capex: 1000.0
  solar_opex: 10
  solar_lifetime: 20
  carbon_price: 1.0
timeseries_values:
  load_level: 248857.37643537179
  wind_year: 2018
  solar_year: 2019
  price_year: 2023
  carbon_year: 2023
storage_values:
  CAES:
    cost: 61.9324
    lifetime: 25.5238
    annual_cost: 2.42645687554361
    efficiency: 0.608611
    discharge_ratio: 0.1
    depth_of_discharge: 0.4
  Li-ion:
    cost: 212.441
    lifetime: 18.8976
    annual_cost: 11.241692066717466
    efficiency: 0.919085
    discharge_ratio: 2
    depth_of_discharge: 0.9
  Pb-acid:
    cost: 147.74
    lifetime: 12.6611
    annual_cost: 11.668812346478585
    efficiency: 0.74203
    discharge_ratio: 5
    depth_of_discharge: 0.5
  VRBF:
    cost: 285.379
    lifetime: 21.5739
    annual_cost: 13.227974543313914
    efficiency: 0.677573
    discharge_ratio: 0.5
    depth_of_discharge: 1.0
