cost_values:
  wind_capex: 5000.0
  wind_opex: 100
  wind_lifetime: 20
  solar_capex: 1000.0
  solar_opex: 10
  solar_lifetime: 20
  carbon_price: 1.0
timeseries_values:
  load_level: 248857.37643537179
  wind_year: 2018
  solar_year: 2019
  price_year: 2023
  carbon_year: 2023
storage_values:
  CAES:
    cost: 53.9541
    lifetime: 25.9169
    annual_cost: 2.0818114820831197
    efficiency: 0.616237
    discharge_ratio: 0.1
    depth_of_discharge: 0.4
  Li-ion:
    cost: 209.291
    lifetime: 18.4109
    annual_cost: 11.367776697499849
    efficiency: 0.932629
    discharge_ratio: 2
    depth_of_discharge: 0.9
  Pb-acid:
    cost: 138.439
    lifetime: 13.2737
    annual_cost: 10.42957125744894
    efficiency: 0.755261
    discharge_ratio: 5
    depth_of_discharge: 0.5
  VRBF:
    cost: 314.481
    lifetime: 18.2294
    annual_cost: 17.25130832611057
    efficiency: 0.674753
    discharge_ratio: 0.5
    depth_of_discharge: 1.0
