cost_values:
  wind_capex: 5000.0
  wind_opex: 100
  wind_lifetime: 20
  solar_capex: 1000.0
  solar_opex: 10
  solar_lifetime: 20
  carbon_price: 1.0
timeseries_values:
  load_level: 248857.37643537179
  wind_year: 2018
  solar_year: 2019
  price_year: 2023
  carbon_year: 2023
storage_values:
  CAES:
    cost: 53.5527
    lifetime: 25.8347
    annual_cost: 2.07289807894034
    efficiency: 0.611999
    discharge_ratio: 0.1
    depth_of_discharge: 0.4
  Li-ion:
    cost: 178.355
    lifetime: 18.4573
    annual_cost: 9.663114323330063
    efficiency: 0.918102
    discharge_ratio: 2
    depth_of_discharge: 0.9
  Pb-acid:
    cost: 136.431
    lifetime: 10.8975
    annual_cost: 12.519476944253269
    efficiency: 0.753454
    discharge_ratio: 5
    depth_of_discharge: 0.5
  VRBF:
    cost: 283.57
    lifetime: 22.3466
    annual_cost: 12.689626162369219
    efficiency: 0.678995
    discharge_ratio: 0.5
    depth_of_discharge: 1.0
