cost_values:
  wind_capex: 5000.0
  wind_opex: 100
  wind_lifetime: 20
  solar_capex: 1000.0
  solar_opex: 10
  solar_lifetime: 20
  carbon_price: 1.0
timeseries_values:
  load_level: 248857.37643537179
  wind_year: 2018
  solar_year: 2019
  price_year: 2023
  carbon_year: 2023
storage_values:
  CAES:
    cost: 53.1908
    lifetime: 26.5473
    annual_cost: 2.0036237206796925
    efficiency: 0.613765
    discharge_ratio: 0.1
    depth_of_discharge: 0.4
  Li-ion:
    cost: 198.581
    lifetime: 19.7435
    annual_cost: 10.058044419682426
    efficiency: 0.934751
    discharge_ratio: 2
    depth_of_discharge: 0.9
  Pb-acid:
    cost: 131.04
    lifetime: 10.6472
    annual_cost: 12.30746111653768
    efficiency: 0.75001
    discharge_ratio: 5
    depth_of_discharge: 0.5
  VRBF:
    cost: 315.828
    lifetime: 19.0703
    annual_cost: 16.561249691929333
    efficiency: 0.670719
    discharge_ratio: 0.5
    depth_of_discharge: 1.0
