cost_values:
  wind_capex: 5000.0
  wind_opex: 100
  wind_lifetime: 20
  solar_capex: 1000.0
  solar_opex: 10
  solar_lifetime: 20
  carbon_price: 1.0
timeseries_values:
  load_level: 248857.37643537179
  wind_year: 2018
  solar_year: 2019
  price_year: 2023
  carbon_year: 2023
storage_values:
  CAES:
    cost: 51.4849
    lifetime: 25.5674
    annual_cost: 2.013693218708199
    efficiency: 0.607202
    discharge_ratio: 0.1
    depth_of_discharge: 0.4
  Li-ion:
    cost: 216.071
    lifetime: 20.0604
    annual_cost: 10.771021515024625
    efficiency: 0.918033
    discharge_ratio: 2
    depth_of_discharge: 0.9
  Pb-acid:
    cost: 134.322
    lifetime: 12.5946
    annual_cost: 10.665046924872565
    efficiency: 0.752767
    discharge_ratio: 5
    depth_of_discharge: 0.5
  VRBF:
    cost: 298.226
    lifetime: 17.7712
    annual_cost: 16.78142162600162
    efficiency: 0.665143
    discharge_ratio: 0.5
    depth_of_discharge: 1.0
