cost_values:
  wind_capex: 5000.0
  wind_opex: 100
  wind_lifetime: 20
  solar_capex: 1000.0
  solar_opex: 10
  solar_lifetime: 20
  carbon_price: 1.0
timeseries_values:
  load_level: 248857.37643537179
  wind_year: 2018
  solar_year: 2019
  price_year: 2023
  carbon_year: 2023
storage_values:
  CAES:
    cost: 48.6071
    lifetime: 26.1493
    annual_cost: 1.8588298730749964
    efficiency: 0.599495
    discharge_ratio: 0.1
    depth_of_discharge: 0.4
  Li-ion:
    cost: 196.39
    lifetime: 19.2736
    annual_cost: 10.18958575460734
    efficiency: 0.919742
    discharge_ratio: 2
    depth_of_discharge: 0.9
  Pb-acid:
    cost: 125.575
    lifetime: 11.4479
    annual_cost: 10.969260737777233
    efficiency: 0.751624
    discharge_ratio: 5
    depth_of_discharge: 0.5
  VRBF:
    cost: 324.866
    lifetime: 18.9673
    annual_cost: 17.12768817912934
    efficiency: 0.670014
    discharge_ratio: 0.5
    depth_of_discharge: 1.0
