cost_values:
  wind_capex: 5000.0
  wind_opex: 100
  wind_lifetime: 20
  solar_capex: 1000.0
  solar_opex: 10
  solar_lifetime: 20
  carbon_price: 1.0
timeseries_values:
  load_level: 248857.37643537179
  wind_year: 2018
  solar_year: 2019
  price_year: 2023
  carbon_year: 2023
storage_values:
  CAES:
    cost: 60.8066
    lifetime: 25.6488
    annual_cost: 2.370738592058888
    efficiency: 0.622712
    discharge_ratio: 0.1
    depth_of_discharge: 0.4
  Li-ion:
    cost: 217.054
    lifetime: 19.2074
    annual_cost: 11.30054041671439
    efficiency: 0.931904
    discharge_ratio: 2
    depth_of_discharge: 0.9
  Pb-acid:
    cost: 128.192
    lifetime: 13.1849
    annual_cost: 9.722637259289035
    efficiency: 0.739445
    discharge_ratio: 5
    depth_of_discharge: 0.5
  VRBF:
    cost: 331.249
    lifetime: 20.1004
    annual_cost: 16.479721796581163
    efficiency: 0.673268
    discharge_ratio: 0.5
    depth_of_discharge: 1.0
