cost_values:
  wind_capex: 5000.0
  wind_opex: 100
  wind_lifetime: 20
  solar_capex: 1000.0
  solar_opex: 10
  solar_lifetime: 20
  carbon_price: 1.0
timeseries_values:
  load_level: 248857.37643537179
  wind_year: 2018
  solar_year: 2019
  price_year: 2023
  carbon_year: 2023
storage_values:
  CAES:
    cost: 48.5163
    lifetime: 27.1237
    annual_cost: 1.788705080796499
    efficiency: 0.619964
    discharge_ratio: 0.1
    depth_of_discharge: 0.4
  Li-ion:
    cost: 192.164
    lifetime: 17.3307
    annual_cost: 11.088069148966861
    efficiency: 0.914662
    discharge_ratio: 2
    depth_of_discharge: 0.9
  Pb-acid:
    cost: 152.401
    lifetime: 12.6184
    annual_cost: 12.077680213022255
    efficiency: 0.761967
    discharge_ratio: 5
    depth_of_discharge: 0.5
  VRBF:
    cost: 325.738
    lifetime: 20.8115
    annual_cost: 15.651827114816328
    efficiency: 0.67394
    discharge_ratio: 0.5
    depth_of_discharge: 1.0
