cost_values:
  wind_capex: 5000.0
  wind_opex: 100
  wind_lifetime: 20
  solar_capex: 1000.0
  solar_opex: 10
  solar_lifetime: 20
  carbon_price: 1.0
timeseries_values:
  load_level: 248857.37643537179
  wind_year: 2018
  solar_year: 2019
  price_year: 2023
  carbon_year: 2023
storage_values:
  CAES:
    cost: 52.994
    lifetime: 25.495
    annual_cost: 2.0786036477740732
    efficiency: 0.602641
    discharge_ratio: 0.1
    depth_of_discharge: 0.4
  Li-ion:
    cost: 189.911
    lifetime: 17.2327
    annual_cost: 11.020385662142322
    efficiency: 0.913431
    discharge_ratio: 2
    depth_of_discharge: 0.9
  Pb-acid:
    cost: 135.96
    lifetime: 14.1686
    annual_cost: 9.595866916985447
    efficiency: 0.739935
    discharge_ratio: 5
    depth_of_discharge: 0.5
  VRBF:
    cost: 300.983
    lifetime: 18.8823
    annual_cost: 15.939954348781663
    efficiency: 0.674955
    discharge_ratio: 0.5
    depth_of_discharge: 1.0
