cost_values:
  wind_capex: 5000.0
  wind_opex: 100
  wind_lifetime: 20
  solar_capex: 1000.0
  solar_opex: 10
  solar_lifetime: 20
  carbon_price: 1.0
timeseries_values:
  load_level: 248857.37643537179
  wind_year: 2018
  solar_year: 2019
  price_year: 2023
  carbon_year: 2023
storage_values:
  CAES:
    cost: 43.9169
    lifetime: 26.8755
    annual_cost: 1.6340868076872987
    efficiency: 0.601067
    discharge_ratio: 0.1
    depth_of_discharge: 0.4
  Li-ion:
    cost: 229.296
    lifetime: 16.9936
    annual_cost: 13.493079747669709
    efficiency: 0.915533
    discharge_ratio: 2
    depth_of_discharge: 0.9
  Pb-acid:
    cost: 137.656
    lifetime: 12.3322
    annual_cost: 11.162323024277907
    efficiency: 0.742823
    discharge_ratio: 5
    depth_of_discharge: 0.5
  VRBF:
    cost: 331.918
    lifetime: 20.283
    annual_cost: 16.36434452497165
    efficiency: 0.687949
    discharge_ratio: 0.5
    depth_of_discharge: 1.0
