cost_values:
  wind_capex: 5000.0
  wind_opex: 100
  wind_lifetime: 20
  solar_capex: 1000.0
  solar_opex: 10
  solar_lifetime: 20
  carbon_price: 1.0
timeseries_values:
  load_level: 248857.37643537179
  wind_year: 2018
  solar_year: 2019
  price_year: 2023
  carbon_year: 2023
storage_values:
  CAES:
    cost: 55.6916
    lifetime: 25.8902
    annual_cost: 2.1510687441580214
    efficiency: 0.610277
    discharge_ratio: 0.1
    depth_of_discharge: 0.4
  Li-ion:
    cost: 199.478
    lifetime: 18.7269
    annual_cost: 10.651949868905158
    efficiency: 0.922521
    discharge_ratio: 2
    depth_of_discharge: 0.9
  Pb-acid:
    cost: 148.598
    lifetime: 13.8312
    annual_cost: 10.743680953207242
    efficiency: 0.744301
    discharge_ratio: 5
    depth_of_discharge: 0.5
  VRBF:
    cost: 309.068
    lifetime: 19.8483
    annual_cost: 15.571509902611307
    efficiency: 0.677026
    discharge_ratio: 0.5
    depth_of_discharge: 1.0
