cost_values:
  wind_capex: 5000.0
  wind_opex: 100
  wind_lifetime: 20
  solar_capex: 1000.0
  solar_opex: 10
  solar_lifetime: 20
  carbon_price: 1.0
timeseries_values:
  load_level: 248857.37643537179
  wind_year: 2018
  solar_year: 2019
  price_year: 2023
  carbon_year: 2023
storage_values:
  CAES:
    cost: 59.2297
    lifetime: 26.9467
    annual_cost: 2.1980316699261877
    efficiency: 0.605844
    discharge_ratio: 0.1
    depth_of_discharge: 0.4
  Li-ion:
    cost: 194.219
    lifetime: 20.6887
    annual_cost: 9.387685064793825
    efficiency: 0.930421
    discharge_ratio: 2
    depth_of_discharge: 0.9
  Pb-acid:
    cost: 127.088
    lifetime: 12.5472
    annual_cost: 10.128793675082887
    efficiency: 0.749542
    discharge_ratio: 5
    depth_of_discharge: 0.5
  VRBF:
    cost: 310.826
    lifetime: 18.2026
    annual_cost: 17.075912232318462
    efficiency: 0.663727
    discharge_ratio: 0.5
    depth_of_discharge: 1.0
