cost_values:
  wind_capex: 5000.0
  wind_opex: 100
  wind_lifetime: 20
  solar_capex: 1000.0
  solar_opex: 10
  solar_lifetime: 20
  carbon_price: 1.0
timeseries_values:
  load_level: 248857.37643537179
  wind_year: 2018
  solar_year: 2019
  price_year: 2023
  carbon_year: 2023
storage_values:
  CAES:
    cost: 45.6484
    lifetime: 26.2122
    annual_cost: 1.7414944186294932
    efficiency: 0.616668
    discharge_ratio: 0.1
    depth_of_discharge: 0.4
  Li-ion:
    cost: 200.436
    lifetime: 19.6486
    annual_cost: 10.201032134605011
    efficiency: 0.919171
    discharge_ratio: 2
    depth_of_discharge: 0.9
  Pb-acid:
    cost: 155.293
    lifetime: 12.4997
    annual_cost: 12.423738169716072
    efficiency: 0.749154
    discharge_ratio: 5
    depth_of_discharge: 0.5
  VRBF:
    cost: 309.793
    lifetime: 18.9064
    annual_cost: 16.385615452968306
    efficiency: 0.684671
    discharge_ratio: 0.5
    depth_of_discharge: 1.0
