cost_values:
  wind_capex: 5000.0
  wind_opex: 100
  wind_lifetime: 20
  solar_capex: 1000.0
  solar_opex: 10
  solar_lifetime: 20
  carbon_price: 1.0
timeseries_values:
  load_level: 248857.37643537179
  wind_year: 2018
  solar_year: 2019
  price_year: 2023
  carbon_year: 2023
storage_values:
  CAES:
    cost: 51.2734
    lifetime: 26.1875
    annual_cost: 1.9579341288782817
    efficiency: 0.605873
    discharge_ratio: 0.1
    depth_of_discharge: 0.4
  Li-ion:
    cost: 220.954
    lifetime: 18.3402
    annual_cost: 12.04752401827679
    efficiency: 0.917737
    discharge_ratio: 2
    depth_of_discharge: 0.9
  Pb-acid:
    cost: 133.72
    lifetime: 11.9195
    annual_cost: 11.218591383866773
    efficiency: 0.756468
    discharge_ratio: 5
    depth_of_discharge: 0.5
  VRBF:
    cost: 334.435
    lifetime: 18.5591
    annual_cost: 18.020000969874616
    efficiency: 0.650238
    discharge_ratio: 0.5
    depth_of_discharge: 1.0
