cost_values:
  wind_capex: 5000.0
  wind_opex: 100
  wind_lifetime: 20
  solar_capex: 1000.0
  solar_opex: 10
  solar_lifetime: 20
  carbon_price: 1.0
timeseries_values:
  load_level: 248857.37643537179
  wind_year: 2018
  solar_year: 2019
  price_year: 2023
  carbon_year: 2023
storage_values:
  CAES:
    cost: 51.5367
    lifetime: 25.2925
    annual_cost: 2.037627755263418
    efficiency: 0.624874
    discharge_ratio: 0.1
    depth_of_discharge: 0.4
  Li-ion:
    cost: 192.776
    lifetime: 18.0642
    annual_cost: 10.671715326446785
    efficiency: 0.928324
    discharge_ratio: 2
    depth_of_discharge: 0.9
  Pb-acid:
    cost: 121.37
    lifetime: 12.0607
    annual_cost: 10.063263326340925
    efficiency: 0.748639
    discharge_ratio: 5
    depth_of_discharge: 0.5
  VRBF:
    cost: 331.065
    lifetime: 20.2016
    annual_cost: 16.38805837161413
    efficiency: 0.674881
    discharge_ratio: 0.5
    depth_of_discharge: 1.0
