cost_values:
  wind_capex: 5000.0
  wind_opex: 100
  wind_lifetime: 20
  solar_capex: 1000.0
  solar_opex: 10
  solar_lifetime: 20
  carbon_price: 1.0
timeseries_values:
  load_level: 248857.37643537179
  wind_year: 2018
  solar_year: 2019
  price_year: 2023
  carbon_year: 2023
storage_values:
  CAES:
    cost: 51.0619
    lifetime: 26.6155
    annual_cost: 1.9185023764347842
    efficiency: 0.610604
    discharge_ratio: 0.1
    depth_of_discharge: 0.4
  Li-ion:
    cost: 230.697
    lifetime: 21.8273
    annual_cost: 10.569195457065234
    efficiency: 0.931905
    discharge_ratio: 2
    depth_of_discharge: 0.9
  Pb-acid:
    cost: 136.185
    lifetime: 10.7428
    annual_cost: 12.676862642886398
    efficiency: 0.750244
    discharge_ratio: 5
    depth_of_discharge: 0.5
  VRBF:
    cost: 323.927
    lifetime: 19.2488
    annual_cost: 16.828425668093598
    efficiency: 0.667373
    discharge_ratio: 0.5
    depth_of_discharge: 1.0
