cost_values:
  wind_capex: 5000.0
  wind_opex: 100
  wind_lifetime: 20
  solar_capex: 1000.0
  solar_opex: 10
  solar_lifetime: 20
  carbon_price: 1.0
timeseries_values:
  load_level: 248857.37643537179
  wind_year: 2018
  solar_year: 2019
  price_year: 2023
  carbon_year: 2023
storage_values:
  CAES:
    cost: 58.9949
    lifetime: 25.7312
    annual_cost: 2.292737999005099
    efficiency: 0.608592
    discharge_ratio: 0.1
    depth_of_discharge: 0.4
  Li-ion:
    cost: 203.226
    lifetime: 17.7233
    annual_cost: 11.466600463796247
    efficiency: 0.911599
    discharge_ratio: 2
    depth_of_discharge: 0.9
  Pb-acid:
    cost: 122.934
    lifetime: 12.905
    annual_cost: 9.526075164664858
    efficiency: 0.757351
    discharge_ratio: 5
    depth_of_discharge: 0.5
  VRBF:
    cost: 305.121
    lifetime: 20.172
    annual_cost: 15.125966686496131
    efficiency: 0.701105
    discharge_ratio: 0.5
    depth_of_discharge: 1.0
