cost_values:
  wind_capex: 5000.0
  wind_opex: 100
  wind_lifetime: 20
  solar_capex: 1000.0
  solar_opex: 10
  solar_lifetime: 20
  carbon_price: 1.0
timeseries_values:
  load_level: 248857.37643537179
  wind_year: 2018
  solar_year: 2019
  price_year: 2023
  carbon_year: 2023
storage_values:
  CAES:
    cost: 56.4401
    lifetime: 25.9111
    annual_cost: 2.1782209169043383
    efficiency: 0.618926
    discharge_ratio: 0.1
    depth_of_discharge: 0.4
  Li-ion:
    cost: 212.442
    lifetime: 18.8518
    annual_cost: 11.269056535715423
    efficiency: 0.929225
    discharge_ratio: 2
    depth_of_discharge: 0.9
  Pb-acid:
    cost: 139.446
    lifetime: 13.208
    annual_cost: 10.557692307692307
    efficiency: 0.746712
    discharge_ratio: 5
    depth_of_discharge: 0.5
  VRBF:
    cost: 291.365
    lifetime: 18.5705
    annual_cost: 15.689669098839559
    efficiency: 0.674499
    discharge_ratio: 0.5
    depth_of_discharge: 1.0
