cost_values:
  wind_capex: 5000.0
  wind_opex: 100
  wind_lifetime: 20
  solar_capex: 1000.0
  solar_opex: 10
  solar_lifetime: 20
  carbon_price: 1.0
timeseries_values:
  load_level: 248857.37643537179
  wind_year: 2018
  solar_year: 2019
  price_year: 2023
  carbon_year: 2023
storage_values:
  CAES:
    cost: 42.3412
    lifetime: 26.5955
    annual_cost: 1.5920437668026546
    efficiency: 0.609516
    discharge_ratio: 0.1
    depth_of_discharge: 0.4
  Li-ion:
    cost: 214.454
    lifetime: 19.399
    annual_cost: 11.05489973709985
    efficiency: 0.928276
    discharge_ratio: 2
    depth_of_discharge: 0.9
  Pb-acid:
    cost: 151.149
    lifetime: 12.5282
    annual_cost: 12.064702032215322
    efficiency: 0.745326
    discharge_ratio: 5
    depth_of_discharge: 0.5
  VRBF:
    cost: 316.143
    lifetime: 17.8744
    annual_cost: 17.68691536499127
    efficiency: 0.665209
    discharge_ratio: 0.5
    depth_of_discharge: 1.0
