cost_values:
  wind_capex: 5000.0
  wind_opex: 100
  wind_lifetime: 20
  solar_capex: 1000.0
  solar_opex: 10
  solar_lifetime: 20
  carbon_price: 1.0
timeseries_values:
  load_level: 248857.37643537179
  wind_year: 2018
  solar_year: 2019
  price_year: 2023
  carbon_year: 2023
storage_values:
  CAES:
    cost: 54.173
    lifetime: 26.5621
    annual_cost: 2.039484829889203
    efficiency: 0.606968
    discharge_ratio: 0.1
    depth_of_discharge: 0.4
  Li-ion:
    cost: 216.73
    lifetime: 20.3735
    annual_cost: 10.637838368468843
    efficiency: 0.917144
    discharge_ratio: 2
    depth_of_discharge: 0.9
  Pb-acid:
    cost: 137.232
    lifetime: 13.9682
    annual_cost: 9.824601595051618
    efficiency: 0.74333
    discharge_ratio: 5
    depth_of_discharge: 0.5
  VRBF:
    cost: 294.193
    lifetime: 19.4773
    annual_cost: 15.10440358776627
    efficiency: 0.656318
    discharge_ratio: 0.5
    depth_of_discharge: 1.0
