cost_values:
  wind_capex: 5000.0
  wind_opex: 100
  wind_lifetime: 20
  solar_capex: 1000.0
  solar_opex: 10
  solar_lifetime: 20
  carbon_price: 1.0
timeseries_values:
  load_level: 248857.37643537179
  wind_year: 2018
  solar_year: 2019
  price_year: 2023
  carbon_year: 2023
storage_values:
  CAES:
    cost: 50.4848
    lifetime: 26.4111
    annual_cost: 1.911499331720375
    efficiency: 0.608481
    discharge_ratio: 0.1
    depth_of_discharge: 0.4
  Li-ion:
    cost: 202.84
    lifetime: 19.4466
    annual_cost: 10.43061512038094
    efficiency: 0.933172
    discharge_ratio: 2
    depth_of_discharge: 0.9
  Pb-acid:
    cost: 126.694
    lifetime: 13.6979
    annual_cost: 9.249154979960432
    efficiency: 0.73168
    discharge_ratio: 5
    depth_of_discharge: 0.5
  VRBF:
    cost: 342.098
    lifetime: 17.3198
    annual_cost: 19.751844709523205
    efficiency: 0.670253
    discharge_ratio: 0.5
    depth_of_discharge: 1.0
