cost_values:
  wind_capex: 5000.0
  wind_opex: 100
  wind_lifetime: 20
  solar_capex: 1000.0
  solar_opex: 10
  solar_lifetime: 20
  carbon_price: 1.0
timeseries_values:
  load_level: 248857.37643537179
  wind_year: 2018
  solar_year: 2019
  price_year: 2023
  carbon_year: 2023
storage_values:
  CAES:
    cost: 52.3867
    lifetime: 27.2741
    annual_cost: 1.920748988967555
    efficiency: 0.612162
    discharge_ratio: 0.1
    depth_of_discharge: 0.4
  Li-ion:
    cost: 212.659
    lifetime: 20.787
    annual_cost: 10.230384374849665
    efficiency: 0.922848
    discharge_ratio: 2
    depth_of_discharge: 0.9
  Pb-acid:
    cost: 137.601
    lifetime: 11.9134
    annual_cost: 11.550103245085367
    efficiency: 0.762911
    discharge_ratio: 5
    depth_of_discharge: 0.5
  VRBF:
    cost: 305.307
    lifetime: 19.3492
    annual_cost: 15.778791888036716
    efficiency: 0.67071
    discharge_ratio: 0.5
    depth_of_discharge: 1.0
