cost_values:
  wind_capex: 5000.0
  wind_opex: 100
  wind_lifetime: 20
  solar_capex: 1000.0
  solar_opex: 10
  solar_lifetime: 20
  carbon_price: 1.0
timeseries_values:
  load_level: 248857.37643537179
  wind_year: 2018
  solar_year: 2019
  price_year: 2023
  carbon_year: 2023
storage_values:
  CAES:
    cost: 49.2194
    lifetime: 25.7815
    annual_cost: 1.9090976087504605
    efficiency: 0.610114
    discharge_ratio: 0.1
    depth_of_discharge: 0.4
  Li-ion:
    cost: 213.426
    lifetime: 17.49
    annual_cost: 12.202744425385935
    efficiency: 0.919991
    discharge_ratio: 2
    depth_of_discharge: 0.9
  Pb-acid:
    cost: 137.26
    lifetime: 12.9535
    annual_cost: 10.596363917088045
    efficiency: 0.741467
    discharge_ratio: 5
    depth_of_discharge: 0.5
  VRBF:
    cost: 327.491
    lifetime: 20.573
    annual_cost: 15.918485393476885
    efficiency: 0.661688
    discharge_ratio: 0.5
    depth_of_discharge: 1.0
