cost_values:
  wind_capex: 5000.0
  wind_opex: 100
  wind_lifetime: 20
  solar_capex: 1000.0
  solar_opex: 10
  solar_lifetime: 20
  carbon_price: 1.0
timeseries_values:
  load_level: 248857.37643537179
  wind_year: 2018
  solar_year: 2019
  price_year: 2023
  carbon_year: 2023
storage_values:
  CAES:
    cost: 57.0439
    lifetime: 25.6832
    annual_cost: 2.2210589023174685
    efficiency: 0.607391
    discharge_ratio: 0.1
    depth_of_discharge: 0.4
  Li-ion:
    cost: 210.267
    lifetime: 19.2013
    annual_cost: 10.950664798737586
    efficiency: 0.935693
    discharge_ratio: 2
    depth_of_discharge: 0.9
  Pb-acid:
    cost: 124.881
    lifetime: 12.0912
    annual_cost: 10.328255260023818
    efficiency: 0.745512
    discharge_ratio: 5
    depth_of_discharge: 0.5
  VRBF:
    cost: 334.861
    lifetime: 21.8255
    annual_cost: 15.342649652928912
    efficiency: 0.674121
    discharge_ratio: 0.5
    depth_of_discharge: 1.0
