cost_values:
  wind_capex: 5000.0
  wind_opex: 100
  wind_lifetime: 20
  solar_capex: 1000.0
  solar_opex: 10
  solar_lifetime: 20
  carbon_price: 1.0
timeseries_values:
  load_level: 248857.37643537179
  wind_year: 2018
  solar_year: 2019
  price_year: 2023
  carbon_year: 2023
storage_values:
  CAES:
    cost: 49.7503
    lifetime: 26.1977
    annual_cost: 1.8990331212281994
    efficiency: 0.608898
    discharge_ratio: 0.1
    depth_of_discharge: 0.4
  Li-ion:
    cost: 192.669
    lifetime: 20.6895
    annual_cost: 9.312404843036324
    efficiency: 0.925098
    discharge_ratio: 2
    depth_of_discharge: 0.9
  Pb-acid:
    cost: 142.4
    lifetime: 13.6693
    annual_cost: 10.417504919783749
    efficiency: 0.748037
    discharge_ratio: 5
    depth_of_discharge: 0.5
  VRBF:
    cost: 296.72
    lifetime: 20.0562
    annual_cost: 14.794427658280233
    efficiency: 0.677153
    discharge_ratio: 0.5
    depth_of_discharge: 1.0
