cost_values:
  wind_capex: 5000.0
  wind_opex: 100
  wind_lifetime: 20
  solar_capex: 1000.0
  solar_opex: 10
  solar_lifetime: 20
  carbon_price: 1.0
timeseries_values:
  load_level: 248857.37643537179
  wind_year: 2018
  solar_year: 2019
  price_year: 2023
  carbon_year: 2023
storage_values:
  CAES:
    cost: 47.4227
    lifetime: 26.1219
    annual_cost: 1.8154383869473507
    efficiency: 0.605282
    discharge_ratio: 0.1
    depth_of_discharge: 0.4
  Li-ion:
    cost: 178.83
    lifetime: 17.5337
    annual_cost: 10.199216366197666
    efficiency: 0.934678
    discharge_ratio: 2
    depth_of_discharge: 0.9
  Pb-acid:
    cost: 133.504
    lifetime: 12.8796
    annual_cost: 10.365539302462809
    efficiency: 0.750828
    discharge_ratio: 5
    depth_of_discharge: 0.5
  VRBF:
    cost: 273.266
    lifetime: 18.6422
    annual_cost: 14.658463056935343
    efficiency: 0.671772
    discharge_ratio: 0.5
    depth_of_discharge: 1.0
