cost_values:
  wind_capex: 5000.0
  wind_opex: 100
  wind_lifetime: 20
  solar_capex: 1000.0
  solar_opex: 10
  solar_lifetime: 20
  carbon_price: 1.0
timeseries_values:
  load_level: 248857.37643537179
  wind_year: 2018
  solar_year: 2019
  price_year: 2023
  carbon_year: 2023
storage_values:
  CAES:
    cost: 58.253
    lifetime: 26.1409
    annual_cost: 2.2284236579459775
    efficiency: 0.618233
    discharge_ratio: 0.1
    depth_of_discharge: 0.4
  Li-ion:
    cost: 217.995
    lifetime: 17.8312
    annual_cost: 12.225481179056935
    efficiency: 0.924494
    discharge_ratio: 2
    depth_of_discharge: 0.9
  Pb-acid:
    cost: 137.115
    lifetime: 11.9463
    annual_cost: 11.477612315110118
    efficiency: 0.747158
    discharge_ratio: 5
    depth_of_discharge: 0.5
  VRBF:
    cost: 290.072
    lifetime: 17.2229
    annual_cost: 16.842227499433893
    efficiency: 0.694395
    discharge_ratio: 0.5
    depth_of_discharge: 1.0
