cost_values:
  wind_capex: 5000.0
  wind_opex: 100
  wind_lifetime: 20
  solar_capex: 1000.0
  solar_opex: 10
  solar_lifetime: 20
  carbon_price: 1.0
timeseries_values:
  load_level: 248857.37643537179
  wind_year: 2018
  solar_year: 2019
  price_year: 2023
  carbon_year: 2023
storage_values:
  CAES:
    cost: 43.9825
    lifetime: 25.3867
    annual_cost: 1.7325016642572686
    efficiency: 0.602136
    discharge_ratio: 0.1
    depth_of_discharge: 0.4
  Li-ion:
    cost: 200.036
    lifetime: 19.1948
    annual_cost: 10.421364119449017
    efficiency: 0.91475
    discharge_ratio: 2
    depth_of_discharge: 0.9
  Pb-acid:
    cost: 148.479
    lifetime: 12.7017
    annual_cost: 11.689695080186118
    efficiency: 0.751501
    discharge_ratio: 5
    depth_of_discharge: 0.5
  VRBF:
    cost: 316.016
    lifetime: 18.0792
    annual_cost: 17.479534492676667
    efficiency: 0.67374
    discharge_ratio: 0.5
    depth_of_discharge: 1.0
