cost_values:
  wind_capex: 5000.0
  wind_opex: 100
  wind_lifetime: 20
  solar_capex: 1000.0
  solar_opex: 10
  solar_lifetime: 20
  carbon_price: 1.0
timeseries_values:
  load_level: 248857.37643537179
  wind_year: 2018
  solar_year: 2019
  price_year: 2023
  carbon_year: 2023
storage_values:
  CAES:
    cost: 54.6798
    lifetime: 27.219
    annual_cost: 2.008883500495977
    efficiency: 0.605473
    discharge_ratio: 0.1
    depth_of_discharge: 0.4
  Li-ion:
    cost: 196.414
    lifetime: 20.7207
    annual_cost: 9.479119913902522
    efficiency: 0.92887
    discharge_ratio: 2
    depth_of_discharge: 0.9
  Pb-acid:
    cost: 140.309
    lifetime: 12.6752
    annual_cost: 11.069568921989395
    efficiency: 0.748316
    discharge_ratio: 5
    depth_of_discharge: 0.5
  VRBF:
    cost: 323.051
    lifetime: 18.9141
    annual_cost: 17.079903352525363
    efficiency: 0.669639
    discharge_ratio: 0.5
    depth_of_discharge: 1.0
