cost_values:
  wind_capex: 5000.0
  wind_opex: 100
  wind_lifetime: 20
  solar_capex: 1000.0
  solar_opex: 10
  solar_lifetime: 20
  carbon_price: 1.0
timeseries_values:
  load_level: 248857.37643537179
  wind_year: 2018
  solar_year: 2019
  price_year: 2023
  carbon_year: 2023
storage_values:
  CAES:
    cost: 54.1451
    lifetime: 25.2587
    annual_cost: 2.143621801597073
    efficiency: 0.601146
    discharge_ratio: 0.1
    depth_of_discharge: 0.4
  Li-ion:
    cost: 212.619
    lifetime: 18.2711
    annual_cost: 11.63690199276453
    efficiency: 0.92553
    discharge_ratio: 2
    depth_of_discharge: 0.9
  Pb-acid:
    cost: 134.651
    lifetime: 13.7038
    annual_cost: 9.825814737518062
    efficiency: 0.735412
    discharge_ratio: 5
    depth_of_discharge: 0.5
  VRBF:
    cost: 317.486
    lifetime: 21.3267
    annual_cost: 14.886785109745063
    efficiency: 0.670289
    discharge_ratio: 0.5
    depth_of_discharge: 1.0
