cost_values:
  wind_capex: 5000.0
  wind_opex: 100
  wind_lifetime: 20
  solar_capex: 1000.0
  solar_opex: 10
  solar_lifetime: 20
  carbon_price: 1.0
timeseries_values:
  load_level: 248857.37643537179
  wind_year: 2018
  solar_year: 2019
  price_year: 2023
  carbon_year: 2023
storage_values:
  CAES:
    cost: 57.1242
    lifetime: 28.3651
    annual_cost: 2.013890308865472
    efficiency: 0.614626
    discharge_ratio: 0.1
    depth_of_discharge: 0.4
  Li-ion:
    cost: 217.839
    lifetime: 18.6368
    annual_cost: 11.688648265796703
    efficiency: 0.928774
    discharge_ratio: 2
    depth_of_discharge: 0.9
  Pb-acid:
    cost: 147.22
    lifetime: 13.1015
    annual_cost: 11.236881273136664
    efficiency: 0.739839
    discharge_ratio: 5
    depth_of_discharge: 0.5
  VRBF:
    cost: 334.616
    lifetime: 17.9956
    annual_cost: 18.594323056747204
    efficiency: 0.652832
    discharge_ratio: 0.5
    depth_of_discharge: 1.0
