cost_values:
  wind_capex: 5000.0
  wind_opex: 100
  wind_lifetime: 20
  solar_capex: 1000.0
  solar_opex: 10
  solar_lifetime: 20
  carbon_price: 1.0
timeseries_values:
  load_level: 248857.37643537179
  wind_year: 2018
  solar_year: 2019
  price_year: 2023
  carbon_year: 2023
storage_values:
  CAES:
    cost: 50.3077
    lifetime: 27.2884
    annual_cost: 1.843556236349511
    efficiency: 0.611044
    discharge_ratio: 0.1
    depth_of_discharge: 0.4
  Li-ion:
    cost: 220.176
    lifetime: 18.7168
    annual_cost: 11.763549324670883
    efficiency: 0.921084
    discharge_ratio: 2
    depth_of_discharge: 0.9
  Pb-acid:
    cost: 101.527
    lifetime: 14.2254
    annual_cost: 7.137022509033137
    efficiency: 0.742281
    discharge_ratio: 5
    depth_of_discharge: 0.5
  VRBF:
    cost: 304.537
    lifetime: 21.1573
    annual_cost: 14.393944406895018
    efficiency: 0.657792
    discharge_ratio: 0.5
    depth_of_discharge: 1.0
