cost_values:
  wind_capex: 5000.0
  wind_opex: 100
  wind_lifetime: 20
  solar_capex: 1000.0
  solar_opex: 10
  solar_lifetime: 20
  carbon_price: 1.0
timeseries_values:
  load_level: 248857.37643537179
  wind_year: 2018
  solar_year: 2019
  price_year: 2023
  carbon_year: 2023
storage_values:
  CAES:
    cost: 52.3001
    lifetime: 26.1465
    annual_cost: 2.0002715468609567
    efficiency: 0.608843
    discharge_ratio: 0.1
    depth_of_discharge: 0.4
  Li-ion:
    cost: 225.28
    lifetime: 20.6038
    annual_cost: 10.933905396091983
    efficiency: 0.91536
    discharge_ratio: 2
    depth_of_discharge: 0.9
  Pb-acid:
    cost: 123.604
    lifetime: 12.9372
    annual_cost: 9.554153912747735
    efficiency: 0.747949
    discharge_ratio: 5
    depth_of_discharge: 0.5
  VRBF:
    cost: 303.118
    lifetime: 19.8271
    annual_cost: 15.28806532473231
    efficiency: 0.675338
    discharge_ratio: 0.5
    depth_of_discharge: 1.0
