cost_values:
  wind_capex: 5000.0
  wind_opex: 100
  wind_lifetime: 20
  solar_capex: 1000.0
  solar_opex: 10
  solar_lifetime: 20
  carbon_price: 1.0
timeseries_values:
  load_level: 248857.37643537179
  wind_year: 2018
  solar_year: 2019
  price_year: 2023
  carbon_year: 2023
storage_values:
  CAES:
    cost: 53.7511
    lifetime: 25.8644
    annual_cost: 2.078188552605125
    efficiency: 0.610854
    discharge_ratio: 0.1
    depth_of_discharge: 0.4
  Li-ion:
    cost: 216.253
    lifetime: 20.4656
    annual_cost: 10.566658197169884
    efficiency: 0.926747
    discharge_ratio: 2
    depth_of_discharge: 0.9
  Pb-acid:
    cost: 132.457
    lifetime: 11.4988
    annual_cost: 11.519202003687342
    efficiency: 0.751423
    discharge_ratio: 5
    depth_of_discharge: 0.5
  VRBF:
    cost: 259.457
    lifetime: 18.5235
    annual_cost: 14.006910141172025
    efficiency: 0.668574
    discharge_ratio: 0.5
    depth_of_discharge: 1.0
