cost_values:
  wind_capex: 5000.0
  wind_opex: 100
  wind_lifetime: 20
  solar_capex: 1000.0
  solar_opex: 10
  solar_lifetime: 20
  carbon_price: 1.0
timeseries_values:
  load_level: 248857.37643537179
  wind_year: 2018
  solar_year: 2019
  price_year: 2023
  carbon_year: 2023
storage_values:
  CAES:
    cost: 45.1478
    lifetime: 26.7713
    annual_cost: 1.6864253883823346
    efficiency: 0.609561
    discharge_ratio: 0.1
    depth_of_discharge: 0.4
  Li-ion:
    cost: 205.928
    lifetime: 16.955
    annual_cost: 12.145561781185492
    efficiency: 0.920587
    discharge_ratio: 2
    depth_of_discharge: 0.9
  Pb-acid:
    cost: 127.36
    lifetime: 12.3567
    annual_cost: 10.306958977720589
    efficiency: 0.755607
    discharge_ratio: 5
    depth_of_discharge: 0.5
  VRBF:
    cost: 297.405
    lifetime: 21.3839
    annual_cost: 13.907893321611118
    efficiency: 0.662616
    discharge_ratio: 0.5
    depth_of_discharge: 1.0
