cost_values:
  wind_capex: 5000.0
  wind_opex: 100
  wind_lifetime: 20
  solar_capex: 1000.0
  solar_opex: 10
  solar_lifetime: 20
  carbon_price: 1.0
timeseries_values:
  load_level: 248857.37643537179
  wind_year: 2018
  solar_year: 2019
  price_year: 2023
  carbon_year: 2023
storage_values:
  CAES:
    cost: 47.9404
    lifetime: 25.3601
    annual_cost: 1.8903868675596704
    efficiency: 0.613725
    discharge_ratio: 0.1
    depth_of_discharge: 0.4
  Li-ion:
    cost: 198.337
    lifetime: 20.6809
    annual_cost: 9.590346648356695
    efficiency: 0.912084
    discharge_ratio: 2
    depth_of_discharge: 0.9
  Pb-acid:
    cost: 132.071
    lifetime: 13.8378
    annual_cost: 9.544219456850078
    efficiency: 0.753738
    discharge_ratio: 5
    depth_of_discharge: 0.5
  VRBF:
    cost: 314.654
    lifetime: 16.4613
    annual_cost: 19.114772223335944
    efficiency: 0.660808
    discharge_ratio: 0.5
    depth_of_discharge: 1.0
