cost_values:
  wind_capex: 5000.0
  wind_opex: 100
  wind_lifetime: 20
  solar_capex: 1000.0
  solar_opex: 10
  solar_lifetime: 20
  carbon_price: 1.0
timeseries_values:
  load_level: 248857.37643537179
  wind_year: 2018
  solar_year: 2019
  price_year: 2023
  carbon_year: 2023
storage_values:
  CAES:
    cost: 46.963
    lifetime: 26.8126
    annual_cost: 1.751527267031172
    efficiency: 0.601397
    discharge_ratio: 0.1
    depth_of_discharge: 0.4
  Li-ion:
    cost: 188.22
    lifetime: 18.0321
    annual_cost: 10.43805214034971
    efficiency: 0.922571
    discharge_ratio: 2
    depth_of_discharge: 0.9
  Pb-acid:
    cost: 133.327
    lifetime: 14.9768
    annual_cost: 8.902235457507611
    efficiency: 0.749879
    discharge_ratio: 5
    depth_of_discharge: 0.5
  VRBF:
    cost: 283.471
    lifetime: 17.7127
    annual_cost: 16.003827762001276
    efficiency: 0.671522
    discharge_ratio: 0.5
    depth_of_discharge: 1.0
