cost_values:
  wind_capex: 5000.0
  wind_opex: 100
  wind_lifetime: 20
  solar_capex: 1000.0
  solar_opex: 10
  solar_lifetime: 20
  carbon_price: 1.0
timeseries_values:
  load_level: 248857.37643537179
  wind_year: 2018
  solar_year: 2019
  price_year: 2023
  carbon_year: 2023
storage_values:
  CAES:
    cost: 41.1759
    lifetime: 25.6219
    annual_cost: 1.6070588051627708
    efficiency: 0.619355
    discharge_ratio: 0.1
    depth_of_discharge: 0.4
  Li-ion:
    cost: 201.288
    lifetime: 18.2243
    annual_cost: 11.045033279741885
    efficiency: 0.91512
    discharge_ratio: 2
    depth_of_discharge: 0.9
  Pb-acid:
    cost: 164.178
    lifetime: 13.7864
    annual_cost: 11.908692624615563
    efficiency: 0.725586
    discharge_ratio: 5
    depth_of_discharge: 0.5
  VRBF:
    cost: 288.335
    lifetime: 19.1423
    annual_cost: 15.06271451184027
    efficiency: 0.693551
    discharge_ratio: 0.5
    depth_of_discharge: 1.0
