cost_values:
  wind_capex: 5000.0
  wind_opex: 100
  wind_lifetime: 20
  solar_capex: 1000.0
  solar_opex: 10
  solar_lifetime: 20
  carbon_price: 1.0
timeseries_values:
  load_level: 248857.37643537179
  wind_year: 2018
  solar_year: 2019
  price_year: 2023
  carbon_year: 2023
storage_values:
  CAES:
    cost: 56.6643
    lifetime: 25.2587
    annual_cost: 2.243357734166841
    efficiency: 0.612087
    discharge_ratio: 0.1
    depth_of_discharge: 0.4
  Li-ion:
    cost: 206.239
    lifetime: 18.814
    annual_cost: 10.961996385670245
    efficiency: 0.936311
    discharge_ratio: 2
    depth_of_discharge: 0.9
  Pb-acid:
    cost: 131.648
    lifetime: 11.5881
    annual_cost: 11.360619946324245
    efficiency: 0.745704
    discharge_ratio: 5
    depth_of_discharge: 0.5
  VRBF:
    cost: 347.022
    lifetime: 18.5446
    annual_cost: 18.712832846219385
    efficiency: 0.696635
    discharge_ratio: 0.5
    depth_of_discharge: 1.0
