cost_values:
  wind_capex: 5000.0
  wind_opex: 100
  wind_lifetime: 20
  solar_capex: 1000.0
  solar_opex: 10
  solar_lifetime: 20
  carbon_price: 1.0
timeseries_values:
  load_level: 248857.37643537179
  wind_year: 2018
  solar_year: 2019
  price_year: 2023
  carbon_year: 2023
storage_values:
  CAES:
    cost: 55.6176
    lifetime: 26.625
    annual_cost: 2.088923943661972
    efficiency: 0.598009
    discharge_ratio: 0.1
    depth_of_discharge: 0.4
  Li-ion:
    cost: 192.851
    lifetime: 20.2929
    annual_cost: 9.50337310093678
    efficiency: 0.923897
    discharge_ratio: 2
    depth_of_discharge: 0.9
  Pb-acid:
    cost: 127.786
    lifetime: 12.2345
    annual_cost: 10.444725979811189
    efficiency: 0.734832
    discharge_ratio: 5
    depth_of_discharge: 0.5
  VRBF:
    cost: 323.953
    lifetime: 19.282
    annual_cost: 16.800798672336892
    efficiency: 0.686885
    discharge_ratio: 0.5
    depth_of_discharge: 1.0
