cost_values:
  wind_capex: 5000.0
  wind_opex: 100
  wind_lifetime: 20
  solar_capex: 1000.0
  solar_opex: 10
  solar_lifetime: 20
  carbon_price: 1.0
timeseries_values:
  load_level: 248857.37643537179
  wind_year: 2018
  solar_year: 2019
  price_year: 2023
  carbon_year: 2023
storage_values:
  CAES:
    cost: 50.0751
    lifetime: 26.2507
    annual_cost: 1.9075719885564957
    efficiency: 0.611894
    discharge_ratio: 0.1
    depth_of_discharge: 0.4
  Li-ion:
    cost: 198.906
    lifetime: 18.6681
    annual_cost: 10.654860430359813
    efficiency: 0.911749
    discharge_ratio: 2
    depth_of_discharge: 0.9
  Pb-acid:
    cost: 150.416
    lifetime: 11.7081
    annual_cost: 12.847174178560142
    efficiency: 0.745693
    discharge_ratio: 5
    depth_of_discharge: 0.5
  VRBF:
    cost: 298.52
    lifetime: 17.527
    annual_cost: 17.032007759456835
    efficiency: 0.666537
    discharge_ratio: 0.5
    depth_of_discharge: 1.0
