cost_values:
  wind_capex: 5000.0
  wind_opex: 100
  wind_lifetime: 20
  solar_capex: 1000.0
  solar_opex: 10
  solar_lifetime: 20
  carbon_price: 1.0
timeseries_values:
  load_level: 248857.37643537179
  wind_year: 2018
  solar_year: 2019
  price_year: 2023
  carbon_year: 2023
storage_values:
  CAES:
    cost: 56.6987
    lifetime: 26.3029
    annual_cost: 2.1556064160225676
    efficiency: 0.60454
    discharge_ratio: 0.1
    depth_of_discharge: 0.4
  Li-ion:
    cost: 228.336
    lifetime: 19.4247
    annual_cost: 11.754930578078426
    efficiency: 0.918613
    discharge_ratio: 2
    depth_of_discharge: 0.9
  Pb-acid:
    cost: 129.412
    lifetime: 13.7939
    annual_cost: 9.381828199421482
    efficiency: 0.731411
    discharge_ratio: 5
    depth_of_discharge: 0.5
  VRBF:
    cost: 290.355
    lifetime: 17.9972
    annual_cost: 16.13334296446114
    efficiency: 0.685535
    discharge_ratio: 0.5
    depth_of_discharge: 1.0
