cost_values:
  wind_capex: 5000.0
  wind_opex: 100
  wind_lifetime: 20
  solar_capex: 1000.0
  solar_opex: 10
  solar_lifetime: 20
  carbon_price: 1.0
timeseries_values:
  load_level: 248857.37643537179
  wind_year: 2018
  solar_year: 2019
  price_year: 2023
  carbon_year: 2023
storage_values:
  CAES:
    cost: 49.2746
    lifetime: 26.0986
    annual_cost: 1.8880169817538104
    efficiency: 0.606102
    discharge_ratio: 0.1
    depth_of_discharge: 0.4
  Li-ion:
    cost: 191.27
    lifetime: 20.4742
    annual_cost: 9.342001152670191
    efficiency: 0.924043
    discharge_ratio: 2
    depth_of_discharge: 0.9
  Pb-acid:
    cost: 149.12
    lifetime: 14.032
    annual_cost: 10.627137970353479
    efficiency: 0.733785
    discharge_ratio: 5
    depth_of_discharge: 0.5
  VRBF:
    cost: 308.108
    lifetime: 19.7461
    annual_cost: 15.603486258045894
    efficiency: 0.657143
    discharge_ratio: 0.5
    depth_of_discharge: 1.0
