cost_values:
  wind_capex: 5000.0
  wind_opex: 100
  wind_lifetime: 20
  solar_capex: 1000.0
  solar_opex: 10
  solar_lifetime: 20
  carbon_price: 1.0
timeseries_values:
  load_level: 248857.37643537179
  wind_year: 2018
  solar_year: 2019
  price_year: 2023
  carbon_year: 2023
storage_values:
  CAES:
    cost: 54.9033
    lifetime: 26.7821
    annual_cost: 2.0499998133081423
    efficiency: 0.603947
    discharge_ratio: 0.1
    depth_of_discharge: 0.4
  Li-ion:
    cost: 208.576
    lifetime: 16.6126
    annual_cost: 12.555289358679556
    efficiency: 0.912185
    discharge_ratio: 2
    depth_of_discharge: 0.9
  Pb-acid:
    cost: 126.823
    lifetime: 13.1065
    annual_cost: 9.676343798878419
    efficiency: 0.743478
    discharge_ratio: 5
    depth_of_discharge: 0.5
  VRBF:
    cost: 335.395
    lifetime: 19.7987
    annual_cost: 16.94025365301762
    efficiency: 0.688335
    discharge_ratio: 0.5
    depth_of_discharge: 1.0
