cost_values:
  wind_capex: 5000.0
  wind_opex: 100
  wind_lifetime: 20
  solar_capex: 1000.0
  solar_opex: 10
  solar_lifetime: 20
  carbon_price: 1.0
timeseries_values:
  load_level: 248857.37643537179
  wind_year: 2018
  solar_year: 2019
  price_year: 2023
  carbon_year: 2023
storage_values:
  CAES:
    cost: 64.6841
    lifetime: 25.5777
    annual_cost: 2.528925587523507
    efficiency: 0.609484
    discharge_ratio: 0.1
    depth_of_discharge: 0.4
  Li-ion:
    cost: 188.361
    lifetime: 19.3566
    annual_cost: 9.731099469948234
    efficiency: 0.928037
    discharge_ratio: 2
    depth_of_discharge: 0.9
  Pb-acid:
    cost: 157.066
    lifetime: 12.5529
    annual_cost: 12.512327828629243
    efficiency: 0.743931
    discharge_ratio: 5
    depth_of_discharge: 0.5
  VRBF:
    cost: 332.912
    lifetime: 18.1406
    annual_cost: 18.351763447736015
    efficiency: 0.663471
    discharge_ratio: 0.5
    depth_of_discharge: 1.0
