cost_values:
  wind_capex: 5000.0
  wind_opex: 100
  wind_lifetime: 20
  solar_capex: 1000.0
  solar_opex: 10
  solar_lifetime: 20
  carbon_price: 1.0
timeseries_values:
  load_level: 248857.37643537179
  wind_year: 2018
  solar_year: 2019
  price_year: 2023
  carbon_year: 2023
storage_values:
  CAES:
    cost: 56.855
    lifetime: 25.5444
    annual_cost: 2.2257324501652023
    efficiency: 0.607398
    discharge_ratio: 0.1
    depth_of_discharge: 0.4
  Li-ion:
    cost: 203.717
    lifetime: 17.8989
    annual_cost: 11.381537412913643
    efficiency: 0.916975
    discharge_ratio: 2
    depth_of_discharge: 0.9
  Pb-acid:
    cost: 134.126
    lifetime: 13.9384
    annual_cost: 9.622768753945934
    efficiency: 0.754146
    discharge_ratio: 5
    depth_of_discharge: 0.5
  VRBF:
    cost: 285.188
    lifetime: 19.3833
    annual_cost: 14.713077752498284
    efficiency: 0.652463
    discharge_ratio: 0.5
    depth_of_discharge: 1.0
