cost_values:
  wind_capex: 5000.0
  wind_opex: 100
  wind_lifetime: 20
  solar_capex: 1000.0
  solar_opex: 10
  solar_lifetime: 20
  carbon_price: 1.0
timeseries_values:
  load_level: 248857.37643537179
  wind_year: 2018
  solar_year: 2019
  price_year: 2023
  carbon_year: 2023
storage_values:
  CAES:
    cost: 44.535
    lifetime: 26.1791
    annual_cost: 1.7011661974628616
    efficiency: 0.599758
    discharge_ratio: 0.1
    depth_of_discharge: 0.4
  Li-ion:
    cost: 197.605
    lifetime: 20.2703
    annual_cost: 9.748499035534747
    efficiency: 0.917123
    discharge_ratio: 2
    depth_of_discharge: 0.9
  Pb-acid:
    cost: 122.506
    lifetime: 12.0601
    annual_cost: 10.157958889229773
    efficiency: 0.743182
    discharge_ratio: 5
    depth_of_discharge: 0.5
  VRBF:
    cost: 297.031
    lifetime: 18.4269
    annual_cost: 16.119423234510418
    efficiency: 0.669553
    discharge_ratio: 0.5
    depth_of_discharge: 1.0
