cost_values:
  wind_capex: 5000.0
  wind_opex: 100
  wind_lifetime: 20
  solar_capex: 1000.0
  solar_opex: 10
  solar_lifetime: 20
  carbon_price: 1.0
timeseries_values:
  load_level: 248857.37643537179
  wind_year: 2018
  solar_year: 2019
  price_year: 2023
  carbon_year: 2023
storage_values:
  CAES:
    cost: 47.6798
    lifetime: 26.9678
    annual_cost: 1.7680270544872032
    efficiency: 0.603453
    discharge_ratio: 0.1
    depth_of_discharge: 0.4
  Li-ion:
    cost: 199.401
    lifetime: 18.6641
    annual_cost: 10.683665432568407
    efficiency: 0.920145
    discharge_ratio: 2
    depth_of_discharge: 0.9
  Pb-acid:
    cost: 135.162
    lifetime: 11.3619
    annual_cost: 11.896073720064425
    efficiency: 0.765731
    discharge_ratio: 5
    depth_of_discharge: 0.5
  VRBF:
    cost: 337.271
    lifetime: 17.4031
    annual_cost: 19.379938057012833
    efficiency: 0.653418
    discharge_ratio: 0.5
    depth_of_discharge: 1.0
