cost_values:
  wind_capex: 5000.0
  wind_opex: 100
  wind_lifetime: 20
  solar_capex: 1000.0
  solar_opex: 10
  solar_lifetime: 20
  carbon_price: 1.0
timeseries_values:
  load_level: 248857.37643537179
  wind_year: 2018
  solar_year: 2019
  price_year: 2023
  carbon_year: 2023
storage_values:
  CAES:
    cost: 52.2141
    lifetime: 25.6941
    annual_cost: 2.032143566032669
    efficiency: 0.602367
    discharge_ratio: 0.1
    depth_of_discharge: 0.4
  Li-ion:
    cost: 209.058
    lifetime: 17.9848
    annual_cost: 11.624149281615587
    efficiency: 0.928761
    discharge_ratio: 2
    depth_of_discharge: 0.9
  Pb-acid:
    cost: 126.37
    lifetime: 12.6928
    annual_cost: 9.956038068826421
    efficiency: 0.750897
    discharge_ratio: 5
    depth_of_discharge: 0.5
  VRBF:
    cost: 305.847
    lifetime: 19.5189
    annual_cost: 15.669274395585816
    efficiency: 0.682958
    discharge_ratio: 0.5
    depth_of_discharge: 1.0
