cost_values:
  wind_capex: 5000.0
  wind_opex: 100
  wind_lifetime: 20
  solar_capex: 1000.0
  solar_opex: 10
  solar_lifetime: 20
  carbon_price: 1.0
timeseries_values:
  load_level: 248857.37643537179
  wind_year: 2018
  solar_year: 2019
  price_year: 2023
  carbon_year: 2023
storage_values:
  CAES:
    cost: 47.7096
    lifetime: 26.3294
    annual_cost: 1.8120276193152902
    efficiency: 0.606981
    discharge_ratio: 0.1
    depth_of_discharge: 0.4
  Li-ion:
    cost: 191.257
    lifetime: 18.1194
    annual_cost: 10.555371590670774
    efficiency: 0.91422
    discharge_ratio: 2
    depth_of_discharge: 0.9
  Pb-acid:
    cost: 153.136
    lifetime: 12.7962
    annual_cost: 11.967302793016676
    efficiency: 0.742741
    discharge_ratio: 5
    depth_of_discharge: 0.5
  VRBF:
    cost: 284.302
    lifetime: 19.0878
    annual_cost: 14.89443518896887
    efficiency: 0.682682
    discharge_ratio: 0.5
    depth_of_discharge: 1.0
