cost_values:
  wind_capex: 5000.0
  wind_opex: 100
  wind_lifetime: 20
  solar_capex: 1000.0
  solar_opex: 10
  solar_lifetime: 20
  carbon_price: 1.0
timeseries_values:
  load_level: 248857.37643537179
  wind_year: 2018
  solar_year: 2019
  price_year: 2023
  carbon_year: 2023
storage_values:
  CAES:
    cost: 56.6737
    lifetime: 26.2349
    annual_cost: 2.160240748011237
    efficiency: 0.606275
    discharge_ratio: 0.1
    depth_of_discharge: 0.4
  Li-ion:
    cost: 203.61
    lifetime: 19.1948
    annual_cost: 10.607560380936503
    efficiency: 0.91951
    discharge_ratio: 2
    depth_of_discharge: 0.9
  Pb-acid:
    cost: 146.278
    lifetime: 13.817
    annual_cost: 10.586813345878266
    efficiency: 0.733233
    discharge_ratio: 5
    depth_of_discharge: 0.5
  VRBF:
    cost: 322.89
    lifetime: 19.5541
    annual_cost: 16.51264952107231
    efficiency: 0.684565
    discharge_ratio: 0.5
    depth_of_discharge: 1.0
