cost_values:
  wind_capex: 5000.0
  wind_opex: 100
  wind_lifetime: 20
  solar_capex: 1000.0
  solar_opex: 10
  solar_lifetime: 20
  carbon_price: 1.0
timeseries_values:
  load_level: 248857.37643537179
  wind_year: 2018
  solar_year: 2019
  price_year: 2023
  carbon_year: 2023
storage_values:
  CAES:
    cost: 55.7938
    lifetime: 26.3547
    annual_cost: 2.117034153300929
    efficiency: 0.608018
    discharge_ratio: 0.1
    depth_of_discharge: 0.4
  Li-ion:
    cost: 215.332
    lifetime: 19.4155
    annual_cost: 11.090726481419484
    efficiency: 0.928013
    discharge_ratio: 2
    depth_of_discharge: 0.9
  Pb-acid:
    cost: 128.484
    lifetime: 12.7519
    annual_cost: 10.075674997451362
    efficiency: 0.755506
    discharge_ratio: 5
    depth_of_discharge: 0.5
  VRBF:
    cost: 274.499
    lifetime: 17.394
    annual_cost: 15.781246406806948
    efficiency: 0.677084
    discharge_ratio: 0.5
    depth_of_discharge: 1.0
