cost_values:
  wind_capex: 5000.0
  wind_opex: 100
  wind_lifetime: 20
  solar_capex: 1000.0
  solar_opex: 10
  solar_lifetime: 20
  carbon_price: 1.0
timeseries_values:
  load_level: 248857.37643537179
  wind_year: 2018
  solar_year: 2019
  price_year: 2023
  carbon_year: 2023
storage_values:
  CAES:
    cost: 52.3986
    lifetime: 27.248
    annual_cost: 1.923025543159131
    efficiency: 0.613421
    discharge_ratio: 0.1
    depth_of_discharge: 0.4
  Li-ion:
    cost: 208.588
    lifetime: 19.01
    annual_cost: 10.972540768016833
    efficiency: 0.923755
    discharge_ratio: 2
    depth_of_discharge: 0.9
  Pb-acid:
    cost: 125.351
    lifetime: 13.4368
    annual_cost: 9.328932483924744
    efficiency: 0.744655
    discharge_ratio: 5
    depth_of_discharge: 0.5
  VRBF:
    cost: 297.036
    lifetime: 19.2759
    annual_cost: 15.409708496101349
    efficiency: 0.683894
    discharge_ratio: 0.5
    depth_of_discharge: 1.0
