cost_values:
  wind_capex: 5000.0
  wind_opex: 100
  wind_lifetime: 20
  solar_capex: 1000.0
  solar_opex: 10
  solar_lifetime: 20
  carbon_price: 1.0
timeseries_values:
  load_level: 248857.37643537179
  wind_year: 2018
  solar_year: 2019
  price_year: 2023
  carbon_year: 2023
storage_values:
  CAES:
    cost: 60.453
    lifetime: 26.1515
    annual_cost: 2.3116456035026673
    efficiency: 0.610002
    discharge_ratio: 0.1
    depth_of_discharge: 0.4
  Li-ion:
    cost: 194.295
    lifetime: 20.6343
    annual_cost: 9.416117823236068
    efficiency: 0.914897
    discharge_ratio: 2
    depth_of_discharge: 0.9
  Pb-acid:
    cost: 143.598
    lifetime: 12.3954
    annual_cost: 11.584781451183504
    efficiency: 0.759445
    discharge_ratio: 5
    depth_of_discharge: 0.5
  VRBF:
    cost: 335.455
    lifetime: 18.4245
    annual_cost: 18.207006974409076
    efficiency: 0.661022
    discharge_ratio: 0.5
    depth_of_discharge: 1.0
