cost_values:
  wind_capex: 5000.0
  wind_opex: 100
  wind_lifetime: 20
  solar_capex: 1000.0
  solar_opex: 10
  solar_lifetime: 20
  carbon_price: 1.0
timeseries_values:
  load_level: 248857.37643537179
  wind_year: 2018
  solar_year: 2019
  price_year: 2023
  carbon_year: 2023
storage_values:
  CAES:
    cost: 56.656
    lifetime: 27.0585
    annual_cost: 2.0938337306206924
    efficiency: 0.610298
    discharge_ratio: 0.1
    depth_of_discharge: 0.4
  Li-ion:
    cost: 200.44
    lifetime: 18.0622
    annual_cost: 11.097208534951445
    efficiency: 0.926956
    discharge_ratio: 2
    depth_of_discharge: 0.9
  Pb-acid:
    cost: 140.167
    lifetime: 12.4675
    annual_cost: 11.242590735913376
    efficiency: 0.74139
    discharge_ratio: 5
    depth_of_discharge: 0.5
  VRBF:
    cost: 309.075
    lifetime: 18.9742
    annual_cost: 16.289224315122638
    efficiency: 0.677219
    discharge_ratio: 0.5
    depth_of_discharge: 1.0
