cost_values:
  wind_capex: 5000.0
  wind_opex: 100
  wind_lifetime: 20
  solar_capex: 1000.0
  solar_opex: 10
  solar_lifetime: 20
  carbon_price: 1.0
timeseries_values:
  load_level: 248857.37643537179
  wind_year: 2018
  solar_year: 2019
  price_year: 2023
  carbon_year: 2023
storage_values:
  CAES:
    cost: 53.5919
    lifetime: 25.9178
    annual_cost: 2.0677642392487017
    efficiency: 0.600822
    discharge_ratio: 0.1
    depth_of_discharge: 0.4
  Li-ion:
    cost: 184.75
    lifetime: 20.2189
    annual_cost: 9.137490170088382
    efficiency: 0.931232
    discharge_ratio: 2
    depth_of_discharge: 0.9
  Pb-acid:
    cost: 137.644
    lifetime: 13.1445
    annual_cost: 10.47160409296664
    efficiency: 0.746392
    discharge_ratio: 5
    depth_of_discharge: 0.5
  VRBF:
    cost: 326.872
    lifetime: 20.4884
    annual_cost: 15.954003240858244
    efficiency: 0.68877
    discharge_ratio: 0.5
    depth_of_discharge: 1.0
