cost_values:
  wind_capex: 5000.0
  wind_opex: 100
  wind_lifetime: 20
  solar_capex: 1000.0
  solar_opex: 10
  solar_lifetime: 20
  carbon_price: 1.0
timeseries_values:
  load_level: 248857.37643537179
  wind_year: 2018
  solar_year: 2019
  price_year: 2023
  carbon_year: 2023
storage_values:
  CAES:
    cost: 62.6948
    lifetime: 25.067
    annual_cost: 2.5010890812622173
    efficiency: 0.61333
    discharge_ratio: 0.1
    depth_of_discharge: 0.4
  Li-ion:
    cost: 210.148
    lifetime: 19.1832
    annual_cost: 10.954793777888986
    efficiency: 0.914591
    discharge_ratio: 2
    depth_of_discharge: 0.9
  Pb-acid:
    cost: 142.851
    lifetime: 12.0489
    annual_cost: 11.855937056494785
    efficiency: 0.738264
    discharge_ratio: 5
    depth_of_discharge: 0.5
  VRBF:
    cost: 326.587
    lifetime: 17.8572
    annual_cost: 18.28881347579688
    efficiency: 0.665106
    discharge_ratio: 0.5
    depth_of_discharge: 1.0
