cost_values:
  wind_capex: 5000.0
  wind_opex: 100
  wind_lifetime: 20
  solar_capex: 1000.0
  solar_opex: 10
  solar_lifetime: 20
  carbon_price: 1.0
timeseries_values:
  load_level: 248857.37643537179
  wind_year: 2018
  solar_year: 2019
  price_year: 2023
  carbon_year: 2023
storage_values:
  CAES:
    cost: 48.9431
    lifetime: 26.3209
    annual_cost: 1.8594766896268744
    efficiency: 0.611953
    discharge_ratio: 0.1
    depth_of_discharge: 0.4
  Li-ion:
    cost: 201.254
    lifetime: 19.6287
    annual_cost: 10.253047833020016
    efficiency: 0.91788
    discharge_ratio: 2
    depth_of_discharge: 0.9
  Pb-acid:
    cost: 132.007
    lifetime: 13.6897
    annual_cost: 9.642797139455212
    efficiency: 0.742378
    discharge_ratio: 5
    depth_of_discharge: 0.5
  VRBF:
    cost: 290.369
    lifetime: 19.5935
    annual_cost: 14.819659580983492
    efficiency: 0.671446
    discharge_ratio: 0.5
    depth_of_discharge: 1.0
