cost_values:
  wind_capex: 5000.0
  wind_opex: 100
  wind_lifetime: 20
  solar_capex: 1000.0
  solar_opex: 10
  solar_lifetime: 20
  carbon_price: 1.0
timeseries_values:
  load_level: 248857.37643537179
  wind_year: 2018
  solar_year: 2019
  price_year: 2023
  carbon_year: 2023
storage_values:
  CAES:
    cost: 44.0699
    lifetime: 26.3877
    annual_cost: 1.6700925052202351
    efficiency: 0.591879
    discharge_ratio: 0.1
    depth_of_discharge: 0.4
  Li-ion:
    cost: 192.211
    lifetime: 18.6406
    annual_cost: 10.311417014473784
    efficiency: 0.923716
    discharge_ratio: 2
    depth_of_discharge: 0.9
  Pb-acid:
    cost: 145.666
    lifetime: 9.82165
    annual_cost: 14.831112898545559
    efficiency: 0.745585
    discharge_ratio: 5
    depth_of_discharge: 0.5
  VRBF:
    cost: 314.678
    lifetime: 17.8258
    annual_cost: 17.652952462161586
    efficiency: 0.668147
    discharge_ratio: 0.5
    depth_of_discharge: 1.0
