cost_values:
  wind_capex: 5000.0
  wind_opex: 100
  wind_lifetime: 20
  solar_capex: 1000.0
  solar_opex: 10
  solar_lifetime: 20
  carbon_price: 1.0
timeseries_values:
  load_level: 248857.37643537179
  wind_year: 2018
  solar_year: 2019
  price_year: 2023
  carbon_year: 2023
storage_values:
  CAES:
    cost: 57.5818
    lifetime: 27.1855
    annual_cost: 2.118107079141454
    efficiency: 0.610574
    discharge_ratio: 0.1
    depth_of_discharge: 0.4
  Li-ion:
    cost: 198.286
    lifetime: 20.9591
    annual_cost: 9.460616152411125
    efficiency: 0.929313
    discharge_ratio: 2
    depth_of_discharge: 0.9
  Pb-acid:
    cost: 140.475
    lifetime: 13.0229
    annual_cost: 10.786767924195072
    efficiency: 0.743032
    discharge_ratio: 5
    depth_of_discharge: 0.5
  VRBF:
    cost: 296.736
    lifetime: 19.2481
    annual_cost: 15.416378759461972
    efficiency: 0.674062
    discharge_ratio: 0.5
    depth_of_discharge: 1.0
