cost_values:
  wind_capex: 5000.0
  wind_opex: 100
  wind_lifetime: 20
  solar_capex: 1000.0
  solar_opex: 10
  solar_lifetime: 20
  carbon_price: 1.0
timeseries_values:
  load_level: 248857.37643537179
  wind_year: 2018
  solar_year: 2019
  price_year: 2023
  carbon_year: 2023
storage_values:
  CAES:
    cost: 54.3825
    lifetime: 26.6202
    annual_cost: 2.0429035093650687
    efficiency: 0.599716
    discharge_ratio: 0.1
    depth_of_discharge: 0.4
  Li-ion:
    cost: 225.429
    lifetime: 18.633
    annual_cost: 12.098373852841734
    efficiency: 0.921147
    discharge_ratio: 2
    depth_of_discharge: 0.9
  Pb-acid:
    cost: 132.493
    lifetime: 12.0983
    annual_cost: 10.951373333443541
    efficiency: 0.742143
    discharge_ratio: 5
    depth_of_discharge: 0.5
  VRBF:
    cost: 325.163
    lifetime: 19.151
    annual_cost: 16.97890449584878
    efficiency: 0.684043
    discharge_ratio: 0.5
    depth_of_discharge: 1.0
