cost_values:
  wind_capex: 5000.0
  wind_opex: 100
  wind_lifetime: 20
  solar_capex: 1000.0
  solar_opex: 10
  solar_lifetime: 20
  carbon_price: 1.0
timeseries_values:
  load_level: 248857.37643537179
  wind_year: 2018
  solar_year: 2019
  price_year: 2023
  carbon_year: 2023
storage_values:
  CAES:
    cost: 57.246
    lifetime: 26.1315
    annual_cost: 2.190689397853166
    efficiency: 0.607098
    discharge_ratio: 0.1
    depth_of_discharge: 0.4
  Li-ion:
    cost: 182.036
    lifetime: 20.4484
    annual_cost: 8.902212398036033
    efficiency: 0.916415
    discharge_ratio: 2
    depth_of_discharge: 0.9
  Pb-acid:
    cost: 145.889
    lifetime: 11.4884
    annual_cost: 12.69880923366178
    efficiency: 0.735664
    discharge_ratio: 5
    depth_of_discharge: 0.5
  VRBF:
    cost: 316.863
    lifetime: 18.9145
    annual_cost: 16.75238573581115
    efficiency: 0.679642
    discharge_ratio: 0.5
    depth_of_discharge: 1.0
