cost_values:
  wind_capex: 5000.0
  wind_opex: 100
  wind_lifetime: 20
  solar_capex: 1000.0
  solar_opex: 10
  solar_lifetime: 20
  carbon_price: 1.0
timeseries_values:
  load_level: 248857.37643537179
  wind_year: 2018
  solar_year: 2019
  price_year: 2023
  carbon_year: 2023
storage_values:
  CAES:
    cost: 57.0604
    lifetime: 27.4308
    annual_cost: 2.080158070490106
    efficiency: 0.604514
    discharge_ratio: 0.1
    depth_of_discharge: 0.4
  Li-ion:
    cost: 204.049
    lifetime: 17.8892
    annual_cost: 11.406267468640298
    efficiency: 0.917656
    discharge_ratio: 2
    depth_of_discharge: 0.9
  Pb-acid:
    cost: 139.461
    lifetime: 13.4236
    annual_cost: 10.38923984624095
    efficiency: 0.750253
    discharge_ratio: 5
    depth_of_discharge: 0.5
  VRBF:
    cost: 324.138
    lifetime: 19.519
    annual_cost: 16.606281059480505
    efficiency: 0.675792
    discharge_ratio: 0.5
    depth_of_discharge: 1.0
