cost_values:
  wind_capex: 5000.0
  wind_opex: 100
  wind_lifetime: 20
  solar_capex: 1000.0
  solar_opex: 10
  solar_lifetime: 20
  carbon_price: 1.0
timeseries_values:
  load_level: 248857.37643537179
  wind_year: 2018
  solar_year: 2019
  price_year: 2023
  carbon_year: 2023
storage_values:
  CAES:
    cost: 51.8103
    lifetime: 26.5325
    annual_cost: 1.9527108263450486
    efficiency: 0.601824
    discharge_ratio: 0.1
    depth_of_discharge: 0.4
  Li-ion:
    cost: 209.763
    lifetime: 17.6196
    annual_cost: 11.90509432677246
    efficiency: 0.918882
    discharge_ratio: 2
    depth_of_discharge: 0.9
  Pb-acid:
    cost: 136.698
    lifetime: 12.882
    annual_cost: 10.611551001397299
    efficiency: 0.740594
    discharge_ratio: 5
    depth_of_discharge: 0.5
  VRBF:
    cost: 294.228
    lifetime: 19.3457
    annual_cost: 15.208961164496502
    efficiency: 0.684482
    discharge_ratio: 0.5
    depth_of_discharge: 1.0
