cost_values:
  wind_capex: 5000.0
  wind_opex: 100
  wind_lifetime: 20
  solar_capex: 1000.0
  solar_opex: 10
  solar_lifetime: 20
  carbon_price: 1.0
timeseries_values:
  load_level: 270635.465085621
  wind_year: 2017
  solar_year: 2018
  price_year: 2023
  carbon_year: 2023
storage_values:
  CAES:
    cost: 44.9066
    lifetime: 22.1756
    annual_cost: 2.0250455455545735
    efficiency: 0.603289
    discharge_ratio: 0.1
    depth_of_discharge: 0.4
  Li-ion:
    cost: 174.888
    lifetime: 17.4174
    annual_cost: 10.04099348926935
    efficiency: 0.954028
    discharge_ratio: 2
    depth_of_discharge: 0.9
  Pb-acid:
    cost: 143.827
    lifetime: 6.95433
    annual_cost: 20.681647261490323
    efficiency: 0.699537
    discharge_ratio: 5
    depth_of_discharge: 0.5
  VRBF:
    cost: 309.917
    lifetime: 12.8983
    annual_cost: 24.027740089779268
    efficiency: 0.797639
    discharge_ratio: 0.5
    depth_of_discharge: 1.0
