cost_values:
  wind_capex: 5000.0
  wind_opex: 100
  wind_lifetime: 20
  solar_capex: 1000.0
  solar_opex: 10
  solar_lifetime: 20
  carbon_price: 1.0
timeseries_values:
  load_level: 270635.465085621
  wind_year: 2017
  solar_year: 2018
  price_year: 2023
  carbon_year: 2023
storage_values:
  CAES:
    cost: 49.6738
    lifetime: 21.2216
    annual_cost: 2.3407188901873566
    efficiency: 0.594912
    discharge_ratio: 0.1
    depth_of_discharge: 0.4
  Li-ion:
    cost: 173.064
    lifetime: 18.0018
    annual_cost: 9.613705296137052
    efficiency: 0.946057
    discharge_ratio: 2
    depth_of_discharge: 0.9
  Pb-acid:
    cost: 152.076
    lifetime: 8.21769
    annual_cost: 18.505930498716793
    efficiency: 0.703159
    discharge_ratio: 5
    depth_of_discharge: 0.5
  VRBF:
    cost: 294.465
    lifetime: 15.7699
    annual_cost: 18.6725977970691
    efficiency: 0.805717
    discharge_ratio: 0.5
    depth_of_discharge: 1.0
