cost_values:
  wind_capex: 5000.0
  wind_opex: 100
  wind_lifetime: 20
  solar_capex: 1000.0
  solar_opex: 10
  solar_lifetime: 20
  carbon_price: 1.0
timeseries_values:
  load_level: 270635.465085621
  wind_year: 2017
  solar_year: 2018
  price_year: 2023
  carbon_year: 2023
storage_values:
  CAES:
    cost: 46.6495
    lifetime: 23.0786
    annual_cost: 2.0213314499146398
    efficiency: 0.593951
    discharge_ratio: 0.1
    depth_of_discharge: 0.4
  Li-ion:
    cost: 185.288
    lifetime: 18.3552
    annual_cost: 10.09457810320781
    efficiency: 0.924995
    discharge_ratio: 2
    depth_of_discharge: 0.9
  Pb-acid:
    cost: 146.411
    lifetime: 7.2983
    annual_cost: 20.06097310332543
    efficiency: 0.685633
    discharge_ratio: 5
    depth_of_discharge: 0.5
  VRBF:
    cost: 278.862
    lifetime: 12.8857
    annual_cost: 21.641199158757384
    efficiency: 0.806833
    discharge_ratio: 0.5
    depth_of_discharge: 1.0
