cost_values:
  wind_capex: 5000.0
  wind_opex: 100
  wind_lifetime: 20
  solar_capex: 1000.0
  solar_opex: 10
  solar_lifetime: 20
  carbon_price: 1.0
timeseries_values:
  load_level: 270635.465085621
  wind_year: 2017
  solar_year: 2018
  price_year: 2023
  carbon_year: 2023
storage_values:
  CAES:
    cost: 47.6605
    lifetime: 23.8226
    annual_cost: 2.0006422472777947
    efficiency: 0.593016
    discharge_ratio: 0.1
    depth_of_discharge: 0.4
  Li-ion:
    cost: 182.843
    lifetime: 15.9646
    annual_cost: 11.45302732295203
    efficiency: 0.938617
    discharge_ratio: 2
    depth_of_discharge: 0.9
  Pb-acid:
    cost: 156.429
    lifetime: 9.02165
    annual_cost: 17.33928937611191
    efficiency: 0.699171
    discharge_ratio: 5
    depth_of_discharge: 0.5
  VRBF:
    cost: 317.366
    lifetime: 13.313
    annual_cost: 23.83880417636896
    efficiency: 0.802688
    discharge_ratio: 0.5
    depth_of_discharge: 1.0
