cost_values:
  wind_capex: 5000.0
  wind_opex: 100
  wind_lifetime: 20
  solar_capex: 1000.0
  solar_opex: 10
  solar_lifetime: 20
  carbon_price: 1.0
timeseries_values:
  load_level: 270635.465085621
  wind_year: 2017
  solar_year: 2018
  price_year: 2023
  carbon_year: 2023
storage_values:
  CAES:
    cost: 55.0921
    lifetime: 23.0471
    annual_cost: 2.390413544437261
    efficiency: 0.595174
    discharge_ratio: 0.1
    depth_of_discharge: 0.4
  Li-ion:
    cost: 171.877
    lifetime: 19.9634
    annual_cost: 8.609605578208122
    efficiency: 0.936102
    discharge_ratio: 2
    depth_of_discharge: 0.9
  Pb-acid:
    cost: 163.939
    lifetime: 7.00978
    annual_cost: 23.387181908704694
    efficiency: 0.695481
    discharge_ratio: 5
    depth_of_discharge: 0.5
  VRBF:
    cost: 289.861
    lifetime: 12.7366
    annual_cost: 22.75811441043921
    efficiency: 0.827685
    discharge_ratio: 0.5
    depth_of_discharge: 1.0
