cost_values:
  wind_capex: 5000.0
  wind_opex: 100
  wind_lifetime: 20
  solar_capex: 1000.0
  solar_opex: 10
  solar_lifetime: 20
  carbon_price: 1.0
timeseries_values:
  load_level: 270635.465085621
  wind_year: 2017
  solar_year: 2018
  price_year: 2023
  carbon_year: 2023
storage_values:
  CAES:
    cost: 50.4922
    lifetime: 22.6846
    annual_cost: 2.22583602972942
    efficiency: 0.585236
    discharge_ratio: 0.1
    depth_of_discharge: 0.4
  Li-ion:
    cost: 179.579
    lifetime: 16.6263
    annual_cost: 10.80089977926538
    efficiency: 0.932271
    discharge_ratio: 2
    depth_of_discharge: 0.9
  Pb-acid:
    cost: 163.842
    lifetime: 8.55196
    annual_cost: 19.15841514693708
    efficiency: 0.686575
    discharge_ratio: 5
    depth_of_discharge: 0.5
  VRBF:
    cost: 307.205
    lifetime: 11.2958
    annual_cost: 27.196391579171017
    efficiency: 0.811186
    discharge_ratio: 0.5
    depth_of_discharge: 1.0
