cost_values:
  wind_capex: 5000.0
  wind_opex: 100
  wind_lifetime: 20
  solar_capex: 1000.0
  solar_opex: 10
  solar_lifetime: 20
  carbon_price: 1.0
timeseries_values:
  load_level: 270635.465085621
  wind_year: 2017
  solar_year: 2018
  price_year: 2023
  carbon_year: 2023
storage_values:
  CAES:
    cost: 51.6493
    lifetime: 22.3899
    annual_cost: 2.306812446683549
    efficiency: 0.593104
    discharge_ratio: 0.1
    depth_of_discharge: 0.4
  Li-ion:
    cost: 171.134
    lifetime: 17.4953
    annual_cost: 9.781712802867055
    efficiency: 0.932861
    discharge_ratio: 2
    depth_of_discharge: 0.9
  Pb-acid:
    cost: 179.446
    lifetime: 6.00433
    annual_cost: 29.88609886531886
    efficiency: 0.707931
    discharge_ratio: 5
    depth_of_discharge: 0.5
  VRBF:
    cost: 334.221
    lifetime: 12.3663
    annual_cost: 27.026758205768903
    efficiency: 0.811039
    discharge_ratio: 0.5
    depth_of_discharge: 1.0
