cost_values:
  wind_capex: 5000.0
  wind_opex: 100
  wind_lifetime: 20
  solar_capex: 1000.0
  solar_opex: 10
  solar_lifetime: 20
  carbon_price: 1.0
timeseries_values:
  load_level: 270635.465085621
  wind_year: 2017
  solar_year: 2018
  price_year: 2023
  carbon_year: 2023
storage_values:
  CAES:
    cost: 59.5493
    lifetime: 22.8542
    annual_cost: 2.605617348233585
    efficiency: 0.599094
    discharge_ratio: 0.1
    depth_of_discharge: 0.4
  Li-ion:
    cost: 183.842
    lifetime: 20.4919
    annual_cost: 8.971447254768957
    efficiency: 0.932208
    discharge_ratio: 2
    depth_of_discharge: 0.9
  Pb-acid:
    cost: 144.04
    lifetime: 7.11406
    annual_cost: 20.24722872733713
    efficiency: 0.681188
    discharge_ratio: 5
    depth_of_discharge: 0.5
  VRBF:
    cost: 309.977
    lifetime: 13.3713
    annual_cost: 23.18226350467045
    efficiency: 0.839378
    discharge_ratio: 0.5
    depth_of_discharge: 1.0
