cost_values:
  wind_capex: 5000.0
  wind_opex: 100
  wind_lifetime: 20
  solar_capex: 1000.0
  solar_opex: 10
  solar_lifetime: 20
  carbon_price: 1.0
timeseries_values:
  load_level: 270635.465085621
  wind_year: 2017
  solar_year: 2018
  price_year: 2023
  carbon_year: 2023
storage_values:
  CAES:
    cost: 50.4772
    lifetime: 23.876
    annual_cost: 2.114139721896465
    efficiency: 0.59868
    discharge_ratio: 0.1
    depth_of_discharge: 0.4
  Li-ion:
    cost: 173.616
    lifetime: 18.021
    annual_cost: 9.63409355751623
    efficiency: 0.94181
    discharge_ratio: 2
    depth_of_discharge: 0.9
  Pb-acid:
    cost: 155.373
    lifetime: 7.9709
    annual_cost: 19.49252907450852
    efficiency: 0.711282
    discharge_ratio: 5
    depth_of_discharge: 0.5
  VRBF:
    cost: 298.017
    lifetime: 13.827
    annual_cost: 21.55326535040139
    efficiency: 0.813644
    discharge_ratio: 0.5
    depth_of_discharge: 1.0
