cost_values:
  wind_capex: 5000.0
  wind_opex: 100
  wind_lifetime: 20
  solar_capex: 1000.0
  solar_opex: 10
  solar_lifetime: 20
  carbon_price: 1.0
timeseries_values:
  load_level: 270635.465085621
  wind_year: 2017
  solar_year: 2018
  price_year: 2023
  carbon_year: 2023
storage_values:
  CAES:
    cost: 46.2829
    lifetime: 22.8553
    annual_cost: 2.025040143861599
    efficiency: 0.595794
    discharge_ratio: 0.1
    depth_of_discharge: 0.4
  Li-ion:
    cost: 183.03
    lifetime: 18.9428
    annual_cost: 9.662246341617925
    efficiency: 0.926769
    discharge_ratio: 2
    depth_of_discharge: 0.9
  Pb-acid:
    cost: 162.017
    lifetime: 5.94495
    annual_cost: 27.252878493511297
    efficiency: 0.701483
    discharge_ratio: 5
    depth_of_discharge: 0.5
  VRBF:
    cost: 291.04
    lifetime: 12.0609
    annual_cost: 24.130869172283994
    efficiency: 0.817488
    discharge_ratio: 0.5
    depth_of_discharge: 1.0
