cost_values:
  wind_capex: 5000.0
  wind_opex: 100
  wind_lifetime: 20
  solar_capex: 1000.0
  solar_opex: 10
  solar_lifetime: 20
  carbon_price: 1.0
timeseries_values:
  load_level: 270635.465085621
  wind_year: 2017
  solar_year: 2018
  price_year: 2023
  carbon_year: 2023
storage_values:
  CAES:
    cost: 45.9248
    lifetime: 23.0374
    annual_cost: 1.9934888485679805
    efficiency: 0.592037
    discharge_ratio: 0.1
    depth_of_discharge: 0.4
  Li-ion:
    cost: 152.693
    lifetime: 20.3109
    annual_cost: 7.517786016375444
    efficiency: 0.93427
    discharge_ratio: 2
    depth_of_discharge: 0.9
  Pb-acid:
    cost: 175.17
    lifetime: 7.30465
    annual_cost: 23.980615087649646
    efficiency: 0.699047
    discharge_ratio: 5
    depth_of_discharge: 0.5
  VRBF:
    cost: 309.529
    lifetime: 12.962
    annual_cost: 23.879725351026078
    efficiency: 0.803535
    discharge_ratio: 0.5
    depth_of_discharge: 1.0
