cost_values:
  wind_capex: 5000.0
  wind_opex: 100
  wind_lifetime: 20
  solar_capex: 1000.0
  solar_opex: 10
  solar_lifetime: 20
  carbon_price: 1.0
timeseries_values:
  load_level: 270635.465085621
  wind_year: 2017
  solar_year: 2018
  price_year: 2023
  carbon_year: 2023
storage_values:
  CAES:
    cost: 46.2669
    lifetime: 22.1177
    annual_cost: 2.0918495141899927
    efficiency: 0.592887
    discharge_ratio: 0.1
    depth_of_discharge: 0.4
  Li-ion:
    cost: 186.099
    lifetime: 16.1544
    annual_cost: 11.520019313623534
    efficiency: 0.947641
    discharge_ratio: 2
    depth_of_discharge: 0.9
  Pb-acid:
    cost: 173.219
    lifetime: 8.41236
    annual_cost: 20.591011321436554
    efficiency: 0.688316
    discharge_ratio: 5
    depth_of_discharge: 0.5
  VRBF:
    cost: 278.585
    lifetime: 14.201
    annual_cost: 19.61728047320611
    efficiency: 0.790135
    discharge_ratio: 0.5
    depth_of_discharge: 1.0
