cost_values:
  wind_capex: 5000.0
  wind_opex: 100
  wind_lifetime: 20
  solar_capex: 1000.0
  solar_opex: 10
  solar_lifetime: 20
  carbon_price: 1.0
timeseries_values:
  load_level: 270635.465085621
  wind_year: 2017
  solar_year: 2018
  price_year: 2023
  carbon_year: 2023
storage_values:
  CAES:
    cost: 51.6732
    lifetime: 22.4573
    annual_cost: 2.3009533648301446
    efficiency: 0.592077
    discharge_ratio: 0.1
    depth_of_discharge: 0.4
  Li-ion:
    cost: 170.763
    lifetime: 16.4548
    annual_cost: 10.377701339426794
    efficiency: 0.935849
    discharge_ratio: 2
    depth_of_discharge: 0.9
  Pb-acid:
    cost: 171.853
    lifetime: 6.15791
    annual_cost: 27.90768296386274
    efficiency: 0.675091
    discharge_ratio: 5
    depth_of_discharge: 0.5
  VRBF:
    cost: 281.147
    lifetime: 14.2909
    annual_cost: 19.673148647041124
    efficiency: 0.814642
    discharge_ratio: 0.5
    depth_of_discharge: 1.0
