cost_values:
  wind_capex: 5000.0
  wind_opex: 100
  wind_lifetime: 20
  solar_capex: 1000.0
  solar_opex: 10
  solar_lifetime: 20
  carbon_price: 1.0
timeseries_values:
  load_level: 270635.465085621
  wind_year: 2017
  solar_year: 2018
  price_year: 2023
  carbon_year: 2023
storage_values:
  CAES:
    cost: 53.0417
    lifetime: 23.1069
    annual_cost: 2.295491822788864
    efficiency: 0.586508
    discharge_ratio: 0.1
    depth_of_discharge: 0.4
  Li-ion:
    cost: 185.565
    lifetime: 19.185
    annual_cost: 9.672400312744331
    efficiency: 0.935818
    discharge_ratio: 2
    depth_of_discharge: 0.9
  Pb-acid:
    cost: 144.199
    lifetime: 8.0725
    annual_cost: 17.862991638278107
    efficiency: 0.694092
    discharge_ratio: 5
    depth_of_discharge: 0.5
  VRBF:
    cost: 313.897
    lifetime: 13.6169
    annual_cost: 23.052016244519677
    efficiency: 0.806512
    discharge_ratio: 0.5
    depth_of_discharge: 1.0
