cost_values:
  wind_capex: 5000.0
  wind_opex: 100
  wind_lifetime: 20
  solar_capex: 1000.0
  solar_opex: 10
  solar_lifetime: 20
  carbon_price: 1.0
timeseries_values:
  load_level: 270635.465085621
  wind_year: 2017
  solar_year: 2018
  price_year: 2023
  carbon_year: 2023
storage_values:
  CAES:
    cost: 51.0287
    lifetime: 22.6405
    annual_cost: 2.253868068284711
    efficiency: 0.597126
    discharge_ratio: 0.1
    depth_of_discharge: 0.4
  Li-ion:
    cost: 162.063
    lifetime: 17.1206
    annual_cost: 9.465964977862924
    efficiency: 0.941988
    discharge_ratio: 2
    depth_of_discharge: 0.9
  Pb-acid:
    cost: 155.787
    lifetime: 7.22978
    annual_cost: 21.54795858241883
    efficiency: 0.702712
    discharge_ratio: 5
    depth_of_discharge: 0.5
  VRBF:
    cost: 309.816
    lifetime: 13.2834
    annual_cost: 23.323546682325304
    efficiency: 0.785824
    discharge_ratio: 0.5
    depth_of_discharge: 1.0
