cost_values:
  wind_capex: 5000.0
  wind_opex: 100
  wind_lifetime: 20
  solar_capex: 1000.0
  solar_opex: 10
  solar_lifetime: 20
  carbon_price: 1.0
timeseries_values:
  load_level: 270635.465085621
  wind_year: 2017
  solar_year: 2018
  price_year: 2023
  carbon_year: 2023
storage_values:
  CAES:
    cost: 42.6741
    lifetime: 22.7013
    annual_cost: 1.8798086453198717
    efficiency: 0.59712
    discharge_ratio: 0.1
    depth_of_discharge: 0.4
  Li-ion:
    cost: 201.352
    lifetime: 18.346
    annual_cost: 10.975253461244959
    efficiency: 0.936968
    discharge_ratio: 2
    depth_of_discharge: 0.9
  Pb-acid:
    cost: 171.452
    lifetime: 6.74697
    annual_cost: 25.411703327567782
    efficiency: 0.704668
    discharge_ratio: 5
    depth_of_discharge: 0.5
  VRBF:
    cost: 257.55
    lifetime: 13.9492
    annual_cost: 18.46342442577352
    efficiency: 0.811254
    discharge_ratio: 0.5
    depth_of_discharge: 1.0
