cost_values:
  wind_capex: 5000.0
  wind_opex: 100
  wind_lifetime: 20
  solar_capex: 1000.0
  solar_opex: 10
  solar_lifetime: 20
  carbon_price: 1.0
timeseries_values:
  load_level: 270635.465085621
  wind_year: 2017
  solar_year: 2018
  price_year: 2023
  carbon_year: 2023
storage_values:
  CAES:
    cost: 48.3979
    lifetime: 22.912
    annual_cost: 2.1123385125698326
    efficiency: 0.60216
    discharge_ratio: 0.1
    depth_of_discharge: 0.4
  Li-ion:
    cost: 204.567
    lifetime: 18.7501
    annual_cost: 10.910181812363668
    efficiency: 0.932296
    discharge_ratio: 2
    depth_of_discharge: 0.9
  Pb-acid:
    cost: 159.244
    lifetime: 8.76538
    annual_cost: 18.167381220209506
    efficiency: 0.699649
    discharge_ratio: 5
    depth_of_discharge: 0.5
  VRBF:
    cost: 320.206
    lifetime: 12.8587
    annual_cost: 24.901895214912862
    efficiency: 0.809946
    discharge_ratio: 0.5
    depth_of_discharge: 1.0
