cost_values:
  wind_capex: 5000.0
  wind_opex: 100
  wind_lifetime: 20
  solar_capex: 1000.0
  solar_opex: 10
  solar_lifetime: 20
  carbon_price: 1.0
timeseries_values:
  load_level: 270635.465085621
  wind_year: 2017
  solar_year: 2018
  price_year: 2023
  carbon_year: 2023
storage_values:
  CAES:
    cost: 49.9148
    lifetime: 21.6533
    annual_cost: 2.305182120046367
    efficiency: 0.598972
    discharge_ratio: 0.1
    depth_of_discharge: 0.4
  Li-ion:
    cost: 178.333
    lifetime: 18.3966
    annual_cost: 9.69380211560832
    efficiency: 0.945739
    discharge_ratio: 2
    depth_of_discharge: 0.9
  Pb-acid:
    cost: 134.43
    lifetime: 7.78245
    annual_cost: 17.273480716226896
    efficiency: 0.680643
    discharge_ratio: 5
    depth_of_discharge: 0.5
  VRBF:
    cost: 293.403
    lifetime: 12.7068
    annual_cost: 23.090235149683636
    efficiency: 0.807791
    discharge_ratio: 0.5
    depth_of_discharge: 1.0
