cost_values:
  wind_capex: 5000.0
  wind_opex: 100
  wind_lifetime: 20
  solar_capex: 1000.0
  solar_opex: 10
  solar_lifetime: 20
  carbon_price: 1.0
timeseries_values:
  load_level: 270635.465085621
  wind_year: 2017
  solar_year: 2018
  price_year: 2023
  carbon_year: 2023
storage_values:
  CAES:
    cost: 50.0299
    lifetime: 22.1638
    annual_cost: 2.2572798888277283
    efficiency: 0.590471
    discharge_ratio: 0.1
    depth_of_discharge: 0.4
  Li-ion:
    cost: 165.795
    lifetime: 18.8088
    annual_cost: 8.814756922291691
    efficiency: 0.928058
    discharge_ratio: 2
    depth_of_discharge: 0.9
  Pb-acid:
    cost: 153.967
    lifetime: 6.7209
    annual_cost: 22.908687824547307
    efficiency: 0.686218
    discharge_ratio: 5
    depth_of_discharge: 0.5
  VRBF:
    cost: 290.761
    lifetime: 13.9166
    annual_cost: 20.89310607475964
    efficiency: 0.819161
    discharge_ratio: 0.5
    depth_of_discharge: 1.0
