cost_values:
  wind_capex: 5000.0
  wind_opex: 100
  wind_lifetime: 20
  solar_capex: 1000.0
  solar_opex: 10
  solar_lifetime: 20
  carbon_price: 1.0
timeseries_values:
  load_level: 270635.465085621
  wind_year: 2017
  solar_year: 2018
  price_year: 2023
  carbon_year: 2023
storage_values:
  CAES:
    cost: 49.3264
    lifetime: 23.3479
    annual_cost: 2.1126696619396177
    efficiency: 0.587925
    discharge_ratio: 0.1
    depth_of_discharge: 0.4
  Li-ion:
    cost: 191.56
    lifetime: 19.0283
    annual_cost: 10.06711056689247
    efficiency: 0.933695
    discharge_ratio: 2
    depth_of_discharge: 0.9
  Pb-acid:
    cost: 178.249
    lifetime: 8.47372
    annual_cost: 21.035507427670492
    efficiency: 0.700823
    discharge_ratio: 5
    depth_of_discharge: 0.5
  VRBF:
    cost: 286.811
    lifetime: 13.716
    annual_cost: 20.91068824730242
    efficiency: 0.801671
    discharge_ratio: 0.5
    depth_of_discharge: 1.0
