cost_values:
  wind_capex: 5000.0
  wind_opex: 100
  wind_lifetime: 20
  solar_capex: 1000.0
  solar_opex: 10
  solar_lifetime: 20
  carbon_price: 1.0
timeseries_values:
  load_level: 270635.465085621
  wind_year: 2017
  solar_year: 2018
  price_year: 2023
  carbon_year: 2023
storage_values:
  CAES:
    cost: 48.3066
    lifetime: 22.6976
    annual_cost: 2.1282690680953054
    efficiency: 0.597527
    discharge_ratio: 0.1
    depth_of_discharge: 0.4
  Li-ion:
    cost: 193.717
    lifetime: 20.45
    annual_cost: 9.472713936430319
    efficiency: 0.927592
    discharge_ratio: 2
    depth_of_discharge: 0.9
  Pb-acid:
    cost: 154.892
    lifetime: 7.30006
    annual_cost: 21.217907798018096
    efficiency: 0.69659
    discharge_ratio: 5
    depth_of_discharge: 0.5
  VRBF:
    cost: 264.318
    lifetime: 14.4761
    annual_cost: 18.25892332879712
    efficiency: 0.794534
    discharge_ratio: 0.5
    depth_of_discharge: 1.0
