cost_values:
  wind_capex: 5000.0
  wind_opex: 100
  wind_lifetime: 20
  solar_capex: 1000.0
  solar_opex: 10
  solar_lifetime: 20
  carbon_price: 1.0
timeseries_values:
  load_level: 270635.465085621
  wind_year: 2017
  solar_year: 2018
  price_year: 2023
  carbon_year: 2023
storage_values:
  CAES:
    cost: 47.295
    lifetime: 23.0629
    annual_cost: 2.0506961396875503
    efficiency: 0.594977
    discharge_ratio: 0.1
    depth_of_discharge: 0.4
  Li-ion:
    cost: 157.365
    lifetime: 15.8001
    annual_cost: 9.95974709020829
    efficiency: 0.922233
    discharge_ratio: 2
    depth_of_discharge: 0.9
  Pb-acid:
    cost: 182.463
    lifetime: 5.80907
    annual_cost: 31.410019159693373
    efficiency: 0.694865
    discharge_ratio: 5
    depth_of_discharge: 0.5
  VRBF:
    cost: 339.5
    lifetime: 13.7496
    annual_cost: 24.69162739279688
    efficiency: 0.790229
    discharge_ratio: 0.5
    depth_of_discharge: 1.0
