cost_values:
  wind_capex: 5000.0
  wind_opex: 100
  wind_lifetime: 20
  solar_capex: 1000.0
  solar_opex: 10
  solar_lifetime: 20
  carbon_price: 1.0
timeseries_values:
  load_level: 270635.465085621
  wind_year: 2017
  solar_year: 2018
  price_year: 2023
  carbon_year: 2023
storage_values:
  CAES:
    cost: 44.3068
    lifetime: 22.3859
    annual_cost: 1.9792279961940331
    efficiency: 0.601173
    discharge_ratio: 0.1
    depth_of_discharge: 0.4
  Li-ion:
    cost: 157.065
    lifetime: 21.1267
    annual_cost: 7.434431312036428
    efficiency: 0.93864
    discharge_ratio: 2
    depth_of_discharge: 0.9
  Pb-acid:
    cost: 184.117
    lifetime: 6.74855
    annual_cost: 27.282453267738994
    efficiency: 0.704663
    discharge_ratio: 5
    depth_of_discharge: 0.5
  VRBF:
    cost: 315.457
    lifetime: 13.929
    annual_cost: 22.647498025701772
    efficiency: 0.795256
    discharge_ratio: 0.5
    depth_of_discharge: 1.0
