cost_values:
  wind_capex: 5000.0
  wind_opex: 100
  wind_lifetime: 20
  solar_capex: 1000.0
  solar_opex: 10
  solar_lifetime: 20
  carbon_price: 1.0
timeseries_values:
  load_level: 270635.465085621
  wind_year: 2017
  solar_year: 2018
  price_year: 2023
  carbon_year: 2023
storage_values:
  CAES:
    cost: 52.1102
    lifetime: 23.44
    annual_cost: 2.2231313993174058
    efficiency: 0.58835
    discharge_ratio: 0.1
    depth_of_discharge: 0.4
  Li-ion:
    cost: 174.596
    lifetime: 18.9083
    annual_cost: 9.233828530327951
    efficiency: 0.923032
    discharge_ratio: 2
    depth_of_discharge: 0.9
  Pb-acid:
    cost: 183.556
    lifetime: 7.93336
    annual_cost: 23.13723315215747
    efficiency: 0.690745
    discharge_ratio: 5
    depth_of_discharge: 0.5
  VRBF:
    cost: 287.339
    lifetime: 13.2034
    annual_cost: 21.762500568035506
    efficiency: 0.808764
    discharge_ratio: 0.5
    depth_of_discharge: 1.0
