cost_values:
  wind_capex: 5000.0
  wind_opex: 100
  wind_lifetime: 20
  solar_capex: 1000.0
  solar_opex: 10
  solar_lifetime: 20
  carbon_price: 1.0
timeseries_values:
  load_level: 270635.465085621
  wind_year: 2017
  solar_year: 2018
  price_year: 2023
  carbon_year: 2023
storage_values:
  CAES:
    cost: 49.1161
    lifetime: 23.4044
    annual_cost: 2.0985840269351064
    efficiency: 0.588707
    discharge_ratio: 0.1
    depth_of_discharge: 0.4
  Li-ion:
    cost: 191.397
    lifetime: 17.8701
    annual_cost: 10.71046048986855
    efficiency: 0.931417
    discharge_ratio: 2
    depth_of_discharge: 0.9
  Pb-acid:
    cost: 147.522
    lifetime: 7.85387
    annual_cost: 18.783351392370893
    efficiency: 0.695922
    discharge_ratio: 5
    depth_of_discharge: 0.5
  VRBF:
    cost: 284.588
    lifetime: 13.3391
    annual_cost: 21.334872667571275
    efficiency: 0.808109
    discharge_ratio: 0.5
    depth_of_discharge: 1.0
