cost_values:
  wind_capex: 5000.0
  wind_opex: 100
  wind_lifetime: 20
  solar_capex: 1000.0
  solar_opex: 10
  solar_lifetime: 20
  carbon_price: 1.0
timeseries_values:
  load_level: 270635.465085621
  wind_year: 2017
  solar_year: 2018
  price_year: 2023
  carbon_year: 2023
storage_values:
  CAES:
    cost: 45.7863
    lifetime: 23.1692
    annual_cost: 1.9761709510902403
    efficiency: 0.585748
    discharge_ratio: 0.1
    depth_of_discharge: 0.4
  Li-ion:
    cost: 190.148
    lifetime: 20.4783
    annual_cost: 9.2853410683504
    efficiency: 0.935114
    discharge_ratio: 2
    depth_of_discharge: 0.9
  Pb-acid:
    cost: 154.971
    lifetime: 5.97695
    annual_cost: 25.92810714494851
    efficiency: 0.708717
    discharge_ratio: 5
    depth_of_discharge: 0.5
  VRBF:
    cost: 286.236
    lifetime: 11.0925
    annual_cost: 25.80446247464503
    efficiency: 0.792762
    discharge_ratio: 0.5
    depth_of_discharge: 1.0
