cost_values:
  wind_capex: 5000.0
  wind_opex: 100
  wind_lifetime: 20
  solar_capex: 1000.0
  solar_opex: 10
  solar_lifetime: 20
  carbon_price: 1.0
timeseries_values:
  load_level: 270635.465085621
  wind_year: 2017
  solar_year: 2018
  price_year: 2023
  carbon_year: 2023
storage_values:
  CAES:
    cost: 48.7105
    lifetime: 23.1878
    annual_cost: 2.1006951931619215
    efficiency: 0.598835
    discharge_ratio: 0.1
    depth_of_discharge: 0.4
  Li-ion:
    cost: 174.651
    lifetime: 16.4934
    annual_cost: 10.589144748808614
    efficiency: 0.926249
    discharge_ratio: 2
    depth_of_discharge: 0.9
  Pb-acid:
    cost: 143.601
    lifetime: 6.72733
    annual_cost: 21.34591286587695
    efficiency: 0.701446
    discharge_ratio: 5
    depth_of_discharge: 0.5
  VRBF:
    cost: 312.865
    lifetime: 11.6678
    annual_cost: 26.814395173040335
    efficiency: 0.806815
    discharge_ratio: 0.5
    depth_of_discharge: 1.0
