cost_values:
  wind_capex: 5000.0
  wind_opex: 100
  wind_lifetime: 20
  solar_capex: 1000.0
  solar_opex: 10
  solar_lifetime: 20
  carbon_price: 1.0
timeseries_values:
  load_level: 270635.465085621
  wind_year: 2017
  solar_year: 2018
  price_year: 2023
  carbon_year: 2023
storage_values:
  CAES:
    cost: 53.3413
    lifetime: 21.6148
    annual_cost: 2.4678137202287322
    efficiency: 0.600513
    discharge_ratio: 0.1
    depth_of_discharge: 0.4
  Li-ion:
    cost: 170.475
    lifetime: 17.2979
    annual_cost: 9.855242543892611
    efficiency: 0.937861
    discharge_ratio: 2
    depth_of_discharge: 0.9
  Pb-acid:
    cost: 166.477
    lifetime: 6.51145
    annual_cost: 25.566809236038058
    efficiency: 0.698565
    discharge_ratio: 5
    depth_of_discharge: 0.5
  VRBF:
    cost: 308.564
    lifetime: 11.4924
    annual_cost: 26.849396122654973
    efficiency: 0.807738
    discharge_ratio: 0.5
    depth_of_discharge: 1.0
