cost_values:
  wind_capex: 5000.0
  wind_opex: 100
  wind_lifetime: 20
  solar_capex: 1000.0
  solar_opex: 10
  solar_lifetime: 20
  carbon_price: 1.0
timeseries_values:
  load_level: 270635.465085621
  wind_year: 2017
  solar_year: 2018
  price_year: 2023
  carbon_year: 2023
storage_values:
  CAES:
    cost: 40.5206
    lifetime: 22.6875
    annual_cost: 1.786031955922865
    efficiency: 0.59469
    discharge_ratio: 0.1
    depth_of_discharge: 0.4
  Li-ion:
    cost: 195.346
    lifetime: 16.5437
    annual_cost: 11.807878527777945
    efficiency: 0.941541
    discharge_ratio: 2
    depth_of_discharge: 0.9
  Pb-acid:
    cost: 160.986
    lifetime: 6.26625
    annual_cost: 25.690963494913223
    efficiency: 0.713339
    discharge_ratio: 5
    depth_of_discharge: 0.5
  VRBF:
    cost: 312.731
    lifetime: 10.8624
    annual_cost: 28.790230519958758
    efficiency: 0.796965
    discharge_ratio: 0.5
    depth_of_discharge: 1.0
