cost_values:
  wind_capex: 5000.0
  wind_opex: 100
  wind_lifetime: 20
  solar_capex: 1000.0
  solar_opex: 10
  solar_lifetime: 20
  carbon_price: 1.0
timeseries_values:
  load_level: 270635.465085621
  wind_year: 2017
  solar_year: 2018
  price_year: 2023
  carbon_year: 2023
storage_values:
  CAES:
    cost: 49.9202
    lifetime: 21.9582
    annual_cost: 2.2734194970443844
    efficiency: 0.596053
    discharge_ratio: 0.1
    depth_of_discharge: 0.4
  Li-ion:
    cost: 168.281
    lifetime: 17.8905
    annual_cost: 9.406165283250887
    efficiency: 0.948826
    discharge_ratio: 2
    depth_of_discharge: 0.9
  Pb-acid:
    cost: 168.398
    lifetime: 7.91005
    annual_cost: 21.289119537803174
    efficiency: 0.695345
    discharge_ratio: 5
    depth_of_discharge: 0.5
  VRBF:
    cost: 290.9
    lifetime: 14.5698
    annual_cost: 19.96595697950555
    efficiency: 0.807019
    discharge_ratio: 0.5
    depth_of_discharge: 1.0
