cost_values:
  wind_capex: 5000.0
  wind_opex: 100
  wind_lifetime: 20
  solar_capex: 1000.0
  solar_opex: 10
  solar_lifetime: 20
  carbon_price: 1.0
timeseries_values:
  load_level: 270635.465085621
  wind_year: 2017
  solar_year: 2018
  price_year: 2023
  carbon_year: 2023
storage_values:
  CAES:
    cost: 50.3734
    lifetime: 23.4122
    annual_cost: 2.1515876337977637
    efficiency: 0.59067
    discharge_ratio: 0.1
    depth_of_discharge: 0.4
  Li-ion:
    cost: 172.974
    lifetime: 19.2868
    annual_cost: 8.968517327913391
    efficiency: 0.939983
    discharge_ratio: 2
    depth_of_discharge: 0.9
  Pb-acid:
    cost: 153.727
    lifetime: 8.94872
    annual_cost: 17.17865795331623
    efficiency: 0.712349
    discharge_ratio: 5
    depth_of_discharge: 0.5
  VRBF:
    cost: 306.872
    lifetime: 14.0837
    annual_cost: 21.789160518897734
    efficiency: 0.802768
    discharge_ratio: 0.5
    depth_of_discharge: 1.0
