cost_values:
  wind_capex: 5000.0
  wind_opex: 100
  wind_lifetime: 20
  solar_capex: 1000.0
  solar_opex: 10
  solar_lifetime: 20
  carbon_price: 1.0
timeseries_values:
  load_level: 270635.465085621
  wind_year: 2017
  solar_year: 2018
  price_year: 2023
  carbon_year: 2023
storage_values:
  CAES:
    cost: 46.5214
    lifetime: 23.5659
    annual_cost: 1.9740981672671105
    efficiency: 0.592865
    discharge_ratio: 0.1
    depth_of_discharge: 0.4
  Li-ion:
    cost: 177.967
    lifetime: 18.1947
    annual_cost: 9.781254980846072
    efficiency: 0.942913
    discharge_ratio: 2
    depth_of_discharge: 0.9
  Pb-acid:
    cost: 158.035
    lifetime: 7.30827
    annual_cost: 21.624132660670718
    efficiency: 0.705438
    discharge_ratio: 5
    depth_of_discharge: 0.5
  VRBF:
    cost: 327.51
    lifetime: 13.7989
    annual_cost: 23.73450057613288
    efficiency: 0.785737
    discharge_ratio: 0.5
    depth_of_discharge: 1.0
