cost_values:
  wind_capex: 5000.0
  wind_opex: 100
  wind_lifetime: 20
  solar_capex: 1000.0
  solar_opex: 10
  solar_lifetime: 20
  carbon_price: 1.0
timeseries_values:
  load_level: 270635.465085621
  wind_year: 2017
  solar_year: 2018
  price_year: 2023
  carbon_year: 2023
storage_values:
  CAES:
    cost: 47.5228
    lifetime: 22.1008
    annual_cost: 2.150275103163686
    efficiency: 0.596287
    discharge_ratio: 0.1
    depth_of_discharge: 0.4
  Li-ion:
    cost: 175.251
    lifetime: 18.0461
    annual_cost: 9.711294961238163
    efficiency: 0.932002
    discharge_ratio: 2
    depth_of_discharge: 0.9
  Pb-acid:
    cost: 147.33
    lifetime: 8.67227
    annual_cost: 16.988631580889436
    efficiency: 0.704946
    discharge_ratio: 5
    depth_of_discharge: 0.5
  VRBF:
    cost: 279.664
    lifetime: 17.7366
    annual_cost: 15.767621753887441
    efficiency: 0.819947
    discharge_ratio: 0.5
    depth_of_discharge: 1.0
