cost_values:
  wind_capex: 5000.0
  wind_opex: 100
  wind_lifetime: 20
  solar_capex: 1000.0
  solar_opex: 10
  solar_lifetime: 20
  carbon_price: 1.0
timeseries_values:
  load_level: 270635.465085621
  wind_year: 2017
  solar_year: 2018
  price_year: 2023
  carbon_year: 2023
storage_values:
  CAES:
    cost: 53.5059
    lifetime: 22.7996
    annual_cost: 2.3467911717749432
    efficiency: 0.581695
    discharge_ratio: 0.1
    depth_of_discharge: 0.4
  Li-ion:
    cost: 171.208
    lifetime: 17.5102
    annual_cost: 9.777615332777467
    efficiency: 0.940726
    discharge_ratio: 2
    depth_of_discharge: 0.9
  Pb-acid:
    cost: 161.535
    lifetime: 5.77137
    annual_cost: 27.98902167076448
    efficiency: 0.707758
    discharge_ratio: 5
    depth_of_discharge: 0.5
  VRBF:
    cost: 320.049
    lifetime: 12.9971
    annual_cost: 24.624647036646635
    efficiency: 0.825485
    discharge_ratio: 0.5
    depth_of_discharge: 1.0
