cost_values:
  wind_capex: 5000.0
  wind_opex: 100
  wind_lifetime: 20
  solar_capex: 1000.0
  solar_opex: 10
  solar_lifetime: 20
  carbon_price: 1.0
timeseries_values:
  load_level: 270635.465085621
  wind_year: 2017
  solar_year: 2018
  price_year: 2023
  carbon_year: 2023
storage_values:
  CAES:
    cost: 48.1541
    lifetime: 22.1914
    annual_cost: 2.169944212622908
    efficiency: 0.590825
    discharge_ratio: 0.1
    depth_of_discharge: 0.4
  Li-ion:
    cost: 170.352
    lifetime: 17.7732
    annual_cost: 9.584768077780028
    efficiency: 0.942216
    discharge_ratio: 2
    depth_of_discharge: 0.9
  Pb-acid:
    cost: 161.507
    lifetime: 6.24448
    annual_cost: 25.863963052167673
    efficiency: 0.71803
    discharge_ratio: 5
    depth_of_discharge: 0.5
  VRBF:
    cost: 323.592
    lifetime: 13.5985
    annual_cost: 23.796153987572158
    efficiency: 0.817437
    discharge_ratio: 0.5
    depth_of_discharge: 1.0
