cost_values:
  wind_capex: 5000.0
  wind_opex: 100
  wind_lifetime: 20
  solar_capex: 1000.0
  solar_opex: 10
  solar_lifetime: 20
  carbon_price: 1.0
timeseries_values:
  load_level: 270635.465085621
  wind_year: 2017
  solar_year: 2018
  price_year: 2023
  carbon_year: 2023
storage_values:
  CAES:
    cost: 45.0082
    lifetime: 23.4225
    annual_cost: 1.9215796776603695
    efficiency: 0.5852
    discharge_ratio: 0.1
    depth_of_discharge: 0.4
  Li-ion:
    cost: 158.63
    lifetime: 20.1506
    annual_cost: 7.872222167081873
    efficiency: 0.932515
    discharge_ratio: 2
    depth_of_discharge: 0.9
  Pb-acid:
    cost: 159.844
    lifetime: 7.98295
    annual_cost: 20.02317439041958
    efficiency: 0.693907
    discharge_ratio: 5
    depth_of_discharge: 0.5
  VRBF:
    cost: 303.773
    lifetime: 13.8925
    annual_cost: 21.865970847579632
    efficiency: 0.805062
    discharge_ratio: 0.5
    depth_of_discharge: 1.0
