cost_values:
  wind_capex: 5000.0
  wind_opex: 100
  wind_lifetime: 20
  solar_capex: 1000.0
  solar_opex: 10
  solar_lifetime: 20
  carbon_price: 1.0
timeseries_values:
  load_level: 270635.465085621
  wind_year: 2017
  solar_year: 2018
  price_year: 2023
  carbon_year: 2023
storage_values:
  CAES:
    cost: 48.911
    lifetime: 22.8703
    annual_cost: 2.138625203867024
    efficiency: 0.588292
    discharge_ratio: 0.1
    depth_of_discharge: 0.4
  Li-ion:
    cost: 183.442
    lifetime: 17.8278
    annual_cost: 10.289659969261491
    efficiency: 0.929694
    discharge_ratio: 2
    depth_of_discharge: 0.9
  Pb-acid:
    cost: 162.689
    lifetime: 7.44888
    annual_cost: 21.840733103500124
    efficiency: 0.702166
    discharge_ratio: 5
    depth_of_discharge: 0.5
  VRBF:
    cost: 306.711
    lifetime: 12.9412
    annual_cost: 23.700352362995705
    efficiency: 0.798682
    discharge_ratio: 0.5
    depth_of_discharge: 1.0
