cost_values:
  wind_capex: 5000.0
  wind_opex: 100
  wind_lifetime: 20
  solar_capex: 1000.0
  solar_opex: 10
  solar_lifetime: 20
  carbon_price: 1.0
timeseries_values:
  load_level: 270635.465085621
  wind_year: 2017
  solar_year: 2018
  price_year: 2023
  carbon_year: 2023
storage_values:
  CAES:
    cost: 51.1815
    lifetime: 22.4506
    annual_cost: 2.2797386261391677
    efficiency: 0.601008
    discharge_ratio: 0.1
    depth_of_discharge: 0.4
  Li-ion:
    cost: 200.082
    lifetime: 17.4809
    annual_cost: 11.445749360730856
    efficiency: 0.935133
    discharge_ratio: 2
    depth_of_discharge: 0.9
  Pb-acid:
    cost: 159.233
    lifetime: 6.91863
    annual_cost: 23.015105591713965
    efficiency: 0.710373
    discharge_ratio: 5
    depth_of_discharge: 0.5
  VRBF:
    cost: 286.301
    lifetime: 14.1112
    annual_cost: 20.288919439877542
    efficiency: 0.80181
    discharge_ratio: 0.5
    depth_of_discharge: 1.0
