cost_values:
  wind_capex: 5000.0
  wind_opex: 100
  wind_lifetime: 20
  solar_capex: 1000.0
  solar_opex: 10
  solar_lifetime: 20
  carbon_price: 1.0
timeseries_values:
  load_level: 235626.6083122505
  wind_year: 2015
  solar_year: 2011
  price_year: 2023
  carbon_year: 2023
storage_values:
  CAES:
    cost: 48.3443
    lifetime: 26.2813
    annual_cost: 1.8394942411524542
    efficiency: 0.597824
    discharge_ratio: 0.1
    depth_of_discharge: 0.4
  Li-ion:
    cost: 137.542
    lifetime: 18.5874
    annual_cost: 7.399743912542906
    efficiency: 0.90942
    discharge_ratio: 2
    depth_of_discharge: 0.9
  Pb-acid:
    cost: 168.36
    lifetime: 7.12647
    annual_cost: 23.62459955630207
    efficiency: 0.668394
    discharge_ratio: 5
    depth_of_discharge: 0.5
  VRBF:
    cost: 209.749
    lifetime: 17.3982
    annual_cost: 12.055787380303709
    efficiency: 0.794601
    discharge_ratio: 0.5
    depth_of_discharge: 1.0
