cost_values:
  wind_capex: 5000.0
  wind_opex: 100
  wind_lifetime: 20
  solar_capex: 1000.0
  solar_opex: 10
  solar_lifetime: 20
  carbon_price: 1.0
timeseries_values:
  load_level: 235626.6083122505
  wind_year: 2015
  solar_year: 2011
  price_year: 2023
  carbon_year: 2023
storage_values:
  CAES:
    cost: 50.2129
    lifetime: 26.8443
    annual_cost: 1.8705237238445405
    efficiency: 0.597728
    discharge_ratio: 0.1
    depth_of_discharge: 0.4
  Li-ion:
    cost: 145.395
    lifetime: 17.8233
    annual_cost: 8.157580246082375
    efficiency: 0.921398
    discharge_ratio: 2
    depth_of_discharge: 0.9
  Pb-acid:
    cost: 162.984
    lifetime: 9.83107
    annual_cost: 16.578459923487475
    efficiency: 0.670611
    discharge_ratio: 5
    depth_of_discharge: 0.5
  VRBF:
    cost: 199.154
    lifetime: 18.0557
    annual_cost: 11.029979452472071
    efficiency: 0.781409
    discharge_ratio: 0.5
    depth_of_discharge: 1.0
