cost_values:
  wind_capex: 5000.0
  wind_opex: 100
  wind_lifetime: 20
  solar_capex: 1000.0
  solar_opex: 10
  solar_lifetime: 20
  carbon_price: 1.0
timeseries_values:
  load_level: 235626.6083122505
  wind_year: 2015
  solar_year: 2011
  price_year: 2023
  carbon_year: 2023
storage_values:
  CAES:
    cost: 47.9737
    lifetime: 26.5366
    annual_cost: 1.8078314478870692
    efficiency: 0.607109
    discharge_ratio: 0.1
    depth_of_discharge: 0.4
  Li-ion:
    cost: 122.7
    lifetime: 17.8554
    annual_cost: 6.871870694579791
    efficiency: 0.937999
    discharge_ratio: 2
    depth_of_discharge: 0.9
  Pb-acid:
    cost: 153.075
    lifetime: 8.2707
    annual_cost: 18.508106931698645
    efficiency: 0.678884
    discharge_ratio: 5
    depth_of_discharge: 0.5
  VRBF:
    cost: 193.849
    lifetime: 17.9535
    annual_cost: 10.797281867045424
    efficiency: 0.781308
    discharge_ratio: 0.5
    depth_of_discharge: 1.0
