cost_values:
  wind_capex: 5000.0
  wind_opex: 100
  wind_lifetime: 20
  solar_capex: 1000.0
  solar_opex: 10
  solar_lifetime: 20
  carbon_price: 1.0
timeseries_values:
  load_level: 235626.6083122505
  wind_year: 2015
  solar_year: 2011
  price_year: 2023
  carbon_year: 2023
storage_values:
  CAES:
    cost: 49.6942
    lifetime: 25.793
    annual_cost: 1.9266545186678559
    efficiency: 0.598822
    discharge_ratio: 0.1
    depth_of_discharge: 0.4
  Li-ion:
    cost: 133.045
    lifetime: 20.9753
    annual_cost: 6.34293669220464
    efficiency: 0.923806
    discharge_ratio: 2
    depth_of_discharge: 0.9
  Pb-acid:
    cost: 182.846
    lifetime: 7.75357
    annual_cost: 23.58216924590866
    efficiency: 0.705267
    discharge_ratio: 5
    depth_of_discharge: 0.5
  VRBF:
    cost: 175.744
    lifetime: 18.5052
    annual_cost: 9.497006246892767
    efficiency: 0.800337
    discharge_ratio: 0.5
    depth_of_discharge: 1.0
