cost_values:
  wind_capex: 5000.0
  wind_opex: 100
  wind_lifetime: 20
  solar_capex: 1000.0
  solar_opex: 10
  solar_lifetime: 20
  carbon_price: 1.0
timeseries_values:
  load_level: 235626.6083122505
  wind_year: 2015
  solar_year: 2011
  price_year: 2023
  carbon_year: 2023
storage_values:
  CAES:
    cost: 58.6439
    lifetime: 24.9097
    annual_cost: 2.354259585623271
    efficiency: 0.600463
    discharge_ratio: 0.1
    depth_of_discharge: 0.4
  Li-ion:
    cost: 127.822
    lifetime: 18.5844
    annual_cost: 6.877919114956631
    efficiency: 0.921607
    discharge_ratio: 2
    depth_of_discharge: 0.9
  Pb-acid:
    cost: 155.511
    lifetime: 9.22789
    annual_cost: 16.85228150747354
    efficiency: 0.673811
    discharge_ratio: 5
    depth_of_discharge: 0.5
  VRBF:
    cost: 195.294
    lifetime: 14.9773
    annual_cost: 13.039332857057014
    efficiency: 0.77674
    discharge_ratio: 0.5
    depth_of_discharge: 1.0
