cost_values:
  wind_capex: 5000.0
  wind_opex: 100
  wind_lifetime: 20
  solar_capex: 1000.0
  solar_opex: 10
  solar_lifetime: 20
  carbon_price: 1.0
timeseries_values:
  load_level: 235626.6083122505
  wind_year: 2015
  solar_year: 2011
  price_year: 2023
  carbon_year: 2023
storage_values:
  CAES:
    cost: 48.0291
    lifetime: 25.8176
    annual_cost: 1.8603239650470997
    efficiency: 0.610816
    discharge_ratio: 0.1
    depth_of_discharge: 0.4
  Li-ion:
    cost: 126.976
    lifetime: 19.8177
    annual_cost: 6.407201642975724
    efficiency: 0.923361
    discharge_ratio: 2
    depth_of_discharge: 0.9
  Pb-acid:
    cost: 162.285
    lifetime: 6.32715
    annual_cost: 25.648988881249853
    efficiency: 0.671714
    discharge_ratio: 5
    depth_of_discharge: 0.5
  VRBF:
    cost: 228.536
    lifetime: 19.0509
    annual_cost: 11.996073676309257
    efficiency: 0.774718
    discharge_ratio: 0.5
    depth_of_discharge: 1.0
