cost_values:
  wind_capex: 5000.0
  wind_opex: 100
  wind_lifetime: 20
  solar_capex: 1000.0
  solar_opex: 10
  solar_lifetime: 20
  carbon_price: 1.0
timeseries_values:
  load_level: 235626.6083122505
  wind_year: 2015
  solar_year: 2011
  price_year: 2023
  carbon_year: 2023
storage_values:
  CAES:
    cost: 53.0114
    lifetime: 26.5289
    annual_cost: 1.998250964042987
    efficiency: 0.60762
    discharge_ratio: 0.1
    depth_of_discharge: 0.4
  Li-ion:
    cost: 141.229
    lifetime: 18.4999
    annual_cost: 7.63404126508792
    efficiency: 0.930603
    discharge_ratio: 2
    depth_of_discharge: 0.9
  Pb-acid:
    cost: 162.426
    lifetime: 8.30025
    annual_cost: 19.56880816842866
    efficiency: 0.664569
    discharge_ratio: 5
    depth_of_discharge: 0.5
  VRBF:
    cost: 205.974
    lifetime: 17.023
    annual_cost: 12.09974740057569
    efficiency: 0.784784
    discharge_ratio: 0.5
    depth_of_discharge: 1.0
