cost_values:
  wind_capex: 5000.0
  wind_opex: 100
  wind_lifetime: 20
  solar_capex: 1000.0
  solar_opex: 10
  solar_lifetime: 20
  carbon_price: 1.0
timeseries_values:
  load_level: 235626.6083122505
  wind_year: 2015
  solar_year: 2011
  price_year: 2023
  carbon_year: 2023
storage_values:
  CAES:
    cost: 56.2769
    lifetime: 25.2389
    annual_cost: 2.2297683338021863
    efficiency: 0.607471
    discharge_ratio: 0.1
    depth_of_discharge: 0.4
  Li-ion:
    cost: 146.795
    lifetime: 17.4022
    annual_cost: 8.435427704543104
    efficiency: 0.927388
    discharge_ratio: 2
    depth_of_discharge: 0.9
  Pb-acid:
    cost: 185.827
    lifetime: 10.3943
    annual_cost: 17.877779167428304
    efficiency: 0.662496
    discharge_ratio: 5
    depth_of_discharge: 0.5
  VRBF:
    cost: 207.382
    lifetime: 16.176
    annual_cost: 12.820351137487638
    efficiency: 0.773984
    discharge_ratio: 0.5
    depth_of_discharge: 1.0
