cost_values:
  wind_capex: 5000.0
  wind_opex: 100
  wind_lifetime: 20
  solar_capex: 1000.0
  solar_opex: 10
  solar_lifetime: 20
  carbon_price: 1.0
timeseries_values:
  load_level: 235626.6083122505
  wind_year: 2015
  solar_year: 2011
  price_year: 2023
  carbon_year: 2023
storage_values:
  CAES:
    cost: 61.1092
    lifetime: 26.5008
    annual_cost: 2.305937933949164
    efficiency: 0.596054
    discharge_ratio: 0.1
    depth_of_discharge: 0.4
  Li-ion:
    cost: 132.467
    lifetime: 18.9216
    annual_cost: 7.000835024522239
    efficiency: 0.918454
    discharge_ratio: 2
    depth_of_discharge: 0.9
  Pb-acid:
    cost: 173.601
    lifetime: 9.25078
    annual_cost: 18.76609323754321
    efficiency: 0.668411
    discharge_ratio: 5
    depth_of_discharge: 0.5
  VRBF:
    cost: 191.781
    lifetime: 14.7906
    annual_cost: 12.96641109894122
    efficiency: 0.779567
    discharge_ratio: 0.5
    depth_of_discharge: 1.0
