cost_values:
  wind_capex: 5000.0
  wind_opex: 100
  wind_lifetime: 20
  solar_capex: 1000.0
  solar_opex: 10
  solar_lifetime: 20
  carbon_price: 1.0
timeseries_values:
  load_level: 235626.6083122505
  wind_year: 2015
  solar_year: 2011
  price_year: 2023
  carbon_year: 2023
storage_values:
  CAES:
    cost: 59.024
    lifetime: 25.5213
    annual_cost: 2.312734852848405
    efficiency: 0.594777
    discharge_ratio: 0.1
    depth_of_discharge: 0.4
  Li-ion:
    cost: 152.321
    lifetime: 17.8789
    annual_cost: 8.519595724569184
    efficiency: 0.924337
    discharge_ratio: 2
    depth_of_discharge: 0.9
  Pb-acid:
    cost: 159.173
    lifetime: 7.04464
    annual_cost: 22.594909037225463
    efficiency: 0.672927
    discharge_ratio: 5
    depth_of_discharge: 0.5
  VRBF:
    cost: 185.683
    lifetime: 17.2716
    annual_cost: 10.75077005025591
    efficiency: 0.785508
    discharge_ratio: 0.5
    depth_of_discharge: 1.0
