cost_values:
  wind_capex: 5000.0
  wind_opex: 100
  wind_lifetime: 20
  solar_capex: 1000.0
  solar_opex: 10
  solar_lifetime: 20
  carbon_price: 1.0
timeseries_values:
  load_level: 235626.6083122505
  wind_year: 2015
  solar_year: 2011
  price_year: 2023
  carbon_year: 2023
storage_values:
  CAES:
    cost: 55.1892
    lifetime: 26.8735
    annual_cost: 2.0536662511395987
    efficiency: 0.596066
    discharge_ratio: 0.1
    depth_of_discharge: 0.4
  Li-ion:
    cost: 134.368
    lifetime: 17.7736
    annual_cost: 7.559976594499708
    efficiency: 0.920035
    discharge_ratio: 2
    depth_of_discharge: 0.9
  Pb-acid:
    cost: 160.836
    lifetime: 8.19347
    annual_cost: 19.629778347879473
    efficiency: 0.669722
    discharge_ratio: 5
    depth_of_discharge: 0.5
  VRBF:
    cost: 199.508
    lifetime: 18.5486
    annual_cost: 10.755960018545874
    efficiency: 0.761107
    discharge_ratio: 0.5
    depth_of_discharge: 1.0
