cost_values:
  wind_capex: 5000.0
  wind_opex: 100
  wind_lifetime: 20
  solar_capex: 1000.0
  solar_opex: 10
  solar_lifetime: 20
  carbon_price: 1.0
timeseries_values:
  load_level: 235626.6083122505
  wind_year: 2015
  solar_year: 2011
  price_year: 2023
  carbon_year: 2023
storage_values:
  CAES:
    cost: 56.2502
    lifetime: 26.5418
    annual_cost: 2.1193061510523026
    efficiency: 0.60349
    discharge_ratio: 0.1
    depth_of_discharge: 0.4
  Li-ion:
    cost: 125.768
    lifetime: 21.4039
    annual_cost: 5.875938497189765
    efficiency: 0.927302
    discharge_ratio: 2
    depth_of_discharge: 0.9
  Pb-acid:
    cost: 181.928
    lifetime: 7.19533
    annual_cost: 25.284177376159256
    efficiency: 0.665662
    discharge_ratio: 5
    depth_of_discharge: 0.5
  VRBF:
    cost: 150.163
    lifetime: 15.8256
    annual_cost: 9.48861338590638
    efficiency: 0.782874
    discharge_ratio: 0.5
    depth_of_discharge: 1.0
