cost_values:
  wind_capex: 5000.0
  wind_opex: 100
  wind_lifetime: 20
  solar_capex: 1000.0
  solar_opex: 10
  solar_lifetime: 20
  carbon_price: 1.0
timeseries_values:
  load_level: 235626.6083122505
  wind_year: 2015
  solar_year: 2011
  price_year: 2023
  carbon_year: 2023
storage_values:
  CAES:
    cost: 56.6164
    lifetime: 25.7965
    annual_cost: 2.194731843467137
    efficiency: 0.604933
    discharge_ratio: 0.1
    depth_of_discharge: 0.4
  Li-ion:
    cost: 118.289
    lifetime: 18.7339
    annual_cost: 6.314168432627484
    efficiency: 0.920557
    discharge_ratio: 2
    depth_of_discharge: 0.9
  Pb-acid:
    cost: 150.385
    lifetime: 7.77214
    annual_cost: 19.349239720334424
    efficiency: 0.673297
    discharge_ratio: 5
    depth_of_discharge: 0.5
  VRBF:
    cost: 171.048
    lifetime: 18.0531
    annual_cost: 9.474716253718197
    efficiency: 0.791744
    discharge_ratio: 0.5
    depth_of_discharge: 1.0
