cost_values:
  wind_capex: 5000.0
  wind_opex: 100
  wind_lifetime: 20
  solar_capex: 1000.0
  solar_opex: 10
  solar_lifetime: 20
  carbon_price: 1.0
timeseries_values:
  load_level: 235626.6083122505
  wind_year: 2015
  solar_year: 2011
  price_year: 2023
  carbon_year: 2023
storage_values:
  CAES:
    cost: 53.7013
    lifetime: 25.4635
    annual_cost: 2.1089520293753807
    efficiency: 0.602229
    discharge_ratio: 0.1
    depth_of_discharge: 0.4
  Li-ion:
    cost: 116.699
    lifetime: 20.0714
    annual_cost: 5.814193329812569
    efficiency: 0.926018
    discharge_ratio: 2
    depth_of_discharge: 0.9
  Pb-acid:
    cost: 179.663
    lifetime: 7.49582
    annual_cost: 23.96842506890507
    efficiency: 0.675272
    discharge_ratio: 5
    depth_of_discharge: 0.5
  VRBF:
    cost: 195.979
    lifetime: 17.7925
    annual_cost: 11.01469720387804
    efficiency: 0.774819
    discharge_ratio: 0.5
    depth_of_discharge: 1.0
