cost_values:
  wind_capex: 5000.0
  wind_opex: 100
  wind_lifetime: 20
  solar_capex: 1000.0
  solar_opex: 10
  solar_lifetime: 20
  carbon_price: 1.0
timeseries_values:
  load_level: 235626.6083122505
  wind_year: 2015
  solar_year: 2011
  price_year: 2023
  carbon_year: 2023
storage_values:
  CAES:
    cost: 62.2589
    lifetime: 27.6315
    annual_cost: 2.2531856757685973
    efficiency: 0.601544
    discharge_ratio: 0.1
    depth_of_discharge: 0.4
  Li-ion:
    cost: 130.531
    lifetime: 19.4331
    annual_cost: 6.716941712850755
    efficiency: 0.916857
    discharge_ratio: 2
    depth_of_discharge: 0.9
  Pb-acid:
    cost: 153.765
    lifetime: 8.8465
    annual_cost: 17.381450291075563
    efficiency: 0.685183
    discharge_ratio: 5
    depth_of_discharge: 0.5
  VRBF:
    cost: 181.462
    lifetime: 16.9222
    annual_cost: 10.72331020789259
    efficiency: 0.751872
    discharge_ratio: 0.5
    depth_of_discharge: 1.0
