cost_values:
  wind_capex: 5000.0
  wind_opex: 100
  wind_lifetime: 20
  solar_capex: 1000.0
  solar_opex: 10
  solar_lifetime: 20
  carbon_price: 1.0
timeseries_values:
  load_level: 235626.6083122505
  wind_year: 2015
  solar_year: 2011
  price_year: 2023
  carbon_year: 2023
storage_values:
  CAES:
    cost: 52.8736
    lifetime: 25.792
    annual_cost: 2.05
    efficiency: 0.603134
    discharge_ratio: 0.1
    depth_of_discharge: 0.4
  Li-ion:
    cost: 128.656
    lifetime: 19.3887
    annual_cost: 6.6356176535817255
    efficiency: 0.918805
    discharge_ratio: 2
    depth_of_discharge: 0.9
  Pb-acid:
    cost: 162.108
    lifetime: 9.56699
    annual_cost: 16.944514418850652
    efficiency: 0.678095
    discharge_ratio: 5
    depth_of_discharge: 0.5
  VRBF:
    cost: 193.944
    lifetime: 17.7782
    annual_cost: 10.90909090909091
    efficiency: 0.790554
    discharge_ratio: 0.5
    depth_of_discharge: 1.0
