cost_values:
  wind_capex: 5000.0
  wind_opex: 100
  wind_lifetime: 20
  solar_capex: 1000.0
  solar_opex: 10
  solar_lifetime: 20
  carbon_price: 1.0
timeseries_values:
  load_level: 235626.6083122505
  wind_year: 2015
  solar_year: 2011
  price_year: 2023
  carbon_year: 2023
storage_values:
  CAES:
    cost: 47.7782
    lifetime: 25.5979
    annual_cost: 1.866489047929713
    efficiency: 0.60148
    discharge_ratio: 0.1
    depth_of_discharge: 0.4
  Li-ion:
    cost: 138.071
    lifetime: 19.6463
    annual_cost: 7.0278373026982175
    efficiency: 0.904804
    discharge_ratio: 2
    depth_of_discharge: 0.9
  Pb-acid:
    cost: 144.376
    lifetime: 9.67289
    annual_cost: 14.925839123571135
    efficiency: 0.667958
    discharge_ratio: 5
    depth_of_discharge: 0.5
  VRBF:
    cost: 223.055
    lifetime: 19.88
    annual_cost: 11.220070422535212
    efficiency: 0.789376
    discharge_ratio: 0.5
    depth_of_discharge: 1.0
