cost_values:
  wind_capex: 5000.0
  wind_opex: 100
  wind_lifetime: 20
  solar_capex: 1000.0
  solar_opex: 10
  solar_lifetime: 20
  carbon_price: 1.0
timeseries_values:
  load_level: 235626.6083122505
  wind_year: 2015
  solar_year: 2011
  price_year: 2023
  carbon_year: 2023
storage_values:
  CAES:
    cost: 50.688
    lifetime: 26.6964
    annual_cost: 1.8986829684901336
    efficiency: 0.602816
    discharge_ratio: 0.1
    depth_of_discharge: 0.4
  Li-ion:
    cost: 113.195
    lifetime: 17.1781
    annual_cost: 6.589494763681664
    efficiency: 0.924381
    discharge_ratio: 2
    depth_of_discharge: 0.9
  Pb-acid:
    cost: 145.685
    lifetime: 9.38984
    annual_cost: 15.5151738474777
    efficiency: 0.66116
    discharge_ratio: 5
    depth_of_discharge: 0.5
  VRBF:
    cost: 214.894
    lifetime: 15.953
    annual_cost: 13.470444430514638
    efficiency: 0.759671
    discharge_ratio: 0.5
    depth_of_discharge: 1.0
