cost_values:
  wind_capex: 5000.0
  wind_opex: 100
  wind_lifetime: 20
  solar_capex: 1000.0
  solar_opex: 10
  solar_lifetime: 20
  carbon_price: 1.0
timeseries_values:
  load_level: 235626.6083122505
  wind_year: 2015
  solar_year: 2011
  price_year: 2023
  carbon_year: 2023
storage_values:
  CAES:
    cost: 44.5931
    lifetime: 26.4557
    annual_cost: 1.6855762652282873
    efficiency: 0.594377
    discharge_ratio: 0.1
    depth_of_discharge: 0.4
  Li-ion:
    cost: 136.827
    lifetime: 19.6553
    annual_cost: 6.961328496639583
    efficiency: 0.931814
    discharge_ratio: 2
    depth_of_discharge: 0.9
  Pb-acid:
    cost: 161.376
    lifetime: 10.7094
    annual_cost: 15.068631295870917
    efficiency: 0.663545
    discharge_ratio: 5
    depth_of_discharge: 0.5
  VRBF:
    cost: 190.822
    lifetime: 19.1431
    annual_cost: 9.96818697076231
    efficiency: 0.774411
    discharge_ratio: 0.5
    depth_of_discharge: 1.0
