cost_values:
  wind_capex: 5000.0
  wind_opex: 100
  wind_lifetime: 20
  solar_capex: 1000.0
  solar_opex: 10
  solar_lifetime: 20
  carbon_price: 1.0
timeseries_values:
  load_level: 235626.6083122505
  wind_year: 2015
  solar_year: 2011
  price_year: 2023
  carbon_year: 2023
storage_values:
  CAES:
    cost: 45.3047
    lifetime: 25.5043
    annual_cost: 1.7763553596844452
    efficiency: 0.604012
    discharge_ratio: 0.1
    depth_of_discharge: 0.4
  Li-ion:
    cost: 147.936
    lifetime: 18.7533
    annual_cost: 7.888531618435156
    efficiency: 0.927437
    discharge_ratio: 2
    depth_of_discharge: 0.9
  Pb-acid:
    cost: 160.262
    lifetime: 9.1362
    annual_cost: 17.54142860270134
    efficiency: 0.661903
    discharge_ratio: 5
    depth_of_discharge: 0.5
  VRBF:
    cost: 228.585
    lifetime: 15.4575
    annual_cost: 14.78796700630762
    efficiency: 0.772814
    discharge_ratio: 0.5
    depth_of_discharge: 1.0
