cost_values:
  wind_capex: 5000.0
  wind_opex: 100
  wind_lifetime: 20
  solar_capex: 1000.0
  solar_opex: 10
  solar_lifetime: 20
  carbon_price: 1.0
timeseries_values:
  load_level: 235626.6083122505
  wind_year: 2015
  solar_year: 2011
  price_year: 2023
  carbon_year: 2023
storage_values:
  CAES:
    cost: 45.3719
    lifetime: 25.2815
    annual_cost: 1.794668037893321
    efficiency: 0.599846
    discharge_ratio: 0.1
    depth_of_discharge: 0.4
  Li-ion:
    cost: 140.405
    lifetime: 19.3788
    annual_cost: 7.245288665964869
    efficiency: 0.938796
    discharge_ratio: 2
    depth_of_discharge: 0.9
  Pb-acid:
    cost: 150.657
    lifetime: 9.08284
    annual_cost: 16.58699261464476
    efficiency: 0.674646
    discharge_ratio: 5
    depth_of_discharge: 0.5
  VRBF:
    cost: 189.408
    lifetime: 17.5283
    annual_cost: 10.805839699229244
    efficiency: 0.769546
    discharge_ratio: 0.5
    depth_of_discharge: 1.0
