cost_values:
  wind_capex: 5000.0
  wind_opex: 100
  wind_lifetime: 20
  solar_capex: 1000.0
  solar_opex: 10
  solar_lifetime: 20
  carbon_price: 1.0
timeseries_values:
  load_level: 235626.6083122505
  wind_year: 2015
  solar_year: 2011
  price_year: 2023
  carbon_year: 2023
storage_values:
  CAES:
    cost: 51.3644
    lifetime: 26.3279
    annual_cost: 1.9509493730985001
    efficiency: 0.599467
    discharge_ratio: 0.1
    depth_of_discharge: 0.4
  Li-ion:
    cost: 113.006
    lifetime: 17.0953
    annual_cost: 6.61035489286529
    efficiency: 0.914386
    discharge_ratio: 2
    depth_of_discharge: 0.9
  Pb-acid:
    cost: 195.645
    lifetime: 8.37009
    annual_cost: 23.374300634760203
    efficiency: 0.673894
    discharge_ratio: 5
    depth_of_discharge: 0.5
  VRBF:
    cost: 218.781
    lifetime: 14.3454
    annual_cost: 15.250951524530512
    efficiency: 0.797622
    discharge_ratio: 0.5
    depth_of_discharge: 1.0
