cost_values:
  wind_capex: 5000.0
  wind_opex: 100
  wind_lifetime: 20
  solar_capex: 1000.0
  solar_opex: 10
  solar_lifetime: 20
  carbon_price: 1.0
timeseries_values:
  load_level: 235626.6083122505
  wind_year: 2015
  solar_year: 2011
  price_year: 2023
  carbon_year: 2023
storage_values:
  CAES:
    cost: 47.4099
    lifetime: 26.718
    annual_cost: 1.774455423310128
    efficiency: 0.597822
    discharge_ratio: 0.1
    depth_of_discharge: 0.4
  Li-ion:
    cost: 127.932
    lifetime: 19.0505
    annual_cost: 6.715414293588095
    efficiency: 0.9182
    discharge_ratio: 2
    depth_of_discharge: 0.9
  Pb-acid:
    cost: 155.586
    lifetime: 9.46638
    annual_cost: 16.43563854398408
    efficiency: 0.668328
    discharge_ratio: 5
    depth_of_discharge: 0.5
  VRBF:
    cost: 226.183
    lifetime: 18.7558
    annual_cost: 12.059362970387825
    efficiency: 0.744649
    discharge_ratio: 0.5
    depth_of_discharge: 1.0
