cost_values:
  wind_capex: 5000.0
  wind_opex: 100
  wind_lifetime: 20
  solar_capex: 1000.0
  solar_opex: 10
  solar_lifetime: 20
  carbon_price: 1.0
timeseries_values:
  load_level: 235626.6083122505
  wind_year: 2015
  solar_year: 2011
  price_year: 2023
  carbon_year: 2023
storage_values:
  CAES:
    cost: 53.3762
    lifetime: 26.8019
    annual_cost: 1.9915080647267545
    efficiency: 0.600534
    discharge_ratio: 0.1
    depth_of_discharge: 0.4
  Li-ion:
    cost: 101.17
    lifetime: 21.3383
    annual_cost: 4.741239930078779
    efficiency: 0.923587
    discharge_ratio: 2
    depth_of_discharge: 0.9
  Pb-acid:
    cost: 190.277
    lifetime: 9.57647
    annual_cost: 19.869221122188026
    efficiency: 0.663026
    discharge_ratio: 5
    depth_of_discharge: 0.5
  VRBF:
    cost: 189.583
    lifetime: 17.4575
    annual_cost: 10.859687813260777
    efficiency: 0.760595
    discharge_ratio: 0.5
    depth_of_discharge: 1.0
