cost_values:
  wind_capex: 5000.0
  wind_opex: 100
  wind_lifetime: 20
  solar_capex: 1000.0
  solar_opex: 10
  solar_lifetime: 20
  carbon_price: 1.0
timeseries_values:
  load_level: 235626.6083122505
  wind_year: 2015
  solar_year: 2011
  price_year: 2023
  carbon_year: 2023
storage_values:
  CAES:
    cost: 56.7388
    lifetime: 27.3135
    annual_cost: 2.0773170776356014
    efficiency: 0.591853
    discharge_ratio: 0.1
    depth_of_discharge: 0.4
  Li-ion:
    cost: 128.229
    lifetime: 20.6137
    annual_cost: 6.22057175567705
    efficiency: 0.929788
    discharge_ratio: 2
    depth_of_discharge: 0.9
  Pb-acid:
    cost: 183.834
    lifetime: 7.12199
    annual_cost: 25.812167666621267
    efficiency: 0.664796
    discharge_ratio: 5
    depth_of_discharge: 0.5
  VRBF:
    cost: 233.237
    lifetime: 17.2621
    annual_cost: 13.511507869842024
    efficiency: 0.774609
    discharge_ratio: 0.5
    depth_of_discharge: 1.0
