cost_values:
  wind_capex: 5000.0
  wind_opex: 100
  wind_lifetime: 20
  solar_capex: 1000.0
  solar_opex: 10
  solar_lifetime: 20
  carbon_price: 1.0
timeseries_values:
  load_level: 235626.6083122505
  wind_year: 2015
  solar_year: 2011
  price_year: 2023
  carbon_year: 2023
storage_values:
  CAES:
    cost: 52.0944
    lifetime: 26.4926
    annual_cost: 1.9663755161818772
    efficiency: 0.596661
    discharge_ratio: 0.1
    depth_of_discharge: 0.4
  Li-ion:
    cost: 137.087
    lifetime: 20.7546
    annual_cost: 6.605138138051323
    efficiency: 0.928828
    discharge_ratio: 2
    depth_of_discharge: 0.9
  Pb-acid:
    cost: 157.731
    lifetime: 8.79638
    annual_cost: 17.931353579540676
    efficiency: 0.667297
    discharge_ratio: 5
    depth_of_discharge: 0.5
  VRBF:
    cost: 176.759
    lifetime: 17.775
    annual_cost: 9.944247538677919
    efficiency: 0.785621
    discharge_ratio: 0.5
    depth_of_discharge: 1.0
