cost_values:
  wind_capex: 5000.0
  wind_opex: 100
  wind_lifetime: 20
  solar_capex: 1000.0
  solar_opex: 10
  solar_lifetime: 20
  carbon_price: 1.0
timeseries_values:
  load_level: 235626.6083122505
  wind_year: 2015
  solar_year: 2011
  price_year: 2023
  carbon_year: 2023
storage_values:
  CAES:
    cost: 54.3698
    lifetime: 27.0577
    annual_cost: 2.009402129523204
    efficiency: 0.597543
    discharge_ratio: 0.1
    depth_of_discharge: 0.4
  Li-ion:
    cost: 132.652
    lifetime: 20.2848
    annual_cost: 6.53947783562076
    efficiency: 0.915234
    discharge_ratio: 2
    depth_of_discharge: 0.9
  Pb-acid:
    cost: 159.004
    lifetime: 8.47962
    annual_cost: 18.751311969168427
    efficiency: 0.677392
    discharge_ratio: 5
    depth_of_discharge: 0.5
  VRBF:
    cost: 192.461
    lifetime: 16.9294
    annual_cost: 11.368447789053363
    efficiency: 0.787493
    discharge_ratio: 0.5
    depth_of_discharge: 1.0
