cost_values:
  wind_capex: 5000.0
  wind_opex: 100
  wind_lifetime: 20
  solar_capex: 1000.0
  solar_opex: 10
  solar_lifetime: 20
  carbon_price: 1.0
timeseries_values:
  load_level: 235626.6083122505
  wind_year: 2015
  solar_year: 2011
  price_year: 2023
  carbon_year: 2023
storage_values:
  CAES:
    cost: 44.4337
    lifetime: 27.1139
    annual_cost: 1.638779371466296
    efficiency: 0.600334
    discharge_ratio: 0.1
    depth_of_discharge: 0.4
  Li-ion:
    cost: 136.041
    lifetime: 21.3255
    annual_cost: 6.37926426109587
    efficiency: 0.921166
    discharge_ratio: 2
    depth_of_discharge: 0.9
  Pb-acid:
    cost: 163.672
    lifetime: 7.09052
    annual_cost: 23.083215335405583
    efficiency: 0.667871
    discharge_ratio: 5
    depth_of_discharge: 0.5
  VRBF:
    cost: 199.61
    lifetime: 16.6463
    annual_cost: 11.99125331154671
    efficiency: 0.809204
    discharge_ratio: 0.5
    depth_of_discharge: 1.0
