cost_values:
  wind_capex: 5000.0
  wind_opex: 100
  wind_lifetime: 20
  solar_capex: 1000.0
  solar_opex: 10
  solar_lifetime: 20
  carbon_price: 1.0
timeseries_values:
  load_level: 235626.6083122505
  wind_year: 2015
  solar_year: 2011
  price_year: 2023
  carbon_year: 2023
storage_values:
  CAES:
    cost: 46.0011
    lifetime: 26.0912
    annual_cost: 1.7630887042374441
    efficiency: 0.607215
    discharge_ratio: 0.1
    depth_of_discharge: 0.4
  Li-ion:
    cost: 140.881
    lifetime: 18.0454
    annual_cost: 7.80703115475412
    efficiency: 0.919883
    discharge_ratio: 2
    depth_of_discharge: 0.9
  Pb-acid:
    cost: 158.778
    lifetime: 9.28897
    annual_cost: 17.09317610025654
    efficiency: 0.67964
    discharge_ratio: 5
    depth_of_discharge: 0.5
  VRBF:
    cost: 214.368
    lifetime: 17.4696
    annual_cost: 12.270916334661354
    efficiency: 0.789106
    discharge_ratio: 0.5
    depth_of_discharge: 1.0
