cost_values:
  wind_capex: 5000.0
  wind_opex: 100
  wind_lifetime: 20
  solar_capex: 1000.0
  solar_opex: 10
  solar_lifetime: 20
  carbon_price: 1.0
timeseries_values:
  load_level: 235626.6083122505
  wind_year: 2015
  solar_year: 2011
  price_year: 2023
  carbon_year: 2023
storage_values:
  CAES:
    cost: 51.3013
    lifetime: 25.7169
    annual_cost: 1.9948477460347087
    efficiency: 0.598335
    discharge_ratio: 0.1
    depth_of_discharge: 0.4
  Li-ion:
    cost: 139.462
    lifetime: 18.8477
    annual_cost: 7.399417435549164
    efficiency: 0.927484
    discharge_ratio: 2
    depth_of_discharge: 0.9
  Pb-acid:
    cost: 152.332
    lifetime: 6.98747
    annual_cost: 21.800737606029077
    efficiency: 0.671803
    discharge_ratio: 5
    depth_of_discharge: 0.5
  VRBF:
    cost: 203.839
    lifetime: 18.8399
    annual_cost: 10.819537258690332
    efficiency: 0.763734
    discharge_ratio: 0.5
    depth_of_discharge: 1.0
