cost_values:
  wind_capex: 5000.0
  wind_opex: 100
  wind_lifetime: 20
  solar_capex: 1000.0
  solar_opex: 10
  solar_lifetime: 20
  carbon_price: 1.0
timeseries_values:
  load_level: 235626.6083122505
  wind_year: 2015
  solar_year: 2011
  price_year: 2023
  carbon_year: 2023
storage_values:
  CAES:
    cost: 49.5339
    lifetime: 25.6444
    annual_cost: 1.9315679056636148
    efficiency: 0.600696
    discharge_ratio: 0.1
    depth_of_discharge: 0.4
  Li-ion:
    cost: 126.044
    lifetime: 16.1319
    annual_cost: 7.813338788363428
    efficiency: 0.930139
    discharge_ratio: 2
    depth_of_discharge: 0.9
  Pb-acid:
    cost: 140.309
    lifetime: 7.07644
    annual_cost: 19.827625190067323
    efficiency: 0.673954
    discharge_ratio: 5
    depth_of_discharge: 0.5
  VRBF:
    cost: 198.063
    lifetime: 17.0585
    annual_cost: 11.610809860187004
    efficiency: 0.77355
    discharge_ratio: 0.5
    depth_of_discharge: 1.0
