cost_values:
  wind_capex: 5000.0
  wind_opex: 100
  wind_lifetime: 20
  solar_capex: 1000.0
  solar_opex: 10
  solar_lifetime: 20
  carbon_price: 1.0
timeseries_values:
  load_level: 235626.6083122505
  wind_year: 2015
  solar_year: 2011
  price_year: 2023
  carbon_year: 2023
storage_values:
  CAES:
    cost: 43.0448
    lifetime: 26.0547
    annual_cost: 1.652093480255002
    efficiency: 0.59733
    discharge_ratio: 0.1
    depth_of_discharge: 0.4
  Li-ion:
    cost: 111.349
    lifetime: 17.2168
    annual_cost: 6.467462013846941
    efficiency: 0.921363
    discharge_ratio: 2
    depth_of_discharge: 0.9
  Pb-acid:
    cost: 159.332
    lifetime: 6.56631
    annual_cost: 24.265074295913536
    efficiency: 0.676112
    discharge_ratio: 5
    depth_of_discharge: 0.5
  VRBF:
    cost: 214.962
    lifetime: 15.3744
    annual_cost: 13.98181392444583
    efficiency: 0.771806
    discharge_ratio: 0.5
    depth_of_discharge: 1.0
