cost_values:
  wind_capex: 5000.0
  wind_opex: 100
  wind_lifetime: 20
  solar_capex: 1000.0
  solar_opex: 10
  solar_lifetime: 20
  carbon_price: 1.0
timeseries_values:
  load_level: 235626.6083122505
  wind_year: 2015
  solar_year: 2011
  price_year: 2023
  carbon_year: 2023
storage_values:
  CAES:
    cost: 58.3173
    lifetime: 26.9957
    annual_cost: 2.160244038865449
    efficiency: 0.60638
    discharge_ratio: 0.1
    depth_of_discharge: 0.4
  Li-ion:
    cost: 144.896
    lifetime: 20.2438
    annual_cost: 7.157549471937086
    efficiency: 0.917683
    discharge_ratio: 2
    depth_of_discharge: 0.9
  Pb-acid:
    cost: 164.572
    lifetime: 10.3181
    annual_cost: 15.949835725569631
    efficiency: 0.694128
    discharge_ratio: 5
    depth_of_discharge: 0.5
  VRBF:
    cost: 211.008
    lifetime: 18.555
    annual_cost: 11.372029102667746
    efficiency: 0.768589
    discharge_ratio: 0.5
    depth_of_discharge: 1.0
