cost_values:
  wind_capex: 5000.0
  wind_opex: 100
  wind_lifetime: 20
  solar_capex: 1000.0
  solar_opex: 10
  solar_lifetime: 20
  carbon_price: 1.0
timeseries_values:
  load_level: 235626.6083122505
  wind_year: 2015
  solar_year: 2011
  price_year: 2023
  carbon_year: 2023
storage_values:
  CAES:
    cost: 56.4794
    lifetime: 25.6257
    annual_cost: 2.204013939131419
    efficiency: 0.601422
    discharge_ratio: 0.1
    depth_of_discharge: 0.4
  Li-ion:
    cost: 139.277
    lifetime: 16.86
    annual_cost: 8.26079478054567
    efficiency: 0.92403
    discharge_ratio: 2
    depth_of_discharge: 0.9
  Pb-acid:
    cost: 173.44
    lifetime: 7.05794
    annual_cost: 24.573742480100425
    efficiency: 0.678881
    discharge_ratio: 5
    depth_of_discharge: 0.5
  VRBF:
    cost: 208.688
    lifetime: 16.1733
    annual_cost: 12.903241762658206
    efficiency: 0.78255
    discharge_ratio: 0.5
    depth_of_discharge: 1.0
