cost_values:
  wind_capex: 5000.0
  wind_opex: 100
  wind_lifetime: 20
  solar_capex: 1000.0
  solar_opex: 10
  solar_lifetime: 20
  carbon_price: 1.0
timeseries_values:
  load_level: 235626.6083122505
  wind_year: 2015
  solar_year: 2011
  price_year: 2023
  carbon_year: 2023
storage_values:
  CAES:
    cost: 54.0036
    lifetime: 26.2525
    annual_cost: 2.0570840872297875
    efficiency: 0.594304
    discharge_ratio: 0.1
    depth_of_discharge: 0.4
  Li-ion:
    cost: 125.734
    lifetime: 18.1891
    annual_cost: 6.912601503098009
    efficiency: 0.914839
    discharge_ratio: 2
    depth_of_discharge: 0.9
  Pb-acid:
    cost: 182.435
    lifetime: 9.1041
    annual_cost: 20.03877373930427
    efficiency: 0.685693
    discharge_ratio: 5
    depth_of_discharge: 0.5
  VRBF:
    cost: 207.432
    lifetime: 18.5768
    annual_cost: 11.16618578011283
    efficiency: 0.809237
    discharge_ratio: 0.5
    depth_of_discharge: 1.0
