cost_values:
  wind_capex: 5000.0
  wind_opex: 100
  wind_lifetime: 20
  solar_capex: 1000.0
  solar_opex: 10
  solar_lifetime: 20
  carbon_price: 1.0
timeseries_values:
  load_level: 235626.6083122505
  wind_year: 2015
  solar_year: 2011
  price_year: 2023
  carbon_year: 2023
storage_values:
  CAES:
    cost: 48.1822
    lifetime: 26.1347
    annual_cost: 1.8436102193635284
    efficiency: 0.609007
    discharge_ratio: 0.1
    depth_of_discharge: 0.4
  Li-ion:
    cost: 127.655
    lifetime: 18.7221
    annual_cost: 6.818412464413714
    efficiency: 0.920789
    discharge_ratio: 2
    depth_of_discharge: 0.9
  Pb-acid:
    cost: 172.225
    lifetime: 7.90605
    annual_cost: 21.78395026593558
    efficiency: 0.673844
    discharge_ratio: 5
    depth_of_discharge: 0.5
  VRBF:
    cost: 175.795
    lifetime: 15.6756
    annual_cost: 11.21456275995815
    efficiency: 0.79088
    discharge_ratio: 0.5
    depth_of_discharge: 1.0
