cost_values:
  wind_capex: 5000.0
  wind_opex: 100
  wind_lifetime: 20
  solar_capex: 1000.0
  solar_opex: 10
  solar_lifetime: 20
  carbon_price: 1.0
timeseries_values:
  load_level: 235626.6083122505
  wind_year: 2015
  solar_year: 2011
  price_year: 2023
  carbon_year: 2023
storage_values:
  CAES:
    cost: 56.8634
    lifetime: 25.8104
    annual_cost: 2.2031196726900784
    efficiency: 0.604536
    discharge_ratio: 0.1
    depth_of_discharge: 0.4
  Li-ion:
    cost: 131.938
    lifetime: 17.1416
    annual_cost: 7.696947776170251
    efficiency: 0.904672
    discharge_ratio: 2
    depth_of_discharge: 0.9
  Pb-acid:
    cost: 178.889
    lifetime: 11.0968
    annual_cost: 16.120773556340566
    efficiency: 0.676423
    discharge_ratio: 5
    depth_of_discharge: 0.5
  VRBF:
    cost: 194.613
    lifetime: 18.5729
    annual_cost: 10.478331332209832
    efficiency: 0.775895
    discharge_ratio: 0.5
    depth_of_discharge: 1.0
