cost_values:
  wind_capex: 5000.0
  wind_opex: 100
  wind_lifetime: 20
  solar_capex: 1000.0
  solar_opex: 10
  solar_lifetime: 20
  carbon_price: 1.0
timeseries_values:
  load_level: 235626.6083122505
  wind_year: 2015
  solar_year: 2011
  price_year: 2023
  carbon_year: 2023
storage_values:
  CAES:
    cost: 58.4205
    lifetime: 26.317
    annual_cost: 2.2198768856632594
    efficiency: 0.596558
    discharge_ratio: 0.1
    depth_of_discharge: 0.4
  Li-ion:
    cost: 131.431
    lifetime: 19.0464
    annual_cost: 6.900569136424733
    efficiency: 0.931155
    discharge_ratio: 2
    depth_of_discharge: 0.9
  Pb-acid:
    cost: 181.905
    lifetime: 9.45609
    annual_cost: 19.236809294327784
    efficiency: 0.659697
    discharge_ratio: 5
    depth_of_discharge: 0.5
  VRBF:
    cost: 208.206
    lifetime: 18.8773
    annual_cost: 11.029437472519904
    efficiency: 0.785408
    discharge_ratio: 0.5
    depth_of_discharge: 1.0
