cost_values:
  wind_capex: 5000.0
  wind_opex: 100
  wind_lifetime: 20
  solar_capex: 1000.0
  solar_opex: 10
  solar_lifetime: 20
  carbon_price: 1.0
timeseries_values:
  load_level: 235626.6083122505
  wind_year: 2015
  solar_year: 2011
  price_year: 2023
  carbon_year: 2023
storage_values:
  CAES:
    cost: 52.7878
    lifetime: 26.373
    annual_cost: 2.0015849543093314
    efficiency: 0.597861
    discharge_ratio: 0.1
    depth_of_discharge: 0.4
  Li-ion:
    cost: 126.134
    lifetime: 19.5954
    annual_cost: 6.436918868714086
    efficiency: 0.924312
    discharge_ratio: 2
    depth_of_discharge: 0.9
  Pb-acid:
    cost: 152.905
    lifetime: 10.228
    annual_cost: 14.949648025029331
    efficiency: 0.673409
    discharge_ratio: 5
    depth_of_discharge: 0.5
  VRBF:
    cost: 185.502
    lifetime: 17.1924
    annual_cost: 10.789767571717737
    efficiency: 0.774648
    discharge_ratio: 0.5
    depth_of_discharge: 1.0
