cost_values:
  wind_capex: 5000.0
  wind_opex: 100
  wind_lifetime: 20
  solar_capex: 1000.0
  solar_opex: 10
  solar_lifetime: 20
  carbon_price: 1.0
timeseries_values:
  load_level: 235626.6083122505
  wind_year: 2015
  solar_year: 2011
  price_year: 2023
  carbon_year: 2023
storage_values:
  CAES:
    cost: 53.0835
    lifetime: 26.292
    annual_cost: 2.018998174349612
    efficiency: 0.608098
    discharge_ratio: 0.1
    depth_of_discharge: 0.4
  Li-ion:
    cost: 131.371
    lifetime: 17.7843
    annual_cost: 7.386908677878803
    efficiency: 0.931558
    discharge_ratio: 2
    depth_of_discharge: 0.9
  Pb-acid:
    cost: 161.232
    lifetime: 8.16248
    annual_cost: 19.75282022130529
    efficiency: 0.672066
    discharge_ratio: 5
    depth_of_discharge: 0.5
  VRBF:
    cost: 233.775
    lifetime: 14.8992
    annual_cost: 15.690439755154639
    efficiency: 0.761801
    discharge_ratio: 0.5
    depth_of_discharge: 1.0
