cost_values:
  wind_capex: 5000.0
  wind_opex: 100
  wind_lifetime: 20
  solar_capex: 1000.0
  solar_opex: 10
  solar_lifetime: 20
  carbon_price: 1.0
timeseries_values:
  load_level: 235626.6083122505
  wind_year: 2015
  solar_year: 2011
  price_year: 2023
  carbon_year: 2023
storage_values:
  CAES:
    cost: 55.0897
    lifetime: 26.1057
    annual_cost: 2.11025561467419
    efficiency: 0.603037
    discharge_ratio: 0.1
    depth_of_discharge: 0.4
  Li-ion:
    cost: 109.314
    lifetime: 17.5567
    annual_cost: 6.226340941065234
    efficiency: 0.922574
    discharge_ratio: 2
    depth_of_discharge: 0.9
  Pb-acid:
    cost: 149.343
    lifetime: 9.5496
    annual_cost: 15.638665493842673
    efficiency: 0.672829
    discharge_ratio: 5
    depth_of_discharge: 0.5
  VRBF:
    cost: 220.311
    lifetime: 16.786
    annual_cost: 13.124687239366137
    efficiency: 0.786692
    discharge_ratio: 0.5
    depth_of_discharge: 1.0
