cost_values:
  wind_capex: 5000.0
  wind_opex: 100
  wind_lifetime: 20
  solar_capex: 1000.0
  solar_opex: 10
  solar_lifetime: 20
  carbon_price: 1.0
timeseries_values:
  load_level: 235626.6083122505
  wind_year: 2015
  solar_year: 2011
  price_year: 2023
  carbon_year: 2023
storage_values:
  CAES:
    cost: 54.8917
    lifetime: 26.5145
    annual_cost: 2.0702521261951006
    efficiency: 0.592748
    discharge_ratio: 0.1
    depth_of_discharge: 0.4
  Li-ion:
    cost: 121.263
    lifetime: 17.8949
    annual_cost: 6.7763999798825365
    efficiency: 0.914497
    discharge_ratio: 2
    depth_of_discharge: 0.9
  Pb-acid:
    cost: 172.356
    lifetime: 7.27102
    annual_cost: 23.704514634810522
    efficiency: 0.674145
    discharge_ratio: 5
    depth_of_discharge: 0.5
  VRBF:
    cost: 218.028
    lifetime: 16.1932
    annual_cost: 13.464170145493169
    efficiency: 0.770385
    discharge_ratio: 0.5
    depth_of_discharge: 1.0
