cost_values:
  wind_capex: 5000.0
  wind_opex: 100
  wind_lifetime: 20
  solar_capex: 1000.0
  solar_opex: 10
  solar_lifetime: 20
  carbon_price: 1.0
timeseries_values:
  load_level: 235626.6083122505
  wind_year: 2015
  solar_year: 2011
  price_year: 2023
  carbon_year: 2023
storage_values:
  CAES:
    cost: 51.7188
    lifetime: 25.8114
    annual_cost: 2.003719286826751
    efficiency: 0.591613
    discharge_ratio: 0.1
    depth_of_discharge: 0.4
  Li-ion:
    cost: 130.362
    lifetime: 18.2487
    annual_cost: 7.143632149139391
    efficiency: 0.925756
    discharge_ratio: 2
    depth_of_discharge: 0.9
  Pb-acid:
    cost: 158.073
    lifetime: 6.62411
    annual_cost: 23.86328125589702
    efficiency: 0.671217
    discharge_ratio: 5
    depth_of_discharge: 0.5
  VRBF:
    cost: 212.491
    lifetime: 16.2125
    annual_cost: 13.10661526599846
    efficiency: 0.792972
    discharge_ratio: 0.5
    depth_of_discharge: 1.0
