cost_values:
  wind_capex: 5000.0
  wind_opex: 100
  wind_lifetime: 20
  solar_capex: 1000.0
  solar_opex: 10
  solar_lifetime: 20
  carbon_price: 1.0
timeseries_values:
  load_level: 235626.6083122505
  wind_year: 2015
  solar_year: 2011
  price_year: 2023
  carbon_year: 2023
storage_values:
  CAES:
    cost: 54.2518
    lifetime: 26.5933
    annual_cost: 2.0400552018741562
    efficiency: 0.596132
    discharge_ratio: 0.1
    depth_of_discharge: 0.4
  Li-ion:
    cost: 124.247
    lifetime: 17.856
    annual_cost: 6.958277329749103
    efficiency: 0.924107
    discharge_ratio: 2
    depth_of_discharge: 0.9
  Pb-acid:
    cost: 165.804
    lifetime: 6.54653
    annual_cost: 25.32700529899046
    efficiency: 0.683645
    discharge_ratio: 5
    depth_of_discharge: 0.5
  VRBF:
    cost: 186.316
    lifetime: 18.0663
    annual_cost: 10.312903029397276
    efficiency: 0.778088
    discharge_ratio: 0.5
    depth_of_discharge: 1.0
