cost_values:
  wind_capex: 5000.0
  wind_opex: 100
  wind_lifetime: 20
  solar_capex: 1000.0
  solar_opex: 10
  solar_lifetime: 20
  carbon_price: 1.0
timeseries_values:
  load_level: 235626.6083122505
  wind_year: 2015
  solar_year: 2011
  price_year: 2023
  carbon_year: 2023
storage_values:
  CAES:
    cost: 51.255
    lifetime: 26.064
    annual_cost: 1.9665055248618786
    efficiency: 0.605247
    discharge_ratio: 0.1
    depth_of_discharge: 0.4
  Li-ion:
    cost: 125.159
    lifetime: 18.8813
    annual_cost: 6.62872789479538
    efficiency: 0.932487
    discharge_ratio: 2
    depth_of_discharge: 0.9
  Pb-acid:
    cost: 161.705
    lifetime: 8.3983
    annual_cost: 19.254491980519866
    efficiency: 0.662318
    discharge_ratio: 5
    depth_of_discharge: 0.5
  VRBF:
    cost: 229.512
    lifetime: 17.3738
    annual_cost: 13.210236102637305
    efficiency: 0.766695
    discharge_ratio: 0.5
    depth_of_discharge: 1.0
