cost_values:
  wind_capex: 5000.0
  wind_opex: 100
  wind_lifetime: 20
  solar_capex: 1000.0
  solar_opex: 10
  solar_lifetime: 20
  carbon_price: 1.0
timeseries_values:
  load_level: 235626.6083122505
  wind_year: 2015
  solar_year: 2011
  price_year: 2023
  carbon_year: 2023
storage_values:
  CAES:
    cost: 55.9437
    lifetime: 26.431
    annual_cost: 2.1165941508077637
    efficiency: 0.595518
    discharge_ratio: 0.1
    depth_of_discharge: 0.4
  Li-ion:
    cost: 152.71
    lifetime: 17.8819
    annual_cost: 8.539920254559078
    efficiency: 0.927468
    discharge_ratio: 2
    depth_of_discharge: 0.9
  Pb-acid:
    cost: 153.909
    lifetime: 7.5387
    annual_cost: 20.415854192367384
    efficiency: 0.679653
    discharge_ratio: 5
    depth_of_discharge: 0.5
  VRBF:
    cost: 186.264
    lifetime: 17.1973
    annual_cost: 10.831002541096568
    efficiency: 0.788841
    discharge_ratio: 0.5
    depth_of_discharge: 1.0
