cost_values:
  wind_capex: 5000.0
  wind_opex: 100
  wind_lifetime: 20
  solar_capex: 1000.0
  solar_opex: 10
  solar_lifetime: 20
  carbon_price: 1.0
timeseries_values:
  load_level: 235626.6083122505
  wind_year: 2015
  solar_year: 2011
  price_year: 2023
  carbon_year: 2023
storage_values:
  CAES:
    cost: 49.8016
    lifetime: 25.1059
    annual_cost: 1.9836612111097394
    efficiency: 0.612288
    discharge_ratio: 0.1
    depth_of_discharge: 0.4
  Li-ion:
    cost: 122.716
    lifetime: 18.6305
    annual_cost: 6.586833418319421
    efficiency: 0.926823
    discharge_ratio: 2
    depth_of_discharge: 0.9
  Pb-acid:
    cost: 174.34
    lifetime: 7.37588
    annual_cost: 23.636501678443793
    efficiency: 0.670641
    discharge_ratio: 5
    depth_of_discharge: 0.5
  VRBF:
    cost: 191.501
    lifetime: 17.9111
    annual_cost: 10.691749808777796
    efficiency: 0.764951
    discharge_ratio: 0.5
    depth_of_discharge: 1.0
