cost_values:
  wind_capex: 5000.0
  wind_opex: 100
  wind_lifetime: 20
  solar_capex: 1000.0
  solar_opex: 10
  solar_lifetime: 20
  carbon_price: 1.0
timeseries_values:
  load_level: 235626.6083122505
  wind_year: 2015
  solar_year: 2011
  price_year: 2023
  carbon_year: 2023
storage_values:
  CAES:
    cost: 56.6623
    lifetime: 27.0452
    annual_cost: 2.0950963572094126
    efficiency: 0.590937
    discharge_ratio: 0.1
    depth_of_discharge: 0.4
  Li-ion:
    cost: 132.412
    lifetime: 19.8336
    annual_cost: 6.676145530816393
    efficiency: 0.929458
    discharge_ratio: 2
    depth_of_discharge: 0.9
  Pb-acid:
    cost: 166.229
    lifetime: 8.09114
    annual_cost: 20.54457097516543
    efficiency: 0.666768
    discharge_ratio: 5
    depth_of_discharge: 0.5
  VRBF:
    cost: 239.275
    lifetime: 16.9708
    annual_cost: 14.099217479435266
    efficiency: 0.781697
    discharge_ratio: 0.5
    depth_of_discharge: 1.0
