cost_values:
  wind_capex: 5000.0
  wind_opex: 100
  wind_lifetime: 20
  solar_capex: 1000.0
  solar_opex: 10
  solar_lifetime: 20
  carbon_price: 1.0
timeseries_values:
  load_level: 235626.6083122505
  wind_year: 2015
  solar_year: 2011
  price_year: 2023
  carbon_year: 2023
storage_values:
  CAES:
    cost: 54.1484
    lifetime: 26.4512
    annual_cost: 2.047105613355916
    efficiency: 0.588537
    discharge_ratio: 0.1
    depth_of_discharge: 0.4
  Li-ion:
    cost: 133.791
    lifetime: 17.8511
    annual_cost: 7.4948322512338175
    efficiency: 0.929769
    discharge_ratio: 2
    depth_of_discharge: 0.9
  Pb-acid:
    cost: 147.656
    lifetime: 7.44728
    annual_cost: 19.826836106605366
    efficiency: 0.673126
    discharge_ratio: 5
    depth_of_discharge: 0.5
  VRBF:
    cost: 204.27
    lifetime: 17.8465
    annual_cost: 11.445941781301658
    efficiency: 0.763834
    discharge_ratio: 0.5
    depth_of_discharge: 1.0
