cost_values:
  wind_capex: 5000.0
  wind_opex: 100
  wind_lifetime: 20
  solar_capex: 1000.0
  solar_opex: 10
  solar_lifetime: 20
  carbon_price: 1.0
timeseries_values:
  load_level: 235626.6083122505
  wind_year: 2015
  solar_year: 2011
  price_year: 2023
  carbon_year: 2023
storage_values:
  CAES:
    cost: 54.8401
    lifetime: 25.8042
    annual_cost: 2.1252393021291107
    efficiency: 0.60083
    discharge_ratio: 0.1
    depth_of_discharge: 0.4
  Li-ion:
    cost: 161.283
    lifetime: 17.0988
    annual_cost: 9.432416309916483
    efficiency: 0.929012
    discharge_ratio: 2
    depth_of_discharge: 0.9
  Pb-acid:
    cost: 162.786
    lifetime: 7.77577
    annual_cost: 20.935032800610102
    efficiency: 0.66196
    discharge_ratio: 5
    depth_of_discharge: 0.5
  VRBF:
    cost: 223.725
    lifetime: 17.9434
    annual_cost: 12.46837277216135
    efficiency: 0.778765
    discharge_ratio: 0.5
    depth_of_discharge: 1.0
