cost_values:
  wind_capex: 5000.0
  wind_opex: 100
  wind_lifetime: 20
  solar_capex: 1000.0
  solar_opex: 10
  solar_lifetime: 20
  carbon_price: 1.0
timeseries_values:
  load_level: 235626.6083122505
  wind_year: 2015
  solar_year: 2011
  price_year: 2023
  carbon_year: 2023
storage_values:
  CAES:
    cost: 58.1507
    lifetime: 26.9083
    annual_cost: 2.161069261157338
    efficiency: 0.593777
    discharge_ratio: 0.1
    depth_of_discharge: 0.4
  Li-ion:
    cost: 138.51
    lifetime: 17.824
    annual_cost: 7.770982944344703
    efficiency: 0.930571
    discharge_ratio: 2
    depth_of_discharge: 0.9
  Pb-acid:
    cost: 165.591
    lifetime: 7.27255
    annual_cost: 22.769317502114117
    efficiency: 0.659147
    discharge_ratio: 5
    depth_of_discharge: 0.5
  VRBF:
    cost: 202.94
    lifetime: 17.5334
    annual_cost: 11.574480705396557
    efficiency: 0.775884
    discharge_ratio: 0.5
    depth_of_discharge: 1.0
