cost_values:
  wind_capex: 5000.0
  wind_opex: 100
  wind_lifetime: 20
  solar_capex: 1000.0
  solar_opex: 10
  solar_lifetime: 20
  carbon_price: 1.0
timeseries_values:
  load_level: 235626.6083122505
  wind_year: 2015
  solar_year: 2011
  price_year: 2023
  carbon_year: 2023
storage_values:
  CAES:
    cost: 59.0267
    lifetime: 25.8192
    annual_cost: 2.286155264299436
    efficiency: 0.592612
    discharge_ratio: 0.1
    depth_of_discharge: 0.4
  Li-ion:
    cost: 129.854
    lifetime: 19.9916
    annual_cost: 6.495428079793514
    efficiency: 0.925326
    discharge_ratio: 2
    depth_of_discharge: 0.9
  Pb-acid:
    cost: 166.345
    lifetime: 7.92673
    annual_cost: 20.985324339292493
    efficiency: 0.674768
    discharge_ratio: 5
    depth_of_discharge: 0.5
  VRBF:
    cost: 208.969
    lifetime: 16.7429
    annual_cost: 12.481051669662962
    efficiency: 0.796466
    discharge_ratio: 0.5
    depth_of_discharge: 1.0
