cost_values:
  wind_capex: 5000.0
  wind_opex: 100
  wind_lifetime: 20
  solar_capex: 1000.0
  solar_opex: 10
  solar_lifetime: 20
  carbon_price: 1.0
timeseries_values:
  load_level: 235626.6083122505
  wind_year: 2015
  solar_year: 2011
  price_year: 2023
  carbon_year: 2023
storage_values:
  CAES:
    cost: 67.9008
    lifetime: 25.9881
    annual_cost: 2.6127650732450625
    efficiency: 0.599005
    discharge_ratio: 0.1
    depth_of_discharge: 0.4
  Li-ion:
    cost: 116.351
    lifetime: 18.9305
    annual_cost: 6.146219064472676
    efficiency: 0.91586
    discharge_ratio: 2
    depth_of_discharge: 0.9
  Pb-acid:
    cost: 179.05
    lifetime: 10.0875
    annual_cost: 17.749690210656755
    efficiency: 0.667645
    discharge_ratio: 5
    depth_of_discharge: 0.5
  VRBF:
    cost: 226.9
    lifetime: 18.1684
    annual_cost: 12.488716672904605
    efficiency: 0.769871
    discharge_ratio: 0.5
    depth_of_discharge: 1.0
