cost_values:
  wind_capex: 5000.0
  wind_opex: 100
  wind_lifetime: 20
  solar_capex: 1000.0
  solar_opex: 10
  solar_lifetime: 20
  carbon_price: 1.0
timeseries_values:
  load_level: 235626.6083122505
  wind_year: 2015
  solar_year: 2011
  price_year: 2023
  carbon_year: 2023
storage_values:
  CAES:
    cost: 53.4597
    lifetime: 25.8204
    annual_cost: 2.070444299855928
    efficiency: 0.607159
    discharge_ratio: 0.1
    depth_of_discharge: 0.4
  Li-ion:
    cost: 110.841
    lifetime: 19.8462
    annual_cost: 5.584998639538047
    efficiency: 0.923366
    discharge_ratio: 2
    depth_of_discharge: 0.9
  Pb-acid:
    cost: 140.558
    lifetime: 9.19957
    annual_cost: 15.278757594104942
    efficiency: 0.672756
    discharge_ratio: 5
    depth_of_discharge: 0.5
  VRBF:
    cost: 177.441
    lifetime: 16.7302
    annual_cost: 10.606029814347707
    efficiency: 0.775631
    discharge_ratio: 0.5
    depth_of_discharge: 1.0
