cost_values:
  wind_capex: 5000.0
  wind_opex: 100
  wind_lifetime: 20
  solar_capex: 1000.0
  solar_opex: 10
  solar_lifetime: 20
  carbon_price: 1.0
timeseries_values:
  load_level: 235626.6083122505
  wind_year: 2015
  solar_year: 2011
  price_year: 2023
  carbon_year: 2023
storage_values:
  CAES:
    cost: 58.395
    lifetime: 25.6356
    annual_cost: 2.2778870008893883
    efficiency: 0.596296
    discharge_ratio: 0.1
    depth_of_discharge: 0.4
  Li-ion:
    cost: 129.666
    lifetime: 18.5916
    annual_cost: 6.9744400697089
    efficiency: 0.917499
    discharge_ratio: 2
    depth_of_discharge: 0.9
  Pb-acid:
    cost: 151.635
    lifetime: 9.03999
    annual_cost: 16.77380174093113
    efficiency: 0.681068
    discharge_ratio: 5
    depth_of_discharge: 0.5
  VRBF:
    cost: 220.905
    lifetime: 16.24
    annual_cost: 13.602524630541874
    efficiency: 0.786241
    discharge_ratio: 0.5
    depth_of_discharge: 1.0
