cost_values:
  wind_capex: 5000.0
  wind_opex: 100
  wind_lifetime: 20
  solar_capex: 1000.0
  solar_opex: 10
  solar_lifetime: 20
  carbon_price: 1.0
timeseries_values:
  load_level: 235626.6083122505
  wind_year: 2015
  solar_year: 2011
  price_year: 2023
  carbon_year: 2023
storage_values:
  CAES:
    cost: 51.4865
    lifetime: 25.2171
    annual_cost: 2.041729619980093
    efficiency: 0.593785
    discharge_ratio: 0.1
    depth_of_discharge: 0.4
  Li-ion:
    cost: 135.279
    lifetime: 20.9668
    annual_cost: 6.4520575385848105
    efficiency: 0.918984
    discharge_ratio: 2
    depth_of_discharge: 0.9
  Pb-acid:
    cost: 138.688
    lifetime: 8.81155
    annual_cost: 15.739342113476061
    efficiency: 0.664517
    discharge_ratio: 5
    depth_of_discharge: 0.5
  VRBF:
    cost: 210.263
    lifetime: 17.3617
    annual_cost: 12.110738003766913
    efficiency: 0.776783
    discharge_ratio: 0.5
    depth_of_discharge: 1.0
