cost_values:
  wind_capex: 5000.0
  wind_opex: 100
  wind_lifetime: 20
  solar_capex: 1000.0
  solar_opex: 10
  solar_lifetime: 20
  carbon_price: 1.0
timeseries_values:
  load_level: 235626.6083122505
  wind_year: 2015
  solar_year: 2011
  price_year: 2023
  carbon_year: 2023
storage_values:
  CAES:
    cost: 57.606
    lifetime: 26.9885
    annual_cost: 2.1344646794004856
    efficiency: 0.594933
    discharge_ratio: 0.1
    depth_of_discharge: 0.4
  Li-ion:
    cost: 117.961
    lifetime: 18.516
    annual_cost: 6.370760423417585
    efficiency: 0.930645
    discharge_ratio: 2
    depth_of_discharge: 0.9
  Pb-acid:
    cost: 162.659
    lifetime: 7.69311
    annual_cost: 21.14346473662797
    efficiency: 0.659369
    discharge_ratio: 5
    depth_of_discharge: 0.5
  VRBF:
    cost: 207.549
    lifetime: 17.0607
    annual_cost: 12.165327331234943
    efficiency: 0.772205
    discharge_ratio: 0.5
    depth_of_discharge: 1.0
