cost_values:
  wind_capex: 5000.0
  wind_opex: 100
  wind_lifetime: 20
  solar_capex: 1000.0
  solar_opex: 10
  solar_lifetime: 20
  carbon_price: 1.0
timeseries_values:
  load_level: 235626.6083122505
  wind_year: 2015
  solar_year: 2011
  price_year: 2023
  carbon_year: 2023
storage_values:
  CAES:
    cost: 54.5751
    lifetime: 26.172
    annual_cost: 2.0852475928473178
    efficiency: 0.595095
    discharge_ratio: 0.1
    depth_of_discharge: 0.4
  Li-ion:
    cost: 138.723
    lifetime: 20.3448
    annual_cost: 6.818597381148992
    efficiency: 0.921284
    discharge_ratio: 2
    depth_of_discharge: 0.9
  Pb-acid:
    cost: 139.571
    lifetime: 8.66603
    annual_cost: 16.105529290805595
    efficiency: 0.660022
    discharge_ratio: 5
    depth_of_discharge: 0.5
  VRBF:
    cost: 190.598
    lifetime: 16.248
    annual_cost: 11.73055145248646
    efficiency: 0.763924
    discharge_ratio: 0.5
    depth_of_discharge: 1.0
