cost_values:
  wind_capex: 5000.0
  wind_opex: 100
  wind_lifetime: 20
  solar_capex: 1000.0
  solar_opex: 10
  solar_lifetime: 20
  carbon_price: 1.0
timeseries_values:
  load_level: 235626.6083122505
  wind_year: 2015
  solar_year: 2011
  price_year: 2023
  carbon_year: 2023
storage_values:
  CAES:
    cost: 56.7544
    lifetime: 26.0445
    annual_cost: 2.179131870452495
    efficiency: 0.60057
    discharge_ratio: 0.1
    depth_of_discharge: 0.4
  Li-ion:
    cost: 151.61
    lifetime: 18.11
    annual_cost: 8.37161789066814
    efficiency: 0.913011
    discharge_ratio: 2
    depth_of_discharge: 0.9
  Pb-acid:
    cost: 142.555
    lifetime: 8.69554
    annual_cost: 16.394036483070632
    efficiency: 0.684404
    discharge_ratio: 5
    depth_of_discharge: 0.5
  VRBF:
    cost: 207.257
    lifetime: 19.1807
    annual_cost: 10.805497192490368
    efficiency: 0.777016
    discharge_ratio: 0.5
    depth_of_discharge: 1.0
