cost_values:
  wind_capex: 5000.0
  wind_opex: 100
  wind_lifetime: 20
  solar_capex: 1000.0
  solar_opex: 10
  solar_lifetime: 20
  carbon_price: 1.0
timeseries_values:
  load_level: 235626.6083122505
  wind_year: 2015
  solar_year: 2011
  price_year: 2023
  carbon_year: 2023
storage_values:
  CAES:
    cost: 49.7788
    lifetime: 27.0432
    annual_cost: 1.8407141166725831
    efficiency: 0.590977
    discharge_ratio: 0.1
    depth_of_discharge: 0.4
  Li-ion:
    cost: 141.731
    lifetime: 21.463
    annual_cost: 6.603503704048828
    efficiency: 0.943119
    discharge_ratio: 2
    depth_of_discharge: 0.9
  Pb-acid:
    cost: 157.486
    lifetime: 8.92233
    annual_cost: 17.6507705946765
    efficiency: 0.669554
    discharge_ratio: 5
    depth_of_discharge: 0.5
  VRBF:
    cost: 165.413
    lifetime: 16.9117
    annual_cost: 9.780980031575774
    efficiency: 0.78342
    discharge_ratio: 0.5
    depth_of_discharge: 1.0
