cost_values:
  wind_capex: 5000.0
  wind_opex: 100
  wind_lifetime: 20
  solar_capex: 1000.0
  solar_opex: 10
  solar_lifetime: 20
  carbon_price: 1.0
timeseries_values:
  load_level: 235626.6083122505
  wind_year: 2015
  solar_year: 2011
  price_year: 2023
  carbon_year: 2023
storage_values:
  CAES:
    cost: 54.2368
    lifetime: 26.7162
    annual_cost: 2.030109072398021
    efficiency: 0.600538
    discharge_ratio: 0.1
    depth_of_discharge: 0.4
  Li-ion:
    cost: 147.335
    lifetime: 20.0662
    annual_cost: 7.342446502078122
    efficiency: 0.911092
    discharge_ratio: 2
    depth_of_discharge: 0.9
  Pb-acid:
    cost: 152.759
    lifetime: 7.48221
    annual_cost: 20.416294116310553
    efficiency: 0.671782
    discharge_ratio: 5
    depth_of_discharge: 0.5
  VRBF:
    cost: 203.681
    lifetime: 18.4555
    annual_cost: 11.03633063314459
    efficiency: 0.781093
    discharge_ratio: 0.5
    depth_of_discharge: 1.0
