cost_values:
  wind_capex: 5000.0
  wind_opex: 100
  wind_lifetime: 20
  solar_capex: 1000.0
  solar_opex: 10
  solar_lifetime: 20
  carbon_price: 1.0
timeseries_values:
  load_level: 235626.6083122505
  wind_year: 2015
  solar_year: 2011
  price_year: 2023
  carbon_year: 2023
storage_values:
  CAES:
    cost: 56.6824
    lifetime: 26.6617
    annual_cost: 2.12598596488596
    efficiency: 0.598993
    discharge_ratio: 0.1
    depth_of_discharge: 0.4
  Li-ion:
    cost: 122.299
    lifetime: 17.4082
    annual_cost: 7.025367355614021
    efficiency: 0.923946
    discharge_ratio: 2
    depth_of_discharge: 0.9
  Pb-acid:
    cost: 153.498
    lifetime: 6.72635
    annual_cost: 22.82040036572584
    efficiency: 0.678412
    discharge_ratio: 5
    depth_of_discharge: 0.5
  VRBF:
    cost: 214.444
    lifetime: 17.3428
    annual_cost: 12.365016029706851
    efficiency: 0.771807
    discharge_ratio: 0.5
    depth_of_discharge: 1.0
