cost_values:
  wind_capex: 5000.0
  wind_opex: 100
  wind_lifetime: 20
  solar_capex: 1000.0
  solar_opex: 10
  solar_lifetime: 20
  carbon_price: 1.0
timeseries_values:
  load_level: 235626.6083122505
  wind_year: 2015
  solar_year: 2011
  price_year: 2023
  carbon_year: 2023
storage_values:
  CAES:
    cost: 51.4525
    lifetime: 26.0033
    annual_cost: 1.9786911661212232
    efficiency: 0.603918
    discharge_ratio: 0.1
    depth_of_discharge: 0.4
  Li-ion:
    cost: 122.617
    lifetime: 17.8801
    annual_cost: 6.857735694990521
    efficiency: 0.906349
    discharge_ratio: 2
    depth_of_discharge: 0.9
  Pb-acid:
    cost: 159.103
    lifetime: 8.29786
    annual_cost: 19.173979797200726
    efficiency: 0.684881
    discharge_ratio: 5
    depth_of_discharge: 0.5
  VRBF:
    cost: 208.482
    lifetime: 19.6529
    annual_cost: 10.60820540480031
    efficiency: 0.79039
    discharge_ratio: 0.5
    depth_of_discharge: 1.0
