cost_values:
  wind_capex: 5000.0
  wind_opex: 100
  wind_lifetime: 20
  solar_capex: 1000.0
  solar_opex: 10
  solar_lifetime: 20
  carbon_price: 1.0
timeseries_values:
  load_level: 235626.6083122505
  wind_year: 2015
  solar_year: 2011
  price_year: 2023
  carbon_year: 2023
storage_values:
  CAES:
    cost: 56.6975
    lifetime: 26.0973
    annual_cost: 2.1725427534649175
    efficiency: 0.612306
    discharge_ratio: 0.1
    depth_of_discharge: 0.4
  Li-ion:
    cost: 135.193
    lifetime: 18.935
    annual_cost: 7.139846844467917
    efficiency: 0.92086
    discharge_ratio: 2
    depth_of_discharge: 0.9
  Pb-acid:
    cost: 155.342
    lifetime: 8.91283
    annual_cost: 17.429032080719594
    efficiency: 0.681313
    discharge_ratio: 5
    depth_of_discharge: 0.5
  VRBF:
    cost: 204.959
    lifetime: 14.1476
    annual_cost: 14.487192173937629
    efficiency: 0.771107
    discharge_ratio: 0.5
    depth_of_discharge: 1.0
