cost_values:
  wind_capex: 5000.0
  wind_opex: 100
  wind_lifetime: 20
  solar_capex: 1000.0
  solar_opex: 10
  solar_lifetime: 20
  carbon_price: 1.0
timeseries_values:
  load_level: 235626.6083122505
  wind_year: 2015
  solar_year: 2011
  price_year: 2023
  carbon_year: 2023
storage_values:
  CAES:
    cost: 53.1502
    lifetime: 26.6424
    annual_cost: 1.9949479025913581
    efficiency: 0.594523
    discharge_ratio: 0.1
    depth_of_discharge: 0.4
  Li-ion:
    cost: 153.768
    lifetime: 18.3604
    annual_cost: 8.374980937234483
    efficiency: 0.909479
    discharge_ratio: 2
    depth_of_discharge: 0.9
  Pb-acid:
    cost: 158.256
    lifetime: 6.65556
    annual_cost: 23.7780141716099
    efficiency: 0.685572
    discharge_ratio: 5
    depth_of_discharge: 0.5
  VRBF:
    cost: 226.351
    lifetime: 16.5205
    annual_cost: 13.701219696740415
    efficiency: 0.751918
    discharge_ratio: 0.5
    depth_of_discharge: 1.0
