cost_values:
  wind_capex: 5000.0
  wind_opex: 100
  wind_lifetime: 20
  solar_capex: 1000.0
  solar_opex: 10
  solar_lifetime: 20
  carbon_price: 1.0
timeseries_values:
  load_level: 235626.6083122505
  wind_year: 2015
  solar_year: 2011
  price_year: 2023
  carbon_year: 2023
storage_values:
  CAES:
    cost: 47.573
    lifetime: 25.1567
    annual_cost: 1.891066793339349
    efficiency: 0.609559
    discharge_ratio: 0.1
    depth_of_discharge: 0.4
  Li-ion:
    cost: 145.361
    lifetime: 17.353
    annual_cost: 8.376707197602718
    efficiency: 0.915244
    discharge_ratio: 2
    depth_of_discharge: 0.9
  Pb-acid:
    cost: 171.734
    lifetime: 8.80252
    annual_cost: 19.509640421152127
    efficiency: 0.672355
    discharge_ratio: 5
    depth_of_discharge: 0.5
  VRBF:
    cost: 212.44
    lifetime: 16.7878
    annual_cost: 12.654427620057422
    efficiency: 0.758177
    discharge_ratio: 0.5
    depth_of_discharge: 1.0
