cost_values:
  wind_capex: 5000.0
  wind_opex: 100
  wind_lifetime: 20
  solar_capex: 1000.0
  solar_opex: 10
  solar_lifetime: 20
  carbon_price: 1.0
timeseries_values:
  load_level: 235626.6083122505
  wind_year: 2015
  solar_year: 2011
  price_year: 2023
  carbon_year: 2023
storage_values:
  CAES:
    cost: 48.1677
    lifetime: 27.0274
    annual_cost: 1.7821803059117785
    efficiency: 0.597078
    discharge_ratio: 0.1
    depth_of_discharge: 0.4
  Li-ion:
    cost: 142.096
    lifetime: 18.2062
    annual_cost: 7.804813744768266
    efficiency: 0.923205
    discharge_ratio: 2
    depth_of_discharge: 0.9
  Pb-acid:
    cost: 170.206
    lifetime: 8.34936
    annual_cost: 20.38551457836289
    efficiency: 0.683257
    discharge_ratio: 5
    depth_of_discharge: 0.5
  VRBF:
    cost: 168.282
    lifetime: 17.8856
    annual_cost: 9.408798139285235
    efficiency: 0.79602
    discharge_ratio: 0.5
    depth_of_discharge: 1.0
