cost_values:
  wind_capex: 5000.0
  wind_opex: 100
  wind_lifetime: 20
  solar_capex: 1000.0
  solar_opex: 10
  solar_lifetime: 20
  carbon_price: 1.0
timeseries_values:
  load_level: 235626.6083122505
  wind_year: 2015
  solar_year: 2011
  price_year: 2023
  carbon_year: 2023
storage_values:
  CAES:
    cost: 51.4855
    lifetime: 25.9213
    annual_cost: 1.9862236847688968
    efficiency: 0.604372
    discharge_ratio: 0.1
    depth_of_discharge: 0.4
  Li-ion:
    cost: 148.997
    lifetime: 18.169
    annual_cost: 8.200616434586385
    efficiency: 0.930645
    discharge_ratio: 2
    depth_of_discharge: 0.9
  Pb-acid:
    cost: 166.244
    lifetime: 8.52515
    annual_cost: 19.500419347460163
    efficiency: 0.661852
    discharge_ratio: 5
    depth_of_discharge: 0.5
  VRBF:
    cost: 211.2
    lifetime: 16.4944
    annual_cost: 12.804345717334368
    efficiency: 0.774632
    discharge_ratio: 0.5
    depth_of_discharge: 1.0
