cost_values:
  wind_capex: 5000.0
  wind_opex: 100
  wind_lifetime: 20
  solar_capex: 1000.0
  solar_opex: 10
  solar_lifetime: 20
  carbon_price: 1.0
timeseries_values:
  load_level: 235626.6083122505
  wind_year: 2015
  solar_year: 2011
  price_year: 2023
  carbon_year: 2023
storage_values:
  CAES:
    cost: 57.514
    lifetime: 25.8116
    annual_cost: 2.2282229695175815
    efficiency: 0.596507
    discharge_ratio: 0.1
    depth_of_discharge: 0.4
  Li-ion:
    cost: 128.91
    lifetime: 18.992
    annual_cost: 6.787594776748104
    efficiency: 0.915136
    discharge_ratio: 2
    depth_of_discharge: 0.9
  Pb-acid:
    cost: 127.288
    lifetime: 7.85675
    annual_cost: 16.201100964139115
    efficiency: 0.66891
    discharge_ratio: 5
    depth_of_discharge: 0.5
  VRBF:
    cost: 193.361
    lifetime: 15.7264
    annual_cost: 12.295312341031641
    efficiency: 0.76538
    discharge_ratio: 0.5
    depth_of_discharge: 1.0
