cost_values:
  wind_capex: 5000.0
  wind_opex: 100
  wind_lifetime: 20
  solar_capex: 1000.0
  solar_opex: 10
  solar_lifetime: 20
  carbon_price: 1.0
timeseries_values:
  load_level: 235626.6083122505
  wind_year: 2015
  solar_year: 2011
  price_year: 2023
  carbon_year: 2023
storage_values:
  CAES:
    cost: 55.0289
    lifetime: 27.0693
    annual_cost: 2.0328896572870376
    efficiency: 0.606959
    discharge_ratio: 0.1
    depth_of_discharge: 0.4
  Li-ion:
    cost: 123.702
    lifetime: 18.0698
    annual_cost: 6.845786893048069
    efficiency: 0.915366
    discharge_ratio: 2
    depth_of_discharge: 0.9
  Pb-acid:
    cost: 146.195
    lifetime: 9.05842
    annual_cost: 16.139128015702518
    efficiency: 0.663847
    discharge_ratio: 5
    depth_of_discharge: 0.5
  VRBF:
    cost: 199.125
    lifetime: 16.4918
    annual_cost: 12.074182320910998
    efficiency: 0.7564
    discharge_ratio: 0.5
    depth_of_discharge: 1.0
