cost_values:
  wind_capex: 5000.0
  wind_opex: 100
  wind_lifetime: 20
  solar_capex: 1000.0
  solar_opex: 10
  solar_lifetime: 20
  carbon_price: 1.0
timeseries_values:
  load_level: 235626.6083122505
  wind_year: 2015
  solar_year: 2011
  price_year: 2023
  carbon_year: 2023
storage_values:
  CAES:
    cost: 56.7473
    lifetime: 25.0777
    annual_cost: 2.262859034121949
    efficiency: 0.598295
    discharge_ratio: 0.1
    depth_of_discharge: 0.4
  Li-ion:
    cost: 140.021
    lifetime: 19.5756
    annual_cost: 7.152833118780522
    efficiency: 0.919413
    discharge_ratio: 2
    depth_of_discharge: 0.9
  Pb-acid:
    cost: 171.47
    lifetime: 7.59999
    annual_cost: 22.561871791936568
    efficiency: 0.674766
    discharge_ratio: 5
    depth_of_discharge: 0.5
  VRBF:
    cost: 203.146
    lifetime: 14.9314
    annual_cost: 13.605288184631045
    efficiency: 0.77153
    discharge_ratio: 0.5
    depth_of_discharge: 1.0
