cost_values:
  wind_capex: 5000.0
  wind_opex: 100
  wind_lifetime: 20
  solar_capex: 1000.0
  solar_opex: 10
  solar_lifetime: 20
  carbon_price: 1.0
timeseries_values:
  load_level: 235626.6083122505
  wind_year: 2015
  solar_year: 2011
  price_year: 2023
  carbon_year: 2023
storage_values:
  CAES:
    cost: 51.3444
    lifetime: 26.3988
    annual_cost: 1.9449520432746943
    efficiency: 0.6076
    discharge_ratio: 0.1
    depth_of_discharge: 0.4
  Li-ion:
    cost: 127.905
    lifetime: 17.8642
    annual_cost: 7.159850427111206
    efficiency: 0.929148
    discharge_ratio: 2
    depth_of_discharge: 0.9
  Pb-acid:
    cost: 172.975
    lifetime: 8.20549
    annual_cost: 21.080398611173738
    efficiency: 0.665354
    discharge_ratio: 5
    depth_of_discharge: 0.5
  VRBF:
    cost: 187.343
    lifetime: 17.3838
    annual_cost: 10.776872720578929
    efficiency: 0.784332
    discharge_ratio: 0.5
    depth_of_discharge: 1.0
