cost_values:
  wind_capex: 5000.0
  wind_opex: 100
  wind_lifetime: 20
  solar_capex: 1000.0
  solar_opex: 10
  solar_lifetime: 20
  carbon_price: 1.0
timeseries_values:
  load_level: 235626.6083122505
  wind_year: 2015
  solar_year: 2011
  price_year: 2023
  carbon_year: 2023
storage_values:
  CAES:
    cost: 42.0169
    lifetime: 26.69
    annual_cost: 1.574256275758711
    efficiency: 0.608951
    discharge_ratio: 0.1
    depth_of_discharge: 0.4
  Li-ion:
    cost: 123.396
    lifetime: 18.3993
    annual_cost: 6.706559488676199
    efficiency: 0.923622
    discharge_ratio: 2
    depth_of_discharge: 0.9
  Pb-acid:
    cost: 179.593
    lifetime: 7.88602
    annual_cost: 22.773591748435837
    efficiency: 0.676437
    discharge_ratio: 5
    depth_of_discharge: 0.5
  VRBF:
    cost: 185.873
    lifetime: 16.5526
    annual_cost: 11.22923286976064
    efficiency: 0.792713
    discharge_ratio: 0.5
    depth_of_discharge: 1.0
