cost_values:
  wind_capex: 5000.0
  wind_opex: 100
  wind_lifetime: 20
  solar_capex: 1000.0
  solar_opex: 10
  solar_lifetime: 20
  carbon_price: 1.0
timeseries_values:
  load_level: 235626.6083122505
  wind_year: 2015
  solar_year: 2011
  price_year: 2023
  carbon_year: 2023
storage_values:
  CAES:
    cost: 50.0666
    lifetime: 26.7843
    annual_cost: 1.8692517631597614
    efficiency: 0.597788
    discharge_ratio: 0.1
    depth_of_discharge: 0.4
  Li-ion:
    cost: 123.558
    lifetime: 21.5843
    annual_cost: 5.72443859657251
    efficiency: 0.930738
    discharge_ratio: 2
    depth_of_discharge: 0.9
  Pb-acid:
    cost: 189.312
    lifetime: 8.13057
    annual_cost: 23.283976400178584
    efficiency: 0.663309
    discharge_ratio: 5
    depth_of_discharge: 0.5
  VRBF:
    cost: 186.747
    lifetime: 19.6624
    annual_cost: 9.497670681096915
    efficiency: 0.755038
    discharge_ratio: 0.5
    depth_of_discharge: 1.0
