cost_values:
  wind_capex: 5000.0
  wind_opex: 100
  wind_lifetime: 20
  solar_capex: 1000.0
  solar_opex: 10
  solar_lifetime: 20
  carbon_price: 1.0
timeseries_values:
  load_level: 235626.6083122505
  wind_year: 2015
  solar_year: 2011
  price_year: 2023
  carbon_year: 2023
storage_values:
  CAES:
    cost: 52.5944
    lifetime: 25.9991
    annual_cost: 2.022931563015643
    efficiency: 0.606928
    discharge_ratio: 0.1
    depth_of_discharge: 0.4
  Li-ion:
    cost: 136.464
    lifetime: 16.6788
    annual_cost: 8.181883588747393
    efficiency: 0.91997
    discharge_ratio: 2
    depth_of_discharge: 0.9
  Pb-acid:
    cost: 172.737
    lifetime: 7.86875
    annual_cost: 21.952279586973788
    efficiency: 0.652786
    discharge_ratio: 5
    depth_of_discharge: 0.5
  VRBF:
    cost: 193.937
    lifetime: 17.3607
    annual_cost: 11.17103573012609
    efficiency: 0.777537
    discharge_ratio: 0.5
    depth_of_discharge: 1.0
