cost_values:
  wind_capex: 5000.0
  wind_opex: 100
  wind_lifetime: 20
  solar_capex: 1000.0
  solar_opex: 10
  solar_lifetime: 20
  carbon_price: 1.0
timeseries_values:
  load_level: 235626.6083122505
  wind_year: 2015
  solar_year: 2011
  price_year: 2023
  carbon_year: 2023
storage_values:
  CAES:
    cost: 54.637
    lifetime: 26.5317
    annual_cost: 2.059310183667085
    efficiency: 0.593394
    discharge_ratio: 0.1
    depth_of_discharge: 0.4
  Li-ion:
    cost: 140.528
    lifetime: 19.5434
    annual_cost: 7.19056049612657
    efficiency: 0.924632
    discharge_ratio: 2
    depth_of_discharge: 0.9
  Pb-acid:
    cost: 151.309
    lifetime: 8.59088
    annual_cost: 17.61274747173747
    efficiency: 0.685088
    discharge_ratio: 5
    depth_of_discharge: 0.5
  VRBF:
    cost: 230.016
    lifetime: 16.7474
    annual_cost: 13.734430419050122
    efficiency: 0.771748
    discharge_ratio: 0.5
    depth_of_discharge: 1.0
