cost_values:
  wind_capex: 5000.0
  wind_opex: 100
  wind_lifetime: 20
  solar_capex: 1000.0
  solar_opex: 10
  solar_lifetime: 20
  carbon_price: 1.0
timeseries_values:
  load_level: 235626.6083122505
  wind_year: 2015
  solar_year: 2011
  price_year: 2023
  carbon_year: 2023
storage_values:
  CAES:
    cost: 49.4079
    lifetime: 26.0648
    annual_cost: 1.895579478837359
    efficiency: 0.599625
    discharge_ratio: 0.1
    depth_of_discharge: 0.4
  Li-ion:
    cost: 119.869
    lifetime: 18.6227
    annual_cost: 6.436714332508176
    efficiency: 0.897758
    discharge_ratio: 2
    depth_of_discharge: 0.9
  Pb-acid:
    cost: 163.151
    lifetime: 8.16153
    annual_cost: 19.99024692674045
    efficiency: 0.682965
    discharge_ratio: 5
    depth_of_discharge: 0.5
  VRBF:
    cost: 188.884
    lifetime: 17.4304
    annual_cost: 10.836469616302551
    efficiency: 0.765107
    discharge_ratio: 0.5
    depth_of_discharge: 1.0
