cost_values:
  wind_capex: 5000.0
  wind_opex: 100
  wind_lifetime: 20
  solar_capex: 1000.0
  solar_opex: 10
  solar_lifetime: 20
  carbon_price: 1.0
timeseries_values:
  load_level: 235626.6083122505
  wind_year: 2015
  solar_year: 2011
  price_year: 2023
  carbon_year: 2023
storage_values:
  CAES:
    cost: 52.7886
    lifetime: 26.8804
    annual_cost: 1.9638323834466749
    efficiency: 0.610077
    discharge_ratio: 0.1
    depth_of_discharge: 0.4
  Li-ion:
    cost: 120.552
    lifetime: 20.0948
    annual_cost: 5.999163962816252
    efficiency: 0.922704
    discharge_ratio: 2
    depth_of_discharge: 0.9
  Pb-acid:
    cost: 175.444
    lifetime: 7.65956
    annual_cost: 22.9052321543274
    efficiency: 0.674861
    discharge_ratio: 5
    depth_of_discharge: 0.5
  VRBF:
    cost: 224.825
    lifetime: 18.0505
    annual_cost: 12.455333647267388
    efficiency: 0.756417
    discharge_ratio: 0.5
    depth_of_discharge: 1.0
