cost_values:
  wind_capex: 5000.0
  wind_opex: 100
  wind_lifetime: 20
  solar_capex: 1000.0
  solar_opex: 10
  solar_lifetime: 20
  carbon_price: 1.0
timeseries_values:
  load_level: 235626.6083122505
  wind_year: 2015
  solar_year: 2011
  price_year: 2023
  carbon_year: 2023
storage_values:
  CAES:
    cost: 44.6509
    lifetime: 25.9128
    annual_cost: 1.7231213917446204
    efficiency: 0.603232
    discharge_ratio: 0.1
    depth_of_discharge: 0.4
  Li-ion:
    cost: 140.796
    lifetime: 19.9983
    annual_cost: 7.040398433866878
    efficiency: 0.915298
    discharge_ratio: 2
    depth_of_discharge: 0.9
  Pb-acid:
    cost: 171.738
    lifetime: 8.02875
    annual_cost: 21.390378327884164
    efficiency: 0.688257
    discharge_ratio: 5
    depth_of_discharge: 0.5
  VRBF:
    cost: 194.14
    lifetime: 16.4493
    annual_cost: 11.80232593484221
    efficiency: 0.784327
    discharge_ratio: 0.5
    depth_of_discharge: 1.0
