cost_values:
  wind_capex: 5000.0
  wind_opex: 100
  wind_lifetime: 20
  solar_capex: 1000.0
  solar_opex: 10
  solar_lifetime: 20
  carbon_price: 1.0
timeseries_values:
  load_level: 235626.6083122505
  wind_year: 2015
  solar_year: 2011
  price_year: 2023
  carbon_year: 2023
storage_values:
  CAES:
    cost: 48.7628
    lifetime: 25.9075
    annual_cost: 1.8821885554376145
    efficiency: 0.592878
    discharge_ratio: 0.1
    depth_of_discharge: 0.4
  Li-ion:
    cost: 110.767
    lifetime: 18.1971
    annual_cost: 6.087068818657918
    efficiency: 0.937043
    discharge_ratio: 2
    depth_of_discharge: 0.9
  Pb-acid:
    cost: 167.602
    lifetime: 6.09553
    annual_cost: 27.495886329818735
    efficiency: 0.681961
    discharge_ratio: 5
    depth_of_discharge: 0.5
  VRBF:
    cost: 175.725
    lifetime: 17.3047
    annual_cost: 10.154755644420302
    efficiency: 0.769491
    discharge_ratio: 0.5
    depth_of_discharge: 1.0
