cost_values:
  wind_capex: 5000.0
  wind_opex: 100
  wind_lifetime: 20
  solar_capex: 1000.0
  solar_opex: 10
  solar_lifetime: 20
  carbon_price: 1.0
timeseries_values:
  load_level: 235626.6083122505
  wind_year: 2015
  solar_year: 2011
  price_year: 2023
  carbon_year: 2023
storage_values:
  CAES:
    cost: 57.8159
    lifetime: 27.4436
    annual_cost: 2.106717048783687
    efficiency: 0.591404
    discharge_ratio: 0.1
    depth_of_discharge: 0.4
  Li-ion:
    cost: 128.233
    lifetime: 18.0513
    annual_cost: 7.1038096979164935
    efficiency: 0.930143
    discharge_ratio: 2
    depth_of_discharge: 0.9
  Pb-acid:
    cost: 167.193
    lifetime: 7.40392
    annual_cost: 22.58168645798442
    efficiency: 0.67127
    discharge_ratio: 5
    depth_of_discharge: 0.5
  VRBF:
    cost: 180.778
    lifetime: 17.5001
    annual_cost: 10.330112399357718
    efficiency: 0.790939
    discharge_ratio: 0.5
    depth_of_discharge: 1.0
