cost_values:
  wind_capex: 5000.0
  wind_opex: 100
  wind_lifetime: 20
  solar_capex: 1000.0
  solar_opex: 10
  solar_lifetime: 20
  carbon_price: 1.0
timeseries_values:
  load_level: 266971.0706409207
  wind_year: 2014
  solar_year: 2016
  price_year: 2023
  carbon_year: 2023
storage_values:
  CAES:
    cost: 42.9224
    lifetime: 24.1665
    annual_cost: 1.776111559390065
    efficiency: 0.618791
    discharge_ratio: 0.1
    depth_of_discharge: 0.4
  Li-ion:
    cost: 140.743
    lifetime: 24.3111
    annual_cost: 5.789248532563315
    efficiency: 0.967878
    discharge_ratio: 2
    depth_of_discharge: 0.9
  Pb-acid:
    cost: 131.369
    lifetime: 5.92422
    annual_cost: 22.17490235001401
    efficiency: 0.761351
    discharge_ratio: 5
    depth_of_discharge: 0.5
  VRBF:
    cost: 232.359
    lifetime: 20.8967
    annual_cost: 11.119411198897435
    efficiency: 0.772168
    discharge_ratio: 0.5
    depth_of_discharge: 1.0
