cost_values:
  wind_capex: 5000.0
  wind_opex: 100
  wind_lifetime: 20
  solar_capex: 1000.0
  solar_opex: 10
  solar_lifetime: 20
  carbon_price: 1.0
timeseries_values:
  load_level: 266971.0706409207
  wind_year: 2014
  solar_year: 2016
  price_year: 2023
  carbon_year: 2023
storage_values:
  CAES:
    cost: 40.4822
    lifetime: 23.4443
    annual_cost: 1.7267395486322903
    efficiency: 0.604878
    discharge_ratio: 0.1
    depth_of_discharge: 0.4
  Li-ion:
    cost: 154.192
    lifetime: 26.0181
    annual_cost: 5.926335896933289
    efficiency: 0.947988
    discharge_ratio: 2
    depth_of_discharge: 0.9
  Pb-acid:
    cost: 130.792
    lifetime: 6.04631
    annual_cost: 21.631705949579164
    efficiency: 0.761972
    discharge_ratio: 5
    depth_of_discharge: 0.5
  VRBF:
    cost: 283.589
    lifetime: 21.9011
    annual_cost: 12.948619019136025
    efficiency: 0.802865
    discharge_ratio: 0.5
    depth_of_discharge: 1.0
