cost_values:
  wind_capex: 5000.0
  wind_opex: 100
  wind_lifetime: 20
  solar_capex: 1000.0
  solar_opex: 10
  solar_lifetime: 20
  carbon_price: 1.0
timeseries_values:
  load_level: 266971.0706409207
  wind_year: 2014
  solar_year: 2016
  price_year: 2023
  carbon_year: 2023
storage_values:
  CAES:
    cost: 42.4886
    lifetime: 23.2059
    annual_cost: 1.8309395455466067
    efficiency: 0.610942
    discharge_ratio: 0.1
    depth_of_discharge: 0.4
  Li-ion:
    cost: 155.89
    lifetime: 27.3367
    annual_cost: 5.702590290708095
    efficiency: 0.960819
    discharge_ratio: 2
    depth_of_discharge: 0.9
  Pb-acid:
    cost: 126.243
    lifetime: 6.54314
    annual_cost: 19.29394755423237
    efficiency: 0.751079
    discharge_ratio: 5
    depth_of_discharge: 0.5
  VRBF:
    cost: 252.12
    lifetime: 20.3922
    annual_cost: 12.363550769411836
    efficiency: 0.793225
    discharge_ratio: 0.5
    depth_of_discharge: 1.0
