cost_values:
  wind_capex: 5000.0
  wind_opex: 100
  wind_lifetime: 20
  solar_capex: 1000.0
  solar_opex: 10
  solar_lifetime: 20
  carbon_price: 1.0
timeseries_values:
  load_level: 266971.0706409207
  wind_year: 2014
  solar_year: 2016
  price_year: 2023
  carbon_year: 2023
storage_values:
  CAES:
    cost: 35.3345
    lifetime: 23.5092
    annual_cost: 1.5030073332993041
    efficiency: 0.612199
    discharge_ratio: 0.1
    depth_of_discharge: 0.4
  Li-ion:
    cost: 152.492
    lifetime: 25.0846
    annual_cost: 6.079108297521189
    efficiency: 0.961565
    discharge_ratio: 2
    depth_of_discharge: 0.9
  Pb-acid:
    cost: 132.698
    lifetime: 6.00617
    annual_cost: 22.093613733876996
    efficiency: 0.77158
    discharge_ratio: 5
    depth_of_discharge: 0.5
  VRBF:
    cost: 269.458
    lifetime: 20.7264
    annual_cost: 13.000714065153621
    efficiency: 0.77843
    discharge_ratio: 0.5
    depth_of_discharge: 1.0
