cost_values:
  wind_capex: 5000.0
  wind_opex: 100
  wind_lifetime: 20
  solar_capex: 1000.0
  solar_opex: 10
  solar_lifetime: 20
  carbon_price: 1.0
timeseries_values:
  load_level: 266971.0706409207
  wind_year: 2014
  solar_year: 2016
  price_year: 2023
  carbon_year: 2023
storage_values:
  CAES:
    cost: 37.4823
    lifetime: 23.793
    annual_cost: 1.575349892825621
    efficiency: 0.619137
    discharge_ratio: 0.1
    depth_of_discharge: 0.4
  Li-ion:
    cost: 153.082
    lifetime: 26.3226
    annual_cost: 5.815610919893931
    efficiency: 0.952458
    discharge_ratio: 2
    depth_of_discharge: 0.9
  Pb-acid:
    cost: 113.664
    lifetime: 5.67659
    annual_cost: 20.023288629265103
    efficiency: 0.765184
    discharge_ratio: 5
    depth_of_discharge: 0.5
  VRBF:
    cost: 258.688
    lifetime: 20.534
    annual_cost: 12.598032531411318
    efficiency: 0.795594
    discharge_ratio: 0.5
    depth_of_discharge: 1.0
