cost_values:
  wind_capex: 5000.0
  wind_opex: 100
  wind_lifetime: 20
  solar_capex: 1000.0
  solar_opex: 10
  solar_lifetime: 20
  carbon_price: 1.0
timeseries_values:
  load_level: 266971.0706409207
  wind_year: 2014
  solar_year: 2016
  price_year: 2023
  carbon_year: 2023
storage_values:
  CAES:
    cost: 42.0162
    lifetime: 24.4638
    annual_cost: 1.717484609913423
    efficiency: 0.608291
    discharge_ratio: 0.1
    depth_of_discharge: 0.4
  Li-ion:
    cost: 142.684
    lifetime: 28.1602
    annual_cost: 5.066867422816599
    efficiency: 0.959784
    discharge_ratio: 2
    depth_of_discharge: 0.9
  Pb-acid:
    cost: 94.4056
    lifetime: 6.09781
    annual_cost: 15.48188611977087
    efficiency: 0.773031
    discharge_ratio: 5
    depth_of_discharge: 0.5
  VRBF:
    cost: 277.647
    lifetime: 22.305
    annual_cost: 12.447747141896436
    efficiency: 0.778694
    discharge_ratio: 0.5
    depth_of_discharge: 1.0
