cost_values:
  wind_capex: 5000.0
  wind_opex: 100
  wind_lifetime: 20
  solar_capex: 1000.0
  solar_opex: 10
  solar_lifetime: 20
  carbon_price: 1.0
timeseries_values:
  load_level: 266971.0706409207
  wind_year: 2014
  solar_year: 2016
  price_year: 2023
  carbon_year: 2023
storage_values:
  CAES:
    cost: 45.7648
    lifetime: 23.3043
    annual_cost: 1.9637920898718262
    efficiency: 0.622079
    discharge_ratio: 0.1
    depth_of_discharge: 0.4
  Li-ion:
    cost: 135.307
    lifetime: 25.8049
    annual_cost: 5.243461513123476
    efficiency: 0.955892
    discharge_ratio: 2
    depth_of_discharge: 0.9
  Pb-acid:
    cost: 122.873
    lifetime: 5.40847
    annual_cost: 22.718624675740088
    efficiency: 0.758581
    discharge_ratio: 5
    depth_of_discharge: 0.5
  VRBF:
    cost: 283.034
    lifetime: 22.3881
    annual_cost: 12.642162577440693
    efficiency: 0.76654
    discharge_ratio: 0.5
    depth_of_discharge: 1.0
