cost_values:
  wind_capex: 5000.0
  wind_opex: 100
  wind_lifetime: 20
  solar_capex: 1000.0
  solar_opex: 10
  solar_lifetime: 20
  carbon_price: 1.0
timeseries_values:
  load_level: 266971.0706409207
  wind_year: 2014
  solar_year: 2016
  price_year: 2023
  carbon_year: 2023
storage_values:
  CAES:
    cost: 43.8388
    lifetime: 24.709
    annual_cost: 1.7742037314338905
    efficiency: 0.623825
    discharge_ratio: 0.1
    depth_of_discharge: 0.4
  Li-ion:
    cost: 114.659
    lifetime: 27.1239
    annual_cost: 4.227231334726938
    efficiency: 0.953866
    discharge_ratio: 2
    depth_of_discharge: 0.9
  Pb-acid:
    cost: 133.684
    lifetime: 5.75574
    annual_cost: 23.226205492256423
    efficiency: 0.750438
    discharge_ratio: 5
    depth_of_discharge: 0.5
  VRBF:
    cost: 243.885
    lifetime: 21.6813
    annual_cost: 11.248633615143003
    efficiency: 0.776432
    discharge_ratio: 0.5
    depth_of_discharge: 1.0
