cost_values:
  wind_capex: 5000.0
  wind_opex: 100
  wind_lifetime: 20
  solar_capex: 1000.0
  solar_opex: 10
  solar_lifetime: 20
  carbon_price: 1.0
timeseries_values:
  load_level: 266971.0706409207
  wind_year: 2014
  solar_year: 2016
  price_year: 2023
  carbon_year: 2023
storage_values:
  CAES:
    cost: 43.0923
    lifetime: 24.1613
    annual_cost: 1.783525720884224
    efficiency: 0.615193
    discharge_ratio: 0.1
    depth_of_discharge: 0.4
  Li-ion:
    cost: 147.853
    lifetime: 25.0642
    annual_cost: 5.8989714413386425
    efficiency: 0.96044
    discharge_ratio: 2
    depth_of_discharge: 0.9
  Pb-acid:
    cost: 132.863
    lifetime: 5.21582
    annual_cost: 25.473079975919415
    efficiency: 0.766373
    discharge_ratio: 5
    depth_of_discharge: 0.5
  VRBF:
    cost: 287.165
    lifetime: 22.6857
    annual_cost: 12.658414772301494
    efficiency: 0.786108
    discharge_ratio: 0.5
    depth_of_discharge: 1.0
