cost_values:
  wind_capex: 5000.0
  wind_opex: 100
  wind_lifetime: 20
  solar_capex: 1000.0
  solar_opex: 10
  solar_lifetime: 20
  carbon_price: 1.0
timeseries_values:
  load_level: 266971.0706409207
  wind_year: 2014
  solar_year: 2016
  price_year: 2023
  carbon_year: 2023
storage_values:
  CAES:
    cost: 40.0159
    lifetime: 24.3767
    annual_cost: 1.6415634601894433
    efficiency: 0.614196
    discharge_ratio: 0.1
    depth_of_discharge: 0.4
  Li-ion:
    cost: 147.808
    lifetime: 26.2963
    annual_cost: 5.6208668139624205
    efficiency: 0.960864
    discharge_ratio: 2
    depth_of_discharge: 0.9
  Pb-acid:
    cost: 127.228
    lifetime: 5.32302
    annual_cost: 23.901469466581002
    efficiency: 0.766657
    discharge_ratio: 5
    depth_of_discharge: 0.5
  VRBF:
    cost: 244.903
    lifetime: 21.2275
    annual_cost: 11.537062772347191
    efficiency: 0.783778
    discharge_ratio: 0.5
    depth_of_discharge: 1.0
