cost_values:
  wind_capex: 5000.0
  wind_opex: 100
  wind_lifetime: 20
  solar_capex: 1000.0
  solar_opex: 10
  solar_lifetime: 20
  carbon_price: 1.0
timeseries_values:
  load_level: 266971.0706409207
  wind_year: 2014
  solar_year: 2016
  price_year: 2023
  carbon_year: 2023
storage_values:
  CAES:
    cost: 39.901
    lifetime: 23.8638
    annual_cost: 1.6720304394103203
    efficiency: 0.606917
    discharge_ratio: 0.1
    depth_of_discharge: 0.4
  Li-ion:
    cost: 151.266
    lifetime: 28.4332
    annual_cost: 5.320048394130804
    efficiency: 0.958553
    discharge_ratio: 2
    depth_of_discharge: 0.9
  Pb-acid:
    cost: 140.63
    lifetime: 5.44389
    annual_cost: 25.83263071076014
    efficiency: 0.77196
    discharge_ratio: 5
    depth_of_discharge: 0.5
  VRBF:
    cost: 283.49
    lifetime: 19.8119
    annual_cost: 14.309076867943004
    efficiency: 0.79971
    discharge_ratio: 0.5
    depth_of_discharge: 1.0
