cost_values:
  wind_capex: 5000.0
  wind_opex: 100
  wind_lifetime: 20
  solar_capex: 1000.0
  solar_opex: 10
  solar_lifetime: 20
  carbon_price: 1.0
timeseries_values:
  load_level: 266971.0706409207
  wind_year: 2014
  solar_year: 2016
  price_year: 2023
  carbon_year: 2023
storage_values:
  CAES:
    cost: 41.6041
    lifetime: 23.7411
    annual_cost: 1.7524082708888806
    efficiency: 0.606525
    discharge_ratio: 0.1
    depth_of_discharge: 0.4
  Li-ion:
    cost: 141.129
    lifetime: 25.9436
    annual_cost: 5.439838727084907
    efficiency: 0.932446
    discharge_ratio: 2
    depth_of_discharge: 0.9
  Pb-acid:
    cost: 102.188
    lifetime: 5.33327
    annual_cost: 19.16047753067068
    efficiency: 0.751588
    discharge_ratio: 5
    depth_of_discharge: 0.5
  VRBF:
    cost: 251.682
    lifetime: 21.7251
    annual_cost: 11.584848861455182
    efficiency: 0.78791
    discharge_ratio: 0.5
    depth_of_discharge: 1.0
