cost_values:
  wind_capex: 5000.0
  wind_opex: 100
  wind_lifetime: 20
  solar_capex: 1000.0
  solar_opex: 10
  solar_lifetime: 20
  carbon_price: 1.0
timeseries_values:
  load_level: 266971.0706409207
  wind_year: 2014
  solar_year: 2016
  price_year: 2023
  carbon_year: 2023
storage_values:
  CAES:
    cost: 37.072
    lifetime: 23.9021
    annual_cost: 1.5509934273557555
    efficiency: 0.604972
    discharge_ratio: 0.1
    depth_of_discharge: 0.4
  Li-ion:
    cost: 143.999
    lifetime: 28.0914
    annual_cost: 5.12608841139993
    efficiency: 0.956903
    discharge_ratio: 2
    depth_of_discharge: 0.9
  Pb-acid:
    cost: 124.816
    lifetime: 5.76094
    annual_cost: 21.66590868851264
    efficiency: 0.762281
    discharge_ratio: 5
    depth_of_discharge: 0.5
  VRBF:
    cost: 248.523
    lifetime: 19.96
    annual_cost: 12.451052104208417
    efficiency: 0.765331
    discharge_ratio: 0.5
    depth_of_discharge: 1.0
