cost_values:
  wind_capex: 5000.0
  wind_opex: 100
  wind_lifetime: 20
  solar_capex: 1000.0
  solar_opex: 10
  solar_lifetime: 20
  carbon_price: 1.0
timeseries_values:
  load_level: 266971.0706409207
  wind_year: 2014
  solar_year: 2016
  price_year: 2023
  carbon_year: 2023
storage_values:
  CAES:
    cost: 40.1871
    lifetime: 23.5548
    annual_cost: 1.7061108563859595
    efficiency: 0.61843
    discharge_ratio: 0.1
    depth_of_discharge: 0.4
  Li-ion:
    cost: 136.508
    lifetime: 27.0497
    annual_cost: 5.046562438770116
    efficiency: 0.964904
    discharge_ratio: 2
    depth_of_discharge: 0.9
  Pb-acid:
    cost: 125.779
    lifetime: 5.30056
    annual_cost: 23.729379537256442
    efficiency: 0.772555
    discharge_ratio: 5
    depth_of_discharge: 0.5
  VRBF:
    cost: 255.191
    lifetime: 21.7123
    annual_cost: 11.753291912878876
    efficiency: 0.758713
    discharge_ratio: 0.5
    depth_of_discharge: 1.0
