cost_values:
  wind_capex: 5000.0
  wind_opex: 100
  wind_lifetime: 20
  solar_capex: 1000.0
  solar_opex: 10
  solar_lifetime: 20
  carbon_price: 1.0
timeseries_values:
  load_level: 266971.0706409207
  wind_year: 2014
  solar_year: 2016
  price_year: 2023
  carbon_year: 2023
storage_values:
  CAES:
    cost: 42.2276
    lifetime: 23.8276
    annual_cost: 1.7722137353321359
    efficiency: 0.612738
    discharge_ratio: 0.1
    depth_of_discharge: 0.4
  Li-ion:
    cost: 148.062
    lifetime: 24.2141
    annual_cost: 6.114701764674302
    efficiency: 0.96689
    discharge_ratio: 2
    depth_of_discharge: 0.9
  Pb-acid:
    cost: 141.774
    lifetime: 6.17424
    annual_cost: 22.962178340978
    efficiency: 0.77628
    discharge_ratio: 5
    depth_of_discharge: 0.5
  VRBF:
    cost: 266.101
    lifetime: 22.0168
    annual_cost: 12.0862704843574
    efficiency: 0.785824
    discharge_ratio: 0.5
    depth_of_discharge: 1.0
