cost_values:
  wind_capex: 5000.0
  wind_opex: 100
  wind_lifetime: 20
  solar_capex: 1000.0
  solar_opex: 10
  solar_lifetime: 20
  carbon_price: 1.0
timeseries_values:
  load_level: 266971.0706409207
  wind_year: 2014
  solar_year: 2016
  price_year: 2023
  carbon_year: 2023
storage_values:
  CAES:
    cost: 41.3488
    lifetime: 23.5332
    annual_cost: 1.7570411163802626
    efficiency: 0.619556
    discharge_ratio: 0.1
    depth_of_discharge: 0.4
  Li-ion:
    cost: 152.501
    lifetime: 28.6404
    annual_cost: 5.32468121953604
    efficiency: 0.95417
    discharge_ratio: 2
    depth_of_discharge: 0.9
  Pb-acid:
    cost: 124.018
    lifetime: 5.66626
    annual_cost: 21.887100133068373
    efficiency: 0.761846
    discharge_ratio: 5
    depth_of_discharge: 0.5
  VRBF:
    cost: 289.329
    lifetime: 20.0182
    annual_cost: 14.45329749927566
    efficiency: 0.810609
    discharge_ratio: 0.5
    depth_of_discharge: 1.0
