cost_values:
  wind_capex: 5000.0
  wind_opex: 100
  wind_lifetime: 20
  solar_capex: 1000.0
  solar_opex: 10
  solar_lifetime: 20
  carbon_price: 1.0
timeseries_values:
  load_level: 266971.0706409207
  wind_year: 2014
  solar_year: 2016
  price_year: 2023
  carbon_year: 2023
storage_values:
  CAES:
    cost: 43.7786
    lifetime: 23.7214
    annual_cost: 1.8455318826038936
    efficiency: 0.612654
    discharge_ratio: 0.1
    depth_of_discharge: 0.4
  Li-ion:
    cost: 158.156
    lifetime: 25.6231
    annual_cost: 6.172399124227748
    efficiency: 0.959601
    discharge_ratio: 2
    depth_of_discharge: 0.9
  Pb-acid:
    cost: 129.301
    lifetime: 6.83308
    annual_cost: 18.922799089136962
    efficiency: 0.756089
    discharge_ratio: 5
    depth_of_discharge: 0.5
  VRBF:
    cost: 270.786
    lifetime: 19.8431
    annual_cost: 13.646355660153908
    efficiency: 0.781859
    discharge_ratio: 0.5
    depth_of_discharge: 1.0
