cost_values:
  wind_capex: 5000.0
  wind_opex: 100
  wind_lifetime: 20
  solar_capex: 1000.0
  solar_opex: 10
  solar_lifetime: 20
  carbon_price: 1.0
timeseries_values:
  load_level: 266971.0706409207
  wind_year: 2014
  solar_year: 2016
  price_year: 2023
  carbon_year: 2023
storage_values:
  CAES:
    cost: 43.2131
    lifetime: 24.349
    annual_cost: 1.774738182266212
    efficiency: 0.610921
    discharge_ratio: 0.1
    depth_of_discharge: 0.4
  Li-ion:
    cost: 136.041
    lifetime: 26.9983
    annual_cost: 5.038872817918165
    efficiency: 0.962221
    discharge_ratio: 2
    depth_of_discharge: 0.9
  Pb-acid:
    cost: 132.102
    lifetime: 6.79904
    annual_cost: 19.42950769520403
    efficiency: 0.755256
    discharge_ratio: 5
    depth_of_discharge: 0.5
  VRBF:
    cost: 267.279
    lifetime: 21.977
    annual_cost: 12.161760021841015
    efficiency: 0.769253
    discharge_ratio: 0.5
    depth_of_discharge: 1.0
