cost_values:
  wind_capex: 5000.0
  wind_opex: 100
  wind_lifetime: 20
  solar_capex: 1000.0
  solar_opex: 10
  solar_lifetime: 20
  carbon_price: 1.0
timeseries_values:
  load_level: 266971.0706409207
  wind_year: 2014
  solar_year: 2016
  price_year: 2023
  carbon_year: 2023
storage_values:
  CAES:
    cost: 40.7037
    lifetime: 24.0954
    annual_cost: 1.689272641251027
    efficiency: 0.614632
    discharge_ratio: 0.1
    depth_of_discharge: 0.4
  Li-ion:
    cost: 156.017
    lifetime: 26.1407
    annual_cost: 5.968355858871415
    efficiency: 0.971131
    discharge_ratio: 2
    depth_of_discharge: 0.9
  Pb-acid:
    cost: 121.176
    lifetime: 6.10042
    annual_cost: 19.86355037849853
    efficiency: 0.772299
    discharge_ratio: 5
    depth_of_discharge: 0.5
  VRBF:
    cost: 247.538
    lifetime: 21.6203
    annual_cost: 11.44933234043931
    efficiency: 0.800139
    discharge_ratio: 0.5
    depth_of_discharge: 1.0
