cost_values:
  wind_capex: 5000.0
  wind_opex: 100
  wind_lifetime: 20
  solar_capex: 1000.0
  solar_opex: 10
  solar_lifetime: 20
  carbon_price: 1.0
timeseries_values:
  load_level: 266971.0706409207
  wind_year: 2014
  solar_year: 2016
  price_year: 2023
  carbon_year: 2023
storage_values:
  CAES:
    cost: 47.6242
    lifetime: 25.4187
    annual_cost: 1.8735891292631015
    efficiency: 0.614852
    discharge_ratio: 0.1
    depth_of_discharge: 0.4
  Li-ion:
    cost: 136.39
    lifetime: 26.0093
    annual_cost: 5.243893530391052
    efficiency: 0.942172
    discharge_ratio: 2
    depth_of_discharge: 0.9
  Pb-acid:
    cost: 122.432
    lifetime: 5.58236
    annual_cost: 21.931942762559203
    efficiency: 0.764683
    discharge_ratio: 5
    depth_of_discharge: 0.5
  VRBF:
    cost: 257.661
    lifetime: 20.5568
    annual_cost: 12.534100638231632
    efficiency: 0.785612
    discharge_ratio: 0.5
    depth_of_discharge: 1.0
