cost_values:
  wind_capex: 5000.0
  wind_opex: 100
  wind_lifetime: 20
  solar_capex: 1000.0
  solar_opex: 10
  solar_lifetime: 20
  carbon_price: 1.0
timeseries_values:
  load_level: 266971.0706409207
  wind_year: 2014
  solar_year: 2016
  price_year: 2023
  carbon_year: 2023
storage_values:
  CAES:
    cost: 44.6837
    lifetime: 23.9108
    annual_cost: 1.8687664151764058
    efficiency: 0.608977
    discharge_ratio: 0.1
    depth_of_discharge: 0.4
  Li-ion:
    cost: 150.613
    lifetime: 26.1132
    annual_cost: 5.767696031126021
    efficiency: 0.956665
    discharge_ratio: 2
    depth_of_discharge: 0.9
  Pb-acid:
    cost: 115.295
    lifetime: 8.30714
    annual_cost: 13.87902454996545
    efficiency: 0.768897
    discharge_ratio: 5
    depth_of_discharge: 0.5
  VRBF:
    cost: 276.68
    lifetime: 21.2164
    annual_cost: 13.040855187496465
    efficiency: 0.773382
    discharge_ratio: 0.5
    depth_of_discharge: 1.0
