cost_values:
  wind_capex: 5000.0
  wind_opex: 100
  wind_lifetime: 20
  solar_capex: 1000.0
  solar_opex: 10
  solar_lifetime: 20
  carbon_price: 1.0
timeseries_values:
  load_level: 266971.0706409207
  wind_year: 2014
  solar_year: 2016
  price_year: 2023
  carbon_year: 2023
storage_values:
  CAES:
    cost: 37.0482
    lifetime: 24.1477
    annual_cost: 1.5342330739573542
    efficiency: 0.614935
    discharge_ratio: 0.1
    depth_of_discharge: 0.4
  Li-ion:
    cost: 168.399
    lifetime: 24.9905
    annual_cost: 6.73852063784238
    efficiency: 0.959997
    discharge_ratio: 2
    depth_of_discharge: 0.9
  Pb-acid:
    cost: 115.695
    lifetime: 5.48801
    annual_cost: 21.081412023666136
    efficiency: 0.780553
    discharge_ratio: 5
    depth_of_discharge: 0.5
  VRBF:
    cost: 284.139
    lifetime: 22.2496
    annual_cost: 12.770521717244355
    efficiency: 0.801778
    discharge_ratio: 0.5
    depth_of_discharge: 1.0
