cost_values:
  wind_capex: 5000.0
  wind_opex: 100
  wind_lifetime: 20
  solar_capex: 1000.0
  solar_opex: 10
  solar_lifetime: 20
  carbon_price: 1.0
timeseries_values:
  load_level: 266971.0706409207
  wind_year: 2014
  solar_year: 2016
  price_year: 2023
  carbon_year: 2023
storage_values:
  CAES:
    cost: 36.7263
    lifetime: 23.6661
    annual_cost: 1.551852649993028
    efficiency: 0.604083
    discharge_ratio: 0.1
    depth_of_discharge: 0.4
  Li-ion:
    cost: 122.485
    lifetime: 26.0361
    annual_cost: 4.704429618875331
    efficiency: 0.955096
    discharge_ratio: 2
    depth_of_discharge: 0.9
  Pb-acid:
    cost: 109.854
    lifetime: 6.05556
    annual_cost: 18.14101420842994
    efficiency: 0.776478
    discharge_ratio: 5
    depth_of_discharge: 0.5
  VRBF:
    cost: 272.826
    lifetime: 21.4321
    annual_cost: 12.729783828929506
    efficiency: 0.779448
    discharge_ratio: 0.5
    depth_of_discharge: 1.0
