cost_values:
  wind_capex: 5000.0
  wind_opex: 100
  wind_lifetime: 20
  solar_capex: 1000.0
  solar_opex: 10
  solar_lifetime: 20
  carbon_price: 1.0
timeseries_values:
  load_level: 266971.0706409207
  wind_year: 2014
  solar_year: 2016
  price_year: 2023
  carbon_year: 2023
storage_values:
  CAES:
    cost: 43.087
    lifetime: 25.0027
    annual_cost: 1.7232938842605
    efficiency: 0.613003
    discharge_ratio: 0.1
    depth_of_discharge: 0.4
  Li-ion:
    cost: 143.161
    lifetime: 27.1517
    annual_cost: 5.272634862642118
    efficiency: 0.970186
    discharge_ratio: 2
    depth_of_discharge: 0.9
  Pb-acid:
    cost: 122.958
    lifetime: 6.35821
    annual_cost: 19.33846161105091
    efficiency: 0.776913
    discharge_ratio: 5
    depth_of_discharge: 0.5
  VRBF:
    cost: 244.223
    lifetime: 22.0182
    annual_cost: 11.091869453452144
    efficiency: 0.762893
    discharge_ratio: 0.5
    depth_of_discharge: 1.0
