cost_values:
  wind_capex: 5000.0
  wind_opex: 100
  wind_lifetime: 20
  solar_capex: 1000.0
  solar_opex: 10
  solar_lifetime: 20
  carbon_price: 1.0
timeseries_values:
  load_level: 266971.0706409207
  wind_year: 2014
  solar_year: 2016
  price_year: 2023
  carbon_year: 2023
storage_values:
  CAES:
    cost: 41.7451
    lifetime: 23.9837
    annual_cost: 1.740561297881478
    efficiency: 0.617359
    discharge_ratio: 0.1
    depth_of_discharge: 0.4
  Li-ion:
    cost: 147.083
    lifetime: 27.1779
    annual_cost: 5.411860371846243
    efficiency: 0.953367
    discharge_ratio: 2
    depth_of_discharge: 0.9
  Pb-acid:
    cost: 99.3057
    lifetime: 5.91302
    annual_cost: 16.794413007228115
    efficiency: 0.76917
    discharge_ratio: 5
    depth_of_discharge: 0.5
  VRBF:
    cost: 271.45
    lifetime: 20.1289
    annual_cost: 13.48558540208357
    efficiency: 0.77835
    discharge_ratio: 0.5
    depth_of_discharge: 1.0
