cost_values:
  wind_capex: 5000.0
  wind_opex: 100
  wind_lifetime: 20
  solar_capex: 1000.0
  solar_opex: 10
  solar_lifetime: 20
  carbon_price: 1.0
timeseries_values:
  load_level: 266971.0706409207
  wind_year: 2014
  solar_year: 2016
  price_year: 2023
  carbon_year: 2023
storage_values:
  CAES:
    cost: 39.9063
    lifetime: 24.1265
    annual_cost: 1.6540443081259197
    efficiency: 0.619268
    discharge_ratio: 0.1
    depth_of_discharge: 0.4
  Li-ion:
    cost: 132.888
    lifetime: 27.2463
    annual_cost: 4.877286090221425
    efficiency: 0.96222
    discharge_ratio: 2
    depth_of_discharge: 0.9
  Pb-acid:
    cost: 148.995
    lifetime: 5.73839
    annual_cost: 25.964599826780685
    efficiency: 0.777672
    discharge_ratio: 5
    depth_of_discharge: 0.5
  VRBF:
    cost: 278.453
    lifetime: 20.2351
    annual_cost: 13.76089072947502
    efficiency: 0.77945
    discharge_ratio: 0.5
    depth_of_discharge: 1.0
