cost_values:
  wind_capex: 5000.0
  wind_opex: 100
  wind_lifetime: 20
  solar_capex: 1000.0
  solar_opex: 10
  solar_lifetime: 20
  carbon_price: 1.0
timeseries_values:
  load_level: 266971.0706409207
  wind_year: 2014
  solar_year: 2016
  price_year: 2023
  carbon_year: 2023
storage_values:
  CAES:
    cost: 36.5372
    lifetime: 23.2285
    annual_cost: 1.5729470262823686
    efficiency: 0.619601
    discharge_ratio: 0.1
    depth_of_discharge: 0.4
  Li-ion:
    cost: 130.447
    lifetime: 26.5078
    annual_cost: 4.921079833105727
    efficiency: 0.961598
    discharge_ratio: 2
    depth_of_discharge: 0.9
  Pb-acid:
    cost: 116.382
    lifetime: 5.27071
    annual_cost: 22.08089612215432
    efficiency: 0.767817
    discharge_ratio: 5
    depth_of_discharge: 0.5
  VRBF:
    cost: 276.674
    lifetime: 20.1007
    annual_cost: 13.764396264806697
    efficiency: 0.789571
    discharge_ratio: 0.5
    depth_of_discharge: 1.0
