cost_values:
  wind_capex: 5000.0
  wind_opex: 100
  wind_lifetime: 20
  solar_capex: 1000.0
  solar_opex: 10
  solar_lifetime: 20
  carbon_price: 1.0
timeseries_values:
  load_level: 266971.0706409207
  wind_year: 2014
  solar_year: 2016
  price_year: 2023
  carbon_year: 2023
storage_values:
  CAES:
    cost: 44.4461
    lifetime: 23.6801
    annual_cost: 1.8769388642784448
    efficiency: 0.61837
    discharge_ratio: 0.1
    depth_of_discharge: 0.4
  Li-ion:
    cost: 154.6
    lifetime: 24.0993
    annual_cost: 6.415124090741225
    efficiency: 0.948465
    discharge_ratio: 2
    depth_of_discharge: 0.9
  Pb-acid:
    cost: 114.246
    lifetime: 6.88053
    annual_cost: 16.6042441497966
    efficiency: 0.765037
    discharge_ratio: 5
    depth_of_discharge: 0.5
  VRBF:
    cost: 273.977
    lifetime: 22.3466
    annual_cost: 12.260343855441096
    efficiency: 0.802279
    discharge_ratio: 0.5
    depth_of_discharge: 1.0
