cost_values:
  wind_capex: 5000.0
  wind_opex: 100
  wind_lifetime: 20
  solar_capex: 1000.0
  solar_opex: 10
  solar_lifetime: 20
  carbon_price: 1.0
timeseries_values:
  load_level: 266971.0706409207
  wind_year: 2014
  solar_year: 2016
  price_year: 2023
  carbon_year: 2023
storage_values:
  CAES:
    cost: 42.9265
    lifetime: 23.3945
    annual_cost: 1.8348970911966487
    efficiency: 0.61453
    discharge_ratio: 0.1
    depth_of_discharge: 0.4
  Li-ion:
    cost: 123.24
    lifetime: 25.8576
    annual_cost: 4.76610358269909
    efficiency: 0.940608
    discharge_ratio: 2
    depth_of_discharge: 0.9
  Pb-acid:
    cost: 123.941
    lifetime: 6.32922
    annual_cost: 19.582349799817354
    efficiency: 0.775535
    discharge_ratio: 5
    depth_of_discharge: 0.5
  VRBF:
    cost: 263.521
    lifetime: 20.9981
    annual_cost: 12.549754501597764
    efficiency: 0.765397
    discharge_ratio: 0.5
    depth_of_discharge: 1.0
