cost_values:
  wind_capex: 5000.0
  wind_opex: 100
  wind_lifetime: 20
  solar_capex: 1000.0
  solar_opex: 10
  solar_lifetime: 20
  carbon_price: 1.0
timeseries_values:
  load_level: 266971.0706409207
  wind_year: 2014
  solar_year: 2016
  price_year: 2023
  carbon_year: 2023
storage_values:
  CAES:
    cost: 44.0653
    lifetime: 23.8719
    annual_cost: 1.8459066936439914
    efficiency: 0.609915
    discharge_ratio: 0.1
    depth_of_discharge: 0.4
  Li-ion:
    cost: 134.218
    lifetime: 27.8204
    annual_cost: 4.824445371022702
    efficiency: 0.953728
    discharge_ratio: 2
    depth_of_discharge: 0.9
  Pb-acid:
    cost: 122.397
    lifetime: 7.70007
    annual_cost: 15.895569780534464
    efficiency: 0.774511
    discharge_ratio: 5
    depth_of_discharge: 0.5
  VRBF:
    cost: 253.002
    lifetime: 21.3027
    annual_cost: 11.876522694306356
    efficiency: 0.783406
    discharge_ratio: 0.5
    depth_of_discharge: 1.0
