cost_values:
  wind_capex: 5000.0
  wind_opex: 100
  wind_lifetime: 20
  solar_capex: 1000.0
  solar_opex: 10
  solar_lifetime: 20
  carbon_price: 1.0
timeseries_values:
  load_level: 266971.0706409207
  wind_year: 2014
  solar_year: 2016
  price_year: 2023
  carbon_year: 2023
storage_values:
  CAES:
    cost: 40.0711
    lifetime: 24.3447
    annual_cost: 1.6459886546147622
    efficiency: 0.611532
    discharge_ratio: 0.1
    depth_of_discharge: 0.4
  Li-ion:
    cost: 141.662
    lifetime: 27.5585
    annual_cost: 5.140410399695194
    efficiency: 0.954167
    discharge_ratio: 2
    depth_of_discharge: 0.9
  Pb-acid:
    cost: 122.007
    lifetime: 5.28776
    annual_cost: 23.07347534683874
    efficiency: 0.766486
    discharge_ratio: 5
    depth_of_discharge: 0.5
  VRBF:
    cost: 231.624
    lifetime: 21.0662
    annual_cost: 10.99505368789815
    efficiency: 0.78285
    discharge_ratio: 0.5
    depth_of_discharge: 1.0
