cost_values:
  wind_capex: 5000.0
  wind_opex: 100
  wind_lifetime: 20
  solar_capex: 1000.0
  solar_opex: 10
  solar_lifetime: 20
  carbon_price: 1.0
timeseries_values:
  load_level: 266971.0706409207
  wind_year: 2014
  solar_year: 2016
  price_year: 2023
  carbon_year: 2023
storage_values:
  CAES:
    cost: 40.7388
    lifetime: 23.6241
    annual_cost: 1.7244593444829643
    efficiency: 0.609635
    discharge_ratio: 0.1
    depth_of_discharge: 0.4
  Li-ion:
    cost: 151.813
    lifetime: 26.8239
    annual_cost: 5.659616983361853
    efficiency: 0.950121
    discharge_ratio: 2
    depth_of_discharge: 0.9
  Pb-acid:
    cost: 117.26
    lifetime: 5.7358
    annual_cost: 20.44353010913909
    efficiency: 0.761914
    discharge_ratio: 5
    depth_of_discharge: 0.5
  VRBF:
    cost: 254.739
    lifetime: 20.3991
    annual_cost: 12.487756812800564
    efficiency: 0.790512
    discharge_ratio: 0.5
    depth_of_discharge: 1.0
