cost_values:
  wind_capex: 5000.0
  wind_opex: 100
  wind_lifetime: 20
  solar_capex: 1000.0
  solar_opex: 10
  solar_lifetime: 20
  carbon_price: 1.0
timeseries_values:
  load_level: 266971.0706409207
  wind_year: 2014
  solar_year: 2016
  price_year: 2023
  carbon_year: 2023
storage_values:
  CAES:
    cost: 36.7632
    lifetime: 23.6384
    annual_cost: 1.55523216461351
    efficiency: 0.613705
    discharge_ratio: 0.1
    depth_of_discharge: 0.4
  Li-ion:
    cost: 148.143
    lifetime: 23.2714
    annual_cost: 6.365882585491204
    efficiency: 0.942523
    discharge_ratio: 2
    depth_of_discharge: 0.9
  Pb-acid:
    cost: 103.367
    lifetime: 5.76289
    annual_cost: 17.936660252061035
    efficiency: 0.759035
    discharge_ratio: 5
    depth_of_discharge: 0.5
  VRBF:
    cost: 259.339
    lifetime: 19.7967
    annual_cost: 13.100112645036798
    efficiency: 0.787703
    discharge_ratio: 0.5
    depth_of_discharge: 1.0
