cost_values:
  wind_capex: 5000.0
  wind_opex: 100
  wind_lifetime: 20
  solar_capex: 1000.0
  solar_opex: 10
  solar_lifetime: 20
  carbon_price: 1.0
timeseries_values:
  load_level: 266971.0706409207
  wind_year: 2014
  solar_year: 2016
  price_year: 2023
  carbon_year: 2023
storage_values:
  CAES:
    cost: 41.9922
    lifetime: 24.0756
    annual_cost: 1.7441808303842892
    efficiency: 0.616796
    discharge_ratio: 0.1
    depth_of_discharge: 0.4
  Li-ion:
    cost: 133.538
    lifetime: 25.3747
    annual_cost: 5.262643499233489
    efficiency: 0.951473
    discharge_ratio: 2
    depth_of_discharge: 0.9
  Pb-acid:
    cost: 105.512
    lifetime: 6.92597
    annual_cost: 15.234255995911042
    efficiency: 0.766778
    discharge_ratio: 5
    depth_of_discharge: 0.5
  VRBF:
    cost: 267.437
    lifetime: 21.92
    annual_cost: 12.20059306569343
    efficiency: 0.784542
    discharge_ratio: 0.5
    depth_of_discharge: 1.0
