cost_values:
  wind_capex: 5000.0
  wind_opex: 100
  wind_lifetime: 20
  solar_capex: 1000.0
  solar_opex: 10
  solar_lifetime: 20
  carbon_price: 1.0
timeseries_values:
  load_level: 266971.0706409207
  wind_year: 2014
  solar_year: 2016
  price_year: 2023
  carbon_year: 2023
storage_values:
  CAES:
    cost: 35.351
    lifetime: 23.9134
    annual_cost: 1.4782925054571914
    efficiency: 0.605469
    discharge_ratio: 0.1
    depth_of_discharge: 0.4
  Li-ion:
    cost: 145.12
    lifetime: 24.3497
    annual_cost: 5.959827020456105
    efficiency: 0.946447
    discharge_ratio: 2
    depth_of_discharge: 0.9
  Pb-acid:
    cost: 132.473
    lifetime: 6.66734
    annual_cost: 19.86894323673309
    efficiency: 0.758263
    discharge_ratio: 5
    depth_of_discharge: 0.5
  VRBF:
    cost: 288.292
    lifetime: 20.7487
    annual_cost: 13.89446085778868
    efficiency: 0.780457
    discharge_ratio: 0.5
    depth_of_discharge: 1.0
