cost_values:
  wind_capex: 5000.0
  wind_opex: 100
  wind_lifetime: 20
  solar_capex: 1000.0
  solar_opex: 10
  solar_lifetime: 20
  carbon_price: 1.0
timeseries_values:
  load_level: 266971.0706409207
  wind_year: 2014
  solar_year: 2016
  price_year: 2023
  carbon_year: 2023
storage_values:
  CAES:
    cost: 42.3657
    lifetime: 24.5959
    annual_cost: 1.722470005163462
    efficiency: 0.602474
    discharge_ratio: 0.1
    depth_of_discharge: 0.4
  Li-ion:
    cost: 165.404
    lifetime: 28.6656
    annual_cost: 5.770121678946193
    efficiency: 0.957259
    discharge_ratio: 2
    depth_of_discharge: 0.9
  Pb-acid:
    cost: 138.472
    lifetime: 7.22166
    annual_cost: 19.174538817944907
    efficiency: 0.776642
    discharge_ratio: 5
    depth_of_discharge: 0.5
  VRBF:
    cost: 251.294
    lifetime: 22.1344
    annual_cost: 11.353097441087177
    efficiency: 0.793202
    discharge_ratio: 0.5
    depth_of_discharge: 1.0
