cost_values:
  wind_capex: 5000.0
  wind_opex: 100
  wind_lifetime: 20
  solar_capex: 1000.0
  solar_opex: 10
  solar_lifetime: 20
  carbon_price: 1.0
timeseries_values:
  load_level: 266971.0706409207
  wind_year: 2014
  solar_year: 2016
  price_year: 2023
  carbon_year: 2023
storage_values:
  CAES:
    cost: 40.0515
    lifetime: 23.3354
    annual_cost: 1.716340838382886
    efficiency: 0.617213
    discharge_ratio: 0.1
    depth_of_discharge: 0.4
  Li-ion:
    cost: 131.198
    lifetime: 26.4986
    annual_cost: 4.951129493633626
    efficiency: 0.95648
    discharge_ratio: 2
    depth_of_discharge: 0.9
  Pb-acid:
    cost: 117.244
    lifetime: 5.93815
    annual_cost: 19.74419642481244
    efficiency: 0.771519
    discharge_ratio: 5
    depth_of_discharge: 0.5
  VRBF:
    cost: 263.054
    lifetime: 22.0755
    annual_cost: 11.916106090462275
    efficiency: 0.770744
    discharge_ratio: 0.5
    depth_of_discharge: 1.0
