cost_values:
  wind_capex: 5000.0
  wind_opex: 100
  wind_lifetime: 20
  solar_capex: 1000.0
  solar_opex: 10
  solar_lifetime: 20
  carbon_price: 1.0
timeseries_values:
  load_level: 266971.0706409207
  wind_year: 2014
  solar_year: 2016
  price_year: 2023
  carbon_year: 2023
storage_values:
  CAES:
    cost: 41.3715
    lifetime: 24.4377
    annual_cost: 1.6929375514062288
    efficiency: 0.615744
    discharge_ratio: 0.1
    depth_of_discharge: 0.4
  Li-ion:
    cost: 142.727
    lifetime: 26.0941
    annual_cost: 5.469703879421019
    efficiency: 0.9561
    discharge_ratio: 2
    depth_of_discharge: 0.9
  Pb-acid:
    cost: 128.616
    lifetime: 5.36224
    annual_cost: 23.985498597601005
    efficiency: 0.766154
    discharge_ratio: 5
    depth_of_discharge: 0.5
  VRBF:
    cost: 248.813
    lifetime: 21.7069
    annual_cost: 11.462392142590604
    efficiency: 0.812477
    discharge_ratio: 0.5
    depth_of_discharge: 1.0
