cost_values:
  wind_capex: 5000.0
  wind_opex: 100
  wind_lifetime: 20
  solar_capex: 1000.0
  solar_opex: 10
  solar_lifetime: 20
  carbon_price: 1.0
timeseries_values:
  load_level: 266971.0706409207
  wind_year: 2014
  solar_year: 2016
  price_year: 2023
  carbon_year: 2023
storage_values:
  CAES:
    cost: 38.7139
    lifetime: 23.4077
    annual_cost: 1.6538959402247981
    efficiency: 0.611726
    discharge_ratio: 0.1
    depth_of_discharge: 0.4
  Li-ion:
    cost: 150.322
    lifetime: 24.635
    annual_cost: 6.101968743657398
    efficiency: 0.953722
    discharge_ratio: 2
    depth_of_discharge: 0.9
  Pb-acid:
    cost: 108.846
    lifetime: 6.7611
    annual_cost: 16.098859653015044
    efficiency: 0.775291
    discharge_ratio: 5
    depth_of_discharge: 0.5
  VRBF:
    cost: 236.261
    lifetime: 19.7906
    annual_cost: 11.938041292330702
    efficiency: 0.783777
    discharge_ratio: 0.5
    depth_of_discharge: 1.0
