cost_values:
  wind_capex: 5000.0
  wind_opex: 100
  wind_lifetime: 20
  solar_capex: 1000.0
  solar_opex: 10
  solar_lifetime: 20
  carbon_price: 1.0
timeseries_values:
  load_level: 266971.0706409207
  wind_year: 2014
  solar_year: 2016
  price_year: 2023
  carbon_year: 2023
storage_values:
  CAES:
    cost: 42.5165
    lifetime: 23.8107
    annual_cost: 1.7856047911233184
    efficiency: 0.619062
    discharge_ratio: 0.1
    depth_of_discharge: 0.4
  Li-ion:
    cost: 171.582
    lifetime: 27.5765
    annual_cost: 6.222036879226878
    efficiency: 0.948462
    discharge_ratio: 2
    depth_of_discharge: 0.9
  Pb-acid:
    cost: 130.052
    lifetime: 6.77035
    annual_cost: 19.20905123073401
    efficiency: 0.773551
    discharge_ratio: 5
    depth_of_discharge: 0.5
  VRBF:
    cost: 267.433
    lifetime: 20.4661
    annual_cost: 13.06712075090027
    efficiency: 0.776177
    discharge_ratio: 0.5
    depth_of_discharge: 1.0
