cost_values:
  wind_capex: 5000.0
  wind_opex: 100
  wind_lifetime: 20
  solar_capex: 1000.0
  solar_opex: 10
  solar_lifetime: 20
  carbon_price: 1.0
timeseries_values:
  load_level: 266971.0706409207
  wind_year: 2014
  solar_year: 2016
  price_year: 2023
  carbon_year: 2023
storage_values:
  CAES:
    cost: 37.8622
    lifetime: 24.2282
    annual_cost: 1.5627326834019861
    efficiency: 0.627503
    discharge_ratio: 0.1
    depth_of_discharge: 0.4
  Li-ion:
    cost: 145.511
    lifetime: 25.3632
    annual_cost: 5.737091534191269
    efficiency: 0.946267
    discharge_ratio: 2
    depth_of_discharge: 0.9
  Pb-acid:
    cost: 120.257
    lifetime: 5.05882
    annual_cost: 23.7717491430808
    efficiency: 0.779675
    discharge_ratio: 5
    depth_of_discharge: 0.5
  VRBF:
    cost: 283.528
    lifetime: 22.9151
    annual_cost: 12.372976770775603
    efficiency: 0.790091
    discharge_ratio: 0.5
    depth_of_discharge: 1.0
