cost_values:
  wind_capex: 5000.0
  wind_opex: 100
  wind_lifetime: 20
  solar_capex: 1000.0
  solar_opex: 10
  solar_lifetime: 20
  carbon_price: 1.0
timeseries_values:
  load_level: 266971.0706409207
  wind_year: 2014
  solar_year: 2016
  price_year: 2023
  carbon_year: 2023
storage_values:
  CAES:
    cost: 41.7791
    lifetime: 24.7338
    annual_cost: 1.689150069944772
    efficiency: 0.608002
    discharge_ratio: 0.1
    depth_of_discharge: 0.4
  Li-ion:
    cost: 130.732
    lifetime: 24.7612
    annual_cost: 5.2797118071822045
    efficiency: 0.965246
    discharge_ratio: 2
    depth_of_discharge: 0.9
  Pb-acid:
    cost: 125.653
    lifetime: 6.76733
    annual_cost: 18.567588694507286
    efficiency: 0.774351
    discharge_ratio: 5
    depth_of_discharge: 0.5
  VRBF:
    cost: 226.713
    lifetime: 19.655
    annual_cost: 11.534622233528363
    efficiency: 0.782524
    discharge_ratio: 0.5
    depth_of_discharge: 1.0
