cost_values:
  wind_capex: 5000.0
  wind_opex: 100
  wind_lifetime: 20
  solar_capex: 1000.0
  solar_opex: 10
  solar_lifetime: 20
  carbon_price: 1.0
timeseries_values:
  load_level: 266971.0706409207
  wind_year: 2014
  solar_year: 2016
  price_year: 2023
  carbon_year: 2023
storage_values:
  CAES:
    cost: 35.0267
    lifetime: 23.6592
    annual_cost: 1.48046848583215
    efficiency: 0.607364
    discharge_ratio: 0.1
    depth_of_discharge: 0.4
  Li-ion:
    cost: 118.857
    lifetime: 25.6221
    annual_cost: 4.638846932921189
    efficiency: 0.956724
    discharge_ratio: 2
    depth_of_discharge: 0.9
  Pb-acid:
    cost: 113.286
    lifetime: 5.8047
    annual_cost: 19.516254069977776
    efficiency: 0.779741
    discharge_ratio: 5
    depth_of_discharge: 0.5
  VRBF:
    cost: 255.266
    lifetime: 20.4223
    annual_cost: 12.499375682464755
    efficiency: 0.769903
    discharge_ratio: 0.5
    depth_of_discharge: 1.0
